  1.000  0.775  0.477  0.188 -0.233 -0.347 -0.344 -0.293 -0.296 -0.088 -0.157 -0.108 -0.066  0.224  0.278  0.589  0.574  0.541  0.332  0.140  0.059 -0.232 -0.379 -0.421 -0.320 -0.344 -0.440 -0.439 -0.410 -0.422 -0.434 -0.405 -0.349 -0.325 -0.371 -0.362 -0.351 -0.393 -0.308 -0.290 -0.398 -0.310 -0.441 -0.482 -0.411 -0.330 -0.387 -0.398 -0.457 -0.438 -0.473 -0.465 -0.418 -0.343 -0.160 -0.017  0.067 -0.100 -0.118  0.051  0.129  0.360  0.575  0.512  0.264 -0.009 -0.312 -0.477 -0.452 -0.334 -0.040  0.217  0.386  0.537  0.477  0.421
  0.775  1.000  0.634  0.355 -0.079 -0.242 -0.279 -0.310 -0.276 -0.078 -0.087  0.031  0.105  0.406  0.474  0.637  0.461  0.384  0.180 -0.003 -0.080 -0.334 -0.414 -0.438 -0.344 -0.294 -0.370 -0.385 -0.327 -0.329 -0.359 -0.331 -0.276 -0.257 -0.308 -0.304 -0.303 -0.326 -0.250 -0.289 -0.399 -0.261 -0.383 -0.447 -0.381 -0.316 -0.380 -0.381 -0.435 -0.426 -0.496 -0.497 -0.484 -0.441 -0.284 -0.122 -0.056 -0.224 -0.210 -0.038  0.081  0.303  0.526  0.577  0.301  0.063 -0.244 -0.421 -0.410 -0.301 -0.109  0.206  0.359  0.490  0.435  0.383
  0.477  0.634  1.000  0.657  0.242  0.054 -0.094 -0.221 -0.223  0.022  0.058  0.203  0.269  0.496  0.518  0.453  0.299  0.127 -0.042 -0.188 -0.210 -0.357 -0.338 -0.319 -0.305 -0.214 -0.198 -0.229 -0.182 -0.136 -0.159 -0.163 -0.120 -0.097 -0.136 -0.146 -0.156 -0.189 -0.123 -0.149 -0.220 -0.129 -0.205 -0.248 -0.237 -0.206 -0.240 -0.234 -0.260 -0.280 -0.344 -0.352 -0.389 -0.403 -0.340 -0.251 -0.202 -0.255 -0.207 -0.124 -0.059  0.114  0.332  0.463  0.308  0.301  0.080 -0.167 -0.188 -0.136 -0.046  0.182  0.198  0.232  0.201  0.183
  0.188  0.355  0.657  1.000  0.636  0.408  0.170 -0.101 -0.048  0.162  0.317  0.507  0.544  0.630  0.488  0.318  0.106 -0.123 -0.285 -0.403 -0.377 -0.425 -0.303 -0.249 -0.257 -0.110 -0.040 -0.074 -0.009  0.070  0.040  0.018  0.049  0.079  0.051  0.029 -0.002 -0.026  0.027 -0.027 -0.076  0.047  0.013 -0.050 -0.105 -0.124 -0.146 -0.125 -0.118 -0.179 -0.277 -0.290 -0.390 -0.464 -0.476 -0.416 -0.405 -0.410 -0.338 -0.304 -0.243 -0.126  0.092  0.336  0.255  0.513  0.342  0.104  0.054  0.056 -0.037  0.169  0.103 -0.023 -0.010 -0.011
 -0.233 -0.079  0.242  0.636  1.000  0.779  0.525  0.199  0.217  0.216  0.425  0.574  0.638  0.428  0.328  0.040 -0.118 -0.335 -0.422 -0.418 -0.315 -0.203 -0.011  0.066  0.006  0.143  0.263  0.237  0.270  0.346  0.325  0.280  0.262  0.264  0.278  0.249  0.207  0.223  0.249  0.200  0.219  0.311  0.357  0.297  0.156  0.066  0.097  0.123  0.188  0.107  0.044  0.037 -0.077 -0.201 -0.327 -0.384 -0.441 -0.349 -0.296 -0.377 -0.374 -0.394 -0.315 -0.114 -0.063  0.348  0.550  0.488  0.472  0.340 -0.016  0.001 -0.201 -0.426 -0.391 -0.350
 -0.347 -0.242  0.054  0.408  0.779  1.000  0.667  0.360  0.326  0.219  0.390  0.495  0.477  0.237  0.132 -0.117 -0.207 -0.372 -0.404 -0.368 -0.264 -0.110  0.062  0.121  0.046  0.141  0.250  0.225  0.241  0.307  0.296  0.251  0.226  0.228  0.249  0.232  0.224  0.272  0.293  0.266  0.301  0.375  0.425  0.384  0.229  0.122  0.165  0.176  0.247  0.175  0.141  0.124  0.034 -0.071 -0.220 -0.296 -0.360 -0.242 -0.192 -0.297 -0.323 -0.402 -0.365 -0.210 -0.112  0.315  0.527  0.600  0.570  0.411  0.028 -0.059 -0.303 -0.509 -0.441 -0.384
 -0.344 -0.279 -0.094  0.170  0.525  0.667  1.000  0.748  0.620  0.129  0.284  0.312  0.343  0.118  0.048 -0.135 -0.189 -0.294 -0.320 -0.262 -0.176 -0.042  0.076  0.117  0.075  0.159  0.229  0.216  0.217  0.261  0.263  0.217  0.161  0.151  0.198  0.197  0.211  0.302  0.382  0.300  0.314  0.459  0.460  0.390  0.206  0.107  0.173  0.141  0.219  0.140  0.109  0.100  0.065 -0.006 -0.141 -0.218 -0.264 -0.156 -0.132 -0.230 -0.288 -0.387 -0.383 -0.302 -0.246  0.062  0.316  0.597  0.582  0.401 -0.039 -0.099 -0.370 -0.529 -0.459 -0.393
 -0.293 -0.310 -0.221 -0.101  0.199  0.360  0.748  1.000  0.694  0.046  0.078 -0.004 -0.031 -0.190 -0.178 -0.227 -0.178 -0.144 -0.113 -0.029  0.005  0.103  0.095  0.105  0.081  0.040  0.068  0.084  0.035  0.041  0.071  0.026 -0.025 -0.024  0.024  0.059  0.116  0.206  0.289  0.254  0.263  0.336  0.304  0.281  0.146  0.081  0.136  0.099  0.149  0.116  0.151  0.129  0.180  0.179  0.085  0.008 -0.005  0.087  0.078 -0.000 -0.080 -0.213 -0.276 -0.303 -0.231 -0.101  0.165  0.445  0.436  0.279  0.029 -0.119 -0.314 -0.401 -0.345 -0.291
 -0.296 -0.276 -0.223 -0.048  0.217  0.326  0.620  0.694  1.000  0.339  0.350  0.221  0.133 -0.045 -0.087 -0.167 -0.174 -0.183 -0.172 -0.111 -0.072  0.025  0.054  0.066  0.053  0.061  0.074  0.081  0.069  0.074  0.093  0.059  0.005 -0.003  0.031  0.042  0.093  0.167  0.247  0.198  0.150  0.308  0.286  0.237  0.125  0.062  0.106  0.088  0.138  0.096  0.095  0.076  0.091  0.071 -0.019 -0.074 -0.099 -0.023 -0.021 -0.085 -0.140 -0.243 -0.294 -0.286 -0.225 -0.085  0.111  0.363  0.365  0.217 -0.112 -0.135 -0.321 -0.435 -0.317 -0.258
 -0.088 -0.078  0.022  0.162  0.216  0.219  0.129  0.046  0.339  1.000  0.703  0.483  0.295  0.206  0.091  0.026 -0.054 -0.171 -0.227 -0.249 -0.207 -0.180 -0.075 -0.035 -0.053  0.009  0.070  0.061  0.095  0.132  0.122  0.131  0.155  0.168  0.137  0.081  0.049  0.058  0.061 -0.006 -0.005  0.054  0.089  0.032 -0.021 -0.032 -0.035  0.001  0.031 -0.014 -0.069 -0.063 -0.152 -0.219 -0.251 -0.251 -0.267 -0.254 -0.219 -0.232 -0.219 -0.185 -0.126 -0.070 -0.114  0.037  0.020  0.038  0.067  0.053 -0.042  0.032 -0.006 -0.239 -0.173 -0.158
 -0.157 -0.087  0.058  0.317  0.425  0.390  0.284  0.078  0.350  0.703  1.000  0.765  0.581  0.400  0.210  0.057 -0.081 -0.256 -0.340 -0.369 -0.308 -0.263 -0.109 -0.048 -0.073  0.036  0.120  0.110  0.166  0.227  0.215  0.212  0.239  0.265  0.240  0.165  0.106  0.084  0.109  0.030  0.011  0.109  0.139  0.061 -0.022 -0.044 -0.033 -0.002  0.040 -0.025 -0.095 -0.087 -0.202 -0.299 -0.359 -0.364 -0.401 -0.365 -0.307 -0.341 -0.326 -0.299 -0.215 -0.097 -0.144  0.087  0.093  0.129  0.161  0.106 -0.102  0.025 -0.077 -0.298 -0.213 -0.181
 -0.108  0.031  0.203  0.507  0.574  0.495  0.312 -0.004  0.221  0.483  0.765  1.000  0.806  0.632  0.387  0.166 -0.029 -0.282 -0.412 -0.478 -0.390 -0.353 -0.145 -0.075 -0.095  0.072  0.160  0.132  0.202  0.263  0.238  0.231  0.241  0.252  0.236  0.172  0.128  0.109  0.122  0.034  0.003  0.140  0.167  0.067 -0.014 -0.050 -0.045 -0.020  0.021 -0.057 -0.165 -0.149 -0.301 -0.425 -0.484 -0.459 -0.513 -0.499 -0.421 -0.437 -0.378 -0.312 -0.189 -0.010 -0.066  0.181  0.153  0.175  0.175  0.124 -0.118  0.060 -0.035 -0.273 -0.185 -0.158
 -0.066  0.105  0.269  0.544  0.638  0.477  0.343 -0.031  0.133  0.295  0.581  0.806  1.000  0.789  0.560  0.278  0.052 -0.239 -0.395 -0.457 -0.350 -0.319 -0.110 -0.022 -0.039  0.141  0.228  0.198  0.265  0.324  0.288  0.277  0.277  0.273  0.266  0.201  0.151  0.153  0.157  0.020 -0.003  0.134  0.162  0.063 -0.014 -0.037 -0.031 -0.010  0.021 -0.060 -0.161 -0.123 -0.271 -0.414 -0.475 -0.468 -0.527 -0.518 -0.466 -0.487 -0.433 -0.358 -0.227 -0.030 -0.104  0.151  0.152  0.170  0.177  0.118 -0.204  0.012 -0.075 -0.268 -0.192 -0.158
  0.224  0.406  0.496  0.630  0.428  0.237  0.118 -0.190 -0.045  0.206  0.400  0.632  0.789  1.000  0.761  0.519  0.250 -0.052 -0.257 -0.393 -0.335 -0.414 -0.261 -0.195 -0.179  0.001  0.044 -0.001  0.076  0.127  0.078  0.073  0.104  0.116  0.080  0.038 -0.004 -0.009  0.015 -0.128 -0.191 -0.031 -0.057 -0.169 -0.188 -0.167 -0.196 -0.179 -0.181 -0.245 -0.360 -0.313 -0.440 -0.549 -0.530 -0.457 -0.475 -0.542 -0.499 -0.441 -0.349 -0.182  0.024  0.222  0.056  0.191 -0.001 -0.085 -0.079 -0.068 -0.221  0.106  0.103  0.014  0.066  0.076
  0.278  0.474  0.518  0.488  0.328  0.132  0.048 -0.178 -0.087  0.091  0.210  0.387  0.560  0.761  1.000  0.692  0.398  0.088 -0.144 -0.245 -0.161 -0.248 -0.154 -0.097 -0.076  0.071  0.080  0.026  0.078  0.112  0.054  0.038  0.064  0.066  0.033  0.014 -0.027 -0.010  0.019 -0.122 -0.160 -0.042 -0.075 -0.173 -0.190 -0.149 -0.176 -0.160 -0.176 -0.220 -0.283 -0.214 -0.294 -0.394 -0.373 -0.339 -0.368 -0.433 -0.431 -0.388 -0.312 -0.160  0.047  0.184 -0.005  0.084 -0.031 -0.116 -0.101 -0.092 -0.238  0.048  0.051  0.029  0.042  0.060
  0.589  0.637  0.453  0.318  0.040 -0.117 -0.135 -0.227 -0.167  0.026  0.057  0.166  0.278  0.519  0.692  1.000  0.667  0.380  0.126 -0.012  0.010 -0.206 -0.241 -0.227 -0.162 -0.118 -0.147 -0.180 -0.161 -0.146 -0.182 -0.190 -0.147 -0.124 -0.164 -0.161 -0.186 -0.193 -0.126 -0.209 -0.286 -0.172 -0.254 -0.348 -0.342 -0.271 -0.309 -0.293 -0.315 -0.338 -0.385 -0.329 -0.353 -0.372 -0.254 -0.174 -0.153 -0.288 -0.329 -0.231 -0.145  0.051  0.298  0.318  0.037 -0.039 -0.228 -0.322 -0.279 -0.204 -0.163  0.142  0.228  0.257  0.235  0.218
  0.574  0.461  0.299  0.106 -0.118 -0.207 -0.189 -0.178 -0.174 -0.054 -0.081 -0.029  0.052  0.250  0.398  0.667  1.000  0.721  0.388  0.251  0.320  0.032 -0.092 -0.099 -0.045 -0.110 -0.159 -0.175 -0.204 -0.210 -0.235 -0.253 -0.220 -0.202 -0.230 -0.214 -0.214 -0.219 -0.174 -0.198 -0.244 -0.217 -0.290 -0.328 -0.309 -0.224 -0.248 -0.247 -0.271 -0.273 -0.254 -0.185 -0.152 -0.131  0.012  0.066  0.059 -0.078 -0.150 -0.088 -0.026  0.099  0.260  0.186  0.018 -0.128 -0.269 -0.324 -0.290 -0.218 -0.123  0.045  0.173  0.249  0.202  0.179
  0.541  0.384  0.127 -0.123 -0.335 -0.372 -0.294 -0.144 -0.183 -0.171 -0.256 -0.282 -0.239 -0.052  0.088  0.380  0.721  1.000  0.722  0.572  0.521  0.170 -0.092 -0.146 -0.042 -0.219 -0.340 -0.311 -0.355 -0.398 -0.400 -0.401 -0.367 -0.352 -0.379 -0.350 -0.330 -0.350 -0.276 -0.227 -0.289 -0.285 -0.394 -0.396 -0.346 -0.253 -0.277 -0.302 -0.333 -0.299 -0.234 -0.191 -0.058  0.053  0.258  0.335  0.389  0.230  0.127  0.213  0.203  0.239  0.307  0.168  0.056 -0.217 -0.348 -0.404 -0.362 -0.280 -0.052  0.041  0.219  0.387  0.306  0.262
  0.332  0.180 -0.042 -0.285 -0.422 -0.404 -0.320 -0.113 -0.172 -0.227 -0.340 -0.412 -0.395 -0.257 -0.144  0.126  0.388  0.722  1.000  0.758  0.551  0.257 -0.022 -0.102 -0.034 -0.250 -0.357 -0.311 -0.376 -0.430 -0.403 -0.398 -0.378 -0.367 -0.380 -0.345 -0.310 -0.330 -0.267 -0.175 -0.221 -0.258 -0.355 -0.328 -0.260 -0.199 -0.214 -0.238 -0.248 -0.187 -0.090 -0.086  0.087  0.251  0.473  0.584  0.646  0.497  0.378  0.444  0.383  0.302  0.234  0.082  0.088 -0.212 -0.310 -0.356 -0.322 -0.245  0.019  0.004  0.169  0.353  0.255  0.203
  0.140 -0.003 -0.188 -0.403 -0.418 -0.368 -0.262 -0.029 -0.111 -0.249 -0.369 -0.478 -0.457 -0.393 -0.245 -0.012  0.251  0.572  0.758  1.000  0.786  0.510  0.205  0.122  0.176 -0.092 -0.199 -0.147 -0.253 -0.320 -0.295 -0.317 -0.316 -0.310 -0.307 -0.263 -0.227 -0.234 -0.193 -0.093 -0.092 -0.195 -0.253 -0.203 -0.163 -0.112 -0.104 -0.124 -0.109 -0.036  0.102  0.132  0.320  0.478  0.658  0.640  0.682  0.588  0.444  0.453  0.351  0.195  0.069 -0.102 -0.040 -0.290 -0.255 -0.250 -0.211 -0.164  0.029 -0.082  0.049  0.210  0.092  0.055
  0.059 -0.080 -0.210 -0.377 -0.315 -0.264 -0.176  0.005 -0.072 -0.207 -0.308 -0.390 -0.350 -0.335 -0.161  0.010  0.320  0.521  0.551  0.786  1.000  0.767  0.471  0.386  0.442  0.159  0.051  0.088 -0.058 -0.136 -0.131 -0.187 -0.206 -0.201 -0.181 -0.129 -0.101 -0.088 -0.090 -0.017  0.048 -0.117 -0.118 -0.073 -0.070 -0.037 -0.017 -0.006  0.033  0.112  0.267  0.350  0.489  0.585  0.688  0.569  0.498  0.447  0.287  0.242  0.179  0.045 -0.066 -0.219 -0.160 -0.309 -0.184 -0.140 -0.103 -0.072  0.003 -0.152 -0.063  0.009 -0.110 -0.127
 -0.232 -0.334 -0.357 -0.425 -0.203 -0.110 -0.042  0.103  0.025 -0.180 -0.263 -0.353 -0.319 -0.414 -0.248 -0.206  0.032  0.170  0.257  0.510  0.767  1.000  0.789  0.693  0.716  0.463  0.342  0.362  0.196  0.102  0.098  0.020 -0.032 -0.038  0.009  0.063  0.097  0.131  0.068  0.137  0.275  0.039  0.131  0.196  0.163  0.143  0.186  0.223  0.303  0.406  0.582  0.678  0.758  0.789  0.725  0.509  0.372  0.441  0.293  0.167  0.090 -0.094 -0.275 -0.402 -0.271 -0.278 -0.008  0.098  0.116  0.094  0.043 -0.247 -0.247 -0.276 -0.390 -0.385
 -0.379 -0.414 -0.338 -0.303 -0.011  0.062  0.076  0.095  0.054 -0.075 -0.109 -0.145 -0.110 -0.261 -0.154 -0.241 -0.092 -0.092 -0.022  0.205  0.471  0.789  1.000  0.867  0.751  0.644  0.631  0.583  0.388  0.322  0.321  0.220  0.134  0.124  0.192  0.234  0.279  0.333  0.233  0.229  0.404  0.172  0.350  0.383  0.331  0.266  0.317  0.392  0.509  0.599  0.708  0.803  0.724  0.656  0.497  0.296  0.101  0.222  0.163 -0.022 -0.067 -0.232 -0.408 -0.466 -0.315 -0.181  0.133  0.262  0.261  0.198  0.020 -0.282 -0.351 -0.477 -0.572 -0.548
 -0.421 -0.438 -0.319 -0.249  0.066  0.121  0.117  0.105  0.066 -0.035 -0.048 -0.075 -0.022 -0.195 -0.097 -0.227 -0.099 -0.146 -0.102  0.122  0.386  0.693  0.867  1.000  0.849  0.658  0.737  0.726  0.512  0.448  0.453  0.360  0.279  0.254  0.316  0.323  0.316  0.364  0.217  0.207  0.422  0.109  0.322  0.394  0.346  0.315  0.363  0.425  0.507  0.561  0.688  0.828  0.746  0.593  0.414  0.178 -0.015  0.127  0.065 -0.147 -0.171 -0.301 -0.452 -0.492 -0.348 -0.158  0.175  0.303  0.290  0.181 -0.049 -0.348 -0.403 -0.549 -0.611 -0.568
 -0.320 -0.344 -0.305 -0.257  0.006  0.046  0.075  0.081  0.053 -0.053 -0.073 -0.095 -0.039 -0.179 -0.076 -0.162 -0.045 -0.042 -0.034  0.176  0.442  0.716  0.751  0.849  1.000  0.763  0.642  0.697  0.547  0.412  0.387  0.311  0.232  0.203  0.256  0.270  0.265  0.295  0.181  0.181  0.346  0.101  0.232  0.261  0.190  0.176  0.215  0.265  0.345  0.402  0.532  0.671  0.638  0.521  0.395  0.179  0.020  0.117  0.019 -0.138 -0.168 -0.279 -0.391 -0.439 -0.357 -0.220  0.063  0.190  0.208  0.148 -0.045 -0.255 -0.295 -0.436 -0.515 -0.485
 -0.344 -0.294 -0.214 -0.110  0.143  0.141  0.159  0.040  0.061  0.009  0.036  0.072  0.141  0.001  0.071 -0.118 -0.110 -0.219 -0.250 -0.092  0.159  0.463  0.644  0.658  0.763  1.000  0.796  0.709  0.684  0.597  0.509  0.428  0.339  0.295  0.340  0.347  0.356  0.408  0.306  0.210  0.322  0.226  0.349  0.303  0.210  0.173  0.214  0.255  0.342  0.354  0.384  0.505  0.402  0.257  0.096 -0.063 -0.208 -0.114 -0.149 -0.275 -0.292 -0.364 -0.438 -0.397 -0.340 -0.129  0.109  0.237  0.240  0.172 -0.104 -0.193 -0.282 -0.449 -0.509 -0.474
 -0.440 -0.370 -0.198 -0.040  0.263  0.250  0.229  0.068  0.074  0.070  0.120  0.160  0.228  0.044  0.080 -0.147 -0.159 -0.340 -0.357 -0.199  0.051  0.342  0.631  0.737  0.642  0.796  1.000  0.882  0.724  0.742  0.727  0.592  0.489  0.480  0.547  0.550  0.530  0.579  0.435  0.285  0.461  0.263  0.444  0.432  0.342  0.298  0.341  0.387  0.472  0.457  0.481  0.600  0.437  0.237  0.042 -0.138 -0.311 -0.176 -0.176 -0.360 -0.359 -0.426 -0.507 -0.443 -0.347 -0.045  0.245  0.375  0.352  0.253 -0.107 -0.270 -0.395 -0.631 -0.665 -0.608
 -0.439 -0.385 -0.229 -0.074  0.237  0.225  0.216  0.084  0.081  0.061  0.110  0.132  0.198 -0.001  0.026 -0.180 -0.175 -0.311 -0.311 -0.147  0.088  0.362  0.583  0.726  0.697  0.709  0.882  1.000  0.824  0.739  0.774  0.683  0.556  0.518  0.599  0.564  0.519  0.529  0.381  0.288  0.461  0.217  0.374  0.376  0.278  0.258  0.300  0.343  0.419  0.410  0.467  0.582  0.456  0.270  0.092 -0.100 -0.261 -0.125 -0.149 -0.333 -0.341 -0.416 -0.496 -0.451 -0.368 -0.091  0.211  0.338  0.336  0.236 -0.091 -0.258 -0.366 -0.622 -0.666 -0.607
 -0.410 -0.327 -0.182 -0.009  0.270  0.241  0.217  0.035  0.069  0.095  0.166  0.202  0.265  0.076  0.078 -0.161 -0.204 -0.355 -0.376 -0.253 -0.058  0.196  0.388  0.512  0.547  0.684  0.724  0.824  1.000  0.858  0.759  0.772  0.698  0.593  0.605  0.505  0.397  0.411  0.263  0.176  0.323  0.163  0.290  0.262  0.160  0.166  0.202  0.231  0.287  0.249  0.283  0.393  0.281  0.100 -0.069 -0.228 -0.345 -0.228 -0.248 -0.387 -0.402 -0.443 -0.478 -0.388 -0.343 -0.063  0.160  0.268  0.273  0.160 -0.168 -0.215 -0.286 -0.496 -0.516 -0.462
 -0.422 -0.329 -0.136  0.070  0.346  0.307  0.261  0.041  0.074  0.132  0.227  0.263  0.324  0.127  0.112 -0.146 -0.210 -0.398 -0.430 -0.320 -0.136  0.102  0.322  0.448  0.412  0.597  0.742  0.739  0.858  1.000  0.881  0.786  0.764  0.746  0.732  0.670  0.506  0.489  0.363  0.242  0.379  0.215  0.336  0.316  0.210  0.205  0.242  0.263  0.312  0.245  0.254  0.357  0.226  0.033 -0.146 -0.293 -0.399 -0.280 -0.277 -0.419 -0.431 -0.460 -0.479 -0.368 -0.311  0.012  0.226  0.346  0.332  0.246 -0.151 -0.202 -0.333 -0.579 -0.577 -0.514
 -0.434 -0.359 -0.159  0.040  0.325  0.296  0.263  0.071  0.093  0.122  0.215  0.238  0.288  0.078  0.054 -0.182 -0.235 -0.400 -0.403 -0.295 -0.131  0.098  0.321  0.453  0.387  0.509  0.727  0.774  0.759  0.881  1.000  0.866  0.749  0.761  0.823  0.762  0.649  0.581  0.471  0.360  0.434  0.261  0.361  0.346  0.238  0.229  0.266  0.286  0.336  0.275  0.292  0.374  0.250  0.072 -0.102 -0.246 -0.350 -0.219 -0.212 -0.366 -0.387 -0.433 -0.471 -0.379 -0.312 -0.000  0.237  0.366  0.357  0.276 -0.103 -0.188 -0.353 -0.646 -0.647 -0.580
 -0.405 -0.331 -0.163  0.018  0.280  0.251  0.217  0.026  0.059  0.131  0.212  0.231  0.277  0.073  0.038 -0.190 -0.253 -0.401 -0.398 -0.317 -0.187  0.020  0.220  0.360  0.311  0.428  0.592  0.683  0.772  0.786  0.866  1.000  0.875  0.753  0.779  0.602  0.448  0.425  0.286  0.196  0.294  0.136  0.257  0.250  0.165  0.183  0.217  0.235  0.259  0.192  0.209  0.292  0.178  0.008 -0.145 -0.272 -0.358 -0.235 -0.231 -0.365 -0.383 -0.410 -0.436 -0.343 -0.297 -0.023  0.169  0.270  0.271  0.147 -0.166 -0.207 -0.279 -0.507 -0.493 -0.431
 -0.349 -0.276 -0.120  0.049  0.262  0.226  0.161 -0.025  0.005  0.155  0.239  0.241  0.277  0.104  0.064 -0.147 -0.220 -0.367 -0.378 -0.316 -0.206 -0.032  0.134  0.279  0.232  0.339  0.489  0.556  0.698  0.764  0.749  0.875  1.000  0.871  0.768  0.588  0.310  0.293  0.162  0.068  0.206  0.039  0.164  0.170  0.101  0.132  0.158  0.179  0.187  0.120  0.138  0.228  0.118 -0.047 -0.181 -0.291 -0.357 -0.253 -0.253 -0.369 -0.376 -0.377 -0.377 -0.279 -0.250  0.001  0.138  0.205  0.205  0.100 -0.184 -0.194 -0.223 -0.415 -0.393 -0.338
 -0.325 -0.257 -0.097  0.079  0.264  0.228  0.151 -0.024 -0.003  0.168  0.265  0.252  0.273  0.116  0.066 -0.124 -0.202 -0.352 -0.367 -0.310 -0.201 -0.038  0.124  0.254  0.203  0.295  0.480  0.518  0.593  0.746  0.761  0.753  0.871  1.000  0.897  0.776  0.464  0.381  0.287  0.168  0.280  0.094  0.187  0.188  0.111  0.129  0.150  0.173  0.189  0.127  0.140  0.216  0.099 -0.055 -0.185 -0.282 -0.338 -0.245 -0.239 -0.351 -0.353 -0.353 -0.346 -0.250 -0.222  0.028  0.155  0.229  0.229  0.187 -0.110 -0.140 -0.227 -0.473 -0.460 -0.404
 -0.371 -0.308 -0.136  0.051  0.278  0.249  0.198  0.024  0.031  0.137  0.240  0.236  0.266  0.080  0.033 -0.164 -0.230 -0.379 -0.380 -0.307 -0.181  0.009  0.192  0.316  0.256  0.340  0.547  0.599  0.605  0.732  0.823  0.779  0.768  0.897  1.000  0.884  0.645  0.521  0.419  0.311  0.395  0.198  0.279  0.271  0.175  0.175  0.205  0.227  0.260  0.198  0.211  0.277  0.154 -0.001 -0.146 -0.255 -0.329 -0.218 -0.206 -0.339 -0.345 -0.371 -0.387 -0.303 -0.260  0.008  0.191  0.300  0.313  0.278 -0.039 -0.122 -0.265 -0.570 -0.571 -0.510
 -0.362 -0.304 -0.146  0.029  0.249  0.232  0.197  0.059  0.042  0.081  0.165  0.172  0.201  0.038  0.014 -0.161 -0.214 -0.350 -0.345 -0.263 -0.129  0.063  0.234  0.323  0.270  0.347  0.550  0.564  0.505  0.670  0.762  0.602  0.588  0.776  0.884  1.000  0.793  0.627  0.526  0.425  0.472  0.303  0.340  0.321  0.216  0.188  0.215  0.239  0.292  0.241  0.249  0.294  0.183  0.050 -0.095 -0.201 -0.275 -0.169 -0.158 -0.286 -0.297 -0.342 -0.373 -0.305 -0.245  0.015  0.214  0.337  0.337  0.368  0.040 -0.071 -0.274 -0.598 -0.612 -0.556
 -0.351 -0.303 -0.156 -0.002  0.207  0.224  0.211  0.116  0.093  0.049  0.106  0.128  0.151 -0.004 -0.027 -0.186 -0.214 -0.330 -0.310 -0.227 -0.101  0.097  0.279  0.316  0.265  0.356  0.530  0.519  0.397  0.506  0.649  0.448  0.310  0.464  0.645  0.793  1.000  0.839  0.673  0.552  0.498  0.388  0.385  0.351  0.250  0.217  0.243  0.243  0.310  0.275  0.284  0.294  0.199  0.094 -0.047 -0.144 -0.226 -0.123 -0.096 -0.212 -0.232 -0.298 -0.357 -0.306 -0.229  0.007  0.219  0.348  0.327  0.365  0.078 -0.043 -0.283 -0.605 -0.608 -0.551
 -0.393 -0.326 -0.189 -0.026  0.223  0.272  0.302  0.206  0.167  0.058  0.084  0.109  0.153 -0.009 -0.010 -0.193 -0.219 -0.350 -0.330 -0.234 -0.088  0.131  0.333  0.364  0.295  0.408  0.579  0.529  0.411  0.489  0.581  0.425  0.293  0.381  0.521  0.627  0.839  1.000  0.794  0.497  0.524  0.462  0.464  0.409  0.291  0.240  0.279  0.273  0.348  0.315  0.319  0.331  0.234  0.123 -0.034 -0.143 -0.238 -0.126 -0.103 -0.223 -0.253 -0.343 -0.419 -0.363 -0.270 -0.014  0.226  0.398  0.365  0.375  0.023 -0.129 -0.340 -0.617 -0.617 -0.553
 -0.308 -0.250 -0.123  0.027  0.249  0.293  0.382  0.289  0.247  0.061  0.109  0.122  0.157  0.015  0.019 -0.126 -0.174 -0.276 -0.267 -0.193 -0.090  0.068  0.233  0.217  0.181  0.306  0.435  0.381  0.263  0.363  0.471  0.286  0.162  0.287  0.419  0.526  0.673  0.794  1.000  0.673  0.561  0.617  0.518  0.390  0.229  0.131  0.186  0.184  0.280  0.264  0.234  0.199  0.130  0.075 -0.051 -0.117 -0.177 -0.079 -0.044 -0.146 -0.196 -0.298 -0.355 -0.306 -0.250 -0.023  0.204  0.404  0.431  0.481  0.176  0.060 -0.270 -0.567 -0.614 -0.563
 -0.290 -0.289 -0.149 -0.027  0.200  0.266  0.300  0.254  0.198 -0.006  0.030  0.034  0.020 -0.128 -0.122 -0.209 -0.198 -0.227 -0.175 -0.093 -0.017  0.137  0.229  0.207  0.181  0.210  0.285  0.288  0.176  0.242  0.360  0.196  0.068  0.168  0.311  0.425  0.552  0.497  0.673  1.000  0.739  0.678  0.527  0.418  0.239  0.106  0.175  0.206  0.320  0.307  0.285  0.232  0.205  0.188  0.070 -0.003 -0.057  0.055  0.089 -0.019 -0.072 -0.203 -0.275 -0.264 -0.186 -0.002  0.245  0.419  0.510  0.603  0.482  0.292 -0.189 -0.528 -0.611 -0.588
 -0.398 -0.399 -0.220 -0.076  0.219  0.301  0.314  0.263  0.150 -0.005  0.011  0.003 -0.003 -0.191 -0.160 -0.286 -0.244 -0.289 -0.221 -0.092  0.048  0.275  0.404  0.422  0.346  0.322  0.461  0.461  0.323  0.379  0.434  0.294  0.206  0.280  0.395  0.472  0.498  0.524  0.561  0.739  1.000  0.633  0.601  0.547  0.370  0.215  0.297  0.355  0.470  0.467  0.466  0.445  0.377  0.318  0.152  0.020 -0.086  0.062  0.090 -0.073 -0.108 -0.253 -0.355 -0.348 -0.218  0.015  0.336  0.517  0.585  0.635  0.450  0.059 -0.301 -0.612 -0.708 -0.674
 -0.310 -0.261 -0.129  0.047  0.311  0.375  0.459  0.336  0.308  0.054  0.109  0.140  0.134 -0.031 -0.042 -0.172 -0.217 -0.285 -0.258 -0.195 -0.117  0.039  0.172  0.109  0.101  0.226  0.263  0.217  0.163  0.215  0.261  0.136  0.039  0.094  0.198  0.303  0.388  0.462  0.617  0.678  0.633  1.000  0.777  0.533  0.276  0.060  0.143  0.184  0.347  0.335  0.237  0.128  0.081  0.084 -0.047 -0.094 -0.139 -0.032  0.025 -0.061 -0.126 -0.270 -0.321 -0.269 -0.207  0.024  0.291  0.529  0.629  0.722  0.380  0.242 -0.222 -0.497 -0.565 -0.535
 -0.441 -0.383 -0.205  0.013  0.357  0.425  0.460  0.304  0.286  0.089  0.139  0.167  0.162 -0.057 -0.075 -0.254 -0.290 -0.394 -0.355 -0.253 -0.118  0.131  0.350  0.322  0.232  0.349  0.444  0.374  0.290  0.336  0.361  0.257  0.164  0.187  0.279  0.340  0.385  0.464  0.518  0.527  0.601  0.777  1.000  0.804  0.523  0.240  0.340  0.401  0.582  0.554  0.443  0.360  0.247  0.180 -0.011 -0.115 -0.214 -0.060  0.008 -0.142 -0.185 -0.332 -0.415 -0.356 -0.246  0.050  0.412  0.675  0.692  0.632  0.248  0.004 -0.338 -0.604 -0.652 -0.620
 -0.482 -0.447 -0.248 -0.050  0.297  0.384  0.390  0.281  0.237  0.032  0.061  0.067  0.063 -0.169 -0.173 -0.348 -0.328 -0.396 -0.328 -0.203 -0.073  0.196  0.383  0.394  0.261  0.303  0.432  0.376  0.262  0.316  0.346  0.250  0.170  0.188  0.271  0.321  0.351  0.409  0.390  0.418  0.547  0.533  0.804  1.000  0.786  0.470  0.571  0.624  0.679  0.582  0.513  0.456  0.362  0.276  0.064 -0.073 -0.175 -0.012  0.045 -0.117 -0.144 -0.281 -0.388 -0.352 -0.193  0.094  0.487  0.725  0.625  0.519  0.179 -0.158 -0.407 -0.613 -0.630 -0.594
 -0.411 -0.381 -0.237 -0.105  0.156  0.229  0.206  0.146  0.125 -0.021 -0.022 -0.014 -0.014 -0.188 -0.190 -0.342 -0.309 -0.346 -0.260 -0.163 -0.070  0.163  0.331  0.346  0.190  0.210  0.342  0.278  0.160  0.210  0.238  0.165  0.101  0.111  0.175  0.216  0.250  0.291  0.229  0.239  0.370  0.276  0.523  0.786  1.000  0.697  0.612  0.629  0.550  0.517  0.468  0.415  0.321  0.247  0.071 -0.037 -0.134 -0.007  0.053 -0.077 -0.062 -0.139 -0.274 -0.261 -0.068  0.141  0.419  0.525  0.392  0.284  0.066 -0.235 -0.341 -0.448 -0.450 -0.427
 -0.330 -0.316 -0.206 -0.124  0.066  0.122  0.107  0.081  0.062 -0.032 -0.044 -0.050 -0.037 -0.167 -0.149 -0.271 -0.224 -0.253 -0.199 -0.112 -0.037  0.143  0.266  0.315  0.176  0.173  0.298  0.258  0.166  0.205  0.229  0.183  0.132  0.129  0.175  0.188  0.217  0.240  0.131  0.106  0.215  0.060  0.240  0.470  0.697  1.000  0.767  0.552  0.374  0.325  0.346  0.359  0.296  0.200  0.057 -0.053 -0.126 -0.036 -0.015 -0.110 -0.105 -0.148 -0.254 -0.262 -0.141  0.008  0.250  0.336  0.204  0.087 -0.059 -0.286 -0.299 -0.350 -0.321 -0.291
 -0.387 -0.380 -0.240 -0.146  0.097  0.165  0.173  0.136  0.106 -0.035 -0.033 -0.045 -0.031 -0.196 -0.176 -0.309 -0.248 -0.277 -0.214 -0.104 -0.017  0.186  0.317  0.363  0.215  0.214  0.341  0.300  0.202  0.242  0.266  0.217  0.158  0.150  0.205  0.215  0.243  0.279  0.186  0.175  0.297  0.143  0.340  0.571  0.612  0.767  1.000  0.736  0.537  0.387  0.386  0.409  0.352  0.255  0.090 -0.037 -0.116 -0.001  0.022 -0.097 -0.114 -0.198 -0.312 -0.321 -0.195 -0.035  0.256  0.410  0.296  0.175 -0.014 -0.284 -0.346 -0.432 -0.409 -0.374
 -0.398 -0.381 -0.234 -0.125  0.123  0.176  0.141  0.099  0.088  0.001 -0.002 -0.020 -0.010 -0.179 -0.160 -0.293 -0.247 -0.302 -0.238 -0.124 -0.006  0.223  0.392  0.425  0.265  0.255  0.387  0.343  0.231  0.263  0.286  0.235  0.179  0.173  0.227  0.239  0.243  0.273  0.184  0.206  0.355  0.184  0.401  0.624  0.629  0.552  0.736  1.000  0.779  0.575  0.496  0.493  0.384  0.282  0.103 -0.028 -0.134  0.004  0.046 -0.104 -0.113 -0.207 -0.327 -0.325 -0.194 -0.000  0.284  0.394  0.324  0.231  0.053 -0.239 -0.332 -0.454 -0.475 -0.451
 -0.457 -0.435 -0.260 -0.118  0.188  0.247  0.219  0.149  0.138  0.031  0.040  0.021  0.021 -0.181 -0.176 -0.315 -0.271 -0.333 -0.248 -0.109  0.033  0.303  0.509  0.507  0.345  0.342  0.472  0.419  0.287  0.312  0.336  0.259  0.187  0.189  0.260  0.292  0.310  0.348  0.280  0.320  0.470  0.347  0.582  0.679  0.550  0.374  0.537  0.779  1.000  0.795  0.648  0.592  0.452  0.374  0.175  0.037 -0.092  0.080  0.141 -0.048 -0.083 -0.248 -0.395 -0.388 -0.233  0.008  0.337  0.480  0.443  0.372  0.132 -0.188 -0.364 -0.550 -0.604 -0.584
 -0.438 -0.426 -0.280 -0.179  0.107  0.175  0.140  0.116  0.096 -0.014 -0.025 -0.057 -0.060 -0.245 -0.220 -0.338 -0.273 -0.299 -0.187 -0.036  0.112  0.406  0.599  0.561  0.402  0.354  0.457  0.410  0.249  0.245  0.275  0.192  0.120  0.127  0.198  0.241  0.275  0.315  0.264  0.307  0.467  0.335  0.554  0.582  0.517  0.325  0.387  0.575  0.795  1.000  0.845  0.700  0.536  0.498  0.294  0.158  0.009  0.192  0.265  0.056  0.021 -0.167 -0.365 -0.383 -0.204 -0.006  0.309  0.397  0.390  0.340  0.160 -0.171 -0.321 -0.488 -0.588 -0.581
 -0.473 -0.496 -0.344 -0.277  0.044  0.141  0.109  0.151  0.095 -0.069 -0.095 -0.165 -0.161 -0.360 -0.283 -0.385 -0.254 -0.234 -0.090  0.102  0.267  0.582  0.708  0.688  0.532  0.384  0.481  0.467  0.283  0.254  0.292  0.209  0.138  0.140  0.211  0.249  0.284  0.319  0.234  0.285  0.466  0.237  0.443  0.513  0.468  0.346  0.386  0.496  0.648  0.845  1.000  0.877  0.759  0.709  0.490  0.297  0.133  0.335  0.349  0.106  0.047 -0.167 -0.400 -0.457 -0.240 -0.065  0.287  0.380  0.367  0.298  0.130 -0.265 -0.379 -0.520 -0.608 -0.589
 -0.465 -0.497 -0.352 -0.290  0.037  0.124  0.100  0.129  0.076 -0.063 -0.087 -0.149 -0.123 -0.313 -0.214 -0.329 -0.185 -0.191 -0.086  0.132  0.350  0.678  0.803  0.828  0.671  0.505  0.600  0.582  0.393  0.357  0.374  0.292  0.228  0.216  0.277  0.294  0.294  0.331  0.199  0.232  0.445  0.128  0.360  0.456  0.415  0.359  0.409  0.493  0.592  0.700  0.877  1.000  0.863  0.726  0.504  0.265  0.073  0.262  0.215 -0.035 -0.075 -0.247 -0.444 -0.495 -0.307 -0.122  0.231  0.342  0.324  0.220  0.031 -0.340 -0.414 -0.546 -0.614 -0.580
 -0.418 -0.484 -0.389 -0.390 -0.077  0.034  0.065  0.180  0.091 -0.152 -0.202 -0.301 -0.271 -0.440 -0.294 -0.353 -0.152 -0.058  0.087  0.320  0.489  0.758  0.724  0.746  0.638  0.402  0.437  0.456  0.281  0.226  0.250  0.178  0.118  0.099  0.154  0.183  0.199  0.234  0.130  0.205  0.377  0.081  0.247  0.362  0.321  0.296  0.352  0.384  0.452  0.536  0.759  0.863  1.000  0.875  0.680  0.434  0.287  0.449  0.337  0.127  0.044 -0.158 -0.380 -0.479 -0.280 -0.190  0.157  0.276  0.262  0.164  0.034 -0.344 -0.387 -0.442 -0.515 -0.488
 -0.343 -0.441 -0.403 -0.464 -0.201 -0.071 -0.006  0.179  0.071 -0.219 -0.299 -0.425 -0.414 -0.549 -0.394 -0.372 -0.131  0.053  0.251  0.478  0.585  0.789  0.656  0.593  0.521  0.257  0.237  0.270  0.100  0.033  0.072  0.008 -0.047 -0.055 -0.001  0.050  0.094  0.123  0.075  0.188  0.318  0.084  0.180  0.276  0.247  0.200  0.255  0.282  0.374  0.498  0.709  0.726  0.875  1.000  0.855  0.633  0.510  0.654  0.521  0.340  0.226 -0.021 -0.273 -0.411 -0.202 -0.218  0.082  0.184  0.191  0.141  0.109 -0.270 -0.302 -0.301 -0.409 -0.405
 -0.160 -0.284 -0.340 -0.476 -0.327 -0.220 -0.141  0.085 -0.019 -0.251 -0.359 -0.484 -0.475 -0.530 -0.373 -0.254  0.012  0.258  0.473  0.658  0.688  0.725  0.497  0.414  0.395  0.096  0.042  0.092 -0.069 -0.146 -0.102 -0.145 -0.181 -0.185 -0.146 -0.095 -0.047 -0.034 -0.051  0.070  0.152 -0.047 -0.011  0.064  0.071  0.057  0.090  0.103  0.175  0.294  0.490  0.504  0.680  0.855  1.000  0.828  0.702  0.760  0.590  0.475  0.363  0.113 -0.118 -0.282 -0.106 -0.248 -0.066 -0.013  0.009  0.004  0.093 -0.198 -0.156 -0.087 -0.213 -0.232
 -0.017 -0.122 -0.251 -0.416 -0.384 -0.296 -0.218  0.008 -0.074 -0.251 -0.364 -0.459 -0.468 -0.457 -0.339 -0.174  0.066  0.335  0.584  0.640  0.569  0.509  0.296  0.178  0.179 -0.063 -0.138 -0.100 -0.228 -0.293 -0.246 -0.272 -0.291 -0.282 -0.255 -0.201 -0.144 -0.143 -0.117 -0.003  0.020 -0.094 -0.115 -0.073 -0.037 -0.053 -0.037 -0.028  0.037  0.158  0.297  0.265  0.434  0.633  0.828  1.000  0.829  0.762  0.676  0.637  0.578  0.290  0.062 -0.114  0.026 -0.215 -0.156 -0.137 -0.114 -0.069  0.110 -0.092 -0.009  0.077 -0.052 -0.097
  0.067 -0.056 -0.202 -0.405 -0.441 -0.360 -0.264 -0.005 -0.099 -0.267 -0.401 -0.513 -0.527 -0.475 -0.368 -0.153  0.059  0.389  0.646  0.682  0.498  0.372  0.101 -0.015  0.020 -0.208 -0.311 -0.261 -0.345 -0.399 -0.350 -0.358 -0.357 -0.338 -0.329 -0.275 -0.226 -0.238 -0.177 -0.057 -0.086 -0.139 -0.214 -0.175 -0.134 -0.126 -0.116 -0.134 -0.092  0.009  0.133  0.073  0.287  0.510  0.702  0.829  1.000  0.865  0.709  0.744  0.584  0.338  0.156 -0.017  0.086 -0.203 -0.206 -0.216 -0.186 -0.120  0.116 -0.030  0.075  0.223  0.102  0.051
 -0.100 -0.224 -0.255 -0.410 -0.349 -0.242 -0.156  0.087 -0.023 -0.254 -0.365 -0.499 -0.518 -0.542 -0.433 -0.288 -0.078  0.230  0.497  0.588  0.447  0.441  0.222  0.127  0.117 -0.114 -0.176 -0.125 -0.228 -0.280 -0.219 -0.235 -0.253 -0.245 -0.218 -0.169 -0.123 -0.126 -0.079  0.055  0.062 -0.032 -0.060 -0.012 -0.007 -0.036 -0.001  0.004  0.080  0.192  0.335  0.262  0.449  0.654  0.760  0.762  0.865  1.000  0.843  0.725  0.514  0.237  0.033 -0.127  0.013 -0.178 -0.078 -0.059 -0.024 -0.004  0.163 -0.073 -0.050  0.048 -0.081 -0.118
 -0.118 -0.210 -0.207 -0.338 -0.296 -0.192 -0.132  0.078 -0.021 -0.219 -0.307 -0.421 -0.466 -0.499 -0.431 -0.329 -0.150  0.127  0.378  0.444  0.287  0.293  0.163  0.065  0.019 -0.149 -0.176 -0.149 -0.248 -0.277 -0.212 -0.231 -0.253 -0.239 -0.206 -0.158 -0.096 -0.103 -0.044  0.089  0.090  0.025  0.008  0.045  0.053 -0.015  0.022  0.046  0.141  0.265  0.349  0.215  0.337  0.521  0.590  0.676  0.709  0.843  1.000  0.815  0.660  0.327  0.103 -0.063  0.086 -0.105 -0.022 -0.012  0.008  0.038  0.211 -0.033 -0.034  0.024 -0.097 -0.138
  0.051 -0.038 -0.124 -0.304 -0.377 -0.297 -0.230 -0.000 -0.085 -0.232 -0.341 -0.437 -0.487 -0.441 -0.388 -0.231 -0.088  0.213  0.444  0.453  0.242  0.167 -0.022 -0.147 -0.138 -0.275 -0.360 -0.333 -0.387 -0.419 -0.366 -0.365 -0.369 -0.351 -0.339 -0.286 -0.212 -0.223 -0.146 -0.019 -0.073 -0.061 -0.142 -0.117 -0.077 -0.110 -0.097 -0.104 -0.048  0.056  0.106 -0.035  0.127  0.340  0.475  0.637  0.744  0.725  0.815  1.000  0.805  0.477  0.278  0.100  0.195 -0.091 -0.125 -0.162 -0.153 -0.089  0.186  0.051  0.121  0.231  0.119  0.057
  0.129  0.081 -0.059 -0.243 -0.374 -0.323 -0.288 -0.080 -0.140 -0.219 -0.326 -0.378 -0.433 -0.349 -0.312 -0.145 -0.026  0.203  0.383  0.351  0.179  0.090 -0.067 -0.171 -0.168 -0.292 -0.359 -0.341 -0.402 -0.431 -0.387 -0.383 -0.376 -0.353 -0.345 -0.297 -0.232 -0.253 -0.196 -0.072 -0.108 -0.126 -0.185 -0.144 -0.062 -0.105 -0.114 -0.113 -0.083  0.021  0.047 -0.075  0.044  0.226  0.363  0.578  0.584  0.514  0.660  0.805  1.000  0.722  0.446  0.228  0.348 -0.021 -0.123 -0.192 -0.207 -0.127  0.180  0.069  0.190  0.267  0.163  0.091
  0.360  0.303  0.114 -0.126 -0.394 -0.402 -0.387 -0.213 -0.243 -0.185 -0.299 -0.312 -0.358 -0.182 -0.160  0.051  0.099  0.239  0.302  0.195  0.045 -0.094 -0.232 -0.301 -0.279 -0.364 -0.426 -0.416 -0.443 -0.460 -0.433 -0.410 -0.377 -0.353 -0.371 -0.342 -0.298 -0.343 -0.298 -0.203 -0.253 -0.270 -0.332 -0.281 -0.139 -0.148 -0.198 -0.207 -0.248 -0.167 -0.167 -0.247 -0.158 -0.021  0.113  0.290  0.338  0.237  0.327  0.477  0.722  1.000  0.718  0.448  0.490  0.066 -0.188 -0.327 -0.356 -0.262  0.100  0.109  0.297  0.429  0.354  0.283
  0.575  0.526  0.332  0.092 -0.315 -0.365 -0.383 -0.276 -0.294 -0.126 -0.215 -0.189 -0.227  0.024  0.047  0.298  0.260  0.307  0.234  0.069 -0.066 -0.275 -0.408 -0.452 -0.391 -0.438 -0.507 -0.496 -0.478 -0.479 -0.471 -0.436 -0.377 -0.346 -0.387 -0.373 -0.357 -0.419 -0.355 -0.275 -0.355 -0.321 -0.415 -0.388 -0.274 -0.254 -0.312 -0.327 -0.395 -0.365 -0.400 -0.444 -0.380 -0.273 -0.118  0.062  0.156  0.033  0.103  0.278  0.446  0.718  1.000  0.774  0.560  0.184 -0.207 -0.386 -0.417 -0.310  0.065  0.192  0.379  0.516  0.479  0.416
  0.512  0.577  0.463  0.336 -0.114 -0.210 -0.302 -0.303 -0.286 -0.070 -0.097 -0.010 -0.030  0.222  0.184  0.318  0.186  0.168  0.082 -0.102 -0.219 -0.402 -0.466 -0.492 -0.439 -0.397 -0.443 -0.451 -0.388 -0.368 -0.379 -0.343 -0.279 -0.250 -0.303 -0.305 -0.306 -0.363 -0.306 -0.264 -0.348 -0.269 -0.356 -0.352 -0.261 -0.262 -0.321 -0.325 -0.388 -0.383 -0.457 -0.495 -0.479 -0.411 -0.282 -0.114 -0.017 -0.127 -0.063  0.100  0.228  0.448  0.774  1.000  0.722  0.399 -0.069 -0.306 -0.361 -0.267  0.015  0.210  0.353  0.464  0.449  0.398
  0.264  0.301  0.308  0.255 -0.063 -0.112 -0.246 -0.231 -0.225 -0.114 -0.144 -0.066 -0.104  0.056 -0.005  0.037  0.018  0.056  0.088 -0.040 -0.160 -0.271 -0.315 -0.348 -0.357 -0.340 -0.347 -0.368 -0.343 -0.311 -0.312 -0.297 -0.250 -0.222 -0.260 -0.245 -0.229 -0.270 -0.250 -0.186 -0.218 -0.207 -0.246 -0.193 -0.068 -0.141 -0.195 -0.194 -0.233 -0.204 -0.240 -0.307 -0.280 -0.202 -0.106  0.026  0.086  0.013  0.086  0.195  0.348  0.490  0.560  0.722  1.000  0.589  0.146 -0.131 -0.235 -0.173  0.039  0.077  0.203  0.317  0.308  0.264
 -0.009  0.063  0.301  0.513  0.348  0.315  0.062 -0.101 -0.085  0.037  0.087  0.181  0.151  0.191  0.084 -0.039 -0.128 -0.217 -0.212 -0.290 -0.309 -0.278 -0.181 -0.158 -0.220 -0.129 -0.045 -0.091 -0.063  0.012 -0.000 -0.023  0.001  0.028  0.008  0.015  0.007 -0.014 -0.023 -0.002  0.015  0.024  0.050  0.094  0.141  0.008 -0.035 -0.000  0.008 -0.006 -0.065 -0.122 -0.190 -0.218 -0.248 -0.215 -0.203 -0.178 -0.105 -0.091 -0.021  0.066  0.184  0.399  0.589  1.000  0.613  0.231  0.078  0.068  0.023  0.009 -0.032 -0.046 -0.008  0.000
 -0.312 -0.244  0.080  0.342  0.550  0.527  0.316  0.165  0.111  0.020  0.093  0.153  0.152 -0.001 -0.031 -0.228 -0.269 -0.348 -0.310 -0.255 -0.184 -0.008  0.133  0.175  0.063  0.109  0.245  0.211  0.160  0.226  0.237  0.169  0.138  0.155  0.191  0.214  0.219  0.226  0.204  0.245  0.336  0.291  0.412  0.487  0.419  0.250  0.256  0.284  0.337  0.309  0.287  0.231  0.157  0.082 -0.066 -0.156 -0.206 -0.078 -0.022 -0.125 -0.123 -0.188 -0.207 -0.069  0.146  0.613  1.000  0.669  0.483  0.356  0.121 -0.085 -0.264 -0.409 -0.409 -0.379
 -0.477 -0.421 -0.167  0.104  0.488  0.600  0.597  0.445  0.363  0.038  0.129  0.175  0.170 -0.085 -0.116 -0.322 -0.324 -0.404 -0.356 -0.250 -0.140  0.098  0.262  0.303  0.190  0.237  0.375  0.338  0.268  0.346  0.366  0.270  0.205  0.229  0.300  0.337  0.348  0.398  0.404  0.419  0.517  0.529  0.675  0.725  0.525  0.336  0.410  0.394  0.480  0.397  0.380  0.342  0.276  0.184 -0.013 -0.137 -0.216 -0.059 -0.012 -0.162 -0.192 -0.327 -0.386 -0.306 -0.131  0.231  0.669  1.000  0.811  0.586  0.137 -0.157 -0.449 -0.653 -0.609 -0.549
 -0.452 -0.410 -0.188  0.054  0.472  0.570  0.582  0.436  0.365  0.067  0.161  0.175  0.177 -0.079 -0.101 -0.279 -0.290 -0.362 -0.322 -0.211 -0.103  0.116  0.261  0.290  0.208  0.240  0.352  0.336  0.273  0.332  0.357  0.271  0.205  0.229  0.313  0.337  0.327  0.365  0.431  0.510  0.585  0.629  0.692  0.625  0.392  0.204  0.296  0.324  0.443  0.390  0.367  0.324  0.262  0.191  0.009 -0.114 -0.186 -0.024  0.008 -0.153 -0.207 -0.356 -0.417 -0.361 -0.235  0.078  0.483  0.811  1.000  0.753  0.291 -0.001 -0.382 -0.637 -0.629 -0.576
 -0.334 -0.301 -0.136  0.056  0.340  0.411  0.401  0.279  0.217  0.053  0.106  0.124  0.118 -0.068 -0.092 -0.204 -0.218 -0.280 -0.245 -0.164 -0.072  0.094  0.198  0.181  0.148  0.172  0.253  0.236  0.160  0.246  0.276  0.147  0.100  0.187  0.278  0.368  0.365  0.375  0.481  0.603  0.635  0.722  0.632  0.519  0.284  0.087  0.175  0.231  0.372  0.340  0.298  0.220  0.164  0.141  0.004 -0.069 -0.120 -0.004  0.038 -0.089 -0.127 -0.262 -0.310 -0.267 -0.173  0.068  0.356  0.586  0.753  1.000  0.551  0.215 -0.239 -0.546 -0.581 -0.544
 -0.040 -0.109 -0.046 -0.037 -0.016  0.028 -0.039  0.029 -0.112 -0.042 -0.102 -0.118 -0.204 -0.221 -0.238 -0.163 -0.123 -0.052  0.019  0.029  0.003  0.043  0.020 -0.049 -0.045 -0.104 -0.107 -0.091 -0.168 -0.151 -0.103 -0.166 -0.184 -0.110 -0.039  0.040  0.078  0.023  0.176  0.482  0.450  0.380  0.248  0.179  0.066 -0.059 -0.014  0.053  0.132  0.160  0.130  0.031  0.034  0.109  0.093  0.110  0.116  0.163  0.211  0.186  0.180  0.100  0.065  0.015  0.039  0.023  0.121  0.137  0.291  0.551  1.000  0.659  0.325 -0.060 -0.244 -0.319
  0.217  0.206  0.182  0.169  0.001 -0.059 -0.099 -0.119 -0.135  0.032  0.025  0.060  0.012  0.106  0.048  0.142  0.045  0.041  0.004 -0.082 -0.152 -0.247 -0.282 -0.348 -0.255 -0.193 -0.270 -0.258 -0.215 -0.202 -0.188 -0.207 -0.194 -0.140 -0.122 -0.071 -0.043 -0.129  0.060  0.292  0.059  0.242  0.004 -0.158 -0.235 -0.286 -0.284 -0.239 -0.188 -0.171 -0.265 -0.340 -0.344 -0.270 -0.198 -0.092 -0.030 -0.073 -0.033  0.051  0.069  0.109  0.192  0.210  0.077  0.009 -0.085 -0.157 -0.001  0.215  0.659  1.000  0.648  0.247  0.024 -0.086
  0.386  0.359  0.198  0.103 -0.201 -0.303 -0.370 -0.314 -0.321 -0.006 -0.077 -0.035 -0.075  0.103  0.051  0.228  0.173  0.219  0.169  0.049 -0.063 -0.247 -0.351 -0.403 -0.295 -0.282 -0.395 -0.366 -0.286 -0.333 -0.353 -0.279 -0.223 -0.227 -0.265 -0.274 -0.283 -0.340 -0.270 -0.189 -0.301 -0.222 -0.338 -0.407 -0.341 -0.299 -0.346 -0.332 -0.364 -0.321 -0.379 -0.414 -0.387 -0.302 -0.156 -0.009  0.075 -0.050 -0.034  0.121  0.190  0.297  0.379  0.353  0.203 -0.032 -0.264 -0.449 -0.382 -0.239  0.325  0.648  1.000  0.590  0.325  0.149
  0.537  0.490  0.232 -0.023 -0.426 -0.509 -0.529 -0.401 -0.435 -0.239 -0.298 -0.273 -0.268  0.014  0.029  0.257  0.249  0.387  0.353  0.210  0.009 -0.276 -0.477 -0.549 -0.436 -0.449 -0.631 -0.622 -0.496 -0.579 -0.646 -0.507 -0.415 -0.473 -0.570 -0.598 -0.605 -0.617 -0.567 -0.528 -0.612 -0.497 -0.604 -0.613 -0.448 -0.350 -0.432 -0.454 -0.550 -0.488 -0.520 -0.546 -0.442 -0.301 -0.087  0.077  0.223  0.048  0.024  0.231  0.267  0.429  0.516  0.464  0.317 -0.046 -0.409 -0.653 -0.637 -0.546 -0.060  0.247  0.590  1.000  0.818  0.670
  0.477  0.435  0.201 -0.010 -0.391 -0.441 -0.459 -0.345 -0.317 -0.173 -0.213 -0.185 -0.192  0.066  0.042  0.235  0.202  0.306  0.255  0.092 -0.110 -0.390 -0.572 -0.611 -0.515 -0.509 -0.665 -0.666 -0.516 -0.577 -0.647 -0.493 -0.393 -0.460 -0.571 -0.612 -0.608 -0.617 -0.614 -0.611 -0.708 -0.565 -0.652 -0.630 -0.450 -0.321 -0.409 -0.475 -0.604 -0.588 -0.608 -0.614 -0.515 -0.409 -0.213 -0.052  0.102 -0.081 -0.097  0.119  0.163  0.354  0.479  0.449  0.308 -0.008 -0.409 -0.609 -0.629 -0.581 -0.244  0.024  0.325  0.818  1.000  0.917
