  1.000  0.772  0.515  0.210 -0.242 -0.327 -0.378 -0.310 -0.270 -0.080 -0.158 -0.094 -0.063  0.249  0.307  0.625  0.657  0.638  0.475  0.301  0.247 -0.111 -0.333 -0.392 -0.265 -0.343 -0.483 -0.470 -0.384 -0.444 -0.490 -0.405 -0.311 -0.334 -0.432 -0.453 -0.466 -0.472 -0.416 -0.469 -0.537 -0.476 -0.510 -0.483 -0.347 -0.234 -0.322 -0.378 -0.481 -0.481 -0.474 -0.454 -0.359 -0.254 -0.017  0.151  0.237  0.037 -0.019  0.191  0.254  0.458  0.631  0.555  0.315  0.050 -0.270 -0.460 -0.521 -0.463 -0.296 -0.078  0.249  0.495  0.539  0.510
  0.772  1.000  0.679  0.398 -0.039 -0.172 -0.284 -0.322 -0.255  0.005 -0.029  0.089  0.131  0.434  0.495  0.638  0.503  0.459  0.277  0.116  0.047 -0.304 -0.431 -0.466 -0.350 -0.344 -0.435 -0.436 -0.310 -0.331 -0.388 -0.299 -0.194 -0.212 -0.320 -0.368 -0.392 -0.412 -0.387 -0.437 -0.494 -0.439 -0.454 -0.441 -0.315 -0.229 -0.340 -0.380 -0.480 -0.496 -0.550 -0.532 -0.493 -0.440 -0.227 -0.023  0.068 -0.145 -0.135  0.086  0.205  0.418  0.618  0.636  0.375  0.146 -0.190 -0.369 -0.432 -0.401 -0.286 -0.063  0.217  0.432  0.483  0.465
  0.515  0.679  1.000  0.679  0.246  0.102 -0.128 -0.211 -0.201 -0.094  0.010  0.191  0.257  0.508  0.521  0.452  0.302  0.185  0.056 -0.083 -0.140 -0.347 -0.398 -0.402 -0.383 -0.325 -0.338 -0.363 -0.257 -0.228 -0.287 -0.230 -0.125 -0.122 -0.220 -0.245 -0.288 -0.310 -0.281 -0.282 -0.300 -0.272 -0.265 -0.241 -0.168 -0.141 -0.199 -0.229 -0.300 -0.328 -0.395 -0.418 -0.406 -0.376 -0.279 -0.135 -0.031 -0.126 -0.088  0.056  0.128  0.290  0.490  0.609  0.477  0.391  0.137 -0.114 -0.208 -0.199 -0.120 -0.006  0.211  0.235  0.249  0.243
  0.210  0.398  0.679  1.000  0.660  0.498  0.187 -0.053 -0.017  0.127  0.301  0.513  0.523  0.631  0.482  0.308  0.073 -0.109 -0.234 -0.398 -0.398 -0.493 -0.410 -0.361 -0.390 -0.251 -0.169 -0.219 -0.097  0.001 -0.071 -0.054  0.039  0.080 -0.010 -0.051 -0.109 -0.130 -0.129 -0.108 -0.068 -0.034 -0.011  0.000  0.005 -0.044 -0.069 -0.082 -0.115 -0.209 -0.338 -0.377 -0.461 -0.496 -0.499 -0.369 -0.329 -0.383 -0.265 -0.168 -0.073  0.051  0.253  0.500  0.461  0.614  0.412  0.208  0.117  0.076  0.034  0.080  0.070 -0.045 -0.028 -0.023
 -0.242 -0.039  0.246  0.660  1.000  0.814  0.500  0.204  0.156  0.155  0.403  0.562  0.610  0.424  0.301 -0.009 -0.214 -0.403 -0.473 -0.526 -0.466 -0.352 -0.156 -0.056 -0.157 -0.002  0.186  0.142  0.188  0.325  0.284  0.239  0.258  0.298  0.293  0.256  0.209  0.165  0.126  0.201  0.285  0.264  0.326  0.328  0.233  0.125  0.154  0.167  0.201  0.085 -0.012 -0.035 -0.177 -0.305 -0.447 -0.466 -0.498 -0.445 -0.338 -0.368 -0.305 -0.282 -0.183  0.053  0.146  0.465  0.596  0.541  0.507  0.384  0.208  0.087 -0.109 -0.410 -0.426 -0.406
 -0.327 -0.172  0.102  0.498  0.814  1.000  0.650  0.359  0.239  0.104  0.337  0.474  0.472  0.273  0.146 -0.111 -0.272 -0.452 -0.486 -0.535 -0.467 -0.303 -0.070  0.004 -0.126  0.025  0.207  0.152  0.176  0.318  0.283  0.222  0.236  0.281  0.289  0.278  0.252  0.227  0.188  0.282  0.379  0.351  0.408  0.436  0.325  0.183  0.227  0.229  0.278  0.158  0.065  0.035 -0.112 -0.226 -0.390 -0.423 -0.470 -0.386 -0.277 -0.335 -0.303 -0.319 -0.246 -0.024  0.109  0.460  0.587  0.651  0.610  0.477  0.285  0.105 -0.155 -0.476 -0.499 -0.476
 -0.378 -0.284 -0.128  0.187  0.500  0.650  1.000  0.706  0.468  0.051  0.248  0.301  0.346  0.126  0.029 -0.181 -0.270 -0.417 -0.426 -0.413 -0.311 -0.146  0.058  0.127  0.026  0.139  0.284  0.255  0.225  0.319  0.323  0.242  0.189  0.211  0.277  0.298  0.318  0.317  0.306  0.366  0.431  0.454  0.471  0.424  0.260  0.128  0.203  0.198  0.272  0.177  0.119  0.112 -0.019 -0.132 -0.283 -0.343 -0.408 -0.320 -0.246 -0.339 -0.333 -0.386 -0.361 -0.245 -0.148  0.133  0.324  0.604  0.614  0.472  0.237  0.067 -0.276 -0.528 -0.524 -0.493
 -0.310 -0.322 -0.211 -0.053  0.204  0.359  0.706  1.000  0.656  0.020  0.139  0.067  0.030 -0.128 -0.150 -0.229 -0.210 -0.267 -0.232 -0.187 -0.129  0.008  0.104  0.134  0.037  0.072  0.160  0.141  0.076  0.150  0.170  0.078  0.042  0.065  0.139  0.208  0.240  0.243  0.238  0.291  0.323  0.325  0.329  0.319  0.192  0.087  0.175  0.151  0.206  0.162  0.154  0.159  0.107  0.048 -0.057 -0.126 -0.167 -0.079 -0.049 -0.147 -0.164 -0.261 -0.308 -0.285 -0.169  0.009  0.204  0.445  0.432  0.298  0.171  0.014 -0.225 -0.453 -0.437 -0.402
 -0.270 -0.255 -0.201 -0.017  0.156  0.239  0.468  0.656  1.000  0.351  0.329  0.240  0.142  0.002 -0.052 -0.132 -0.179 -0.253 -0.240 -0.212 -0.156 -0.019  0.075  0.108  0.059  0.093  0.137  0.120  0.080  0.091  0.111  0.062  0.010 -0.002  0.068  0.102  0.164  0.214  0.197  0.185  0.214  0.259  0.261  0.216  0.110  0.055  0.096  0.117  0.185  0.142  0.116  0.116  0.060 -0.005 -0.115 -0.178 -0.227 -0.151 -0.127 -0.205 -0.216 -0.277 -0.298 -0.258 -0.184 -0.041  0.105  0.283  0.290  0.189  0.028 -0.061 -0.241 -0.409 -0.363 -0.329
 -0.080  0.005 -0.094  0.127  0.155  0.104  0.051  0.020  0.351  1.000  0.684  0.467  0.281  0.206  0.094  0.052 -0.045 -0.121 -0.195 -0.221 -0.176 -0.186 -0.117 -0.063 -0.039  0.007  0.035  0.026  0.036  0.068  0.068  0.076  0.093  0.107  0.088  0.034  0.037  0.062  0.038 -0.027 -0.023  0.010  0.043 -0.008 -0.057 -0.066 -0.062 -0.004  0.027 -0.034 -0.086 -0.074 -0.173 -0.248 -0.269 -0.246 -0.270 -0.299 -0.268 -0.258 -0.209 -0.163 -0.116 -0.032 -0.050 -0.001 -0.061 -0.027 -0.001 -0.005 -0.076 -0.021 -0.122 -0.140 -0.134 -0.110
 -0.158 -0.029  0.010  0.301  0.403  0.337  0.248  0.139  0.329  0.684  1.000  0.770  0.576  0.419  0.219  0.069 -0.088 -0.259 -0.333 -0.387 -0.334 -0.303 -0.148 -0.078 -0.104 -0.006  0.077  0.067  0.119  0.201  0.178  0.181  0.223  0.268  0.245  0.173  0.134  0.111  0.067  0.045  0.062  0.078  0.131  0.073  0.001 -0.038 -0.024  0.002  0.054 -0.025 -0.118 -0.098 -0.242 -0.349 -0.409 -0.389 -0.420 -0.431 -0.370 -0.364 -0.305 -0.245 -0.171 -0.015 -0.014  0.134  0.112  0.158  0.162  0.106 -0.019 -0.002 -0.133 -0.267 -0.262 -0.228
 -0.094  0.089  0.191  0.513  0.562  0.474  0.301  0.067  0.240  0.467  0.770  1.000  0.807  0.645  0.393  0.189 -0.037 -0.250 -0.373 -0.467 -0.407 -0.412 -0.218 -0.122 -0.137 -0.015  0.081  0.065  0.144  0.212  0.172  0.179  0.217  0.242  0.214  0.139  0.110  0.089  0.046  0.028  0.069  0.076  0.116  0.052 -0.005 -0.053 -0.065 -0.021 -0.011 -0.106 -0.216 -0.192 -0.349 -0.472 -0.532 -0.491 -0.520 -0.558 -0.474 -0.443 -0.371 -0.261 -0.140  0.073  0.041  0.215  0.154  0.187  0.180  0.117 -0.032  0.015 -0.109 -0.221 -0.198 -0.170
 -0.063  0.131  0.257  0.523  0.610  0.472  0.346  0.030  0.142  0.281  0.576  0.807  1.000  0.794  0.558  0.262  0.014 -0.226 -0.360 -0.448 -0.370 -0.367 -0.186 -0.073 -0.080  0.049  0.139  0.143  0.219  0.264  0.221  0.236  0.243  0.248  0.240  0.157  0.136  0.095  0.046  0.045  0.079  0.083  0.111  0.032 -0.028 -0.040 -0.060 -0.042 -0.027 -0.105 -0.202 -0.156 -0.314 -0.450 -0.507 -0.493 -0.528 -0.565 -0.491 -0.467 -0.383 -0.273 -0.137  0.054 -0.014  0.163  0.136  0.179  0.199  0.131 -0.044  0.001 -0.121 -0.221 -0.200 -0.176
  0.249  0.434  0.508  0.631  0.424  0.273  0.126 -0.128  0.002  0.206  0.419  0.645  0.794  1.000  0.761  0.514  0.245  0.006 -0.166 -0.308 -0.283 -0.423 -0.326 -0.255 -0.202 -0.100 -0.067 -0.069  0.027  0.047 -0.006  0.028  0.076  0.083  0.031 -0.043 -0.057 -0.082 -0.117 -0.144 -0.141 -0.108 -0.103 -0.191 -0.188 -0.160 -0.216 -0.224 -0.251 -0.301 -0.401 -0.361 -0.460 -0.544 -0.511 -0.420 -0.393 -0.507 -0.453 -0.344 -0.230 -0.064  0.136  0.300  0.135  0.217  0.027 -0.043 -0.042 -0.065 -0.138  0.011  0.024  0.039  0.069  0.074
  0.307  0.495  0.521  0.482  0.301  0.146  0.029 -0.150 -0.052  0.094  0.219  0.393  0.558  0.761  1.000  0.678  0.383  0.141 -0.073 -0.174 -0.125 -0.262 -0.231 -0.171 -0.106 -0.025 -0.024 -0.040  0.044  0.049 -0.020  0.009  0.039  0.011 -0.026 -0.090 -0.086 -0.085 -0.103 -0.161 -0.151 -0.145 -0.150 -0.248 -0.241 -0.165 -0.244 -0.246 -0.273 -0.293 -0.341 -0.274 -0.335 -0.410 -0.367 -0.325 -0.303 -0.415 -0.408 -0.310 -0.215 -0.051  0.171  0.267  0.068  0.111 -0.033 -0.121 -0.117 -0.127 -0.174 -0.043  0.003  0.068  0.110  0.115
  0.625  0.638  0.452  0.308 -0.009 -0.111 -0.181 -0.229 -0.132  0.052  0.069  0.189  0.262  0.514  0.678  1.000  0.704  0.470  0.238  0.097  0.120 -0.161 -0.259 -0.249 -0.153 -0.163 -0.227 -0.236 -0.181 -0.207 -0.242 -0.201 -0.162 -0.177 -0.237 -0.280 -0.258 -0.247 -0.240 -0.310 -0.343 -0.311 -0.347 -0.407 -0.369 -0.252 -0.329 -0.350 -0.401 -0.420 -0.429 -0.364 -0.352 -0.348 -0.189 -0.094 -0.040 -0.218 -0.275 -0.127 -0.035  0.158  0.394  0.380  0.087 -0.031 -0.243 -0.337 -0.343 -0.308 -0.265 -0.050  0.105  0.276  0.322  0.326
  0.657  0.503  0.302  0.073 -0.214 -0.272 -0.270 -0.210 -0.179 -0.045 -0.088 -0.037  0.014  0.245  0.383  0.704  1.000  0.785  0.517  0.365  0.435  0.094 -0.111 -0.130 -0.047 -0.147 -0.253 -0.248 -0.250 -0.311 -0.330 -0.297 -0.262 -0.284 -0.338 -0.358 -0.334 -0.318 -0.287 -0.343 -0.396 -0.365 -0.414 -0.422 -0.342 -0.201 -0.271 -0.314 -0.387 -0.374 -0.324 -0.246 -0.160 -0.104  0.095  0.174  0.193  0.012 -0.089  0.037  0.093  0.222  0.377  0.270  0.050 -0.139 -0.329 -0.400 -0.419 -0.367 -0.292 -0.110  0.084  0.314  0.349  0.345
  0.638  0.459  0.185 -0.109 -0.403 -0.452 -0.417 -0.267 -0.253 -0.121 -0.259 -0.250 -0.226  0.006  0.141  0.470  0.785  1.000  0.775  0.636  0.602  0.217 -0.094 -0.165 -0.035 -0.193 -0.364 -0.329 -0.328 -0.435 -0.448 -0.392 -0.360 -0.406 -0.457 -0.461 -0.440 -0.427 -0.361 -0.414 -0.490 -0.450 -0.505 -0.484 -0.376 -0.230 -0.302 -0.353 -0.438 -0.385 -0.304 -0.247 -0.078  0.048  0.310  0.415  0.461  0.262  0.145  0.283  0.273  0.351  0.405  0.245  0.073 -0.199 -0.387 -0.499 -0.527 -0.466 -0.326 -0.152  0.152  0.444  0.479  0.464
  0.475  0.277  0.056 -0.234 -0.473 -0.486 -0.426 -0.232 -0.240 -0.195 -0.333 -0.373 -0.360 -0.166 -0.073  0.238  0.517  0.775  1.000  0.765  0.590  0.255 -0.042 -0.139 -0.050 -0.223 -0.377 -0.337 -0.367 -0.479 -0.464 -0.429 -0.410 -0.440 -0.475 -0.446 -0.403 -0.400 -0.326 -0.368 -0.456 -0.402 -0.453 -0.405 -0.289 -0.199 -0.254 -0.298 -0.351 -0.279 -0.190 -0.160  0.037  0.203  0.488  0.621  0.660  0.484  0.359  0.461  0.409  0.385  0.342  0.171  0.096 -0.189 -0.344 -0.463 -0.499 -0.430 -0.260 -0.144  0.166  0.424  0.441  0.416
  0.301  0.116 -0.083 -0.398 -0.526 -0.535 -0.413 -0.187 -0.212 -0.221 -0.387 -0.467 -0.448 -0.308 -0.174  0.097  0.365  0.636  0.765  1.000  0.802  0.502  0.183  0.064  0.147 -0.052 -0.237 -0.207 -0.280 -0.413 -0.391 -0.372 -0.384 -0.422 -0.423 -0.379 -0.328 -0.332 -0.262 -0.298 -0.373 -0.333 -0.387 -0.362 -0.278 -0.173 -0.192 -0.210 -0.235 -0.143 -0.007  0.042  0.244  0.414  0.654  0.657  0.686  0.580  0.426  0.454  0.351  0.250  0.155 -0.045 -0.075 -0.334 -0.369 -0.443 -0.444 -0.391 -0.244 -0.167  0.110  0.360  0.353  0.326
  0.247  0.047 -0.140 -0.398 -0.466 -0.467 -0.311 -0.129 -0.156 -0.176 -0.334 -0.407 -0.370 -0.283 -0.125  0.120  0.435  0.602  0.590  0.802  1.000  0.738  0.396  0.275  0.368  0.138 -0.057 -0.026 -0.148 -0.299 -0.287 -0.290 -0.323 -0.359 -0.342 -0.300 -0.242 -0.222 -0.180 -0.208 -0.254 -0.253 -0.303 -0.303 -0.264 -0.150 -0.155 -0.149 -0.149 -0.058  0.102  0.197  0.371  0.484  0.647  0.559  0.509  0.430  0.259  0.244  0.169  0.087  0.039 -0.142 -0.205 -0.385 -0.363 -0.386 -0.356 -0.309 -0.211 -0.155  0.020  0.226  0.209  0.195
 -0.111 -0.304 -0.347 -0.493 -0.352 -0.303 -0.146  0.008 -0.019 -0.186 -0.303 -0.412 -0.367 -0.423 -0.262 -0.161  0.094  0.217  0.255  0.502  0.738  1.000  0.757  0.636  0.663  0.458  0.272  0.268  0.120 -0.044 -0.055 -0.089 -0.163 -0.198 -0.138 -0.094 -0.035  0.015  0.025  0.026  0.035 -0.007 -0.006 -0.017 -0.044  0.016  0.051  0.100  0.164  0.298  0.492  0.610  0.698  0.735  0.695  0.464  0.336  0.422  0.253  0.116  0.014 -0.134 -0.263 -0.423 -0.366 -0.399 -0.203 -0.136 -0.072 -0.068 -0.058 -0.141 -0.137 -0.078 -0.120 -0.129
 -0.333 -0.431 -0.398 -0.410 -0.156 -0.070  0.058  0.104  0.075 -0.117 -0.148 -0.218 -0.186 -0.326 -0.231 -0.259 -0.111 -0.094 -0.042  0.183  0.396  0.757  1.000  0.840  0.698  0.615  0.569  0.481  0.277  0.153  0.153  0.082 -0.024 -0.039  0.048  0.087  0.173  0.263  0.213  0.197  0.258  0.204  0.259  0.218  0.162  0.143  0.183  0.283  0.394  0.525  0.647  0.754  0.684  0.628  0.461  0.223  0.048  0.191  0.112 -0.081 -0.162 -0.310 -0.434 -0.504 -0.396 -0.300 -0.041  0.103  0.162  0.143  0.052 -0.099 -0.260 -0.316 -0.375 -0.365
 -0.392 -0.466 -0.402 -0.361 -0.056  0.004  0.127  0.134  0.108 -0.063 -0.078 -0.122 -0.073 -0.255 -0.171 -0.249 -0.130 -0.165 -0.139  0.064  0.275  0.636  0.840  1.000  0.826  0.646  0.712  0.679  0.439  0.322  0.337  0.262  0.132  0.101  0.210  0.219  0.270  0.343  0.249  0.249  0.334  0.206  0.262  0.223  0.138  0.155  0.204  0.299  0.391  0.491  0.625  0.779  0.700  0.536  0.335  0.052 -0.114  0.046 -0.030 -0.243 -0.303 -0.426 -0.523 -0.566 -0.463 -0.319 -0.032  0.134  0.215  0.169  0.041 -0.114 -0.331 -0.400 -0.446 -0.423
 -0.265 -0.350 -0.383 -0.390 -0.157 -0.126  0.026  0.037  0.059 -0.039 -0.104 -0.137 -0.080 -0.202 -0.106 -0.153 -0.047 -0.035 -0.050  0.147  0.368  0.663  0.698  0.826  1.000  0.767  0.609  0.657  0.503  0.294  0.273  0.233  0.105  0.033  0.123  0.126  0.192  0.252  0.172  0.154  0.211  0.113  0.117  0.048 -0.034  0.017  0.039  0.118  0.202  0.296  0.438  0.591  0.559  0.428  0.307  0.065 -0.073  0.023 -0.076 -0.226 -0.289 -0.366 -0.433 -0.511 -0.471 -0.398 -0.177 -0.035  0.068  0.050 -0.043 -0.098 -0.239 -0.231 -0.274 -0.263
 -0.343 -0.344 -0.325 -0.251 -0.002  0.025  0.139  0.072  0.093  0.007 -0.006 -0.015  0.049 -0.100 -0.025 -0.163 -0.147 -0.193 -0.223 -0.052  0.138  0.458  0.615  0.646  0.767  1.000  0.761  0.647  0.625  0.493  0.381  0.340  0.235  0.158  0.224  0.208  0.275  0.352  0.258  0.211  0.275  0.219  0.252  0.152  0.052  0.055  0.075  0.135  0.232  0.297  0.341  0.471  0.375  0.229  0.066 -0.114 -0.228 -0.130 -0.167 -0.299 -0.357 -0.401 -0.453 -0.459 -0.403 -0.260 -0.055  0.098  0.181  0.133  0.008 -0.047 -0.239 -0.318 -0.350 -0.343
 -0.483 -0.435 -0.338 -0.169  0.186  0.207  0.284  0.160  0.137  0.035  0.077  0.081  0.139 -0.067 -0.024 -0.227 -0.253 -0.364 -0.377 -0.237 -0.057  0.272  0.569  0.712  0.609  0.761  1.000  0.854  0.649  0.663  0.661  0.516  0.378  0.380  0.484  0.486  0.534  0.608  0.476  0.411  0.513  0.379  0.415  0.323  0.171  0.155  0.221  0.282  0.389  0.409  0.442  0.559  0.391  0.185 -0.034 -0.258 -0.391 -0.246 -0.242 -0.422 -0.458 -0.524 -0.566 -0.522 -0.441 -0.184  0.100  0.284  0.380  0.325  0.151  0.011 -0.336 -0.567 -0.597 -0.566
 -0.470 -0.436 -0.363 -0.219  0.142  0.152  0.255  0.141  0.120  0.026  0.067  0.065  0.143 -0.069 -0.040 -0.236 -0.248 -0.329 -0.337 -0.207 -0.026  0.268  0.481  0.679  0.657  0.647  0.854  1.000  0.785  0.686  0.752  0.660  0.478  0.435  0.561  0.525  0.546  0.560  0.425  0.394  0.471  0.304  0.314  0.223  0.056  0.075  0.135  0.200  0.295  0.309  0.382  0.500  0.387  0.184 -0.005 -0.257 -0.375 -0.245 -0.273 -0.443 -0.479 -0.536 -0.580 -0.556 -0.491 -0.266  0.010  0.192  0.314  0.261  0.091 -0.018 -0.333 -0.506 -0.535 -0.498
 -0.384 -0.310 -0.257 -0.097  0.188  0.176  0.225  0.076  0.080  0.036  0.119  0.144  0.219  0.027  0.044 -0.181 -0.250 -0.328 -0.367 -0.280 -0.148  0.120  0.277  0.439  0.503  0.625  0.649  0.785  1.000  0.828  0.702  0.764  0.665  0.514  0.542  0.423  0.346  0.337  0.181  0.201  0.301  0.141  0.169  0.087 -0.031  0.013  0.029  0.062  0.121  0.122  0.166  0.293  0.205  0.010 -0.157 -0.341 -0.422 -0.320 -0.327 -0.429 -0.450 -0.444 -0.461 -0.403 -0.367 -0.178 -0.015  0.111  0.201  0.120 -0.038 -0.080 -0.286 -0.353 -0.348 -0.313
 -0.444 -0.331 -0.228  0.001  0.325  0.318  0.319  0.150  0.091  0.068  0.201  0.212  0.264  0.047  0.049 -0.207 -0.311 -0.435 -0.479 -0.413 -0.299 -0.044  0.153  0.322  0.294  0.493  0.663  0.686  0.828  1.000  0.862  0.796  0.764  0.726  0.726  0.652  0.521  0.475  0.338  0.365  0.473  0.278  0.288  0.222  0.071  0.078  0.121  0.135  0.198  0.145  0.139  0.245  0.113 -0.083 -0.274 -0.423 -0.500 -0.386 -0.349 -0.465 -0.462 -0.472 -0.464 -0.360 -0.304 -0.066  0.124  0.274  0.359  0.300  0.132  0.026 -0.275 -0.507 -0.515 -0.475
 -0.490 -0.388 -0.287 -0.071  0.284  0.283  0.323  0.170  0.111  0.068  0.178  0.172  0.221 -0.006 -0.020 -0.242 -0.330 -0.448 -0.464 -0.391 -0.287 -0.055  0.153  0.337  0.273  0.381  0.661  0.752  0.702  0.862  1.000  0.858  0.722  0.751  0.835  0.778  0.698  0.626  0.506  0.488  0.548  0.367  0.335  0.263  0.081  0.075  0.150  0.163  0.241  0.173  0.192  0.270  0.140 -0.041 -0.224 -0.403 -0.474 -0.350 -0.318 -0.447 -0.458 -0.510 -0.509 -0.426 -0.365 -0.119  0.109  0.289  0.404  0.361  0.194  0.058 -0.302 -0.555 -0.585 -0.549
 -0.405 -0.299 -0.230 -0.054  0.239  0.222  0.242  0.078  0.062  0.076  0.181  0.179  0.236  0.028  0.009 -0.201 -0.297 -0.392 -0.429 -0.372 -0.290 -0.089  0.082  0.262  0.233  0.340  0.516  0.660  0.764  0.796  0.858  1.000  0.870  0.739  0.765  0.594  0.443  0.380  0.241  0.265  0.355  0.172  0.193  0.150  0.024  0.075  0.109  0.101  0.134  0.075  0.096  0.198  0.097 -0.087 -0.249 -0.413 -0.461 -0.352 -0.326 -0.425 -0.429 -0.423 -0.414 -0.341 -0.311 -0.124  0.041  0.166  0.254  0.185  0.029 -0.066 -0.285 -0.391 -0.395 -0.367
 -0.311 -0.194 -0.125  0.039  0.258  0.236  0.189  0.042  0.010  0.093  0.223  0.217  0.243  0.076  0.039 -0.162 -0.262 -0.360 -0.410 -0.384 -0.323 -0.163 -0.024  0.132  0.105  0.235  0.378  0.478  0.665  0.764  0.722  0.870  1.000  0.853  0.741  0.563  0.293  0.213  0.084  0.142  0.266  0.061  0.109  0.108  0.026  0.068  0.070  0.063  0.078  0.020  0.022  0.116  0.003 -0.153 -0.290 -0.396 -0.427 -0.348 -0.310 -0.383 -0.360 -0.314 -0.285 -0.194 -0.168 -0.014  0.075  0.151  0.200  0.132  0.014 -0.064 -0.204 -0.320 -0.328 -0.301
 -0.334 -0.212 -0.122  0.080  0.298  0.281  0.211  0.065 -0.002  0.107  0.268  0.242  0.248  0.083  0.011 -0.177 -0.284 -0.406 -0.440 -0.422 -0.359 -0.198 -0.039  0.101  0.033  0.158  0.380  0.435  0.514  0.726  0.751  0.739  0.853  1.000  0.893  0.778  0.496  0.370  0.269  0.308  0.404  0.191  0.203  0.198  0.078  0.069  0.111  0.113  0.155  0.057  0.040  0.105 -0.039 -0.178 -0.314 -0.406 -0.440 -0.358 -0.306 -0.376 -0.347 -0.323 -0.301 -0.187 -0.143  0.053  0.154  0.240  0.304  0.276  0.170  0.064 -0.180 -0.417 -0.453 -0.438
 -0.432 -0.320 -0.220 -0.010  0.293  0.289  0.277  0.139  0.068  0.088  0.245  0.214  0.240  0.031 -0.026 -0.237 -0.338 -0.457 -0.475 -0.423 -0.342 -0.138  0.048  0.210  0.123  0.224  0.484  0.561  0.542  0.726  0.835  0.765  0.741  0.893  1.000  0.898  0.695  0.546  0.441  0.461  0.523  0.322  0.292  0.253  0.094  0.081  0.148  0.151  0.212  0.119  0.125  0.190  0.048 -0.109 -0.271 -0.416 -0.471 -0.360 -0.316 -0.414 -0.402 -0.427 -0.419 -0.321 -0.255 -0.030  0.150  0.293  0.395  0.382  0.233  0.111 -0.241 -0.516 -0.553 -0.534
 -0.453 -0.368 -0.245 -0.051  0.256  0.278  0.298  0.208  0.102  0.034  0.173  0.139  0.157 -0.043 -0.090 -0.280 -0.358 -0.461 -0.446 -0.379 -0.300 -0.094  0.087  0.219  0.126  0.208  0.486  0.525  0.423  0.652  0.778  0.594  0.563  0.778  0.898  1.000  0.835  0.655  0.564  0.583  0.608  0.446  0.373  0.316  0.137  0.095  0.180  0.188  0.277  0.181  0.188  0.213  0.085 -0.035 -0.200 -0.347 -0.405 -0.284 -0.246 -0.358 -0.357 -0.426 -0.438 -0.352 -0.259 -0.026  0.179  0.345  0.452  0.480  0.340  0.203 -0.212 -0.563 -0.622 -0.600
 -0.466 -0.392 -0.288 -0.109  0.209  0.252  0.318  0.240  0.164  0.037  0.134  0.110  0.136 -0.057 -0.086 -0.258 -0.334 -0.440 -0.403 -0.328 -0.242 -0.035  0.173  0.270  0.192  0.275  0.534  0.546  0.346  0.521  0.698  0.443  0.293  0.496  0.695  0.835  1.000  0.858  0.724  0.667  0.606  0.545  0.427  0.320  0.128  0.076  0.177  0.192  0.298  0.234  0.246  0.234  0.110  0.009 -0.149 -0.302 -0.368 -0.246 -0.210 -0.334 -0.361 -0.462 -0.487 -0.416 -0.325 -0.092  0.145  0.339  0.450  0.481  0.333  0.218 -0.204 -0.564 -0.620 -0.597
 -0.472 -0.412 -0.310 -0.130  0.165  0.227  0.317  0.243  0.214  0.062  0.111  0.089  0.095 -0.082 -0.085 -0.247 -0.318 -0.427 -0.400 -0.332 -0.222  0.015  0.263  0.343  0.252  0.352  0.608  0.560  0.337  0.475  0.626  0.380  0.213  0.370  0.546  0.655  0.858  1.000  0.829  0.635  0.623  0.577  0.493  0.366  0.168  0.103  0.212  0.237  0.345  0.307  0.307  0.301  0.152  0.042 -0.129 -0.290 -0.365 -0.231 -0.199 -0.334 -0.374 -0.478 -0.509 -0.446 -0.353 -0.100  0.131  0.333  0.428  0.446  0.298  0.176 -0.227 -0.573 -0.615 -0.586
 -0.416 -0.387 -0.281 -0.129  0.126  0.188  0.306  0.238  0.197  0.038  0.067  0.046  0.046 -0.117 -0.103 -0.240 -0.287 -0.361 -0.326 -0.262 -0.180  0.025  0.213  0.249  0.172  0.258  0.476  0.425  0.181  0.338  0.506  0.241  0.084  0.269  0.441  0.564  0.724  0.829  1.000  0.765  0.689  0.669  0.537  0.379  0.158  0.055  0.175  0.213  0.338  0.285  0.274  0.232  0.129  0.065 -0.085 -0.221 -0.270 -0.151 -0.112 -0.241 -0.298 -0.414 -0.439 -0.406 -0.319 -0.108  0.125  0.326  0.436  0.514  0.423  0.281 -0.169 -0.507 -0.590 -0.585
 -0.469 -0.437 -0.282 -0.108  0.201  0.282  0.366  0.291  0.185 -0.027  0.045  0.028  0.045 -0.144 -0.161 -0.310 -0.343 -0.414 -0.368 -0.298 -0.208  0.026  0.197  0.249  0.154  0.211  0.411  0.394  0.201  0.365  0.488  0.265  0.142  0.308  0.461  0.583  0.667  0.635  0.765  1.000  0.841  0.769  0.605  0.458  0.196  0.062  0.198  0.243  0.400  0.316  0.281  0.242  0.160  0.085 -0.088 -0.225 -0.288 -0.142 -0.084 -0.233 -0.277 -0.407 -0.441 -0.392 -0.286 -0.079  0.215  0.439  0.596  0.689  0.633  0.469 -0.110 -0.535 -0.663 -0.664
 -0.537 -0.494 -0.300 -0.068  0.285  0.379  0.431  0.323  0.214 -0.023  0.062  0.069  0.079 -0.141 -0.151 -0.343 -0.396 -0.490 -0.456 -0.373 -0.254  0.035  0.258  0.334  0.211  0.275  0.513  0.471  0.301  0.473  0.548  0.355  0.266  0.404  0.523  0.608  0.606  0.623  0.689  0.841  1.000  0.791  0.697  0.577  0.315  0.151  0.284  0.331  0.488  0.412  0.374  0.349  0.215  0.118 -0.108 -0.283 -0.369 -0.184 -0.126 -0.302 -0.333 -0.452 -0.491 -0.410 -0.270 -0.016  0.306  0.555  0.703  0.749  0.626  0.345 -0.217 -0.631 -0.737 -0.724
 -0.476 -0.439 -0.272 -0.034  0.264  0.351  0.454  0.325  0.259  0.010  0.078  0.076  0.083 -0.108 -0.145 -0.311 -0.365 -0.450 -0.402 -0.333 -0.253 -0.007  0.204  0.206  0.113  0.219  0.379  0.304  0.141  0.278  0.367  0.172  0.061  0.191  0.322  0.446  0.545  0.577  0.669  0.769  0.791  1.000  0.817  0.598  0.315  0.103  0.233  0.278  0.470  0.414  0.318  0.225  0.116  0.077 -0.107 -0.227 -0.295 -0.136 -0.066 -0.211 -0.244 -0.388 -0.432 -0.354 -0.220  0.009  0.320  0.569  0.724  0.807  0.634  0.421 -0.134 -0.568 -0.668 -0.662
 -0.510 -0.454 -0.265 -0.011  0.326  0.408  0.471  0.329  0.261  0.043  0.131  0.116  0.111 -0.103 -0.150 -0.347 -0.414 -0.505 -0.453 -0.387 -0.303 -0.006  0.259  0.262  0.117  0.252  0.415  0.314  0.169  0.288  0.335  0.193  0.109  0.203  0.292  0.373  0.427  0.493  0.537  0.605  0.697  0.817  1.000  0.818  0.525  0.251  0.382  0.416  0.616  0.559  0.425  0.336  0.194  0.113 -0.118 -0.249 -0.319 -0.139 -0.059 -0.228 -0.255 -0.384 -0.431 -0.332 -0.169  0.081  0.415  0.679  0.741  0.705  0.502  0.227 -0.219 -0.607 -0.689 -0.670
 -0.483 -0.441 -0.241  0.000  0.328  0.436  0.424  0.319  0.216 -0.008  0.073  0.052  0.032 -0.191 -0.248 -0.407 -0.422 -0.484 -0.405 -0.362 -0.303 -0.017  0.218  0.223  0.048  0.152  0.323  0.223  0.087  0.222  0.263  0.150  0.108  0.198  0.253  0.316  0.320  0.366  0.379  0.458  0.577  0.598  0.818  1.000  0.793  0.473  0.598  0.616  0.683  0.557  0.432  0.343  0.222  0.160 -0.072 -0.176 -0.247 -0.071  0.004 -0.158 -0.170 -0.273 -0.334 -0.242 -0.035  0.198  0.525  0.754  0.697  0.610  0.413  0.093 -0.244 -0.587 -0.655 -0.636
 -0.347 -0.315 -0.168  0.005  0.233  0.325  0.260  0.192  0.110 -0.057  0.001 -0.005 -0.028 -0.188 -0.241 -0.369 -0.342 -0.376 -0.289 -0.278 -0.264 -0.044  0.162  0.138 -0.034  0.052  0.171  0.056 -0.031  0.071  0.081  0.024  0.026  0.078  0.094  0.137  0.128  0.168  0.158  0.196  0.315  0.315  0.525  0.793  1.000  0.712  0.653  0.634  0.546  0.496  0.380  0.282  0.163  0.141 -0.028 -0.069 -0.141 -0.016  0.056 -0.063 -0.025 -0.077 -0.165 -0.096  0.120  0.292  0.493  0.597  0.460  0.357  0.219 -0.046 -0.179 -0.400 -0.449 -0.442
 -0.234 -0.229 -0.141 -0.044  0.125  0.183  0.128  0.087  0.055 -0.066 -0.038 -0.053 -0.040 -0.160 -0.165 -0.252 -0.201 -0.230 -0.199 -0.173 -0.150  0.016  0.143  0.155  0.017  0.055  0.155  0.075  0.013  0.078  0.075  0.075  0.068  0.069  0.081  0.095  0.076  0.103  0.055  0.062  0.151  0.103  0.251  0.473  0.712  1.000  0.757  0.549  0.363  0.319  0.276  0.258  0.181  0.128  0.003 -0.051 -0.120 -0.023  0.004 -0.078 -0.051 -0.077 -0.141 -0.118  0.002  0.121  0.288  0.371  0.253  0.154  0.050 -0.166 -0.198 -0.284 -0.298 -0.299
 -0.322 -0.340 -0.199 -0.069  0.154  0.227  0.203  0.175  0.096 -0.062 -0.024 -0.065 -0.060 -0.216 -0.244 -0.329 -0.271 -0.302 -0.254 -0.192 -0.155  0.051  0.183  0.204  0.039  0.075  0.221  0.135  0.029  0.121  0.150  0.109  0.070  0.111  0.148  0.180  0.177  0.212  0.175  0.198  0.284  0.233  0.382  0.598  0.653  0.757  1.000  0.744  0.540  0.383  0.318  0.317  0.229  0.167  0.007 -0.076 -0.139 -0.013  0.022 -0.088 -0.095 -0.152 -0.217 -0.184 -0.061  0.091  0.319  0.452  0.375  0.281  0.165 -0.080 -0.225 -0.404 -0.425 -0.416
 -0.378 -0.380 -0.229 -0.082  0.167  0.229  0.198  0.151  0.117 -0.004  0.002 -0.021 -0.042 -0.224 -0.246 -0.350 -0.314 -0.353 -0.298 -0.210 -0.149  0.100  0.283  0.299  0.118  0.135  0.282  0.200  0.062  0.135  0.163  0.101  0.063  0.113  0.151  0.188  0.192  0.237  0.213  0.243  0.331  0.278  0.416  0.616  0.634  0.549  0.744  1.000  0.758  0.553  0.432  0.417  0.292  0.216  0.022 -0.077 -0.170 -0.026  0.028 -0.119 -0.144 -0.216 -0.279 -0.239 -0.096  0.079  0.306  0.415  0.375  0.310  0.193 -0.040 -0.199 -0.418 -0.483 -0.465
 -0.481 -0.480 -0.300 -0.115  0.201  0.278  0.272  0.206  0.185  0.027  0.054 -0.011 -0.027 -0.251 -0.273 -0.401 -0.387 -0.438 -0.351 -0.235 -0.149  0.164  0.394  0.391  0.202  0.232  0.389  0.295  0.121  0.198  0.241  0.134  0.078  0.155  0.212  0.277  0.298  0.345  0.338  0.400  0.488  0.470  0.616  0.683  0.546  0.363  0.540  0.758  1.000  0.776  0.599  0.529  0.371  0.316  0.077 -0.065 -0.172  0.020  0.090 -0.100 -0.145 -0.296 -0.384 -0.340 -0.163  0.065  0.362  0.510  0.516  0.473  0.327  0.070 -0.218 -0.535 -0.625 -0.608
 -0.481 -0.496 -0.328 -0.209  0.085  0.158  0.177  0.162  0.142 -0.034 -0.025 -0.106 -0.105 -0.301 -0.293 -0.420 -0.374 -0.385 -0.279 -0.143 -0.058  0.298  0.525  0.491  0.296  0.297  0.409  0.309  0.122  0.145  0.173  0.075  0.020  0.057  0.119  0.181  0.234  0.307  0.285  0.316  0.412  0.414  0.559  0.557  0.496  0.319  0.383  0.553  0.776  1.000  0.834  0.680  0.511  0.483  0.230  0.065 -0.062  0.153  0.213 -0.009 -0.060 -0.247 -0.395 -0.381 -0.177  0.022  0.292  0.402  0.391  0.363  0.242 -0.003 -0.224 -0.471 -0.543 -0.527
 -0.474 -0.550 -0.395 -0.338 -0.012  0.065  0.119  0.154  0.116 -0.086 -0.118 -0.216 -0.202 -0.401 -0.341 -0.429 -0.324 -0.304 -0.190 -0.007  0.102  0.492  0.647  0.625  0.438  0.341  0.442  0.382  0.166  0.139  0.192  0.096  0.022  0.040  0.125  0.188  0.246  0.307  0.274  0.281  0.374  0.318  0.425  0.432  0.380  0.276  0.318  0.432  0.599  0.834  1.000  0.860  0.728  0.688  0.419  0.181  0.035  0.278  0.272  0.015 -0.063 -0.277 -0.458 -0.496 -0.280 -0.114  0.191  0.299  0.313  0.280  0.190 -0.057 -0.247 -0.442 -0.508 -0.484
 -0.454 -0.532 -0.418 -0.377 -0.035  0.035  0.112  0.159  0.116 -0.074 -0.098 -0.192 -0.156 -0.361 -0.274 -0.364 -0.246 -0.247 -0.160  0.042  0.197  0.610  0.754  0.779  0.591  0.471  0.559  0.500  0.293  0.245  0.270  0.198  0.116  0.105  0.190  0.213  0.234  0.301  0.232  0.242  0.349  0.225  0.336  0.343  0.282  0.258  0.317  0.417  0.529  0.680  0.860  1.000  0.837  0.691  0.424  0.135 -0.040  0.187  0.125 -0.127 -0.198 -0.367 -0.513 -0.554 -0.382 -0.219  0.099  0.230  0.269  0.217  0.097 -0.129 -0.323 -0.446 -0.495 -0.464
 -0.359 -0.493 -0.406 -0.461 -0.177 -0.112 -0.019  0.107  0.060 -0.173 -0.242 -0.349 -0.314 -0.460 -0.335 -0.352 -0.160 -0.078  0.037  0.244  0.371  0.698  0.684  0.700  0.559  0.375  0.391  0.387  0.205  0.113  0.140  0.097  0.003 -0.039  0.048  0.085  0.110  0.152  0.129  0.160  0.215  0.116  0.194  0.222  0.163  0.181  0.229  0.292  0.371  0.511  0.728  0.837  1.000  0.851  0.622  0.333  0.201  0.406  0.281  0.046 -0.057 -0.247 -0.415 -0.524 -0.364 -0.302  0.016  0.089  0.124  0.091  0.027 -0.173 -0.272 -0.291 -0.328 -0.306
 -0.254 -0.440 -0.376 -0.496 -0.305 -0.226 -0.132  0.048 -0.005 -0.248 -0.349 -0.472 -0.450 -0.544 -0.410 -0.348 -0.104  0.048  0.203  0.414  0.484  0.735  0.628  0.536  0.428  0.229  0.185  0.184  0.010 -0.083 -0.041 -0.087 -0.153 -0.178 -0.109 -0.035  0.009  0.042  0.065  0.085  0.118  0.077  0.113  0.160  0.141  0.128  0.167  0.216  0.316  0.483  0.688  0.691  0.851  1.000  0.832  0.569  0.451  0.644  0.493  0.276  0.152 -0.084 -0.283 -0.440 -0.275 -0.282 -0.026  0.004  0.015  0.022  0.042 -0.143 -0.149 -0.160 -0.212 -0.210
 -0.017 -0.227 -0.279 -0.499 -0.447 -0.390 -0.283 -0.057 -0.115 -0.269 -0.409 -0.532 -0.507 -0.511 -0.367 -0.189  0.095  0.310  0.488  0.654  0.647  0.695  0.461  0.335  0.307  0.066 -0.034 -0.005 -0.157 -0.274 -0.224 -0.249 -0.290 -0.314 -0.271 -0.200 -0.149 -0.129 -0.085 -0.088 -0.108 -0.107 -0.118 -0.072 -0.028  0.003  0.007  0.022  0.077  0.230  0.419  0.424  0.622  0.832  1.000  0.810  0.684  0.764  0.576  0.448  0.329  0.101 -0.078 -0.266 -0.164 -0.301 -0.172 -0.205 -0.203 -0.164 -0.067 -0.152 -0.022  0.068  0.027  0.009
  0.151 -0.023 -0.135 -0.369 -0.466 -0.423 -0.343 -0.126 -0.178 -0.246 -0.389 -0.491 -0.493 -0.420 -0.325 -0.094  0.174  0.415  0.621  0.657  0.559  0.464  0.223  0.052  0.065 -0.114 -0.258 -0.257 -0.341 -0.423 -0.403 -0.413 -0.396 -0.406 -0.416 -0.347 -0.302 -0.290 -0.221 -0.225 -0.283 -0.227 -0.249 -0.176 -0.069 -0.051 -0.076 -0.077 -0.065  0.065  0.181  0.135  0.333  0.569  0.810  1.000  0.832  0.755  0.682  0.654  0.606  0.372  0.198 -0.001  0.062 -0.163 -0.187 -0.277 -0.323 -0.261 -0.108 -0.116  0.103  0.222  0.190  0.167
  0.237  0.068 -0.031 -0.329 -0.498 -0.470 -0.408 -0.167 -0.227 -0.270 -0.420 -0.520 -0.528 -0.393 -0.303 -0.040  0.193  0.461  0.660  0.686  0.509  0.336  0.048 -0.114 -0.073 -0.228 -0.391 -0.375 -0.422 -0.500 -0.474 -0.461 -0.427 -0.440 -0.471 -0.405 -0.368 -0.365 -0.270 -0.288 -0.369 -0.295 -0.319 -0.247 -0.141 -0.120 -0.139 -0.170 -0.172 -0.062  0.035 -0.040  0.201  0.451  0.684  0.832  1.000  0.861  0.709  0.753  0.615  0.439  0.290  0.111  0.144 -0.134 -0.205 -0.342 -0.389 -0.329 -0.127 -0.110  0.185  0.343  0.325  0.295
  0.037 -0.145 -0.126 -0.383 -0.445 -0.386 -0.320 -0.079 -0.151 -0.299 -0.431 -0.558 -0.565 -0.507 -0.415 -0.218  0.012  0.262  0.484  0.580  0.430  0.422  0.191  0.046  0.023 -0.130 -0.246 -0.245 -0.320 -0.386 -0.350 -0.352 -0.348 -0.358 -0.360 -0.284 -0.246 -0.231 -0.151 -0.142 -0.184 -0.136 -0.139 -0.071 -0.016 -0.023 -0.013 -0.026  0.020  0.153  0.278  0.187  0.406  0.644  0.764  0.755  0.861  1.000  0.839  0.733  0.531  0.306  0.121 -0.048  0.041 -0.156 -0.113 -0.199 -0.227 -0.179 -0.027 -0.109  0.097  0.162  0.136  0.115
 -0.019 -0.135 -0.088 -0.265 -0.338 -0.277 -0.246 -0.049 -0.127 -0.268 -0.370 -0.474 -0.491 -0.453 -0.408 -0.275 -0.089  0.145  0.359  0.426  0.259  0.253  0.112 -0.030 -0.076 -0.167 -0.242 -0.273 -0.327 -0.349 -0.318 -0.326 -0.310 -0.306 -0.316 -0.246 -0.210 -0.199 -0.112 -0.084 -0.126 -0.066 -0.059  0.004  0.056  0.004  0.022  0.028  0.090  0.213  0.272  0.125  0.281  0.493  0.576  0.682  0.709  0.839  1.000  0.825  0.688  0.406  0.197  0.039  0.135 -0.030 -0.020 -0.106 -0.141 -0.088  0.044 -0.060  0.103  0.089  0.066  0.046
  0.191  0.086  0.056 -0.168 -0.368 -0.335 -0.339 -0.147 -0.205 -0.258 -0.364 -0.443 -0.467 -0.344 -0.310 -0.127  0.037  0.283  0.461  0.454  0.244  0.116 -0.081 -0.243 -0.226 -0.299 -0.422 -0.443 -0.429 -0.465 -0.447 -0.425 -0.383 -0.376 -0.414 -0.358 -0.334 -0.334 -0.241 -0.233 -0.302 -0.211 -0.228 -0.158 -0.063 -0.078 -0.088 -0.119 -0.100 -0.009  0.015 -0.127  0.046  0.276  0.448  0.654  0.753  0.733  0.825  1.000  0.831  0.585  0.399  0.241  0.286  0.035 -0.083 -0.222 -0.281 -0.230 -0.056 -0.064  0.195  0.277  0.274  0.240
  0.254  0.205  0.128 -0.073 -0.305 -0.303 -0.333 -0.164 -0.216 -0.209 -0.305 -0.371 -0.383 -0.230 -0.215 -0.035  0.093  0.273  0.409  0.351  0.169  0.014 -0.162 -0.303 -0.289 -0.357 -0.458 -0.479 -0.450 -0.462 -0.458 -0.429 -0.360 -0.347 -0.402 -0.357 -0.361 -0.374 -0.298 -0.277 -0.333 -0.244 -0.255 -0.170 -0.025 -0.051 -0.095 -0.144 -0.145 -0.060 -0.063 -0.198 -0.057  0.152  0.329  0.606  0.615  0.531  0.688  0.831  1.000  0.774  0.565  0.369  0.420  0.133 -0.048 -0.196 -0.278 -0.226 -0.047 -0.034  0.207  0.275  0.276  0.251
  0.458  0.418  0.290  0.051 -0.282 -0.319 -0.386 -0.261 -0.277 -0.163 -0.245 -0.261 -0.273 -0.064 -0.051  0.158  0.222  0.351  0.385  0.250  0.087 -0.134 -0.310 -0.426 -0.366 -0.401 -0.524 -0.536 -0.444 -0.472 -0.510 -0.423 -0.314 -0.323 -0.427 -0.426 -0.462 -0.478 -0.414 -0.407 -0.452 -0.388 -0.384 -0.273 -0.077 -0.077 -0.152 -0.216 -0.296 -0.247 -0.277 -0.367 -0.247 -0.084  0.101  0.372  0.439  0.306  0.406  0.585  0.774  1.000  0.793  0.571  0.548  0.212 -0.098 -0.274 -0.373 -0.332 -0.142 -0.067  0.259  0.413  0.425  0.399
  0.631  0.618  0.490  0.253 -0.183 -0.246 -0.361 -0.308 -0.298 -0.116 -0.171 -0.140 -0.137  0.136  0.171  0.394  0.377  0.405  0.342  0.155  0.039 -0.263 -0.434 -0.523 -0.433 -0.453 -0.566 -0.580 -0.461 -0.464 -0.509 -0.414 -0.285 -0.301 -0.419 -0.438 -0.487 -0.509 -0.439 -0.441 -0.491 -0.432 -0.431 -0.334 -0.165 -0.141 -0.217 -0.279 -0.384 -0.395 -0.458 -0.513 -0.415 -0.283 -0.078  0.198  0.290  0.121  0.197  0.399  0.565  0.793  1.000  0.813  0.613  0.304 -0.082 -0.290 -0.394 -0.353 -0.164 -0.029  0.303  0.448  0.471  0.451
  0.555  0.636  0.609  0.500  0.053 -0.024 -0.245 -0.285 -0.258 -0.032 -0.015  0.073  0.054  0.300  0.267  0.380  0.270  0.245  0.171 -0.045 -0.142 -0.423 -0.504 -0.566 -0.511 -0.459 -0.522 -0.556 -0.403 -0.360 -0.426 -0.341 -0.194 -0.187 -0.321 -0.352 -0.416 -0.446 -0.406 -0.392 -0.410 -0.354 -0.332 -0.242 -0.096 -0.118 -0.184 -0.239 -0.340 -0.381 -0.496 -0.554 -0.524 -0.440 -0.266 -0.001  0.111 -0.048  0.039  0.241  0.369  0.571  0.813  1.000  0.788  0.523  0.108 -0.132 -0.265 -0.244 -0.097  0.022  0.297  0.350  0.376  0.354
  0.315  0.375  0.477  0.461  0.146  0.109 -0.148 -0.169 -0.184 -0.050 -0.014  0.041 -0.014  0.135  0.068  0.087  0.050  0.073  0.096 -0.075 -0.205 -0.366 -0.396 -0.463 -0.471 -0.403 -0.441 -0.491 -0.367 -0.304 -0.365 -0.311 -0.168 -0.143 -0.255 -0.259 -0.325 -0.353 -0.319 -0.286 -0.270 -0.220 -0.169 -0.035  0.120  0.002 -0.061 -0.096 -0.163 -0.177 -0.280 -0.382 -0.364 -0.275 -0.164  0.062  0.144  0.041  0.135  0.286  0.420  0.548  0.613  0.788  1.000  0.704  0.341  0.073 -0.098 -0.109 -0.002  0.007  0.217  0.192  0.194  0.176
  0.050  0.146  0.391  0.614  0.465  0.460  0.133  0.009 -0.041 -0.001  0.134  0.215  0.163  0.217  0.111 -0.031 -0.139 -0.199 -0.189 -0.334 -0.385 -0.399 -0.300 -0.319 -0.398 -0.260 -0.184 -0.266 -0.178 -0.066 -0.119 -0.124 -0.014  0.053 -0.030 -0.026 -0.092 -0.100 -0.108 -0.079 -0.016  0.009  0.081  0.198  0.292  0.121  0.091  0.079  0.065  0.022 -0.114 -0.219 -0.302 -0.282 -0.301 -0.163 -0.134 -0.156 -0.030  0.035  0.133  0.212  0.304  0.523  0.704  1.000  0.697  0.380  0.191  0.140  0.122  0.045  0.075 -0.094 -0.099 -0.107
 -0.270 -0.190  0.137  0.412  0.596  0.587  0.324  0.204  0.105 -0.061  0.112  0.154  0.136  0.027 -0.033 -0.243 -0.329 -0.387 -0.344 -0.369 -0.363 -0.203 -0.041 -0.032 -0.177 -0.055  0.100  0.010 -0.015  0.124  0.109  0.041  0.075  0.154  0.150  0.179  0.145  0.131  0.125  0.215  0.306  0.320  0.415  0.525  0.493  0.288  0.319  0.306  0.362  0.292  0.191  0.099  0.016 -0.026 -0.172 -0.187 -0.205 -0.113 -0.020 -0.083 -0.048 -0.098 -0.082  0.108  0.341  0.697  1.000  0.722  0.546  0.420  0.307  0.090 -0.068 -0.385 -0.431 -0.435
 -0.460 -0.369 -0.114  0.208  0.541  0.651  0.604  0.445  0.283 -0.027  0.158  0.187  0.179 -0.043 -0.121 -0.337 -0.400 -0.499 -0.463 -0.443 -0.386 -0.136  0.103  0.134 -0.035  0.098  0.284  0.192  0.111  0.274  0.289  0.166  0.151  0.240  0.293  0.345  0.339  0.333  0.326  0.439  0.555  0.569  0.679  0.754  0.597  0.371  0.452  0.415  0.510  0.402  0.299  0.230  0.089  0.004 -0.205 -0.277 -0.342 -0.199 -0.106 -0.222 -0.196 -0.274 -0.290 -0.132  0.073  0.380  0.722  1.000  0.852  0.671  0.429  0.125 -0.235 -0.595 -0.654 -0.636
 -0.521 -0.432 -0.208  0.117  0.507  0.610  0.614  0.432  0.290 -0.001  0.162  0.180  0.199 -0.042 -0.117 -0.343 -0.419 -0.527 -0.499 -0.444 -0.356 -0.072  0.162  0.215  0.068  0.181  0.380  0.314  0.201  0.359  0.404  0.254  0.200  0.304  0.395  0.452  0.450  0.428  0.436  0.596  0.703  0.724  0.741  0.697  0.460  0.253  0.375  0.375  0.516  0.391  0.313  0.269  0.124  0.015 -0.203 -0.323 -0.389 -0.227 -0.141 -0.281 -0.278 -0.373 -0.394 -0.265 -0.098  0.191  0.546  0.852  1.000  0.827  0.560  0.245 -0.226 -0.643 -0.715 -0.696
 -0.463 -0.401 -0.199  0.076  0.384  0.477  0.472  0.298  0.189 -0.005  0.106  0.117  0.131 -0.065 -0.127 -0.308 -0.367 -0.466 -0.430 -0.391 -0.309 -0.068  0.143  0.169  0.050  0.133  0.325  0.261  0.120  0.300  0.361  0.185  0.132  0.276  0.382  0.480  0.481  0.446  0.514  0.689  0.749  0.807  0.705  0.610  0.357  0.154  0.281  0.310  0.473  0.363  0.280  0.217  0.091  0.022 -0.164 -0.261 -0.329 -0.179 -0.088 -0.230 -0.226 -0.332 -0.353 -0.244 -0.109  0.140  0.420  0.671  0.827  1.000  0.769  0.460 -0.081 -0.579 -0.688 -0.682
 -0.296 -0.286 -0.120  0.034  0.208  0.285  0.237  0.171  0.028 -0.076 -0.019 -0.032 -0.044 -0.138 -0.174 -0.265 -0.292 -0.326 -0.260 -0.244 -0.211 -0.058  0.052  0.041 -0.043  0.008  0.151  0.091 -0.038  0.132  0.194  0.029  0.014  0.170  0.233  0.340  0.333  0.298  0.423  0.633  0.626  0.634  0.502  0.413  0.219  0.050  0.165  0.193  0.327  0.242  0.190  0.097  0.027  0.042 -0.067 -0.108 -0.127 -0.027  0.044 -0.056 -0.047 -0.142 -0.164 -0.097 -0.002  0.122  0.307  0.429  0.560  0.769  1.000  0.748  0.255 -0.368 -0.533 -0.557
 -0.078 -0.063 -0.006  0.080  0.087  0.105  0.067  0.014 -0.061 -0.021 -0.002  0.015  0.001  0.011 -0.043 -0.050 -0.110 -0.152 -0.144 -0.167 -0.155 -0.141 -0.099 -0.114 -0.098 -0.047  0.011 -0.018 -0.080  0.026  0.058 -0.066 -0.064  0.064  0.111  0.203  0.218  0.176  0.281  0.469  0.345  0.421  0.227  0.093 -0.046 -0.166 -0.080 -0.040  0.070 -0.003 -0.057 -0.129 -0.173 -0.143 -0.152 -0.116 -0.110 -0.109 -0.060 -0.064 -0.034 -0.067 -0.029  0.022  0.007  0.045  0.090  0.125  0.245  0.460  0.748  1.000  0.511 -0.088 -0.263 -0.309
  0.249  0.217  0.211  0.070 -0.109 -0.155 -0.276 -0.225 -0.241 -0.122 -0.133 -0.109 -0.121  0.024  0.003  0.105  0.084  0.152  0.166  0.110  0.020 -0.137 -0.260 -0.331 -0.239 -0.239 -0.336 -0.333 -0.286 -0.275 -0.302 -0.285 -0.204 -0.180 -0.241 -0.212 -0.204 -0.227 -0.169 -0.110 -0.217 -0.134 -0.219 -0.244 -0.179 -0.198 -0.225 -0.199 -0.218 -0.224 -0.247 -0.323 -0.272 -0.149 -0.022  0.103  0.185  0.097  0.103  0.195  0.207  0.259  0.303  0.297  0.217  0.075 -0.068 -0.235 -0.226 -0.081  0.255  0.511  1.000  0.380  0.210  0.115
  0.495  0.432  0.235 -0.045 -0.410 -0.476 -0.528 -0.453 -0.409 -0.140 -0.267 -0.221 -0.221  0.039  0.068  0.276  0.314  0.444  0.424  0.360  0.226 -0.078 -0.316 -0.400 -0.231 -0.318 -0.567 -0.506 -0.353 -0.507 -0.555 -0.391 -0.320 -0.417 -0.516 -0.563 -0.564 -0.573 -0.507 -0.535 -0.631 -0.568 -0.607 -0.587 -0.400 -0.284 -0.404 -0.418 -0.535 -0.471 -0.442 -0.446 -0.291 -0.160  0.068  0.222  0.343  0.162  0.089  0.277  0.275  0.413  0.448  0.350  0.192 -0.094 -0.385 -0.595 -0.643 -0.579 -0.368 -0.088  0.380  1.000  0.836  0.685
  0.539  0.483  0.249 -0.028 -0.426 -0.499 -0.524 -0.437 -0.363 -0.134 -0.262 -0.198 -0.200  0.069  0.110  0.322  0.349  0.479  0.441  0.353  0.209 -0.120 -0.375 -0.446 -0.274 -0.350 -0.597 -0.535 -0.348 -0.515 -0.585 -0.395 -0.328 -0.453 -0.553 -0.622 -0.620 -0.615 -0.590 -0.663 -0.737 -0.668 -0.689 -0.655 -0.449 -0.298 -0.425 -0.483 -0.625 -0.543 -0.508 -0.495 -0.328 -0.212  0.027  0.190  0.325  0.136  0.066  0.274  0.276  0.425  0.471  0.376  0.194 -0.099 -0.431 -0.654 -0.715 -0.688 -0.533 -0.263  0.210  0.836  1.000  0.904
