  1.000  0.787  0.536  0.244 -0.197 -0.293 -0.365 -0.311 -0.282 -0.101 -0.173 -0.120 -0.070  0.257  0.335  0.636  0.634  0.622  0.456  0.297  0.209 -0.147 -0.361 -0.419 -0.283 -0.337 -0.494 -0.464 -0.387 -0.456 -0.482 -0.390 -0.307 -0.336 -0.419 -0.448 -0.458 -0.475 -0.408 -0.454 -0.527 -0.455 -0.499 -0.474 -0.331 -0.235 -0.332 -0.377 -0.480 -0.472 -0.489 -0.469 -0.379 -0.282 -0.047  0.136  0.226  0.016 -0.012  0.193  0.266  0.456  0.630  0.544  0.317  0.083 -0.216 -0.416 -0.496 -0.443 -0.288 -0.073  0.244  0.504  0.545  0.513
  0.787  1.000  0.684  0.419 -0.017 -0.148 -0.273 -0.303 -0.254 -0.023 -0.056  0.051  0.103  0.428  0.506  0.651  0.493  0.456  0.287  0.128  0.033 -0.306 -0.442 -0.476 -0.356 -0.338 -0.458 -0.440 -0.327 -0.356 -0.403 -0.312 -0.213 -0.240 -0.336 -0.380 -0.413 -0.440 -0.393 -0.434 -0.488 -0.418 -0.445 -0.428 -0.294 -0.219 -0.318 -0.361 -0.466 -0.472 -0.534 -0.526 -0.490 -0.428 -0.216 -0.003  0.075 -0.144 -0.115  0.098  0.220  0.416  0.607  0.627  0.382  0.188 -0.117 -0.326 -0.416 -0.380 -0.275 -0.054  0.214  0.440  0.484  0.459
  0.536  0.684  1.000  0.691  0.259  0.130 -0.096 -0.191 -0.196 -0.098 -0.000  0.172  0.247  0.520  0.543  0.477  0.336  0.209  0.083 -0.072 -0.133 -0.358 -0.406 -0.413 -0.381 -0.317 -0.349 -0.371 -0.275 -0.238 -0.288 -0.249 -0.143 -0.135 -0.220 -0.251 -0.297 -0.322 -0.280 -0.287 -0.300 -0.256 -0.266 -0.234 -0.155 -0.125 -0.179 -0.219 -0.298 -0.338 -0.402 -0.423 -0.423 -0.391 -0.278 -0.113 -0.033 -0.153 -0.090  0.054  0.138  0.298  0.499  0.594  0.466  0.416  0.180 -0.083 -0.184 -0.180 -0.108  0.004  0.176  0.225  0.248  0.236
  0.244  0.419  0.691  1.000  0.657  0.495  0.193 -0.051 -0.038  0.088  0.272  0.485  0.528  0.645  0.498  0.314  0.102 -0.079 -0.198 -0.356 -0.374 -0.494 -0.398 -0.364 -0.373 -0.231 -0.181 -0.228 -0.118 -0.017 -0.084 -0.075  0.026  0.058 -0.020 -0.067 -0.132 -0.161 -0.146 -0.116 -0.091 -0.053 -0.026 -0.010 -0.005 -0.037 -0.061 -0.086 -0.129 -0.227 -0.339 -0.375 -0.471 -0.506 -0.486 -0.337 -0.308 -0.375 -0.256 -0.160 -0.064  0.062  0.267  0.491  0.453  0.630  0.448  0.211  0.109  0.065  0.022  0.070  0.077 -0.025 -0.012 -0.014
 -0.197 -0.017  0.259  0.657  1.000  0.815  0.519  0.215  0.139  0.139  0.390  0.568  0.632  0.443  0.307  0.009 -0.172 -0.369 -0.440 -0.497 -0.434 -0.346 -0.128 -0.042 -0.128  0.026  0.183  0.127  0.168  0.297  0.255  0.206  0.239  0.273  0.264  0.231  0.176  0.149  0.111  0.179  0.256  0.247  0.310  0.304  0.201  0.113  0.149  0.142  0.174  0.058 -0.022 -0.046 -0.195 -0.314 -0.444 -0.445 -0.487 -0.439 -0.331 -0.365 -0.306 -0.276 -0.170  0.049  0.134  0.456  0.604  0.529  0.501  0.370  0.187  0.071 -0.126 -0.391 -0.405 -0.385
 -0.293 -0.148  0.130  0.495  0.815  1.000  0.651  0.357  0.230  0.102  0.336  0.490  0.502  0.296  0.154 -0.107 -0.254 -0.428 -0.463 -0.509 -0.427 -0.289 -0.061  0.008 -0.101  0.042  0.207  0.131  0.148  0.295  0.260  0.184  0.214  0.267  0.266  0.267  0.225  0.210  0.180  0.274  0.367  0.343  0.398  0.407  0.278  0.156  0.219  0.198  0.249  0.139  0.063  0.027 -0.122 -0.229 -0.384 -0.399 -0.462 -0.379 -0.262 -0.329 -0.286 -0.291 -0.220 -0.022  0.101  0.449  0.602  0.639  0.607  0.481  0.286  0.104 -0.152 -0.470 -0.491 -0.471
 -0.365 -0.273 -0.096  0.193  0.519  0.651  1.000  0.704  0.463  0.034  0.238  0.309  0.358  0.132  0.015 -0.182 -0.270 -0.404 -0.427 -0.420 -0.305 -0.154  0.050  0.121  0.028  0.135  0.291  0.244  0.202  0.300  0.309  0.216  0.173  0.212  0.278  0.304  0.317  0.333  0.320  0.364  0.433  0.446  0.462  0.418  0.242  0.125  0.209  0.182  0.252  0.162  0.105  0.096 -0.021 -0.128 -0.283 -0.346 -0.415 -0.322 -0.244 -0.335 -0.330 -0.365 -0.341 -0.220 -0.124  0.138  0.345  0.602  0.617  0.481  0.244  0.088 -0.258 -0.523 -0.525 -0.501
 -0.311 -0.303 -0.191 -0.051  0.215  0.357  0.704  1.000  0.664  0.020  0.154  0.087  0.044 -0.110 -0.160 -0.223 -0.214 -0.261 -0.241 -0.213 -0.136 -0.013  0.080  0.115  0.039  0.056  0.166  0.132  0.058  0.122  0.155  0.069  0.025  0.067  0.133  0.201  0.243  0.268  0.266  0.287  0.329  0.329  0.331  0.320  0.183  0.092  0.168  0.141  0.195  0.145  0.141  0.124  0.090  0.041 -0.074 -0.151 -0.185 -0.099 -0.076 -0.155 -0.188 -0.260 -0.293 -0.259 -0.158 -0.008  0.198  0.449  0.444  0.311  0.185  0.032 -0.215 -0.438 -0.435 -0.408
 -0.282 -0.254 -0.196 -0.038  0.139  0.230  0.463  0.664  1.000  0.321  0.317  0.243  0.142 -0.006 -0.083 -0.149 -0.198 -0.250 -0.247 -0.220 -0.154 -0.032  0.066  0.096  0.049  0.075  0.149  0.124  0.070  0.095  0.123  0.065  0.012  0.024  0.080  0.112  0.171  0.225  0.228  0.188  0.231  0.269  0.258  0.216  0.107  0.057  0.104  0.105  0.164  0.114  0.098  0.090  0.042 -0.012 -0.115 -0.186 -0.221 -0.146 -0.133 -0.191 -0.228 -0.279 -0.282 -0.232 -0.182 -0.047  0.092  0.288  0.301  0.200  0.045 -0.030 -0.218 -0.391 -0.368 -0.337
 -0.101 -0.023 -0.098  0.088  0.139  0.102  0.034  0.020  0.321  1.000  0.674  0.442  0.255  0.166  0.056  0.015 -0.083 -0.134 -0.195 -0.206 -0.184 -0.181 -0.096 -0.057 -0.053  0.002  0.041  0.036  0.065  0.099  0.085  0.089  0.111  0.135  0.106  0.057  0.032  0.036  0.036 -0.028 -0.023 -0.011  0.014 -0.028 -0.070 -0.070 -0.076 -0.016  0.018 -0.041 -0.080 -0.071 -0.159 -0.226 -0.251 -0.235 -0.248 -0.268 -0.238 -0.223 -0.190 -0.160 -0.128 -0.065 -0.083 -0.019 -0.052 -0.038 -0.012 -0.015 -0.064 -0.011 -0.090 -0.115 -0.122 -0.109
 -0.173 -0.056 -0.000  0.272  0.390  0.336  0.238  0.154  0.317  0.674  1.000  0.765  0.555  0.373  0.176  0.018 -0.131 -0.274 -0.336 -0.379 -0.340 -0.301 -0.126 -0.065 -0.103  0.014  0.110  0.085  0.139  0.224  0.197  0.188  0.231  0.278  0.244  0.182  0.122  0.096  0.062  0.048  0.073  0.069  0.116  0.064 -0.002 -0.019 -0.009  0.017  0.061 -0.020 -0.092 -0.087 -0.226 -0.331 -0.395 -0.373 -0.406 -0.408 -0.335 -0.332 -0.283 -0.244 -0.182 -0.049 -0.042  0.108  0.105  0.140  0.156  0.106  0.000  0.015 -0.126 -0.253 -0.258 -0.238
 -0.120  0.051  0.172  0.485  0.568  0.490  0.309  0.087  0.243  0.442  0.765  1.000  0.795  0.610  0.362  0.130 -0.087 -0.296 -0.395 -0.470 -0.410 -0.399 -0.187 -0.107 -0.138  0.012  0.112  0.086  0.162  0.243  0.199  0.198  0.237  0.267  0.230  0.156  0.101  0.080  0.044  0.040  0.075  0.084  0.123  0.055 -0.012 -0.036 -0.031 -0.007  0.021 -0.078 -0.178 -0.170 -0.342 -0.460 -0.517 -0.470 -0.514 -0.531 -0.431 -0.417 -0.346 -0.266 -0.158  0.039  0.028  0.216  0.189  0.204  0.198  0.137 -0.014  0.032 -0.104 -0.226 -0.215 -0.196
 -0.070  0.103  0.247  0.528  0.632  0.502  0.358  0.044  0.142  0.255  0.555  0.795  1.000  0.775  0.531  0.234  0.006 -0.247 -0.382 -0.453 -0.372 -0.360 -0.155 -0.049 -0.074  0.074  0.173  0.157  0.223  0.281  0.236  0.241  0.260  0.263  0.251  0.163  0.118  0.095  0.049  0.043  0.080  0.084  0.117  0.042 -0.023 -0.021 -0.020 -0.022 -0.006 -0.099 -0.186 -0.146 -0.310 -0.454 -0.512 -0.480 -0.537 -0.563 -0.475 -0.459 -0.379 -0.287 -0.151  0.039  0.002  0.193  0.187  0.201  0.224  0.151 -0.037  0.012 -0.134 -0.226 -0.208 -0.191
  0.257  0.428  0.520  0.645  0.443  0.296  0.132 -0.110 -0.006  0.166  0.373  0.610  0.775  1.000  0.760  0.503  0.251  0.001 -0.173 -0.302 -0.272 -0.415 -0.310 -0.241 -0.213 -0.086 -0.061 -0.075  0.017  0.054 -0.002  0.024  0.084  0.087  0.034 -0.043 -0.084 -0.101 -0.114 -0.152 -0.150 -0.118 -0.118 -0.183 -0.173 -0.135 -0.174 -0.193 -0.223 -0.298 -0.393 -0.352 -0.463 -0.551 -0.500 -0.388 -0.392 -0.506 -0.433 -0.330 -0.226 -0.068  0.133  0.305  0.167  0.260  0.078 -0.021 -0.038 -0.063 -0.141  0.021  0.020  0.034  0.067  0.070
  0.335  0.506  0.543  0.498  0.307  0.154  0.015 -0.160 -0.083  0.056  0.176  0.362  0.531  0.760  1.000  0.692  0.414  0.156 -0.054 -0.150 -0.093 -0.246 -0.213 -0.150 -0.110 -0.021 -0.035 -0.053  0.008  0.013 -0.041 -0.017  0.024  0.004 -0.035 -0.092 -0.115 -0.112 -0.122 -0.175 -0.168 -0.163 -0.177 -0.234 -0.217 -0.144 -0.189 -0.211 -0.249 -0.295 -0.338 -0.265 -0.326 -0.405 -0.343 -0.281 -0.289 -0.404 -0.385 -0.283 -0.193 -0.039  0.168  0.267  0.088  0.138  0.001 -0.116 -0.125 -0.135 -0.183 -0.036  0.008  0.077  0.115  0.122
  0.636  0.651  0.477  0.314  0.009 -0.107 -0.182 -0.223 -0.149  0.015  0.018  0.130  0.234  0.503  0.692  1.000  0.706  0.476  0.251  0.144  0.150 -0.135 -0.251 -0.247 -0.152 -0.163 -0.246 -0.235 -0.193 -0.241 -0.271 -0.217 -0.169 -0.191 -0.245 -0.287 -0.288 -0.286 -0.257 -0.317 -0.356 -0.323 -0.361 -0.406 -0.349 -0.244 -0.313 -0.339 -0.394 -0.408 -0.424 -0.353 -0.337 -0.330 -0.160 -0.059 -0.021 -0.210 -0.254 -0.105 -0.016  0.160  0.378  0.361  0.103  0.008 -0.197 -0.329 -0.345 -0.318 -0.272 -0.054  0.118  0.297  0.337  0.331
  0.634  0.493  0.336  0.102 -0.172 -0.254 -0.270 -0.214 -0.198 -0.083 -0.131 -0.087  0.006  0.251  0.414  0.706  1.000  0.772  0.493  0.385  0.432  0.094 -0.114 -0.136 -0.044 -0.142 -0.256 -0.238 -0.242 -0.326 -0.336 -0.288 -0.258 -0.291 -0.328 -0.348 -0.326 -0.321 -0.279 -0.340 -0.390 -0.361 -0.403 -0.418 -0.338 -0.224 -0.284 -0.315 -0.376 -0.355 -0.317 -0.232 -0.147 -0.097  0.101  0.172  0.189  0.009 -0.088  0.028  0.082  0.203  0.349  0.239  0.051 -0.102 -0.275 -0.382 -0.396 -0.368 -0.290 -0.115  0.100  0.333  0.361  0.347
  0.622  0.456  0.209 -0.079 -0.369 -0.428 -0.404 -0.261 -0.250 -0.134 -0.274 -0.296 -0.247  0.001  0.156  0.476  0.772  1.000  0.764  0.641  0.589  0.207 -0.109 -0.176 -0.031 -0.202 -0.385 -0.333 -0.335 -0.455 -0.453 -0.385 -0.354 -0.400 -0.441 -0.443 -0.418 -0.413 -0.348 -0.404 -0.477 -0.432 -0.492 -0.475 -0.356 -0.239 -0.311 -0.355 -0.428 -0.377 -0.309 -0.243 -0.078  0.044  0.302  0.397  0.457  0.263  0.131  0.263  0.262  0.323  0.391  0.228  0.072 -0.173 -0.358 -0.481 -0.510 -0.458 -0.315 -0.145  0.156  0.447  0.480  0.461
  0.456  0.287  0.083 -0.198 -0.440 -0.463 -0.427 -0.241 -0.247 -0.195 -0.336 -0.395 -0.382 -0.173 -0.054  0.251  0.493  0.764  1.000  0.773  0.575  0.249 -0.066 -0.169 -0.059 -0.234 -0.412 -0.362 -0.367 -0.482 -0.474 -0.410 -0.385 -0.420 -0.456 -0.437 -0.404 -0.398 -0.329 -0.370 -0.443 -0.395 -0.447 -0.393 -0.258 -0.180 -0.243 -0.280 -0.341 -0.277 -0.198 -0.175  0.023  0.197  0.469  0.606  0.672  0.491  0.353  0.457  0.410  0.381  0.349  0.180  0.118 -0.145 -0.311 -0.436 -0.486 -0.427 -0.263 -0.158  0.153  0.417  0.438  0.414
  0.297  0.128 -0.072 -0.356 -0.497 -0.509 -0.420 -0.213 -0.220 -0.206 -0.379 -0.470 -0.453 -0.302 -0.150  0.144  0.385  0.641  0.773  1.000  0.796  0.492  0.146  0.040  0.140 -0.093 -0.270 -0.211 -0.274 -0.417 -0.390 -0.351 -0.365 -0.405 -0.407 -0.377 -0.323 -0.309 -0.251 -0.293 -0.358 -0.334 -0.380 -0.351 -0.265 -0.184 -0.226 -0.235 -0.253 -0.160 -0.036  0.018  0.226  0.396  0.635  0.623  0.683  0.565  0.380  0.422  0.331  0.247  0.181 -0.013 -0.050 -0.294 -0.360 -0.442 -0.441 -0.390 -0.242 -0.169  0.107  0.354  0.355  0.335
  0.209  0.033 -0.133 -0.374 -0.434 -0.427 -0.305 -0.136 -0.154 -0.184 -0.340 -0.410 -0.372 -0.272 -0.093  0.150  0.432  0.589  0.575  0.796  1.000  0.729  0.377  0.274  0.369  0.108 -0.063 -0.017 -0.131 -0.285 -0.264 -0.259 -0.301 -0.338 -0.316 -0.277 -0.212 -0.183 -0.148 -0.186 -0.222 -0.241 -0.278 -0.280 -0.251 -0.181 -0.196 -0.174 -0.154 -0.049  0.100  0.208  0.369  0.488  0.650  0.529  0.489  0.418  0.218  0.204  0.136  0.069  0.031 -0.145 -0.198 -0.362 -0.355 -0.377 -0.331 -0.285 -0.195 -0.151  0.020  0.201  0.196  0.190
 -0.147 -0.306 -0.358 -0.494 -0.346 -0.289 -0.154 -0.013 -0.032 -0.181 -0.301 -0.399 -0.360 -0.415 -0.246 -0.135  0.094  0.207  0.249  0.492  0.729  1.000  0.753  0.635  0.666  0.438  0.269  0.274  0.121 -0.031 -0.025 -0.065 -0.144 -0.177 -0.119 -0.069  0.004  0.054  0.037  0.028  0.047 -0.026 -0.002 -0.007 -0.044 -0.034  0.005  0.070  0.159  0.297  0.481  0.609  0.698  0.744  0.692  0.440  0.326  0.411  0.225  0.091 -0.006 -0.142 -0.254 -0.400 -0.349 -0.392 -0.223 -0.150 -0.070 -0.061 -0.055 -0.153 -0.124 -0.100 -0.127 -0.116
 -0.361 -0.442 -0.406 -0.398 -0.128 -0.061  0.050  0.080  0.066 -0.096 -0.126 -0.187 -0.155 -0.310 -0.213 -0.251 -0.114 -0.109 -0.066  0.146  0.377  0.753  1.000  0.835  0.691  0.608  0.575  0.494  0.291  0.193  0.198  0.113  0.006 -0.003  0.079  0.125  0.211  0.289  0.225  0.204  0.269  0.179  0.262  0.234  0.154  0.105  0.174  0.273  0.406  0.521  0.641  0.764  0.680  0.619  0.444  0.201  0.027  0.179  0.091 -0.110 -0.182 -0.315 -0.425 -0.483 -0.386 -0.295 -0.056  0.094  0.174  0.145  0.057 -0.113 -0.242 -0.352 -0.394 -0.372
 -0.419 -0.476 -0.413 -0.364 -0.042  0.008  0.121  0.115  0.096 -0.057 -0.065 -0.107 -0.049 -0.241 -0.150 -0.247 -0.136 -0.176 -0.169  0.040  0.274  0.635  0.835  1.000  0.822  0.634  0.715  0.683  0.445  0.353  0.374  0.287  0.163  0.140  0.234  0.245  0.290  0.356  0.254  0.246  0.343  0.175  0.259  0.237  0.141  0.129  0.197  0.281  0.394  0.480  0.616  0.781  0.694  0.529  0.323  0.038 -0.129  0.036 -0.048 -0.260 -0.315 -0.420 -0.510 -0.546 -0.459 -0.320 -0.044  0.124  0.230  0.167  0.043 -0.134 -0.320 -0.428 -0.453 -0.418
 -0.283 -0.356 -0.381 -0.373 -0.128 -0.101  0.028  0.039  0.049 -0.053 -0.103 -0.138 -0.074 -0.213 -0.110 -0.152 -0.044 -0.031 -0.059  0.140  0.369  0.666  0.691  0.822  1.000  0.760  0.605  0.665  0.518  0.322  0.309  0.267  0.140  0.079  0.156  0.155  0.206  0.253  0.172  0.157  0.217  0.086  0.115  0.058 -0.040 -0.019  0.018  0.092  0.195  0.283  0.426  0.596  0.562  0.435  0.310  0.058 -0.076  0.021 -0.094 -0.243 -0.298 -0.371 -0.430 -0.487 -0.460 -0.381 -0.177 -0.038  0.082  0.054 -0.040 -0.119 -0.234 -0.268 -0.284 -0.253
 -0.337 -0.338 -0.317 -0.231  0.026  0.042  0.135  0.056  0.075  0.002  0.014  0.012  0.074 -0.086 -0.021 -0.163 -0.142 -0.202 -0.234 -0.093  0.108  0.438  0.608  0.634  0.760  1.000  0.753  0.655  0.635  0.507  0.405  0.355  0.248  0.178  0.236  0.222  0.284  0.351  0.249  0.201  0.266  0.193  0.239  0.151  0.043  0.028  0.073  0.127  0.228  0.268  0.326  0.467  0.370  0.226  0.061 -0.119 -0.239 -0.141 -0.186 -0.314 -0.349 -0.402 -0.440 -0.424 -0.386 -0.243 -0.065  0.084  0.176  0.127 -0.011 -0.084 -0.245 -0.338 -0.349 -0.316
 -0.494 -0.458 -0.349 -0.181  0.183  0.207  0.291  0.166  0.149  0.041  0.110  0.112  0.173 -0.061 -0.035 -0.246 -0.256 -0.385 -0.412 -0.270 -0.063  0.269  0.575  0.715  0.605  0.753  1.000  0.855  0.656  0.681  0.683  0.531  0.394  0.395  0.498  0.499  0.544  0.610  0.471  0.406  0.506  0.353  0.413  0.328  0.169  0.135  0.217  0.268  0.389  0.388  0.430  0.556  0.399  0.190 -0.039 -0.257 -0.407 -0.248 -0.254 -0.441 -0.469 -0.530 -0.569 -0.511 -0.431 -0.190  0.075  0.276  0.384  0.309  0.130 -0.028 -0.336 -0.571 -0.598 -0.554
 -0.464 -0.440 -0.371 -0.228  0.127  0.131  0.244  0.132  0.124  0.036  0.085  0.086  0.157 -0.075 -0.053 -0.235 -0.238 -0.333 -0.362 -0.211 -0.017  0.274  0.494  0.683  0.665  0.655  0.855  1.000  0.792  0.687  0.754  0.668  0.485  0.440  0.558  0.513  0.530  0.552  0.414  0.374  0.452  0.274  0.304  0.217  0.052  0.051  0.120  0.176  0.290  0.299  0.380  0.502  0.388  0.187 -0.013 -0.249 -0.380 -0.239 -0.272 -0.447 -0.484 -0.536 -0.573 -0.536 -0.484 -0.278 -0.022  0.166  0.299  0.233  0.069 -0.048 -0.327 -0.502 -0.523 -0.476
 -0.387 -0.327 -0.275 -0.118  0.168  0.148  0.202  0.058  0.070  0.065  0.139  0.162  0.223  0.017  0.008 -0.193 -0.242 -0.335 -0.367 -0.274 -0.131  0.121  0.291  0.445  0.518  0.635  0.656  0.792  1.000  0.825  0.711  0.767  0.668  0.522  0.541  0.416  0.347  0.351  0.200  0.200  0.301  0.144  0.178  0.100 -0.025 -0.000  0.041  0.074  0.147  0.134  0.193  0.307  0.210  0.021 -0.148 -0.315 -0.405 -0.308 -0.323 -0.434 -0.453 -0.463 -0.471 -0.401 -0.375 -0.193 -0.026  0.101  0.194  0.119 -0.035 -0.097 -0.285 -0.363 -0.356 -0.311
 -0.456 -0.356 -0.238 -0.017  0.297  0.295  0.300  0.122  0.095  0.099  0.224  0.243  0.281  0.054  0.013 -0.241 -0.326 -0.455 -0.482 -0.417 -0.285 -0.031  0.193  0.353  0.322  0.507  0.681  0.687  0.825  1.000  0.864  0.787  0.758  0.724  0.717  0.638  0.514  0.485  0.345  0.357  0.463  0.272  0.295  0.230  0.081  0.071  0.132  0.150  0.225  0.160  0.177  0.267  0.138 -0.063 -0.264 -0.405 -0.493 -0.376 -0.344 -0.467 -0.469 -0.480 -0.479 -0.369 -0.304 -0.069  0.111  0.268  0.354  0.291  0.127  0.007 -0.280 -0.504 -0.522 -0.477
 -0.482 -0.403 -0.288 -0.084  0.255  0.260  0.309  0.155  0.123  0.085  0.197  0.199  0.236 -0.002 -0.041 -0.271 -0.336 -0.453 -0.474 -0.390 -0.264 -0.025  0.198  0.374  0.309  0.405  0.683  0.754  0.711  0.864  1.000  0.857  0.717  0.737  0.823  0.759  0.686  0.630  0.501  0.475  0.524  0.340  0.329  0.252  0.077  0.074  0.143  0.159  0.246  0.185  0.216  0.286  0.170 -0.022 -0.222 -0.384 -0.472 -0.340 -0.316 -0.454 -0.476 -0.504 -0.519 -0.432 -0.362 -0.131  0.082  0.266  0.378  0.331  0.171  0.045 -0.295 -0.552 -0.586 -0.543
 -0.390 -0.312 -0.249 -0.075  0.206  0.184  0.216  0.069  0.065  0.089  0.188  0.198  0.241  0.024 -0.017 -0.217 -0.288 -0.385 -0.410 -0.351 -0.259 -0.065  0.113  0.287  0.267  0.355  0.531  0.668  0.767  0.787  0.857  1.000  0.858  0.720  0.751  0.568  0.433  0.391  0.245  0.249  0.329  0.149  0.173  0.125  0.009  0.053  0.090  0.095  0.139  0.087  0.126  0.204  0.107 -0.072 -0.232 -0.363 -0.429 -0.333 -0.316 -0.415 -0.430 -0.427 -0.432 -0.353 -0.315 -0.138  0.014  0.139  0.223  0.152  0.009 -0.072 -0.286 -0.385 -0.389 -0.348
 -0.307 -0.213 -0.143  0.026  0.239  0.214  0.173  0.025  0.012  0.111  0.231  0.237  0.260  0.084  0.024 -0.169 -0.258 -0.354 -0.385 -0.365 -0.301 -0.144  0.006  0.163  0.140  0.248  0.394  0.485  0.668  0.758  0.717  0.858  1.000  0.850  0.726  0.539  0.276  0.223  0.089  0.128  0.249  0.052  0.100  0.086  0.012  0.052  0.069  0.066  0.089  0.029  0.046  0.118  0.015 -0.144 -0.277 -0.362 -0.411 -0.342 -0.306 -0.375 -0.359 -0.324 -0.309 -0.215 -0.182 -0.027  0.061  0.137  0.184  0.118  0.004 -0.075 -0.223 -0.313 -0.322 -0.289
 -0.336 -0.240 -0.135  0.058  0.273  0.267  0.212  0.067  0.024  0.135  0.278  0.267  0.263  0.087  0.004 -0.191 -0.291 -0.400 -0.420 -0.405 -0.338 -0.177 -0.003  0.140  0.079  0.178  0.395  0.440  0.522  0.724  0.737  0.720  0.850  1.000  0.885  0.763  0.478  0.368  0.268  0.293  0.382  0.168  0.188  0.164  0.058  0.060  0.098  0.101  0.146  0.070  0.068  0.114 -0.010 -0.162 -0.304 -0.378 -0.428 -0.348 -0.293 -0.373 -0.355 -0.336 -0.317 -0.211 -0.160  0.023  0.122  0.219  0.276  0.255  0.153  0.047 -0.195 -0.413 -0.453 -0.427
 -0.419 -0.336 -0.220 -0.020  0.264  0.266  0.278  0.133  0.080  0.106  0.244  0.230  0.251  0.034 -0.035 -0.245 -0.328 -0.441 -0.456 -0.407 -0.316 -0.119  0.079  0.234  0.156  0.236  0.498  0.558  0.541  0.717  0.823  0.751  0.726  0.885  1.000  0.891  0.689  0.551  0.442  0.456  0.499  0.297  0.283  0.230  0.077  0.074  0.134  0.138  0.208  0.135  0.147  0.194  0.069 -0.099 -0.270 -0.385 -0.451 -0.342 -0.298 -0.410 -0.415 -0.425 -0.424 -0.329 -0.267 -0.059  0.109  0.267  0.366  0.354  0.227  0.103 -0.244 -0.516 -0.558 -0.523
 -0.448 -0.380 -0.251 -0.067  0.231  0.267  0.304  0.201  0.112  0.057  0.182  0.156  0.163 -0.043 -0.092 -0.287 -0.348 -0.443 -0.437 -0.377 -0.277 -0.069  0.125  0.245  0.155  0.222  0.499  0.513  0.416  0.638  0.759  0.568  0.539  0.763  0.891  1.000  0.832  0.663  0.566  0.588  0.594  0.422  0.374  0.310  0.133  0.086  0.169  0.178  0.273  0.203  0.206  0.225  0.113 -0.029 -0.210 -0.332 -0.399 -0.272 -0.227 -0.357 -0.374 -0.417 -0.436 -0.354 -0.269 -0.054  0.145  0.334  0.439  0.459  0.338  0.195 -0.219 -0.569 -0.628 -0.595
 -0.458 -0.413 -0.297 -0.132  0.176  0.225  0.317  0.243  0.171  0.032  0.122  0.101  0.118 -0.084 -0.115 -0.288 -0.326 -0.418 -0.404 -0.323 -0.212  0.004  0.211  0.290  0.206  0.284  0.544  0.530  0.347  0.514  0.686  0.433  0.276  0.478  0.689  0.832  1.000  0.863  0.727  0.672  0.590  0.506  0.423  0.325  0.128  0.066  0.161  0.179  0.292  0.244  0.259  0.258  0.160  0.035 -0.145 -0.280 -0.352 -0.217 -0.185 -0.325 -0.365 -0.436 -0.474 -0.416 -0.328 -0.120  0.105  0.320  0.438  0.456  0.333  0.216 -0.205 -0.568 -0.624 -0.590
 -0.475 -0.440 -0.322 -0.161  0.149  0.210  0.333  0.268  0.225  0.036  0.096  0.080  0.095 -0.101 -0.112 -0.286 -0.321 -0.413 -0.398 -0.309 -0.183  0.054  0.289  0.356  0.253  0.351  0.610  0.552  0.351  0.485  0.630  0.391  0.223  0.368  0.551  0.663  0.863  1.000  0.838  0.638  0.614  0.556  0.481  0.360  0.156  0.083  0.184  0.211  0.332  0.296  0.305  0.310  0.205  0.083 -0.110 -0.263 -0.342 -0.192 -0.168 -0.320 -0.379 -0.463 -0.507 -0.455 -0.368 -0.144  0.088  0.317  0.428  0.432  0.288  0.158 -0.233 -0.571 -0.623 -0.584
 -0.408 -0.393 -0.280 -0.146  0.111  0.180  0.320  0.266  0.228  0.036  0.062  0.044  0.049 -0.114 -0.122 -0.257 -0.279 -0.348 -0.329 -0.251 -0.148  0.037  0.225  0.254  0.172  0.249  0.471  0.414  0.200  0.345  0.501  0.245  0.089  0.268  0.442  0.566  0.727  0.838  1.000  0.761  0.674  0.650  0.512  0.355  0.130  0.031  0.141  0.168  0.297  0.266  0.254  0.225  0.149  0.073 -0.090 -0.212 -0.266 -0.131 -0.103 -0.239 -0.310 -0.399 -0.438 -0.403 -0.327 -0.137  0.077  0.305  0.436  0.501  0.415  0.289 -0.136 -0.505 -0.598 -0.583
 -0.454 -0.434 -0.287 -0.116  0.179  0.274  0.364  0.287  0.188 -0.028  0.048  0.040  0.043 -0.152 -0.175 -0.317 -0.340 -0.404 -0.370 -0.293 -0.186  0.028  0.204  0.246  0.157  0.201  0.406  0.374  0.200  0.357  0.475  0.249  0.128  0.293  0.456  0.588  0.672  0.638  0.761  1.000  0.834  0.754  0.593  0.445  0.189  0.054  0.183  0.219  0.365  0.318  0.292  0.250  0.173  0.098 -0.089 -0.214 -0.280 -0.121 -0.073 -0.232 -0.284 -0.387 -0.438 -0.392 -0.286 -0.087  0.173  0.421  0.595  0.692  0.648  0.495 -0.072 -0.543 -0.667 -0.667
 -0.527 -0.488 -0.300 -0.091  0.256  0.367  0.433  0.329  0.231 -0.023  0.073  0.075  0.080 -0.150 -0.168 -0.356 -0.390 -0.477 -0.443 -0.358 -0.222  0.047  0.269  0.343  0.217  0.266  0.506  0.452  0.301  0.463  0.524  0.329  0.249  0.382  0.499  0.594  0.590  0.614  0.674  0.834  1.000  0.783  0.681  0.550  0.281  0.124  0.264  0.306  0.458  0.403  0.372  0.347  0.236  0.131 -0.101 -0.258 -0.343 -0.158 -0.106 -0.295 -0.340 -0.445 -0.495 -0.421 -0.287 -0.037  0.267  0.537  0.698  0.746  0.628  0.360 -0.182 -0.623 -0.735 -0.722
 -0.455 -0.418 -0.256 -0.053  0.247  0.343  0.446  0.329  0.269 -0.011  0.069  0.084  0.084 -0.118 -0.163 -0.323 -0.361 -0.432 -0.395 -0.334 -0.241 -0.026  0.179  0.175  0.086  0.193  0.353  0.274  0.144  0.272  0.340  0.149  0.052  0.168  0.297  0.422  0.506  0.556  0.650  0.754  0.783  1.000  0.813  0.587  0.295  0.080  0.216  0.257  0.431  0.388  0.294  0.198  0.111  0.071 -0.120 -0.212 -0.270 -0.116 -0.045 -0.191 -0.242 -0.365 -0.411 -0.337 -0.217 -0.000  0.273  0.543  0.704  0.792  0.618  0.435 -0.091 -0.541 -0.648 -0.646
 -0.499 -0.445 -0.266 -0.026  0.310  0.398  0.462  0.331  0.258  0.014  0.116  0.123  0.117 -0.118 -0.177 -0.361 -0.403 -0.492 -0.447 -0.380 -0.278 -0.002  0.262  0.259  0.115  0.239  0.413  0.304  0.178  0.295  0.329  0.173  0.100  0.188  0.283  0.374  0.423  0.481  0.512  0.593  0.681  0.813  1.000  0.807  0.503  0.223  0.362  0.404  0.594  0.544  0.417  0.324  0.185  0.114 -0.113 -0.225 -0.312 -0.134 -0.048 -0.221 -0.249 -0.367 -0.422 -0.329 -0.182  0.071  0.390  0.668  0.737  0.701  0.486  0.234 -0.191 -0.586 -0.676 -0.664
 -0.474 -0.428 -0.234 -0.010  0.304  0.407  0.418  0.320  0.216 -0.028  0.064  0.055  0.042 -0.183 -0.234 -0.406 -0.418 -0.475 -0.393 -0.351 -0.280 -0.007  0.234  0.237  0.058  0.151  0.328  0.217  0.100  0.230  0.252  0.125  0.086  0.164  0.230  0.310  0.325  0.360  0.355  0.445  0.550  0.587  0.807  1.000  0.779  0.454  0.589  0.620  0.670  0.549  0.430  0.340  0.219  0.157 -0.069 -0.171 -0.252 -0.076  0.012 -0.151 -0.155 -0.255 -0.323 -0.244 -0.062  0.172  0.493  0.734  0.677  0.588  0.391  0.085 -0.230 -0.572 -0.643 -0.629
 -0.331 -0.294 -0.155 -0.005  0.201  0.278  0.242  0.183  0.107 -0.070 -0.002 -0.012 -0.023 -0.173 -0.217 -0.349 -0.338 -0.356 -0.258 -0.265 -0.251 -0.044  0.154  0.141 -0.040  0.043  0.169  0.052 -0.025  0.081  0.077  0.009  0.012  0.058  0.077  0.133  0.128  0.156  0.130  0.189  0.281  0.295  0.503  0.779  1.000  0.707  0.637  0.623  0.510  0.460  0.353  0.259  0.156  0.123 -0.039 -0.081 -0.147 -0.024  0.066 -0.044 -0.003 -0.046 -0.133 -0.088  0.094  0.254  0.456  0.559  0.431  0.321  0.193 -0.058 -0.181 -0.385 -0.425 -0.418
 -0.235 -0.219 -0.125 -0.037  0.113  0.156  0.125  0.092  0.057 -0.070 -0.019 -0.036 -0.021 -0.135 -0.144 -0.244 -0.224 -0.239 -0.180 -0.184 -0.181 -0.034  0.105  0.129 -0.019  0.028  0.135  0.051 -0.000  0.071  0.074  0.053  0.052  0.060  0.074  0.086  0.066  0.083  0.031  0.054  0.124  0.080  0.223  0.454  0.707  1.000  0.757  0.542  0.334  0.278  0.242  0.219  0.150  0.090 -0.030 -0.076 -0.121 -0.037  0.012 -0.058 -0.032 -0.052 -0.115 -0.099  0.007  0.101  0.262  0.335  0.227  0.117  0.037 -0.157 -0.194 -0.276 -0.272 -0.259
 -0.332 -0.318 -0.179 -0.061  0.149  0.219  0.209  0.168  0.104 -0.076 -0.009 -0.031 -0.020 -0.174 -0.189 -0.313 -0.284 -0.311 -0.243 -0.226 -0.196  0.005  0.174  0.197  0.018  0.073  0.217  0.120  0.041  0.132  0.143  0.090  0.069  0.098  0.134  0.169  0.161  0.184  0.141  0.183  0.264  0.216  0.362  0.589  0.637  0.757  1.000  0.736  0.520  0.359  0.296  0.286  0.214  0.144 -0.016 -0.086 -0.145 -0.028  0.029 -0.076 -0.073 -0.130 -0.205 -0.180 -0.063  0.065  0.284  0.428  0.351  0.249  0.138 -0.101 -0.235 -0.396 -0.405 -0.386
 -0.377 -0.361 -0.219 -0.086  0.142  0.198  0.182  0.141  0.105 -0.016  0.017 -0.007 -0.022 -0.193 -0.211 -0.339 -0.315 -0.355 -0.280 -0.235 -0.174  0.070  0.273  0.281  0.092  0.127  0.268  0.176  0.074  0.150  0.159  0.095  0.066  0.101  0.138  0.178  0.179  0.211  0.168  0.219  0.306  0.257  0.404  0.620  0.623  0.542  0.736  1.000  0.765  0.556  0.424  0.393  0.269  0.198  0.013 -0.081 -0.166 -0.023  0.041 -0.099 -0.104 -0.184 -0.265 -0.234 -0.107  0.050  0.271  0.389  0.356  0.283  0.182 -0.066 -0.214 -0.411 -0.456 -0.440
 -0.480 -0.466 -0.298 -0.129  0.174  0.249  0.252  0.195  0.164  0.018  0.061  0.021 -0.006 -0.223 -0.249 -0.394 -0.376 -0.428 -0.341 -0.253 -0.154  0.159  0.406  0.394  0.195  0.228  0.389  0.290  0.147  0.225  0.246  0.139  0.089  0.146  0.208  0.273  0.292  0.332  0.297  0.365  0.458  0.431  0.594  0.670  0.510  0.334  0.520  0.765  1.000  0.783  0.599  0.523  0.362  0.300  0.068 -0.070 -0.176  0.024  0.095 -0.105 -0.148 -0.288 -0.388 -0.344 -0.188  0.020  0.294  0.465  0.485  0.439  0.298  0.026 -0.234 -0.527 -0.591 -0.575
 -0.472 -0.472 -0.338 -0.227  0.058  0.139  0.162  0.145  0.114 -0.041 -0.020 -0.078 -0.099 -0.298 -0.295 -0.408 -0.355 -0.377 -0.277 -0.160 -0.049  0.297  0.521  0.480  0.283  0.268  0.388  0.299  0.134  0.160  0.185  0.087  0.029  0.070  0.135  0.203  0.244  0.296  0.266  0.318  0.403  0.388  0.544  0.549  0.460  0.278  0.359  0.556  0.783  1.000  0.825  0.665  0.483  0.458  0.212  0.047 -0.077  0.147  0.209 -0.023 -0.077 -0.243 -0.386 -0.378 -0.211 -0.033  0.229  0.353  0.391  0.366  0.255 -0.005 -0.207 -0.455 -0.525 -0.512
 -0.489 -0.534 -0.402 -0.339 -0.022  0.063  0.105  0.141  0.098 -0.080 -0.092 -0.178 -0.186 -0.393 -0.338 -0.424 -0.317 -0.309 -0.198 -0.036  0.100  0.481  0.641  0.616  0.426  0.326  0.430  0.380  0.193  0.177  0.216  0.126  0.046  0.068  0.147  0.206  0.259  0.305  0.254  0.292  0.372  0.294  0.417  0.430  0.353  0.242  0.296  0.424  0.599  0.825  1.000  0.855  0.711  0.663  0.393  0.157  0.018  0.269  0.263 -0.002 -0.085 -0.274 -0.445 -0.478 -0.297 -0.142  0.150  0.265  0.320  0.290  0.206 -0.064 -0.234 -0.442 -0.505 -0.486
 -0.469 -0.526 -0.423 -0.375 -0.046  0.027  0.096  0.124  0.090 -0.071 -0.087 -0.170 -0.146 -0.352 -0.265 -0.353 -0.232 -0.243 -0.175  0.018  0.208  0.609  0.764  0.781  0.596  0.467  0.556  0.502  0.307  0.267  0.286  0.204  0.118  0.114  0.194  0.225  0.258  0.310  0.225  0.250  0.347  0.198  0.324  0.340  0.259  0.219  0.286  0.393  0.523  0.665  0.855  1.000  0.836  0.687  0.416  0.128 -0.043  0.188  0.119 -0.144 -0.211 -0.360 -0.496 -0.534 -0.390 -0.241  0.055  0.191  0.268  0.214  0.116 -0.128 -0.289 -0.450 -0.489 -0.457
 -0.379 -0.490 -0.423 -0.471 -0.195 -0.122 -0.021  0.090  0.042 -0.159 -0.226 -0.342 -0.310 -0.463 -0.326 -0.337 -0.147 -0.078  0.023  0.226  0.369  0.698  0.680  0.694  0.562  0.370  0.399  0.388  0.210  0.138  0.170  0.107  0.015 -0.010  0.069  0.113  0.160  0.205  0.149  0.173  0.236  0.111  0.185  0.219  0.156  0.150  0.214  0.269  0.362  0.483  0.711  0.836  1.000  0.849  0.611  0.322  0.196  0.397  0.257  0.034 -0.074 -0.241 -0.401 -0.503 -0.367 -0.314 -0.037  0.068  0.136  0.098  0.053 -0.165 -0.236 -0.312 -0.343 -0.316
 -0.282 -0.428 -0.391 -0.506 -0.314 -0.229 -0.128  0.041 -0.012 -0.226 -0.331 -0.460 -0.454 -0.551 -0.405 -0.330 -0.097  0.044  0.197  0.396  0.488  0.744  0.619  0.529  0.435  0.226  0.190  0.187  0.021 -0.063 -0.022 -0.072 -0.144 -0.162 -0.099 -0.029  0.035  0.083  0.073  0.098  0.131  0.071  0.114  0.157  0.123  0.090  0.144  0.198  0.300  0.458  0.663  0.687  0.849  1.000  0.821  0.553  0.445  0.633  0.467  0.258  0.126 -0.080 -0.263 -0.405 -0.269 -0.295 -0.074 -0.012  0.034  0.036  0.051 -0.150 -0.139 -0.173 -0.220 -0.211
 -0.047 -0.216 -0.278 -0.486 -0.444 -0.384 -0.283 -0.074 -0.115 -0.251 -0.395 -0.517 -0.512 -0.500 -0.343 -0.160  0.101  0.302  0.469  0.635  0.650  0.692  0.444  0.323  0.310  0.061 -0.039 -0.013 -0.148 -0.264 -0.222 -0.232 -0.277 -0.304 -0.270 -0.210 -0.145 -0.110 -0.090 -0.089 -0.101 -0.120 -0.113 -0.069 -0.039 -0.030 -0.016  0.013  0.068  0.212  0.393  0.416  0.611  0.821  1.000  0.797  0.682  0.750  0.548  0.433  0.313  0.114 -0.049 -0.231 -0.145 -0.294 -0.205 -0.212 -0.190 -0.156 -0.070 -0.166 -0.024  0.060  0.026  0.020
  0.136 -0.003 -0.113 -0.337 -0.445 -0.399 -0.346 -0.151 -0.186 -0.235 -0.373 -0.470 -0.480 -0.388 -0.281 -0.059  0.172  0.397  0.606  0.623  0.529  0.440  0.201  0.038  0.058 -0.119 -0.257 -0.249 -0.315 -0.405 -0.384 -0.363 -0.362 -0.378 -0.385 -0.332 -0.280 -0.263 -0.212 -0.214 -0.258 -0.212 -0.225 -0.171 -0.081 -0.076 -0.086 -0.081 -0.070  0.047  0.157  0.128  0.322  0.553  0.797  1.000  0.831  0.748  0.663  0.640  0.583  0.359  0.203  0.019  0.075 -0.154 -0.202 -0.268 -0.301 -0.239 -0.108 -0.132  0.076  0.205  0.177  0.157
  0.226  0.075 -0.033 -0.308 -0.487 -0.462 -0.415 -0.185 -0.221 -0.248 -0.406 -0.514 -0.537 -0.392 -0.289 -0.021  0.189  0.457  0.672  0.683  0.489  0.326  0.027 -0.129 -0.076 -0.239 -0.407 -0.380 -0.405 -0.493 -0.472 -0.429 -0.411 -0.428 -0.451 -0.399 -0.352 -0.342 -0.266 -0.280 -0.343 -0.270 -0.312 -0.252 -0.147 -0.121 -0.145 -0.166 -0.176 -0.077  0.018 -0.043  0.196  0.445  0.682  0.831  1.000  0.857  0.701  0.753  0.607  0.426  0.299  0.113  0.142 -0.128 -0.221 -0.338 -0.385 -0.314 -0.140 -0.124  0.164  0.336  0.319  0.288
  0.016 -0.144 -0.153 -0.375 -0.439 -0.379 -0.322 -0.099 -0.146 -0.268 -0.408 -0.531 -0.563 -0.506 -0.404 -0.210  0.009  0.263  0.491  0.565  0.418  0.411  0.179  0.036  0.021 -0.141 -0.248 -0.239 -0.308 -0.376 -0.340 -0.333 -0.342 -0.348 -0.342 -0.272 -0.217 -0.192 -0.131 -0.121 -0.158 -0.116 -0.134 -0.076 -0.024 -0.037 -0.028 -0.023  0.024  0.147  0.269  0.188  0.397  0.633  0.750  0.748  0.857  1.000  0.837  0.726  0.521  0.296  0.135 -0.040  0.045 -0.147 -0.130 -0.198 -0.218 -0.160 -0.017 -0.103  0.089  0.149  0.118  0.096
 -0.012 -0.115 -0.090 -0.256 -0.331 -0.262 -0.244 -0.076 -0.133 -0.238 -0.335 -0.431 -0.475 -0.433 -0.385 -0.254 -0.088  0.131  0.353  0.380  0.218  0.225  0.091 -0.048 -0.094 -0.186 -0.254 -0.272 -0.323 -0.344 -0.316 -0.316 -0.306 -0.293 -0.298 -0.227 -0.185 -0.168 -0.103 -0.073 -0.106 -0.045 -0.048  0.012  0.066  0.012  0.029  0.041  0.095  0.209  0.263  0.119  0.257  0.467  0.548  0.663  0.701  0.837  1.000  0.816  0.672  0.391  0.207  0.050  0.148 -0.023 -0.028 -0.088 -0.126 -0.064  0.057 -0.046  0.089  0.087  0.047  0.021
  0.193  0.098  0.054 -0.160 -0.365 -0.329 -0.335 -0.155 -0.191 -0.223 -0.332 -0.417 -0.459 -0.330 -0.283 -0.105  0.028  0.263  0.457  0.422  0.204  0.091 -0.110 -0.260 -0.243 -0.314 -0.441 -0.447 -0.434 -0.467 -0.454 -0.415 -0.375 -0.373 -0.410 -0.357 -0.325 -0.320 -0.239 -0.232 -0.295 -0.191 -0.221 -0.151 -0.044 -0.058 -0.076 -0.099 -0.105 -0.023 -0.002 -0.144  0.034  0.258  0.433  0.640  0.753  0.726  0.816  1.000  0.823  0.567  0.410  0.243  0.286  0.038 -0.079 -0.204 -0.283 -0.219 -0.058 -0.068  0.172  0.280  0.264  0.229
  0.266  0.220  0.138 -0.064 -0.306 -0.286 -0.330 -0.188 -0.228 -0.190 -0.283 -0.346 -0.379 -0.226 -0.193 -0.016  0.082  0.262  0.410  0.331  0.136 -0.006 -0.182 -0.315 -0.298 -0.349 -0.469 -0.484 -0.453 -0.469 -0.476 -0.430 -0.359 -0.355 -0.415 -0.374 -0.365 -0.379 -0.310 -0.284 -0.340 -0.242 -0.249 -0.155 -0.003 -0.032 -0.073 -0.104 -0.148 -0.077 -0.085 -0.211 -0.074  0.126  0.313  0.583  0.607  0.521  0.672  0.823  1.000  0.778  0.569  0.378  0.436  0.142 -0.034 -0.175 -0.285 -0.224 -0.071 -0.059  0.178  0.302  0.286  0.250
  0.456  0.416  0.298  0.062 -0.276 -0.291 -0.365 -0.260 -0.279 -0.160 -0.244 -0.266 -0.287 -0.068 -0.039  0.160  0.203  0.323  0.381  0.247  0.069 -0.142 -0.315 -0.420 -0.371 -0.402 -0.530 -0.536 -0.463 -0.480 -0.504 -0.427 -0.324 -0.336 -0.425 -0.417 -0.436 -0.463 -0.399 -0.387 -0.445 -0.365 -0.367 -0.255 -0.046 -0.052 -0.130 -0.184 -0.288 -0.243 -0.274 -0.360 -0.241 -0.080  0.114  0.359  0.426  0.296  0.391  0.567  0.778  1.000  0.784  0.560  0.564  0.224 -0.055 -0.244 -0.376 -0.321 -0.151 -0.074  0.234  0.416  0.419  0.379
  0.630  0.607  0.499  0.267 -0.170 -0.220 -0.341 -0.293 -0.282 -0.128 -0.182 -0.158 -0.151  0.133  0.168  0.378  0.349  0.391  0.349  0.181  0.031 -0.254 -0.425 -0.510 -0.430 -0.440 -0.569 -0.573 -0.471 -0.479 -0.519 -0.432 -0.309 -0.317 -0.424 -0.436 -0.474 -0.507 -0.438 -0.438 -0.495 -0.411 -0.422 -0.323 -0.133 -0.115 -0.205 -0.265 -0.388 -0.386 -0.445 -0.496 -0.401 -0.263 -0.049  0.203  0.299  0.135  0.207  0.410  0.569  0.784  1.000  0.814  0.634  0.336 -0.029 -0.254 -0.395 -0.347 -0.180 -0.047  0.271  0.448  0.467  0.432
  0.544  0.627  0.594  0.491  0.049 -0.022 -0.220 -0.259 -0.232 -0.065 -0.049  0.039  0.039  0.305  0.267  0.361  0.239  0.228  0.180 -0.013 -0.145 -0.400 -0.483 -0.546 -0.487 -0.424 -0.511 -0.536 -0.401 -0.369 -0.432 -0.353 -0.215 -0.211 -0.329 -0.354 -0.416 -0.455 -0.403 -0.392 -0.421 -0.337 -0.329 -0.244 -0.088 -0.099 -0.180 -0.234 -0.344 -0.378 -0.478 -0.534 -0.503 -0.405 -0.231  0.019  0.113 -0.040  0.050  0.243  0.378  0.560  0.814  1.000  0.787  0.543  0.141 -0.111 -0.276 -0.248 -0.129 -0.008  0.251  0.354  0.384  0.354
  0.317  0.382  0.466  0.453  0.134  0.101 -0.124 -0.158 -0.182 -0.083 -0.042  0.028  0.002  0.167  0.088  0.103  0.051  0.072  0.118 -0.050 -0.198 -0.349 -0.386 -0.459 -0.460 -0.386 -0.431 -0.484 -0.375 -0.304 -0.362 -0.315 -0.182 -0.160 -0.267 -0.269 -0.328 -0.368 -0.327 -0.286 -0.287 -0.217 -0.182 -0.062  0.094  0.007 -0.063 -0.107 -0.188 -0.211 -0.297 -0.390 -0.367 -0.269 -0.145  0.075  0.142  0.045  0.148  0.286  0.436  0.564  0.634  0.787  1.000  0.705  0.352  0.084 -0.107 -0.107 -0.026 -0.012  0.191  0.206  0.210  0.181
  0.083  0.188  0.416  0.630  0.456  0.449  0.138 -0.008 -0.047 -0.019  0.108  0.216  0.193  0.260  0.138  0.008 -0.102 -0.173 -0.145 -0.294 -0.362 -0.392 -0.295 -0.320 -0.381 -0.243 -0.190 -0.278 -0.193 -0.069 -0.131 -0.138 -0.027  0.023 -0.059 -0.054 -0.120 -0.144 -0.137 -0.087 -0.037 -0.000  0.071  0.172  0.254  0.101  0.065  0.050  0.020 -0.033 -0.142 -0.241 -0.314 -0.295 -0.294 -0.154 -0.128 -0.147 -0.023  0.038  0.142  0.224  0.336  0.543  0.705  1.000  0.705  0.370  0.174  0.122  0.099  0.024  0.060 -0.070 -0.076 -0.085
 -0.216 -0.117  0.180  0.448  0.604  0.602  0.345  0.198  0.092 -0.052  0.105  0.189  0.187  0.078  0.001 -0.197 -0.275 -0.358 -0.311 -0.360 -0.355 -0.223 -0.056 -0.044 -0.177 -0.065  0.075 -0.022 -0.026  0.111  0.082  0.014  0.061  0.122  0.109  0.145  0.105  0.088  0.077  0.173  0.267  0.273  0.390  0.493  0.456  0.262  0.284  0.271  0.294  0.229  0.150  0.055 -0.037 -0.074 -0.205 -0.202 -0.221 -0.130 -0.028 -0.079 -0.034 -0.055 -0.029  0.141  0.352  0.705  1.000  0.709  0.520  0.394  0.269  0.049 -0.084 -0.358 -0.397 -0.392
 -0.416 -0.326 -0.083  0.211  0.529  0.639  0.602  0.449  0.288 -0.038  0.140  0.204  0.201 -0.021 -0.116 -0.329 -0.382 -0.481 -0.436 -0.442 -0.377 -0.150  0.094  0.124 -0.038  0.084  0.276  0.166  0.101  0.268  0.266  0.139  0.137  0.219  0.267  0.334  0.320  0.317  0.305  0.421  0.537  0.543  0.668  0.734  0.559  0.335  0.428  0.389  0.465  0.353  0.265  0.191  0.068 -0.012 -0.212 -0.268 -0.338 -0.198 -0.088 -0.204 -0.175 -0.244 -0.254 -0.111  0.084  0.370  0.709  1.000  0.836  0.648  0.408  0.109 -0.234 -0.584 -0.631 -0.613
 -0.496 -0.416 -0.184  0.109  0.501  0.607  0.617  0.444  0.301 -0.012  0.156  0.198  0.224 -0.038 -0.125 -0.345 -0.396 -0.510 -0.486 -0.441 -0.331 -0.070  0.174  0.230  0.082  0.176  0.384  0.299  0.194  0.354  0.378  0.223  0.184  0.276  0.366  0.439  0.438  0.428  0.436  0.595  0.698  0.704  0.737  0.677  0.431  0.227  0.351  0.356  0.485  0.391  0.320  0.268  0.136  0.034 -0.190 -0.301 -0.385 -0.218 -0.126 -0.283 -0.285 -0.376 -0.395 -0.276 -0.107  0.174  0.520  0.836  1.000  0.827  0.565  0.257 -0.211 -0.639 -0.713 -0.698
 -0.443 -0.380 -0.180  0.065  0.370  0.481  0.481  0.311  0.200 -0.015  0.106  0.137  0.151 -0.063 -0.135 -0.318 -0.368 -0.458 -0.427 -0.390 -0.285 -0.061  0.145  0.167  0.054  0.127  0.309  0.233  0.119  0.291  0.331  0.152  0.118  0.255  0.354  0.459  0.456  0.432  0.501  0.692  0.746  0.792  0.701  0.588  0.321  0.117  0.249  0.283  0.439  0.366  0.290  0.214  0.098  0.036 -0.156 -0.239 -0.314 -0.160 -0.064 -0.219 -0.224 -0.321 -0.347 -0.248 -0.107  0.122  0.394  0.648  0.827  1.000  0.778  0.479 -0.053 -0.569 -0.685 -0.683
 -0.288 -0.275 -0.108  0.022  0.187  0.286  0.244  0.185  0.045 -0.064  0.000 -0.014 -0.037 -0.141 -0.183 -0.272 -0.290 -0.315 -0.263 -0.242 -0.195 -0.055  0.057  0.043 -0.040 -0.011  0.130  0.069 -0.035  0.127  0.171  0.009  0.004  0.153  0.227  0.338  0.333  0.288  0.415  0.648  0.628  0.618  0.486  0.391  0.193  0.037  0.138  0.182  0.298  0.255  0.206  0.116  0.053  0.051 -0.070 -0.108 -0.140 -0.017  0.057 -0.058 -0.071 -0.151 -0.180 -0.129 -0.026  0.099  0.269  0.408  0.565  0.778  1.000  0.753  0.271 -0.360 -0.534 -0.566
 -0.073 -0.054  0.004  0.070  0.071  0.104  0.088  0.032 -0.030 -0.011  0.015  0.032  0.012  0.021 -0.036 -0.054 -0.115 -0.145 -0.158 -0.169 -0.151 -0.153 -0.113 -0.134 -0.119 -0.084 -0.028 -0.048 -0.097  0.007  0.045 -0.072 -0.075  0.047  0.103  0.195  0.216  0.158  0.289  0.495  0.360  0.435  0.234  0.085 -0.058 -0.157 -0.101 -0.066  0.026 -0.005 -0.064 -0.128 -0.165 -0.150 -0.166 -0.132 -0.124 -0.103 -0.046 -0.068 -0.059 -0.074 -0.047 -0.008 -0.012  0.024  0.049  0.109  0.257  0.479  0.753  1.000  0.528 -0.081 -0.258 -0.313
  0.244  0.214  0.176  0.077 -0.126 -0.152 -0.258 -0.215 -0.218 -0.090 -0.126 -0.104 -0.134  0.020  0.008  0.118  0.100  0.156  0.153  0.107  0.020 -0.124 -0.242 -0.320 -0.234 -0.245 -0.336 -0.327 -0.285 -0.280 -0.295 -0.286 -0.223 -0.195 -0.244 -0.219 -0.205 -0.233 -0.136 -0.072 -0.182 -0.091 -0.191 -0.230 -0.181 -0.194 -0.235 -0.214 -0.234 -0.207 -0.234 -0.289 -0.236 -0.139 -0.024  0.076  0.164  0.089  0.089  0.172  0.178  0.234  0.271  0.251  0.191  0.060 -0.084 -0.234 -0.211 -0.053  0.271  0.528  1.000  0.375  0.191  0.097
  0.504  0.440  0.225 -0.025 -0.391 -0.470 -0.523 -0.438 -0.391 -0.115 -0.253 -0.226 -0.226  0.034  0.077  0.297  0.333  0.447  0.417  0.354  0.201 -0.100 -0.352 -0.428 -0.268 -0.338 -0.571 -0.502 -0.363 -0.504 -0.552 -0.385 -0.313 -0.413 -0.516 -0.569 -0.568 -0.571 -0.505 -0.543 -0.623 -0.541 -0.586 -0.572 -0.385 -0.276 -0.396 -0.411 -0.527 -0.455 -0.442 -0.450 -0.312 -0.173  0.060  0.205  0.336  0.149  0.087  0.280  0.302  0.416  0.448  0.354  0.206 -0.070 -0.358 -0.584 -0.639 -0.569 -0.360 -0.081  0.375  1.000  0.829  0.671
  0.545  0.484  0.248 -0.012 -0.405 -0.491 -0.525 -0.435 -0.368 -0.122 -0.258 -0.215 -0.208  0.067  0.115  0.337  0.361  0.480  0.438  0.355  0.196 -0.127 -0.394 -0.453 -0.284 -0.349 -0.598 -0.523 -0.356 -0.522 -0.586 -0.389 -0.322 -0.453 -0.558 -0.628 -0.624 -0.623 -0.598 -0.667 -0.735 -0.648 -0.676 -0.643 -0.425 -0.272 -0.405 -0.456 -0.591 -0.525 -0.505 -0.489 -0.343 -0.220  0.026  0.177  0.319  0.118  0.047  0.264  0.286  0.419  0.467  0.384  0.210 -0.076 -0.397 -0.631 -0.713 -0.685 -0.534 -0.258  0.191  0.829  1.000  0.902
