  1.000  0.791  0.536  0.241 -0.197 -0.295 -0.366 -0.311 -0.285 -0.095 -0.166 -0.116 -0.071  0.255  0.333  0.634  0.638  0.623  0.459  0.300  0.212 -0.147 -0.362 -0.419 -0.278 -0.338 -0.502 -0.464 -0.388 -0.462 -0.487 -0.399 -0.315 -0.339 -0.425 -0.452 -0.462 -0.482 -0.418 -0.464 -0.534 -0.460 -0.504 -0.479 -0.336 -0.239 -0.337 -0.379 -0.486 -0.474 -0.492 -0.470 -0.381 -0.285 -0.049  0.131  0.223  0.009 -0.019  0.187  0.263  0.456  0.632  0.544  0.317  0.082 -0.214 -0.421 -0.501 -0.446 -0.291 -0.076  0.243  0.511  0.552  0.520
  0.791  1.000  0.683  0.416 -0.016 -0.146 -0.271 -0.302 -0.257 -0.014 -0.050  0.052  0.101  0.426  0.502  0.650  0.497  0.457  0.288  0.123  0.032 -0.306 -0.439 -0.471 -0.348 -0.335 -0.457 -0.433 -0.323 -0.358 -0.403 -0.316 -0.219 -0.245 -0.342 -0.384 -0.415 -0.442 -0.396 -0.439 -0.492 -0.419 -0.448 -0.428 -0.294 -0.220 -0.318 -0.360 -0.467 -0.474 -0.536 -0.526 -0.491 -0.431 -0.222 -0.011  0.069 -0.152 -0.125  0.088  0.213  0.413  0.606  0.627  0.384  0.189 -0.112 -0.324 -0.418 -0.379 -0.274 -0.058  0.209  0.442  0.487  0.462
  0.536  0.683  1.000  0.694  0.261  0.127 -0.098 -0.191 -0.196 -0.088  0.006  0.174  0.247  0.522  0.540  0.477  0.339  0.210  0.084 -0.075 -0.134 -0.360 -0.402 -0.409 -0.373 -0.315 -0.348 -0.363 -0.272 -0.244 -0.291 -0.250 -0.148 -0.141 -0.227 -0.258 -0.301 -0.324 -0.288 -0.295 -0.309 -0.264 -0.273 -0.234 -0.156 -0.123 -0.178 -0.220 -0.301 -0.343 -0.405 -0.421 -0.424 -0.393 -0.280 -0.121 -0.043 -0.159 -0.097  0.041  0.130  0.293  0.494  0.593  0.465  0.418  0.186 -0.083 -0.193 -0.185 -0.114 -0.004  0.168  0.227  0.255  0.244
  0.241  0.416  0.694  1.000  0.659  0.491  0.188 -0.053 -0.042  0.086  0.270  0.485  0.527  0.645  0.493  0.312  0.103 -0.077 -0.194 -0.351 -0.370 -0.494 -0.396 -0.362 -0.372 -0.236 -0.182 -0.225 -0.121 -0.024 -0.087 -0.077  0.025  0.056 -0.022 -0.069 -0.134 -0.163 -0.152 -0.124 -0.101 -0.063 -0.037 -0.013 -0.008 -0.032 -0.061 -0.089 -0.136 -0.234 -0.343 -0.373 -0.467 -0.505 -0.480 -0.338 -0.308 -0.372 -0.256 -0.167 -0.069  0.059  0.262  0.491  0.453  0.632  0.456  0.209  0.098  0.056  0.017  0.063  0.076 -0.021 -0.005 -0.005
 -0.197 -0.016  0.261  0.659  1.000  0.814  0.514  0.211  0.137  0.136  0.388  0.569  0.636  0.446  0.307  0.008 -0.170 -0.366 -0.439 -0.496 -0.432 -0.346 -0.125 -0.038 -0.129  0.021  0.181  0.126  0.164  0.292  0.252  0.205  0.238  0.268  0.261  0.226  0.169  0.145  0.107  0.173  0.250  0.241  0.306  0.305  0.200  0.112  0.147  0.139  0.169  0.053 -0.026 -0.046 -0.193 -0.312 -0.435 -0.440 -0.484 -0.434 -0.330 -0.366 -0.308 -0.270 -0.172  0.049  0.139  0.459  0.606  0.528  0.496  0.366  0.185  0.066 -0.129 -0.388 -0.399 -0.379
 -0.295 -0.146  0.127  0.491  0.814  1.000  0.648  0.355  0.232  0.099  0.336  0.492  0.505  0.298  0.153 -0.107 -0.252 -0.425 -0.460 -0.504 -0.422 -0.286 -0.057  0.013 -0.098  0.042  0.206  0.133  0.148  0.293  0.259  0.187  0.217  0.266  0.266  0.263  0.218  0.204  0.179  0.272  0.363  0.341  0.397  0.410  0.277  0.157  0.217  0.196  0.245  0.131  0.057  0.025 -0.119 -0.229 -0.377 -0.397 -0.460 -0.375 -0.261 -0.331 -0.290 -0.291 -0.225 -0.024  0.100  0.449  0.602  0.640  0.606  0.478  0.284  0.101 -0.153 -0.470 -0.488 -0.467
 -0.366 -0.271 -0.098  0.188  0.514  0.648  1.000  0.702  0.466  0.031  0.238  0.309  0.357  0.135  0.015 -0.182 -0.274 -0.404 -0.427 -0.416 -0.304 -0.153  0.050  0.123  0.029  0.135  0.296  0.247  0.205  0.304  0.310  0.221  0.178  0.212  0.278  0.301  0.313  0.332  0.322  0.360  0.431  0.446  0.459  0.417  0.243  0.127  0.210  0.178  0.247  0.152  0.097  0.090 -0.022 -0.129 -0.281 -0.346 -0.412 -0.320 -0.245 -0.335 -0.330 -0.364 -0.344 -0.219 -0.128  0.136  0.343  0.606  0.616  0.477  0.237  0.083 -0.260 -0.525 -0.523 -0.494
 -0.311 -0.302 -0.191 -0.053  0.211  0.355  0.702  1.000  0.665  0.017  0.153  0.086  0.042 -0.110 -0.163 -0.225 -0.220 -0.260 -0.236 -0.199 -0.127 -0.007  0.080  0.115  0.037  0.054  0.167  0.132  0.057  0.122  0.156  0.073  0.028  0.068  0.135  0.198  0.240  0.266  0.268  0.286  0.328  0.328  0.325  0.313  0.182  0.091  0.164  0.133  0.185  0.133  0.135  0.121  0.093  0.045 -0.065 -0.147 -0.179 -0.093 -0.072 -0.153 -0.186 -0.257 -0.294 -0.258 -0.161 -0.007  0.196  0.448  0.442  0.306  0.179  0.028 -0.215 -0.437 -0.434 -0.403
 -0.285 -0.257 -0.196 -0.042  0.137  0.232  0.466  0.665  1.000  0.320  0.316  0.243  0.143 -0.005 -0.087 -0.154 -0.204 -0.251 -0.247 -0.213 -0.151 -0.031  0.063  0.095  0.043  0.072  0.153  0.124  0.066  0.095  0.123  0.067  0.015  0.025  0.081  0.111  0.172  0.229  0.232  0.189  0.231  0.271  0.256  0.213  0.110  0.057  0.102  0.098  0.157  0.108  0.094  0.085  0.040 -0.010 -0.112 -0.184 -0.218 -0.140 -0.126 -0.188 -0.226 -0.278 -0.288 -0.236 -0.183 -0.043  0.097  0.291  0.303  0.198  0.040 -0.030 -0.216 -0.390 -0.367 -0.337
 -0.095 -0.014 -0.088  0.086  0.136  0.099  0.031  0.017  0.320  1.000  0.670  0.441  0.254  0.168  0.063  0.021 -0.078 -0.129 -0.193 -0.210 -0.189 -0.185 -0.099 -0.058 -0.058 -0.004  0.041  0.034  0.060  0.095  0.085  0.087  0.110  0.132  0.105  0.057  0.036  0.037  0.036 -0.031 -0.025 -0.013  0.010 -0.032 -0.071 -0.067 -0.076 -0.023  0.011 -0.044 -0.083 -0.075 -0.160 -0.225 -0.252 -0.235 -0.251 -0.270 -0.239 -0.226 -0.189 -0.157 -0.127 -0.058 -0.074 -0.014 -0.046 -0.038 -0.013 -0.018 -0.067 -0.012 -0.087 -0.112 -0.118 -0.108
 -0.166 -0.050  0.006  0.270  0.388  0.336  0.238  0.153  0.316  0.670  1.000  0.765  0.557  0.375  0.176  0.019 -0.130 -0.269 -0.336 -0.380 -0.341 -0.302 -0.128 -0.062 -0.102  0.010  0.108  0.086  0.137  0.218  0.196  0.187  0.232  0.276  0.244  0.178  0.122  0.096  0.063  0.046  0.072  0.070  0.116  0.064 -0.003 -0.020 -0.011  0.010  0.054 -0.026 -0.097 -0.089 -0.226 -0.332 -0.398 -0.378 -0.411 -0.409 -0.339 -0.339 -0.289 -0.244 -0.182 -0.044 -0.039  0.112  0.111  0.143  0.157  0.107  0.000  0.018 -0.120 -0.252 -0.255 -0.237
 -0.116  0.052  0.174  0.485  0.569  0.492  0.309  0.086  0.243  0.441  0.765  1.000  0.798  0.611  0.359  0.129 -0.083 -0.292 -0.399 -0.475 -0.413 -0.400 -0.190 -0.109 -0.140  0.007  0.110  0.085  0.160  0.239  0.198  0.194  0.238  0.266  0.231  0.155  0.101  0.078  0.044  0.041  0.074  0.084  0.122  0.055 -0.013 -0.037 -0.031 -0.013  0.015 -0.081 -0.183 -0.171 -0.341 -0.460 -0.518 -0.475 -0.518 -0.529 -0.435 -0.421 -0.352 -0.267 -0.157  0.045  0.033  0.219  0.194  0.206  0.198  0.135 -0.013  0.036 -0.099 -0.227 -0.213 -0.194
 -0.071  0.101  0.247  0.527  0.636  0.505  0.357  0.042  0.143  0.254  0.557  0.798  1.000  0.775  0.526  0.231  0.007 -0.244 -0.387 -0.457 -0.375 -0.361 -0.156 -0.048 -0.071  0.072  0.171  0.157  0.221  0.276  0.233  0.235  0.257  0.260  0.249  0.161  0.117  0.094  0.047  0.043  0.080  0.084  0.118  0.045 -0.023 -0.022 -0.020 -0.023 -0.006 -0.103 -0.188 -0.145 -0.309 -0.452 -0.513 -0.487 -0.541 -0.562 -0.479 -0.463 -0.386 -0.289 -0.154  0.042  0.006  0.196  0.192  0.205  0.224  0.151 -0.037  0.014 -0.131 -0.227 -0.207 -0.187
  0.255  0.426  0.522  0.645  0.446  0.298  0.135 -0.110 -0.005  0.168  0.375  0.611  0.775  1.000  0.756  0.501  0.250  0.004 -0.175 -0.305 -0.274 -0.414 -0.311 -0.241 -0.206 -0.085 -0.061 -0.071  0.019  0.051 -0.005  0.017  0.082  0.087  0.031 -0.046 -0.085 -0.103 -0.116 -0.154 -0.154 -0.122 -0.122 -0.185 -0.178 -0.136 -0.176 -0.196 -0.228 -0.304 -0.395 -0.351 -0.463 -0.551 -0.504 -0.396 -0.398 -0.510 -0.440 -0.338 -0.233 -0.074  0.131  0.308  0.170  0.262  0.082 -0.020 -0.041 -0.064 -0.141  0.018  0.020  0.035  0.071  0.075
  0.333  0.502  0.540  0.493  0.307  0.153  0.015 -0.163 -0.087  0.063  0.176  0.359  0.526  0.756  1.000  0.693  0.417  0.160 -0.052 -0.151 -0.090 -0.242 -0.205 -0.141 -0.098 -0.015 -0.031 -0.041  0.014  0.011 -0.042 -0.022  0.020 -0.001 -0.040 -0.095 -0.115 -0.113 -0.123 -0.175 -0.166 -0.163 -0.173 -0.234 -0.222 -0.149 -0.190 -0.210 -0.246 -0.293 -0.336 -0.259 -0.319 -0.405 -0.347 -0.287 -0.294 -0.408 -0.391 -0.294 -0.201 -0.044  0.164  0.264  0.086  0.133 -0.002 -0.119 -0.128 -0.137 -0.183 -0.039  0.004  0.078  0.117  0.124
  0.634  0.650  0.477  0.312  0.008 -0.107 -0.182 -0.225 -0.154  0.021  0.019  0.129  0.231  0.501  0.693  1.000  0.710  0.481  0.256  0.148  0.158 -0.131 -0.246 -0.241 -0.140 -0.156 -0.242 -0.226 -0.186 -0.240 -0.273 -0.227 -0.177 -0.197 -0.252 -0.293 -0.291 -0.289 -0.262 -0.321 -0.359 -0.326 -0.363 -0.413 -0.357 -0.248 -0.317 -0.340 -0.395 -0.405 -0.422 -0.347 -0.333 -0.331 -0.163 -0.064 -0.027 -0.217 -0.262 -0.113 -0.022  0.155  0.377  0.358  0.100  0.006 -0.199 -0.336 -0.349 -0.322 -0.275 -0.061  0.116  0.300  0.343  0.334
  0.638  0.497  0.339  0.103 -0.170 -0.252 -0.274 -0.220 -0.204 -0.078 -0.130 -0.083  0.007  0.250  0.417  0.710  1.000  0.776  0.497  0.388  0.435  0.096 -0.112 -0.132 -0.036 -0.143 -0.258 -0.234 -0.240 -0.328 -0.339 -0.296 -0.263 -0.293 -0.332 -0.351 -0.331 -0.328 -0.289 -0.346 -0.391 -0.365 -0.404 -0.423 -0.345 -0.225 -0.287 -0.316 -0.377 -0.352 -0.310 -0.224 -0.143 -0.095  0.101  0.172  0.186  0.004 -0.092  0.021  0.079  0.198  0.348  0.237  0.051 -0.101 -0.276 -0.391 -0.405 -0.374 -0.294 -0.123  0.102  0.340  0.366  0.348
  0.623  0.457  0.210 -0.077 -0.366 -0.425 -0.404 -0.260 -0.251 -0.129 -0.269 -0.292 -0.244  0.004  0.160  0.481  0.776  1.000  0.764  0.642  0.589  0.205 -0.111 -0.176 -0.029 -0.205 -0.390 -0.334 -0.338 -0.457 -0.455 -0.389 -0.357 -0.399 -0.443 -0.444 -0.418 -0.418 -0.356 -0.408 -0.478 -0.433 -0.491 -0.476 -0.357 -0.237 -0.310 -0.353 -0.425 -0.370 -0.306 -0.240 -0.078  0.042  0.301  0.396  0.457  0.258  0.130  0.260  0.264  0.320  0.392  0.226  0.071 -0.173 -0.356 -0.486 -0.514 -0.460 -0.316 -0.149  0.158  0.451  0.480  0.458
  0.459  0.288  0.084 -0.194 -0.439 -0.460 -0.427 -0.236 -0.247 -0.193 -0.336 -0.399 -0.387 -0.175 -0.052  0.256  0.497  0.764  1.000  0.773  0.573  0.249 -0.067 -0.172 -0.060 -0.240 -0.420 -0.369 -0.378 -0.490 -0.480 -0.419 -0.392 -0.425 -0.462 -0.442 -0.408 -0.404 -0.336 -0.371 -0.444 -0.393 -0.444 -0.391 -0.256 -0.172 -0.236 -0.277 -0.337 -0.267 -0.189 -0.169  0.026  0.201  0.471  0.605  0.670  0.490  0.353  0.457  0.414  0.381  0.351  0.178  0.116 -0.141 -0.306 -0.436 -0.484 -0.423 -0.256 -0.156  0.158  0.420  0.437  0.410
  0.300  0.123 -0.075 -0.351 -0.496 -0.504 -0.416 -0.199 -0.213 -0.210 -0.380 -0.475 -0.457 -0.305 -0.151  0.148  0.388  0.642  0.773  1.000  0.794  0.491  0.145  0.040  0.141 -0.094 -0.272 -0.213 -0.280 -0.420 -0.392 -0.355 -0.370 -0.410 -0.414 -0.382 -0.324 -0.307 -0.249 -0.290 -0.352 -0.327 -0.373 -0.347 -0.259 -0.177 -0.217 -0.228 -0.248 -0.151 -0.033  0.019  0.226  0.397  0.635  0.624  0.680  0.558  0.377  0.423  0.335  0.245  0.181 -0.016 -0.054 -0.290 -0.355 -0.440 -0.438 -0.386 -0.239 -0.170  0.109  0.351  0.351  0.328
  0.212  0.032 -0.134 -0.370 -0.432 -0.422 -0.304 -0.127 -0.151 -0.189 -0.341 -0.413 -0.375 -0.274 -0.090  0.158  0.435  0.589  0.573  0.794  1.000  0.733  0.382  0.278  0.374  0.112 -0.061 -0.014 -0.133 -0.285 -0.263 -0.261 -0.305 -0.343 -0.321 -0.280 -0.213 -0.183 -0.148 -0.182 -0.217 -0.233 -0.266 -0.277 -0.250 -0.178 -0.189 -0.169 -0.148 -0.038  0.106  0.212  0.373  0.492  0.651  0.531  0.488  0.411  0.212  0.203  0.139  0.068  0.028 -0.149 -0.202 -0.361 -0.352 -0.374 -0.327 -0.285 -0.194 -0.152  0.020  0.198  0.192  0.182
 -0.147 -0.306 -0.360 -0.494 -0.346 -0.286 -0.153 -0.007 -0.031 -0.185 -0.302 -0.400 -0.361 -0.414 -0.242 -0.131  0.096  0.205  0.249  0.491  0.733  1.000  0.756  0.637  0.665  0.439  0.271  0.275  0.119 -0.031 -0.025 -0.063 -0.146 -0.179 -0.120 -0.068  0.005  0.055  0.041  0.039  0.060 -0.014  0.015  0.000 -0.040 -0.030  0.011  0.072  0.166  0.307  0.486  0.612  0.699  0.745  0.694  0.442  0.324  0.407  0.222  0.092 -0.005 -0.144 -0.258 -0.401 -0.351 -0.392 -0.224 -0.147 -0.065 -0.057 -0.046 -0.145 -0.120 -0.103 -0.134 -0.127
 -0.362 -0.439 -0.402 -0.396 -0.125 -0.057  0.050  0.080  0.063 -0.099 -0.128 -0.190 -0.156 -0.311 -0.205 -0.246 -0.112 -0.111 -0.067  0.145  0.382  0.756  1.000  0.836  0.688  0.607  0.576  0.495  0.294  0.197  0.202  0.119  0.008 -0.003  0.082  0.127  0.212  0.288  0.228  0.213  0.278  0.189  0.277  0.240  0.155  0.107  0.177  0.273  0.411  0.526  0.645  0.765  0.681  0.621  0.444  0.202  0.026  0.178  0.092 -0.106 -0.176 -0.311 -0.424 -0.480 -0.385 -0.294 -0.055  0.098  0.179  0.146  0.066 -0.104 -0.237 -0.355 -0.402 -0.382
 -0.419 -0.471 -0.409 -0.362 -0.038  0.013  0.123  0.115  0.095 -0.058 -0.062 -0.109 -0.048 -0.241 -0.141 -0.241 -0.132 -0.176 -0.172  0.040  0.278  0.637  0.836  1.000  0.820  0.632  0.715  0.685  0.449  0.355  0.378  0.293  0.164  0.137  0.234  0.245  0.289  0.354  0.255  0.253  0.352  0.183  0.275  0.243  0.138  0.130  0.198  0.280  0.398  0.484  0.618  0.780  0.692  0.530  0.323  0.040 -0.131  0.033 -0.050 -0.263 -0.315 -0.417 -0.508 -0.543 -0.458 -0.318 -0.039  0.132  0.236  0.168  0.046 -0.130 -0.318 -0.430 -0.458 -0.425
 -0.278 -0.348 -0.373 -0.372 -0.129 -0.098  0.029  0.037  0.043 -0.058 -0.102 -0.140 -0.071 -0.206 -0.098 -0.140 -0.036 -0.029 -0.060  0.141  0.374  0.665  0.688  0.820  1.000  0.759  0.604  0.667  0.519  0.320  0.309  0.270  0.139  0.075  0.154  0.150  0.202  0.251  0.173  0.163  0.224  0.091  0.127  0.057 -0.046 -0.026  0.016  0.088  0.194  0.284  0.425  0.593  0.559  0.431  0.308  0.059 -0.076  0.017 -0.099 -0.245 -0.295 -0.365 -0.424 -0.480 -0.458 -0.380 -0.178 -0.036  0.083  0.053 -0.037 -0.114 -0.227 -0.263 -0.285 -0.258
 -0.338 -0.335 -0.315 -0.236  0.021  0.042  0.135  0.054  0.072 -0.004  0.010  0.007  0.072 -0.085 -0.015 -0.156 -0.143 -0.205 -0.240 -0.094  0.112  0.439  0.607  0.632  0.759  1.000  0.750  0.659  0.642  0.512  0.408  0.363  0.251  0.177  0.235  0.221  0.280  0.349  0.252  0.207  0.272  0.198  0.249  0.151  0.037  0.021  0.073  0.124  0.224  0.265  0.322  0.464  0.368  0.224  0.059 -0.118 -0.240 -0.144 -0.189 -0.311 -0.343 -0.395 -0.435 -0.418 -0.383 -0.245 -0.069  0.087  0.179  0.128 -0.008 -0.080 -0.238 -0.332 -0.347 -0.319
 -0.502 -0.457 -0.348 -0.182  0.181  0.206  0.296  0.167  0.153  0.041  0.108  0.110  0.171 -0.061 -0.031 -0.242 -0.258 -0.390 -0.420 -0.272 -0.061  0.271  0.576  0.715  0.604  0.750  1.000  0.859  0.664  0.685  0.685  0.539  0.398  0.394  0.498  0.497  0.540  0.608  0.472  0.412  0.511  0.358  0.423  0.330  0.165  0.131  0.215  0.266  0.388  0.390  0.432  0.556  0.402  0.192 -0.038 -0.257 -0.408 -0.250 -0.254 -0.441 -0.466 -0.526 -0.568 -0.509 -0.431 -0.193  0.075  0.282  0.390  0.310  0.128 -0.027 -0.336 -0.570 -0.599 -0.558
 -0.464 -0.433 -0.363 -0.225  0.126  0.133  0.247  0.132  0.124  0.034  0.086  0.085  0.157 -0.071 -0.041 -0.226 -0.234 -0.334 -0.369 -0.213 -0.014  0.275  0.495  0.685  0.667  0.659  0.859  1.000  0.796  0.688  0.749  0.666  0.483  0.432  0.549  0.503  0.522  0.548  0.414  0.375  0.453  0.280  0.313  0.215  0.045  0.049  0.119  0.171  0.287  0.299  0.377  0.499  0.385  0.185 -0.013 -0.244 -0.379 -0.239 -0.273 -0.446 -0.479 -0.530 -0.567 -0.530 -0.481 -0.276 -0.020  0.173  0.305  0.236  0.067 -0.046 -0.325 -0.499 -0.522 -0.478
 -0.388 -0.323 -0.272 -0.121  0.164  0.148  0.205  0.057  0.066  0.060  0.137  0.160  0.221  0.019  0.014 -0.186 -0.240 -0.338 -0.378 -0.280 -0.133  0.119  0.294  0.449  0.519  0.642  0.664  0.796  1.000  0.825  0.708  0.766  0.668  0.519  0.535  0.408  0.341  0.349  0.204  0.203  0.305  0.153  0.191  0.105 -0.023  0.001  0.041  0.073  0.148  0.139  0.193  0.307  0.207  0.019 -0.149 -0.312 -0.406 -0.308 -0.322 -0.433 -0.449 -0.458 -0.466 -0.397 -0.369 -0.187 -0.025  0.112  0.205  0.125 -0.033 -0.092 -0.277 -0.361 -0.358 -0.317
 -0.462 -0.358 -0.244 -0.024  0.292  0.293  0.304  0.122  0.095  0.095  0.218  0.239  0.276  0.051  0.011 -0.240 -0.328 -0.457 -0.490 -0.420 -0.285 -0.031  0.197  0.355  0.320  0.512  0.685  0.688  0.825  1.000  0.864  0.789  0.759  0.724  0.715  0.635  0.511  0.485  0.349  0.362  0.465  0.280  0.305  0.234  0.082  0.072  0.134  0.149  0.225  0.164  0.180  0.268  0.140 -0.061 -0.261 -0.402 -0.492 -0.373 -0.341 -0.463 -0.466 -0.475 -0.479 -0.368 -0.303 -0.071  0.109  0.278  0.364  0.296  0.127  0.009 -0.277 -0.503 -0.522 -0.481
 -0.487 -0.403 -0.291 -0.087  0.252  0.259  0.310  0.156  0.123  0.085  0.196  0.198  0.233 -0.005 -0.042 -0.273 -0.339 -0.455 -0.480 -0.392 -0.263 -0.025  0.202  0.378  0.309  0.408  0.685  0.749  0.708  0.864  1.000  0.857  0.716  0.737  0.821  0.756  0.684  0.631  0.503  0.478  0.523  0.344  0.336  0.254  0.077  0.071  0.144  0.159  0.248  0.190  0.221  0.288  0.171 -0.020 -0.216 -0.376 -0.465 -0.334 -0.310 -0.448 -0.468 -0.495 -0.517 -0.429 -0.360 -0.133  0.081  0.273  0.386  0.335  0.171  0.046 -0.295 -0.554 -0.587 -0.546
 -0.399 -0.316 -0.250 -0.077  0.205  0.187  0.221  0.073  0.067  0.087  0.187  0.194  0.235  0.017 -0.022 -0.227 -0.296 -0.389 -0.419 -0.355 -0.261 -0.063  0.119  0.293  0.270  0.363  0.539  0.666  0.766  0.789  0.857  1.000  0.857  0.719  0.747  0.565  0.432  0.394  0.251  0.253  0.332  0.158  0.187  0.134  0.015  0.053  0.092  0.097  0.143  0.096  0.134  0.210  0.112 -0.067 -0.226 -0.357 -0.424 -0.325 -0.307 -0.409 -0.423 -0.423 -0.433 -0.352 -0.310 -0.131  0.022  0.154  0.236  0.161  0.012 -0.069 -0.285 -0.392 -0.396 -0.356
 -0.315 -0.219 -0.148  0.025  0.238  0.217  0.178  0.028  0.015  0.110  0.232  0.238  0.257  0.082  0.020 -0.177 -0.263 -0.357 -0.392 -0.370 -0.305 -0.146  0.008  0.164  0.139  0.251  0.398  0.483  0.668  0.759  0.716  0.857  1.000  0.850  0.723  0.535  0.273  0.222  0.094  0.131  0.253  0.060  0.110  0.094  0.017  0.053  0.070  0.065  0.088  0.030  0.050  0.121  0.019 -0.142 -0.275 -0.359 -0.409 -0.335 -0.300 -0.370 -0.357 -0.328 -0.314 -0.215 -0.178 -0.021  0.066  0.148  0.193  0.124  0.004 -0.071 -0.224 -0.317 -0.324 -0.292
 -0.339 -0.245 -0.141  0.056  0.268  0.266  0.212  0.068  0.025  0.132  0.276  0.266  0.260  0.087 -0.001 -0.197 -0.293 -0.399 -0.425 -0.410 -0.343 -0.179 -0.003  0.137  0.075  0.177  0.394  0.432  0.519  0.724  0.737  0.719  0.850  1.000  0.884  0.762  0.477  0.368  0.270  0.295  0.382  0.170  0.190  0.167  0.058  0.059  0.099  0.097  0.142  0.067  0.069  0.115 -0.006 -0.159 -0.301 -0.373 -0.424 -0.342 -0.289 -0.368 -0.351 -0.331 -0.318 -0.209 -0.155  0.022  0.120  0.224  0.280  0.258  0.153  0.050 -0.196 -0.413 -0.450 -0.425
 -0.425 -0.342 -0.227 -0.022  0.261  0.266  0.278  0.135  0.081  0.105  0.244  0.231  0.249  0.031 -0.040 -0.252 -0.332 -0.443 -0.462 -0.414 -0.321 -0.120  0.082  0.234  0.154  0.235  0.498  0.549  0.535  0.715  0.821  0.747  0.723  0.884  1.000  0.891  0.689  0.555  0.446  0.461  0.501  0.303  0.290  0.235  0.077  0.069  0.134  0.138  0.209  0.135  0.149  0.196  0.072 -0.096 -0.267 -0.381 -0.448 -0.338 -0.293 -0.405 -0.408 -0.416 -0.423 -0.327 -0.263 -0.062  0.108  0.274  0.373  0.362  0.232  0.106 -0.245 -0.517 -0.558 -0.524
 -0.452 -0.384 -0.258 -0.069  0.226  0.263  0.301  0.198  0.111  0.057  0.178  0.155  0.161 -0.046 -0.095 -0.293 -0.351 -0.444 -0.442 -0.382 -0.280 -0.068  0.127  0.245  0.150  0.221  0.497  0.503  0.408  0.635  0.756  0.565  0.535  0.762  0.891  1.000  0.833  0.666  0.570  0.593  0.596  0.427  0.379  0.312  0.131  0.083  0.170  0.177  0.274  0.203  0.209  0.225  0.114 -0.027 -0.205 -0.326 -0.394 -0.269 -0.223 -0.350 -0.366 -0.407 -0.436 -0.354 -0.268 -0.063  0.138  0.337  0.442  0.466  0.343  0.198 -0.217 -0.568 -0.626 -0.594
 -0.462 -0.415 -0.301 -0.134  0.169  0.218  0.313  0.240  0.172  0.036  0.122  0.101  0.117 -0.085 -0.115 -0.291 -0.331 -0.418 -0.408 -0.324 -0.213  0.005  0.212  0.289  0.202  0.280  0.540  0.522  0.341  0.511  0.684  0.432  0.273  0.477  0.689  0.833  1.000  0.866  0.731  0.675  0.590  0.511  0.427  0.322  0.121  0.059  0.158  0.178  0.294  0.245  0.258  0.255  0.157  0.037 -0.139 -0.272 -0.347 -0.213 -0.179 -0.317 -0.355 -0.425 -0.473 -0.415 -0.330 -0.130  0.094  0.317  0.438  0.459  0.333  0.216 -0.202 -0.566 -0.622 -0.588
 -0.482 -0.442 -0.324 -0.163  0.145  0.204  0.332  0.266  0.229  0.037  0.096  0.078  0.094 -0.103 -0.113 -0.289 -0.328 -0.418 -0.404 -0.307 -0.183  0.055  0.288  0.354  0.251  0.349  0.608  0.548  0.349  0.485  0.631  0.394  0.222  0.368  0.555  0.666  0.866  1.000  0.841  0.645  0.617  0.563  0.484  0.356  0.148  0.075  0.179  0.210  0.334  0.298  0.304  0.305  0.201  0.083 -0.106 -0.256 -0.336 -0.189 -0.161 -0.313 -0.371 -0.457 -0.507 -0.452 -0.370 -0.155  0.082  0.317  0.430  0.436  0.292  0.162 -0.229 -0.570 -0.622 -0.585
 -0.418 -0.396 -0.288 -0.152  0.107  0.179  0.322  0.268  0.232  0.036  0.063  0.044  0.047 -0.116 -0.123 -0.262 -0.289 -0.356 -0.336 -0.249 -0.148  0.041  0.228  0.255  0.173  0.252  0.472  0.414  0.204  0.349  0.503  0.251  0.094  0.270  0.446  0.570  0.731  0.841  1.000  0.763  0.675  0.650  0.510  0.350  0.126  0.027  0.136  0.168  0.300  0.269  0.254  0.225  0.149  0.075 -0.086 -0.207 -0.262 -0.130 -0.100 -0.234 -0.302 -0.397 -0.442 -0.401 -0.329 -0.146  0.072  0.306  0.438  0.504  0.415  0.287 -0.136 -0.506 -0.597 -0.583
 -0.464 -0.439 -0.295 -0.124  0.173  0.272  0.360  0.286  0.189 -0.031  0.046  0.041  0.043 -0.154 -0.175 -0.321 -0.346 -0.408 -0.371 -0.290 -0.182  0.039  0.213  0.253  0.163  0.207  0.412  0.375  0.203  0.362  0.478  0.253  0.131  0.295  0.461  0.593  0.675  0.645  0.763  1.000  0.835  0.755  0.595  0.444  0.185  0.048  0.179  0.219  0.368  0.319  0.294  0.254  0.180  0.104 -0.081 -0.205 -0.273 -0.117 -0.069 -0.224 -0.276 -0.386 -0.444 -0.396 -0.293 -0.094  0.168  0.423  0.595  0.693  0.646  0.488 -0.075 -0.547 -0.669 -0.666
 -0.534 -0.492 -0.309 -0.101  0.250  0.363  0.431  0.328  0.231 -0.025  0.072  0.074  0.080 -0.154 -0.166 -0.359 -0.391 -0.478 -0.444 -0.352 -0.217  0.060  0.278  0.352  0.224  0.272  0.511  0.453  0.305  0.465  0.523  0.332  0.253  0.382  0.501  0.596  0.590  0.617  0.675  0.835  1.000  0.786  0.684  0.549  0.275  0.120  0.264  0.307  0.463  0.406  0.377  0.352  0.244  0.137 -0.092 -0.249 -0.336 -0.152 -0.100 -0.287 -0.333 -0.440 -0.500 -0.426 -0.294 -0.045  0.261  0.538  0.698  0.747  0.628  0.362 -0.180 -0.626 -0.738 -0.725
 -0.460 -0.419 -0.264 -0.063  0.241  0.341  0.446  0.328  0.271 -0.013  0.070  0.084  0.084 -0.122 -0.163 -0.326 -0.365 -0.433 -0.393 -0.327 -0.233 -0.014  0.189  0.183  0.091  0.198  0.358  0.280  0.153  0.280  0.344  0.158  0.060  0.170  0.303  0.427  0.511  0.563  0.650  0.755  0.786  1.000  0.812  0.584  0.290  0.074  0.213  0.258  0.435  0.390  0.299  0.199  0.114  0.074 -0.115 -0.206 -0.264 -0.113 -0.041 -0.185 -0.237 -0.364 -0.418 -0.346 -0.230 -0.012  0.264  0.542  0.705  0.791  0.617  0.435 -0.091 -0.546 -0.652 -0.647
 -0.504 -0.448 -0.273 -0.037  0.306  0.397  0.459  0.325  0.256  0.010  0.116  0.122  0.118 -0.122 -0.173 -0.363 -0.404 -0.491 -0.444 -0.373 -0.266  0.015  0.277  0.275  0.127  0.249  0.423  0.313  0.191  0.305  0.336  0.187  0.110  0.190  0.290  0.379  0.427  0.484  0.510  0.595  0.684  0.812  1.000  0.804  0.496  0.215  0.357  0.404  0.598  0.546  0.426  0.332  0.195  0.123 -0.104 -0.218 -0.308 -0.130 -0.043 -0.217 -0.248 -0.369 -0.428 -0.337 -0.194  0.061  0.380  0.665  0.736  0.700  0.487  0.232 -0.192 -0.592 -0.680 -0.667
 -0.479 -0.428 -0.234 -0.013  0.305  0.410  0.417  0.313  0.213 -0.032  0.064  0.055  0.045 -0.185 -0.234 -0.413 -0.423 -0.476 -0.391 -0.347 -0.277  0.000  0.240  0.243  0.057  0.151  0.330  0.215  0.105  0.234  0.254  0.134  0.094  0.167  0.235  0.312  0.322  0.356  0.350  0.444  0.549  0.584  0.804  1.000  0.779  0.454  0.590  0.624  0.675  0.552  0.438  0.344  0.224  0.162 -0.066 -0.165 -0.248 -0.071  0.021 -0.142 -0.150 -0.252 -0.325 -0.245 -0.066  0.171  0.489  0.735  0.677  0.588  0.392  0.084 -0.233 -0.576 -0.645 -0.628
 -0.336 -0.294 -0.156 -0.008  0.200  0.277  0.243  0.182  0.110 -0.071 -0.003 -0.013 -0.023 -0.178 -0.222 -0.357 -0.345 -0.357 -0.256 -0.259 -0.250 -0.040  0.155  0.138 -0.046  0.037  0.165  0.045 -0.023  0.082  0.077  0.015  0.017  0.058  0.077  0.131  0.121  0.148  0.126  0.185  0.275  0.290  0.496  0.779  1.000  0.707  0.639  0.626  0.514  0.461  0.356  0.257  0.156  0.126 -0.038 -0.073 -0.142 -0.018  0.076 -0.030  0.005 -0.040 -0.132 -0.088  0.097  0.253  0.452  0.556  0.427  0.318  0.191 -0.062 -0.188 -0.386 -0.423 -0.411
 -0.239 -0.220 -0.123 -0.032  0.112  0.157  0.127  0.091  0.057 -0.067 -0.020 -0.037 -0.022 -0.136 -0.149 -0.248 -0.225 -0.237 -0.172 -0.177 -0.178 -0.030  0.107  0.130 -0.026  0.021  0.131  0.049  0.001  0.072  0.071  0.053  0.053  0.059  0.069  0.083  0.059  0.075  0.027  0.048  0.120  0.074  0.215  0.454  0.707  1.000  0.758  0.547  0.337  0.277  0.242  0.217  0.149  0.092 -0.028 -0.068 -0.115 -0.032  0.020 -0.046 -0.020 -0.042 -0.110 -0.097  0.013  0.105  0.264  0.336  0.225  0.113  0.032 -0.161 -0.201 -0.275 -0.270 -0.256
 -0.337 -0.318 -0.178 -0.061  0.147  0.217  0.210  0.164  0.102 -0.076 -0.011 -0.031 -0.020 -0.176 -0.190 -0.317 -0.287 -0.310 -0.236 -0.217 -0.189  0.011  0.177  0.198  0.016  0.073  0.215  0.119  0.041  0.134  0.144  0.092  0.070  0.099  0.134  0.170  0.158  0.179  0.136  0.179  0.264  0.213  0.357  0.590  0.639  0.758  1.000  0.739  0.517  0.356  0.298  0.284  0.214  0.148 -0.011 -0.078 -0.138 -0.022  0.036 -0.065 -0.061 -0.122 -0.203 -0.179 -0.056  0.069  0.285  0.429  0.352  0.250  0.138 -0.100 -0.234 -0.395 -0.407 -0.388
 -0.379 -0.360 -0.220 -0.089  0.139  0.196  0.178  0.133  0.098 -0.023  0.010 -0.013 -0.023 -0.196 -0.210 -0.340 -0.316 -0.353 -0.277 -0.228 -0.169  0.072  0.273  0.280  0.088  0.124  0.266  0.171  0.073  0.149  0.159  0.097  0.065  0.097  0.138  0.177  0.178  0.210  0.168  0.219  0.307  0.258  0.404  0.624  0.626  0.547  0.739  1.000  0.763  0.556  0.425  0.388  0.267  0.199  0.014 -0.076 -0.161 -0.018  0.049 -0.089 -0.093 -0.173 -0.261 -0.230 -0.101  0.051  0.271  0.390  0.356  0.283  0.183 -0.062 -0.211 -0.408 -0.455 -0.439
 -0.486 -0.467 -0.301 -0.136  0.169  0.245  0.247  0.185  0.157  0.011  0.054  0.015 -0.006 -0.228 -0.246 -0.395 -0.377 -0.425 -0.337 -0.248 -0.148  0.166  0.411  0.398  0.194  0.224  0.388  0.287  0.148  0.225  0.248  0.143  0.088  0.142  0.209  0.274  0.294  0.334  0.300  0.368  0.463  0.435  0.598  0.675  0.514  0.337  0.517  0.763  1.000  0.787  0.606  0.524  0.366  0.307  0.074 -0.063 -0.171  0.032  0.106 -0.095 -0.138 -0.280 -0.387 -0.344 -0.190  0.015  0.289  0.463  0.484  0.438  0.301  0.031 -0.228 -0.526 -0.593 -0.576
 -0.474 -0.474 -0.343 -0.234  0.053  0.131  0.152  0.133  0.108 -0.044 -0.026 -0.081 -0.103 -0.304 -0.293 -0.405 -0.352 -0.370 -0.267 -0.151 -0.038  0.307  0.526  0.484  0.284  0.265  0.390  0.299  0.139  0.164  0.190  0.096  0.030  0.067  0.135  0.203  0.245  0.298  0.269  0.319  0.406  0.390  0.546  0.552  0.461  0.277  0.356  0.556  0.787  1.000  0.828  0.665  0.485  0.463  0.219  0.054 -0.070  0.153  0.214 -0.018 -0.076 -0.242 -0.390 -0.381 -0.214 -0.040  0.222  0.346  0.387  0.360  0.254 -0.004 -0.205 -0.455 -0.525 -0.510
 -0.492 -0.536 -0.405 -0.343 -0.026  0.057  0.097  0.135  0.094 -0.083 -0.097 -0.183 -0.188 -0.395 -0.336 -0.422 -0.310 -0.306 -0.189 -0.033  0.106  0.486  0.645  0.618  0.425  0.322  0.432  0.377  0.193  0.180  0.221  0.134  0.050  0.069  0.149  0.209  0.258  0.304  0.254  0.294  0.377  0.299  0.426  0.438  0.356  0.242  0.298  0.425  0.606  0.828  1.000  0.854  0.710  0.666  0.399  0.162  0.020  0.270  0.263 -0.004 -0.087 -0.273 -0.445 -0.479 -0.296 -0.142  0.146  0.263  0.322  0.288  0.207 -0.059 -0.230 -0.440 -0.507 -0.489
 -0.470 -0.526 -0.421 -0.373 -0.046  0.025  0.090  0.121  0.085 -0.075 -0.089 -0.171 -0.145 -0.351 -0.259 -0.347 -0.224 -0.240 -0.169  0.019  0.212  0.612  0.765  0.780  0.593  0.464  0.556  0.499  0.307  0.268  0.288  0.210  0.121  0.115  0.196  0.225  0.255  0.305  0.225  0.254  0.352  0.199  0.332  0.344  0.257  0.217  0.284  0.388  0.524  0.665  0.854  1.000  0.835  0.687  0.421  0.135 -0.040  0.188  0.118 -0.143 -0.210 -0.357 -0.493 -0.530 -0.386 -0.237  0.054  0.191  0.268  0.210  0.118 -0.124 -0.286 -0.445 -0.490 -0.460
 -0.381 -0.491 -0.424 -0.467 -0.193 -0.119 -0.022  0.093  0.040 -0.160 -0.226 -0.341 -0.309 -0.463 -0.319 -0.333 -0.143 -0.078  0.026  0.226  0.373  0.699  0.681  0.692  0.559  0.368  0.402  0.385  0.207  0.140  0.171  0.112  0.019 -0.006  0.072  0.114  0.157  0.201  0.149  0.180  0.244  0.114  0.195  0.224  0.156  0.149  0.214  0.267  0.366  0.485  0.710  0.835  1.000  0.849  0.615  0.327  0.195  0.394  0.256  0.032 -0.073 -0.241 -0.400 -0.501 -0.365 -0.307 -0.036  0.071  0.141  0.099  0.058 -0.160 -0.234 -0.311 -0.346 -0.323
 -0.285 -0.431 -0.393 -0.505 -0.312 -0.229 -0.129  0.045 -0.010 -0.225 -0.332 -0.460 -0.452 -0.551 -0.405 -0.331 -0.095  0.042  0.201  0.397  0.492  0.745  0.621  0.530  0.431  0.224  0.192  0.185  0.019 -0.061 -0.020 -0.067 -0.142 -0.159 -0.096 -0.027  0.037  0.083  0.075  0.104  0.137  0.074  0.123  0.162  0.126  0.092  0.148  0.199  0.307  0.463  0.666  0.687  0.849  1.000  0.824  0.558  0.446  0.631  0.466  0.259  0.126 -0.081 -0.266 -0.408 -0.269 -0.291 -0.074 -0.011  0.038  0.035  0.054 -0.145 -0.136 -0.174 -0.225 -0.218
 -0.049 -0.222 -0.280 -0.480 -0.435 -0.377 -0.281 -0.065 -0.112 -0.252 -0.398 -0.518 -0.513 -0.504 -0.347 -0.163  0.101  0.301  0.471  0.635  0.651  0.694  0.444  0.323  0.308  0.059 -0.038 -0.013 -0.149 -0.261 -0.216 -0.226 -0.275 -0.301 -0.267 -0.205 -0.139 -0.106 -0.086 -0.081 -0.092 -0.115 -0.104 -0.066 -0.038 -0.028 -0.011  0.014  0.074  0.219  0.399  0.421  0.615  0.824  1.000  0.800  0.683  0.750  0.548  0.434  0.313  0.110 -0.054 -0.236 -0.147 -0.288 -0.200 -0.209 -0.185 -0.156 -0.067 -0.166 -0.025  0.055  0.018  0.011
  0.131 -0.011 -0.121 -0.338 -0.440 -0.397 -0.346 -0.147 -0.184 -0.235 -0.378 -0.475 -0.487 -0.396 -0.287 -0.064  0.172  0.396  0.605  0.624  0.531  0.442  0.202  0.040  0.059 -0.118 -0.257 -0.244 -0.312 -0.402 -0.376 -0.357 -0.359 -0.373 -0.381 -0.326 -0.272 -0.256 -0.207 -0.205 -0.249 -0.206 -0.218 -0.165 -0.073 -0.068 -0.078 -0.076 -0.063  0.054  0.162  0.135  0.327  0.558  0.800  1.000  0.832  0.749  0.662  0.640  0.584  0.354  0.196  0.010  0.066 -0.153 -0.201 -0.266 -0.297 -0.237 -0.106 -0.134  0.071  0.199  0.171  0.150
  0.223  0.069 -0.043 -0.308 -0.484 -0.460 -0.412 -0.179 -0.218 -0.251 -0.411 -0.518 -0.541 -0.398 -0.294 -0.027  0.186  0.457  0.670  0.680  0.488  0.324  0.026 -0.131 -0.076 -0.240 -0.408 -0.379 -0.406 -0.492 -0.465 -0.424 -0.409 -0.424 -0.448 -0.394 -0.347 -0.336 -0.262 -0.273 -0.336 -0.264 -0.308 -0.248 -0.142 -0.115 -0.138 -0.161 -0.171 -0.070  0.020 -0.040  0.195  0.446  0.683  0.832  1.000  0.856  0.701  0.754  0.609  0.424  0.298  0.109  0.138 -0.127 -0.221 -0.335 -0.379 -0.308 -0.133 -0.123  0.160  0.332  0.314  0.282
  0.009 -0.152 -0.159 -0.372 -0.434 -0.375 -0.320 -0.093 -0.140 -0.270 -0.409 -0.529 -0.562 -0.510 -0.408 -0.217  0.004  0.258  0.490  0.558  0.411  0.407  0.178  0.033  0.017 -0.144 -0.250 -0.239 -0.308 -0.373 -0.334 -0.325 -0.335 -0.342 -0.338 -0.269 -0.213 -0.189 -0.130 -0.117 -0.152 -0.113 -0.130 -0.071 -0.018 -0.032 -0.022 -0.018  0.032  0.153  0.270  0.188  0.394  0.631  0.750  0.749  0.856  1.000  0.839  0.727  0.521  0.291  0.132 -0.043  0.043 -0.143 -0.127 -0.195 -0.212 -0.156 -0.015 -0.102  0.086  0.145  0.113  0.091
 -0.019 -0.125 -0.097 -0.256 -0.330 -0.261 -0.245 -0.072 -0.126 -0.239 -0.339 -0.435 -0.479 -0.440 -0.391 -0.262 -0.092  0.130  0.353  0.377  0.212  0.222  0.092 -0.050 -0.099 -0.189 -0.254 -0.273 -0.322 -0.341 -0.310 -0.307 -0.300 -0.289 -0.293 -0.223 -0.179 -0.161 -0.100 -0.069 -0.100 -0.041 -0.043  0.021  0.076  0.020  0.036  0.049  0.106  0.214  0.263  0.118  0.256  0.466  0.548  0.662  0.701  0.839  1.000  0.817  0.671  0.386  0.205  0.048  0.146 -0.018 -0.026 -0.087 -0.124 -0.062  0.060 -0.046  0.085  0.081  0.041  0.019
  0.187  0.088  0.041 -0.167 -0.366 -0.331 -0.335 -0.153 -0.188 -0.226 -0.339 -0.421 -0.463 -0.338 -0.294 -0.113  0.021  0.260  0.457  0.423  0.203  0.092 -0.106 -0.263 -0.245 -0.311 -0.441 -0.446 -0.433 -0.463 -0.448 -0.409 -0.370 -0.368 -0.405 -0.350 -0.317 -0.313 -0.234 -0.224 -0.287 -0.185 -0.217 -0.142 -0.030 -0.046 -0.065 -0.089 -0.095 -0.018 -0.004 -0.143  0.032  0.259  0.434  0.640  0.754  0.727  0.817  1.000  0.823  0.564  0.407  0.238  0.280  0.035 -0.081 -0.203 -0.280 -0.214 -0.053 -0.067  0.171  0.274  0.258  0.225
  0.263  0.213  0.130 -0.069 -0.308 -0.290 -0.330 -0.186 -0.226 -0.189 -0.289 -0.352 -0.386 -0.233 -0.201 -0.022  0.079  0.264  0.414  0.335  0.139 -0.005 -0.176 -0.315 -0.295 -0.343 -0.466 -0.479 -0.449 -0.466 -0.468 -0.423 -0.357 -0.351 -0.408 -0.366 -0.355 -0.371 -0.302 -0.276 -0.333 -0.237 -0.248 -0.150  0.005 -0.020 -0.061 -0.093 -0.138 -0.076 -0.087 -0.210 -0.073  0.126  0.313  0.584  0.609  0.521  0.671  0.823  1.000  0.777  0.568  0.375  0.431  0.141 -0.039 -0.178 -0.286 -0.221 -0.068 -0.059  0.173  0.293  0.278  0.244
  0.456  0.413  0.293  0.059 -0.270 -0.291 -0.364 -0.257 -0.278 -0.157 -0.244 -0.267 -0.289 -0.074 -0.044  0.155  0.198  0.320  0.381  0.245  0.068 -0.144 -0.311 -0.417 -0.365 -0.395 -0.526 -0.530 -0.458 -0.475 -0.495 -0.423 -0.328 -0.331 -0.416 -0.407 -0.425 -0.457 -0.397 -0.386 -0.440 -0.364 -0.369 -0.252 -0.040 -0.042 -0.122 -0.173 -0.280 -0.242 -0.273 -0.357 -0.241 -0.081  0.110  0.354  0.424  0.291  0.386  0.564  0.777  1.000  0.783  0.556  0.562  0.223 -0.056 -0.247 -0.376 -0.322 -0.153 -0.078  0.224  0.408  0.413  0.376
  0.632  0.606  0.494  0.262 -0.172 -0.225 -0.344 -0.294 -0.288 -0.127 -0.182 -0.157 -0.154  0.131  0.164  0.377  0.348  0.392  0.351  0.181  0.028 -0.258 -0.424 -0.508 -0.424 -0.435 -0.568 -0.567 -0.466 -0.479 -0.517 -0.433 -0.314 -0.318 -0.423 -0.436 -0.473 -0.507 -0.442 -0.444 -0.500 -0.418 -0.428 -0.325 -0.132 -0.110 -0.203 -0.261 -0.387 -0.390 -0.445 -0.493 -0.400 -0.266 -0.054  0.196  0.298  0.132  0.205  0.407  0.568  0.783  1.000  0.813  0.632  0.332 -0.031 -0.261 -0.402 -0.354 -0.189 -0.056  0.264  0.452  0.473  0.439
  0.544  0.627  0.593  0.491  0.049 -0.024 -0.219 -0.258 -0.236 -0.058 -0.044  0.045  0.042  0.308  0.264  0.358  0.237  0.226  0.178 -0.016 -0.149 -0.401 -0.480 -0.543 -0.480 -0.418 -0.509 -0.530 -0.397 -0.368 -0.429 -0.352 -0.215 -0.209 -0.327 -0.354 -0.415 -0.452 -0.401 -0.396 -0.426 -0.346 -0.337 -0.245 -0.088 -0.097 -0.179 -0.230 -0.344 -0.381 -0.479 -0.530 -0.501 -0.408 -0.236  0.010  0.109 -0.043  0.048  0.238  0.375  0.556  0.813  1.000  0.787  0.541  0.144 -0.115 -0.281 -0.254 -0.138 -0.019  0.240  0.353  0.385  0.358
  0.317  0.384  0.465  0.453  0.139  0.100 -0.128 -0.161 -0.183 -0.074 -0.039  0.033  0.006  0.170  0.086  0.100  0.051  0.071  0.116 -0.054 -0.202 -0.351 -0.385 -0.458 -0.458 -0.383 -0.431 -0.481 -0.369 -0.303 -0.360 -0.310 -0.178 -0.155 -0.263 -0.268 -0.330 -0.370 -0.329 -0.293 -0.294 -0.230 -0.194 -0.066  0.097  0.013 -0.056 -0.101 -0.190 -0.214 -0.296 -0.386 -0.365 -0.269 -0.147  0.066  0.138  0.043  0.146  0.280  0.431  0.562  0.632  0.787  1.000  0.702  0.350  0.074 -0.116 -0.117 -0.037 -0.025  0.184  0.208  0.212  0.186
  0.082  0.189  0.418  0.632  0.459  0.449  0.136 -0.007 -0.043 -0.014  0.112  0.219  0.196  0.262  0.133  0.006 -0.101 -0.173 -0.141 -0.290 -0.361 -0.392 -0.294 -0.318 -0.380 -0.245 -0.193 -0.276 -0.187 -0.071 -0.133 -0.131 -0.021  0.022 -0.062 -0.063 -0.130 -0.155 -0.146 -0.094 -0.045 -0.012  0.061  0.171  0.253  0.105  0.069  0.051  0.015 -0.040 -0.142 -0.237 -0.307 -0.291 -0.288 -0.153 -0.127 -0.143 -0.018  0.035  0.141  0.223  0.332  0.541  0.702  1.000  0.707  0.366  0.169  0.115  0.094  0.017  0.058 -0.071 -0.075 -0.080
 -0.214 -0.112  0.186  0.456  0.606  0.602  0.343  0.196  0.097 -0.046  0.111  0.194  0.192  0.082 -0.002 -0.199 -0.276 -0.356 -0.306 -0.355 -0.352 -0.224 -0.055 -0.039 -0.178 -0.069  0.075 -0.020 -0.025  0.109  0.081  0.022  0.066  0.120  0.108  0.138  0.094  0.082  0.072  0.168  0.261  0.264  0.380  0.489  0.452  0.264  0.285  0.271  0.289  0.222  0.146  0.054 -0.036 -0.074 -0.200 -0.201 -0.221 -0.127 -0.026 -0.081 -0.039 -0.056 -0.031  0.144  0.350  0.707  1.000  0.704  0.514  0.388  0.268  0.045 -0.087 -0.362 -0.396 -0.387
 -0.421 -0.324 -0.083  0.209  0.528  0.640  0.606  0.448  0.291 -0.038  0.143  0.206  0.205 -0.020 -0.119 -0.336 -0.391 -0.486 -0.436 -0.440 -0.374 -0.147  0.098  0.132 -0.036  0.087  0.282  0.173  0.112  0.278  0.273  0.154  0.148  0.224  0.274  0.337  0.317  0.317  0.306  0.423  0.538  0.542  0.665  0.735  0.556  0.336  0.429  0.390  0.463  0.346  0.263  0.191  0.071 -0.011 -0.209 -0.266 -0.335 -0.195 -0.087 -0.203 -0.178 -0.247 -0.261 -0.115  0.074  0.366  0.704  1.000  0.836  0.647  0.408  0.106 -0.235 -0.590 -0.634 -0.612
 -0.501 -0.418 -0.193  0.098  0.496  0.606  0.616  0.442  0.303 -0.013  0.157  0.198  0.224 -0.041 -0.128 -0.349 -0.405 -0.514 -0.484 -0.438 -0.327 -0.065  0.179  0.236  0.083  0.179  0.390  0.305  0.205  0.364  0.386  0.236  0.193  0.280  0.373  0.442  0.438  0.430  0.438  0.595  0.698  0.705  0.736  0.677  0.427  0.225  0.352  0.356  0.484  0.387  0.322  0.268  0.141  0.038 -0.185 -0.297 -0.379 -0.212 -0.124 -0.280 -0.286 -0.376 -0.402 -0.281 -0.116  0.169  0.514  0.836  1.000  0.827  0.564  0.252 -0.213 -0.642 -0.716 -0.697
 -0.446 -0.379 -0.185  0.056  0.366  0.478  0.477  0.306  0.198 -0.018  0.107  0.135  0.151 -0.064 -0.137 -0.322 -0.374 -0.460 -0.423 -0.386 -0.285 -0.057  0.146  0.168  0.053  0.128  0.310  0.236  0.125  0.296  0.335  0.161  0.124  0.258  0.362  0.466  0.459  0.436  0.504  0.693  0.747  0.791  0.700  0.588  0.318  0.113  0.250  0.283  0.438  0.360  0.288  0.210  0.099  0.035 -0.156 -0.237 -0.308 -0.156 -0.062 -0.214 -0.221 -0.322 -0.354 -0.254 -0.117  0.115  0.388  0.647  0.827  1.000  0.779  0.477 -0.053 -0.569 -0.685 -0.681
 -0.291 -0.274 -0.114  0.017  0.185  0.284  0.237  0.179  0.040 -0.067  0.000 -0.013 -0.037 -0.141 -0.183 -0.275 -0.294 -0.316 -0.256 -0.239 -0.194 -0.046  0.066  0.046 -0.037 -0.008  0.128  0.067 -0.033  0.127  0.171  0.012  0.004  0.153  0.232  0.343  0.333  0.292  0.415  0.646  0.628  0.617  0.487  0.392  0.191  0.032  0.138  0.183  0.301  0.254  0.207  0.118  0.058  0.054 -0.067 -0.106 -0.133 -0.015  0.060 -0.053 -0.068 -0.153 -0.189 -0.138 -0.037  0.094  0.268  0.408  0.564  0.779  1.000  0.753  0.274 -0.358 -0.533 -0.564
 -0.076 -0.058 -0.004  0.063  0.066  0.101  0.083  0.028 -0.030 -0.012  0.018  0.036  0.014  0.018 -0.039 -0.061 -0.123 -0.149 -0.156 -0.170 -0.152 -0.145 -0.104 -0.130 -0.114 -0.080 -0.027 -0.046 -0.092  0.009  0.046 -0.069 -0.071  0.050  0.106  0.198  0.216  0.162  0.287  0.488  0.362  0.435  0.232  0.084 -0.062 -0.161 -0.100 -0.062  0.031 -0.004 -0.059 -0.124 -0.160 -0.145 -0.166 -0.134 -0.123 -0.102 -0.046 -0.067 -0.059 -0.078 -0.056 -0.019 -0.025  0.017  0.045  0.106  0.252  0.477  0.753  1.000  0.530 -0.079 -0.257 -0.311
  0.243  0.209  0.168  0.076 -0.129 -0.153 -0.260 -0.215 -0.216 -0.087 -0.120 -0.099 -0.131  0.020  0.004  0.116  0.102  0.158  0.158  0.109  0.020 -0.120 -0.237 -0.318 -0.227 -0.238 -0.336 -0.325 -0.277 -0.277 -0.295 -0.285 -0.224 -0.196 -0.245 -0.217 -0.202 -0.229 -0.136 -0.075 -0.180 -0.091 -0.192 -0.233 -0.188 -0.201 -0.234 -0.211 -0.228 -0.205 -0.230 -0.286 -0.234 -0.136 -0.025  0.071  0.160  0.086  0.085  0.171  0.173  0.224  0.264  0.240  0.184  0.058 -0.087 -0.235 -0.213 -0.053  0.274  0.530  1.000  0.374  0.191  0.096
  0.511  0.442  0.227 -0.021 -0.388 -0.470 -0.525 -0.437 -0.390 -0.112 -0.252 -0.227 -0.227  0.035  0.078  0.300  0.340  0.451  0.420  0.351  0.198 -0.103 -0.355 -0.430 -0.263 -0.332 -0.570 -0.499 -0.361 -0.503 -0.554 -0.392 -0.317 -0.413 -0.517 -0.568 -0.566 -0.570 -0.506 -0.547 -0.626 -0.546 -0.592 -0.576 -0.386 -0.275 -0.395 -0.408 -0.526 -0.455 -0.440 -0.445 -0.311 -0.174  0.055  0.199  0.332  0.145  0.081  0.274  0.293  0.408  0.452  0.353  0.208 -0.071 -0.362 -0.590 -0.642 -0.569 -0.358 -0.079  0.374  1.000  0.829  0.671
  0.552  0.487  0.255 -0.005 -0.399 -0.488 -0.523 -0.434 -0.367 -0.118 -0.255 -0.213 -0.207  0.071  0.117  0.343  0.366  0.480  0.437  0.351  0.192 -0.134 -0.402 -0.458 -0.285 -0.347 -0.599 -0.522 -0.358 -0.522 -0.587 -0.396 -0.324 -0.450 -0.558 -0.626 -0.622 -0.622 -0.597 -0.669 -0.738 -0.652 -0.680 -0.645 -0.423 -0.270 -0.407 -0.455 -0.593 -0.525 -0.507 -0.490 -0.346 -0.225  0.018  0.171  0.314  0.113  0.041  0.258  0.278  0.413  0.473  0.385  0.212 -0.075 -0.396 -0.634 -0.716 -0.685 -0.533 -0.257  0.191  0.829  1.000  0.902
