  1.000  0.768  0.524  0.275 -0.141 -0.242 -0.319 -0.301 -0.276 -0.084 -0.115 -0.062 -0.029  0.254  0.346  0.602  0.661  0.625  0.477  0.293  0.217 -0.147 -0.354 -0.424 -0.283 -0.336 -0.468 -0.470 -0.402 -0.471 -0.482 -0.387 -0.336 -0.350 -0.405 -0.437 -0.423 -0.445 -0.403 -0.434 -0.514 -0.448 -0.483 -0.447 -0.331 -0.267 -0.341 -0.353 -0.437 -0.412 -0.440 -0.443 -0.371 -0.284 -0.029  0.157  0.247  0.016 -0.028  0.186  0.227  0.444  0.613  0.546  0.346  0.115 -0.190 -0.413 -0.484 -0.433 -0.282 -0.040  0.207  0.448  0.525  0.494
  0.768  1.000  0.706  0.459  0.062 -0.088 -0.220 -0.312 -0.251 -0.012 -0.036  0.107  0.183  0.456  0.541  0.660  0.504  0.430  0.282  0.100  0.017 -0.309 -0.433 -0.463 -0.340 -0.328 -0.413 -0.414 -0.316 -0.342 -0.377 -0.275 -0.205 -0.205 -0.271 -0.321 -0.351 -0.378 -0.376 -0.407 -0.453 -0.398 -0.432 -0.404 -0.290 -0.245 -0.316 -0.324 -0.418 -0.454 -0.515 -0.506 -0.510 -0.456 -0.240 -0.032  0.073 -0.174 -0.165  0.060  0.159  0.399  0.590  0.636  0.420  0.206 -0.085 -0.304 -0.380 -0.341 -0.240 -0.002  0.213  0.357  0.430  0.422
  0.524  0.706  1.000  0.701  0.262  0.147 -0.084 -0.223 -0.203 -0.100 -0.025  0.154  0.241  0.478  0.538  0.482  0.316  0.200  0.108 -0.057 -0.137 -0.326 -0.394 -0.422 -0.356 -0.315 -0.382 -0.400 -0.289 -0.277 -0.311 -0.239 -0.161 -0.143 -0.203 -0.245 -0.276 -0.298 -0.278 -0.285 -0.293 -0.242 -0.266 -0.236 -0.165 -0.153 -0.192 -0.203 -0.278 -0.335 -0.392 -0.418 -0.438 -0.396 -0.280 -0.117 -0.006 -0.135 -0.083  0.090  0.132  0.289  0.515  0.635  0.517  0.417  0.176 -0.101 -0.189 -0.168 -0.097  0.043  0.206  0.189  0.245  0.249
  0.275  0.459  0.701  1.000  0.668  0.506  0.226 -0.045 -0.033  0.113  0.275  0.488  0.520  0.613  0.508  0.361  0.124 -0.074 -0.157 -0.351 -0.384 -0.458 -0.391 -0.373 -0.362 -0.234 -0.209 -0.252 -0.123 -0.028 -0.080 -0.055  0.025  0.074  0.013 -0.027 -0.081 -0.115 -0.131 -0.114 -0.080 -0.064 -0.040 -0.017 -0.000 -0.048 -0.059 -0.074 -0.129 -0.248 -0.356 -0.383 -0.496 -0.518 -0.493 -0.333 -0.288 -0.382 -0.273 -0.135 -0.074  0.056  0.259  0.520  0.459  0.619  0.442  0.206  0.094  0.049  0.002  0.078  0.057 -0.060 -0.033 -0.022
 -0.141  0.062  0.262  0.668  1.000  0.820  0.531  0.223  0.126  0.134  0.370  0.568  0.632  0.463  0.350  0.092 -0.128 -0.342 -0.428 -0.495 -0.451 -0.339 -0.142 -0.044 -0.134  0.009  0.149  0.111  0.184  0.312  0.261  0.240  0.273  0.286  0.280  0.233  0.182  0.127  0.083  0.157  0.254  0.197  0.299  0.306  0.242  0.107  0.158  0.139  0.175  0.017 -0.069 -0.062 -0.222 -0.336 -0.469 -0.466 -0.497 -0.457 -0.358 -0.386 -0.339 -0.296 -0.189  0.093  0.132  0.473  0.628  0.559  0.498  0.336  0.146  0.046 -0.151 -0.400 -0.402 -0.373
 -0.242 -0.088  0.147  0.506  0.820  1.000  0.647  0.362  0.192  0.099  0.316  0.491  0.515  0.338  0.190 -0.038 -0.198 -0.389 -0.459 -0.516 -0.447 -0.321 -0.096 -0.019 -0.126  0.006  0.156  0.113  0.171  0.316  0.261  0.216  0.241  0.265  0.263  0.249  0.226  0.194  0.133  0.246  0.359  0.295  0.373  0.395  0.301  0.162  0.242  0.204  0.253  0.062 -0.021 -0.019 -0.167 -0.259 -0.419 -0.424 -0.481 -0.410 -0.291 -0.344 -0.303 -0.323 -0.245  0.014  0.124  0.482  0.624  0.659  0.594  0.441  0.247  0.104 -0.162 -0.471 -0.479 -0.432
 -0.319 -0.220 -0.084  0.226  0.531  0.647  1.000  0.710  0.439  0.036  0.243  0.318  0.372  0.173  0.037 -0.107 -0.204 -0.398 -0.440 -0.431 -0.345 -0.220 -0.013  0.079 -0.019  0.076  0.231  0.206  0.188  0.286  0.288  0.211  0.170  0.184  0.252  0.284  0.328  0.304  0.269  0.353  0.410  0.412  0.472  0.438  0.296  0.169  0.265  0.191  0.278  0.140  0.086  0.096 -0.037 -0.173 -0.326 -0.349 -0.441 -0.379 -0.282 -0.341 -0.330 -0.433 -0.375 -0.199 -0.139  0.165  0.416  0.651  0.626  0.481  0.232  0.079 -0.267 -0.522 -0.527 -0.477
 -0.301 -0.312 -0.223 -0.045  0.223  0.362  0.710  1.000  0.662  0.031  0.186  0.111  0.032 -0.107 -0.156 -0.163 -0.182 -0.273 -0.246 -0.212 -0.172 -0.077  0.047  0.079 -0.028 -0.011  0.109  0.079  0.019  0.111  0.144  0.058  0.021  0.050  0.122  0.202  0.250  0.245  0.241  0.297  0.332  0.338  0.387  0.371  0.277  0.169  0.234  0.166  0.238  0.193  0.187  0.177  0.114  0.043 -0.067 -0.115 -0.177 -0.104 -0.095 -0.150 -0.179 -0.328 -0.342 -0.280 -0.199  0.033  0.274  0.521  0.471  0.334  0.183  0.014 -0.225 -0.449 -0.469 -0.433
 -0.276 -0.251 -0.203 -0.033  0.126  0.192  0.439  0.662  1.000  0.324  0.340  0.220  0.076 -0.042 -0.096 -0.113 -0.195 -0.277 -0.232 -0.205 -0.184 -0.064  0.054  0.084  0.006  0.039  0.097  0.058  0.010  0.039  0.063  0.004 -0.046 -0.044  0.011  0.076  0.153  0.185  0.223  0.193  0.233  0.267  0.327  0.295  0.233  0.151  0.169  0.157  0.213  0.195  0.164  0.164  0.119  0.049 -0.083 -0.142 -0.207 -0.112 -0.118 -0.168 -0.202 -0.297 -0.291 -0.236 -0.220 -0.017  0.127  0.310  0.285  0.199  0.024 -0.076 -0.241 -0.386 -0.382 -0.345
 -0.084 -0.012 -0.100  0.113  0.134  0.099  0.036  0.031  0.324  1.000  0.668  0.467  0.267  0.190  0.068  0.032 -0.065 -0.155 -0.211 -0.254 -0.197 -0.173 -0.046 -0.011  0.003  0.021  0.075  0.061  0.035  0.071  0.091  0.063  0.059  0.142  0.128  0.107  0.100  0.096  0.095 -0.023 -0.007  0.002  0.035  0.021 -0.026 -0.017 -0.059  0.061  0.078  0.023 -0.039 -0.016 -0.139 -0.206 -0.232 -0.208 -0.282 -0.280 -0.242 -0.283 -0.234 -0.166 -0.132 -0.078 -0.112 -0.005 -0.082  0.004  0.000  0.003 -0.075 -0.047 -0.183 -0.147 -0.167 -0.138
 -0.115 -0.036 -0.025  0.275  0.370  0.316  0.243  0.186  0.340  0.668  1.000  0.775  0.551  0.376  0.164  0.058 -0.060 -0.255 -0.318 -0.374 -0.321 -0.279 -0.114 -0.057 -0.090 -0.005  0.082  0.086  0.122  0.201  0.206  0.193  0.236  0.308  0.285  0.233  0.193  0.141  0.095  0.044  0.053  0.027  0.096  0.069  0.018 -0.010 -0.039  0.038  0.072 -0.006 -0.080 -0.043 -0.209 -0.289 -0.363 -0.347 -0.405 -0.417 -0.359 -0.378 -0.325 -0.250 -0.201 -0.065 -0.075  0.131  0.092  0.154  0.118  0.066 -0.060 -0.044 -0.184 -0.278 -0.281 -0.246
 -0.062  0.107  0.154  0.488  0.568  0.491  0.318  0.111  0.220  0.467  0.775  1.000  0.797  0.645  0.396  0.204 -0.006 -0.256 -0.352 -0.443 -0.384 -0.362 -0.157 -0.080 -0.100  0.034  0.114  0.079  0.172  0.232  0.176  0.186  0.225  0.254  0.212  0.140  0.121  0.105  0.040  0.012  0.048  0.031  0.098  0.046  0.010 -0.040 -0.050  0.015  0.023 -0.106 -0.197 -0.133 -0.313 -0.426 -0.495 -0.446 -0.509 -0.541 -0.462 -0.454 -0.404 -0.274 -0.183  0.034  0.004  0.217  0.159  0.186  0.152  0.084 -0.091 -0.026 -0.149 -0.257 -0.224 -0.170
 -0.029  0.183  0.241  0.520  0.632  0.515  0.372  0.032  0.076  0.267  0.551  0.797  1.000  0.821  0.562  0.280  0.067 -0.207 -0.338 -0.413 -0.346 -0.336 -0.159 -0.054 -0.055  0.073  0.146  0.150  0.230  0.264  0.218  0.248  0.248  0.243  0.230  0.140  0.134  0.118  0.048  0.038  0.053  0.042  0.092  0.013 -0.036 -0.056 -0.058 -0.063 -0.017 -0.151 -0.208 -0.138 -0.307 -0.440 -0.502 -0.472 -0.508 -0.549 -0.491 -0.457 -0.400 -0.268 -0.164  0.057  0.010  0.196  0.189  0.198  0.191  0.115 -0.073 -0.002 -0.154 -0.222 -0.200 -0.170
  0.254  0.456  0.478  0.613  0.463  0.338  0.173 -0.107 -0.042  0.190  0.376  0.645  0.821  1.000  0.745  0.496  0.248 -0.007 -0.151 -0.291 -0.267 -0.388 -0.274 -0.217 -0.158 -0.046 -0.047 -0.061  0.030  0.037 -0.015  0.044  0.073  0.063  0.023 -0.060 -0.062 -0.057 -0.099 -0.148 -0.165 -0.128 -0.107 -0.184 -0.151 -0.157 -0.199 -0.218 -0.229 -0.310 -0.373 -0.306 -0.447 -0.522 -0.487 -0.380 -0.380 -0.499 -0.464 -0.350 -0.263 -0.059  0.120  0.317  0.182  0.260  0.095 -0.018 -0.053 -0.089 -0.164  0.028  0.020  0.014  0.052  0.067
  0.346  0.541  0.538  0.508  0.350  0.190  0.037 -0.156 -0.096  0.068  0.164  0.396  0.562  0.745  1.000  0.684  0.381  0.121 -0.049 -0.168 -0.105 -0.232 -0.199 -0.150 -0.089  0.007 -0.038 -0.068  0.018  0.013 -0.064  0.006  0.026 -0.006 -0.042 -0.116 -0.126 -0.119 -0.137 -0.166 -0.172 -0.158 -0.144 -0.179 -0.132 -0.127 -0.187 -0.173 -0.194 -0.268 -0.312 -0.235 -0.326 -0.390 -0.356 -0.303 -0.295 -0.400 -0.419 -0.305 -0.240 -0.013  0.179  0.324  0.168  0.182  0.055 -0.077 -0.115 -0.137 -0.155  0.009  0.038  0.036  0.083  0.094
  0.602  0.660  0.482  0.361  0.092 -0.038 -0.107 -0.163 -0.113  0.032  0.058  0.204  0.280  0.496  0.684  1.000  0.672  0.427  0.225  0.112  0.104 -0.158 -0.252 -0.246 -0.143 -0.142 -0.218 -0.226 -0.176 -0.193 -0.240 -0.181 -0.155 -0.144 -0.191 -0.231 -0.226 -0.237 -0.235 -0.268 -0.302 -0.267 -0.306 -0.317 -0.290 -0.230 -0.264 -0.279 -0.296 -0.367 -0.394 -0.332 -0.340 -0.340 -0.168 -0.076 -0.038 -0.219 -0.287 -0.149 -0.082  0.141  0.352  0.391  0.146  0.064 -0.117 -0.238 -0.269 -0.247 -0.221  0.012  0.109  0.184  0.239  0.247
  0.661  0.504  0.316  0.124 -0.128 -0.198 -0.204 -0.182 -0.195 -0.065 -0.060 -0.006  0.067  0.248  0.381  0.672  1.000  0.772  0.518  0.371  0.416  0.071 -0.126 -0.168 -0.075 -0.142 -0.241 -0.259 -0.244 -0.298 -0.330 -0.288 -0.274 -0.266 -0.313 -0.344 -0.305 -0.289 -0.266 -0.330 -0.375 -0.349 -0.410 -0.394 -0.303 -0.215 -0.272 -0.296 -0.327 -0.326 -0.312 -0.241 -0.165 -0.124  0.084  0.192  0.212 -0.000 -0.084  0.042  0.075  0.220  0.360  0.276  0.108 -0.048 -0.243 -0.330 -0.372 -0.344 -0.289 -0.118  0.036  0.271  0.331  0.323
  0.625  0.430  0.200 -0.074 -0.342 -0.389 -0.398 -0.273 -0.277 -0.155 -0.255 -0.256 -0.207 -0.007  0.121  0.427  0.772  1.000  0.774  0.636  0.608  0.230 -0.088 -0.180 -0.029 -0.174 -0.343 -0.319 -0.326 -0.429 -0.441 -0.389 -0.379 -0.396 -0.430 -0.434 -0.411 -0.411 -0.354 -0.403 -0.465 -0.427 -0.499 -0.477 -0.370 -0.257 -0.342 -0.345 -0.403 -0.345 -0.292 -0.235 -0.060  0.056  0.333  0.447  0.494  0.281  0.154  0.280  0.256  0.341  0.414  0.246  0.096 -0.154 -0.358 -0.467 -0.510 -0.449 -0.338 -0.169  0.082  0.431  0.494  0.467
  0.477  0.282  0.108 -0.157 -0.428 -0.459 -0.440 -0.246 -0.232 -0.211 -0.318 -0.352 -0.338 -0.151 -0.049  0.225  0.518  0.774  1.000  0.778  0.590  0.233 -0.069 -0.207 -0.102 -0.252 -0.419 -0.391 -0.414 -0.520 -0.509 -0.456 -0.445 -0.465 -0.501 -0.472 -0.443 -0.437 -0.370 -0.400 -0.470 -0.380 -0.452 -0.407 -0.276 -0.218 -0.292 -0.301 -0.359 -0.254 -0.213 -0.222  0.004  0.176  0.496  0.650  0.704  0.502  0.368  0.488  0.435  0.416  0.407  0.231  0.152 -0.105 -0.316 -0.448 -0.515 -0.442 -0.297 -0.173  0.137  0.470  0.489  0.439
  0.293  0.100 -0.057 -0.351 -0.495 -0.516 -0.431 -0.212 -0.205 -0.254 -0.374 -0.443 -0.413 -0.291 -0.168  0.112  0.371  0.636  0.778  1.000  0.800  0.503  0.167  0.050  0.120 -0.113 -0.259 -0.224 -0.309 -0.432 -0.409 -0.388 -0.396 -0.418 -0.433 -0.403 -0.364 -0.355 -0.288 -0.306 -0.370 -0.300 -0.373 -0.373 -0.288 -0.211 -0.268 -0.262 -0.265 -0.131 -0.020  0.015  0.254  0.412  0.688  0.675  0.721  0.604  0.423  0.471  0.363  0.285  0.198 -0.036 -0.069 -0.304 -0.377 -0.462 -0.452 -0.390 -0.255 -0.172  0.089  0.401  0.396  0.340
  0.217  0.017 -0.137 -0.384 -0.451 -0.447 -0.345 -0.172 -0.184 -0.197 -0.321 -0.384 -0.346 -0.267 -0.105  0.104  0.416  0.608  0.590  0.800  1.000  0.741  0.402  0.281  0.352  0.088 -0.039 -0.007 -0.142 -0.280 -0.266 -0.276 -0.304 -0.315 -0.322 -0.294 -0.265 -0.232 -0.200 -0.225 -0.245 -0.249 -0.292 -0.319 -0.273 -0.195 -0.239 -0.192 -0.141 -0.008  0.122  0.217  0.398  0.508  0.671  0.560  0.529  0.458  0.258  0.254  0.177  0.134  0.043 -0.153 -0.218 -0.377 -0.384 -0.410 -0.361 -0.310 -0.220 -0.186 -0.002  0.260  0.239  0.204
 -0.147 -0.309 -0.326 -0.458 -0.339 -0.321 -0.220 -0.077 -0.064 -0.173 -0.279 -0.362 -0.336 -0.388 -0.232 -0.158  0.071  0.230  0.233  0.503  0.741  1.000  0.752  0.634  0.656  0.427  0.297  0.273  0.119 -0.011 -0.023 -0.084 -0.126 -0.144 -0.138 -0.102 -0.051  0.014  0.007 -0.016  0.013 -0.030 -0.001 -0.025 -0.074 -0.026 -0.013  0.056  0.173  0.340  0.503  0.613  0.701  0.738  0.692  0.454  0.319  0.436  0.254  0.137  0.041 -0.108 -0.268 -0.433 -0.380 -0.401 -0.227 -0.167 -0.086 -0.083 -0.085 -0.204 -0.142 -0.050 -0.088 -0.100
 -0.354 -0.433 -0.394 -0.391 -0.142 -0.096 -0.013  0.047  0.054 -0.046 -0.114 -0.157 -0.159 -0.274 -0.199 -0.252 -0.126 -0.088 -0.069  0.167  0.402  0.752  1.000  0.832  0.672  0.584  0.586  0.470  0.262  0.189  0.162  0.073  0.004  0.002  0.032  0.080  0.148  0.254  0.206  0.148  0.227  0.178  0.274  0.224  0.151  0.126  0.162  0.262  0.412  0.549  0.637  0.748  0.665  0.619  0.445  0.234  0.024  0.193  0.121 -0.073 -0.126 -0.263 -0.417 -0.490 -0.402 -0.299 -0.049  0.069  0.155  0.121  0.047 -0.138 -0.217 -0.320 -0.372 -0.360
 -0.424 -0.463 -0.422 -0.373 -0.044 -0.019  0.079  0.079  0.084 -0.011 -0.057 -0.080 -0.054 -0.217 -0.150 -0.246 -0.168 -0.180 -0.207  0.050  0.281  0.634  0.832  1.000  0.817  0.636  0.720  0.669  0.455  0.374  0.347  0.274  0.186  0.160  0.212  0.204  0.207  0.297  0.216  0.192  0.325  0.182  0.279  0.253  0.137  0.140  0.197  0.279  0.415  0.502  0.602  0.769  0.696  0.536  0.308  0.029 -0.163  0.035 -0.037 -0.242 -0.289 -0.395 -0.524 -0.563 -0.490 -0.350 -0.031  0.128  0.239  0.158  0.017 -0.183 -0.332 -0.398 -0.419 -0.394
 -0.283 -0.340 -0.356 -0.362 -0.134 -0.126 -0.019 -0.028  0.006  0.003 -0.090 -0.100 -0.055 -0.158 -0.089 -0.143 -0.075 -0.029 -0.102  0.120  0.352  0.656  0.672  0.817  1.000  0.759  0.616  0.659  0.512  0.340  0.300  0.234  0.150  0.111  0.159  0.154  0.171  0.218  0.139  0.108  0.198  0.087  0.121  0.064 -0.057 -0.041 -0.008  0.074  0.192  0.309  0.436  0.599  0.565  0.436  0.310  0.061 -0.101  0.034 -0.090 -0.236 -0.290 -0.369 -0.459 -0.513 -0.492 -0.420 -0.180 -0.042  0.084  0.065 -0.051 -0.158 -0.249 -0.225 -0.249 -0.230
 -0.336 -0.328 -0.315 -0.234  0.009  0.006  0.076 -0.011  0.039  0.021 -0.005  0.034  0.073 -0.046  0.007 -0.142 -0.142 -0.174 -0.252 -0.113  0.088  0.427  0.584  0.636  0.759  1.000  0.770  0.667  0.647  0.522  0.411  0.367  0.254  0.186  0.234  0.198  0.262  0.335  0.227  0.183  0.257  0.208  0.251  0.156  0.030  0.049  0.091  0.116  0.208  0.261  0.311  0.453  0.365  0.222  0.046 -0.135 -0.272 -0.158 -0.190 -0.320 -0.350 -0.411 -0.487 -0.469 -0.433 -0.290 -0.059  0.079  0.181  0.124  0.003 -0.070 -0.194 -0.296 -0.322 -0.307
 -0.468 -0.413 -0.382 -0.209  0.149  0.156  0.231  0.109  0.097  0.075  0.082  0.114  0.146 -0.047 -0.038 -0.218 -0.241 -0.343 -0.419 -0.259 -0.039  0.297  0.586  0.720  0.616  0.770  1.000  0.859  0.669  0.681  0.662  0.521  0.381  0.374  0.456  0.447  0.490  0.568  0.442  0.376  0.486  0.359  0.412  0.311  0.146  0.125  0.201  0.239  0.378  0.368  0.386  0.529  0.384  0.181 -0.056 -0.265 -0.405 -0.246 -0.241 -0.421 -0.438 -0.499 -0.573 -0.537 -0.473 -0.235  0.073  0.261  0.388  0.303  0.144 -0.025 -0.302 -0.544 -0.558 -0.518
 -0.470 -0.414 -0.400 -0.252  0.111  0.113  0.206  0.079  0.058  0.061  0.086  0.079  0.150 -0.061 -0.068 -0.226 -0.259 -0.319 -0.391 -0.224 -0.007  0.273  0.470  0.669  0.659  0.667  0.859  1.000  0.793  0.716  0.761  0.656  0.487  0.452  0.558  0.515  0.524  0.533  0.404  0.375  0.452  0.299  0.312  0.211  0.026  0.017  0.101  0.138  0.277  0.276  0.334  0.470  0.364  0.167 -0.033 -0.259 -0.373 -0.225 -0.246 -0.418 -0.442 -0.501 -0.577 -0.553 -0.520 -0.310 -0.019  0.165  0.332  0.271  0.107 -0.048 -0.298 -0.475 -0.502 -0.467
 -0.402 -0.316 -0.289 -0.123  0.184  0.171  0.188  0.019  0.010  0.035  0.122  0.172  0.230  0.030  0.018 -0.176 -0.244 -0.326 -0.414 -0.309 -0.142  0.119  0.262  0.455  0.512  0.647  0.669  0.793  1.000  0.826  0.704  0.770  0.663  0.514  0.533  0.398  0.336  0.324  0.163  0.182  0.278  0.135  0.147  0.082 -0.035 -0.006  0.057  0.056  0.120  0.094  0.162  0.290  0.215  0.026 -0.156 -0.343 -0.421 -0.309 -0.310 -0.435 -0.454 -0.441 -0.489 -0.412 -0.386 -0.212 -0.016  0.113  0.220  0.132 -0.014 -0.108 -0.268 -0.326 -0.323 -0.287
 -0.471 -0.342 -0.277 -0.028  0.312  0.316  0.286  0.111  0.039  0.071  0.201  0.232  0.264  0.037  0.013 -0.193 -0.298 -0.429 -0.520 -0.432 -0.280 -0.011  0.189  0.374  0.340  0.522  0.681  0.716  0.826  1.000  0.871  0.806  0.759  0.719  0.719  0.640  0.526  0.482  0.330  0.364  0.474  0.276  0.264  0.220  0.072  0.066  0.136  0.130  0.193  0.115  0.143  0.258  0.142 -0.049 -0.270 -0.438 -0.507 -0.383 -0.346 -0.493 -0.469 -0.456 -0.499 -0.388 -0.322 -0.100  0.138  0.297  0.395  0.319  0.173  0.008 -0.254 -0.490 -0.516 -0.479
 -0.482 -0.377 -0.311 -0.080  0.261  0.261  0.288  0.144  0.063  0.091  0.206  0.176  0.218 -0.015 -0.064 -0.240 -0.330 -0.441 -0.509 -0.409 -0.266 -0.023  0.162  0.347  0.300  0.411  0.662  0.761  0.704  0.871  1.000  0.853  0.721  0.749  0.827  0.769  0.684  0.625  0.503  0.491  0.536  0.351  0.317  0.234  0.052  0.047  0.117  0.111  0.214  0.138  0.160  0.249  0.142 -0.038 -0.243 -0.403 -0.472 -0.341 -0.295 -0.443 -0.438 -0.470 -0.517 -0.437 -0.366 -0.127  0.120  0.292  0.436  0.369  0.227  0.049 -0.251 -0.542 -0.576 -0.549
 -0.387 -0.275 -0.239 -0.055  0.240  0.216  0.211  0.058  0.004  0.063  0.193  0.186  0.248  0.044  0.006 -0.181 -0.288 -0.389 -0.456 -0.388 -0.276 -0.084  0.073  0.274  0.234  0.367  0.521  0.656  0.770  0.806  0.853  1.000  0.868  0.737  0.756  0.568  0.401  0.343  0.205  0.233  0.321  0.139  0.154  0.101 -0.007  0.053  0.099  0.067  0.106  0.038  0.072  0.167  0.082 -0.091 -0.269 -0.414 -0.457 -0.353 -0.303 -0.407 -0.402 -0.366 -0.402 -0.327 -0.294 -0.110  0.056  0.175  0.270  0.170  0.040 -0.080 -0.252 -0.354 -0.371 -0.351
 -0.336 -0.205 -0.161  0.025  0.273  0.241  0.170  0.021 -0.046  0.059  0.236  0.225  0.248  0.073  0.026 -0.155 -0.274 -0.379 -0.445 -0.396 -0.304 -0.126  0.004  0.186  0.150  0.254  0.381  0.487  0.663  0.759  0.721  0.868  1.000  0.856  0.740  0.555  0.265  0.200  0.063  0.122  0.253  0.043  0.071  0.082  0.026  0.052  0.083  0.066  0.077  0.008  0.025  0.116 -0.006 -0.138 -0.294 -0.428 -0.443 -0.358 -0.310 -0.395 -0.347 -0.273 -0.301 -0.207 -0.170 -0.011  0.095  0.168  0.221  0.135  0.034 -0.080 -0.191 -0.292 -0.312 -0.291
 -0.350 -0.205 -0.143  0.074  0.286  0.265  0.184  0.050 -0.044  0.142  0.308  0.254  0.243  0.063 -0.006 -0.144 -0.266 -0.396 -0.465 -0.418 -0.315 -0.144  0.002  0.160  0.111  0.186  0.374  0.452  0.514  0.719  0.749  0.737  0.856  1.000  0.901  0.778  0.474  0.364  0.253  0.275  0.383  0.150  0.138  0.151  0.054  0.061  0.097  0.101  0.145  0.046  0.039  0.114 -0.033 -0.152 -0.317 -0.427 -0.449 -0.367 -0.316 -0.402 -0.340 -0.283 -0.292 -0.196 -0.161  0.045  0.164  0.217  0.292  0.255  0.168  0.028 -0.168 -0.407 -0.452 -0.432
 -0.405 -0.271 -0.203  0.013  0.280  0.263  0.252  0.122  0.011  0.128  0.285  0.212  0.230  0.023 -0.042 -0.191 -0.313 -0.430 -0.501 -0.433 -0.322 -0.138  0.032  0.212  0.159  0.234  0.456  0.558  0.533  0.719  0.827  0.756  0.740  0.901  1.000  0.897  0.665  0.521  0.422  0.442  0.502  0.281  0.235  0.198  0.064  0.078  0.122  0.116  0.189  0.082  0.088  0.161  0.026 -0.130 -0.318 -0.438 -0.471 -0.376 -0.325 -0.425 -0.374 -0.364 -0.373 -0.286 -0.239 -0.016  0.163  0.264  0.389  0.359  0.246  0.079 -0.208 -0.493 -0.546 -0.523
 -0.437 -0.321 -0.245 -0.027  0.233  0.249  0.284  0.202  0.076  0.107  0.233  0.140  0.140 -0.060 -0.116 -0.231 -0.344 -0.434 -0.472 -0.403 -0.294 -0.102  0.080  0.204  0.154  0.198  0.447  0.515  0.398  0.640  0.769  0.568  0.555  0.778  0.897  1.000  0.820  0.638  0.556  0.576  0.592  0.413  0.342  0.284  0.108  0.087  0.149  0.134  0.255  0.154  0.153  0.188  0.056 -0.081 -0.261 -0.385 -0.427 -0.329 -0.284 -0.395 -0.351 -0.395 -0.381 -0.299 -0.249 -0.012  0.195  0.330  0.459  0.479  0.359  0.173 -0.171 -0.551 -0.615 -0.592
 -0.423 -0.351 -0.276 -0.081  0.182  0.226  0.328  0.250  0.153  0.100  0.193  0.121  0.134 -0.062 -0.126 -0.226 -0.305 -0.411 -0.443 -0.364 -0.265 -0.051  0.148  0.207  0.171  0.262  0.490  0.524  0.336  0.526  0.684  0.401  0.265  0.474  0.665  0.820  1.000  0.859  0.729  0.681  0.586  0.516  0.416  0.307  0.105  0.074  0.153  0.125  0.260  0.184  0.189  0.206  0.101 -0.045 -0.213 -0.306 -0.378 -0.278 -0.239 -0.362 -0.355 -0.452 -0.444 -0.374 -0.308 -0.070  0.166  0.337  0.466  0.480  0.343  0.194 -0.157 -0.570 -0.621 -0.579
 -0.445 -0.378 -0.298 -0.115  0.127  0.194  0.304  0.245  0.185  0.096  0.141  0.105  0.118 -0.057 -0.119 -0.237 -0.289 -0.411 -0.437 -0.355 -0.232  0.014  0.254  0.297  0.218  0.335  0.568  0.533  0.324  0.482  0.625  0.343  0.200  0.364  0.521  0.638  0.859  1.000  0.840  0.640  0.597  0.578  0.492  0.348  0.136  0.096  0.182  0.155  0.298  0.244  0.245  0.261  0.138  0.025 -0.164 -0.267 -0.348 -0.223 -0.201 -0.323 -0.346 -0.451 -0.482 -0.443 -0.348 -0.104  0.140  0.331  0.454  0.456  0.296  0.141 -0.202 -0.575 -0.608 -0.564
 -0.403 -0.376 -0.278 -0.131  0.083  0.133  0.269  0.241  0.223  0.095  0.095  0.040  0.048 -0.099 -0.137 -0.235 -0.266 -0.354 -0.370 -0.288 -0.200  0.007  0.206  0.216  0.139  0.227  0.442  0.404  0.163  0.330  0.503  0.205  0.063  0.253  0.422  0.556  0.729  0.840  1.000  0.763  0.659  0.676  0.530  0.353  0.129  0.072  0.155  0.146  0.306  0.256  0.238  0.210  0.116  0.052 -0.126 -0.199 -0.253 -0.141 -0.113 -0.234 -0.284 -0.420 -0.435 -0.409 -0.327 -0.130  0.104  0.294  0.444  0.532  0.426  0.261 -0.121 -0.501 -0.588 -0.573
 -0.434 -0.407 -0.285 -0.114  0.157  0.246  0.353  0.297  0.193 -0.023  0.044  0.012  0.038 -0.148 -0.166 -0.268 -0.330 -0.403 -0.400 -0.306 -0.225 -0.016  0.148  0.192  0.108  0.183  0.376  0.375  0.182  0.364  0.491  0.233  0.122  0.275  0.442  0.576  0.681  0.640  0.763  1.000  0.825  0.767  0.608  0.460  0.207  0.123  0.222  0.212  0.373  0.284  0.246  0.212  0.160  0.063 -0.129 -0.210 -0.263 -0.128 -0.082 -0.205 -0.238 -0.398 -0.434 -0.380 -0.264 -0.090  0.203  0.436  0.611  0.695  0.630  0.447 -0.083 -0.543 -0.672 -0.658
 -0.514 -0.453 -0.293 -0.080  0.254  0.359  0.410  0.332  0.233 -0.007  0.053  0.048  0.053 -0.165 -0.172 -0.302 -0.375 -0.465 -0.470 -0.370 -0.245  0.013  0.227  0.325  0.198  0.257  0.486  0.452  0.278  0.474  0.536  0.321  0.253  0.383  0.502  0.592  0.586  0.597  0.659  0.825  1.000  0.793  0.705  0.607  0.333  0.214  0.331  0.336  0.488  0.395  0.350  0.338  0.227  0.114 -0.132 -0.267 -0.346 -0.162 -0.111 -0.292 -0.304 -0.462 -0.501 -0.410 -0.257 -0.024  0.319  0.566  0.721  0.766  0.623  0.317 -0.198 -0.646 -0.757 -0.733
 -0.448 -0.398 -0.242 -0.064  0.197  0.295  0.412  0.338  0.267  0.002  0.027  0.031  0.042 -0.128 -0.158 -0.267 -0.349 -0.427 -0.380 -0.300 -0.249 -0.030  0.178  0.182  0.087  0.208  0.359  0.299  0.135  0.276  0.351  0.139  0.043  0.150  0.281  0.413  0.516  0.578  0.676  0.767  0.793  1.000  0.832  0.609  0.296  0.125  0.246  0.247  0.428  0.367  0.296  0.202  0.105  0.061 -0.116 -0.183 -0.248 -0.103 -0.035 -0.179 -0.224 -0.426 -0.446 -0.363 -0.229 -0.031  0.302  0.540  0.708  0.803  0.633  0.418 -0.077 -0.559 -0.663 -0.652
 -0.483 -0.432 -0.266 -0.040  0.299  0.373  0.472  0.387  0.327  0.035  0.096  0.098  0.092 -0.107 -0.144 -0.306 -0.410 -0.499 -0.452 -0.373 -0.292 -0.001  0.274  0.279  0.121  0.251  0.412  0.312  0.147  0.264  0.317  0.154  0.071  0.138  0.235  0.342  0.416  0.492  0.530  0.608  0.705  0.832  1.000  0.803  0.493  0.249  0.397  0.386  0.600  0.531  0.427  0.337  0.190  0.104 -0.123 -0.228 -0.330 -0.135 -0.049 -0.227 -0.256 -0.433 -0.482 -0.375 -0.217  0.025  0.412  0.653  0.744  0.705  0.496  0.223 -0.191 -0.604 -0.689 -0.665
 -0.447 -0.404 -0.236 -0.017  0.306  0.395  0.438  0.371  0.295  0.021  0.069  0.046  0.013 -0.184 -0.179 -0.317 -0.394 -0.477 -0.407 -0.373 -0.319 -0.025  0.224  0.253  0.064  0.156  0.311  0.211  0.082  0.220  0.234  0.101  0.082  0.151  0.198  0.284  0.307  0.348  0.353  0.460  0.607  0.609  0.803  1.000  0.773  0.470  0.630  0.623  0.682  0.523  0.395  0.301  0.183  0.109 -0.120 -0.202 -0.299 -0.110 -0.010 -0.175 -0.163 -0.293 -0.360 -0.253 -0.080  0.142  0.504  0.718  0.681  0.592  0.407  0.120 -0.213 -0.582 -0.659 -0.641
 -0.331 -0.290 -0.165 -0.000  0.242  0.301  0.296  0.277  0.233 -0.026  0.018  0.010 -0.036 -0.151 -0.132 -0.290 -0.303 -0.370 -0.276 -0.288 -0.273 -0.074  0.151  0.137 -0.057  0.030  0.146  0.026 -0.035  0.072  0.052 -0.007  0.026  0.054  0.064  0.108  0.105  0.136  0.129  0.207  0.333  0.296  0.493  0.773  1.000  0.722  0.663  0.617  0.511  0.425  0.296  0.190  0.100  0.076 -0.077 -0.115 -0.199 -0.067  0.019 -0.091 -0.040 -0.080 -0.173 -0.088  0.086  0.244  0.452  0.544  0.417  0.307  0.205 -0.032 -0.136 -0.395 -0.442 -0.437
 -0.267 -0.245 -0.153 -0.048  0.107  0.162  0.169  0.169  0.151 -0.017 -0.010 -0.040 -0.056 -0.157 -0.127 -0.230 -0.215 -0.257 -0.218 -0.211 -0.195 -0.026  0.126  0.140 -0.041  0.049  0.125  0.017 -0.006  0.066  0.047  0.053  0.052  0.061  0.078  0.087  0.074  0.096  0.072  0.123  0.214  0.125  0.249  0.470  0.722  1.000  0.788  0.581  0.373  0.280  0.226  0.180  0.132  0.111 -0.029 -0.085 -0.156 -0.047  0.017 -0.056 -0.029 -0.069 -0.132 -0.091 -0.007  0.095  0.243  0.346  0.239  0.130  0.063 -0.138 -0.156 -0.287 -0.319 -0.319
 -0.341 -0.316 -0.192 -0.059  0.158  0.242  0.265  0.234  0.169 -0.059 -0.039 -0.050 -0.058 -0.199 -0.187 -0.264 -0.272 -0.342 -0.292 -0.268 -0.239 -0.013  0.162  0.197 -0.008  0.091  0.201  0.101  0.057  0.136  0.117  0.099  0.083  0.097  0.122  0.149  0.153  0.182  0.155  0.222  0.331  0.246  0.397  0.630  0.663  0.788  1.000  0.772  0.580  0.364  0.296  0.258  0.198  0.135 -0.075 -0.133 -0.210 -0.063  0.028 -0.077 -0.067 -0.154 -0.227 -0.160 -0.043  0.085  0.310  0.478  0.386  0.237  0.138 -0.111 -0.229 -0.396 -0.431 -0.414
 -0.353 -0.324 -0.203 -0.074  0.139  0.204  0.191  0.166  0.157  0.061  0.038  0.015 -0.063 -0.218 -0.173 -0.279 -0.296 -0.345 -0.301 -0.262 -0.192  0.056  0.262  0.279  0.074  0.116  0.239  0.138  0.056  0.130  0.111  0.067  0.066  0.101  0.116  0.134  0.125  0.155  0.146  0.212  0.336  0.247  0.386  0.623  0.617  0.581  0.772  1.000  0.757  0.525  0.387  0.357  0.238  0.191 -0.038 -0.105 -0.212 -0.065  0.020 -0.121 -0.120 -0.204 -0.276 -0.218 -0.095  0.046  0.270  0.396  0.361  0.263  0.176 -0.076 -0.195 -0.392 -0.452 -0.433
 -0.437 -0.418 -0.278 -0.129  0.175  0.253  0.278  0.238  0.213  0.078  0.072  0.023 -0.017 -0.229 -0.194 -0.296 -0.327 -0.403 -0.359 -0.265 -0.141  0.173  0.412  0.415  0.192  0.208  0.378  0.277  0.120  0.193  0.214  0.106  0.077  0.145  0.189  0.255  0.260  0.298  0.306  0.373  0.488  0.428  0.600  0.682  0.511  0.373  0.580  0.757  1.000  0.768  0.587  0.527  0.366  0.305  0.043 -0.093 -0.229 -0.024  0.072 -0.117 -0.136 -0.310 -0.396 -0.343 -0.188  0.025  0.315  0.484  0.507  0.432  0.292  0.022 -0.233 -0.552 -0.624 -0.595
 -0.412 -0.454 -0.335 -0.248  0.017  0.062  0.140  0.193  0.195  0.023 -0.006 -0.106 -0.151 -0.310 -0.268 -0.367 -0.326 -0.345 -0.254 -0.131 -0.008  0.340  0.549  0.502  0.309  0.261  0.368  0.276  0.094  0.115  0.138  0.038  0.008  0.046  0.082  0.154  0.184  0.244  0.256  0.284  0.395  0.367  0.531  0.523  0.425  0.280  0.364  0.525  0.768  1.000  0.842  0.702  0.521  0.507  0.239  0.072 -0.097  0.151  0.229  0.007 -0.023 -0.241 -0.392 -0.400 -0.239 -0.090  0.191  0.320  0.345  0.324  0.238 -0.019 -0.180 -0.452 -0.521 -0.516
 -0.440 -0.515 -0.392 -0.356 -0.069 -0.021  0.086  0.187  0.164 -0.039 -0.080 -0.197 -0.208 -0.373 -0.312 -0.394 -0.312 -0.292 -0.213 -0.020  0.122  0.503  0.637  0.602  0.436  0.311  0.386  0.334  0.162  0.143  0.160  0.072  0.025  0.039  0.088  0.153  0.189  0.245  0.238  0.246  0.350  0.296  0.427  0.395  0.296  0.226  0.296  0.387  0.587  0.842  1.000  0.862  0.701  0.690  0.410  0.162 -0.006  0.276  0.278  0.034 -0.034 -0.271 -0.441 -0.483 -0.314 -0.196  0.092  0.222  0.277  0.263  0.201 -0.077 -0.229 -0.414 -0.475 -0.466
 -0.443 -0.506 -0.418 -0.383 -0.062 -0.019  0.096  0.177  0.164 -0.016 -0.043 -0.133 -0.138 -0.306 -0.235 -0.332 -0.241 -0.235 -0.222  0.015  0.217  0.613  0.748  0.769  0.599  0.453  0.529  0.470  0.290  0.258  0.249  0.167  0.116  0.114  0.161  0.188  0.206  0.261  0.210  0.212  0.338  0.202  0.337  0.301  0.190  0.180  0.258  0.357  0.527  0.702  0.862  1.000  0.818  0.700  0.398  0.106 -0.094  0.179  0.119 -0.122 -0.188 -0.375 -0.528 -0.558 -0.411 -0.282  0.024  0.170  0.254  0.193  0.097 -0.149 -0.301 -0.427 -0.466 -0.447
 -0.371 -0.510 -0.438 -0.496 -0.222 -0.167 -0.037  0.114  0.119 -0.139 -0.209 -0.313 -0.307 -0.447 -0.326 -0.340 -0.165 -0.060  0.004  0.254  0.398  0.701  0.665  0.696  0.565  0.365  0.384  0.364  0.215  0.142  0.142  0.082 -0.006 -0.033  0.026  0.056  0.101  0.138  0.116  0.160  0.227  0.105  0.190  0.183  0.100  0.132  0.198  0.238  0.366  0.521  0.701  0.818  1.000  0.859  0.611  0.311  0.182  0.433  0.285  0.053 -0.053 -0.260 -0.449 -0.547 -0.407 -0.374 -0.078  0.029  0.107  0.060  0.023 -0.182 -0.256 -0.269 -0.299 -0.291
 -0.284 -0.456 -0.396 -0.518 -0.336 -0.259 -0.173  0.043  0.049 -0.206 -0.289 -0.426 -0.440 -0.522 -0.390 -0.340 -0.124  0.056  0.176  0.412  0.508  0.738  0.619  0.536  0.436  0.222  0.181  0.167  0.026 -0.049 -0.038 -0.091 -0.138 -0.152 -0.130 -0.081 -0.045  0.025  0.052  0.063  0.114  0.061  0.104  0.109  0.076  0.111  0.135  0.191  0.305  0.507  0.690  0.700  0.859  1.000  0.810  0.546  0.421  0.642  0.498  0.289  0.165 -0.093 -0.293 -0.448 -0.312 -0.324 -0.122 -0.070 -0.013 -0.003  0.021 -0.184 -0.145 -0.123 -0.189 -0.199
 -0.029 -0.240 -0.280 -0.493 -0.469 -0.419 -0.326 -0.067 -0.083 -0.232 -0.363 -0.495 -0.502 -0.487 -0.356 -0.168  0.084  0.333  0.496  0.688  0.671  0.692  0.445  0.308  0.310  0.046 -0.056 -0.033 -0.156 -0.270 -0.243 -0.269 -0.294 -0.317 -0.318 -0.261 -0.213 -0.164 -0.126 -0.129 -0.132 -0.116 -0.123 -0.120 -0.077 -0.029 -0.075 -0.038  0.043  0.239  0.410  0.398  0.611  0.810  1.000  0.818  0.702  0.773  0.582  0.481  0.365  0.121 -0.060 -0.262 -0.184 -0.312 -0.253 -0.264 -0.238 -0.181 -0.096 -0.186 -0.040  0.119  0.075  0.047
  0.157 -0.032 -0.117 -0.333 -0.466 -0.424 -0.349 -0.115 -0.142 -0.208 -0.347 -0.446 -0.472 -0.380 -0.303 -0.076  0.192  0.447  0.650  0.675  0.560  0.454  0.234  0.029  0.061 -0.135 -0.265 -0.259 -0.343 -0.438 -0.403 -0.414 -0.428 -0.427 -0.438 -0.385 -0.306 -0.267 -0.199 -0.210 -0.267 -0.183 -0.228 -0.202 -0.115 -0.085 -0.133 -0.105 -0.093  0.072  0.162  0.106  0.311  0.546  0.818  1.000  0.835  0.737  0.655  0.651  0.599  0.359  0.201  0.006  0.049 -0.174 -0.255 -0.301 -0.344 -0.259 -0.129 -0.146  0.053  0.245  0.203  0.174
  0.247  0.073 -0.006 -0.288 -0.497 -0.481 -0.441 -0.177 -0.207 -0.282 -0.405 -0.509 -0.508 -0.380 -0.295 -0.038  0.212  0.494  0.704  0.721  0.529  0.319  0.024 -0.163 -0.101 -0.272 -0.405 -0.373 -0.421 -0.507 -0.472 -0.457 -0.443 -0.449 -0.471 -0.427 -0.378 -0.348 -0.253 -0.263 -0.346 -0.248 -0.330 -0.299 -0.199 -0.156 -0.210 -0.212 -0.229 -0.097 -0.006 -0.094  0.182  0.421  0.702  0.835  1.000  0.845  0.687  0.753  0.628  0.456  0.316  0.111  0.131 -0.139 -0.250 -0.387 -0.421 -0.326 -0.153 -0.131  0.143  0.403  0.371  0.308
  0.016 -0.174 -0.135 -0.382 -0.457 -0.410 -0.379 -0.104 -0.112 -0.280 -0.417 -0.541 -0.549 -0.499 -0.400 -0.219 -0.000  0.281  0.502  0.604  0.458  0.436  0.193  0.035  0.034 -0.158 -0.246 -0.225 -0.309 -0.383 -0.341 -0.353 -0.358 -0.367 -0.376 -0.329 -0.278 -0.223 -0.141 -0.128 -0.162 -0.103 -0.135 -0.110 -0.067 -0.047 -0.063 -0.065 -0.024  0.151  0.276  0.179  0.433  0.642  0.773  0.737  0.845  1.000  0.838  0.726  0.538  0.300  0.114 -0.094  0.004 -0.187 -0.178 -0.268 -0.261 -0.184 -0.049 -0.133  0.037  0.201  0.177  0.138
 -0.028 -0.165 -0.083 -0.273 -0.358 -0.291 -0.282 -0.095 -0.118 -0.242 -0.359 -0.462 -0.491 -0.464 -0.419 -0.287 -0.084  0.154  0.368  0.423  0.258  0.254  0.121 -0.037 -0.090 -0.190 -0.241 -0.246 -0.310 -0.346 -0.295 -0.303 -0.310 -0.316 -0.325 -0.284 -0.239 -0.201 -0.113 -0.082 -0.111 -0.035 -0.049 -0.010  0.019  0.017  0.028  0.020  0.072  0.229  0.278  0.119  0.285  0.498  0.582  0.655  0.687  0.838  1.000  0.816  0.691  0.379  0.172  0.002  0.103 -0.098 -0.099 -0.157 -0.171 -0.099  0.025 -0.083  0.043  0.117  0.107  0.067
  0.186  0.060  0.090 -0.135 -0.386 -0.344 -0.341 -0.150 -0.168 -0.283 -0.378 -0.454 -0.457 -0.350 -0.305 -0.149  0.042  0.280  0.488  0.471  0.254  0.137 -0.073 -0.242 -0.236 -0.320 -0.421 -0.418 -0.435 -0.493 -0.443 -0.407 -0.395 -0.402 -0.425 -0.395 -0.362 -0.323 -0.234 -0.205 -0.292 -0.179 -0.227 -0.175 -0.091 -0.056 -0.077 -0.121 -0.117  0.007  0.034 -0.122  0.053  0.289  0.481  0.651  0.753  0.726  0.816  1.000  0.832  0.569  0.398  0.210  0.256  0.003 -0.126 -0.253 -0.313 -0.246 -0.091 -0.091  0.128  0.286  0.309  0.251
  0.227  0.159  0.132 -0.074 -0.339 -0.303 -0.330 -0.179 -0.202 -0.234 -0.325 -0.404 -0.400 -0.263 -0.240 -0.082  0.075  0.256  0.435  0.363  0.177  0.041 -0.126 -0.289 -0.290 -0.350 -0.438 -0.442 -0.454 -0.469 -0.438 -0.402 -0.347 -0.340 -0.374 -0.351 -0.355 -0.346 -0.284 -0.238 -0.304 -0.224 -0.256 -0.163 -0.040 -0.029 -0.067 -0.120 -0.136 -0.023 -0.034 -0.188 -0.053  0.165  0.365  0.599  0.628  0.538  0.691  0.832  1.000  0.762  0.556  0.343  0.420  0.101 -0.101 -0.208 -0.301 -0.237 -0.059 -0.059  0.164  0.274  0.297  0.237
  0.444  0.399  0.289  0.056 -0.296 -0.323 -0.433 -0.328 -0.297 -0.166 -0.250 -0.274 -0.268 -0.059 -0.013  0.141  0.220  0.341  0.416  0.285  0.134 -0.108 -0.263 -0.395 -0.369 -0.411 -0.499 -0.501 -0.441 -0.456 -0.470 -0.366 -0.273 -0.283 -0.364 -0.395 -0.452 -0.451 -0.420 -0.398 -0.462 -0.426 -0.433 -0.293 -0.080 -0.069 -0.154 -0.204 -0.310 -0.241 -0.271 -0.375 -0.260 -0.093  0.121  0.359  0.456  0.300  0.379  0.569  0.762  1.000  0.800  0.560  0.582  0.190 -0.160 -0.324 -0.429 -0.366 -0.152 -0.051  0.257  0.428  0.447  0.391
  0.613  0.590  0.515  0.259 -0.189 -0.245 -0.375 -0.342 -0.291 -0.132 -0.201 -0.183 -0.164  0.120  0.179  0.352  0.360  0.414  0.407  0.198  0.043 -0.268 -0.417 -0.524 -0.459 -0.487 -0.573 -0.577 -0.489 -0.499 -0.517 -0.402 -0.301 -0.292 -0.373 -0.381 -0.444 -0.482 -0.435 -0.434 -0.501 -0.446 -0.482 -0.360 -0.173 -0.132 -0.227 -0.276 -0.396 -0.392 -0.441 -0.528 -0.449 -0.293 -0.060  0.201  0.316  0.114  0.172  0.398  0.556  0.800  1.000  0.805  0.642  0.314 -0.093 -0.315 -0.433 -0.358 -0.159  0.032  0.316  0.466  0.497  0.456
  0.546  0.636  0.635  0.520  0.093  0.014 -0.199 -0.280 -0.236 -0.078 -0.065  0.034  0.057  0.317  0.324  0.391  0.276  0.246  0.231 -0.036 -0.153 -0.433 -0.490 -0.563 -0.513 -0.469 -0.537 -0.553 -0.412 -0.388 -0.437 -0.327 -0.207 -0.196 -0.286 -0.299 -0.374 -0.443 -0.409 -0.380 -0.410 -0.363 -0.375 -0.253 -0.088 -0.091 -0.160 -0.218 -0.343 -0.400 -0.483 -0.558 -0.547 -0.448 -0.262  0.006  0.111 -0.094  0.002  0.210  0.343  0.560  0.805  1.000  0.801  0.549  0.134 -0.130 -0.286 -0.229 -0.087  0.085  0.290  0.330  0.386  0.349
  0.346  0.420  0.517  0.459  0.132  0.124 -0.139 -0.199 -0.220 -0.112 -0.075  0.004  0.010  0.182  0.168  0.146  0.108  0.096  0.152 -0.069 -0.218 -0.380 -0.402 -0.490 -0.492 -0.433 -0.473 -0.520 -0.386 -0.322 -0.366 -0.294 -0.170 -0.161 -0.239 -0.249 -0.308 -0.348 -0.327 -0.264 -0.257 -0.229 -0.217 -0.080  0.086 -0.007 -0.043 -0.095 -0.188 -0.239 -0.314 -0.411 -0.407 -0.312 -0.184  0.049  0.131  0.004  0.103  0.256  0.420  0.582  0.642  0.801  1.000  0.688  0.315  0.076 -0.107 -0.098  0.022  0.089  0.255  0.208  0.227  0.182
  0.115  0.206  0.417  0.619  0.473  0.482  0.165  0.033 -0.017 -0.005  0.131  0.217  0.196  0.260  0.182  0.064 -0.048 -0.154 -0.105 -0.304 -0.377 -0.401 -0.299 -0.350 -0.420 -0.290 -0.235 -0.310 -0.212 -0.100 -0.127 -0.110 -0.011  0.045 -0.016 -0.012 -0.070 -0.104 -0.130 -0.090 -0.024 -0.031  0.025  0.142  0.244  0.095  0.085  0.046  0.025 -0.090 -0.196 -0.282 -0.374 -0.324 -0.312 -0.174 -0.139 -0.187 -0.098  0.003  0.101  0.190  0.314  0.549  0.688  1.000  0.682  0.356  0.160  0.113  0.096  0.071  0.083 -0.093 -0.080 -0.085
 -0.190 -0.085  0.176  0.442  0.628  0.624  0.416  0.274  0.127 -0.082  0.092  0.159  0.189  0.095  0.055 -0.117 -0.243 -0.358 -0.316 -0.377 -0.384 -0.227 -0.049 -0.031 -0.180 -0.059  0.073 -0.019 -0.016  0.138  0.120  0.056  0.095  0.164  0.163  0.195  0.166  0.140  0.104  0.203  0.319  0.302  0.412  0.504  0.452  0.243  0.310  0.270  0.315  0.191  0.092  0.024 -0.078 -0.122 -0.253 -0.255 -0.250 -0.178 -0.099 -0.126 -0.101 -0.160 -0.093  0.134  0.315  0.682  1.000  0.722  0.562  0.417  0.294  0.101 -0.088 -0.383 -0.421 -0.434
 -0.413 -0.304 -0.101  0.206  0.559  0.659  0.651  0.521  0.310  0.004  0.154  0.186  0.198 -0.018 -0.077 -0.238 -0.330 -0.467 -0.448 -0.462 -0.410 -0.167  0.069  0.128 -0.042  0.079  0.261  0.165  0.113  0.297  0.292  0.175  0.168  0.217  0.264  0.330  0.337  0.331  0.294  0.436  0.566  0.540  0.653  0.718  0.544  0.346  0.478  0.396  0.484  0.320  0.222  0.170  0.029 -0.070 -0.264 -0.301 -0.387 -0.268 -0.157 -0.253 -0.208 -0.324 -0.315 -0.130  0.076  0.356  0.722  1.000  0.846  0.643  0.412  0.134 -0.240 -0.589 -0.652 -0.627
 -0.484 -0.380 -0.189  0.094  0.498  0.594  0.626  0.471  0.285  0.000  0.118  0.152  0.191 -0.053 -0.115 -0.269 -0.372 -0.510 -0.515 -0.452 -0.361 -0.086  0.155  0.239  0.084  0.181  0.388  0.332  0.220  0.395  0.436  0.270  0.221  0.292  0.389  0.459  0.466  0.454  0.444  0.611  0.721  0.708  0.744  0.681  0.417  0.239  0.386  0.361  0.507  0.345  0.277  0.254  0.107 -0.013 -0.238 -0.344 -0.421 -0.261 -0.171 -0.313 -0.301 -0.429 -0.433 -0.286 -0.107  0.160  0.562  0.846  1.000  0.821  0.555  0.250 -0.217 -0.649 -0.730 -0.698
 -0.433 -0.341 -0.168  0.049  0.336  0.441  0.481  0.334  0.199  0.003  0.066  0.084  0.115 -0.089 -0.137 -0.247 -0.344 -0.449 -0.442 -0.390 -0.310 -0.083  0.121  0.158  0.065  0.124  0.303  0.271  0.132  0.319  0.369  0.170  0.135  0.255  0.359  0.479  0.480  0.456  0.532  0.695  0.766  0.803  0.705  0.592  0.307  0.130  0.237  0.263  0.432  0.324  0.263  0.193  0.060 -0.003 -0.181 -0.259 -0.326 -0.184 -0.099 -0.246 -0.237 -0.366 -0.358 -0.229 -0.098  0.113  0.417  0.643  0.821  1.000  0.765  0.448 -0.052 -0.574 -0.685 -0.678
 -0.282 -0.240 -0.097  0.002  0.146  0.247  0.232  0.183  0.024 -0.075 -0.060 -0.091 -0.073 -0.164 -0.155 -0.221 -0.289 -0.338 -0.297 -0.255 -0.220 -0.085  0.047  0.017 -0.051  0.003  0.144  0.107 -0.014  0.173  0.227  0.040  0.034  0.168  0.246  0.359  0.343  0.296  0.426  0.630  0.623  0.633  0.496  0.407  0.205  0.063  0.138  0.176  0.292  0.238  0.201  0.097  0.023  0.021 -0.096 -0.129 -0.153 -0.049  0.025 -0.091 -0.059 -0.152 -0.159 -0.087  0.022  0.096  0.294  0.412  0.555  0.765  1.000  0.748  0.280 -0.360 -0.536 -0.556
 -0.040 -0.002  0.043  0.078  0.046  0.104  0.079  0.014 -0.076 -0.047 -0.044 -0.026 -0.002  0.028  0.009  0.012 -0.118 -0.169 -0.173 -0.172 -0.186 -0.204 -0.138 -0.183 -0.158 -0.070 -0.025 -0.048 -0.108  0.008  0.049 -0.080 -0.080  0.028  0.079  0.173  0.194  0.141  0.261  0.447  0.317  0.418  0.223  0.120 -0.032 -0.138 -0.111 -0.076  0.022 -0.019 -0.077 -0.149 -0.182 -0.184 -0.186 -0.146 -0.131 -0.133 -0.083 -0.091 -0.059 -0.051  0.032  0.085  0.089  0.071  0.101  0.134  0.250  0.448  0.748  1.000  0.530 -0.076 -0.241 -0.264
  0.207  0.213  0.206  0.057 -0.151 -0.162 -0.267 -0.225 -0.241 -0.183 -0.184 -0.149 -0.154  0.020  0.038  0.109  0.036  0.082  0.137  0.089 -0.002 -0.142 -0.217 -0.332 -0.249 -0.194 -0.302 -0.298 -0.268 -0.254 -0.251 -0.252 -0.191 -0.168 -0.208 -0.171 -0.157 -0.202 -0.121 -0.083 -0.198 -0.077 -0.191 -0.213 -0.136 -0.156 -0.229 -0.195 -0.233 -0.180 -0.229 -0.301 -0.256 -0.145 -0.040  0.053  0.143  0.037  0.043  0.128  0.164  0.257  0.316  0.290  0.255  0.083 -0.088 -0.240 -0.217 -0.052  0.280  0.530  1.000  0.355  0.200  0.121
  0.448  0.357  0.189 -0.060 -0.400 -0.471 -0.522 -0.449 -0.386 -0.147 -0.278 -0.257 -0.222  0.014  0.036  0.184  0.271  0.431  0.470  0.401  0.260 -0.050 -0.320 -0.398 -0.225 -0.296 -0.544 -0.475 -0.326 -0.490 -0.542 -0.354 -0.292 -0.407 -0.493 -0.551 -0.570 -0.575 -0.501 -0.543 -0.646 -0.559 -0.604 -0.582 -0.395 -0.287 -0.396 -0.392 -0.552 -0.452 -0.414 -0.427 -0.269 -0.123  0.119  0.245  0.403  0.201  0.117  0.286  0.274  0.428  0.466  0.330  0.208 -0.093 -0.383 -0.589 -0.649 -0.574 -0.360 -0.076  0.355  1.000  0.833  0.673
  0.525  0.430  0.245 -0.033 -0.402 -0.479 -0.527 -0.469 -0.382 -0.167 -0.281 -0.224 -0.200  0.052  0.083  0.239  0.331  0.494  0.489  0.396  0.239 -0.088 -0.372 -0.419 -0.249 -0.322 -0.558 -0.502 -0.323 -0.516 -0.576 -0.371 -0.312 -0.452 -0.546 -0.615 -0.621 -0.608 -0.588 -0.672 -0.757 -0.663 -0.689 -0.659 -0.442 -0.319 -0.431 -0.452 -0.624 -0.521 -0.475 -0.466 -0.299 -0.189  0.075  0.203  0.371  0.177  0.107  0.309  0.297  0.447  0.497  0.386  0.227 -0.080 -0.421 -0.652 -0.730 -0.685 -0.536 -0.241  0.200  0.833  1.000  0.897
