  1.000  0.773  0.592  0.199 -0.209 -0.373 -0.381 -0.374 -0.212 -0.129 -0.250 -0.158 -0.083  0.172  0.308  0.623  0.691  0.636  0.469  0.295  0.250 -0.050 -0.239 -0.286 -0.155 -0.220 -0.429 -0.370 -0.306 -0.549 -0.503 -0.376 -0.404 -0.466 -0.467 -0.466 -0.525 -0.580 -0.448 -0.339 -0.525 -0.520 -0.438 -0.461 -0.338 -0.308 -0.453 -0.378 -0.420 -0.342 -0.339 -0.340 -0.279 -0.261  0.048  0.090  0.076 -0.034 -0.005  0.140  0.236  0.506  0.625  0.511  0.386  0.215 -0.219 -0.458 -0.525 -0.370 -0.291 -0.114  0.161  0.468  0.625  0.571
  0.773  1.000  0.729  0.436  0.030 -0.250 -0.308 -0.453 -0.158  0.069  0.044  0.164  0.221  0.414  0.557  0.700  0.458  0.295  0.179  0.004 -0.049 -0.261 -0.319 -0.354 -0.312 -0.221 -0.283 -0.249 -0.166 -0.351 -0.313 -0.209 -0.177 -0.207 -0.243 -0.268 -0.341 -0.384 -0.319 -0.379 -0.534 -0.482 -0.375 -0.403 -0.219 -0.264 -0.359 -0.266 -0.320 -0.305 -0.363 -0.383 -0.450 -0.466 -0.222 -0.106 -0.067 -0.256 -0.225 -0.062  0.167  0.469  0.632  0.649  0.439  0.323 -0.154 -0.410 -0.481 -0.346 -0.247 -0.119  0.202  0.271  0.480  0.394
  0.592  0.729  1.000  0.621  0.091 -0.061 -0.194 -0.316 -0.209 -0.163 -0.153  0.074  0.108  0.265  0.349  0.469  0.291  0.192  0.093 -0.024 -0.076 -0.304 -0.382 -0.407 -0.472 -0.429 -0.415 -0.376 -0.344 -0.388 -0.294 -0.269 -0.201 -0.209 -0.224 -0.216 -0.262 -0.337 -0.235 -0.212 -0.334 -0.294 -0.241 -0.230 -0.162 -0.292 -0.340 -0.266 -0.300 -0.310 -0.340 -0.403 -0.393 -0.359 -0.153 -0.040  0.017 -0.098 -0.003  0.127  0.279  0.435  0.639  0.742  0.539  0.576  0.109 -0.266 -0.316 -0.176 -0.015  0.019  0.287  0.169  0.385  0.356
  0.199  0.436  0.621  1.000  0.597  0.366  0.099 -0.207 -0.110  0.211  0.361  0.543  0.531  0.582  0.336  0.203  0.025 -0.179 -0.282 -0.497 -0.407 -0.421 -0.354 -0.368 -0.484 -0.250 -0.122 -0.216 -0.153 -0.033 -0.038 -0.048  0.002  0.094  0.034  0.023 -0.037 -0.027  0.022 -0.084 -0.050  0.004  0.074  0.112  0.048 -0.064 -0.015  0.083  0.084 -0.144 -0.300 -0.316 -0.395 -0.451 -0.499 -0.351 -0.341 -0.429 -0.295 -0.236 -0.067  0.111  0.273  0.576  0.494  0.680  0.414  0.130  0.008  0.082  0.103  0.143  0.069 -0.091 -0.011 -0.054
 -0.209  0.030  0.091  0.597  1.000  0.813  0.489  0.166  0.118  0.232  0.526  0.717  0.772  0.616  0.459 -0.043 -0.186 -0.459 -0.513 -0.577 -0.373 -0.226 -0.119 -0.064 -0.242  0.027  0.212  0.056  0.132  0.327  0.215  0.207  0.248  0.293  0.287  0.240  0.195  0.209  0.158  0.129  0.289  0.219  0.366  0.419  0.394  0.325  0.360  0.411  0.473  0.165  0.016  0.072 -0.075 -0.271 -0.468 -0.410 -0.542 -0.582 -0.541 -0.550 -0.430 -0.392 -0.255  0.042  0.067  0.208  0.452  0.456  0.382  0.270  0.044 -0.008 -0.132 -0.390 -0.459 -0.470
 -0.373 -0.250 -0.061  0.366  0.813  1.000  0.700  0.438  0.213  0.013  0.337  0.479  0.540  0.330  0.229 -0.255 -0.281 -0.521 -0.545 -0.540 -0.344 -0.228 -0.131 -0.041 -0.241 -0.009  0.166  0.078  0.205  0.402  0.268  0.311  0.356  0.308  0.301  0.270  0.231  0.242  0.194  0.270  0.477  0.381  0.446  0.572  0.540  0.461  0.512  0.436  0.441  0.173  0.111  0.111  0.022 -0.128 -0.332 -0.344 -0.417 -0.407 -0.394 -0.441 -0.419 -0.464 -0.404 -0.127 -0.008  0.120  0.447  0.646  0.569  0.418  0.151  0.047 -0.239 -0.483 -0.578 -0.493
 -0.381 -0.308 -0.194  0.099  0.489  0.700  1.000  0.703  0.367 -0.121  0.212  0.283  0.361  0.182  0.041 -0.278 -0.241 -0.358 -0.335 -0.286 -0.147 -0.170 -0.118 -0.086 -0.165 -0.038  0.119  0.054  0.148  0.299  0.198  0.242  0.244  0.171  0.195  0.184  0.220  0.260  0.237  0.324  0.441  0.487  0.458  0.490  0.439  0.349  0.370  0.213  0.252  0.070  0.093  0.081  0.016 -0.055 -0.159 -0.140 -0.219 -0.176 -0.240 -0.248 -0.389 -0.563 -0.508 -0.334 -0.272 -0.135  0.267  0.621  0.580  0.404 -0.005  0.007 -0.265 -0.409 -0.484 -0.405
 -0.374 -0.453 -0.316 -0.207  0.166  0.438  0.703  1.000  0.534 -0.239  0.053  0.003  0.027 -0.145 -0.194 -0.304 -0.189 -0.138 -0.093  0.027  0.032 -0.024  0.046  0.080 -0.093 -0.013  0.076 -0.017  0.038  0.217  0.106  0.074  0.105  0.058  0.052  0.052  0.077  0.152  0.142  0.252  0.328  0.376  0.345  0.349  0.275  0.244  0.268  0.079  0.121  0.119  0.128  0.116  0.220  0.183  0.124  0.106  0.074  0.120  0.015 -0.042 -0.210 -0.407 -0.479 -0.504 -0.376 -0.231  0.201  0.528  0.463  0.276  0.040 -0.017 -0.164 -0.285 -0.399 -0.336
 -0.212 -0.158 -0.209 -0.110  0.118  0.213  0.367  0.534  1.000  0.221  0.270  0.177  0.118 -0.031 -0.078  0.062 -0.128 -0.106 -0.103 -0.132 -0.154 -0.066  0.040  0.095 -0.007  0.136  0.133  0.019  0.130  0.160  0.005 -0.007  0.048 -0.004 -0.019 -0.004  0.073  0.176  0.146  0.038  0.074  0.192  0.175  0.191  0.216  0.255  0.194  0.131 -0.037 -0.062 -0.072  0.005  0.055  0.000 -0.046 -0.114 -0.091 -0.103 -0.221 -0.215 -0.322 -0.225 -0.297 -0.292 -0.328 -0.121  0.177  0.330  0.212  0.118 -0.174 -0.185 -0.240 -0.306 -0.246 -0.203
 -0.129  0.069 -0.163  0.211  0.232  0.013 -0.121 -0.239  0.221  1.000  0.712  0.544  0.326  0.291  0.130  0.089 -0.079 -0.222 -0.249 -0.324 -0.298 -0.068 -0.048  0.012  0.034  0.160  0.139  0.068  0.053  0.082  0.040 -0.012  0.007  0.162  0.137  0.101  0.134  0.199  0.045 -0.209 -0.185 -0.062  0.049  0.006 -0.083  0.038  0.004  0.254  0.216  0.006 -0.128 -0.049 -0.164 -0.299 -0.346 -0.333 -0.344 -0.362 -0.381 -0.370 -0.251 -0.120 -0.126 -0.005  0.035 -0.066 -0.089 -0.039 -0.030 -0.031 -0.178 -0.080 -0.177 -0.003 -0.041 -0.144
 -0.250  0.044 -0.153  0.361  0.526  0.337  0.212  0.053  0.270  0.712  1.000  0.828  0.652  0.527  0.239  0.024 -0.150 -0.359 -0.360 -0.439 -0.395 -0.174 -0.051 -0.009 -0.079  0.123  0.183  0.048  0.061  0.181  0.060  0.017  0.080  0.191  0.160  0.105  0.142  0.234  0.165 -0.076 -0.018  0.061  0.175  0.174  0.183  0.206  0.204  0.360  0.372  0.146 -0.018  0.058 -0.124 -0.232 -0.360 -0.303 -0.460 -0.509 -0.482 -0.480 -0.348 -0.281 -0.250 -0.055 -0.024  0.000  0.094  0.191  0.163  0.103 -0.125 -0.068 -0.189 -0.215 -0.269 -0.348
 -0.158  0.164  0.074  0.543  0.717  0.479  0.283  0.003  0.177  0.544  0.828  1.000  0.870  0.741  0.463  0.067 -0.087 -0.396 -0.436 -0.510 -0.414 -0.244 -0.120 -0.058 -0.167  0.079  0.198  0.024  0.074  0.148  0.042  0.000  0.058  0.129  0.125  0.076  0.144  0.236  0.179 -0.063  0.030  0.110  0.251  0.217  0.239  0.179  0.220  0.372  0.334  0.084 -0.072 -0.000 -0.209 -0.356 -0.531 -0.481 -0.587 -0.593 -0.589 -0.604 -0.460 -0.328 -0.218  0.041  0.089  0.097  0.091  0.197  0.161  0.067 -0.151 -0.092 -0.097 -0.237 -0.223 -0.305
 -0.083  0.221  0.108  0.531  0.772  0.540  0.361  0.027  0.118  0.326  0.652  0.870  1.000  0.878  0.637  0.134 -0.041 -0.405 -0.390 -0.511 -0.375 -0.292 -0.198 -0.104 -0.184  0.034  0.178  0.076  0.211  0.272  0.183  0.239  0.266  0.283  0.264  0.189  0.172  0.234  0.187  0.003  0.054  0.090  0.215  0.149  0.127  0.088  0.145  0.171  0.236 -0.009 -0.123 -0.033 -0.204 -0.390 -0.549 -0.531 -0.618 -0.636 -0.634 -0.602 -0.449 -0.324 -0.197  0.016 -0.005  0.058  0.094  0.166  0.152  0.041 -0.152 -0.096 -0.143 -0.244 -0.224 -0.293
  0.172  0.414  0.265  0.582  0.616  0.330  0.182 -0.145 -0.031  0.291  0.527  0.741  0.878  1.000  0.729  0.282  0.074 -0.265 -0.212 -0.447 -0.361 -0.382 -0.331 -0.269 -0.230 -0.050 -0.009 -0.046  0.133  0.092  0.018  0.106  0.150  0.173  0.118  0.068  0.022  0.045  0.046 -0.131 -0.169 -0.092 -0.015 -0.093 -0.036 -0.053 -0.022  0.040  0.055 -0.166 -0.264 -0.199 -0.345 -0.458 -0.520 -0.468 -0.517 -0.600 -0.617 -0.487 -0.299 -0.188 -0.007  0.193  0.077  0.190 -0.034 -0.106 -0.147 -0.108 -0.205 -0.039  0.063  0.001  0.053 -0.072
  0.308  0.557  0.349  0.336  0.459  0.229  0.041 -0.194 -0.078  0.130  0.239  0.463  0.637  0.729  1.000  0.619  0.343 -0.074 -0.132 -0.204 -0.091 -0.217 -0.239 -0.180 -0.163 -0.071 -0.031  0.001  0.178  0.109  0.022  0.141  0.231  0.176  0.116  0.054 -0.067 -0.083 -0.124 -0.216 -0.233 -0.179 -0.122 -0.240 -0.164 -0.178 -0.204 -0.082 -0.024 -0.193 -0.247 -0.162 -0.319 -0.427 -0.329 -0.317 -0.348 -0.482 -0.516 -0.417 -0.155 -0.082  0.142  0.195  0.036  0.061 -0.173 -0.188 -0.134 -0.097 -0.173 -0.126  0.085 -0.060  0.099  0.057
  0.623  0.700  0.469  0.203 -0.043 -0.255 -0.278 -0.304  0.062  0.089  0.024  0.067  0.134  0.282  0.619  1.000  0.646  0.364  0.162  0.142  0.167 -0.067 -0.161 -0.180 -0.129 -0.110 -0.195 -0.199 -0.086 -0.192 -0.249 -0.181 -0.134 -0.129 -0.173 -0.188 -0.285 -0.327 -0.242 -0.299 -0.453 -0.353 -0.361 -0.473 -0.385 -0.344 -0.419 -0.309 -0.373 -0.283 -0.346 -0.234 -0.269 -0.278 -0.019 -0.034 -0.011 -0.168 -0.212 -0.085  0.134  0.297  0.470  0.361  0.112  0.095 -0.226 -0.400 -0.385 -0.225 -0.265 -0.135  0.088  0.134  0.353  0.341
  0.691  0.458  0.291  0.025 -0.186 -0.281 -0.241 -0.189 -0.128 -0.079 -0.150 -0.087 -0.041  0.074  0.343  0.646  1.000  0.763  0.448  0.418  0.521  0.182 -0.000 -0.022  0.037 -0.085 -0.204 -0.192 -0.156 -0.314 -0.358 -0.273 -0.283 -0.325 -0.362 -0.391 -0.411 -0.398 -0.258 -0.268 -0.396 -0.382 -0.432 -0.497 -0.413 -0.393 -0.463 -0.414 -0.414 -0.272 -0.265 -0.178 -0.132 -0.066  0.191  0.201  0.159  0.057  0.055  0.075  0.154  0.317  0.394  0.171  0.129 -0.041 -0.338 -0.403 -0.407 -0.258 -0.271 -0.171  0.014  0.285  0.416  0.381
  0.636  0.295  0.192 -0.179 -0.459 -0.521 -0.358 -0.138 -0.106 -0.222 -0.359 -0.396 -0.405 -0.265 -0.074  0.364  0.763  1.000  0.813  0.711  0.673  0.296  0.102 -0.018  0.048 -0.167 -0.396 -0.337 -0.356 -0.543 -0.505 -0.435 -0.466 -0.520 -0.539 -0.556 -0.575 -0.565 -0.356 -0.290 -0.419 -0.409 -0.465 -0.502 -0.409 -0.398 -0.498 -0.452 -0.463 -0.271 -0.200 -0.134  0.037  0.206  0.552  0.612  0.505  0.397  0.411  0.383  0.388  0.462  0.426  0.097  0.129 -0.037 -0.225 -0.377 -0.459 -0.331 -0.283 -0.214  0.086  0.482  0.492  0.483
  0.469  0.179  0.093 -0.282 -0.513 -0.545 -0.335 -0.093 -0.103 -0.249 -0.360 -0.436 -0.390 -0.212 -0.132  0.162  0.448  0.813  1.000  0.796  0.602  0.255  0.085 -0.043  0.057 -0.162 -0.439 -0.341 -0.312 -0.532 -0.480 -0.367 -0.407 -0.470 -0.509 -0.541 -0.595 -0.584 -0.439 -0.356 -0.390 -0.398 -0.400 -0.419 -0.317 -0.341 -0.459 -0.486 -0.423 -0.190 -0.122 -0.127  0.094  0.281  0.644  0.736  0.653  0.531  0.503  0.532  0.482  0.423  0.381  0.073  0.072 -0.032 -0.154 -0.334 -0.432 -0.365 -0.307 -0.298  0.101  0.513  0.465  0.438
  0.295  0.004 -0.024 -0.497 -0.577 -0.540 -0.286  0.027 -0.132 -0.324 -0.439 -0.510 -0.511 -0.447 -0.204  0.142  0.418  0.711  0.796  1.000  0.817  0.529  0.331  0.199  0.246 -0.055 -0.287 -0.161 -0.197 -0.408 -0.351 -0.305 -0.369 -0.427 -0.428 -0.456 -0.452 -0.484 -0.334 -0.231 -0.266 -0.300 -0.327 -0.387 -0.356 -0.343 -0.398 -0.448 -0.368 -0.006  0.084  0.103  0.345  0.523  0.783  0.768  0.663  0.618  0.575  0.569  0.459  0.249  0.152 -0.182 -0.111 -0.295 -0.254 -0.302 -0.280 -0.334 -0.312 -0.338  0.022  0.355  0.333  0.343
  0.250 -0.049 -0.076 -0.407 -0.373 -0.344 -0.147  0.032 -0.154 -0.298 -0.395 -0.414 -0.375 -0.361 -0.091  0.167  0.521  0.673  0.602  0.817  1.000  0.753  0.564  0.442  0.413  0.071 -0.087 -0.007 -0.101 -0.274 -0.309 -0.255 -0.312 -0.375 -0.377 -0.352 -0.378 -0.388 -0.341 -0.178 -0.131 -0.277 -0.293 -0.339 -0.336 -0.276 -0.309 -0.327 -0.241  0.099  0.248  0.340  0.519  0.628  0.738  0.616  0.450  0.418  0.349  0.286  0.216  0.046  0.024 -0.206 -0.236 -0.360 -0.256 -0.224 -0.163 -0.239 -0.320 -0.379 -0.152  0.235  0.189  0.220
 -0.050 -0.261 -0.304 -0.421 -0.226 -0.228 -0.170 -0.024 -0.066 -0.068 -0.174 -0.244 -0.292 -0.382 -0.217 -0.067  0.182  0.296  0.255  0.529  0.753  1.000  0.874  0.768  0.740  0.460  0.336  0.296  0.130  0.023 -0.040 -0.078 -0.122 -0.171 -0.152 -0.076 -0.071 -0.077 -0.196 -0.066  0.103 -0.104 -0.050 -0.090 -0.190 -0.085 -0.088 -0.067  0.081  0.446  0.620  0.729  0.758  0.732  0.561  0.357  0.135  0.231  0.127  0.086  0.023 -0.158 -0.223 -0.342 -0.345 -0.406 -0.134 -0.030  0.056 -0.082 -0.215 -0.407 -0.332 -0.095 -0.106 -0.109
 -0.239 -0.319 -0.382 -0.354 -0.119 -0.131 -0.118  0.046  0.040 -0.048 -0.051 -0.120 -0.198 -0.331 -0.239 -0.161 -0.000  0.102  0.085  0.331  0.564  0.874  1.000  0.887  0.755  0.589  0.565  0.451  0.275  0.207  0.138  0.026 -0.007  0.013 -0.003  0.100  0.073  0.115 -0.014  0.021  0.250  0.011  0.094  0.047 -0.021  0.060  0.099  0.078  0.194  0.534  0.678  0.814  0.794  0.691  0.415  0.223  0.016  0.066  0.009 -0.056 -0.071 -0.215 -0.283 -0.352 -0.407 -0.399 -0.019  0.104  0.164  0.007 -0.094 -0.299 -0.348 -0.277 -0.318 -0.333
 -0.286 -0.354 -0.407 -0.368 -0.064 -0.041 -0.086  0.080  0.095  0.012 -0.009 -0.058 -0.104 -0.269 -0.180 -0.180 -0.022 -0.018 -0.043  0.199  0.442  0.768  0.887  1.000  0.848  0.681  0.692  0.633  0.445  0.387  0.317  0.200  0.145  0.176  0.187  0.214  0.161  0.191  0.004  0.059  0.291 -0.031  0.060  0.045 -0.023  0.037  0.080  0.124  0.196  0.489  0.669  0.813  0.776  0.584  0.296  0.055 -0.107 -0.047 -0.119 -0.224 -0.272 -0.349 -0.407 -0.423 -0.483 -0.477 -0.076  0.092  0.166 -0.055 -0.150 -0.351 -0.463 -0.301 -0.336 -0.360
 -0.155 -0.312 -0.472 -0.484 -0.242 -0.241 -0.165 -0.093 -0.007  0.034 -0.079 -0.167 -0.184 -0.230 -0.163 -0.129  0.037  0.048  0.057  0.246  0.413  0.740  0.755  0.848  1.000  0.775  0.605  0.630  0.495  0.354  0.291  0.203  0.134  0.133  0.164  0.199  0.178  0.185  0.014  0.007  0.190 -0.064 -0.038 -0.113 -0.154 -0.038 -0.060 -0.040  0.053  0.355  0.548  0.664  0.600  0.487  0.284  0.085 -0.109 -0.011 -0.079 -0.121 -0.182 -0.314 -0.336 -0.451 -0.572 -0.580 -0.336 -0.132 -0.024 -0.168 -0.247 -0.361 -0.387 -0.155 -0.158 -0.176
 -0.220 -0.221 -0.429 -0.250  0.027 -0.009 -0.038 -0.013  0.136  0.160  0.123  0.079  0.034 -0.050 -0.071 -0.110 -0.085 -0.167 -0.162 -0.055  0.071  0.460  0.589  0.681  0.775  1.000  0.768  0.666  0.654  0.565  0.445  0.369  0.273  0.306  0.340  0.345  0.378  0.382  0.134  0.152  0.328  0.137  0.161  0.104  0.086  0.165  0.134  0.101  0.162  0.414  0.430  0.551  0.417  0.226 -0.065 -0.187 -0.345 -0.276 -0.312 -0.330 -0.428 -0.462 -0.437 -0.434 -0.549 -0.446 -0.149  0.046  0.079 -0.051 -0.171 -0.200 -0.356 -0.308 -0.371 -0.394
 -0.429 -0.283 -0.415 -0.122  0.212  0.166  0.119  0.076  0.133  0.139  0.183  0.198  0.178 -0.009 -0.031 -0.195 -0.204 -0.396 -0.439 -0.287 -0.087  0.336  0.565  0.692  0.605  0.768  1.000  0.845  0.679  0.749  0.714  0.501  0.410  0.521  0.568  0.612  0.600  0.649  0.404  0.356  0.574  0.344  0.395  0.348  0.238  0.242  0.300  0.285  0.403  0.466  0.485  0.577  0.361  0.130 -0.242 -0.374 -0.418 -0.311 -0.348 -0.483 -0.523 -0.494 -0.466 -0.355 -0.450 -0.321  0.067  0.248  0.360  0.242  0.164 -0.029 -0.441 -0.658 -0.640 -0.658
 -0.370 -0.249 -0.376 -0.216  0.056  0.078  0.054 -0.017  0.019  0.068  0.048  0.024  0.076 -0.046  0.001 -0.199 -0.192 -0.337 -0.341 -0.161 -0.007  0.296  0.451  0.633  0.630  0.666  0.845  1.000  0.827  0.764  0.784  0.642  0.531  0.588  0.663  0.657  0.593  0.561  0.349  0.358  0.511  0.294  0.229  0.157  0.046  0.076  0.077  0.097  0.207  0.249  0.373  0.433  0.304  0.142 -0.123 -0.240 -0.248 -0.184 -0.247 -0.387 -0.438 -0.451 -0.418 -0.346 -0.490 -0.401 -0.112  0.042  0.228  0.210  0.194  0.029 -0.349 -0.551 -0.542 -0.544
 -0.306 -0.166 -0.344 -0.153  0.132  0.205  0.148  0.038  0.130  0.053  0.061  0.074  0.211  0.133  0.178 -0.086 -0.156 -0.356 -0.312 -0.197 -0.101  0.130  0.275  0.445  0.495  0.654  0.679  0.827  1.000  0.846  0.774  0.822  0.749  0.685  0.681  0.580  0.454  0.416  0.175  0.188  0.332  0.177  0.080  0.035  0.004  0.125  0.075 -0.052 -0.007  0.094  0.230  0.290  0.219  0.079 -0.178 -0.293 -0.289 -0.238 -0.284 -0.357 -0.390 -0.446 -0.458 -0.368 -0.451 -0.361 -0.181 -0.004  0.115  0.032 -0.022 -0.091 -0.380 -0.481 -0.447 -0.419
 -0.549 -0.351 -0.388 -0.033  0.327  0.402  0.299  0.217  0.160  0.082  0.181  0.148  0.272  0.092  0.109 -0.192 -0.314 -0.543 -0.532 -0.408 -0.274  0.023  0.207  0.387  0.354  0.565  0.749  0.764  0.846  1.000  0.904  0.815  0.784  0.828  0.823  0.748  0.620  0.611  0.376  0.371  0.541  0.375  0.311  0.312  0.143  0.206  0.257  0.141  0.270  0.180  0.244  0.299  0.191  0.005 -0.309 -0.383 -0.372 -0.279 -0.273 -0.438 -0.438 -0.500 -0.502 -0.397 -0.444 -0.239  0.068  0.262  0.381  0.255  0.199  0.057 -0.418 -0.663 -0.688 -0.616
 -0.503 -0.313 -0.294 -0.038  0.215  0.268  0.198  0.106  0.005  0.040  0.060  0.042  0.183  0.018  0.022 -0.249 -0.358 -0.505 -0.480 -0.351 -0.309 -0.040  0.138  0.317  0.291  0.445  0.714  0.784  0.774  0.904  1.000  0.854  0.751  0.858  0.906  0.859  0.721  0.691  0.510  0.467  0.569  0.425  0.335  0.284  0.072  0.107  0.142  0.024  0.222  0.159  0.251  0.250  0.136 -0.026 -0.280 -0.350 -0.317 -0.191 -0.155 -0.310 -0.311 -0.383 -0.377 -0.289 -0.334 -0.204  0.081  0.207  0.370  0.315  0.342  0.171 -0.347 -0.625 -0.666 -0.641
 -0.376 -0.209 -0.269 -0.048  0.207  0.311  0.242  0.074 -0.007 -0.012  0.017  0.000  0.239  0.106  0.141 -0.181 -0.273 -0.435 -0.367 -0.305 -0.255 -0.078  0.026  0.200  0.203  0.369  0.501  0.642  0.822  0.815  0.854  1.000  0.917  0.846  0.837  0.685  0.481  0.418  0.195  0.249  0.377  0.265  0.161  0.119 -0.008  0.118  0.083 -0.116  0.039  0.047  0.161  0.181  0.093 -0.046 -0.230 -0.305 -0.287 -0.214 -0.186 -0.240 -0.244 -0.326 -0.378 -0.296 -0.280 -0.193 -0.007  0.134  0.255  0.194  0.152  0.033 -0.314 -0.436 -0.496 -0.457
 -0.404 -0.177 -0.201  0.002  0.248  0.356  0.244  0.105  0.048  0.007  0.080  0.058  0.266  0.150  0.231 -0.134 -0.283 -0.466 -0.407 -0.369 -0.312 -0.122 -0.007  0.145  0.134  0.273  0.410  0.531  0.749  0.784  0.751  0.917  1.000  0.875  0.789  0.615  0.369  0.314  0.086  0.119  0.282  0.206  0.098  0.078  0.030  0.173  0.129 -0.049  0.043 -0.017  0.082  0.117  0.018 -0.110 -0.262 -0.295 -0.276 -0.235 -0.198 -0.250 -0.166 -0.260 -0.337 -0.274 -0.228 -0.104  0.014  0.136  0.244  0.171  0.116 -0.012 -0.262 -0.430 -0.445 -0.397
 -0.466 -0.207 -0.209  0.094  0.293  0.308  0.171  0.058 -0.004  0.162  0.191  0.129  0.283  0.173  0.176 -0.129 -0.325 -0.520 -0.470 -0.427 -0.375 -0.171  0.013  0.176  0.133  0.306  0.521  0.588  0.685  0.828  0.858  0.846  0.875  1.000  0.941  0.816  0.539  0.466  0.295  0.255  0.378  0.284  0.180  0.164  0.024  0.141  0.182  0.073  0.193  0.038  0.070  0.108 -0.026 -0.177 -0.361 -0.367 -0.335 -0.316 -0.254 -0.340 -0.205 -0.245 -0.278 -0.220 -0.237 -0.089  0.075  0.176  0.288  0.228  0.207  0.119 -0.274 -0.465 -0.555 -0.559
 -0.467 -0.243 -0.224  0.034  0.287  0.301  0.195  0.052 -0.019  0.137  0.160  0.125  0.264  0.118  0.116 -0.173 -0.362 -0.539 -0.509 -0.428 -0.377 -0.152 -0.003  0.187  0.164  0.340  0.568  0.663  0.681  0.823  0.906  0.837  0.789  0.941  1.000  0.887  0.665  0.584  0.396  0.371  0.485  0.378  0.277  0.246  0.064  0.150  0.145  0.076  0.243  0.097  0.140  0.148 -0.010 -0.153 -0.358 -0.385 -0.362 -0.295 -0.252 -0.369 -0.268 -0.285 -0.287 -0.225 -0.275 -0.159  0.062  0.203  0.372  0.333  0.293  0.173 -0.284 -0.514 -0.618 -0.615
 -0.466 -0.268 -0.216  0.023  0.240  0.270  0.184  0.052 -0.004  0.101  0.105  0.076  0.189  0.068  0.054 -0.188 -0.391 -0.556 -0.541 -0.456 -0.352 -0.076  0.100  0.214  0.199  0.345  0.612  0.657  0.580  0.748  0.859  0.685  0.615  0.816  0.887  1.000  0.847  0.730  0.559  0.513  0.543  0.465  0.367  0.290  0.057  0.103  0.166  0.099  0.314  0.203  0.263  0.235  0.069 -0.068 -0.347 -0.411 -0.408 -0.308 -0.268 -0.395 -0.288 -0.294 -0.215 -0.186 -0.339 -0.159  0.057  0.231  0.413  0.440  0.415  0.315 -0.195 -0.573 -0.669 -0.688
 -0.525 -0.341 -0.262 -0.037  0.195  0.231  0.220  0.077  0.073  0.134  0.142  0.144  0.172  0.022 -0.067 -0.285 -0.411 -0.575 -0.595 -0.452 -0.378 -0.071  0.073  0.161  0.178  0.378  0.600  0.593  0.454  0.620  0.721  0.481  0.369  0.539  0.665  0.847  1.000  0.888  0.743  0.647  0.550  0.594  0.470  0.355  0.147  0.135  0.193  0.087  0.314  0.254  0.267  0.191  0.045 -0.041 -0.355 -0.441 -0.387 -0.226 -0.220 -0.343 -0.397 -0.432 -0.335 -0.251 -0.377 -0.185  0.057  0.218  0.402  0.457  0.424  0.411 -0.076 -0.544 -0.619 -0.674
 -0.580 -0.384 -0.337 -0.027  0.209  0.242  0.260  0.152  0.176  0.199  0.234  0.236  0.234  0.045 -0.083 -0.327 -0.398 -0.565 -0.584 -0.484 -0.388 -0.077  0.115  0.191  0.185  0.382  0.649  0.561  0.416  0.611  0.691  0.418  0.314  0.466  0.584  0.730  0.888  1.000  0.804  0.563  0.573  0.589  0.522  0.382  0.156  0.145  0.203  0.128  0.316  0.298  0.295  0.246  0.033 -0.039 -0.360 -0.444 -0.423 -0.230 -0.198 -0.333 -0.397 -0.456 -0.362 -0.260 -0.349 -0.191  0.045  0.281  0.412  0.433  0.397  0.328 -0.140 -0.597 -0.620 -0.668
 -0.448 -0.319 -0.235  0.022  0.158  0.194  0.237  0.142  0.146  0.045  0.165  0.179  0.187  0.046 -0.124 -0.242 -0.258 -0.356 -0.439 -0.334 -0.341 -0.196 -0.014  0.004  0.014  0.134  0.404  0.349  0.175  0.376  0.510  0.195  0.086  0.295  0.396  0.559  0.743  0.804  1.000  0.697  0.568  0.630  0.468  0.347  0.160  0.101  0.191  0.104  0.223  0.074  0.042  0.019 -0.078 -0.059 -0.260 -0.295 -0.229 -0.147 -0.142 -0.244 -0.325 -0.281 -0.236 -0.223 -0.275 -0.092  0.148  0.241  0.345  0.463  0.461  0.450  0.004 -0.443 -0.513 -0.561
 -0.339 -0.379 -0.212 -0.084  0.129  0.270  0.324  0.252  0.038 -0.209 -0.076 -0.063  0.003 -0.131 -0.216 -0.299 -0.268 -0.290 -0.356 -0.231 -0.178 -0.066  0.021  0.059  0.007  0.152  0.356  0.358  0.188  0.371  0.467  0.249  0.119  0.255  0.371  0.513  0.647  0.563  0.697  1.000  0.765  0.755  0.577  0.516  0.233  0.140  0.257  0.169  0.366  0.196  0.185  0.123  0.123  0.097 -0.056 -0.160 -0.080  0.007 -0.078 -0.197 -0.426 -0.400 -0.369 -0.260 -0.241 -0.065  0.294  0.390  0.521  0.615  0.579  0.632 -0.086 -0.494 -0.621 -0.578
 -0.525 -0.534 -0.334 -0.050  0.289  0.477  0.441  0.328  0.074 -0.185 -0.018  0.030  0.054 -0.169 -0.233 -0.453 -0.396 -0.419 -0.390 -0.266 -0.131  0.103  0.250  0.291  0.190  0.328  0.574  0.511  0.332  0.541  0.569  0.377  0.282  0.378  0.485  0.543  0.550  0.573  0.568  0.765  1.000  0.819  0.788  0.762  0.470  0.393  0.442  0.325  0.540  0.394  0.393  0.343  0.238  0.173 -0.084 -0.157 -0.184 -0.097 -0.122 -0.293 -0.448 -0.493 -0.466 -0.289 -0.228 -0.073  0.454  0.672  0.755  0.729  0.536  0.325 -0.275 -0.691 -0.828 -0.738
 -0.520 -0.482 -0.294  0.004  0.219  0.381  0.487  0.376  0.192 -0.062  0.061  0.110  0.090 -0.092 -0.179 -0.353 -0.382 -0.409 -0.398 -0.300 -0.277 -0.104  0.011 -0.031 -0.064  0.137  0.344  0.294  0.177  0.375  0.425  0.265  0.206  0.284  0.378  0.465  0.594  0.589  0.630  0.755  0.819  1.000  0.835  0.648  0.317  0.240  0.267  0.168  0.422  0.266  0.189  0.081 -0.014  0.001 -0.158 -0.184 -0.112 -0.025 -0.051 -0.162 -0.361 -0.441 -0.423 -0.261 -0.156 -0.009  0.400  0.610  0.734  0.813  0.588  0.538 -0.014 -0.600 -0.704 -0.674
 -0.438 -0.375 -0.241  0.074  0.366  0.446  0.458  0.345  0.175  0.049  0.175  0.251  0.215 -0.015 -0.122 -0.361 -0.432 -0.465 -0.400 -0.327 -0.293 -0.050  0.094  0.060 -0.038  0.161  0.395  0.229  0.080  0.311  0.335  0.161  0.098  0.180  0.277  0.367  0.470  0.522  0.468  0.577  0.788  0.835  1.000  0.831  0.435  0.291  0.385  0.310  0.623  0.432  0.320  0.243  0.114 -0.003 -0.216 -0.265 -0.275 -0.153 -0.162 -0.298 -0.406 -0.452 -0.399 -0.199 -0.083 -0.027  0.499  0.728  0.776  0.682  0.437  0.327 -0.135 -0.591 -0.684 -0.665
 -0.461 -0.403 -0.230  0.112  0.419  0.572  0.490  0.349  0.191  0.006  0.174  0.217  0.149 -0.093 -0.240 -0.473 -0.497 -0.502 -0.419 -0.387 -0.339 -0.090  0.047  0.045 -0.113  0.104  0.348  0.157  0.035  0.312  0.284  0.119  0.078  0.164  0.246  0.290  0.355  0.382  0.347  0.516  0.762  0.648  0.831  1.000  0.733  0.576  0.694  0.569  0.658  0.343  0.244  0.161  0.099 -0.022 -0.243 -0.234 -0.219 -0.110 -0.129 -0.303 -0.415 -0.394 -0.401 -0.167 -0.013  0.082  0.626  0.788  0.761  0.607  0.396  0.234 -0.238 -0.587 -0.710 -0.570
 -0.338 -0.219 -0.162  0.048  0.394  0.540  0.439  0.275  0.216 -0.083  0.183  0.239  0.127 -0.036 -0.164 -0.385 -0.413 -0.409 -0.317 -0.356 -0.336 -0.190 -0.021 -0.023 -0.154  0.086  0.238  0.046  0.004  0.143  0.072 -0.008  0.030  0.024  0.064  0.057  0.147  0.156  0.160  0.233  0.470  0.317  0.435  0.733  1.000  0.844  0.789  0.628  0.464  0.226  0.084  0.018 -0.072 -0.134 -0.245 -0.189 -0.184 -0.150 -0.191 -0.279 -0.350 -0.276 -0.279 -0.059  0.037  0.128  0.515  0.573  0.479  0.322  0.144 -0.031 -0.164 -0.396 -0.453 -0.317
 -0.308 -0.264 -0.292 -0.064  0.325  0.461  0.349  0.244  0.255  0.038  0.206  0.179  0.088 -0.053 -0.178 -0.344 -0.393 -0.398 -0.341 -0.343 -0.276 -0.085  0.060  0.037 -0.038  0.165  0.242  0.076  0.125  0.206  0.107  0.118  0.173  0.141  0.150  0.103  0.135  0.145  0.101  0.140  0.393  0.240  0.291  0.576  0.844  1.000  0.798  0.556  0.315  0.201  0.089  0.053 -0.039 -0.086 -0.240 -0.216 -0.235 -0.193 -0.230 -0.299 -0.328 -0.259 -0.335 -0.154 -0.022  0.018  0.357  0.467  0.407  0.294  0.026 -0.137 -0.203 -0.353 -0.426 -0.302
 -0.453 -0.359 -0.340 -0.015  0.360  0.512  0.370  0.268  0.194  0.004  0.204  0.220  0.145 -0.022 -0.204 -0.419 -0.463 -0.498 -0.459 -0.398 -0.309 -0.088  0.099  0.080 -0.060  0.134  0.300  0.077  0.075  0.257  0.142  0.083  0.129  0.182  0.145  0.166  0.193  0.203  0.191  0.257  0.442  0.267  0.385  0.694  0.789  0.798  1.000  0.766  0.502  0.251  0.129  0.161  0.047 -0.048 -0.314 -0.303 -0.336 -0.256 -0.263 -0.355 -0.362 -0.328 -0.437 -0.258 -0.076  0.044  0.392  0.589  0.472  0.249  0.093  0.001 -0.207 -0.371 -0.486 -0.335
 -0.378 -0.266 -0.266  0.083  0.411  0.436  0.213  0.079  0.131  0.254  0.360  0.372  0.171  0.040 -0.082 -0.309 -0.414 -0.452 -0.486 -0.448 -0.327 -0.067  0.078  0.124 -0.040  0.101  0.285  0.097 -0.052  0.141  0.024 -0.116 -0.049  0.073  0.076  0.099  0.087  0.128  0.104  0.169  0.325  0.168  0.310  0.569  0.628  0.556  0.766  1.000  0.715  0.303  0.100  0.197  0.011 -0.118 -0.361 -0.340 -0.389 -0.387 -0.375 -0.444 -0.410 -0.317 -0.369 -0.151  0.001  0.063  0.320  0.473  0.372  0.228  0.120  0.053 -0.161 -0.281 -0.365 -0.253
 -0.420 -0.320 -0.300  0.084  0.473  0.441  0.252  0.121 -0.037  0.216  0.372  0.334  0.236  0.055 -0.024 -0.373 -0.414 -0.463 -0.423 -0.368 -0.241  0.081  0.194  0.196  0.053  0.162  0.403  0.207 -0.007  0.270  0.222  0.039  0.043  0.193  0.243  0.314  0.314  0.316  0.223  0.366  0.540  0.422  0.623  0.658  0.464  0.315  0.502  0.715  1.000  0.623  0.406  0.383  0.170  0.057 -0.219 -0.249 -0.392 -0.380 -0.292 -0.333 -0.306 -0.342 -0.369 -0.154 -0.011  0.070  0.462  0.599  0.611  0.483  0.372  0.221 -0.256 -0.453 -0.603 -0.562
 -0.342 -0.305 -0.310 -0.144  0.165  0.173  0.070  0.119 -0.062  0.006  0.146  0.084 -0.009 -0.166 -0.193 -0.283 -0.272 -0.271 -0.190 -0.006  0.099  0.446  0.534  0.489  0.355  0.414  0.466  0.249  0.094  0.180  0.159  0.047 -0.017  0.038  0.097  0.203  0.254  0.298  0.074  0.196  0.394  0.266  0.432  0.343  0.226  0.201  0.251  0.303  0.623  1.000  0.833  0.709  0.508  0.491  0.144  0.012 -0.205 -0.129 -0.043 -0.035 -0.071 -0.279 -0.332 -0.174 -0.101 -0.112  0.229  0.403  0.395  0.277  0.153 -0.051 -0.218 -0.395 -0.473 -0.516
 -0.339 -0.363 -0.340 -0.300  0.016  0.111  0.093  0.128 -0.072 -0.128 -0.018 -0.072 -0.123 -0.264 -0.247 -0.346 -0.265 -0.200 -0.122  0.084  0.248  0.620  0.678  0.669  0.548  0.430  0.485  0.373  0.230  0.244  0.251  0.161  0.082  0.070  0.140  0.263  0.267  0.295  0.042  0.185  0.393  0.189  0.320  0.244  0.084  0.089  0.129  0.100  0.406  0.833  1.000  0.875  0.721  0.681  0.326  0.113 -0.120  0.022  0.031 -0.013 -0.076 -0.281 -0.326 -0.236 -0.209 -0.242  0.078  0.306  0.365  0.224  0.094 -0.127 -0.273 -0.382 -0.447 -0.495
 -0.340 -0.383 -0.403 -0.316  0.072  0.111  0.081  0.116  0.005 -0.049  0.058 -0.000 -0.033 -0.199 -0.162 -0.234 -0.178 -0.134 -0.127  0.103  0.340  0.729  0.814  0.813  0.664  0.551  0.577  0.433  0.290  0.299  0.250  0.181  0.117  0.108  0.148  0.235  0.191  0.246  0.019  0.123  0.343  0.081  0.243  0.161  0.018  0.053  0.161  0.197  0.383  0.709  0.875  1.000  0.843  0.690  0.323  0.067 -0.216 -0.081 -0.137 -0.158 -0.180 -0.375 -0.409 -0.381 -0.389 -0.374  0.032  0.262  0.311  0.111 -0.050 -0.243 -0.363 -0.353 -0.424 -0.468
 -0.279 -0.450 -0.393 -0.395 -0.075  0.022  0.016  0.220  0.055 -0.164 -0.124 -0.209 -0.204 -0.345 -0.319 -0.269 -0.132  0.037  0.094  0.345  0.519  0.758  0.794  0.776  0.600  0.417  0.361  0.304  0.219  0.191  0.136  0.093  0.018 -0.026 -0.010  0.069  0.045  0.033 -0.078  0.123  0.238 -0.014  0.114  0.099 -0.072 -0.039  0.047  0.011  0.170  0.508  0.721  0.843  1.000  0.861  0.571  0.281  0.105  0.226  0.100  0.026 -0.081 -0.298 -0.399 -0.427 -0.403 -0.406  0.057  0.164  0.207 -0.008 -0.074 -0.216 -0.344 -0.167 -0.304 -0.325
 -0.261 -0.466 -0.359 -0.451 -0.271 -0.128 -0.055  0.183  0.000 -0.299 -0.232 -0.356 -0.390 -0.458 -0.427 -0.278 -0.066  0.206  0.281  0.523  0.628  0.732  0.691  0.584  0.487  0.226  0.130  0.142  0.079  0.005 -0.026 -0.046 -0.110 -0.177 -0.153 -0.068 -0.041 -0.039 -0.059  0.097  0.173  0.001 -0.003 -0.022 -0.134 -0.086 -0.048 -0.118  0.057  0.491  0.681  0.690  0.861  1.000  0.777  0.552  0.372  0.444  0.358  0.318  0.174 -0.135 -0.279 -0.358 -0.309 -0.279  0.005  0.053  0.078  0.007 -0.008 -0.165 -0.169 -0.065 -0.204 -0.206
  0.048 -0.222 -0.153 -0.499 -0.468 -0.332 -0.159  0.124 -0.046 -0.346 -0.360 -0.531 -0.549 -0.520 -0.329 -0.019  0.191  0.552  0.644  0.783  0.738  0.561  0.415  0.296  0.284 -0.065 -0.242 -0.123 -0.178 -0.309 -0.280 -0.230 -0.262 -0.361 -0.358 -0.347 -0.355 -0.360 -0.260 -0.056 -0.084 -0.158 -0.216 -0.243 -0.245 -0.240 -0.314 -0.361 -0.219  0.144  0.326  0.323  0.571  0.777  1.000  0.876  0.717  0.668  0.553  0.555  0.427  0.118  0.033 -0.180 -0.157 -0.217 -0.063 -0.152 -0.125 -0.123 -0.103 -0.169  0.000  0.185  0.087  0.121
  0.090 -0.106 -0.040 -0.351 -0.410 -0.344 -0.140  0.106 -0.114 -0.333 -0.303 -0.481 -0.531 -0.468 -0.317 -0.034  0.201  0.612  0.736  0.768  0.616  0.357  0.223  0.055  0.085 -0.187 -0.374 -0.240 -0.293 -0.383 -0.350 -0.305 -0.295 -0.367 -0.385 -0.411 -0.441 -0.444 -0.295 -0.160 -0.157 -0.184 -0.265 -0.234 -0.189 -0.216 -0.303 -0.340 -0.249  0.012  0.113  0.067  0.281  0.552  0.876  1.000  0.825  0.667  0.637  0.653  0.568  0.274  0.213 -0.063 -0.029 -0.073 -0.016 -0.151 -0.186 -0.112 -0.066 -0.137  0.161  0.250  0.134  0.195
  0.076 -0.067  0.017 -0.341 -0.542 -0.417 -0.219  0.074 -0.091 -0.344 -0.460 -0.587 -0.618 -0.517 -0.348 -0.011  0.159  0.505  0.653  0.663  0.450  0.135  0.016 -0.107 -0.109 -0.345 -0.418 -0.248 -0.289 -0.372 -0.317 -0.287 -0.276 -0.335 -0.362 -0.408 -0.387 -0.423 -0.229 -0.080 -0.184 -0.112 -0.275 -0.219 -0.184 -0.235 -0.336 -0.389 -0.392 -0.205 -0.120 -0.216  0.105  0.372  0.717  0.825  1.000  0.846  0.708  0.697  0.542  0.391  0.281  0.043  0.070  0.004 -0.024 -0.255 -0.236 -0.080  0.103  0.057  0.247  0.283  0.247  0.286
 -0.034 -0.256 -0.098 -0.429 -0.582 -0.407 -0.176  0.120 -0.103 -0.362 -0.509 -0.593 -0.636 -0.600 -0.482 -0.168  0.057  0.397  0.531  0.618  0.418  0.231  0.066 -0.047 -0.011 -0.276 -0.311 -0.184 -0.238 -0.279 -0.191 -0.214 -0.235 -0.316 -0.295 -0.308 -0.226 -0.230 -0.147  0.007 -0.097 -0.025 -0.153 -0.110 -0.150 -0.193 -0.256 -0.387 -0.380 -0.129  0.022 -0.081  0.226  0.444  0.668  0.667  0.846  1.000  0.828  0.669  0.452  0.282  0.148 -0.081  0.035 -0.079 -0.107 -0.214 -0.125 -0.078  0.098  0.042  0.150  0.159  0.188  0.253
 -0.005 -0.225 -0.003 -0.295 -0.541 -0.394 -0.240  0.015 -0.221 -0.381 -0.482 -0.589 -0.634 -0.617 -0.516 -0.212  0.055  0.411  0.503  0.575  0.349  0.127  0.009 -0.119 -0.079 -0.312 -0.348 -0.247 -0.284 -0.273 -0.155 -0.186 -0.198 -0.254 -0.252 -0.268 -0.220 -0.198 -0.142 -0.078 -0.122 -0.051 -0.162 -0.129 -0.191 -0.230 -0.263 -0.375 -0.292 -0.043  0.031 -0.137  0.100  0.358  0.553  0.637  0.708  0.828  1.000  0.809  0.648  0.378  0.232  0.030  0.192  0.014 -0.072 -0.176 -0.126 -0.100  0.122  0.097  0.194  0.187  0.186  0.268
  0.140 -0.062  0.127 -0.236 -0.550 -0.441 -0.248 -0.042 -0.215 -0.370 -0.480 -0.604 -0.602 -0.487 -0.417 -0.085  0.075  0.383  0.532  0.569  0.286  0.086 -0.056 -0.224 -0.121 -0.330 -0.483 -0.387 -0.357 -0.438 -0.310 -0.240 -0.250 -0.340 -0.369 -0.395 -0.343 -0.333 -0.244 -0.197 -0.293 -0.162 -0.298 -0.303 -0.279 -0.299 -0.355 -0.444 -0.333 -0.035 -0.013 -0.158  0.026  0.318  0.555  0.653  0.697  0.669  0.809  1.000  0.823  0.468  0.340  0.162  0.246  0.110 -0.055 -0.283 -0.303 -0.158  0.075  0.092  0.275  0.321  0.348  0.362
  0.236  0.167  0.279 -0.067 -0.430 -0.419 -0.389 -0.210 -0.322 -0.251 -0.348 -0.460 -0.449 -0.299 -0.155  0.134  0.154  0.388  0.482  0.459  0.216  0.023 -0.071 -0.272 -0.182 -0.428 -0.523 -0.438 -0.390 -0.438 -0.311 -0.244 -0.166 -0.205 -0.268 -0.288 -0.397 -0.397 -0.325 -0.426 -0.448 -0.361 -0.406 -0.415 -0.350 -0.328 -0.362 -0.410 -0.306 -0.071 -0.076 -0.180 -0.081  0.174  0.427  0.568  0.542  0.452  0.648  0.823  1.000  0.679  0.583  0.350  0.367  0.179 -0.128 -0.319 -0.366 -0.210  0.060 -0.015  0.266  0.323  0.396  0.393
  0.506  0.469  0.435  0.111 -0.392 -0.464 -0.563 -0.407 -0.225 -0.120 -0.281 -0.328 -0.324 -0.188 -0.082  0.297  0.317  0.462  0.423  0.249  0.046 -0.158 -0.215 -0.349 -0.314 -0.462 -0.494 -0.451 -0.446 -0.500 -0.383 -0.326 -0.260 -0.245 -0.285 -0.294 -0.432 -0.456 -0.281 -0.400 -0.493 -0.441 -0.452 -0.394 -0.276 -0.259 -0.328 -0.317 -0.342 -0.279 -0.281 -0.375 -0.298 -0.135  0.118  0.274  0.391  0.282  0.378  0.468  0.679  1.000  0.862  0.561  0.554  0.400 -0.079 -0.374 -0.389 -0.179  0.121  0.053  0.244  0.356  0.472  0.470
  0.625  0.632  0.639  0.273 -0.255 -0.404 -0.508 -0.479 -0.297 -0.126 -0.250 -0.218 -0.197 -0.007  0.142  0.470  0.394  0.426  0.381  0.152  0.024 -0.223 -0.283 -0.407 -0.336 -0.437 -0.466 -0.418 -0.458 -0.502 -0.377 -0.378 -0.337 -0.278 -0.287 -0.215 -0.335 -0.362 -0.236 -0.369 -0.466 -0.423 -0.399 -0.401 -0.279 -0.335 -0.437 -0.369 -0.369 -0.332 -0.326 -0.409 -0.399 -0.279  0.033  0.213  0.281  0.148  0.232  0.340  0.583  0.862  1.000  0.775  0.558  0.440 -0.091 -0.412 -0.425 -0.162  0.101  0.089  0.361  0.312  0.484  0.443
  0.511  0.649  0.742  0.576  0.042 -0.127 -0.334 -0.504 -0.292 -0.005 -0.055  0.041  0.016  0.193  0.195  0.361  0.171  0.097  0.073 -0.182 -0.206 -0.342 -0.352 -0.423 -0.451 -0.434 -0.355 -0.346 -0.368 -0.397 -0.289 -0.296 -0.274 -0.220 -0.225 -0.186 -0.251 -0.260 -0.223 -0.260 -0.289 -0.261 -0.199 -0.167 -0.059 -0.154 -0.258 -0.151 -0.154 -0.174 -0.236 -0.381 -0.427 -0.358 -0.180 -0.063  0.043 -0.081  0.030  0.162  0.350  0.561  0.775  1.000  0.779  0.677  0.179 -0.185 -0.257 -0.020  0.178  0.173  0.302  0.146  0.344  0.267
  0.386  0.439  0.539  0.494  0.067 -0.008 -0.272 -0.376 -0.328  0.035 -0.024  0.089 -0.005  0.077  0.036  0.112  0.129  0.129  0.072 -0.111 -0.236 -0.345 -0.407 -0.483 -0.572 -0.549 -0.450 -0.490 -0.451 -0.444 -0.334 -0.280 -0.228 -0.237 -0.275 -0.339 -0.377 -0.349 -0.275 -0.241 -0.228 -0.156 -0.083 -0.013  0.037 -0.022 -0.076  0.001 -0.011 -0.101 -0.209 -0.389 -0.403 -0.309 -0.157 -0.029  0.070  0.035  0.192  0.246  0.367  0.554  0.558  0.779  1.000  0.704  0.286  0.028 -0.107  0.037  0.176  0.183  0.237  0.171  0.298  0.248
  0.215  0.323  0.576  0.680  0.208  0.120 -0.135 -0.231 -0.121 -0.066  0.000  0.097  0.058  0.190  0.061  0.095 -0.041 -0.037 -0.032 -0.295 -0.360 -0.406 -0.399 -0.477 -0.580 -0.446 -0.321 -0.401 -0.361 -0.239 -0.204 -0.193 -0.104 -0.089 -0.159 -0.159 -0.185 -0.191 -0.092 -0.065 -0.073 -0.009 -0.027  0.082  0.128  0.018  0.044  0.063  0.070 -0.112 -0.242 -0.374 -0.406 -0.279 -0.217 -0.073  0.004 -0.079  0.014  0.110  0.179  0.400  0.440  0.677  0.704  1.000  0.574  0.144 -0.004  0.165  0.331  0.252  0.253  0.016  0.085  0.090
 -0.219 -0.154  0.109  0.414  0.452  0.447  0.267  0.201  0.177 -0.089  0.094  0.091  0.094 -0.034 -0.173 -0.226 -0.338 -0.225 -0.154 -0.254 -0.256 -0.134 -0.019 -0.076 -0.336 -0.149  0.067 -0.112 -0.181  0.068  0.081 -0.007  0.014  0.075  0.062  0.057  0.057  0.045  0.148  0.294  0.454  0.400  0.499  0.626  0.515  0.357  0.392  0.320  0.462  0.229  0.078  0.032  0.057  0.005 -0.063 -0.016 -0.024 -0.107 -0.072 -0.055 -0.128 -0.079 -0.091  0.179  0.286  0.574  1.000  0.679  0.543  0.490  0.375  0.178 -0.131 -0.353 -0.452 -0.414
 -0.458 -0.410 -0.266  0.130  0.456  0.646  0.621  0.528  0.330 -0.039  0.191  0.197  0.166 -0.106 -0.188 -0.400 -0.403 -0.377 -0.334 -0.302 -0.224 -0.030  0.104  0.092 -0.132  0.046  0.248  0.042 -0.004  0.262  0.207  0.134  0.136  0.176  0.203  0.231  0.218  0.281  0.241  0.390  0.672  0.610  0.728  0.788  0.573  0.467  0.589  0.473  0.599  0.403  0.306  0.262  0.164  0.053 -0.152 -0.151 -0.255 -0.214 -0.176 -0.283 -0.319 -0.374 -0.412 -0.185  0.028  0.144  0.679  1.000  0.864  0.616  0.288  0.085 -0.336 -0.532 -0.664 -0.587
 -0.525 -0.481 -0.316  0.008  0.382  0.569  0.580  0.463  0.212 -0.030  0.163  0.161  0.152 -0.147 -0.134 -0.385 -0.407 -0.459 -0.432 -0.280 -0.163  0.056  0.164  0.166 -0.024  0.079  0.360  0.228  0.115  0.381  0.370  0.255  0.244  0.288  0.372  0.413  0.402  0.412  0.345  0.521  0.755  0.734  0.776  0.761  0.479  0.407  0.472  0.372  0.611  0.395  0.365  0.311  0.207  0.078 -0.125 -0.186 -0.236 -0.125 -0.126 -0.303 -0.366 -0.389 -0.425 -0.257 -0.107 -0.004  0.543  0.864  1.000  0.774  0.470  0.228 -0.365 -0.667 -0.759 -0.653
 -0.370 -0.346 -0.176  0.082  0.270  0.418  0.404  0.276  0.118 -0.031  0.103  0.067  0.041 -0.108 -0.097 -0.225 -0.258 -0.331 -0.365 -0.334 -0.239 -0.082  0.007 -0.055 -0.168 -0.051  0.242  0.210  0.032  0.255  0.315  0.194  0.171  0.228  0.333  0.440  0.457  0.433  0.463  0.615  0.729  0.813  0.682  0.607  0.322  0.294  0.249  0.228  0.483  0.277  0.224  0.111 -0.008  0.007 -0.123 -0.112 -0.080 -0.078 -0.100 -0.158 -0.210 -0.179 -0.162 -0.020  0.037  0.165  0.490  0.616  0.774  1.000  0.762  0.560 -0.028 -0.609 -0.705 -0.655
 -0.291 -0.247 -0.015  0.103  0.044  0.151 -0.005  0.040 -0.174 -0.178 -0.125 -0.151 -0.152 -0.205 -0.173 -0.265 -0.271 -0.283 -0.307 -0.312 -0.320 -0.215 -0.094 -0.150 -0.247 -0.171  0.164  0.194 -0.022  0.199  0.342  0.152  0.116  0.207  0.293  0.415  0.424  0.397  0.461  0.579  0.536  0.588  0.437  0.396  0.144  0.026  0.093  0.120  0.372  0.153  0.094 -0.050 -0.074 -0.008 -0.103 -0.066  0.103  0.098  0.122  0.075  0.060  0.121  0.101  0.178  0.176  0.331  0.375  0.288  0.470  0.762  1.000  0.760  0.161 -0.439 -0.475 -0.419
 -0.114 -0.119  0.019  0.143 -0.008  0.047  0.007 -0.017 -0.185 -0.080 -0.068 -0.092 -0.096 -0.039 -0.126 -0.135 -0.171 -0.214 -0.298 -0.338 -0.379 -0.407 -0.299 -0.351 -0.361 -0.200 -0.029  0.029 -0.091  0.057  0.171  0.033 -0.012  0.119  0.173  0.315  0.411  0.328  0.450  0.632  0.325  0.538  0.327  0.234 -0.031 -0.137  0.001  0.053  0.221 -0.051 -0.127 -0.243 -0.216 -0.165 -0.169 -0.137  0.057  0.042  0.097  0.092 -0.015  0.053  0.089  0.173  0.183  0.252  0.178  0.085  0.228  0.560  0.760  1.000  0.408 -0.163 -0.269 -0.288
  0.161  0.202  0.287  0.069 -0.132 -0.239 -0.265 -0.164 -0.240 -0.177 -0.189 -0.097 -0.143  0.063  0.085  0.088  0.014  0.086  0.101  0.022 -0.152 -0.332 -0.348 -0.463 -0.387 -0.356 -0.441 -0.349 -0.380 -0.418 -0.347 -0.314 -0.262 -0.274 -0.284 -0.195 -0.076 -0.140  0.004 -0.086 -0.275 -0.014 -0.135 -0.238 -0.164 -0.203 -0.207 -0.161 -0.256 -0.218 -0.273 -0.363 -0.344 -0.169  0.000  0.161  0.247  0.150  0.194  0.275  0.266  0.244  0.361  0.302  0.237  0.253 -0.131 -0.336 -0.365 -0.028  0.161  0.408  1.000  0.394  0.323  0.199
  0.468  0.271  0.169 -0.091 -0.390 -0.483 -0.409 -0.285 -0.306 -0.003 -0.215 -0.237 -0.244  0.001 -0.060  0.134  0.285  0.482  0.513  0.355  0.235 -0.095 -0.277 -0.301 -0.155 -0.308 -0.658 -0.551 -0.481 -0.663 -0.625 -0.436 -0.430 -0.465 -0.514 -0.573 -0.544 -0.597 -0.443 -0.494 -0.691 -0.600 -0.591 -0.587 -0.396 -0.353 -0.371 -0.281 -0.453 -0.395 -0.382 -0.353 -0.167 -0.065  0.185  0.250  0.283  0.159  0.187  0.321  0.323  0.356  0.312  0.146  0.171  0.016 -0.353 -0.532 -0.667 -0.609 -0.439 -0.163  0.394  1.000  0.822  0.686
  0.625  0.480  0.385 -0.011 -0.459 -0.578 -0.484 -0.399 -0.246 -0.041 -0.269 -0.223 -0.224  0.053  0.099  0.353  0.416  0.492  0.465  0.333  0.189 -0.106 -0.318 -0.336 -0.158 -0.371 -0.640 -0.542 -0.447 -0.688 -0.666 -0.496 -0.445 -0.555 -0.618 -0.669 -0.619 -0.620 -0.513 -0.621 -0.828 -0.704 -0.684 -0.710 -0.453 -0.426 -0.486 -0.365 -0.603 -0.473 -0.447 -0.424 -0.304 -0.204  0.087  0.134  0.247  0.188  0.186  0.348  0.396  0.472  0.484  0.344  0.298  0.085 -0.452 -0.664 -0.759 -0.705 -0.475 -0.269  0.323  0.822  1.000  0.901
