  1.000  0.605  0.094  0.258  0.025 -0.066 -0.250 -0.377 -0.068  0.205 -0.012  0.076  0.122  0.266  0.195  0.604  0.718  0.760  0.354 -0.111  0.186 -0.096 -0.180 -0.150 -0.046  0.403 -0.173 -0.051  0.167 -0.289 -0.367  0.079 -0.168 -0.342 -0.334 -0.340 -0.482 -0.549 -0.749 -0.436 -0.453 -0.448 -0.167 -0.246 -0.342 -0.403 -0.389 -0.223 -0.256 -0.195 -0.250 -0.219 -0.087 -0.250 -0.065 -0.145 -0.213 -0.399 -0.433 -0.319 -0.338  0.107  0.199  0.372  0.142 -0.039 -0.279 -0.345 -0.519 -0.527 -0.424  0.221  0.211  0.606  0.432  0.449
  0.605  1.000  0.425  0.435  0.264  0.116 -0.005 -0.459 -0.194  0.242  0.162  0.344  0.473  0.702  0.833  0.857  0.731  0.267 -0.100 -0.320 -0.115 -0.258 -0.335 -0.243 -0.114  0.592  0.238  0.309  0.521  0.229  0.161  0.510  0.388  0.267  0.239  0.252  0.095 -0.127 -0.323 -0.304 -0.406 -0.329 -0.386 -0.407 -0.299 -0.432 -0.359 -0.292 -0.307 -0.128 -0.203 -0.367 -0.437 -0.524 -0.462 -0.342 -0.369 -0.698 -0.633 -0.449 -0.197  0.123  0.266  0.356  0.055 -0.148 -0.481 -0.374 -0.470 -0.291 -0.237  0.044  0.192  0.133  0.072  0.009
  0.094  0.425  1.000  0.739  0.079 -0.034  0.112 -0.140  0.068  0.082 -0.162  0.064 -0.031  0.193  0.278  0.232  0.139  0.037  0.068 -0.131 -0.454 -0.517 -0.633 -0.383 -0.345  0.210  0.037  0.070  0.092  0.108  0.238  0.197  0.111  0.188  0.220  0.152  0.196  0.039  0.087 -0.033  0.012  0.346  0.063  0.063 -0.152 -0.647 -0.543 -0.419 -0.385 -0.532 -0.429 -0.709 -0.560 -0.557 -0.276  0.032  0.212 -0.136 -0.034  0.143  0.009  0.067  0.281  0.448  0.136  0.480  0.232 -0.006 -0.024  0.177  0.420  0.283  0.211 -0.065  0.040  0.035
  0.258  0.435  0.739  1.000  0.552  0.369  0.205 -0.370  0.014  0.435  0.226  0.483  0.395  0.467  0.340  0.163  0.358  0.147 -0.149 -0.406 -0.411 -0.324 -0.579 -0.469 -0.601  0.039  0.122 -0.008  0.018 -0.002  0.136  0.286  0.133  0.110  0.124 -0.020  0.039 -0.001 -0.025 -0.041  0.097  0.411  0.225  0.223 -0.041 -0.346 -0.359 -0.145 -0.061 -0.432 -0.426 -0.496 -0.516 -0.562 -0.446 -0.213 -0.164 -0.418 -0.327 -0.091 -0.360 -0.119  0.034  0.492  0.573  0.684  0.457  0.293  0.208  0.480  0.317  0.231  0.099 -0.069 -0.086 -0.145
  0.025  0.264  0.079  0.552  1.000  0.929  0.455 -0.113  0.309  0.492  0.526  0.798  0.894  0.732  0.426  0.010  0.191 -0.243 -0.622 -0.487 -0.185  0.052 -0.182 -0.056 -0.293  0.153  0.549  0.308  0.224  0.302  0.351  0.319  0.190  0.221  0.276  0.268  0.412  0.384  0.379  0.283  0.312  0.253  0.307  0.400  0.319  0.246  0.346  0.324  0.368  0.044  0.012  0.088 -0.100 -0.242 -0.506 -0.497 -0.703 -0.662 -0.720 -0.584 -0.719 -0.456 -0.398 -0.005  0.237  0.122  0.324  0.472  0.369  0.326 -0.232 -0.271 -0.249 -0.379 -0.580 -0.624
 -0.066  0.116 -0.034  0.369  0.929  1.000  0.632  0.149  0.361  0.227  0.440  0.693  0.807  0.608  0.237 -0.170 -0.011 -0.199 -0.503 -0.294 -0.054  0.157 -0.091  0.004 -0.187  0.098  0.420  0.209  0.072  0.172  0.227  0.112 -0.021  0.002  0.077  0.119  0.334  0.314  0.475  0.304  0.354  0.226  0.299  0.467  0.506  0.378  0.491  0.419  0.361  0.106  0.069  0.203  0.058 -0.063 -0.337 -0.314 -0.590 -0.526 -0.647 -0.501 -0.653 -0.523 -0.489 -0.166  0.021 -0.039  0.329  0.550  0.348  0.209 -0.369 -0.496 -0.167 -0.320 -0.537 -0.530
 -0.250 -0.005  0.112  0.205  0.455  0.632  1.000  0.526  0.330 -0.259  0.132  0.314  0.425  0.366  0.119 -0.226 -0.519 -0.295 -0.143 -0.041 -0.156 -0.064 -0.221 -0.253 -0.160  0.182  0.216  0.035  0.048  0.173  0.279  0.131  0.013 -0.003  0.081  0.076  0.244  0.301  0.375  0.328  0.449  0.555  0.462  0.551  0.594  0.390  0.402  0.291  0.239  0.186 -0.007  0.091 -0.013 -0.016 -0.092  0.013 -0.282 -0.258 -0.130  0.014 -0.125 -0.713 -0.625 -0.266 -0.253 -0.184  0.286  0.724  0.353  0.146 -0.326 -0.534 -0.132 -0.387 -0.493 -0.337
 -0.377 -0.459 -0.140 -0.370 -0.113  0.149  0.526  1.000  0.487 -0.357  0.121 -0.001 -0.071 -0.097 -0.424 -0.543 -0.761 -0.254  0.279  0.424 -0.079 -0.083 -0.041  0.085  0.220  0.080 -0.118 -0.170 -0.259 -0.115 -0.031 -0.342 -0.288 -0.186 -0.160 -0.112  0.063  0.120  0.338  0.266  0.196  0.255  0.312  0.245  0.347  0.231  0.319  0.129  0.101  0.286  0.148  0.237  0.264  0.284  0.431  0.477  0.180  0.252  0.288  0.298  0.162 -0.440 -0.473 -0.626 -0.740 -0.368  0.111  0.329  0.223 -0.282 -0.351 -0.420  0.013 -0.029 -0.183 -0.159
 -0.068 -0.194  0.068  0.014  0.309  0.361  0.330  0.487  1.000  0.104  0.001  0.194  0.257  0.192 -0.141 -0.193 -0.389 -0.352 -0.152 -0.233 -0.470 -0.421 -0.424 -0.221 -0.193  0.143  0.086 -0.079  0.013  0.075  0.136 -0.049 -0.019  0.135  0.190  0.161  0.250  0.197  0.231  0.068  0.056  0.297  0.474  0.489  0.459  0.299  0.494  0.271  0.188 -0.061 -0.288 -0.268 -0.161 -0.256 -0.258 -0.291 -0.362 -0.298 -0.222 -0.073 -0.224 -0.265 -0.344 -0.358 -0.354 -0.035  0.373  0.361  0.211 -0.255 -0.473 -0.224 -0.115 -0.019 -0.264 -0.227
  0.205  0.242  0.082  0.435  0.492  0.227 -0.259 -0.357  0.104  1.000  0.698  0.731  0.486  0.506  0.355  0.140  0.493 -0.088 -0.525 -0.730 -0.461 -0.352 -0.362 -0.141 -0.447  0.042  0.315  0.057  0.036  0.071  0.067  0.093  0.138  0.268  0.254  0.170  0.164  0.244 -0.166  0.015 -0.193 -0.115  0.012  0.002 -0.056 -0.073  0.025  0.289  0.350 -0.015 -0.109 -0.133 -0.395 -0.554 -0.584 -0.593 -0.606 -0.588 -0.519 -0.564 -0.570 -0.067 -0.017  0.293  0.487  0.284 -0.004  0.027  0.218  0.184  0.127  0.529 -0.173 -0.035 -0.102 -0.281
 -0.012  0.162 -0.162  0.226  0.526  0.440  0.132  0.121  0.001  0.698  1.000  0.877  0.656  0.653  0.281 -0.117  0.218 -0.090 -0.316 -0.398 -0.308 -0.141 -0.186 -0.087 -0.261  0.070  0.226 -0.033 -0.098 -0.045 -0.020  0.024  0.093  0.149  0.095  0.050  0.092  0.212  0.013  0.017 -0.163 -0.114 -0.083 -0.152  0.036  0.169  0.153  0.303  0.337  0.347  0.141  0.257 -0.191 -0.229 -0.271 -0.161 -0.489 -0.503 -0.420 -0.361 -0.343 -0.241 -0.224 -0.072  0.141 -0.054 -0.146  0.120  0.198  0.146 -0.130  0.002 -0.003 -0.041 -0.196 -0.461
  0.076  0.344  0.064  0.483  0.798  0.693  0.314 -0.001  0.194  0.731  0.877  1.000  0.864  0.839  0.446 -0.007  0.291 -0.142 -0.508 -0.585 -0.366 -0.174 -0.309 -0.164 -0.368  0.185  0.427  0.051  0.026  0.095  0.106  0.118  0.119  0.179  0.161  0.148  0.235  0.269  0.078  0.079 -0.037  0.032  0.101  0.142  0.223  0.168  0.267  0.405  0.457  0.285  0.053  0.079 -0.290 -0.386 -0.546 -0.429 -0.686 -0.743 -0.645 -0.555 -0.590 -0.331 -0.319 -0.020  0.207  0.042  0.016  0.288  0.275  0.170 -0.203 -0.101 -0.154 -0.174 -0.353 -0.497
  0.122  0.473 -0.031  0.395  0.894  0.807  0.425 -0.071  0.257  0.486  0.656  0.864  1.000  0.921  0.621  0.221  0.277 -0.237 -0.547 -0.475 -0.192  0.006 -0.153 -0.084 -0.184  0.354  0.577  0.309  0.368  0.354  0.334  0.446  0.381  0.351  0.340  0.350  0.377  0.306  0.188  0.122  0.082  0.080  0.151  0.147  0.192  0.262  0.342  0.263  0.357  0.290  0.091  0.137 -0.150 -0.256 -0.521 -0.505 -0.782 -0.809 -0.751 -0.598 -0.564 -0.377 -0.385 -0.153  0.062 -0.133 -0.001  0.279  0.187  0.097 -0.445 -0.384 -0.231 -0.296 -0.548 -0.638
  0.266  0.702  0.193  0.467  0.732  0.608  0.366 -0.097  0.192  0.506  0.653  0.839  0.921  1.000  0.749  0.417  0.399 -0.120 -0.395 -0.516 -0.325 -0.238 -0.353 -0.234 -0.221  0.547  0.507  0.299  0.439  0.338  0.322  0.501  0.421  0.405  0.394  0.395  0.350  0.256  0.018 -0.046 -0.130 -0.023 -0.018 -0.065  0.020  0.019  0.095  0.080  0.135  0.220 -0.010 -0.058 -0.371 -0.451 -0.567 -0.446 -0.718 -0.883 -0.737 -0.533 -0.419 -0.268 -0.176  0.031  0.015 -0.183 -0.219  0.065 -0.050 -0.052 -0.420 -0.239 -0.075 -0.183 -0.392 -0.514
  0.195  0.833  0.278  0.340  0.426  0.237  0.119 -0.424 -0.141  0.355  0.281  0.446  0.621  0.749  1.000  0.785  0.489 -0.258 -0.530 -0.452 -0.256 -0.234 -0.259 -0.152 -0.133  0.497  0.547  0.536  0.687  0.598  0.543  0.726  0.717  0.657  0.621  0.601  0.474  0.282  0.014  0.046 -0.130 -0.088 -0.219 -0.247 -0.137 -0.175 -0.083 -0.116 -0.041 -0.012 -0.089 -0.239 -0.406 -0.517 -0.592 -0.566 -0.574 -0.730 -0.634 -0.553 -0.228 -0.098  0.002  0.154  0.057 -0.173 -0.376 -0.122 -0.095 -0.010 -0.108  0.048 -0.096 -0.291 -0.320 -0.390
  0.604  0.857  0.232  0.163  0.010 -0.170 -0.226 -0.543 -0.193  0.140 -0.117 -0.007  0.221  0.417  0.785  1.000  0.649  0.152 -0.097 -0.212 -0.026 -0.220 -0.193 -0.126  0.025  0.544  0.210  0.423  0.683  0.359  0.261  0.630  0.544  0.396  0.359  0.336  0.101 -0.128 -0.389 -0.219 -0.369 -0.339 -0.335 -0.438 -0.404 -0.416 -0.356 -0.387 -0.351 -0.225 -0.238 -0.372 -0.293 -0.434 -0.330 -0.414 -0.323 -0.519 -0.487 -0.406 -0.089  0.153  0.249  0.275 -0.003 -0.197 -0.493 -0.441 -0.450 -0.374 -0.219  0.226  0.082  0.134  0.089  0.069
  0.718  0.731  0.139  0.358  0.191 -0.011 -0.519 -0.761 -0.389  0.493  0.218  0.291  0.277  0.399  0.489  0.649  1.000  0.558 -0.085 -0.371  0.089 -0.026 -0.096 -0.059 -0.144  0.201  0.028  0.103  0.189 -0.115 -0.222  0.164  0.069 -0.037 -0.079 -0.066 -0.215 -0.334 -0.511 -0.448 -0.537 -0.627 -0.538 -0.497 -0.418 -0.406 -0.389 -0.152 -0.211 -0.199 -0.142 -0.210 -0.277 -0.376 -0.384 -0.358 -0.277 -0.495 -0.594 -0.518 -0.346  0.428  0.494  0.545  0.443  0.100 -0.411 -0.549 -0.493 -0.178 -0.030  0.321  0.232  0.390  0.373  0.239
  0.760  0.267  0.037  0.147 -0.243 -0.199 -0.295 -0.254 -0.352 -0.088 -0.090 -0.142 -0.237 -0.120 -0.258  0.152  0.558  1.000  0.650  0.158  0.349  0.090 -0.018 -0.147 -0.049 -0.016 -0.589 -0.418 -0.346 -0.720 -0.750 -0.366 -0.560 -0.736 -0.738 -0.725 -0.795 -0.765 -0.688 -0.610 -0.493 -0.514 -0.385 -0.350 -0.284 -0.331 -0.460 -0.194 -0.384 -0.216 -0.190 -0.089  0.006  0.023  0.224  0.316  0.271  0.049 -0.061  0.084 -0.015  0.364  0.430  0.444  0.239  0.094 -0.202 -0.392 -0.594 -0.337 -0.145  0.116  0.520  0.776  0.748  0.726
  0.354 -0.100  0.068 -0.149 -0.622 -0.503 -0.143  0.279 -0.152 -0.525 -0.316 -0.508 -0.547 -0.395 -0.530 -0.097 -0.085  0.650  1.000  0.653  0.316  0.066  0.080 -0.043  0.277  0.085 -0.612 -0.365 -0.255 -0.527 -0.494 -0.255 -0.388 -0.518 -0.537 -0.538 -0.629 -0.597 -0.434 -0.399 -0.229 -0.107 -0.091 -0.317 -0.437 -0.366 -0.549 -0.547 -0.528 -0.060 -0.034  0.010  0.200  0.343  0.700  0.797  0.695  0.514  0.547  0.663  0.494  0.236  0.284  0.041 -0.245 -0.035 -0.100 -0.341 -0.471 -0.360 -0.115 -0.076  0.413  0.563  0.526  0.522
 -0.111 -0.320 -0.131 -0.406 -0.487 -0.294 -0.041  0.424 -0.233 -0.730 -0.398 -0.585 -0.475 -0.516 -0.452 -0.212 -0.371  0.158  0.653  1.000  0.638  0.545  0.553  0.527  0.696  0.019 -0.204  0.079 -0.047 -0.083 -0.080 -0.133 -0.199 -0.312 -0.347 -0.248 -0.195 -0.277  0.153  0.222  0.283  0.070  0.083 -0.134 -0.345 -0.277 -0.313 -0.529 -0.294  0.105  0.361  0.380  0.696  0.755  0.925  0.830  0.757  0.766  0.590  0.481  0.347 -0.025 -0.080 -0.426 -0.547 -0.193  0.019 -0.155 -0.051 -0.199 -0.012 -0.323  0.034  0.081  0.045  0.104
  0.186 -0.115 -0.454 -0.411 -0.185 -0.054 -0.156 -0.079 -0.470 -0.461 -0.308 -0.366 -0.192 -0.325 -0.256 -0.026  0.089  0.349  0.316  0.638  1.000  0.904  0.879  0.754  0.778  0.128  0.114  0.269  0.130  0.015 -0.130 -0.115 -0.323 -0.464 -0.427 -0.206 -0.183 -0.191 -0.044  0.232  0.312 -0.274 -0.018 -0.050 -0.300 -0.110 -0.121 -0.186  0.018  0.357  0.670  0.698  0.867  0.837  0.653  0.391  0.294  0.450  0.192 -0.083 -0.112 -0.050 -0.058 -0.149 -0.194 -0.371 -0.228 -0.235 -0.183 -0.210 -0.172 -0.301 -0.280 -0.029 -0.038  0.149
 -0.096 -0.258 -0.517 -0.324  0.052  0.157 -0.064 -0.083 -0.421 -0.352 -0.141 -0.174  0.006 -0.238 -0.234 -0.220 -0.026  0.090  0.066  0.545  0.904  1.000  0.935  0.759  0.671 -0.072  0.254  0.265  0.075  0.112 -0.011 -0.053 -0.173 -0.300 -0.302 -0.111 -0.040 -0.036  0.192  0.358  0.484 -0.063  0.121  0.100 -0.158  0.118  0.083 -0.032  0.253  0.458  0.728  0.790  0.864  0.875  0.539  0.292  0.208  0.423  0.185 -0.081 -0.159 -0.100 -0.216 -0.304 -0.061 -0.208 -0.000 -0.011  0.115  0.111 -0.055 -0.437 -0.415 -0.252 -0.269 -0.127
 -0.180 -0.335 -0.633 -0.579 -0.182 -0.091 -0.221 -0.041 -0.424 -0.362 -0.186 -0.309 -0.153 -0.353 -0.259 -0.193 -0.096 -0.018  0.080  0.553  0.879  0.935  1.000  0.828  0.792 -0.028  0.258  0.290  0.133  0.185  0.021 -0.070 -0.113 -0.189 -0.198  0.012  0.017  0.042  0.141  0.339  0.390 -0.176  0.030 -0.028 -0.241  0.128  0.099 -0.044  0.242  0.566  0.816  0.828  0.870  0.907  0.580  0.290  0.240  0.508  0.323 -0.033  0.011 -0.005 -0.130 -0.351 -0.179 -0.370 -0.201 -0.180  0.026 -0.015 -0.046 -0.338 -0.468 -0.266 -0.234 -0.098
 -0.150 -0.243 -0.383 -0.469 -0.056  0.004 -0.253  0.085 -0.221 -0.141 -0.087 -0.164 -0.084 -0.234 -0.152 -0.126 -0.059 -0.147 -0.043  0.527  0.754  0.759  0.828  1.000  0.871  0.229  0.487  0.564  0.279  0.375  0.242 -0.063 -0.158 -0.086 -0.037  0.217  0.320  0.275  0.340  0.606  0.470 -0.180  0.101  0.022 -0.317 -0.198 -0.015 -0.142  0.187  0.426  0.832  0.727  0.857  0.744  0.546  0.239  0.163  0.417  0.138 -0.289 -0.280 -0.179 -0.161 -0.319 -0.385 -0.411 -0.216 -0.233  0.091 -0.166 -0.026 -0.134 -0.550 -0.364 -0.379 -0.267
 -0.046 -0.114 -0.345 -0.601 -0.293 -0.187 -0.160  0.220 -0.193 -0.447 -0.261 -0.368 -0.184 -0.221 -0.133  0.025 -0.144 -0.049  0.277  0.696  0.778  0.671  0.792  0.871  1.000  0.457  0.357  0.532  0.414  0.373  0.229  0.063 -0.066 -0.058 -0.016  0.245  0.235  0.154  0.194  0.394  0.327 -0.208  0.021 -0.157 -0.446 -0.243 -0.138 -0.377 -0.072  0.489  0.800  0.668  0.811  0.789  0.682  0.433  0.291  0.447  0.284 -0.035  0.052 -0.102 -0.053 -0.361 -0.625 -0.632 -0.417 -0.400 -0.210 -0.407 -0.241 -0.314 -0.405 -0.252 -0.288 -0.156
  0.403  0.592  0.210  0.039  0.153  0.098  0.182  0.080  0.143  0.042  0.070  0.185  0.354  0.547  0.497  0.544  0.201 -0.016  0.085  0.019  0.128 -0.072 -0.028  0.229  0.457  1.000  0.563  0.640  0.766  0.550  0.475  0.498  0.227  0.275  0.379  0.528  0.436  0.325 -0.041  0.180  0.061 -0.110  0.062 -0.138 -0.401 -0.438 -0.279 -0.396 -0.209  0.258  0.326  0.110  0.078 -0.044  0.017 -0.043 -0.317 -0.395 -0.309 -0.350 -0.221 -0.336 -0.030  0.067 -0.476 -0.592 -0.522 -0.312 -0.382 -0.524 -0.495 -0.104 -0.271 -0.233 -0.377 -0.297
 -0.173  0.238  0.037  0.122  0.549  0.420  0.216 -0.118  0.086  0.315  0.226  0.427  0.577  0.507  0.547  0.210  0.028 -0.589 -0.612 -0.204  0.114  0.254  0.258  0.487  0.357  0.563  1.000  0.800  0.718  0.877  0.794  0.541  0.421  0.545  0.623  0.770  0.820  0.756  0.442  0.689  0.573  0.246  0.375  0.304 -0.091 -0.072  0.147  0.026  0.408  0.426  0.575  0.357  0.237  0.088 -0.222 -0.404 -0.516 -0.345 -0.316 -0.580 -0.514 -0.508 -0.376 -0.128 -0.122 -0.276 -0.103  0.138  0.322  0.135 -0.073 -0.106 -0.789 -0.824 -0.872 -0.751
 -0.051  0.309  0.070 -0.008  0.308  0.209  0.035 -0.170 -0.079  0.057 -0.033  0.051  0.309  0.299  0.536  0.423  0.103 -0.418 -0.365  0.079  0.269  0.265  0.290  0.564  0.532  0.640  0.800  1.000  0.875  0.882  0.846  0.672  0.464  0.553  0.669  0.794  0.792  0.669  0.485  0.615  0.480  0.063  0.096 -0.048 -0.391 -0.336 -0.188 -0.391 -0.134  0.062  0.461  0.291  0.312  0.152  0.052 -0.149 -0.262 -0.130 -0.273 -0.449 -0.315 -0.368 -0.072  0.049 -0.263 -0.382 -0.247 -0.172 -0.005 -0.011 -0.055  0.000 -0.461 -0.658 -0.683 -0.639
  0.167  0.521  0.092  0.018  0.224  0.072  0.048 -0.259  0.013  0.036 -0.098  0.026  0.368  0.439  0.687  0.683  0.189 -0.346 -0.255 -0.047  0.130  0.075  0.133  0.279  0.414  0.766  0.718  0.875  1.000  0.867  0.795  0.860  0.673  0.667  0.733  0.800  0.649  0.495  0.167  0.334  0.254  0.060  0.097 -0.126 -0.432 -0.276 -0.196 -0.443 -0.173  0.104  0.272  0.095  0.099 -0.021 -0.097 -0.290 -0.380 -0.334 -0.296 -0.363 -0.153 -0.266 -0.045  0.041 -0.242 -0.410 -0.344 -0.226 -0.166 -0.158 -0.253 -0.039 -0.416 -0.508 -0.584 -0.526
 -0.289  0.229  0.108 -0.002  0.302  0.172  0.173 -0.115  0.075  0.071 -0.045  0.095  0.354  0.338  0.598  0.359 -0.115 -0.720 -0.527 -0.083  0.015  0.112  0.185  0.375  0.373  0.550  0.877  0.882  0.867  1.000  0.958  0.747  0.674  0.777  0.846  0.927  0.894  0.778  0.514  0.633  0.531  0.317  0.277  0.138 -0.191 -0.114  0.031 -0.223  0.103  0.204  0.396  0.173  0.135  0.040 -0.151 -0.324 -0.346 -0.198 -0.149 -0.334 -0.169 -0.390 -0.227 -0.118 -0.233 -0.298 -0.129  0.037  0.213  0.134  0.009 -0.059 -0.628 -0.834 -0.824 -0.733
 -0.367  0.161  0.238  0.136  0.351  0.227  0.279 -0.031  0.136  0.067 -0.020  0.106  0.334  0.322  0.543  0.261 -0.222 -0.750 -0.494 -0.080 -0.130 -0.011  0.021  0.242  0.229  0.475  0.794  0.846  0.795  0.958  1.000  0.764  0.675  0.800  0.887  0.903  0.911  0.823  0.624  0.659  0.593  0.479  0.340  0.183 -0.156 -0.134 -0.033 -0.281 -0.000  0.029  0.252  0.074  0.039 -0.043 -0.133 -0.236 -0.283 -0.157 -0.109 -0.205 -0.129 -0.461 -0.233 -0.054 -0.188 -0.155  0.044  0.159  0.294  0.275  0.106 -0.015 -0.507 -0.847 -0.835 -0.791
  0.079  0.510  0.197  0.286  0.319  0.112  0.131 -0.342 -0.049  0.093  0.024  0.118  0.446  0.501  0.726  0.630  0.164 -0.366 -0.255 -0.133 -0.115 -0.053 -0.070 -0.063  0.063  0.498  0.541  0.672  0.860  0.747  0.764  1.000  0.881  0.789  0.785  0.696  0.513  0.388  0.151  0.188  0.220  0.304  0.134 -0.149 -0.401 -0.164 -0.250 -0.485 -0.212 -0.061 -0.006 -0.078 -0.147 -0.180 -0.195 -0.273 -0.333 -0.366 -0.237 -0.121  0.008 -0.210 -0.057  0.080  0.042 -0.058 -0.075 -0.030 -0.004  0.199 -0.069 -0.034 -0.226 -0.464 -0.539 -0.597
 -0.168  0.388  0.111  0.133  0.190 -0.021  0.013 -0.288 -0.019  0.138  0.093  0.119  0.381  0.421  0.717  0.544  0.069 -0.560 -0.388 -0.199 -0.323 -0.173 -0.113 -0.158 -0.066  0.227  0.421  0.464  0.673  0.674  0.675  0.881  1.000  0.920  0.818  0.688  0.486  0.329  0.169  0.086  0.041  0.264  0.013 -0.230 -0.258  0.019 -0.057 -0.317 -0.080 -0.010 -0.107 -0.183 -0.294 -0.270 -0.320 -0.359 -0.289 -0.334 -0.150 -0.040  0.200 -0.001 -0.050 -0.131  0.028  0.009 -0.076 -0.031  0.114  0.247  0.049 -0.028 -0.160 -0.407 -0.438 -0.573
 -0.342  0.267  0.188  0.110  0.221  0.002 -0.003 -0.186  0.135  0.268  0.149  0.179  0.351  0.405  0.657  0.396 -0.037 -0.736 -0.518 -0.312 -0.464 -0.300 -0.189 -0.086 -0.058  0.275  0.545  0.553  0.667  0.777  0.800  0.789  0.920  1.000  0.960  0.867  0.723  0.603  0.364  0.217  0.110  0.285  0.041 -0.155 -0.211 -0.015 -0.008 -0.245 -0.051 -0.012 -0.032 -0.186 -0.346 -0.332 -0.389 -0.397 -0.329 -0.319 -0.142 -0.096  0.141 -0.043  0.005 -0.063 -0.028 -0.024 -0.080 -0.047  0.156  0.265  0.142  0.084 -0.239 -0.561 -0.545 -0.688
 -0.334  0.239  0.220  0.124  0.276  0.077  0.081 -0.160  0.190  0.254  0.095  0.161  0.340  0.394  0.621  0.359 -0.079 -0.738 -0.537 -0.347 -0.427 -0.302 -0.198 -0.037 -0.016  0.379  0.623  0.669  0.733  0.846  0.887  0.785  0.818  0.960  1.000  0.939  0.832  0.755  0.452  0.317  0.227  0.309  0.096 -0.061 -0.185 -0.042 -0.014 -0.236 -0.095 -0.053  0.022 -0.140 -0.302 -0.316 -0.378 -0.397 -0.380 -0.319 -0.177 -0.152  0.053 -0.165  0.016  0.064 -0.046 -0.095 -0.080 -0.020  0.119  0.254  0.116  0.115 -0.287 -0.658 -0.626 -0.717
 -0.340  0.252  0.152 -0.020  0.268  0.119  0.076 -0.112  0.161  0.170  0.050  0.148  0.350  0.395  0.601  0.336 -0.066 -0.725 -0.538 -0.248 -0.206 -0.111  0.012  0.217  0.245  0.528  0.770  0.794  0.800  0.927  0.903  0.696  0.688  0.867  0.939  1.000  0.925  0.820  0.521  0.410  0.294  0.177  0.060 -0.046 -0.202 -0.082  0.032 -0.210 -0.039  0.139  0.286  0.047 -0.106 -0.132 -0.298 -0.351 -0.370 -0.280 -0.194 -0.276 -0.028 -0.179  0.021  0.003 -0.211 -0.313 -0.241 -0.134  0.030  0.102  0.019 -0.018 -0.422 -0.740 -0.700 -0.720
 -0.482  0.095  0.196  0.039  0.412  0.334  0.244  0.063  0.250  0.164  0.092  0.235  0.377  0.350  0.474  0.101 -0.215 -0.795 -0.629 -0.195 -0.183 -0.040  0.017  0.320  0.235  0.436  0.820  0.792  0.649  0.894  0.911  0.513  0.486  0.723  0.832  0.925  1.000  0.909  0.747  0.634  0.499  0.298  0.206  0.191  0.005 -0.051  0.152 -0.062  0.093  0.115  0.336  0.113  0.008 -0.069 -0.254 -0.300 -0.349 -0.211 -0.219 -0.348 -0.217 -0.368 -0.155 -0.077 -0.265 -0.257 -0.047  0.086  0.249  0.186  0.073 -0.071 -0.484 -0.838 -0.806 -0.784
 -0.549 -0.127  0.039 -0.001  0.384  0.314  0.301  0.120  0.197  0.244  0.212  0.269  0.306  0.256  0.282 -0.128 -0.334 -0.765 -0.597 -0.277 -0.191 -0.036  0.042  0.275  0.154  0.325  0.756  0.669  0.495  0.778  0.823  0.388  0.329  0.603  0.755  0.820  0.909  1.000  0.686  0.665  0.574  0.358  0.290  0.279  0.066  0.100  0.203  0.093  0.209  0.211  0.412  0.280  0.045  0.000 -0.190 -0.243 -0.379 -0.131 -0.085 -0.262 -0.203 -0.497 -0.214  0.027 -0.109 -0.239 -0.006  0.216  0.329  0.326  0.137  0.039 -0.534 -0.875 -0.802 -0.768
 -0.749 -0.323  0.087 -0.025  0.379  0.475  0.375  0.338  0.231 -0.166  0.013  0.078  0.188  0.018  0.014 -0.389 -0.511 -0.688 -0.434  0.153 -0.044  0.192  0.141  0.340  0.194 -0.041  0.442  0.485  0.167  0.514  0.624  0.151  0.169  0.364  0.452  0.521  0.747  0.686  1.000  0.626  0.623  0.419  0.221  0.294  0.239  0.153  0.266  0.009  0.039 -0.026  0.270  0.226  0.214  0.223  0.060  0.096  0.029  0.183  0.005 -0.021 -0.079 -0.321 -0.217 -0.266 -0.286 -0.060  0.323  0.309  0.414  0.395  0.185 -0.341 -0.206 -0.689 -0.660 -0.683
 -0.436 -0.304 -0.033 -0.041  0.283  0.304  0.328  0.266  0.068  0.015  0.017  0.079  0.122 -0.046  0.046 -0.219 -0.448 -0.610 -0.399  0.222  0.232  0.358  0.339  0.606  0.394  0.180  0.689  0.615  0.334  0.633  0.659  0.188  0.086  0.217  0.317  0.410  0.634  0.665  0.626  1.000  0.875  0.511  0.618  0.553  0.094 -0.054  0.155  0.050  0.415  0.214  0.510  0.438  0.544  0.353  0.247 -0.008 -0.098  0.204  0.090 -0.273 -0.431 -0.752 -0.636 -0.317 -0.253 -0.111  0.276  0.472  0.680  0.264  0.166  0.011 -0.728 -0.772 -0.782 -0.597
 -0.453 -0.406  0.012  0.097  0.312  0.354  0.449  0.196  0.056 -0.193 -0.163 -0.037  0.082 -0.130 -0.130 -0.369 -0.537 -0.493 -0.229  0.283  0.312  0.484  0.390  0.470  0.327  0.061  0.573  0.480  0.254  0.531  0.593  0.220  0.041  0.110  0.227  0.294  0.499  0.574  0.623  0.875  1.000  0.720  0.748  0.683  0.112  0.058  0.120 -0.015  0.354  0.185  0.475  0.445  0.557  0.486  0.311  0.122  0.039  0.322  0.260  0.008 -0.287 -0.691 -0.580 -0.224 -0.067  0.072  0.507  0.588  0.657  0.480  0.205 -0.179 -0.689 -0.793 -0.780 -0.546
 -0.448 -0.329  0.346  0.411  0.253  0.226  0.555  0.255  0.297 -0.115 -0.114  0.032  0.080 -0.023 -0.088 -0.339 -0.627 -0.514 -0.107  0.070 -0.274 -0.063 -0.176 -0.180 -0.208 -0.110  0.246  0.063  0.060  0.317  0.479  0.304  0.264  0.285  0.309  0.177  0.298  0.358  0.419  0.511  0.720  1.000  0.818  0.676  0.219  0.110  0.064 -0.060  0.251 -0.061 -0.087 -0.095 -0.005  0.026  0.050  0.067  0.081  0.162  0.353  0.375  0.018 -0.538 -0.536 -0.202  0.092  0.456  0.762  0.754  0.722  0.613  0.294 -0.097 -0.383 -0.565 -0.575 -0.449
 -0.167 -0.386  0.063  0.225  0.307  0.299  0.462  0.312  0.474  0.012 -0.083  0.101  0.151 -0.018 -0.219 -0.335 -0.538 -0.385 -0.091  0.083 -0.018  0.121  0.030  0.101  0.021  0.062  0.375  0.096  0.097  0.277  0.340  0.134  0.013  0.041  0.096  0.060  0.206  0.290  0.221  0.618  0.748  0.818  1.000  0.852  0.246  0.146  0.235  0.127  0.527  0.177  0.127  0.140  0.310  0.196  0.137 -0.065 -0.131  0.084  0.214  0.065 -0.345 -0.702 -0.756 -0.357 -0.039  0.248  0.681  0.747  0.729  0.274 -0.043 -0.099 -0.672 -0.464 -0.610 -0.371
 -0.246 -0.407  0.063  0.223  0.400  0.467  0.551  0.245  0.489  0.002 -0.152  0.142  0.147 -0.065 -0.247 -0.438 -0.497 -0.350 -0.317 -0.134 -0.050  0.100 -0.028  0.022 -0.157 -0.138  0.304 -0.048 -0.126  0.138  0.183 -0.149 -0.230 -0.155 -0.061 -0.046  0.191  0.279  0.294  0.553  0.683  0.676  0.852  1.000  0.630  0.340  0.505  0.497  0.647  0.102  0.036  0.049  0.201  0.080 -0.123 -0.263 -0.235 -0.011  0.037 -0.115 -0.466 -0.621 -0.699 -0.247  0.069  0.253  0.697  0.839  0.721  0.293 -0.009 -0.140 -0.588 -0.435 -0.489 -0.177
 -0.342 -0.299 -0.152 -0.041  0.319  0.506  0.594  0.347  0.459 -0.056  0.036  0.223  0.192  0.020 -0.137 -0.404 -0.418 -0.284 -0.437 -0.345 -0.300 -0.158 -0.241 -0.317 -0.446 -0.401 -0.091 -0.391 -0.432 -0.191 -0.156 -0.401 -0.258 -0.211 -0.185 -0.202  0.005  0.066  0.239  0.094  0.112  0.219  0.246  0.630  1.000  0.721  0.837  0.844  0.530  0.042 -0.260 -0.111 -0.145 -0.185 -0.408 -0.374 -0.356 -0.235 -0.221 -0.165 -0.209 -0.297 -0.494 -0.307 -0.021  0.015  0.377  0.702  0.439  0.098 -0.194 -0.308 -0.037 -0.071 -0.093  0.058
 -0.403 -0.432 -0.647 -0.346  0.246  0.378  0.390  0.231  0.299 -0.073  0.169  0.168  0.262  0.019 -0.175 -0.416 -0.406 -0.331 -0.366 -0.277 -0.110  0.118  0.128 -0.198 -0.243 -0.438 -0.072 -0.336 -0.276 -0.114 -0.134 -0.164  0.019 -0.015 -0.042 -0.082 -0.051  0.100  0.153 -0.054  0.058  0.110  0.146  0.340  0.721  1.000  0.883  0.746  0.534  0.357  0.004  0.281  0.044  0.134 -0.237 -0.306 -0.399 -0.149 -0.070 -0.004  0.054 -0.144 -0.418 -0.430  0.058 -0.154  0.199  0.508  0.305  0.187 -0.326 -0.477 -0.109 -0.114 -0.178 -0.143
 -0.389 -0.359 -0.543 -0.359  0.346  0.491  0.402  0.319  0.494  0.025  0.153  0.267  0.342  0.095 -0.083 -0.356 -0.389 -0.460 -0.549 -0.313 -0.121  0.083  0.099 -0.015 -0.138 -0.279  0.147 -0.188 -0.196  0.031 -0.033 -0.250 -0.057 -0.008 -0.014  0.032  0.152  0.203  0.266  0.155  0.120  0.064  0.235  0.505  0.837  0.883  1.000  0.855  0.686  0.386  0.067  0.224  0.100  0.061 -0.341 -0.473 -0.522 -0.261 -0.250 -0.302 -0.226 -0.256 -0.550 -0.557 -0.152 -0.253  0.173  0.526  0.403 -0.015 -0.404 -0.453 -0.293 -0.193 -0.296 -0.185
 -0.223 -0.292 -0.419 -0.145  0.324  0.419  0.291  0.129  0.271  0.289  0.303  0.405  0.263  0.080 -0.116 -0.387 -0.152 -0.194 -0.547 -0.529 -0.186 -0.032 -0.044 -0.142 -0.377 -0.396  0.026 -0.391 -0.443 -0.223 -0.281 -0.485 -0.317 -0.245 -0.236 -0.210 -0.062  0.093  0.009  0.050 -0.015 -0.060  0.127  0.497  0.844  0.746  0.855  1.000  0.757  0.309 -0.012  0.133 -0.067 -0.129 -0.471 -0.526 -0.531 -0.321 -0.290 -0.396 -0.365 -0.207 -0.427 -0.215  0.178 -0.056  0.136  0.515  0.390  0.075 -0.177 -0.116 -0.215 -0.043 -0.049  0.065
 -0.256 -0.307 -0.385 -0.061  0.368  0.361  0.239  0.101  0.188  0.350  0.337  0.457  0.357  0.135 -0.041 -0.351 -0.211 -0.384 -0.528 -0.294  0.018  0.253  0.242  0.187 -0.072 -0.209  0.408 -0.134 -0.173  0.103 -0.000 -0.212 -0.080 -0.051 -0.095 -0.039  0.093  0.209  0.039  0.415  0.354  0.251  0.527  0.647  0.530  0.534  0.686  0.757  1.000  0.603  0.334  0.363  0.238  0.138 -0.247 -0.449 -0.456 -0.193 -0.079 -0.382 -0.475 -0.419 -0.714 -0.460  0.134  0.032  0.252  0.594  0.699  0.210 -0.071 -0.126 -0.707 -0.356 -0.420 -0.239
 -0.195 -0.128 -0.532 -0.432  0.044  0.106  0.186  0.286 -0.061 -0.015  0.347  0.285  0.290  0.220 -0.012 -0.225 -0.199 -0.216 -0.060  0.105  0.357  0.458  0.566  0.426  0.489  0.258  0.426  0.062  0.104  0.204  0.029 -0.061 -0.010 -0.012 -0.053  0.139  0.115  0.211 -0.026  0.214  0.185 -0.061  0.177  0.102  0.042  0.357  0.386  0.309  0.603  1.000  0.779  0.727  0.448  0.520  0.164  0.045 -0.204 -0.035  0.144 -0.132 -0.028 -0.244 -0.406 -0.513 -0.297 -0.545 -0.363  0.037  0.115 -0.150 -0.351 -0.468 -0.581 -0.329 -0.397 -0.283
 -0.250 -0.203 -0.429 -0.426  0.012  0.069 -0.007  0.148 -0.288 -0.109  0.141  0.053  0.091 -0.010 -0.089 -0.238 -0.142 -0.190 -0.034  0.361  0.670  0.728  0.816  0.832  0.800  0.326  0.575  0.461  0.272  0.396  0.252 -0.006 -0.107 -0.032  0.022  0.286  0.336  0.412  0.270  0.510  0.475 -0.087  0.127  0.036 -0.260  0.004  0.067 -0.012  0.334  0.779  1.000  0.884  0.736  0.757  0.444  0.261  0.040  0.280  0.219 -0.176 -0.132 -0.260 -0.204 -0.278 -0.299 -0.526 -0.347 -0.152  0.058 -0.040 -0.084 -0.305 -0.631 -0.522 -0.500 -0.375
 -0.219 -0.367 -0.709 -0.496  0.088  0.203  0.091  0.237 -0.268 -0.133  0.257  0.079  0.137 -0.058 -0.239 -0.372 -0.210 -0.089  0.010  0.380  0.698  0.790  0.828  0.727  0.668  0.110  0.357  0.291  0.095  0.173  0.074 -0.078 -0.183 -0.186 -0.140  0.047  0.113  0.280  0.226  0.438  0.445 -0.095  0.140  0.049 -0.111  0.281  0.224  0.133  0.363  0.727  0.884  1.000  0.812  0.826  0.532  0.303 -0.029  0.289  0.171 -0.127 -0.147 -0.356 -0.345 -0.358 -0.223 -0.508 -0.216  0.029  0.126  0.020 -0.227 -0.385 -0.477 -0.357 -0.418 -0.352
 -0.087 -0.437 -0.560 -0.516 -0.100  0.058 -0.013  0.264 -0.161 -0.395 -0.191 -0.290 -0.150 -0.371 -0.406 -0.293 -0.277  0.006  0.200  0.696  0.867  0.864  0.870  0.857  0.811  0.078  0.237  0.312  0.099  0.135  0.039 -0.147 -0.294 -0.346 -0.302 -0.106  0.008  0.045  0.214  0.544  0.557 -0.005  0.310  0.201 -0.145  0.044  0.100 -0.067  0.238  0.448  0.736  0.812  1.000  0.918  0.751  0.404  0.238  0.538  0.291 -0.054 -0.192 -0.338 -0.393 -0.464 -0.385 -0.375  0.004  0.044  0.176 -0.146 -0.202 -0.329 -0.488 -0.219 -0.310 -0.129
 -0.250 -0.524 -0.557 -0.562 -0.242 -0.063 -0.016  0.284 -0.256 -0.554 -0.229 -0.386 -0.256 -0.451 -0.517 -0.434 -0.376  0.023  0.343  0.755  0.837  0.875  0.907  0.744  0.789 -0.044  0.088  0.152 -0.021  0.040 -0.043 -0.180 -0.270 -0.332 -0.316 -0.132 -0.069  0.000  0.223  0.353  0.486  0.026  0.196  0.080 -0.185  0.134  0.061 -0.129  0.138  0.520  0.757  0.826  0.918  1.000  0.802  0.583  0.431  0.678  0.516  0.248  0.134 -0.132 -0.218 -0.441 -0.333 -0.336 -0.017 -0.035  0.069 -0.021 -0.100 -0.462 -0.355 -0.209 -0.226 -0.088
 -0.065 -0.462 -0.276 -0.446 -0.506 -0.337 -0.092  0.431 -0.258 -0.584 -0.271 -0.546 -0.521 -0.567 -0.592 -0.330 -0.384  0.224  0.700  0.925  0.653  0.539  0.580  0.546  0.682  0.017 -0.222  0.052 -0.097 -0.151 -0.133 -0.195 -0.320 -0.389 -0.378 -0.298 -0.254 -0.190  0.060  0.247  0.311  0.050  0.137 -0.123 -0.408 -0.237 -0.341 -0.471 -0.247  0.164  0.444  0.532  0.751  0.802  1.000  0.861  0.694  0.804  0.650  0.488  0.298 -0.124 -0.084 -0.297 -0.431 -0.210 -0.003 -0.142 -0.049 -0.158 -0.003 -0.159 -0.021  0.085  0.052  0.098
 -0.145 -0.342  0.032 -0.213 -0.497 -0.314  0.013  0.477 -0.291 -0.593 -0.161 -0.429 -0.505 -0.446 -0.566 -0.414 -0.358  0.316  0.797  0.830  0.391  0.292  0.290  0.239  0.433 -0.043 -0.404 -0.149 -0.290 -0.324 -0.236 -0.273 -0.359 -0.397 -0.397 -0.351 -0.300 -0.243  0.096 -0.008  0.122  0.067 -0.065 -0.263 -0.374 -0.306 -0.473 -0.526 -0.449  0.045  0.261  0.303  0.404  0.583  0.861  1.000  0.829  0.743  0.667  0.693  0.504  0.061  0.160 -0.111 -0.348 -0.069 -0.005 -0.196 -0.188 -0.042  0.140 -0.210  0.309  0.176  0.213  0.158
 -0.213 -0.369  0.212 -0.164 -0.703 -0.590 -0.282  0.180 -0.362 -0.606 -0.489 -0.686 -0.782 -0.718 -0.574 -0.323 -0.277  0.271  0.695  0.757  0.294  0.208  0.240  0.163  0.291 -0.317 -0.516 -0.262 -0.380 -0.346 -0.283 -0.333 -0.289 -0.329 -0.380 -0.370 -0.349 -0.379  0.029 -0.098  0.039  0.081 -0.131 -0.235 -0.356 -0.399 -0.522 -0.531 -0.456 -0.204  0.040 -0.029  0.238  0.431  0.694  0.829  1.000  0.871  0.790  0.762  0.616  0.392  0.360 -0.008 -0.139  0.245  0.126 -0.270 -0.133  0.076  0.485  0.028  0.320  0.227  0.406  0.395
 -0.399 -0.698 -0.136 -0.418 -0.662 -0.526 -0.258  0.252 -0.298 -0.588 -0.503 -0.743 -0.809 -0.883 -0.730 -0.519 -0.495  0.049  0.514  0.766  0.450  0.423  0.508  0.417  0.447 -0.395 -0.345 -0.130 -0.334 -0.198 -0.157 -0.366 -0.334 -0.319 -0.319 -0.280 -0.211 -0.131  0.183  0.204  0.322  0.162  0.084 -0.011 -0.235 -0.149 -0.261 -0.321 -0.193 -0.035  0.280  0.289  0.538  0.678  0.804  0.743  0.871  1.000  0.864  0.660  0.486  0.158  0.120 -0.150 -0.158  0.122  0.205 -0.091  0.094  0.157  0.452  0.040  0.006 -0.006  0.169  0.238
 -0.433 -0.633 -0.034 -0.327 -0.720 -0.647 -0.130  0.288 -0.222 -0.519 -0.420 -0.645 -0.751 -0.737 -0.634 -0.487 -0.594 -0.061  0.547  0.590  0.192  0.185  0.323  0.138  0.284 -0.309 -0.316 -0.273 -0.296 -0.149 -0.109 -0.237 -0.150 -0.142 -0.177 -0.194 -0.219 -0.085  0.005  0.090  0.260  0.353  0.214  0.037 -0.221 -0.070 -0.250 -0.290 -0.079  0.144  0.219  0.171  0.291  0.516  0.650  0.667  0.790  0.864  1.000  0.831  0.676  0.129  0.059 -0.161 -0.097  0.160  0.179 -0.002  0.134  0.216  0.452  0.053 -0.085 -0.078  0.117  0.204
 -0.319 -0.449  0.143 -0.091 -0.584 -0.501  0.014  0.298 -0.073 -0.564 -0.361 -0.555 -0.598 -0.533 -0.553 -0.406 -0.518  0.084  0.663  0.481 -0.083 -0.081 -0.033 -0.289 -0.035 -0.350 -0.580 -0.449 -0.363 -0.334 -0.205 -0.121 -0.040 -0.096 -0.152 -0.276 -0.348 -0.262 -0.021 -0.273  0.008  0.375  0.065 -0.115 -0.165 -0.004 -0.302 -0.396 -0.382 -0.132 -0.176 -0.127 -0.054  0.248  0.488  0.693  0.762  0.660  0.831  1.000  0.829  0.277  0.225 -0.051 -0.028  0.292  0.281  0.004 -0.056  0.244  0.320 -0.104  0.349  0.159  0.279  0.228
 -0.338 -0.197  0.009 -0.360 -0.719 -0.653 -0.125  0.162 -0.224 -0.570 -0.343 -0.590 -0.564 -0.419 -0.228 -0.089 -0.346 -0.015  0.494  0.347 -0.112 -0.159  0.011 -0.280  0.052 -0.221 -0.514 -0.315 -0.153 -0.169 -0.129  0.008  0.200  0.141  0.053 -0.028 -0.217 -0.203 -0.079 -0.431 -0.287  0.018 -0.345 -0.466 -0.209  0.054 -0.226 -0.365 -0.475 -0.028 -0.132 -0.147 -0.192  0.134  0.298  0.504  0.616  0.486  0.676  0.829  1.000  0.498  0.430 -0.046 -0.154 -0.044 -0.186 -0.316 -0.340  0.032  0.222 -0.114  0.433  0.166  0.353  0.253
  0.107  0.123  0.067 -0.119 -0.456 -0.523 -0.713 -0.440 -0.265 -0.067 -0.241 -0.331 -0.377 -0.268 -0.098  0.153  0.428  0.364  0.236 -0.025 -0.050 -0.100 -0.005 -0.179 -0.102 -0.336 -0.508 -0.368 -0.266 -0.390 -0.461 -0.210 -0.001 -0.043 -0.165 -0.179 -0.368 -0.497 -0.321 -0.752 -0.691 -0.538 -0.702 -0.621 -0.297 -0.144 -0.256 -0.207 -0.419 -0.244 -0.260 -0.356 -0.338 -0.132 -0.124  0.061  0.392  0.158  0.129  0.277  0.498  1.000  0.825  0.269  0.241  0.212 -0.265 -0.695 -0.571 -0.098  0.253  0.114  0.536  0.523  0.685  0.501
  0.199  0.266  0.281  0.034 -0.398 -0.489 -0.625 -0.473 -0.344 -0.017 -0.224 -0.319 -0.385 -0.176  0.002  0.249  0.494  0.430  0.284 -0.080 -0.058 -0.216 -0.130 -0.161 -0.053 -0.030 -0.376 -0.072 -0.045 -0.227 -0.233 -0.057 -0.050  0.005  0.016  0.021 -0.155 -0.214 -0.217 -0.636 -0.580 -0.536 -0.756 -0.699 -0.494 -0.418 -0.550 -0.427 -0.714 -0.406 -0.204 -0.345 -0.393 -0.218 -0.084  0.160  0.360  0.120  0.059  0.225  0.430  0.825  1.000  0.665  0.252  0.105 -0.400 -0.804 -0.761 -0.087  0.312  0.305  0.590  0.376  0.593  0.405
  0.372  0.356  0.448  0.492 -0.005 -0.166 -0.266 -0.626 -0.358  0.293 -0.072 -0.020 -0.153  0.031  0.154  0.275  0.545  0.444  0.041 -0.426 -0.149 -0.304 -0.351 -0.319 -0.361  0.067 -0.128  0.049  0.041 -0.118 -0.054  0.080 -0.131 -0.063  0.064  0.003 -0.077  0.027 -0.266 -0.317 -0.224 -0.202 -0.357 -0.247 -0.307 -0.430 -0.557 -0.215 -0.460 -0.513 -0.278 -0.358 -0.464 -0.441 -0.297 -0.111 -0.008 -0.150 -0.161 -0.051 -0.046  0.269  0.665  1.000  0.627  0.308 -0.135 -0.320 -0.434  0.207  0.397  0.590  0.325  0.124  0.343  0.296
  0.142  0.055  0.136  0.573  0.237  0.021 -0.253 -0.740 -0.354  0.487  0.141  0.207  0.062  0.015  0.057 -0.003  0.443  0.239 -0.245 -0.547 -0.194 -0.061 -0.179 -0.385 -0.625 -0.476 -0.122 -0.263 -0.242 -0.233 -0.188  0.042  0.028 -0.028 -0.046 -0.211 -0.265 -0.109 -0.286 -0.253 -0.067  0.092 -0.039  0.069 -0.021  0.058 -0.152  0.178  0.134 -0.297 -0.299 -0.223 -0.385 -0.333 -0.431 -0.348 -0.139 -0.158 -0.097 -0.028 -0.154  0.241  0.252  0.627  1.000  0.713  0.323  0.141  0.146  0.664  0.528  0.454  0.063  0.046  0.204  0.141
 -0.039 -0.148  0.480  0.684  0.122 -0.039 -0.184 -0.368 -0.035  0.284 -0.054  0.042 -0.133 -0.183 -0.173 -0.197  0.100  0.094 -0.035 -0.193 -0.371 -0.208 -0.370 -0.411 -0.632 -0.592 -0.276 -0.382 -0.410 -0.298 -0.155 -0.058  0.009 -0.024 -0.095 -0.313 -0.257 -0.239 -0.060 -0.111  0.072  0.456  0.248  0.253  0.015 -0.154 -0.253 -0.056  0.032 -0.545 -0.526 -0.508 -0.375 -0.336 -0.210 -0.069  0.245  0.122  0.160  0.292 -0.044  0.212  0.105  0.308  0.713  1.000  0.743  0.316  0.417  0.665  0.663  0.397  0.145  0.109  0.196  0.118
 -0.279 -0.481  0.232  0.457  0.324  0.329  0.286  0.111  0.373 -0.004 -0.146  0.016 -0.001 -0.219 -0.376 -0.493 -0.411 -0.202 -0.100  0.019 -0.228 -0.000 -0.201 -0.216 -0.417 -0.522 -0.103 -0.247 -0.344 -0.129  0.044 -0.075 -0.076 -0.080 -0.080 -0.241 -0.047 -0.006  0.323  0.276  0.507  0.762  0.681  0.697  0.377  0.199  0.173  0.136  0.252 -0.363 -0.347 -0.216  0.004 -0.017 -0.003 -0.005  0.126  0.205  0.179  0.281 -0.186 -0.265 -0.400 -0.135  0.323  0.743  1.000  0.740  0.706  0.602  0.308 -0.026 -0.116 -0.154 -0.213 -0.155
 -0.345 -0.374 -0.006  0.293  0.472  0.550  0.724  0.329  0.361  0.027  0.120  0.288  0.279  0.065 -0.122 -0.441 -0.549 -0.392 -0.341 -0.155 -0.235 -0.011 -0.180 -0.233 -0.400 -0.312  0.138 -0.172 -0.226  0.037  0.159 -0.030 -0.031 -0.047 -0.020 -0.134  0.086  0.216  0.309  0.472  0.588  0.754  0.747  0.839  0.702  0.508  0.526  0.515  0.594  0.037 -0.152  0.029  0.044 -0.035 -0.142 -0.196 -0.270 -0.091 -0.002  0.004 -0.316 -0.695 -0.804 -0.320  0.141  0.316  0.740  1.000  0.828  0.481  0.016 -0.185 -0.337 -0.366 -0.453 -0.289
 -0.519 -0.470 -0.024  0.208  0.369  0.348  0.353  0.223  0.211  0.218  0.198  0.275  0.187 -0.050 -0.095 -0.450 -0.493 -0.594 -0.471 -0.051 -0.183  0.115  0.026  0.091 -0.210 -0.382  0.322 -0.005 -0.166  0.213  0.294 -0.004  0.114  0.156  0.119  0.030  0.249  0.329  0.414  0.680  0.657  0.722  0.729  0.721  0.439  0.305  0.403  0.390  0.699  0.115  0.058  0.126  0.176  0.069 -0.049 -0.188 -0.133  0.094  0.134 -0.056 -0.340 -0.571 -0.761 -0.434  0.146  0.417  0.706  0.828  1.000  0.584  0.315  0.030 -0.546 -0.507 -0.544 -0.451
 -0.527 -0.291  0.177  0.480  0.326  0.209  0.146 -0.282 -0.255  0.184  0.146  0.170  0.097 -0.052 -0.010 -0.374 -0.178 -0.337 -0.360 -0.199 -0.210  0.111 -0.015 -0.166 -0.407 -0.524  0.135 -0.011 -0.158  0.134  0.275  0.199  0.247  0.265  0.254  0.102  0.186  0.326  0.395  0.264  0.480  0.613  0.274  0.293  0.098  0.187 -0.015  0.075  0.210 -0.150 -0.040  0.020 -0.146 -0.021 -0.158 -0.042  0.076  0.157  0.216  0.244  0.032 -0.098 -0.087  0.207  0.664  0.665  0.602  0.481  0.584  1.000  0.699  0.116 -0.144 -0.496 -0.323 -0.386
 -0.424 -0.237  0.420  0.317 -0.232 -0.369 -0.326 -0.351 -0.473  0.127 -0.130 -0.203 -0.445 -0.420 -0.108 -0.219 -0.030 -0.145 -0.115 -0.012 -0.172 -0.055 -0.046 -0.026 -0.241 -0.495 -0.073 -0.055 -0.253  0.009  0.106 -0.069  0.049  0.142  0.116  0.019  0.073  0.137  0.185  0.166  0.205  0.294 -0.043 -0.009 -0.194 -0.326 -0.404 -0.177 -0.071 -0.351 -0.084 -0.227 -0.202 -0.100 -0.003  0.140  0.485  0.452  0.452  0.320  0.222  0.253  0.312  0.397  0.528  0.663  0.308  0.016  0.315  0.699  1.000  0.556  0.015 -0.241  0.096  0.043
  0.221  0.044  0.283  0.231 -0.271 -0.496 -0.534 -0.420 -0.224  0.529  0.002 -0.101 -0.384 -0.239  0.048  0.226  0.321  0.116 -0.076 -0.323 -0.301 -0.437 -0.338 -0.134 -0.314 -0.104 -0.106  0.000 -0.039 -0.059 -0.015 -0.034 -0.028  0.084  0.115 -0.018 -0.071  0.039 -0.341  0.011 -0.179 -0.097 -0.099 -0.140 -0.308 -0.477 -0.453 -0.116 -0.126 -0.468 -0.305 -0.385 -0.329 -0.462 -0.159 -0.210  0.028  0.040  0.053 -0.104 -0.114  0.114  0.305  0.590  0.454  0.397 -0.026 -0.185  0.030  0.116  0.556  1.000  0.039  0.142  0.317  0.259
  0.211  0.192  0.211  0.099 -0.249 -0.167 -0.132  0.013 -0.115 -0.173 -0.003 -0.154 -0.231 -0.075 -0.096  0.082  0.232  0.520  0.413  0.034 -0.280 -0.415 -0.468 -0.550 -0.405 -0.271 -0.789 -0.461 -0.416 -0.628 -0.507 -0.226 -0.160 -0.239 -0.287 -0.422 -0.484 -0.534 -0.206 -0.728 -0.689 -0.383 -0.672 -0.588 -0.037 -0.109 -0.293 -0.215 -0.707 -0.581 -0.631 -0.477 -0.488 -0.355 -0.021  0.309  0.320  0.006 -0.085  0.349  0.433  0.536  0.590  0.325  0.063  0.145 -0.116 -0.337 -0.546 -0.144  0.015  0.039  1.000  0.713  0.740  0.469
  0.606  0.133 -0.065 -0.069 -0.379 -0.320 -0.387 -0.029 -0.019 -0.035 -0.041 -0.174 -0.296 -0.183 -0.291  0.134  0.390  0.776  0.563  0.081 -0.029 -0.252 -0.266 -0.364 -0.252 -0.233 -0.824 -0.658 -0.508 -0.834 -0.847 -0.464 -0.407 -0.561 -0.658 -0.740 -0.838 -0.875 -0.689 -0.772 -0.793 -0.565 -0.464 -0.435 -0.071 -0.114 -0.193 -0.043 -0.356 -0.329 -0.522 -0.357 -0.219 -0.209  0.085  0.176  0.227 -0.006 -0.078  0.159  0.166  0.523  0.376  0.124  0.046  0.109 -0.154 -0.366 -0.507 -0.496 -0.241  0.142  0.713  1.000  0.902  0.759
  0.432  0.072  0.040 -0.086 -0.580 -0.537 -0.493 -0.183 -0.264 -0.102 -0.196 -0.353 -0.548 -0.392 -0.320  0.089  0.373  0.748  0.526  0.045 -0.038 -0.269 -0.234 -0.379 -0.288 -0.377 -0.872 -0.683 -0.584 -0.824 -0.835 -0.539 -0.438 -0.545 -0.626 -0.700 -0.806 -0.802 -0.660 -0.782 -0.780 -0.575 -0.610 -0.489 -0.093 -0.178 -0.296 -0.049 -0.420 -0.397 -0.500 -0.418 -0.310 -0.226  0.052  0.213  0.406  0.169  0.117  0.279  0.353  0.685  0.593  0.343  0.204  0.196 -0.213 -0.453 -0.544 -0.323  0.096  0.317  0.740  0.902  1.000  0.891
