  0.000  3.822  6.657 10.227 13.189 16.602 19.771 23.030 24.733 22.413 19.829 16.193 13.832 10.298  8.325  5.553  5.437  5.944  7.744 10.839 10.733 13.755 14.641 16.947 14.325 12.585 16.188 16.671 13.903 15.800 18.924 17.922 17.119 19.800 22.285 22.594 23.885 21.845 24.969 25.217 21.730 21.392 18.164 18.897 17.136 19.428 22.479 21.862 21.187 18.475 20.109 19.417 19.625 17.312 13.700 11.046 12.103 15.642 15.269 13.337 10.523  8.333  5.638  7.721 10.043 12.526 13.924 17.395 18.762 22.511 24.514 27.518 30.576 32.519 35.383 37.907
  3.822  0.000  3.813  6.791 10.035 13.234 16.487 19.773 21.274 18.836 16.157 12.488 10.334  6.758  5.728  4.690  6.244  8.475 10.078 13.156 12.158 14.473 14.402 16.675 14.263 11.689 14.855 15.680 12.550 13.645 17.070 16.237 14.744 17.101 19.975 20.294 22.058 20.372 23.501 23.241 19.721 19.495 16.311 17.044 15.520 17.897 20.802 20.611 19.932 17.677 19.760 19.228 20.167 18.060 14.813 11.874 13.769 16.883 15.751 14.243 10.765  8.829  5.594  5.558  8.026  9.750 11.482 14.709 16.081 19.895 21.921 25.175 28.135 30.197 32.996 35.519
  6.657  3.813  0.000  3.796  6.734 10.028 13.323 16.466 18.313 16.171 13.932 10.299  8.581  6.040  5.479  6.379  6.974  9.479 10.140 13.103 11.656 13.028 12.083 14.664 12.957  9.752 12.583 14.229 11.495 11.784 15.479 15.483 13.884 15.543 18.401 18.106 19.811 17.956 20.785 20.266 16.606 16.044 12.741 13.311 11.921 14.494 17.196 17.070 16.394 14.437 16.868 16.730 18.156 16.062 13.273 10.150 12.686 15.186 13.454 12.571  8.798  7.925  5.808  4.882  5.452  6.383  7.700 10.974 12.543 16.347 18.628 21.843 24.933 27.119 29.931 32.518
 10.227  6.791  3.796  0.000  3.839  6.512 10.005 13.118 14.756 12.520 10.334  6.700  5.886  4.756  6.274  8.840 10.116 13.029 13.633 16.366 14.466 15.125 13.315 15.624 14.374 10.694 12.537 14.561 11.828 10.887 14.691 15.076 12.782 13.681 16.883 16.459 18.666 17.290 19.934 18.757 15.171 14.704 11.650 12.129 11.241 13.741 16.047 16.490 15.851 14.658 17.459 17.552 19.651 17.889 15.673 12.687 15.570 17.521 15.237 14.856 11.049 10.620  8.787  6.305  5.970  4.566  6.118  8.577 10.162 13.928 16.264 19.732 22.673 24.976 27.676 30.241
 13.189 10.035  6.734  3.839  0.000  3.816  6.658  9.944 11.835 10.022  8.453  5.643  5.125  6.418  7.570 10.802 11.646 14.714 15.154 17.273 14.804 14.541 11.956 13.845 13.266  9.425 10.175 12.706 10.594  8.617 12.307 13.520 11.321 11.330 14.284 13.296 15.489 14.239 16.621 15.130 11.600 11.296  8.671  9.721  9.996 12.955 14.418 14.700 13.540 12.764 15.500 15.583 18.256 17.036 15.555 13.134 16.514 17.760 15.362 15.915 12.358 13.002 11.952  9.853  8.397  5.622  4.786  5.748  6.465 10.229 12.446 15.939 18.867 21.208 23.942 26.564
 16.602 13.234 10.028  6.512  3.816  0.000  3.857  6.688  8.498  6.876  6.118  4.475  6.409  8.868 10.944 14.362 15.435 18.475 18.719 20.886 18.447 17.841 14.871 16.600 16.500 12.717 12.657 15.363 13.541 10.777 14.051 15.614 12.986 11.992 15.032 13.781 16.330 15.607 17.453 15.197 12.010 11.549  9.527  9.916 10.583 12.902 13.809 14.876 14.092 14.319 17.328 17.847 20.878 19.786 18.715 16.297 19.584 20.465 17.658 18.371 14.973 15.653 14.738 12.046 10.294  6.689  6.084  4.923  5.790  8.833 11.263 14.886 17.572 20.080 22.568 25.119
 19.771 16.487 13.323 10.005  6.658  3.857  0.000  3.851  5.636  5.138  5.709  6.354  8.116 11.447 13.246 16.864 17.862 21.014 21.340 23.044 20.238 19.093 15.793 16.832 17.189 13.700 12.533 15.206 14.006 10.550 13.061 15.189 12.704 10.664 13.235 11.560 14.216 14.088 15.490 12.692 10.109 10.229  9.497 10.480 12.300 14.690 14.623 15.529 14.261 14.981 17.610 17.971 21.384 20.901 20.410 18.534 22.037 22.484 19.786 21.061 17.896 19.032 18.308 15.798 13.928 10.299  8.768  6.094  4.776  6.464  8.186 11.879 14.201 16.743 19.109 21.636
 23.030 19.773 16.466 13.118  9.944  6.688  3.851  0.000  3.852  5.540  7.821  9.335 11.693 14.974 16.876 20.431 21.264 24.238 24.224 25.908 23.225 21.744 18.212 19.265 20.132 16.776 15.294 18.176 17.404 13.837 15.930 18.393 16.031 13.520 15.644 13.551 15.928 15.959 16.566 13.311 11.317 10.940 10.848 11.086 13.162 14.887 14.086 15.493 14.603 16.167 18.895 19.736 23.296 22.873 22.783 20.970 24.344 24.377 21.425 22.925 20.049 21.398 21.022 18.430 16.193 12.434 10.836  7.441  6.475  6.144  7.947 11.116 13.123 15.787 17.840 20.284
 24.733 21.274 18.313 14.756 11.835  8.498  5.636  3.852  0.000  3.819  6.830  9.592 12.219 15.777 18.064 21.756 23.075 26.298 26.660 28.384 25.548 24.260 20.838 21.569 22.135 18.826 17.192 19.605 18.600 14.890 16.623 18.754 16.047 13.222 15.433 13.891 16.743 17.508 18.244 14.812 13.392 13.720 13.917 14.439 16.424 18.065 17.359 18.857 17.922 19.382 21.958 22.484 26.072 25.819 25.599 23.773 27.214 27.468 24.585 25.920 22.859 23.870 23.086 20.222 18.449 14.697 13.605 10.541  9.330  8.905  9.538 12.579 13.774 16.179 17.868 20.095
 22.413 18.836 16.171 12.520 10.022  6.876  5.138  5.540  3.819  0.000  3.821  6.771  9.605 13.104 15.683 19.389 21.026 24.377 25.016 26.929 24.129 23.261 20.103 20.949 21.006 17.558 16.374 18.525 16.985 13.472 15.549 17.175 14.132 11.739 14.520 13.575 16.780 17.486 18.872 15.768 13.915 14.443 14.020 14.713 16.228 18.049 18.012 19.433 18.495 19.435 22.090 22.369 25.778 25.329 24.678 22.630 26.050 26.723 23.936 24.903 21.584 22.193 21.023 18.012 16.667 13.085 12.570 10.194  9.344 10.153 10.972 14.419 15.932 18.171 20.085 22.339
 19.829 16.157 13.932 10.334  8.453  6.118  5.709  7.821  6.830  3.821  0.000  3.804  6.553 10.001 12.901 16.608 18.687 22.201 23.243 25.294 22.504 22.154 19.371 20.249 19.674 16.183 15.511 17.237 15.072 11.904 14.320 15.247 11.828 10.158 13.544 13.360 16.829 17.473 19.507 16.841 14.621 15.433 14.479 15.500 16.583 18.724 19.320 20.516 19.457 19.752 22.352 22.268 25.435 24.844 23.719 21.515 24.916 26.073 23.499 24.080 20.508 20.677 18.987 15.912 15.244 11.993 12.059 10.632  9.972 11.855 12.732 16.446 18.113 20.320 22.413 24.691
 16.193 12.488 10.299  6.700  5.643  4.475  6.354  9.335  9.592  6.771  3.804  0.000  3.849  6.667  9.792 13.377 15.468 18.899 19.925 22.230 19.692 19.748 17.273 18.611 17.688 14.028 14.197 15.991 13.389 10.848 13.984 14.573 11.247 10.694 14.316 14.194 17.370 17.315 19.718 17.552 14.701 15.113 13.321 14.190 14.611 16.884 18.133 19.174 18.271 18.066 20.801 20.739 23.584 22.592 21.048 18.558 21.799 23.278 20.778 20.990 17.299 17.167 15.292 12.224 11.827  8.925  9.589  9.303  9.502 12.400 13.943 17.733 19.940 22.228 24.581 26.975
 13.832 10.334  8.581  5.886  5.125  6.409  8.116 11.693 12.219  9.605  6.553  3.849  0.000  3.885  6.420 10.157 12.420 16.066 17.586 19.605 16.847 17.195 15.143 16.146 14.675 11.232 11.721 12.928  9.932  7.947 11.235 11.288  8.113  8.603 12.221 12.588 15.597 15.402 18.332 16.786 13.877 14.792 12.959 14.600 15.105 17.948 19.365 19.719 18.299 17.352 19.606 18.934 21.515 20.716 18.951 16.761 20.107 21.849 19.872 20.086 16.363 16.231 14.131 11.716 11.802  9.616  9.858 10.341  9.934 13.212 14.325 18.027 20.303 22.389 24.950 27.389
 10.298  6.758  6.040  4.756  6.418  8.868 11.447 14.974 15.777 13.104 10.001  6.667  3.885  0.000  3.809  6.989  9.750 13.301 15.116 17.468 15.139 16.300 14.985 16.381 14.286 11.041 12.705 13.545 10.070  9.544 12.978 12.286  9.605 11.332 14.741 15.385 17.998 17.312 20.497 19.481 16.319 16.914 14.492 15.881 15.599 18.353 20.412 20.608 19.420 17.907 20.117 19.361 21.373 20.143 17.760 15.286 18.250 20.561 18.878 18.460 14.678 13.865 11.214  9.101 10.223  9.276 10.378 12.119 12.468 16.089 17.519 21.111 23.609 25.660 28.296 30.742
  8.325  5.728  5.479  6.274  7.570 10.944 13.246 16.876 18.064 15.683 12.901  9.792  6.420  3.809  0.000  3.812  6.306 10.051 12.271 14.194 11.688 13.154 12.427 13.635 11.072  8.273 10.606 10.971  7.450  8.276 11.567 10.653  9.068 11.542 14.305 14.913 16.885 15.728 19.132 18.810 15.643 16.356 13.931 15.789 15.579 18.705 20.769 20.289 18.714 16.560 18.224 16.997 18.597 17.491 14.942 12.898 15.888 18.320 17.239 16.951 13.398 12.902 10.552  9.759 10.766 10.535 10.852 13.013 13.025 16.666 17.898 21.185 23.818 25.706 28.504 30.990
  5.553  4.690  6.379  8.840 10.802 14.362 16.864 20.431 21.756 19.389 16.608 13.377 10.157  6.989  3.812  0.000  3.791  7.164 10.075 11.993 10.079 12.546 12.918 14.230 11.149  9.286 12.393 12.220  8.957 11.027 13.884 12.503 11.747 14.708 17.065 17.807 19.305 17.796 21.257 21.469 18.310 18.848 16.235 17.952 17.280 20.281 22.681 21.901 20.429 17.777 19.091 17.672 18.510 17.150 14.078 12.162 14.534 17.477 17.029 16.238 13.024 12.052  9.566 10.013 11.675 12.584 13.143 15.862 16.160 19.811 21.112 24.192 26.916 28.698 31.540 34.003
  5.437  6.244  6.974 10.116 11.646 15.435 17.862 21.264 23.075 21.026 18.687 15.468 12.420  9.750  6.306  3.791  0.000  3.825  6.645  8.263  6.466  9.279 10.303 11.941  9.004  7.749 11.408 11.510  9.166 11.670 14.380 13.611 13.652 16.360 18.211 18.367 19.169 16.989 20.216 20.909 17.679 17.826 15.110 16.780 15.994 19.059 21.427 20.141 18.596 15.533 16.472 15.038 15.366 13.798 10.549  8.954 11.196 14.114 14.167 13.552 10.827 10.503  9.084 10.684 11.562 12.894 12.814 15.766 16.152 19.668 21.117 23.829 26.778 28.509 31.448 33.972
  5.944  8.475  9.479 13.029 14.714 18.475 21.014 24.238 26.298 24.377 22.201 18.899 16.066 13.301 10.051  7.164  3.825  0.000  3.838  5.338  5.363  8.967 11.071 12.983 10.351 10.035 13.812 13.931 12.277 15.005 17.475 16.824 17.273 19.963 21.552 21.498 21.841 19.255 22.218 23.305 20.088 19.837 17.010 18.323 17.114 19.872 22.423 20.831 19.523 16.162 16.742 15.452 14.873 12.868  9.222  7.986  9.020 12.310 13.178 12.143 10.325  9.980  9.394 12.129 12.933 14.992 14.918 18.134 18.832 22.225 23.852 26.287 29.374 31.044 34.016 36.541
  7.744 10.078 10.140 13.633 15.154 18.719 21.340 24.224 26.660 25.016 23.243 19.925 17.586 15.116 12.271 10.075  6.645  3.838  0.000  3.821  5.557  8.307 10.314 13.010 11.366 10.898 14.580 15.496 14.386 16.617 19.258 19.266 19.651 21.882 23.446 22.814 22.894 19.883 22.376 23.463 20.105 19.170 16.118 16.830 15.195 17.600 20.228 18.483 17.567 14.197 14.887 14.307 13.420 10.667  6.857  5.194  5.273  8.776  9.840  8.629  7.598  7.948  8.844 12.067 12.051 14.424 14.136 17.482 18.638 21.855 23.878 26.074 29.385 31.129 34.112 36.686
 10.839 13.156 13.103 16.366 17.273 20.886 23.044 25.908 28.384 26.929 25.294 22.230 19.605 17.468 14.194 11.993  8.263  5.338  3.821  0.000  3.853  6.519  9.656 11.600 10.101 10.932 14.296 14.739 14.431 17.076 19.094 19.189 20.298 22.547 23.518 22.807 22.291 19.098 21.443 23.113 20.119 19.433 16.892 18.087 17.027 19.662 21.811 19.504 18.085 14.417 14.095 12.886 11.198  8.995  5.554  6.298  6.268  8.709 10.909 10.683 10.437 11.541 12.603 15.659 15.387 17.327 16.380 19.330 19.910 22.800 24.411 26.207 29.404 30.903 33.895 36.419
 10.733 12.158 11.656 14.466 14.804 18.447 20.238 23.225 25.548 24.129 22.504 19.692 16.847 15.139 11.688 10.079  6.466  5.363  5.557  3.853  0.000  3.846  6.873  8.306  6.343  7.344 10.644 10.917 10.749 13.447 15.300 15.508 16.786 18.949 19.749 19.068 18.567 15.501 18.098 19.749 16.856 16.649 14.412 16.268 15.892 19.041 20.835 18.521 16.533 12.873 12.470 10.605  9.726  8.384  5.431  6.356  8.323 10.192 11.613 12.156 10.973 12.385 12.897 15.216 14.780 15.975 14.585 17.145 17.146 19.988 21.247 23.097 26.158 27.604 30.617 33.141
 13.755 14.473 13.028 15.125 14.541 17.841 19.093 21.744 24.260 23.261 22.154 19.748 17.195 16.300 13.154 12.546  9.279  8.967  8.307  6.519  3.846  0.000  3.819  5.198  5.062  6.427  8.764  9.750 10.723 12.748 14.276 15.380 16.876 18.371 18.743 17.412 16.379 12.924 15.016 16.891 14.183 13.795 12.021 14.119 14.388 17.684 18.851 16.133 13.705 10.005  8.943  6.794  6.145  5.444  4.132  6.407  9.002  9.404 10.637 12.367 11.497 13.866 14.933 16.814 15.553 16.078 13.854 15.791 15.397 17.721 18.832 20.236 23.321 24.683 27.700 30.244
 14.641 14.402 12.083 13.315 11.956 14.871 15.793 18.212 20.838 20.103 19.371 17.273 15.143 14.985 12.427 12.918 10.303 11.071 10.314  9.656  6.873  3.819  0.000  3.861  5.387  4.924  6.343  8.711  9.839 10.713 12.515 14.388 15.431 16.239 16.726 14.859 13.991 10.437 12.302 13.672 10.690 10.022  8.261 10.643 11.518 15.056 15.811 13.190 10.439  6.980  6.546  4.869  6.468  6.009  5.880  6.881 10.306 10.139 10.079 12.408 11.034 13.802 14.894 16.014 14.141 13.868 11.055 12.429 11.808 13.954 15.194 16.642 19.865 21.419 24.471 27.102
 16.947 16.675 14.664 15.624 13.845 16.600 16.832 19.265 21.569 20.949 20.249 18.611 16.146 16.381 13.635 14.230 11.941 12.983 13.010 11.600  8.306  5.198  3.861  0.000  3.819  5.407  5.090  6.338  8.813  9.952 10.565 12.594 14.466 15.197 14.843 13.048 11.465  7.881  9.951 12.108  9.952 10.474 10.008 13.136 14.743 18.374 18.655 15.929 12.666  9.631  8.071  4.731  6.457  8.021  8.642 10.426 13.616 13.361 13.752 16.156 14.811 17.366 18.067 19.031 17.443 16.823 13.892 14.624 13.027 14.650 14.909 15.957 18.753 19.918 22.954 25.500
 14.325 14.263 12.957 14.374 13.266 16.500 17.189 20.132 22.135 21.006 19.674 17.688 14.675 14.286 11.072 11.149  9.004 10.351 11.366 10.101  6.343  5.062  5.387  3.819  0.000  3.859  5.321  4.877  6.288  8.747  9.616 10.524 12.503 14.126 14.138 13.295 12.419  9.553 12.516 14.365 12.035 12.995 11.951 15.024 16.101 19.789 20.667 18.319 15.384 12.195 11.314  8.290  9.134  9.903  9.048 10.280 13.433 14.217 14.782 16.388 14.584 16.422 16.461 17.539 16.691 16.449 14.181 15.498 14.112 16.408 16.695 18.342 21.002 22.201 25.197 27.677
 12.585 11.689  9.752 10.694  9.425 12.717 13.700 16.776 18.826 17.558 16.183 14.028 11.232 11.041  8.273  9.286  7.749 10.035 10.898 10.932  7.344  6.427  4.924  5.407  3.859  0.000  3.830  5.407  5.126  6.467  8.749  9.962 10.762 12.116 13.021 12.008 12.084  9.439 12.514 13.358 10.324 10.963  9.258 12.205 13.167 16.913 17.974 16.136 13.478 10.650 11.014  9.007 10.817 10.675  9.412  9.234 12.889 13.904 13.496 14.909 12.443 14.150 13.953 14.431 13.393 12.775 10.558 11.951 10.836 13.623 14.427 16.661 19.563 21.149 24.180 26.770
 16.188 14.855 12.583 12.537 10.175 12.657 12.533 15.294 17.192 16.374 15.511 14.197 11.721 12.705 10.606 12.393 11.408 13.812 14.580 14.296 10.644  8.764  6.343  5.090  5.321  3.830  0.000  3.838  5.410  5.067  6.283  8.795  9.928 10.265 10.400  8.715  8.375  5.696  8.920  9.734  7.114  8.731  8.351 11.981 13.978 17.781 18.071 16.185 13.017 10.840 10.819  8.556 11.266 12.125 11.961 12.260 15.979 16.328 15.710 17.705 15.363 17.383 17.270 17.247 15.848 14.413 11.614 11.783  9.525 11.514 11.500 13.448 16.120 17.603 20.659 23.265
 16.671 15.680 14.229 14.561 12.706 15.363 15.206 18.176 19.605 18.525 17.237 15.991 12.928 13.545 10.971 12.220 11.510 13.931 15.496 14.739 10.917  9.750  8.711  6.338  4.877  5.407  3.838  0.000  3.828  5.410  4.906  6.322  8.760  9.954  9.394  8.898  8.347  6.624 10.297 11.711 10.017 12.286 12.179 15.790 17.608 21.415 21.867 19.925 16.728 14.321 13.757 10.785 12.708 14.027 13.580 14.289 17.767 18.502 18.459 20.159 17.828 19.444 18.896 19.082 18.332 17.212 14.867 15.265 12.914 14.832 14.200 16.001 18.136 19.226 22.155 24.569
 13.903 12.550 11.495 11.828 10.594 13.541 14.006 17.404 18.600 16.985 15.072 13.389  9.932 10.070  7.450  8.957  9.166 12.277 14.386 14.431 10.749 10.723  9.839  8.813  6.288  5.126  5.410  3.828  0.000  3.885  5.320  5.051  6.308  8.557  9.365  9.786 10.661  9.560 13.316 13.914 11.643 13.620 12.699 15.949 17.218 20.939 21.919 20.484 17.732 15.355 15.619 13.164 15.004 15.471 14.144 13.934 17.410 18.831 18.470 19.525 16.687 17.637 16.452 16.336 16.149 15.167 13.542 14.418 12.577 15.221 15.084 17.598 19.837 21.194 24.071 26.483
 15.800 13.645 11.784 10.887  8.617 10.777 10.550 13.837 14.890 13.472 11.904 10.848  7.947  9.544  8.276 11.027 11.670 15.005 16.617 17.076 13.447 12.748 10.713  9.952  8.747  6.467  5.067  5.410  3.885  0.000  3.825  5.458  5.101  5.665  7.048  6.829  8.662  8.178 11.700 11.324  9.004 11.289 10.781 14.092 15.871 19.528 20.101 19.059 16.321 14.686 15.460 13.560 16.202 16.686 15.807 15.228 18.962 20.005 18.975 20.306 17.267 18.415 17.303 16.431 15.756 13.902 11.986 11.957  9.559 11.972 11.641 14.473 16.643 18.221 21.087 23.573
 18.924 17.070 15.479 14.691 12.307 14.051 13.061 15.930 16.623 15.549 14.320 13.984 11.235 12.978 11.567 13.884 14.380 17.475 19.258 19.094 15.300 14.276 12.515 10.565  9.616  8.749  6.283  4.906  5.320  3.825  0.000  3.843  5.526  5.505  4.536  4.869  6.100  6.771 10.363 10.492  9.439 12.579 13.083 16.712 18.945 22.645 22.811 21.483 18.369 16.786 16.832 14.377 16.950 18.218 17.821 17.925 21.608 22.390 21.723 23.358 20.574 21.911 20.885 20.188 19.530 17.649 15.499 15.042 12.070 13.589 12.188 14.367 15.891 16.993 19.748 22.075
 17.922 16.237 15.483 15.076 13.520 15.614 15.189 18.393 18.754 17.175 15.247 14.573 11.288 12.286 10.653 12.503 13.611 16.824 19.266 19.189 15.508 15.380 14.388 12.594 10.524  9.962  8.795  6.322  5.051  5.458  3.843  0.000  3.861  6.102  5.875  8.079  9.583 10.350 14.016 14.308 13.131 16.040 16.005 19.455 21.201 24.878 25.505 24.295 21.368 19.454 19.559 16.915 18.978 20.010 19.013 18.952 22.435 23.776 23.350 24.484 21.532 22.303 20.751 20.132 20.188 18.728 17.225 17.346 14.832 16.831 15.680 18.073 19.468 20.460 23.047 25.197
 17.119 14.744 13.884 12.782 11.321 12.986 12.704 16.031 16.047 14.132 11.828 11.247  8.113  9.605  9.068 11.747 13.652 17.273 19.651 20.298 16.786 16.876 15.431 14.466 12.503 10.762  9.928  8.760  6.308  5.101  5.526  3.861  0.000  3.816  6.028  8.351 11.103 12.046 15.548 14.936 13.326 15.946 15.543 18.610 20.145 23.612 24.400 23.751 21.206 19.675 20.509 18.441 20.829 21.327 20.051 19.266 22.813 24.353 23.389 24.234 20.922 21.338 19.438 18.178 18.388 16.620 15.607 15.612 13.382 15.663 14.883 17.853 19.323 20.649 23.166 25.358
 19.800 17.101 15.543 13.681 11.330 11.992 10.664 13.520 13.222 11.739 10.158 10.694  8.603 11.332 11.542 14.708 16.360 19.963 21.882 22.547 18.949 18.371 16.239 15.197 14.126 12.116 10.265  9.954  8.557  5.665  5.505  6.102  3.816  0.000  3.850  5.717  9.269 10.967 13.930 12.583 11.453 14.350 14.612 17.675 19.736 23.092 23.353 22.901 20.305 19.395 20.354 18.600 21.492 22.200 21.438 20.673 24.400 25.487 24.162 25.391 22.116 22.897 21.300 19.667 19.308 16.886 15.468 14.556 11.769 13.335 12.020 14.965 16.105 17.473 19.907 22.112
 22.285 19.975 18.401 16.883 14.284 15.032 13.235 15.644 15.433 14.520 13.544 14.316 12.221 14.741 14.305 17.065 18.211 21.552 23.446 23.518 19.749 18.743 16.726 14.843 14.138 13.021 10.400  9.394  9.365  7.048  4.536  5.875  6.028  3.850  0.000  3.829  6.692  9.329 12.075 11.236 11.173 14.655 15.706 19.144 21.638 25.134 25.004 24.119 21.118 20.154 20.444 18.266 21.109 22.461 22.182 22.060 25.803 26.557 25.574 27.195 24.214 25.373 24.072 22.806 22.234 19.871 17.947 16.807 13.529 14.370 12.200 14.342 14.958 15.845 18.206 20.274
 22.594 20.294 18.106 16.459 13.296 13.781 11.560 13.551 13.891 13.575 13.360 14.194 12.588 15.385 14.913 17.807 18.367 21.498 22.814 22.807 19.068 17.412 14.859 13.048 13.295 12.008  8.715  8.898  9.786  6.829  4.869  8.079  8.351  5.717  3.829  0.000  3.915  6.502  8.735  7.465  7.635 11.261 12.866 16.348 19.228 22.681 22.132 21.110 17.989 17.365 17.612 15.749 18.935 20.393 20.617 20.633 24.432 24.695 23.542 25.564 22.823 24.461 23.679 22.483 21.293 18.699 16.212 14.606 10.997 11.236  8.786 10.671 11.575 12.707 15.399 17.792
 23.885 22.058 19.811 18.666 15.489 16.330 14.216 15.928 16.743 16.780 16.829 17.370 15.597 17.998 16.885 19.305 19.169 21.841 22.894 22.291 18.567 16.379 13.991 11.465 12.419 12.084  8.375  8.347 10.661  8.662  6.100  9.583 11.103  9.269  6.692  3.915  0.000  3.902  5.645  5.864  7.129 10.839 13.035 16.717 19.820 23.343 22.506 20.900 17.429 16.620 16.059 13.831 16.868 18.930 19.732 20.438 24.116 23.951 23.204 25.618 23.329 25.396 25.062 24.362 22.913 20.569 17.640 16.130 12.497 12.264  9.615 10.295 11.159 11.832 14.656 17.074
 21.845 20.372 17.956 17.290 14.239 15.607 14.088 15.959 17.508 17.486 17.473 17.315 15.402 17.312 15.728 17.796 16.989 19.255 19.883 19.098 15.501 12.924 10.437  7.881  9.553  9.439  5.696  6.624  9.560  8.178  6.771 10.350 12.046 10.967  9.329  6.502  3.902  0.000  3.876  5.554  5.418  8.515 10.432 14.198 17.176 20.774 20.048 18.017 14.413 13.189 12.317  9.961 13.046 15.114 16.132 17.096 20.683 20.284 19.709 22.298 20.315 22.684 22.774 22.502 20.793 18.789 15.586 14.492 11.222 11.371  9.670 10.311 12.202 13.161 16.206 18.789
 24.969 23.501 20.785 19.934 16.621 17.453 15.490 16.566 18.244 18.872 19.507 19.718 18.332 20.497 19.132 21.257 20.216 22.218 22.376 21.443 18.098 15.016 12.302  9.951 12.516 12.514  8.920 10.297 13.316 11.700 10.363 14.016 15.548 13.930 12.075  8.735  5.645  3.876  0.000  3.838  5.635  8.147 11.105 14.501 17.874 21.173 19.784 17.594 13.914 13.395 12.156 10.383 13.597 15.993 17.763 18.981 22.403 21.383 20.719 23.726 22.127 24.864 25.372 25.090 22.952 20.759 17.249 15.613 12.306 11.301  9.212  8.413 10.023 10.714 13.758 16.378
 25.217 23.241 20.266 18.757 15.130 15.197 12.692 13.311 14.812 15.768 16.841 17.552 16.786 19.481 18.810 21.469 20.909 23.305 23.463 23.113 19.749 16.891 13.672 12.108 14.365 13.358  9.734 11.711 13.914 11.324 10.492 14.308 14.936 12.583 11.236  7.465  5.864  5.554  3.838  0.000  3.855  6.745 10.085 13.229 16.838 19.949 18.348 16.796 13.414 13.691 13.458 12.484 16.076 17.874 19.348 19.889 23.474 22.581 21.293 24.162 22.230 24.809 25.138 24.300 22.042 19.359 15.935 13.626 10.044  8.342  5.626  4.979  6.866  8.387 11.605 14.452
 21.730 19.721 16.606 15.171 11.600 12.010 10.109 11.317 13.392 13.915 14.621 14.701 13.877 16.319 15.643 18.310 17.679 20.088 20.105 20.119 16.856 14.183 10.690  9.952 12.035 10.324  7.114 10.017 11.643  9.004  9.439 13.131 13.326 11.453 11.173  7.635  7.129  5.418  5.635  3.855  0.000  3.804  6.477  9.900 13.328 16.638 15.498 14.011 10.694 10.664 11.126 10.455 14.194 15.327 16.373 16.473 20.129 19.467 17.942 20.615 18.511 21.027 21.375 20.552 18.232 15.641 12.175 10.149  6.713  6.085  5.074  6.410  9.435 11.404 14.564 17.397
 21.392 19.495 16.044 14.704 11.296 11.549 10.229 10.940 13.720 14.443 15.433 15.113 14.792 16.914 16.356 18.848 17.826 19.837 19.170 19.433 16.649 13.795 10.022 10.474 12.995 10.963  8.731 12.286 13.620 11.289 12.579 16.040 15.946 14.350 14.655 11.261 10.839  8.515  8.147  6.745  3.804  0.000  3.793  6.580 10.226 13.309 11.898 10.287  7.029  7.713  8.909  9.553 13.308 13.800 15.065 14.898 18.321 17.250 15.321 18.194 16.419 19.258 20.154 19.444 16.602 14.095 10.361  8.254  5.840  5.067  6.250  7.264 10.894 13.108 16.124 18.951
 18.164 16.311 12.741 11.650  8.671  9.527  9.497 10.848 13.917 14.020 14.479 13.321 12.959 14.492 13.931 16.235 15.110 17.010 16.118 16.892 14.412 12.021  8.261 10.008 11.951  9.258  8.351 12.179 12.699 10.781 13.083 16.005 15.543 14.612 15.706 12.866 13.035 10.432 11.105 10.085  6.477  3.793  0.000  3.843  6.930 10.424  9.950  8.507  5.781  5.704  8.207  9.308 12.688 12.178 12.717 11.829 15.254 14.549 12.260 14.795 12.777 15.535 16.509 15.878 12.923 10.672  6.870  5.672  4.806  6.302  8.811 10.705 14.331 16.600 19.546 22.322
 18.897 17.044 13.311 12.129  9.721  9.916 10.480 11.086 14.439 14.713 15.500 14.190 14.600 15.881 15.789 17.952 16.780 18.323 16.830 18.087 16.268 14.119 10.643 13.136 15.024 12.205 11.981 15.790 15.949 14.092 16.712 19.455 18.610 17.675 19.144 16.348 16.717 14.198 14.501 13.229  9.900  6.580  3.843  0.000  3.831  6.801  6.184  5.402  4.348  5.818  9.352 11.625 14.562 13.276 13.734 12.239 15.113 14.148 11.128 13.525 11.820 14.644 16.111 15.351 11.873  9.690  6.198  5.060  6.475  7.605 10.994 12.703 16.333 18.766 21.482 24.162
 17.136 15.520 11.921 11.241  9.996 10.583 12.300 13.162 16.424 16.228 16.583 14.611 15.105 15.599 15.579 17.280 15.994 17.114 15.195 17.027 15.892 14.388 11.518 14.743 16.101 13.167 13.978 17.608 17.218 15.871 18.945 21.201 20.145 19.736 21.638 19.228 19.820 17.176 17.874 16.838 13.328 10.226  6.930  3.831  0.000  3.851  5.479  5.481  6.424  6.974 10.819 13.314 15.558 13.372 13.113 10.816 13.119 12.486  8.958 10.655  8.989 11.659 13.517 12.952  9.236  7.866  5.371  6.249  9.095 10.970 14.510 16.455 20.039 22.484 25.136 27.766
 19.428 17.897 14.494 13.741 12.955 12.902 14.690 14.887 18.065 18.049 18.724 16.884 17.948 18.353 18.705 20.281 19.059 19.872 17.600 19.662 19.041 17.684 15.056 18.374 19.789 16.913 17.781 21.415 20.939 19.528 22.645 24.878 23.612 23.092 25.134 22.681 23.343 20.774 21.173 19.949 16.638 13.309 10.424  6.801  3.851  0.000  3.864  5.738  8.499  9.849 13.555 16.509 18.479 16.021 15.835 13.397 14.910 14.038 10.273 11.467 10.530 12.825 15.022 14.348 10.578  9.602  8.290  8.882 12.105 13.457 17.177 18.896 22.367 24.871 27.315 29.842
 22.479 20.802 17.196 16.047 14.418 13.809 14.623 14.086 17.359 18.012 19.320 18.133 19.365 20.412 20.769 22.681 21.427 22.423 20.228 21.811 20.835 18.851 15.811 18.655 20.667 17.974 18.071 21.867 21.919 20.101 22.811 25.505 24.400 23.353 25.004 22.132 22.506 20.048 19.784 18.348 15.498 11.898  9.950  6.184  5.479  3.864  0.000  3.843  6.922  9.621 13.031 16.254 18.598 16.735 17.356 15.572 17.356 15.857 12.341 14.357 13.668 16.325 18.463 17.672 13.888 12.240 10.113  9.280 11.731 11.965 15.543 16.654 20.005 22.468 24.765 27.224
 21.862 20.611 17.070 16.490 14.700 14.876 15.529 15.493 18.857 19.433 20.516 19.174 19.719 20.608 20.289 21.901 20.141 20.831 18.483 19.504 18.521 16.133 13.190 15.929 18.319 16.136 16.185 19.925 20.484 19.059 21.483 24.295 23.751 22.901 24.119 21.110 20.900 18.017 17.594 16.796 14.011 10.287  8.507  5.402  5.481  5.738  3.843  0.000  3.839  6.487  9.542 12.990 15.150 13.453 14.601 13.477 15.282 13.267 10.168 12.974 12.742 15.982 18.417 18.270 14.547 13.275 10.482 10.024 11.713 11.943 15.125 15.827 19.329 21.568 24.049 26.569
 21.187 19.932 16.394 15.851 13.540 14.092 14.261 14.603 17.922 18.495 19.457 18.271 18.299 19.420 18.714 20.429 18.596 19.523 17.567 18.085 16.533 13.705 10.439 12.666 15.384 13.478 13.017 16.728 17.732 16.321 18.369 21.368 21.206 20.305 21.118 17.989 17.429 14.413 13.914 13.414 10.694  7.029  5.781  4.348  6.424  8.499  6.922  3.839  0.000  3.809  6.536  9.707 12.367 11.393 12.960 12.491 14.926 12.943 10.465 13.717 13.113 16.528 18.623 18.573 15.081 13.544 10.085  9.313  9.833  9.926 12.588 13.120 16.729 18.824 21.530 24.174
 18.475 17.677 14.437 14.658 12.764 14.319 14.981 16.167 19.382 19.435 19.752 18.066 17.352 17.907 16.560 17.777 15.533 16.162 14.197 14.417 12.873 10.005  6.980  9.631 12.195 10.650 10.840 14.321 15.355 14.686 16.786 19.454 19.675 19.395 20.154 17.365 16.620 13.189 13.395 13.691 10.664  7.713  5.704  5.818  6.974  9.849  9.621  6.487  3.809  0.000  3.872  6.783  9.125  7.825  9.246  9.132 11.763  9.949  8.061 11.452 10.859 14.420 16.526 17.065 13.922 13.037  9.653 10.043 10.409 11.496 13.810 14.688 18.287 20.199 23.080 25.758
 20.109 19.760 16.868 17.459 15.500 17.328 17.610 18.895 21.958 22.090 22.352 20.801 19.606 20.117 18.224 19.091 16.472 16.742 14.887 14.095 12.470  8.943  6.546  8.071 11.314 11.014 10.819 13.757 15.619 15.460 16.832 19.559 20.509 20.354 20.444 17.612 16.059 12.317 12.156 13.458 11.126  8.909  8.207  9.352 10.819 13.555 13.031  9.542  6.536  3.872  0.000  3.846  5.947  5.927  8.700 10.141 12.491 10.219  9.722 13.330 13.278 16.871 18.977 19.946 17.122 16.457 13.061 13.364 12.927 13.594 15.067 15.280 18.626 20.115 22.998 25.601
 19.417 19.228 16.730 17.552 15.583 17.847 17.971 19.736 22.484 22.369 22.268 20.739 18.934 19.361 16.997 17.672 15.038 15.452 14.307 12.886 10.605  6.794  4.869  4.731  8.290  9.007  8.556 10.785 13.164 13.560 14.377 16.915 18.441 18.600 18.266 15.749 13.831  9.961 10.383 12.484 10.455  9.553  9.308 11.625 13.314 16.509 16.254 12.990  9.707  6.783  3.846  0.000  3.842  5.700  8.212 10.410 13.092 11.530 11.823 15.014 14.545 17.797 19.377 20.468 18.166 17.543 14.227 14.656 13.505 14.422 15.151 15.464 18.516 19.719 22.687 25.257
 19.625 20.167 18.156 19.651 18.256 20.878 21.384 23.296 26.072 25.778 25.435 23.584 21.515 21.373 18.597 18.510 15.366 14.873 13.420 11.198  9.726  6.145  6.468  6.457  9.134 10.817 11.266 12.708 15.004 16.202 16.950 18.978 20.829 21.492 21.109 18.935 16.868 13.046 13.597 16.076 14.194 13.308 12.688 14.562 15.558 18.479 18.598 15.150 12.367  9.125  5.947  3.842  0.000  3.821  6.874 10.153 11.919 10.168 11.677 14.651 14.912 18.087 19.931 21.672 19.640 19.689 16.722 17.740 16.979 18.139 18.944 19.202 22.176 23.202 26.109 28.567
 17.312 18.060 16.062 17.889 17.036 19.786 20.901 22.873 25.819 25.329 24.844 22.592 20.716 20.143 17.491 17.150 13.798 12.868 10.667  8.995  8.384  5.444  6.009  8.021  9.903 10.675 12.125 14.027 15.471 16.686 18.218 20.010 21.327 22.200 22.461 20.393 18.930 15.114 15.993 17.874 15.327 13.800 12.178 13.276 13.372 16.021 16.735 13.453 11.393  7.825  5.927  5.700  3.821  0.000  3.824  6.941  8.305  6.398  8.058 10.906 11.519 14.775 16.997 19.013 16.925 17.475 14.882 16.513 16.577 18.229 19.744 20.474 23.752 25.125 28.066 30.606
 13.700 14.813 13.273 15.673 15.555 18.715 20.410 22.783 25.599 24.678 23.719 21.048 18.951 17.760 14.942 14.078 10.549  9.222  6.857  5.554  5.431  4.132  5.880  8.642  9.048  9.412 11.961 13.580 14.144 15.807 17.821 19.013 20.051 21.438 22.182 20.617 19.732 16.132 17.763 19.348 16.373 15.065 12.717 13.734 13.113 15.835 17.356 14.601 12.960  9.246  8.700  8.212  6.874  3.824  0.000  3.824  5.358  5.339  7.158  8.842  8.980 11.731 13.710 16.082 14.506 15.645 13.701 16.071 16.553 18.906 20.663 22.022 25.364 26.915 29.908 32.482
 11.046 11.874 10.150 12.687 13.134 16.297 18.534 20.970 23.773 22.630 21.515 18.558 16.761 15.286 12.898 12.162  8.954  7.986  5.194  6.298  6.356  6.407  6.881 10.426 10.280  9.234 12.260 14.289 13.934 15.228 17.925 18.952 19.266 20.673 22.060 20.633 20.438 17.096 18.981 19.889 16.473 14.898 11.829 12.239 10.816 13.397 15.572 13.477 12.491  9.132 10.141 10.410 10.153  6.941  3.824  0.000  3.847  5.460  5.520  6.171  5.304  8.020 10.108 12.440 10.823 12.345 10.977 13.912 15.110 17.919 20.175 22.048 25.518 27.363 30.347 32.979
 12.103 13.769 12.686 15.570 16.514 19.584 22.037 24.344 27.214 26.050 24.916 21.799 20.107 18.250 15.888 14.534 11.196  9.020  5.273  6.268  8.323  9.002 10.306 13.616 13.433 12.889 15.979 17.767 17.410 18.962 21.608 22.435 22.813 24.400 25.803 24.432 24.116 20.683 22.403 23.474 20.129 18.321 15.254 15.113 13.119 14.910 17.356 15.282 14.926 11.763 12.491 13.092 11.919  8.305  5.358  3.847  0.000  3.852  5.438  4.660  5.958  8.088 10.855 13.900 12.590 14.835 13.999 17.105 18.666 21.390 23.795 25.525 29.037 30.853 33.797 36.395
 15.642 16.883 15.186 17.521 17.760 20.465 22.484 24.377 27.468 26.723 26.073 23.278 21.849 20.561 18.320 17.477 14.114 12.310  8.776  8.709 10.192  9.404 10.139 13.361 14.217 13.904 16.328 18.502 18.831 20.005 22.390 23.776 24.353 25.487 26.557 24.695 23.951 20.284 21.383 22.581 19.467 17.250 14.549 14.148 12.486 14.038 15.857 13.267 12.943  9.949 10.219 11.530 10.168  6.398  5.339  5.460  3.852  0.000  3.829  5.457  7.791 10.845 13.967 16.571 14.535 16.191 14.655 17.189 18.602 20.766 23.163 24.389 27.920 29.653 32.525 35.088
 15.269 15.751 13.454 15.237 15.362 17.658 19.786 21.425 24.585 23.936 23.499 20.778 19.872 18.878 17.239 17.029 14.167 13.178  9.840 10.909 11.613 10.637 10.079 13.752 14.782 13.496 15.710 18.459 18.470 18.975 21.723 23.350 23.389 24.162 25.574 23.542 23.204 19.709 20.719 21.293 17.942 15.321 12.260 11.128  8.958 10.273 12.341 10.168 10.465  8.061  9.722 11.823 11.677  8.058  7.158  5.520  5.438  3.829  0.000  3.835  5.589  9.175 12.479 14.441 11.810 13.177 11.660 14.143 16.056 18.230 21.034 22.467 26.092 28.061 30.896 33.506
 13.337 14.243 12.571 14.856 15.915 18.371 21.061 22.925 25.920 24.903 24.080 20.990 20.086 18.460 16.951 16.238 13.552 12.143  8.629 10.683 12.156 12.367 12.408 16.156 16.388 14.909 17.705 20.159 19.525 20.306 23.358 24.484 24.234 25.391 27.195 25.564 25.618 22.298 23.726 24.162 20.615 18.194 14.795 13.525 10.655 11.467 14.357 12.974 13.717 11.452 13.330 15.014 14.651 10.906  8.842  6.171  4.660  5.457  3.835  0.000  3.850  6.406 10.046 12.524 10.503 12.856 12.444 15.559 17.929 20.554 23.516 25.350 28.969 31.026 33.862 36.484
 10.523 10.765  8.798 11.049 12.358 14.973 17.896 20.049 22.859 21.584 20.508 17.299 16.363 14.678 13.398 13.024 10.827 10.325  7.598 10.437 10.973 11.497 11.034 14.811 14.584 12.443 15.363 17.828 16.687 17.267 20.574 21.532 20.922 22.116 24.214 22.823 23.329 20.315 22.127 22.230 18.511 16.419 12.777 11.820  8.989 10.530 13.668 12.742 13.113 10.859 13.278 14.545 14.912 11.519  8.980  5.304  5.958  7.791  5.589  3.850  0.000  3.817  6.963  9.028  6.964  9.374  9.305 12.774 15.197 18.227 21.177 23.445 27.011 29.172 32.036 34.686
  8.333  8.829  7.925 10.620 13.002 15.653 19.032 21.398 23.870 22.193 20.677 17.167 16.231 13.865 12.902 12.052 10.503  9.980  7.948 11.541 12.385 13.866 13.802 17.366 16.422 14.150 17.383 19.444 17.637 18.415 21.911 22.303 21.338 22.897 25.373 24.461 25.396 22.684 24.864 24.809 21.027 19.258 15.535 14.644 11.659 12.825 16.325 15.982 16.528 14.420 16.871 17.797 18.087 14.775 11.731  8.020  8.088 10.845  9.175  6.406  3.817  0.000  3.797  6.604  6.011  9.473 10.773 14.514 17.127 20.472 23.416 26.039 29.513 31.725 34.559 37.185
  5.638  5.594  5.808  8.787 11.952 14.738 18.308 21.022 23.086 21.023 18.987 15.292 14.131 11.214 10.552  9.566  9.084  9.394  8.844 12.603 12.897 14.933 14.894 18.067 16.461 13.953 17.270 18.896 16.452 17.303 20.885 20.751 19.438 21.300 24.072 23.679 25.062 22.774 25.372 25.138 21.375 20.154 16.509 16.111 13.517 15.022 18.463 18.417 18.623 16.526 18.977 19.377 19.931 16.997 13.710 10.108 10.855 13.967 12.479 10.046  6.963  3.797  0.000  3.873  5.555  8.995 11.083 14.821 17.201 20.838 23.551 26.534 29.831 32.050 34.860 37.455
  7.721  5.558  4.882  6.305  9.853 12.046 15.798 18.430 20.222 18.012 15.912 12.224 11.716  9.101  9.759 10.013 10.684 12.129 12.067 15.659 15.216 16.814 16.014 19.031 17.539 14.431 17.247 19.082 16.336 16.431 20.188 20.132 18.178 19.667 22.806 22.483 24.362 22.502 25.090 24.300 20.552 19.444 15.878 15.351 12.952 14.348 17.672 18.270 18.573 17.065 19.946 20.468 21.672 19.013 16.082 12.440 13.900 16.571 14.441 12.524  9.028  6.604  3.873  0.000  3.829  6.553  9.579 12.994 15.548 19.207 21.983 25.235 28.398 30.734 33.433 35.995
 10.043  8.026  5.452  5.970  8.397 10.294 13.928 16.193 18.449 16.667 15.244 11.827 11.802 10.223 10.766 11.675 11.562 12.933 12.051 15.387 14.780 15.553 14.141 17.443 16.691 13.393 15.848 18.332 16.149 15.756 19.530 20.188 18.388 19.308 22.234 21.293 22.913 20.793 22.952 22.042 18.232 16.602 12.923 11.873  9.236 10.578 13.888 14.547 15.081 13.922 17.122 18.166 19.640 16.925 14.506 10.823 12.590 14.535 11.810 10.503  6.964  6.011  5.555  3.829  0.000  3.821  6.506 10.028 13.011 16.463 19.562 22.600 25.919 28.328 31.030 33.634
 12.526  9.750  6.383  4.566  5.622  6.689 10.299 12.434 14.697 13.085 11.993  8.925  9.616  9.276 10.535 12.584 12.894 14.992 14.424 17.327 15.975 16.078 13.868 16.823 16.449 12.775 14.413 17.212 15.167 13.902 17.649 18.728 16.620 16.886 19.871 18.699 20.569 18.789 20.759 19.359 15.641 14.095 10.672  9.690  7.866  9.602 12.240 13.275 13.544 13.037 16.457 17.543 19.689 17.475 15.645 12.345 14.835 16.191 13.177 12.856  9.374  9.473  8.995  6.553  3.821  0.000  3.822  6.703  9.788 13.163 16.301 19.478 22.679 25.169 27.795 30.385
 13.924 11.482  7.700  6.118  4.786  6.084  8.768 10.836 13.605 12.570 12.059  9.589  9.858 10.378 10.852 13.143 12.814 14.918 14.136 16.380 14.585 13.854 11.055 13.892 14.181 10.558 11.614 14.867 13.542 11.986 15.499 17.225 15.607 15.468 17.947 16.212 17.640 15.586 17.249 15.935 12.175 10.361  6.870  6.198  5.371  8.290 10.113 10.482 10.085  9.653 13.061 14.227 16.722 14.882 13.701 10.977 13.999 14.655 11.660 12.444  9.305 10.773 11.083  9.579  6.506  3.822  0.000  3.816  6.715 10.037 13.225 16.153 19.522 21.986 24.738 27.410
 17.395 14.709 10.974  8.577  5.748  4.923  6.094  7.441 10.541 10.194 10.632  9.303 10.341 12.119 13.013 15.862 15.766 18.134 17.482 19.330 17.145 15.791 12.429 14.624 15.498 11.951 11.783 15.265 14.418 11.957 15.042 17.346 15.612 14.556 16.807 14.606 16.130 14.492 15.613 13.626 10.149  8.254  5.672  5.060  6.249  8.882  9.280 10.024  9.313 10.043 13.364 14.656 17.740 16.513 16.071 13.912 17.105 17.189 14.143 15.559 12.774 14.514 14.821 12.994 10.028  6.703  3.816  0.000  3.841  6.605 10.066 13.011 16.288 18.874 21.514 24.181
 18.762 16.081 12.543 10.162  6.465  5.790  4.776  6.475  9.330  9.344  9.972  9.502  9.934 12.468 13.025 16.160 16.152 18.832 18.638 19.910 17.146 15.397 11.808 13.027 14.112 10.836  9.525 12.914 12.577  9.559 12.070 14.832 13.382 11.769 13.529 10.997 12.497 11.222 12.306 10.044  6.713  5.840  4.806  6.475  9.095 12.105 11.731 11.713  9.833 10.409 12.927 13.505 16.979 16.577 16.553 15.110 18.666 18.602 16.056 17.929 15.197 17.127 17.201 15.548 13.011  9.788  6.715  3.841  0.000  3.844  6.585  9.808 13.005 15.537 18.320 21.064
 22.511 19.895 16.347 13.928 10.229  8.833  6.464  6.144  8.905 10.153 11.855 12.400 13.212 16.089 16.666 19.811 19.668 22.225 21.855 22.800 19.988 17.721 13.954 14.650 16.408 13.623 11.514 14.832 15.221 11.972 13.589 16.831 15.663 13.335 14.370 11.236 12.264 11.371 11.301  8.342  6.085  5.067  6.302  7.605 10.970 13.457 11.965 11.943  9.926 11.496 13.594 14.422 18.139 18.229 18.906 17.919 21.390 20.766 18.230 20.554 18.227 20.472 20.838 19.207 16.463 13.163 10.037  6.605  3.844  0.000  3.835  6.532  9.748 12.474 15.145 17.926
 24.514 21.921 18.628 16.264 12.446 11.263  8.186  7.947  9.538 10.972 12.732 13.943 14.325 17.519 17.898 21.112 21.117 23.852 23.878 24.411 21.247 18.832 15.194 14.909 16.695 14.427 11.500 14.200 15.084 11.641 12.188 15.680 14.883 12.020 12.200  8.786  9.615  9.670  9.212  5.626  5.074  6.250  8.811 10.994 14.510 17.177 15.543 15.125 12.588 13.810 15.067 15.151 18.944 19.744 20.663 20.175 23.795 23.163 21.034 23.516 21.177 23.416 23.551 21.983 19.562 16.301 13.225 10.066  6.585  3.835  0.000  3.823  6.546  9.254 12.104 14.972
 27.518 25.175 21.843 19.732 15.939 14.886 11.879 11.116 12.579 14.419 16.446 17.733 18.027 21.111 21.185 24.192 23.829 26.287 26.074 26.207 23.097 20.236 16.642 15.957 18.342 16.661 13.448 16.001 17.598 14.473 14.367 18.073 17.853 14.965 14.342 10.671 10.295 10.311  8.413  4.979  6.410  7.264 10.705 12.703 16.455 18.896 16.654 15.827 13.120 14.688 15.280 15.464 19.202 20.474 22.022 22.048 25.525 24.389 22.467 25.350 23.445 26.039 26.534 25.235 22.600 19.478 16.153 13.011  9.808  6.532  3.823  0.000  3.862  6.626  9.573 12.527
 30.576 28.135 24.933 22.673 18.867 17.572 14.201 13.123 13.774 15.932 18.113 19.940 20.303 23.609 23.818 26.916 26.778 29.374 29.385 29.404 26.158 23.321 19.865 18.753 21.002 19.563 16.120 18.136 19.837 16.643 15.891 19.468 19.323 16.105 14.958 11.575 11.159 12.202 10.023  6.866  9.435 10.894 14.331 16.333 20.039 22.367 20.005 19.329 16.729 18.287 18.626 18.516 22.176 23.752 25.364 25.518 29.037 27.920 26.092 28.969 27.011 29.513 29.831 28.398 25.919 22.679 19.522 16.288 13.005  9.748  6.546  3.862  0.000  3.820  6.362  9.367
 32.519 30.197 27.119 24.976 21.208 20.080 16.743 15.787 16.179 18.171 20.320 22.228 22.389 25.660 25.706 28.698 28.509 31.044 31.129 30.903 27.604 24.683 21.419 19.918 22.201 21.149 17.603 19.226 21.194 18.221 16.993 20.460 20.649 17.473 15.845 12.707 11.832 13.161 10.714  8.387 11.404 13.108 16.600 18.766 22.484 24.871 22.468 21.568 18.824 20.199 20.115 19.719 23.202 25.125 26.915 27.363 30.853 29.653 28.061 31.026 29.172 31.725 32.050 30.734 28.328 25.169 21.986 18.874 15.537 12.474  9.254  6.626  3.820  0.000  3.872  7.042
 35.383 32.996 29.931 27.676 23.942 22.568 19.109 17.840 17.868 20.085 22.413 24.581 24.950 28.296 28.504 31.540 31.448 34.016 34.112 33.895 30.617 27.700 24.471 22.954 25.197 24.180 20.659 22.155 24.071 21.087 19.748 23.047 23.166 19.907 18.206 15.399 14.656 16.206 13.758 11.605 14.564 16.124 19.546 21.482 25.136 27.315 24.765 24.049 21.530 23.080 22.998 22.687 26.109 28.066 29.908 30.347 33.797 32.525 30.896 33.862 32.036 34.559 34.860 33.433 31.030 27.795 24.738 21.514 18.320 15.145 12.104  9.573  6.362  3.872  0.000  3.786
