  0.000  3.832  6.697 10.292 13.214 16.659 19.741 23.040 24.677 22.544 19.819 16.194 13.889 10.396  8.327  5.524  5.453  5.836  7.612 10.767 10.716 13.726 14.525 16.818 14.175 12.431 16.053 16.614 13.897 15.741 18.921 18.031 17.140 19.861 22.310 22.440 23.561 21.506 24.656 25.069 21.683 21.187 17.989 18.766 17.019 19.265 22.340 21.841 21.292 18.555 20.109 19.236 19.390 17.268 13.660 10.953 11.929 15.528 15.225 13.332 10.565  8.487  5.724  7.692 10.057 12.602 13.877 17.407 18.751 22.453 24.458 27.368 30.247 31.870 34.017 35.482
  3.832  0.000  3.827  6.852 10.087 13.310 16.483 19.783 21.201 18.951 16.159 12.497 10.421  6.899  5.798  4.687  6.302  8.422  9.997 13.170 12.259 14.563 14.386 16.656 14.259 11.659 14.832 15.759 12.676 13.710 17.198 16.466 14.891 17.278 20.121 20.255 21.876 20.173 23.328 23.209 19.763 19.391 16.207 16.945 15.425 17.772 20.677 20.608 20.089 17.818 19.850 19.129 20.022 18.085 14.854 11.829 13.647 16.849 15.762 14.254 10.815  8.939  5.646  5.472  7.996  9.817 11.450 14.739 16.128 19.906 21.971 25.142 27.916 29.606 31.782 33.248
  6.697  3.827  0.000  3.818  6.726 10.046 13.274 16.469 18.237 16.276 13.888 10.243  8.539  6.034  5.390  6.327  7.003  9.469 10.140 13.170 11.781 13.140 12.082 14.637 12.958  9.734 12.524 14.259 11.568 11.789 15.520 15.605 13.927 15.632 18.444 17.978 19.581 17.722 20.591 20.216 16.618 15.938 12.634 13.218 11.851 14.408 17.096 17.087 16.563 14.595 16.981 16.624 18.037 16.113 13.365 10.173 12.680 15.273 13.567 12.696  8.948  8.133  5.958  4.858  5.456  6.442  7.660 10.978 12.534 16.310 18.613 21.776 24.660 26.455 28.626 30.106
 10.292  6.852  3.818  0.000  3.821  6.523  9.936 13.080 14.626 12.588 10.275  6.616  5.780  4.711  6.199  8.796 10.134 13.026 13.653 16.452 14.617 15.273 13.357 15.631 14.433 10.743 12.520 14.628 11.933 10.941 14.761 15.201 12.851 13.793 16.943 16.359 18.499 17.124 19.809 18.758 15.209 14.670 11.606 12.070 11.232 13.761 15.989 16.526 16.049 14.838 17.615 17.470 19.568 17.959 15.791 12.735 15.605 17.667 15.405 15.019 11.226 10.832  8.960  6.388  6.037  4.683  6.129  8.587 10.177 13.924 16.303 19.735 22.451 24.312 26.486 27.952
 13.214 10.087  6.726  3.821  0.000  3.823  6.615  9.952 11.865 10.267  8.534  5.708  5.069  6.368  7.504 10.773 11.627 14.688 15.160 17.354 14.950 14.696 12.021 13.879 13.370  9.532 10.208 12.807 10.728  8.726 12.398 13.643 11.407 11.471 14.359 13.225 15.382 14.138 16.558 15.180 11.672 11.302  8.662  9.655  9.978 12.972 14.380 14.727 13.736 12.932 15.675 15.519 18.191 17.102 15.668 13.161 16.539 17.907 15.508 16.043 12.495 13.165 12.071  9.886  8.403  5.650  4.757  5.777  6.513 10.245 12.512 15.980 18.689 20.593 22.824 24.366
 16.659 13.310 10.046  6.523  3.823  0.000  3.832  6.675  8.485  7.064  6.223  4.570  6.329  8.838 10.900 14.339 15.420 18.454 18.727 20.953 18.576 17.971 14.923 16.614 16.600 12.824 12.684 15.449 13.661 10.893 14.128 15.707 13.079 12.130 15.091 13.715 16.268 15.545 17.427 15.284 12.075 11.622  9.572  9.885 10.623 13.023 13.804 14.886 14.255 14.450 17.478 17.755 20.799 19.819 18.808 16.322 19.624 20.633 17.826 18.515 15.115 15.818 14.885 12.149 10.353  6.750  6.124  4.939  5.826  8.866 11.361 14.989 17.435 19.413 21.539 22.998
 19.741 16.483 13.274  9.936  6.615  3.832  0.000  3.838  5.788  5.402  5.826  6.425  7.957 11.299 13.113 16.754 17.759 20.927 21.319 23.094 20.338 19.216 15.858 16.854 17.280 13.788 12.570 15.257 14.049 10.615 13.079 15.166 12.684 10.702 13.219 11.493 14.217 14.110 15.569 12.867 10.239 10.433  9.651 10.553 12.420 14.901 14.767 15.644 14.499 15.152 17.830 17.938 21.347 20.963 20.512 18.555 22.081 22.684 19.979 21.215 18.032 19.162 18.397 15.835 13.946 10.323  8.808  6.204  4.942  6.644  8.429 12.125 14.239 16.200 18.374 19.914
 23.040 19.783 16.469 13.080  9.952  6.675  3.838  0.000  3.852  5.618  7.786  9.291 11.474 14.792 16.739 20.332 21.210 24.228 24.313 26.063 23.409 21.974 18.422 19.411 20.311 16.955 15.414 18.254 17.439 13.891 15.905 18.278 15.905 13.426 15.516 13.457 15.997 16.094 16.814 13.664 11.589 11.420 11.247 11.423 13.508 15.348 14.493 15.837 15.050 16.526 19.294 19.862 23.432 23.086 23.025 21.138 24.550 24.773 21.817 23.242 20.314 21.620 21.174 18.509 16.286 12.521 11.032  7.686  6.746  6.597  8.383 11.630 13.380 15.359 17.284 18.684
 24.677 21.201 18.237 14.626 11.865  8.485  5.788  3.852  0.000  3.840  6.723  9.436 11.974 15.522 17.939 21.653 23.042 26.301 26.750 28.606 25.846 24.660 21.231 21.972 22.527 19.177 17.591 19.975 18.845 15.204 16.949 18.899 16.148 13.432 15.702 14.289 17.313 18.077 18.962 15.645 14.045 14.494 14.495 14.873 16.774 18.505 17.790 19.298 18.531 19.894 22.569 22.866 26.429 26.195 25.948 23.978 27.418 27.897 24.991 26.195 23.073 24.006 23.121 20.145 18.415 14.696 13.801 10.831  9.842  9.704 10.568 13.670 14.711 16.440 18.231 19.516
 22.544 18.951 16.276 12.588 10.267  7.064  5.402  5.618  3.840  0.000  3.811  6.808  9.573 13.046 15.773 19.475 21.213 24.586 25.303 27.356 24.644 23.873 20.679 21.538 21.600 18.117 16.966 19.115 17.465 14.020 16.119 17.570 14.469 12.199 15.027 14.161 17.471 18.185 19.632 16.597 14.634 15.230 14.673 15.215 16.684 18.592 18.485 19.961 19.211 20.092 22.834 22.896 26.286 25.884 25.216 23.022 26.428 27.309 24.498 25.349 21.988 22.526 21.245 18.119 16.843 13.282 12.930 10.633  9.990 10.895 11.921 15.348 16.575 18.245 20.130 21.418
 19.819 16.159 13.888 10.275  8.534  6.223  5.826  7.786  6.723  3.811  0.000  3.835  6.464  9.873 12.870 16.545 18.674 22.188 23.285 25.459 22.760 22.465 19.616 20.498 19.966 16.438 15.787 17.556 15.330 12.232 14.684 15.498 12.072 10.526 13.914 13.701 17.180 17.800 19.878 17.268 14.985 15.812 14.765 15.672 16.757 18.992 19.503 20.735 19.851 20.090 22.749 22.442 25.578 25.076 23.958 21.631 25.006 26.330 23.758 24.270 20.688 20.828 19.072 15.922 15.272 12.071 12.188 10.835 10.341 12.254 13.316 16.971 18.434 20.087 22.138 23.515
 16.194 12.497 10.243  6.616  5.708  4.570  6.425  9.291  9.436  6.808  3.835  0.000  3.826  6.600  9.796 13.336 15.471 18.877 19.927 22.349 19.913 20.001 17.440 18.788 17.928 14.237 14.409 16.283 13.669 11.168 14.332 14.885 11.555 11.083 14.670 14.434 17.577 17.499 19.928 17.839 14.964 15.334 13.475 14.235 14.660 16.991 18.151 19.259 18.549 18.308 21.085 20.810 23.630 22.739 21.215 18.606 21.815 23.442 20.942 21.098 17.408 17.264 15.346 12.202 11.800  8.939  9.630  9.403  9.753 12.636 14.328 18.061 20.059 21.829 23.963 25.384
 13.889 10.421  8.539  5.780  5.069  6.329  7.957 11.474 11.974  9.573  6.464  3.826  0.000  3.843  6.472 10.174 12.439 16.065 17.608 19.746 17.071 17.413 15.227 16.235 14.860 11.362 11.821 13.149 10.179  8.171 11.494 11.578  8.384  8.870 12.456 12.650 15.595 15.405 18.334 16.817 13.932 14.766 12.914 14.476 15.019 17.901 19.261 19.687 18.448 17.490 19.790 18.917 21.479 20.820 19.093 16.777 20.099 21.952 19.964 20.169 16.465 16.374 14.241 11.722 11.767  9.600  9.766 10.303  9.998 13.215 14.458 18.076 20.177 21.838 24.106 25.643
 10.396  6.899  6.034  4.711  6.368  8.838 11.299 14.792 15.522 13.046  9.873  6.600  3.843  0.000  3.819  6.973  9.756 13.286 15.132 17.578 15.312 16.447 14.983 16.355 14.331 11.028 12.652 13.604 10.162  9.560 13.057 12.432  9.691 11.413 14.807 15.276 17.793 17.117 20.320 19.370 16.269 16.780 14.368 15.744 15.519 18.313 20.312 20.586 19.552 18.026 20.235 19.260 21.251 20.205 17.865 15.290 18.231 20.634 18.966 18.570 14.816 14.074 11.399  9.188 10.260  9.349 10.309 12.090 12.470 16.033 17.540 21.038 23.357 25.000 27.249 28.761
  8.327  5.798  5.390  6.199  7.504 10.900 13.113 16.739 17.939 15.773 12.870  9.796  6.472  3.819  0.000  3.814  6.260  9.982 12.221 14.266 11.827 13.257 12.366 13.572 11.074  8.181 10.516 11.020  7.543  8.260 11.648 10.849  9.171 11.642 14.393 14.806 16.641 15.484 18.902 18.654 15.566 16.134 13.723 15.575 15.394 18.520 20.593 20.204 18.788 16.615 18.282 16.863 18.423 17.507 14.989 12.819 15.774 18.284 17.210 16.955 13.443 13.031 10.631  9.702 10.685 10.518 10.694 12.953 12.996 16.570 17.869 21.047 23.534 25.093 27.377 28.951
  5.524  4.687  6.327  8.796 10.773 14.339 16.754 20.332 21.653 19.475 16.545 13.336 10.174  6.973  3.814  0.000  3.827  7.153 10.084 12.140 10.289 12.715 12.923 14.234 11.171  9.219 12.348 12.286  9.036 11.003 13.963 12.687 11.788 14.771 17.139 17.712 19.063 17.566 21.046 21.342 18.285 18.663 16.077 17.803 17.143 20.111 22.552 21.894 20.574 17.912 19.215 17.626 18.416 17.259 14.203 12.157 14.463 17.474 17.044 16.285 13.111 12.211  9.626  9.907 11.607 12.592 13.039 15.851 16.167 19.755 21.099 24.070 26.653 28.146 30.388 31.937
  5.453  6.302  7.003 10.134 11.627 15.420 17.759 21.210 23.042 21.213 18.674 15.471 12.439  9.756  6.260  3.827  0.000  3.824  6.687  8.387  6.590  9.339 10.208 11.817  8.853  7.542 11.230 11.401  9.087 11.519 14.289 13.633 13.564 16.316 18.137 18.131 18.765 16.597 19.852 20.670 17.565 17.544 14.886 16.611 15.849 18.862 21.302 20.131 18.699 15.618 16.513 14.898 15.177 13.848 10.626  8.938 11.137 14.091 14.166 13.629 10.949 10.740  9.208 10.642 11.550 12.925 12.709 15.752 16.099 19.542 20.977 23.582 26.387 27.873 30.067 31.622
  5.836  8.422  9.469 13.026 14.688 18.454 20.927 24.228 26.301 24.586 22.188 18.877 16.065 13.286  9.982  7.153  3.824  0.000  3.878  5.448  5.403  8.988 10.984 12.882 10.187  9.858 13.659 13.830 12.207 14.869 17.389 16.852 17.182 19.924 21.483 21.272 21.447 18.874 21.861 23.090 20.003 19.566 16.796 18.166 16.957 19.625 22.283 20.832 19.626 16.253 16.773 15.341 14.713 12.932  9.290  7.972  8.937 12.242 13.136 12.177 10.386 10.130  9.392 11.997 12.863 14.976 14.807 18.116 18.771 22.101 23.696 26.031 28.971 30.434 32.541 34.049
  7.612  9.997 10.140 13.653 15.160 18.727 21.319 24.313 26.750 25.303 23.285 19.927 17.608 15.132 12.221 10.084  6.687  3.878  0.000  3.840  5.542  8.325 10.280 12.977 11.282 10.828 14.502 15.469 14.406 16.567 19.237 19.361 19.636 21.924 23.443 22.648 22.580 19.572 22.087 23.345 20.100 18.965 15.952 16.709 15.039 17.310 20.080 18.491 17.681 14.309 14.928 14.234 13.314 10.732  6.915  5.193  5.164  8.696  9.766  8.606  7.589  7.991  8.743 11.885 11.934 14.375 14.043 17.480 18.591 21.763 23.740 25.868 29.011 30.566 32.579 34.032
 10.767 13.170 13.170 16.452 17.354 20.953 23.094 26.063 28.606 27.356 25.459 22.349 19.746 17.578 14.266 12.140  8.387  5.448  3.840  0.000  3.837  6.535  9.647 11.627 10.091 10.944 14.305 14.800 14.550 17.117 19.161 19.387 20.384 22.681 23.606 22.734 22.051 18.854 21.191 23.025 20.157 19.226 16.741 17.960 16.841 19.304 21.644 19.476 18.156 14.478 14.093 12.847 11.085  9.030  5.546  6.238  6.026  8.433 10.680 10.521 10.361 11.541 12.526 15.518 15.286 17.304 16.304 19.369 19.916 22.736 24.298 25.997 29.065 30.449 32.403 33.866
 10.716 12.259 11.781 14.617 14.950 18.576 20.338 23.409 25.846 24.644 22.760 19.913 17.071 15.312 11.827 10.289  6.590  5.403  5.542  3.837  0.000  3.841  6.833  8.292  6.317  7.375 10.666 10.984 10.900 13.523 15.384 15.724 16.905 19.114 19.857 19.018 18.326 15.252 17.826 19.643 16.891 16.432 14.271 16.153 15.737 18.747 20.717 18.507 16.618 12.929 12.468 10.520  9.508  8.371  5.391  6.262  8.112  9.954 11.415 12.050 10.967 12.480 12.922 15.169 14.753 16.026 14.550 17.243 17.208 19.960 21.171 22.901 25.855 27.194 29.231 30.767
 13.726 14.563 13.140 15.273 14.696 17.971 19.216 21.974 24.660 23.873 22.465 20.001 17.413 16.447 13.257 12.715  9.339  8.988  8.325  6.535  3.841  0.000  3.832  5.235  5.118  6.547  8.830  9.827 10.877 12.838 14.339 15.559 16.979 18.531 18.830 17.359 16.158 12.695 14.758 16.808 14.239 13.583 11.899 14.017 14.239 17.388 18.762 16.130 13.782 10.048  8.952  6.729  5.915  5.431  4.111  6.337  8.865  9.225 10.450 12.282 11.498 13.958 14.960 16.773 15.524 16.113 13.821 15.903 15.460 17.691 18.727 20.025 23.016 24.328 26.304 27.853
 14.525 14.386 12.082 13.357 12.021 14.923 15.858 18.422 21.231 20.679 19.616 17.440 15.227 14.983 12.366 12.923 10.208 10.984 10.280  9.647  6.833  3.832  0.000  3.846  5.379  4.974  6.321  8.677  9.862 10.701 12.459 14.414 15.402 16.290 16.698 14.717 13.729 10.169 12.058 13.608 10.735  9.822  8.134 10.547 11.385 14.817 15.777 13.240 10.583  7.086  6.682  4.802  6.341  6.063  5.923  6.817 10.249 10.137 10.013 12.393 11.048 13.873 14.877 15.916 14.060 13.835 10.974 12.510 11.824 13.903 15.061 16.453 19.567 21.039 23.085 24.687
 16.818 16.656 14.637 15.631 13.879 16.614 16.854 19.411 21.972 21.538 20.498 18.788 16.235 16.355 13.572 14.234 11.817 12.882 12.977 11.627  8.292  5.235  3.846  0.000  3.847  5.428  5.071  6.283  8.799  9.906 10.476 12.578 14.395 15.200 14.785 12.903 11.189  7.612  9.686 11.968  9.936 10.206  9.854 12.997 14.579 18.111 18.602 15.940 12.749  9.660  8.193  4.754  6.374  8.103  8.692 10.353 13.541 13.324 13.654 16.117 14.806 17.431 18.045 18.920 17.343 16.770 13.770 14.674 13.035 14.568 14.755 15.716 18.477 19.663 21.724 23.399
 14.175 14.259 12.958 14.433 13.370 16.600 17.280 20.311 22.527 21.600 19.966 17.928 14.860 14.331 11.074 11.171  8.853 10.187 11.282 10.091  6.317  5.118  5.379  3.847  0.000  3.860  5.383  4.923  6.340  8.779  9.659 10.624 12.518 14.228 14.209 13.268 12.220  9.368 12.332 14.285 12.100 12.817 11.858 14.938 15.983 19.582 20.649 18.368 15.533 12.293 11.451  8.312  9.006  9.978  9.080 10.181 13.284 14.112 14.673 16.334 14.591 16.502 16.447 17.445 16.626 16.469 14.116 15.622 14.229 16.431 16.687 18.212 20.832 22.002 24.149 25.818
 12.431 11.659  9.734 10.743  9.532 12.824 13.788 16.955 19.177 18.117 16.438 14.237 11.362 11.028  8.181  9.219  7.542  9.858 10.828 10.944  7.375  6.547  4.974  5.428  3.860  0.000  3.848  5.401  5.118  6.458  8.745  9.992 10.718 12.184 13.043 11.929 11.871  9.242 12.365 13.330 10.422 10.862  9.222 12.182 13.125 16.810 18.021 16.256 13.727 10.854 11.238  9.020 10.732 10.787  9.505  9.193 12.814 13.923 13.512 14.949 12.520 14.274 13.966 14.354 13.357 12.824 10.534 12.112 10.982 13.685 14.463 16.608 19.409 20.856 23.114 24.802
 16.053 14.832 12.524 12.520 10.208 12.684 12.570 15.414 17.591 16.966 15.787 14.409 11.821 12.652 10.516 12.348 11.230 13.659 14.502 14.305 10.666  8.830  6.321  5.071  5.383  3.848  0.000  3.841  5.402  5.044  6.247  8.792  9.874 10.307 10.399  8.625  8.172  5.505  8.770  9.656  7.136  8.538  8.233 11.854 13.848 17.612 18.049 16.200 13.142 10.899 10.966  8.517 11.153 12.164 11.997 12.165 15.880 16.312 15.657 17.682 15.373 17.457 17.265 17.151 15.754 14.380 11.499 11.857  9.606 11.501 11.479 13.336 15.959 17.337 19.675 21.474
 16.614 15.759 14.259 14.628 12.807 15.449 15.257 18.254 19.975 19.115 17.556 16.283 13.149 13.604 11.020 12.286 11.401 13.830 15.469 14.800 10.984  9.827  8.677  6.283  4.923  5.401  3.841  0.000  3.845  5.411  4.904  6.364  8.751 10.011  9.422  8.838  8.077  6.393 10.063 11.501  9.962 12.052 12.056 15.667 17.498 21.261 21.846 19.936 16.826 14.358 13.853 10.736 12.559 14.073 13.632 14.224 17.675 18.454 18.394 20.157 17.886 19.591 18.973 19.070 18.313 17.263 14.802 15.371 13.028 14.821 14.191 15.830 17.960 19.000 21.289 23.062
 13.897 12.676 11.568 11.933 10.728 13.661 14.049 17.439 18.845 17.465 15.330 13.669 10.179 10.162  7.543  9.036  9.087 12.207 14.406 14.550 10.900 10.877  9.862  8.799  6.340  5.118  5.402  3.845  0.000  3.854  5.336  5.099  6.270  8.599  9.387  9.702 10.394  9.355 13.116 13.741 11.619 13.457 12.626 15.884 17.183 20.884 21.951 20.559 17.918 15.494 15.788 13.146 14.899 15.585 14.270 13.940 17.379 18.861 18.506 19.614 16.836 17.869 16.603 16.387 16.203 15.296 13.541 14.563 12.732 15.252 15.134 17.492 19.662 20.867 23.208 24.933
 15.741 13.710 11.789 10.941  8.726 10.893 10.615 13.891 15.204 14.020 12.232 11.168  8.171  9.560  8.260 11.003 11.519 14.869 16.567 17.117 13.523 12.838 10.701  9.906  8.779  6.458  5.044  5.411  3.854  0.000  3.849  5.437  5.061  5.749  7.089  6.766  8.471  8.048 11.576 11.213  8.994 11.173 10.728 14.022 15.831 19.498 20.138 19.108 16.488 14.790 15.610 13.494 16.067 16.731 15.871 15.179 18.895 20.029 19.000 20.362 17.370 18.588 17.410 16.458 15.774 13.998 11.967 12.099  9.743 12.037 11.759 14.443 16.530 17.890 20.330 22.114
 18.921 17.198 15.520 14.761 12.398 14.128 13.079 15.905 16.949 16.119 14.684 14.332 11.494 13.057 11.648 13.963 14.289 17.389 19.237 19.161 15.384 14.339 12.459 10.476  9.659  8.745  6.247  4.904  5.336  3.849  0.000  3.841  5.565  5.573  4.577  4.788  5.809  6.607 10.143 10.192  9.279 12.341 12.953 16.561 18.836 22.537 22.775 21.439 18.414 16.777 16.886 14.263 16.767 18.217 17.859 17.856 21.525 22.361 21.683 23.377 20.654 22.088 21.017 20.240 19.547 17.725 15.439 15.124 12.180 13.558 12.209 14.193 15.719 16.713 19.130 20.959
 18.031 16.466 15.605 15.201 13.643 15.707 15.166 18.278 18.899 17.570 15.498 14.885 11.578 12.432 10.849 12.687 13.633 16.852 19.361 19.387 15.724 15.559 14.414 12.578 10.624  9.992  8.792  6.364  5.099  5.437  3.841  0.000  3.845  6.042  5.823  7.960  9.278 10.182 13.788 13.992 12.991 15.835 15.915 19.354 21.157 24.840 25.512 24.316 21.489 19.542 19.693 16.885 18.876 20.125 19.167 18.993 22.450 23.835 23.406 24.612 21.724 22.600 20.991 20.271 20.296 18.885 17.228 17.460 14.962 16.813 15.706 17.895 19.270 20.141 22.458 24.170
 17.140 14.891 13.927 12.851 11.407 13.079 12.684 15.905 16.148 14.469 12.072 11.555  8.384  9.691  9.171 11.788 13.564 17.182 19.636 20.384 16.905 16.979 15.402 14.395 12.518 10.718  9.874  8.751  6.270  5.061  5.565  3.845  0.000  3.833  6.078  8.290 10.900 11.913 15.389 14.724 13.227 15.801 15.462 18.509 20.100 23.609 24.411 23.764 21.336 19.755 20.621 18.350 20.666 21.370 20.126 19.234 22.756 24.369 23.422 24.317 21.064 21.571 19.619 18.280 18.462 16.761 15.596 15.717 13.529 15.696 15.005 17.791 19.201 20.289 22.640 24.315
 19.861 17.278 15.632 13.793 11.471 12.130 10.702 13.426 13.432 12.199 10.526 11.083  8.870 11.413 11.642 14.771 16.316 19.924 21.924 22.681 19.114 18.531 16.290 15.200 14.228 12.184 10.307 10.011  8.599  5.749  5.573  6.042  3.833  0.000  3.853  5.699  9.172 10.960 13.879 12.440 11.404 14.312 14.634 17.655 19.778 23.190 23.453 22.980 20.492 19.529 20.537 18.573 21.405 22.296 21.573 20.708 24.424 25.598 24.282 25.546 22.320 23.178 21.532 19.827 19.436 17.074 15.531 14.725 11.992 13.437 12.226 14.983 16.043 17.140 19.528 21.252
 22.310 20.121 18.444 16.943 14.359 15.091 13.219 15.516 15.702 15.027 13.914 14.670 12.456 14.807 14.393 17.139 18.137 21.483 23.443 23.606 19.857 18.830 16.698 14.785 14.209 13.043 10.399  9.422  9.387  7.089  4.577  5.823  6.078  3.853  0.000  3.824  6.570  9.314 11.957 10.939 10.997 14.480 15.619 19.011 21.560 25.090 24.993 24.077 21.163 20.152 20.515 18.172 20.954 22.474 22.240 22.013 25.747 26.566 25.573 27.246 24.322 25.576 24.238 22.897 22.277 19.963 17.907 16.881 13.649 14.354 12.280 14.215 14.846 15.601 17.968 19.750
 22.440 20.255 17.978 16.359 13.225 13.715 11.493 13.457 14.289 14.161 13.701 14.434 12.650 15.276 14.806 17.712 18.131 21.272 22.648 22.734 19.018 17.359 14.717 12.903 13.268 11.929  8.625  8.838  9.702  6.766  4.788  7.960  8.290  5.699  3.824  0.000  3.897  6.508  8.665  7.207  7.397 11.019 12.681 16.108 19.022 22.503 22.029 20.964 17.926 17.236 17.589 15.565 18.703 20.277 20.530 20.434 24.236 24.582 23.400 25.452 22.754 24.475 23.656 22.389 21.154 18.613 16.023 14.559 11.002 11.147  8.818 10.558 11.534 12.567 15.130 17.096
 23.561 21.876 19.581 18.499 15.382 16.268 14.217 15.997 17.313 17.471 17.180 17.577 15.595 17.793 16.641 19.063 18.765 21.447 22.580 22.051 18.326 16.158 13.729 11.189 12.220 11.871  8.172  8.077 10.394  8.471  5.809  9.278 10.900  9.172  6.570  3.897  0.000  3.894  5.621  5.675  6.943 10.599 12.841 16.491 19.588 23.120 22.439 20.779 17.358 16.431 15.975 13.589 16.546 18.709 19.508 20.116 23.795 23.717 22.951 25.391 23.144 25.284 24.898 24.146 22.679 20.419 17.408 16.102 12.512 12.241  9.692 10.265 11.308 12.047 14.497 16.505
 21.506 20.173 17.722 17.124 14.138 15.545 14.110 16.094 18.077 18.185 17.800 17.499 15.405 17.117 15.484 17.566 16.597 18.874 19.572 18.854 15.252 12.695 10.169  7.612  9.368  9.242  5.505  6.393  9.355  8.048  6.607 10.182 11.913 10.960  9.314  6.508  3.894  0.000  3.843  5.498  5.337  8.245 10.216 13.958 16.908 20.486 19.949 17.889 14.339 12.989 12.243  9.739 12.746 14.896 15.903 16.766 20.360 20.046 19.433 22.049 20.103 22.541 22.578 22.249 20.529 18.604 15.332 14.459 11.224 11.339  9.688 10.252 12.259 13.278 15.629 17.582
 24.656 23.328 20.591 19.809 16.558 17.427 15.569 16.814 18.962 19.632 19.878 19.928 18.334 20.320 18.902 21.046 19.852 21.861 22.087 21.191 17.826 14.758 12.058  9.686 12.332 12.365  8.770 10.063 13.116 11.576 10.143 13.788 15.389 13.879 11.957  8.665  5.621  3.843  0.000  3.841  5.564  7.945 10.966 14.334 17.677 20.957 19.775 17.520 13.839 13.181 12.055 10.144 13.292 15.744 17.526 18.682 22.121 21.178 20.474 23.506 21.943 24.748 25.207 24.877 22.731 20.609 17.057 15.628 12.324 11.300  9.188  8.340 10.154 10.976 13.173 15.192
 25.069 23.209 20.216 18.758 15.180 15.284 12.867 13.664 15.645 16.597 17.268 17.839 16.817 19.370 18.654 21.342 20.670 23.090 23.345 23.025 19.643 16.808 13.608 11.968 14.285 13.330  9.656 11.501 13.741 11.213 10.192 13.992 14.724 12.440 10.939  7.207  5.675  5.498  3.841  0.000  3.835  6.813 10.188 13.298 16.896 20.032 18.592 16.953 13.577 13.713 13.571 12.384 15.932 17.811 19.308 19.795 23.412 22.630 21.319 24.194 22.274 24.901 25.168 24.284 22.027 19.395 15.942 13.816 10.212  8.510  5.714  5.070  7.026  8.447 11.089 13.311
 21.683 19.763 16.618 15.209 11.672 12.075 10.239 11.589 14.045 14.634 14.985 14.964 13.932 16.269 15.566 18.285 17.565 20.003 20.100 20.157 16.891 14.239 10.735  9.936 12.100 10.422  7.136  9.962 11.619  8.994  9.279 12.991 13.227 11.404 10.997  7.397  6.943  5.337  5.564  3.835  0.000  3.819  6.579  9.924 13.362 16.672 15.646 14.118 10.863 10.739 11.304 10.412 14.138 15.358 16.444 16.472 20.158 19.604 18.036 20.715 18.619 21.179 21.468 20.576 18.245 15.678 12.184 10.311  6.842  6.124  4.952  6.294  9.267 11.071 13.594 15.608
 21.187 19.391 15.938 14.670 11.302 11.622 10.433 11.420 14.494 15.230 15.812 15.334 14.766 16.780 16.134 18.663 17.544 19.566 18.965 19.226 16.432 13.583  9.822 10.206 12.817 10.862  8.538 12.052 13.457 11.173 12.341 15.835 15.801 14.312 14.480 11.019 10.599  8.245  7.945  6.813  3.819  0.000  3.828  6.609 10.229 13.335 12.093 10.388  7.157  7.618  8.870  9.223 13.016 13.573 14.891 14.705 18.184 17.233 15.280 18.150 16.372 19.253 20.101 19.363 16.522 14.058 10.322  8.418  5.898  5.178  6.159  7.260 10.754 12.747 14.947 16.731
 17.989 16.207 12.634 11.606  8.662  9.572  9.651 11.247 14.495 14.673 14.765 13.475 12.914 14.368 13.723 16.077 14.886 16.796 15.952 16.741 14.271 11.899  8.134  9.854 11.858  9.222  8.233 12.056 12.626 10.728 12.953 15.915 15.462 14.634 15.619 12.681 12.841 10.216 10.966 10.188  6.579  3.828  0.000  3.822  6.878 10.374 10.047  8.576  5.980  5.702  8.249  9.061 12.481 12.024 12.604 11.670 15.151 14.583 12.260 14.771 12.733 15.523 16.447 15.773 12.813 10.589  6.793  5.805  4.805  6.337  8.739 10.710 14.134 16.134 18.249 19.873
 18.766 16.945 13.218 12.070  9.655  9.885 10.553 11.423 14.873 15.215 15.672 14.235 14.476 15.744 15.575 17.803 16.611 18.166 16.709 17.960 16.153 14.017 10.547 12.997 14.938 12.182 11.854 15.667 15.884 14.022 16.561 19.354 18.509 17.655 19.011 16.108 16.491 13.958 14.334 13.298  9.924  6.609  3.822  0.000  3.824  6.810  6.303  5.478  4.513  5.800  9.351 11.378 14.388 13.127 13.644 12.137 15.091 14.273 11.222 13.564 11.803 14.638 16.066 15.265 11.772  9.559  6.118  5.046  6.289  7.513 10.810 12.653 16.024 18.113 19.977 21.387
 17.019 15.425 11.851 11.232  9.978 10.623 12.420 13.508 16.774 16.684 16.757 14.660 15.019 15.519 15.394 17.143 15.849 16.957 15.039 16.841 15.737 14.239 11.385 14.579 15.983 13.125 13.848 17.498 17.183 15.831 18.836 21.157 20.100 19.778 21.560 19.022 19.588 16.908 17.677 16.896 13.362 10.229  6.878  3.824  0.000  3.848  5.523  5.514  6.517  6.944 10.738 13.018 15.318 13.151 12.957 10.678 13.056 12.559  9.021 10.658  8.925 11.612 13.457 12.879  9.143  7.757  5.355  6.254  8.967 10.927 14.382 16.420 19.743 21.801 23.588 24.888
 19.265 17.772 14.408 13.761 12.972 13.023 14.901 15.348 18.505 18.592 18.992 16.991 17.901 18.313 18.520 20.111 18.862 19.625 17.310 19.304 18.747 17.388 14.817 18.111 19.582 16.810 17.612 21.261 20.884 19.498 22.537 24.840 23.609 23.190 25.090 22.503 23.120 20.486 20.957 20.032 16.672 13.335 10.374  6.810  3.848  0.000  3.849  5.599  8.416  9.657 13.290 16.087 18.085 15.599 15.491 13.117 14.678 13.907 10.128 11.268 10.294 12.629 14.890 14.284 10.500  9.536  8.329  8.913 12.013 13.479 17.099 18.922 22.122 24.187 25.766 26.897
 22.340 20.677 17.096 15.989 14.380 13.804 14.767 14.493 17.790 18.485 19.503 18.151 19.261 20.312 20.593 22.552 21.302 22.283 20.080 21.644 20.717 18.762 15.777 18.602 20.649 18.021 18.049 21.846 21.951 20.138 22.775 25.512 24.411 23.453 24.993 22.029 22.439 19.949 19.775 18.592 15.646 12.093 10.047  6.303  5.523  3.849  0.000  3.820  6.962  9.597 13.011 16.081 18.484 16.562 17.234 15.465 17.309 15.956 12.387 14.289 13.531 16.167 18.325 17.534 13.727 12.045 10.084  9.238 11.621 11.992 15.478 16.778 19.842 21.903 23.325 24.390
 21.841 20.608 17.087 16.526 14.727 14.886 15.644 15.837 19.298 19.961 20.735 19.259 19.687 20.586 20.204 21.894 20.131 20.832 18.491 19.476 18.507 16.130 13.240 15.940 18.368 16.256 16.200 19.936 20.559 19.108 21.439 24.316 23.764 22.980 24.077 20.964 20.779 17.889 17.520 16.953 14.118 10.388  8.576  5.478  5.514  5.599  3.820  0.000  3.825  6.467  9.538 12.871 15.122 13.373 14.596 13.508 15.396 13.500 10.326 13.047 12.748 15.990 18.415 18.233 14.490 13.165 10.484 10.009 11.583 11.865 14.929 15.775 19.005 20.964 22.426 23.576
 21.292 20.089 16.563 16.049 13.736 14.255 14.499 15.050 18.531 19.211 19.851 18.549 18.448 19.552 18.788 20.574 18.699 19.626 17.681 18.156 16.618 13.782 10.583 12.749 15.533 13.727 13.142 16.826 17.918 16.488 18.414 21.489 21.336 20.492 21.163 17.926 17.358 14.339 13.839 13.577 10.863  7.157  5.980  4.513  6.517  8.416  6.962  3.825  0.000  3.826  6.563  9.615 12.355 11.357 13.037 12.604 15.091 13.185 10.628 13.852 13.244 16.687 18.771 18.682 15.169 13.608 10.223  9.484  9.855  9.910 12.417 13.016 16.363 18.265 19.882 21.205
 18.555 17.818 14.595 14.838 12.932 14.450 15.152 16.526 19.894 20.092 20.090 18.308 17.490 18.026 16.615 17.912 15.618 16.253 14.309 14.478 12.929 10.048  7.086  9.660 12.293 10.854 10.899 14.358 15.494 14.790 16.777 19.542 19.755 19.529 20.152 17.236 16.431 12.989 13.181 13.713 10.739  7.618  5.702  5.800  6.944  9.657  9.597  6.467  3.826  0.000  3.838  6.614  9.046  7.771  9.313  9.238 11.909 10.156  8.176 11.581 10.995 14.590 16.661 17.144 13.988 13.088  9.723 10.169 10.389 11.413 13.585 14.469 17.871 19.637 21.406 22.826
 20.109 19.850 16.981 17.615 15.675 17.478 17.830 19.294 22.569 22.834 22.749 21.085 19.790 20.235 18.282 19.215 16.513 16.773 14.928 14.093 12.468  8.952  6.682  8.193 11.451 11.238 10.966 13.853 15.788 15.610 16.886 19.693 20.621 20.537 20.515 17.589 15.975 12.243 12.055 13.571 11.304  8.870  8.249  9.351 10.738 13.290 13.011  9.538  6.563  3.838  0.000  3.838  5.923  5.841  8.701 10.155 12.519 10.260  9.649 13.309 13.296 16.943 19.022 19.948 17.115 16.470 13.087 13.511 12.989 13.595 14.924 15.119 18.318 19.785 21.450 22.874
 19.236 19.129 16.624 17.470 15.519 17.755 17.938 19.862 22.866 22.896 22.442 20.810 18.917 19.260 16.863 17.626 14.898 15.341 14.234 12.847 10.520  6.729  4.802  4.754  8.312  9.020  8.517 10.736 13.146 13.494 14.263 16.885 18.350 18.573 18.172 15.565 13.589  9.739 10.144 12.384 10.412  9.223  9.061 11.378 13.018 16.087 16.081 12.871  9.615  6.614  3.838  0.000  3.853  5.687  8.168 10.270 12.994 11.466 11.623 14.879 14.418 17.731 19.248 20.259 17.950 17.344 13.996 14.576 13.364 14.220 14.845 15.130 18.127 19.393 21.204 22.755
 19.390 20.022 18.037 19.568 18.191 20.799 21.347 23.432 26.429 26.286 25.578 23.630 21.479 21.251 18.423 18.416 15.177 14.713 13.314 11.085  9.508  5.915  6.341  6.374  9.006 10.732 11.153 12.559 14.899 16.067 16.767 18.876 20.666 21.405 20.954 18.703 16.546 12.746 13.292 15.932 14.138 13.016 12.481 14.388 15.318 18.085 18.484 15.122 12.355  9.046  5.923  3.853  0.000  3.812  6.766 10.003 11.807 10.058 11.459 14.507 14.776 18.008 19.768 21.439 19.429 19.511 16.525 17.693 16.859 17.965 18.650 18.865 21.762 22.877 24.558 26.012
 17.268 18.085 16.113 17.959 17.102 19.819 20.963 23.086 26.195 25.884 25.076 22.739 20.820 20.205 17.507 17.259 13.848 12.932 10.732  9.030  8.371  5.431  6.063  8.103  9.978 10.787 12.164 14.073 15.585 16.731 18.217 20.125 21.370 22.296 22.474 20.277 18.709 14.896 15.744 17.811 15.358 13.573 12.024 13.127 13.151 15.599 16.562 13.373 11.357  7.771  5.841  5.687  3.812  0.000  3.834  6.931  8.298  6.294  7.822 10.796 11.456 14.783 16.958 18.907 16.817 17.393 14.783 16.524 16.517 18.100 19.509 20.187 23.336 24.690 26.409 27.818
 13.660 14.854 13.365 15.791 15.668 18.808 20.512 23.025 25.948 25.216 23.958 21.215 19.093 17.865 14.989 14.203 10.626  9.290  6.915  5.546  5.391  4.111  5.923  8.692  9.080  9.505 11.997 13.632 14.270 15.871 17.859 19.167 20.126 21.573 22.240 20.530 19.508 15.903 17.526 19.308 16.444 14.891 12.604 13.644 12.957 15.491 17.234 14.596 13.037  9.313  8.701  8.168  6.766  3.834  0.000  3.825  5.278  5.157  6.943  8.739  8.946 11.771 13.688 15.997 14.441 15.631 13.660 16.143 16.563 18.852 20.524 21.819 25.017 26.471 28.335 29.781
 10.953 11.829 10.173 12.735 13.161 16.322 18.555 21.138 23.978 23.022 21.631 18.606 16.777 15.290 12.819 12.157  8.938  7.972  5.193  6.238  6.262  6.337  6.817 10.353 10.181  9.193 12.165 14.224 13.940 15.179 17.856 18.993 19.234 20.708 22.013 20.434 20.116 16.766 18.682 19.795 16.472 14.705 11.670 12.137 10.678 13.117 15.465 13.508 12.604  9.238 10.155 10.270 10.003  6.931  3.825  0.000  3.854  5.486  5.476  6.200  5.321  8.088 10.068 12.319 10.738 12.299 10.906 13.929 15.046 17.819 19.998 21.831 25.119 26.765 28.709 30.150
 11.929 13.647 12.680 15.605 16.539 19.624 22.081 24.550 27.418 26.428 25.006 21.815 20.099 18.231 15.774 14.463 11.137  8.937  5.164  6.026  8.112  8.865 10.249 13.541 13.284 12.814 15.880 17.675 17.379 18.895 21.525 22.450 22.756 24.424 25.747 24.236 23.795 20.360 22.121 23.412 20.158 18.184 15.151 15.091 13.056 14.678 17.309 15.396 15.091 11.909 12.519 12.994 11.807  8.298  5.278  3.854  0.000  3.858  5.421  4.667  5.923  8.067 10.726 13.734 12.500 14.798 13.970 17.148 18.626 21.332 23.646 25.347 28.657 30.278 32.125 33.490
 15.528 16.849 15.273 17.667 17.907 20.633 22.684 24.773 27.897 27.309 26.330 23.442 21.952 20.634 18.284 17.474 14.091 12.242  8.696  8.433  9.954  9.225 10.137 13.324 14.112 13.923 16.312 18.454 18.861 20.029 22.361 23.835 24.369 25.598 26.566 24.582 23.717 20.046 21.178 22.630 19.604 17.233 14.583 14.273 12.559 13.907 15.956 13.500 13.185 10.156 10.260 11.466 10.058  6.294  5.157  5.486  3.858  0.000  3.836  5.462  7.805 10.861 13.914 16.509 14.550 16.256 14.753 17.367 18.673 20.822 23.091 24.299 27.626 29.207 30.908 32.215
 15.225 15.762 13.567 15.405 15.508 17.826 19.979 21.817 24.991 24.498 23.758 20.942 19.964 18.966 17.210 17.044 14.166 13.136  9.766 10.680 11.415 10.450 10.013 13.654 14.673 13.512 15.657 18.394 18.506 19.000 21.683 23.406 23.422 24.282 25.573 23.400 22.951 19.433 20.474 21.319 18.036 15.280 12.260 11.222  9.021 10.128 12.387 10.326 10.628  8.176  9.649 11.623 11.459  7.822  6.943  5.476  5.421  3.836  0.000  3.854  5.605  9.214 12.485 14.441 11.863 13.252 11.772 14.297 16.081 18.246 20.922 22.355 25.749 27.496 29.213 30.502
 13.332 14.254 12.696 15.019 16.043 18.515 21.215 23.242 26.195 25.349 24.270 21.098 20.169 18.570 16.955 16.285 13.629 12.177  8.606 10.521 12.050 12.282 12.393 16.117 16.334 14.949 17.682 20.157 19.614 20.362 23.377 24.612 24.317 25.546 27.246 25.452 25.391 22.049 23.506 24.194 20.715 18.150 14.771 13.564 10.658 11.268 14.289 13.047 13.852 11.581 13.309 14.879 14.507 10.796  8.739  6.200  4.667  5.462  3.854  0.000  3.842  6.388 10.025 12.502 10.529 12.911 12.537 15.661 17.936 20.557 23.426 25.252 28.636 30.431 32.201 33.480
 10.565 10.815  8.948 11.226 12.495 15.115 18.032 20.314 23.073 21.988 20.688 17.408 16.465 14.816 13.443 13.111 10.949 10.386  7.589 10.361 10.967 11.498 11.048 14.806 14.591 12.520 15.373 17.886 16.836 17.370 20.654 21.724 21.064 22.320 24.322 22.754 23.144 20.103 21.943 22.274 18.619 16.372 12.733 11.803  8.925 10.294 13.531 12.748 13.244 10.995 13.296 14.418 14.776 11.456  8.946  5.321  5.923  7.805  5.605  3.842  0.000  3.830  6.970  9.002  6.964  9.422  9.376 12.855 15.212 18.230 21.126 23.376 26.712 28.562 30.465 31.811
  8.487  8.939  8.133 10.832 13.165 15.818 19.162 21.620 24.006 22.526 20.828 17.264 16.374 14.074 13.031 12.211 10.740 10.130  7.991 11.541 12.480 13.958 13.873 17.431 16.502 14.274 17.457 19.591 17.869 18.588 22.088 22.600 21.571 23.178 25.576 24.475 25.284 22.541 24.748 24.901 21.179 19.253 15.523 14.638 11.612 12.629 16.167 15.990 16.687 14.590 16.943 17.731 18.008 14.783 11.771  8.088  8.067 10.861  9.214  6.388  3.830  0.000  3.837  6.589  6.034  9.560 10.867 14.599 17.187 20.524 23.450 26.044 29.287 31.148 33.098 34.435
  5.724  5.646  5.958  8.960 12.071 14.885 18.397 21.174 23.121 21.245 19.072 15.346 14.241 11.399 10.631  9.626  9.208  9.392  8.743 12.526 12.922 14.960 14.877 18.045 16.447 13.966 17.265 18.973 16.603 17.410 21.017 20.991 19.619 21.532 24.238 23.656 24.898 22.578 25.207 25.168 21.468 20.101 16.447 16.066 13.457 14.890 18.325 18.415 18.771 16.661 19.022 19.248 19.768 16.958 13.688 10.068 10.726 13.914 12.485 10.025  6.970  3.837  0.000  3.843  5.583  9.105 11.137 14.885 17.252 20.879 23.596 26.529 29.607 31.437 33.483 34.859
  7.692  5.472  4.858  6.388  9.886 12.149 15.835 18.509 20.145 18.119 15.922 12.202 11.722  9.188  9.702  9.907 10.642 11.997 11.885 15.518 15.169 16.773 15.916 18.920 17.445 14.354 17.151 19.070 16.387 16.458 20.240 20.271 18.280 19.827 22.897 22.389 24.146 22.249 24.877 24.284 20.576 19.363 15.773 15.265 12.879 14.284 17.534 18.233 18.682 17.144 19.948 20.259 21.439 18.907 15.997 12.319 13.734 16.509 14.441 12.502  9.002  6.589  3.843  0.000  3.842  6.648  9.589 13.001 15.545 19.212 22.008 25.221 28.147 30.032 32.087 33.445
 10.057  7.996  5.456  6.037  8.403 10.353 13.946 16.286 18.415 16.843 15.272 11.800 11.767 10.260 10.685 11.607 11.550 12.863 11.934 15.286 14.753 15.524 14.060 17.343 16.626 13.357 15.754 18.313 16.203 15.774 19.547 20.296 18.462 19.436 22.277 21.154 22.679 20.529 22.731 22.027 18.245 16.522 12.813 11.772  9.143 10.500 13.727 14.490 15.169 13.988 17.115 17.950 19.429 16.817 14.441 10.738 12.500 14.550 11.863 10.529  6.964  6.034  5.583  3.842  0.000  3.828  6.498  9.993 12.950 16.421 19.518 22.549 25.611 27.576 29.573 30.915
 12.602  9.817  6.442  4.683  5.650  6.750 10.323 12.521 14.696 13.282 12.071  8.939  9.600  9.349 10.518 12.592 12.925 14.976 14.375 17.304 16.026 16.113 13.835 16.770 16.469 12.824 14.380 17.263 15.296 13.998 17.725 18.885 16.761 17.074 19.963 18.613 20.419 18.604 20.609 19.395 15.678 14.058 10.589  9.559  7.757  9.536 12.045 13.165 13.608 13.088 16.470 17.344 19.511 17.393 15.631 12.299 14.798 16.256 13.252 12.911  9.422  9.560  9.105  6.648  3.828  0.000  3.819  6.626  9.722 13.125 16.291 19.475 22.424 24.440 26.449 27.805
 13.877 11.450  7.660  6.129  4.757  6.124  8.808 11.032 13.801 12.930 12.188  9.630  9.766 10.309 10.694 13.039 12.709 14.807 14.043 16.304 14.550 13.821 10.974 13.770 14.116 10.534 11.499 14.802 13.541 11.967 15.439 17.228 15.596 15.531 17.907 16.023 17.408 15.332 17.057 15.942 12.184 10.322  6.793  6.118  5.355  8.329 10.084 10.484 10.223  9.723 13.087 13.996 16.525 14.783 13.660 10.906 13.970 14.753 11.772 12.537  9.376 10.867 11.137  9.589  6.498  3.819  0.000  3.830  6.624  9.995 13.161 16.122 19.241 21.279 23.336 24.778
 17.407 14.739 10.978  8.587  5.777  4.939  6.204  7.686 10.831 10.633 10.835  9.403 10.303 12.090 12.953 15.851 15.752 18.116 17.480 19.369 17.243 15.903 12.510 14.674 15.622 12.112 11.857 15.371 14.563 12.099 15.124 17.460 15.717 14.725 16.881 14.559 16.102 14.459 15.628 13.816 10.311  8.418  5.805  5.046  6.254  8.913  9.238 10.009  9.484 10.169 13.511 14.576 17.693 16.524 16.143 13.929 17.148 17.367 14.297 15.661 12.855 14.599 14.885 13.001  9.993  6.626  3.830  0.000  3.821  6.644 10.107 13.130 16.142 18.268 20.302 21.754
 18.751 16.128 12.534 10.177  6.513  5.826  4.942  6.746  9.842  9.990 10.341  9.753  9.998 12.470 12.996 16.167 16.099 18.771 18.591 19.916 17.208 15.460 11.824 13.035 14.229 10.982  9.606 13.028 12.732  9.743 12.180 14.962 13.529 11.992 13.649 11.002 12.512 11.224 12.324 10.212  6.842  5.898  4.805  6.289  8.967 12.013 11.621 11.583  9.855 10.389 12.989 13.364 16.859 16.517 16.563 15.046 18.626 18.673 16.081 17.936 15.212 17.187 17.252 15.545 12.950  9.722  6.624  3.821  0.000  3.821  6.636  9.896 12.879 14.992 17.246 18.905
 22.453 19.906 16.310 13.924 10.245  8.866  6.644  6.597  9.704 10.895 12.254 12.636 13.215 16.033 16.570 19.755 19.542 22.101 21.763 22.736 19.960 17.691 13.903 14.568 16.431 13.685 11.501 14.821 15.252 12.037 13.558 16.813 15.696 13.437 14.354 11.147 12.241 11.339 11.300  8.510  6.124  5.178  6.337  7.513 10.927 13.479 11.992 11.865  9.910 11.413 13.595 14.220 17.965 18.100 18.852 17.819 21.332 20.822 18.246 20.557 18.230 20.524 20.879 19.212 16.421 13.125  9.995  6.644  3.821  0.000  3.822  6.671  9.667 11.937 14.166 15.900
 24.458 21.971 18.613 16.303 12.512 11.361  8.429  8.383 10.568 11.921 13.316 14.328 14.458 17.540 17.869 21.099 20.977 23.696 23.740 24.298 21.171 18.727 15.061 14.755 16.687 14.463 11.479 14.191 15.134 11.759 12.209 15.706 15.005 12.226 12.280  8.818  9.692  9.688  9.188  5.714  4.952  6.159  8.739 10.810 14.382 17.099 15.478 14.929 12.417 13.585 14.924 14.845 18.650 19.509 20.524 19.998 23.646 23.091 20.922 23.426 21.126 23.450 23.596 22.008 19.518 16.291 13.161 10.107  6.636  3.822  0.000  3.824  6.458  8.768 11.387 13.449
 27.368 25.142 21.776 19.735 15.980 14.989 12.125 11.630 13.670 15.348 16.971 18.061 18.076 21.038 21.047 24.070 23.582 26.031 25.868 25.997 22.901 20.025 16.453 15.716 18.212 16.608 13.336 15.830 17.492 14.443 14.193 17.895 17.791 14.983 14.215 10.558 10.265 10.252  8.340  5.070  6.294  7.260 10.710 12.653 16.420 18.922 16.778 15.775 13.016 14.469 15.119 15.130 18.865 20.187 21.819 21.831 25.347 24.299 22.355 25.252 23.376 26.044 26.529 25.221 22.549 19.475 16.122 13.130  9.896  6.671  3.824  0.000  3.833  6.373  8.969 11.188
 30.247 27.916 24.660 22.451 18.689 17.435 14.239 13.380 14.711 16.575 18.434 20.059 20.177 23.357 23.534 26.653 26.387 28.971 29.011 29.065 25.855 23.016 19.567 18.477 20.832 19.409 15.959 17.960 19.662 16.530 15.719 19.270 19.201 16.043 14.846 11.534 11.308 12.259 10.154  7.026  9.267 10.754 14.134 16.024 19.743 22.122 19.842 19.005 16.363 17.871 18.318 18.127 21.762 23.336 25.017 25.119 28.657 27.626 25.749 28.636 26.712 29.287 29.607 28.147 25.611 22.424 19.241 16.142 12.879  9.667  6.458  3.833  0.000  3.833  6.589  9.041
 31.870 29.606 26.455 24.312 20.593 19.413 16.200 15.359 16.440 18.245 20.087 21.829 21.838 25.000 25.093 28.146 27.873 30.434 30.566 30.449 27.194 24.328 21.039 19.663 22.002 20.856 17.337 19.000 20.867 17.890 16.713 20.141 20.289 17.140 15.601 12.567 12.047 13.278 10.976  8.447 11.071 12.747 16.134 18.113 21.801 24.187 21.903 20.964 18.265 19.637 19.785 19.393 22.877 24.690 26.471 26.765 30.278 29.207 27.496 30.431 28.562 31.148 31.437 30.032 27.576 24.440 21.279 18.268 14.992 11.937  8.768  6.373  3.833  0.000  3.845  6.759
 34.017 31.782 28.626 26.486 22.824 21.539 18.374 17.284 18.231 20.130 22.138 23.963 24.106 27.249 27.377 30.388 30.067 32.541 32.579 32.403 29.231 26.304 23.085 21.724 24.149 23.114 19.675 21.289 23.208 20.330 19.130 22.458 22.640 19.528 17.968 15.130 14.497 15.629 13.173 11.089 13.594 14.947 18.249 19.977 23.588 25.766 23.325 22.426 19.882 21.406 21.450 21.204 24.558 26.409 28.335 28.709 32.125 30.908 29.213 32.201 30.465 33.098 33.483 32.087 29.573 26.449 23.336 20.302 17.246 14.166 11.387  8.969  6.589  3.845  0.000  3.810
