  0.000  3.832  6.661 10.260 13.195 16.629 19.727 23.021 24.692 22.537 19.796 16.176 13.842 10.334  8.276  5.517  5.459  5.850  7.594 10.754 10.689 13.682 14.518 16.806 14.138 12.432 16.057 16.602 13.886 15.714 18.908 18.016 17.118 19.844 22.316 22.431 23.583 21.530 24.681 25.102 21.686 21.174 17.985 18.751 16.991 19.226 22.304 21.772 21.217 18.524 20.077 19.195 19.358 17.214 13.603 10.911 11.883 15.480 15.210 13.294 10.541  8.402  5.672  7.694 10.031 12.565 13.877 17.411 18.744 22.456 24.479 27.404 30.325 32.018 34.213 35.590
  3.832  0.000  3.825  6.843 10.095 13.302 16.491 19.789 21.244 18.958 16.144 12.485 10.373  6.830  5.754  4.696  6.320  8.450 10.025 13.190 12.258 14.550 14.413 16.673 14.234 11.671 14.853 15.757 12.667 13.689 17.184 16.444 14.858 17.254 20.116 20.245 21.898 20.204 23.377 23.270 19.796 19.413 16.245 16.979 15.446 17.774 20.682 20.589 20.063 17.842 19.875 19.129 20.031 18.081 14.844 11.842 13.661 16.862 15.812 14.272 10.841  8.897  5.614  5.481  8.007  9.811 11.488 14.776 16.154 19.939 22.012 25.193 28.007 29.763 31.994 33.388
  6.661  3.825  0.000  3.817  6.751 10.053 13.296 16.486 18.289 16.305 13.901 10.256  8.533  6.002  5.379  6.360  7.004  9.467 10.142 13.173 11.764 13.113 12.094 14.649 12.923  9.727 12.546 14.262 11.567 11.777 15.512 15.592 13.912 15.628 18.455 17.979 19.607 17.753 20.646 20.275 16.654 15.958 12.669 13.247 11.861 14.396 17.090 17.060 16.530 14.613 17.002 16.617 18.036 16.098 13.339 10.165 12.676 15.268 13.600 12.687  8.936  8.055  5.894  4.818  5.431  6.424  7.696 11.018 12.567 16.349 18.662 21.828 24.744 26.598 28.801 30.195
 10.260  6.843  3.817  0.000  3.827  6.519  9.938 13.082 14.677 12.608 10.281  6.619  5.752  4.671  6.171  8.807 10.104 13.005 13.647 16.439 14.572 15.214 13.329 15.602 14.351 10.675 12.487 14.579 11.879 10.875 14.695 15.138 12.788 13.739 16.896 16.300 18.460 17.092 19.819 18.779 15.208 14.658 11.613 12.090 11.241 13.748 15.979 16.498 16.004 14.847 17.624 17.433 19.539 17.927 15.749 12.718 15.606 17.664 15.444 15.021 11.217 10.780  8.920  6.357  6.029  4.666  6.148  8.609 10.186 13.936 16.313 19.738 22.487 24.399 26.606 28.004
 13.195 10.095  6.751  3.827  0.000  3.823  6.619  9.960 11.891 10.270  8.526  5.717  5.080  6.372  7.505 10.801 11.603 14.672 15.166 17.348 14.912 14.643 11.991 13.847 13.285  9.449 10.159 12.749 10.667  8.646 12.314 13.565 11.336 11.407 14.297 13.150 15.321 14.085 16.558 15.190 11.662 11.288  8.672  9.687 10.001 12.978 14.376 14.715 13.705 12.956 15.700 15.487 18.165 17.082 15.639 13.162 16.557 17.922 15.567 16.063 12.500 13.132 12.052  9.868  8.402  5.636  4.773  5.805  6.521 10.255 12.514 15.976 18.713 20.667 22.932 24.409
 16.629 13.302 10.053  6.519  3.823  0.000  3.833  6.685  8.530  7.080  6.219  4.553  6.329  8.831 10.895 14.357 15.393 18.437 18.737 20.956 18.547 17.933 14.903 16.597 16.526 12.747 12.642 15.399 13.603 10.818 14.041 15.627 13.001 12.052 15.013 13.627 16.193 15.487 17.438 15.301 12.078 11.625  9.596  9.937 10.660 13.035 13.811 14.902 14.254 14.500 17.531 17.746 20.795 19.821 18.796 16.333 19.655 20.665 17.899 18.543 15.120 15.788 14.855 12.109 10.341  6.730  6.128  4.961  5.850  8.888 11.360 14.966 17.435 19.443 21.589 22.998
 19.727 16.491 13.296  9.938  6.619  3.833  0.000  3.837  5.791  5.397  5.830  6.440  8.013 11.337 13.149 16.799 17.753 20.925 21.336 23.104 20.325 19.197 15.849 16.856 17.235 13.735 12.550 15.243 14.032 10.589 13.032 15.131 12.658 10.673 13.177 11.437 14.158 14.064 15.596 12.906 10.263 10.443  9.673 10.587 12.430 14.886 14.738 15.643 14.491 15.199 17.889 17.939 21.352 20.973 20.507 18.570 22.110 22.714 20.043 21.232 18.027 19.127 18.369 15.795 13.923 10.286  8.786  6.187  4.964  6.662  8.434 12.107 14.256 16.250 18.468 19.981
 23.021 19.789 16.486 13.082  9.960  6.685  3.837  0.000  3.842  5.608  7.788  9.293 11.525 14.823 16.770 20.371 21.200 24.224 24.331 26.079 23.402 21.963 18.415 19.417 20.270 16.901 15.394 18.242 17.421 13.863 15.855 18.242 15.876 13.394 15.467 13.396 15.931 16.047 16.849 13.689 11.609 11.435 11.266 11.462 13.523 15.337 14.471 15.855 15.064 16.583 19.367 19.874 23.450 23.110 23.032 21.159 24.589 24.815 21.890 23.267 20.311 21.593 21.148 18.468 16.263 12.489 11.009  7.661  6.764  6.616  8.377 11.584 13.356 15.349 17.287 18.676
 24.692 21.244 18.289 14.677 11.891  8.530  5.791  3.842  0.000  3.842  6.766  9.499 12.048 15.598 17.983 21.701 23.030 26.297 26.769 28.602 25.805 24.597 21.170 21.899 22.421 19.075 17.493 19.878 18.767 15.114 16.807 18.792 16.065 13.320 15.536 14.096 17.107 17.907 18.858 15.550 13.959 14.426 14.463 14.887 16.797 18.515 17.776 19.292 18.497 19.901 22.576 22.797 26.370 26.164 25.918 23.988 27.453 27.923 25.062 26.237 23.096 24.018 23.142 20.171 18.456 14.728 13.805 10.822  9.818  9.631 10.424 13.495 14.553 16.297 18.144 19.454
 22.537 18.958 16.305 12.608 10.270  7.080  5.397  5.608  3.842  0.000  3.815  6.798  9.577 13.071 15.782 19.494 21.183 24.569 25.314 27.348 24.596 23.813 20.630 21.477 21.491 18.013 16.872 19.014 17.373 13.913 15.967 17.444 14.353 12.049 14.846 13.967 17.284 18.036 19.560 16.555 14.587 15.199 14.676 15.261 16.730 18.616 18.502 19.981 19.206 20.129 22.870 22.853 26.249 25.869 25.191 23.032 26.466 27.345 24.580 25.396 22.011 22.520 21.241 18.114 16.867 13.298 12.943 10.644  9.991 10.875 11.834 15.239 16.509 18.188 20.164 21.496
 19.796 16.144 13.901 10.281  8.526  6.219  5.830  7.788  6.766  3.815  0.000  3.833  6.449  9.888 12.863 16.543 18.630 22.157 23.280 25.433 22.699 22.398 19.571 20.444 19.859 16.339 15.708 17.463 15.236 12.128 14.550 15.379 11.947 10.381 13.756 13.543 17.033 17.681 19.832 17.272 14.966 15.798 14.776 15.715 16.790 19.003 19.511 20.744 19.839 20.122 22.781 22.401 25.539 25.050 23.919 21.626 25.020 26.348 23.824 24.295 20.694 20.798 19.045 15.898 15.279 12.068 12.193 10.843 10.351 12.258 13.277 16.920 18.426 20.122 22.282 23.689
 16.176 12.485 10.256  6.619  5.717  4.553  6.440  9.293  9.499  6.798  3.833  0.000  3.832  6.625  9.815 13.362 15.456 18.870 19.934 22.346 19.885 19.966 17.430 18.782 17.870 14.187 14.390 16.258 13.640 11.128 14.281 14.848 11.512 11.034 14.617 14.369 17.525 17.459 19.949 17.895 14.990 15.346 13.502 14.272 14.675 16.971 18.133 19.247 18.530 18.346 21.130 20.799 23.622 22.731 21.193 18.609 21.830 23.458 20.999 21.108 17.403 17.215 15.303 12.156 11.783  8.909  9.635  9.412  9.781 12.660 14.337 18.059 20.098 21.915 24.127 25.537
 13.842 10.373  8.533  5.752  5.080  6.329  8.013 11.525 12.048  9.577  6.449  3.832  0.000  3.839  6.474 10.176 12.408 16.040 17.599 19.729 17.039 17.389 15.242 16.258 14.824 11.339 11.843 13.155 10.170  8.171 11.491 11.568  8.367  8.875 12.464 12.656 15.615 15.426 18.406 16.941 14.016 14.829 12.985 14.544 15.051 17.902 19.267 19.698 18.458 17.550 19.858 18.934 21.490 20.822 19.072 16.779 20.100 21.964 20.021 20.171 16.453 16.297 14.167 11.650 11.732  9.558  9.786 10.350 10.070 13.295 14.536 18.161 20.314 22.039 24.415 25.945
 10.334  6.830  6.002  4.671  6.372  8.831 11.337 14.823 15.598 13.071  9.888  6.625  3.839  0.000  3.818  6.970  9.716 13.247 15.095 17.536 15.260 16.399 14.978 16.360 14.285 11.006 12.671 13.611 10.164  9.569 13.071 12.449  9.703 11.441 14.839 15.295 17.827 17.144 20.380 19.477 16.330 16.814 14.406 15.773 15.514 18.279 20.287 20.554 19.520 18.043 20.258 19.246 21.233 20.169 17.809 15.256 18.193 20.602 18.979 18.532 14.772 13.962 11.295  9.101 10.203  9.291 10.312 12.116 12.515 16.087 17.604 21.112 23.488 25.202 27.550 29.038
  8.276  5.754  5.379  6.171  7.505 10.895 13.149 16.770 17.983 15.782 12.863  9.815  6.474  3.818  0.000  3.814  6.218  9.942 12.189 14.222 11.776 13.214 12.373 13.582 11.035  8.182 10.548 11.031  7.548  8.275 11.669 10.860  9.182 11.673 14.435 14.839 16.695 15.531 18.964 18.759 15.627 16.174 13.770 15.611 15.400 18.509 20.584 20.180 18.761 16.634 18.304 16.852 18.406 17.473 14.936 12.794 15.739 18.256 17.230 16.930 13.417 12.933 10.552  9.653 10.649 10.478 10.711 12.991 13.039 16.626 17.940 21.141 23.684 25.326 27.711 29.246
  5.517  4.696  6.360  8.807 10.801 14.357 16.799 20.371 21.701 19.494 16.543 13.362 10.176  6.970  3.814  0.000  3.832  7.147 10.086 12.121 10.267 12.702 12.964 14.263 11.159  9.265 12.398 12.305  9.051 11.021 13.985 12.690 11.788 14.788 17.175 17.746 19.125 17.630 21.114 21.447 18.351 18.718 16.146 17.865 17.185 20.141 22.580 21.898 20.573 17.955 19.253 17.635 18.422 17.249 14.179 12.168 14.455 17.474 17.095 16.300 13.136 12.161  9.600  9.922 11.625 12.599 13.096 15.918 16.223 19.823 21.181 24.179 26.816 28.393 30.733 32.227
  5.459  6.320  7.004 10.104 11.603 15.393 17.753 21.200 23.030 21.183 18.630 15.456 12.408  9.716  6.218  3.832  0.000  3.826  6.688  8.370  6.556  9.301 10.212 11.806  8.812  7.553 11.237 11.381  9.065 11.490 14.269 13.598 13.530 16.295 18.140 18.128 18.792 16.625 19.874 20.710 17.573 17.545 14.900 16.619 15.848 18.863 21.292 20.091 18.651 15.610 16.501 14.866 15.152 13.809 10.581  8.927 11.117 14.073 14.190 13.631 10.960 10.687  9.196 10.653 11.543 12.898 12.721 15.772 16.099 19.554 21.010 23.647 26.497 28.062 30.325 31.792
  5.850  8.450  9.467 13.005 14.672 18.437 20.925 24.224 26.297 24.569 22.157 18.870 16.040 13.247  9.942  7.147  3.826  0.000  3.864  5.417  5.365  8.941 10.982 12.861 10.148  9.873 13.662 13.807 12.187 14.841 17.370 16.817 17.154 19.907 21.491 21.272 21.476 18.907 21.879 23.113 20.001 19.560 16.801 18.167 16.954 19.633 22.279 20.787 19.572 16.228 16.737 15.297 14.674 12.874  9.230  7.947  8.899 12.205 13.138 12.174 10.400 10.094  9.407 12.030 12.868 14.963 14.824 18.140 18.768 22.112 23.729 26.095 29.072 30.604 32.757 34.150
  7.594 10.025 10.142 13.647 15.166 18.737 21.336 24.331 26.769 25.314 23.280 19.934 17.599 15.095 12.189 10.086  6.688  3.864  0.000  3.852  5.543  8.304 10.298 12.977 11.261 10.852 14.525 15.464 14.401 16.553 19.230 19.336 19.619 21.922 23.466 22.666 22.628 19.628 22.133 23.373 20.115 18.978 15.976 16.728 15.057 17.345 20.105 18.469 17.650 14.300 14.907 14.214 13.302 10.699  6.883  5.183  5.138  8.672  9.778  8.617  7.619  7.976  8.773 11.924 11.952 14.385 14.081 17.526 18.610 21.797 23.797 25.946 29.110 30.720 32.736 34.047
 10.754 13.190 13.173 16.439 17.348 20.956 23.104 26.079 28.602 27.348 25.433 22.346 19.729 17.536 14.222 12.121  8.370  5.417  3.852  0.000  3.834  6.519  9.665 11.612 10.062 10.964 14.314 14.773 14.522 17.088 19.135 19.332 20.343 22.661 23.612 22.741 22.089 18.903 21.220 23.037 20.160 19.239 16.765 17.987 16.873 19.367 21.689 19.478 18.145 14.477 14.074 12.828 11.071  9.007  5.535  6.261  6.035  8.443 10.718 10.568 10.413 11.549 12.565 15.561 15.309 17.315 16.342 19.418 19.929 22.766 24.351 26.084 29.168 30.615 32.583 33.899
 10.689 12.258 11.764 14.572 14.912 18.547 20.325 23.402 25.805 24.596 22.699 19.885 17.039 15.260 11.776 10.267  6.556  5.365  5.543  3.834  0.000  3.833  6.852  8.285  6.291  7.393 10.672 10.959 10.869 13.486 15.356 15.666 16.859 19.087 19.861 19.022 18.366 15.300 17.854 19.660 16.889 16.438 14.283 16.162 15.743 18.777 20.728 18.489 16.592 12.924 12.460 10.506  9.505  8.354  5.375  6.276  8.110  9.961 11.450 12.074 10.985 12.443 12.920 15.169 14.736 15.995 14.553 17.263 17.200 19.972 21.211 22.986 25.964 27.373 29.448 30.851
 13.682 14.550 13.113 15.214 14.643 17.933 19.197 21.963 24.597 23.813 22.398 19.966 17.389 16.399 13.214 12.702  9.301  8.941  8.304  6.519  3.833  0.000  3.839  5.233  5.102  6.548  8.834  9.813 10.854 12.807 14.318 15.509 16.942 18.512 18.845 17.375 16.209 12.754 14.796 16.818 14.232 13.584 11.896 14.008 14.223 17.402 18.754 16.098 13.751 10.029  8.939  6.719  5.923  5.416  4.086  6.332  8.850  9.222 10.466 12.281 11.483 13.898 14.934 16.745 15.479 16.059 13.799 15.905 15.438 17.695 18.770 20.118 23.127 24.509 26.504 27.900
 14.518 14.413 12.094 13.329 11.991 14.903 15.849 18.415 21.170 20.630 19.571 17.430 15.242 14.978 12.373 12.964 10.212 10.982 10.298  9.665  6.852  3.839  0.000  3.846  5.367  4.975  6.331  8.678  9.867 10.689 12.444 14.383 15.390 16.289 16.721 14.732 13.767 10.213 12.089 13.602 10.720  9.810  8.126 10.536 11.370 14.828 15.756 13.199 10.536  7.064  6.671  4.771  6.332  6.052  5.921  6.841 10.266 10.151 10.049 12.407 11.047 13.836 14.878 15.909 14.034 13.797 10.959 12.516 11.804 13.903 15.095 16.524 19.648 21.188 23.235 24.678
 16.806 16.673 14.649 15.602 13.847 16.597 16.856 19.417 21.899 21.477 20.444 18.782 16.258 16.360 13.582 14.263 11.806 12.861 12.977 11.612  8.285  5.233  3.846  0.000  3.847  5.438  5.087  6.284  8.803  9.905 10.473 12.547 14.390 15.211 14.823 12.943 11.252  7.681  9.721 11.991  9.939 10.222  9.868 13.007 14.579 18.137 18.595 15.922 12.732  9.661  8.203  4.739  6.356  8.089  8.677 10.368 13.543 13.330 13.689 16.129 14.805 17.386 18.036 18.909 17.317 16.732 13.759 14.689 13.027 14.584 14.809 15.829 18.612 19.878 21.985 23.523
 14.138 14.234 12.923 14.351 13.285 16.526 17.235 20.270 22.421 21.491 19.859 17.870 14.824 14.285 11.035 11.159  8.812 10.148 11.261 10.062  6.291  5.102  5.367  3.847  0.000  3.856  5.375  4.916  6.319  8.743  9.644 10.583 12.485 14.208 14.229 13.284 12.275  9.423 12.358 14.316 12.088 12.805 11.839 14.913 15.943 19.561 20.604 18.313 15.481 12.267 11.442  8.291  8.995  9.949  9.039 10.165 13.257 14.093 14.679 16.315 14.557 16.414 16.395 17.393 16.557 16.380 14.062 15.593 14.181 16.412 16.709 18.302 20.962 22.222 24.456 26.024
 12.432 11.671  9.727 10.675  9.449 12.747 13.735 16.901 19.075 18.013 16.339 14.187 11.339 11.006  8.182  9.265  7.553  9.873 10.852 10.964  7.393  6.548  4.975  5.438  3.856  0.000  3.841  5.406  5.125  6.421  8.721  9.961 10.692 12.160 13.048 11.919 11.891  9.264 12.379 13.345 10.396 10.830  9.195 12.149 13.082 16.777 17.962 16.190 13.659 10.832 11.237  8.997 10.728 10.774  9.490  9.204 12.822 13.928 13.540 14.949 12.505 14.208 13.939 14.320 13.301 12.740 10.478 12.074 10.923 13.650 14.462 16.656 19.494 21.026 23.355 24.951
 16.057 14.853 12.546 12.487 10.159 12.642 12.550 15.394 17.493 16.872 15.708 14.390 11.843 12.671 10.548 12.398 11.237 13.662 14.525 14.314 10.672  8.834  6.331  5.087  5.375  3.841  0.000  3.843  5.413  5.036  6.222  8.759  9.865 10.302 10.413  8.630  8.192  5.524  8.787  9.691  7.132  8.538  8.244 11.862 13.843 17.618 18.021 16.175 13.117 10.917 11.002  8.515 11.155 12.168 11.995 12.194 15.901 16.335 15.711 17.703 15.378 17.413 17.252 17.134 15.726 14.328 11.474 11.852  9.577 11.494 11.499 13.412 16.072 17.543 19.963 21.674
 16.602 15.757 14.262 14.579 12.749 15.399 15.243 18.242 19.878 19.014 17.463 16.258 13.155 13.611 11.031 12.305 11.381 13.807 15.464 14.773 10.959  9.813  8.678  6.284  4.916  5.406  3.843  0.000  3.846  5.412  4.905  6.331  8.743 10.016  9.457  8.872  8.136  6.438 10.083 11.573  9.978 12.068 12.072 15.677 17.490 21.264 21.821 19.911 16.804 14.368 13.877 10.727 12.544 14.056 13.604 14.230 17.666 18.452 18.428 20.158 17.876 19.524 18.939 19.039 18.273 17.201 14.774 15.366 13.008 14.826 14.226 15.942 18.129 19.275 21.707 23.433
 13.886 12.667 11.567 11.879 10.667 13.603 14.032 17.421 18.767 17.373 15.236 13.640 10.170 10.164  7.548  9.051  9.065 12.187 14.401 14.522 10.869 10.854  9.867  8.803  6.319  5.125  5.413  3.846  0.000  3.850  5.339  5.070  6.254  8.597  9.413  9.722 10.438  9.388 13.145 13.828 11.647 13.476 12.648 15.897 17.174 20.877 21.923 20.530 17.890 15.507 15.812 13.136 14.884 15.563 14.234 13.940 17.365 18.855 18.539 19.611 16.824 17.793 16.558 16.350 16.161 15.230 13.516 14.559 12.719 15.262 15.170 17.589 19.818 21.121 23.606 25.297
 15.714 13.689 11.777 10.875  8.646 10.818 10.589 13.863 15.114 13.913 12.128 11.128  8.171  9.569  8.275 11.021 11.490 14.841 16.553 17.088 13.486 12.807 10.689  9.905  8.743  6.421  5.036  5.412  3.850  0.000  3.847  5.425  5.059  5.759  7.121  6.784  8.500  8.058 11.610 11.312  9.027 11.187 10.741 14.025 15.807 19.470 20.090 19.069 16.453 14.802 15.640 13.482 16.051 16.708 15.832 15.168 18.877 20.018 19.027 20.346 17.338 18.497 17.346 16.397 15.711 13.910 11.917 12.074  9.719 12.040 11.790 14.532 16.681 18.137 20.716 22.477
 18.908 17.184 15.512 14.695 12.314 14.041 13.032 15.855 16.807 15.967 14.550 14.281 11.491 13.071 11.669 13.985 14.269 17.370 19.230 19.135 15.356 14.318 12.444 10.473  9.644  8.721  6.222  4.905  5.339  3.847  0.000  3.837  5.569  5.571  4.607  4.792  5.823  6.586 10.137 10.273  9.278 12.332 12.946 16.548 18.802 22.504 22.713 21.394 18.372 16.778 16.909 14.248 16.749 18.195 17.824 17.851 21.509 22.352 21.707 23.363 20.624 22.003 20.961 20.183 19.484 17.633 15.380 15.081 12.130 13.528 12.203 14.272 15.878 16.989 19.597 21.440
 18.016 16.444 15.592 15.138 13.565 15.627 15.131 18.242 18.792 17.444 15.379 14.848 11.568 12.449 10.860 12.690 13.598 16.817 19.336 19.332 15.666 15.509 14.383 12.547 10.583  9.961  8.759  6.331  5.070  5.425  3.837  0.000  3.851  6.044  5.847  7.961  9.286 10.161 13.769 14.072 12.992 15.825 15.907 19.342 21.122 24.803 25.451 24.263 21.436 19.528 19.692 16.844 18.829 20.074 19.104 18.968 22.411 23.800 23.413 24.584 21.687 22.503 20.927 20.218 20.236 18.798 17.176 17.426 14.923 16.793 15.708 17.973 19.433 20.420 22.959 24.714
 17.118 14.858 13.912 12.788 11.336 13.001 12.658 15.876 16.065 14.353 11.947 11.512  8.367  9.703  9.182 11.788 13.530 17.154 19.619 20.343 16.859 16.942 15.390 14.390 12.485 10.692  9.865  8.743  6.254  5.059  5.569  3.851  0.000  3.835  6.089  8.289 10.911 11.907 15.407 14.835 13.262 15.816 15.478 18.518 20.081 23.577 24.363 23.728 21.302 19.768 20.650 18.335 20.645 21.341 20.080 19.219 22.731 24.352 23.447 24.298 21.032 21.474 19.546 18.215 18.402 16.675 15.555 15.694 13.514 15.700 15.028 17.875 19.366 20.561 23.118 24.835
 19.844 17.254 15.628 13.739 11.407 12.052 10.673 13.394 13.320 12.049 10.381 11.034  8.875 11.441 11.673 14.788 16.295 19.907 21.922 22.661 19.087 18.512 16.289 15.211 14.208 12.160 10.302 10.016  8.597  5.759  5.571  6.044  3.835  0.000  3.844  5.688  9.170 10.946 13.908 12.567 11.451 14.337 14.658 17.673 19.765 23.162 23.407 22.958 20.474 19.560 20.589 18.578 21.405 22.289 21.548 20.711 24.419 25.603 24.325 25.542 22.298 23.094 21.467 19.761 19.381 16.991 15.489 14.698 11.978 13.443 12.247 15.065 16.210 17.415 20.015 21.800
 22.316 20.116 18.455 16.896 14.297 15.013 13.177 15.467 15.536 14.846 13.756 14.617 12.464 14.839 14.435 17.175 18.140 21.491 23.466 23.612 19.861 18.845 16.721 14.823 14.229 13.048 10.413  9.457  9.413  7.121  4.607  5.847  6.089  3.844  0.000  3.831  6.584  9.313 11.983 11.069 11.039 14.509 15.647 19.031 21.555 25.074 24.951 24.067 21.160 20.196 20.587 18.203 20.980 22.495 22.244 22.042 25.767 26.596 25.635 27.263 24.318 25.512 24.195 22.847 22.231 19.886 17.867 16.852 13.623 14.344 12.285 14.306 15.026 15.908 18.527 20.399
 22.431 20.245 17.979 16.300 13.150 13.627 11.437 13.396 14.096 13.967 13.543 14.369 12.656 15.295 14.839 17.746 18.128 21.272 22.666 22.741 19.022 17.375 14.732 12.943 13.284 11.919  8.630  8.872  9.722  6.784  4.792  7.961  8.289  5.688  3.831  0.000  3.903  6.502  8.705  7.340  7.432 11.039 12.693 16.113 19.003 22.477 21.972 20.946 17.918 17.274 17.663 15.600 18.733 20.303 20.535 20.458 24.255 24.612 23.456 25.463 22.739 24.405 23.606 22.327 21.093 18.522 15.964 14.510 10.953 11.117  8.811 10.649 11.703 12.850 15.616 17.626
 23.583 21.898 19.607 18.460 15.321 16.193 14.158 15.931 17.107 17.284 17.033 17.525 15.615 17.827 16.695 19.125 18.792 21.476 22.628 22.089 18.366 16.209 13.767 11.252 12.275 11.891  8.192  8.136 10.438  8.500  5.823  9.286 10.911  9.170  6.584  3.903  0.000  3.890  5.631  5.747  6.938 10.605 12.849 16.494 19.577 23.110 22.387 20.765 17.356 16.474 16.056 13.642 16.597 18.760 19.544 20.167 23.842 23.771 23.024 25.428 23.155 25.246 24.883 24.116 22.643 20.348 17.362 16.059 12.456 12.191  9.655 10.338 11.448 12.317 14.963 16.990
 21.530 20.204 17.753 17.092 14.085 15.487 14.064 16.047 17.907 18.036 17.681 17.459 15.426 17.144 15.531 17.630 16.625 18.907 19.628 18.903 15.300 12.754 10.213  7.681  9.423  9.264  5.524  6.438  9.388  8.058  6.586 10.161 11.907 10.946  9.313  6.502  3.890  0.000  3.839  5.506  5.302  8.244 10.225 13.966 16.909 20.497 19.917 17.885 14.342 13.036 12.327  9.797 12.805 14.955 15.951 16.829 20.418 20.111 19.516 22.098 20.126 22.518 22.579 22.234 20.505 18.548 15.300 14.433 11.173 11.297  9.665 10.323 12.368 13.505 15.973 17.867
 24.681 23.377 20.646 19.819 16.558 17.438 15.596 16.849 18.858 19.560 19.832 19.949 18.406 20.380 18.964 21.114 19.874 21.879 22.133 21.220 17.854 14.796 12.089  9.721 12.358 12.379  8.787 10.083 13.145 11.610 10.137 13.769 15.407 13.908 11.983  8.705  5.631  3.839  0.000  3.844  5.582  8.001 11.015 14.388 17.720 21.017 19.794 17.564 13.894 13.252 12.149 10.196 13.327 15.795 17.566 18.744 22.177 21.242 20.564 23.566 21.980 24.747 25.230 24.890 22.741 20.602 17.068 15.661 12.340 11.328  9.240  8.483 10.315 11.231 13.498 15.413
 25.102 23.270 20.275 18.779 15.190 15.301 12.906 13.689 15.550 16.555 17.272 17.895 16.941 19.477 18.759 21.447 20.710 23.113 23.373 23.037 19.660 16.818 13.602 11.991 14.316 13.345  9.691 11.573 13.828 11.312 10.273 14.072 14.835 12.567 11.069  7.340  5.747  5.506  3.844  0.000  3.842  6.788 10.174 13.278 16.867 20.003 18.507 16.895 13.526 13.704 13.586 12.377 15.913 17.803 19.302 19.815 23.424 22.631 21.342 24.191 22.261 24.865 25.171 24.282 22.009 19.365 15.916 13.805 10.203  8.491  5.741  5.142  7.158  8.648 11.340 13.481
 21.686 19.796 16.654 15.208 11.662 12.078 10.263 11.609 13.959 14.587 14.966 14.990 14.016 16.330 15.627 18.351 17.573 20.001 20.115 20.160 16.889 14.232 10.720  9.939 12.088 10.396  7.132  9.978 11.647  9.027  9.278 12.992 13.262 11.451 11.039  7.432  6.938  5.302  5.582  3.842  0.000  3.816  6.579  9.926 13.352 16.669 15.601 14.093 10.840 10.757 11.345 10.408 14.128 15.358 16.437 16.489 20.176 19.619 18.079 20.724 18.609 21.139 21.458 20.559 18.220 15.642 12.157 10.307  6.832  6.127  5.004  6.379  9.373 11.241 13.784 15.691
 21.174 19.413 15.958 14.658 11.288 11.625 10.443 11.435 14.426 15.199 15.798 15.346 14.829 16.814 16.174 18.718 17.545 19.560 18.978 19.239 16.438 13.584  9.810 10.222 12.805 10.830  8.538 12.068 13.476 11.187 12.332 15.825 15.816 14.337 14.509 11.039 10.605  8.244  8.001  6.788  3.816  0.000  3.813  6.600 10.209 13.324 12.041 10.362  7.137  7.647  8.930  9.240 13.030 13.592 14.899 14.723 18.208 17.257 15.322 18.155 16.353 19.211 20.085 19.332 16.483 14.014 10.281  8.406  5.879  5.182  6.213  7.323 10.801 12.847 14.988 16.623
 17.985 16.245 12.669 11.613  8.672  9.596  9.673 11.266 14.463 14.676 14.776 13.502 12.985 14.406 13.770 16.146 14.900 16.801 15.976 16.765 14.283 11.896  8.126  9.868 11.839  9.195  8.244 12.072 12.648 10.741 12.946 15.907 15.478 14.658 15.647 12.693 12.849 10.225 11.015 10.174  6.579  3.813  0.000  3.821  6.865 10.368 10.001  8.539  5.933  5.730  8.294  9.063 12.489 12.037 12.614 11.694 15.184 14.609 12.310 14.783 12.723 15.494 16.445 15.758 12.789 10.565  6.772  5.820  4.810  6.354  8.785 10.744 14.160 16.211 18.264 19.738
 18.751 16.979 13.247 12.090  9.687  9.937 10.587 11.462 14.887 15.261 15.715 14.272 14.544 15.773 15.611 17.865 16.619 18.167 16.728 17.987 16.162 14.008 10.536 13.007 14.913 12.149 11.862 15.677 15.897 14.025 16.548 19.342 18.518 17.673 19.031 16.113 16.494 13.966 14.388 13.278  9.926  6.600  3.821  0.000  3.812  6.801  6.254  5.436  4.463  5.826  9.389 11.380 14.397 13.141 13.654 12.153 15.125 14.299 11.266 13.570 11.785 14.615 16.065 15.249 11.751  9.555  6.112  5.083  6.316  7.544 10.857 12.662 16.014 18.126 19.872 21.117
 16.991 15.446 11.861 11.241 10.001 10.660 12.430 13.523 16.797 16.730 16.790 14.675 15.051 15.514 15.400 17.185 15.848 16.954 15.057 16.873 15.743 14.223 11.370 14.579 15.943 13.082 13.843 17.490 17.174 15.807 18.802 21.122 20.081 19.765 21.555 19.003 19.577 16.909 17.720 16.867 13.352 10.209  6.865  3.812  0.000  3.847  5.505  5.477  6.468  6.957 10.761 13.013 15.327 13.164 12.969 10.690 13.099 12.593  9.075 10.674  8.912 11.600 13.458 12.861  9.122  7.761  5.358  6.282  8.976 10.941 14.409 16.412 19.716 21.793 23.461 24.596
 19.226 17.774 14.396 13.748 12.978 13.035 14.886 15.337 18.515 18.616 19.003 16.971 17.902 18.279 18.509 20.141 18.863 19.633 17.345 19.367 18.777 17.402 14.828 18.137 19.561 16.777 17.618 21.264 20.877 19.470 22.504 24.803 23.577 23.162 25.074 22.477 23.110 20.497 21.017 20.003 16.669 13.324 10.368  6.801  3.847  0.000  3.859  5.606  8.415  9.700 13.348 16.121 18.140 15.657 15.541 13.149 14.754 13.983 10.208 11.307 10.290 12.631 14.882 14.241 10.459  9.521  8.316  8.911 12.013 13.483 17.119 18.902 22.069 24.147 25.575 26.538
 22.304 20.682 17.090 15.979 14.376 13.811 14.738 14.471 17.776 18.502 19.511 18.133 19.267 20.287 20.584 22.580 21.292 22.279 20.105 21.689 20.728 18.754 15.756 18.595 20.604 17.962 18.021 21.821 21.923 20.090 22.713 25.451 24.363 23.407 24.951 21.972 22.387 19.917 19.794 18.507 15.601 12.041 10.001  6.254  5.505  3.859  0.000  3.823  6.939  9.611 13.043 16.084 18.510 16.600 17.267 15.486 17.375 16.020 12.450 14.325 13.524 16.174 18.326 17.503 13.698 12.034 10.053  9.211 11.589 11.958 15.457 16.703 19.723 21.783 23.013 23.895
 21.772 20.589 17.060 16.498 14.715 14.902 15.643 15.855 19.292 19.981 20.744 19.247 19.698 20.554 20.180 21.898 20.091 20.787 18.469 19.478 18.489 16.098 13.199 15.922 18.313 16.190 16.175 19.911 20.530 19.069 21.394 24.263 23.728 22.958 24.067 20.946 20.765 17.885 17.564 16.895 14.093 10.362  8.539  5.436  5.477  5.606  3.823  0.000  3.815  6.460  9.555 12.863 15.127 13.381 14.594 13.488 15.410 13.518 10.338 13.030 12.696 15.948 18.381 18.179 14.432 13.135 10.448 10.006 11.574 11.873 14.960 15.771 18.956 20.920 22.192 23.130
 21.217 20.063 16.530 16.004 13.705 14.254 14.491 15.064 18.497 19.206 19.839 18.530 18.458 19.520 18.761 20.573 18.651 19.572 17.650 18.145 16.592 13.751 10.536 12.732 15.481 13.659 13.117 16.804 17.890 16.453 18.372 21.436 21.302 20.474 21.160 17.918 17.356 14.342 13.894 13.526 10.840  7.137  5.933  4.463  6.468  8.415  6.939  3.815  0.000  3.820  6.598  9.612 12.361 11.365 13.026 12.580 15.090 13.193 10.634 13.825 13.181 16.623 18.723 18.615 15.095 13.551 10.166  9.469  9.836  9.922 12.462 13.050 16.357 18.283 19.742 20.848
 18.524 17.842 14.613 14.847 12.956 14.500 15.199 16.583 19.901 20.129 20.122 18.346 17.550 18.043 16.634 17.955 15.610 16.228 14.300 14.477 12.924 10.029  7.064  9.661 12.267 10.832 10.917 14.368 15.507 14.802 16.778 19.528 19.768 19.560 20.196 17.274 16.474 13.036 13.252 13.704 10.757  7.647  5.730  5.826  6.957  9.700  9.611  6.460  3.820  0.000  3.844  6.602  9.033  7.760  9.305  9.236 11.915 10.155  8.192 11.570 10.967 14.558 16.659 17.136 13.970 13.089  9.738 10.224 10.427 11.472 13.673 14.553 17.926 19.727 21.379 22.591
 20.077 19.875 17.002 17.624 15.700 17.531 17.889 19.367 22.576 22.870 22.781 21.130 19.858 20.258 18.304 19.253 16.501 16.737 14.907 14.074 12.460  8.939  6.671  8.203 11.442 11.237 11.002 13.877 15.812 15.640 16.909 19.692 20.650 20.589 20.587 17.663 16.056 12.327 12.149 13.586 11.345  8.930  8.294  9.389 10.761 13.348 13.043  9.555  6.598  3.844  0.000  3.845  5.901  5.818  8.685 10.150 12.507 10.243  9.650 13.293 13.271 16.908 19.021 19.946 17.102 16.475 13.110 13.576 13.038 13.673 15.042 15.259 18.430 19.937 21.498 22.700
 19.195 19.129 16.617 17.433 15.487 17.746 17.939 19.874 22.797 22.853 22.401 20.799 18.934 19.246 16.852 17.635 14.866 15.297 14.214 12.828 10.506  6.719  4.771  4.739  8.291  8.997  8.515 10.727 13.136 13.482 14.248 16.844 18.335 18.578 18.203 15.600 13.642  9.797 10.196 12.377 10.408  9.240  9.063 11.380 13.013 16.121 16.084 12.863  9.612  6.602  3.845  0.000  3.849  5.682  8.158 10.270 12.990 11.471 11.644 14.877 14.396 17.681 19.229 20.233 17.910 17.304 13.976 14.590 13.356 14.242 14.912 15.248 18.240 19.567 21.347 22.707
 19.358 20.031 18.036 19.539 18.165 20.795 21.352 23.450 26.370 26.249 25.539 23.622 21.490 21.233 18.406 18.422 15.152 14.674 13.302 11.071  9.505  5.923  6.332  6.356  8.995 10.728 11.155 12.544 14.884 16.051 16.749 18.829 20.645 21.405 20.980 18.733 16.597 12.805 13.327 15.913 14.128 13.030 12.489 14.397 15.327 18.140 18.510 15.127 12.361  9.033  5.901  3.849  0.000  3.818  6.774 10.016 11.809 10.072 11.483 14.525 14.776 17.981 19.770 21.433 19.408 19.489 16.523 17.719 16.856 17.988 18.710 18.974 21.867 23.033 24.686 25.949
 17.214 18.081 16.098 17.927 17.082 19.821 20.973 23.110 26.164 25.869 25.050 22.731 20.822 20.169 17.473 17.249 13.809 12.874 10.699  9.007  8.354  5.416  6.052  8.089  9.949 10.774 12.168 14.056 15.563 16.708 18.195 20.074 21.341 22.289 22.495 20.303 18.760 14.955 15.795 17.803 15.358 13.592 12.037 13.141 13.164 15.657 16.600 13.381 11.365  7.760  5.818  5.682  3.818  0.000  3.833  6.925  8.288  6.300  7.837 10.803 11.445 14.749 16.952 18.896 16.793 17.375 14.787 16.558 16.523 18.133 19.577 20.290 23.430 24.831 26.494 27.701
 13.603 14.844 13.339 15.749 15.639 18.796 20.507 23.032 25.918 25.191 23.919 21.193 19.072 17.809 14.936 14.179 10.581  9.230  6.883  5.535  5.375  4.086  5.921  8.677  9.039  9.490 11.995 13.604 14.234 15.832 17.824 19.104 20.080 21.548 22.244 20.535 19.544 15.951 17.566 19.302 16.437 14.899 12.614 13.654 12.969 15.541 17.267 14.594 13.026  9.305  8.685  8.158  6.774  3.833  0.000  3.822  5.277  5.178  6.976  8.758  8.948 11.738 13.683 15.988 14.418 15.609 13.666 16.171 16.560 18.873 20.575 21.903 25.103 26.609 28.443 29.709
 10.911 11.842 10.165 12.718 13.162 16.333 18.570 21.159 23.988 23.032 21.626 18.609 16.779 15.256 12.794 12.168  8.927  7.947  5.183  6.261  6.276  6.332  6.841 10.368 10.165  9.204 12.194 14.230 13.940 15.168 17.851 18.968 19.219 20.711 22.042 20.458 20.167 16.829 18.744 19.815 16.489 14.723 11.694 12.153 10.690 13.149 15.486 13.488 12.580  9.236 10.150 10.270 10.016  6.925  3.822  0.000  3.854  5.484  5.501  6.199  5.316  8.047 10.068 12.320 10.724 12.292 10.931 13.971 15.064 17.855 20.061 21.911 25.204 26.899 28.806 30.077
 11.883 13.661 12.676 15.606 16.557 19.655 22.110 24.589 27.453 26.466 25.020 21.830 20.100 18.193 15.739 14.455 11.117  8.899  5.138  6.035  8.110  8.850 10.266 13.543 13.257 12.822 15.901 17.666 17.365 18.877 21.509 22.411 22.731 24.419 25.767 24.255 23.842 20.418 22.177 23.424 20.176 18.208 15.184 15.125 13.099 14.754 17.375 15.410 15.090 11.915 12.507 12.990 11.809  8.288  5.277  3.854  0.000  3.860  5.451  4.711  5.966  8.078 10.758 13.768 12.524 14.829 14.022 17.213 18.657 21.381 23.717 25.430 28.740 30.402 32.193 33.379
 15.480 16.862 15.268 17.664 17.922 20.665 22.714 24.815 27.923 27.345 26.348 23.458 21.964 20.602 18.256 17.474 14.073 12.205  8.672  8.443  9.961  9.222 10.151 13.330 14.093 13.928 16.335 18.452 18.855 20.018 22.352 23.800 24.352 25.603 26.596 24.612 23.771 20.111 21.242 22.631 19.619 17.257 14.609 14.299 12.593 13.983 16.020 13.518 13.193 10.155 10.243 11.471 10.072  6.300  5.178  5.484  3.860  0.000  3.836  5.478  7.814 10.861 13.935 16.527 14.557 16.278 14.792 17.427 18.702 20.871 23.166 24.385 27.702 29.315 30.924 32.023
 15.210 15.812 13.600 15.444 15.567 17.899 20.043 21.890 25.062 24.580 23.824 20.999 20.021 18.979 17.230 17.095 14.190 13.138  9.778 10.718 11.450 10.466 10.049 13.689 14.679 13.540 15.711 18.428 18.539 19.027 21.707 23.413 23.447 24.325 25.635 23.456 23.024 19.516 20.564 21.342 18.079 15.322 12.310 11.266  9.075 10.208 12.450 10.338 10.634  8.192  9.650 11.644 11.483  7.837  6.976  5.501  5.451  3.836  0.000  3.850  5.619  9.231 12.528 14.481 11.894 13.308 11.845 14.386 16.143 18.319 21.018 22.444 25.823 27.594 29.197 30.275
 13.294 14.272 12.687 15.021 16.063 18.543 21.232 23.267 26.237 25.396 24.295 21.108 20.171 18.532 16.930 16.300 13.631 12.174  8.617 10.568 12.074 12.281 12.407 16.129 16.315 14.949 17.703 20.158 19.611 20.346 23.363 24.584 24.298 25.542 27.263 25.463 25.428 22.098 23.566 24.191 20.724 18.155 14.783 13.570 10.674 11.307 14.325 13.030 13.825 11.570 13.293 14.877 14.525 10.803  8.758  6.199  4.711  5.478  3.850  0.000  3.849  6.407 10.053 12.521 10.537 12.936 12.573 15.706 17.956 20.588 23.480 25.299 28.679 30.504 32.175 33.259
 10.541 10.841  8.936 11.217 12.500 15.120 18.027 20.311 23.096 22.011 20.694 17.403 16.453 14.772 13.417 13.136 10.960 10.400  7.619 10.413 10.985 11.483 11.047 14.805 14.557 12.505 15.378 17.876 16.824 17.338 20.624 21.687 21.032 22.298 24.318 22.739 23.155 20.126 21.980 22.261 18.609 16.353 12.723 11.785  8.912 10.290 13.524 12.696 13.181 10.967 13.271 14.396 14.776 11.445  8.948  5.316  5.966  7.814  5.619  3.849  0.000  3.836  7.001  9.020  6.961  9.425  9.393 12.874 15.208 18.235 21.149 23.394 26.731 28.622 30.457 31.637
  8.402  8.897  8.055 10.780 13.132 15.788 19.127 21.593 24.018 22.520 20.798 17.215 16.297 13.962 12.933 12.161 10.687 10.094  7.976 11.549 12.443 13.898 13.836 17.386 16.414 14.208 17.413 19.524 17.793 18.497 22.003 22.503 21.474 23.094 25.512 24.405 25.246 22.518 24.747 24.865 21.139 19.211 15.494 14.615 11.600 12.631 16.174 15.948 16.623 14.558 16.908 17.681 17.981 14.749 11.738  8.047  8.078 10.861  9.231  6.407  3.836  0.000  3.825  6.579  6.018  9.544 10.866 14.597 17.157 20.505 23.440 26.028 29.276 31.176 33.080 34.271
  5.672  5.614  5.894  8.920 12.052 14.855 18.369 21.148 23.142 21.241 19.045 15.303 14.167 11.295 10.552  9.600  9.196  9.407  8.773 12.565 12.920 14.934 14.878 18.036 16.395 13.939 17.252 18.939 16.558 17.346 20.961 20.927 19.546 21.467 24.195 23.606 24.883 22.579 25.230 25.171 21.458 20.085 16.445 16.065 13.458 14.882 18.326 18.381 18.723 16.659 19.021 19.229 19.770 16.952 13.683 10.068 10.758 13.935 12.528 10.053  7.001  3.825  0.000  3.847  5.583  9.092 11.152 14.893 17.240 20.875 23.600 26.532 29.630 31.511 33.549 34.809
  7.694  5.481  4.818  6.357  9.868 12.109 15.795 18.468 20.171 18.114 15.898 12.156 11.650  9.101  9.653  9.922 10.653 12.030 11.924 15.561 15.169 16.745 15.909 18.909 17.393 14.320 17.134 19.039 16.350 16.397 20.183 20.218 18.215 19.761 22.847 22.327 24.116 22.234 24.890 24.282 20.559 19.332 15.758 15.249 12.861 14.241 17.503 18.179 18.615 17.136 19.946 20.233 21.433 18.896 15.988 12.320 13.768 16.527 14.481 12.521  9.020  6.579  3.847  0.000  3.838  6.622  9.588 12.988 15.523 19.191 21.991 25.194 28.144 30.075 32.128 33.390
 10.031  8.007  5.431  6.029  8.402 10.341 13.923 16.263 18.456 16.867 15.279 11.783 11.732 10.203 10.649 11.625 11.543 12.868 11.952 15.309 14.736 15.479 14.034 17.317 16.557 13.301 15.726 18.273 16.161 15.711 19.484 20.236 18.402 19.381 22.231 21.093 22.643 20.505 22.741 22.009 18.220 16.483 12.789 11.751  9.122 10.459 13.698 14.432 15.095 13.970 17.102 17.910 19.408 16.793 14.418 10.724 12.524 14.557 11.894 10.537  6.961  6.018  5.583  3.838  0.000  3.827  6.500  9.987 12.931 16.404 19.506 22.518 25.593 27.593 29.554 30.780
 12.565  9.811  6.424  4.666  5.636  6.730 10.286 12.489 14.728 13.298 12.068  8.909  9.558  9.291 10.478 12.599 12.898 14.963 14.385 17.315 15.995 16.059 13.797 16.732 16.380 12.740 14.328 17.201 15.230 13.910 17.633 18.798 16.675 16.991 19.886 18.522 20.348 18.548 20.602 19.365 15.642 14.014 10.565  9.555  7.761  9.521 12.034 13.135 13.551 13.089 16.475 17.304 19.489 17.375 15.609 12.292 14.829 16.278 13.308 12.936  9.425  9.544  9.092  6.622  3.827  0.000  3.814  6.616  9.696 13.102 16.265 19.427 22.388 24.436 26.414 27.668
 13.877 11.488  7.696  6.148  4.773  6.128  8.786 11.009 13.805 12.943 12.193  9.635  9.786 10.312 10.711 13.096 12.721 14.824 14.081 16.342 14.553 13.799 10.959 13.759 14.062 10.478 11.474 14.774 13.516 11.917 15.380 17.176 15.555 15.489 17.867 15.964 17.362 15.300 17.068 15.916 12.157 10.281  6.772  6.112  5.358  8.316 10.053 10.448 10.166  9.738 13.110 13.976 16.523 14.787 13.666 10.931 14.022 14.792 11.845 12.573  9.393 10.866 11.152  9.588  6.500  3.814  0.000  3.827  6.600  9.975 13.149 16.088 19.217 21.292 23.310 24.642
 17.411 14.776 11.018  8.609  5.805  4.961  6.187  7.661 10.822 10.644 10.843  9.412 10.350 12.116 12.991 15.918 15.772 18.140 17.526 19.418 17.263 15.905 12.516 14.689 15.593 12.074 11.852 15.366 14.559 12.074 15.081 17.426 15.694 14.698 16.852 14.510 16.059 14.433 15.661 13.805 10.307  8.406  5.820  5.083  6.282  8.911  9.211 10.006  9.469 10.224 13.576 14.590 17.719 16.558 16.171 13.971 17.213 17.427 14.386 15.706 12.874 14.597 14.893 12.988  9.987  6.616  3.827  0.000  3.820  6.635 10.102 13.094 16.107 18.262 20.249 21.600
 18.744 16.154 12.567 10.186  6.521  5.850  4.964  6.764  9.818  9.991 10.351  9.781 10.070 12.515 13.039 16.223 16.099 18.768 18.610 19.929 17.200 15.438 11.804 13.027 14.181 10.923  9.577 13.008 12.719  9.719 12.130 14.923 13.514 11.978 13.623 10.953 12.456 11.173 12.340 10.203  6.832  5.879  4.810  6.316  8.976 12.013 11.589 11.574  9.836 10.427 13.038 13.356 16.856 16.523 16.560 15.064 18.657 18.702 16.143 17.956 15.208 17.157 17.240 15.523 12.931  9.696  6.600  3.820  0.000  3.826  6.644  9.882 12.880 15.035 17.275 18.845
 22.456 19.939 16.349 13.936 10.255  8.888  6.662  6.616  9.631 10.875 12.258 12.660 13.295 16.087 16.626 19.823 19.554 22.112 21.797 22.766 19.972 17.695 13.903 14.584 16.412 13.650 11.494 14.826 15.262 12.040 13.528 16.793 15.700 13.443 14.344 11.117 12.191 11.297 11.328  8.491  6.127  5.182  6.354  7.544 10.941 13.483 11.958 11.873  9.922 11.472 13.673 14.242 17.988 18.133 18.873 17.855 21.381 20.871 18.319 20.588 18.235 20.505 20.875 19.191 16.404 13.102  9.975  6.635  3.826  0.000  3.832  6.640  9.633 11.932 14.117 15.764
 24.479 22.012 18.662 16.313 12.514 11.360  8.434  8.377 10.424 11.834 13.277 14.337 14.536 17.604 17.940 21.181 21.010 23.729 23.797 24.351 21.211 18.770 15.095 14.809 16.709 14.462 11.499 14.226 15.170 11.790 12.203 15.708 15.028 12.247 12.285  8.811  9.655  9.665  9.240  5.741  5.004  6.213  8.785 10.857 14.409 17.119 15.457 14.960 12.462 13.673 15.042 14.912 18.710 19.577 20.575 20.061 23.717 23.166 21.018 23.480 21.149 23.440 23.600 21.991 19.506 16.265 13.149 10.102  6.644  3.832  0.000  3.819  6.454  8.818 11.440 13.442
 27.404 25.193 21.828 19.738 15.976 14.966 12.107 11.584 13.495 15.239 16.920 18.059 18.161 21.112 21.141 24.179 23.647 26.095 25.946 26.084 22.986 20.118 16.524 15.829 18.302 16.656 13.412 15.942 17.589 14.532 14.272 17.973 17.875 15.065 14.306 10.649 10.338 10.323  8.483  5.142  6.379  7.323 10.744 12.662 16.412 18.902 16.703 15.771 13.050 14.553 15.259 15.248 18.974 20.290 21.903 21.911 25.430 24.385 22.444 25.299 23.394 26.028 26.532 25.194 22.518 19.427 16.088 13.094  9.882  6.640  3.819  0.000  3.828  6.398  8.938 11.061
 30.325 28.007 24.744 22.487 18.713 17.435 14.256 13.356 14.553 16.509 18.426 20.098 20.314 23.488 23.684 26.816 26.497 29.072 29.110 29.168 25.964 23.127 19.648 18.612 20.962 19.494 16.072 18.129 19.818 16.681 15.878 19.433 19.366 16.210 15.026 11.703 11.448 12.368 10.315  7.158  9.373 10.801 14.160 16.014 19.716 22.069 19.723 18.956 16.357 17.926 18.430 18.240 21.867 23.430 25.103 25.204 28.740 27.702 25.823 28.679 26.731 29.276 29.630 28.144 25.593 22.388 19.217 16.107 12.880  9.633  6.454  3.828  0.000  3.840  6.532  8.956
 32.018 29.763 26.598 24.399 20.667 19.443 16.250 15.349 16.297 18.188 20.122 21.915 22.039 25.202 25.326 28.393 28.062 30.604 30.720 30.615 27.373 24.509 21.188 19.878 22.222 21.026 17.543 19.275 21.121 18.137 16.989 20.420 20.561 17.415 15.908 12.850 12.317 13.505 11.231  8.648 11.241 12.847 16.211 18.126 21.793 24.147 21.783 20.920 18.283 19.727 19.937 19.567 23.033 24.831 26.609 26.899 30.402 29.315 27.594 30.504 28.622 31.176 31.511 30.075 27.593 24.436 21.292 18.262 15.035 11.932  8.818  6.398  3.840  0.000  3.848  6.721
 34.213 31.994 28.801 26.606 22.932 21.589 18.468 17.287 18.144 20.164 22.282 24.127 24.415 27.550 27.711 30.733 30.325 32.757 32.736 32.583 29.448 26.504 23.235 21.985 24.456 23.355 19.963 21.707 23.606 20.716 19.597 22.959 23.118 20.015 18.527 15.616 14.963 15.973 13.498 11.340 13.784 14.988 18.264 19.872 23.461 25.575 23.013 22.192 19.742 21.379 21.498 21.347 24.686 26.494 28.443 28.806 32.193 30.924 29.197 32.175 30.457 33.080 33.549 32.128 29.554 26.414 23.310 20.249 17.275 14.117 11.440  8.938  6.532  3.848  0.000  3.803
