  0.000  3.831  6.696 10.292 13.214 16.658 19.739 23.039 24.675 22.543 19.818 16.193 13.887 10.394  8.327  5.523  5.453  5.835  7.611 10.766 10.715 13.726 14.526 16.818 14.176 12.431 16.053 16.614 13.897 15.741 18.920 18.030 17.137 19.859 22.309 22.440 23.560 21.505 24.655 25.068 21.682 21.187 17.989 18.768 17.021 19.266 22.341 21.841 21.292 18.556 20.110 19.237 19.390 17.268 13.660 10.954 11.929 15.527 15.225 13.333 10.565  8.487  5.725  7.693 10.057 12.601 13.877 17.407 18.749 22.452 24.458 27.367 30.245 31.869 34.017 35.484
  3.831  0.000  3.827  6.852 10.087 13.309 16.483 19.783 21.200 18.950 16.159 12.496 10.420  6.897  5.799  4.688  6.302  8.421  9.996 13.168 12.258 14.563 14.387 16.657 14.260 11.661 14.832 15.760 12.677 13.711 17.198 16.465 14.889 17.277 20.120 20.256 21.876 20.173 23.328 23.209 19.763 19.392 16.208 16.948 15.427 17.774 20.678 20.608 20.090 17.819 19.852 19.131 20.023 18.085 14.854 11.829 13.646 16.848 15.762 14.254 10.814  8.938  5.646  5.472  7.996  9.816 11.450 14.739 16.126 19.905 21.971 25.141 27.915 29.605 31.782 33.250
  6.696  3.827  0.000  3.818  6.726 10.045 13.273 16.468 18.235 16.274 13.888 10.241  8.539  6.033  5.389  6.328  7.004  9.468 10.138 13.167 11.779 13.140 12.083 14.638 12.959  9.735 12.525 14.260 11.569 11.789 15.520 15.604 13.924 15.631 18.444 17.979 19.581 17.722 20.590 20.216 16.618 15.939 12.635 13.221 11.853 14.410 17.098 17.087 16.564 14.596 16.983 16.625 18.038 16.113 13.364 10.172 12.678 15.272 13.566 12.695  8.946  8.132  5.957  4.857  5.457  6.442  7.660 10.978 12.533 16.310 18.613 21.775 24.659 26.454 28.627 30.108
 10.292  6.852  3.818  0.000  3.821  6.522  9.935 13.079 14.625 12.586 10.274  6.615  5.780  4.710  6.198  8.795 10.134 13.025 13.650 16.450 14.615 15.272 13.357 15.631 14.433 10.743 12.520 14.627 11.933 10.940 14.759 15.199 12.847 13.791 16.941 16.358 18.498 17.123 19.807 18.757 15.208 14.670 11.606 12.072 11.234 13.763 15.991 16.526 16.049 14.839 17.616 17.471 19.567 17.958 15.789 12.732 15.602 17.665 15.403 15.018 11.224 10.832  8.959  6.388  6.037  4.683  6.128  8.588 10.175 13.923 16.302 19.733 22.448 24.310 26.485 27.953
 13.214 10.087  6.726  3.821  0.000  3.823  6.615  9.952 11.865 10.266  8.533  5.707  5.070  6.368  7.504 10.773 11.626 14.687 15.158 17.351 14.948 14.694 12.021 13.878 13.370  9.532 10.206 12.805 10.726  8.724 12.397 13.641 11.403 11.469 14.358 13.225 15.381 14.137 16.557 15.179 11.671 11.301  8.662  9.656  9.979 12.973 14.382 14.727 13.735 12.933 15.675 15.519 18.190 17.100 15.666 13.158 16.536 17.904 15.505 16.040 12.493 13.165 12.070  9.886  8.404  5.651  4.757  5.778  6.511 10.243 12.511 15.978 18.686 20.591 22.823 24.367
 16.658 13.309 10.045  6.522  3.823  0.000  3.832  6.674  8.484  7.062  6.222  4.569  6.330  8.838 10.899 14.338 15.419 18.452 18.724 20.950 18.574 17.969 14.922 16.613 16.599 12.823 12.683 15.448 13.660 10.892 14.127 15.704 13.076 12.128 15.090 13.714 16.267 15.545 17.425 15.283 12.074 11.622  9.572  9.886 10.623 13.024 13.805 14.886 14.254 14.450 17.478 17.755 20.798 19.816 18.806 16.319 19.620 20.630 17.823 18.512 15.112 15.817 14.883 12.148 10.352  6.748  6.123  4.939  5.826  8.865 11.360 14.988 17.433 19.411 21.538 22.999
 19.739 16.483 13.273  9.935  6.615  3.832  0.000  3.838  5.788  5.401  5.826  6.425  7.958 11.299 13.112 16.753 17.758 20.925 21.317 23.091 20.336 19.214 15.857 16.852 17.279 13.787 12.568 15.256 14.048 10.613 13.078 15.164 12.681 10.700 13.217 11.492 14.216 14.109 15.567 12.866 10.238 10.432  9.651 10.553 12.419 14.902 14.768 15.644 14.498 15.152 17.830 17.938 21.346 20.960 20.510 18.551 22.077 22.681 19.976 21.212 18.029 19.161 18.395 15.833 13.945 10.321  8.807  6.205  4.942  6.643  8.428 12.123 14.237 16.198 18.372 19.915
 23.039 19.783 16.468 13.079  9.952  6.674  3.838  0.000  3.852  5.618  7.787  9.292 11.475 14.794 16.738 20.332 21.209 24.227 24.310 26.060 23.406 21.971 18.420 19.409 20.310 16.953 15.412 18.253 17.438 13.890 15.904 18.276 15.904 13.426 15.516 13.456 15.996 16.094 16.813 13.663 11.587 11.418 11.246 11.421 13.505 15.346 14.492 15.835 15.047 16.525 19.293 19.861 23.431 23.083 23.023 21.134 24.546 24.768 21.812 23.237 20.310 21.618 21.172 18.507 16.284 12.519 11.030  7.685  6.746  6.595  8.381 11.628 13.378 15.357 17.282 18.683
 24.675 21.200 18.235 14.625 11.865  8.484  5.788  3.852  0.000  3.840  6.722  9.436 11.975 15.523 17.939 21.652 23.041 26.300 26.747 28.603 25.844 24.658 21.230 21.971 22.527 19.177 17.591 19.974 18.845 15.204 16.949 18.899 16.147 13.432 15.702 14.290 17.313 18.077 18.962 15.644 14.044 14.493 14.494 14.871 16.771 18.503 17.789 19.296 18.529 19.893 22.569 22.866 26.428 26.192 25.946 23.974 27.413 27.892 24.987 26.190 23.069 24.003 23.118 20.143 18.413 14.694 13.798 10.829  9.842  9.702 10.566 13.668 14.709 16.439 18.229 19.516
 22.543 18.950 16.274 12.586 10.266  7.062  5.401  5.618  3.840  0.000  3.811  6.808  9.574 13.047 15.773 19.475 21.212 24.584 25.300 27.353 24.641 23.872 20.677 21.537 21.600 18.116 16.965 19.115 17.465 14.020 16.119 17.570 14.468 12.199 15.027 14.161 17.470 18.185 19.632 16.596 14.632 15.229 14.673 15.214 16.681 18.590 18.484 19.959 19.208 20.091 22.833 22.896 26.286 25.881 25.213 23.018 26.423 27.304 24.493 25.344 21.984 22.523 21.242 18.117 16.840 13.278 12.927 10.631  9.989 10.893 11.919 15.346 16.572 18.243 20.129 21.419
 19.818 16.159 13.888 10.274  8.533  6.222  5.826  7.787  6.722  3.811  0.000  3.835  6.465  9.874 12.870 16.545 18.674 22.187 23.283 25.457 22.758 22.464 19.616 20.498 19.967 16.438 15.787 17.556 15.330 12.232 14.684 15.497 12.071 10.525 13.913 13.700 17.179 17.800 19.877 17.267 14.983 15.811 14.766 15.672 16.756 18.991 19.504 20.734 19.849 20.090 22.749 22.443 25.578 25.075 23.956 21.628 25.002 26.326 23.754 24.267 20.685 20.826 19.070 15.920 15.270 12.069 12.186 10.834 10.341 12.252 13.314 16.969 18.432 20.086 22.137 23.517
 16.193 12.496 10.241  6.615  5.707  4.569  6.425  9.292  9.436  6.808  3.835  0.000  3.826  6.601  9.795 13.335 15.469 18.875 19.923 22.346 19.911 19.999 17.439 18.787 17.927 14.236 14.408 16.282 13.668 11.167 14.331 14.883 11.552 11.081 14.669 14.433 17.575 17.498 19.927 17.838 14.962 15.333 13.475 14.235 14.659 16.991 18.152 19.258 18.548 18.308 21.085 20.810 23.628 22.736 21.213 18.602 21.810 23.437 20.938 21.094 17.404 17.261 15.344 12.200 11.798  8.936  9.628  9.403  9.752 12.634 14.327 18.060 20.057 21.828 23.962 25.386
 13.887 10.420  8.539  5.780  5.070  6.330  7.958 11.475 11.975  9.574  6.465  3.826  0.000  3.843  6.471 10.174 12.438 16.064 17.607 19.744 17.070 17.413 15.228 16.236 14.861 11.362 11.821 13.149 10.179  8.171 11.494 11.576  8.381  8.869 12.455 12.651 15.595 15.405 18.334 16.817 13.933 14.767 12.916 14.479 15.021 17.903 19.263 19.688 18.449 17.492 19.792 18.919 21.480 20.820 19.093 16.775 20.096 21.950 19.963 20.167 16.463 16.373 14.240 11.721 11.767  9.599  9.766 10.305  9.998 13.216 14.458 18.076 20.177 21.838 24.107 25.647
 10.394  6.897  6.033  4.710  6.368  8.838 11.299 14.794 15.523 13.047  9.874  6.601  3.843  0.000  3.819  6.972  9.755 13.285 15.129 17.575 15.311 16.446 14.984 16.356 14.332 11.028 12.652 13.605 10.163  9.561 13.058 12.432  9.688 11.413 14.806 15.277 17.793 17.117 20.320 19.371 16.269 16.781 14.369 15.746 15.520 18.315 20.314 20.586 19.553 18.027 20.236 19.262 21.251 20.204 17.864 15.288 18.229 20.632 18.964 18.568 14.814 14.072 11.397  9.187 10.260  9.348 10.309 12.091 12.470 16.033 17.540 21.038 23.356 25.001 27.251 28.765
  8.327  5.799  5.389  6.198  7.504 10.899 13.112 16.738 17.939 15.773 12.870  9.795  6.471  3.819  0.000  3.814  6.260  9.981 12.220 14.264 11.826 13.256 12.366 13.572 11.074  8.181 10.515 11.020  7.543  8.260 11.648 10.848  9.168 11.641 14.392 14.806 16.640 15.483 18.900 18.653 15.565 16.134 13.723 15.576 15.395 18.521 20.594 20.204 18.787 16.615 18.282 16.864 18.422 17.506 14.988 12.817 15.772 18.281 17.208 16.954 13.441 13.029 10.630  9.701 10.685 10.517 10.694 12.953 12.994 16.569 17.867 21.045 23.532 25.092 27.377 28.953
  5.523  4.688  6.328  8.795 10.773 14.338 16.753 20.332 21.652 19.475 16.545 13.335 10.174  6.972  3.814  0.000  3.827  7.153 10.084 12.139 10.288 12.715 12.924 14.235 11.171  9.220 12.348 12.287  9.037 11.003 13.963 12.686 11.785 14.770 17.139 17.712 19.063 17.565 21.045 21.342 18.284 18.663 16.078 17.805 17.145 20.112 22.553 21.894 20.574 17.913 19.216 17.627 18.417 17.259 14.203 12.157 14.462 17.473 17.044 16.285 13.110 12.211  9.626  9.908 11.608 12.592 13.039 15.852 16.165 19.754 21.099 24.068 26.652 28.145 30.389 31.940
  5.453  6.302  7.004 10.134 11.626 15.419 17.758 21.209 23.041 21.212 18.674 15.469 12.438  9.755  6.260  3.827  0.000  3.824  6.687  8.386  6.589  9.339 10.209 11.818  8.854  7.542 11.231 11.402  9.087 11.519 14.289 13.633 13.561 16.315 18.137 18.132 18.765 16.597 19.851 20.670 17.565 17.544 14.886 16.612 15.851 18.863 21.303 20.130 18.699 15.619 16.514 14.899 15.178 13.848 10.626  8.937 11.136 14.090 14.166 13.629 10.949 10.739  9.208 10.642 11.551 12.925 12.709 15.752 16.097 19.541 20.976 23.581 26.386 27.872 30.067 31.625
  5.835  8.421  9.468 13.025 14.687 18.452 20.925 24.227 26.300 24.584 22.187 18.875 16.064 13.285  9.981  7.153  3.824  0.000  3.878  5.447  5.402  8.988 10.985 12.884 10.188  9.859 13.660 13.831 12.208 14.870 17.390 16.852 17.181 19.923 21.483 21.273 21.447 18.874 21.861 23.090 20.002 19.566 16.795 18.167 16.957 19.625 22.283 20.830 19.625 16.252 16.774 15.342 14.713 12.932  9.289  7.972  8.936 12.241 13.136 12.177 10.385 10.127  9.391 11.996 12.862 14.975 14.806 18.115 18.768 22.099 23.695 26.030 28.970 30.433 32.541 34.051
  7.611  9.996 10.138 13.650 15.158 18.724 21.317 24.310 26.747 25.300 23.283 19.923 17.607 15.129 12.220 10.084  6.687  3.878  0.000  3.840  5.543  8.326 10.281 12.979 11.284 10.829 14.503 15.471 14.407 16.567 19.237 19.362 19.634 21.924 23.443 22.650 22.581 19.573 22.087 23.346 20.100 18.965 15.951 16.709 15.039 17.308 20.079 18.489 17.680 14.309 14.929 14.235 13.316 10.733  6.916  5.194  5.164  8.695  9.766  8.606  7.587  7.987  8.741 11.882 11.932 14.373 14.041 17.478 18.588 21.761 23.740 25.867 29.010 30.565 32.579 34.034
 10.766 13.168 13.167 16.450 17.351 20.950 23.091 26.060 28.603 27.353 25.457 22.346 19.744 17.575 14.264 12.139  8.386  5.447  3.840  0.000  3.837  6.535  9.647 11.627 10.092 10.944 14.305 14.802 14.550 17.117 19.162 19.388 20.382 22.681 23.607 22.735 22.051 18.854 21.190 23.025 20.156 19.225 16.738 17.958 16.839 19.301 21.641 19.472 18.153 14.475 14.092 12.847 11.085  9.029  5.545  6.237  6.025  8.431 10.679 10.519 10.359 11.537 12.523 15.516 15.283 17.301 16.301 19.366 19.912 22.734 24.297 25.996 29.063 30.448 32.403 33.867
 10.715 12.258 11.779 14.615 14.948 18.574 20.336 23.406 25.844 24.641 22.758 19.911 17.070 15.311 11.826 10.288  6.589  5.402  5.543  3.837  0.000  3.841  6.833  8.293  6.318  7.374 10.667 10.986 10.900 13.523 15.384 15.725 16.904 19.115 19.858 19.020 18.327 15.252 17.825 19.643 16.891 16.432 14.269 16.152 15.736 18.745 20.715 18.504 16.616 12.927 12.468 10.521  9.508  8.370  5.390  6.261  8.111  9.953 11.415 12.050 10.965 12.477 12.921 15.167 14.752 16.024 14.548 17.241 17.205 19.958 21.170 22.900 25.854 27.193 29.231 30.770
 13.726 14.563 13.140 15.272 14.694 17.969 19.214 21.971 24.658 23.872 22.464 19.999 17.413 16.446 13.256 12.715  9.339  8.988  8.326  6.535  3.841  0.000  3.832  5.236  5.119  6.547  8.831  9.828 10.877 12.838 14.340 15.560 16.978 18.531 18.831 17.361 16.159 12.696 14.757 16.808 14.239 13.582 11.897 14.016 14.238 17.387 18.760 16.127 13.781 10.046  8.951  6.729  5.915  5.431  4.110  6.336  8.865  9.225 10.450 12.282 11.498 13.957 14.959 16.772 15.524 16.112 13.821 15.901 15.457 17.689 18.727 20.024 23.016 24.327 26.305 27.855
 14.526 14.387 12.083 13.357 12.021 14.922 15.857 18.420 21.230 20.677 19.616 17.439 15.228 14.984 12.366 12.924 10.209 10.985 10.281  9.647  6.833  3.832  0.000  3.846  5.380  4.975  6.322  8.678  9.863 10.702 12.460 14.415 15.402 16.292 16.699 14.719 13.730 10.169 12.058 13.608 10.735  9.822  8.133 10.547 11.385 14.816 15.776 13.238 10.581  7.085  6.682  4.802  6.340  6.062  5.923  6.815 10.248 10.136 10.013 12.393 11.047 13.873 14.877 15.916 14.061 13.836 10.974 12.509 11.822 13.902 15.061 16.452 19.567 21.038 23.086 24.689
 16.818 16.657 14.638 15.631 13.878 16.613 16.852 19.409 21.971 21.537 20.498 18.787 16.236 16.356 13.572 14.235 11.818 12.884 12.979 11.627  8.293  5.236  3.846  0.000  3.848  5.428  5.071  6.284  8.800  9.906 10.476 12.579 14.395 15.202 14.787 12.905 11.190  7.612  9.684 11.968  9.935 10.205  9.853 12.997 14.579 18.110 18.601 15.938 12.747  9.660  8.193  4.754  6.374  8.102  8.693 10.352 13.541 13.324 13.654 16.117 14.806 17.431 18.045 18.920 17.343 16.770 13.770 14.673 13.033 14.567 14.755 15.715 18.476 19.662 21.724 23.401
 14.176 14.260 12.959 14.433 13.370 16.599 17.279 20.310 22.527 21.600 19.967 17.927 14.861 14.332 11.074 11.171  8.854 10.188 11.284 10.092  6.318  5.119  5.380  3.848  0.000  3.860  5.384  4.924  6.341  8.779  9.660 10.625 12.518 14.230 14.210 13.270 12.220  9.367 12.330 14.284 12.100 12.817 11.857 14.939 15.984 19.582 20.649 18.367 15.532 12.293 11.451  8.312  9.006  9.978  9.080 10.181 13.284 14.111 14.673 16.335 14.591 16.501 16.447 17.446 16.627 16.469 14.117 15.622 14.227 16.430 16.687 18.211 20.832 22.002 24.150 25.821
 12.431 11.661  9.735 10.743  9.532 12.823 13.787 16.953 19.177 18.116 16.438 14.236 11.362 11.028  8.181  9.220  7.542  9.859 10.829 10.944  7.374  6.547  4.975  5.428  3.860  0.000  3.848  5.401  5.119  6.458  8.745  9.992 10.717 12.185 13.043 11.930 11.871  9.241 12.363 13.329 10.421 10.861  9.222 12.182 13.126 16.811 18.022 16.256 13.726 10.854 11.239  9.020 10.732 10.787  9.505  9.192 12.813 13.922 13.511 14.949 12.520 14.274 13.966 14.355 13.358 12.825 10.534 12.112 10.979 13.683 14.462 16.606 19.408 20.855 23.113 24.804
 16.053 14.832 12.525 12.520 10.206 12.683 12.568 15.412 17.591 16.965 15.787 14.408 11.821 12.652 10.515 12.348 11.231 13.660 14.503 14.305 10.667  8.831  6.322  5.071  5.384  3.848  0.000  3.841  5.402  5.044  6.247  8.793  9.874 10.308 10.400  8.626  8.172  5.504  8.768  9.656  7.134  8.536  8.233 11.853 13.848 17.612 18.049 16.199 13.141 10.899 10.967  8.518 11.154 12.164 11.997 12.163 15.879 16.311 15.656 17.682 15.373 17.457 17.264 17.151 15.754 14.380 11.499 11.856  9.603 11.500 11.479 13.334 15.957 17.336 19.675 21.476
 16.614 15.760 14.260 14.627 12.805 15.448 15.256 18.253 19.974 19.115 17.556 16.282 13.149 13.605 11.020 12.287 11.402 13.831 15.471 14.802 10.986  9.828  8.678  6.284  4.924  5.401  3.841  0.000  3.845  5.411  4.904  6.365  8.751 10.012  9.423  8.838  8.076  6.391 10.061 11.499  9.960 12.051 12.055 15.667 17.499 21.261 21.846 19.935 16.825 14.359 13.853 10.737 12.560 14.073 13.633 14.223 17.676 18.454 18.394 20.157 17.886 19.591 18.973 19.070 18.314 17.263 14.802 15.370 13.025 14.819 14.189 15.827 17.958 18.999 21.289 23.065
 13.897 12.677 11.569 11.933 10.726 13.660 14.048 17.438 18.845 17.465 15.330 13.668 10.179 10.163  7.543  9.037  9.087 12.208 14.407 14.550 10.900 10.877  9.863  8.800  6.341  5.119  5.402  3.845  0.000  3.854  5.336  5.099  6.269  8.599  9.386  9.702 10.393  9.353 13.114 13.740 11.617 13.456 12.626 15.885 17.184 20.885 21.952 20.559 17.918 15.495 15.789 13.148 14.899 15.585 14.270 13.939 17.378 18.861 18.506 19.614 16.835 17.868 16.603 16.387 16.204 15.296 13.541 14.563 12.730 15.250 15.132 17.490 19.660 20.866 23.209 24.936
 15.741 13.711 11.789 10.940  8.724 10.892 10.613 13.890 15.204 14.020 12.232 11.167  8.171  9.561  8.260 11.003 11.519 14.870 16.567 17.117 13.523 12.838 10.702  9.906  8.779  6.458  5.044  5.411  3.854  0.000  3.849  5.436  5.060  5.750  7.089  6.767  8.471  8.047 11.574 11.211  8.993 11.172 10.728 14.022 15.831 19.498 20.139 19.107 16.487 14.791 15.611 13.495 16.068 16.730 15.871 15.177 18.894 20.027 18.999 20.360 17.369 18.587 17.408 16.458 15.774 13.997 11.967 12.099  9.741 12.035 11.758 14.441 16.529 17.889 20.330 22.117
 18.920 17.198 15.520 14.759 12.397 14.127 13.078 15.904 16.949 16.119 14.684 14.331 11.494 13.058 11.648 13.963 14.289 17.390 19.237 19.162 15.384 14.340 12.460 10.476  9.660  8.745  6.247  4.904  5.336  3.849  0.000  3.841  5.566  5.575  4.578  4.789  5.808  6.605 10.142 10.191  9.277 12.340 12.953 16.561 18.836 22.537 22.775 21.438 18.412 16.778 16.887 14.264 16.768 18.216 17.859 17.855 21.524 22.360 21.682 23.376 20.653 22.087 21.016 20.240 19.546 17.724 15.439 15.124 12.179 13.556 12.207 14.191 15.718 16.712 19.130 20.963
 18.030 16.465 15.604 15.199 13.641 15.704 15.164 18.276 18.899 17.570 15.497 14.883 11.576 12.432 10.848 12.686 13.633 16.852 19.362 19.388 15.725 15.560 14.415 12.579 10.625  9.992  8.793  6.365  5.099  5.436  3.841  0.000  3.845  6.042  5.823  7.960  9.277 10.181 13.787 13.991 12.989 15.834 15.914 19.354 21.157 24.840 25.512 24.315 21.488 19.542 19.694 16.886 18.878 20.125 19.168 18.992 22.450 23.834 23.406 24.611 21.723 22.598 20.989 20.270 20.295 18.884 17.227 17.459 14.959 16.811 15.704 17.893 19.269 20.140 22.459 24.175
 17.137 14.889 13.924 12.847 11.403 13.076 12.681 15.904 16.147 14.468 12.071 11.552  8.381  9.688  9.168 11.785 13.561 17.181 19.634 20.382 16.904 16.978 15.402 14.395 12.518 10.717  9.874  8.751  6.269  5.060  5.566  3.845  0.000  3.833  6.079  8.290 10.900 11.912 15.388 14.723 13.225 15.800 15.461 18.508 20.098 23.608 24.410 23.762 21.334 19.755 20.622 18.351 20.667 21.369 20.125 19.230 22.753 24.366 23.419 24.314 21.060 21.567 19.615 18.276 18.459 16.757 15.594 15.715 13.526 15.693 15.003 17.789 19.199 20.289 22.641 24.319
 19.859 17.277 15.631 13.791 11.469 12.128 10.700 13.426 13.432 12.199 10.525 11.081  8.869 11.413 11.641 14.770 16.315 19.923 21.924 22.681 19.115 18.531 16.292 15.202 14.230 12.185 10.308 10.012  8.599  5.750  5.575  6.042  3.833  0.000  3.854  5.700  9.173 10.961 13.880 12.440 11.403 14.311 14.635 17.655 19.777 23.191 23.454 22.980 20.492 19.531 20.539 18.575 21.407 22.296 21.573 20.706 24.422 25.597 24.281 25.545 22.318 23.176 21.530 19.824 19.435 17.072 15.531 14.725 11.991 13.437 12.225 14.982 16.043 17.140 19.530 21.256
 22.309 20.120 18.444 16.941 14.358 15.090 13.217 15.516 15.702 15.027 13.913 14.669 12.455 14.806 14.392 17.139 18.137 21.483 23.443 23.607 19.858 18.831 16.699 14.787 14.210 13.043 10.400  9.423  9.386  7.089  4.578  5.823  6.079  3.854  0.000  3.824  6.571  9.315 11.957 10.939 10.996 14.480 15.620 19.011 21.560 25.090 24.993 24.078 21.163 20.154 20.517 18.175 20.956 22.475 22.241 22.012 25.747 26.565 25.572 27.245 24.321 25.575 24.237 22.895 22.276 19.962 17.906 16.881 13.648 14.353 12.279 14.214 14.845 15.602 17.969 19.755
 22.440 20.256 17.979 16.358 13.225 13.714 11.492 13.456 14.290 14.161 13.700 14.433 12.651 15.277 14.806 17.712 18.132 21.273 22.650 22.735 19.020 17.361 14.719 12.905 13.270 11.930  8.626  8.838  9.702  6.767  4.789  7.960  8.290  5.700  3.824  0.000  3.898  6.509  8.666  7.207  7.396 11.019 12.683 16.109 19.023 22.504 22.030 20.965 17.926 17.238 17.592 15.568 18.705 20.279 20.531 20.434 24.236 24.582 23.400 25.452 22.754 24.475 23.656 22.389 21.154 18.613 16.024 14.560 11.002 11.147  8.818 10.557 11.533 12.567 15.132 17.100
 23.560 21.876 19.581 18.498 15.381 16.267 14.216 15.996 17.313 17.470 17.179 17.575 15.595 17.793 16.640 19.063 18.765 21.447 22.581 22.051 18.327 16.159 13.730 11.190 12.220 11.871  8.172  8.076 10.393  8.471  5.808  9.277 10.900  9.173  6.571  3.898  0.000  3.894  5.621  5.674  6.943 10.598 12.842 16.491 19.588 23.120 22.439 20.779 17.357 16.432 15.977 13.591 16.548 18.710 19.509 20.114 23.795 23.716 22.950 25.391 23.143 25.283 24.897 24.146 22.679 20.419 17.408 16.101 12.511 12.240  9.692 10.263 11.307 12.047 14.499 16.509
 21.505 20.173 17.722 17.123 14.137 15.545 14.109 16.094 18.077 18.185 17.800 17.498 15.405 17.117 15.483 17.565 16.597 18.874 19.573 18.854 15.252 12.696 10.169  7.612  9.367  9.241  5.504  6.391  9.353  8.047  6.605 10.181 11.912 10.961  9.315  6.509  3.894  0.000  3.842  5.499  5.337  8.245 10.217 13.958 16.909 20.487 19.950 17.890 14.339 12.991 12.245  9.741 12.748 14.896 15.904 16.765 20.360 20.045 19.434 22.049 20.103 22.541 22.577 22.249 20.529 18.604 15.333 14.459 11.224 11.339  9.689 10.251 12.260 13.279 15.631 17.586
 24.655 23.328 20.590 19.807 16.557 17.425 15.567 16.813 18.962 19.632 19.877 19.927 18.334 20.320 18.900 21.045 19.851 21.861 22.087 21.190 17.825 14.757 12.058  9.684 12.330 12.363  8.768 10.061 13.114 11.574 10.142 13.787 15.388 13.880 11.957  8.666  5.621  3.842  0.000  3.841  5.564  7.945 10.966 14.333 17.676 20.957 19.775 17.520 13.838 13.182 12.056 10.144 13.293 15.744 17.526 18.680 22.120 21.177 20.473 23.506 21.942 24.747 25.206 24.876 22.731 20.609 17.057 15.627 12.323 11.299  9.189  8.340 10.156 10.977 13.175 15.196
 25.068 23.209 20.216 18.757 15.179 15.283 12.866 13.663 15.644 16.596 17.267 17.838 16.817 19.371 18.653 21.342 20.670 23.090 23.346 23.025 19.643 16.808 13.608 11.968 14.284 13.329  9.656 11.499 13.740 11.211 10.191 13.991 14.723 12.440 10.939  7.207  5.674  5.499  3.841  0.000  3.835  6.813 10.189 13.298 16.896 20.033 18.593 16.954 13.578 13.715 13.573 12.386 15.934 17.811 19.309 19.793 23.411 22.629 21.319 24.194 22.273 24.901 25.167 24.283 22.028 19.395 15.943 13.817 10.212  8.511  5.715  5.070  7.025  8.447 11.089 13.314
 21.682 19.763 16.618 15.208 11.671 12.074 10.238 11.587 14.044 14.632 14.983 14.962 13.933 16.269 15.565 18.284 17.565 20.002 20.100 20.156 16.891 14.239 10.735  9.935 12.100 10.421  7.134  9.960 11.617  8.993  9.277 12.989 13.225 11.403 10.996  7.396  6.943  5.337  5.564  3.835  0.000  3.819  6.580  9.924 13.362 16.673 15.647 14.119 10.864 10.741 11.306 10.414 14.140 15.358 16.444 16.470 20.157 19.603 18.036 20.715 18.618 21.179 21.467 20.576 18.245 15.678 12.184 10.311  6.841  6.124  4.952  6.293  9.267 11.070 13.594 15.610
 21.187 19.392 15.939 14.670 11.301 11.622 10.432 11.418 14.493 15.229 15.811 15.333 14.767 16.781 16.134 18.663 17.544 19.566 18.965 19.225 16.432 13.582  9.822 10.205 12.817 10.861  8.536 12.051 13.456 11.172 12.340 15.834 15.800 14.311 14.480 11.019 10.598  8.245  7.945  6.813  3.819  0.000  3.828  6.609 10.229 13.335 12.094 10.389  7.157  7.620  8.871  9.225 13.016 13.573 14.892 14.703 18.183 17.231 15.279 18.149 16.372 19.253 20.101 19.363 16.523 14.059 10.323  8.418  5.898  5.178  6.159  7.259 10.753 12.746 14.946 16.732
 17.989 16.208 12.635 11.606  8.662  9.572  9.651 11.246 14.494 14.673 14.766 13.475 12.916 14.369 13.723 16.078 14.886 16.795 15.951 16.738 14.269 11.897  8.133  9.853 11.857  9.222  8.233 12.055 12.626 10.728 12.953 15.914 15.461 14.635 15.620 12.683 12.842 10.217 10.966 10.189  6.580  3.828  0.000  3.822  6.877 10.375 10.048  8.575  5.978  5.703  8.248  9.061 12.481 12.022 12.603 11.667 15.148 14.580 12.258 14.769 12.731 15.523 16.447 15.773 12.813 10.591  6.794  5.805  4.805  6.337  8.740 10.709 14.133 16.134 18.249 19.874
 18.768 16.948 13.221 12.072  9.656  9.886 10.553 11.421 14.871 15.214 15.672 14.235 14.479 15.746 15.576 17.805 16.612 18.167 16.709 17.958 16.152 14.016 10.547 12.997 14.939 12.182 11.853 15.667 15.885 14.022 16.561 19.354 18.508 17.655 19.011 16.109 16.491 13.958 14.333 13.298  9.924  6.609  3.822  0.000  3.824  6.811  6.304  5.477  4.512  5.800  9.351 11.378 14.388 13.126 13.644 12.135 15.089 14.271 11.220 13.563 11.803 14.640 16.068 15.266 11.775  9.562  6.120  5.047  6.289  7.512 10.810 12.652 16.021 18.110 19.975 21.386
 17.021 15.427 11.853 11.234  9.979 10.623 12.419 13.505 16.771 16.681 16.756 14.659 15.021 15.520 15.395 17.145 15.851 16.957 15.039 16.839 15.736 14.238 11.385 14.579 15.984 13.126 13.848 17.499 17.184 15.831 18.836 21.157 20.098 19.777 21.560 19.023 19.588 16.909 17.676 16.896 13.362 10.229  6.877  3.824  0.000  3.848  5.522  5.513  6.516  6.945 10.738 13.019 15.318 13.150 12.957 10.677 13.054 12.556  9.019 10.657  8.926 11.614 13.458 12.880  9.145  7.760  5.356  6.253  8.966 10.926 14.382 16.419 19.741 21.798 23.586 24.887
 19.266 17.774 14.410 13.763 12.973 13.024 14.902 15.346 18.503 18.590 18.991 16.991 17.903 18.315 18.521 20.112 18.863 19.625 17.308 19.301 18.745 17.387 14.816 18.110 19.582 16.811 17.612 21.261 20.885 19.498 22.537 24.840 23.608 23.191 25.090 22.504 23.120 20.487 20.957 20.033 16.673 13.335 10.375  6.811  3.848  0.000  3.849  5.598  8.416  9.657 13.289 16.087 18.084 15.596 15.489 13.115 14.674 13.903 10.124 11.264 10.293 12.630 14.891 14.285 10.501  9.538  8.330  8.913 12.014 13.479 17.099 18.921 22.120 24.185 25.765 26.896
 22.341 20.678 17.098 15.991 14.382 13.805 14.768 14.492 17.789 18.484 19.504 18.152 19.263 20.314 20.594 22.553 21.303 22.283 20.079 21.641 20.715 18.760 15.776 18.601 20.649 18.022 18.049 21.846 21.952 20.139 22.775 25.512 24.410 23.454 24.993 22.030 22.439 19.950 19.775 18.593 15.647 12.094 10.048  6.304  5.522  3.849  0.000  3.820  6.962  9.597 13.010 16.081 18.482 16.559 17.232 15.463 17.306 15.952 12.383 14.286 13.530 16.169 18.326 17.535 13.729 12.048 10.086  9.239 11.622 11.992 15.479 16.778 19.841 21.901 23.324 24.389
 21.841 20.608 17.087 16.526 14.727 14.886 15.644 15.835 19.296 19.959 20.734 19.258 19.688 20.586 20.204 21.894 20.130 20.830 18.489 19.472 18.504 16.127 13.238 15.938 18.367 16.256 16.199 19.935 20.559 19.107 21.438 24.315 23.762 22.980 24.078 20.965 20.779 17.890 17.520 16.954 14.119 10.389  8.575  5.477  5.513  5.598  3.820  0.000  3.826  6.466  9.537 12.870 15.120 13.370 14.594 13.505 15.392 13.496 10.323 13.044 12.747 15.990 18.415 18.233 14.490 13.166 10.485 10.008 11.584 11.866 14.930 15.776 19.004 20.964 22.425 23.575
 21.292 20.090 16.564 16.049 13.735 14.254 14.498 15.047 18.529 19.208 19.849 18.548 18.449 19.553 18.787 20.574 18.699 19.625 17.680 18.153 16.616 13.781 10.581 12.747 15.532 13.726 13.141 16.825 17.918 16.487 18.412 21.488 21.334 20.492 21.163 17.926 17.357 14.339 13.838 13.578 10.864  7.157  5.978  4.512  6.516  8.416  6.962  3.826  0.000  3.826  6.562  9.614 12.354 11.356 13.036 12.602 15.089 13.183 10.626 13.851 13.243 16.688 18.771 18.682 15.169 13.608 10.224  9.483  9.855  9.909 12.417 13.016 16.362 18.264 19.881 21.204
 18.556 17.819 14.596 14.839 12.933 14.450 15.152 16.525 19.893 20.091 20.090 18.308 17.492 18.027 16.615 17.913 15.619 16.252 14.309 14.475 12.927 10.046  7.085  9.660 12.293 10.854 10.899 14.359 15.495 14.791 16.778 19.542 19.755 19.531 20.154 17.238 16.432 12.991 13.182 13.715 10.741  7.620  5.703  5.800  6.945  9.657  9.597  6.466  3.826  0.000  3.838  6.614  9.045  7.769  9.312  9.236 11.907 10.152  8.174 11.580 10.995 14.591 16.661 17.144 13.989 13.089  9.725 10.169 10.390 11.414 13.587 14.471 17.872 19.638 21.407 22.828
 20.110 19.852 16.983 17.616 15.675 17.478 17.830 19.293 22.569 22.833 22.749 21.085 19.792 20.236 18.282 19.216 16.514 16.774 14.929 14.092 12.468  8.951  6.682  8.193 11.451 11.239 10.967 13.853 15.789 15.611 16.887 19.694 20.622 20.539 20.517 17.592 15.977 12.245 12.056 13.573 11.306  8.871  8.248  9.351 10.738 13.289 13.010  9.537  6.562  3.838  0.000  3.838  5.923  5.840  8.701 10.154 12.518 10.259  9.649 13.309 13.296 16.944 19.023 19.949 17.117 16.472 13.089 13.511 12.989 13.596 14.926 15.120 18.319 19.786 21.451 22.876
 19.237 19.131 16.625 17.471 15.519 17.755 17.938 19.861 22.866 22.896 22.443 20.810 18.919 19.262 16.864 17.627 14.899 15.342 14.235 12.847 10.521  6.729  4.802  4.754  8.312  9.020  8.518 10.737 13.148 13.495 14.264 16.886 18.351 18.575 18.175 15.568 13.591  9.741 10.144 12.386 10.414  9.225  9.061 11.378 13.019 16.087 16.081 12.870  9.614  6.614  3.838  0.000  3.852  5.686  8.169 10.270 12.994 11.465 11.624 14.879 14.419 17.732 19.249 20.260 17.951 17.346 13.997 14.577 13.364 14.221 14.847 15.131 18.128 19.393 21.206 22.757
 19.390 20.023 18.038 19.567 18.190 20.798 21.346 23.431 26.428 26.286 25.578 23.628 21.480 21.251 18.422 18.417 15.178 14.713 13.316 11.085  9.508  5.915  6.340  6.374  9.006 10.732 11.154 12.560 14.899 16.068 16.768 18.878 20.667 21.407 20.956 18.705 16.548 12.748 13.293 15.934 14.140 13.016 12.481 14.388 15.318 18.084 18.482 15.120 12.354  9.045  5.923  3.852  0.000  3.812  6.766 10.002 11.807 10.058 11.460 14.508 14.776 18.007 19.768 21.439 19.429 19.512 16.525 17.692 16.858 17.964 18.651 18.866 21.763 22.878 24.560 26.014
 17.268 18.085 16.113 17.958 17.100 19.816 20.960 23.083 26.192 25.881 25.075 22.736 20.820 20.204 17.506 17.259 13.848 12.932 10.733  9.029  8.370  5.431  6.062  8.102  9.978 10.787 12.164 14.073 15.585 16.730 18.216 20.125 21.369 22.296 22.475 20.279 18.710 14.896 15.744 17.811 15.358 13.573 12.022 13.126 13.150 15.596 16.559 13.370 11.356  7.769  5.840  5.686  3.812  0.000  3.835  6.931  8.299  6.294  7.823 10.797 11.456 14.782 16.958 18.906 16.817 17.393 14.782 16.522 16.515 18.098 19.509 20.186 23.335 24.689 26.409 27.819
 13.660 14.854 13.364 15.789 15.666 18.806 20.510 23.023 25.946 25.213 23.956 21.213 19.093 17.864 14.988 14.203 10.626  9.289  6.916  5.545  5.390  4.110  5.923  8.693  9.080  9.505 11.997 13.633 14.270 15.871 17.859 19.168 20.125 21.573 22.241 20.531 19.509 15.904 17.526 19.309 16.444 14.892 12.603 13.644 12.957 15.489 17.232 14.594 13.036  9.312  8.701  8.169  6.766  3.835  0.000  3.825  5.278  5.157  6.944  8.739  8.946 11.770 13.688 15.996 14.440 15.630 13.659 16.141 16.561 18.851 20.524 21.819 25.017 26.470 28.336 29.783
 10.954 11.829 10.172 12.732 13.158 16.319 18.551 21.134 23.974 23.018 21.628 18.602 16.775 15.288 12.817 12.157  8.937  7.972  5.194  6.237  6.261  6.336  6.815 10.352 10.181  9.192 12.163 14.223 13.939 15.177 17.855 18.992 19.230 20.706 22.012 20.434 20.114 16.765 18.680 19.793 16.470 14.703 11.667 12.135 10.677 13.115 15.463 13.505 12.602  9.236 10.154 10.270 10.002  6.931  3.825  0.000  3.855  5.486  5.476  6.201  5.321  8.087 10.068 12.318 10.737 12.297 10.904 13.926 15.042 17.816 19.996 21.829 25.116 26.762 28.707 30.149
 11.929 13.646 12.678 15.602 16.536 19.620 22.077 24.546 27.413 26.423 25.002 21.810 20.096 18.229 15.772 14.462 11.136  8.936  5.164  6.025  8.111  8.865 10.248 13.541 13.284 12.813 15.879 17.676 17.378 18.894 21.524 22.450 22.753 24.422 25.747 24.236 23.795 20.360 22.120 23.411 20.157 18.183 15.148 15.089 13.054 14.674 17.306 15.392 15.089 11.907 12.518 12.994 11.807  8.299  5.278  3.855  0.000  3.858  5.420  4.667  5.922  8.064 10.724 13.732 12.498 14.795 13.967 17.145 18.622 21.329 23.644 25.345 28.655 30.276 32.123 33.489
 15.527 16.848 15.272 17.665 17.904 20.630 22.681 24.768 27.892 27.304 26.326 23.437 21.950 20.632 18.281 17.473 14.090 12.241  8.695  8.431  9.953  9.225 10.136 13.324 14.111 13.922 16.311 18.454 18.861 20.027 22.360 23.834 24.366 25.597 26.565 24.582 23.716 20.045 21.177 22.629 19.603 17.231 14.580 14.271 12.556 13.903 15.952 13.496 13.183 10.152 10.259 11.465 10.058  6.294  5.157  5.486  3.858  0.000  3.836  5.462  7.804 10.859 13.913 16.507 14.548 16.254 14.750 17.363 18.669 20.819 23.089 24.297 27.624 29.205 30.907 32.215
 15.225 15.762 13.566 15.403 15.505 17.823 19.976 21.812 24.987 24.493 23.754 20.938 19.963 18.964 17.208 17.044 14.166 13.136  9.766 10.679 11.415 10.450 10.013 13.654 14.673 13.511 15.656 18.394 18.506 18.999 21.682 23.406 23.419 24.281 25.572 23.400 22.950 19.434 20.473 21.319 18.036 15.279 12.258 11.220  9.019 10.124 12.383 10.323 10.626  8.174  9.649 11.624 11.460  7.823  6.944  5.476  5.420  3.836  0.000  3.854  5.604  9.214 12.484 14.439 11.861 13.250 11.770 14.293 16.078 18.243 20.920 22.353 25.747 27.494 29.211 30.501
 13.333 14.254 12.695 15.018 16.040 18.512 21.212 23.237 26.190 25.344 24.267 21.094 20.167 18.568 16.954 16.285 13.629 12.177  8.606 10.519 12.050 12.282 12.393 16.117 16.335 14.949 17.682 20.157 19.614 20.360 23.376 24.611 24.314 25.545 27.245 25.452 25.391 22.049 23.506 24.194 20.715 18.149 14.769 13.563 10.657 11.264 14.286 13.044 13.851 11.580 13.309 14.879 14.508 10.797  8.739  6.201  4.667  5.462  3.854  0.000  3.842  6.387 10.024 12.500 10.527 12.909 12.534 15.658 17.933 20.554 23.424 25.250 28.634 30.429 32.200 33.479
 10.565 10.814  8.946 11.224 12.493 15.112 18.029 20.310 23.069 21.984 20.685 17.404 16.463 14.814 13.441 13.110 10.949 10.385  7.587 10.359 10.965 11.498 11.047 14.806 14.591 12.520 15.373 17.886 16.835 17.369 20.653 21.723 21.060 22.318 24.321 22.754 23.143 20.103 21.942 22.273 18.618 16.372 12.731 11.803  8.926 10.293 13.530 12.747 13.243 10.995 13.296 14.419 14.776 11.456  8.946  5.321  5.922  7.804  5.604  3.842  0.000  3.830  6.970  9.001  6.963  9.421  9.374 12.853 15.209 18.228 21.124 23.375 26.709 28.560 30.463 31.810
  8.487  8.938  8.132 10.832 13.165 15.817 19.161 21.618 24.003 22.523 20.826 17.261 16.373 14.072 13.029 12.211 10.739 10.127  7.987 11.537 12.477 13.957 13.873 17.431 16.501 14.274 17.457 19.591 17.868 18.587 22.087 22.598 21.567 23.176 25.575 24.475 25.283 22.541 24.747 24.901 21.179 19.253 15.523 14.640 11.614 12.630 16.169 15.990 16.688 14.591 16.944 17.732 18.007 14.782 11.770  8.087  8.064 10.859  9.214  6.387  3.830  0.000  3.836  6.588  6.034  9.560 10.867 14.599 17.185 20.523 23.450 26.044 29.285 31.146 33.098 34.436
  5.725  5.646  5.957  8.959 12.070 14.883 18.395 21.172 23.118 21.242 19.070 15.344 14.240 11.397 10.630  9.626  9.208  9.391  8.741 12.523 12.921 14.959 14.877 18.045 16.447 13.966 17.264 18.973 16.603 17.408 21.016 20.989 19.615 21.530 24.237 23.656 24.897 22.577 25.206 25.167 21.467 20.101 16.447 16.068 13.458 14.891 18.326 18.415 18.771 16.661 19.023 19.249 19.768 16.958 13.688 10.068 10.724 13.913 12.484 10.024  6.970  3.836  0.000  3.842  5.582  9.104 11.136 14.884 17.249 20.877 23.594 26.527 29.604 31.435 33.481 34.859
  7.693  5.472  4.857  6.388  9.886 12.148 15.833 18.507 20.143 18.117 15.920 12.200 11.721  9.187  9.701  9.908 10.642 11.996 11.882 15.516 15.167 16.772 15.916 18.920 17.446 14.355 17.151 19.070 16.387 16.458 20.240 20.270 18.276 19.824 22.895 22.389 24.146 22.249 24.876 24.283 20.576 19.363 15.773 15.266 12.880 14.285 17.535 18.233 18.682 17.144 19.949 20.260 21.439 18.906 15.996 12.318 13.732 16.507 14.439 12.500  9.001  6.588  3.842  0.000  3.842  6.647  9.588 13.000 15.543 19.210 22.006 25.219 28.145 30.030 32.086 33.446
 10.057  7.996  5.457  6.037  8.404 10.352 13.945 16.284 18.413 16.840 15.270 11.798 11.767 10.260 10.685 11.608 11.551 12.862 11.932 15.283 14.752 15.524 14.061 17.343 16.627 13.358 15.754 18.314 16.204 15.774 19.546 20.295 18.459 19.435 22.276 21.154 22.679 20.529 22.731 22.028 18.245 16.523 12.813 11.775  9.145 10.501 13.729 14.490 15.169 13.989 17.117 17.951 19.429 16.817 14.440 10.737 12.498 14.548 11.861 10.527  6.963  6.034  5.582  3.842  0.000  3.828  6.498  9.993 12.948 16.420 19.517 22.548 25.609 27.574 29.572 30.916
 12.601  9.816  6.442  4.683  5.651  6.748 10.321 12.519 14.694 13.278 12.069  8.936  9.599  9.348 10.517 12.592 12.925 14.975 14.373 17.301 16.024 16.112 13.836 16.770 16.469 12.825 14.380 17.263 15.296 13.997 17.724 18.884 16.757 17.072 19.962 18.613 20.419 18.604 20.609 19.395 15.678 14.059 10.591  9.562  7.760  9.538 12.048 13.166 13.608 13.089 16.472 17.346 19.512 17.393 15.630 12.297 14.795 16.254 13.250 12.909  9.421  9.560  9.104  6.647  3.828  0.000  3.819  6.626  9.721 13.124 16.290 19.474 22.422 24.438 26.448 27.805
 13.877 11.450  7.660  6.128  4.757  6.123  8.807 11.030 13.798 12.927 12.186  9.628  9.766 10.309 10.694 13.039 12.709 14.806 14.041 16.301 14.548 13.821 10.974 13.770 14.117 10.534 11.499 14.802 13.541 11.967 15.439 17.227 15.594 15.531 17.906 16.024 17.408 15.333 17.057 15.943 12.184 10.323  6.794  6.120  5.356  8.330 10.086 10.485 10.224  9.725 13.089 13.997 16.525 14.782 13.659 10.904 13.967 14.750 11.770 12.534  9.374 10.867 11.136  9.588  6.498  3.819  0.000  3.830  6.623  9.995 13.162 16.121 19.240 21.278 23.335 24.779
 17.407 14.739 10.978  8.588  5.778  4.939  6.205  7.685 10.829 10.631 10.834  9.403 10.305 12.091 12.953 15.852 15.752 18.115 17.478 19.366 17.241 15.901 12.509 14.673 15.622 12.112 11.856 15.370 14.563 12.099 15.124 17.459 15.715 14.725 16.881 14.560 16.101 14.459 15.627 13.817 10.311  8.418  5.805  5.047  6.253  8.913  9.239 10.008  9.483 10.169 13.511 14.577 17.692 16.522 16.141 13.926 17.145 17.363 14.293 15.658 12.853 14.599 14.884 13.000  9.993  6.626  3.830  0.000  3.821  6.643 10.106 13.129 16.140 18.266 20.301 21.755
 18.749 16.126 12.533 10.175  6.511  5.826  4.942  6.746  9.842  9.989 10.341  9.752  9.998 12.470 12.994 16.165 16.097 18.768 18.588 19.912 17.205 15.457 11.822 13.033 14.227 10.979  9.603 13.025 12.730  9.741 12.179 14.959 13.526 11.991 13.648 11.002 12.511 11.224 12.323 10.212  6.841  5.898  4.805  6.289  8.966 12.014 11.622 11.584  9.855 10.390 12.989 13.364 16.858 16.515 16.561 15.042 18.622 18.669 16.078 17.933 15.209 17.185 17.249 15.543 12.948  9.721  6.623  3.821  0.000  3.821  6.636  9.896 12.878 14.992 17.246 18.906
 22.452 19.905 16.310 13.923 10.243  8.865  6.643  6.595  9.702 10.893 12.252 12.634 13.216 16.033 16.569 19.754 19.541 22.099 21.761 22.734 19.958 17.689 13.902 14.567 16.430 13.683 11.500 14.819 15.250 12.035 13.556 16.811 15.693 13.437 14.353 11.147 12.240 11.339 11.299  8.511  6.124  5.178  6.337  7.512 10.926 13.479 11.992 11.866  9.909 11.414 13.596 14.221 17.964 18.098 18.851 17.816 21.329 20.819 18.243 20.554 18.228 20.523 20.877 19.210 16.420 13.124  9.995  6.643  3.821  0.000  3.822  6.671  9.666 11.935 14.165 15.902
 24.458 21.971 18.613 16.302 12.511 11.360  8.428  8.381 10.566 11.919 13.314 14.327 14.458 17.540 17.867 21.099 20.976 23.695 23.740 24.297 21.170 18.727 15.061 14.755 16.687 14.462 11.479 14.189 15.132 11.758 12.207 15.704 15.003 12.225 12.279  8.818  9.692  9.689  9.189  5.715  4.952  6.159  8.740 10.810 14.382 17.099 15.479 14.930 12.417 13.587 14.926 14.847 18.651 19.509 20.524 19.996 23.644 23.089 20.920 23.424 21.124 23.450 23.594 22.006 19.517 16.290 13.162 10.106  6.636  3.822  0.000  3.824  6.457  8.768 11.387 13.451
 27.367 25.141 21.775 19.733 15.978 14.988 12.123 11.628 13.668 15.346 16.969 18.060 18.076 21.038 21.045 24.068 23.581 26.030 25.867 25.996 22.900 20.024 16.452 15.715 18.211 16.606 13.334 15.827 17.490 14.441 14.191 17.893 17.789 14.982 14.214 10.557 10.263 10.251  8.340  5.070  6.293  7.259 10.709 12.652 16.419 18.921 16.778 15.776 13.016 14.471 15.120 15.131 18.866 20.186 21.819 21.829 25.345 24.297 22.353 25.250 23.375 26.044 26.527 25.219 22.548 19.474 16.121 13.129  9.896  6.671  3.824  0.000  3.833  6.373  8.969 11.190
 30.245 27.915 24.659 22.448 18.686 17.433 14.237 13.378 14.709 16.572 18.432 20.057 20.177 23.356 23.532 26.652 26.386 28.970 29.010 29.063 25.854 23.016 19.567 18.476 20.832 19.408 15.957 17.958 19.660 16.529 15.718 19.269 19.199 16.043 14.845 11.533 11.307 12.260 10.156  7.025  9.267 10.753 14.133 16.021 19.741 22.120 19.841 19.004 16.362 17.872 18.319 18.128 21.763 23.335 25.017 25.116 28.655 27.624 25.747 28.634 26.709 29.285 29.604 28.145 25.609 22.422 19.240 16.140 12.878  9.666  6.457  3.833  0.000  3.833  6.588  9.041
 31.869 29.605 26.454 24.310 20.591 19.411 16.198 15.357 16.439 18.243 20.086 21.828 21.838 25.001 25.092 28.145 27.872 30.433 30.565 30.448 27.193 24.327 21.038 19.662 22.002 20.855 17.336 18.999 20.866 17.889 16.712 20.140 20.289 17.140 15.602 12.567 12.047 13.279 10.977  8.447 11.070 12.746 16.134 18.110 21.798 24.185 21.901 20.964 18.264 19.638 19.786 19.393 22.878 24.689 26.470 26.762 30.276 29.205 27.494 30.429 28.560 31.146 31.435 30.030 27.574 24.438 21.278 18.266 14.992 11.935  8.768  6.373  3.833  0.000  3.845  6.759
 34.017 31.782 28.627 26.485 22.823 21.538 18.372 17.282 18.229 20.129 22.137 23.962 24.107 27.251 27.377 30.389 30.067 32.541 32.579 32.403 29.231 26.305 23.086 21.724 24.150 23.113 19.675 21.289 23.209 20.330 19.130 22.459 22.641 19.530 17.969 15.132 14.499 15.631 13.175 11.089 13.594 14.946 18.249 19.975 23.586 25.765 23.324 22.425 19.881 21.407 21.451 21.206 24.560 26.409 28.336 28.707 32.123 30.907 29.211 32.200 30.463 33.098 33.481 32.086 29.572 26.448 23.335 20.301 17.246 14.165 11.387  8.969  6.588  3.845  0.000  3.811
