  0.000  3.831  6.696 10.291 13.213 16.657 19.739 23.038 24.673 22.542 19.818 16.193 13.888 10.394  8.327  5.524  5.453  5.836  7.611 10.766 10.715 13.725 14.525 16.818 14.176 12.432 16.054 16.616 13.899 15.742 18.922 18.033 17.137 19.859 22.311 22.439 23.560 21.505 24.655 25.066 21.680 21.186 17.988 18.766 17.019 19.264 22.339 21.838 21.291 18.554 20.109 19.237 19.389 17.267 13.660 10.952 11.928 15.526 15.222 13.329 10.562  8.484  5.722  7.693 10.056 12.600 13.875 17.406 18.747 22.451 24.457 27.365 30.244 31.868 34.014 35.485
  3.831  0.000  3.827  6.852 10.085 13.308 16.482 19.781 21.198 18.950 16.159 12.495 10.420  6.896  5.797  4.687  6.300  8.420  9.996 13.167 12.257 14.560 14.385 16.655 14.257 11.659 14.831 15.759 12.676 13.710 17.198 16.466 14.887 17.274 20.119 20.253 21.873 20.171 23.326 23.205 19.759 19.389 16.205 16.946 15.426 17.773 20.677 20.605 20.088 17.816 19.849 19.129 20.020 18.083 14.852 11.827 13.645 16.847 15.759 14.252 10.813  8.938  5.645  5.474  7.996  9.816 11.449 14.738 16.124 19.902 21.969 25.138 27.912 29.603 31.778 33.250
  6.696  3.827  0.000  3.817  6.725 10.044 13.273 16.467 18.233 16.274 13.888 10.241  8.539  6.032  5.390  6.329  7.003  9.468 10.138 13.167 11.779 13.139 12.082 14.638 12.959  9.736 12.526 14.261 11.571 11.790 15.521 15.607 13.925 15.631 18.444 17.978 19.580 17.722 20.591 20.213 16.616 15.937 12.633 13.219 11.852 14.409 17.097 17.085 16.563 14.594 16.981 16.625 18.036 16.112 13.364 10.171 12.678 15.271 13.564 12.694  8.945  8.131  5.956  4.858  5.456  6.441  7.659 10.977 12.532 16.308 18.612 21.773 24.657 26.453 28.624 30.109
 10.291  6.852  3.817  0.000  3.821  6.522  9.935 13.078 14.623 12.587 10.274  6.615  5.780  4.709  6.199  8.796 10.133 13.025 13.650 16.450 14.615 15.271 13.357 15.631 14.434 10.743 12.522 14.630 11.935 10.942 14.762 15.202 12.848 13.791 16.942 16.357 18.498 17.124 19.808 18.755 15.206 14.670 11.605 12.071 11.233 13.762 15.991 16.525 16.048 14.837 17.614 17.471 19.566 17.957 15.789 12.732 15.602 17.664 15.401 15.017 11.223 10.830  8.957  6.387  6.037  4.682  6.128  8.587 10.174 13.922 16.302 19.732 22.447 24.311 26.483 27.956
 13.213 10.085  6.725  3.821  0.000  3.823  6.615  9.951 11.864 10.267  8.534  5.707  5.070  6.367  7.504 10.773 11.625 14.686 15.157 17.350 14.948 14.693 12.020 13.879 13.371  9.532 10.209 12.808 10.728  8.726 12.399 13.643 11.404 11.470 14.358 13.224 15.380 14.137 16.557 15.177 11.669 11.300  8.660  9.655  9.978 12.972 14.382 14.725 13.734 12.930 15.673 15.519 18.189 17.099 15.665 13.157 16.536 17.903 15.504 16.041 12.493 13.164 12.068  9.885  8.403  5.650  4.757  5.777  6.511 10.242 12.511 15.977 18.685 20.592 22.822 24.370
 16.657 13.308 10.044  6.522  3.823  0.000  3.832  6.674  8.483  7.063  6.223  4.568  6.329  8.837 10.898 14.338 15.418 18.451 18.723 20.949 18.573 17.967 14.921 16.614 16.600 12.823 12.685 15.450 13.662 10.893 14.129 15.706 13.077 12.128 15.090 13.713 16.266 15.545 17.426 15.281 12.073 11.621  9.571  9.884 10.622 13.023 13.806 14.885 14.253 14.448 17.475 17.755 20.797 19.815 18.805 16.318 19.620 20.628 17.821 18.512 15.112 15.816 14.881 12.146 10.351  6.748  6.122  4.939  5.825  8.864 11.360 14.986 17.431 19.411 21.537 23.002
 19.739 16.482 13.273  9.935  6.615  3.832  0.000  3.838  5.788  5.402  5.827  6.424  7.957 11.298 13.112 16.754 17.757 20.925 21.316 23.091 20.336 19.213 15.856 16.854 17.281 13.787 12.570 15.259 14.050 10.615 13.080 15.166 12.683 10.701 13.217 11.491 14.215 14.110 15.567 12.864 10.237 10.431  9.649 10.552 12.418 14.900 14.768 15.643 14.496 15.150 17.827 17.937 21.346 20.959 20.509 18.551 22.077 22.680 19.974 21.212 18.029 19.160 18.394 15.832 13.945 10.321  8.807  6.204  4.941  6.640  8.426 12.121 14.235 16.198 18.370 19.917
 23.038 19.781 16.467 13.078  9.951  6.674  3.838  0.000  3.852  5.619  7.788  9.291 11.475 14.793 16.738 20.332 21.208 24.225 24.308 26.058 23.406 21.970 18.419 19.411 20.311 16.953 15.415 18.256 17.440 13.892 15.907 18.279 15.907 13.428 15.517 13.457 15.997 16.095 16.813 13.662 11.587 11.416 11.243 11.418 13.501 15.343 14.490 15.833 15.044 16.522 19.289 19.860 23.429 23.080 23.021 21.133 24.544 24.765 21.809 23.237 20.309 21.615 21.169 18.505 16.282 12.517 11.028  7.682  6.745  6.592  8.380 11.626 13.376 15.357 17.281 18.686
 24.673 21.198 18.233 14.623 11.864  8.483  5.788  3.852  0.000  3.840  6.723  9.435 11.975 15.522 17.939 21.653 23.041 26.299 26.746 28.603 25.845 24.658 21.229 21.974 22.529 19.177 17.595 19.979 18.848 15.208 16.954 18.903 16.152 13.437 15.706 14.292 17.316 18.081 18.965 15.646 14.047 14.493 14.492 14.869 16.768 18.499 17.786 19.294 18.526 19.891 22.566 22.866 26.429 26.191 25.945 23.973 27.412 27.890 24.984 26.189 23.067 24.000 23.114 20.139 18.410 14.691 13.796 10.827  9.842  9.701 10.568 13.670 14.711 16.443 18.232 19.522
 22.542 18.950 16.274 12.587 10.267  7.063  5.402  5.619  3.840  0.000  3.811  6.807  9.574 13.046 15.774 19.476 21.212 24.585 25.300 27.353 24.642 23.872 20.678 21.539 21.602 18.117 16.968 19.119 17.468 14.022 16.122 17.572 14.471 12.201 15.028 14.162 17.471 18.187 19.633 16.595 14.633 15.229 14.672 15.213 16.680 18.589 18.484 19.959 19.208 20.090 22.832 22.897 26.286 25.881 25.213 23.019 26.424 27.303 24.492 25.345 21.984 22.522 21.240 18.115 16.840 13.278 12.927 10.631  9.990 10.892 11.919 15.346 16.572 18.246 20.130 21.423
 19.818 16.159 13.888 10.274  8.534  6.223  5.827  7.788  6.723  3.811  0.000  3.835  6.466  9.875 12.871 16.546 18.674 22.188 23.284 25.457 22.760 22.465 19.616 20.500 19.969 16.439 15.791 17.561 15.334 12.236 14.689 15.502 12.075 10.528 13.915 13.701 17.181 17.803 19.879 17.266 14.984 15.811 14.765 15.671 16.755 18.990 19.504 20.733 19.849 20.089 22.748 22.444 25.579 25.075 23.957 21.628 25.003 26.327 23.754 24.268 20.685 20.825 19.068 15.918 15.269 12.068 12.186 10.834 10.341 12.251 13.314 16.969 18.432 20.088 22.138 23.521
 16.193 12.495 10.241  6.615  5.707  4.568  6.424  9.291  9.435  6.807  3.835  0.000  3.826  6.601  9.796 13.336 15.469 18.875 19.923 22.346 19.911 19.998 17.438 18.787 17.928 14.236 14.410 16.284 13.670 11.168 14.333 14.886 11.554 11.082 14.668 14.431 17.574 17.498 19.926 17.835 14.960 15.331 13.472 14.233 14.657 16.989 18.152 19.257 18.546 18.306 21.082 20.809 23.627 22.735 21.212 18.602 21.811 23.436 20.937 21.094 17.404 17.260 15.342 12.199 11.798  8.936  9.627  9.401  9.750 12.631 14.325 18.057 20.054 21.827 23.961 25.388
 13.888 10.420  8.539  5.780  5.070  6.329  7.957 11.475 11.975  9.574  6.466  3.826  0.000  3.843  6.472 10.175 12.438 16.065 17.607 19.744 17.070 17.412 15.227 16.237 14.862 11.362 11.823 13.152 10.181  8.173 11.497 11.579  8.383  8.869 12.455 12.649 15.594 15.405 18.334 16.814 13.930 14.765 12.914 14.477 15.019 17.902 19.263 19.686 18.447 17.489 19.789 18.919 21.479 20.819 19.093 16.775 20.097 21.950 19.961 20.167 16.463 16.373 14.238 11.720 11.767  9.599  9.765 10.304  9.996 13.213 14.456 18.074 20.174 21.838 24.105 25.650
 10.394  6.896  6.032  4.709  6.367  8.837 11.298 14.793 15.522 13.046  9.875  6.601  3.843  0.000  3.819  6.973  9.754 13.284 15.128 17.574 15.310 16.444 14.981 16.355 14.331 11.027 12.652 13.606 10.163  9.561 13.059 12.434  9.689 11.412 14.806 15.274 17.791 17.116 20.319 19.367 16.265 16.779 14.366 15.744 15.518 18.312 20.313 20.583 19.550 18.023 20.233 19.260 21.249 20.202 17.862 15.287 18.228 20.630 18.961 18.566 14.812 14.071 11.395  9.185 10.258  9.346 10.307 12.089 12.467 16.030 17.537 21.035 23.354 25.000 27.248 28.767
  8.327  5.797  5.390  6.199  7.504 10.898 13.112 16.738 17.939 15.774 12.871  9.796  6.472  3.819  0.000  3.815  6.259  9.981 12.220 14.264 11.825 13.255 12.365 13.572 11.073  8.181 10.516 11.021  7.544  8.261 11.649 10.850  9.168 11.641 14.392 14.804 16.639 15.483 18.900 18.650 15.562 16.133 13.722 15.575 15.395 18.521 20.595 20.203 18.786 16.613 18.280 16.863 18.421 17.505 14.987 12.817 15.772 18.281 17.207 16.953 13.441 13.029 10.629  9.702 10.685 10.517 10.694 12.953 12.993 16.567 17.866 21.043 23.530 25.092 27.375 28.956
  5.524  4.687  6.329  8.796 10.773 14.338 16.754 20.332 21.653 19.476 16.546 13.336 10.175  6.973  3.815  0.000  3.827  7.153 10.084 12.138 10.287 12.714 12.923 14.234 11.170  9.220 12.348 12.288  9.037 11.003 13.964 12.689 11.785 14.770 17.139 17.711 19.062 17.565 21.045 21.340 18.282 18.662 16.077 17.805 17.144 20.112 22.553 21.892 20.573 17.912 19.215 17.626 18.415 17.259 14.202 12.156 14.462 17.472 17.042 16.284 13.110 12.210  9.625  9.909 11.608 12.592 13.039 15.852 16.164 19.753 21.098 24.067 26.650 28.145 30.387 31.942
  5.453  6.300  7.003 10.133 11.625 15.418 17.757 21.208 23.041 21.212 18.674 15.469 12.438  9.754  6.259  3.827  0.000  3.824  6.686  8.386  6.588  9.338 10.207 11.817  8.853  7.542 11.231 11.403  9.088 11.520 14.290 13.635 13.561 16.315 18.138 18.131 18.764 16.596 19.851 20.668 17.562 17.543 14.885 16.611 15.849 18.862 21.302 20.127 18.697 15.617 16.512 14.898 15.176 13.847 10.625  8.936 11.135 14.089 14.164 13.627 10.947 10.738  9.207 10.643 11.550 12.924 12.708 15.751 16.095 19.539 20.975 23.579 26.384 27.870 30.064 31.626
  5.836  8.420  9.468 13.025 14.686 18.451 20.925 24.225 26.299 24.585 22.188 18.875 16.065 13.284  9.981  7.153  3.824  0.000  3.878  5.447  5.402  8.987 10.985 12.882 10.187  9.860 13.660 13.832 12.209 14.870 17.390 16.854 17.180 19.923 21.485 21.273 21.446 18.874 21.861 23.089 20.000 19.565 16.794 18.166 16.957 19.625 22.282 20.828 19.625 16.251 16.773 15.341 14.712 12.932  9.289  7.971  8.936 12.241 13.134 12.175 10.384 10.127  9.392 11.997 12.863 14.975 14.806 18.115 18.767 22.098 23.695 26.028 28.969 30.431 32.538 34.052
  7.611  9.996 10.138 13.650 15.157 18.723 21.316 24.308 26.746 25.300 23.284 19.923 17.607 15.128 12.220 10.084  6.686  3.878  0.000  3.840  5.542  8.325 10.280 12.977 11.283 10.829 14.503 15.471 14.408 16.567 19.238 19.364 19.634 21.923 23.444 22.648 22.580 19.572 22.087 23.344 20.097 18.964 15.950 16.708 15.038 17.308 20.078 18.486 17.679 14.307 14.928 14.234 13.313 10.732  6.915  5.192  5.163  8.694  9.763  8.603  7.586  7.988  8.742 11.884 11.932 14.372 14.040 17.477 18.587 21.760 23.739 25.864 29.008 30.562 32.574 34.034
 10.766 13.167 13.167 16.450 17.350 20.949 23.091 26.058 28.603 27.353 25.457 22.346 19.744 17.574 14.264 12.138  8.386  5.447  3.840  0.000  3.837  6.535  9.647 11.626 10.091 10.945 14.305 14.802 14.551 17.117 19.161 19.389 20.381 22.680 23.608 22.734 22.050 18.853 21.191 23.023 20.154 19.224 16.738 17.958 16.839 19.302 21.641 19.470 18.153 14.474 14.092 12.846 11.084  9.029  5.545  6.236  6.025  8.431 10.678 10.518 10.359 11.538 12.525 15.518 15.284 17.301 16.301 19.366 19.911 22.733 24.297 25.994 29.061 30.445 32.398 33.867
 10.715 12.257 11.779 14.615 14.948 18.573 20.336 23.406 25.845 24.642 22.760 19.911 17.070 15.310 11.825 10.287  6.588  5.402  5.542  3.837  0.000  3.842  6.833  8.292  6.317  7.375 10.667 10.986 10.900 13.523 15.384 15.726 16.903 19.114 19.860 19.019 18.326 15.251 17.826 19.642 16.889 16.432 14.269 16.153 15.737 18.746 20.716 18.504 16.616 12.927 12.468 10.521  9.507  8.371  5.391  6.262  8.112  9.954 11.415 12.050 10.966 12.479 12.921 15.169 14.752 16.024 14.549 17.241 17.205 19.957 21.170 22.899 25.853 27.191 29.228 30.770
 13.725 14.560 13.139 15.271 14.693 17.967 19.213 21.970 24.658 23.872 22.465 19.998 17.412 16.444 13.255 12.714  9.338  8.987  8.325  6.535  3.842  0.000  3.832  5.236  5.119  6.547  8.830  9.829 10.877 12.838 14.339 15.561 16.977 18.531 18.832 17.360 16.159 12.695 14.758 16.807 14.237 13.582 11.897 14.016 14.238 17.387 18.760 16.126 13.781 10.046  8.951  6.729  5.915  5.432  4.110  6.336  8.865  9.225 10.451 12.282 11.498 13.957 14.959 16.773 15.524 16.112 13.821 15.901 15.456 17.688 18.727 20.023 23.014 24.325 26.301 27.856
 14.525 14.385 12.082 13.357 12.020 14.921 15.856 18.419 21.229 20.678 19.616 17.438 15.227 14.981 12.365 12.923 10.207 10.985 10.280  9.647  6.833  3.832  0.000  3.846  5.380  4.975  6.322  8.679  9.863 10.701 12.458 14.415 15.400 16.291 16.699 14.717 13.729 10.168 12.058 13.607 10.733  9.821  8.133 10.547 11.385 14.817 15.777 13.238 10.582  7.085  6.682  4.802  6.340  6.063  5.924  6.817 10.250 10.137 10.015 12.395 11.049 13.875 14.878 15.918 14.062 13.836 10.975 12.509 11.821 13.901 15.060 16.451 19.565 21.036 23.082 24.690
 16.818 16.655 14.638 15.631 13.879 16.614 16.854 19.411 21.974 21.539 20.500 18.787 16.237 16.355 13.572 14.234 11.817 12.882 12.977 11.626  8.292  5.236  3.846  0.000  3.848  5.428  5.071  6.284  8.799  9.906 10.476 12.579 14.395 15.202 14.789 12.906 11.191  7.613  9.687 11.969  9.936 10.208  9.856 12.999 14.581 18.113 18.604 15.940 12.749  9.661  8.193  4.755  6.373  8.103  8.693 10.353 13.542 13.324 13.656 16.119 14.808 17.432 18.046 18.922 17.345 16.771 13.773 14.675 13.034 14.568 14.756 15.715 18.477 19.662 21.723 23.404
 14.176 14.257 12.959 14.434 13.371 16.600 17.281 20.311 22.529 21.602 19.969 17.928 14.862 14.331 11.073 11.170  8.853 10.187 11.283 10.091  6.317  5.119  5.380  3.848  0.000  3.861  5.384  4.925  6.340  8.779  9.660 10.626 12.517 14.230 14.212 13.271 12.221  9.368 12.333 14.285 12.100 12.819 11.859 14.941 15.985 19.584 20.651 18.368 15.534 12.294 11.452  8.313  9.007  9.979  9.081 10.182 13.285 14.112 14.675 16.336 14.592 16.503 16.447 17.448 16.629 16.471 14.119 15.624 14.228 16.431 16.688 18.211 20.832 22.002 24.149 25.825
 12.432 11.659  9.736 10.743  9.532 12.823 13.787 16.953 19.177 18.117 16.439 14.236 11.362 11.027  8.181  9.220  7.542  9.860 10.829 10.945  7.375  6.547  4.975  5.428  3.861  0.000  3.847  5.402  5.118  6.457  8.744  9.992 10.715 12.184 13.043 11.928 11.869  9.241 12.363 13.328 10.419 10.861  9.223 12.183 13.128 16.813 18.024 16.256 13.727 10.854 11.239  9.021 10.732 10.788  9.507  9.194 12.815 13.924 13.513 14.952 12.522 14.276 13.967 14.356 13.360 12.826 10.536 12.113 10.979 13.683 14.461 16.605 19.406 20.854 23.111 24.806
 16.054 14.831 12.526 12.522 10.209 12.685 12.570 15.415 17.595 16.968 15.791 14.410 11.823 12.652 10.516 12.348 11.231 13.660 14.503 14.305 10.667  8.830  6.322  5.071  5.384  3.847  0.000  3.841  5.402  5.044  6.245  8.792  9.873 10.308 10.401  8.625  8.170  5.503  8.768  9.655  7.134  8.538  8.235 11.856 13.850 17.615 18.052 16.201 13.143 10.900 10.966  8.518 11.153 12.164 11.997 12.165 15.880 16.312 15.659 17.685 15.375 17.459 17.266 17.154 15.757 14.383 11.503 11.860  9.605 11.501 11.480 13.334 15.957 17.336 19.674 21.479
 16.616 15.759 14.261 14.630 12.808 15.450 15.259 18.256 19.979 19.119 17.561 16.284 13.152 13.606 11.021 12.288 11.403 13.832 15.471 14.802 10.986  9.829  8.679  6.284  4.925  5.402  3.841  0.000  3.845  5.412  4.904  6.365  8.750 10.013  9.425  8.839  8.076  6.392 10.062 11.499  9.961 12.053 12.058 15.670 17.501 21.264 21.850 19.937 16.827 14.360 13.853 10.737 12.560 14.075 13.634 14.225 17.677 18.455 18.397 20.159 17.888 19.594 18.975 19.073 18.317 17.266 14.806 15.373 13.027 14.821 14.191 15.828 17.959 19.000 21.290 23.069
 13.899 12.676 11.571 11.935 10.728 13.662 14.050 17.440 18.848 17.468 15.334 13.670 10.181 10.163  7.544  9.037  9.088 12.209 14.408 14.551 10.900 10.877  9.863  8.799  6.340  5.118  5.402  3.845  0.000  3.854  5.336  5.100  6.269  8.599  9.388  9.701 10.392  9.353 13.115 13.739 11.616 13.457 12.627 15.886 17.185 20.887 21.954 20.560 17.919 15.495 15.788 13.147 14.899 15.585 14.271 13.941 17.380 18.862 18.507 19.616 16.837 17.870 16.603 16.389 16.206 15.298 13.544 14.565 12.730 15.250 15.132 17.489 19.659 20.866 23.208 24.939
 15.742 13.710 11.790 10.942  8.726 10.893 10.615 13.892 15.208 14.022 12.236 11.168  8.173  9.561  8.261 11.003 11.520 14.870 16.567 17.117 13.523 12.838 10.701  9.906  8.779  6.457  5.044  5.412  3.854  0.000  3.849  5.437  5.060  5.750  7.089  6.765  8.469  8.047 11.574 11.209  8.991 11.173 10.728 14.023 15.831 19.500 20.141 19.107 16.487 14.790 15.609 13.495 16.067 16.730 15.871 15.178 18.895 20.028 19.000 20.362 17.370 18.588 17.409 16.459 15.776 13.999 11.969 12.100  9.741 12.034 11.757 14.440 16.527 17.889 20.329 22.120
 18.922 17.198 15.521 14.762 12.399 14.129 13.080 15.907 16.954 16.122 14.689 14.333 11.497 13.059 11.649 13.964 14.290 17.390 19.238 19.161 15.384 14.339 12.458 10.476  9.660  8.744  6.245  4.904  5.336  3.849  0.000  3.841  5.567  5.576  4.580  4.788  5.806  6.604 10.140 10.188  9.275 12.340 12.953 16.561 18.836 22.539 22.777 21.438 18.412 16.776 16.884 14.262 16.767 18.216 17.859 17.855 21.525 22.360 21.683 23.377 20.654 22.088 21.017 20.241 19.548 17.726 15.441 15.125 12.179 13.555 12.206 14.189 15.716 16.712 19.130 20.966
 18.033 16.466 15.607 15.202 13.643 15.706 15.166 18.279 18.903 17.572 15.502 14.886 11.579 12.434 10.850 12.689 13.635 16.854 19.364 19.389 15.726 15.561 14.415 12.579 10.626  9.992  8.792  6.365  5.100  5.437  3.841  0.000  3.845  6.042  5.823  7.959  9.275 10.181 13.786 13.988 12.987 15.834 15.915 19.355 21.158 24.842 25.514 24.316 21.489 19.542 19.693 16.886 18.878 20.126 19.169 18.994 22.452 23.835 23.407 24.614 21.725 22.600 20.991 20.272 20.298 18.886 17.229 17.461 14.959 16.810 15.702 17.891 19.267 20.140 22.458 24.178
 17.137 14.887 13.925 12.848 11.404 13.077 12.683 15.907 16.152 14.471 12.075 11.554  8.383  9.689  9.168 11.785 13.561 17.180 19.634 20.381 16.903 16.977 15.400 14.395 12.517 10.715  9.873  8.750  6.269  5.060  5.567  3.845  0.000  3.833  6.080  8.289 10.898 11.912 15.388 14.721 13.224 15.800 15.460 18.508 20.098 23.608 24.411 23.761 21.334 19.753 20.619 18.349 20.665 21.368 20.124 19.230 22.753 24.366 23.419 24.314 21.060 21.567 19.614 18.276 18.460 16.758 15.595 15.716 13.526 15.691 15.002 17.788 19.199 20.291 22.642 24.324
 19.859 17.274 15.631 13.791 11.470 12.128 10.701 13.428 13.437 12.201 10.528 11.082  8.869 11.412 11.641 14.770 16.315 19.923 21.923 22.680 19.114 18.531 16.291 15.202 14.230 12.184 10.308 10.013  8.599  5.750  5.576  6.042  3.833  0.000  3.853  5.699  9.173 10.962 13.880 12.439 11.403 14.312 14.634 17.656 19.777 23.191 23.455 22.980 20.492 19.529 20.537 18.575 21.407 22.296 21.573 20.707 24.422 25.597 24.281 25.546 22.319 23.176 21.528 19.824 19.435 17.072 15.531 14.725 11.991 13.435 12.224 14.982 16.043 17.143 19.531 21.261
 22.311 20.119 18.444 16.942 14.358 15.090 13.217 15.517 15.706 15.028 13.915 14.668 12.455 14.806 14.392 17.139 18.138 21.485 23.444 23.608 19.860 18.832 16.699 14.789 14.212 13.043 10.401  9.425  9.388  7.089  4.580  5.823  6.080  3.853  0.000  3.824  6.571  9.316 11.958 10.937 10.995 14.479 15.620 19.011 21.560 25.090 24.995 24.078 21.163 20.153 20.516 18.175 20.957 22.476 22.242 22.014 25.748 26.566 25.573 27.247 24.322 25.576 24.236 22.896 22.277 19.962 17.907 16.881 13.647 14.351 12.277 14.212 14.843 15.602 17.970 19.759
 22.439 20.253 17.978 16.357 13.224 13.713 11.491 13.457 14.292 14.162 13.701 14.431 12.649 15.274 14.804 17.711 18.131 21.273 22.648 22.734 19.019 17.360 14.717 12.906 13.271 11.928  8.625  8.839  9.701  6.765  4.788  7.959  8.289  5.699  3.824  0.000  3.898  6.511  8.666  7.205  7.395 11.019 12.682 16.108 19.021 22.503 22.030 20.965 17.925 17.236 17.589 15.567 18.705 20.278 20.530 20.433 24.236 24.582 23.400 25.452 22.754 24.474 23.653 22.388 21.153 18.612 16.023 14.559 11.000 11.144  8.815 10.555 11.532 12.569 15.133 17.105
 23.560 21.873 19.580 18.498 15.380 16.266 14.215 15.997 17.316 17.471 17.181 17.574 15.594 17.791 16.639 19.062 18.764 21.446 22.580 22.050 18.326 16.159 13.729 11.191 12.221 11.869  8.170  8.076 10.392  8.469  5.806  9.275 10.898  9.173  6.571  3.898  0.000  3.894  5.621  5.673  6.941 10.598 12.841 16.490 19.587 23.120 22.440 20.779 17.357 16.430 15.974 13.590 16.548 18.709 19.508 20.114 23.795 23.716 22.951 25.392 23.144 25.283 24.895 24.145 22.679 20.418 17.408 16.101 12.510 12.238  9.690 10.262 11.306 12.048 14.500 16.514
 21.505 20.171 17.722 17.124 14.137 15.545 14.110 16.095 18.081 18.187 17.803 17.498 15.405 17.116 15.483 17.565 16.596 18.874 19.572 18.853 15.251 12.695 10.168  7.613  9.368  9.241  5.503  6.392  9.353  8.047  6.604 10.181 11.912 10.962  9.316  6.511  3.894  0.000  3.842  5.499  5.337  8.245 10.217 13.959 16.909 20.488 19.952 17.890 14.339 12.990 12.243  9.740 12.747 14.895 15.904 16.765 20.360 20.045 19.434 22.050 20.104 22.542 22.577 22.249 20.530 18.605 15.335 14.460 11.224 11.338  9.689 10.251 12.259 13.278 15.630 17.589
 24.655 23.326 20.591 19.808 16.557 17.426 15.567 16.813 18.965 19.633 19.879 19.926 18.334 20.319 18.900 21.045 19.851 21.861 22.087 21.191 17.826 14.758 12.058  9.687 12.333 12.363  8.768 10.062 13.115 11.574 10.140 13.786 15.388 13.880 11.958  8.666  5.621  3.842  0.000  3.841  5.565  7.946 10.967 14.334 17.678 20.959 19.777 17.521 13.840 13.182 12.055 10.145 13.295 15.745 17.527 18.681 22.121 21.178 20.476 23.509 21.944 24.749 25.206 24.877 22.733 20.610 17.059 15.628 12.323 11.299  9.189  8.339 10.154 10.975 13.173 15.198
 25.066 23.205 20.213 18.755 15.177 15.281 12.864 13.662 15.646 16.595 17.266 17.835 16.814 19.367 18.650 21.340 20.668 23.089 23.344 23.023 19.642 16.807 13.607 11.969 14.285 13.328  9.655 11.499 13.739 11.209 10.188 13.988 14.721 12.439 10.937  7.205  5.673  5.499  3.841  0.000  3.835  6.813 10.188 13.298 16.895 20.032 18.593 16.954 13.577 13.713 13.570 12.386 15.934 17.810 19.307 19.793 23.411 22.629 21.320 24.195 22.273 24.900 25.165 24.282 22.027 19.394 15.942 13.816 10.210  8.509  5.713  5.069  7.024  8.447 11.089 13.318
 21.680 19.759 16.616 15.206 11.669 12.073 10.237 11.587 14.047 14.633 14.984 14.960 13.930 16.265 15.562 18.282 17.562 20.000 20.097 20.154 16.889 14.237 10.733  9.936 12.100 10.419  7.134  9.961 11.616  8.991  9.275 12.987 13.224 11.403 10.995  7.395  6.941  5.337  5.565  3.835  0.000  3.819  6.579  9.923 13.361 16.673 15.648 14.119 10.863 10.739 11.303 10.413 14.139 15.356 16.442 16.469 20.156 19.602 18.035 20.715 18.618 21.178 21.465 20.574 18.245 15.678 12.184 10.310  6.840  6.123  4.953  6.294  9.267 11.072 13.595 15.615
 21.186 19.389 15.937 14.670 11.300 11.621 10.431 11.416 14.493 15.229 15.811 15.331 14.765 16.779 16.133 18.662 17.543 19.565 18.964 19.224 16.432 13.582  9.821 10.208 12.819 10.861  8.538 12.053 13.457 11.173 12.340 15.834 15.800 14.312 14.479 11.019 10.598  8.245  7.946  6.813  3.819  0.000  3.829  6.609 10.229 13.336 12.095 10.389  7.157  7.619  8.869  9.225 13.017 13.572 14.891 14.703 18.183 17.231 15.280 18.151 16.372 19.254 20.101 19.363 16.523 14.059 10.323  8.418  5.897  5.178  6.160  7.258 10.752 12.744 14.943 16.734
 17.988 16.205 12.633 11.605  8.660  9.571  9.649 11.243 14.492 14.672 14.765 13.472 12.914 14.366 13.722 16.077 14.885 16.794 15.950 16.738 14.269 11.897  8.133  9.856 11.859  9.223  8.235 12.058 12.627 10.728 12.953 15.915 15.460 14.634 15.620 12.682 12.841 10.217 10.967 10.188  6.579  3.829  0.000  3.822  6.877 10.375 10.049  8.575  5.979  5.702  8.248  9.062 12.481 12.021 12.603 11.667 15.149 14.580 12.259 14.771 12.732 15.523 16.446 15.772 12.813 10.590  6.794  5.804  4.804  6.337  8.740 10.708 14.132 16.133 18.246 19.876
 18.766 16.946 13.219 12.071  9.655  9.884 10.552 11.418 14.869 15.213 15.671 14.233 14.477 15.744 15.575 17.805 16.611 18.166 16.708 17.958 16.153 14.016 10.547 12.999 14.941 12.183 11.856 15.670 15.886 14.023 16.561 19.355 18.508 17.656 19.011 16.108 16.490 13.959 14.334 13.298  9.923  6.609  3.822  0.000  3.824  6.812  6.304  5.478  4.511  5.800  9.350 11.379 14.388 13.125 13.644 12.136 15.090 14.271 11.221 13.566 11.804 14.641 16.067 15.266 11.775  9.562  6.120  5.047  6.289  7.514 10.811 12.650 16.020 18.109 19.972 21.388
 17.019 15.426 11.852 11.233  9.978 10.622 12.418 13.501 16.768 16.680 16.755 14.657 15.019 15.518 15.395 17.144 15.849 16.957 15.038 16.839 15.737 14.238 11.385 14.581 15.985 13.128 13.850 17.501 17.185 15.831 18.836 21.158 20.098 19.777 21.560 19.021 19.587 16.909 17.678 16.895 13.361 10.229  6.877  3.824  0.000  3.848  5.522  5.512  6.516  6.944 10.738 13.020 15.318 13.149 12.956 10.677 13.056 12.557  9.019 10.660  8.927 11.614 13.458 12.880  9.145  7.760  5.356  6.252  8.965 10.926 14.382 16.417 19.739 21.796 23.582 24.887
 19.264 17.773 14.409 13.762 12.972 13.023 14.900 15.343 18.499 18.589 18.990 16.989 17.902 18.312 18.521 20.112 18.862 19.625 17.308 19.302 18.746 17.387 14.817 18.113 19.584 16.813 17.615 21.264 20.887 19.500 22.539 24.842 23.608 23.191 25.090 22.503 23.120 20.488 20.959 20.032 16.673 13.336 10.375  6.812  3.848  0.000  3.849  5.598  8.417  9.658 13.291 16.089 18.085 15.596 15.490 13.115 14.676 13.903 10.125 11.268 10.294 12.631 14.891 14.285 10.501  9.538  8.330  8.913 12.014 13.480 17.100 18.921 22.119 24.184 25.761 26.896
 22.339 20.677 17.097 15.991 14.382 13.806 14.768 14.490 17.786 18.484 19.504 18.152 19.263 20.313 20.595 22.553 21.302 22.282 20.078 21.641 20.716 18.760 15.777 18.604 20.651 18.024 18.052 21.850 21.954 20.141 22.777 25.514 24.411 23.455 24.995 22.030 22.440 19.952 19.777 18.593 15.648 12.095 10.049  6.304  5.522  3.849  0.000  3.819  6.961  9.597 13.011 16.082 18.483 16.558 17.232 15.463 17.306 15.951 12.383 14.289 13.531 16.169 18.326 17.536 13.729 12.049 10.087  9.240 11.624 11.995 15.481 16.778 19.841 21.900 23.320 24.390
 21.838 20.605 17.085 16.525 14.725 14.885 15.643 15.833 19.294 19.959 20.733 19.257 19.686 20.583 20.203 21.892 20.127 20.828 18.486 19.470 18.504 16.126 13.238 15.940 18.368 16.256 16.201 19.937 20.560 19.107 21.438 24.316 23.761 22.980 24.078 20.965 20.779 17.890 17.521 16.954 14.119 10.389  8.575  5.478  5.512  5.598  3.819  0.000  3.826  6.466  9.537 12.870 15.120 13.368 14.593 13.504 15.391 13.494 10.322 13.045 12.746 15.989 18.413 18.232 14.490 13.166 10.485 10.008 11.584 11.868 14.932 15.776 19.004 20.963 22.421 23.576
 21.291 20.088 16.563 16.048 13.734 14.253 14.496 15.044 18.526 19.208 19.849 18.546 18.447 19.550 18.786 20.573 18.697 19.625 17.679 18.153 16.616 13.781 10.582 12.749 15.534 13.727 13.143 16.827 17.919 16.487 18.412 21.489 21.334 20.492 21.163 17.925 17.357 14.339 13.840 13.577 10.863  7.157  5.979  4.511  6.516  8.417  6.961  3.826  0.000  3.826  6.562  9.615 12.355 11.355 13.035 12.603 15.090 13.183 10.628 13.854 13.245 16.689 18.771 18.682 15.170 13.608 10.224  9.482  9.854  9.910 12.418 13.015 16.360 18.262 19.877 21.205
 18.554 17.816 14.594 14.837 12.930 14.448 15.150 16.522 19.891 20.090 20.089 18.306 17.489 18.023 16.613 17.912 15.617 16.251 14.307 14.474 12.927 10.046  7.085  9.661 12.294 10.854 10.900 14.360 15.495 14.790 16.776 19.542 19.753 19.529 20.153 17.236 16.430 12.990 13.182 13.713 10.739  7.619  5.702  5.800  6.944  9.658  9.597  6.466  3.826  0.000  3.838  6.614  9.045  7.768  9.312  9.236 11.908 10.153  8.177 11.582 10.996 14.592 16.661 17.145 13.989 13.089  9.725 10.168 10.388 11.413 13.586 14.468 17.870 19.635 21.403 22.828
 20.109 19.849 16.981 17.614 15.673 17.475 17.827 19.289 22.566 22.832 22.748 21.082 19.789 20.233 18.280 19.215 16.512 16.773 14.928 14.092 12.468  8.951  6.682  8.193 11.452 11.239 10.966 13.853 15.788 15.609 16.884 19.693 20.619 20.537 20.516 17.589 15.974 12.243 12.055 13.570 11.303  8.869  8.248  9.350 10.738 13.291 13.011  9.537  6.562  3.838  0.000  3.838  5.924  5.841  8.701 10.155 12.520 10.261  9.653 13.312 13.298 16.945 19.024 19.950 17.117 16.471 13.089 13.510 12.986 13.594 14.925 15.117 18.315 19.781 21.445 22.875
 19.237 19.129 16.625 17.471 15.519 17.755 17.937 19.860 22.866 22.897 22.444 20.809 18.919 19.260 16.863 17.626 14.898 15.341 14.234 12.846 10.521  6.729  4.802  4.755  8.313  9.021  8.518 10.737 13.147 13.495 14.262 16.886 18.349 18.575 18.175 15.567 13.590  9.740 10.145 12.386 10.413  9.225  9.062 11.379 13.020 16.089 16.082 12.870  9.615  6.614  3.838  0.000  3.853  5.687  8.169 10.271 12.995 11.466 11.627 14.882 14.421 17.734 19.249 20.262 17.952 17.346 13.998 14.577 13.363 14.221 14.847 15.129 18.127 19.390 21.202 22.758
 19.389 20.020 18.036 19.566 18.189 20.797 21.346 23.429 26.429 26.286 25.579 23.627 21.479 21.249 18.421 18.415 15.176 14.712 13.313 11.084  9.507  5.915  6.340  6.373  9.007 10.732 11.153 12.560 14.899 16.067 16.767 18.878 20.665 21.407 20.957 18.705 16.548 12.747 13.295 15.934 14.139 13.017 12.481 14.388 15.318 18.085 18.483 15.120 12.355  9.045  5.924  3.853  0.000  3.812  6.766 10.002 11.806 10.058 11.461 14.508 14.776 18.008 19.768 21.439 19.429 19.511 16.525 17.692 16.857 17.965 18.652 18.866 21.762 22.876 24.556 26.015
 17.267 18.083 16.112 17.957 17.099 19.815 20.959 23.080 26.191 25.881 25.075 22.735 20.819 20.202 17.505 17.259 13.847 12.932 10.732  9.029  8.371  5.432  6.063  8.103  9.979 10.788 12.164 14.075 15.585 16.730 18.216 20.126 21.368 22.296 22.476 20.278 18.709 14.895 15.745 17.810 15.356 13.572 12.021 13.125 13.149 15.596 16.558 13.368 11.355  7.768  5.841  5.687  3.812  0.000  3.835  6.931  8.299  6.294  7.824 10.797 11.456 14.783 16.958 18.907 16.817 17.392 14.781 16.521 16.513 18.098 19.509 20.185 23.333 24.686 26.404 27.818
 13.660 14.852 13.364 15.789 15.665 18.805 20.509 23.021 25.945 25.213 23.957 21.212 19.093 17.862 14.987 14.202 10.625  9.289  6.915  5.545  5.391  4.110  5.924  8.693  9.081  9.507 11.997 13.634 14.271 15.871 17.859 19.169 20.124 21.573 22.242 20.530 19.508 15.904 17.527 19.307 16.442 14.891 12.603 13.644 12.956 15.490 17.232 14.593 13.035  9.312  8.701  8.169  6.766  3.835  0.000  3.825  5.278  5.157  6.944  8.739  8.946 11.771 13.688 15.998 14.440 15.630 13.659 16.141 16.559 18.851 20.524 21.817 25.015 26.468 28.331 29.782
 10.952 11.827 10.171 12.732 13.157 16.318 18.551 21.133 23.973 23.019 21.628 18.602 16.775 15.287 12.817 12.156  8.936  7.971  5.192  6.236  6.262  6.336  6.817 10.353 10.182  9.194 12.165 14.225 13.941 15.178 17.855 18.994 19.230 20.707 22.014 20.433 20.114 16.765 18.681 19.793 16.469 14.703 11.667 12.136 10.677 13.115 15.463 13.504 12.603  9.236 10.155 10.271 10.002  6.931  3.825  0.000  3.855  5.486  5.475  6.201  5.321  8.088 10.068 12.319 10.737 12.297 10.904 13.926 15.042 17.816 19.996 21.828 25.115 26.760 28.703 30.151
 11.928 13.645 12.678 15.602 16.536 19.620 22.077 24.544 27.412 26.424 25.003 21.811 20.097 18.228 15.772 14.462 11.135  8.936  5.163  6.025  8.112  8.865 10.250 13.542 13.285 12.815 15.880 17.677 17.380 18.895 21.525 22.452 22.753 24.422 25.748 24.236 23.795 20.360 22.121 23.411 20.156 18.183 15.149 15.090 13.056 14.676 17.306 15.391 15.090 11.908 12.520 12.995 11.806  8.299  5.278  3.855  0.000  3.858  5.420  4.666  5.922  8.066 10.726 13.734 12.499 14.796 13.968 17.145 18.622 21.330 23.646 25.344 28.654 30.274 32.119 33.490
 15.526 16.847 15.271 17.664 17.903 20.628 22.680 24.765 27.890 27.303 26.327 23.436 21.950 20.630 18.281 17.472 14.089 12.241  8.694  8.431  9.954  9.225 10.137 13.324 14.112 13.924 16.312 18.455 18.862 20.028 22.360 23.835 24.366 25.597 26.566 24.582 23.716 20.045 21.178 22.629 19.602 17.231 14.580 14.271 12.557 13.903 15.951 13.494 13.183 10.153 10.261 11.466 10.058  6.294  5.157  5.486  3.858  0.000  3.836  5.462  7.804 10.860 13.914 16.508 14.548 16.254 14.750 17.363 18.668 20.820 23.090 24.295 27.623 29.202 30.902 32.214
 15.222 15.759 13.564 15.401 15.504 17.821 19.974 21.809 24.984 24.492 23.754 20.937 19.961 18.961 17.207 17.042 14.164 13.134  9.763 10.678 11.415 10.451 10.015 13.656 14.675 13.513 15.659 18.397 18.507 19.000 21.683 23.407 23.419 24.281 25.573 23.400 22.951 19.434 20.476 21.320 18.035 15.280 12.259 11.221  9.019 10.125 12.383 10.322 10.628  8.177  9.653 11.627 11.461  7.824  6.944  5.475  5.420  3.836  0.000  3.854  5.603  9.213 12.483 14.439 11.859 13.249 11.769 14.293 16.077 18.245 20.922 22.353 25.746 27.493 29.208 30.503
 13.329 14.252 12.694 15.017 16.041 18.512 21.212 23.237 26.189 25.345 24.268 21.094 20.167 18.566 16.953 16.284 13.627 12.175  8.603 10.518 12.050 12.282 12.395 16.119 16.336 14.952 17.685 20.159 19.616 20.362 23.377 24.614 24.314 25.546 27.247 25.452 25.392 22.050 23.509 24.195 20.715 18.151 14.771 13.566 10.660 11.268 14.289 13.045 13.854 11.582 13.312 14.882 14.508 10.797  8.739  6.201  4.666  5.462  3.854  0.000  3.842  6.387 10.024 12.502 10.528 12.910 12.536 15.660 17.934 20.557 23.427 25.251 28.635 30.428 32.197 33.481
 10.562 10.813  8.945 11.223 12.493 15.112 18.029 20.309 23.067 21.984 20.685 17.404 16.463 14.812 13.441 13.110 10.947 10.384  7.586 10.359 10.966 11.498 11.049 14.808 14.592 12.522 15.375 17.888 16.837 17.370 20.654 21.725 21.060 22.319 24.322 22.754 23.144 20.104 21.944 22.273 18.618 16.372 12.732 11.804  8.927 10.294 13.531 12.746 13.245 10.996 13.298 14.421 14.776 11.456  8.946  5.321  5.922  7.804  5.603  3.842  0.000  3.831  6.970  9.002  6.962  9.421  9.374 12.853 15.209 18.229 21.125 23.374 26.709 28.559 30.461 31.812
  8.484  8.938  8.131 10.830 13.164 15.816 19.160 21.615 24.000 22.522 20.825 17.260 16.373 14.071 13.029 12.210 10.738 10.127  7.988 11.538 12.479 13.957 13.875 17.432 16.503 14.276 17.459 19.594 17.870 18.588 22.088 22.600 21.567 23.176 25.576 24.474 25.283 22.542 24.749 24.900 21.178 19.254 15.523 14.641 11.614 12.631 16.169 15.989 16.689 14.592 16.945 17.734 18.008 14.783 11.771  8.088  8.066 10.860  9.213  6.387  3.831  0.000  3.836  6.589  6.033  9.559 10.866 14.598 17.184 20.524 23.450 26.042 29.284 31.145 33.095 34.437
  5.722  5.645  5.956  8.957 12.068 14.881 18.394 21.169 23.114 21.240 19.068 15.342 14.238 11.395 10.629  9.625  9.207  9.392  8.742 12.525 12.921 14.959 14.878 18.046 16.447 13.967 17.266 18.975 16.603 17.409 21.017 20.991 19.614 21.528 24.236 23.653 24.895 22.577 25.206 25.165 21.465 20.101 16.446 16.067 13.458 14.891 18.326 18.413 18.771 16.661 19.024 19.249 19.768 16.958 13.688 10.068 10.726 13.914 12.483 10.024  6.970  3.836  0.000  3.843  5.581  9.103 11.135 14.883 17.248 20.876 23.593 26.525 29.602 31.433 33.478 34.860
  7.693  5.474  4.858  6.387  9.885 12.146 15.832 18.505 20.139 18.115 15.918 12.199 11.720  9.185  9.702  9.909 10.643 11.997 11.884 15.518 15.169 16.773 15.918 18.922 17.448 14.356 17.154 19.073 16.389 16.459 20.241 20.272 18.276 19.824 22.896 22.388 24.145 22.249 24.877 24.282 20.574 19.363 15.772 15.266 12.880 14.285 17.536 18.232 18.682 17.145 19.950 20.262 21.439 18.907 15.998 12.319 13.734 16.508 14.439 12.502  9.002  6.589  3.843  0.000  3.842  6.646  9.588 13.000 15.542 19.210 22.006 25.217 28.143 30.029 32.083 33.448
 10.056  7.996  5.456  6.037  8.403 10.351 13.945 16.282 18.410 16.840 15.269 11.798 11.767 10.258 10.685 11.608 11.550 12.863 11.932 15.284 14.752 15.524 14.062 17.345 16.629 13.360 15.757 18.317 16.206 15.776 19.548 20.298 18.460 19.435 22.277 21.153 22.679 20.530 22.733 22.027 18.245 16.523 12.813 11.775  9.145 10.501 13.729 14.490 15.170 13.989 17.117 17.952 19.429 16.817 14.440 10.737 12.499 14.548 11.859 10.528  6.962  6.033  5.581  3.842  0.000  3.828  6.498  9.993 12.948 16.420 19.518 22.547 25.609 27.574 29.570 30.918
 12.600  9.816  6.441  4.682  5.650  6.748 10.321 12.517 14.691 13.278 12.068  8.936  9.599  9.346 10.517 12.592 12.924 14.975 14.372 17.301 16.024 16.112 13.836 16.771 16.471 12.826 14.383 17.266 15.298 13.999 17.726 18.886 16.758 17.072 19.962 18.612 20.418 18.605 20.610 19.394 15.678 14.059 10.590  9.562  7.760  9.538 12.049 13.166 13.608 13.089 16.471 17.346 19.511 17.392 15.630 12.297 14.796 16.254 13.249 12.910  9.421  9.559  9.103  6.646  3.828  0.000  3.819  6.627  9.721 13.124 16.291 19.473 22.421 24.438 26.446 27.808
 13.875 11.449  7.659  6.128  4.757  6.122  8.807 11.028 13.796 12.927 12.186  9.627  9.765 10.307 10.694 13.039 12.708 14.806 14.040 16.301 14.549 13.821 10.975 13.773 14.119 10.536 11.503 14.806 13.544 11.969 15.441 17.229 15.595 15.531 17.907 16.023 17.408 15.335 17.059 15.942 12.184 10.323  6.794  6.120  5.356  8.330 10.087 10.485 10.224  9.725 13.089 13.998 16.525 14.781 13.659 10.904 13.968 14.750 11.769 12.536  9.374 10.866 11.135  9.588  6.498  3.819  0.000  3.830  6.623  9.996 13.163 16.121 19.239 21.278 23.333 24.782
 17.406 14.738 10.977  8.587  5.777  4.939  6.204  7.682 10.827 10.631 10.834  9.401 10.304 12.089 12.953 15.852 15.751 18.115 17.477 19.366 17.241 15.901 12.509 14.675 15.624 12.113 11.860 15.373 14.565 12.100 15.125 17.461 15.716 14.725 16.881 14.559 16.101 14.460 15.628 13.816 10.310  8.418  5.804  5.047  6.252  8.913  9.240 10.008  9.482 10.168 13.510 14.577 17.692 16.521 16.141 13.926 17.145 17.363 14.293 15.660 12.853 14.598 14.883 13.000  9.993  6.627  3.830  0.000  3.822  6.643 10.107 13.128 16.139 18.266 20.299 21.757
 18.747 16.124 12.532 10.174  6.511  5.825  4.941  6.745  9.842  9.990 10.341  9.750  9.996 12.467 12.993 16.164 16.095 18.767 18.587 19.911 17.205 15.456 11.821 13.034 14.228 10.979  9.605 13.027 12.730  9.741 12.179 14.959 13.526 11.991 13.647 11.000 12.510 11.224 12.323 10.210  6.840  5.897  4.804  6.289  8.965 12.014 11.624 11.584  9.854 10.388 12.986 13.363 16.857 16.513 16.559 15.042 18.622 18.668 16.077 17.934 15.209 17.184 17.248 15.542 12.948  9.721  6.623  3.822  0.000  3.821  6.636  9.895 12.877 14.992 17.244 18.910
 22.451 19.902 16.308 13.922 10.242  8.864  6.640  6.592  9.701 10.892 12.251 12.631 13.213 16.030 16.567 19.753 19.539 22.098 21.760 22.733 19.957 17.688 13.901 14.568 16.431 13.683 11.501 14.821 15.250 12.034 13.555 16.810 15.691 13.435 14.351 11.144 12.238 11.338 11.299  8.509  6.123  5.178  6.337  7.514 10.926 13.480 11.995 11.868  9.910 11.413 13.594 14.221 17.965 18.098 18.851 17.816 21.330 20.820 18.245 20.557 18.229 20.524 20.876 19.210 16.420 13.124  9.996  6.643  3.821  0.000  3.822  6.670  9.664 11.935 14.163 15.905
 24.457 21.969 18.612 16.302 12.511 11.360  8.426  8.380 10.568 11.919 13.314 14.325 14.456 17.537 17.866 21.098 20.975 23.695 23.739 24.297 21.170 18.727 15.060 14.756 16.688 14.461 11.480 14.191 15.132 11.757 12.206 15.702 15.002 12.224 12.277  8.815  9.690  9.689  9.189  5.713  4.953  6.160  8.740 10.811 14.382 17.100 15.481 14.932 12.418 13.586 14.925 14.847 18.652 19.509 20.524 19.996 23.646 23.090 20.922 23.427 21.125 23.450 23.593 22.006 19.518 16.291 13.163 10.107  6.636  3.822  0.000  3.824  6.456  8.769 11.386 13.455
 27.365 25.138 21.773 19.732 15.977 14.986 12.121 11.626 13.670 15.346 16.969 18.057 18.074 21.035 21.043 24.067 23.579 26.028 25.864 25.994 22.899 20.023 16.451 15.715 18.211 16.605 13.334 15.828 17.489 14.440 14.189 17.891 17.788 14.982 14.212 10.555 10.262 10.251  8.339  5.069  6.294  7.258 10.708 12.650 16.417 18.921 16.778 15.776 13.015 14.468 15.117 15.129 18.866 20.185 21.817 21.828 25.344 24.295 22.353 25.251 23.374 26.042 26.525 25.217 22.547 19.473 16.121 13.128  9.895  6.670  3.824  0.000  3.833  6.373  8.968 11.194
 30.244 27.912 24.657 22.447 18.685 17.431 14.235 13.376 14.711 16.572 18.432 20.054 20.174 23.354 23.530 26.650 26.384 28.969 29.008 29.061 25.853 23.014 19.565 18.477 20.832 19.406 15.957 17.959 19.659 16.527 15.716 19.267 19.199 16.043 14.843 11.532 11.306 12.259 10.154  7.024  9.267 10.752 14.132 16.020 19.739 22.119 19.841 19.004 16.360 17.870 18.315 18.127 21.762 23.333 25.015 25.115 28.654 27.623 25.746 28.635 26.709 29.284 29.602 28.143 25.609 22.421 19.239 16.139 12.877  9.664  6.456  3.833  0.000  3.833  6.586  9.044
 31.868 29.603 26.453 24.311 20.592 19.411 16.198 15.357 16.443 18.246 20.088 21.827 21.838 25.000 25.092 28.145 27.870 30.431 30.562 30.445 27.191 24.325 21.036 19.662 22.002 20.854 17.336 19.000 20.866 17.889 16.712 20.140 20.291 17.143 15.602 12.569 12.048 13.278 10.975  8.447 11.072 12.744 16.133 18.109 21.796 24.184 21.900 20.963 18.262 19.635 19.781 19.390 22.876 24.686 26.468 26.760 30.274 29.202 27.493 30.428 28.559 31.145 31.433 30.029 27.574 24.438 21.278 18.266 14.992 11.935  8.769  6.373  3.833  0.000  3.846  6.762
 34.014 31.778 28.624 26.483 22.822 21.537 18.370 17.281 18.232 20.130 22.138 23.961 24.105 27.248 27.375 30.387 30.064 32.538 32.574 32.398 29.228 26.301 23.082 21.723 24.149 23.111 19.674 21.290 23.208 20.329 19.130 22.458 22.642 19.531 17.970 15.133 14.500 15.630 13.173 11.089 13.595 14.943 18.246 19.972 23.582 25.761 23.320 22.421 19.877 21.403 21.445 21.202 24.556 26.404 28.331 28.703 32.119 30.902 29.208 32.197 30.461 33.095 33.478 32.083 29.570 26.446 23.333 20.299 17.244 14.163 11.386  8.968  6.586  3.846  0.000  3.811
