  0.000  3.829  6.692 10.286 13.205 16.650 19.733 23.033 24.673 22.545 19.817 16.194 13.883 10.390  8.324  5.531  5.452  5.828  7.608 10.761 10.709 13.720 14.517 16.818 14.176 12.433 16.052 16.617 13.898 15.742 18.924 18.037 17.138 19.859 22.311 22.438 23.560 21.501 24.651 25.061 21.676 21.173 17.980 18.761 17.020 19.264 22.343 21.837 21.286 18.551 20.106 19.229 19.380 17.257 13.649 10.940 11.918 15.515 15.215 13.319 10.562  8.483  5.724  7.702 10.064 12.606 13.870 17.402 18.735 22.440 24.442 27.356 30.235 31.854 34.007 35.456
  3.829  0.000  3.827  6.850 10.082 13.306 16.481 19.782 21.202 18.957 16.160 12.499 10.417  6.892  5.795  4.692  6.295  8.412  9.995 13.164 12.253 14.558 14.382 16.657 14.260 11.662 14.832 15.762 12.678 13.713 17.202 16.472 14.890 17.276 20.121 20.254 21.876 20.170 23.329 23.207 19.761 19.383 16.205 16.949 15.433 17.779 20.688 20.610 20.090 17.821 19.853 19.124 20.014 18.079 14.847 11.823 13.642 16.843 15.758 14.247 10.815  8.934  5.643  5.484  8.009  9.827 11.449 14.740 16.118 19.898 21.960 25.135 27.910 29.594 31.775 33.222
  6.692  3.827  0.000  3.816  6.722 10.041 13.271 16.465 18.237 16.282 13.889 10.244  8.539  6.031  5.393  6.339  7.001  9.463 10.137 13.169 11.780 13.141 12.083 14.642 12.965  9.742 12.531 14.269 11.578 11.798 15.530 15.618 13.932 15.637 18.452 17.985 19.589 17.728 20.601 20.220 16.622 15.934 12.634 13.222 11.857 14.413 17.106 17.089 16.565 14.600 16.987 16.621 18.033 16.111 13.363 10.170 12.678 15.269 13.564 12.687  8.941  8.118  5.944  4.855  5.461  6.449  7.658 10.978 12.526 16.305 18.606 21.773 24.657 26.447 28.625 30.087
 10.286  6.850  3.816  0.000  3.820  6.522  9.936 13.080 14.629 12.596 10.277  6.619  5.784  4.709  6.201  8.802 10.128 13.018 13.648 16.451 14.616 15.274 13.359 15.635 14.439 10.749 12.527 14.638 11.944 10.952 14.773 15.214 12.858 13.800 16.952 16.367 18.509 17.133 19.825 18.769 15.218 14.673 11.611 12.078 11.239 13.767 16.002 16.530 16.053 14.846 17.623 17.467 19.563 17.958 15.790 12.734 15.605 17.665 15.403 15.011 11.216 10.815  8.942  6.374  6.034  4.686  6.128  8.592 10.174 13.923 16.301 19.737 22.453 24.310 26.490 27.936
 13.205 10.082  6.722  3.820  0.000  3.821  6.615  9.951 11.866 10.272  8.531  5.703  5.072  6.365  7.502 10.774 11.617 14.678 15.152 17.349 14.946 14.695 12.022 13.879 13.373  9.533 10.212 12.814 10.735  8.735 12.409 13.654 11.413 11.479 14.370 13.235 15.392 14.148 16.576 15.193 11.683 11.305  8.668  9.662  9.981 12.976 14.393 14.729 13.739 12.941 15.683 15.514 18.183 17.099 15.666 13.160 16.538 17.904 15.506 16.033 12.482 13.146 12.052  9.872  8.396  5.648  4.754  5.781  6.511 10.243 12.511 15.983 18.692 20.592 22.830 24.352
 16.650 13.306 10.041  6.522  3.821  0.000  3.832  6.674  8.487  7.074  6.222  4.564  6.332  8.836 10.896 14.338 15.408 18.442 18.718 20.947 18.569 17.966 14.919 16.608 16.597 12.818 12.681 15.450 13.663 10.896 14.134 15.712 13.081 12.134 15.096 13.720 16.273 15.551 17.444 15.297 12.086 11.627  9.577  9.892 10.623 13.026 13.817 14.887 14.256 14.456 17.481 17.745 20.788 19.814 18.804 16.320 19.623 20.629 17.824 18.506 15.101 15.798 14.866 12.133 10.343  6.742  6.120  4.943  5.829  8.867 11.363 14.992 17.438 19.411 21.546 22.982
 19.733 16.481 13.271  9.936  6.615  3.832  0.000  3.836  5.789  5.408  5.825  6.421  7.963 11.301 13.111 16.753 17.747 20.914 21.306 23.085 20.328 19.207 15.849 16.841 17.273 13.778 12.562 15.255 14.051 10.617 13.084 15.172 12.690 10.710 13.226 11.498 14.220 14.112 15.582 12.877 10.244 10.431  9.648 10.550 12.410 14.895 14.769 15.634 14.489 15.149 17.825 17.920 21.329 20.951 20.503 18.549 22.075 22.674 19.970 21.201 18.013 19.140 18.379 15.820 13.934 10.313  8.800  6.199  4.941  6.636  8.426 12.123 14.239 16.196 18.378 19.893
 23.033 19.782 16.465 13.080  9.951  6.674  3.836  0.000  3.853  5.624  7.789  9.290 11.481 14.797 16.738 20.333 21.198 24.215 24.299 26.053 23.398 21.962 18.410 19.396 20.303 16.944 15.406 18.252 17.442 13.894 15.912 18.286 15.915 13.439 15.527 13.464 16.001 16.098 16.829 13.675 11.593 11.416 11.239 11.411 13.487 15.333 14.484 15.817 15.031 16.516 19.283 19.839 23.411 23.072 23.015 21.130 24.542 24.759 21.804 23.224 20.291 21.595 21.154 18.492 16.269 12.506 11.019  7.673  6.745  6.587  8.382 11.624 13.379 15.354 17.287 18.661
 24.673 21.202 18.237 14.629 11.866  8.487  5.789  3.853  0.000  3.839  6.724  9.436 11.981 15.528 17.939 21.654 23.032 26.290 26.740 28.598 25.836 24.649 21.219 21.955 22.517 19.164 17.579 19.968 18.843 15.201 16.947 18.900 16.150 13.433 15.700 14.283 17.303 18.069 18.967 15.647 14.044 14.490 14.490 14.869 16.764 18.500 17.791 19.286 18.517 19.889 22.562 22.845 26.408 26.183 25.940 23.974 27.415 27.889 24.986 26.185 23.058 23.988 23.107 20.134 18.407 14.688 13.795 10.826  9.841  9.692 10.558 13.658 14.702 16.426 18.225 19.476
 22.545 18.957 16.282 12.596 10.272  7.074  5.408  5.624  3.839  0.000  3.811  6.811  9.578 13.051 15.775 19.477 21.205 24.579 25.299 27.352 24.637 23.867 20.672 21.525 21.592 18.106 16.954 19.107 17.462 14.014 16.112 17.564 14.465 12.190 15.014 14.146 17.455 18.174 19.633 16.597 14.634 15.230 14.677 15.223 16.687 18.601 18.502 19.963 19.210 20.098 22.835 22.881 26.270 25.879 25.213 23.024 26.432 27.308 24.501 25.348 21.983 22.518 21.238 18.116 16.845 13.284 12.934 10.640  9.994 10.888 11.911 15.339 16.566 18.229 20.125 21.380
 19.817 16.160 13.889 10.277  8.531  6.222  5.825  7.789  6.724  3.811  0.000  3.834  6.466  9.876 12.867 16.543 18.663 22.177 23.277 25.450 22.749 22.455 19.607 20.485 19.958 16.426 15.775 17.549 15.326 12.225 14.679 15.494 12.069 10.517 13.902 13.687 17.165 17.787 19.876 17.268 14.983 15.806 14.763 15.673 16.754 18.993 19.512 20.730 19.844 20.091 22.747 22.426 25.560 25.066 23.949 21.626 25.003 26.323 23.754 24.262 20.676 20.813 19.059 15.912 15.267 12.066 12.182 10.833 10.336 12.242 13.303 16.962 18.427 20.075 22.133 23.478
 16.194 12.499 10.244  6.619  5.703  4.564  6.421  9.290  9.436  6.811  3.834  0.000  3.828  6.604  9.796 13.338 15.462 18.869 19.921 22.344 19.906 19.994 17.433 18.779 17.924 14.230 14.401 16.281 13.669 11.165 14.332 14.886 11.555 11.078 14.664 14.425 17.568 17.491 19.931 17.840 14.963 15.328 13.473 14.237 14.658 16.993 18.161 19.256 18.544 18.310 21.085 20.796 23.614 22.731 21.209 18.603 21.814 23.437 20.939 21.090 17.398 17.250 15.334 12.195 11.798  8.936  9.624  9.401  9.746 12.624 14.316 18.053 20.051 21.817 23.958 25.351
 13.883 10.417  8.539  5.784  5.072  6.332  7.963 11.481 11.981  9.578  6.466  3.828  0.000  3.843  6.468 10.169 12.427 16.054 17.601 19.738 17.064 17.409 15.224 16.233 14.860 11.357 11.818 13.151 10.181  8.174 11.500 11.582  8.385  8.870 12.456 12.649 15.593 15.402 18.340 16.824 13.938 14.766 12.920 14.484 15.024 17.908 19.277 19.691 18.451 17.499 19.797 18.912 21.468 20.815 19.088 16.774 20.096 21.948 19.963 20.161 16.456 16.360 14.227 11.713 11.767  9.603  9.766 10.309  9.997 13.212 14.452 18.077 20.178 21.834 24.106 25.617
 10.390  6.892  6.031  4.709  6.365  8.836 11.301 14.797 15.528 13.051  9.876  6.604  3.843  0.000  3.819  6.971  9.746 13.276 15.124 17.570 15.305 16.444 14.981 16.357 14.335 11.028 12.654 13.612 10.170  9.568 13.068 12.445  9.698 11.418 14.812 15.279 17.795 17.116 20.325 19.376 16.273 16.778 14.369 15.748 15.522 18.317 20.323 20.587 19.553 18.032 20.241 19.256 21.242 20.199 17.858 15.284 18.225 20.626 18.961 18.558 14.806 14.058 11.382  9.178 10.259  9.350 10.306 12.092 12.465 16.028 17.532 21.037 23.357 24.996 27.249 28.737
  8.324  5.795  5.393  6.201  7.502 10.896 13.111 16.738 17.939 15.775 12.867  9.796  6.468  3.819  0.000  3.813  6.252  9.974 12.215 14.258 11.819 13.252 12.362 13.572 11.075  8.180 10.515 11.024  7.547  8.264 11.653 10.857  9.172 11.643 14.395 14.804 16.639 15.478 18.899 18.652 15.563 16.125 13.721 15.577 15.399 18.525 20.605 20.206 18.788 16.620 18.287 16.859 18.412 17.499 14.981 12.812 15.769 18.276 17.205 16.946 13.438 13.021 10.622  9.702 10.691 10.525 10.692 12.953 12.985 16.560 17.855 21.040 23.527 25.083 27.370 28.923
  5.531  4.692  6.339  8.802 10.774 14.338 16.753 20.333 21.654 19.477 16.543 13.338 10.169  6.971  3.813  0.000  3.828  7.152 10.088 12.138 10.286 12.716 12.925 14.240 11.175  9.224 12.349 12.289  9.036 11.003 13.964 12.688 11.781 14.766 17.136 17.708 19.060 17.559 21.041 21.338 18.282 18.656 16.079 17.811 17.157 20.125 22.570 21.903 20.581 17.924 19.226 17.627 18.412 17.258 14.201 12.158 14.465 17.474 17.048 16.286 13.119 12.217  9.633  9.923 11.626 12.608 13.045 15.857 16.159 19.748 21.086 24.063 26.646 28.133 30.378 31.908
  5.452  6.295  7.001 10.128 11.617 15.408 17.747 21.198 23.032 21.205 18.663 15.462 12.427  9.746  6.252  3.828  0.000  3.824  6.686  8.386  6.587  9.337 10.204 11.821  8.856  7.544 11.229 11.403  9.084 11.516 14.288 13.636 13.557 16.310 18.135 18.127 18.763 16.591 19.844 20.660 17.555 17.528 14.877 16.607 15.853 18.865 21.308 20.130 18.697 15.621 16.517 14.896 15.172 13.843 10.620  8.930 11.133 14.085 14.162 13.623 10.950 10.737  9.208 10.648 11.558 12.930 12.703 15.745 16.080 19.525 20.956 23.568 26.373 27.854 30.052 31.593
  5.828  8.412  9.463 13.018 14.678 18.442 20.914 24.215 26.290 24.579 22.177 18.869 16.054 13.276  9.974  7.152  3.824  0.000  3.876  5.446  5.400  8.985 10.979 12.886 10.189  9.862 13.659 13.832 12.204 14.867 17.389 16.855 17.176 19.920 21.484 21.271 21.447 18.870 21.855 23.079 19.992 19.549 16.784 18.160 16.959 19.626 22.286 20.830 19.623 16.252 16.775 15.340 14.709 12.925  9.282  7.960  8.929 12.234 13.129 12.169 10.387 10.129  9.394 12.002 12.869 14.980 14.801 18.108 18.751 22.085 23.676 26.017 28.957 30.415 32.527 34.024
  7.608  9.995 10.137 13.648 15.152 18.718 21.306 24.299 26.740 25.299 23.277 19.921 17.601 15.124 12.215 10.088  6.686  3.876  0.000  3.840  5.538  8.318 10.270 12.975 11.277 10.829 14.500 15.466 14.402 16.563 19.234 19.363 19.630 21.921 23.444 22.647 22.580 19.570 22.082 23.332 20.087 18.947 15.939 16.702 15.043 17.312 20.083 18.488 17.676 14.303 14.924 14.226 13.307 10.722  6.904  5.179  5.155  8.686  9.758  8.601  7.595  7.999  8.753 11.896 11.945 14.383 14.039 17.472 18.572 21.748 23.721 25.852 28.995 30.545 32.565 34.012
 10.761 13.164 13.169 16.451 17.349 20.947 23.085 26.053 28.598 27.352 25.450 22.344 19.738 17.570 14.258 12.138  8.386  5.446  3.840  0.000  3.835  6.532  9.644 11.629 10.086 10.947 14.306 14.797 14.543 17.113 19.157 19.386 20.375 22.678 23.607 22.734 22.053 18.854 21.186 23.013 20.147 19.212 16.733 17.958 16.851 19.314 21.654 19.482 18.159 14.480 14.097 12.849 11.086  9.027  5.542  6.234  6.026  8.431 10.682 10.525 10.373 11.551 12.535 15.529 15.298 17.315 16.305 19.366 19.901 22.726 24.282 25.985 29.051 30.432 32.392 33.852
 10.709 12.253 11.780 14.616 14.946 18.569 20.328 23.398 25.836 24.637 22.749 19.906 17.064 15.305 11.819 10.286  6.587  5.400  5.538  3.835  0.000  3.842  6.832  8.298  6.315  7.378 10.668 10.983 10.894 13.519 15.381 15.724 16.898 19.112 19.861 19.020 18.330 15.251 17.820 19.631 16.881 16.418 14.263 16.151 15.745 18.754 20.726 18.511 16.620 12.934 12.476 10.525  9.508  8.368  5.387  6.258  8.110  9.951 11.415 12.050 10.972 12.482 12.926 15.176 14.763 16.035 14.550 17.239 17.193 19.947 21.153 22.889 25.841 27.177 29.219 30.750
 13.720 14.558 13.141 15.274 14.695 17.966 19.207 21.962 24.649 23.867 22.455 19.994 17.409 16.444 13.252 12.716  9.337  8.985  8.318  6.532  3.842  0.000  3.832  5.241  5.114  6.550  8.835  9.828 10.874 12.838 14.340 15.562 16.976 18.534 18.838 17.366 16.167 12.701 14.756 16.797 14.230 13.568 11.891 14.013 14.245 17.393 18.769 16.133 13.785 10.053  8.959  6.734  5.912  5.427  4.106  6.335  8.864  9.221 10.449 12.280 11.498 13.957 14.961 16.778 15.532 16.122 13.823 15.899 15.445 17.679 18.711 20.013 23.003 24.313 26.294 27.843
 14.517 14.382 12.083 13.359 12.022 14.919 15.849 18.410 21.219 20.672 19.607 17.433 15.224 14.981 12.362 12.925 10.204 10.979 10.270  9.644  6.832  3.832  0.000  3.847  5.376  4.977  6.328  8.680  9.863 10.703 12.462 14.420 15.402 16.296 16.710 14.727 13.743 10.181 12.065 13.602 10.728  9.808  8.126 10.543 11.390 14.821 15.784 13.242 10.584  7.093  6.691  4.801  6.333  6.059  5.920  6.816 10.249 10.133 10.011 12.389 11.042 13.866 14.873 15.916 14.064 13.842 10.976 12.506 11.810 13.892 15.047 16.443 19.557 21.026 23.078 24.680
 16.818 16.657 14.642 15.635 13.879 16.608 16.841 19.396 21.955 21.525 20.485 18.779 16.233 16.357 13.572 14.240 11.821 12.886 12.975 11.629  8.298  5.241  3.847  0.000  3.849  5.429  5.073  6.284  8.800  9.904 10.476 12.583 14.395 15.204 14.795 12.908 11.197  7.614  9.674 11.949  9.917 10.182  9.842 12.988 14.580 18.112 18.605 15.936 12.744  9.664  8.198  4.755  6.363  8.099  8.692 10.355 13.544 13.322 13.653 16.115 14.804 17.428 18.046 18.923 17.348 16.776 13.770 14.667 13.016 14.549 14.730 15.695 18.456 19.639 21.703 23.378
 14.176 14.260 12.965 14.439 13.373 16.597 17.273 20.303 22.517 21.592 19.958 17.924 14.860 14.335 11.075 11.175  8.856 10.189 11.277 10.086  6.315  5.114  5.376  3.849  0.000  3.862  5.385  4.927  6.342  8.780  9.661 10.632 12.520 14.234 14.219 13.273 12.224  9.363 12.318 14.269 12.086 12.797 11.849 14.933 15.987 19.584 20.655 18.366 15.530 12.297 11.455  8.311  8.992  9.968  9.072 10.178 13.281 14.105 14.669 16.329 14.589 16.499 16.448 17.452 16.635 16.479 14.118 15.619 14.213 16.415 16.665 18.196 20.817 21.983 24.132 25.794
 12.433 11.662  9.742 10.749  9.533 12.818 13.778 16.944 19.164 18.106 16.426 14.230 11.357 11.028  8.180  9.224  7.544  9.862 10.829 10.947  7.378  6.550  4.977  5.429  3.862  0.000  3.845  5.400  5.116  6.453  8.742  9.994 10.713 12.182 13.044 11.927 11.870  9.237 12.357 13.317 10.408 10.844  9.216 12.180 13.133 16.818 18.032 16.260 13.729 10.864 11.248  9.019 10.724 10.786  9.507  9.198 12.820 13.925 13.516 14.951 12.523 14.274 13.969 14.361 13.368 12.835 10.537 12.109 10.964 13.667 14.439 16.591 19.393 20.836 23.097 24.777
 16.052 14.832 12.531 12.527 10.212 12.681 12.562 15.406 17.579 16.954 15.775 14.401 11.818 12.654 10.515 12.349 11.229 13.659 14.500 14.306 10.668  8.835  6.328  5.073  5.385  3.845  0.000  3.841  5.401  5.040  6.244  8.793  9.870 10.308 10.404  8.626  8.175  5.503  8.765  9.646  7.124  8.524  8.234 11.856 13.856 17.620 18.062 16.206 13.148 10.915 10.982  8.521 11.147 12.166 11.999 12.171 15.886 16.315 15.662 17.684 15.373 17.454 17.263 17.154 15.762 14.389 11.504 11.857  9.593 11.486 11.457 13.322 15.945 17.322 19.662 21.452
 16.617 15.762 14.269 14.638 12.814 15.450 15.255 18.252 19.968 19.107 17.549 16.281 13.151 13.612 11.024 12.289 11.403 13.832 15.466 14.797 10.983  9.828  8.680  6.284  4.927  5.400  3.841  0.000  3.846  5.411  4.902  6.368  8.750 10.014  9.429  8.838  8.072  6.376 10.042 11.484  9.949 12.037 12.055 15.668 17.506 21.269 21.859 19.939 16.829 14.370 13.864 10.739 12.548 14.069 13.629 14.226 17.677 18.452 18.396 20.156 17.886 19.590 18.975 19.076 18.324 17.275 14.808 15.372 13.018 14.807 14.169 15.815 17.946 18.982 21.270 23.031
 13.898 12.678 11.578 11.944 10.735 13.663 14.051 17.442 18.843 17.462 15.326 13.669 10.181 10.170  7.547  9.036  9.084 12.204 14.402 14.543 10.894 10.874  9.863  8.800  6.342  5.116  5.401  3.846  0.000  3.855  5.337  5.104  6.269  8.601  9.390  9.700 10.388  9.341 13.103 13.732 11.612 13.446 12.628 15.888 17.192 20.894 21.966 20.564 17.923 15.507 15.799 13.148 14.888 15.579 14.264 13.939 17.378 18.857 18.507 19.611 16.836 17.865 16.602 16.393 16.215 15.309 13.547 14.567 12.724 15.241 15.116 17.482 19.653 20.852 23.192 24.899
 15.742 13.713 11.798 10.952  8.735 10.896 10.617 13.894 15.201 14.014 12.225 11.165  8.174  9.568  8.264 11.003 11.516 14.867 16.563 17.113 13.519 12.838 10.703  9.904  8.780  6.453  5.040  5.411  3.855  0.000  3.850  5.440  5.061  5.752  7.092  6.763  8.465  8.036 11.568 11.207  8.990 11.166 10.733 14.027 15.839 19.507 20.154 19.113 16.493 14.805 15.622 13.494 16.057 16.727 15.869 15.180 18.897 20.028 19.003 20.360 17.368 18.582 17.406 16.461 15.782 14.008 11.973 12.104  9.737 12.026 11.741 14.434 16.522 17.877 20.316 22.079
 18.924 17.202 15.530 14.773 12.409 14.134 13.084 15.912 16.947 16.112 14.679 14.332 11.500 13.068 11.653 13.964 14.288 17.389 19.234 19.157 15.381 14.340 12.462 10.476  9.661  8.742  6.244  4.902  5.337  3.850  0.000  3.842  5.568  5.581  4.585  4.785  5.797  6.587 10.126 10.184  9.273 12.334 12.959 16.567 18.844 22.548 22.792 21.445 18.420 16.793 16.899 14.265 16.757 18.214 17.857 17.859 21.527 22.361 21.687 23.376 20.654 22.085 21.016 20.245 19.556 17.736 15.447 15.131 12.178 13.548 12.191 14.184 15.711 16.700 19.113 20.922
 18.037 16.472 15.618 15.214 13.654 15.712 15.172 18.286 18.900 17.564 15.494 14.886 11.582 12.445 10.857 12.688 13.636 16.855 19.363 19.386 15.724 15.562 14.420 12.583 10.632  9.994  8.793  6.368  5.104  5.440  3.842  0.000  3.845  6.042  5.820  7.952  9.265 10.164 13.771 13.984 12.987 15.829 15.922 19.362 21.168 24.852 25.530 24.324 21.497 19.559 19.709 16.891 18.870 20.125 19.168 18.998 22.455 23.837 23.412 24.614 21.728 22.600 20.993 20.279 20.309 18.899 17.236 17.468 14.959 16.804 15.688 17.887 19.262 20.126 22.438 24.126
 17.138 14.890 13.932 12.858 11.413 13.081 12.690 15.915 16.150 14.465 12.069 11.555  8.385  9.698  9.172 11.781 13.557 17.176 19.630 20.375 16.898 16.976 15.402 14.395 12.520 10.713  9.870  8.750  6.269  5.061  5.568  3.845  0.000  3.831  6.075  8.282 10.890 11.898 15.379 14.723 13.227 15.797 15.467 18.515 20.107 23.617 24.426 23.768 21.340 19.768 20.633 18.350 20.655 21.365 20.121 19.231 22.754 24.365 23.422 24.312 21.059 21.562 19.611 18.279 18.468 16.768 15.599 15.722 13.526 15.688 14.991 17.787 19.199 20.281 22.628 24.274
 19.859 17.276 15.637 13.800 11.479 12.134 10.710 13.439 13.433 12.190 10.517 11.078  8.870 11.418 11.643 14.766 16.310 19.920 21.921 22.678 19.112 18.534 16.296 15.204 14.234 12.182 10.308 10.014  8.601  5.752  5.581  6.042  3.831  0.000  3.853  5.697  9.170 10.954 13.881 12.450 11.413 14.316 14.646 17.667 19.787 23.202 23.473 22.989 20.502 19.548 20.555 18.579 21.401 22.298 21.574 20.712 24.427 25.600 24.288 25.545 22.318 23.170 21.523 19.823 19.441 17.080 15.537 14.733 11.996 13.435 12.219 14.988 16.049 17.141 19.527 21.221
 22.311 20.121 18.452 16.952 14.370 15.096 13.226 15.527 15.700 15.014 13.902 14.664 12.456 14.812 14.395 17.136 18.135 21.484 23.444 23.607 19.861 18.838 16.710 14.795 14.219 13.044 10.404  9.429  9.390  7.092  4.585  5.820  6.075  3.853  0.000  3.822  6.567  9.310 11.957 10.949 11.007 14.487 15.634 19.024 21.572 25.104 25.015 24.091 21.178 20.177 20.539 18.186 20.956 22.481 22.246 22.022 25.755 26.573 25.583 27.249 24.324 25.572 24.234 22.897 22.284 19.971 17.915 16.891 13.654 14.353 12.273 14.220 14.850 15.602 17.962 19.718
 22.438 20.254 17.985 16.367 13.235 13.720 11.498 13.464 14.283 14.146 13.687 14.425 12.649 15.279 14.804 17.708 18.127 21.271 22.647 22.734 19.020 17.366 14.727 12.908 13.273 11.927  8.626  8.838  9.700  6.763  4.785  7.952  8.282  5.697  3.822  0.000  3.898  6.509  8.671  7.219  7.408 11.028 12.697 16.122 19.034 22.518 22.053 20.980 17.942 17.261 17.613 15.577 18.703 20.285 20.536 20.443 24.245 24.590 23.411 25.456 22.754 24.470 23.651 22.388 21.160 18.620 16.032 14.569 11.009 11.147  8.811 10.563 11.537 12.567 15.126 17.071
 23.560 21.876 19.589 18.509 15.392 16.273 14.220 16.001 17.303 17.455 17.165 17.568 15.593 17.795 16.639 19.060 18.763 21.447 22.580 22.053 18.330 16.167 13.743 11.197 12.224 11.870  8.175  8.072 10.388  8.465  5.797  9.265 10.890  9.170  6.567  3.898  0.000  3.896  5.623  5.680  6.952 10.608 12.858 16.506 19.604 23.139 22.466 20.799 17.379 16.460 16.004 13.607 16.550 18.721 19.518 20.128 23.807 23.728 22.965 25.400 23.148 25.283 24.897 24.149 22.689 20.430 17.420 16.112 12.518 12.241  9.684 10.267 11.303 12.042 14.488 16.483
 21.501 20.170 17.728 17.133 14.148 15.551 14.112 16.098 18.069 18.174 17.787 17.491 15.402 17.116 15.478 17.559 16.591 18.870 19.570 18.854 15.251 12.701 10.181  7.614  9.363  9.237  5.503  6.376  9.341  8.036  6.587 10.164 11.898 10.954  9.310  6.509  3.896  0.000  3.845  5.497  5.341  8.253 10.234 13.975 16.928 20.509 19.980 17.914 14.364 13.022 12.275  9.757 12.749 14.907 15.912 16.777 20.371 20.058 19.449 22.059 20.108 22.541 22.577 22.252 20.540 18.618 15.346 14.471 11.229 11.341  9.681 10.253 12.254 13.271 15.622 17.569
 24.651 23.329 20.601 19.825 16.576 17.444 15.582 16.829 18.967 19.633 19.876 19.931 18.340 20.325 18.899 21.041 19.844 21.855 22.082 21.186 17.820 14.756 12.065  9.674 12.318 12.357  8.765 10.042 13.103 11.568 10.126 13.771 15.379 13.881 11.957  8.671  5.623  3.845  0.000  3.841  5.575  7.965 10.990 14.358 17.703 20.988 19.815 17.552 13.871 13.215 12.083 10.152 13.286 15.750 17.531 18.693 22.131 21.188 20.491 23.518 21.949 24.751 25.210 24.885 22.747 20.630 17.079 15.649 12.341 11.317  9.196  8.353 10.157 10.976 13.173 15.194
 25.061 23.207 20.220 18.769 15.193 15.297 12.877 13.675 15.647 16.597 17.268 17.840 16.824 19.376 18.652 21.338 20.660 23.079 23.332 23.013 19.631 16.797 13.602 11.949 14.269 13.317  9.646 11.484 13.732 11.207 10.184 13.984 14.723 12.450 10.949  7.219  5.680  5.497  3.841  0.000  3.836  6.817 10.196 13.306 16.904 20.045 18.613 16.963 13.585 13.725 13.575 12.372 15.911 17.802 19.301 19.794 23.410 22.625 21.320 24.191 22.265 24.892 25.161 24.283 22.032 19.405 15.952 13.827 10.223  8.518  5.718  5.073  7.023  8.441 11.083 13.305
 21.676 19.761 16.622 15.218 11.683 12.086 10.244 11.593 14.044 14.634 14.983 14.963 13.938 16.273 15.563 18.282 17.555 19.992 20.087 20.147 16.881 14.230 10.728  9.917 12.086 10.408  7.124  9.949 11.612  8.990  9.273 12.987 13.227 11.413 11.007  7.408  6.952  5.341  5.575  3.836  0.000  3.819  6.586  9.929 13.368 16.683 15.665 14.126 10.869 10.750 11.308 10.398 14.118 15.349 16.437 16.471 20.157 19.600 18.036 20.711 18.610 21.168 21.460 20.574 18.248 15.687 12.192 10.319  6.848  6.126  4.948  6.290  9.263 11.063 13.589 15.598
 21.173 19.383 15.934 14.673 11.305 11.627 10.431 11.416 14.490 15.230 15.806 15.328 14.766 16.778 16.125 18.656 17.528 19.549 18.947 19.212 16.418 13.568  9.808 10.182 12.797 10.844  8.524 12.037 13.446 11.166 12.334 15.829 15.797 14.316 14.487 11.028 10.608  8.253  7.965  6.817  3.819  0.000  3.828  6.612 10.231 13.344 12.112 10.396  7.162  7.624  8.867  9.200 12.993 13.561 14.882 14.700 18.179 17.225 15.276 18.142 16.357 19.237 20.088 19.354 16.519 14.061 10.325  8.421  5.899  5.182  6.160  7.260 10.752 12.744 14.953 16.739
 17.980 16.205 12.634 11.611  8.668  9.577  9.648 11.239 14.490 14.677 14.763 13.473 12.920 14.369 13.721 16.079 14.877 16.784 15.939 16.733 14.263 11.891  8.126  9.842 11.849  9.216  8.234 12.055 12.628 10.733 12.959 15.922 15.467 14.646 15.634 12.697 12.858 10.234 10.990 10.196  6.586  3.828  0.000  3.821  6.877 10.378 10.058  8.576  5.978  5.705  8.247  9.044 12.466 12.015 12.599 11.667 15.148 14.576 12.255 14.762 12.717 15.507 16.436 15.766 12.810 10.594  6.797  5.806  4.803  6.337  8.739 10.709 14.131 16.130 18.253 19.875
 18.761 16.949 13.222 12.078  9.662  9.892 10.550 11.411 14.869 15.223 15.673 14.237 14.484 15.748 15.577 17.811 16.607 18.160 16.702 17.958 16.151 14.013 10.543 12.988 14.933 12.180 11.856 15.668 15.888 14.027 16.567 19.362 18.515 17.667 19.024 16.122 16.506 13.975 14.358 13.306  9.929  6.612  3.821  0.000  3.822  6.815  6.314  5.475  4.505  5.795  9.344 11.360 14.376 13.122 13.644 12.140 15.094 14.271 11.220 13.559 11.790 14.627 16.060 15.262 11.772  9.567  6.127  5.050  6.291  7.516 10.813 12.651 16.019 18.107 19.982 21.395
 17.020 15.433 11.857 11.239  9.981 10.623 12.410 13.487 16.764 16.687 16.754 14.658 15.024 15.522 15.399 17.157 15.853 16.959 15.043 16.851 15.745 14.245 11.390 14.580 15.987 13.133 13.856 17.506 17.192 15.839 18.844 21.168 20.107 19.787 21.572 19.034 19.604 16.928 17.703 16.904 13.368 10.231  6.877  3.822  0.000  3.849  5.524  5.510  6.513  6.944 10.739 13.010 15.318 13.157 12.968 10.692 13.070 12.568  9.030 10.663  8.921 11.606 13.456 12.879  9.143  7.763  5.362  6.249  8.961 10.925 14.381 16.415 19.735 21.791 23.590 24.891
 19.264 17.779 14.413 13.767 12.976 13.026 14.895 15.333 18.500 18.601 18.993 16.993 17.908 18.317 18.525 20.125 18.865 19.626 17.312 19.314 18.754 17.393 14.821 18.112 19.584 16.818 17.620 21.269 20.894 19.507 22.548 24.852 23.617 23.202 25.104 22.518 23.139 20.509 20.988 20.045 16.683 13.344 10.378  6.815  3.849  0.000  3.851  5.598  8.417  9.654 13.289 16.079 18.086 15.605 15.501 13.129 14.690 13.915 10.135 11.270 10.288 12.622 14.888 14.283 10.499  9.541  8.337  8.915 12.016 13.486 17.106 18.925 22.123 24.190 25.782 26.919
 22.343 20.688 17.106 16.002 14.393 13.817 14.769 14.484 17.791 18.502 19.512 18.161 19.277 20.323 20.605 22.570 21.308 22.286 20.083 21.654 20.726 18.769 15.784 18.605 20.655 18.032 18.062 21.859 21.966 20.154 22.792 25.530 24.426 23.473 25.015 22.053 22.466 19.980 19.815 18.613 15.665 12.112 10.058  6.314  5.524  3.851  0.000  3.818  6.963  9.597 13.011 16.075 18.485 16.569 17.246 15.479 17.321 15.963 12.393 14.292 13.526 16.162 18.326 17.536 13.729 12.055 10.099  9.248 11.634 12.009 15.496 16.789 19.850 21.912 23.346 24.419
 21.837 20.610 17.089 16.530 14.729 14.887 15.634 15.817 19.286 19.963 20.730 19.256 19.691 20.587 20.206 21.903 20.130 20.830 18.488 19.482 18.511 16.133 13.242 15.936 18.366 16.260 16.206 19.939 20.564 19.113 21.445 24.324 23.768 22.989 24.091 20.980 20.799 17.914 17.552 16.963 14.126 10.396  8.576  5.475  5.510  5.598  3.818  0.000  3.825  6.463  9.535 12.860 15.121 13.378 14.606 13.518 15.406 13.507 10.333 13.049 12.740 15.982 18.411 18.229 14.487 13.168 10.489 10.006 11.583 11.870 14.934 15.776 19.003 20.964 22.438 23.602
 21.286 20.090 16.565 16.053 13.739 14.256 14.489 15.031 18.517 19.210 19.844 18.544 18.451 19.553 18.788 20.581 18.697 19.623 17.676 18.159 16.620 13.785 10.584 12.744 15.530 13.729 13.148 16.829 17.923 16.493 18.420 21.497 21.340 20.502 21.178 17.942 17.379 14.364 13.871 13.585 10.869  7.162  5.978  4.505  6.513  8.417  6.963  3.825  0.000  3.825  6.562  9.603 12.352 11.361 13.044 12.613 15.098 13.189 10.631 13.852 13.234 16.678 18.766 18.678 15.166 13.610 10.228  9.480  9.852  9.910 12.419 13.014 16.358 18.262 19.890 21.225
 18.551 17.821 14.600 14.846 12.941 14.456 15.149 16.516 19.889 20.098 20.091 18.310 17.499 18.032 16.620 17.924 15.621 16.252 14.303 14.480 12.934 10.053  7.093  9.664 12.297 10.864 10.915 14.370 15.507 14.805 16.793 19.559 19.768 19.548 20.177 17.261 16.460 13.022 13.215 13.725 10.750  7.624  5.705  5.795  6.944  9.654  9.597  6.463  3.825  0.000  3.839  6.607  9.043  7.772  9.318  9.244 11.911 10.151  8.170 11.573 10.983 14.580 16.656 17.143 13.988 13.095  9.731 10.170 10.390 11.417 13.590 14.473 17.872 19.638 21.416 22.845
 20.106 19.853 16.987 17.623 15.683 17.481 17.825 19.283 22.562 22.835 22.747 21.085 19.797 20.241 18.287 19.226 16.517 16.775 14.924 14.097 12.476  8.959  6.691  8.198 11.455 11.248 10.982 13.864 15.799 15.622 16.899 19.709 20.633 20.555 20.539 17.613 16.004 12.275 12.083 13.575 11.308  8.867  8.247  9.344 10.739 13.289 13.011  9.535  6.562  3.839  0.000  3.837  5.923  5.843  8.707 10.161 12.522 10.257  9.645 13.304 13.288 16.937 19.022 19.951 17.119 16.479 13.095 13.511 12.986 13.594 14.923 15.117 18.314 19.782 21.454 22.891
 19.229 19.124 16.621 17.467 15.514 17.745 17.920 19.839 22.845 22.881 22.426 20.796 18.912 19.256 16.859 17.627 14.896 15.340 14.226 12.849 10.525  6.734  4.801  4.755  8.311  9.019  8.521 10.739 13.148 13.494 14.265 16.891 18.350 18.579 18.186 15.577 13.607  9.757 10.152 12.372 10.398  9.200  9.044 11.360 13.010 16.079 16.075 12.860  9.603  6.607  3.837  0.000  3.851  5.685  8.170 10.270 12.993 11.461 11.616 14.871 14.407 17.720 19.241 20.255 17.945 17.342 13.990 14.563 13.344 14.202 14.825 15.113 18.111 19.377 21.194 22.753
 19.380 20.014 18.033 19.563 18.183 20.788 21.329 23.411 26.408 26.270 25.560 23.614 21.468 21.242 18.412 18.412 15.172 14.709 13.307 11.086  9.508  5.912  6.333  6.363  8.992 10.724 11.147 12.548 14.888 16.057 16.757 18.870 20.655 21.401 20.956 18.703 16.550 12.749 13.286 15.911 14.118 12.993 12.466 14.376 15.318 18.086 18.485 15.121 12.352  9.043  5.923  3.851  0.000  3.813  6.768 10.003 11.809 10.060 11.459 14.508 14.772 18.004 19.766 21.438 19.430 19.514 16.521 17.682 16.838 17.946 18.628 18.845 21.741 22.855 24.542 26.004
 17.257 18.079 16.111 17.958 17.099 19.814 20.951 23.072 26.183 25.879 25.066 22.731 20.815 20.199 17.499 17.258 13.843 12.925 10.722  9.027  8.368  5.427  6.059  8.099  9.968 10.786 12.166 14.069 15.579 16.727 18.214 20.125 21.365 22.298 22.481 20.285 18.721 14.907 15.750 17.802 15.349 13.561 12.015 13.122 13.157 15.605 16.569 13.378 11.361  7.772  5.843  5.685  3.813  0.000  3.835  6.931  8.299  6.294  7.823 10.797 11.454 14.781 16.958 18.909 16.822 17.401 14.785 16.520 16.504 18.092 19.497 20.177 23.324 24.677 26.403 27.820
 13.649 14.847 13.363 15.790 15.666 18.804 20.503 23.015 25.940 25.213 23.949 21.209 19.088 17.858 14.981 14.201 10.620  9.282  6.904  5.542  5.387  4.106  5.920  8.692  9.072  9.507 11.999 13.629 14.264 15.869 17.857 19.168 20.121 21.574 22.246 20.536 19.518 15.912 17.531 19.301 16.437 14.882 12.599 13.644 12.968 15.501 17.246 14.606 13.044  9.318  8.707  8.170  6.768  3.835  0.000  3.825  5.281  5.158  6.948  8.742  8.951 11.773 13.690 16.002 14.449 15.642 13.664 16.142 16.551 18.846 20.513 21.811 25.007 26.458 28.330 29.779
 10.940 11.823 10.170 12.734 13.160 16.320 18.549 21.130 23.974 23.024 21.626 18.603 16.774 15.284 12.812 12.158  8.930  7.960  5.179  6.234  6.258  6.335  6.816 10.355 10.178  9.198 12.171 14.226 13.939 15.180 17.859 18.998 19.231 20.712 22.022 20.443 20.128 16.777 18.693 19.794 16.471 14.700 11.667 12.140 10.692 13.129 15.479 13.518 12.613  9.244 10.161 10.270 10.003  6.931  3.825  0.000  3.855  5.485  5.479  6.200  5.325  8.086 10.068 12.323 10.747 12.311 10.911 13.930 15.037 17.816 19.991 21.828 25.114 26.756 28.708 30.149
 11.918 13.642 12.678 15.605 16.538 19.623 22.075 24.542 27.415 26.432 25.003 21.814 20.096 18.225 15.769 14.465 11.133  8.929  5.155  6.026  8.110  8.864 10.249 13.544 13.281 12.820 15.886 17.677 17.378 18.897 21.527 22.455 22.754 24.427 25.755 24.245 23.807 20.371 22.131 23.410 20.157 18.179 15.148 15.094 13.070 14.690 17.321 15.406 15.098 11.911 12.522 12.993 11.809  8.299  5.281  3.855  0.000  3.859  5.425  4.674  5.936  8.074 10.732 13.743 12.512 14.811 13.976 17.150 18.618 21.330 23.640 25.343 28.651 30.269 32.124 33.490
 15.515 16.843 15.269 17.665 17.904 20.629 22.674 24.759 27.889 27.308 26.323 23.437 21.948 20.626 18.276 17.474 14.085 12.234  8.686  8.431  9.951  9.221 10.133 13.322 14.105 13.925 16.315 18.452 18.857 20.028 22.361 23.837 24.365 25.600 26.573 24.590 23.728 20.058 21.188 22.625 19.600 17.225 14.576 14.271 12.568 13.915 15.963 13.507 13.189 10.151 10.257 11.461 10.060  6.294  5.158  5.485  3.859  0.000  3.837  5.466  7.807 10.862 13.916 16.512 14.555 16.265 14.755 17.365 18.662 20.818 23.083 24.292 27.617 29.196 30.907 32.220
 15.215 15.758 13.564 15.403 15.506 17.824 19.970 21.804 24.986 24.501 23.754 20.939 19.963 18.961 17.205 17.048 14.162 13.129  9.758 10.682 11.415 10.449 10.011 13.653 14.669 13.516 15.662 18.396 18.507 19.003 21.687 23.412 23.422 24.288 25.583 23.411 22.965 19.449 20.491 21.320 18.036 15.276 12.255 11.220  9.030 10.135 12.393 10.333 10.631  8.170  9.645 11.616 11.459  7.823  6.948  5.479  5.425  3.837  0.000  3.853  5.601  9.211 12.484 14.443 11.866 13.260 11.776 14.295 16.073 18.244 20.917 22.351 25.742 27.488 29.215 30.510
 13.319 14.247 12.687 15.011 16.033 18.506 21.201 23.224 26.185 25.348 24.262 21.090 20.161 18.558 16.946 16.286 13.623 12.169  8.601 10.525 12.050 12.280 12.389 16.115 16.329 14.951 17.684 20.156 19.611 20.360 23.376 24.614 24.312 25.545 27.249 25.456 25.400 22.059 23.518 24.191 20.711 18.142 14.762 13.559 10.663 11.270 14.292 13.049 13.852 11.573 13.304 14.871 14.508 10.797  8.742  6.200  4.674  5.466  3.853  0.000  3.841  6.385 10.023 12.501 10.528 12.914 12.533 15.654 17.922 20.550 23.417 25.244 28.626 30.419 32.201 33.481
 10.562 10.815  8.941 11.216 12.482 15.101 18.013 20.291 23.058 21.983 20.676 17.398 16.456 14.806 13.438 13.119 10.950 10.387  7.595 10.373 10.972 11.498 11.042 14.804 14.589 12.523 15.373 17.886 16.836 17.368 20.654 21.728 21.059 22.318 24.324 22.754 23.148 20.108 21.949 22.265 18.610 16.357 12.717 11.790  8.921 10.288 13.526 12.740 13.234 10.983 13.288 14.407 14.772 11.454  8.951  5.325  5.936  7.807  5.601  3.841  0.000  3.831  6.974  9.005  6.964  9.421  9.365 12.841 15.191 18.215 21.109 23.361 26.694 28.543 30.456 31.798
  8.483  8.934  8.118 10.815 13.146 15.798 19.140 21.595 23.988 22.518 20.813 17.250 16.360 14.058 13.021 12.217 10.737 10.129  7.999 11.551 12.482 13.957 13.866 17.428 16.499 14.274 17.454 19.590 17.865 18.582 22.085 22.600 21.562 23.170 25.572 24.470 25.283 22.541 24.751 24.892 21.168 19.237 15.507 14.627 11.606 12.622 16.162 15.982 16.678 14.580 16.937 17.720 18.004 14.781 11.773  8.086  8.074 10.862  9.211  6.385  3.831  0.000  3.836  6.585  6.027  9.552 10.851 14.582 17.163 20.506 23.430 26.027 29.267 31.126 33.085 34.414
  5.724  5.643  5.944  8.942 12.052 14.866 18.379 21.154 23.107 21.238 19.059 15.334 14.227 11.382 10.622  9.633  9.208  9.394  8.753 12.535 12.926 14.961 14.873 18.046 16.448 13.969 17.263 18.975 16.602 17.406 21.016 20.993 19.611 21.523 24.234 23.651 24.897 22.577 25.210 25.161 21.460 20.088 16.436 16.060 13.456 14.888 18.326 18.411 18.766 16.656 19.022 19.241 19.766 16.958 13.690 10.068 10.732 13.916 12.484 10.023  6.974  3.836  0.000  3.842  5.581  9.100 11.124 14.873 17.231 20.863 23.577 26.514 29.590 31.417 33.471 34.834
  7.702  5.484  4.855  6.374  9.872 12.133 15.820 18.492 20.134 18.116 15.912 12.195 11.713  9.178  9.702  9.923 10.648 12.002 11.896 15.529 15.176 16.778 15.916 18.923 17.452 14.361 17.154 19.076 16.393 16.461 20.245 20.279 18.279 19.823 22.897 22.388 24.149 22.252 24.885 24.283 20.574 19.354 15.766 15.262 12.879 14.283 17.536 18.229 18.678 17.143 19.951 20.255 21.438 18.909 16.002 12.323 13.743 16.512 14.443 12.501  9.005  6.585  3.842  0.000  3.843  6.642  9.579 12.992 15.529 19.199 21.993 25.210 28.135 30.015 32.079 33.420
 10.064  8.009  5.461  6.034  8.396 10.343 13.934 16.269 18.407 16.845 15.267 11.798 11.767 10.259 10.691 11.626 11.558 12.869 11.945 15.298 14.763 15.532 14.064 17.348 16.635 13.368 15.762 18.324 16.215 15.782 19.556 20.309 18.468 19.441 22.284 21.160 22.689 20.540 22.747 22.032 18.248 16.519 12.810 11.772  9.143 10.499 13.729 14.487 15.166 13.988 17.119 17.945 19.430 16.822 14.449 10.747 12.512 14.555 11.866 10.528  6.964  6.027  5.581  3.843  0.000  3.827  6.491  9.986 12.938 16.413 19.510 22.542 25.604 27.565 29.571 30.899
 12.606  9.827  6.449  4.686  5.648  6.742 10.313 12.506 14.688 13.284 12.066  8.936  9.603  9.350 10.525 12.608 12.930 14.980 14.383 17.315 16.035 16.122 13.842 16.776 16.479 12.835 14.389 17.275 15.309 14.008 17.736 18.899 16.768 17.080 19.971 18.620 20.430 18.618 20.630 19.405 15.687 14.061 10.594  9.567  7.763  9.541 12.055 13.168 13.610 13.095 16.479 17.342 19.514 17.401 15.642 12.311 14.811 16.265 13.260 12.914  9.421  9.552  9.100  6.642  3.827  0.000  3.819  6.624  9.717 13.122 16.288 19.473 22.420 24.431 26.449 27.789
 13.870 11.449  7.658  6.128  4.754  6.120  8.800 11.019 13.795 12.934 12.182  9.624  9.766 10.306 10.692 13.045 12.703 14.801 14.039 16.305 14.550 13.823 10.976 13.770 14.118 10.537 11.504 14.808 13.547 11.973 15.447 17.236 15.599 15.537 17.915 16.032 17.420 15.346 17.079 15.952 12.192 10.325  6.797  6.127  5.362  8.337 10.099 10.489 10.228  9.731 13.095 13.990 16.521 14.785 13.664 10.911 13.976 14.755 11.776 12.533  9.365 10.851 11.124  9.579  6.491  3.819  0.000  3.830  6.619  9.995 13.160 16.121 19.239 21.274 23.340 24.773
 17.402 14.740 10.978  8.592  5.781  4.943  6.199  7.673 10.826 10.640 10.833  9.401 10.309 12.092 12.953 15.857 15.745 18.108 17.472 19.366 17.239 15.899 12.506 14.667 15.619 12.109 11.857 15.372 14.567 12.104 15.131 17.468 15.722 14.733 16.891 14.569 16.112 14.471 15.649 13.827 10.319  8.421  5.806  5.050  6.249  8.915  9.248 10.006  9.480 10.170 13.511 14.563 17.682 16.520 16.142 13.930 17.150 17.365 14.295 15.654 12.841 14.582 14.873 12.992  9.986  6.624  3.830  0.000  3.821  6.643 10.107 13.128 16.139 18.262 20.306 21.747
 18.735 16.118 12.526 10.174  6.511  5.829  4.941  6.745  9.841  9.994 10.336  9.746  9.997 12.465 12.985 16.159 16.080 18.751 18.572 19.901 17.193 15.445 11.810 13.016 14.213 10.964  9.593 13.018 12.724  9.737 12.178 14.959 13.526 11.996 13.654 11.009 12.518 11.229 12.341 10.223  6.848  5.899  4.803  6.291  8.961 12.016 11.634 11.583  9.852 10.390 12.986 13.344 16.838 16.504 16.551 15.037 18.618 18.662 16.073 17.922 15.191 17.163 17.231 15.529 12.938  9.717  6.619  3.821  0.000  3.823  6.638  9.899 12.881 14.991 17.252 18.898
 22.440 19.898 16.305 13.923 10.243  8.867  6.636  6.587  9.692 10.888 12.242 12.624 13.212 16.028 16.560 19.748 19.525 22.085 21.748 22.726 19.947 17.679 13.892 14.549 16.415 13.667 11.486 14.807 15.241 12.026 13.548 16.804 15.688 13.435 14.353 11.147 12.241 11.341 11.317  8.518  6.126  5.182  6.337  7.516 10.925 13.486 12.009 11.870  9.910 11.417 13.594 14.202 17.946 18.092 18.846 17.816 21.330 20.818 18.244 20.550 18.215 20.506 20.863 19.199 16.413 13.122  9.995  6.643  3.823  0.000  3.821  6.667  9.661 11.928 14.167 15.894
 24.442 21.960 18.606 16.301 12.511 11.363  8.426  8.382 10.558 11.911 13.303 14.316 14.452 17.532 17.855 21.086 20.956 23.676 23.721 24.282 21.153 18.711 15.047 14.730 16.665 14.439 11.457 14.169 15.116 11.741 12.191 15.688 14.991 12.219 12.273  8.811  9.684  9.681  9.196  5.718  4.948  6.160  8.739 10.813 14.381 17.106 15.496 14.934 12.419 13.590 14.923 14.825 18.628 19.497 20.513 19.991 23.640 23.083 20.917 23.417 21.109 23.430 23.577 21.993 19.510 16.288 13.160 10.107  6.638  3.821  0.000  3.826  6.458  8.767 11.391 13.443
 27.356 25.135 21.773 19.737 15.983 14.992 12.123 11.624 13.658 15.339 16.962 18.053 18.077 21.037 21.040 24.063 23.568 26.017 25.852 25.985 22.889 20.013 16.443 15.695 18.196 16.591 13.322 15.815 17.482 14.434 14.184 17.887 17.787 14.988 14.220 10.563 10.267 10.253  8.353  5.073  6.290  7.260 10.709 12.651 16.415 18.925 16.789 15.776 13.014 14.473 15.117 15.113 18.845 20.177 21.811 21.828 25.343 24.292 22.351 25.244 23.361 26.027 26.514 25.210 22.542 19.473 16.121 13.128  9.899  6.667  3.826  0.000  3.833  6.379  8.981 11.202
 30.235 27.910 24.657 22.453 18.692 17.438 14.239 13.379 14.702 16.566 18.427 20.051 20.178 23.357 23.527 26.646 26.373 28.957 28.995 29.051 25.841 23.003 19.557 18.456 20.817 19.393 15.945 17.946 19.653 16.522 15.711 19.262 19.199 16.049 14.850 11.537 11.303 12.254 10.157  7.023  9.263 10.752 14.131 16.019 19.735 22.123 19.850 19.003 16.358 17.872 18.314 18.111 21.741 23.324 25.007 25.114 28.651 27.617 25.742 28.626 26.694 29.267 29.590 28.135 25.604 22.420 19.239 16.139 12.881  9.661  6.458  3.833  0.000  3.833  6.592  9.039
 31.854 29.594 26.447 24.310 20.592 19.411 16.196 15.354 16.426 18.229 20.075 21.817 21.834 24.996 25.083 28.133 27.854 30.415 30.545 30.432 27.177 24.313 21.026 19.639 21.983 20.836 17.322 18.982 20.852 17.877 16.700 20.126 20.281 17.141 15.602 12.567 12.042 13.271 10.976  8.441 11.063 12.744 16.130 18.107 21.791 24.190 21.912 20.964 18.262 19.638 19.782 19.377 22.855 24.677 26.458 26.756 30.269 29.196 27.488 30.419 28.543 31.126 31.417 30.015 27.565 24.431 21.274 18.262 14.991 11.928  8.767  6.379  3.833  0.000  3.847  6.749
 34.007 31.775 28.625 26.490 22.830 21.546 18.378 17.287 18.225 20.125 22.133 23.958 24.106 27.249 27.370 30.378 30.052 32.527 32.565 32.392 29.219 26.294 23.078 21.703 24.132 23.097 19.662 21.270 23.192 20.316 19.113 22.438 22.628 19.527 17.962 15.126 14.488 15.622 13.173 11.083 13.589 14.953 18.253 19.982 23.590 25.782 23.346 22.438 19.890 21.416 21.454 21.194 24.542 26.403 28.330 28.708 32.124 30.907 29.215 32.201 30.456 33.085 33.471 32.079 29.571 26.449 23.340 20.306 17.252 14.167 11.391  8.981  6.592  3.847  0.000  3.810
