  0.000  3.811  6.657 10.215 13.235 16.578 19.760 22.873 24.901 22.557 19.877 16.191 13.980 10.426  8.428  5.601  5.541  6.025  7.903 11.007 10.949 13.848 14.675 17.071 14.497 12.763 16.392 16.971 14.322 16.158 19.349 18.526 17.610 20.120 22.732 22.916 24.435 22.378 25.223 25.420 21.799 21.525 18.322 19.080 17.118 19.359 22.386 21.784 21.211 18.531 20.193 19.508 19.836 17.426 13.854 11.192 12.450 15.884 15.380 13.267 10.466  8.423  5.688  7.559  9.932 12.430 13.926 17.415 18.846 22.583 24.711 27.768 30.746 32.574 35.679 37.889
  3.811  0.000  3.778  6.780 10.076 13.210 16.474 19.615 21.425 18.984 16.211 12.494 10.495  6.925  5.843  4.699  6.269  8.492 10.161 13.240 12.317 14.468 14.367 16.704 14.302 11.746 14.964 15.880 12.864 13.939 17.398 16.753 15.197 17.383 20.344 20.528 22.491 20.785 23.631 23.346 19.712 19.566 16.410 17.191 15.488 17.851 20.710 20.541 19.925 17.662 19.738 19.205 20.254 18.062 14.883 11.979 14.060 17.012 15.788 14.145 10.693  8.916  5.732  5.474  7.920  9.656 11.491 14.722 16.138 19.935 22.069 25.357 28.218 30.204 33.151 35.349
  6.657  3.778  0.000  3.783  6.784 10.004 13.296 16.289 18.421 16.293 13.963 10.298  8.692  6.145  5.510  6.354  7.016  9.526 10.246 13.218 11.890 13.091 12.115 14.735 13.014  9.827 12.691 14.390 11.744 12.030 15.726 15.880 14.250 15.745 18.673 18.266 20.179 18.338 20.868 20.332 16.588 16.128 12.862 13.506 11.958 14.528 17.178 17.089 16.453 14.485 16.898 16.756 18.275 16.109 13.398 10.331 13.007 15.316 13.531 12.524  8.788  8.034  5.975  4.863  5.395  6.311  7.744 11.012 12.601 16.387 18.756 22.011 24.994 27.168 30.125 32.403
 10.215  6.780  3.783  0.000  3.866  6.485  9.958 12.932 14.813 12.627 10.343  6.691  5.935  4.803  6.235  8.772 10.093 13.030 13.697 16.421 14.625 15.095 13.275 15.582 14.280 10.607 12.495 14.561 11.875 10.967 14.750 15.275 13.003 13.765 16.989 16.453 18.841 17.481 19.847 18.671 15.031 14.698 11.685 12.289 11.309 13.860 16.082 16.563 15.897 14.644 17.389 17.461 19.646 17.841 15.728 12.831 15.844 17.568 15.269 14.829 11.072 10.745  8.991  6.454  6.012  4.574  6.204  8.624 10.166 13.915 16.301 19.792 22.604 24.958 27.696 29.944
 13.235 10.076  6.784  3.866  0.000  3.775  6.581  9.782 11.958 10.083  8.523  5.722  5.144  6.454  7.562 10.815 11.669 14.748 15.193 17.312 14.964 14.487 11.905 13.777 13.144  9.301 10.091 12.665 10.583  8.647 12.305 13.645 11.510 11.394 14.343 13.236 15.587 14.346 16.456 14.985 11.414 11.252  8.664  9.848 10.044 13.051 14.423 14.764 13.553 12.670 15.339 15.422 18.166 16.905 15.559 13.239 16.697 17.681 15.303 15.825 12.334 13.075 12.137  9.996  8.437  5.638  4.879  5.824  6.461 10.209 12.466 15.975 18.776 21.176 23.943 26.271
 16.578 13.210 10.004  6.485  3.775  0.000  3.840  6.529  8.518  6.942  6.175  4.560  6.370  8.848 10.907 14.325 15.416 18.463 18.714 20.886 18.579 17.775 14.819 16.522 16.349 12.563 12.539 15.277 13.454 10.723 13.953 15.632 13.081 11.994 14.992 13.624 16.308 15.606 17.197 14.962 11.785 11.465  9.449  9.981 10.624 13.033 13.856 14.989 14.115 14.217 17.150 17.673 20.754 19.634 18.694 16.368 19.720 20.337 17.559 18.265 14.926 15.656 14.847 12.146 10.294  6.690  6.143  4.994  5.738  8.790 11.223 14.849 17.395 20.097 22.506 24.768
 19.760 16.474 13.296  9.958  6.581  3.840  0.000  3.814  5.810  5.053  5.833  6.477  8.058 11.411 13.209 16.847 17.840 20.985 21.280 22.987 20.315 18.952 15.679 16.682 16.971 13.476 12.338 15.052 13.834 10.403 12.861 15.096 12.723 10.621 13.110 11.308 14.046 13.921 15.107 12.343  9.796 10.040  9.316 10.430 12.265 14.746 14.603 15.587 14.194 14.749 17.294 17.678 21.127 20.625 20.296 18.523 22.063 22.222 19.575 20.863 17.773 18.984 18.398 15.879 13.895 10.262  8.747  6.109  4.666  6.379  8.069 11.765 13.966 16.726 18.976 21.237
 22.873 19.615 16.289 12.932  9.782  6.529  3.814  0.000  3.866  5.537  7.885  9.341 11.593 14.853 16.783 20.341 21.176 24.124 24.046 25.771 23.268 21.608 18.109 19.176 19.957 16.581 15.174 18.097 17.270 13.748 15.829 18.366 16.096 13.570 15.635 13.431 15.862 15.881 16.278 13.062 11.124 10.780 10.602 10.874 12.955 14.746 13.920 15.462 14.480 15.896 18.574 19.483 23.041 22.562 22.604 20.846 24.217 23.974 21.059 22.558 19.755 21.132 20.894 18.295 15.953 12.193 10.646  7.279  6.317  6.097  7.935 11.099 13.008 16.097 17.983 20.224
 24.901 21.425 18.421 14.813 11.958  8.518  5.810  3.866  0.000  3.807  7.059  9.733 12.361 15.918 18.327 22.043 23.369 26.585 26.872 28.667 26.012 24.542 21.155 21.925 22.408 19.053 17.520 19.998 18.893 15.220 16.949 19.128 16.470 13.642 15.801 14.183 17.076 17.837 18.382 14.975 13.618 13.907 14.015 14.464 16.427 18.063 17.287 19.016 18.054 19.431 21.985 22.630 26.229 25.898 25.821 24.029 27.456 27.415 24.526 25.844 22.858 23.881 23.228 20.300 18.401 14.647 13.682 10.621  9.520  9.147  9.867 12.818 13.873 16.666 17.998 19.958
 22.557 18.984 16.293 12.627 10.083  6.942  5.053  5.537  3.807  0.000  3.828  6.860  9.521 13.109 15.735 19.483 21.133 24.538 25.206 27.105 24.383 23.298 20.176 20.928 20.900 17.458 16.260 18.419 16.830 13.318 15.290 16.983 14.003 11.529 14.211 13.209 16.506 17.302 18.524 15.405 13.663 14.364 14.007 14.853 16.445 18.395 18.246 19.741 18.635 19.427 21.955 22.227 25.706 25.279 24.799 22.881 26.371 26.748 24.009 25.014 21.753 22.422 21.339 18.305 16.870 13.279 12.794 10.391  9.337 10.101 10.782 14.185 15.504 18.015 19.530 21.485
 19.877 16.211 13.963 10.343  8.523  6.175  5.833  7.885  7.059  3.828  0.000  3.807  6.533  9.970 12.979 16.681 18.771 22.308 23.363 25.431 22.752 22.198 19.465 20.312 19.636 16.138 15.539 17.309 15.070 11.957 14.337 15.332 11.962 10.289 13.609 13.350 16.912 17.570 19.444 16.800 14.591 15.519 14.569 15.669 16.707 18.911 19.442 20.745 19.606 19.754 22.273 22.199 25.434 24.805 23.821 21.707 25.179 26.065 23.504 24.057 20.540 20.770 19.168 16.034 15.265 12.023 12.217 10.812 10.117 12.001 12.865 16.556 18.053 20.397 22.141 24.080
 16.191 12.494 10.298  6.691  5.722  4.560  6.477  9.341  9.733  6.860  3.807  0.000  3.833  6.609  9.810 13.365 15.490 18.944 20.008 22.319 19.887 19.745 17.311 18.620 17.599 13.940 14.185 16.016 13.369 10.889 13.993 14.674 11.388 10.786 14.382 14.176 17.483 17.445 19.648 17.503 14.636 15.187 13.412 14.387 14.742 17.083 18.260 19.379 18.408 18.071 20.728 20.654 23.570 22.542 21.123 18.727 22.063 23.293 20.799 20.969 17.327 17.263 15.466 12.345 11.858  8.959  9.747  9.483  9.635 12.520 14.068 17.849 19.899 22.269 24.428 26.479
 13.980 10.495  8.692  5.935  5.144  6.370  8.058 11.593 12.361  9.521  6.533  3.833  0.000  3.913  6.509 10.244 12.496 16.170 17.710 19.703 17.010 17.107 15.079 16.037 14.497 11.056 11.600 12.868  9.856  7.912 11.182 11.369  8.242  8.624 12.242 12.498 15.642 15.443 18.178 16.653 13.690 14.757 12.987 14.740 15.178 18.072 19.389 19.803 18.320 17.245 19.414 18.720 21.404 20.581 18.979 16.914 20.377 21.849 19.878 20.061 16.400 16.424 14.449 11.955 11.898  9.663  9.976 10.444  9.974 13.218 14.348 18.053 20.183 22.187 24.649 26.740
 10.426  6.925  6.145  4.803  6.454  8.848 11.411 14.853 15.918 13.109  9.970  6.609  3.913  0.000  3.837  6.989  9.775 13.370 15.253 17.565 15.278 16.214 14.917 16.280 14.115 10.889 12.621 13.508 10.048  9.573 13.001 12.449  9.766 11.374 14.823 15.371 18.147 17.455 20.429 19.426 16.186 16.930 14.572 16.077 15.703 18.504 20.470 20.703 19.477 17.867 20.002 19.203 21.325 20.066 17.817 15.462 18.583 20.658 18.958 18.483 14.748 14.114 11.568  9.351 10.336  9.337 10.509 12.227 12.529 16.123 17.590 21.198 23.557 25.497 28.118 30.209
  8.428  5.843  5.510  6.235  7.562 10.907 13.209 16.783 18.327 15.735 12.979  9.810  6.509  3.837  0.000  3.825  6.273 10.054 12.293 14.193 11.729 12.967 12.267 13.486 10.875  8.091 10.547 10.992  7.548  8.433 11.751 11.004  9.409 11.733 14.570 15.059 17.189 15.979 19.163 18.858 15.566 16.383 14.006 15.937 15.578 18.716 20.710 20.255 18.686 16.428 18.033 16.778 18.480 17.309 14.881 12.940 16.071 18.288 17.194 16.811 13.310 13.021 10.785  9.847 10.748 10.486 10.884 13.074 13.095 16.720 18.037 21.351 23.884 25.570 28.474 30.633
  5.601  4.699  6.354  8.772 10.815 14.325 16.847 20.341 22.043 19.483 16.681 13.365 10.244  6.989  3.825  0.000  3.775  7.178 10.122 12.052 10.176 12.476 12.869 14.244 11.157  9.322 12.527 12.455  9.302 11.348 14.277 13.066 12.197 15.010 17.500 18.130 19.827 18.266 21.501 21.694 18.379 18.988 16.404 18.156 17.287 20.265 22.626 21.875 20.461 17.751 19.049 17.620 18.563 17.101 14.107 12.240 14.756 17.552 17.051 16.100 12.922 12.138  9.700  9.950 11.587 12.494 13.167 15.932 16.282 19.932 21.352 24.484 27.129 28.683 31.709 33.855
  5.541  6.269  7.016 10.093 11.669 15.416 17.840 21.176 23.369 21.133 18.771 15.490 12.496  9.775  6.273  3.775  0.000  3.853  6.698  8.337  6.578  9.235 10.264 11.973  9.072  7.863 11.562 11.728  9.512 11.971 14.749 14.106 14.038 16.606 18.597 18.666 19.691 17.488 20.472 21.140 17.763 17.987 15.315 17.020 16.036 19.063 21.397 20.115 18.643 15.544 16.477 15.031 15.460 13.787 10.601  9.042 11.418 14.223 14.234 13.439 10.757 10.621  9.227 10.644 11.534 12.848 12.850 15.848 16.276 19.784 21.345 24.124 27.002 28.506 31.739 33.981
  6.025  8.492  9.526 13.030 14.748 18.463 20.985 24.124 26.585 24.538 22.308 18.944 16.170 13.370 10.054  7.178  3.853  0.000  3.856  5.414  5.452  8.990 11.053 13.071 10.533 10.237 14.011 14.195 12.671 15.334 17.888 17.364 17.694 20.242 21.979 21.834 22.413 19.808 22.519 23.560 20.191 19.997 17.207 18.543 17.128 19.823 22.357 20.751 19.548 16.197 16.805 15.518 15.045 12.918  9.290  8.022  9.200 12.463 13.253 12.001 10.229 10.059  9.453 12.044 12.892 14.944 14.929 18.189 18.940 22.325 24.076 26.587 29.615 31.081 34.425 36.683
  7.903 10.161 10.246 13.697 15.193 18.714 21.280 24.046 26.872 25.206 23.363 20.008 17.710 15.253 12.293 10.122  6.698  3.856  0.000  3.810  5.605  8.317 10.227 13.022 11.499 11.067 14.695 15.645 14.702 16.874 19.561 19.704 20.026 22.095 23.767 23.031 23.330 20.316 22.515 23.568 20.100 19.223 16.224 16.981 15.175 17.516 20.117 18.320 17.507 14.186 14.905 14.325 13.529 10.674  6.858  5.147  5.414  8.903  9.886  8.477  7.524  8.071  8.951 12.075 12.092 14.427 14.126 17.486 18.668 21.860 23.987 26.245 29.494 31.128 34.539 36.867
 11.007 13.240 13.218 16.421 17.312 20.886 22.987 25.771 28.667 27.105 25.431 22.319 19.703 17.565 14.193 12.052  8.337  5.414  3.810  0.000  3.837  6.562  9.609 11.650 10.300 11.147 14.447 14.905 14.744 17.328 19.412 19.601 20.634 22.747 23.848 23.064 22.773 19.573 21.673 23.303 20.183 19.548 17.061 18.287 17.055 19.614 21.741 19.388 18.073 14.442 14.159 12.953 11.354  9.029  5.556  6.253  6.279  8.817 10.986 10.563 10.394 11.656 12.708 15.669 15.442 17.342 16.393 19.374 19.982 22.856 24.573 26.452 29.607 30.919 34.424 36.734
 10.949 12.317 11.890 14.625 14.964 18.579 20.315 23.268 26.012 24.383 22.752 19.887 17.010 15.278 11.729 10.176  6.578  5.452  5.605  3.837  0.000  3.847  6.928  8.392  6.539  7.641 10.876 11.098 11.070 13.757 15.652 15.898 17.131 19.195 20.114 19.401 19.116 16.052 18.429 20.070 17.056 16.931 14.769 16.667 16.118 19.200 20.965 18.623 16.709 13.020 12.595 10.696  9.851  8.404  5.497  6.494  8.453 10.299 11.792 12.146 11.059 12.623 13.143 15.356 14.971 16.136 14.777 17.381 17.394 20.224 21.567 23.501 26.508 27.692 31.179 33.471
 13.848 14.468 13.091 15.095 14.487 17.775 18.952 21.608 24.542 23.298 22.198 19.745 17.107 16.214 12.967 12.476  9.235  8.990  8.317  6.562  3.847  0.000  3.794  5.170  5.084  6.501  8.773  9.663 10.740 12.771 14.341 15.447 16.930 18.340 18.824 17.489 16.691 13.273 15.184 17.040 14.222 13.947 12.251 14.415 14.544 17.791 18.935 16.223 13.842 10.106  9.059  6.870  6.297  5.486  4.231  6.500  9.081  9.459 10.796 12.362 11.531 14.003 15.066 16.837 15.627 16.095 13.890 15.872 15.458 17.792 18.962 20.486 23.520 24.646 28.195 30.544
 14.675 14.367 12.115 13.275 11.905 14.819 15.679 18.109 21.155 20.176 19.465 17.311 15.079 14.917 12.267 12.869 10.264 11.053 10.227  9.609  6.928  3.794  0.000  3.913  5.423  5.010  6.405  8.682  9.883 10.779 12.621 14.496 15.548 16.270 16.855 14.975 14.336 10.834 12.465 13.839 10.770 10.206  8.507 10.922 11.628 15.112 15.853 13.261 10.556  6.997  6.547  4.880  6.463  5.842  5.804  6.857 10.236  9.933 10.024 12.244 10.940 13.803 14.951 16.001 14.152 13.852 11.067 12.513 11.890 14.055 15.362 16.925 20.093 21.479 25.011 27.445
 17.071 16.704 14.735 15.582 13.777 16.522 16.682 19.176 21.925 20.928 20.312 18.620 16.037 16.280 13.486 14.244 11.973 13.071 13.022 11.650  8.392  5.170  3.913  0.000  3.814  5.442  5.105  6.222  8.763  9.931 10.598 12.582 14.478 15.151 14.904 13.137 11.786  8.253 10.183 12.328 10.056 10.669 10.260 13.404 14.870 18.457 18.713 16.033 12.791  9.610  8.003  4.633  6.375  7.859  8.623 10.472 13.609 13.211 13.749 16.058 14.778 17.448 18.207 19.065 17.485 16.816 13.922 14.724 13.117 14.764 15.080 16.265 19.020 19.857 23.417 25.781
 14.497 14.302 13.014 14.280 13.144 16.349 16.971 19.957 22.408 20.900 19.636 17.599 14.497 14.115 10.875 11.157  9.072 10.533 11.499 10.300  6.539  5.084  5.423  3.814  0.000  3.865  5.311  4.769  6.222  8.694  9.655 10.531 12.463 14.024 14.187 13.365 12.754  9.912 12.741 14.550 12.069 13.137 12.167 15.277 16.211 19.865 20.701 18.404 15.487 12.190 11.291  8.241  9.198  9.880  9.156 10.427 13.597 14.253 14.881 16.363 14.595 16.582 16.654 17.565 16.718 16.401 14.188 15.554 14.157 16.466 16.818 18.594 21.195 22.023 25.472 27.738
 12.763 11.746  9.827 10.607  9.301 12.563 13.476 16.581 19.053 17.458 16.138 13.940 11.056 10.889  8.091  9.322  7.863 10.237 11.067 11.147  7.641  6.501  5.010  5.442  3.865  0.000  3.816  5.361  5.106  6.441  8.788 10.026 10.785 12.035 13.068 12.036 12.374  9.771 12.627 13.452 10.296 11.077  9.466 12.464 13.284 17.008 18.010 16.232 13.583 10.649 10.978  8.953 10.880 10.668  9.559  9.449 13.128 13.954 13.593 14.898 12.477 14.326 14.177 14.488 13.433 12.734 10.580 12.009 10.871 13.658 14.522 16.857 19.672 20.999 24.370 26.715
 16.392 14.964 12.691 12.495 10.091 12.539 12.338 15.174 17.520 16.260 15.539 14.185 11.600 12.621 10.547 12.527 11.562 14.011 14.695 14.447 10.876  8.773  6.405  5.105  5.311  3.816  0.000  3.812  5.370  5.040  6.320  8.820  9.971 10.221 10.463  8.775  8.672  6.020  9.027  9.864  7.126  8.850  8.540 12.182 14.057 17.838 18.065 16.254 13.071 10.722 10.629  8.366 11.168 11.975 12.001 12.387 16.093 16.210 15.677 17.609 15.338 17.502 17.486 17.332 15.883 14.385 11.641 11.863  9.597 11.588 11.637 13.684 16.289 17.439 20.835 23.233
 16.971 15.880 14.390 14.561 12.665 15.277 15.052 18.097 19.998 18.419 17.309 16.016 12.868 13.508 10.992 12.455 11.728 14.195 15.645 14.905 11.098  9.663  8.682  6.222  4.769  5.361  3.812  0.000  3.816  5.428  5.051  6.404  8.826  9.962  9.549  9.058  8.708  6.883 10.459 11.894 10.037 12.374 12.341 15.972 17.676 21.461 21.840 19.957 16.739 14.160 13.504 10.503 12.528 13.817 13.577 14.397 17.887 18.393 18.427 20.061 17.809 19.623 19.183 19.216 18.397 17.210 14.914 15.359 13.007 14.916 14.354 16.240 18.319 18.901 22.170 24.373
 14.322 12.864 11.744 11.875 10.583 13.454 13.834 17.270 18.893 16.830 15.070 13.369  9.856 10.048  7.548  9.302  9.512 12.671 14.702 14.744 11.070 10.740  9.883  8.763  6.222  5.106  5.370  3.816  0.000  3.864  5.351  5.138  6.321  8.468  9.410  9.808 10.881  9.741 13.379 13.981 11.583 13.694 12.883 16.190 17.361 21.076 21.959 20.588 17.807 15.297 15.479 12.989 14.965 15.414 14.295 14.207 17.748 18.925 18.594 19.583 16.809 17.972 16.885 16.576 16.304 15.227 13.663 14.541 12.668 15.275 15.177 17.752 19.886 20.802 23.890 26.025
 16.158 13.939 12.030 10.967  8.647 10.723 10.403 13.748 15.220 13.318 11.957 10.889  7.912  9.573  8.433 11.348 11.971 15.334 16.874 17.328 13.757 12.771 10.779  9.931  8.694  6.441  5.040  5.428  3.864  0.000  3.804  5.515  5.197  5.620  7.082  6.812  8.806  8.278 11.674 11.334  8.922 11.354 10.948 14.311 16.007 19.664 20.137 19.177 16.391 14.599 15.274 13.362 16.115 16.584 15.922 15.474 19.245 20.011 19.031 20.321 17.360 18.691 17.701 16.682 15.904 13.978 12.134 12.115  9.685 12.051 11.744 14.613 16.669 17.874 20.841 23.047
 19.349 17.398 15.726 14.750 12.305 13.953 12.861 15.829 16.949 15.290 14.337 13.993 11.182 13.001 11.751 14.277 14.749 17.888 19.561 19.412 15.652 14.341 12.621 10.598  9.655  8.788  6.320  5.051  5.351  3.804  0.000  3.842  5.534  5.404  4.548  4.879  6.228  6.794 10.389 10.549  9.390 12.625 13.226 16.879 19.043 22.733 22.795 21.566 18.404 16.664 16.614 14.172 16.860 18.117 17.954 18.173 21.880 22.381 21.766 23.364 20.659 22.194 21.297 20.432 19.662 17.693 15.605 15.156 12.160 13.637 12.260 14.488 15.923 16.458 19.340 21.425
 18.526 16.753 15.880 15.275 13.645 15.632 15.096 18.366 19.128 16.983 15.332 14.674 11.369 12.449 11.004 13.066 14.106 17.364 19.704 19.601 15.898 15.447 14.496 12.582 10.531 10.026  8.820  6.404  5.138  5.515  3.842  0.000  3.866  6.021  5.857  8.073  9.649 10.359 14.025 14.350 13.085 16.113 16.213 19.716 21.403 25.080 25.586 24.447 21.461 19.402 19.392 16.719 18.914 19.964 19.217 19.304 22.855 23.914 23.525 24.624 21.754 22.771 21.353 20.548 20.471 18.908 17.452 17.559 14.998 16.927 15.774 18.181 19.453 19.819 22.479 24.328
 17.610 15.197 14.250 13.003 11.510 13.081 12.723 16.096 16.470 14.003 11.962 11.388  8.242  9.766  9.409 12.197 14.038 17.694 20.026 20.634 17.131 16.930 15.548 14.478 12.463 10.785  9.971  8.826  6.321  5.197  5.534  3.866  0.000  3.787  6.054  8.385 11.212 12.127 15.581 15.016 13.339 16.092 15.798 18.933 20.399 23.881 24.560 23.985 21.376 19.687 20.406 18.301 20.803 21.305 20.249 19.616 23.240 24.501 23.574 24.376 21.139 21.771 20.000 18.590 18.673 16.834 15.897 15.902 13.631 15.856 15.072 18.039 19.362 20.192 22.645 24.495
 20.120 17.383 15.745 13.765 11.394 11.994 10.621 13.570 13.642 11.529 10.289 10.786  8.624 11.374 11.733 15.010 16.606 20.242 22.095 22.747 19.195 18.340 16.270 15.151 14.024 12.035 10.221  9.962  8.468  5.620  5.404  6.021  3.787  0.000  3.840  5.682  9.258 10.906 13.862 12.582 11.396 14.393 14.727 17.843 19.844 23.221 23.383 23.025 20.355 19.264 20.113 18.361 21.346 22.044 21.500 20.870 24.643 25.433 24.157 25.358 22.164 23.131 21.675 19.923 19.431 16.959 15.621 14.737 11.930 13.468 12.161 15.087 16.103 17.022 19.286 21.173
 22.732 20.344 18.673 16.989 14.343 14.992 13.110 15.635 15.801 14.211 13.609 14.382 12.242 14.823 14.570 17.500 18.597 21.979 23.767 23.848 20.114 18.824 16.855 14.904 14.187 13.068 10.463  9.549  9.410  7.082  4.548  5.857  6.054  3.840  0.000  3.853  6.656  9.247 12.069 11.282 11.165 14.705 15.841 19.297 21.745 25.239 24.999 24.228 21.163 20.035 20.222 18.076 21.018 22.365 22.327 22.325 26.094 26.542 25.609 27.209 24.313 25.666 24.512 23.096 22.387 19.947 18.092 16.959 13.665 14.464 12.298 14.438 14.950 15.180 17.426 19.216
 22.916 20.528 18.266 16.453 13.236 13.624 11.308 13.431 14.183 13.209 13.350 14.176 12.498 15.371 15.059 18.130 18.666 21.834 23.031 23.064 19.401 17.489 14.975 13.137 13.365 12.036  8.775  9.058  9.808  6.812  4.879  8.073  8.385  5.682  3.853  0.000  3.919  6.410  8.714  7.499  7.606 11.256 12.913 16.392 19.229 22.669 22.024 21.140 17.960 17.170 17.337 15.552 18.822 20.252 20.702 20.809 24.600 24.559 23.461 25.468 22.809 24.604 23.969 22.635 21.319 18.655 16.236 14.643 11.028 11.247  8.829 10.758 11.594 12.145 14.836 17.040
 24.435 22.491 20.179 18.841 15.587 16.308 14.046 15.862 17.076 16.506 16.912 17.483 15.642 18.147 17.189 19.827 19.691 22.413 23.330 22.773 19.116 16.691 14.336 11.786 12.754 12.374  8.672  8.708 10.881  8.806  6.228  9.649 11.212  9.258  6.656  3.919  0.000  3.872  5.721  5.972  7.248 10.954 13.248 16.903 19.987 23.475 22.520 21.051 17.527 16.582 15.928 13.799 16.911 18.972 20.021 20.812 24.454 23.985 23.313 25.726 23.522 25.747 25.553 24.702 23.138 20.707 17.823 16.297 12.632 12.328  9.650 10.377 11.153 11.110 14.174 16.506
 22.378 20.785 18.338 17.481 14.346 15.606 13.921 15.881 17.837 17.302 17.570 17.445 15.443 17.455 15.979 18.266 17.488 19.808 20.316 19.573 16.052 13.273 10.834  8.253  9.912  9.771  6.020  6.883  9.741  8.278  6.794 10.359 12.127 10.906  9.247  6.410  3.872  0.000  3.850  5.580  5.504  8.664 10.710 14.453 17.400 20.952 20.117 18.205 14.559 13.205 12.230  9.959 13.110 15.184 16.445 17.491 21.025 20.344 19.867 22.445 20.546 23.059 23.265 22.847 21.059 18.965 15.796 14.686 11.362 11.426  9.681 10.397 12.201 12.652 16.081 18.548
 25.223 23.631 20.868 19.847 16.456 17.197 15.107 16.278 18.382 18.524 19.444 19.648 18.178 20.429 19.163 21.501 20.472 22.519 22.515 21.673 18.429 15.184 12.465 10.183 12.741 12.627  9.027 10.459 13.379 11.674 10.389 14.025 15.581 13.862 12.069  8.714  5.721  3.850  0.000  3.829  5.571  7.997 11.022 14.371 17.735 20.980 19.503 17.450 13.728 13.092 11.819 10.248 13.502 15.837 17.812 19.055 22.393 21.094 20.516 23.527 22.013 24.869 25.520 25.117 22.883 20.613 17.116 15.476 12.149 11.097  9.030  8.380 10.023 10.307 13.869 16.458
 25.420 23.346 20.332 18.671 14.985 14.962 12.343 13.062 14.975 15.405 16.800 17.503 16.653 19.426 18.858 21.694 21.140 23.560 23.568 23.303 20.070 17.040 13.839 12.328 14.550 13.452  9.864 11.894 13.981 11.334 10.549 14.350 15.016 12.582 11.282  7.499  5.972  5.580  3.829  0.000  3.881  6.632  9.992 13.084 16.700 19.774 18.087 16.703 13.269 13.418 13.156 12.377 15.980 17.718 19.383 19.960 23.466 22.274 21.063 23.945 22.102 24.778 25.259 24.317 21.952 19.208 15.813 13.501  9.908  8.172  5.466  4.989  6.937  8.152 11.673 14.449
 21.799 19.712 16.588 15.031 11.414 11.785  9.796 11.124 13.618 13.663 14.591 14.636 13.690 16.186 15.566 18.379 17.763 20.191 20.100 20.183 17.056 14.222 10.770 10.056 12.069 10.296  7.126 10.037 11.583  8.922  9.390 13.085 13.339 11.396 11.165  7.606  7.248  5.504  5.571  3.881  0.000  3.805  6.429  9.857 13.244 16.543 15.359 14.017 10.649 10.425 10.851 10.308 14.058 15.125 16.338 16.484 20.077 19.146 17.710 20.373 18.346 20.942 21.418 20.511 18.115 15.480 12.049 10.070  6.617  6.043  5.122  6.651  9.605 11.439 14.842 17.515
 21.525 19.566 16.128 14.698 11.252 11.465 10.040 10.780 13.907 14.364 15.519 15.187 14.757 16.930 16.383 18.988 17.987 19.997 19.223 19.548 16.931 13.947 10.206 10.669 13.137 11.077  8.850 12.374 13.694 11.354 12.625 16.113 16.092 14.393 14.705 11.256 10.954  8.664  7.997  6.632  3.805  0.000  3.779  6.564 10.203 13.260 11.789 10.324  7.015  7.554  8.724  9.533 13.254 13.684 15.105 14.977 18.311 16.960 15.127 18.018 16.337 19.222 20.253 19.495 16.591 14.049 10.321  8.238  5.796  5.002  6.234  7.350 10.919 13.244 16.542 19.221
 18.322 16.410 12.862 11.685  8.664  9.449  9.316 10.602 14.015 14.007 14.569 13.412 12.987 14.572 14.006 16.404 15.315 17.207 16.224 17.061 14.769 12.251  8.507 10.260 12.167  9.466  8.540 12.341 12.883 10.948 13.226 16.213 15.798 14.727 15.841 12.913 13.248 10.710 11.022  9.992  6.429  3.779  0.000  3.840  6.874 10.331  9.772  8.468  5.731  5.598  8.120  9.374 12.738 12.151 12.833 11.976 15.326 14.343 12.109 14.656 12.732 15.528 16.631 15.949 12.931 10.633  6.822  5.604  4.722  6.183  8.788 10.742 14.305 16.733 19.953 22.536
 19.080 17.191 13.506 12.289  9.848  9.981 10.430 10.874 14.464 14.853 15.669 14.387 14.740 16.077 15.937 18.156 17.020 18.543 16.981 18.287 16.667 14.415 10.922 13.404 15.277 12.464 12.182 15.972 16.190 14.311 16.879 19.716 18.933 17.843 19.297 16.392 16.903 14.453 14.371 13.084  9.857  6.564  3.840  0.000  3.875  6.758  6.004  5.394  4.350  5.906  9.407 11.787 14.687 13.356 13.924 12.457 15.246 14.011 11.038 13.477 11.880 14.671 16.262 15.502 11.989  9.789  6.273  5.056  6.445  7.487 10.942 12.663 16.227 18.985 21.951 24.457
 17.118 15.488 11.958 11.309 10.044 10.624 12.265 12.955 16.427 16.445 16.707 14.742 15.178 15.703 15.578 17.287 16.036 17.128 15.175 17.055 16.118 14.544 11.628 14.870 16.211 13.284 14.057 17.676 17.361 16.007 19.043 21.403 20.399 19.844 21.745 19.229 19.987 17.400 17.735 16.700 13.244 10.203  6.874  3.875  0.000  3.845  5.413  5.472  6.443  7.075 10.893 13.419 15.641 13.406 13.189 10.893 13.156 12.321  8.805 10.523  8.936 11.521 13.483 12.969  9.254  7.907  5.345  6.177  9.027 10.883 14.484 16.456 19.958 22.719 25.646 28.103
 19.359 17.851 14.528 13.860 13.051 13.033 14.746 14.746 18.063 18.395 18.911 17.083 18.072 18.504 18.716 20.265 19.063 19.823 17.516 19.614 19.200 17.791 15.112 18.457 19.865 17.008 17.838 21.461 21.076 19.664 22.733 25.080 23.881 23.221 25.239 22.669 23.475 20.952 20.980 19.774 16.543 13.260 10.331  6.758  3.845  0.000  3.837  5.680  8.468  9.927 13.613 16.583 18.511 16.017 15.851 13.406 14.871 13.823 10.063 11.311 10.467 12.627 14.932 14.380 10.626  9.722  8.305  8.843 12.051 13.375 17.141 18.861 22.250 25.173 27.888 30.293
 22.386 20.710 17.178 16.082 14.423 13.856 14.603 13.920 17.287 18.246 19.442 18.260 19.389 20.470 20.710 22.626 21.397 22.357 20.117 21.741 20.965 18.935 15.853 18.713 20.701 18.010 18.065 21.840 21.959 20.137 22.795 25.586 24.560 23.383 24.999 22.024 22.520 20.117 19.503 18.087 15.359 11.789  9.772  6.004  5.413  3.837  0.000  3.865  6.866  9.651 13.050 16.304 18.580 16.688 17.335 15.545 17.253 15.559 12.088 14.191 13.574 16.105 18.351 17.657 13.876 12.274 10.056  9.180 11.602 11.820 15.424 16.539 19.834 22.794 25.373 27.756
 21.784 20.541 17.089 16.563 14.764 14.989 15.587 15.462 19.016 19.741 20.745 19.379 19.803 20.703 20.255 21.875 20.115 20.751 18.320 19.388 18.623 16.223 13.261 16.033 18.404 16.232 16.254 19.957 20.588 19.177 21.566 24.447 23.985 23.025 24.228 21.140 21.051 18.205 17.450 16.703 14.017 10.324  8.468  5.394  5.472  5.680  3.865  0.000  3.852  6.547  9.590 13.092 15.129 13.366 14.524 13.385 15.050 12.814  9.795 12.705 12.592 15.739 18.301 18.253 14.547 13.336 10.478 10.044 11.722 11.962 15.173 15.901 19.370 21.991 24.857 27.277
 21.211 19.925 16.453 15.897 13.553 14.115 14.194 14.480 18.054 18.635 19.606 18.408 18.320 19.477 18.686 20.461 18.643 19.548 17.507 18.073 16.709 13.842 10.556 12.791 15.487 13.583 13.071 16.739 17.807 16.391 18.404 21.461 21.376 20.355 21.163 17.960 17.527 14.559 13.728 13.269 10.649  7.015  5.731  4.350  6.443  8.468  6.866  3.852  0.000  3.800  6.522  9.797 12.348 11.317 12.948 12.485 14.794 12.565 10.204 13.538 13.032 16.408 18.620 18.601 15.106 13.576 10.068  9.307  9.790  9.869 12.559 13.137 16.716 19.099 22.207 24.723
 18.531 17.662 14.485 14.644 12.670 14.217 14.749 15.896 19.431 19.427 19.754 18.071 17.245 17.867 16.428 17.751 15.544 16.197 14.186 14.442 13.020 10.106  6.997  9.610 12.190 10.649 10.722 14.160 15.297 14.599 16.664 19.402 19.687 19.264 20.035 17.170 16.582 13.205 13.092 13.418 10.425  7.554  5.598  5.906  7.075  9.927  9.651  6.547  3.800  0.000  3.834  6.781  9.096  7.776  9.275  9.184 11.745  9.729  8.004 11.428 10.883 14.430 16.595 17.116 13.995 13.058  9.605  9.971 10.243 11.311 13.642 14.589 18.151 20.187 23.543 26.073
 20.193 19.738 16.898 17.389 15.339 17.150 17.294 18.574 21.985 21.955 22.273 20.728 19.414 20.002 18.033 19.049 16.477 16.805 14.905 14.159 12.595  9.059  6.547  8.003 11.291 10.978 10.629 13.504 15.479 15.274 16.614 19.392 20.406 20.113 20.222 17.337 15.928 12.230 11.819 13.156 10.851  8.724  8.120  9.407 10.893 13.613 13.050  9.590  6.522  3.834  0.000  3.866  5.930  5.924  8.757 10.194 12.467 10.045  9.744 13.352 13.317 16.919 19.061 19.977 17.177 16.432 12.976 13.262 12.727 13.370 14.837 15.142 18.472 19.956 23.434 25.908
 19.508 19.205 16.756 17.461 15.422 17.673 17.678 19.483 22.630 22.227 22.199 20.654 18.720 19.203 16.778 17.620 15.031 15.518 14.325 12.953 10.696  6.870  4.880  4.633  8.241  8.953  8.366 10.503 12.989 13.362 14.172 16.719 18.301 18.361 18.076 15.552 13.799  9.959 10.248 12.377 10.308  9.533  9.374 11.787 13.419 16.583 16.304 13.092  9.797  6.781  3.866  0.000  3.821  5.654  8.254 10.465 13.081 11.399 11.875 15.007 14.563 17.868 19.479 20.485 18.206 17.507 14.174 14.627 13.403 14.329 15.061 15.512 18.535 19.551 23.143 25.576
 19.836 20.254 18.275 19.646 18.166 20.754 21.127 23.041 26.229 25.706 25.434 23.570 21.404 21.325 18.480 18.563 15.460 15.045 13.529 11.354  9.851  6.297  6.463  6.375  9.198 10.880 11.168 12.528 14.965 16.115 16.860 18.914 20.803 21.346 21.018 18.822 16.911 13.110 13.502 15.980 14.058 13.254 12.738 14.687 15.641 18.511 18.580 15.129 12.348  9.096  5.930  3.821  0.000  3.831  6.965 10.239 11.931 10.109 11.786 14.708 15.000 18.254 20.120 21.766 19.754 19.711 16.700 17.716 16.893 18.028 18.851 19.211 22.165 22.968 26.543 28.852
 17.426 18.062 16.109 17.841 16.905 19.634 20.625 22.562 25.898 25.279 24.805 22.542 20.581 20.066 17.309 17.101 13.787 12.918 10.674  9.029  8.404  5.486  5.842  7.859  9.880 10.668 11.975 13.817 15.414 16.584 18.117 19.964 21.305 22.044 22.365 20.252 18.972 15.184 15.837 17.718 15.125 13.684 12.151 13.356 13.406 16.017 16.688 13.366 11.317  7.776  5.924  5.654  3.831  0.000  3.830  6.929  8.256  6.327  8.168 10.941 11.567 14.879 17.100 19.045 16.997 17.458 14.800 16.426 16.430 18.060 19.609 20.434 23.678 24.935 28.486 30.865
 13.854 14.883 13.398 15.728 15.559 18.694 20.296 22.604 25.821 24.799 23.821 21.123 18.979 17.817 14.881 14.107 10.601  9.290  6.858  5.556  5.497  4.231  5.804  8.623  9.156  9.559 12.001 13.577 14.295 15.922 17.954 19.217 20.249 21.500 22.327 20.702 20.021 16.445 17.812 19.383 16.338 15.105 12.833 13.924 13.189 15.851 17.335 14.524 12.948  9.275  8.757  8.254  6.965  3.830  0.000  3.822  5.324  5.313  7.258  8.802  9.019 11.867 13.846 16.151 14.621 15.698 13.715 16.097 16.560 18.893 20.715 22.154 25.450 26.871 30.404 32.788
 11.192 11.979 10.331 12.831 13.239 16.368 18.523 20.846 24.029 22.881 21.707 18.727 16.914 15.462 12.940 12.240  9.042  8.022  5.147  6.253  6.494  6.500  6.857 10.472 10.427  9.449 12.387 14.397 14.207 15.474 18.173 19.304 19.616 20.870 22.325 20.809 20.812 17.491 19.055 19.960 16.484 14.977 11.976 12.457 10.893 13.406 15.545 13.385 12.485  9.184 10.194 10.465 10.239  6.929  3.822  0.000  3.850  5.390  5.537  6.011  5.309  8.131 10.241 12.539 10.973 12.454 11.048 13.985 15.180 17.957 20.292 22.219 25.623 27.427 30.856 33.276
 12.450 14.060 13.007 15.844 16.697 19.720 22.063 24.217 27.456 26.371 25.179 22.063 20.377 18.583 16.071 14.756 11.418  9.200  5.414  6.279  8.453  9.081 10.236 13.609 13.597 13.128 16.093 17.887 17.748 19.245 21.880 22.855 23.240 24.643 26.094 24.600 24.454 21.025 22.393 23.466 20.077 18.311 15.326 15.246 13.156 14.871 17.253 15.050 14.794 11.745 12.467 13.081 11.931  8.256  5.324  3.850  0.000  3.846  5.480  4.637  6.150  8.400 11.154 14.170 12.886 15.046 14.097 17.165 18.709 21.366 23.845 25.598 29.053 30.849 34.274 36.662
 15.884 17.012 15.316 17.568 17.681 20.337 22.222 23.974 27.415 26.748 26.065 23.293 21.849 20.658 18.288 17.552 14.223 12.463  8.903  8.817 10.299  9.459  9.933 13.211 14.253 13.954 16.210 18.393 18.925 20.011 22.381 23.914 24.501 25.433 26.542 24.559 23.985 20.344 21.094 22.274 19.146 16.960 14.343 14.011 12.321 13.823 15.559 12.814 12.565  9.729 10.045 11.399 10.109  6.327  5.313  5.390  3.846  0.000  3.826  5.560  7.901 11.024 14.135 16.689 14.664 16.196 14.506 16.981 18.353 20.444 22.899 24.154 27.650 29.416 32.841 35.237
 15.380 15.788 13.531 15.269 15.303 17.559 19.575 21.059 24.526 24.009 23.504 20.799 19.878 18.958 17.194 17.051 14.234 13.253  9.886 10.986 11.792 10.796 10.024 13.749 14.881 13.593 15.677 18.427 18.594 19.031 21.766 23.525 23.574 24.157 25.609 23.461 23.313 19.867 20.516 21.063 17.710 15.127 12.109 11.038  8.805 10.063 12.088  9.795 10.204  8.004  9.744 11.875 11.786  8.168  7.258  5.537  5.480  3.826  0.000  3.879  5.664  9.212 12.529 14.486 11.890 13.168 11.521 13.957 15.853 17.975 20.846 22.319 25.901 28.011 31.319 33.754
 13.267 14.145 12.524 14.829 15.825 18.265 20.863 22.558 25.844 25.014 24.057 20.969 20.061 18.483 16.811 16.100 13.439 12.001  8.477 10.563 12.146 12.362 12.244 16.058 16.363 14.898 17.609 20.061 19.583 20.321 23.364 24.624 24.376 25.358 27.209 25.468 25.726 22.445 23.527 23.945 20.373 18.018 14.656 13.477 10.523 11.311 14.191 12.705 13.538 11.428 13.352 15.007 14.708 10.941  8.802  6.011  4.637  5.560  3.879  0.000  3.815  6.329  9.943 12.476 10.522 12.812 12.281 15.375 17.731 20.325 23.354 25.235 28.786 30.985 34.256 36.673
 10.466 10.693  8.788 11.072 12.334 14.926 17.773 19.755 22.858 21.753 20.540 17.327 16.400 14.748 13.310 12.922 10.757 10.229  7.524 10.394 11.059 11.531 10.940 14.778 14.595 12.477 15.338 17.809 16.809 17.360 20.659 21.754 21.139 22.164 24.313 22.809 23.522 20.546 22.013 22.102 18.346 16.337 12.732 11.880  8.936 10.467 13.574 12.592 13.032 10.883 13.317 14.563 15.000 11.567  9.019  5.309  6.150  7.901  5.664  3.815  0.000  3.799  6.919  9.017  7.025  9.375  9.223 12.672 15.087 18.091 21.113 23.427 26.905 29.185 32.394 34.812
  8.423  8.916  8.034 10.745 13.075 15.656 18.984 21.132 23.881 22.422 20.770 17.263 16.424 14.114 13.021 12.138 10.621 10.059  8.071 11.656 12.623 14.003 13.803 17.448 16.582 14.326 17.502 19.623 17.972 18.691 22.194 22.771 21.771 23.131 25.666 24.604 25.747 23.059 24.869 24.778 20.942 19.222 15.528 14.671 11.521 12.627 16.105 15.739 16.408 14.430 16.919 17.868 18.254 14.879 11.867  8.131  8.400 11.024  9.212  6.329  3.799  0.000  3.804  6.626  6.028  9.455 10.714 14.420 17.072 20.368 23.417 26.065 29.447 31.766 34.877 37.241
  5.688  5.732  5.975  8.991 12.137 14.847 18.398 20.894 23.228 21.339 19.168 15.466 14.449 11.568 10.785  9.700  9.227  9.453  8.951 12.708 13.143 15.066 14.951 18.207 16.654 14.177 17.486 19.183 16.885 17.701 21.297 21.353 20.000 21.675 24.512 23.969 25.553 23.265 25.520 25.259 21.418 20.253 16.631 16.262 13.483 14.932 18.351 18.301 18.620 16.595 19.061 19.479 20.120 17.100 13.846 10.241 11.154 14.135 12.529  9.943  6.919  3.804  0.000  3.860  5.545  9.026 11.141 14.859 17.292 20.888 23.713 26.718 29.921 32.199 35.215 37.516
  7.559  5.474  4.863  6.454  9.996 12.146 15.879 18.295 20.300 18.305 16.034 12.345 11.955  9.351  9.847  9.950 10.644 12.044 12.075 15.669 15.356 16.837 16.001 19.065 17.565 14.488 17.332 19.216 16.576 16.682 20.432 20.548 18.590 19.923 23.096 22.635 24.702 22.847 25.117 24.317 20.511 19.495 15.949 15.502 12.969 14.380 17.657 18.253 18.601 17.116 19.977 20.485 21.766 19.045 16.151 12.539 14.170 16.689 14.486 12.476  9.017  6.626  3.860  0.000  3.807  6.594  9.649 13.034 15.603 19.237 22.095 25.360 28.413 30.851 33.661 35.907
  9.932  7.920  5.395  6.012  8.437 10.294 13.895 15.953 18.401 16.870 15.265 11.858 11.898 10.336 10.748 11.587 11.534 12.892 12.092 15.442 14.971 15.627 14.152 17.485 16.718 13.433 15.883 18.397 16.304 15.904 19.662 20.471 18.673 19.431 22.387 21.319 23.138 21.059 22.883 21.952 18.115 16.591 12.931 11.989  9.254 10.626 13.876 14.547 15.106 13.995 17.177 18.206 19.754 16.997 14.621 10.973 12.886 14.664 11.890 10.522  7.025  6.028  5.545  3.807  0.000  3.792  6.504  9.983 12.967 16.396 19.564 22.625 25.833 28.418 31.263 33.587
 12.430  9.656  6.311  4.574  5.638  6.690 10.262 12.193 14.647 13.279 12.023  8.959  9.663  9.337 10.486 12.494 12.848 14.944 14.427 17.342 16.136 16.095 13.852 16.816 16.401 12.734 14.385 17.210 15.227 13.978 17.693 18.908 16.834 16.959 19.947 18.655 20.707 18.965 20.613 19.208 15.480 14.049 10.633  9.789  7.907  9.722 12.274 13.336 13.576 13.058 16.432 17.507 19.711 17.458 15.698 12.454 15.046 16.196 13.168 12.812  9.375  9.455  9.026  6.594  3.792  0.000  3.838  6.661  9.717 13.088 16.277 19.473 22.556 25.260 27.965 30.289
 13.926 11.491  7.744  6.204  4.879  6.143  8.747 10.646 13.682 12.794 12.217  9.747  9.976 10.509 10.884 13.167 12.850 14.929 14.126 16.393 14.777 13.890 11.067 13.922 14.188 10.580 11.641 14.914 13.663 12.134 15.605 17.452 15.897 15.621 18.092 16.236 17.823 15.796 17.116 15.813 12.049 10.321  6.822  6.273  5.345  8.305 10.056 10.478 10.068  9.605 12.976 14.174 16.700 14.800 13.715 11.048 14.097 14.506 11.521 12.281  9.223 10.714 11.141  9.649  6.504  3.838  0.000  3.799  6.681  9.990 13.246 16.191 19.456 22.128 25.019 27.448
 17.415 14.722 11.012  8.624  5.824  4.994  6.109  7.279 10.621 10.391 10.812  9.483 10.444 12.227 13.074 15.932 15.848 18.189 17.486 19.374 17.381 15.872 12.513 14.724 15.554 12.009 11.863 15.359 14.541 12.115 15.156 17.559 15.902 14.737 16.959 14.643 16.297 14.686 15.476 13.501 10.070  8.238  5.604  5.056  6.177  8.843  9.180 10.044  9.307  9.971 13.262 14.627 17.716 16.426 16.097 13.985 17.165 16.981 13.957 15.375 12.672 14.420 14.859 13.034  9.983  6.661  3.799  0.000  3.842  6.586 10.103 13.051 16.222 19.116 21.827 24.268
 18.846 16.138 12.601 10.166  6.461  5.738  4.666  6.317  9.520  9.337 10.117  9.635  9.974 12.529 13.095 16.282 16.276 18.940 18.668 19.982 17.394 15.458 11.890 13.117 14.157 10.871  9.597 13.007 12.668  9.685 12.160 14.998 13.631 11.930 13.665 11.028 12.632 11.362 12.149  9.908  6.617  5.796  4.722  6.445  9.027 12.051 11.602 11.722  9.790 10.243 12.727 13.403 16.893 16.430 16.560 15.180 18.709 18.353 15.853 17.731 15.087 17.072 17.292 15.603 12.967  9.717  6.681  3.842  0.000  3.824  6.625  9.860 12.956 15.693 18.515 21.039
 22.583 19.935 16.387 13.915 10.209  8.790  6.379  6.097  9.147 10.101 12.001 12.520 13.218 16.123 16.720 19.932 19.784 22.325 21.860 22.856 20.224 17.792 14.055 14.764 16.466 13.658 11.588 14.916 15.275 12.051 13.637 16.927 15.856 13.468 14.464 11.247 12.328 11.426 11.097  8.172  6.043  5.002  6.183  7.487 10.883 13.375 11.820 11.962  9.869 11.311 13.370 14.329 18.028 18.060 18.893 17.957 21.366 20.444 17.975 20.325 18.091 20.368 20.888 19.237 16.396 13.088  9.990  6.586  3.824  0.000  3.865  6.571  9.707 12.777 15.440 18.057
 24.711 22.069 18.756 16.301 12.466 11.223  8.069  7.935  9.867 10.782 12.865 14.068 14.348 17.590 18.037 21.352 21.345 24.076 23.987 24.573 21.567 18.962 15.362 15.080 16.818 14.522 11.637 14.354 15.177 11.744 12.260 15.774 15.072 12.161 12.298  8.829  9.650  9.681  9.030  5.466  5.122  6.234  8.788 10.942 14.484 17.141 15.424 15.173 12.559 13.642 14.837 15.061 18.851 19.609 20.715 20.292 23.845 22.899 20.846 23.354 21.113 23.417 23.713 22.095 19.564 16.277 13.246 10.103  6.625  3.865  0.000  3.824  6.459  9.342 12.051 14.774
 27.768 25.357 22.011 19.792 15.975 14.849 11.765 11.099 12.818 14.185 16.556 17.849 18.053 21.198 21.351 24.484 24.124 26.587 26.245 26.452 23.501 20.486 16.925 16.265 18.594 16.857 13.684 16.240 17.752 14.613 14.488 18.181 18.039 15.087 14.438 10.758 10.377 10.397  8.380  4.989  6.651  7.350 10.742 12.663 16.456 18.861 16.539 15.901 13.137 14.589 15.142 15.512 19.211 20.434 22.154 22.219 25.598 24.154 22.319 25.235 23.427 26.065 26.718 25.360 22.625 19.473 16.191 13.051  9.860  6.571  3.824  0.000  3.876  6.769  9.618 12.495
 30.746 28.218 24.994 22.604 18.776 17.395 13.966 13.008 13.873 15.504 18.053 19.899 20.183 23.557 23.884 27.129 27.002 29.615 29.494 29.607 26.508 23.520 20.093 19.020 21.195 19.672 16.289 18.319 19.886 16.669 15.923 19.453 19.362 16.103 14.950 11.594 11.153 12.201 10.023  6.937  9.605 10.919 14.305 16.227 19.958 22.250 19.834 19.370 16.716 18.151 18.472 18.535 22.165 23.678 25.450 25.623 29.053 27.650 25.901 28.786 26.905 29.447 29.921 28.413 25.833 22.556 19.456 16.222 12.956  9.707  6.459  3.876  0.000  3.799  6.104  9.274
 32.574 30.204 27.168 24.958 21.176 20.097 16.726 16.097 16.666 18.015 20.397 22.269 22.187 25.497 25.570 28.683 28.506 31.081 31.128 30.919 27.692 24.646 21.479 19.857 22.023 20.999 17.439 18.901 20.802 17.874 16.458 19.819 20.192 17.022 15.180 12.145 11.110 12.652 10.307  8.152 11.439 13.244 16.733 18.985 22.719 25.173 22.794 21.991 19.099 20.187 19.956 19.551 22.968 24.935 26.871 27.427 30.849 29.416 28.011 30.985 29.185 31.766 32.199 30.851 28.418 25.260 22.128 19.116 15.693 12.777  9.342  6.769  3.799  0.000  3.862  6.976
 35.679 33.151 30.125 27.696 23.943 22.506 18.976 17.983 17.998 19.530 22.141 24.428 24.649 28.118 28.474 31.709 31.739 34.425 34.539 34.424 31.179 28.195 25.011 23.417 25.472 24.370 20.835 22.170 23.890 20.841 19.340 22.479 22.645 19.286 17.426 14.836 14.174 16.081 13.869 11.673 14.842 16.542 19.953 21.951 25.646 27.888 25.373 24.857 22.207 23.543 23.434 23.143 26.543 28.486 30.404 30.856 34.274 32.841 31.319 34.256 32.394 34.877 35.215 33.661 31.263 27.965 25.019 21.827 18.515 15.440 12.051  9.618  6.104  3.862  0.000  3.816
