  0.000  3.830  6.682 10.279 13.202 16.644 19.720 23.031 24.670 22.537 19.810 16.190 13.876 10.385  8.311  5.521  5.453  5.834  7.597 10.755 10.699 13.703 14.517 16.816 14.170 12.430 16.050 16.620 13.894 15.736 18.920 18.036 17.144 19.862 22.309 22.436 23.567 21.500 24.644 25.062 21.668 21.168 17.972 18.736 16.997 19.242 22.314 21.822 21.276 18.539 20.086 19.221 19.372 17.239 13.634 10.930 11.907 15.506 15.204 13.321 10.551  8.482  5.726  7.688 10.053 12.590 13.862 17.391 18.725 22.430 24.436 27.347 30.231 31.874 34.049 35.528
  3.830  0.000  3.828  6.851 10.087 13.307 16.474 19.789 21.206 18.952 16.157 12.498 10.411  6.887  5.783  4.687  6.305  8.427 10.000 13.169 12.254 14.552 14.392 16.668 14.264 11.668 14.839 15.771 12.679 13.711 17.201 16.471 14.894 17.279 20.121 20.257 21.888 20.177 23.330 23.215 19.764 19.389 16.210 16.938 15.425 17.773 20.670 20.608 20.094 17.823 19.848 19.132 20.022 18.075 14.847 11.828 13.645 16.849 15.764 14.264 10.824  8.953  5.654  5.475  8.012  9.823 11.454 14.740 16.118 19.898 21.961 25.134 27.912 29.617 31.818 33.293
  6.682  3.828  0.000  3.818  6.730 10.045 13.270 16.477 18.245 16.281 13.890 10.248  8.538  6.033  5.391  6.341  7.007  9.472 10.139 13.166 11.778 13.131 12.091 14.657 12.970  9.749 12.542 14.281 11.584 11.805 15.537 15.624 13.945 15.648 18.460 17.994 19.606 17.739 20.605 20.232 16.629 15.943 12.641 13.211 11.846 14.403 17.084 17.082 16.567 14.599 16.982 16.631 18.040 16.103 13.358 10.169 12.673 15.269 13.563 12.694  8.947  8.132  5.942  4.838  5.459  6.442  7.662 10.979 12.530 16.308 18.611 21.775 24.662 26.474 28.669 30.163
 10.279  6.851  3.818  0.000  3.819  6.520  9.928 13.086 14.632 12.590 10.274  6.618  5.773  4.707  6.198  8.803 10.128 13.024 13.650 16.444 14.607 15.255 13.354 15.641 14.435 10.744 12.526 14.637 11.939 10.946 14.768 15.210 12.860 13.800 16.950 16.365 18.513 17.131 19.815 18.767 15.215 14.670 11.609 12.063 11.225 13.761 15.975 16.518 16.048 14.839 17.611 17.471 19.564 17.943 15.780 12.728 15.598 17.663 15.400 15.018 11.225 10.832  8.945  6.370  6.040  4.684  6.129  8.586 10.168 13.918 16.295 19.728 22.445 24.319 26.512 27.989
 13.202 10.087  6.730  3.819  0.000  3.821  6.609  9.953 11.867 10.266  8.530  5.708  5.069  6.370  7.512 10.785 11.621 14.686 15.159 17.347 14.943 14.680 12.018 13.892 13.375  9.534 10.215 12.818 10.738  8.738 12.410 13.657 11.421 11.483 14.372 13.237 15.399 14.150 16.569 15.193 11.683 11.303  8.667  9.649  9.970 12.971 14.363 14.715 13.733 12.934 15.674 15.523 18.191 17.089 15.662 13.157 16.534 17.904 15.503 16.040 12.495 13.165 12.056  9.868  8.402  5.646  4.754  5.774  6.505 10.238 12.505 15.974 18.683 20.602 22.851 24.403
 16.644 13.307 10.045  6.520  3.821  0.000  3.833  6.686  8.494  7.067  6.219  4.562  6.325  8.836 10.903 14.345 15.412 18.450 18.727 20.947 18.569 17.956 14.919 16.627 16.603 12.823 12.690 15.457 13.669 10.903 14.138 15.717 13.088 12.138 15.103 13.727 16.283 15.559 17.443 15.302 12.095 11.634  9.586  9.891 10.619 13.028 13.790 14.878 14.257 14.457 17.483 17.763 20.803 19.809 18.804 16.321 19.622 20.634 17.826 18.513 15.116 15.816 14.866 12.129 10.347  6.744  6.124  4.942  5.832  8.872 11.363 14.990 17.432 19.416 21.556 23.022
 19.720 16.474 13.270  9.928  6.609  3.833  0.000  3.836  5.791  5.398  5.819  6.416  7.950 11.293 13.111 16.754 17.741 20.914 21.311 23.078 20.322 19.192 15.843 16.856 17.273 13.775 12.564 15.252 14.047 10.615 13.081 15.168 12.686 10.704 13.226 11.501 14.224 14.116 15.580 12.880 10.254 10.437  9.656 10.557 12.413 14.906 14.752 15.630 14.492 15.151 17.828 17.936 21.344 20.947 20.501 18.547 22.072 22.678 19.972 21.208 18.028 19.156 18.375 15.812 13.939 10.316  8.803  6.202  4.945  6.647  8.427 12.123 14.235 16.197 18.382 19.927
 23.031 19.789 16.477 13.086  9.953  6.686  3.836  0.000  3.853  5.614  7.785  9.293 11.475 14.797 16.743 20.340 21.198 24.222 24.312 26.052 23.395 21.949 18.402 19.403 20.297 16.937 15.397 18.237 17.430 13.882 15.892 18.267 15.896 13.413 15.504 13.442 15.981 16.084 16.807 13.652 11.587 11.413 11.247 11.431 13.509 15.365 14.483 15.823 15.038 16.522 19.287 19.851 23.423 23.069 23.018 21.137 24.551 24.774 21.818 23.246 20.322 21.628 21.168 18.505 16.294 12.530 11.036  7.691  6.749  6.588  8.360 11.604 13.346 15.321 17.255 18.665
 24.670 21.206 18.245 14.632 11.867  8.494  5.791  3.853  0.000  3.840  6.731  9.444 11.983 15.533 17.947 21.663 23.033 26.296 26.748 28.593 25.830 24.631 21.207 21.962 22.513 19.160 17.573 19.958 18.840 15.197 16.938 18.894 16.146 13.424 15.693 14.275 17.292 18.060 18.946 15.626 14.035 14.477 14.486 14.870 16.766 18.511 17.769 19.273 18.508 19.881 22.554 22.850 26.414 26.171 25.935 23.972 27.413 27.891 24.985 26.192 23.076 24.010 23.113 20.140 18.420 14.700 13.799 10.828  9.838  9.683 10.532 13.631 14.664 16.383 18.177 19.459
 22.537 18.952 16.281 12.590 10.266  7.067  5.398  5.614  3.840  0.000  3.812  6.807  9.577 13.053 15.781 19.485 21.205 24.581 25.301 27.346 24.630 23.849 20.661 21.535 21.591 18.104 16.953 19.106 17.468 14.018 16.113 17.571 14.473 12.196 15.023 14.152 17.457 18.171 19.622 16.588 14.630 15.218 14.669 15.213 16.674 18.595 18.466 19.941 19.196 20.086 22.825 22.887 26.278 25.865 25.204 23.016 26.422 27.303 24.492 25.346 21.989 22.526 21.232 18.107 16.843 13.280 12.926 10.627  9.982 10.878 11.892 15.320 16.545 18.209 20.101 21.375
 19.810 16.157 13.890 10.274  8.530  6.219  5.819  7.785  6.731  3.812  0.000  3.834  6.464  9.876 12.874 16.551 18.664 22.181 23.281 25.447 22.745 22.441 19.601 20.499 19.961 16.428 15.779 17.551 15.333 12.228 14.681 15.499 12.074 10.521 13.911 13.694 17.172 17.790 19.870 17.266 14.984 15.803 14.764 15.669 16.747 18.993 19.484 20.717 19.840 20.087 22.742 22.437 25.572 25.058 23.946 21.624 24.999 26.324 23.752 24.267 20.687 20.826 19.057 15.905 15.270 12.067 12.183 10.828 10.333 12.241 13.292 16.951 18.414 20.064 22.122 23.484
 16.190 12.498 10.248  6.618  5.708  4.562  6.416  9.293  9.444  6.807  3.834  0.000  3.829  6.609  9.808 13.350 15.469 18.878 19.928 22.345 19.907 19.985 17.435 18.799 17.932 14.238 14.412 16.291 13.682 11.175 14.341 14.898 11.569 11.090 14.678 14.439 17.583 17.501 19.931 17.847 14.970 15.332 13.479 14.231 14.650 16.989 18.131 19.244 18.543 18.309 21.083 20.812 23.630 22.726 21.209 18.603 21.811 23.439 20.939 21.096 17.409 17.264 15.334 12.186 11.799  8.934  9.626  9.397  9.747 12.626 14.312 18.048 20.047 21.820 23.965 25.380
 13.876 10.411  8.538  5.773  5.069  6.325  7.950 11.475 11.983  9.577  6.464  3.829  0.000  3.842  6.478 10.180 12.430 16.058 17.602 19.735 17.060 17.395 15.221 16.248 14.865 11.361 11.826 13.160 10.192  8.178 11.507 11.594  8.402  8.884 12.470 12.661 15.609 15.409 18.338 16.828 13.938 14.763 12.917 14.470 15.009 17.899 19.243 19.674 18.444 17.492 19.787 18.920 21.479 20.807 19.083 16.770 20.089 21.945 19.956 20.163 16.461 16.370 14.223 11.697 11.763  9.592  9.761 10.300  9.990 13.206 14.445 18.067 20.173 21.842 24.124 25.654
 10.385  6.887  6.033  4.707  6.370  8.836 11.293 14.797 15.533 13.053  9.876  6.609  3.842  0.000  3.821  6.977  9.748 13.279 15.124 17.566 15.299 16.428 14.979 16.366 14.334 11.030 12.657 13.615 10.172  9.564 13.066 12.445  9.704 11.424 14.816 15.284 17.806 17.119 20.321 19.380 16.271 16.776 14.369 15.736 15.511 18.311 20.297 20.577 19.550 18.027 20.230 19.261 21.249 20.189 17.851 15.281 18.220 20.625 18.958 18.566 14.814 14.072 11.385  9.168 10.261  9.346 10.307 12.089 12.462 16.025 17.527 21.029 23.354 25.008 27.275 28.784
  8.311  5.783  5.391  6.198  7.512 10.903 13.111 16.743 17.947 15.781 12.874  9.808  6.478  3.821  0.000  3.815  6.249  9.971 12.211 14.252 11.813 13.240 12.366 13.587 11.080  8.189 10.528 11.038  7.556  8.271 11.664 10.867  9.190 11.660 14.408 14.820 16.663 15.492 18.906 18.667 15.570 16.132 13.726 15.566 15.390 18.519 20.583 20.199 18.789 16.619 18.278 16.866 18.422 17.493 14.976 12.810 15.762 18.274 17.201 16.952 13.442 13.031 10.619  9.684 10.689 10.519 10.695 12.956 12.991 16.564 17.861 21.043 23.537 25.113 27.419 28.992
  5.521  4.687  6.341  8.803 10.785 14.345 16.754 20.340 21.663 19.485 16.551 13.350 10.180  6.977  3.815  0.000  3.828  7.147 10.080 12.132 10.279 12.704 12.930 14.250 11.178  9.233 12.361 12.304  9.045 11.010 13.973 12.699 11.800 14.784 17.149 17.722 19.082 17.572 21.047 21.354 18.287 18.662 16.082 17.799 17.146 20.116 22.549 21.897 20.581 17.921 19.214 17.630 18.417 17.250 14.194 12.155 14.457 17.469 17.043 16.292 13.119 12.224  9.633  9.907 11.624 12.603 13.048 15.859 16.163 19.751 21.093 24.066 26.657 28.170 30.439 31.990
  5.453  6.305  7.007 10.128 11.621 15.412 17.741 21.198 23.033 21.205 18.664 15.469 12.430  9.748  6.249  3.828  0.000  3.824  6.685  8.381  6.576  9.320 10.204 11.818  8.849  7.542 11.228 11.406  9.079 11.512 14.286 13.633 13.564 16.315 18.133 18.126 18.771 16.591 19.839 20.664 17.549 17.526 14.873 16.588 15.841 18.854 21.288 20.122 18.692 15.613 16.498 14.889 15.168 13.831 10.610  8.929 11.130 14.082 14.158 13.633 10.954 10.754  9.219 10.642 11.560 12.924 12.704 15.744 16.077 19.519 20.955 23.562 26.375 27.883 30.108 31.677
  5.834  8.427  9.472 13.024 14.686 18.450 20.914 24.222 26.296 24.581 22.181 18.878 16.058 13.279  9.971  7.147  3.824  0.000  3.878  5.442  5.391  8.974 10.987 12.883 10.182  9.862 13.660 13.835 12.198 14.865 17.387 16.851 17.182 19.925 21.481 21.270 21.456 18.873 21.853 23.087 19.990 19.553 16.786 18.148 16.955 19.622 22.278 20.831 19.625 16.251 16.761 15.333 14.703 12.918  9.275  7.967  8.933 12.235 13.132 12.187 10.396 10.149  9.413 12.005 12.878 14.981 14.807 18.113 18.754 22.084 23.680 26.017 28.963 30.450 32.591 34.120
  7.597 10.000 10.139 13.650 15.159 18.727 21.311 24.312 26.748 25.301 23.281 19.928 17.602 15.124 12.211 10.080  6.685  3.878  0.000  3.840  5.542  8.323 10.292 12.985 11.285 10.837 14.511 15.482 14.403 16.570 19.242 19.368 19.642 21.932 23.449 22.655 22.599 19.585 22.094 23.351 20.098 18.963 15.949 16.695 15.041 17.308 20.081 18.496 17.687 14.311 14.923 14.235 13.311 10.724  6.906  5.191  5.162  8.693  9.765  8.617  7.598  8.007  8.756 11.890 11.946 14.380 14.045 17.480 18.581 21.755 23.736 25.865 29.012 30.592 32.639 34.126
 10.755 13.169 13.166 16.444 17.347 20.947 23.078 26.052 28.593 27.346 25.447 22.345 19.735 17.566 14.252 12.132  8.381  5.442  3.840  0.000  3.836  6.531  9.652 11.624 10.085 10.945 14.306 14.806 14.538 17.113 19.160 19.387 20.383 22.682 23.606 22.733 22.063 18.859 21.188 23.021 20.143 19.212 16.726 17.937 16.837 19.297 21.639 19.475 18.153 14.472 14.079 12.839 11.075  9.019  5.533  6.233  6.025  8.425 10.674 10.527 10.366 11.553 12.536 15.520 15.292 17.303 16.299 19.362 19.897 22.718 24.285 25.986 29.058 30.471 32.464 33.963
 10.699 12.254 11.778 14.607 14.943 18.569 20.322 23.395 25.830 24.630 22.745 19.907 17.060 15.299 11.813 10.279  6.576  5.391  5.542  3.836  0.000  3.840  6.840  8.295  6.313  7.375 10.668 10.990 10.886 13.518 15.382 15.723 16.903 19.115 19.857 19.018 18.340 15.257 17.824 19.641 16.878 16.418 14.257 16.132 15.734 18.743 20.712 18.507 16.617 12.930 12.460 10.518  9.508  8.368  5.388  6.262  8.114  9.952 11.412 12.057 10.973 12.491 12.927 15.163 14.758 16.023 14.545 17.236 17.190 19.940 21.157 22.889 25.849 27.216 29.291 30.857
 13.703 14.552 13.131 15.255 14.680 17.956 19.192 21.949 24.631 23.849 22.441 19.985 17.395 16.428 13.240 12.704  9.320  8.974  8.323  6.531  3.840  0.000  3.830  5.233  5.109  6.535  8.825  9.828 10.858 12.830 14.335 15.555 16.973 18.527 18.828 17.357 16.171 12.702 14.757 16.801 14.220 13.562 11.875 13.987 14.229 17.377 18.751 16.123 13.775 10.043  8.941  6.725  5.922  5.433  4.113  6.333  8.866  9.224 10.442 12.282 11.496 13.961 14.953 16.758 15.519 16.101 13.807 15.887 15.433 17.664 18.709 20.009 23.006 24.347 26.362 27.948
 14.517 14.392 12.091 13.354 12.018 14.919 15.843 18.402 21.207 20.661 19.601 17.435 15.221 14.979 12.366 12.930 10.204 10.987 10.292  9.652  6.840  3.830  0.000  3.845  5.375  4.969  6.319  8.679  9.854 10.702 12.459 14.415 15.404 16.293 16.700 14.717 13.740 10.177 12.057 13.600 10.718  9.801  8.114 10.525 11.386 14.818 15.773 13.238 10.578  7.088  6.674  4.798  6.343  6.063  5.936  6.832 10.263 10.147 10.018 12.405 11.062 13.891 14.884 15.915 14.070 13.838 10.972 12.503 11.804 13.879 15.044 16.435 19.555 21.052 23.134 24.771
 16.816 16.668 14.657 15.641 13.892 16.627 16.856 19.403 21.962 21.535 20.499 18.799 16.248 16.366 13.587 14.250 11.818 12.883 12.985 11.624  8.295  5.233  3.845  0.000  3.849  5.434  5.083  6.294  8.802  9.921 10.490 12.592 14.411 15.218 14.802 12.918 11.213  7.627  9.683 11.968  9.925 10.192  9.846 12.988 14.589 18.120 18.606 15.942 12.750  9.668  8.185  4.749  6.372  8.099  8.697 10.363 13.548 13.325 13.655 16.125 14.821 17.451 18.057 18.926 17.361 16.783 13.781 14.683 13.031 14.556 14.748 15.705 18.475 19.686 21.784 23.487
 14.170 14.264 12.970 14.435 13.375 16.603 17.273 20.297 22.513 21.591 19.961 17.932 14.865 14.334 11.080 11.178  8.849 10.182 11.285 10.085  6.313  5.109  5.375  3.849  0.000  3.862  5.387  4.935  6.336  8.784  9.667 10.635 12.528 14.240 14.218 13.275 12.237  9.370 12.322 14.280 12.082 12.797 11.844 14.921 15.984 19.583 20.644 18.364 15.529 12.295 11.440  8.306  9.005  9.971  9.076 10.184 13.285 14.107 14.668 16.339 14.600 16.517 16.454 17.444 16.638 16.474 14.118 15.622 14.215 16.410 16.670 18.195 20.826 22.022 24.204 25.891
 12.430 11.668  9.749 10.744  9.534 12.823 13.775 16.937 19.160 18.104 16.428 14.238 11.361 11.030  8.189  9.233  7.542  9.862 10.837 10.945  7.375  6.535  4.969  5.434  3.862  0.000  3.846  5.409  5.115  6.459  8.747  9.998 10.724 12.189 13.045 11.929 11.880  9.241 12.354 13.322 10.401 10.839  9.207 12.164 13.125 16.813 18.014 16.250 13.722 10.856 11.230  9.016 10.732 10.780  9.505  9.200 12.820 13.925 13.512 14.958 12.535 14.292 13.975 14.354 13.371 12.829 10.535 12.109 10.962 13.659 14.439 16.585 19.395 20.865 23.153 24.859
 16.050 14.839 12.542 12.526 10.215 12.690 12.564 15.397 17.573 16.953 15.779 14.412 11.826 12.657 10.528 12.361 11.228 13.660 14.511 14.306 10.668  8.825  6.319  5.083  5.387  3.846  0.000  3.842  5.401  5.050  6.249  8.797  9.879 10.313 10.403  8.626  8.182  5.504  8.759  9.649  7.115  8.517  8.226 11.847 13.855 17.623 18.049 16.200 13.143 10.911 10.968  8.522 11.162 12.165 12.003 12.177 15.889 16.319 15.663 17.694 15.390 17.476 17.271 17.151 15.770 14.390 11.507 11.861  9.594 11.478 11.456 13.313 15.945 17.347 19.713 21.523
 16.620 15.771 14.281 14.637 12.818 15.457 15.252 18.237 19.958 19.106 17.551 16.291 13.160 13.615 11.038 12.304 11.406 13.835 15.482 14.806 10.990  9.828  8.679  6.294  4.935  5.409  3.842  0.000  3.847  5.412  4.900  6.366  8.754 10.014  9.420  8.831  8.077  6.374 10.037 11.487  9.937 12.031 12.049 15.661 17.507 21.273 21.847 19.937 16.828 14.371 13.854 10.740 12.570 14.078 13.641 14.238 17.688 18.462 18.401 20.173 17.907 19.616 18.988 19.074 18.333 17.275 14.812 15.376 13.017 14.798 14.163 15.803 17.945 19.008 21.327 23.100
 13.894 12.679 11.584 11.939 10.738 13.669 14.047 17.430 18.840 17.468 15.333 13.682 10.192 10.172  7.556  9.045  9.079 12.198 14.403 14.538 10.886 10.858  9.854  8.802  6.336  5.115  5.401  3.847  0.000  3.855  5.342  5.110  6.283  8.613  9.394  9.705 10.403  9.344 13.101 13.739 11.603 13.440 12.620 15.874 17.184 20.890 21.946 20.554 17.916 15.499 15.781 13.142 14.896 15.573 14.260 13.938 17.374 18.855 18.501 19.618 16.844 17.881 16.606 16.383 16.217 15.304 13.547 14.567 12.722 15.234 15.113 17.474 19.656 20.880 23.245 24.963
 15.736 13.711 11.805 10.946  8.738 10.903 10.615 13.882 15.197 14.018 12.228 11.175  8.178  9.564  8.271 11.010 11.512 14.865 16.570 17.113 13.518 12.830 10.702  9.921  8.784  6.459  5.050  5.412  3.855  0.000  3.850  5.434  5.058  5.753  7.091  6.769  8.482  8.047 11.572 11.220  8.991 11.168 10.735 14.026 15.841 19.514 20.142 19.112 16.497 14.809 15.619 13.505 16.078 16.731 15.874 15.186 18.901 20.035 19.007 20.373 17.385 18.603 17.411 16.452 15.789 14.008 11.979 12.111  9.742 12.026 11.743 14.431 16.528 17.904 20.363 22.137
 18.920 17.201 15.537 14.768 12.410 14.138 13.081 15.892 16.938 16.113 14.681 14.341 11.507 13.066 11.664 13.973 14.286 17.387 19.242 19.160 15.382 14.335 12.459 10.490  9.667  8.747  6.249  4.900  5.342  3.850  0.000  3.840  5.565  5.579  4.579  4.786  5.814  6.593 10.127 10.191  9.265 12.329 12.955 16.562 18.845 22.552 22.777 21.440 18.419 16.793 16.893 14.272 16.780 18.219 17.863 17.865 21.531 22.367 21.689 23.388 20.670 22.105 21.021 20.236 19.562 17.734 15.450 15.134 12.178 13.542 12.186 14.174 15.714 16.724 19.159 20.968
 18.036 16.471 15.624 15.210 13.657 15.717 15.168 18.267 18.894 17.571 15.499 14.898 11.594 12.445 10.867 12.699 13.633 16.851 19.368 19.387 15.723 15.555 14.415 12.592 10.635  9.998  8.797  6.366  5.110  5.434  3.840  0.000  3.846  6.047  5.820  7.956  9.280 10.167 13.770 13.990 12.977 15.823 15.916 19.354 21.165 24.853 25.512 24.317 21.494 19.557 19.698 16.893 18.888 20.127 19.170 19.002 22.457 23.839 23.411 24.625 21.740 22.618 20.998 20.269 20.314 18.897 17.239 17.470 14.958 16.798 15.683 17.876 19.266 20.150 22.485 24.171
 17.144 14.894 13.945 12.860 11.421 13.088 12.686 15.896 16.146 14.473 12.074 11.569  8.402  9.704  9.190 11.800 13.564 17.182 19.642 20.383 16.903 16.973 15.404 14.411 12.528 10.724  9.879  8.754  6.283  5.058  5.565  3.846  0.000  3.834  6.072  8.285 10.902 11.903 15.378 14.727 13.220 15.794 15.467 18.511 20.107 23.623 24.409 23.764 21.342 19.770 20.628 18.359 20.677 21.370 20.128 19.241 22.762 24.374 23.428 24.329 21.079 21.587 19.623 18.275 18.478 16.772 15.608 15.727 13.528 15.683 14.983 17.774 19.195 20.294 22.659 24.307
 19.862 17.279 15.648 13.800 11.483 12.138 10.704 13.413 13.424 12.196 10.521 11.090  8.884 11.424 11.660 14.784 16.315 19.925 21.932 22.682 19.115 18.527 16.293 15.218 14.240 12.189 10.313 10.014  8.613  5.753  5.579  6.047  3.834  0.000  3.853  5.699  9.176 10.955 13.874 12.448 11.402 14.308 14.642 17.661 19.785 23.205 23.452 22.980 20.498 19.547 20.548 18.587 21.421 22.299 21.579 20.718 24.431 25.606 24.290 25.558 22.335 23.192 21.532 19.818 19.449 17.081 15.541 14.735 11.993 13.426 12.204 14.969 16.038 17.142 19.539 21.232
 22.309 20.121 18.460 16.950 14.372 15.103 13.226 15.504 15.693 15.023 13.911 14.678 12.470 14.816 14.408 17.149 18.133 21.481 23.449 23.606 19.857 18.828 16.700 14.802 14.218 13.045 10.403  9.420  9.394  7.091  4.579  5.820  6.072  3.853  0.000  3.825  6.573  9.306 11.949 10.947 10.993 14.476 15.627 19.019 21.571 25.107 24.996 24.081 21.172 20.173 20.529 18.188 20.972 22.481 22.247 22.024 25.755 26.575 25.581 27.258 24.338 25.592 24.240 22.889 22.290 19.972 17.918 16.893 13.653 14.345 12.262 14.203 14.847 15.609 17.980 19.723
 22.436 20.257 17.994 16.365 13.237 13.727 11.501 13.442 14.275 14.152 13.694 14.439 12.661 15.284 14.820 17.722 18.126 21.270 22.655 22.733 19.018 17.357 14.717 12.918 13.275 11.929  8.626  8.831  9.705  6.769  4.786  7.956  8.285  5.699  3.825  0.000  3.898  6.503  8.660  7.215  7.394 11.016 12.690 16.119 19.034 22.523 22.034 20.969 17.935 17.257 17.603 15.580 18.720 20.284 20.538 20.446 24.245 24.593 23.409 25.465 22.770 24.490 23.657 22.383 21.167 18.622 16.034 14.572 11.008 11.138  8.801 10.544 11.530 12.573 15.144 17.083
 23.567 21.888 19.606 18.513 15.399 16.283 14.224 15.981 17.292 17.457 17.172 17.583 15.609 17.806 16.663 19.082 18.771 21.456 22.599 22.063 18.340 16.171 13.740 11.213 12.237 11.880  8.182  8.077 10.403  8.482  5.814  9.280 10.902  9.176  6.573  3.898  0.000  3.894  5.612  5.674  6.936 10.596 12.853 16.506 19.609 23.146 22.452 20.792 17.374 16.461 15.999 13.614 16.575 18.730 19.531 20.140 23.818 23.739 22.971 25.415 23.171 25.312 24.911 24.150 22.701 20.435 17.426 16.118 12.520 12.230  9.675 10.245 11.298 12.054 14.521 16.508
 21.500 20.177 17.739 17.131 14.150 15.559 14.116 16.084 18.060 18.171 17.790 17.501 15.409 17.119 15.492 17.572 16.591 18.873 19.585 18.859 15.257 12.702 10.177  7.627  9.370  9.241  5.504  6.374  9.344  8.047  6.593 10.167 11.903 10.955  9.306  6.503  3.894  0.000  3.840  5.501  5.330  8.247 10.229 13.975 16.935 20.517 19.972 17.911 14.363 13.025 12.272  9.765 12.774 14.917 15.924 16.788 20.380 20.068 19.455 22.072 20.129 22.566 22.586 22.249 20.549 18.619 15.350 14.477 11.232 11.334  9.680 10.243 12.257 13.300 15.679 17.633
 24.644 23.330 20.605 19.815 16.569 17.443 15.580 16.807 18.946 19.622 19.870 19.931 18.338 20.321 18.906 21.047 19.839 21.853 22.094 21.188 17.824 14.757 12.057  9.683 12.322 12.354  8.759 10.037 13.101 11.572 10.127 13.770 15.378 13.874 11.949  8.660  5.612  3.840  0.000  3.842  5.562  7.954 10.979 14.356 17.706 20.992 19.805 17.546 13.865 13.215 12.082 10.162 13.312 15.760 17.542 18.699 22.137 21.197 20.493 23.526 21.966 24.770 25.211 24.876 22.749 20.625 17.074 15.648 12.337 11.304  9.194  8.345 10.167 11.013 13.244 15.281
 25.062 23.215 20.232 18.767 15.193 15.302 12.880 13.652 15.626 16.588 17.266 17.847 16.828 19.380 18.667 21.354 20.664 23.087 23.351 23.021 19.641 16.801 13.600 11.968 14.280 13.322  9.649 11.487 13.739 11.220 10.191 13.990 14.727 12.448 10.947  7.215  5.674  5.501  3.842  0.000  3.834  6.810 10.193 13.311 16.913 20.055 18.603 16.959 13.584 13.731 13.582 12.391 15.941 17.814 19.316 19.805 23.421 22.639 21.328 24.204 22.289 24.918 25.169 24.282 22.041 19.408 15.955 13.831 10.223  8.508  5.716  5.062  7.030  8.467 11.126 13.359
 21.668 19.764 16.629 15.215 11.683 12.095 10.254 11.587 14.035 14.630 14.984 14.970 13.938 16.271 15.570 18.287 17.549 19.990 20.098 20.143 16.878 14.220 10.718  9.925 12.082 10.401  7.115  9.937 11.603  8.991  9.265 12.977 13.220 11.402 10.993  7.394  6.936  5.330  5.562  3.834  0.000  3.818  6.586  9.939 13.381 16.698 15.663 14.128 10.873 10.756 11.311 10.411 14.137 15.352 16.443 16.476 20.162 19.609 18.042 20.723 18.632 21.191 21.464 20.572 18.258 15.692 12.198 10.330  6.856  6.127  4.957  6.291  9.269 11.088 13.631 15.664
 21.168 19.389 15.943 14.670 11.303 11.634 10.437 11.413 14.477 15.218 15.803 15.332 14.763 16.776 16.132 18.662 17.526 19.553 18.963 19.212 16.418 13.562  9.801 10.192 12.797 10.839  8.517 12.031 13.440 11.168 12.329 15.823 15.794 14.308 14.476 11.016 10.596  8.247  7.954  6.810  3.818  0.000  3.829  6.624 10.246 13.359 12.110 10.398  7.165  7.631  8.874  9.218 13.010 13.564 14.889 14.707 18.186 17.237 15.285 18.155 16.381 19.261 20.094 19.356 16.530 14.067 10.329  8.430  5.901  5.176  6.163  7.257 10.751 12.764 14.985 16.808
 17.972 16.210 12.641 11.609  8.667  9.586  9.656 11.247 14.486 14.669 14.764 13.479 12.917 14.369 13.726 16.082 14.873 16.786 15.949 16.726 14.257 11.875  8.114  9.846 11.844  9.207  8.226 12.049 12.620 10.735 12.955 15.916 15.467 14.642 15.627 12.690 12.853 10.229 10.979 10.193  6.586  3.829  0.000  3.824  6.889 10.390 10.052  8.573  5.976  5.703  8.242  9.052 12.470 12.005 12.597 11.667 15.148 14.580 12.257 14.770 12.738 15.529 16.440 15.768 12.820 10.599  6.802  5.817  4.807  6.335  8.744 10.707 14.131 16.150 18.286 19.946
 18.736 16.938 13.211 12.063  9.649  9.891 10.557 11.431 14.870 15.213 15.669 14.231 14.470 15.736 15.566 17.799 16.588 18.148 16.695 17.937 16.132 13.987 10.525 12.988 14.921 12.164 11.847 15.661 15.874 14.026 16.562 19.354 18.511 17.661 19.019 16.119 16.506 13.975 14.356 13.311  9.939  6.624  3.824  0.000  3.822  6.819  6.305  5.470  4.507  5.786  9.342 11.367 14.372 13.101 13.627 12.122 15.076 14.261 11.208 13.548 11.791 14.627 16.044 15.249 11.763  9.557  6.112  5.051  6.292  7.525 10.827 12.663 16.028 18.135 20.018 21.472
 16.997 15.425 11.846 11.225  9.970 10.619 12.413 13.509 16.766 16.674 16.747 14.650 15.009 15.511 15.390 17.146 15.841 16.955 15.041 16.837 15.734 14.229 11.386 14.589 15.984 13.125 13.855 17.507 17.184 15.841 18.845 21.165 20.107 19.785 21.571 19.034 19.609 16.935 17.706 16.913 13.381 10.246  6.889  3.822  0.000  3.849  5.515  5.514  6.525  6.948 10.746 13.026 15.319 13.144 12.958 10.679 13.058 12.565  9.025 10.655  8.923 11.606 13.440 12.867  9.133  7.751  5.348  6.249  8.964 10.932 14.394 16.428 19.743 21.820 23.629 24.975
 19.242 17.773 14.403 13.761 12.971 13.028 14.906 15.365 18.511 18.595 18.993 16.989 17.899 18.311 18.519 20.116 18.854 19.622 17.308 19.297 18.743 17.377 14.818 18.120 19.583 16.813 17.623 21.273 20.890 19.514 22.552 24.853 23.623 23.205 25.107 22.523 23.146 20.517 20.992 20.055 16.698 13.359 10.390  6.819  3.849  0.000  3.850  5.599  8.424  9.655 13.296 16.093 18.082 15.587 15.487 13.113 14.673 13.906 10.124 11.253 10.282 12.615 14.870 14.276 10.489  9.535  8.331  8.920 12.023 13.498 17.122 18.941 22.130 24.216 25.816 27.001
 22.314 20.670 17.084 15.975 14.363 13.790 14.752 14.483 17.769 18.466 19.484 18.131 19.243 20.297 20.583 22.549 21.288 22.278 20.081 21.639 20.712 18.751 15.773 18.606 20.644 18.014 18.049 21.847 21.946 20.142 22.777 25.512 24.409 23.452 24.996 22.034 22.452 19.972 19.805 18.603 15.663 12.110 10.052  6.305  5.515  3.850  0.000  3.819  6.966  9.597 13.022 16.088 18.486 16.558 17.237 15.466 17.312 15.966 12.394 14.285 13.525 16.157 18.303 17.517 13.709 12.031 10.070  9.224 11.615 11.997 15.490 16.787 19.839 21.921 23.363 24.487
 21.822 20.608 17.082 16.518 14.715 14.878 15.630 15.823 19.273 19.941 20.717 19.244 19.674 20.577 20.199 21.897 20.122 20.831 18.496 19.475 18.507 16.123 13.238 15.942 18.364 16.250 16.200 19.937 20.554 19.112 21.440 24.317 23.764 22.980 24.081 20.969 20.792 17.911 17.546 16.959 14.128 10.398  8.573  5.470  5.514  5.599  3.819  0.000  3.827  6.464  9.546 12.875 15.123 13.370 14.603 13.513 15.404 13.514 10.336 13.048 12.749 15.989 18.403 18.225 14.483 13.158 10.475  9.996 11.574 11.862 14.937 15.778 18.997 20.981 22.465 23.678
 21.276 20.094 16.567 16.048 13.733 14.257 14.492 15.038 18.508 19.196 19.840 18.543 18.444 19.550 18.789 20.581 18.692 19.625 17.687 18.153 16.617 13.775 10.578 12.750 15.529 13.722 13.143 16.828 17.916 16.497 18.419 21.494 21.342 20.498 21.172 17.935 17.374 14.363 13.865 13.584 10.873  7.165  5.976  4.507  6.525  8.424  6.966  3.827  0.000  3.826  6.570  9.617 12.354 11.353 13.043 12.611 15.099 13.195 10.634 13.854 13.249 16.692 18.764 18.678 15.170 13.609 10.222  9.480  9.851  9.907 12.427 13.019 16.358 18.285 19.926 21.310
 18.539 17.823 14.599 14.839 12.934 14.457 15.151 16.522 19.881 20.086 20.087 18.309 17.492 18.027 16.619 17.921 15.613 16.251 14.311 14.472 12.930 10.043  7.088  9.668 12.295 10.856 10.911 14.371 15.499 14.809 16.793 19.557 19.770 19.547 20.173 17.257 16.461 13.025 13.215 13.731 10.756  7.631  5.703  5.786  6.948  9.655  9.597  6.464  3.826  0.000  3.841  6.621  9.044  7.762  9.316  9.241 11.910 10.155  8.170 11.574 10.995 14.592 16.653 17.139 13.988 13.089  9.724 10.170 10.389 11.415 13.601 14.480 17.879 19.670 21.468 22.944
 20.086 19.848 16.982 17.611 15.674 17.483 17.828 19.287 22.554 22.825 22.742 21.083 19.787 20.230 18.278 19.214 16.498 16.761 14.923 14.079 12.460  8.941  6.674  8.185 11.440 11.230 10.968 13.854 15.781 15.619 16.893 19.698 20.628 20.548 20.529 17.603 15.999 12.272 12.082 13.582 11.311  8.874  8.242  9.342 10.746 13.296 13.022  9.546  6.570  3.841  0.000  3.835  5.914  5.830  8.699 10.153 12.516 10.256  9.643 13.302 13.294 16.944 19.014 19.941 17.116 16.472 13.088 13.514 12.987 13.594 14.937 15.129 18.327 19.822 21.521 23.007
 19.221 19.132 16.631 17.471 15.523 17.763 17.936 19.851 22.850 22.887 22.437 20.812 18.920 19.261 16.866 17.630 14.889 15.333 14.235 12.839 10.518  6.725  4.798  4.749  8.306  9.016  8.522 10.740 13.142 13.505 14.272 16.893 18.359 18.587 18.188 15.580 13.614  9.765 10.162 12.391 10.411  9.218  9.052 11.367 13.026 16.093 16.088 12.875  9.617  6.621  3.835  0.000  3.853  5.685  8.173 10.275 12.997 11.466 11.621 14.879 14.424 17.740 19.248 20.257 17.957 17.349 14.000 14.580 13.360 14.213 14.850 15.132 18.134 19.428 21.280 22.880
 19.372 20.022 18.040 19.564 18.191 20.803 21.344 23.423 26.414 26.278 25.572 23.630 21.479 21.249 18.422 18.417 15.168 14.703 13.311 11.075  9.508  5.922  6.343  6.372  9.005 10.732 11.162 12.570 14.896 16.078 16.780 18.888 20.677 21.421 20.972 18.720 16.575 12.774 13.312 15.941 14.137 13.010 12.470 14.372 15.319 18.082 18.486 15.123 12.354  9.044  5.914  3.853  0.000  3.813  6.768 10.002 11.804 10.049 11.448 14.501 14.775 18.011 19.766 21.433 19.431 19.512 16.524 17.693 16.852 17.956 18.656 18.870 21.772 22.917 24.640 26.145
 17.239 18.075 16.103 17.943 17.089 19.809 20.947 23.069 26.171 25.865 25.058 22.726 20.807 20.189 17.493 17.250 13.831 12.918 10.724  9.019  8.368  5.433  6.063  8.099  9.971 10.780 12.165 14.078 15.573 16.731 18.219 20.127 21.370 22.299 22.481 20.284 18.730 14.917 15.760 17.814 15.352 13.564 12.005 13.101 13.144 15.587 16.558 13.370 11.353  7.762  5.830  5.685  3.813  0.000  3.834  6.923  8.293  6.286  7.808 10.786 11.446 14.778 16.947 18.893 16.809 17.383 14.771 16.513 16.500 18.085 19.507 20.185 23.336 24.721 26.481 27.945
 13.634 14.847 13.358 15.780 15.662 18.804 20.501 23.018 25.935 25.204 23.946 21.209 19.083 17.851 14.976 14.194 10.610  9.275  6.906  5.533  5.388  4.113  5.936  8.697  9.076  9.505 12.003 13.641 14.260 15.874 17.863 19.170 20.128 21.579 22.247 20.538 19.531 15.924 17.542 19.316 16.443 14.889 12.597 13.627 12.958 15.487 17.237 14.603 13.043  9.316  8.699  8.173  6.768  3.834  0.000  3.822  5.277  5.156  6.939  8.739  8.945 11.774 13.683 15.989 14.440 15.628 13.657 16.140 16.551 18.844 20.525 21.821 25.021 26.504 28.408 29.900
 10.930 11.828 10.169 12.728 13.157 16.321 18.547 21.137 23.972 23.016 21.624 18.603 16.770 15.281 12.810 12.155  8.929  7.967  5.191  6.233  6.262  6.333  6.832 10.363 10.184  9.200 12.177 14.238 13.938 15.186 17.865 19.002 19.241 20.718 22.024 20.446 20.140 16.788 18.699 19.805 16.476 14.707 11.667 12.122 10.679 13.113 15.466 13.513 12.611  9.241 10.153 10.275 10.002  6.923  3.822  0.000  3.854  5.486  5.474  6.203  5.324  8.093 10.065 12.315 10.741 12.299 10.906 13.928 15.038 17.814 20.000 21.833 25.122 26.794 28.772 30.255
 11.907 13.645 12.673 15.598 16.534 19.622 22.072 24.551 27.413 26.422 24.999 21.811 20.089 18.220 15.762 14.457 11.130  8.933  5.162  6.025  8.114  8.866 10.263 13.548 13.285 12.820 15.889 17.688 17.374 18.901 21.531 22.457 22.762 24.431 25.755 24.245 23.818 20.380 22.137 23.421 20.162 18.186 15.148 15.076 13.058 14.673 17.312 15.404 15.099 11.910 12.516 12.997 11.804  8.293  5.277  3.854  0.000  3.859  5.421  4.674  5.924  8.071 10.727 13.735 12.503 14.798 13.969 17.147 18.617 21.328 23.649 25.350 28.659 30.307 32.189 33.602
 15.506 16.849 15.269 17.663 17.904 20.634 22.678 24.774 27.891 27.303 26.324 23.439 21.945 20.625 18.274 17.469 14.082 12.235  8.693  8.425  9.952  9.224 10.147 13.325 14.107 13.925 16.319 18.462 18.855 20.035 22.367 23.839 24.374 25.606 26.575 24.593 23.739 20.068 21.197 22.639 19.609 17.237 14.580 14.261 12.565 13.906 15.966 13.514 13.195 10.155 10.256 11.466 10.049  6.286  5.156  5.486  3.859  0.000  3.838  5.465  7.806 10.864 13.914 16.511 14.554 16.259 14.754 17.369 18.667 20.821 23.098 24.305 27.631 29.240 30.977 32.342
 15.204 15.764 13.563 15.400 15.503 17.826 19.972 21.818 24.985 24.492 23.752 20.939 19.956 18.958 17.201 17.043 14.158 13.132  9.765 10.674 11.412 10.442 10.018 13.655 14.668 13.512 15.663 18.401 18.501 19.007 21.689 23.411 23.428 24.290 25.581 23.409 22.971 19.455 20.493 21.328 18.042 15.285 12.257 11.208  9.025 10.124 12.394 10.336 10.634  8.170  9.643 11.621 11.448  7.808  6.939  5.474  5.421  3.838  0.000  3.852  5.603  9.215 12.482 14.442 11.864 13.254 11.772 14.296 16.074 18.245 20.929 22.360 25.750 27.524 29.273 30.619
 13.321 14.264 12.694 15.018 16.040 18.513 21.208 23.246 26.192 25.346 24.267 21.096 20.163 18.566 16.952 16.292 13.633 12.187  8.617 10.527 12.057 12.282 12.405 16.125 16.339 14.958 17.694 20.173 19.618 20.373 23.388 24.625 24.329 25.558 27.258 25.465 25.415 22.072 23.526 24.204 20.723 18.155 14.770 13.548 10.655 11.253 14.285 13.048 13.854 11.574 13.302 14.879 14.501 10.786  8.739  6.203  4.674  5.465  3.852  0.000  3.840  6.390 10.029 12.510 10.531 12.912 12.536 15.658 17.929 20.555 23.431 25.255 28.636 30.456 32.257 33.587
 10.551 10.824  8.947 11.225 12.495 15.116 18.028 20.322 23.076 21.989 20.687 17.409 16.461 14.814 13.442 13.119 10.954 10.396  7.598 10.366 10.973 11.496 11.062 14.821 14.600 12.535 15.390 17.907 16.844 17.385 20.670 21.740 21.079 22.335 24.338 22.770 23.171 20.129 21.966 22.289 18.632 16.381 12.738 11.791  8.923 10.282 13.525 12.749 13.249 10.995 13.294 14.424 14.775 11.446  8.945  5.324  5.924  7.806  5.603  3.840  0.000  3.830  6.967  9.007  6.967  9.424  9.378 12.856 15.208 18.232 21.132 23.382 26.715 28.590 30.522 31.909
  8.482  8.953  8.132 10.832 13.165 15.816 19.156 21.628 24.010 22.526 20.826 17.264 16.370 14.072 13.031 12.224 10.754 10.149  8.007 11.553 12.491 13.961 13.891 17.451 16.517 14.292 17.476 19.616 17.881 18.603 22.105 22.618 21.587 23.192 25.592 24.490 25.312 22.566 24.770 24.918 21.191 19.261 15.529 14.627 11.606 12.615 16.157 15.989 16.692 14.592 16.944 17.740 18.011 14.778 11.774  8.093  8.071 10.864  9.215  6.390  3.830  0.000  3.838  6.597  6.035  9.559 10.868 14.597 17.181 20.524 23.454 26.048 29.288 31.171 33.149 34.520
  5.726  5.654  5.942  8.945 12.056 14.866 18.375 21.168 23.113 21.232 19.057 15.334 14.223 11.385 10.619  9.633  9.219  9.413  8.756 12.536 12.927 14.953 14.884 18.057 16.454 13.975 17.271 18.988 16.606 17.411 21.021 20.998 19.623 21.532 24.240 23.657 24.911 22.586 25.211 25.169 21.464 20.094 16.440 16.044 13.440 14.870 18.303 18.403 18.764 16.653 19.014 19.248 19.766 16.947 13.683 10.065 10.727 13.914 12.482 10.029  6.967  3.838  0.000  3.839  5.573  9.090 11.124 14.869 17.231 20.862 23.580 26.515 29.592 31.443 33.515 34.916
  7.688  5.475  4.838  6.370  9.868 12.129 15.812 18.505 20.140 18.107 15.905 12.186 11.697  9.168  9.684  9.907 10.642 12.005 11.890 15.520 15.163 16.758 15.915 18.926 17.444 14.354 17.151 19.074 16.383 16.452 20.236 20.269 18.275 19.818 22.889 22.383 24.150 22.249 24.876 24.282 20.572 19.356 15.768 15.249 12.867 14.276 17.517 18.225 18.678 17.139 19.941 20.257 21.433 18.893 15.989 12.315 13.735 16.511 14.442 12.510  9.007  6.597  3.839  0.000  3.843  6.637  9.579 12.987 15.524 19.196 21.990 25.204 28.128 30.030 32.108 33.485
 10.053  8.012  5.459  6.040  8.402 10.347 13.939 16.294 18.420 16.843 15.270 11.799 11.763 10.261 10.689 11.624 11.560 12.878 11.946 15.292 14.758 15.519 14.070 17.361 16.638 13.371 15.770 18.333 16.217 15.789 19.562 20.314 18.478 19.449 22.290 21.167 22.701 20.549 22.749 22.041 18.258 16.530 12.820 11.763  9.133 10.489 13.709 14.483 15.170 13.988 17.116 17.957 19.431 16.809 14.440 10.741 12.503 14.554 11.864 10.531  6.967  6.035  5.573  3.843  0.000  3.826  6.497  9.988 12.943 16.419 19.517 22.547 25.606 27.589 29.609 30.977
 12.590  9.823  6.442  4.684  5.646  6.744 10.316 12.530 14.700 13.280 12.067  8.934  9.592  9.346 10.519 12.603 12.924 14.981 14.380 17.303 16.023 16.101 13.838 16.783 16.474 12.829 14.390 17.275 15.304 14.008 17.734 18.897 16.772 17.081 19.972 18.622 20.435 18.619 20.625 19.408 15.692 14.067 10.599  9.557  7.751  9.535 12.031 13.158 13.609 13.089 16.472 17.349 19.512 17.383 15.628 12.299 14.798 16.259 13.254 12.912  9.424  9.559  9.090  6.637  3.826  0.000  3.820  6.623  9.718 13.125 16.291 19.473 22.418 24.448 26.477 27.856
 13.862 11.454  7.662  6.129  4.754  6.124  8.803 11.036 13.799 12.926 12.183  9.626  9.761 10.307 10.695 13.048 12.704 14.807 14.045 16.299 14.545 13.807 10.972 13.781 14.118 10.535 11.507 14.812 13.547 11.979 15.450 17.239 15.608 15.541 17.918 16.034 17.426 15.350 17.074 15.955 12.198 10.329  6.802  6.112  5.348  8.331 10.070 10.475 10.222  9.724 13.088 14.000 16.524 14.771 13.657 10.906 13.969 14.754 11.772 12.536  9.378 10.868 11.124  9.579  6.497  3.820  0.000  3.828  6.619  9.995 13.163 16.120 19.237 21.292 23.370 24.841
 17.391 14.740 10.979  8.586  5.774  4.942  6.202  7.691 10.828 10.627 10.828  9.397 10.300 12.089 12.956 15.859 15.744 18.113 17.480 19.362 17.236 15.887 12.503 14.683 15.622 12.109 11.861 15.376 14.567 12.111 15.134 17.470 15.727 14.735 16.893 14.572 16.118 14.477 15.648 13.831 10.330  8.430  5.817  5.051  6.249  8.920  9.224  9.996  9.480 10.170 13.514 14.580 17.693 16.513 16.140 13.928 17.147 17.369 14.296 15.658 12.856 14.597 14.869 12.987  9.988  6.623  3.828  0.000  3.823  6.648 10.112 13.130 16.137 18.275 20.326 21.803
 18.725 16.118 12.530 10.168  6.505  5.832  4.945  6.749  9.838  9.982 10.333  9.747  9.990 12.462 12.991 16.163 16.077 18.754 18.581 19.897 17.190 15.433 11.804 13.031 14.215 10.962  9.594 13.017 12.722  9.742 12.178 14.958 13.528 11.993 13.653 11.008 12.520 11.232 12.337 10.223  6.856  5.901  4.807  6.292  8.964 12.023 11.615 11.574  9.851 10.389 12.987 13.360 16.852 16.500 16.551 15.038 18.617 18.667 16.074 17.929 15.208 17.181 17.231 15.524 12.943  9.718  6.619  3.823  0.000  3.822  6.639  9.895 12.875 15.001 17.268 18.947
 22.430 19.898 16.308 13.918 10.238  8.872  6.647  6.588  9.683 10.878 12.241 12.626 13.206 16.025 16.564 19.751 19.519 22.084 21.755 22.718 19.940 17.664 13.879 14.556 16.410 13.659 11.478 14.798 15.234 12.026 13.542 16.798 15.683 13.426 14.345 11.138 12.230 11.334 11.304  8.508  6.127  5.176  6.335  7.525 10.932 13.498 11.997 11.862  9.907 11.415 13.594 14.213 17.956 18.085 18.844 17.814 21.328 20.821 18.245 20.555 18.232 20.524 20.862 19.196 16.419 13.125  9.995  6.648  3.822  0.000  3.823  6.664  9.654 11.934 14.172 15.932
 24.436 21.961 18.611 16.295 12.505 11.363  8.427  8.360 10.532 11.892 13.292 14.312 14.445 17.527 17.861 21.093 20.955 23.680 23.736 24.285 21.157 18.709 15.044 14.748 16.670 14.439 11.456 14.163 15.113 11.743 12.186 15.683 14.983 12.204 12.262  8.801  9.675  9.680  9.194  5.716  4.957  6.163  8.744 10.827 14.394 17.122 15.490 14.937 12.427 13.601 14.937 14.850 18.656 19.507 20.525 20.000 23.649 23.098 20.929 23.431 21.132 23.454 23.580 21.990 19.517 16.291 13.163 10.112  6.639  3.823  0.000  3.824  6.453  8.770 11.392 13.468
 27.347 25.134 21.775 19.728 15.974 14.990 12.123 11.604 13.631 15.320 16.951 18.048 18.067 21.029 21.043 24.066 23.562 26.017 25.865 25.986 22.889 20.009 16.435 15.705 18.195 16.585 13.313 15.803 17.474 14.431 14.174 17.876 17.774 14.969 14.203 10.544 10.245 10.243  8.345  5.062  6.291  7.257 10.707 12.663 16.428 18.941 16.787 15.778 13.019 14.480 15.129 15.132 18.870 20.185 21.821 21.833 25.350 24.305 22.360 25.255 23.382 26.048 26.515 25.204 22.547 19.473 16.120 13.130  9.895  6.664  3.824  0.000  3.832  6.381  8.977 11.217
 30.231 27.912 24.662 22.445 18.683 17.432 14.235 13.346 14.664 16.545 18.414 20.047 20.173 23.354 23.537 26.657 26.375 28.963 29.012 29.058 25.849 23.006 19.555 18.475 20.826 19.395 15.945 17.945 19.656 16.528 15.714 19.266 19.195 16.038 14.847 11.530 11.298 12.257 10.167  7.030  9.269 10.751 14.131 16.028 19.743 22.130 19.839 18.997 16.358 17.879 18.327 18.134 21.772 23.336 25.021 25.122 28.659 27.631 25.750 28.636 26.715 29.288 29.592 28.128 25.606 22.418 19.237 16.137 12.875  9.654  6.453  3.832  0.000  3.833  6.577  9.037
 31.874 29.617 26.474 24.319 20.602 19.416 16.197 15.321 16.383 18.209 20.064 21.820 21.842 25.008 25.113 28.170 27.883 30.450 30.592 30.471 27.216 24.347 21.052 19.686 22.022 20.865 17.347 19.008 20.880 17.904 16.724 20.150 20.294 17.142 15.609 12.573 12.054 13.300 11.013  8.467 11.088 12.764 16.150 18.135 21.820 24.216 21.921 20.981 18.285 19.670 19.822 19.428 22.917 24.721 26.504 26.794 30.307 29.240 27.524 30.456 28.590 31.171 31.443 30.030 27.589 24.448 21.292 18.275 15.001 11.934  8.770  6.381  3.833  0.000  3.848  6.752
 34.049 31.818 28.669 26.512 22.851 21.556 18.382 17.255 18.177 20.101 22.122 23.965 24.124 27.275 27.419 30.439 30.108 32.591 32.639 32.464 29.291 26.362 23.134 21.784 24.204 23.153 19.713 21.327 23.245 20.363 19.159 22.485 22.659 19.539 17.980 15.144 14.521 15.679 13.244 11.126 13.631 14.985 18.286 20.018 23.629 25.816 23.363 22.465 19.926 21.468 21.521 21.280 24.640 26.481 28.408 28.772 32.189 30.977 29.273 32.257 30.522 33.149 33.515 32.108 29.609 26.477 23.370 20.326 17.268 14.172 11.392  8.977  6.577  3.848  0.000  3.809
