  1.000  0.805  0.574  0.246 -0.253 -0.379 -0.405 -0.236 -0.289 -0.162 -0.262 -0.175 -0.085  0.288  0.349  0.653  0.665  0.665  0.497  0.344  0.241 -0.130 -0.352 -0.405 -0.259 -0.336 -0.497 -0.445 -0.380 -0.468 -0.477 -0.393 -0.340 -0.370 -0.433 -0.464 -0.460 -0.471 -0.420 -0.498 -0.559 -0.518 -0.528 -0.476 -0.319 -0.209 -0.314 -0.355 -0.491 -0.476 -0.499 -0.475 -0.376 -0.282 -0.033  0.122  0.236  0.017 -0.047  0.168  0.228  0.446  0.645  0.565  0.309  0.039 -0.259 -0.465 -0.547 -0.505 -0.413 -0.091  0.365  0.523  0.519  0.490
  0.805  1.000  0.696  0.398 -0.100 -0.249 -0.340 -0.222 -0.285 -0.164 -0.191 -0.060  0.033  0.404  0.474  0.648  0.523  0.523  0.363  0.208  0.094 -0.243 -0.411 -0.448 -0.313 -0.349 -0.487 -0.443 -0.362 -0.435 -0.455 -0.372 -0.315 -0.340 -0.408 -0.442 -0.443 -0.453 -0.402 -0.470 -0.522 -0.475 -0.485 -0.434 -0.280 -0.196 -0.299 -0.343 -0.469 -0.461 -0.512 -0.511 -0.442 -0.367 -0.142  0.038  0.137 -0.080 -0.094  0.121  0.219  0.423  0.613  0.629  0.371  0.129 -0.168 -0.388 -0.478 -0.447 -0.357 -0.081  0.342  0.490  0.497  0.472
  0.574  0.696  1.000  0.672  0.166 -0.011 -0.228 -0.204 -0.221 -0.077 -0.093  0.088  0.163  0.480  0.490  0.473  0.379  0.293  0.185  0.034 -0.052 -0.293 -0.367 -0.385 -0.342 -0.333 -0.381 -0.380 -0.314 -0.322 -0.344 -0.295 -0.234 -0.236 -0.299 -0.317 -0.328 -0.347 -0.323 -0.348 -0.378 -0.337 -0.322 -0.251 -0.141 -0.071 -0.154 -0.180 -0.287 -0.309 -0.363 -0.395 -0.366 -0.317 -0.182 -0.037  0.056 -0.066 -0.037  0.110  0.168  0.319  0.508  0.592  0.434  0.352  0.113 -0.170 -0.284 -0.279 -0.237  0.003  0.198  0.293  0.284  0.263
  0.246  0.398  0.672  1.000  0.597  0.394  0.069 -0.089 -0.064  0.057  0.167  0.389  0.408  0.547  0.405  0.264  0.121 -0.008 -0.102 -0.238 -0.278 -0.385 -0.336 -0.320 -0.333 -0.266 -0.230 -0.261 -0.202 -0.151 -0.179 -0.166 -0.111 -0.083 -0.134 -0.150 -0.171 -0.191 -0.175 -0.152 -0.146 -0.109 -0.082 -0.030 -0.002 -0.001 -0.053 -0.064 -0.112 -0.170 -0.246 -0.299 -0.350 -0.359 -0.329 -0.215 -0.173 -0.221 -0.135 -0.055  0.000  0.079  0.242  0.436  0.397  0.569  0.406  0.131  0.015 -0.022 -0.046  0.038  0.020  0.068  0.071  0.065
 -0.253 -0.100  0.166  0.597  1.000  0.788  0.457  0.128  0.159  0.166  0.375  0.535  0.564  0.326  0.212 -0.068 -0.177 -0.337 -0.389 -0.419 -0.341 -0.215 -0.037  0.027 -0.068  0.025  0.165  0.109  0.101  0.202  0.180  0.121  0.123  0.168  0.178  0.185  0.171  0.160  0.138  0.224  0.285  0.292  0.318  0.303  0.186  0.091  0.120  0.147  0.213  0.141  0.100  0.065 -0.051 -0.146 -0.286 -0.314 -0.375 -0.290 -0.191 -0.261 -0.238 -0.286 -0.253 -0.079  0.036  0.381  0.571  0.489  0.480  0.381  0.266  0.082 -0.252 -0.342 -0.346 -0.328
 -0.379 -0.249 -0.011  0.394  0.788  1.000  0.620  0.245  0.238  0.198  0.397  0.515  0.454  0.175  0.049 -0.204 -0.294 -0.441 -0.455 -0.472 -0.371 -0.170  0.040  0.091 -0.023  0.075  0.227  0.150  0.126  0.247  0.227  0.146  0.148  0.213  0.231  0.255  0.246  0.247  0.231  0.331  0.408  0.408  0.429  0.412  0.267  0.139  0.181  0.216  0.304  0.232  0.197  0.153  0.020 -0.077 -0.257 -0.298 -0.388 -0.266 -0.146 -0.254 -0.242 -0.328 -0.332 -0.174 -0.022  0.352  0.549  0.609  0.605  0.504  0.371  0.109 -0.328 -0.445 -0.445 -0.423
 -0.405 -0.340 -0.228  0.069  0.457  0.620  1.000  0.679  0.491  0.073  0.269  0.314  0.293  0.024 -0.074 -0.238 -0.288 -0.384 -0.400 -0.370 -0.276 -0.084  0.096  0.165  0.066  0.129  0.282  0.232  0.164  0.255  0.275  0.180  0.136  0.195  0.253  0.281  0.300  0.329  0.331  0.367  0.447  0.439  0.446  0.394  0.226  0.105  0.163  0.175  0.283  0.209  0.189  0.175  0.074 -0.025 -0.194 -0.263 -0.346 -0.230 -0.147 -0.265 -0.266 -0.355 -0.393 -0.324 -0.206  0.028  0.275  0.571  0.592  0.461  0.290 -0.010 -0.334 -0.454 -0.461 -0.430
 -0.236 -0.222 -0.204 -0.089  0.128  0.245  0.679  1.000  0.606 -0.003  0.135  0.111  0.045 -0.091 -0.147 -0.173 -0.178 -0.192 -0.198 -0.166 -0.133 -0.043  0.042  0.083  0.012  0.012  0.111  0.086  0.020  0.068  0.103  0.039  0.010  0.056  0.094  0.124  0.157  0.176  0.191  0.198  0.228  0.216  0.227  0.220  0.141  0.079  0.080  0.081  0.142  0.100  0.096  0.090  0.060  0.011 -0.083 -0.123 -0.154 -0.097 -0.056 -0.124 -0.134 -0.191 -0.250 -0.242 -0.162 -0.114  0.081  0.353  0.331  0.212  0.153 -0.098 -0.159 -0.265 -0.297 -0.290
 -0.289 -0.285 -0.221 -0.064  0.159  0.238  0.491  0.606  1.000  0.487  0.389  0.235  0.089 -0.068 -0.149 -0.201 -0.208 -0.244 -0.247 -0.209 -0.169 -0.056  0.033  0.084  0.016  0.017  0.115  0.099  0.045  0.088  0.119  0.078  0.048  0.076  0.110  0.122  0.142  0.159  0.155  0.176  0.204  0.198  0.202  0.196  0.109  0.047  0.048  0.066  0.146  0.105  0.108  0.104  0.056 -0.006 -0.111 -0.173 -0.200 -0.122 -0.099 -0.169 -0.199 -0.259 -0.304 -0.280 -0.211 -0.066  0.102  0.264  0.253  0.181  0.107 -0.098 -0.275 -0.318 -0.304 -0.268
 -0.162 -0.164 -0.077  0.057  0.166  0.198  0.073 -0.003  0.487  1.000  0.560  0.276  0.095  0.020 -0.037 -0.082 -0.115 -0.169 -0.185 -0.169 -0.142 -0.082 -0.028  0.014 -0.011 -0.009  0.057  0.051  0.036  0.075  0.084  0.067  0.070  0.093  0.093  0.083  0.080  0.074  0.078  0.093  0.087  0.075  0.064  0.051 -0.013 -0.043 -0.022 -0.006  0.047  0.020  0.028  0.030 -0.018 -0.069 -0.131 -0.174 -0.170 -0.128 -0.126 -0.158 -0.191 -0.210 -0.191 -0.149 -0.139  0.042  0.079  0.034  0.054  0.083  0.072  0.047 -0.189 -0.184 -0.176 -0.159
 -0.262 -0.191 -0.093  0.167  0.375  0.397  0.269  0.135  0.389  0.560  1.000  0.696  0.479  0.254  0.092 -0.075 -0.164 -0.299 -0.356 -0.362 -0.281 -0.191 -0.065  0.013 -0.036  0.013  0.134  0.121  0.118  0.197  0.198  0.159  0.168  0.227  0.233  0.211  0.182  0.157  0.140  0.192  0.201  0.159  0.133  0.072 -0.038 -0.053 -0.001  0.013  0.060  0.006 -0.001  0.014 -0.091 -0.190 -0.294 -0.336 -0.379 -0.324 -0.275 -0.327 -0.330 -0.345 -0.332 -0.222 -0.188  0.036  0.097  0.147  0.214  0.201  0.164  0.066 -0.190 -0.227 -0.222 -0.219
 -0.175 -0.060  0.088  0.389  0.535  0.515  0.314  0.111  0.235  0.276  0.696  1.000  0.761  0.523  0.286  0.059 -0.074 -0.271 -0.371 -0.417 -0.324 -0.268 -0.117 -0.034 -0.068  0.009  0.108  0.091  0.113  0.173  0.152  0.126  0.134  0.182  0.179  0.146  0.118  0.096  0.076  0.126  0.155  0.128  0.119  0.058 -0.034 -0.059 -0.029 -0.019  0.019 -0.049 -0.084 -0.065 -0.195 -0.307 -0.392 -0.389 -0.449 -0.426 -0.341 -0.369 -0.324 -0.307 -0.249 -0.100 -0.092  0.114  0.137  0.193  0.227  0.185  0.110  0.066 -0.148 -0.157 -0.157 -0.156
 -0.085  0.033  0.163  0.408  0.564  0.454  0.293  0.045  0.089  0.095  0.479  0.761  1.000  0.741  0.507  0.230  0.070 -0.172 -0.329 -0.373 -0.251 -0.236 -0.103  0.006 -0.003  0.066  0.151  0.161  0.170  0.195  0.181  0.162  0.141  0.166  0.180  0.134  0.120  0.105  0.079  0.097  0.125  0.085  0.064 -0.026 -0.121 -0.109 -0.081 -0.077 -0.053 -0.123 -0.146 -0.085 -0.207 -0.343 -0.407 -0.420 -0.482 -0.487 -0.430 -0.443 -0.391 -0.343 -0.249 -0.110 -0.162  0.025  0.056  0.114  0.182  0.139  0.054  0.038 -0.063 -0.087 -0.093 -0.099
  0.288  0.404  0.480  0.547  0.326  0.175  0.024 -0.091 -0.068  0.020  0.254  0.523  0.741  1.000  0.755  0.537  0.344  0.109 -0.097 -0.205 -0.152 -0.309 -0.273 -0.190 -0.137 -0.097 -0.086 -0.059 -0.019 -0.037 -0.053 -0.033 -0.025 -0.019 -0.040 -0.094 -0.103 -0.116 -0.122 -0.157 -0.170 -0.197 -0.225 -0.284 -0.280 -0.203 -0.233 -0.250 -0.299 -0.349 -0.385 -0.316 -0.388 -0.476 -0.416 -0.351 -0.346 -0.456 -0.431 -0.339 -0.261 -0.112  0.075  0.203  0.025  0.081 -0.085 -0.161 -0.145 -0.149 -0.158  0.000  0.150  0.205  0.199  0.174
  0.349  0.474  0.490  0.405  0.212  0.049 -0.074 -0.147 -0.149 -0.037  0.092  0.286  0.507  0.755  1.000  0.715  0.489  0.244  0.005 -0.074  0.002 -0.172 -0.183 -0.101 -0.039 -0.018 -0.038 -0.015  0.002 -0.035 -0.054 -0.046 -0.049 -0.059 -0.068 -0.106 -0.099 -0.094 -0.097 -0.156 -0.168 -0.210 -0.247 -0.319 -0.320 -0.219 -0.241 -0.264 -0.312 -0.344 -0.349 -0.247 -0.280 -0.370 -0.299 -0.270 -0.272 -0.389 -0.407 -0.320 -0.247 -0.098  0.104  0.176 -0.037 -0.026 -0.149 -0.237 -0.202 -0.193 -0.177 -0.019  0.176  0.207  0.203  0.178
  0.653  0.648  0.473  0.264 -0.068 -0.204 -0.238 -0.173 -0.201 -0.082 -0.075  0.059  0.230  0.537  0.715  1.000  0.748  0.534  0.279  0.188  0.216 -0.091 -0.235 -0.204 -0.085 -0.146 -0.230 -0.181 -0.170 -0.254 -0.258 -0.219 -0.214 -0.239 -0.261 -0.298 -0.276 -0.269 -0.240 -0.324 -0.364 -0.383 -0.419 -0.465 -0.410 -0.284 -0.346 -0.375 -0.449 -0.450 -0.448 -0.348 -0.321 -0.334 -0.152 -0.087 -0.039 -0.232 -0.311 -0.165 -0.090  0.107  0.344  0.314  0.013 -0.114 -0.310 -0.421 -0.410 -0.379 -0.326 -0.069  0.293  0.392  0.385  0.356
  0.665  0.523  0.379  0.121 -0.177 -0.294 -0.288 -0.178 -0.208 -0.115 -0.164 -0.074  0.070  0.344  0.489  0.748  1.000  0.786  0.487  0.394  0.458  0.104 -0.105 -0.107  0.001 -0.112 -0.224 -0.177 -0.189 -0.288 -0.290 -0.255 -0.247 -0.284 -0.303 -0.326 -0.301 -0.293 -0.261 -0.336 -0.373 -0.390 -0.422 -0.442 -0.370 -0.246 -0.308 -0.330 -0.403 -0.386 -0.351 -0.243 -0.163 -0.135  0.072  0.113  0.139 -0.048 -0.166 -0.047  0.003  0.157  0.338  0.236  0.011 -0.163 -0.330 -0.440 -0.436 -0.399 -0.337 -0.092  0.260  0.346  0.329  0.306
  0.665  0.523  0.293 -0.008 -0.337 -0.441 -0.384 -0.192 -0.244 -0.169 -0.299 -0.271 -0.172  0.109  0.244  0.534  0.786  1.000  0.760  0.647  0.596  0.200 -0.098 -0.158 -0.009 -0.178 -0.363 -0.296 -0.302 -0.429 -0.425 -0.367 -0.347 -0.396 -0.427 -0.437 -0.408 -0.398 -0.342 -0.423 -0.473 -0.452 -0.475 -0.446 -0.319 -0.215 -0.292 -0.331 -0.411 -0.369 -0.332 -0.258 -0.103  0.007  0.276  0.350  0.420  0.215  0.070  0.212  0.219  0.322  0.429  0.290  0.114 -0.157 -0.342 -0.487 -0.520 -0.476 -0.391 -0.140  0.288  0.400  0.386  0.369
  0.497  0.363  0.185 -0.102 -0.389 -0.455 -0.400 -0.198 -0.247 -0.185 -0.356 -0.371 -0.329 -0.097  0.005  0.279  0.487  0.760  1.000  0.794  0.584  0.256 -0.033 -0.147 -0.049 -0.216 -0.395 -0.350 -0.363 -0.471 -0.462 -0.410 -0.382 -0.423 -0.454 -0.439 -0.407 -0.394 -0.336 -0.400 -0.444 -0.379 -0.379 -0.306 -0.150 -0.100 -0.164 -0.207 -0.266 -0.206 -0.170 -0.165  0.028  0.209  0.486  0.604  0.678  0.499  0.355  0.471  0.434  0.436  0.424  0.285  0.234 -0.060 -0.232 -0.386 -0.455 -0.411 -0.334 -0.130  0.207  0.305  0.279  0.274
  0.344  0.208  0.034 -0.238 -0.419 -0.472 -0.370 -0.166 -0.209 -0.169 -0.362 -0.417 -0.373 -0.205 -0.074  0.188  0.394  0.647  0.794  1.000  0.791  0.482  0.172  0.059  0.144 -0.062 -0.237 -0.190 -0.249 -0.378 -0.363 -0.335 -0.334 -0.384 -0.390 -0.367 -0.322 -0.293 -0.242 -0.313 -0.344 -0.304 -0.302 -0.256 -0.141 -0.103 -0.142 -0.170 -0.184 -0.099 -0.027  0.018  0.219  0.389  0.634  0.628  0.685  0.555  0.375  0.436  0.364  0.313  0.271  0.111  0.089 -0.176 -0.256 -0.367 -0.396 -0.355 -0.291 -0.136  0.143  0.196  0.169  0.173
  0.241  0.094 -0.052 -0.278 -0.341 -0.371 -0.276 -0.133 -0.169 -0.142 -0.281 -0.324 -0.251 -0.152  0.002  0.216  0.458  0.596  0.584  0.791  1.000  0.742  0.423  0.325  0.413  0.180  0.006  0.045 -0.065 -0.210 -0.204 -0.216 -0.246 -0.295 -0.272 -0.243 -0.186 -0.146 -0.115 -0.166 -0.180 -0.191 -0.194 -0.202 -0.158 -0.129 -0.139 -0.138 -0.105 -0.004  0.108  0.231  0.379  0.475  0.638  0.520  0.469  0.382  0.188  0.186  0.143  0.099  0.081 -0.068 -0.106 -0.280 -0.275 -0.312 -0.277 -0.235 -0.202 -0.105  0.062  0.049  0.021  0.029
 -0.130 -0.243 -0.293 -0.385 -0.215 -0.170 -0.084 -0.043 -0.056 -0.082 -0.191 -0.268 -0.236 -0.309 -0.172 -0.091  0.104  0.200  0.256  0.482  0.742  1.000  0.784  0.663  0.683  0.502  0.331  0.316  0.178  0.052  0.030 -0.026 -0.082 -0.122 -0.074 -0.024  0.035  0.095  0.101  0.099  0.135  0.098  0.127  0.098  0.066  0.002  0.056  0.099  0.218  0.352  0.491  0.625  0.699  0.731  0.688  0.466  0.326  0.393  0.235  0.114  0.051 -0.088 -0.198 -0.312 -0.231 -0.265 -0.105 -0.039  0.033  0.053  0.032 -0.055 -0.184 -0.295 -0.319 -0.287
 -0.352 -0.411 -0.367 -0.336 -0.037  0.040  0.096  0.042  0.033 -0.028 -0.065 -0.117 -0.103 -0.273 -0.183 -0.235 -0.105 -0.098 -0.033  0.172  0.423  0.784  1.000  0.839  0.687  0.634  0.599  0.495  0.309  0.248  0.228  0.119  0.037  0.026  0.096  0.161  0.234  0.315  0.285  0.293  0.364  0.315  0.370  0.316  0.226  0.119  0.210  0.284  0.449  0.559  0.663  0.785  0.713  0.661  0.489  0.278  0.084  0.228  0.169 -0.026 -0.074 -0.235 -0.367 -0.422 -0.287 -0.190  0.045  0.192  0.274  0.268  0.203  0.004 -0.338 -0.502 -0.533 -0.496
 -0.405 -0.448 -0.385 -0.320  0.027  0.091  0.165  0.083  0.084  0.014  0.013 -0.034  0.006 -0.190 -0.101 -0.204 -0.107 -0.158 -0.147  0.059  0.325  0.663  0.839  1.000  0.823  0.655  0.733  0.697  0.466  0.393  0.401  0.287  0.178  0.159  0.242  0.277  0.323  0.392  0.332  0.345  0.434  0.310  0.348  0.268  0.138  0.075  0.175  0.229  0.398  0.475  0.603  0.776  0.701  0.544  0.346  0.093 -0.096  0.061 -0.002 -0.216 -0.251 -0.378 -0.476 -0.514 -0.415 -0.263  0.009  0.187  0.308  0.282  0.217  0.005 -0.343 -0.512 -0.547 -0.516
 -0.259 -0.313 -0.342 -0.333 -0.068 -0.023  0.066  0.012  0.016 -0.011 -0.036 -0.068 -0.003 -0.137 -0.039 -0.085  0.001 -0.009 -0.049  0.144  0.413  0.683  0.687  0.823  1.000  0.779  0.623  0.690  0.549  0.361  0.335  0.285  0.173  0.108  0.173  0.174  0.213  0.269  0.228  0.228  0.293  0.180  0.183  0.074 -0.047 -0.082 -0.015  0.024  0.172  0.263  0.396  0.581  0.555  0.421  0.310  0.083 -0.067  0.017 -0.091 -0.233 -0.261 -0.342 -0.397 -0.450 -0.424 -0.341 -0.143  0.005  0.141  0.139  0.102 -0.014 -0.208 -0.326 -0.354 -0.333
 -0.336 -0.349 -0.333 -0.266  0.025  0.075  0.129  0.012  0.017 -0.009  0.013  0.009  0.066 -0.097 -0.018 -0.146 -0.112 -0.178 -0.216 -0.062  0.180  0.502  0.634  0.655  0.779  1.000  0.756  0.672  0.650  0.532  0.425  0.372  0.284  0.215  0.255  0.253  0.284  0.357  0.297  0.284  0.358  0.275  0.285  0.161  0.027 -0.030  0.047  0.094  0.221  0.270  0.342  0.493  0.412  0.275  0.116 -0.058 -0.197 -0.100 -0.141 -0.272 -0.292 -0.372 -0.428 -0.433 -0.385 -0.246 -0.064  0.103  0.219  0.206  0.150  0.019 -0.243 -0.363 -0.381 -0.363
 -0.497 -0.487 -0.381 -0.230  0.165  0.227  0.282  0.111  0.115  0.057  0.134  0.108  0.151 -0.086 -0.038 -0.230 -0.224 -0.363 -0.395 -0.237  0.006  0.331  0.599  0.733  0.623  0.756  1.000  0.859  0.661  0.695  0.693  0.530  0.403  0.419  0.506  0.530  0.561  0.628  0.531  0.500  0.591  0.442  0.444  0.307  0.114  0.058  0.171  0.210  0.361  0.370  0.439  0.578  0.440  0.244  0.014 -0.192 -0.359 -0.197 -0.192 -0.393 -0.412 -0.510 -0.572 -0.546 -0.462 -0.217  0.056  0.282  0.422  0.388  0.304  0.061 -0.362 -0.555 -0.592 -0.570
 -0.445 -0.443 -0.380 -0.261  0.109  0.150  0.232  0.086  0.099  0.051  0.121  0.091  0.161 -0.059 -0.015 -0.181 -0.177 -0.296 -0.350 -0.190  0.045  0.316  0.495  0.697  0.690  0.672  0.859  1.000  0.802  0.700  0.754  0.670  0.496  0.457  0.556  0.519  0.523  0.548  0.454  0.435  0.511  0.334  0.309  0.159 -0.037 -0.048  0.047  0.077  0.223  0.237  0.339  0.490  0.393  0.191 -0.000 -0.216 -0.358 -0.224 -0.258 -0.435 -0.457 -0.529 -0.569 -0.559 -0.522 -0.314 -0.059  0.149  0.314  0.289  0.221  0.032 -0.288 -0.449 -0.487 -0.473
 -0.380 -0.362 -0.314 -0.202  0.101  0.126  0.164  0.020  0.045  0.036  0.118  0.113  0.170 -0.019  0.002 -0.170 -0.189 -0.302 -0.363 -0.249 -0.065  0.178  0.309  0.466  0.549  0.650  0.661  0.802  1.000  0.831  0.706  0.772  0.696  0.554  0.547  0.430  0.336  0.345  0.241  0.269  0.373  0.200  0.179  0.049 -0.108 -0.090 -0.029  0.008  0.100  0.096  0.177  0.313  0.230  0.046 -0.119 -0.286 -0.380 -0.282 -0.308 -0.426 -0.442 -0.477 -0.490 -0.456 -0.443 -0.259 -0.088  0.067  0.198  0.164  0.119  0.028 -0.226 -0.293 -0.312 -0.308
 -0.468 -0.435 -0.322 -0.151  0.202  0.247  0.255  0.068  0.088  0.075  0.197  0.173  0.195 -0.037 -0.035 -0.254 -0.288 -0.429 -0.471 -0.378 -0.210  0.052  0.248  0.393  0.361  0.532  0.695  0.700  0.831  1.000  0.867  0.796  0.776  0.760  0.737  0.674  0.538  0.517  0.408  0.444  0.540  0.342  0.308  0.187  0.003 -0.001  0.087  0.119  0.203  0.159  0.207  0.309  0.192  0.005 -0.201 -0.355 -0.452 -0.320 -0.297 -0.438 -0.452 -0.506 -0.530 -0.468 -0.408 -0.166  0.035  0.226  0.354  0.328  0.256  0.087 -0.309 -0.433 -0.467 -0.459
 -0.477 -0.455 -0.344 -0.179  0.180  0.227  0.275  0.103  0.119  0.084  0.198  0.152  0.181 -0.053 -0.054 -0.258 -0.290 -0.425 -0.462 -0.363 -0.204  0.030  0.228  0.401  0.335  0.425  0.693  0.754  0.706  0.867  1.000  0.861  0.724  0.764  0.836  0.783  0.703  0.651  0.546  0.531  0.567  0.377  0.317  0.186 -0.018 -0.011  0.085  0.104  0.201  0.158  0.215  0.305  0.195  0.011 -0.188 -0.348 -0.442 -0.303 -0.284 -0.438 -0.460 -0.520 -0.551 -0.503 -0.447 -0.210  0.013  0.220  0.365  0.354  0.278  0.073 -0.297 -0.468 -0.513 -0.505
 -0.393 -0.372 -0.295 -0.166  0.121  0.146  0.180  0.039  0.078  0.067  0.159  0.126  0.162 -0.033 -0.046 -0.219 -0.255 -0.367 -0.410 -0.335 -0.216 -0.026  0.119  0.287  0.285  0.372  0.530  0.670  0.772  0.796  0.861  1.000  0.858  0.742  0.755  0.591  0.453  0.412  0.303  0.316  0.380  0.204  0.162  0.055 -0.101 -0.059  0.000  0.024  0.087  0.045  0.102  0.193  0.107 -0.060 -0.218 -0.350 -0.408 -0.306 -0.303 -0.411 -0.431 -0.458 -0.471 -0.426 -0.407 -0.216 -0.055  0.092  0.210  0.184  0.139  0.029 -0.219 -0.294 -0.318 -0.319
 -0.340 -0.315 -0.234 -0.111  0.123  0.148  0.136  0.010  0.048  0.070  0.168  0.134  0.141 -0.025 -0.049 -0.214 -0.247 -0.347 -0.382 -0.334 -0.246 -0.082  0.037  0.178  0.173  0.284  0.403  0.496  0.696  0.776  0.724  0.858  1.000  0.844  0.722  0.558  0.313  0.263  0.161  0.214  0.314  0.133  0.107  0.036 -0.084 -0.037  0.006  0.031  0.058  0.008  0.051  0.131  0.050 -0.096 -0.237 -0.339 -0.379 -0.294 -0.281 -0.364 -0.374 -0.387 -0.391 -0.335 -0.312 -0.140 -0.024  0.086  0.174  0.145  0.105  0.028 -0.208 -0.235 -0.250 -0.253
 -0.370 -0.340 -0.236 -0.083  0.168  0.213  0.195  0.056  0.076  0.093  0.227  0.182  0.166 -0.019 -0.059 -0.239 -0.284 -0.396 -0.423 -0.384 -0.295 -0.122  0.026  0.159  0.108  0.215  0.419  0.457  0.554  0.760  0.764  0.742  0.844  1.000  0.893  0.786  0.528  0.433  0.347  0.374  0.443  0.240  0.189  0.112 -0.033 -0.006  0.057  0.080  0.109  0.050  0.078  0.139  0.034 -0.110 -0.266 -0.360 -0.409 -0.309 -0.271 -0.369 -0.374 -0.399 -0.410 -0.338 -0.291 -0.098  0.033  0.174  0.272  0.269  0.213  0.067 -0.253 -0.340 -0.371 -0.368
 -0.433 -0.408 -0.299 -0.134  0.178  0.231  0.253  0.094  0.110  0.093  0.233  0.179  0.180 -0.040 -0.068 -0.261 -0.303 -0.427 -0.454 -0.390 -0.272 -0.074  0.096  0.242  0.173  0.255  0.506  0.556  0.547  0.737  0.836  0.755  0.722  0.893  1.000  0.903  0.720  0.597  0.505  0.522  0.545  0.348  0.273  0.163 -0.026 -0.011  0.077  0.096  0.161  0.104  0.144  0.207  0.095 -0.063 -0.241 -0.363 -0.432 -0.308 -0.273 -0.404 -0.419 -0.465 -0.491 -0.429 -0.373 -0.156  0.028  0.216  0.354  0.368  0.308  0.111 -0.269 -0.425 -0.468 -0.462
 -0.464 -0.442 -0.317 -0.150  0.185  0.255  0.281  0.124  0.122  0.083  0.211  0.146  0.134 -0.094 -0.106 -0.298 -0.326 -0.437 -0.439 -0.367 -0.243 -0.024  0.161  0.277  0.174  0.253  0.530  0.519  0.430  0.674  0.783  0.591  0.558  0.786  0.903  1.000  0.857  0.707  0.609  0.628  0.623  0.448  0.371  0.265  0.065  0.043  0.146  0.166  0.249  0.198  0.229  0.267  0.154  0.015 -0.177 -0.303 -0.385 -0.242 -0.195 -0.347 -0.369 -0.444 -0.493 -0.438 -0.349 -0.123  0.089  0.298  0.430  0.462  0.383  0.144 -0.297 -0.506 -0.559 -0.546
 -0.460 -0.443 -0.328 -0.171  0.171  0.246  0.300  0.157  0.142  0.080  0.182  0.118  0.120 -0.103 -0.099 -0.276 -0.301 -0.408 -0.407 -0.322 -0.186  0.035  0.234  0.323  0.213  0.284  0.561  0.523  0.336  0.538  0.703  0.453  0.313  0.528  0.720  0.857  1.000  0.872  0.742  0.692  0.614  0.494  0.408  0.289  0.079  0.041  0.154  0.161  0.272  0.241  0.279  0.303  0.195  0.067 -0.122 -0.253 -0.347 -0.199 -0.156 -0.318 -0.348 -0.438 -0.498 -0.458 -0.367 -0.148  0.081  0.305  0.439  0.469  0.395  0.131 -0.267 -0.521 -0.571 -0.555
 -0.471 -0.453 -0.347 -0.191  0.160  0.247  0.329  0.176  0.159  0.074  0.157  0.096  0.105 -0.116 -0.094 -0.269 -0.293 -0.398 -0.394 -0.293 -0.146  0.095  0.315  0.392  0.269  0.357  0.628  0.548  0.345  0.517  0.651  0.412  0.263  0.433  0.597  0.707  0.872  1.000  0.851  0.674  0.644  0.559  0.468  0.333  0.121  0.059  0.180  0.189  0.317  0.299  0.334  0.360  0.248  0.123 -0.075 -0.216 -0.321 -0.166 -0.126 -0.298 -0.333 -0.437 -0.505 -0.473 -0.377 -0.155  0.085  0.326  0.452  0.474  0.383  0.095 -0.295 -0.551 -0.597 -0.576
 -0.420 -0.402 -0.323 -0.175  0.138  0.231  0.331  0.191  0.155  0.078  0.140  0.076  0.079 -0.122 -0.097 -0.240 -0.261 -0.342 -0.336 -0.242 -0.115  0.101  0.285  0.332  0.228  0.297  0.531  0.454  0.241  0.408  0.546  0.303  0.161  0.347  0.505  0.609  0.742  0.851  1.000  0.772  0.683  0.626  0.496  0.342  0.127  0.035  0.161  0.167  0.299  0.293  0.312  0.316  0.227  0.136 -0.040 -0.162 -0.259 -0.113 -0.073 -0.234 -0.270 -0.380 -0.450 -0.426 -0.332 -0.141  0.082  0.322  0.457  0.519  0.467  0.156 -0.252 -0.535 -0.597 -0.580
 -0.498 -0.470 -0.348 -0.152  0.224  0.331  0.367  0.198  0.176  0.093  0.192  0.126  0.097 -0.157 -0.156 -0.324 -0.336 -0.423 -0.400 -0.313 -0.166  0.099  0.293  0.345  0.228  0.284  0.500  0.435  0.269  0.444  0.531  0.316  0.214  0.374  0.522  0.628  0.692  0.674  0.772  1.000  0.841  0.743  0.596  0.442  0.198  0.065  0.200  0.240  0.401  0.373  0.377  0.370  0.263  0.165 -0.047 -0.175 -0.296 -0.119 -0.050 -0.242 -0.271 -0.407 -0.496 -0.454 -0.316 -0.083  0.182  0.431  0.602  0.699  0.694  0.391 -0.287 -0.608 -0.682 -0.666
 -0.559 -0.522 -0.378 -0.146  0.285  0.408  0.447  0.228  0.204  0.087  0.201  0.155  0.125 -0.170 -0.168 -0.364 -0.373 -0.473 -0.444 -0.344 -0.180  0.135  0.364  0.434  0.293  0.358  0.591  0.511  0.373  0.540  0.567  0.380  0.314  0.443  0.545  0.623  0.614  0.644  0.683  0.841  1.000  0.808  0.700  0.544  0.286  0.116  0.259  0.321  0.493  0.463  0.460  0.455  0.325  0.212 -0.030 -0.178 -0.322 -0.121 -0.044 -0.259 -0.283 -0.436 -0.534 -0.483 -0.317 -0.050  0.261  0.548  0.717  0.759  0.675  0.318 -0.426 -0.682 -0.748 -0.721
 -0.518 -0.475 -0.337 -0.109  0.292  0.408  0.439  0.216  0.198  0.075  0.159  0.128  0.085 -0.197 -0.210 -0.383 -0.390 -0.452 -0.379 -0.304 -0.191  0.098  0.315  0.310  0.180  0.275  0.442  0.334  0.200  0.342  0.377  0.204  0.133  0.240  0.348  0.448  0.494  0.559  0.626  0.743  0.808  1.000  0.846  0.651  0.379  0.141  0.268  0.334  0.535  0.519  0.467  0.381  0.276  0.233  0.011 -0.092 -0.205 -0.010  0.080 -0.114 -0.152 -0.326 -0.442 -0.392 -0.211  0.031  0.326  0.602  0.746  0.821  0.680  0.349 -0.367 -0.649 -0.707 -0.677
 -0.528 -0.485 -0.322 -0.082  0.318  0.429  0.446  0.227  0.202  0.064  0.133  0.119  0.064 -0.225 -0.247 -0.419 -0.422 -0.475 -0.379 -0.302 -0.194  0.127  0.370  0.348  0.183  0.285  0.444  0.309  0.179  0.308  0.317  0.162  0.107  0.189  0.273  0.371  0.408  0.468  0.496  0.596  0.700  0.846  1.000  0.830  0.554  0.256  0.371  0.440  0.653  0.637  0.558  0.456  0.334  0.288  0.050 -0.055 -0.175  0.028  0.130 -0.068 -0.099 -0.275 -0.401 -0.348 -0.149  0.102  0.432  0.709  0.761  0.734  0.560  0.225 -0.443 -0.666 -0.711 -0.672
 -0.476 -0.434 -0.251 -0.030  0.303  0.412  0.394  0.220  0.196  0.051  0.072  0.058 -0.026 -0.284 -0.319 -0.465 -0.442 -0.446 -0.306 -0.256 -0.202  0.098  0.316  0.268  0.074  0.161  0.307  0.159  0.049  0.187  0.186  0.055  0.036  0.112  0.163  0.265  0.289  0.333  0.342  0.442  0.544  0.651  0.830  1.000  0.808  0.457  0.544  0.600  0.712  0.640  0.550  0.427  0.331  0.315  0.090  0.018 -0.078  0.111  0.226  0.054  0.037 -0.127 -0.263 -0.213  0.012  0.230  0.544  0.766  0.691  0.626  0.454  0.132 -0.469 -0.639 -0.667 -0.623
 -0.319 -0.280 -0.141 -0.002  0.186  0.267  0.226  0.141  0.109 -0.013 -0.038 -0.034 -0.121 -0.280 -0.320 -0.410 -0.370 -0.319 -0.150 -0.141 -0.158  0.066  0.226  0.138 -0.047  0.027  0.114 -0.037 -0.108  0.003 -0.018 -0.101 -0.084 -0.033 -0.026  0.065  0.079  0.121  0.127  0.198  0.286  0.379  0.554  0.808  1.000  0.662  0.563  0.591  0.579  0.559  0.462  0.319  0.254  0.294  0.143  0.132  0.062  0.196  0.308  0.197  0.209  0.096 -0.051 -0.025  0.207  0.326  0.517  0.594  0.452  0.370  0.245  0.015 -0.375 -0.458 -0.473 -0.435
 -0.209 -0.196 -0.071 -0.001  0.091  0.139  0.105  0.079  0.047 -0.043 -0.053 -0.059 -0.109 -0.203 -0.219 -0.284 -0.246 -0.215 -0.100 -0.103 -0.129  0.002  0.119  0.075 -0.082 -0.030  0.058 -0.048 -0.090 -0.001 -0.011 -0.059 -0.037 -0.006 -0.011  0.043  0.041  0.059  0.035  0.065  0.116  0.141  0.256  0.457  0.662  1.000  0.703  0.563  0.384  0.335  0.286  0.207  0.162  0.170  0.068  0.066  0.029  0.112  0.188  0.128  0.134  0.068 -0.026 -0.024  0.101  0.165  0.316  0.354  0.230  0.146  0.072 -0.070 -0.268 -0.301 -0.301 -0.275
 -0.314 -0.299 -0.154 -0.053  0.120  0.181  0.163  0.080  0.048 -0.022 -0.001 -0.029 -0.081 -0.233 -0.241 -0.346 -0.308 -0.292 -0.164 -0.142 -0.139  0.056  0.210  0.175 -0.015  0.047  0.171  0.047 -0.029  0.087  0.085  0.000  0.006  0.057  0.077  0.146  0.154  0.180  0.161  0.200  0.259  0.268  0.371  0.544  0.563  0.703  1.000  0.764  0.565  0.427  0.367  0.308  0.254  0.241  0.089  0.055 -0.004  0.117  0.201  0.100  0.089 -0.012 -0.123 -0.114  0.032  0.129  0.305  0.409  0.336  0.275  0.179  0.000 -0.371 -0.440 -0.429 -0.390
 -0.355 -0.343 -0.180 -0.064  0.147  0.216  0.175  0.081  0.066 -0.006  0.013 -0.019 -0.077 -0.250 -0.264 -0.375 -0.330 -0.331 -0.207 -0.170 -0.138  0.099  0.284  0.229  0.024  0.094  0.210  0.077  0.008  0.119  0.104  0.024  0.031  0.080  0.096  0.166  0.161  0.189  0.167  0.240  0.321  0.334  0.440  0.600  0.591  0.563  0.764  1.000  0.774  0.595  0.475  0.392  0.296  0.284  0.103  0.052 -0.030  0.117  0.224  0.093  0.076 -0.051 -0.174 -0.159  0.010  0.143  0.340  0.430  0.382  0.337  0.235  0.029 -0.399 -0.481 -0.486 -0.450
 -0.491 -0.469 -0.287 -0.112  0.213  0.304  0.283  0.142  0.146  0.047  0.060  0.019 -0.053 -0.299 -0.312 -0.449 -0.403 -0.411 -0.266 -0.184 -0.105  0.218  0.449  0.398  0.172  0.221  0.361  0.223  0.100  0.203  0.201  0.087  0.058  0.109  0.161  0.249  0.272  0.317  0.299  0.401  0.493  0.535  0.653  0.712  0.579  0.384  0.565  0.774  1.000  0.824  0.679  0.570  0.442  0.426  0.192  0.093 -0.026  0.183  0.290  0.086  0.042 -0.156 -0.314 -0.292 -0.078  0.122  0.397  0.553  0.550  0.517  0.395  0.104 -0.464 -0.627 -0.657 -0.614
 -0.476 -0.461 -0.309 -0.170  0.141  0.232  0.209  0.100  0.105  0.020  0.006 -0.049 -0.123 -0.349 -0.344 -0.450 -0.386 -0.369 -0.206 -0.099 -0.004  0.352  0.559  0.475  0.263  0.270  0.370  0.237  0.096  0.159  0.158  0.045  0.008  0.050  0.104  0.198  0.241  0.299  0.293  0.373  0.463  0.519  0.637  0.640  0.559  0.335  0.427  0.595  0.824  1.000  0.865  0.697  0.548  0.564  0.326  0.209  0.064  0.288  0.381  0.157  0.110 -0.107 -0.300 -0.298 -0.067  0.106  0.370  0.479  0.492  0.474  0.361  0.085 -0.438 -0.610 -0.641 -0.597
 -0.499 -0.512 -0.363 -0.246  0.100  0.197  0.189  0.096  0.108  0.028 -0.001 -0.084 -0.146 -0.385 -0.349 -0.448 -0.351 -0.332 -0.170 -0.027  0.108  0.491  0.663  0.603  0.396  0.342  0.439  0.339  0.177  0.207  0.215  0.102  0.051  0.078  0.144  0.229  0.279  0.334  0.312  0.377  0.460  0.467  0.558  0.550  0.462  0.286  0.367  0.475  0.679  0.865  1.000  0.858  0.727  0.704  0.442  0.261  0.094  0.338  0.376  0.120  0.057 -0.168 -0.370 -0.391 -0.153  0.018  0.307  0.419  0.456  0.437  0.339  0.055 -0.435 -0.623 -0.655 -0.609
 -0.475 -0.511 -0.395 -0.299  0.065  0.153  0.175  0.090  0.104  0.030  0.014 -0.065 -0.085 -0.316 -0.247 -0.348 -0.243 -0.258 -0.165  0.018  0.231  0.625  0.785  0.776  0.581  0.493  0.578  0.490  0.313  0.309  0.305  0.193  0.131  0.139  0.207  0.267  0.303  0.360  0.316  0.370  0.455  0.381  0.456  0.427  0.319  0.207  0.308  0.392  0.570  0.697  0.858  1.000  0.846  0.709  0.445  0.200  0.003  0.224  0.194 -0.062 -0.111 -0.295 -0.451 -0.479 -0.298 -0.125  0.171  0.312  0.391  0.365  0.284  0.021 -0.419 -0.605 -0.628 -0.586
 -0.376 -0.442 -0.366 -0.350 -0.051  0.020  0.074  0.060  0.056 -0.018 -0.091 -0.195 -0.207 -0.388 -0.280 -0.321 -0.163 -0.103  0.028  0.219  0.379  0.699  0.713  0.701  0.555  0.412  0.440  0.393  0.230  0.192  0.195  0.107  0.050  0.034  0.095  0.154  0.195  0.248  0.227  0.263  0.325  0.276  0.334  0.331  0.254  0.162  0.254  0.296  0.442  0.548  0.727  0.846  1.000  0.849  0.624  0.378  0.222  0.409  0.314  0.095  0.018 -0.171 -0.339 -0.411 -0.234 -0.157  0.104  0.204  0.263  0.246  0.196 -0.015 -0.344 -0.507 -0.534 -0.493
 -0.282 -0.367 -0.317 -0.359 -0.146 -0.077 -0.025  0.011 -0.006 -0.069 -0.190 -0.307 -0.343 -0.476 -0.370 -0.334 -0.135  0.007  0.209  0.389  0.475  0.731  0.661  0.544  0.421  0.275  0.244  0.191  0.046  0.005  0.011 -0.060 -0.096 -0.110 -0.063  0.015  0.067  0.123  0.136  0.165  0.212  0.233  0.288  0.315  0.294  0.170  0.241  0.284  0.426  0.564  0.704  0.709  0.849  1.000  0.834  0.616  0.478  0.654  0.539  0.343  0.244  0.024 -0.174 -0.273 -0.072 -0.085  0.114  0.159  0.179  0.185  0.148 -0.028 -0.299 -0.437 -0.464 -0.420
 -0.033 -0.142 -0.182 -0.329 -0.286 -0.257 -0.194 -0.083 -0.111 -0.131 -0.294 -0.392 -0.407 -0.416 -0.299 -0.152  0.072  0.276  0.486  0.634  0.638  0.688  0.489  0.346  0.310  0.116  0.014 -0.000 -0.119 -0.201 -0.188 -0.218 -0.237 -0.266 -0.241 -0.177 -0.122 -0.075 -0.040 -0.047 -0.030  0.011  0.050  0.090  0.143  0.068  0.089  0.103  0.192  0.326  0.442  0.445  0.624  0.834  1.000  0.830  0.704  0.766  0.598  0.495  0.402  0.210  0.043 -0.091  0.055 -0.089 -0.020 -0.055 -0.064 -0.038 -0.032 -0.080 -0.137 -0.199 -0.224 -0.193
  0.122  0.038 -0.037 -0.215 -0.314 -0.298 -0.263 -0.123 -0.173 -0.174 -0.336 -0.389 -0.420 -0.351 -0.270 -0.087  0.113  0.350  0.604  0.628  0.520  0.466  0.278  0.093  0.083 -0.058 -0.192 -0.216 -0.286 -0.355 -0.348 -0.350 -0.339 -0.360 -0.363 -0.303 -0.253 -0.216 -0.162 -0.175 -0.178 -0.092 -0.055  0.018  0.132  0.066  0.055  0.052  0.093  0.209  0.261  0.200  0.378  0.616  0.830  1.000  0.844  0.784  0.708  0.687  0.644  0.436  0.262  0.123  0.246  0.019 -0.017 -0.103 -0.170 -0.134 -0.111 -0.089 -0.052 -0.052 -0.076 -0.053
  0.236  0.137  0.056 -0.173 -0.375 -0.388 -0.346 -0.154 -0.200 -0.170 -0.379 -0.449 -0.482 -0.346 -0.272 -0.039  0.139  0.420  0.678  0.685  0.469  0.326  0.084 -0.096 -0.067 -0.197 -0.359 -0.358 -0.380 -0.452 -0.442 -0.408 -0.379 -0.409 -0.432 -0.385 -0.347 -0.321 -0.259 -0.296 -0.322 -0.205 -0.175 -0.078  0.062  0.029 -0.004 -0.030 -0.026  0.064  0.094  0.003  0.222  0.478  0.704  0.844  1.000  0.872  0.728  0.789  0.667  0.508  0.388  0.248  0.317  0.047 -0.052 -0.195 -0.292 -0.254 -0.205 -0.098  0.053  0.109  0.085  0.097
  0.017 -0.080 -0.066 -0.221 -0.290 -0.266 -0.230 -0.097 -0.122 -0.128 -0.324 -0.426 -0.487 -0.456 -0.389 -0.232 -0.048  0.215  0.499  0.555  0.382  0.393  0.228  0.061  0.017 -0.100 -0.197 -0.224 -0.282 -0.320 -0.303 -0.306 -0.294 -0.309 -0.308 -0.242 -0.199 -0.166 -0.113 -0.119 -0.121 -0.010  0.028  0.111  0.196  0.112  0.117  0.117  0.183  0.288  0.338  0.224  0.409  0.654  0.766  0.784  0.872  1.000  0.863  0.773  0.605  0.389  0.230  0.107  0.248  0.069  0.071 -0.026 -0.097 -0.065 -0.048 -0.060 -0.095 -0.110 -0.133 -0.106
 -0.047 -0.094 -0.037 -0.135 -0.191 -0.146 -0.147 -0.056 -0.099 -0.126 -0.275 -0.341 -0.430 -0.431 -0.407 -0.311 -0.166  0.070  0.355  0.375  0.188  0.235  0.169 -0.002 -0.091 -0.141 -0.192 -0.258 -0.308 -0.297 -0.284 -0.303 -0.281 -0.271 -0.273 -0.195 -0.156 -0.126 -0.073 -0.050 -0.044  0.080  0.130  0.226  0.308  0.188  0.201  0.224  0.290  0.381  0.376  0.194  0.314  0.539  0.598  0.708  0.728  0.863  1.000  0.848  0.730  0.459  0.262  0.155  0.329  0.175  0.186  0.110  0.016  0.042  0.038 -0.023 -0.150 -0.178 -0.201 -0.171
  0.168  0.121  0.110 -0.055 -0.261 -0.254 -0.265 -0.124 -0.169 -0.158 -0.327 -0.369 -0.443 -0.339 -0.320 -0.165 -0.047  0.212  0.471  0.436  0.186  0.114 -0.026 -0.216 -0.233 -0.272 -0.393 -0.435 -0.426 -0.438 -0.438 -0.411 -0.364 -0.369 -0.404 -0.347 -0.318 -0.298 -0.234 -0.242 -0.259 -0.114 -0.068  0.054  0.197  0.128  0.100  0.093  0.086  0.157  0.120 -0.062  0.095  0.343  0.495  0.687  0.789  0.773  0.848  1.000  0.858  0.626  0.464  0.343  0.445  0.206  0.106 -0.041 -0.177 -0.151 -0.124 -0.063 -0.002  0.048  0.036  0.055
  0.228  0.219  0.168  0.000 -0.238 -0.242 -0.266 -0.134 -0.199 -0.191 -0.330 -0.324 -0.391 -0.261 -0.247 -0.090  0.003  0.219  0.434  0.364  0.143  0.051 -0.074 -0.251 -0.261 -0.292 -0.412 -0.457 -0.442 -0.452 -0.460 -0.431 -0.374 -0.374 -0.419 -0.369 -0.348 -0.333 -0.270 -0.271 -0.283 -0.152 -0.099  0.037  0.209  0.134  0.089  0.076  0.042  0.110  0.057 -0.111  0.018  0.244  0.402  0.644  0.667  0.605  0.730  0.858  1.000  0.802  0.582  0.434  0.553  0.256  0.116 -0.033 -0.188 -0.167 -0.142 -0.073  0.015  0.086  0.075  0.091
  0.446  0.423  0.319  0.079 -0.286 -0.328 -0.355 -0.191 -0.259 -0.210 -0.345 -0.307 -0.343 -0.112 -0.098  0.107  0.157  0.322  0.436  0.313  0.099 -0.088 -0.235 -0.378 -0.342 -0.372 -0.510 -0.529 -0.477 -0.506 -0.520 -0.458 -0.387 -0.399 -0.465 -0.444 -0.438 -0.437 -0.380 -0.407 -0.436 -0.326 -0.275 -0.127  0.096  0.068 -0.012 -0.051 -0.156 -0.107 -0.168 -0.295 -0.171  0.024  0.210  0.436  0.508  0.389  0.459  0.626  0.802  1.000  0.793  0.604  0.632  0.272  0.017 -0.174 -0.340 -0.323 -0.268 -0.090  0.155  0.291  0.286  0.284
  0.645  0.613  0.508  0.242 -0.253 -0.332 -0.393 -0.250 -0.304 -0.191 -0.332 -0.249 -0.249  0.075  0.104  0.344  0.338  0.429  0.424  0.271  0.081 -0.198 -0.367 -0.476 -0.397 -0.428 -0.572 -0.569 -0.490 -0.530 -0.551 -0.471 -0.391 -0.410 -0.491 -0.493 -0.498 -0.505 -0.450 -0.496 -0.534 -0.442 -0.401 -0.263 -0.051 -0.026 -0.123 -0.174 -0.314 -0.300 -0.370 -0.451 -0.339 -0.174  0.043  0.262  0.388  0.230  0.262  0.464  0.582  0.793  1.000  0.836  0.654  0.321 -0.035 -0.268 -0.437 -0.419 -0.354 -0.083  0.257  0.431  0.430  0.412
  0.565  0.629  0.592  0.436 -0.079 -0.174 -0.324 -0.242 -0.280 -0.149 -0.222 -0.100 -0.110  0.203  0.176  0.314  0.236  0.290  0.285  0.111 -0.068 -0.312 -0.422 -0.514 -0.450 -0.433 -0.546 -0.559 -0.456 -0.468 -0.503 -0.426 -0.335 -0.338 -0.429 -0.438 -0.458 -0.473 -0.426 -0.454 -0.483 -0.392 -0.348 -0.213 -0.025 -0.024 -0.114 -0.159 -0.292 -0.298 -0.391 -0.479 -0.411 -0.273 -0.091  0.123  0.248  0.107  0.155  0.343  0.434  0.604  0.836  1.000  0.783  0.503  0.101 -0.169 -0.351 -0.344 -0.287 -0.041  0.228  0.392  0.399  0.378
  0.309  0.371  0.434  0.397  0.036 -0.022 -0.206 -0.162 -0.211 -0.139 -0.188 -0.092 -0.162  0.025 -0.037  0.013  0.011  0.114  0.234  0.089 -0.106 -0.231 -0.287 -0.415 -0.424 -0.385 -0.462 -0.522 -0.443 -0.408 -0.447 -0.407 -0.312 -0.291 -0.373 -0.349 -0.367 -0.377 -0.332 -0.316 -0.317 -0.211 -0.149  0.012  0.207  0.101  0.032  0.010 -0.078 -0.067 -0.153 -0.298 -0.234 -0.072  0.055  0.246  0.317  0.248  0.329  0.445  0.553  0.632  0.654  0.783  1.000  0.702  0.348  0.063 -0.144 -0.155 -0.128 -0.025  0.068  0.176  0.176  0.172
  0.039  0.129  0.352  0.569  0.381  0.352  0.028 -0.114 -0.066  0.042  0.036  0.114  0.025  0.081 -0.026 -0.114 -0.163 -0.157 -0.060 -0.176 -0.280 -0.265 -0.190 -0.263 -0.341 -0.246 -0.217 -0.314 -0.259 -0.166 -0.210 -0.216 -0.140 -0.098 -0.156 -0.123 -0.148 -0.155 -0.141 -0.083 -0.050  0.031  0.102  0.230  0.326  0.165  0.129  0.143  0.122  0.106  0.018 -0.125 -0.157 -0.085 -0.089  0.019  0.047  0.069  0.175  0.206  0.256  0.272  0.321  0.503  0.702  1.000  0.704  0.338  0.141  0.106  0.072  0.060 -0.116 -0.081 -0.079 -0.071
 -0.259 -0.168  0.113  0.406  0.571  0.549  0.275  0.081  0.102  0.079  0.097  0.137  0.056 -0.085 -0.149 -0.310 -0.330 -0.342 -0.232 -0.256 -0.275 -0.105  0.045  0.009 -0.143 -0.064  0.056 -0.059 -0.088  0.035  0.013 -0.055 -0.024  0.033  0.028  0.089  0.081  0.085  0.082  0.182  0.261  0.326  0.432  0.544  0.517  0.316  0.305  0.340  0.397  0.370  0.307  0.171  0.104  0.114 -0.020 -0.017 -0.052  0.071  0.186  0.106  0.116  0.017 -0.035  0.101  0.348  0.704  1.000  0.697  0.504  0.403  0.291  0.082 -0.322 -0.403 -0.411 -0.380
 -0.465 -0.388 -0.170  0.131  0.489  0.609  0.571  0.353  0.264  0.034  0.147  0.193  0.114 -0.161 -0.237 -0.421 -0.440 -0.487 -0.386 -0.367 -0.312 -0.039  0.192  0.187  0.005  0.103  0.282  0.149  0.067  0.226  0.220  0.092  0.086  0.174  0.216  0.298  0.305  0.326  0.322  0.431  0.548  0.602  0.709  0.766  0.594  0.354  0.409  0.430  0.553  0.479  0.419  0.312  0.204  0.159 -0.055 -0.103 -0.195 -0.026  0.110 -0.041 -0.033 -0.174 -0.268 -0.169  0.063  0.338  0.697  1.000  0.836  0.667  0.470  0.105 -0.456 -0.608 -0.625 -0.583
 -0.547 -0.478 -0.284  0.015  0.480  0.605  0.592  0.331  0.253  0.054  0.214  0.227  0.182 -0.145 -0.202 -0.410 -0.436 -0.520 -0.455 -0.396 -0.277  0.033  0.274  0.308  0.141  0.219  0.422  0.314  0.198  0.354  0.365  0.210  0.174  0.272  0.354  0.430  0.439  0.452  0.457  0.602  0.717  0.746  0.761  0.691  0.452  0.230  0.336  0.382  0.550  0.492  0.456  0.391  0.263  0.179 -0.064 -0.170 -0.292 -0.097  0.016 -0.177 -0.188 -0.340 -0.437 -0.351 -0.144  0.141  0.504  0.836  1.000  0.842  0.645  0.238 -0.434 -0.664 -0.698 -0.661
 -0.505 -0.447 -0.279 -0.022  0.381  0.504  0.461  0.212  0.181  0.083  0.201  0.185  0.139 -0.149 -0.193 -0.379 -0.399 -0.476 -0.411 -0.355 -0.235  0.053  0.268  0.282  0.139  0.206  0.388  0.289  0.164  0.328  0.354  0.184  0.145  0.269  0.368  0.462  0.469  0.474  0.519  0.699  0.759  0.821  0.734  0.626  0.370  0.146  0.275  0.337  0.517  0.474  0.437  0.365  0.246  0.185 -0.038 -0.134 -0.254 -0.065  0.042 -0.151 -0.167 -0.323 -0.419 -0.344 -0.155  0.106  0.403  0.667  0.842  1.000  0.812  0.421 -0.353 -0.636 -0.697 -0.674
 -0.413 -0.357 -0.237 -0.046  0.266  0.371  0.290  0.153  0.107  0.072  0.164  0.110  0.054 -0.158 -0.177 -0.326 -0.337 -0.391 -0.334 -0.291 -0.202  0.032  0.203  0.217  0.102  0.150  0.304  0.221  0.119  0.256  0.278  0.139  0.105  0.213  0.308  0.383  0.395  0.383  0.467  0.694  0.675  0.680  0.560  0.454  0.245  0.072  0.179  0.235  0.395  0.361  0.339  0.284  0.196  0.148 -0.032 -0.111 -0.205 -0.048  0.038 -0.124 -0.142 -0.268 -0.354 -0.287 -0.128  0.072  0.291  0.470  0.645  0.812  1.000  0.656 -0.153 -0.491 -0.590 -0.600
 -0.091 -0.081  0.003  0.038  0.082  0.109 -0.010 -0.098 -0.098  0.047  0.066  0.066  0.038  0.000 -0.019 -0.069 -0.092 -0.140 -0.130 -0.136 -0.105 -0.055  0.004  0.005 -0.014  0.019  0.061  0.032  0.028  0.087  0.073  0.029  0.028  0.067  0.111  0.144  0.131  0.095  0.156  0.391  0.318  0.349  0.225  0.132  0.015 -0.070  0.000  0.029  0.104  0.085  0.055  0.021 -0.015 -0.028 -0.080 -0.089 -0.098 -0.060 -0.023 -0.063 -0.073 -0.090 -0.083 -0.041 -0.025  0.060  0.082  0.105  0.238  0.421  0.656  1.000  0.113 -0.083 -0.246 -0.322
  0.365  0.342  0.198  0.020 -0.252 -0.328 -0.334 -0.159 -0.275 -0.189 -0.190 -0.148 -0.063  0.150  0.176  0.293  0.260  0.288  0.207  0.143  0.062 -0.184 -0.338 -0.343 -0.208 -0.243 -0.362 -0.288 -0.226 -0.309 -0.297 -0.219 -0.208 -0.253 -0.269 -0.297 -0.267 -0.295 -0.252 -0.287 -0.426 -0.367 -0.443 -0.469 -0.375 -0.268 -0.371 -0.399 -0.464 -0.438 -0.435 -0.419 -0.344 -0.299 -0.137 -0.052  0.053 -0.095 -0.150 -0.002  0.015  0.155  0.257  0.228  0.068 -0.116 -0.322 -0.456 -0.434 -0.353 -0.153  0.113  1.000  0.699  0.476  0.333
  0.523  0.490  0.293  0.068 -0.342 -0.445 -0.454 -0.265 -0.318 -0.184 -0.227 -0.157 -0.087  0.205  0.207  0.392  0.346  0.400  0.305  0.196  0.049 -0.295 -0.502 -0.512 -0.326 -0.363 -0.555 -0.449 -0.293 -0.433 -0.468 -0.294 -0.235 -0.340 -0.425 -0.506 -0.521 -0.551 -0.535 -0.608 -0.682 -0.649 -0.666 -0.639 -0.458 -0.301 -0.440 -0.481 -0.627 -0.610 -0.623 -0.605 -0.507 -0.437 -0.199 -0.052  0.109 -0.110 -0.178  0.048  0.086  0.291  0.431  0.392  0.176 -0.081 -0.403 -0.608 -0.664 -0.636 -0.491 -0.083  0.699  1.000  0.831  0.676
  0.519  0.497  0.284  0.071 -0.346 -0.445 -0.461 -0.297 -0.304 -0.176 -0.222 -0.157 -0.093  0.199  0.203  0.385  0.329  0.386  0.279  0.169  0.021 -0.319 -0.533 -0.547 -0.354 -0.381 -0.592 -0.487 -0.312 -0.467 -0.513 -0.318 -0.250 -0.371 -0.468 -0.559 -0.571 -0.597 -0.597 -0.682 -0.748 -0.707 -0.711 -0.667 -0.473 -0.301 -0.429 -0.486 -0.657 -0.641 -0.655 -0.628 -0.534 -0.464 -0.224 -0.076  0.085 -0.133 -0.201  0.036  0.075  0.286  0.430  0.399  0.176 -0.079 -0.411 -0.625 -0.698 -0.697 -0.590 -0.246  0.476  0.831  1.000  0.912
