  0.000  3.831  6.710 10.287 13.220 16.674 19.758 23.213 24.672 22.389 19.740 16.071 13.827 10.321  8.297  5.514  5.458  5.840  7.600 10.762 10.688 13.677 14.501 16.793 14.138 12.456 16.096 16.664 14.024 15.891 19.074 18.275 17.317 19.833 22.348 22.446 23.672 21.625 24.731 25.111 21.687 21.183 17.944 18.704 16.930 19.209 22.290 21.816 21.224 18.497 20.054 19.197 19.351 17.228 13.630 10.909 11.887 15.483 15.171 13.293 10.503  8.409  5.679  7.659  9.974 12.571 13.881 17.389 18.732 22.437 24.473 27.469 29.790 31.609 33.198 34.600
  3.831  0.000  3.827  6.827 10.058 13.298 16.458 19.871 21.131 18.739 16.053 12.355 10.345  6.820  5.764  4.682  6.299  8.418  9.983 13.146 12.205 14.477 14.321 16.600 14.181 11.632 14.840 15.778 12.762 13.836 17.334 16.712 15.092 17.233 20.124 20.219 21.933 20.244 23.356 23.210 19.729 19.341 16.117 16.841 15.306 17.691 20.626 20.561 19.985 17.722 19.755 19.054 19.949 18.014 14.800 11.766 13.592 16.787 15.687 14.199 10.743  8.891  5.642  5.468  7.925  9.780 11.415 14.679 16.074 19.855 21.942 25.170 27.490 29.482 31.170 32.624
  6.710  3.827  0.000  3.818  6.717 10.056 13.291 16.692 18.307 16.143 13.817 10.162  8.504  6.009  5.389  6.374  7.053  9.506 10.162 13.174 11.761 13.078 12.037 14.613 12.914  9.728 12.558 14.306 11.682 11.945 15.669 15.860 14.163 15.616 18.452 17.944 19.635 17.801 20.620 20.212 16.590 15.888 12.546 13.111 11.728 14.316 17.047 17.038 16.458 14.503 16.895 16.568 17.985 16.059 13.334 10.133 12.645 15.226 13.499 12.645  8.890  8.122  6.006  4.882  5.388  6.414  7.625 10.924 12.491 16.264 18.590 21.794 24.204 26.270 27.968 29.447
 10.287  6.827  3.818  0.000  3.823  6.542  9.952 13.261 14.675 12.416 10.184  6.543  5.763  4.717  6.225  8.836 10.194 13.077 13.704 16.489 14.637 15.261 13.365 15.667 14.431 10.763 12.600 14.711 12.047 11.119 14.944 15.481 13.134 13.804 16.960 16.340 18.561 17.230 19.872 18.791 15.227 14.662 11.564 12.004 11.163 13.707 16.016 16.538 16.000 14.808 17.588 17.477 19.574 17.964 15.815 12.751 15.615 17.673 15.392 15.009 11.220 10.865  9.010  6.412  6.040  4.705  6.112  8.548 10.171 13.916 16.307 19.744 22.124 24.381 26.176 27.698
 13.220 10.058  6.717  3.823  0.000  3.825  6.644 10.166 12.007 10.357  8.503  5.714  5.053  6.374  7.513 10.815 11.699 14.762 15.243 17.422 15.003 14.720 12.060 13.950 13.397  9.559 10.300 12.897 10.820  8.884 12.559 13.876 11.652 11.470 14.347 13.186 15.423 14.239 16.623 15.212 11.699 11.309  8.644  9.618  9.952 12.941 14.449 14.766 13.715 12.935 15.679 15.561 18.235 17.146 15.734 13.218 16.589 17.956 15.534 16.069 12.528 13.229 12.144  9.919  8.424  5.709  4.764  5.736  6.509 10.244 12.513 15.989 18.391 20.721 22.587 24.196
 16.674 13.298 10.056  6.542  3.825  0.000  3.833  6.912  8.678  7.071  6.135  4.649  6.337  8.870 10.919 14.380 15.494 18.534 18.825 21.034 18.637 18.006 14.973 16.695 16.627 12.840 12.764 15.522 13.714 11.000 14.255 15.903 13.307 12.120 15.036 13.634 16.252 15.610 17.465 15.290 12.096 11.627  9.577  9.882 10.654 13.042 13.949 14.975 14.273 14.487 17.508 17.817 20.861 19.885 18.894 16.404 19.701 20.713 17.891 18.575 15.187 15.925 14.983 12.213 10.438  6.860  6.152  4.919  5.847  8.872 11.338 14.910 17.222 19.741 21.645 23.236
 19.758 16.458 13.291  9.952  6.644  3.833  0.000  3.844  5.988  5.854  5.770  6.494  7.925 11.294 13.115 16.783 17.847 21.036 21.467 23.234 20.459 19.336 15.998 17.023 17.369 13.849 12.703 15.361 14.082 10.682 13.184 15.294 12.822 10.649 13.116 11.408 14.212 14.222 15.688 12.963 10.373 10.588  9.803 10.706 12.582 15.031 15.057 15.871 14.666 15.324 17.989 18.116 21.520 21.138 20.689 18.716 22.237 22.865 20.146 21.358 18.172 19.308 18.512 15.899 14.052 10.461  8.915  6.307  5.111  6.819  8.508 12.134 14.259 16.885 18.900 20.577
 23.213 19.871 16.692 13.261 10.166  6.912  3.844  0.000  3.854  5.654  7.214  9.169 11.225 14.669 16.690 20.353 21.419 24.545 24.810 26.542 23.799 22.425 18.927 19.827 20.536 17.163 15.634 18.299 17.336 13.762 15.720 18.018 15.583 12.856 14.910 13.037 15.784 16.211 17.033 13.822 11.922 12.045 11.961 12.340 14.446 16.329 15.717 16.929 15.991 17.358 20.041 20.479 24.046 23.777 23.663 21.775 25.224 25.556 22.645 24.010 21.011 22.246 21.628 18.864 16.841 13.114 11.670  8.447  7.376  7.316  8.627 11.773 13.528 16.187 18.150 19.760
 24.672 21.131 18.307 14.675 12.007  8.678  5.988  3.854  0.000  3.839  6.248  9.321 11.773 15.351 17.847 21.579 23.140 26.473 27.070 28.938 26.132 25.033 21.672 22.398 22.752 19.371 17.885 20.128 18.809 15.214 16.994 18.829 16.008 13.157 15.426 14.228 17.401 18.392 19.412 16.103 14.561 15.162 15.125 15.613 17.488 19.256 18.824 20.223 19.351 20.603 23.242 23.455 26.993 26.777 26.449 24.442 27.891 28.490 25.613 26.727 23.539 24.388 23.342 20.281 18.750 15.080 14.243 11.400 10.426 10.475 11.116 14.110 15.517 18.077 19.982 21.479
 22.389 18.739 16.143 12.416 10.357  7.071  5.854  5.654  3.839  0.000  3.811  6.745  9.709 13.018 15.891 19.539 21.386 24.733 25.441 27.610 24.984 24.315 21.187 22.234 22.153 18.583 17.698 19.867 18.019 14.722 17.040 18.424 15.264 12.991 15.871 15.080 18.424 19.128 20.633 17.638 15.568 15.984 15.205 15.539 16.803 18.556 18.748 20.302 19.664 20.550 23.390 23.562 26.892 26.349 25.581 23.244 26.561 27.533 24.652 25.341 21.963 22.382 21.021 17.765 16.611 13.089 12.958 10.808 10.591 11.698 12.893 16.194 17.836 20.383 22.290 23.780
 19.740 16.053 13.817 10.184  8.503  6.135  5.770  7.214  6.248  3.811  0.000  3.834  6.536  9.892 12.921 16.567 18.733 22.232 23.325 25.522 22.842 22.556 19.731 20.702 20.102 16.540 16.024 17.815 15.507 12.502 15.082 15.943 12.539 10.830 14.178 13.947 17.449 18.096 20.173 17.573 15.247 15.983 14.853 15.680 16.722 18.909 19.602 20.806 19.908 20.164 22.850 22.608 25.727 25.180 24.048 21.672 25.016 26.365 23.758 24.224 20.643 20.778 19.005 15.807 15.196 12.015 12.132 10.782 10.457 12.437 13.540 17.110 18.849 21.349 23.316 24.872
 16.071 12.355 10.162  6.543  5.714  4.649  6.494  9.169  9.321  6.745  3.834  0.000  3.823  6.544  9.759 13.270 15.450 18.849 19.921 22.347 19.910 20.008 17.489 18.885 17.943 14.253 14.543 16.402 13.732 11.342 14.581 15.183 11.878 11.189 14.758 14.522 17.717 17.685 20.115 18.036 15.139 15.471 13.555 14.287 14.688 17.012 18.332 19.391 18.626 18.376 21.149 20.901 23.699 22.790 21.255 18.620 21.807 23.463 20.957 21.078 17.386 17.241 15.295 12.127 11.788  8.980  9.649  9.446  9.890 12.815 14.501 18.179 20.212 22.668 24.610 26.177
 13.827 10.345  8.504  5.763  5.053  6.337  7.925 11.225 11.773  9.709  6.536  3.823  0.000  3.843  6.462 10.148 12.430 16.052 17.605 19.728 17.042 17.368 15.201 16.246 14.817 11.322 11.873 13.205 10.207  8.300 11.691 11.857  8.692  8.908 12.491 12.662 15.664 15.502 18.418 16.910 13.992 14.795 12.891 14.438 14.976 17.863 19.339 19.715 18.414 17.459 19.752 18.909 21.465 20.802 19.086 16.758 20.072 21.933 19.932 20.134 16.430 16.364 14.242 11.719 11.761  9.647  9.754 10.264 10.007 13.265 14.508 18.126 20.163 22.456 24.416 26.046
 10.321  6.820  6.009  4.717  6.374  8.870 11.294 14.669 15.351 13.018  9.892  6.544  3.843  0.000  3.818  6.931  9.724 13.244 15.094 17.527 15.247 16.365 14.927 16.327 14.256 10.981 12.687 13.645 10.216  9.709 13.254 12.736  9.995 11.440 14.857 15.292 17.875 17.213 20.393 19.447 16.305 16.790 14.323 15.685 15.448 18.260 20.350 20.587 19.491 17.964 20.164 19.214 21.197 20.148 17.818 15.235 18.169 20.577 18.902 18.509 14.753 14.034 11.379  9.184 10.238  9.385 10.299 12.057 12.471 16.062 17.579 21.100 23.224 25.398 27.274 28.848
  8.297  5.764  5.389  6.225  7.513 10.919 13.115 16.690 17.847 15.891 12.921  9.759  6.462  3.818  0.000  3.815  6.234  9.951 12.183 14.207 11.747 13.149 12.273 13.501 10.970  8.114 10.517 11.039  7.615  8.399 11.815 11.128  9.407 11.639 14.435 14.809 16.721 15.561 18.948 18.699 15.563 16.113 13.647 15.490 15.295 18.440 20.575 20.157 18.683 16.510 18.168 16.772 18.331 17.416 14.916 12.740 15.699 18.204 17.117 16.883 13.366 12.981 10.633  9.716 10.635 10.538 10.680 12.906 12.961 16.561 17.880 21.127 23.277 25.245 27.051 28.630
  5.514  4.682  6.374  8.836 10.815 14.380 16.783 20.353 21.579 19.539 16.567 13.270 10.148  6.931  3.815  0.000  3.827  7.145 10.076 12.119 10.251 12.663 12.896 14.211 11.121  9.236 12.400 12.345  9.161 11.162 14.143 12.956 11.971 14.765 17.207 17.755 19.201 17.701 21.149 21.434 18.327 18.698 16.060 17.774 17.090 20.079 22.558 21.894 20.526 17.869 19.164 17.590 18.379 17.224 14.179 12.125 14.429 17.441 17.002 16.259 13.072 12.172  9.632  9.924 11.569 12.625 13.076 15.854 16.174 19.783 21.152 24.220 26.370 28.180 29.886 31.399
  5.458  6.299  7.053 10.194 11.699 15.494 17.847 21.419 23.140 21.386 18.733 15.450 12.430  9.724  6.234  3.827  0.000  3.823  6.687  8.368  6.551  9.293 10.197 11.797  8.814  7.592 11.292 11.458  9.229 11.682 14.440 13.840 13.697 16.310 18.200 18.179 18.915 16.746 19.964 20.762 17.615 17.600 14.898 16.616 15.826 18.857 21.311 20.144 18.673 15.594 16.478 14.870 15.144 13.820 10.607  8.918 11.116 14.068 14.139 13.623 10.931 10.712  9.237 10.670 11.515 12.973 12.784 15.797 16.132 19.586 21.051 23.781 25.998 27.641 29.224 30.690
  5.840  8.418  9.506 13.077 14.762 18.534 21.036 24.545 26.473 24.733 22.232 18.849 16.052 13.244  9.951  7.145  3.823  0.000  3.878  5.444  5.393  8.976 11.008 12.885 10.188  9.942 13.735 13.899 12.360 15.034 17.532 17.037 17.298 19.921 21.555 21.332 21.617 19.043 21.992 23.190 20.062 19.638 16.828 18.191 16.947 19.635 22.279 20.855 19.622 16.253 16.768 15.338 14.703 12.926  9.287  7.967  8.926 12.232 13.124 12.184 10.375 10.085  9.403 12.005 12.813 15.009 14.892 18.179 18.816 22.153 23.784 26.263 28.503 29.999 31.443 32.813
  7.600  9.983 10.162 13.704 15.243 18.825 21.467 24.810 27.070 25.441 23.325 19.921 17.605 15.094 12.183 10.076  6.687  3.878  0.000  3.840  5.542  8.323 10.323 12.994 11.298 10.919 14.583 15.536 14.558 16.736 19.365 19.529 19.762 21.928 23.503 22.697 22.736 19.736 22.208 23.425 20.154 19.036 15.998 16.752 15.047 17.339 20.069 18.525 17.694 14.327 14.942 14.246 13.314 10.734  6.918  5.201  5.155  8.688  9.765  8.622  7.591  7.949  8.758 11.887 11.882 14.404 14.142 17.569 18.653 21.819 23.833 26.099 28.435 29.897 31.229 32.514
 10.762 13.146 13.174 16.489 17.422 21.034 23.234 26.542 28.938 27.610 25.522 22.347 19.728 17.527 14.207 12.119  8.368  5.444  3.840  0.000  3.837  6.537  9.678 11.620 10.103 11.020 14.356 14.838 14.670 17.242 19.239 19.481 20.436 22.661 23.649 22.774 22.201 19.002 21.303 23.096 20.197 19.295 16.782 18.004 16.848 19.325 21.615 19.491 18.161 14.486 14.098 12.844 11.074  9.027  5.542  6.239  6.034  8.433 10.676 10.542 10.361 11.501 12.539 15.515 15.220 17.324 16.391 19.447 19.961 22.781 24.385 26.261 28.461 29.661 30.875 32.119
 10.688 12.205 11.761 14.637 15.003 18.637 20.459 23.799 26.132 24.984 22.842 19.910 17.042 15.247 11.747 10.251  6.551  5.393  5.542  3.837  0.000  3.841  6.853  8.287  6.327  7.442 10.713 11.022 11.007 13.630 15.453 15.799 16.929 19.086 19.898 19.061 18.484 15.406 17.950 19.728 16.937 16.507 14.305 16.186 15.729 18.744 20.693 18.511 16.610 12.925 12.462 10.515  9.504  8.370  5.396  6.251  8.110  9.954 11.396 12.051 10.946 12.429 12.924 15.150 14.670 16.038 14.620 17.300 17.239 20.003 21.258 23.177 25.322 26.548 27.859 29.205
 13.677 14.477 13.078 15.261 14.720 18.006 19.336 22.425 25.033 24.315 22.556 20.008 17.368 16.365 13.149 12.663  9.293  8.976  8.323  6.537  3.841  0.000  3.832  5.228  5.133  6.573  8.842  9.835 10.937 12.897 14.350 15.562 16.956 18.482 18.835 17.372 16.283 12.823 14.861 16.863 14.260 13.643 11.921 14.041 14.221 17.363 18.718 16.111 13.762 10.028  8.936  6.720  5.922  5.433  4.117  6.313  8.861  9.227 10.416 12.267 11.461 13.902 14.950 16.732 15.416 16.100 13.864 15.942 15.468 17.714 18.798 20.307 22.417 23.511 24.736 26.072
 14.501 14.321 12.037 13.365 12.060 14.973 15.998 18.927 21.672 21.187 19.731 17.489 15.201 14.927 12.273 12.896 10.197 11.008 10.323  9.678  6.853  3.832  0.000  3.846  5.376  4.974  6.317  8.664  9.898 10.744 12.443 14.402 15.388 16.235 16.664 14.687 13.794 10.254 12.115 13.621 10.732  9.873  8.166 10.592 11.400 14.816 15.774 13.245 10.571  7.078  6.661  4.790  6.346  6.083  5.969  6.847 10.286 10.176 10.019 12.415 11.059 13.878 14.917 15.913 13.997 13.857 11.038 12.566 11.839 13.925 15.116 16.700 18.936 20.218 21.553 22.991
 16.793 16.600 14.613 15.667 13.950 16.695 17.023 19.827 22.398 22.234 20.702 18.885 16.246 16.327 13.501 14.211 11.797 12.885 12.994 11.620  8.287  5.228  3.846  0.000  3.849  5.431  5.074  6.260  8.810  9.930 10.441 12.506 14.333 15.177 14.791 12.940 11.320  7.751  9.816 12.070 10.008 10.339  9.941 13.085 14.625 18.132 18.640 15.967 12.772  9.679  8.188  4.752  6.367  8.106  8.709 10.364 13.555 13.343 13.652 16.129 14.813 17.428 18.083 18.931 17.298 16.826 13.861 14.761 13.094 14.657 14.882 16.078 18.009 19.010 20.335 21.837
 14.138 14.181 12.914 14.431 13.397 16.627 17.369 20.536 22.752 22.153 20.102 17.943 14.817 14.256 10.970 11.121  8.814 10.188 11.298 10.103  6.327  5.133  5.376  3.849  0.000  3.859  5.391  4.925  6.358  8.800  9.664 10.589 12.434 14.169 14.222 13.306 12.380  9.526 12.475 14.395 12.155 12.909 11.891 14.971 15.978 19.565 20.654 18.371 15.522 12.285 11.440  8.313  9.026  9.996  9.107 10.183 13.296 14.131 14.660 16.336 14.572 16.468 16.453 17.425 16.545 16.485 14.164 15.650 14.237 16.476 16.774 18.519 20.443 21.594 23.038 24.557
 12.456 11.632  9.728 10.763  9.559 12.840 13.849 17.163 19.371 18.583 16.540 14.253 11.322 10.981  8.114  9.236  7.592  9.942 10.919 11.020  7.442  6.573  4.974  5.431  3.859  0.000  3.848  5.410  5.167  6.501  8.765 10.028 10.703 12.100 13.003 11.890 11.941  9.333 12.424 13.359 10.412 10.889  9.212 12.180 13.111 16.791 18.029 16.252 13.685 10.826 11.202  9.002 10.742 10.813  9.569  9.245 12.873 13.974 13.526 14.988 12.547 14.304 14.037 14.383 13.320 12.862 10.582 12.117 10.954 13.680 14.480 16.793 18.962 20.508 22.130 23.731
 16.096 14.840 12.558 12.600 10.300 12.764 12.703 15.634 17.885 17.698 16.024 14.543 11.873 12.687 10.517 12.400 11.292 13.735 14.583 14.356 10.713  8.842  6.317  5.074  5.391  3.848  0.000  3.840  5.418  5.072  6.232  8.775  9.854 10.279 10.372  8.608  8.230  5.578  8.818  9.707  7.162  8.609  8.274 11.900 13.882 17.621 18.103 16.213 13.119 10.883 10.918  8.486 11.140 12.172 12.044 12.216 15.931 16.353 15.674 17.723 15.418 17.515 17.366 17.225 15.770 14.481 11.594 11.916  9.636 11.555 11.545 13.573 15.606 17.102 18.814 20.543
 16.664 15.778 14.306 14.711 12.897 15.522 15.361 18.299 20.128 19.867 17.815 16.402 13.205 13.645 11.039 12.345 11.458 13.899 15.536 14.838 11.022  9.835  8.664  6.260  4.925  5.410  3.840  0.000  3.845  5.417  4.904  6.301  8.662  9.998  9.456  8.900  8.224  6.506 10.161 11.617 10.024 12.141 12.096 15.709 17.522 21.265 21.894 19.942 16.802 14.340 13.803 10.696 12.535 14.070 13.665 14.259 17.713 18.481 18.398 20.188 17.917 19.630 19.063 19.142 18.322 17.361 14.891 15.419 13.057 14.888 14.280 16.111 17.763 18.974 20.628 22.308
 14.024 12.762 11.682 12.047 10.820 13.714 14.082 17.336 18.809 18.019 15.507 13.732 10.207 10.216  7.615  9.161  9.229 12.360 14.558 14.670 11.007 10.937  9.898  8.810  6.358  5.167  5.418  3.845  0.000  3.851  5.353  5.109  6.162  8.477  9.322  9.661 10.449  9.419 13.171 13.801 11.638 13.515 12.656 15.924 17.227 20.922 22.032 20.604 17.913 15.508 15.777 13.145 14.924 15.641 14.372 14.047 17.494 18.960 18.578 19.719 16.935 17.981 16.760 16.518 16.271 15.429 13.649 14.599 12.735 15.281 15.158 17.661 19.458 20.987 22.758 24.434
 15.891 13.836 11.945 11.119  8.884 11.000 10.682 13.762 15.214 14.722 12.502 11.342  8.300  9.709  8.399 11.162 11.682 15.034 16.736 17.242 13.630 12.897 10.744  9.930  8.800  6.501  5.072  5.417  3.851  0.000  3.852  5.470  5.046  5.628  6.953  6.646  8.428  8.047 11.573 11.230  9.000 11.224 10.774 14.083 15.912 19.564 20.264 19.174 16.493 14.816 15.598 13.495 16.090 16.790 15.982 15.307 19.027 20.141 19.094 20.488 17.504 18.751 17.615 16.646 15.908 14.196 12.117 12.169  9.776 12.081 11.768 14.550 16.384 18.183 20.122 21.902
 19.074 17.334 15.669 14.944 12.559 14.255 13.184 15.720 16.994 17.040 15.082 14.581 11.691 13.254 11.815 14.143 14.440 17.532 19.365 19.239 15.453 14.350 12.443 10.441  9.664  8.765  6.232  4.904  5.353  3.852  0.000  3.841  5.570  5.653  4.590  4.792  5.775  6.541 10.097 10.221  9.282 12.372 12.973 16.592 18.880 22.558 22.852 21.438 18.360 16.738 16.796 14.187 16.712 18.201 17.906 17.928 21.599 22.404 21.709 23.445 20.740 22.212 21.204 20.423 19.658 17.910 15.565 15.184 12.214 13.609 12.241 14.339 15.693 17.120 19.016 20.813
 18.275 16.712 15.860 15.481 13.876 15.903 15.294 18.018 18.829 18.424 15.943 15.183 11.857 12.736 11.128 12.956 13.840 17.037 19.529 19.481 15.799 15.562 14.402 12.506 10.589 10.028  8.775  6.301  5.109  5.470  3.841  0.000  3.849  6.112  5.820  7.957  9.233 10.113 13.729 14.018 13.002 15.883 15.963 19.425 21.252 24.928 25.646 24.364 21.468 19.528 19.611 16.795 18.799 20.110 19.225 19.099 22.560 23.904 23.473 24.737 21.871 22.795 21.262 20.557 20.499 19.158 17.422 17.575 15.037 16.895 15.749 18.026 19.286 20.646 22.467 24.155
 17.317 15.092 14.163 13.134 11.652 13.307 12.822 15.583 16.008 15.264 12.539 11.878  8.692  9.995  9.407 11.971 13.697 17.298 19.762 20.436 16.929 16.956 15.388 14.333 12.434 10.703  9.854  8.662  6.162  5.046  5.570  3.849  0.000  3.810  5.970  8.240 10.840 11.868 15.365 14.781 13.272 15.879 15.534 18.612 20.228 23.741 24.615 23.873 21.364 19.777 20.578 18.292 20.609 21.366 20.175 19.327 22.852 24.443 23.506 24.445 21.210 21.763 19.868 18.559 18.687 17.061 15.807 15.860 13.643 15.826 15.083 17.911 19.324 21.039 22.979 24.681
 19.833 17.233 15.616 13.804 11.470 12.120 10.649 12.856 13.157 12.991 10.830 11.189  8.908 11.440 11.639 14.765 16.310 19.921 21.928 22.661 19.086 18.482 16.235 15.177 14.169 12.100 10.279  9.998  8.477  5.628  5.653  6.112  3.810  0.000  3.852  5.721  9.197 10.974 13.933 12.557 11.452 14.341 14.606 17.627 19.747 23.143 23.521 22.972 20.436 19.475 20.466 18.530 21.369 22.261 21.560 20.688 24.402 25.577 24.241 25.516 22.293 23.173 21.556 19.847 19.426 17.133 15.529 14.680 11.967 13.486 12.275 15.089 16.341 18.194 20.240 22.003
 22.348 20.124 18.452 16.960 14.347 15.036 13.116 14.910 15.426 15.871 14.178 14.758 12.491 14.857 14.435 17.207 18.200 21.555 23.503 23.649 19.898 18.835 16.664 14.791 14.222 13.003 10.372  9.456  9.322  6.953  4.590  5.820  5.970  3.852  0.000  3.824  6.560  9.285 11.970 11.002 10.985 14.462 15.560 18.945 21.501 24.998 24.993 24.009 21.060 20.075 20.429 18.131 20.940 22.461 22.263 22.023 25.762 26.568 25.536 27.231 24.309 25.590 24.296 22.933 22.258 20.001 17.884 16.791 13.559 14.318 12.240 14.277 15.103 16.562 18.550 20.336
 22.446 20.219 17.944 16.340 13.186 13.634 11.408 13.037 14.228 15.080 13.947 14.522 12.662 15.292 14.809 17.755 18.179 21.332 22.697 22.774 19.061 17.372 14.687 12.940 13.306 11.890  8.608  8.900  9.661  6.646  4.792  7.957  8.240  5.721  3.824  0.000  3.898  6.492  8.696  7.278  7.379 10.990 12.608 16.025 18.942 22.379 21.998 20.870 17.809 17.149 17.504 15.540 18.706 20.269 20.552 20.435 24.239 24.576 23.348 25.415 22.720 24.465 23.686 22.387 21.097 18.612 15.969 14.446 10.887 11.090  8.773 10.645 11.711 13.355 15.480 17.429
 23.672 21.933 19.635 18.561 15.423 16.252 14.212 15.784 17.401 18.424 17.449 17.717 15.664 17.875 16.721 19.201 18.915 21.617 22.736 22.201 18.484 16.283 13.794 11.320 12.380 11.941  8.230  8.224 10.449  8.428  5.775  9.233 10.840  9.197  6.560  3.898  0.000  3.892  5.645  5.705  6.933 10.613 12.837 16.473 19.578 23.054 22.431 20.717 17.284 16.406 15.949 13.631 16.631 18.788 19.630 20.215 23.902 23.804 22.983 25.448 23.203 25.365 25.024 24.228 22.694 20.487 17.435 16.059 12.449 12.196  9.644 10.408 11.267 12.329 14.254 16.210
 21.625 20.244 17.801 17.230 14.239 15.610 14.222 16.211 18.392 19.128 18.096 17.685 15.502 17.213 15.561 17.701 16.746 19.043 19.736 19.002 15.406 12.823 10.254  7.751  9.526  9.333  5.578  6.506  9.419  8.047  6.541 10.113 11.868 10.974  9.285  6.492  3.892  0.000  3.842  5.511  5.353  8.317 10.275 14.010 16.960 20.486 19.990 17.879 14.314 13.002 12.234  9.784 12.823 14.981 16.035 16.888 20.484 20.152 19.497 22.138 20.198 22.654 22.734 22.364 20.580 18.721 15.427 14.502 11.237 11.362  9.716 10.498 11.955 13.025 14.763 16.647
 24.731 23.356 20.620 19.872 16.623 17.465 15.688 17.033 19.412 20.633 20.173 20.115 18.418 20.393 18.948 21.149 19.964 21.992 22.208 21.303 17.950 14.861 12.115  9.816 12.475 12.424  8.818 10.161 13.171 11.573 10.097 13.729 15.365 13.933 11.970  8.696  5.645  3.842  0.000  3.841  5.578  7.994 10.999 14.351 17.686 20.898 19.756 17.446 13.773 13.155 12.019 10.184 13.362 15.801 17.621 18.759 22.199 21.240 20.487 23.540 21.986 24.810 25.314 24.941 22.731 20.675 17.102 15.640 12.318 11.306  9.225  8.647  9.776 10.420 12.019 13.967
 25.111 23.210 20.212 18.791 15.212 15.290 12.963 13.822 16.103 17.638 17.573 18.036 16.910 19.447 18.699 21.434 20.762 23.190 23.425 23.096 19.728 16.863 13.621 12.070 14.395 13.359  9.707 11.617 13.801 11.230 10.221 14.018 14.781 12.557 11.002  7.278  5.705  5.511  3.841  0.000  3.834  6.784 10.156 13.241 16.840 19.901 18.526 16.817 13.440 13.626 13.484 12.388 15.959 17.817 19.353 19.822 23.436 22.633 21.273 24.165 22.263 24.922 25.236 24.313 21.994 19.421 15.928 13.769 10.166  8.473  5.716  5.279  6.818  8.363 10.509 12.719
 21.687 19.729 16.590 15.227 11.699 12.096 10.373 11.922 14.561 15.568 15.247 15.139 13.992 16.305 15.563 18.327 17.615 20.062 20.154 20.197 16.937 14.260 10.732 10.008 12.155 10.412  7.162 10.024 11.638  9.000  9.282 13.002 13.272 11.452 10.985  7.379  6.933  5.353  5.578  3.834  0.000  3.819  6.560  9.897 13.333 16.586 15.641 14.046 10.770 10.676 11.237 10.416 14.153 15.360 16.475 16.490 20.174 19.611 18.003 20.693 18.611 21.197 21.521 20.593 18.212 15.710 12.183 10.292  6.818  6.133  5.013  6.520  8.918 10.877 12.896 14.909
 21.183 19.341 15.888 14.662 11.309 11.627 10.588 12.045 15.162 15.984 15.983 15.471 14.795 16.790 16.113 18.698 17.600 19.638 19.036 19.295 16.507 13.643  9.873 10.339 12.909 10.889  8.609 12.141 13.515 11.224 12.372 15.883 15.879 14.341 14.462 10.990 10.613  8.317  7.994  6.784  3.819  0.000  3.827  6.577 10.194 13.229 12.059 10.310  7.068  7.588  8.864  9.306 13.092 13.624 14.960 14.748 18.221 17.267 15.267 18.136 16.370 19.272 20.146 19.354 16.468 14.053 10.303  8.397  5.876  5.147  6.185  7.434 10.095 12.036 13.757 15.547
 17.944 16.117 12.546 11.564  8.644  9.577  9.803 11.961 15.125 15.205 14.853 13.555 12.891 14.323 13.647 16.060 14.898 16.828 15.998 16.782 14.305 11.921  8.166  9.941 11.891  9.212  8.274 12.096 12.656 10.774 12.973 15.963 15.534 14.606 15.560 12.608 12.837 10.275 10.999 10.156  6.560  3.827  0.000  3.822  6.865 10.316 10.074  8.582  5.957  5.710  8.267  9.129 12.540 12.070 12.659 11.703 15.181 14.623 12.264 14.765 12.731 15.536 16.471 15.741 12.745 10.571  6.774  5.810  4.794  6.324  8.757 10.824 13.480 15.459 17.081 18.693
 18.704 16.841 13.111 12.004  9.618  9.882 10.706 12.340 15.613 15.539 15.680 14.287 14.438 15.685 15.490 17.774 16.616 18.191 16.752 18.004 16.186 14.041 10.592 13.085 14.971 12.180 11.900 15.709 15.924 14.083 16.592 19.425 18.612 17.627 18.945 16.025 16.473 14.010 14.351 13.241  9.897  6.577  3.822  0.000  3.823  6.753  6.354  5.543  4.551  5.855  9.409 11.465 14.462 13.190 13.706 12.177 15.127 14.326 11.247 13.562 11.805 14.656 16.076 15.209 11.696  9.503  6.069  5.062  6.291  7.479 10.804 12.673 15.274 17.259 18.716 20.125
 16.930 15.306 11.728 11.163  9.952 10.654 12.582 14.446 17.488 16.803 16.722 14.688 14.976 15.448 15.295 17.090 15.826 16.947 15.047 16.848 15.729 14.221 11.400 14.625 15.978 13.111 13.882 17.522 17.227 15.912 18.880 21.252 20.228 19.747 21.501 18.942 19.578 16.960 17.686 16.840 13.333 10.194  6.865  3.823  0.000  3.846  5.592  5.612  6.548  6.974 10.768 13.064 15.348 13.175 12.978 10.685 13.059 12.579  9.030 10.634  8.909 11.616 13.446 12.806  9.054  7.683  5.320  6.314  8.991 10.911 14.384 16.432 18.992 20.926 22.286 23.557
 19.209 17.691 14.316 13.707 12.941 13.042 15.031 16.329 19.256 18.556 18.909 17.012 17.863 18.260 18.440 20.079 18.857 19.635 17.339 19.325 18.744 17.363 14.816 18.132 19.565 16.791 17.621 21.265 20.922 19.564 22.558 24.928 23.741 23.143 24.998 22.379 23.054 20.486 20.898 19.901 16.586 13.229 10.316  6.753  3.846  0.000  3.849  5.657  8.396  9.649 13.288 16.101 18.092 15.608 15.508 13.135 14.702 13.936 10.156 11.274 10.318 12.685 14.917 14.248 10.468  9.472  8.287  8.938 12.000 13.398 17.030 18.814 21.263 23.134 24.338 25.441
 22.290 20.626 17.047 16.016 14.449 13.949 15.057 15.717 18.824 18.748 19.602 18.332 19.339 20.350 20.575 22.558 21.311 22.279 20.069 21.615 20.693 18.718 15.774 18.640 20.654 18.029 18.103 21.894 22.032 20.264 22.852 25.646 24.615 23.521 24.993 21.998 22.431 19.990 19.756 18.526 15.641 12.059 10.074  6.354  5.592  3.849  0.000  3.820  6.954  9.577 12.979 16.086 18.452 16.511 17.199 15.440 17.257 15.889 12.317 14.204 13.506 16.186 18.351 17.532 13.729 12.071 10.125  9.392 11.736 12.042 15.529 16.749 19.063 20.827 21.928 22.975
 21.816 20.561 17.038 16.538 14.766 14.975 15.871 16.929 20.223 20.302 20.806 19.391 19.715 20.587 20.157 21.894 20.144 20.855 18.525 19.491 18.511 16.111 13.245 15.967 18.371 16.252 16.213 19.942 20.604 19.174 21.438 24.364 23.873 22.972 24.009 20.870 20.717 17.879 17.446 16.817 14.046 10.310  8.582  5.543  5.612  5.657  3.820  0.000  3.827  6.472  9.524 12.878 15.112 13.364 14.608 13.531 15.415 13.514 10.337 13.049 12.783 16.053 18.476 18.247 14.489 13.186 10.525 10.119 11.633 11.844 14.915 15.752 18.061 19.579 20.584 21.621
 21.224 19.985 16.458 16.000 13.715 14.273 14.666 15.991 19.351 19.664 19.908 18.626 18.414 19.491 18.683 20.526 18.673 19.622 17.694 18.161 16.610 13.762 10.571 12.772 15.522 13.685 13.119 16.802 17.913 16.493 18.360 21.468 21.364 20.436 21.060 17.809 17.284 14.314 13.773 13.440 10.770  7.068  5.957  4.551  6.548  8.396  6.954  3.827  0.000  3.826  6.568  9.638 12.370 11.368 13.051 12.609 15.102 13.208 10.627 13.839 13.239 16.698 18.783 18.638 15.097 13.573 10.207  9.524  9.847  9.862 12.393 13.067 15.419 16.883 17.984 19.183
 18.497 17.722 14.503 14.808 12.935 14.487 15.324 17.358 20.603 20.550 20.164 18.376 17.459 17.964 16.510 17.869 15.594 16.253 14.327 14.486 12.925 10.028  7.078  9.679 12.285 10.826 10.883 14.340 15.508 14.816 16.738 19.528 19.777 19.475 20.075 17.149 16.406 13.002 13.155 13.626 10.676  7.588  5.710  5.855  6.974  9.649  9.577  6.472  3.826  0.000  3.839  6.632  9.057  7.783  9.331  9.247 11.926 10.184  8.177 11.577 10.994 14.596 16.679 17.109 13.911 13.068  9.743 10.229 10.397 11.397 13.599 14.616 17.001 18.372 19.502 20.748
 20.054 19.755 16.895 17.588 15.679 17.508 17.989 20.041 23.242 23.390 22.850 21.149 19.752 20.164 18.168 19.164 16.478 16.768 14.942 14.098 12.462  8.936  6.661  8.188 11.440 11.202 10.918 13.803 15.777 15.598 16.796 19.611 20.578 20.466 20.429 17.504 15.949 12.234 12.019 13.484 11.237  8.864  8.267  9.409 10.768 13.288 12.979  9.524  6.568  3.839  0.000  3.839  5.934  5.857  8.717 10.160 12.540 10.297  9.651 13.313 13.294 16.939 19.039 19.915 17.033 16.456 13.114 13.565 12.988 13.585 14.950 15.343 17.453 18.383 19.307 20.463
 19.197 19.054 16.568 17.477 15.561 17.817 18.116 20.479 23.455 23.562 22.608 20.901 18.909 19.214 16.772 17.590 14.870 15.338 14.246 12.844 10.515  6.720  4.790  4.752  8.313  9.002  8.486 10.696 13.145 13.495 14.187 16.795 18.292 18.530 18.131 15.540 13.631  9.784 10.184 12.388 10.416  9.306  9.129 11.465 13.064 16.101 16.086 12.878  9.638  6.632  3.839  0.000  3.852  5.692  8.182 10.277 13.009 11.490 11.620 14.885 14.420 17.726 19.276 20.249 17.886 17.368 14.060 14.656 13.401 14.270 14.935 15.460 17.440 18.266 19.305 20.616
 19.351 19.949 17.985 19.574 18.235 20.861 21.520 24.046 26.993 26.892 25.727 23.699 21.465 21.197 18.331 18.379 15.144 14.703 13.314 11.074  9.504  5.922  6.346  6.367  9.026 10.742 11.140 12.535 14.924 16.090 16.712 18.799 20.609 21.369 20.940 18.706 16.631 12.823 13.362 15.959 14.153 13.092 12.540 14.462 15.348 18.092 18.452 15.112 12.370  9.057  5.934  3.852  0.000  3.811  6.766  9.997 11.812 10.069 11.442 14.504 14.765 17.980 19.781 21.417 19.347 19.521 16.588 17.770 16.894 18.009 18.743 19.204 21.069 21.689 22.564 23.709
 17.228 18.014 16.059 17.964 17.146 19.885 21.138 23.777 26.777 26.349 25.180 22.790 20.802 20.148 17.416 17.224 13.820 12.926 10.734  9.027  8.370  5.433  6.083  8.106  9.996 10.813 12.172 14.070 15.641 16.790 18.201 20.110 21.366 22.261 22.461 20.269 18.788 14.981 15.801 17.817 15.360 13.624 12.070 13.190 13.175 15.608 16.511 13.364 11.368  7.783  5.857  5.692  3.811  0.000  3.834  6.927  8.307  6.307  7.805 10.794 11.447 14.756 16.970 18.881 16.731 17.393 14.846 16.605 16.553 18.129 19.583 20.464 22.570 23.465 24.403 25.519
 13.630 14.800 13.334 15.815 15.734 18.894 20.689 23.663 26.449 25.581 24.048 21.255 19.086 17.818 14.916 14.179 10.607  9.287  6.918  5.542  5.396  4.117  5.969  8.709  9.107  9.569 12.044 13.665 14.372 15.982 17.906 19.225 20.175 21.560 22.263 20.552 19.630 16.035 17.621 19.353 16.475 14.960 12.659 13.706 12.978 15.508 17.199 14.608 13.051  9.331  8.717  8.182  6.766  3.834  0.000  3.824  5.279  5.154  6.926  8.739  8.938 11.739 13.702 15.981 14.363 15.644 13.746 16.236 16.617 18.899 20.614 22.089 24.325 25.466 26.580 27.784
 10.909 11.766 10.133 12.751 13.218 16.404 18.716 21.775 24.442 23.244 21.672 18.620 16.758 15.235 12.740 12.125  8.918  7.967  5.201  6.239  6.251  6.313  6.847 10.364 10.183  9.245 12.216 14.259 14.047 15.307 17.928 19.099 19.327 20.688 22.023 20.435 20.215 16.888 18.759 19.822 16.490 14.748 11.703 12.177 10.685 13.135 15.440 13.531 12.609  9.247 10.160 10.277  9.997  6.927  3.824  0.000  3.855  5.486  5.466  6.204  5.314  8.061 10.082 12.298 10.658 12.304 10.987 14.014 15.092 17.851 20.065 22.035 24.435 25.886 27.148 28.410
 11.887 13.592 12.645 15.615 16.589 19.701 22.237 25.224 27.891 26.561 25.016 21.807 20.072 18.169 15.699 14.429 11.116  8.926  5.155  6.034  8.110  8.861 10.286 13.555 13.296 12.873 15.931 17.713 17.494 19.027 21.599 22.560 22.852 24.402 25.762 24.239 23.902 20.484 22.199 23.436 20.174 18.221 15.181 15.127 13.059 14.702 17.257 15.415 15.102 11.926 12.540 13.009 11.812  8.307  5.279  3.855  0.000  3.858  5.423  4.680  5.915  8.019 10.720 13.699 12.413 14.784 14.041 17.230 18.669 21.356 23.709 25.545 27.922 29.272 30.416 31.564
 15.483 16.787 15.226 17.673 17.956 20.713 22.865 25.556 28.490 27.533 26.365 23.463 21.933 20.577 18.204 17.441 14.068 12.232  8.688  8.433  9.954  9.227 10.176 13.343 14.131 13.974 16.353 18.481 18.960 20.141 22.404 23.904 24.443 25.577 26.568 24.576 23.804 20.152 21.240 22.633 19.611 17.267 14.623 14.326 12.579 13.936 15.889 13.514 13.208 10.184 10.297 11.490 10.069  6.307  5.154  5.486  3.858  0.000  3.836  5.460  7.799 10.826 13.912 16.472 14.463 16.240 14.821 17.460 18.721 20.847 23.156 24.509 26.816 27.980 28.953 29.993
 15.171 15.687 13.499 15.392 15.534 17.891 20.146 22.645 25.613 24.652 23.758 20.957 19.932 18.902 17.117 17.002 14.139 13.124  9.765 10.676 11.396 10.416 10.019 13.652 14.660 13.526 15.674 18.398 18.578 19.094 21.709 23.473 23.506 24.241 25.536 23.348 22.983 19.497 20.487 21.273 18.003 15.267 12.264 11.247  9.030 10.156 12.317 10.337 10.627  8.177  9.651 11.620 11.442  7.805  6.926  5.466  5.423  3.836  0.000  3.854  5.607  9.209 12.494 14.403 11.779 13.222 11.819 14.375 16.108 18.238 20.946 22.485 24.899 26.281 27.338 28.412
 13.293 14.199 12.645 15.009 16.069 18.575 21.358 24.010 26.727 25.341 24.224 21.078 20.134 18.509 16.883 16.259 13.623 12.184  8.622 10.542 12.051 12.267 12.415 16.129 16.336 14.988 17.723 20.188 19.719 20.488 23.445 24.737 24.445 25.516 27.231 25.415 25.448 22.138 23.540 24.165 20.693 18.136 14.765 13.562 10.634 11.274 14.204 13.049 13.839 11.577 13.313 14.885 14.504 10.794  8.739  6.204  4.680  5.460  3.854  0.000  3.841  6.376 10.027 12.458 10.441 12.866 12.575 15.723 17.959 20.542 23.445 25.356 27.825 29.347 30.485 31.579
 10.503 10.743  8.890 11.220 12.528 15.187 18.172 21.011 23.539 21.963 20.643 17.386 16.430 14.753 13.366 13.072 10.931 10.375  7.591 10.361 10.946 11.461 11.059 14.813 14.572 12.547 15.418 17.917 16.935 17.504 20.740 21.871 21.210 22.293 24.309 22.720 23.203 20.198 21.986 22.263 18.611 16.370 12.731 11.805  8.909 10.318 13.506 12.783 13.239 10.994 13.294 14.420 14.765 11.447  8.938  5.314  5.915  7.799  5.607  3.841  0.000  3.830  6.977  8.963  6.881  9.397  9.430 12.925 15.245 18.233 21.155 23.478 26.001 27.729 29.049 30.274
  8.409  8.891  8.122 10.865 13.229 15.925 19.308 22.246 24.388 22.382 20.778 17.241 16.364 14.034 12.981 12.172 10.712 10.085  7.949 11.501 12.429 13.902 13.878 17.428 16.468 14.304 17.515 19.630 17.981 18.751 22.212 22.795 21.763 23.173 25.590 24.465 25.365 22.654 24.810 24.922 21.197 19.272 15.536 14.656 11.616 12.685 16.186 16.053 16.698 14.596 16.939 17.726 17.980 14.756 11.739  8.061  8.019 10.826  9.209  6.376  3.830  0.000  3.837  6.582  6.022  9.582 10.951 14.691 17.247 20.558 23.503 26.148 28.667 30.511 31.914 33.163
  5.679  5.642  6.006  9.010 12.144 14.983 18.512 21.628 23.342 21.021 19.005 15.295 14.242 11.379 10.633  9.632  9.237  9.403  8.758 12.539 12.924 14.950 14.917 18.083 16.453 14.037 17.366 19.063 16.760 17.615 21.204 21.262 19.868 21.556 24.296 23.686 25.024 22.734 25.314 25.236 21.521 20.146 16.471 16.076 13.446 14.917 18.351 18.476 18.783 16.679 19.039 19.276 19.781 16.970 13.702 10.082 10.720 13.912 12.494 10.027  6.977  3.837  0.000  3.843  5.583  9.132 11.216 14.958 17.316 20.925 23.664 26.641 29.117 31.076 32.611 33.942
  7.659  5.468  4.882  6.412  9.919 12.213 15.899 18.864 20.281 17.765 15.807 12.127 11.719  9.184  9.716  9.924 10.670 12.005 11.887 15.515 15.150 16.732 15.913 18.931 17.425 14.383 17.225 19.142 16.518 16.646 20.423 20.557 18.559 19.847 22.933 22.387 24.228 22.364 24.941 24.313 20.593 19.354 15.741 15.209 12.806 14.248 17.532 18.247 18.638 17.109 19.915 20.249 21.417 18.881 15.981 12.298 13.699 16.472 14.403 12.458  8.963  6.582  3.843  0.000  3.843  6.638  9.602 13.012 15.567 19.215 22.028 25.246 27.699 29.835 31.466 32.839
  9.974  7.925  5.388  6.040  8.424 10.438 14.052 16.841 18.750 16.611 15.196 11.788 11.761 10.238 10.635 11.569 11.515 12.813 11.882 15.220 14.670 15.416 13.997 17.298 16.545 13.320 15.770 18.322 16.271 15.908 19.658 20.499 18.687 19.426 22.258 21.097 22.694 20.580 22.731 21.994 18.212 16.468 12.745 11.696  9.054 10.468 13.729 14.489 15.097 13.911 17.033 17.886 19.347 16.731 14.363 10.658 12.413 14.463 11.779 10.441  6.881  6.022  5.583  3.843  0.000  3.828  6.497 10.017 12.961 16.404 19.511 22.537 25.059 27.189 28.764 30.116
 12.571  9.780  6.414  4.705  5.709  6.860 10.461 13.114 15.080 13.089 12.015  8.980  9.647  9.385 10.538 12.625 12.973 15.009 14.404 17.324 16.038 16.100 13.857 16.826 16.485 12.862 14.481 17.361 15.429 14.196 17.910 19.158 17.061 17.133 20.001 18.612 20.487 18.721 20.675 19.421 15.710 14.053 10.571  9.503  7.683  9.472 12.071 13.186 13.573 13.068 16.456 17.368 19.521 17.393 15.644 12.304 14.784 16.240 13.222 12.866  9.397  9.582  9.132  6.638  3.828  0.000  3.819  6.659  9.776 13.143 16.321 19.473 21.982 24.252 25.912 27.326
 13.881 11.415  7.625  6.112  4.764  6.152  8.915 11.670 14.243 12.958 12.132  9.649  9.754 10.299 10.680 13.076 12.784 14.892 14.142 16.391 14.620 13.864 11.038 13.861 14.164 10.582 11.594 14.891 13.649 12.117 15.565 17.422 15.807 15.529 17.884 15.969 17.435 15.427 17.102 15.928 12.183 10.303  6.774  6.069  5.320  8.287 10.125 10.525 10.207  9.743 13.114 14.060 16.588 14.846 13.746 10.987 14.041 14.821 11.819 12.575  9.430 10.951 11.216  9.602  6.497  3.819  0.000  3.829  6.632  9.966 13.148 16.111 18.696 20.915 22.577 24.054
 17.389 14.679 10.924  8.548  5.736  4.919  6.307  8.447 11.400 10.808 10.782  9.446 10.264 12.057 12.906 15.854 15.797 18.179 17.569 19.447 17.300 15.942 12.566 14.761 15.650 12.117 11.916 15.419 14.599 12.169 15.184 17.575 15.860 14.680 16.791 14.446 16.059 14.502 15.640 13.769 10.292  8.397  5.810  5.062  6.314  8.938  9.392 10.119  9.524 10.229 13.565 14.656 17.770 16.605 16.236 14.014 17.230 17.460 14.375 15.723 12.925 14.691 14.958 13.012 10.017  6.659  3.829  0.000  3.820  6.608 10.063 13.059 15.641 18.028 19.774 21.317
 18.732 16.074 12.491 10.171  6.509  5.847  5.111  7.376 10.426 10.591 10.457  9.890 10.007 12.471 12.961 16.174 16.132 18.816 18.653 19.961 17.239 15.468 11.839 13.094 14.237 10.954  9.636 13.057 12.735  9.776 12.214 15.037 13.643 11.967 13.559 10.887 12.449 11.237 12.318 10.166  6.818  5.876  4.794  6.291  8.991 12.000 11.736 11.633  9.847 10.397 12.988 13.401 16.894 16.553 16.617 15.092 18.669 18.721 16.108 17.959 15.245 17.247 17.316 15.567 12.961  9.776  6.632  3.820  0.000  3.822  6.610  9.869 12.493 14.967 16.896 18.633
 22.437 19.855 16.264 13.916 10.244  8.872  6.819  7.316 10.475 11.698 12.437 12.815 13.265 16.062 16.561 19.783 19.586 22.153 21.819 22.781 20.003 17.714 13.925 14.657 16.476 13.680 11.555 14.888 15.281 12.081 13.609 16.895 15.826 13.486 14.318 11.090 12.196 11.362 11.306  8.473  6.133  5.147  6.324  7.479 10.911 13.398 12.042 11.844  9.862 11.397 13.585 14.270 18.009 18.129 18.899 17.851 21.356 20.847 18.238 20.542 18.233 20.558 20.925 19.215 16.404 13.143  9.966  6.608  3.822  0.000  3.822  6.609  9.329 11.967 13.965 15.788
 24.473 21.942 18.590 16.307 12.513 11.338  8.508  8.627 11.116 12.893 13.540 14.501 14.508 17.579 17.880 21.152 21.051 23.784 23.833 24.385 21.258 18.798 15.116 14.882 16.774 14.480 11.545 14.280 15.158 11.768 12.241 15.749 15.083 12.275 12.240  8.773  9.644  9.716  9.225  5.716  5.013  6.185  8.757 10.804 14.384 17.030 15.529 14.915 12.393 13.599 14.950 14.935 18.743 19.583 20.614 20.065 23.709 23.156 20.946 23.445 21.155 23.503 23.664 22.028 19.511 16.321 13.148 10.063  6.610  3.822  0.000  3.825  6.481  9.288 11.591 13.667
 27.469 25.170 21.794 19.744 15.989 14.910 12.134 11.773 14.110 16.194 17.110 18.179 18.126 21.100 21.127 24.220 23.781 26.263 26.099 26.261 23.177 20.307 16.700 16.078 18.519 16.793 13.573 16.111 17.661 14.550 14.339 18.026 17.911 15.089 14.277 10.645 10.408 10.498  8.647  5.279  6.520  7.434 10.824 12.673 16.432 18.814 16.749 15.752 13.067 14.616 15.343 15.460 19.204 20.464 22.089 22.035 25.545 24.509 22.485 25.356 23.478 26.148 26.641 25.246 22.537 19.473 16.111 13.059  9.869  6.609  3.825  0.000  3.830  6.425  8.795 11.053
 29.790 27.490 24.204 22.124 18.391 17.222 14.259 13.528 15.517 17.836 18.849 20.212 20.163 23.224 23.277 26.370 25.998 28.503 28.435 28.461 25.322 22.417 18.936 18.009 20.443 18.962 15.606 17.763 19.458 16.384 15.693 19.286 19.324 16.341 15.103 11.711 11.267 11.955  9.776  6.818  8.918 10.095 13.480 15.274 18.992 21.263 19.063 18.061 15.419 17.001 17.453 17.440 21.069 22.570 24.325 24.435 27.922 26.816 24.899 27.825 26.001 28.667 29.117 27.699 25.059 21.982 18.696 15.641 12.493  9.329  6.481  3.830  0.000  3.834  6.601  9.129
 31.609 29.482 26.270 24.381 20.721 19.741 16.885 16.187 18.077 20.383 21.349 22.668 22.456 25.398 25.245 28.180 27.641 29.999 29.897 29.661 26.548 23.511 20.218 19.010 21.594 20.508 17.102 18.974 20.987 18.183 17.120 20.646 21.039 18.194 16.562 13.355 12.329 13.025 10.420  8.363 10.877 12.036 15.459 17.259 20.926 23.134 20.827 19.579 16.883 18.372 18.383 18.266 21.689 23.465 25.466 25.886 29.272 27.980 26.281 29.347 27.729 30.511 31.076 29.835 27.189 24.252 20.915 18.028 14.967 11.967  9.288  6.425  3.834  0.000  3.845  6.769
 33.198 31.170 27.968 26.176 22.587 21.645 18.900 18.150 19.982 22.290 23.316 24.610 24.416 27.274 27.051 29.886 29.224 31.443 31.229 30.875 27.859 24.736 21.553 20.335 23.038 22.130 18.814 20.628 22.758 20.122 19.016 22.467 22.979 20.240 18.550 15.480 14.254 14.763 12.019 10.509 12.896 13.757 17.081 18.716 22.286 24.338 21.928 20.584 17.984 19.502 19.307 19.305 22.564 24.403 26.580 27.148 30.416 28.953 27.338 30.485 29.049 31.914 32.611 31.466 28.764 25.912 22.577 19.774 16.896 13.965 11.591  8.795  6.601  3.845  0.000  3.811
