  1.000  0.734  0.472  0.144 -0.230 -0.321 -0.322 -0.261 -0.252 -0.251 -0.255 -0.211 -0.126  0.152  0.267  0.581  0.606  0.579  0.403  0.270  0.222 -0.068 -0.241 -0.306 -0.218 -0.275 -0.392 -0.391 -0.375 -0.421 -0.431 -0.392 -0.349 -0.355 -0.391 -0.390 -0.360 -0.352 -0.260 -0.283 -0.377 -0.293 -0.354 -0.364 -0.292 -0.226 -0.205 -0.234 -0.316 -0.336 -0.360 -0.344 -0.266 -0.184 -0.000  0.119  0.184  0.032  0.002  0.148  0.207  0.379  0.558  0.458  0.238 -0.016 -0.228 -0.370 -0.394 -0.305 -0.219 -0.023  0.090  0.409  0.438  0.411
  0.734  1.000  0.685  0.378 -0.023 -0.147 -0.210 -0.248 -0.223 -0.128 -0.117 -0.031  0.053  0.337  0.457  0.604  0.419  0.373  0.198  0.059  0.012 -0.237 -0.328 -0.366 -0.292 -0.276 -0.350 -0.362 -0.320 -0.329 -0.349 -0.314 -0.263 -0.256 -0.300 -0.304 -0.296 -0.293 -0.206 -0.231 -0.311 -0.212 -0.267 -0.290 -0.236 -0.198 -0.178 -0.209 -0.282 -0.326 -0.398 -0.408 -0.381 -0.337 -0.184 -0.035  0.017 -0.129 -0.102  0.049  0.161  0.332  0.542  0.587  0.320  0.134 -0.093 -0.248 -0.285 -0.202 -0.155  0.035  0.089  0.307  0.342  0.320
  0.472  0.685  1.000  0.624  0.215  0.053 -0.076 -0.162 -0.180 -0.121 -0.028  0.107  0.210  0.455  0.520  0.435  0.320  0.192  0.054 -0.069 -0.084 -0.267 -0.294 -0.292 -0.280 -0.233 -0.239 -0.262 -0.233 -0.206 -0.219 -0.209 -0.171 -0.157 -0.189 -0.194 -0.187 -0.189 -0.138 -0.151 -0.195 -0.122 -0.157 -0.159 -0.131 -0.133 -0.143 -0.156 -0.195 -0.235 -0.287 -0.313 -0.308 -0.296 -0.210 -0.098 -0.072 -0.140 -0.075  0.007  0.105  0.221  0.385  0.491  0.398  0.316  0.129 -0.072 -0.126 -0.090 -0.083  0.041  0.050  0.153  0.166  0.150
  0.144  0.378  0.624  1.000  0.646  0.458  0.237 -0.012  0.009  0.189  0.328  0.482  0.522  0.611  0.455  0.262  0.067 -0.109 -0.238 -0.355 -0.331 -0.407 -0.303 -0.258 -0.278 -0.158 -0.077 -0.121 -0.076  0.020  0.004 -0.020  0.025  0.076  0.045  0.034  0.005 -0.009  0.015 -0.003  0.010  0.082  0.082  0.053 -0.008 -0.079 -0.097 -0.109 -0.095 -0.162 -0.247 -0.279 -0.369 -0.427 -0.419 -0.329 -0.334 -0.356 -0.259 -0.221 -0.134 -0.050  0.114  0.371  0.362  0.573  0.413  0.234  0.170  0.150  0.066  0.120  0.021 -0.128 -0.100 -0.103
 -0.230 -0.023  0.215  0.646  1.000  0.805  0.558  0.253  0.219  0.344  0.492  0.595  0.635  0.425  0.279 -0.001 -0.165 -0.339 -0.413 -0.451 -0.375 -0.279 -0.096 -0.010 -0.072  0.058  0.202  0.163  0.179  0.290  0.282  0.223  0.221  0.262  0.276  0.267  0.241  0.223  0.181  0.191  0.273  0.311  0.366  0.337  0.197  0.052 -0.018 -0.010  0.075  0.034 -0.006 -0.024 -0.145 -0.263 -0.371 -0.392 -0.446 -0.381 -0.304 -0.358 -0.315 -0.317 -0.261 -0.040  0.056  0.410  0.592  0.549  0.523  0.387  0.208  0.118 -0.065 -0.435 -0.446 -0.423
 -0.321 -0.147  0.053  0.458  0.805  1.000  0.712  0.428  0.375  0.357  0.499  0.575  0.523  0.291  0.138 -0.095 -0.232 -0.382 -0.425 -0.443 -0.346 -0.204 -0.034  0.044 -0.012  0.079  0.211  0.181  0.182  0.283  0.289  0.218  0.208  0.259  0.277  0.281  0.263  0.257  0.227  0.247  0.344  0.370  0.418  0.390  0.223  0.060 -0.013 -0.011  0.094  0.076  0.062  0.043 -0.065 -0.177 -0.306 -0.348 -0.415 -0.330 -0.268 -0.338 -0.313 -0.342 -0.316 -0.124 -0.002  0.372  0.554  0.632  0.608  0.462  0.267  0.118 -0.084 -0.500 -0.516 -0.491
 -0.322 -0.210 -0.076  0.237  0.558  0.712  1.000  0.729  0.604  0.367  0.470  0.444  0.415  0.184  0.045 -0.124 -0.240 -0.362 -0.392 -0.390 -0.303 -0.152 -0.002  0.065  0.020  0.112  0.231  0.204  0.195  0.282  0.308  0.237  0.197  0.243  0.288  0.294  0.301  0.311  0.289  0.262  0.338  0.378  0.419  0.386  0.222  0.092  0.024  0.013  0.098  0.074  0.062  0.057 -0.032 -0.136 -0.266 -0.329 -0.384 -0.297 -0.257 -0.326 -0.334 -0.351 -0.346 -0.223 -0.152  0.149  0.367  0.585  0.553  0.380  0.173  0.039 -0.131 -0.541 -0.549 -0.505
 -0.261 -0.248 -0.162 -0.012  0.253  0.428  0.729  1.000  0.790  0.144  0.188  0.161  0.118 -0.043 -0.100 -0.146 -0.164 -0.212 -0.213 -0.172 -0.111  0.025  0.086  0.141  0.106  0.090  0.176  0.188  0.117  0.142  0.212  0.144  0.067  0.102  0.169  0.195  0.249  0.279  0.257  0.202  0.248  0.252  0.284  0.279  0.177  0.109  0.020  0.015  0.077  0.097  0.137  0.137  0.114  0.057 -0.051 -0.140 -0.175 -0.093 -0.108 -0.167 -0.201 -0.241 -0.279 -0.267 -0.194 -0.040  0.212  0.425  0.376  0.193  0.078 -0.057 -0.143 -0.470 -0.459 -0.431
 -0.252 -0.223 -0.180  0.009  0.219  0.375  0.604  0.790  1.000  0.341  0.342  0.325  0.210  0.065 -0.058 -0.109 -0.159 -0.225 -0.237 -0.213 -0.153 -0.053  0.019  0.065  0.038  0.052  0.118  0.119  0.088  0.107  0.154  0.105  0.044  0.068  0.113  0.128  0.178  0.240  0.237  0.130  0.158  0.209  0.228  0.197  0.119  0.073  0.027  0.008  0.044  0.041  0.050  0.045  0.010 -0.048 -0.138 -0.197 -0.230 -0.180 -0.183 -0.200 -0.223 -0.240 -0.268 -0.244 -0.183 -0.043  0.121  0.331  0.293  0.142  0.002 -0.083 -0.172 -0.433 -0.377 -0.349
 -0.251 -0.128 -0.121  0.189  0.344  0.357  0.367  0.144  0.341  1.000  0.766  0.569  0.381  0.223  0.054 -0.077 -0.207 -0.298 -0.349 -0.370 -0.324 -0.257 -0.094 -0.023 -0.052  0.043  0.154  0.134  0.161  0.253  0.254  0.231  0.251  0.303  0.298  0.259  0.197  0.161  0.137  0.111  0.151  0.160  0.210  0.161  0.065  0.001  0.033  0.024  0.090  0.022 -0.044 -0.049 -0.185 -0.288 -0.354 -0.351 -0.392 -0.365 -0.281 -0.325 -0.300 -0.290 -0.258 -0.141 -0.163  0.105  0.118  0.204  0.218  0.187  0.101  0.069 -0.021 -0.366 -0.333 -0.310
 -0.255 -0.117 -0.028  0.328  0.492  0.499  0.470  0.188  0.342  0.766  1.000  0.805  0.632  0.427  0.177 -0.010 -0.176 -0.332 -0.407 -0.450 -0.376 -0.310 -0.121 -0.036 -0.075  0.045  0.172  0.144  0.185  0.288  0.284  0.260  0.285  0.338  0.328  0.278  0.215  0.187  0.157  0.131  0.183  0.195  0.243  0.176  0.063 -0.000  0.019  0.011  0.071 -0.005 -0.074 -0.073 -0.224 -0.347 -0.426 -0.420 -0.477 -0.445 -0.349 -0.395 -0.360 -0.340 -0.286 -0.125 -0.140  0.157  0.174  0.281  0.305  0.243  0.119  0.088 -0.045 -0.423 -0.377 -0.349
 -0.211 -0.031  0.107  0.482  0.595  0.575  0.444  0.161  0.325  0.569  0.805  1.000  0.801  0.602  0.300  0.069 -0.136 -0.337 -0.428 -0.493 -0.413 -0.375 -0.175 -0.091 -0.128  0.017  0.139  0.098  0.153  0.257  0.239  0.215  0.246  0.294  0.273  0.228  0.176  0.176  0.152  0.099  0.150  0.199  0.235  0.160  0.051 -0.018  0.009 -0.019  0.031 -0.055 -0.142 -0.145 -0.299 -0.425 -0.491 -0.463 -0.523 -0.509 -0.402 -0.417 -0.361 -0.313 -0.237 -0.037 -0.041  0.235  0.215  0.312  0.313  0.246  0.090  0.090 -0.042 -0.401 -0.316 -0.289
 -0.126  0.053  0.210  0.522  0.635  0.523  0.415  0.118  0.210  0.381  0.632  0.801  1.000  0.766  0.475  0.179 -0.033 -0.265 -0.377 -0.450 -0.352 -0.329 -0.133 -0.048 -0.091  0.063  0.175  0.130  0.175  0.258  0.227  0.205  0.223  0.253  0.240  0.193  0.153  0.160  0.135  0.091  0.141  0.172  0.203  0.129  0.041  0.008  0.022  0.004  0.028 -0.064 -0.142 -0.118 -0.266 -0.399 -0.459 -0.439 -0.503 -0.498 -0.414 -0.428 -0.370 -0.315 -0.227 -0.025 -0.045  0.197  0.198  0.271  0.282  0.215  0.057  0.067 -0.074 -0.363 -0.293 -0.263
  0.152  0.337  0.455  0.611  0.425  0.291  0.184 -0.043  0.065  0.223  0.427  0.602  0.766  1.000  0.705  0.425  0.180 -0.062 -0.207 -0.330 -0.276 -0.368 -0.240 -0.187 -0.198 -0.062 -0.011 -0.060 -0.007  0.050  0.012  0.006  0.048  0.076  0.039  0.002 -0.025 -0.006  0.015 -0.046 -0.050  0.009  0.001 -0.083 -0.103 -0.080 -0.033 -0.060 -0.091 -0.192 -0.291 -0.272 -0.385 -0.474 -0.453 -0.370 -0.397 -0.462 -0.388 -0.332 -0.242 -0.125  0.026  0.219  0.114  0.232  0.063  0.043  0.044  0.041 -0.046  0.065 -0.011 -0.124 -0.041 -0.033
  0.267  0.457  0.520  0.455  0.279  0.138  0.045 -0.100 -0.058  0.054  0.177  0.300  0.475  0.705  1.000  0.636  0.351  0.104 -0.070 -0.174 -0.111 -0.212 -0.138 -0.095 -0.105  0.003  0.007 -0.047 -0.021  0.001 -0.048 -0.052 -0.028 -0.031 -0.055 -0.071 -0.076 -0.045 -0.027 -0.073 -0.080 -0.043 -0.060 -0.134 -0.129 -0.063 -0.030 -0.057 -0.102 -0.176 -0.234 -0.186 -0.246 -0.326 -0.299 -0.250 -0.278 -0.347 -0.317 -0.264 -0.180 -0.059  0.111  0.230  0.080  0.125  0.007 -0.062 -0.054 -0.052 -0.103  0.003 -0.041 -0.040  0.017  0.029
  0.581  0.604  0.435  0.262 -0.001 -0.095 -0.124 -0.146 -0.109 -0.077 -0.010  0.069  0.179  0.425  0.636  1.000  0.651  0.424  0.224  0.116  0.137 -0.096 -0.171 -0.187 -0.153 -0.156 -0.202 -0.241 -0.244 -0.249 -0.278 -0.269 -0.229 -0.223 -0.255 -0.255 -0.239 -0.210 -0.146 -0.191 -0.239 -0.174 -0.218 -0.280 -0.259 -0.172 -0.131 -0.164 -0.222 -0.270 -0.307 -0.261 -0.252 -0.242 -0.112 -0.037 -0.023 -0.157 -0.194 -0.102 -0.021  0.135  0.340  0.323  0.080 -0.018 -0.173 -0.242 -0.231 -0.177 -0.160  0.001  0.040  0.168  0.219  0.211
  0.606  0.419  0.320  0.067 -0.165 -0.232 -0.240 -0.164 -0.159 -0.207 -0.176 -0.136 -0.033  0.180  0.351  0.651  1.000  0.746  0.458  0.348  0.419  0.132 -0.022 -0.057 -0.024 -0.115 -0.189 -0.210 -0.255 -0.304 -0.317 -0.315 -0.299 -0.309 -0.324 -0.314 -0.268 -0.239 -0.180 -0.215 -0.263 -0.239 -0.279 -0.304 -0.268 -0.171 -0.151 -0.171 -0.219 -0.227 -0.201 -0.130 -0.064 -0.016  0.135  0.178  0.172  0.044 -0.036  0.024  0.066  0.160  0.301  0.191  0.037 -0.124 -0.238 -0.314 -0.301 -0.248 -0.190 -0.061  0.023  0.229  0.242  0.233
  0.579  0.373  0.192 -0.109 -0.339 -0.382 -0.362 -0.212 -0.225 -0.298 -0.332 -0.337 -0.265 -0.062  0.104  0.424  0.746  1.000  0.729  0.605  0.572  0.230 -0.029 -0.100 -0.013 -0.179 -0.316 -0.299 -0.344 -0.425 -0.424 -0.395 -0.380 -0.401 -0.418 -0.403 -0.352 -0.339 -0.262 -0.272 -0.353 -0.316 -0.372 -0.368 -0.304 -0.201 -0.185 -0.217 -0.274 -0.269 -0.218 -0.155 -0.011  0.104  0.314  0.373  0.423  0.276  0.166  0.245  0.223  0.261  0.349  0.183  0.048 -0.199 -0.305 -0.409 -0.402 -0.330 -0.227 -0.087  0.052  0.376  0.369  0.347
  0.403  0.198  0.054 -0.238 -0.413 -0.425 -0.392 -0.213 -0.237 -0.349 -0.407 -0.428 -0.377 -0.207 -0.070  0.224  0.458  0.729  1.000  0.759  0.561  0.271 -0.004 -0.094 -0.024 -0.216 -0.351 -0.312 -0.357 -0.448 -0.428 -0.389 -0.382 -0.406 -0.416 -0.401 -0.344 -0.346 -0.278 -0.270 -0.361 -0.328 -0.385 -0.353 -0.270 -0.186 -0.178 -0.210 -0.249 -0.219 -0.135 -0.104  0.083  0.248  0.483  0.585  0.645  0.497  0.365  0.433  0.367  0.312  0.291  0.115  0.076 -0.200 -0.298 -0.402 -0.405 -0.333 -0.213 -0.103  0.057  0.399  0.368  0.341
  0.270  0.059 -0.069 -0.355 -0.451 -0.443 -0.390 -0.172 -0.213 -0.370 -0.450 -0.493 -0.450 -0.330 -0.174  0.116  0.348  0.605  0.759  1.000  0.773  0.477  0.172  0.073  0.130 -0.107 -0.247 -0.209 -0.288 -0.394 -0.381 -0.356 -0.361 -0.397 -0.397 -0.375 -0.315 -0.306 -0.253 -0.237 -0.304 -0.300 -0.336 -0.297 -0.229 -0.152 -0.147 -0.164 -0.185 -0.125 -0.009  0.052  0.252  0.421  0.629  0.612  0.672  0.565  0.405  0.435  0.334  0.227  0.179 -0.024 -0.028 -0.286 -0.298 -0.376 -0.364 -0.312 -0.195 -0.135  0.026  0.352  0.299  0.281
  0.222  0.012 -0.084 -0.331 -0.375 -0.346 -0.303 -0.111 -0.153 -0.324 -0.376 -0.413 -0.352 -0.276 -0.111  0.137  0.419  0.572  0.561  0.773  1.000  0.728  0.410  0.295  0.350  0.099 -0.053 -0.040 -0.159 -0.278 -0.286 -0.289 -0.312 -0.351 -0.338 -0.310 -0.243 -0.211 -0.178 -0.159 -0.186 -0.212 -0.225 -0.207 -0.175 -0.120 -0.110 -0.104 -0.102 -0.015  0.120  0.236  0.382  0.500  0.637  0.526  0.483  0.406  0.232  0.223  0.162  0.085  0.062 -0.109 -0.121 -0.304 -0.263 -0.293 -0.256 -0.221 -0.147 -0.134 -0.017  0.194  0.141  0.134
 -0.068 -0.237 -0.267 -0.407 -0.279 -0.204 -0.152  0.025 -0.053 -0.257 -0.310 -0.375 -0.329 -0.368 -0.212 -0.096  0.132  0.230  0.271  0.477  0.728  1.000  0.747  0.615  0.648  0.421  0.232  0.228  0.097 -0.045 -0.076 -0.101 -0.155 -0.201 -0.169 -0.135 -0.068 -0.031 -0.060 -0.029  0.007 -0.079 -0.028 -0.000 -0.005 -0.003 -0.000  0.036  0.100  0.254  0.438  0.585  0.662  0.712  0.661  0.447  0.338  0.383  0.205  0.121  0.048 -0.079 -0.173 -0.311 -0.253 -0.309 -0.142 -0.106 -0.062 -0.081 -0.052 -0.154 -0.087 -0.047 -0.128 -0.116
 -0.241 -0.328 -0.294 -0.303 -0.096 -0.034 -0.002  0.086  0.019 -0.094 -0.121 -0.175 -0.133 -0.240 -0.138 -0.171 -0.022 -0.029 -0.004  0.172  0.410  0.747  1.000  0.815  0.678  0.600  0.540  0.458  0.279  0.173  0.146  0.083  0.000 -0.032  0.019  0.049  0.137  0.208  0.119  0.098  0.195  0.085  0.188  0.186  0.154  0.109  0.107  0.180  0.300  0.453  0.581  0.724  0.617  0.565  0.412  0.225  0.059  0.154  0.078 -0.070 -0.112 -0.227 -0.322 -0.382 -0.302 -0.221 -0.017  0.077  0.118  0.063  0.036 -0.126 -0.135 -0.275 -0.362 -0.342
 -0.306 -0.366 -0.292 -0.258 -0.010  0.044  0.065  0.141  0.065 -0.023 -0.036 -0.091 -0.048 -0.187 -0.095 -0.187 -0.057 -0.100 -0.094  0.073  0.295  0.615  0.815  1.000  0.808  0.603  0.670  0.640  0.412  0.312  0.301  0.232  0.144  0.102  0.153  0.156  0.188  0.251  0.120  0.112  0.264  0.068  0.194  0.215  0.170  0.160  0.133  0.191  0.295  0.417  0.563  0.746  0.642  0.489  0.313  0.092 -0.066  0.056 -0.019 -0.197 -0.221 -0.307 -0.388 -0.427 -0.343 -0.206  0.031  0.142  0.185  0.079  0.042 -0.165 -0.179 -0.380 -0.436 -0.397
 -0.218 -0.292 -0.280 -0.278 -0.072 -0.012  0.020  0.106  0.038 -0.052 -0.075 -0.128 -0.091 -0.198 -0.105 -0.153 -0.024 -0.013 -0.024  0.130  0.350  0.648  0.678  0.808  1.000  0.736  0.565  0.616  0.475  0.285  0.232  0.201  0.114  0.045  0.081  0.077  0.100  0.153  0.063  0.077  0.191  0.039  0.115  0.109  0.050  0.050  0.040  0.080  0.163  0.270  0.407  0.578  0.527  0.412  0.301  0.103 -0.016  0.061 -0.051 -0.170 -0.199 -0.267 -0.328 -0.375 -0.335 -0.240 -0.049  0.045  0.101  0.036  0.020 -0.118 -0.127 -0.273 -0.313 -0.281
 -0.275 -0.276 -0.233 -0.158  0.058  0.079  0.112  0.090  0.052  0.043  0.045  0.017  0.063 -0.062  0.003 -0.156 -0.115 -0.179 -0.216 -0.107  0.099  0.421  0.600  0.603  0.736  1.000  0.738  0.622  0.617  0.493  0.358  0.322  0.244  0.163  0.183  0.171  0.207  0.292  0.187  0.150  0.255  0.165  0.237  0.186  0.112  0.072  0.079  0.111  0.192  0.246  0.292  0.434  0.322  0.186  0.036 -0.103 -0.213 -0.140 -0.175 -0.269 -0.287 -0.333 -0.378 -0.347 -0.312 -0.149  0.015  0.125  0.163  0.097  0.036 -0.067 -0.134 -0.331 -0.358 -0.325
 -0.392 -0.350 -0.239 -0.077  0.202  0.211  0.231  0.176  0.118  0.154  0.172  0.139  0.175 -0.011  0.007 -0.202 -0.189 -0.316 -0.351 -0.247 -0.053  0.232  0.540  0.670  0.565  0.738  1.000  0.837  0.643  0.659  0.634  0.503  0.395  0.381  0.440  0.439  0.460  0.543  0.378  0.297  0.461  0.276  0.373  0.334  0.230  0.177  0.158  0.193  0.305  0.331  0.367  0.496  0.322  0.130 -0.057 -0.210 -0.351 -0.231 -0.217 -0.377 -0.376 -0.422 -0.468 -0.403 -0.333 -0.081  0.147  0.299  0.336  0.228  0.138 -0.058 -0.180 -0.549 -0.586 -0.542
 -0.391 -0.362 -0.262 -0.121  0.163  0.181  0.204  0.188  0.119  0.134  0.144  0.098  0.130 -0.060 -0.047 -0.241 -0.210 -0.299 -0.312 -0.209 -0.040  0.228  0.458  0.640  0.616  0.622  0.837  1.000  0.775  0.665  0.705  0.628  0.480  0.422  0.494  0.448  0.425  0.461  0.301  0.267  0.425  0.210  0.288  0.262  0.157  0.136  0.111  0.142  0.244  0.272  0.341  0.456  0.325  0.147 -0.019 -0.182 -0.303 -0.183 -0.197 -0.354 -0.361 -0.410 -0.459 -0.412 -0.349 -0.124  0.106  0.242  0.295  0.186  0.126 -0.065 -0.170 -0.525 -0.546 -0.498
 -0.375 -0.320 -0.233 -0.076  0.179  0.182  0.195  0.117  0.088  0.161  0.185  0.153  0.175 -0.007 -0.021 -0.244 -0.255 -0.344 -0.357 -0.288 -0.159  0.097  0.279  0.412  0.475  0.617  0.643  0.775  1.000  0.823  0.684  0.738  0.663  0.512  0.498  0.386  0.274  0.296  0.153  0.160  0.310  0.139  0.201  0.163  0.072  0.069  0.067  0.082  0.148  0.143  0.193  0.290  0.181  0.016 -0.141 -0.266 -0.349 -0.250 -0.254 -0.364 -0.374 -0.401 -0.431 -0.349 -0.303 -0.085  0.070  0.179  0.219  0.114  0.053 -0.068 -0.155 -0.420 -0.399 -0.351
 -0.421 -0.329 -0.206  0.020  0.290  0.283  0.282  0.142  0.107  0.253  0.288  0.257  0.258  0.050  0.001 -0.249 -0.304 -0.425 -0.448 -0.394 -0.278 -0.045  0.173  0.312  0.285  0.493  0.659  0.665  0.823  1.000  0.852  0.777  0.761  0.717  0.686  0.617  0.456  0.442  0.302  0.300  0.441  0.244  0.289  0.248  0.131  0.103  0.108  0.112  0.184  0.137  0.151  0.229  0.098 -0.080 -0.251 -0.357 -0.434 -0.327 -0.292 -0.410 -0.410 -0.427 -0.445 -0.328 -0.266  0.000  0.161  0.294  0.329  0.240  0.156  0.006 -0.147 -0.533 -0.525 -0.478
 -0.431 -0.349 -0.219  0.004  0.282  0.289  0.308  0.212  0.154  0.254  0.284  0.239  0.227  0.012 -0.048 -0.278 -0.317 -0.424 -0.428 -0.381 -0.286 -0.076  0.146  0.301  0.232  0.358  0.634  0.705  0.684  0.852  1.000  0.853  0.727  0.742  0.797  0.736  0.624  0.570  0.423  0.388  0.478  0.278  0.307  0.278  0.152  0.129  0.115  0.116  0.197  0.154  0.174  0.228  0.100 -0.062 -0.224 -0.326 -0.403 -0.285 -0.246 -0.376 -0.381 -0.410 -0.438 -0.340 -0.271 -0.012  0.174  0.320  0.356  0.268  0.195  0.025 -0.139 -0.592 -0.602 -0.553
 -0.392 -0.314 -0.209 -0.020  0.223  0.218  0.237  0.144  0.105  0.231  0.260  0.215  0.205  0.006 -0.052 -0.269 -0.315 -0.395 -0.389 -0.356 -0.289 -0.101  0.083  0.232  0.201  0.322  0.503  0.628  0.738  0.777  0.853  1.000  0.858  0.720  0.730  0.561  0.385  0.348  0.204  0.205  0.319  0.135  0.186  0.176  0.088  0.104  0.094  0.090  0.140  0.089  0.115  0.171  0.065 -0.083 -0.223 -0.312 -0.369 -0.267 -0.238 -0.345 -0.352 -0.368 -0.392 -0.299 -0.249 -0.028  0.110  0.215  0.238  0.135  0.081 -0.050 -0.140 -0.465 -0.437 -0.388
 -0.349 -0.263 -0.171  0.025  0.221  0.208  0.197  0.067  0.044  0.251  0.285  0.246  0.223  0.048 -0.028 -0.229 -0.299 -0.380 -0.382 -0.361 -0.312 -0.155  0.000  0.144  0.114  0.244  0.395  0.480  0.663  0.761  0.727  0.858  1.000  0.846  0.719  0.554  0.262  0.218  0.100  0.125  0.268  0.077  0.130  0.122  0.047  0.066  0.085  0.080  0.112  0.041  0.053  0.108  0.004 -0.136 -0.261 -0.328 -0.369 -0.285 -0.250 -0.341 -0.333 -0.333 -0.336 -0.229 -0.190  0.016  0.100  0.178  0.197  0.121  0.075 -0.042 -0.119 -0.398 -0.355 -0.314
 -0.355 -0.256 -0.157  0.076  0.262  0.259  0.243  0.102  0.068  0.303  0.338  0.294  0.253  0.076 -0.031 -0.223 -0.309 -0.401 -0.406 -0.397 -0.351 -0.201 -0.032  0.102  0.045  0.163  0.381  0.422  0.512  0.717  0.742  0.720  0.846  1.000  0.887  0.776  0.467  0.365  0.266  0.268  0.382  0.170  0.195  0.180  0.079  0.072  0.092  0.089  0.136  0.058  0.052  0.088 -0.038 -0.173 -0.296 -0.348 -0.389 -0.305 -0.250 -0.344 -0.327 -0.327 -0.325 -0.206 -0.160  0.061  0.147  0.247  0.274  0.234  0.192  0.052 -0.088 -0.479 -0.463 -0.427
 -0.391 -0.300 -0.189  0.045  0.276  0.277  0.288  0.169  0.113  0.298  0.328  0.273  0.240  0.039 -0.055 -0.255 -0.324 -0.418 -0.416 -0.397 -0.338 -0.169  0.019  0.153  0.081  0.183  0.440  0.494  0.498  0.686  0.797  0.730  0.719  0.887  1.000  0.888  0.654  0.510  0.393  0.401  0.473  0.258  0.266  0.245  0.123  0.105  0.103  0.102  0.172  0.104  0.106  0.137  0.006 -0.133 -0.268 -0.336 -0.389 -0.288 -0.234 -0.347 -0.342 -0.357 -0.371 -0.264 -0.207  0.028  0.170  0.303  0.345  0.302  0.257  0.098 -0.081 -0.554 -0.562 -0.522
 -0.390 -0.304 -0.194  0.034  0.267  0.281  0.294  0.195  0.128  0.259  0.278  0.228  0.193  0.002 -0.071 -0.255 -0.314 -0.403 -0.401 -0.375 -0.310 -0.135  0.049  0.156  0.077  0.171  0.439  0.448  0.386  0.617  0.736  0.561  0.554  0.776  0.888  1.000  0.810  0.624  0.500  0.512  0.543  0.353  0.332  0.300  0.163  0.113  0.115  0.121  0.205  0.148  0.141  0.152  0.027 -0.095 -0.235 -0.304 -0.359 -0.253 -0.197 -0.312 -0.314 -0.342 -0.365 -0.268 -0.198  0.034  0.198  0.348  0.394  0.380  0.328  0.171 -0.047 -0.567 -0.608 -0.576
 -0.360 -0.296 -0.187  0.005  0.241  0.263  0.301  0.249  0.178  0.197  0.215  0.176  0.153 -0.025 -0.076 -0.239 -0.268 -0.352 -0.344 -0.315 -0.243 -0.068  0.137  0.188  0.100  0.207  0.460  0.425  0.274  0.456  0.624  0.385  0.262  0.467  0.654  0.810  1.000  0.830  0.651  0.593  0.524  0.421  0.378  0.334  0.194  0.135  0.120  0.128  0.226  0.203  0.202  0.183  0.068 -0.028 -0.164 -0.232 -0.295 -0.186 -0.130 -0.245 -0.263 -0.313 -0.359 -0.290 -0.214 -0.002  0.194  0.357  0.397  0.375  0.315  0.196 -0.023 -0.545 -0.622 -0.594
 -0.352 -0.293 -0.189 -0.009  0.223  0.257  0.311  0.279  0.240  0.161  0.187  0.176  0.160 -0.006 -0.045 -0.210 -0.239 -0.339 -0.346 -0.306 -0.211 -0.031  0.208  0.251  0.153  0.292  0.543  0.461  0.296  0.442  0.570  0.348  0.218  0.365  0.510  0.624  0.830  1.000  0.793  0.548  0.552  0.485  0.439  0.366  0.226  0.145  0.131  0.143  0.242  0.234  0.216  0.207  0.078 -0.021 -0.160 -0.232 -0.307 -0.207 -0.148 -0.254 -0.267 -0.318 -0.367 -0.303 -0.228 -0.020  0.181  0.366  0.399  0.364  0.275  0.121 -0.083 -0.552 -0.618 -0.584
 -0.260 -0.206 -0.138  0.015  0.181  0.227  0.289  0.257  0.237  0.137  0.157  0.152  0.135  0.015 -0.027 -0.146 -0.180 -0.262 -0.278 -0.253 -0.178 -0.060  0.119  0.120  0.063  0.187  0.378  0.301  0.153  0.302  0.423  0.204  0.100  0.266  0.393  0.500  0.651  0.793  1.000  0.706  0.599  0.568  0.443  0.329  0.182  0.081  0.097  0.100  0.187  0.174  0.122  0.087 -0.006 -0.061 -0.160 -0.195 -0.244 -0.181 -0.121 -0.189 -0.198 -0.238 -0.276 -0.222 -0.165 -0.003  0.145  0.327  0.385  0.426  0.385  0.242 -0.022 -0.458 -0.560 -0.550
 -0.283 -0.231 -0.151 -0.003  0.191  0.247  0.262  0.202  0.130  0.111  0.131  0.099  0.091 -0.046 -0.073 -0.191 -0.215 -0.272 -0.270 -0.237 -0.159 -0.029  0.098  0.112  0.077  0.150  0.297  0.267  0.160  0.300  0.388  0.205  0.125  0.268  0.401  0.512  0.593  0.548  0.706  1.000  0.749  0.641  0.474  0.358  0.180  0.056  0.081  0.093  0.194  0.186  0.142  0.110  0.039 -0.014 -0.120 -0.170 -0.212 -0.136 -0.092 -0.177 -0.194 -0.245 -0.285 -0.227 -0.148  0.012  0.186  0.360  0.479  0.579  0.610  0.487  0.087 -0.415 -0.573 -0.588
 -0.377 -0.311 -0.195  0.010  0.273  0.344  0.338  0.248  0.158  0.151  0.183  0.150  0.141 -0.050 -0.080 -0.239 -0.263 -0.353 -0.361 -0.304 -0.186  0.007  0.195  0.264  0.191  0.255  0.461  0.425  0.310  0.441  0.478  0.319  0.268  0.382  0.473  0.543  0.524  0.552  0.599  0.749  1.000  0.729  0.612  0.497  0.276  0.092  0.077  0.114  0.260  0.273  0.236  0.235  0.112  0.013 -0.136 -0.225 -0.303 -0.195 -0.145 -0.274 -0.273 -0.333 -0.378 -0.295 -0.194  0.039  0.281  0.499  0.633  0.671  0.622  0.359  0.000 -0.524 -0.660 -0.658
 -0.293 -0.212 -0.122  0.082  0.311  0.370  0.378  0.252  0.209  0.160  0.195  0.199  0.172  0.009 -0.043 -0.174 -0.239 -0.316 -0.328 -0.300 -0.212 -0.079  0.085  0.068  0.039  0.165  0.276  0.210  0.139  0.244  0.278  0.135  0.077  0.170  0.258  0.353  0.421  0.485  0.568  0.641  0.729  1.000  0.783  0.572  0.310  0.032  0.017  0.057  0.221  0.249  0.142  0.062 -0.032 -0.069 -0.183 -0.219 -0.260 -0.185 -0.115 -0.188 -0.200 -0.252 -0.286 -0.198 -0.117  0.092  0.310  0.531  0.656  0.741  0.568  0.413  0.042 -0.428 -0.568 -0.571
 -0.354 -0.267 -0.157  0.082  0.366  0.418  0.419  0.284  0.228  0.210  0.243  0.235  0.203  0.001 -0.060 -0.218 -0.279 -0.372 -0.385 -0.336 -0.225 -0.028  0.188  0.194  0.115  0.237  0.373  0.288  0.201  0.289  0.307  0.186  0.130  0.195  0.266  0.332  0.378  0.439  0.443  0.474  0.612  0.783  1.000  0.802  0.500  0.130  0.057  0.109  0.324  0.380  0.271  0.208  0.071 -0.011 -0.166 -0.241 -0.315 -0.208 -0.134 -0.243 -0.244 -0.304 -0.341 -0.241 -0.146  0.122  0.413  0.657  0.688  0.625  0.420  0.224 -0.048 -0.496 -0.602 -0.589
 -0.364 -0.290 -0.159  0.053  0.337  0.390  0.386  0.279  0.197  0.161  0.176  0.160  0.129 -0.083 -0.134 -0.280 -0.304 -0.368 -0.353 -0.297 -0.207 -0.000  0.186  0.215  0.109  0.186  0.334  0.262  0.163  0.248  0.278  0.176  0.122  0.180  0.245  0.300  0.334  0.366  0.329  0.358  0.497  0.572  0.802  1.000  0.751  0.295  0.124  0.193  0.344  0.363  0.287  0.251  0.133  0.043 -0.116 -0.197 -0.267 -0.157 -0.091 -0.199 -0.188 -0.248 -0.301 -0.219 -0.097  0.155  0.481  0.702  0.627  0.518  0.332  0.109 -0.089 -0.471 -0.563 -0.546
 -0.292 -0.236 -0.131 -0.008  0.197  0.223  0.222  0.177  0.119  0.065  0.063  0.051  0.041 -0.103 -0.129 -0.259 -0.268 -0.304 -0.270 -0.229 -0.175 -0.005  0.154  0.170  0.050  0.112  0.230  0.157  0.072  0.131  0.152  0.088  0.047  0.079  0.123  0.163  0.194  0.226  0.182  0.180  0.276  0.310  0.500  0.751  1.000  0.570  0.234  0.288  0.309  0.353  0.279  0.226  0.113  0.049 -0.080 -0.138 -0.206 -0.120 -0.055 -0.137 -0.104 -0.133 -0.202 -0.154 -0.024  0.157  0.389  0.476  0.379  0.264  0.136 -0.024 -0.113 -0.316 -0.379 -0.366
 -0.226 -0.198 -0.133 -0.079  0.052  0.060  0.092  0.109  0.073  0.001 -0.000 -0.018  0.008 -0.080 -0.063 -0.172 -0.171 -0.201 -0.186 -0.152 -0.120 -0.003  0.109  0.160  0.050  0.072  0.177  0.136  0.069  0.103  0.129  0.104  0.066  0.072  0.105  0.113  0.135  0.145  0.081  0.056  0.092  0.032  0.130  0.295  0.570  1.000  0.570  0.445  0.271  0.220  0.203  0.203  0.127  0.047 -0.060 -0.125 -0.174 -0.109 -0.089 -0.150 -0.137 -0.146 -0.196 -0.190 -0.138 -0.051  0.116  0.179  0.116  0.011 -0.026 -0.129 -0.118 -0.212 -0.243 -0.224
 -0.205 -0.178 -0.143 -0.097 -0.018 -0.013  0.024  0.020  0.027  0.033  0.019  0.009  0.022 -0.033 -0.030 -0.131 -0.151 -0.185 -0.178 -0.147 -0.110 -0.000  0.107  0.133  0.040  0.079  0.158  0.111  0.067  0.108  0.115  0.094  0.085  0.092  0.103  0.115  0.120  0.131  0.097  0.081  0.077  0.017  0.057  0.124  0.234  0.570  1.000  0.784  0.562  0.298  0.213  0.188  0.119  0.064 -0.060 -0.127 -0.166 -0.107 -0.080 -0.142 -0.152 -0.161 -0.192 -0.176 -0.165 -0.103 -0.041  0.036  0.031  0.001 -0.015 -0.082 -0.081 -0.202 -0.254 -0.248
 -0.234 -0.209 -0.156 -0.109 -0.010 -0.011  0.013  0.015  0.008  0.024  0.011 -0.019  0.004 -0.060 -0.057 -0.164 -0.171 -0.217 -0.210 -0.164 -0.104  0.036  0.180  0.191  0.080  0.111  0.193  0.142  0.082  0.112  0.116  0.090  0.080  0.089  0.102  0.121  0.128  0.143  0.100  0.093  0.114  0.057  0.109  0.193  0.288  0.445  0.784  1.000  0.768  0.482  0.318  0.268  0.148  0.092 -0.053 -0.126 -0.187 -0.113 -0.059 -0.149 -0.150 -0.181 -0.224 -0.201 -0.167 -0.082 -0.003  0.046  0.057  0.040  0.024 -0.067 -0.082 -0.208 -0.285 -0.284
 -0.316 -0.282 -0.195 -0.095  0.075  0.094  0.098  0.077  0.044  0.090  0.071  0.031  0.028 -0.091 -0.102 -0.222 -0.219 -0.274 -0.249 -0.185 -0.102  0.100  0.300  0.295  0.163  0.192  0.305  0.244  0.148  0.184  0.197  0.140  0.112  0.136  0.172  0.205  0.226  0.242  0.187  0.194  0.260  0.221  0.324  0.344  0.309  0.271  0.562  0.768  1.000  0.723  0.490  0.393  0.220  0.178  0.004 -0.084 -0.168 -0.045  0.032 -0.117 -0.137 -0.226 -0.296 -0.262 -0.186 -0.032  0.105  0.197  0.221  0.201  0.137 -0.010 -0.083 -0.342 -0.444 -0.442
 -0.336 -0.326 -0.235 -0.162  0.034  0.076  0.074  0.097  0.041  0.022 -0.005 -0.055 -0.064 -0.192 -0.176 -0.270 -0.227 -0.269 -0.219 -0.125 -0.015  0.254  0.453  0.417  0.270  0.246  0.331  0.272  0.143  0.137  0.154  0.089  0.041  0.058  0.104  0.148  0.203  0.234  0.174  0.186  0.273  0.249  0.380  0.363  0.353  0.220  0.298  0.482  0.723  1.000  0.788  0.592  0.375  0.361  0.149  0.034 -0.080  0.078  0.149 -0.033 -0.057 -0.187 -0.306 -0.301 -0.184 -0.032  0.147  0.206  0.243  0.214  0.156 -0.022 -0.090 -0.313 -0.437 -0.432
 -0.360 -0.398 -0.287 -0.247 -0.006  0.062  0.062  0.137  0.050 -0.044 -0.074 -0.142 -0.142 -0.291 -0.234 -0.307 -0.201 -0.218 -0.135 -0.009  0.120  0.438  0.581  0.563  0.407  0.292  0.367  0.341  0.193  0.151  0.174  0.115  0.053  0.052  0.106  0.141  0.202  0.216  0.122  0.142  0.236  0.142  0.271  0.287  0.279  0.203  0.213  0.318  0.490  0.788  1.000  0.818  0.644  0.604  0.354  0.173  0.037  0.230  0.237  0.018 -0.032 -0.193 -0.344 -0.383 -0.226 -0.093  0.135  0.191  0.216  0.154  0.119 -0.098 -0.127 -0.322 -0.441 -0.425
 -0.344 -0.408 -0.313 -0.279 -0.024  0.043  0.057  0.137  0.045 -0.049 -0.073 -0.145 -0.118 -0.272 -0.186 -0.261 -0.130 -0.155 -0.104  0.052  0.236  0.585  0.724  0.746  0.578  0.434  0.496  0.456  0.290  0.229  0.228  0.171  0.108  0.088  0.137  0.152  0.183  0.207  0.087  0.110  0.235  0.062  0.208  0.251  0.226  0.203  0.188  0.268  0.393  0.592  0.818  1.000  0.799  0.646  0.396  0.163 -0.003  0.173  0.110 -0.108 -0.144 -0.269 -0.389 -0.431 -0.303 -0.168  0.078  0.160  0.191  0.096  0.066 -0.162 -0.166 -0.351 -0.438 -0.410
 -0.266 -0.381 -0.308 -0.369 -0.145 -0.065 -0.032  0.114  0.010 -0.185 -0.224 -0.299 -0.266 -0.385 -0.246 -0.252 -0.064 -0.011  0.083  0.252  0.382  0.662  0.617  0.642  0.527  0.322  0.322  0.325  0.181  0.098  0.100  0.065  0.004 -0.038  0.006  0.027  0.068  0.078 -0.006  0.039  0.112 -0.032  0.071  0.133  0.113  0.127  0.119  0.148  0.220  0.375  0.644  0.799  1.000  0.824  0.595  0.353  0.236  0.384  0.249  0.072 -0.006 -0.152 -0.291 -0.394 -0.263 -0.236  0.004  0.054  0.079 -0.006  0.002 -0.194 -0.146 -0.197 -0.289 -0.260
 -0.184 -0.337 -0.296 -0.427 -0.263 -0.177 -0.136  0.057 -0.048 -0.288 -0.347 -0.425 -0.399 -0.474 -0.326 -0.242 -0.016  0.104  0.248  0.421  0.500  0.712  0.565  0.489  0.412  0.186  0.130  0.147  0.016 -0.080 -0.062 -0.083 -0.136 -0.173 -0.133 -0.095 -0.028 -0.021 -0.061 -0.014  0.013 -0.069 -0.011  0.043  0.049  0.047  0.064  0.092  0.178  0.361  0.604  0.646  0.824  1.000  0.818  0.579  0.473  0.616  0.451  0.287  0.178 -0.011 -0.172 -0.318 -0.183 -0.252 -0.059 -0.047 -0.022 -0.061 -0.022 -0.177 -0.102 -0.047 -0.169 -0.158
 -0.000 -0.184 -0.210 -0.419 -0.371 -0.306 -0.266 -0.051 -0.138 -0.354 -0.426 -0.491 -0.459 -0.453 -0.299 -0.112  0.135  0.314  0.483  0.629  0.637  0.661  0.412  0.313  0.301  0.036 -0.057 -0.019 -0.141 -0.251 -0.224 -0.223 -0.261 -0.296 -0.268 -0.235 -0.164 -0.160 -0.160 -0.120 -0.136 -0.183 -0.166 -0.116 -0.080 -0.060 -0.060 -0.053  0.004  0.149  0.354  0.396  0.595  0.818  1.000  0.808  0.690  0.742  0.544  0.449  0.339  0.141 -0.000 -0.182 -0.081 -0.257 -0.161 -0.198 -0.180 -0.176 -0.099 -0.169 -0.043  0.133  0.029  0.024
  0.119 -0.035 -0.098 -0.329 -0.392 -0.348 -0.329 -0.140 -0.197 -0.351 -0.420 -0.463 -0.439 -0.370 -0.250 -0.037  0.178  0.373  0.585  0.612  0.526  0.447  0.225  0.092  0.103 -0.103 -0.210 -0.182 -0.266 -0.357 -0.326 -0.312 -0.328 -0.348 -0.336 -0.304 -0.232 -0.232 -0.195 -0.170 -0.225 -0.219 -0.241 -0.197 -0.138 -0.125 -0.127 -0.126 -0.084  0.034  0.173  0.163  0.353  0.579  0.808  1.000  0.818  0.740  0.649  0.620  0.561  0.317  0.172 -0.016  0.057 -0.183 -0.193 -0.264 -0.265 -0.212 -0.116 -0.118  0.016  0.242  0.149  0.127
  0.184  0.017 -0.072 -0.334 -0.446 -0.415 -0.384 -0.175 -0.230 -0.392 -0.477 -0.523 -0.503 -0.397 -0.278 -0.023  0.172  0.423  0.645  0.672  0.483  0.338  0.059 -0.066 -0.016 -0.213 -0.351 -0.303 -0.349 -0.434 -0.403 -0.369 -0.369 -0.389 -0.389 -0.359 -0.295 -0.307 -0.244 -0.212 -0.303 -0.260 -0.315 -0.267 -0.206 -0.174 -0.166 -0.187 -0.168 -0.080  0.037 -0.003  0.236  0.473  0.690  0.818  1.000  0.860  0.687  0.731  0.571  0.370  0.252  0.056  0.104 -0.181 -0.226 -0.327 -0.336 -0.265 -0.142 -0.099  0.060  0.366  0.286  0.260
  0.032 -0.129 -0.140 -0.356 -0.381 -0.330 -0.297 -0.093 -0.180 -0.365 -0.445 -0.509 -0.498 -0.462 -0.347 -0.157  0.044  0.276  0.497  0.565  0.406  0.383  0.154  0.056  0.061 -0.140 -0.231 -0.183 -0.250 -0.327 -0.285 -0.267 -0.285 -0.305 -0.288 -0.253 -0.186 -0.207 -0.181 -0.136 -0.195 -0.185 -0.208 -0.157 -0.120 -0.109 -0.107 -0.113 -0.045  0.078  0.230  0.173  0.384  0.616  0.742  0.740  0.860  1.000  0.821  0.710  0.504  0.281  0.141 -0.040  0.053 -0.171 -0.142 -0.220 -0.221 -0.184 -0.084 -0.111  0.018  0.239  0.130  0.111
  0.002 -0.102 -0.075 -0.259 -0.304 -0.268 -0.257 -0.108 -0.183 -0.281 -0.349 -0.402 -0.414 -0.388 -0.317 -0.194 -0.036  0.166  0.365  0.405  0.232  0.205  0.078 -0.019 -0.051 -0.175 -0.217 -0.197 -0.254 -0.292 -0.246 -0.238 -0.250 -0.250 -0.234 -0.197 -0.130 -0.148 -0.121 -0.092 -0.145 -0.115 -0.134 -0.091 -0.055 -0.089 -0.080 -0.059  0.032  0.149  0.237  0.110  0.249  0.451  0.544  0.649  0.687  0.821  1.000  0.801  0.647  0.356  0.194  0.026  0.129 -0.081 -0.080 -0.158 -0.168 -0.116 -0.037 -0.067  0.025  0.190  0.072  0.050
  0.148  0.049  0.007 -0.221 -0.358 -0.338 -0.326 -0.167 -0.200 -0.325 -0.395 -0.417 -0.428 -0.332 -0.264 -0.102  0.024  0.245  0.433  0.435  0.223  0.121 -0.070 -0.197 -0.170 -0.269 -0.377 -0.354 -0.364 -0.410 -0.376 -0.345 -0.341 -0.344 -0.347 -0.312 -0.245 -0.254 -0.189 -0.177 -0.274 -0.188 -0.243 -0.199 -0.137 -0.150 -0.142 -0.149 -0.117 -0.033  0.018 -0.108  0.072  0.287  0.449  0.620  0.731  0.710  0.801  1.000  0.794  0.503  0.348  0.162  0.221 -0.059 -0.139 -0.252 -0.284 -0.209 -0.110 -0.060  0.069  0.340  0.258  0.229
  0.207  0.161  0.105 -0.134 -0.315 -0.313 -0.334 -0.201 -0.223 -0.300 -0.360 -0.361 -0.370 -0.242 -0.180 -0.021  0.066  0.223  0.367  0.334  0.162  0.048 -0.112 -0.221 -0.199 -0.287 -0.376 -0.361 -0.374 -0.410 -0.381 -0.352 -0.333 -0.327 -0.342 -0.314 -0.263 -0.267 -0.198 -0.194 -0.273 -0.200 -0.244 -0.188 -0.104 -0.137 -0.152 -0.150 -0.137 -0.057 -0.032 -0.144 -0.006  0.178  0.339  0.561  0.571  0.504  0.647  0.794  1.000  0.733  0.506  0.289  0.363  0.036 -0.090 -0.223 -0.273 -0.190 -0.097 -0.040  0.079  0.328  0.260  0.228
  0.379  0.332  0.221 -0.050 -0.317 -0.342 -0.351 -0.241 -0.240 -0.290 -0.340 -0.313 -0.315 -0.125 -0.059  0.135  0.160  0.261  0.312  0.227  0.085 -0.079 -0.227 -0.307 -0.267 -0.333 -0.422 -0.410 -0.401 -0.427 -0.410 -0.368 -0.333 -0.327 -0.357 -0.342 -0.313 -0.318 -0.238 -0.245 -0.333 -0.252 -0.304 -0.248 -0.133 -0.146 -0.161 -0.181 -0.226 -0.187 -0.193 -0.269 -0.152 -0.011  0.141  0.317  0.370  0.281  0.356  0.503  0.733  1.000  0.736  0.461  0.467  0.097 -0.123 -0.274 -0.332 -0.246 -0.149 -0.035  0.088  0.387  0.378  0.344
  0.558  0.542  0.385  0.114 -0.261 -0.316 -0.346 -0.279 -0.268 -0.258 -0.286 -0.237 -0.227  0.026  0.111  0.340  0.301  0.349  0.291  0.179  0.062 -0.173 -0.322 -0.388 -0.328 -0.378 -0.468 -0.459 -0.431 -0.445 -0.438 -0.392 -0.336 -0.325 -0.371 -0.365 -0.359 -0.367 -0.276 -0.285 -0.378 -0.286 -0.341 -0.301 -0.202 -0.196 -0.192 -0.224 -0.296 -0.306 -0.344 -0.389 -0.291 -0.172 -0.000  0.172  0.252  0.141  0.194  0.348  0.506  0.736  1.000  0.759  0.543  0.190 -0.125 -0.293 -0.360 -0.268 -0.174 -0.010  0.110  0.416  0.436  0.404
  0.458  0.587  0.491  0.371 -0.040 -0.124 -0.223 -0.267 -0.244 -0.141 -0.125 -0.037 -0.025  0.219  0.230  0.323  0.191  0.183  0.115 -0.024 -0.109 -0.311 -0.382 -0.427 -0.375 -0.347 -0.403 -0.412 -0.349 -0.328 -0.340 -0.299 -0.229 -0.206 -0.264 -0.268 -0.290 -0.303 -0.222 -0.227 -0.295 -0.198 -0.241 -0.219 -0.154 -0.190 -0.176 -0.201 -0.262 -0.301 -0.383 -0.431 -0.394 -0.318 -0.182 -0.016  0.056 -0.040  0.026  0.162  0.289  0.461  0.759  1.000  0.731  0.428  0.044 -0.153 -0.241 -0.158 -0.104  0.049  0.108  0.315  0.345  0.315
  0.238  0.320  0.398  0.362  0.056 -0.002 -0.152 -0.194 -0.183 -0.163 -0.140 -0.041 -0.045  0.114  0.080  0.080  0.037  0.048  0.076 -0.028 -0.121 -0.253 -0.302 -0.343 -0.335 -0.312 -0.333 -0.349 -0.303 -0.266 -0.271 -0.249 -0.190 -0.160 -0.207 -0.198 -0.214 -0.228 -0.165 -0.148 -0.194 -0.117 -0.146 -0.097 -0.024 -0.138 -0.165 -0.167 -0.186 -0.184 -0.226 -0.303 -0.263 -0.183 -0.081  0.057  0.104  0.053  0.129  0.221  0.363  0.467  0.543  0.731  1.000  0.628  0.260  0.003 -0.106 -0.053 -0.023  0.047  0.080  0.218  0.212  0.181
 -0.016  0.134  0.316  0.573  0.410  0.372  0.149 -0.040 -0.043  0.105  0.157  0.235  0.197  0.232  0.125 -0.018 -0.124 -0.199 -0.200 -0.286 -0.304 -0.309 -0.221 -0.206 -0.240 -0.149 -0.081 -0.124 -0.085  0.000 -0.012 -0.028  0.016  0.061  0.028  0.034 -0.002 -0.020 -0.003  0.012  0.039  0.092  0.122  0.155  0.157 -0.051 -0.103 -0.082 -0.032 -0.032 -0.093 -0.168 -0.236 -0.252 -0.257 -0.183 -0.181 -0.171 -0.081 -0.059  0.036  0.097  0.190  0.428  0.628  1.000  0.651  0.325  0.185  0.165  0.100  0.079  0.003 -0.082 -0.090 -0.101
 -0.228 -0.093  0.129  0.413  0.592  0.554  0.367  0.212  0.121  0.118  0.174  0.215  0.198  0.063  0.007 -0.173 -0.238 -0.305 -0.298 -0.298 -0.263 -0.142 -0.017  0.031 -0.049  0.015  0.147  0.106  0.070  0.161  0.174  0.110  0.100  0.147  0.170  0.198  0.194  0.181  0.145  0.186  0.281  0.310  0.413  0.481  0.389  0.116 -0.041 -0.003  0.105  0.147  0.135  0.078  0.004 -0.059 -0.161 -0.193 -0.226 -0.142 -0.080 -0.139 -0.090 -0.123 -0.125  0.044  0.260  0.651  1.000  0.690  0.518  0.381  0.240  0.085 -0.063 -0.333 -0.392 -0.382
 -0.370 -0.248 -0.072  0.234  0.549  0.632  0.585  0.425  0.331  0.204  0.281  0.312  0.271  0.043 -0.062 -0.242 -0.314 -0.409 -0.402 -0.376 -0.293 -0.106  0.077  0.142  0.045  0.125  0.299  0.242  0.179  0.294  0.320  0.215  0.178  0.247  0.303  0.348  0.357  0.366  0.327  0.360  0.499  0.531  0.657  0.702  0.476  0.179  0.036  0.046  0.197  0.206  0.191  0.160  0.054 -0.047 -0.198 -0.264 -0.327 -0.220 -0.158 -0.252 -0.223 -0.274 -0.293 -0.153  0.003  0.325  0.690  1.000  0.824  0.600  0.367  0.126 -0.107 -0.539 -0.597 -0.575
 -0.394 -0.285 -0.126  0.170  0.523  0.608  0.553  0.376  0.293  0.218  0.305  0.313  0.282  0.044 -0.054 -0.231 -0.301 -0.402 -0.405 -0.364 -0.256 -0.062  0.118  0.185  0.101  0.163  0.336  0.295  0.219  0.329  0.356  0.238  0.197  0.274  0.345  0.394  0.397  0.399  0.385  0.479  0.633  0.656  0.688  0.627  0.379  0.116  0.031  0.057  0.221  0.243  0.216  0.191  0.079 -0.022 -0.180 -0.265 -0.336 -0.221 -0.168 -0.284 -0.273 -0.332 -0.360 -0.241 -0.106  0.185  0.518  0.824  1.000  0.783  0.542  0.263 -0.046 -0.561 -0.642 -0.628
 -0.305 -0.202 -0.090  0.150  0.387  0.462  0.380  0.193  0.142  0.187  0.243  0.246  0.215  0.041 -0.052 -0.177 -0.248 -0.330 -0.333 -0.312 -0.221 -0.081  0.063  0.079  0.036  0.097  0.228  0.186  0.114  0.240  0.268  0.135  0.121  0.234  0.302  0.380  0.375  0.364  0.426  0.579  0.671  0.741  0.625  0.518  0.264  0.011  0.001  0.040  0.201  0.214  0.154  0.096 -0.006 -0.061 -0.176 -0.212 -0.265 -0.184 -0.116 -0.209 -0.190 -0.246 -0.268 -0.158 -0.053  0.165  0.381  0.600  0.783  1.000  0.781  0.506  0.117 -0.441 -0.578 -0.588
 -0.219 -0.155 -0.083  0.066  0.208  0.267  0.173  0.078  0.002  0.101  0.119  0.090  0.057 -0.046 -0.103 -0.160 -0.190 -0.227 -0.213 -0.195 -0.147 -0.052  0.036  0.042  0.020  0.036  0.138  0.126  0.053  0.156  0.195  0.081  0.075  0.192  0.257  0.328  0.315  0.275  0.385  0.610  0.622  0.568  0.420  0.332  0.136 -0.026 -0.015  0.024  0.137  0.156  0.119  0.066  0.002 -0.022 -0.099 -0.116 -0.142 -0.084 -0.037 -0.110 -0.097 -0.149 -0.174 -0.104 -0.023  0.100  0.240  0.367  0.542  0.781  1.000  0.740  0.353 -0.273 -0.474 -0.523
 -0.023  0.035  0.041  0.120  0.118  0.118  0.039 -0.057 -0.083  0.069  0.088  0.090  0.067  0.065  0.003  0.001 -0.061 -0.087 -0.103 -0.135 -0.134 -0.154 -0.126 -0.165 -0.118 -0.067 -0.058 -0.065 -0.068  0.006  0.025 -0.050 -0.042  0.052  0.098  0.171  0.196  0.121  0.242  0.487  0.359  0.413  0.224  0.109 -0.024 -0.129 -0.082 -0.067 -0.010 -0.022 -0.098 -0.162 -0.194 -0.177 -0.169 -0.118 -0.099 -0.111 -0.067 -0.060 -0.040 -0.035 -0.010  0.049  0.047  0.079  0.085  0.126  0.263  0.506  0.740  1.000  0.592  0.000 -0.243 -0.330
  0.090  0.089  0.050  0.021 -0.065 -0.084 -0.131 -0.143 -0.172 -0.021 -0.045 -0.042 -0.074 -0.011 -0.041  0.040  0.023  0.052  0.057  0.026 -0.017 -0.087 -0.135 -0.179 -0.127 -0.134 -0.180 -0.170 -0.155 -0.147 -0.139 -0.140 -0.119 -0.088 -0.081 -0.047 -0.023 -0.083 -0.022  0.087  0.000  0.042 -0.048 -0.089 -0.113 -0.118 -0.081 -0.082 -0.083 -0.090 -0.127 -0.166 -0.146 -0.102 -0.043  0.016  0.060  0.018  0.025  0.069  0.079  0.088  0.110  0.108  0.080  0.003 -0.063 -0.107 -0.046  0.117  0.353  0.592  1.000  0.248 -0.003 -0.113
  0.409  0.307  0.153 -0.128 -0.435 -0.500 -0.541 -0.470 -0.433 -0.366 -0.423 -0.401 -0.363 -0.124 -0.040  0.168  0.229  0.376  0.399  0.352  0.194 -0.047 -0.275 -0.380 -0.273 -0.331 -0.549 -0.525 -0.420 -0.533 -0.592 -0.465 -0.398 -0.479 -0.554 -0.567 -0.545 -0.552 -0.458 -0.415 -0.524 -0.428 -0.496 -0.471 -0.316 -0.212 -0.202 -0.208 -0.342 -0.313 -0.322 -0.351 -0.197 -0.047  0.133  0.242  0.366  0.239  0.190  0.340  0.328  0.387  0.416  0.315  0.218 -0.082 -0.333 -0.539 -0.561 -0.441 -0.273  0.000  0.248  1.000  0.781  0.620
  0.438  0.342  0.166 -0.100 -0.446 -0.516 -0.549 -0.459 -0.377 -0.333 -0.377 -0.316 -0.293 -0.041  0.017  0.219  0.242  0.369  0.368  0.299  0.141 -0.128 -0.362 -0.436 -0.313 -0.358 -0.586 -0.546 -0.399 -0.525 -0.602 -0.437 -0.355 -0.463 -0.562 -0.608 -0.622 -0.618 -0.560 -0.573 -0.660 -0.568 -0.602 -0.563 -0.379 -0.243 -0.254 -0.285 -0.444 -0.437 -0.441 -0.438 -0.289 -0.169  0.029  0.149  0.286  0.130  0.072  0.258  0.260  0.378  0.436  0.345  0.212 -0.090 -0.392 -0.597 -0.642 -0.578 -0.474 -0.243 -0.003  0.781  1.000  0.906
