  0.000  3.832  6.630 10.227 13.156 16.585 19.640 22.884 24.804 22.636 19.816 16.186 13.865 10.388  8.283  5.488  5.446  5.794  7.591 10.729 10.685 13.686 14.513 16.779 14.100 12.403 16.030 16.540 13.797 15.661 18.822 17.870 16.967 19.723 22.170 22.305 23.478 21.482 24.676 25.004 21.636 21.229 18.025 18.795 17.066 19.327 22.357 21.915 21.343 18.578 20.099 19.207 19.345 17.246 13.642 10.958 11.931 15.533 15.258 13.410 10.650  8.558  5.750  7.663 10.054 12.563 13.838 17.373 18.716 22.431 24.346 27.372 30.230 31.690 33.448 34.787
  3.832  0.000  3.828  6.824 10.094 13.278 16.439 19.687 21.362 19.085 16.204 12.527 10.459  6.941  5.853  4.769  6.379  8.444 10.028 13.208 12.327 14.624 14.475 16.737 14.307 11.744 14.926 15.814 12.705 13.742 17.218 16.436 14.831 17.238 20.090 20.219 21.897 20.251 23.432 23.219 19.799 19.498 16.315 17.032 15.513 17.862 20.769 20.761 20.226 17.919 19.932 19.210 20.085 18.155 14.923 11.908 13.703 16.924 15.855 14.360 10.932  9.014  5.665  5.415  7.995  9.791 11.464 14.757 16.159 19.939 21.906 25.182 27.965 29.527 31.372 32.749
  6.630  3.828  0.000  3.820  6.714 10.030 13.225 16.365 18.388 16.394 13.904 10.267  8.541  6.041  5.344  6.272  6.885  9.341 10.059 13.085 11.691 13.049 12.034 14.574 12.841  9.652 12.484 14.167 11.451 11.710 15.430 15.469 13.797 15.543 18.335 17.858 19.492 17.673 20.575 20.135 16.564 15.967 12.680 13.281 11.941 14.526 17.224 17.242 16.665 14.629 16.972 16.589 17.978 16.074 13.322 10.158 12.674 15.295 13.626 12.786  9.052  8.231  6.008  4.920  5.545  6.487  7.683 10.999 12.532 16.312 18.507 21.768 24.691 26.348 28.221 29.603
 10.227  6.824  3.820  0.000  3.820  6.506  9.896 12.990 14.762 12.705 10.297  6.640  5.800  4.712  6.186  8.774 10.041 12.920 13.577 16.385 14.554 15.205 13.321 15.602 14.359 10.686 12.512 14.587 11.877 10.907 14.726 15.144 12.799 13.765 16.893 16.276 18.441 17.093 19.789 18.671 15.155 14.673 11.633 12.108 11.280 13.840 16.138 16.690 16.156 14.864 17.612 17.459 19.533 17.932 15.759 12.717 15.593 17.689 15.450 15.074 11.280 10.877  8.965  6.398  6.056  4.683  6.134  8.597 10.168 13.907 16.169 19.681 22.480 24.252 26.207 27.619
 13.156 10.094  6.714  3.820  0.000  3.824  6.570  9.851 12.049 10.336  8.467  5.657  5.064  6.360  7.517 10.771 11.536 14.590 15.091 17.296 14.892 14.630 11.977 13.855 13.309  9.470 10.200 12.785 10.698  8.718 12.397 13.636 11.419 11.504 14.354 13.171 15.337 14.104 16.524 15.087 11.610 11.279  8.663  9.668  9.992 13.011 14.533 14.885 13.839 12.940 15.664 15.510 18.163 17.077 15.642 13.146 16.532 17.935 15.543 16.082 12.534 13.194 12.060  9.885  8.401  5.631  4.744  5.780  6.498 10.221 12.374 15.907 18.711 20.537 22.559 24.050
 16.585 13.278 10.030  6.506  3.824  0.000  3.830  6.594  8.580  7.104  6.128  4.460  6.316  8.806 10.902 14.328 15.329 18.352 18.650 20.897 18.526 17.916 14.889 16.617 16.564 12.778 12.702 15.464 13.667 10.924 14.179 15.761 13.157 12.235 15.155 13.718 16.265 15.536 17.398 15.204 12.029 11.578  9.558  9.876 10.601 13.032 13.984 15.058 14.369 14.460 17.482 17.772 20.794 19.804 18.785 16.298 19.609 20.661 17.855 18.532 15.119 15.813 14.846 12.115 10.309  6.692  6.096  4.927  5.812  8.831 11.216 14.889 17.511 19.475 21.525 22.971
 19.640 16.439 13.225  9.896  6.570  3.830  0.000  3.837  6.013  5.242  5.544  6.235  7.852 11.208 13.061 16.695 17.622 20.793 21.224 23.014 20.250 19.126 15.780 16.804 17.192 13.682 12.511 15.204 13.992 10.568 13.059 15.167 12.718 10.761 13.224 11.427 14.135 14.014 15.445 12.698 10.115 10.317  9.584 10.531 12.401 14.924 14.988 15.831 14.611 15.140 17.809 17.918 21.314 20.928 20.471 18.521 22.063 22.712 20.009 21.238 18.041 19.164 18.358 15.807 13.919 10.287  8.781  6.203  4.881  6.556  8.187 11.902 14.199 16.192 18.338 19.898
 22.884 19.687 16.365 12.990  9.851  6.594  3.837  0.000  3.857  5.481  7.614  9.153 11.402 14.708 16.677 20.252 21.026 24.026 24.120 25.888 23.240 21.790 18.241 19.293 20.176 16.795 15.321 18.199 17.392 13.875 15.941 18.348 16.025 13.604 15.640 13.491 15.963 15.985 16.650 13.490 11.426 11.159 11.016 11.183 13.269 15.142 14.505 15.810 14.965 16.341 19.130 19.736 23.292 22.921 22.862 20.974 24.398 24.653 21.681 23.100 20.166 21.488 21.036 18.398 16.138 12.369 10.860  7.491  6.562  6.363  8.142 11.363 13.434 15.570 17.629 19.071
 24.804 21.362 18.388 14.762 12.049  8.580  6.013  3.857  0.000  3.840  6.830  9.534 12.263 15.753 18.250 21.941 23.232 26.452 26.862 28.779 26.068 24.869 21.431 22.292 22.858 19.459 17.967 20.437 19.307 15.692 17.525 19.531 16.805 14.144 16.383 14.840 17.779 18.442 19.208 15.845 14.272 14.536 14.548 14.789 16.633 18.286 17.753 19.326 18.603 19.949 22.692 23.105 26.655 26.350 26.108 24.096 27.513 28.010 25.042 26.213 23.100 24.028 23.163 20.172 18.374 14.637 13.806 10.791  9.945  9.685 10.574 13.573 14.907 16.843 18.757 20.100
 22.636 19.085 16.394 12.705 10.336  7.104  5.242  5.481  3.840  0.000  3.810  6.860  9.692 13.170 15.915 19.623 21.257 24.618 25.338 27.394 24.679 23.867 20.655 21.541 21.621 18.124 16.976 19.171 17.566 14.093 16.200 17.744 14.697 12.386 15.132 14.116 17.385 18.088 19.428 16.297 14.426 14.995 14.550 15.103 16.618 18.557 18.598 20.046 19.219 20.037 22.777 22.875 26.272 25.876 25.239 23.065 26.485 27.373 24.548 25.422 22.068 22.639 21.363 18.250 16.921 13.320 12.935 10.571  9.850 10.597 11.450 14.841 16.276 18.095 20.086 21.511
 19.816 16.204 13.904 10.297  8.467  6.128  5.544  7.614  6.830  3.810  0.000  3.831  6.447  9.889 12.869 16.562 18.584 22.094 23.205 25.365 22.650 22.312 19.448 20.336 19.813 16.283 15.619 17.416 15.238 12.092 14.539 15.450 12.073 10.443 13.768 13.422 16.894 17.530 19.531 16.832 14.640 15.489 14.542 15.491 16.635 18.928 19.569 20.758 19.781 19.935 22.572 22.276 25.417 24.938 23.853 21.560 24.957 26.288 23.719 24.272 20.697 20.881 19.133 16.008 15.295 12.042 12.094 10.680 10.088 11.899 12.754 16.393 17.993 19.728 21.760 23.248
 16.186 12.527 10.267  6.640  5.657  4.460  6.235  9.153  9.534  6.860  3.831  0.000  3.826  6.614  9.803 13.356 15.400 18.800 19.868 22.287 19.844 19.903 17.341 18.701 17.829 14.139 14.322 16.205 13.613 11.083 14.248 14.853 11.546 11.025 14.576 14.248 17.401 17.343 19.730 17.559 14.748 15.147 13.352 14.138 14.599 16.979 18.256 19.347 18.560 18.234 20.993 20.725 23.540 22.663 21.158 18.573 21.797 23.441 20.948 21.130 17.442 17.324 15.401 12.273 11.823  8.910  9.566  9.298  9.590 12.419 13.944 17.702 19.820 21.606 23.640 25.114
 13.865 10.459  8.541  5.800  5.064  6.316  7.852 11.402 12.263  9.692  6.447  3.826  0.000  3.844  6.477 10.186 12.372 15.997 17.569 19.705 17.030 17.360 15.182 16.196 14.798 11.308 11.781 13.101 10.140  8.104 11.424 11.536  8.345  8.785 12.357 12.490 15.464 15.312 18.216 16.618 13.800 14.687 12.882 14.464 15.029 17.943 19.403 19.826 18.529 17.483 19.759 18.887 21.439 20.795 19.079 16.786 20.110 21.986 20.008 20.235 16.540 16.449 14.292 11.777 11.804  9.595  9.753 10.283  9.935 13.111 14.175 17.819 19.954 21.582 23.622 25.190
 10.388  6.941  6.041  4.712  6.360  8.806 11.208 14.708 15.753 13.170  9.889  6.614  3.844  0.000  3.818  6.994  9.722 13.246 15.121 17.566 15.306 16.433 14.984 16.353 14.299 11.018 12.653 13.578 10.129  9.508 12.992 12.360  9.590 11.298 14.696 15.136 17.698 17.076 20.272 19.235 16.190 16.770 14.390 15.773 15.568 18.387 20.449 20.741 19.661 18.062 20.245 19.267 21.246 20.216 17.884 15.331 18.268 20.692 19.039 18.668 14.924 14.173 11.470  9.244 10.306  9.345 10.312 12.085 12.441 15.975 17.323 20.873 23.200 24.773 26.741 28.249
  8.283  5.853  5.344  6.186  7.517 10.902 13.061 16.677 18.250 15.915 12.869  9.803  6.477  3.818  0.000  3.814  6.220  9.937 12.216 14.262 11.838 13.276 12.411 13.607 11.072  8.222 10.563 11.021  7.522  8.242 11.609 10.767  9.059 11.551 14.306 14.714 16.600 15.505 18.934 18.603 15.561 16.208 13.808 15.653 15.480 18.613 20.729 20.372 18.928 16.691 18.330 16.906 18.449 17.548 15.034 12.886 15.822 18.353 17.293 17.061 13.567 13.119 10.667  9.716 10.724 10.523 10.720 12.989 13.027 16.590 17.754 20.996 23.438 24.878 26.782 28.307
  5.488  4.769  6.272  8.774 10.771 14.328 16.695 20.252 21.941 19.623 16.562 13.356 10.186  6.994  3.814  0.000  3.829  7.122 10.085 12.130 10.300 12.732 12.965 14.253 11.157  9.261 12.382 12.269  8.994 10.971 13.905 12.568 11.646 14.660 17.032 17.613 19.018 17.588 21.094 21.306 18.283 18.747 16.159 17.877 17.225 20.198 22.644 22.027 20.688 17.979 19.249 17.649 18.423 17.286 14.236 12.218 14.499 17.520 17.110 16.384 13.233 12.296  9.663  9.914 11.641 12.591 13.051 15.874 16.189 19.776 21.004 24.055 26.569 27.917 29.731 31.200
  5.446  6.379  6.885 10.041 11.536 15.329 17.622 21.026 23.232 21.257 18.584 15.400 12.372  9.722  6.220  3.829  0.000  3.827  6.705  8.393  6.591  9.320 10.194 11.776  8.783  7.510 11.190 11.319  8.973 11.422 14.178 13.465 13.385 16.170 17.986 17.985 18.673 16.565 19.864 20.599 17.506 17.575 14.898 16.611 15.863 18.877 21.289 20.170 18.727 15.617 16.487 14.860 15.140 13.837 10.633  8.970 11.166 14.112 14.185 13.699 11.034 10.791  9.201 10.599 11.526 12.857 12.639 15.693 16.044 19.503 20.859 23.569 26.297 27.600 29.325 30.742
  5.794  8.444  9.341 12.920 14.590 18.352 20.793 24.026 26.452 24.618 22.094 18.800 15.997 13.246  9.937  7.122  3.827  0.000  3.878  5.440  5.391  8.963 10.971 12.841 10.119  9.830 13.625 13.755 12.100 14.784 17.292 16.688 17.010 19.792 21.347 21.150 21.380 18.865 21.914 23.060 19.967 19.619 16.812 18.163 16.959 19.620 22.216 20.830 19.629 16.245 16.745 15.299 14.669 12.909  9.275  7.969  8.933 12.228 13.119 12.209 10.424 10.121  9.322 11.907 12.803 14.890 14.723 18.048 18.718 22.079 23.623 26.089 28.953 30.207 31.826 33.150
  7.591 10.028 10.059 13.577 15.091 18.650 21.224 24.120 26.862 25.338 23.205 19.868 17.569 15.121 12.216 10.085  6.705  3.878  0.000  3.839  5.539  8.307 10.289 12.960 11.236 10.818 14.501 15.426 14.331 16.523 19.186 19.242 19.515 21.853 23.361 22.580 22.562 19.600 22.190 23.374 20.109 19.060 16.002 16.736 15.065 17.319 20.002 18.490 17.693 14.328 14.927 14.218 13.288 10.721  6.903  5.184  5.159  8.683  9.752  8.632  7.612  7.957  8.652 11.797 11.882 14.313 13.984 17.438 18.572 21.787 23.744 26.026 29.133 30.458 32.014 33.237
 10.729 13.208 13.085 16.385 17.296 20.897 23.014 25.888 28.779 27.394 25.365 22.287 19.705 17.566 14.262 12.130  8.393  5.440  3.839  0.000  3.837  6.542  9.676 11.619 10.057 10.949 14.312 14.762 14.479 17.083 19.119 19.267 20.268 22.621 23.534 22.688 22.056 18.907 21.334 23.099 20.200 19.357 16.810 18.004 16.877 19.315 21.563 19.466 18.173 14.507 14.105 12.840 11.069  9.034  5.550  6.248  6.024  8.416 10.656 10.533 10.382 11.504 12.437 15.438 15.244 17.256 16.261 19.348 19.921 22.793 24.354 26.211 29.196 30.325 31.752 32.950
 10.685 12.327 11.691 14.554 14.892 18.526 20.250 23.240 26.068 24.679 22.650 19.844 17.030 15.306 11.838 10.300  6.591  5.391  5.539  3.837  0.000  3.840  6.847  8.273  6.280  7.380 10.666 10.946 10.837 13.492 15.344 15.619 16.807 19.063 19.790 18.969 18.323 15.293 17.944 19.693 16.919 16.543 14.321 16.176 15.753 18.738 20.649 18.497 16.628 12.933 12.451 10.492  9.474  8.357  5.393  6.282  8.116  9.944 11.387 12.065 11.000 12.465 12.855 15.105 14.717 15.975 14.499 17.215 17.206 20.001 21.202 23.065 25.910 27.004 28.486 29.783
 13.686 14.624 13.049 15.205 14.630 17.916 19.126 21.790 24.869 23.867 22.312 19.903 17.360 16.433 13.276 12.732  9.320  8.963  8.307  6.542  3.840  0.000  3.833  5.231  5.111  6.544  8.836  9.817 10.841 12.829 14.337 15.501 16.928 18.526 18.807 17.350 16.189 12.757 14.905 16.894 14.285 13.699 11.932 14.015 14.220 17.334 18.663 16.083 13.764 10.023  8.916  6.697  5.891  5.412  4.110  6.335  8.861  9.214 10.391 12.262 11.494 13.917 14.874 16.696 15.468 16.047 13.754 15.862 15.454 17.740 18.803 20.240 23.122 24.170 25.573 26.840
 14.513 14.475 12.034 13.321 11.977 14.889 15.780 18.241 21.431 20.655 19.448 17.341 15.182 14.984 12.411 12.965 10.194 10.971 10.289  9.676  6.847  3.833  0.000  3.846  5.370  4.959  6.325  8.670  9.838 10.704 12.468 14.380 15.383 16.314 16.691 14.711 13.747 10.206 12.169 13.671 10.768  9.930  8.170 10.555 11.382 14.782 15.728 13.239 10.594  7.073  6.658  4.787  6.343  6.082  5.968  6.866 10.299 10.195 10.018 12.425 11.090 13.883 14.838 15.883 14.041 13.801 10.933 12.486 11.826 13.955 15.135 16.655 19.686 20.898 22.411 23.739
 16.779 16.737 14.574 15.602 13.855 16.617 16.804 19.293 22.292 21.541 20.336 18.701 16.196 16.353 13.607 14.253 11.776 12.841 12.960 11.619  8.273  5.231  3.846  0.000  3.847  5.426  5.080  6.281  8.786  9.923 10.500 12.556 14.392 15.241 14.796 12.929 11.238  7.686  9.836 12.078 10.016 10.349  9.909 13.027 14.592 18.093 18.593 15.961 12.788  9.661  8.176  4.740  6.369  8.110  8.714 10.385 13.565 13.356 13.647 16.137 14.846 17.435 18.000 18.888 17.331 16.749 13.751 14.686 13.075 14.659 14.871 15.927 18.521 19.448 20.874 22.289
 14.100 14.307 12.841 14.359 13.309 16.564 17.192 20.176 22.858 21.621 19.813 17.829 14.798 14.299 11.072 11.157  8.783 10.119 11.236 10.057  6.280  5.111  5.370  3.847  0.000  3.861  5.386  4.917  6.306  8.766  9.652 10.569 12.467 14.212 14.179 13.250 12.244  9.435 12.454 14.344 12.141 12.922 11.889 14.942 15.972 19.545 20.619 18.376 15.559 12.279 11.423  8.291  8.991  9.967  9.077 10.186 13.271 14.106 14.638 16.329 14.607 16.475 16.368 17.373 16.575 16.403 14.056 15.596 14.233 16.476 16.718 18.330 20.783 21.729 23.258 24.732
 12.403 11.744  9.652 10.686  9.470 12.778 13.682 16.795 19.459 18.124 16.283 14.139 11.308 11.018  8.222  9.261  7.510  9.830 10.818 10.949  7.380  6.544  4.959  5.426  3.861  0.000  3.848  5.403  5.108  6.446  8.737  9.959 10.688 12.173 13.007 11.876 11.851  9.256 12.411 13.312 10.402 10.911  9.229 12.167 13.107 16.777 18.011 16.284 13.754 10.832 11.204  8.998 10.718 10.784  9.523  9.224 12.836 13.951 13.510 14.978 12.568 14.288 13.932 14.316 13.327 12.765 10.470 12.070 10.957 13.684 14.418 16.644 19.343 20.592 22.326 23.856
 16.030 14.926 12.484 12.512 10.200 12.702 12.511 15.321 17.967 16.976 15.619 14.322 11.781 12.653 10.563 12.382 11.190 13.625 14.501 14.312 10.666  8.836  6.325  5.080  5.386  3.848  0.000  3.840  5.409  5.063  6.259  8.788  9.890 10.342 10.389  8.597  8.150  5.504  8.794  9.645  7.144  8.613  8.272 11.883 13.873 17.622 18.116 16.288 13.225 10.915 10.963  8.523 11.163 12.188 12.037 12.223 15.929 16.377 15.697 17.745 15.454 17.506 17.262 17.154 15.771 14.377 11.499 11.879  9.640 11.550 11.478 13.370 15.850 17.031 18.810 20.471
 16.540 15.814 14.167 14.587 12.785 15.464 15.204 18.199 20.437 19.171 17.416 16.205 13.101 13.578 11.021 12.269 11.319 13.755 15.426 14.762 10.946  9.817  8.670  6.281  4.917  5.403  3.840  0.000  3.844  5.418  4.907  6.342  8.740 10.016  9.402  8.821  8.085  6.442 10.126 11.522 10.001 12.141 12.095 15.693 17.513 21.260 21.901 20.007 16.900 14.365 13.840 10.729 12.551 14.073 13.639 14.247 17.679 18.473 18.395 20.182 17.935 19.601 18.932 19.035 18.299 17.233 14.782 15.387 13.065 14.878 14.193 15.849 17.768 18.625 20.288 21.960
 13.797 12.705 11.451 11.877 10.698 13.667 13.992 17.392 19.307 17.566 15.238 13.613 10.140 10.129  7.522  8.994  8.973 12.100 14.331 14.479 10.837 10.841  9.838  8.786  6.306  5.108  5.409  3.844  0.000  3.854  5.329  5.071  6.241  8.578  9.354  9.655 10.381  9.384 13.150 13.717 11.626 13.518 12.656 15.899 17.187 20.882 22.010 20.636 17.990 15.492 15.764 13.127 14.869 15.560 14.248 13.936 17.351 18.852 18.491 19.622 16.869 17.863 16.548 16.337 16.172 15.248 13.505 14.566 12.754 15.281 15.068 17.449 19.461 20.518 22.317 23.982
 15.661 13.742 11.710 10.907  8.718 10.924 10.568 13.875 15.692 14.093 12.092 11.083  8.104  9.508  8.242 10.971 11.422 14.784 16.523 17.083 13.492 12.829 10.704  9.923  8.766  6.446  5.063  5.418  3.854  0.000  3.848  5.437  5.066  5.750  7.059  6.704  8.439  8.056 11.574 11.156  8.994 11.228 10.774 14.065 15.865 19.532 20.271 19.251 16.615 14.828 15.630 13.520 16.083 16.751 15.891 15.213 18.915 20.078 19.042 20.416 17.440 18.621 17.388 16.438 15.773 13.978 11.967 12.134  9.789 12.073 11.667 14.350 16.317 17.557 19.532 21.298
 18.822 17.218 15.430 14.726 12.397 14.179 13.059 15.941 17.525 16.200 14.539 14.248 11.424 12.992 11.609 13.905 14.178 17.292 19.186 19.119 15.344 14.337 12.468 10.500  9.652  8.737  6.259  4.907  5.329  3.848  0.000  3.841  5.572  5.579  4.552  4.766  5.806  6.643 10.162 10.182  9.328 12.427 13.013 16.621 18.881 22.580 22.925 21.592 18.557 16.827 16.920 14.302 16.795 18.247 17.883 17.893 21.543 22.412 21.725 23.429 20.723 22.114 20.984 20.214 19.546 17.712 15.450 15.180 12.254 13.635 12.176 14.114 15.425 16.299 18.164 20.007
 17.870 16.436 15.469 15.144 13.636 15.761 15.167 18.348 19.531 17.744 15.450 14.853 11.536 12.360 10.767 12.568 13.465 16.688 19.242 19.267 15.619 15.501 14.380 12.556 10.569  9.959  8.788  6.342  5.071  5.437  3.841  0.000  3.845  6.039  5.830  7.959  9.292 10.222 13.814 13.987 13.034 15.911 15.960 19.395 21.179 24.862 25.635 24.439 21.602 19.555 19.683 16.874 18.844 20.093 19.125 18.969 22.395 23.810 23.388 24.607 21.744 22.575 20.913 20.207 20.261 18.848 17.214 17.504 15.029 16.885 15.659 17.809 18.970 19.744 21.512 23.255
 16.967 14.831 13.797 12.799 11.419 13.157 12.718 16.025 16.805 14.697 12.073 11.546  8.345  9.590  9.059 11.646 13.385 17.010 19.515 20.268 16.807 16.928 15.383 14.392 12.467 10.688  9.890  8.740  6.241  5.066  5.572  3.845  0.000  3.831  6.089  8.281 10.906 11.949 15.406 14.701 13.270 15.879 15.527 18.575 20.146 23.665 24.588 23.938 21.488 19.797 20.640 18.366 20.654 21.356 20.096 19.218 22.711 24.365 23.431 24.330 21.096 21.557 19.548 18.219 18.436 16.735 15.604 15.786 13.618 15.775 14.929 17.677 18.944 19.971 21.881 23.616
 19.723 17.238 15.543 13.765 11.504 12.235 10.761 13.604 14.144 12.386 10.443 11.025  8.785 11.298 11.551 14.660 16.170 19.792 21.853 22.621 19.063 18.526 16.314 15.241 14.212 12.173 10.342 10.016  8.578  5.750  5.579  6.039  3.831  0.000  3.853  5.699  9.181 11.001 13.892 12.422 11.475 14.412 14.734 17.768 19.869 23.297 23.714 23.230 20.714 19.629 20.620 18.651 21.458 22.346 21.603 20.747 24.444 25.669 24.361 25.620 22.402 23.212 21.499 19.799 19.447 17.084 15.583 14.838 12.121 13.554 12.165 14.848 15.775 16.838 18.848 20.672
 22.170 20.090 18.335 16.893 14.354 15.155 13.224 15.640 16.383 15.132 13.768 14.576 12.357 14.696 14.306 17.032 17.986 21.347 23.361 23.534 19.790 18.807 16.691 14.796 14.179 13.007 10.389  9.402  9.354  7.059  4.552  5.830  6.089  3.853  0.000  3.824  6.558  9.323 11.933 10.905 11.040 14.542 15.669 19.074 21.606 25.144 25.195 24.267 21.332 20.206 20.558 18.215 20.981 22.498 22.248 22.031 25.748 26.610 25.614 27.289 24.376 25.586 24.186 22.852 22.263 19.943 17.918 16.948 13.730 14.436 12.221 14.049 14.457 15.165 17.059 18.960
 22.305 20.219 17.858 16.276 13.171 13.718 11.427 13.491 14.840 14.116 13.422 14.248 12.490 15.136 14.714 17.613 17.985 21.150 22.580 22.688 18.969 17.350 14.711 12.929 13.250 11.876  8.597  8.821  9.655  6.704  4.766  7.959  8.281  5.699  3.824  0.000  3.897  6.508  8.642  7.173  7.429 11.061 12.702 16.144 19.039 22.524 22.204 21.137 18.085 17.285 17.644 15.629 18.760 20.324 20.556 20.457 24.254 24.649 23.447 25.495 22.796 24.473 23.588 22.322 21.114 18.560 16.002 14.585 11.041 11.202  8.763 10.404 11.183 12.142 14.244 16.297
 23.478 21.897 19.492 18.441 15.337 16.265 14.135 15.963 17.779 17.385 16.894 17.401 15.464 17.698 16.600 19.018 18.673 21.380 22.562 22.056 18.323 16.189 13.747 11.238 12.244 11.851  8.150  8.085 10.381  8.439  5.806  9.292 10.906  9.181  6.558  3.897  0.000  3.895  5.602  5.670  6.976 10.644 12.855 16.516 19.602 23.126 22.567 20.912 17.487 16.475 16.031 13.662 16.630 18.783 19.571 20.173 23.852 23.812 23.011 25.456 23.210 25.310 24.860 24.107 22.663 20.383 17.392 16.116 12.536 12.283  9.690 10.167 10.916 11.534 13.366 15.408
 21.482 20.251 17.673 17.093 14.104 15.536 14.014 15.985 18.442 18.088 17.530 17.343 15.312 17.076 15.505 17.588 16.565 18.865 19.600 18.907 15.293 12.757 10.206  7.686  9.435  9.256  5.504  6.442  9.384  8.056  6.643 10.222 11.949 11.001  9.323  6.508  3.895  0.000  3.843  5.491  5.344  8.283 10.215 13.961 16.911 20.470 20.016 17.970 14.421 13.014 12.281  9.810 12.839 14.981 15.992 16.850 20.446 20.157 19.497 22.126 20.185 22.590 22.571 22.240 20.532 18.581 15.316 14.456 11.228 11.359  9.702 10.239 12.001 12.828 14.517 16.368
 24.676 23.432 20.575 19.789 16.524 17.398 15.445 16.650 19.208 19.428 19.531 19.730 18.216 20.272 18.934 21.094 19.864 21.914 22.190 21.334 17.944 14.905 12.169  9.836 12.454 12.411  8.794 10.126 13.150 11.574 10.162 13.814 15.406 13.892 11.933  8.642  5.602  3.843  0.000  3.840  5.572  7.986 10.981 14.360 17.710 20.966 19.868 17.637 13.967 13.275 12.197 10.330 13.513 15.942 17.710 18.841 22.298 21.394 20.623 23.657 22.079 24.848 25.240 24.894 22.763 20.605 17.063 15.626 12.314 11.301  9.231  8.351  9.872 10.465 11.933 13.808
 25.004 23.219 20.135 18.671 15.087 15.204 12.698 13.490 15.845 16.297 16.832 17.559 16.618 19.235 18.603 21.306 20.599 23.060 23.374 23.099 19.693 16.894 13.671 12.078 14.344 13.312  9.645 11.522 13.717 11.156 10.182 13.987 14.701 12.422 10.905  7.173  5.670  5.491  3.840  0.000  3.834  6.828 10.179 13.312 16.902 20.027 18.730 17.116 13.747 13.809 13.721 12.560 16.125 17.976 19.441 19.897 23.535 22.813 21.446 24.303 22.356 24.941 25.133 24.231 21.996 19.333 15.906 13.784 10.169  8.491  5.730  5.004  6.754  7.978 10.070 12.261
 21.636 19.799 16.564 15.155 11.610 12.029 10.115 11.426 14.272 14.426 14.640 14.748 13.800 16.190 15.561 18.283 17.506 19.967 20.109 20.200 16.919 14.285 10.768 10.016 12.141 10.402  7.144 10.001 11.626  8.994  9.328 13.034 13.270 11.475 11.040  7.429  6.976  5.344  5.572  3.834  0.000  3.818  6.556  9.918 13.350 16.649 15.759 14.252 10.997 10.791 11.389 10.529 14.258 15.460 16.531 16.543 20.244 19.736 18.122 20.792 18.682 21.211 21.439 20.542 18.223 15.632 12.153 10.286  6.815  6.128  4.989  6.318  9.227 10.834 12.896 14.779
 21.229 19.498 15.967 14.673 11.279 11.578 10.317 11.159 14.536 14.995 15.489 15.147 14.687 16.770 16.208 18.747 17.575 19.619 19.060 19.357 16.543 13.699  9.930 10.349 12.922 10.911  8.613 12.141 13.518 11.228 12.427 15.911 15.879 14.412 14.542 11.061 10.644  8.283  7.986  6.828  3.818  0.000  3.828  6.605 10.233 13.313 12.184 10.528  7.309  7.726  9.019  9.408 13.198 13.745 15.055 14.850 18.351 17.443 15.434 18.289 16.490 19.346 20.138 19.387 16.550 14.054 10.327  8.390  5.859  5.149  6.221  7.396 10.915 12.666 14.497 16.026
 18.025 16.315 12.680 11.633  8.663  9.558  9.584 11.016 14.548 14.550 14.542 13.352 12.882 14.390 13.808 16.159 14.898 16.812 16.002 16.810 14.321 11.932  8.170  9.909 11.889  9.229  8.272 12.095 12.656 10.774 13.013 15.960 15.527 14.734 15.669 12.702 12.855 10.215 10.981 10.179  6.556  3.828  0.000  3.822  6.887 10.365 10.138  8.711  6.096  5.757  8.303  9.135 12.553 12.102 12.693 11.763 15.265 14.730 12.373 14.878 12.829 15.604 16.480 15.807 12.851 10.608  6.812  5.796  4.793  6.351  8.779 10.843 14.344 16.140 17.948 19.340
 18.795 17.032 13.281 12.108  9.668  9.876 10.531 11.183 14.789 15.103 15.491 14.138 14.464 15.773 15.653 17.877 16.611 18.163 16.736 18.004 16.176 14.015 10.555 13.027 14.942 12.167 11.883 15.693 15.899 14.065 16.621 19.395 18.575 17.768 19.074 16.144 16.516 13.961 14.360 13.312  9.918  6.605  3.822  0.000  3.824  6.802  6.436  5.663  4.638  5.843  9.394 11.430 14.433 13.175 13.697 12.193 15.181 14.402 11.328 13.650 11.865 14.701 16.089 15.296 11.807  9.592  6.152  5.046  6.291  7.550 10.888 12.847 16.392 18.296 19.992 21.158
 17.066 15.513 11.941 11.280  9.992 10.601 12.401 13.269 16.633 16.618 16.635 14.599 15.029 15.568 15.480 17.225 15.863 16.959 15.065 16.877 15.753 14.220 11.382 14.592 15.972 13.107 13.873 17.513 17.187 15.865 18.881 21.179 20.146 19.869 21.606 19.039 19.602 16.911 17.710 16.902 13.350 10.233  6.887  3.824  0.000  3.847  5.590  5.651  6.570  6.968 10.757 13.044 15.334 13.171 12.987 10.714 13.136 12.670  9.125 10.743  8.978 11.677 13.488 12.920  9.186  7.803  5.386  6.235  8.956 10.947 14.429 16.602 20.112 21.992 23.635 24.702
 19.327 17.862 14.526 13.840 13.011 13.032 14.924 15.142 18.286 18.557 18.928 16.979 17.943 18.387 18.613 20.198 18.877 19.620 17.319 19.315 18.738 17.334 14.782 18.093 19.545 16.777 17.622 21.260 20.882 19.532 22.580 24.862 23.665 23.297 25.144 22.524 23.126 20.470 20.966 20.027 16.649 13.313 10.365  6.802  3.847  0.000  3.849  5.657  8.389  9.632 13.264 16.072 18.056 15.570 15.477 13.112 14.724 13.974 10.192 11.319 10.308 12.688 14.937 14.356 10.570  9.626  8.383  8.920 12.012 13.500 17.155 19.112 22.556 24.460 25.991 26.889
 22.357 20.769 17.224 16.138 14.533 13.984 14.988 14.505 17.753 18.598 19.569 18.256 19.403 20.449 20.729 22.644 21.289 22.216 20.002 21.563 20.649 18.663 15.728 18.593 20.619 18.011 18.116 21.901 22.010 20.271 22.925 25.635 24.588 23.714 25.195 22.204 22.567 20.016 19.868 18.730 15.759 12.184 10.138  6.436  5.590  3.849  0.000  3.820  6.941  9.552 12.955 16.057 18.406 16.453 17.137 15.386 17.234 15.886 12.309 14.193 13.458 16.144 18.323 17.603 13.801 12.204 10.241  9.427 11.796 12.218 15.759 17.173 20.527 22.404 23.831 24.638
 21.915 20.761 17.242 16.690 14.885 15.058 15.831 15.810 19.326 20.046 20.758 19.347 19.826 20.741 20.372 22.027 20.170 20.830 18.490 19.466 18.497 16.083 13.239 15.961 18.376 16.284 16.288 20.007 20.636 19.251 21.592 24.439 23.938 23.230 24.267 21.137 20.912 17.970 17.637 17.116 14.252 10.528  8.711  5.663  5.651  5.657  3.820  0.000  3.827  6.475  9.516 12.876 15.081 13.317 14.568 13.509 15.410 13.515 10.334 13.046 12.769 16.045 18.470 18.343 14.613 13.342 10.661 10.197 11.767 12.105 15.243 16.226 19.672 21.382 22.720 23.534
 21.343 20.226 16.665 16.156 13.839 14.369 14.611 14.965 18.603 19.219 19.781 18.560 18.529 19.661 18.928 20.688 18.727 19.629 17.693 18.173 16.628 13.764 10.594 12.788 15.559 13.754 13.225 16.900 17.990 16.615 18.557 21.602 21.488 20.714 21.332 18.085 17.487 14.421 13.967 13.747 10.997  7.309  6.096  4.638  6.570  8.389  6.941  3.827  0.000  3.826  6.559  9.647 12.357 11.346 13.047 12.631 15.134 13.242 10.652 13.870 13.273 16.730 18.798 18.747 15.241 13.711 10.333  9.608 10.000 10.122 12.725 13.468 16.953 18.573 19.945 20.896
 18.578 17.919 14.629 14.864 12.940 14.460 15.140 16.341 19.949 20.037 19.935 18.234 17.483 18.062 16.691 17.979 15.617 16.245 14.328 14.507 12.933 10.023  7.073  9.661 12.279 10.832 10.915 14.365 15.492 14.828 16.827 19.555 19.797 19.629 20.206 17.285 16.475 13.014 13.275 13.809 10.791  7.726  5.757  5.843  6.968  9.632  9.552  6.475  3.826  0.000  3.837  6.626  9.053  7.788  9.345  9.279 11.983 10.259  8.234 11.632 11.037 14.626 16.658 17.159 14.016 13.118  9.746 10.191 10.428 11.516 13.764 14.809 18.265 19.745 21.150 22.213
 20.099 19.932 16.972 17.612 15.664 17.482 17.809 19.130 22.692 22.777 22.572 20.993 19.759 20.245 18.330 19.249 16.487 16.745 14.927 14.105 12.451  8.916  6.658  8.176 11.423 11.204 10.963 13.840 15.764 15.630 16.920 19.683 20.640 20.620 20.558 17.644 16.031 12.281 12.197 13.721 11.389  9.019  8.303  9.394 10.757 13.264 12.955  9.516  6.559  3.837  0.000  3.838  5.928  5.856  8.721 10.179 12.572 10.341  9.667 13.332 13.316 16.949 18.987 19.934 17.120 16.480 13.093 13.532 13.034 13.720 15.153 15.524 18.702 19.847 21.034 22.045
 19.207 19.210 16.589 17.459 15.510 17.772 17.918 19.736 23.105 22.875 22.276 20.725 18.887 19.267 16.906 17.649 14.860 15.299 14.218 12.840 10.492  6.697  4.787  4.740  8.291  8.998  8.523 10.729 13.127 13.520 14.302 16.874 18.366 18.651 18.215 15.629 13.662  9.810 10.330 12.560 10.529  9.408  9.135 11.430 13.044 16.072 16.057 12.876  9.647  6.626  3.838  0.000  3.852  5.696  8.184 10.294 13.025 11.515 11.621 14.893 14.444 17.731 19.202 20.235 17.949 17.346 13.999 14.608 13.427 14.358 15.067 15.499 18.385 19.341 20.563 21.742
 19.345 20.085 17.978 19.533 18.163 20.794 21.314 23.292 26.655 26.272 25.417 23.540 21.439 21.246 18.449 18.423 15.140 14.669 13.288 11.069  9.474  5.891  6.343  6.369  8.991 10.718 11.163 12.551 14.869 16.083 16.795 18.844 20.654 21.458 20.981 18.760 16.630 12.839 13.513 16.125 14.258 13.198 12.553 14.433 15.334 18.056 18.406 15.081 12.357  9.053  5.928  3.852  0.000  3.812  6.764 10.005 11.812 10.068 11.415 14.486 14.772 17.973 19.691 21.384 19.402 19.491 16.507 17.706 16.909 18.095 18.869 19.250 22.029 22.830 23.909 24.973
 17.246 18.155 16.074 17.932 17.077 19.804 20.928 22.921 26.350 25.876 24.938 22.663 20.795 20.216 17.548 17.286 13.837 12.909 10.721  9.034  8.357  5.412  6.082  8.110  9.967 10.784 12.188 14.073 15.560 16.751 18.247 20.093 21.356 22.346 22.498 20.324 18.783 14.981 15.942 17.976 15.460 13.745 12.102 13.175 13.171 15.570 16.453 13.317 11.346  7.788  5.856  5.696  3.812  0.000  3.836  6.931  8.313  6.309  7.770 10.772 11.445 14.746 16.885 18.856 16.792 17.376 14.765 16.530 16.560 18.217 19.703 20.560 23.653 24.701 25.899 26.933
 13.642 14.923 13.322 15.759 15.642 18.785 20.471 22.862 26.108 25.239 23.853 21.158 19.079 17.884 15.034 14.236 10.633  9.275  6.903  5.550  5.393  4.110  5.968  8.714  9.077  9.523 12.037 13.639 14.248 15.891 17.883 19.125 20.096 21.603 22.248 20.556 19.571 15.992 17.710 19.441 16.531 15.055 12.693 13.697 12.987 15.477 17.137 14.568 13.047  9.345  8.721  8.184  6.764  3.836  0.000  3.825  5.278  5.145  6.889  8.716  8.940 11.728 13.608 15.938 14.409 15.606 13.637 16.144 16.600 18.953 20.664 22.128 25.276 26.452 27.814 28.942
 10.958 11.908 10.158 12.717 13.146 16.298 18.521 20.974 24.096 23.065 21.560 18.573 16.786 15.331 12.886 12.218  8.970  7.969  5.184  6.248  6.282  6.335  6.866 10.385 10.186  9.224 12.223 14.247 13.936 15.213 17.893 18.969 19.218 20.747 22.031 20.457 20.173 16.850 18.841 19.897 16.543 14.850 11.763 12.193 10.714 13.112 15.386 13.509 12.631  9.279 10.179 10.294 10.005  6.931  3.825  0.000  3.854  5.486  5.443  6.189  5.319  8.046  9.993 12.265 10.707 12.276 10.887 13.929 15.081 17.905 20.099 22.095 25.382 26.781 28.300 29.468
 11.931 13.703 12.674 15.593 16.532 19.609 22.063 24.398 27.513 26.485 24.957 21.797 20.110 18.268 15.822 14.499 11.166  8.933  5.159  6.024  8.116  8.861 10.299 13.565 13.271 12.836 15.929 17.679 17.351 18.915 21.543 22.395 22.711 24.444 25.748 24.254 23.852 20.446 22.298 23.535 20.244 18.351 15.265 15.181 13.136 14.724 17.234 15.410 15.134 11.983 12.572 13.025 11.812  8.313  5.278  3.854  0.000  3.857  5.424  4.676  5.926  8.019 10.648 13.683 12.488 14.800 13.977 17.170 18.676 21.440 23.775 25.657 28.977 30.338 31.770 32.839
 15.533 16.924 15.295 17.689 17.935 20.661 22.712 24.653 28.010 27.373 26.288 23.441 21.986 20.692 18.353 17.520 14.112 12.228  8.683  8.416  9.944  9.214 10.195 13.356 14.106 13.951 16.377 18.473 18.852 20.078 22.412 23.810 24.365 25.669 26.610 24.649 23.812 20.157 21.394 22.813 19.736 17.443 14.730 14.402 12.670 13.974 15.886 13.515 13.242 10.259 10.341 11.515 10.068  6.309  5.145  5.486  3.857  0.000  3.837  5.446  7.803 10.826 13.855 16.486 14.568 16.298 14.799 17.431 18.766 20.987 23.308 24.711 28.059 29.352 30.645 31.604
 15.258 15.855 13.626 15.450 15.543 17.855 20.009 21.681 25.042 24.548 23.719 20.948 20.008 19.039 17.293 17.110 14.185 13.119  9.752 10.656 11.387 10.391 10.018 13.647 14.638 13.510 15.697 18.395 18.491 19.042 21.725 23.388 23.431 24.361 25.614 23.447 23.011 19.497 20.623 21.446 18.122 15.434 12.373 11.328  9.125 10.192 12.309 10.334 10.652  8.234  9.667 11.621 11.415  7.770  6.889  5.443  5.424  3.837  0.000  3.855  5.605  9.215 12.464 14.454 11.905 13.314 11.825 14.353 16.155 18.380 21.099 22.715 26.182 27.660 29.045 30.009
 13.410 14.360 12.786 15.074 16.082 18.532 21.238 23.100 26.213 25.422 24.272 21.130 20.235 18.668 17.061 16.384 13.699 12.209  8.632 10.533 12.065 12.262 12.425 16.137 16.329 14.978 17.745 20.182 19.622 20.416 23.429 24.607 24.330 25.620 27.289 25.495 25.456 22.126 23.657 24.303 20.792 18.289 14.878 13.650 10.743 11.319 14.193 13.046 13.870 11.632 13.332 14.893 14.486 10.772  8.716  6.189  4.676  5.446  3.855  0.000  3.840  6.394 10.024 12.525 10.573 12.968 12.581 15.700 17.997 20.664 23.558 25.563 29.033 30.584 32.046 33.035
 10.650 10.932  9.052 11.280 12.534 15.119 18.041 20.166 23.100 22.068 20.697 17.442 16.540 14.924 13.567 13.233 11.034 10.424  7.612 10.382 11.000 11.494 11.090 14.846 14.607 12.568 15.454 17.935 16.869 17.440 20.723 21.744 21.096 22.402 24.376 22.796 23.210 20.185 22.079 22.356 18.682 16.490 12.829 11.865  8.978 10.308 13.458 12.769 13.273 11.037 13.316 14.444 14.772 11.445  8.940  5.319  5.926  7.803  5.605  3.840  0.000  3.830  6.965  9.014  6.985  9.453  9.400 12.874 15.259 18.311 21.208 23.618 27.038 28.678 30.283 31.390
  8.558  9.014  8.231 10.877 13.194 15.813 19.164 21.488 24.028 22.639 20.881 17.324 16.449 14.173 13.119 12.296 10.791 10.121  7.957 11.504 12.465 13.917 13.883 17.435 16.475 14.288 17.506 19.601 17.863 18.621 22.114 22.575 21.557 23.212 25.586 24.473 25.310 22.590 24.848 24.941 21.211 19.346 15.604 14.701 11.677 12.688 16.144 16.045 16.730 14.626 16.949 17.731 17.973 14.746 11.728  8.046  8.019 10.826  9.215  6.394  3.830  0.000  3.838  6.604  6.066  9.593 10.888 14.615 17.218 20.582 23.479 26.223 29.553 31.230 32.900 34.039
  5.750  5.665  6.008  8.965 12.060 14.846 18.358 21.036 23.163 21.363 19.133 15.401 14.292 11.470 10.667  9.663  9.201  9.322  8.652 12.437 12.855 14.874 14.838 18.000 16.368 13.932 17.262 18.932 16.548 17.388 20.984 20.913 19.548 21.499 24.186 23.588 24.860 22.571 25.240 25.133 21.439 20.138 16.480 16.089 13.488 14.937 18.323 18.470 18.798 16.658 18.987 19.202 19.691 16.885 13.608  9.993 10.648 13.855 12.464 10.024  6.965  3.838  0.000  3.843  5.581  9.097 11.115 14.865 17.238 20.880 23.533 26.595 29.742 31.415 33.176 34.406
  7.663  5.415  4.920  6.398  9.885 12.115 15.807 18.398 20.172 18.250 16.008 12.273 11.777  9.244  9.716  9.914 10.599 11.907 11.797 15.438 15.105 16.696 15.883 18.888 17.373 14.316 17.154 19.035 16.337 16.438 20.214 20.207 18.219 19.799 22.852 22.322 24.107 22.240 24.894 24.231 20.542 19.387 15.807 15.296 12.920 14.356 17.603 18.343 18.747 17.159 19.934 20.235 21.384 18.856 15.938 12.265 13.683 16.486 14.454 12.525  9.014  6.604  3.843  0.000  3.842  6.644  9.580 12.991 15.534 19.205 21.915 25.241 28.267 30.034 31.872 33.129
 10.054  7.995  5.545  6.056  8.401 10.309 13.919 16.138 18.374 16.921 15.295 11.823 11.804 10.306 10.724 11.641 11.526 12.803 11.882 15.244 14.717 15.468 14.041 17.331 16.575 13.327 15.771 18.299 16.172 15.773 19.546 20.261 18.436 19.447 22.263 21.114 22.663 20.532 22.763 21.996 18.223 16.550 12.851 11.807  9.186 10.570 13.801 14.613 15.241 14.016 17.120 17.949 19.402 16.792 14.409 10.707 12.488 14.568 11.905 10.573  6.985  6.066  5.581  3.842  0.000  3.828  6.493  9.979 12.940 16.423 19.460 22.614 25.809 27.646 29.456 30.668
 12.563  9.791  6.487  4.683  5.631  6.692 10.287 12.369 14.637 13.320 12.042  8.910  9.595  9.345 10.523 12.591 12.857 14.890 14.313 17.256 15.975 16.047 13.801 16.749 16.403 12.765 14.377 17.233 15.248 13.978 17.712 18.848 16.735 17.084 19.943 18.560 20.383 18.581 20.605 19.333 15.632 14.054 10.608  9.592  7.803  9.626 12.204 13.342 13.711 13.118 16.480 17.346 19.491 17.376 15.606 12.276 14.800 16.298 13.314 12.968  9.453  9.593  9.097  6.644  3.828  0.000  3.819  6.612  9.698 13.109 16.202 19.492 22.603 24.521 26.399 27.657
 13.838 11.464  7.683  6.134  4.744  6.096  8.781 10.860 13.806 12.935 12.094  9.566  9.753 10.312 10.720 13.051 12.639 14.723 13.984 16.261 14.499 13.754 10.933 13.751 14.056 10.470 11.499 14.782 13.505 11.967 15.450 17.214 15.604 15.583 17.918 16.002 17.392 15.316 17.063 15.906 12.153 10.327  6.812  6.152  5.386  8.383 10.241 10.661 10.333  9.746 13.093 13.999 16.507 14.765 13.637 10.887 13.977 14.799 11.825 12.581  9.400 10.888 11.115  9.580  6.493  3.819  0.000  3.831  6.619 10.011 13.125 16.190 19.456 21.367 23.249 24.557
 17.373 14.757 10.999  8.597  5.780  4.927  6.203  7.491 10.791 10.571 10.680  9.298 10.283 12.085 12.989 15.874 15.693 18.048 17.438 19.348 17.215 15.862 12.486 14.686 15.596 12.070 11.879 15.387 14.566 12.134 15.180 17.504 15.786 14.838 16.948 14.585 16.116 14.456 15.626 13.784 10.286  8.390  5.796  5.046  6.235  8.920  9.427 10.197  9.608 10.191 13.532 14.608 17.706 16.530 16.144 13.929 17.170 17.431 14.353 15.700 12.874 14.615 14.865 12.991  9.979  6.612  3.831  0.000  3.821  6.654 10.076 13.175 16.388 18.431 20.373 21.712
 18.716 16.159 12.532 10.168  6.498  5.812  4.881  6.562  9.945  9.850 10.088  9.590  9.935 12.441 13.027 16.189 16.044 18.718 18.572 19.921 17.206 15.454 11.826 13.075 14.233 10.957  9.640 13.065 12.754  9.789 12.254 15.029 13.618 12.121 13.730 11.041 12.536 11.228 12.314 10.169  6.815  5.859  4.793  6.291  8.956 12.012 11.796 11.767 10.000 10.428 13.034 13.427 16.909 16.560 16.600 15.081 18.676 18.766 16.155 17.997 15.259 17.218 17.238 15.534 12.940  9.698  6.619  3.821  0.000  3.819  6.575  9.882 13.020 15.050 17.136 18.693
 22.431 19.939 16.312 13.907 10.221  8.831  6.556  6.363  9.685 10.597 11.899 12.419 13.111 15.975 16.590 19.776 19.503 22.079 21.787 22.793 20.001 17.740 13.955 14.659 16.476 13.684 11.550 14.878 15.281 12.073 13.635 16.885 15.775 13.554 14.436 11.202 12.283 11.359 11.301  8.491  6.128  5.149  6.351  7.550 10.947 13.500 12.218 12.105 10.122 11.516 13.720 14.358 18.095 18.217 18.953 17.905 21.440 20.987 18.380 20.664 18.311 20.582 20.880 19.205 16.423 13.109 10.011  6.654  3.819  0.000  3.821  6.669  9.884 12.075 14.205 15.805
 24.346 21.906 18.507 16.169 12.374 11.216  8.187  8.142 10.574 11.450 12.754 13.944 14.175 17.323 17.754 21.004 20.859 23.623 23.744 24.354 21.202 18.803 15.135 14.871 16.718 14.418 11.478 14.193 15.068 11.667 12.176 15.659 14.929 12.165 12.221  8.763  9.690  9.702  9.231  5.730  4.989  6.221  8.779 10.888 14.429 17.155 15.759 15.243 12.725 13.764 15.153 15.067 18.869 19.703 20.664 20.099 23.775 23.308 21.099 23.558 21.208 23.479 23.533 21.915 19.460 16.202 13.125 10.076  6.575  3.821  0.000  3.821  6.605  8.835 11.277 13.257
 27.372 25.182 21.768 19.681 15.907 14.889 11.902 11.363 13.573 14.841 16.393 17.702 17.819 20.873 20.996 24.055 23.569 26.089 26.026 26.211 23.065 20.240 16.655 15.927 18.330 16.644 13.370 15.849 17.449 14.350 14.114 17.809 17.677 14.848 14.049 10.404 10.167 10.239  8.351  5.004  6.318  7.396 10.843 12.847 16.602 19.112 17.173 16.226 13.468 14.809 15.524 15.499 19.250 20.560 22.128 22.095 25.657 24.711 22.715 25.563 23.618 26.223 26.595 25.241 22.614 19.492 16.190 13.175  9.882  6.669  3.821  0.000  3.833  6.157  8.598 10.740
 30.230 27.965 24.691 22.480 18.711 17.511 14.199 13.434 14.907 16.276 17.993 19.820 19.954 23.200 23.438 26.569 26.297 28.953 29.133 29.196 25.910 23.122 19.686 18.521 20.783 19.343 15.850 17.768 19.461 16.317 15.425 18.970 18.944 15.775 14.457 11.183 10.916 12.001  9.872  6.754  9.227 10.915 14.344 16.392 20.112 22.556 20.527 19.672 16.953 18.265 18.702 18.385 22.029 23.653 25.276 25.382 28.977 28.059 26.182 29.033 27.038 29.553 29.742 28.267 25.809 22.603 19.456 16.388 13.020  9.884  6.605  3.833  0.000  3.833  6.644  9.153
 31.690 29.527 26.348 24.252 20.537 19.475 16.192 15.570 16.843 18.095 19.728 21.606 21.582 24.773 24.878 27.917 27.600 30.207 30.458 30.325 27.004 24.170 20.898 19.448 21.729 20.592 17.031 18.625 20.518 17.557 16.299 19.744 19.971 16.838 15.165 12.142 11.534 12.828 10.465  7.978 10.834 12.666 16.140 18.296 21.992 24.460 22.404 21.382 18.573 19.745 19.847 19.341 22.830 24.701 26.452 26.781 30.338 29.352 27.660 30.584 28.678 31.230 31.415 30.034 27.646 24.521 21.367 18.431 15.050 12.075  8.835  6.157  3.833  0.000  3.844  6.777
 33.448 31.372 28.221 26.207 22.559 21.525 18.338 17.629 18.757 20.086 21.760 23.640 23.622 26.741 26.782 29.731 29.325 31.826 32.014 31.752 28.486 25.573 22.411 20.874 23.258 22.326 18.810 20.288 22.317 19.532 18.164 21.512 21.881 18.848 17.059 14.244 13.366 14.517 11.933 10.070 12.896 14.497 17.948 19.992 23.635 25.991 23.831 22.720 19.945 21.150 21.034 20.563 23.909 25.899 27.814 28.300 31.770 30.645 29.045 32.046 30.283 32.900 33.176 31.872 29.456 26.399 23.249 20.373 17.136 14.205 11.277  8.598  6.644  3.844  0.000  3.811
