  0.000  3.832  6.720 10.307 13.234 16.689 19.710 23.133 24.694 22.463 19.797 16.120 13.868 10.360  8.330  5.534  5.456  5.848  7.625 10.786 10.729 13.737 14.523 16.817 14.180 12.427 16.049 16.613 13.911 15.780 18.946 18.048 17.188 19.913 22.340 22.476 23.522 21.468 24.607 25.090 21.784 21.118 17.938 18.727 16.977 19.235 22.304 21.806 21.255 18.533 20.100 19.241 19.401 17.279 13.675 10.961 11.947 15.541 15.220 13.323 10.539  8.441  5.700  7.669 10.007 12.607 13.907 17.410 18.747 22.434 24.421 27.399 29.133 31.294 32.634 33.921
  3.832  0.000  3.826  6.848 10.071 13.314 16.413 19.818 21.166 18.821 16.117 12.406 10.379  6.849  5.776  4.672  6.267  8.404  9.985 13.152 12.227 14.524 14.333 16.597 14.210 11.603 14.776 15.707 12.636 13.704 17.180 16.431 14.890 17.291 20.111 20.260 21.811 20.105 23.252 23.204 19.824 19.290 16.111 16.863 15.347 17.697 20.596 20.528 20.009 17.751 19.793 19.079 19.979 18.049 14.825 11.800 13.636 16.827 15.726 14.230 10.779  8.919  5.661  5.480  7.958  9.817 11.441 14.701 16.088 19.858 21.886 25.105 26.922 29.235 30.604 31.923
  6.720  3.826  0.000  3.819  6.720 10.057 13.243 16.595 18.287 16.151 13.815 10.169  8.521  6.010  5.403  6.362  7.023  9.494 10.160 13.184 11.789 13.139 12.062 14.613 12.953  9.720 12.505 14.249 11.567 11.810 15.536 15.603 13.935 15.648 18.452 18.006 19.559 17.698 20.554 20.250 16.702 15.862 12.555 13.138 11.768 14.317 17.004 17.004 16.490 14.543 16.944 16.599 18.022 16.103 13.364 10.171 12.688 15.265 13.543 12.684  8.930  8.141  6.000  4.857  5.403  6.438  7.649 10.943 12.510 16.276 18.554 21.782 23.618 25.986 27.358 28.707
 10.307  6.848  3.819  0.000  3.821  6.539  9.908 13.189 14.655 12.411 10.175  6.544  5.778  4.713  6.234  8.830 10.165 13.060 13.688 16.484 14.647 15.299 13.371 15.636 14.455 10.761 12.533 14.645 11.946 10.981 14.801 15.202 12.846 13.811 16.966 16.422 18.532 17.159 19.834 18.850 15.326 14.650 11.564 12.012 11.170 13.661 15.897 16.458 16.004 14.821 17.610 17.474 19.579 17.976 15.816 12.760 15.633 17.681 15.407 15.031 11.240 10.869  9.005  6.397  6.035  4.710  6.118  8.557 10.182 13.931 16.264 19.742 21.646 24.165 25.552 26.917
 13.234 10.071  6.720  3.821  0.000  3.825  6.588 10.049 11.980 10.303  8.420  5.672  5.065  6.364  7.519 10.801 11.664 14.731 15.208 17.398 14.993 14.737 12.054 13.897 13.404  9.567 10.233 12.832 10.738  8.756 12.436 13.635 11.369 11.451 14.362 13.280 15.431 14.197 16.608 15.288 11.796 11.302  8.637  9.606  9.934 12.883 14.294 14.674 13.710 12.939 15.691 15.538 18.216 17.137 15.710 13.203 16.582 17.937 15.534 16.077 12.535 13.221 12.128  9.900  8.410  5.702  4.758  5.728  6.514 10.250 12.471 15.983 17.934 20.505 21.954 23.406
 16.689 13.314 10.057  6.539  3.825  0.000  3.834  6.825  8.607  6.949  6.011  4.578  6.340  8.858 10.922 14.370 15.461 18.503 18.787 21.004 18.621 18.014 14.959 16.629 16.628 12.856 12.705 15.465 13.657 10.903 14.150 15.674 13.004 12.071 15.069 13.763 16.335 15.623 17.501 15.420 12.186 11.666  9.579  9.862 10.613 12.943 13.724 14.845 14.246 14.473 17.501 17.775 20.826 19.860 18.858 16.378 19.682 20.678 17.872 18.574 15.183 15.909 14.966 12.195 10.413  6.834  6.130  4.905  5.859  8.910 11.321 14.973 16.919 19.602 20.995 22.396
 19.710 16.413 13.243  9.908  6.588  3.834  0.000  3.842  5.997  5.664  5.527  6.369  7.822 11.194 13.015 16.676 17.728 20.926 21.368 23.133 20.355 19.257 15.914 16.858 17.257 13.773 12.546 15.185 13.922 10.486 12.965 14.962 12.401 10.423 13.021 11.427 14.236 14.177 15.679 13.038 10.370 10.606  9.779 10.699 12.568 15.000 14.889 15.792 14.657 15.298 17.950 18.005 21.412 21.057 20.592 18.643 22.179 22.798 20.120 21.352 18.158 19.283 18.471 15.868 14.035 10.455  8.901  6.319  5.091  6.854  8.449 12.136 14.088 16.818 18.275 19.742
 23.133 19.818 16.595 13.189 10.049  6.825  3.842  0.000  3.855  5.526  7.181  9.171 11.225 14.644 16.618 20.259 21.251 24.354 24.577 26.293 23.562 22.172 18.650 19.495 20.314 16.989 15.383 18.079 17.189 13.602 15.545 17.782 15.298 12.743 14.910 13.077 15.810 16.088 16.900 13.781 11.714 11.821 11.664 12.003 14.128 15.984 15.179 16.489 15.630 17.026 19.708 20.121 23.700 23.449 23.357 21.505 24.962 25.240 22.356 23.777 20.800 22.074 21.500 18.779 16.701 12.974 11.452  8.181  7.100  7.059  8.414 11.662 13.356 16.028 17.343 18.693
 24.694 21.166 18.287 14.655 11.980  8.607  5.997  3.855  0.000  3.839  6.275  9.350 11.872 15.424 17.917 21.634 23.132 26.438 26.972 28.856 26.084 24.978 21.589 22.295 22.763 19.407 17.865 20.156 18.902 15.294 17.062 18.825 15.939 13.277 15.681 14.520 17.685 18.518 19.506 16.255 14.557 15.103 14.978 15.358 17.201 18.863 18.236 19.803 19.080 20.400 23.072 23.300 26.845 26.617 26.305 24.304 27.744 28.289 25.406 26.554 23.388 24.253 23.257 20.207 18.609 14.926 14.077 11.191 10.301 10.350 11.035 14.074 15.621 18.163 19.351 20.563
 22.463 18.821 16.151 12.411 10.303  6.949  5.664  5.526  3.839  0.000  3.811  6.760  9.792 13.111 15.973 19.625 21.404 24.735 25.388 27.562 24.956 24.265 21.090 22.102 22.148 18.591 17.615 19.838 18.063 14.720 17.003 18.322 15.113 13.049 16.021 15.246 18.556 19.134 20.606 17.644 15.473 15.840 15.017 15.282 16.544 18.202 18.197 19.895 19.388 20.339 23.204 23.384 26.738 26.200 25.459 23.137 26.462 27.374 24.483 25.222 21.861 22.308 20.998 17.749 16.519 12.963 12.795 10.581 10.389 11.479 12.652 16.024 17.788 20.421 21.655 22.890
 19.797 16.117 13.815 10.175  8.420  6.011  5.527  7.181  6.275  3.811  0.000  3.832  6.524  9.925 12.926 16.591 18.704 22.204 23.270 25.459 22.779 22.476 19.609 20.517 20.022 16.474 15.844 17.658 15.416 12.345 14.851 15.624 12.174 10.693 14.111 13.933 17.396 17.968 20.033 17.460 15.100 15.808 14.672 15.488 16.553 18.684 19.203 20.511 19.706 19.998 22.690 22.421 25.562 25.041 23.930 21.583 24.948 26.250 23.651 24.166 20.594 20.758 19.018 15.830 15.162 11.948 12.012 10.612 10.259 12.229 13.242 16.826 18.676 21.317 22.666 23.975
 16.120 12.406 10.169  6.544  5.672  4.578  6.369  9.171  9.350  6.760  3.832  0.000  3.823  6.563  9.770 13.290 15.436 18.842 19.899 22.328 19.900 20.003 17.449 18.795 17.934 14.241 14.439 16.307 13.660 11.214 14.401 14.872 11.520 11.133 14.746 14.589 17.713 17.621 20.062 18.039 15.138 15.405 13.481 14.206 14.610 16.873 18.061 19.209 18.542 18.315 21.100 20.825 23.636 22.743 21.210 18.592 21.795 23.422 20.922 21.070 17.381 17.242 15.308 12.141 11.770  8.943  9.592  9.371  9.812 12.744 14.351 18.052 19.976 22.627 24.018 25.367
 13.868 10.379  8.521  5.778  5.065  6.340  7.822 11.225 11.872  9.792  6.524  3.823  0.000  3.842  6.470 10.161 12.434 16.062 17.612 19.747 17.071 17.416 15.228 16.224 14.857 11.358 11.824 13.148 10.157  8.198 11.526 11.542  8.341  8.898 12.489 12.746 15.654 15.464 18.394 16.924 14.059 14.766 12.882 14.429 14.972 17.811 19.177 19.635 18.422 17.484 19.790 18.916 21.476 20.824 19.099 16.782 20.105 21.952 19.964 20.172 16.468 16.389 14.260 11.724 11.770  9.653  9.762 10.257  9.998 13.241 14.401 17.983 19.920 22.471 23.950 25.377
 10.360  6.849  6.010  4.713  6.364  8.858 11.194 14.644 15.424 13.111  9.925  6.563  3.842  0.000  3.818  6.947  9.727 13.258 15.107 17.550 15.282 16.418 14.949 16.314 14.299 10.992 12.626 13.579 10.130  9.584 13.076 12.405  9.693 11.469 14.844 15.350 17.806 17.125 20.326 19.434 16.372 16.735 14.301 15.673 15.447 18.213 20.217 20.510 19.494 17.984 20.199 19.227 21.217 20.175 17.837 15.263 18.209 20.604 18.933 18.541 14.786 14.057 11.396  9.181 10.241  9.383 10.298 12.044 12.454 16.032 17.472 20.958 22.865 25.337 26.786 28.178
  8.330  5.776  5.403  6.234  7.519 10.922 13.015 16.618 17.917 15.973 12.926  9.770  6.470  3.818  0.000  3.814  6.245  9.970 12.209 14.244 11.797 13.220 12.320 13.516 11.028  8.129 10.469 10.976  7.505  8.272 11.647 10.827  9.194 11.687 14.408 14.836 16.598 15.441 18.853 18.658 15.642 16.043 13.636 15.497 15.323 18.441 20.509 20.131 18.720 16.561 18.234 16.818 18.378 17.470 14.959 12.793 15.758 18.257 17.180 16.935 13.420 13.020 10.654  9.717 10.659 10.561 10.703 12.908 12.956 16.527 17.779 20.961 22.806 25.110 26.583 28.009
  5.534  4.672  6.362  8.830 10.801 14.370 16.676 20.259 21.634 19.625 16.591 13.290 10.161  6.947  3.814  0.000  3.826  7.155 10.089 12.142 10.284 12.709 12.909 14.214 11.155  9.198 12.330 12.267  9.031 11.036 13.976 12.689 11.837 14.830 17.166 17.747 19.015 17.523 20.997 21.348 18.380 18.585 16.016 17.756 17.098 20.070 22.504 21.855 20.535 17.888 19.200 17.616 18.408 17.256 14.203 12.157 14.471 17.477 17.041 16.283 13.099 12.194  9.641  9.915 11.578 12.633 13.074 15.835 16.147 19.725 21.035 24.027 25.790 27.960 29.392 30.771
  5.456  6.267  7.023 10.165 11.664 15.461 17.728 21.251 23.132 21.404 18.704 15.436 12.434  9.727  6.245  3.826  0.000  3.823  6.685  8.388  6.591  9.341 10.203 11.813  8.854  7.537 11.229 11.402  9.110 11.563 14.317 13.666 13.626 16.372 18.168 18.159 18.714 16.549 19.792 20.671 17.663 17.462 14.833 16.574 15.812 18.842 21.272 20.104 18.668 15.599 16.505 14.901 15.180 13.850 10.628  8.934 11.138 14.092 14.161 13.619 10.927 10.702  9.210 10.628 11.494 12.954 12.757 15.753 16.088 19.508 20.940 23.603 25.269 27.277 28.671 30.036
  5.848  8.404  9.494 13.060 14.731 18.503 20.926 24.354 26.438 24.735 22.204 18.842 16.062 13.258  9.970  7.155  3.823  0.000  3.878  5.454  5.410  8.996 10.986 12.888 10.193  9.862 13.663 13.834 12.236 14.912 17.416 16.892 17.248 19.977 21.511 21.290 21.383 18.812 21.784 23.081 20.097 19.484 16.755 18.147 16.937 19.638 22.281 20.825 19.606 16.242 16.773 15.353 14.726 12.943  9.300  7.976  8.946 12.255 13.140 12.172 10.365 10.082  9.391 11.983 12.807 15.001 14.868 18.137 18.770 22.070 23.677 26.100 27.662 29.517 30.839 32.132
  7.625  9.985 10.160 13.688 15.208 18.787 21.368 24.577 26.972 25.388 23.270 19.899 17.612 15.107 12.209 10.089  6.685  3.878  0.000  3.840  5.544  8.332 10.281 12.982 11.287 10.835 14.507 15.473 14.432 16.603 19.262 19.398 19.687 21.960 23.460 22.656 22.519 19.509 22.004 23.343 20.189 18.890 15.923 16.706 15.036 17.350 20.101 18.497 17.666 14.299 14.926 14.244 13.325 10.742  6.925  5.200  5.174  8.710  9.772  8.604  7.573  7.950  8.752 11.873 11.879 14.395 14.112 17.523 18.605 21.740 23.746 26.000 27.489 29.281 30.526 31.758
 10.786 13.152 13.184 16.484 17.398 21.004 23.133 26.293 28.856 27.562 25.459 22.328 19.747 17.550 14.244 12.142  8.388  5.454  3.840  0.000  3.837  6.537  9.645 11.631 10.095 10.949 14.306 14.802 14.578 17.145 19.178 19.431 20.437 22.710 23.614 22.719 21.963 18.765 21.078 22.986 20.224 19.129 16.705 17.953 16.835 19.351 21.667 19.487 18.140 14.465 14.088 12.855 11.094  9.035  5.549  6.235  6.026  8.444 10.687 10.518 10.345 11.501 12.535 15.505 15.223 17.322 16.370 19.402 19.913 22.690 24.297 26.126 27.464 29.001 30.216 31.427
 10.729 12.227 11.789 14.647 14.993 18.621 20.355 23.562 26.084 24.956 22.779 19.900 17.071 15.282 11.797 10.284  6.591  5.410  5.544  3.837  0.000  3.841  6.830  8.295  6.319  7.378 10.666 10.986 10.927 13.548 15.399 15.767 16.955 19.140 19.863 19.002 18.237 15.163 17.717 19.599 16.959 16.329 14.228 16.136 15.721 18.772 20.722 18.509 16.600 12.917 12.465 10.528  9.514  8.373  5.391  6.257  8.110  9.959 11.423 12.049 10.953 12.448 12.935 15.154 14.688 16.051 14.613 17.260 17.195 19.904 21.157 22.995 24.373 25.950 27.243 28.547
 13.737 14.524 13.139 15.299 14.737 18.014 19.257 22.172 24.978 24.265 22.476 20.003 17.416 16.418 13.220 12.709  9.341  8.996  8.332  6.537  3.841  0.000  3.833  5.239  5.120  6.554  8.830  9.828 10.897 12.849 14.347 15.596 17.008 18.530 18.817 17.321 16.062 12.598 14.636 16.751 14.289 13.474 11.864 14.008 14.232 17.424 18.776 16.143 13.773 10.044  8.953  6.738  5.918  5.434  4.110  6.335  8.864  9.230 10.466 12.291 11.498 13.943 14.983 16.759 15.461 16.139 13.886 15.922 15.443 17.625 18.725 20.151 21.403 22.825 24.093 25.411
 14.523 14.333 12.062 13.371 12.054 14.959 15.914 18.650 21.589 21.090 19.609 17.449 15.228 14.949 12.320 12.909 10.203 10.986 10.281  9.645  6.830  3.833  0.000  3.845  5.381  4.982  6.323  8.681  9.872 10.701 12.468 14.438 15.405 16.268 16.676 14.680 13.661 10.100 11.967 13.581 10.792  9.718  8.098 10.532 11.370 14.832 15.775 13.243 10.570  7.082  6.684  4.807  6.339  6.063  5.919  6.810 10.242 10.132 10.022 12.398 11.047 13.865 14.898 15.894 13.992 13.856 11.028 12.522 11.805 13.838 15.067 16.598 17.942 19.545 20.876 22.297
 16.817 16.597 14.613 15.636 13.897 16.629 16.858 19.495 22.295 22.102 20.517 18.795 16.224 16.314 13.516 14.214 11.813 12.888 12.982 11.631  8.295  5.239  3.845  0.000  3.848  5.425  5.057  6.278  8.800  9.884 10.465 12.599 14.390 15.162 14.746 12.834 11.081  7.499  9.558 11.883  9.955 10.077  9.807 12.969 14.555 18.113 18.586 15.939 12.736  9.659  8.202  4.767  6.378  8.107  8.693 10.348 13.539 13.325 13.666 16.124 14.805 17.419 18.062 18.895 17.272 16.788 13.808 14.656 12.984 14.471 14.728 15.790 16.997 18.350 19.736 21.227
 14.180 14.210 12.953 14.455 13.404 16.628 17.257 20.314 22.763 22.148 20.022 17.934 14.857 14.299 11.028 11.155  8.854 10.193 11.287 10.095  6.319  5.120  5.381  3.848  0.000  3.860  5.380  4.922  6.358  8.784  9.663 10.661 12.548 14.232 14.199 13.233 12.116  9.270 12.227 14.216 12.155 12.705 11.810 14.911 15.960 19.582 20.632 18.364 15.520 12.292 11.457  8.323  9.009  9.981  9.082 10.180 13.285 14.116 14.685 16.340 14.587 16.486 16.465 17.431 16.566 16.503 14.167 15.610 14.190 16.354 16.648 18.233 19.591 21.113 22.539 24.008
 12.427 11.603  9.720 10.761  9.567 12.856 13.773 16.989 19.407 18.591 16.474 14.241 11.358 10.992  8.129  9.198  7.537  9.862 10.835 10.949  7.378  6.554  4.982  5.425  3.860  0.000  3.848  5.399  5.120  6.467  8.757 10.007 10.727 12.182 13.035 11.920 11.812  9.194 12.309 13.318 10.511 10.772  9.176 12.152 13.099 16.796 17.995 16.245 13.713 10.855 11.247  9.031 10.737 10.796  9.513  9.198 12.819 13.930 13.525 14.958 12.523 14.268 13.988 14.340 13.302 12.863 10.585 12.102 10.953 13.629 14.428 16.636 18.238 20.141 21.630 23.156
 16.049 14.776 12.505 12.533 10.233 12.705 12.546 15.383 17.865 17.615 15.844 14.439 11.824 12.626 10.469 12.330 11.229 13.663 14.507 14.306 10.666  8.830  6.323  5.057  5.380  3.848  0.000  3.841  5.393  5.027  6.253  8.803  9.859 10.278 10.376  8.597  8.120  5.473  8.731  9.636  7.213  8.444  8.188 11.818 13.817 17.583 18.008 16.181 13.127 10.900 10.970  8.517 11.146 12.162 11.996 12.163 15.878 16.309 15.665 17.688 15.377 17.457 17.289 17.139 15.705 14.419 11.536 11.828  9.559 11.427 11.435 13.331 14.912 16.774 18.368 20.025
 16.613 15.707 14.249 14.645 12.832 15.465 15.185 18.079 20.156 19.838 17.658 16.307 13.148 13.579 10.976 12.267 11.402 13.834 15.473 14.802 10.986  9.828  8.681  6.278  4.922  5.399  3.841  0.000  3.844  5.404  4.905  6.395  8.767 10.011  9.414  8.810  7.985  6.332 10.008 11.437 10.020 11.957 12.010 15.630 17.468 21.234 21.807 19.920 16.813 14.361 13.862 10.744 12.557 14.075 13.633 14.223 17.676 18.455 18.405 20.162 17.886 19.582 18.993 19.059 18.264 17.305 14.839 15.335 12.975 14.743 14.124 15.751 17.170 18.771 20.335 21.922
 13.911 12.636 11.567 11.946 10.738 13.657 13.922 17.189 18.902 18.063 15.416 13.660 10.157 10.130  7.505  9.031  9.110 12.236 14.432 14.578 10.927 10.897  9.872  8.800  6.358  5.120  5.393  3.844  0.000  3.855  5.335  5.109  6.289  8.609  9.381  9.695 10.324  9.315 13.075 13.700 11.684 13.359 12.560 15.828 17.136 20.836 21.890 20.524 17.889 15.488 15.793 13.156 14.909 15.599 14.289 13.954 17.398 18.877 18.521 19.628 16.841 17.868 16.629 16.381 16.160 15.334 13.564 14.506 12.664 15.170 15.030 17.364 18.989 20.897 22.462 24.009
 15.780 13.704 11.810 10.981  8.756 10.903 10.486 13.602 15.294 14.720 12.345 11.214  8.198  9.584  8.272 11.036 11.563 14.912 16.603 17.145 13.548 12.849 10.701  9.884  8.784  6.467  5.027  5.404  3.855  0.000  3.849  5.429  5.050  5.737  7.068  6.763  8.429  8.035 11.552 11.185  9.047 11.081 10.659 13.957 15.784 19.435 20.059 19.055 16.444 14.773 15.594 13.477 16.053 16.730 15.884 15.197 18.917 20.038 19.013 20.382 17.393 18.619 17.468 16.487 15.765 14.062 11.993 12.037  9.670 11.952 11.630 14.267 16.034 18.177 19.821 21.445
 18.946 17.180 15.536 14.801 12.436 14.150 12.965 15.545 17.062 17.003 14.851 14.401 11.526 13.076 11.647 13.976 14.317 17.416 19.262 19.178 15.399 14.347 12.468 10.465  9.663  8.757  6.253  4.905  5.335  3.849  0.000  3.841  5.564  5.577  4.565  4.789  5.766  6.618 10.145 10.150  9.332 12.277 12.918 16.524 18.811 22.497 22.721 21.414 18.400 16.783 16.891 14.261 16.758 18.219 17.869 17.872 21.542 22.371 21.704 23.399 20.677 22.112 21.067 20.264 19.537 17.796 15.479 15.082 12.130 13.493 12.106 13.990 15.499 17.291 18.952 20.585
 18.048 16.431 15.603 15.202 13.635 15.674 14.962 17.782 18.825 18.322 15.624 14.872 11.542 12.405 10.827 12.689 13.666 16.892 19.398 19.431 15.767 15.596 14.438 12.599 10.661 10.007  8.803  6.395  5.109  5.429  3.841  0.000  3.846  6.051  5.825  7.969  9.241 10.193 13.796 13.948 13.041 15.758 15.857 19.293 21.107 24.774 25.434 24.277 21.465 19.546 19.713 16.911 18.906 20.155 19.201 19.018 22.481 23.863 23.430 24.633 21.735 22.604 21.017 20.266 20.259 18.920 17.235 17.379 14.878 16.724 15.566 17.650 19.138 20.895 22.467 23.981
 17.188 14.890 13.935 12.846 11.369 13.004 12.401 15.298 15.939 15.113 12.174 11.520  8.341  9.693  9.194 11.837 13.626 17.248 19.687 20.437 16.955 17.008 15.405 14.390 12.548 10.727  9.859  8.767  6.289  5.050  5.564  3.846  0.000  3.833  6.072  8.296 10.870 11.912 15.378 14.674 13.242 15.691 15.361 18.399 20.009 23.490 24.274 23.668 21.260 19.718 20.600 18.339 20.669 21.379 20.151 19.253 22.786 24.383 23.424 24.328 21.069 21.586 19.661 18.289 18.432 16.780 15.565 15.586 13.402 15.568 14.798 17.472 19.145 21.220 22.795 24.293
 19.913 17.291 15.648 13.811 11.451 12.071 10.423 12.743 13.277 13.049 10.693 11.133  8.898 11.469 11.687 14.830 16.372 19.977 21.960 22.710 19.140 18.530 16.268 15.162 14.232 12.182 10.278 10.011  8.609  5.737  5.577  6.051  3.833  0.000  3.853  5.711  9.166 10.967 13.869 12.382 11.378 14.196 14.523 17.530 19.678 23.053 23.293 22.858 20.391 19.467 20.481 18.523 21.366 22.269 21.569 20.709 24.431 25.582 24.262 25.543 22.322 23.202 21.587 19.856 19.424 17.110 15.496 14.588 11.856 13.297 11.985 14.591 16.250 18.383 19.993 21.525
 22.340 20.111 18.452 16.966 14.362 15.069 13.021 14.910 15.681 16.021 14.111 14.746 12.489 14.844 14.408 17.166 18.168 21.511 23.460 23.614 19.863 18.817 16.676 14.746 14.199 13.035 10.376  9.414  9.381  7.068  4.565  5.825  6.072  3.853  0.000  3.825  6.564  9.329 11.960 10.863 10.973 14.388 15.541 18.921 21.489 24.988 24.873 23.992 21.094 20.111 20.474 18.128 20.910 22.443 22.226 22.007 25.744 26.546 25.559 27.242 24.323 25.591 24.282 22.917 22.261 20.012 17.898 16.782 13.548 14.243 12.093 13.836 15.208 16.950 18.575 20.131
 22.476 20.260 18.006 16.422 13.280 13.763 11.427 13.077 14.520 15.246 13.933 14.589 12.746 15.350 14.836 17.747 18.159 21.290 22.656 22.719 19.002 17.321 14.680 12.834 13.233 11.920  8.597  8.810  9.695  6.763  4.789  7.969  8.296  5.711  3.825  0.000  3.898  6.517  8.653  7.130  7.367 10.944 12.630 16.048 18.981 22.434 21.941 20.897 17.868 17.195 17.529 15.490 18.621 20.220 20.495 20.421 24.221 24.546 23.384 25.451 22.768 24.508 23.721 22.437 21.167 18.701 16.053 14.513 10.951 11.073  8.689 10.236 11.716 13.596 15.380 17.118
 23.522 21.811 19.559 18.532 15.431 16.335 14.236 15.810 17.685 18.556 17.396 17.713 15.654 17.806 16.598 19.015 18.714 21.383 22.519 21.963 18.237 16.062 13.661 11.081 12.116 11.812  8.120  7.985 10.324  8.429  5.766  9.241 10.870  9.166  6.564  3.898  0.000  3.894  5.646  5.650  6.978 10.575 12.832 16.480 19.574 23.096 22.415 20.769 17.353 16.413 15.929 13.506 16.433 18.620 19.425 20.057 23.730 23.646 22.917 25.359 23.124 25.268 24.908 24.145 22.654 20.493 17.450 16.099 12.511 12.237  9.722 10.167 11.271 12.617 14.393 16.186
 21.468 20.105 17.698 17.159 14.197 15.623 14.177 16.088 18.518 19.134 17.968 17.621 15.464 17.125 15.441 17.523 16.549 18.812 19.509 18.765 15.163 12.598 10.100  7.499  9.270  9.194  5.473  6.332  9.315  8.035  6.618 10.193 11.912 10.967  9.329  6.517  3.894  0.000  3.843  5.504  5.425  8.216 10.219 13.958 16.900 20.476 19.939 17.890 14.342 12.976 12.200  9.655 12.631 14.804 15.817 16.704 20.290 19.971 19.397 22.013 20.079 22.520 22.585 22.240 20.492 18.671 15.386 14.475 11.239 11.336  9.759 10.309 11.513 12.917 14.629 16.436
 24.607 23.252 20.554 19.834 16.608 17.501 15.679 16.900 19.506 20.606 20.033 20.062 18.394 20.326 18.853 20.997 19.792 21.784 22.004 21.078 17.717 14.636 11.967  9.558 12.227 12.309  8.731 10.008 13.075 11.552 10.145 13.796 15.378 13.869 11.960  8.653  5.646  3.843  0.000  3.841  5.576  7.929 10.972 14.332 17.662 20.940 19.761 17.510 13.830 13.144 11.972 10.014 13.131 15.613 17.409 18.596 22.022 21.069 20.410 23.447 21.902 24.714 25.203 24.858 22.684 20.663 17.095 15.645 12.340 11.301  9.319  8.515  9.277 10.189 11.923 13.835
 25.090 23.204 20.250 18.850 15.288 15.420 13.038 13.781 16.255 17.644 17.460 18.039 16.924 19.434 18.658 21.348 20.671 23.081 23.343 22.986 19.599 16.751 13.581 11.883 14.216 13.318  9.636 11.437 13.700 11.185 10.150 13.948 14.674 12.382 10.863  7.130  5.650  5.504  3.841  0.000  3.833  6.889 10.268 13.374 16.969 20.089 18.648 17.013 13.637 13.750 13.552 12.310 15.834 17.756 19.271 19.795 23.404 22.610 21.348 24.234 22.331 24.971 25.256 24.355 22.081 19.537 16.052 13.904 10.296  8.584  5.881  5.152  6.550  8.232 10.302 12.413
 21.784 19.824 16.702 15.326 11.796 12.186 10.370 11.714 14.557 15.473 15.100 15.138 14.059 16.372 15.642 18.380 17.663 20.097 20.189 20.224 16.959 14.289 10.792  9.955 12.155 10.511  7.213 10.020 11.684  9.047  9.332 13.041 13.242 11.378 10.973  7.367  6.978  5.425  5.576  3.833  0.000  3.818  6.643  9.951 13.406 16.684 15.627 14.116 10.869 10.777 11.310 10.404 14.128 15.379 16.493 16.543 20.223 19.644 18.099 20.796 18.719 21.296 21.606 20.680 18.317 15.817 12.295 10.361  6.883  6.067  4.941  6.260  8.126 10.348 12.233 14.208
 21.118 19.290 15.862 14.650 11.302 11.666 10.606 11.821 15.103 15.840 15.808 15.405 14.766 16.735 16.043 18.585 17.462 19.484 18.890 19.129 16.329 13.474  9.718 10.077 12.705 10.772  8.444 11.957 13.359 11.081 12.277 15.758 15.691 14.196 14.388 10.944 10.575  8.216  7.929  6.889  3.818  0.000  3.826  6.617 10.224 13.324 12.095 10.390  7.155  7.578  8.792  9.100 12.894 13.472 14.795 14.627 18.107 17.150 15.234 18.113 16.345 19.237 20.094 19.326 16.470 14.084 10.332  8.443  5.917  5.191  6.288  7.561  9.161 11.314 12.939 14.759
 17.938 16.111 12.555 11.564  8.637  9.579  9.779 11.664 14.978 15.017 14.672 13.481 12.882 14.301 13.636 16.016 14.833 16.755 15.923 16.705 14.228 11.864  8.098  9.807 11.810  9.176  8.188 12.010 12.560 10.659 12.918 15.857 15.361 14.523 15.541 12.630 12.832 10.219 10.972 10.268  6.643  3.826  0.000  3.823  6.869 10.359 10.038  8.582  5.996  5.714  8.248  9.033 12.454 12.006 12.579 11.643 15.128 14.562 12.259 14.771 12.732 15.527 16.448 15.727 12.750 10.588  6.792  5.810  4.799  6.314  8.791 10.938 12.588 14.792 16.235 17.823
 18.727 16.863 13.138 12.012  9.606  9.862 10.699 12.003 15.358 15.282 15.488 14.206 14.429 15.673 15.497 17.756 16.574 18.147 16.706 17.953 16.136 14.008 10.532 12.969 14.911 12.152 11.818 15.630 15.828 13.957 16.524 19.293 18.399 17.530 18.921 16.048 16.480 13.958 14.332 13.374  9.951  6.617  3.823  0.000  3.825  6.795  6.291  5.478  4.522  5.815  9.357 11.363 14.384 13.136 13.647 12.136 15.096 14.279 11.243 13.590 11.825 14.669 16.080 15.220 11.717  9.526  6.079  5.050  6.278  7.483 10.847 12.903 14.385 16.519 17.756 19.130
 16.977 15.347 11.768 11.170  9.934 10.613 12.568 14.128 17.201 16.544 16.553 14.610 14.972 15.447 15.323 17.098 15.812 16.937 15.036 16.835 15.721 14.232 11.370 14.555 15.960 13.099 13.817 17.468 17.136 15.784 18.811 21.107 20.009 19.678 21.489 18.981 19.574 16.900 17.662 16.969 13.406 10.224  6.869  3.825  0.000  3.848  5.527  5.503  6.504  6.941 10.736 13.005 15.317 13.162 12.962 10.678 13.064 12.567  9.038 10.684  8.947 11.645 13.464 12.825  9.078  7.694  5.313  6.288  8.976 10.918 14.415 16.658 18.122 20.215 21.346 22.567
 19.235 17.697 14.317 13.661 12.883 12.943 15.000 15.984 18.863 18.202 18.684 16.873 17.811 18.213 18.441 20.070 18.842 19.638 17.350 19.351 18.772 17.424 14.832 18.113 19.582 16.796 17.583 21.234 20.836 19.435 22.497 24.774 23.490 23.053 24.988 22.434 23.096 20.476 20.940 20.089 16.684 13.324 10.359  6.795  3.848  0.000  3.849  5.601  8.415  9.681 13.325 16.108 18.135 15.667 15.551 13.165 14.747 13.986 10.209 11.356 10.355 12.694 14.903 14.215 10.431  9.409  8.239  8.891 11.983 13.433 17.096 19.147 20.463 22.442 23.408 24.459
 22.304 20.596 17.004 15.897 14.294 13.724 14.889 15.179 18.236 18.197 19.203 18.061 19.177 20.217 20.509 22.504 21.272 22.281 20.101 21.667 20.722 18.776 15.775 18.586 20.632 17.995 18.008 21.807 21.890 20.059 22.721 25.434 24.274 23.293 24.873 21.941 22.415 19.939 19.761 18.648 15.627 12.095 10.038  6.291  5.527  3.849  0.000  3.820  6.960  9.612 13.031 16.081 18.510 16.604 17.268 15.490 17.349 16.003 12.439 14.349 13.573 16.219 18.337 17.473 13.669 11.947  9.999  9.211 11.584 11.939 15.487 17.037 18.162 19.980 20.865 21.881
 21.806 20.528 17.004 16.458 14.674 14.845 15.792 16.489 19.803 19.895 20.511 19.209 19.635 20.510 20.131 21.855 20.104 20.825 18.497 19.487 18.509 16.143 13.243 15.939 18.364 16.245 16.181 19.920 20.524 19.055 21.414 24.277 23.668 22.858 23.992 20.897 20.769 17.890 17.510 17.013 14.116 10.390  8.582  5.478  5.503  5.601  3.820  0.000  3.825  6.482  9.559 12.877 15.147 13.405 14.617 13.514 15.408 13.517 10.347 13.070 12.762 16.011 18.415 18.168 14.410 13.085 10.431 10.005 11.565 11.816 14.980 16.101 17.112 18.704 19.619 20.671
 21.255 20.009 16.490 16.004 13.710 14.246 14.657 15.630 19.080 19.388 19.706 18.542 18.422 19.494 18.720 20.535 18.668 19.606 17.666 18.140 16.600 13.773 10.570 12.736 15.520 13.713 13.127 16.813 17.889 16.444 18.400 21.465 21.260 20.391 21.094 17.868 17.353 14.342 13.830 13.637 10.869  7.155  5.996  4.522  6.504  8.415  6.960  3.825  0.000  3.825  6.562  9.601 12.349 11.353 13.025 12.585 15.071 13.162 10.618 13.848 13.240 16.691 18.771 18.627 15.091 13.565 10.200  9.493  9.847  9.863 12.495 13.368 14.391 15.956 17.017 18.250
 18.533 17.751 14.543 14.821 12.939 14.473 15.298 17.026 20.400 20.339 19.998 18.315 17.484 17.984 16.561 17.888 15.599 16.242 14.299 14.465 12.917 10.044  7.082  9.659 12.292 10.855 10.900 14.361 15.488 14.773 16.783 19.546 19.718 19.467 20.111 17.195 16.413 12.976 13.144 13.750 10.777  7.578  5.714  5.815  6.941  9.681  9.612  6.482  3.825  0.000  3.837  6.609  9.043  7.766  9.302  9.220 11.887 10.130  8.167 11.574 10.992 14.590 16.669 17.102 13.912 13.070  9.743 10.201 10.394 11.371 13.655 14.777 15.920 17.479 18.613 19.881
 20.100 19.793 16.944 17.610 15.691 17.501 17.950 19.708 23.072 23.204 22.690 21.100 19.790 20.199 18.234 19.200 16.505 16.773 14.926 14.088 12.465  8.953  6.684  8.202 11.457 11.247 10.970 13.862 15.793 15.594 16.891 19.713 20.600 20.481 20.474 17.529 15.929 12.200 11.972 13.552 11.310  8.792  8.248  9.357 10.736 13.325 13.031  9.559  6.562  3.837  0.000  3.838  5.923  5.834  8.691 10.141 12.500 10.238  9.647 13.307 13.294 16.939 19.037 19.915 17.042 16.464 13.117 13.532 12.976 13.524 14.983 15.411 16.287 17.405 18.474 19.669
 19.241 19.079 16.599 17.474 15.538 17.775 18.005 20.121 23.300 23.384 22.421 20.825 18.916 19.227 16.818 17.616 14.901 15.353 14.244 12.855 10.528  6.738  4.807  4.767  8.323  9.031  8.517 10.744 13.156 13.477 14.261 16.911 18.339 18.523 18.128 15.490 13.506  9.655 10.014 12.310 10.404  9.100  9.033 11.363 13.005 16.108 16.081 12.877  9.601  6.609  3.838  0.000  3.853  5.687  8.169 10.266 12.989 11.460 11.633 14.886 14.422 17.729 19.272 20.236 17.880 17.352 14.031 14.576 13.327 14.122 14.860 15.323 16.264 17.356 18.553 19.896
 19.401 19.979 18.022 19.579 18.216 20.826 21.412 23.700 26.845 26.738 25.562 23.636 21.476 21.217 18.378 18.408 15.180 14.726 13.325 11.094  9.514  5.918  6.339  6.378  9.009 10.737 11.146 12.557 14.909 16.053 16.758 18.906 20.669 21.366 20.910 18.621 16.433 12.631 13.131 15.834 14.128 12.894 12.454 14.384 15.317 18.135 18.510 15.147 12.349  9.043  5.923  3.853  0.000  3.812  6.766 10.001 11.805 10.061 11.478 14.520 14.781 18.002 19.793 21.419 19.360 19.522 16.572 17.705 16.827 17.870 18.661 19.051 19.887 20.766 21.855 23.032
 17.279 18.049 16.103 17.976 17.137 19.860 21.057 23.449 26.617 26.200 25.041 22.743 20.824 20.175 17.470 17.256 13.850 12.943 10.742  9.035  8.373  5.434  6.063  8.107  9.981 10.796 12.162 14.075 15.599 16.730 18.219 20.155 21.379 22.269 22.443 20.220 18.620 14.804 15.613 17.756 15.379 13.472 12.006 13.136 13.162 15.667 16.604 13.405 11.353  7.766  5.834  5.687  3.812  0.000  3.834  6.930  8.295  6.296  7.844 10.811 11.464 14.780 16.985 18.890 16.753 17.404 14.840 16.560 16.509 18.032 19.538 20.410 21.405 22.551 23.625 24.764
 13.675 14.825 13.364 15.816 15.710 18.858 20.592 23.357 26.305 25.459 23.930 21.210 19.099 17.837 14.959 14.203 10.628  9.300  6.925  5.549  5.391  4.110  5.919  8.693  9.082  9.513 11.996 13.633 14.289 15.884 17.869 19.201 20.151 21.569 22.226 20.495 19.425 15.817 17.409 19.271 16.493 14.795 12.579 13.647 12.962 15.551 17.268 14.617 13.025  9.302  8.691  8.169  6.766  3.834  0.000  3.824  5.277  5.162  6.960  8.749  8.948 11.761 13.714 15.984 14.377 15.647 13.727 16.183 16.562 18.800 20.543 22.006 23.225 24.658 25.817 27.016
 10.961 11.800 10.171 12.760 13.203 16.378 18.643 21.505 24.304 23.137 21.583 18.592 16.782 15.263 12.793 12.157  8.934  7.976  5.200  6.235  6.257  6.335  6.810 10.348 10.180  9.198 12.163 14.223 13.954 15.197 17.872 19.018 19.253 20.709 22.007 20.421 20.057 16.704 18.596 19.795 16.543 14.627 11.643 12.136 10.678 13.165 15.490 13.514 12.585  9.220 10.141 10.266 10.001  6.930  3.824  0.000  3.854  5.486  5.482  6.207  5.321  8.080 10.095 12.305 10.675 12.313 10.974 13.977 15.059 17.788 20.017 22.013 23.422 25.161 26.365 27.595
 11.947 13.636 12.688 15.633 16.582 19.682 22.179 24.962 27.744 26.462 24.948 21.795 20.105 18.209 15.758 14.471 11.138  8.946  5.174  6.026  8.110  8.864 10.242 13.539 13.285 12.819 15.878 17.676 17.398 18.917 21.542 22.481 22.786 24.431 25.744 24.221 23.730 20.290 22.022 23.404 20.223 18.107 15.128 15.096 13.064 14.747 17.349 15.408 15.071 11.887 12.500 12.989 11.805  8.295  5.277  3.854  0.000  3.858  5.418  4.668  5.918  8.053 10.750 13.724 12.444 14.804 14.035 17.204 18.642 21.302 23.671 25.547 26.874 28.500 29.618 30.744
 15.541 16.827 15.265 17.681 17.937 20.678 22.798 25.240 28.289 27.374 26.250 23.422 21.952 20.604 18.257 17.477 14.092 12.255  8.710  8.444  9.959  9.230 10.132 13.325 14.116 13.930 16.309 18.455 18.877 20.038 22.371 23.863 24.383 25.582 26.546 24.546 23.646 19.971 21.069 22.610 19.644 17.150 14.562 14.279 12.567 13.986 16.003 13.517 13.162 10.130 10.238 11.460 10.061  6.296  5.162  5.486  3.858  0.000  3.836  5.467  7.803 10.854 13.935 16.488 14.484 16.246 14.803 17.417 18.680 20.776 23.123 24.539 25.681 27.081 28.101 29.148
 15.220 15.726 13.543 15.407 15.534 17.872 20.120 22.356 25.406 24.483 23.651 20.922 19.964 18.933 17.180 17.041 14.161 13.140  9.772 10.687 11.423 10.466 10.022 13.666 14.685 13.525 15.665 18.405 18.521 19.013 21.704 23.430 23.424 24.262 25.559 23.384 22.917 19.397 20.410 21.348 18.099 15.234 12.259 11.243  9.038 10.209 12.439 10.347 10.618  8.167  9.647 11.633 11.478  7.844  6.960  5.482  5.418  3.836  0.000  3.854  5.605  9.212 12.496 14.406 11.790 13.229 11.818 14.360 16.108 18.228 20.977 22.628 23.857 25.452 26.482 27.552
 13.323 14.230 12.684 15.031 16.077 18.574 21.352 23.777 26.554 25.222 24.166 21.070 20.172 18.541 16.935 16.283 13.619 12.172  8.604 10.518 12.049 12.291 12.398 16.124 16.340 14.958 17.688 20.162 19.628 20.382 23.399 24.633 24.328 25.543 27.242 25.451 25.359 22.013 23.447 24.234 20.796 18.113 14.771 13.590 10.684 11.356 14.349 13.070 13.848 11.574 13.307 14.886 14.520 10.811  8.749  6.207  4.668  5.467  3.854  0.000  3.841  6.384 10.032 12.474 10.472 12.897 12.592 15.738 17.977 20.559 23.478 25.503 26.851 28.602 29.658 30.726
 10.539 10.779  8.930 11.240 12.535 15.183 18.158 20.800 23.388 21.861 20.594 17.381 16.468 14.786 13.420 13.099 10.927 10.365  7.573 10.345 10.953 11.498 11.047 14.805 14.587 12.523 15.377 17.886 16.841 17.393 20.677 21.735 21.069 22.322 24.323 22.768 23.124 20.079 21.902 22.331 18.719 16.345 12.732 11.825  8.947 10.355 13.573 12.762 13.240 10.992 13.294 14.422 14.781 11.464  8.948  5.321  5.918  7.803  5.605  3.841  0.000  3.830  6.977  8.973  6.907  9.423  9.443 12.936 15.261 18.248 21.172 23.592 25.108 27.087 28.246 29.417
  8.441  8.919  8.141 10.869 13.221 15.909 19.283 22.074 24.253 22.308 20.758 17.242 16.389 14.057 13.020 12.194 10.702 10.082  7.950 11.501 12.448 13.943 13.865 17.419 16.486 14.268 17.457 19.582 17.868 18.619 22.112 22.604 21.586 23.202 25.591 24.508 25.268 22.520 24.714 24.971 21.296 19.237 15.527 14.669 11.645 12.694 16.219 16.011 16.691 14.590 16.939 17.729 18.002 14.780 11.761  8.080  8.053 10.854  9.212  6.384  3.830  0.000  3.837  6.587  6.034  9.593 10.950 14.695 17.253 20.568 23.496 26.232 27.847 29.957 31.143 32.314
  5.700  5.661  6.000  9.005 12.128 14.966 18.471 21.500 23.257 20.998 19.018 15.308 14.260 11.396 10.654  9.641  9.210  9.391  8.752 12.535 12.935 14.983 14.898 18.062 16.465 13.988 17.289 18.993 16.629 17.468 21.067 21.017 19.661 21.587 24.282 23.721 24.908 22.585 25.203 25.256 21.606 20.094 16.448 16.080 13.464 14.903 18.337 18.415 18.771 16.669 19.037 19.272 19.793 16.985 13.714 10.095 10.750 13.935 12.496 10.032  6.977  3.837  0.000  3.843  5.588  9.138 11.207 14.956 17.312 20.924 23.626 26.664 28.390 30.638 31.895 33.118
  7.669  5.480  4.857  6.397  9.900 12.195 15.868 18.779 20.207 17.749 15.830 12.141 11.724  9.181  9.717  9.915 10.628 11.983 11.873 15.505 15.154 16.759 15.894 18.895 17.431 14.340 17.139 19.059 16.381 16.487 20.264 20.266 18.289 19.856 22.917 22.437 24.145 22.240 24.858 24.355 20.680 19.326 15.727 15.220 12.825 14.215 17.473 18.168 18.627 17.102 19.915 20.236 21.419 18.890 15.984 12.305 13.724 16.488 14.406 12.474  8.973  6.587  3.843  0.000  3.844  6.643  9.594 13.019 15.568 19.229 21.991 25.285 27.090 29.493 30.768 32.007
 10.007  7.958  5.403  6.035  8.410 10.413 14.035 16.701 18.609 16.519 15.162 11.770 11.770 10.241 10.659 11.578 11.494 12.807 11.879 15.223 14.688 15.461 13.992 17.272 16.566 13.302 15.705 18.264 16.160 15.765 19.537 20.259 18.432 19.424 22.261 21.167 22.654 20.492 22.684 22.081 18.317 16.470 12.750 11.717  9.078 10.431 13.669 14.410 15.091 13.912 17.042 17.880 19.360 16.753 14.377 10.675 12.444 14.484 11.790 10.472  6.907  6.034  5.588  3.844  0.000  3.829  6.493 10.026 12.972 16.433 19.506 22.644 24.401 26.771 28.012 29.248
 12.607  9.817  6.438  4.710  5.702  6.834 10.455 12.974 14.926 12.963 11.948  8.943  9.653  9.383 10.561 12.633 12.954 15.001 14.395 17.322 16.051 16.139 13.856 16.788 16.503 12.863 14.419 17.305 15.334 14.062 17.796 18.920 16.780 17.110 20.012 18.701 20.493 18.671 20.663 19.537 15.817 14.084 10.588  9.526  7.694  9.409 11.947 13.085 13.565 13.070 16.464 17.352 19.522 17.404 15.647 12.313 14.804 16.246 13.229 12.897  9.423  9.593  9.138  6.643  3.829  0.000  3.820  6.674  9.794 13.185 16.325 19.602 21.414 23.896 25.166 26.446
 13.907 11.441  7.649  6.118  4.758  6.130  8.901 11.452 14.077 12.795 12.012  9.592  9.762 10.298 10.703 13.074 12.757 14.868 14.112 16.370 14.613 13.886 11.028 13.808 14.167 10.585 11.536 14.839 13.564 11.993 15.479 17.235 15.565 15.496 17.898 16.053 17.450 15.386 17.095 16.052 12.295 10.332  6.792  6.079  5.313  8.239  9.999 10.431 10.200  9.743 13.117 14.031 16.572 14.840 13.727 10.974 14.035 14.803 11.818 12.592  9.443 10.950 11.207  9.594  6.493  3.820  0.000  3.830  6.649  9.998 13.163 16.245 18.039 20.473 21.794 23.162
 17.410 14.701 10.943  8.557  5.728  4.905  6.319  8.181 11.191 10.581 10.612  9.371 10.257 12.044 12.908 15.835 15.753 18.137 17.523 19.402 17.260 15.922 12.522 14.656 15.610 12.102 11.828 15.335 14.506 12.037 15.082 17.379 15.586 14.588 16.782 14.513 16.099 14.475 15.645 13.904 10.361  8.443  5.810  5.050  6.288  8.891  9.211 10.005  9.493 10.201 13.532 14.576 17.705 16.560 16.183 13.977 17.204 17.417 14.360 15.738 12.936 14.695 14.956 13.019 10.026  6.674  3.830  0.000  3.821  6.644 10.077 13.222 15.047 17.593 18.943 20.364
 18.747 16.088 12.510 10.182  6.514  5.859  5.091  7.100 10.301 10.389 10.259  9.812  9.998 12.454 12.956 16.147 16.088 18.770 18.605 19.913 17.195 15.443 11.805 12.984 14.190 10.953  9.559 12.975 12.664  9.670 12.130 14.878 13.402 11.856 13.548 10.951 12.511 11.239 12.340 10.296  6.883  5.917  4.799  6.278  8.976 11.983 11.584 11.565  9.847 10.394 12.976 13.327 16.827 16.509 16.562 15.059 18.642 18.680 16.108 17.977 15.261 17.253 17.312 15.568 12.972  9.794  6.649  3.821  0.000  3.822  6.602  9.945 11.942 14.594 16.139 17.757
 22.434 19.858 16.276 13.931 10.250  8.910  6.854  7.059 10.350 11.479 12.229 12.744 13.241 16.032 16.527 19.725 19.508 22.070 21.740 22.690 19.904 17.625 13.838 14.471 16.354 13.629 11.427 14.743 15.170 11.952 13.493 16.724 15.568 13.297 14.243 11.073 12.237 11.336 11.301  8.584  6.067  5.191  6.314  7.483 10.918 13.433 11.939 11.816  9.863 11.371 13.524 14.122 17.870 18.032 18.800 17.788 21.302 20.776 18.228 20.559 18.248 20.568 20.924 19.229 16.433 13.185  9.998  6.644  3.822  0.000  3.823  6.748  8.775 11.499 13.115 14.842
 24.421 21.886 18.554 16.264 12.471 11.321  8.449  8.414 11.035 12.652 13.242 14.351 14.401 17.472 17.779 21.035 20.940 23.677 23.746 24.297 21.157 18.725 15.067 14.728 16.648 14.428 11.435 14.124 15.030 11.630 12.106 15.566 14.798 11.985 12.093  8.689  9.722  9.759  9.319  5.881  4.941  6.288  8.791 10.847 14.415 17.096 15.487 14.980 12.495 13.655 14.983 14.860 18.661 19.538 20.543 20.017 23.671 23.123 20.977 23.478 21.172 23.496 23.626 21.991 19.506 16.325 13.163 10.077  6.602  3.823  0.000  3.830  6.339  9.149 11.021 12.960
 27.399 25.105 21.782 19.742 15.983 14.973 12.136 11.662 14.074 16.024 16.826 18.052 17.983 20.958 20.961 24.027 23.603 26.100 26.000 26.126 22.995 20.151 16.598 15.790 18.233 16.636 13.331 15.751 17.364 14.267 13.990 17.650 17.472 14.591 13.836 10.236 10.167 10.309  8.515  5.152  6.260  7.561 10.938 12.903 16.658 19.147 17.037 16.101 13.368 14.777 15.411 15.323 19.051 20.410 22.006 22.013 25.547 24.539 22.628 25.503 23.592 26.232 26.664 25.285 22.644 19.602 16.245 13.222  9.945  6.748  3.830  0.000  3.831  6.297  8.385 10.583
 29.133 26.922 23.618 21.646 17.934 16.919 14.088 13.356 15.621 17.788 18.676 19.976 19.920 22.865 22.806 25.790 25.269 27.662 27.489 27.464 24.373 21.403 17.942 16.997 19.591 18.238 14.912 17.170 18.989 16.034 15.499 19.138 19.145 16.250 15.208 11.716 11.271 11.513  9.277  6.550  8.126  9.161 12.588 14.385 18.122 20.463 18.162 17.112 14.391 15.920 16.287 16.264 19.887 21.405 23.225 23.422 26.874 25.681 23.857 26.851 25.108 27.847 28.390 27.090 24.401 21.414 18.039 15.047 11.942  8.775  6.339  3.831  0.000  3.833  6.533  9.087
 31.294 29.235 25.986 24.165 20.505 19.602 16.818 16.028 18.163 20.421 21.317 22.627 22.471 25.337 25.110 27.960 27.277 29.517 29.281 29.001 25.950 22.825 19.545 18.350 21.113 20.141 16.774 18.771 20.897 18.177 17.291 20.895 21.220 18.383 16.950 13.596 12.617 12.917 10.189  8.232 10.348 11.314 14.792 16.519 20.215 22.442 19.980 18.704 15.956 17.479 17.405 17.356 20.766 22.551 24.658 25.161 28.500 27.081 25.452 28.602 27.087 29.957 30.638 29.493 26.771 23.896 20.473 17.593 14.594 11.499  9.149  6.297  3.833  0.000  3.846  6.781
 32.634 30.604 27.358 25.552 21.954 20.995 18.275 17.343 19.351 21.655 22.666 24.018 23.950 26.786 26.583 29.392 28.671 30.839 30.526 30.216 27.243 24.093 20.876 19.736 22.539 21.630 18.368 20.335 22.462 19.821 18.952 22.467 22.795 19.993 18.575 15.380 14.393 14.629 11.923 10.302 12.233 12.939 16.235 17.756 21.346 23.408 20.865 19.619 17.017 18.613 18.474 18.553 21.855 23.625 25.817 26.365 29.618 28.101 26.482 29.658 28.246 31.143 31.895 30.768 28.012 25.166 21.794 18.943 16.139 13.115 11.021  8.385  6.533  3.846  0.000  3.811
