  1.000  0.784  0.571  0.269 -0.179 -0.306 -0.313 -0.148 -0.203 -0.140 -0.228 -0.143 -0.057  0.265  0.352  0.666  0.641  0.623  0.451  0.290  0.179 -0.166 -0.366 -0.415 -0.291 -0.350 -0.494 -0.455 -0.374 -0.446 -0.463 -0.354 -0.284 -0.327 -0.408 -0.446 -0.461 -0.485 -0.430 -0.495 -0.553 -0.484 -0.514 -0.476 -0.349 -0.235 -0.313 -0.358 -0.472 -0.474 -0.487 -0.458 -0.382 -0.299 -0.072  0.082  0.199  0.004 -0.043  0.158  0.219  0.439  0.652  0.571  0.305  0.070 -0.195 -0.432 -0.514 -0.461 -0.393 -0.245  0.229  0.511  0.544  0.514
  0.784  1.000  0.730  0.463  0.028 -0.100 -0.193 -0.100 -0.180 -0.140 -0.093  0.050  0.129  0.456  0.530  0.659  0.487  0.420  0.257  0.080 -0.035 -0.343 -0.445 -0.466 -0.361 -0.350 -0.444 -0.427 -0.317 -0.344 -0.387 -0.294 -0.200 -0.229 -0.327 -0.367 -0.409 -0.435 -0.384 -0.436 -0.477 -0.415 -0.443 -0.410 -0.302 -0.204 -0.280 -0.331 -0.448 -0.470 -0.533 -0.520 -0.499 -0.452 -0.260 -0.073  0.032 -0.159 -0.140  0.063  0.171  0.393  0.602  0.640  0.391  0.187 -0.078 -0.287 -0.391 -0.361 -0.330 -0.190  0.226  0.419  0.470  0.443
  0.571  0.730  1.000  0.698  0.254  0.075 -0.136 -0.156 -0.156 -0.041 -0.032  0.168  0.237  0.520  0.552  0.510  0.365  0.246  0.118 -0.034 -0.129 -0.371 -0.412 -0.413 -0.391 -0.336 -0.360 -0.373 -0.267 -0.268 -0.315 -0.233 -0.138 -0.165 -0.261 -0.305 -0.348 -0.371 -0.339 -0.382 -0.388 -0.352 -0.343 -0.280 -0.190 -0.119 -0.186 -0.220 -0.327 -0.362 -0.421 -0.430 -0.430 -0.400 -0.270 -0.119 -0.027 -0.139 -0.097  0.046  0.123  0.302  0.510  0.617  0.465  0.392  0.167 -0.129 -0.279 -0.281 -0.279 -0.184  0.118  0.287  0.339  0.314
  0.269  0.463  0.698  1.000  0.651  0.468  0.155 -0.039 -0.024  0.061  0.227  0.476  0.502  0.624  0.500  0.333  0.141 -0.030 -0.143 -0.280 -0.321 -0.454 -0.385 -0.353 -0.360 -0.256 -0.222 -0.260 -0.150 -0.087 -0.148 -0.112 -0.016 -0.020 -0.098 -0.140 -0.200 -0.215 -0.194 -0.192 -0.159 -0.132 -0.117 -0.062 -0.043 -0.032 -0.076 -0.103 -0.179 -0.253 -0.341 -0.371 -0.435 -0.458 -0.415 -0.289 -0.256 -0.317 -0.227 -0.129 -0.046  0.069  0.256  0.481  0.435  0.605  0.447  0.187  0.016 -0.036 -0.104 -0.067  0.022  0.033  0.100  0.091
 -0.179  0.028  0.254  0.651  1.000  0.805  0.461  0.102  0.128  0.176  0.425  0.602  0.635  0.437  0.320  0.023 -0.134 -0.317 -0.394 -0.435 -0.366 -0.291 -0.114 -0.040 -0.119 -0.002  0.134  0.081  0.109  0.227  0.184  0.129  0.174  0.200  0.180  0.164  0.114  0.107  0.097  0.151  0.226  0.210  0.244  0.249  0.159  0.079  0.096  0.103  0.118  0.041 -0.027 -0.050 -0.170 -0.266 -0.369 -0.374 -0.429 -0.379 -0.291 -0.318 -0.266 -0.262 -0.188  0.028  0.116  0.437  0.582  0.498  0.427  0.315  0.181  0.102 -0.131 -0.342 -0.318 -0.307
 -0.306 -0.100  0.075  0.468  0.805  1.000  0.627  0.250  0.226  0.195  0.462  0.595  0.540  0.306  0.165 -0.110 -0.253 -0.420 -0.454 -0.482 -0.393 -0.256 -0.066  0.006 -0.075  0.032  0.173  0.105  0.120  0.255  0.216  0.140  0.189  0.242  0.228  0.233  0.183  0.178  0.169  0.251  0.337  0.305  0.337  0.343  0.232  0.122  0.145  0.151  0.185  0.105  0.043  0.012 -0.109 -0.212 -0.351 -0.357 -0.443 -0.365 -0.257 -0.317 -0.271 -0.306 -0.279 -0.071  0.056  0.393  0.539  0.612  0.540  0.429  0.283  0.165 -0.152 -0.429 -0.409 -0.400
 -0.313 -0.193 -0.136  0.155  0.461  0.627  1.000  0.664  0.480  0.125  0.382  0.368  0.351  0.132  0.022 -0.149 -0.235 -0.343 -0.359 -0.350 -0.274 -0.141 -0.006  0.046 -0.006  0.081  0.187  0.141  0.115  0.207  0.208  0.119  0.101  0.147  0.181  0.204  0.211  0.248  0.263  0.273  0.340  0.349  0.361  0.332  0.202  0.099  0.135  0.122  0.172  0.103  0.057  0.038 -0.035 -0.110 -0.233 -0.268 -0.342 -0.275 -0.197 -0.261 -0.236 -0.284 -0.310 -0.216 -0.105  0.112  0.268  0.523  0.455  0.334  0.188  0.093 -0.149 -0.411 -0.423 -0.414
 -0.148 -0.100 -0.156 -0.039  0.102  0.250  0.664  1.000  0.641  0.077  0.176  0.100  0.066 -0.017 -0.068 -0.089 -0.125 -0.145 -0.156 -0.153 -0.138 -0.092 -0.064 -0.036 -0.037 -0.027  0.006 -0.001 -0.022  0.009  0.029 -0.014 -0.039  0.000  0.031  0.050  0.069  0.095  0.116  0.106  0.122  0.132  0.139  0.129  0.067  0.039  0.063  0.017  0.038 -0.008 -0.028 -0.040 -0.053 -0.081 -0.128 -0.131 -0.143 -0.137 -0.094 -0.115 -0.087 -0.110 -0.158 -0.152 -0.100 -0.082  0.020  0.265  0.197  0.119  0.063 -0.017 -0.004 -0.182 -0.220 -0.241
 -0.203 -0.180 -0.156 -0.024  0.128  0.226  0.480  0.641  1.000  0.538  0.388  0.199  0.092 -0.024 -0.094 -0.133 -0.167 -0.193 -0.196 -0.188 -0.170 -0.105 -0.048 -0.017 -0.057 -0.040  0.020 -0.003 -0.028  0.010  0.026 -0.003 -0.025  0.009  0.033  0.039  0.059  0.089  0.103  0.099  0.112  0.133  0.130  0.129  0.066  0.038  0.079  0.067  0.093  0.036  0.017  0.001 -0.031 -0.070 -0.133 -0.164 -0.165 -0.129 -0.103 -0.126 -0.148 -0.176 -0.204 -0.178 -0.144 -0.042  0.074  0.207  0.140  0.097  0.020 -0.009 -0.144 -0.232 -0.246 -0.254
 -0.140 -0.140 -0.041  0.061  0.176  0.195  0.125  0.077  0.538  1.000  0.547  0.264  0.121  0.029 -0.014 -0.057 -0.122 -0.162 -0.167 -0.154 -0.135 -0.081 -0.030  0.002 -0.027 -0.032  0.021  0.012  0.002  0.032  0.039  0.023  0.034  0.058  0.052  0.038  0.044  0.055  0.055  0.072  0.075  0.074  0.056  0.035 -0.026 -0.034  0.005  0.039  0.082  0.036  0.027  0.017 -0.024 -0.067 -0.119 -0.173 -0.152 -0.109 -0.129 -0.138 -0.203 -0.208 -0.184 -0.119 -0.114  0.057  0.109  0.052  0.055  0.057  0.029  0.043 -0.163 -0.211 -0.183 -0.179
 -0.228 -0.093 -0.032  0.227  0.425  0.462  0.382  0.176  0.388  0.547  1.000  0.713  0.532  0.315  0.163 -0.037 -0.167 -0.301 -0.360 -0.376 -0.305 -0.240 -0.089 -0.009 -0.056  0.025  0.144  0.119  0.145  0.235  0.221  0.183  0.209  0.255  0.242  0.203  0.167  0.171  0.151  0.173  0.206  0.174  0.153  0.093 -0.008 -0.035  0.000  0.020  0.068  0.005 -0.042 -0.043 -0.150 -0.247 -0.338 -0.374 -0.414 -0.373 -0.317 -0.343 -0.351 -0.339 -0.316 -0.162 -0.139  0.087  0.148  0.222  0.243  0.196  0.134  0.119 -0.127 -0.332 -0.290 -0.265
 -0.143  0.050  0.168  0.476  0.602  0.595  0.368  0.100  0.199  0.264  0.713  1.000  0.788  0.577  0.358  0.095 -0.088 -0.291 -0.390 -0.452 -0.379 -0.344 -0.169 -0.085 -0.122 -0.005  0.102  0.071  0.146  0.233  0.184  0.177  0.228  0.249  0.218  0.161  0.094  0.080  0.057  0.091  0.142  0.117  0.121  0.087  0.012 -0.023 -0.001  0.009  0.013 -0.067 -0.148 -0.144 -0.282 -0.389 -0.460 -0.437 -0.493 -0.487 -0.388 -0.385 -0.325 -0.276 -0.196  0.003  0.005  0.209  0.221  0.282  0.254  0.199  0.097  0.096 -0.066 -0.253 -0.211 -0.196
 -0.057  0.129  0.237  0.502  0.635  0.540  0.351  0.066  0.092  0.121  0.532  0.788  1.000  0.756  0.523  0.234  0.037 -0.203 -0.349 -0.418 -0.331 -0.323 -0.155 -0.065 -0.091  0.039  0.134  0.109  0.174  0.241  0.196  0.190  0.224  0.231  0.211  0.148  0.089  0.080  0.060  0.059  0.106  0.082  0.083  0.032 -0.030 -0.042 -0.041 -0.033 -0.036 -0.110 -0.176 -0.142 -0.281 -0.405 -0.461 -0.443 -0.504 -0.516 -0.434 -0.420 -0.350 -0.280 -0.169  0.016 -0.029  0.164  0.178  0.225  0.208  0.150  0.042  0.044 -0.032 -0.205 -0.170 -0.156
  0.265  0.456  0.520  0.624  0.437  0.306  0.132 -0.017 -0.024  0.029  0.315  0.577  0.756  1.000  0.769  0.517  0.282  0.028 -0.162 -0.281 -0.257 -0.388 -0.302 -0.238 -0.216 -0.105 -0.078 -0.093  0.001  0.038 -0.012  0.018  0.081  0.081  0.026 -0.036 -0.100 -0.121 -0.114 -0.149 -0.145 -0.146 -0.163 -0.195 -0.194 -0.142 -0.160 -0.181 -0.238 -0.305 -0.378 -0.336 -0.436 -0.518 -0.481 -0.394 -0.394 -0.492 -0.432 -0.328 -0.229 -0.068  0.120  0.293  0.148  0.213  0.067 -0.006 -0.056 -0.081 -0.135 -0.063  0.092  0.061  0.103  0.100
  0.352  0.530  0.552  0.500  0.320  0.165  0.022 -0.068 -0.094 -0.014  0.163  0.358  0.523  0.769  1.000  0.697  0.438  0.170 -0.048 -0.151 -0.111 -0.261 -0.233 -0.165 -0.132 -0.059 -0.061 -0.067 -0.000  0.006 -0.038 -0.007  0.037  0.018 -0.029 -0.081 -0.122 -0.130 -0.121 -0.175 -0.174 -0.176 -0.205 -0.247 -0.237 -0.157 -0.179 -0.200 -0.265 -0.312 -0.350 -0.281 -0.333 -0.411 -0.357 -0.297 -0.297 -0.405 -0.386 -0.285 -0.200 -0.036  0.175  0.284  0.101  0.121  0.000 -0.105 -0.131 -0.146 -0.180 -0.108  0.097  0.096  0.130  0.129
  0.666  0.659  0.510  0.333  0.023 -0.110 -0.149 -0.089 -0.133 -0.057 -0.037  0.095  0.234  0.517  0.697  1.000  0.729  0.481  0.247  0.131  0.125 -0.150 -0.261 -0.253 -0.163 -0.186 -0.263 -0.241 -0.186 -0.241 -0.267 -0.194 -0.146 -0.182 -0.238 -0.288 -0.304 -0.310 -0.275 -0.351 -0.383 -0.350 -0.386 -0.418 -0.365 -0.251 -0.294 -0.322 -0.390 -0.411 -0.428 -0.356 -0.347 -0.347 -0.187 -0.101 -0.056 -0.227 -0.273 -0.123 -0.038  0.166  0.417  0.396  0.107 -0.000 -0.183 -0.333 -0.367 -0.344 -0.318 -0.192  0.167  0.322  0.357  0.339
  0.641  0.487  0.365  0.141 -0.134 -0.253 -0.235 -0.125 -0.167 -0.122 -0.167 -0.088  0.037  0.282  0.438  0.729  1.000  0.784  0.490  0.385  0.426  0.087 -0.120 -0.134 -0.044 -0.152 -0.256 -0.221 -0.221 -0.311 -0.309 -0.251 -0.233 -0.270 -0.305 -0.331 -0.313 -0.317 -0.283 -0.344 -0.390 -0.359 -0.399 -0.414 -0.356 -0.243 -0.288 -0.308 -0.360 -0.356 -0.320 -0.227 -0.151 -0.115  0.078  0.131  0.154 -0.014 -0.116 -0.003  0.045  0.180  0.368  0.261  0.036 -0.102 -0.248 -0.401 -0.411 -0.371 -0.318 -0.195  0.153  0.331  0.338  0.322
  0.623  0.420  0.246 -0.030 -0.317 -0.420 -0.343 -0.145 -0.193 -0.162 -0.301 -0.291 -0.203  0.028  0.170  0.481  0.784  1.000  0.768  0.642  0.585  0.194 -0.105 -0.166 -0.039 -0.210 -0.375 -0.319 -0.329 -0.446 -0.433 -0.357 -0.341 -0.392 -0.426 -0.437 -0.406 -0.408 -0.349 -0.409 -0.473 -0.417 -0.452 -0.433 -0.341 -0.228 -0.278 -0.317 -0.374 -0.352 -0.301 -0.231 -0.082  0.028  0.277  0.349  0.434  0.251  0.121  0.245  0.225  0.299  0.412  0.252  0.071 -0.154 -0.304 -0.483 -0.497 -0.440 -0.360 -0.233  0.171  0.432  0.426  0.399
  0.451  0.257  0.118 -0.143 -0.394 -0.454 -0.359 -0.156 -0.196 -0.167 -0.360 -0.390 -0.349 -0.162 -0.048  0.247  0.490  0.768  1.000  0.783  0.581  0.249 -0.043 -0.154 -0.072 -0.244 -0.403 -0.363 -0.391 -0.497 -0.472 -0.412 -0.399 -0.433 -0.460 -0.443 -0.395 -0.394 -0.326 -0.365 -0.423 -0.353 -0.374 -0.331 -0.215 -0.152 -0.193 -0.233 -0.260 -0.214 -0.161 -0.148  0.033  0.208  0.469  0.589  0.670  0.505  0.376  0.472  0.407  0.380  0.367  0.205  0.144 -0.110 -0.252 -0.427 -0.449 -0.381 -0.302 -0.195  0.104  0.375  0.361  0.334
  0.290  0.080 -0.034 -0.280 -0.435 -0.482 -0.350 -0.153 -0.188 -0.154 -0.376 -0.452 -0.418 -0.281 -0.151  0.131  0.385  0.642  0.783  1.000  0.788  0.474  0.155  0.042  0.107 -0.114 -0.270 -0.232 -0.306 -0.424 -0.394 -0.364 -0.371 -0.403 -0.409 -0.379 -0.316 -0.302 -0.245 -0.288 -0.334 -0.286 -0.294 -0.271 -0.190 -0.127 -0.152 -0.180 -0.178 -0.105 -0.015  0.034  0.232  0.402  0.632  0.617  0.684  0.568  0.401  0.449  0.342  0.257  0.211  0.036 -0.001 -0.216 -0.276 -0.411 -0.392 -0.332 -0.246 -0.175  0.054  0.282  0.259  0.245
  0.179 -0.035 -0.129 -0.321 -0.366 -0.393 -0.274 -0.138 -0.170 -0.135 -0.305 -0.379 -0.331 -0.257 -0.111  0.125  0.426  0.585  0.581  0.788  1.000  0.735  0.409  0.302  0.371  0.123 -0.034 -0.002 -0.127 -0.256 -0.234 -0.247 -0.283 -0.311 -0.284 -0.245 -0.168 -0.146 -0.122 -0.150 -0.172 -0.171 -0.176 -0.190 -0.163 -0.118 -0.120 -0.117 -0.078  0.013  0.134  0.246  0.401  0.502  0.652  0.526  0.471  0.402  0.224  0.211  0.149  0.078  0.044 -0.120 -0.153 -0.288 -0.276 -0.327 -0.268 -0.221 -0.161 -0.121 -0.011  0.114  0.073  0.081
 -0.166 -0.343 -0.371 -0.454 -0.291 -0.256 -0.141 -0.092 -0.105 -0.081 -0.240 -0.344 -0.323 -0.388 -0.261 -0.150  0.087  0.194  0.249  0.474  0.735  1.000  0.775  0.653  0.669  0.454  0.292  0.276  0.102 -0.011 -0.010 -0.087 -0.157 -0.166 -0.099 -0.028  0.061  0.102  0.090  0.103  0.120  0.081  0.122  0.093  0.063  0.017  0.057  0.111  0.223  0.364  0.512  0.630  0.710  0.751  0.703  0.469  0.328  0.399  0.244  0.113  0.038 -0.112 -0.233 -0.371 -0.291 -0.309 -0.161 -0.090  0.009  0.026  0.036 -0.017 -0.170 -0.197 -0.258 -0.224
 -0.366 -0.445 -0.412 -0.385 -0.114 -0.066 -0.006 -0.064 -0.048 -0.030 -0.089 -0.169 -0.155 -0.302 -0.233 -0.261 -0.120 -0.105 -0.043  0.155  0.409  0.775  1.000  0.838  0.685  0.610  0.581  0.476  0.249  0.196  0.193  0.059 -0.034 -0.014  0.069  0.150  0.265  0.343  0.288  0.280  0.337  0.277  0.361  0.310  0.250  0.142  0.212  0.307  0.461  0.590  0.688  0.787  0.702  0.654  0.487  0.267  0.075  0.212  0.158 -0.044 -0.087 -0.249 -0.386 -0.445 -0.326 -0.224 -0.022  0.128  0.233  0.213  0.176  0.068 -0.272 -0.428 -0.493 -0.451
 -0.415 -0.466 -0.413 -0.353 -0.040  0.006  0.046 -0.036 -0.017  0.002 -0.009 -0.085 -0.065 -0.238 -0.165 -0.253 -0.134 -0.166 -0.154  0.042  0.302  0.653  0.838  1.000  0.818  0.634  0.712  0.666  0.417  0.362  0.369  0.245  0.157  0.159  0.235  0.269  0.315  0.380  0.287  0.299  0.396  0.230  0.317  0.273  0.202  0.135  0.196  0.276  0.415  0.516  0.642  0.792  0.711  0.554  0.361  0.104 -0.085  0.070  0.013 -0.211 -0.241 -0.370 -0.473 -0.507 -0.404 -0.252 -0.018  0.151  0.274  0.210  0.175  0.043 -0.280 -0.480 -0.526 -0.474
 -0.291 -0.361 -0.391 -0.360 -0.119 -0.075 -0.006 -0.037 -0.057 -0.027 -0.056 -0.122 -0.091 -0.216 -0.132 -0.163 -0.044 -0.039 -0.072  0.107  0.371  0.669  0.685  0.818  1.000  0.753  0.596  0.648  0.495  0.337  0.311  0.236  0.148  0.117  0.181  0.201  0.230  0.269  0.199  0.224  0.290  0.151  0.186  0.108  0.028 -0.010  0.028  0.090  0.210  0.313  0.447  0.601  0.576  0.445  0.317  0.090 -0.062  0.033 -0.059 -0.216 -0.245 -0.333 -0.395 -0.446 -0.397 -0.304 -0.129  0.020  0.160  0.132  0.115  0.036 -0.171 -0.328 -0.369 -0.323
 -0.350 -0.350 -0.336 -0.256 -0.002  0.032  0.081 -0.027 -0.040 -0.032  0.025 -0.005  0.039 -0.105 -0.059 -0.186 -0.152 -0.210 -0.244 -0.114  0.123  0.454  0.610  0.634  0.753  1.000  0.753  0.649  0.612  0.513  0.409  0.316  0.222  0.182  0.240  0.258  0.322  0.391  0.307  0.279  0.336  0.271  0.316  0.215  0.118  0.034  0.086  0.143  0.257  0.315  0.365  0.483  0.387  0.254  0.081 -0.082 -0.224 -0.122 -0.141 -0.275 -0.287 -0.364 -0.419 -0.408 -0.350 -0.204 -0.049  0.127  0.224  0.187  0.134  0.073 -0.192 -0.370 -0.408 -0.359
 -0.494 -0.444 -0.360 -0.222  0.134  0.173  0.187  0.006  0.020  0.021  0.144  0.102  0.134 -0.078 -0.061 -0.263 -0.256 -0.375 -0.403 -0.270 -0.034  0.292  0.581  0.712  0.596  0.753  1.000  0.852  0.642  0.690  0.676  0.495  0.386  0.411  0.491  0.508  0.554  0.629  0.508  0.457  0.553  0.391  0.440  0.344  0.224  0.143  0.207  0.259  0.386  0.417  0.459  0.574  0.418  0.218 -0.008 -0.200 -0.371 -0.213 -0.192 -0.394 -0.394 -0.477 -0.543 -0.496 -0.405 -0.166  0.056  0.286  0.404  0.330  0.260  0.122 -0.288 -0.573 -0.619 -0.564
 -0.455 -0.427 -0.373 -0.260  0.081  0.105  0.141 -0.001 -0.003  0.012  0.119  0.071  0.109 -0.093 -0.067 -0.241 -0.221 -0.319 -0.363 -0.232 -0.002  0.276  0.476  0.666  0.648  0.649  0.852  1.000  0.793  0.712  0.756  0.642  0.506  0.482  0.570  0.537  0.530  0.553  0.430  0.414  0.496  0.294  0.303  0.194  0.064  0.036  0.085  0.132  0.257  0.289  0.377  0.497  0.390  0.189 -0.010 -0.210 -0.355 -0.216 -0.229 -0.417 -0.428 -0.492 -0.536 -0.515 -0.460 -0.257 -0.040  0.168  0.326  0.260  0.213  0.091 -0.236 -0.482 -0.530 -0.480
 -0.374 -0.317 -0.267 -0.150  0.109  0.120  0.115 -0.022 -0.028  0.002  0.145  0.146  0.174  0.001 -0.000 -0.186 -0.221 -0.329 -0.391 -0.306 -0.127  0.102  0.249  0.417  0.495  0.612  0.642  0.793  1.000  0.830  0.719  0.756  0.675  0.550  0.559  0.444  0.350  0.350  0.218  0.231  0.322  0.146  0.152  0.054 -0.053 -0.042 -0.011  0.016  0.089  0.093  0.163  0.278  0.189 -0.003 -0.177 -0.317 -0.415 -0.318 -0.319 -0.434 -0.435 -0.453 -0.451 -0.396 -0.376 -0.196 -0.060  0.094  0.206  0.118  0.078  0.015 -0.176 -0.318 -0.321 -0.272
 -0.446 -0.344 -0.268 -0.087  0.227  0.255  0.207  0.009  0.010  0.032  0.235  0.233  0.241  0.038  0.006 -0.241 -0.311 -0.446 -0.497 -0.424 -0.256 -0.011  0.196  0.362  0.337  0.513  0.690  0.712  0.830  1.000  0.877  0.776  0.752  0.740  0.731  0.661  0.535  0.510  0.387  0.403  0.493  0.287  0.275  0.186  0.051  0.027  0.085  0.102  0.170  0.141  0.173  0.263  0.142 -0.058 -0.259 -0.392 -0.494 -0.373 -0.340 -0.472 -0.468 -0.491 -0.501 -0.402 -0.343 -0.113  0.046  0.250  0.361  0.290  0.222  0.121 -0.218 -0.467 -0.485 -0.437
 -0.463 -0.387 -0.315 -0.148  0.184  0.216  0.208  0.029  0.026  0.039  0.221  0.184  0.196 -0.012 -0.038 -0.267 -0.309 -0.433 -0.472 -0.394 -0.234 -0.010  0.193  0.369  0.311  0.409  0.676  0.756  0.719  0.877  1.000  0.847  0.737  0.770  0.834  0.770  0.682  0.632  0.514  0.503  0.538  0.339  0.291  0.189  0.038  0.022  0.081  0.095  0.183  0.155  0.199  0.272  0.168 -0.024 -0.219 -0.362 -0.461 -0.334 -0.306 -0.454 -0.463 -0.503 -0.529 -0.454 -0.394 -0.167  0.012  0.231  0.371  0.327  0.276  0.156 -0.210 -0.502 -0.542 -0.501
 -0.354 -0.294 -0.233 -0.112  0.129  0.140  0.119 -0.014 -0.003  0.023  0.183  0.177  0.190  0.018 -0.007 -0.194 -0.251 -0.357 -0.412 -0.364 -0.247 -0.087  0.059  0.245  0.236  0.316  0.495  0.642  0.756  0.776  0.847  1.000  0.875  0.739  0.761  0.571  0.407  0.364  0.237  0.247  0.314  0.127  0.103  0.033 -0.071 -0.037 -0.002  0.003  0.049  0.012  0.063  0.149  0.071 -0.112 -0.263 -0.365 -0.425 -0.337 -0.321 -0.418 -0.427 -0.432 -0.420 -0.359 -0.352 -0.176 -0.053  0.090  0.195  0.117  0.095  0.020 -0.159 -0.305 -0.304 -0.265
 -0.284 -0.200 -0.138 -0.016  0.174  0.189  0.101 -0.039 -0.025  0.034  0.209  0.228  0.224  0.081  0.037 -0.146 -0.233 -0.341 -0.399 -0.371 -0.283 -0.157 -0.034  0.157  0.148  0.222  0.386  0.506  0.675  0.752  0.737  0.875  1.000  0.858  0.749  0.560  0.279  0.223  0.113  0.151  0.255  0.049  0.039  0.000 -0.079 -0.046 -0.019 -0.020 -0.006 -0.054 -0.011  0.080 -0.003 -0.181 -0.313 -0.389 -0.429 -0.361 -0.345 -0.414 -0.402 -0.376 -0.340 -0.251 -0.248 -0.090 -0.005  0.097  0.177  0.094  0.060 -0.009 -0.143 -0.261 -0.236 -0.203
 -0.327 -0.229 -0.165 -0.020  0.200  0.242  0.147  0.000  0.009  0.058  0.255  0.249  0.231  0.081  0.018 -0.182 -0.270 -0.392 -0.433 -0.403 -0.311 -0.166 -0.014  0.159  0.117  0.182  0.411  0.482  0.550  0.740  0.770  0.739  0.858  1.000  0.900  0.783  0.501  0.401  0.315  0.342  0.412  0.187  0.146  0.087 -0.022 -0.020  0.022  0.024  0.058  0.008  0.035  0.101 -0.000 -0.170 -0.315 -0.395 -0.446 -0.363 -0.334 -0.422 -0.410 -0.398 -0.384 -0.282 -0.247 -0.069  0.037  0.187  0.294  0.261  0.216  0.118 -0.152 -0.383 -0.389 -0.360
 -0.408 -0.327 -0.261 -0.098  0.180  0.228  0.181  0.031  0.033  0.052  0.242  0.218  0.211  0.026 -0.029 -0.238 -0.305 -0.426 -0.460 -0.409 -0.284 -0.099  0.069  0.235  0.181  0.240  0.491  0.570  0.559  0.731  0.834  0.761  0.749  0.900  1.000  0.893  0.681  0.554  0.461  0.496  0.523  0.307  0.241  0.152  0.011 -0.000  0.050  0.059  0.126  0.083  0.119  0.176  0.069 -0.101 -0.268 -0.376 -0.453 -0.346 -0.315 -0.439 -0.437 -0.456 -0.472 -0.391 -0.333 -0.132  0.021  0.223  0.372  0.356  0.322  0.204 -0.147 -0.460 -0.498 -0.469
 -0.446 -0.367 -0.305 -0.140  0.164  0.233  0.204  0.050  0.039  0.038  0.203  0.161  0.148 -0.036 -0.081 -0.288 -0.331 -0.437 -0.443 -0.379 -0.245 -0.028  0.150  0.269  0.201  0.258  0.508  0.537  0.444  0.661  0.770  0.571  0.560  0.783  0.893  1.000  0.830  0.669  0.582  0.627  0.619  0.432  0.351  0.251  0.095  0.044  0.104  0.122  0.212  0.182  0.206  0.232  0.130 -0.010 -0.188 -0.302 -0.399 -0.277 -0.243 -0.384 -0.388 -0.438 -0.491 -0.420 -0.317 -0.116  0.057  0.293  0.443  0.472  0.419  0.292 -0.141 -0.524 -0.591 -0.567
 -0.461 -0.409 -0.348 -0.200  0.114  0.183  0.211  0.069  0.059  0.044  0.167  0.094  0.089 -0.100 -0.122 -0.304 -0.313 -0.406 -0.395 -0.316 -0.168  0.061  0.265  0.315  0.230  0.322  0.554  0.530  0.350  0.535  0.682  0.407  0.279  0.501  0.681  0.830  1.000  0.872  0.748  0.717  0.628  0.530  0.432  0.302  0.132  0.066  0.132  0.148  0.278  0.276  0.299  0.287  0.192  0.086 -0.095 -0.219 -0.332 -0.202 -0.159 -0.311 -0.325 -0.415 -0.500 -0.457 -0.346 -0.143  0.040  0.289  0.438  0.486  0.439  0.326 -0.138 -0.540 -0.628 -0.601
 -0.485 -0.435 -0.371 -0.215  0.107  0.178  0.248  0.095  0.089  0.055  0.171  0.080  0.080 -0.121 -0.130 -0.310 -0.317 -0.408 -0.394 -0.302 -0.146  0.102  0.343  0.380  0.269  0.391  0.629  0.553  0.350  0.510  0.632  0.364  0.223  0.401  0.554  0.669  0.872  1.000  0.854  0.687  0.651  0.594  0.506  0.365  0.195  0.105  0.175  0.199  0.335  0.349  0.364  0.351  0.242  0.137 -0.060 -0.195 -0.308 -0.169 -0.123 -0.290 -0.316 -0.422 -0.515 -0.469 -0.355 -0.136  0.055  0.312  0.439  0.471  0.406  0.275 -0.199 -0.572 -0.649 -0.614
 -0.430 -0.384 -0.339 -0.194  0.097  0.169  0.263  0.116  0.103  0.055  0.151  0.057  0.060 -0.114 -0.121 -0.275 -0.283 -0.349 -0.326 -0.245 -0.122  0.090  0.288  0.287  0.199  0.307  0.508  0.430  0.218  0.387  0.514  0.237  0.113  0.315  0.461  0.582  0.748  0.854  1.000  0.797  0.699  0.678  0.546  0.383  0.190  0.074  0.156  0.178  0.318  0.333  0.329  0.284  0.198  0.136 -0.036 -0.144 -0.238 -0.112 -0.064 -0.220 -0.254 -0.365 -0.455 -0.417 -0.307 -0.116  0.054  0.311  0.453  0.535  0.501  0.374 -0.143 -0.535 -0.647 -0.632
 -0.495 -0.436 -0.382 -0.192  0.151  0.251  0.273  0.106  0.099  0.072  0.173  0.091  0.059 -0.149 -0.175 -0.351 -0.344 -0.409 -0.365 -0.288 -0.150  0.103  0.280  0.299  0.224  0.279  0.457  0.414  0.231  0.403  0.503  0.247  0.151  0.342  0.496  0.627  0.717  0.687  0.797  1.000  0.844  0.758  0.603  0.444  0.221  0.078  0.171  0.213  0.370  0.371  0.357  0.307  0.221  0.158 -0.028 -0.147 -0.259 -0.113 -0.062 -0.230 -0.253 -0.384 -0.497 -0.449 -0.296 -0.096  0.117  0.405  0.600  0.701  0.709  0.586 -0.111 -0.591 -0.709 -0.699
 -0.553 -0.477 -0.388 -0.159  0.226  0.337  0.340  0.122  0.112  0.075  0.206  0.142  0.106 -0.145 -0.174 -0.383 -0.390 -0.473 -0.423 -0.334 -0.172  0.120  0.337  0.396  0.290  0.336  0.553  0.496  0.322  0.493  0.538  0.314  0.255  0.412  0.523  0.619  0.628  0.651  0.699  0.844  1.000  0.779  0.676  0.541  0.304  0.130  0.229  0.293  0.450  0.447  0.435  0.400  0.280  0.186 -0.032 -0.172 -0.303 -0.128 -0.068 -0.270 -0.287 -0.423 -0.538 -0.469 -0.296 -0.052  0.213  0.526  0.715  0.752  0.688  0.498 -0.231 -0.670 -0.762 -0.743
 -0.484 -0.415 -0.352 -0.132  0.210  0.305  0.349  0.132  0.133  0.074  0.174  0.117  0.082 -0.146 -0.176 -0.350 -0.359 -0.417 -0.353 -0.286 -0.171  0.081  0.277  0.230  0.151  0.271  0.391  0.294  0.146  0.287  0.339  0.127  0.049  0.187  0.307  0.432  0.530  0.594  0.678  0.758  0.779  1.000  0.825  0.612  0.348  0.108  0.204  0.271  0.448  0.458  0.387  0.276  0.180  0.167 -0.022 -0.120 -0.215 -0.066  0.006 -0.150 -0.173 -0.323 -0.432 -0.372 -0.206  0.002  0.228  0.526  0.687  0.784  0.661  0.532 -0.151 -0.578 -0.683 -0.676
 -0.514 -0.443 -0.343 -0.117  0.244  0.337  0.361  0.139  0.130  0.056  0.153  0.121  0.083 -0.163 -0.205 -0.386 -0.399 -0.452 -0.374 -0.294 -0.176  0.122  0.361  0.317  0.186  0.316  0.440  0.303  0.152  0.275  0.291  0.103  0.039  0.146  0.241  0.351  0.432  0.506  0.546  0.603  0.676  0.825  1.000  0.822  0.545  0.236  0.332  0.405  0.597  0.596  0.501  0.395  0.266  0.231  0.019 -0.095 -0.213 -0.036  0.049 -0.141 -0.151 -0.304 -0.417 -0.353 -0.173  0.057  0.333  0.647  0.707  0.690  0.537  0.377 -0.244 -0.617 -0.691 -0.666
 -0.476 -0.410 -0.280 -0.062  0.249  0.343  0.332  0.129  0.129  0.035  0.093  0.087  0.032 -0.195 -0.247 -0.418 -0.414 -0.433 -0.331 -0.271 -0.190  0.093  0.310  0.273  0.108  0.215  0.344  0.194  0.054  0.186  0.189  0.033  0.000  0.087  0.152  0.251  0.302  0.365  0.383  0.444  0.541  0.612  0.822  1.000  0.799  0.447  0.531  0.595  0.659  0.583  0.486  0.385  0.272  0.247  0.040 -0.046 -0.148  0.020  0.107 -0.063 -0.056 -0.194 -0.307 -0.243 -0.040  0.171  0.449  0.715  0.634  0.572  0.412  0.245 -0.289 -0.577 -0.637 -0.612
 -0.349 -0.302 -0.190 -0.043  0.159  0.232  0.202  0.067  0.066 -0.026 -0.008  0.012 -0.030 -0.194 -0.237 -0.365 -0.356 -0.341 -0.215 -0.190 -0.163  0.063  0.250  0.202  0.028  0.118  0.224  0.064 -0.053  0.051  0.038 -0.071 -0.079 -0.022  0.011  0.095  0.132  0.195  0.190  0.221  0.304  0.348  0.545  0.799  1.000  0.686  0.588  0.613  0.538  0.506  0.419  0.326  0.220  0.221  0.069  0.029 -0.052  0.071  0.159  0.038  0.070 -0.020 -0.146 -0.105  0.099  0.248  0.424  0.556  0.415  0.330  0.204  0.081 -0.261 -0.416 -0.452 -0.432
 -0.235 -0.204 -0.119 -0.032  0.079  0.122  0.099  0.039  0.038 -0.034 -0.035 -0.023 -0.042 -0.142 -0.157 -0.251 -0.243 -0.228 -0.152 -0.127 -0.118  0.017  0.142  0.135 -0.010  0.034  0.143  0.036 -0.042  0.027  0.022 -0.037 -0.046 -0.020 -0.000  0.044  0.066  0.105  0.074  0.078  0.130  0.108  0.236  0.447  0.686  1.000  0.701  0.512  0.327  0.281  0.254  0.226  0.160  0.132  0.034 -0.001 -0.051  0.028  0.075  0.010  0.037 -0.005 -0.103 -0.089  0.020  0.112  0.251  0.328  0.195  0.101  0.039 -0.044 -0.198 -0.261 -0.269 -0.259
 -0.313 -0.280 -0.186 -0.076  0.096  0.145  0.135  0.063  0.079  0.005  0.000 -0.001 -0.041 -0.160 -0.179 -0.294 -0.288 -0.278 -0.193 -0.152 -0.120  0.057  0.212  0.196  0.028  0.086  0.207  0.085 -0.011  0.085  0.081 -0.002 -0.019  0.022  0.050  0.104  0.132  0.175  0.156  0.171  0.229  0.204  0.332  0.531  0.588  0.701  1.000  0.752  0.537  0.370  0.312  0.288  0.220  0.187  0.051 -0.005 -0.067  0.043  0.098 -0.002 -0.005 -0.080 -0.180 -0.154 -0.031  0.075  0.231  0.368  0.270  0.195  0.120  0.012 -0.259 -0.359 -0.379 -0.369
 -0.358 -0.331 -0.220 -0.103  0.103  0.151  0.122  0.017  0.067  0.039  0.020  0.009 -0.033 -0.181 -0.200 -0.322 -0.308 -0.317 -0.233 -0.180 -0.117  0.111  0.307  0.276  0.090  0.143  0.259  0.132  0.016  0.102  0.095  0.003 -0.020  0.024  0.059  0.122  0.148  0.199  0.178  0.213  0.293  0.271  0.405  0.595  0.613  0.512  0.752  1.000  0.771  0.565  0.438  0.388  0.269  0.241  0.073 -0.002 -0.085  0.055  0.128 -0.013 -0.022 -0.118 -0.222 -0.199 -0.060  0.078  0.253  0.370  0.317  0.269  0.188  0.076 -0.283 -0.400 -0.443 -0.427
 -0.472 -0.448 -0.327 -0.179  0.118  0.185  0.172  0.038  0.093  0.082  0.068  0.013 -0.036 -0.238 -0.265 -0.390 -0.360 -0.374 -0.260 -0.178 -0.078  0.223  0.461  0.415  0.210  0.257  0.386  0.257  0.089  0.170  0.183  0.049 -0.006  0.058  0.126  0.212  0.278  0.335  0.318  0.370  0.450  0.448  0.597  0.659  0.538  0.327  0.537  0.771  1.000  0.803  0.639  0.539  0.385  0.373  0.167  0.057 -0.065  0.124  0.208 -0.001 -0.034 -0.200 -0.345 -0.329 -0.147  0.033  0.267  0.441  0.448  0.419  0.326  0.195 -0.316 -0.537 -0.599 -0.569
 -0.474 -0.470 -0.362 -0.253  0.041  0.105  0.103 -0.008  0.036  0.036  0.005 -0.067 -0.110 -0.305 -0.312 -0.411 -0.356 -0.352 -0.214 -0.105  0.013  0.364  0.590  0.516  0.313  0.315  0.417  0.289  0.093  0.141  0.155  0.012 -0.054  0.008  0.083  0.182  0.276  0.349  0.333  0.371  0.447  0.458  0.596  0.583  0.506  0.281  0.370  0.565  0.803  1.000  0.853  0.692  0.514  0.526  0.300  0.163  0.014  0.224  0.298  0.061  0.020 -0.173 -0.358 -0.364 -0.169 -0.008  0.223  0.360  0.411  0.398  0.323  0.186 -0.307 -0.519 -0.588 -0.549
 -0.487 -0.533 -0.421 -0.341 -0.027  0.043  0.057 -0.028  0.017  0.027 -0.042 -0.148 -0.176 -0.378 -0.350 -0.428 -0.320 -0.301 -0.161 -0.015  0.134  0.512  0.688  0.642  0.447  0.365  0.459  0.377  0.163  0.173  0.199  0.063 -0.011  0.035  0.119  0.206  0.299  0.364  0.329  0.357  0.435  0.387  0.501  0.486  0.419  0.254  0.312  0.438  0.639  0.853  1.000  0.863  0.722  0.694  0.441  0.242  0.076  0.306  0.320  0.052 -0.008 -0.215 -0.416 -0.456 -0.244 -0.094  0.153  0.289  0.366  0.343  0.293  0.137 -0.313 -0.516 -0.584 -0.544
 -0.458 -0.520 -0.430 -0.371 -0.050  0.012  0.038 -0.040  0.001  0.017 -0.043 -0.144 -0.142 -0.336 -0.281 -0.356 -0.227 -0.231 -0.148  0.034  0.246  0.630  0.787  0.792  0.601  0.483  0.574  0.497  0.278  0.263  0.272  0.149  0.080  0.101  0.176  0.232  0.287  0.351  0.284  0.307  0.400  0.276  0.395  0.385  0.326  0.226  0.288  0.388  0.539  0.692  0.863  1.000  0.847  0.708  0.460  0.207  0.012  0.223  0.178 -0.085 -0.133 -0.302 -0.460 -0.500 -0.337 -0.182  0.066  0.212  0.306  0.252  0.213  0.063 -0.316 -0.502 -0.560 -0.514
 -0.382 -0.499 -0.430 -0.435 -0.170 -0.109 -0.035 -0.053 -0.031 -0.024 -0.150 -0.282 -0.281 -0.436 -0.333 -0.347 -0.151 -0.082  0.033  0.232  0.401  0.710  0.702  0.711  0.576  0.387  0.418  0.390  0.189  0.142  0.168  0.071 -0.003 -0.000  0.069  0.130  0.192  0.242  0.198  0.221  0.280  0.180  0.266  0.272  0.220  0.160  0.220  0.269  0.385  0.514  0.722  0.847  1.000  0.852  0.638  0.379  0.228  0.407  0.292  0.066 -0.022 -0.208 -0.379 -0.471 -0.308 -0.232 -0.013  0.092  0.179  0.147  0.138  0.012 -0.265 -0.375 -0.434 -0.396
 -0.299 -0.452 -0.400 -0.458 -0.266 -0.212 -0.110 -0.081 -0.070 -0.067 -0.247 -0.389 -0.405 -0.518 -0.411 -0.347 -0.115  0.028  0.208  0.402  0.502  0.751  0.654  0.554  0.445  0.254  0.218  0.189 -0.003 -0.058 -0.024 -0.112 -0.181 -0.170 -0.101 -0.010  0.086  0.137  0.136  0.158  0.186  0.167  0.231  0.247  0.221  0.132  0.187  0.241  0.373  0.526  0.694  0.708  0.852  1.000  0.840  0.607  0.475  0.641  0.510  0.303  0.187 -0.038 -0.242 -0.373 -0.197 -0.202 -0.027  0.030  0.095  0.104  0.116  0.021 -0.227 -0.277 -0.345 -0.321
 -0.072 -0.260 -0.270 -0.415 -0.369 -0.351 -0.233 -0.128 -0.133 -0.119 -0.338 -0.460 -0.461 -0.481 -0.357 -0.187  0.078  0.277  0.469  0.632  0.652  0.703  0.487  0.361  0.317  0.081 -0.008 -0.010 -0.177 -0.259 -0.219 -0.263 -0.313 -0.315 -0.268 -0.188 -0.095 -0.060 -0.036 -0.028 -0.032 -0.022  0.019  0.040  0.069  0.034  0.051  0.073  0.167  0.300  0.441  0.460  0.638  0.840  1.000  0.820  0.692  0.755  0.584  0.465  0.346  0.129 -0.039 -0.206 -0.088 -0.204 -0.126 -0.153 -0.116 -0.078 -0.027 -0.055 -0.132 -0.059 -0.112 -0.100
  0.082 -0.073 -0.119 -0.289 -0.374 -0.357 -0.268 -0.131 -0.164 -0.173 -0.374 -0.437 -0.443 -0.394 -0.297 -0.101  0.131  0.349  0.589  0.617  0.526  0.469  0.267  0.104  0.090 -0.082 -0.200 -0.210 -0.317 -0.392 -0.362 -0.365 -0.389 -0.395 -0.376 -0.302 -0.219 -0.195 -0.144 -0.147 -0.172 -0.120 -0.095 -0.046  0.029 -0.001 -0.005 -0.002  0.057  0.163  0.242  0.207  0.379  0.607  0.820  1.000  0.831  0.770  0.696  0.659  0.597  0.354  0.177  0.001  0.104 -0.092 -0.121 -0.201 -0.217 -0.159 -0.105 -0.078 -0.062  0.077  0.037  0.034
  0.199  0.032 -0.027 -0.256 -0.429 -0.443 -0.342 -0.143 -0.165 -0.152 -0.414 -0.493 -0.504 -0.394 -0.297 -0.056  0.154  0.434  0.670  0.684  0.471  0.328  0.075 -0.085 -0.062 -0.224 -0.371 -0.355 -0.415 -0.494 -0.461 -0.425 -0.429 -0.446 -0.453 -0.399 -0.332 -0.308 -0.238 -0.259 -0.303 -0.215 -0.213 -0.148 -0.052 -0.051 -0.067 -0.085 -0.065  0.014  0.076  0.012  0.228  0.475  0.692  0.831  1.000  0.875  0.731  0.778  0.614  0.419  0.299  0.128  0.176 -0.067 -0.146 -0.292 -0.329 -0.260 -0.189 -0.133  0.017  0.231  0.210  0.193
  0.004 -0.159 -0.139 -0.317 -0.379 -0.365 -0.275 -0.137 -0.129 -0.109 -0.373 -0.487 -0.516 -0.492 -0.405 -0.227 -0.014  0.251  0.505  0.568  0.402  0.399  0.212  0.070  0.033 -0.122 -0.213 -0.216 -0.318 -0.373 -0.334 -0.337 -0.361 -0.363 -0.346 -0.277 -0.202 -0.169 -0.112 -0.113 -0.128 -0.066 -0.036  0.020  0.071  0.028  0.043  0.055  0.124  0.224  0.306  0.223  0.407  0.641  0.755  0.770  0.875  1.000  0.855  0.754  0.545  0.308  0.154 -0.005  0.100 -0.064 -0.056 -0.156 -0.172 -0.118 -0.068 -0.072 -0.094  0.047  0.018  0.013
 -0.043 -0.140 -0.097 -0.227 -0.291 -0.257 -0.197 -0.094 -0.103 -0.129 -0.317 -0.388 -0.434 -0.432 -0.386 -0.273 -0.116  0.121  0.376  0.401  0.224  0.244  0.158  0.013 -0.059 -0.141 -0.192 -0.229 -0.319 -0.340 -0.306 -0.321 -0.345 -0.334 -0.315 -0.243 -0.159 -0.123 -0.064 -0.062 -0.068  0.006  0.049  0.107  0.159  0.075  0.098  0.128  0.208  0.298  0.320  0.178  0.292  0.510  0.584  0.696  0.731  0.855  1.000  0.831  0.683  0.387  0.198  0.051  0.174  0.022  0.025 -0.050 -0.084 -0.031  0.001 -0.021 -0.113 -0.019 -0.049 -0.051
  0.158  0.063  0.046 -0.129 -0.318 -0.317 -0.261 -0.115 -0.126 -0.138 -0.343 -0.385 -0.420 -0.328 -0.285 -0.123 -0.003  0.245  0.472  0.449  0.211  0.113 -0.044 -0.211 -0.216 -0.275 -0.394 -0.417 -0.434 -0.472 -0.454 -0.418 -0.414 -0.422 -0.439 -0.384 -0.311 -0.290 -0.220 -0.230 -0.270 -0.150 -0.141 -0.063  0.038  0.010 -0.002 -0.013 -0.001  0.061  0.052 -0.085  0.066  0.303  0.465  0.659  0.778  0.754  0.831  1.000  0.820  0.539  0.389  0.236  0.297  0.066 -0.027 -0.175 -0.253 -0.195 -0.139 -0.091 -0.004  0.195  0.181  0.164
  0.219  0.171  0.123 -0.046 -0.266 -0.271 -0.236 -0.087 -0.148 -0.203 -0.351 -0.325 -0.350 -0.229 -0.200 -0.038  0.045  0.225  0.407  0.342  0.149  0.038 -0.087 -0.241 -0.245 -0.287 -0.394 -0.428 -0.435 -0.468 -0.463 -0.427 -0.402 -0.410 -0.437 -0.388 -0.325 -0.316 -0.254 -0.253 -0.287 -0.173 -0.151 -0.056  0.070  0.037 -0.005 -0.022 -0.034  0.020 -0.008 -0.133 -0.022  0.187  0.346  0.597  0.614  0.545  0.683  0.820  1.000  0.761  0.531  0.342  0.437  0.141  0.011 -0.129 -0.235 -0.187 -0.136 -0.078  0.025  0.206  0.191  0.172
  0.439  0.393  0.302  0.069 -0.262 -0.306 -0.284 -0.110 -0.176 -0.208 -0.339 -0.276 -0.280 -0.068 -0.036  0.166  0.180  0.299  0.380  0.257  0.078 -0.112 -0.249 -0.370 -0.333 -0.364 -0.477 -0.492 -0.453 -0.491 -0.503 -0.432 -0.376 -0.398 -0.456 -0.438 -0.415 -0.422 -0.365 -0.384 -0.423 -0.323 -0.304 -0.194 -0.020 -0.005 -0.080 -0.118 -0.200 -0.173 -0.215 -0.302 -0.208 -0.038  0.129  0.354  0.419  0.308  0.387  0.539  0.761  1.000  0.769  0.541  0.553  0.192 -0.042 -0.224 -0.351 -0.310 -0.241 -0.146  0.126  0.364  0.367  0.338
  0.652  0.602  0.510  0.256 -0.188 -0.279 -0.310 -0.158 -0.204 -0.184 -0.316 -0.196 -0.169  0.120  0.175  0.417  0.368  0.412  0.367  0.211  0.044 -0.233 -0.386 -0.473 -0.395 -0.419 -0.543 -0.536 -0.451 -0.501 -0.529 -0.420 -0.340 -0.384 -0.472 -0.491 -0.500 -0.515 -0.455 -0.497 -0.538 -0.432 -0.417 -0.307 -0.146 -0.103 -0.180 -0.222 -0.345 -0.358 -0.416 -0.460 -0.379 -0.242 -0.039  0.177  0.299  0.154  0.198  0.389  0.531  0.769  1.000  0.807  0.606  0.280 -0.044 -0.283 -0.431 -0.399 -0.340 -0.219  0.166  0.472  0.503  0.468
  0.571  0.640  0.617  0.481  0.028 -0.071 -0.216 -0.152 -0.178 -0.119 -0.162  0.003  0.016  0.293  0.284  0.396  0.261  0.252  0.205  0.036 -0.120 -0.371 -0.445 -0.507 -0.446 -0.408 -0.496 -0.515 -0.396 -0.402 -0.454 -0.359 -0.251 -0.282 -0.391 -0.420 -0.457 -0.469 -0.417 -0.449 -0.469 -0.372 -0.353 -0.243 -0.105 -0.089 -0.154 -0.199 -0.329 -0.364 -0.456 -0.500 -0.471 -0.373 -0.206  0.001  0.128 -0.005  0.051  0.236  0.342  0.541  0.807  1.000  0.766  0.497  0.128 -0.141 -0.324 -0.315 -0.291 -0.178  0.148  0.392  0.441  0.408
  0.305  0.391  0.465  0.435  0.116  0.056 -0.105 -0.100 -0.144 -0.114 -0.139  0.005 -0.029  0.148  0.101  0.107  0.036  0.071  0.144 -0.001 -0.153 -0.291 -0.326 -0.404 -0.397 -0.350 -0.405 -0.460 -0.376 -0.343 -0.394 -0.352 -0.248 -0.247 -0.333 -0.317 -0.346 -0.355 -0.307 -0.296 -0.296 -0.206 -0.173 -0.040  0.099  0.020 -0.031 -0.060 -0.147 -0.169 -0.244 -0.337 -0.308 -0.197 -0.088  0.104  0.176  0.100  0.174  0.297  0.437  0.553  0.606  0.766  1.000  0.683  0.338  0.067 -0.135 -0.139 -0.140 -0.086  0.073  0.204  0.232  0.204
  0.070  0.187  0.392  0.605  0.437  0.393  0.112 -0.082 -0.042  0.057  0.087  0.209  0.164  0.213  0.121 -0.000 -0.102 -0.154 -0.110 -0.216 -0.288 -0.309 -0.224 -0.252 -0.304 -0.204 -0.166 -0.257 -0.196 -0.113 -0.167 -0.176 -0.090 -0.069 -0.132 -0.116 -0.143 -0.136 -0.116 -0.096 -0.052  0.002  0.057  0.171  0.248  0.112  0.075  0.078  0.033 -0.008 -0.094 -0.182 -0.232 -0.202 -0.204 -0.092 -0.067 -0.064  0.022  0.066  0.141  0.192  0.280  0.497  0.683  1.000  0.707  0.340  0.112  0.058 -0.010 -0.021 -0.079 -0.077 -0.030 -0.034
 -0.195 -0.078  0.167  0.447  0.582  0.539  0.268  0.020  0.074  0.109  0.148  0.221  0.178  0.067  0.000 -0.183 -0.248 -0.304 -0.252 -0.276 -0.276 -0.161 -0.022 -0.018 -0.129 -0.049  0.056 -0.040 -0.060  0.046  0.012 -0.053 -0.005  0.037  0.021  0.057  0.040  0.055  0.054  0.117  0.213  0.228  0.333  0.449  0.424  0.251  0.231  0.253  0.267  0.223  0.153  0.066 -0.013 -0.027 -0.126 -0.121 -0.146 -0.056  0.025 -0.027  0.011 -0.042 -0.044  0.128  0.338  0.707  1.000  0.654  0.419  0.302  0.178  0.070 -0.203 -0.332 -0.316 -0.301
 -0.432 -0.287 -0.129  0.187  0.498  0.612  0.523  0.265  0.207  0.052  0.222  0.282  0.225 -0.006 -0.105 -0.333 -0.401 -0.483 -0.427 -0.411 -0.327 -0.090  0.128  0.151  0.020  0.127  0.286  0.168  0.094  0.250  0.231  0.090  0.097  0.187  0.223  0.293  0.289  0.312  0.311  0.405  0.526  0.526  0.647  0.715  0.556  0.328  0.368  0.370  0.441  0.360  0.289  0.212  0.092  0.030 -0.153 -0.201 -0.292 -0.156 -0.050 -0.175 -0.129 -0.224 -0.283 -0.141  0.067  0.340  0.654  1.000  0.786  0.605  0.409  0.212 -0.248 -0.571 -0.588 -0.565
 -0.514 -0.391 -0.279  0.016  0.427  0.540  0.455  0.197  0.140  0.055  0.243  0.254  0.208 -0.056 -0.131 -0.367 -0.411 -0.497 -0.449 -0.392 -0.268  0.009  0.233  0.274  0.160  0.224  0.404  0.326  0.206  0.361  0.371  0.195  0.177  0.294  0.372  0.443  0.438  0.439  0.453  0.600  0.715  0.687  0.707  0.634  0.415  0.195  0.270  0.317  0.448  0.411  0.366  0.306  0.179  0.095 -0.116 -0.217 -0.329 -0.172 -0.084 -0.253 -0.235 -0.351 -0.431 -0.324 -0.135  0.112  0.419  0.786  1.000  0.828  0.642  0.404 -0.198 -0.625 -0.681 -0.662
 -0.461 -0.361 -0.281 -0.036  0.315  0.429  0.334  0.119  0.097  0.057  0.196  0.199  0.150 -0.081 -0.146 -0.344 -0.371 -0.440 -0.381 -0.332 -0.221  0.026  0.213  0.210  0.132  0.187  0.330  0.260  0.118  0.290  0.327  0.117  0.094  0.261  0.356  0.472  0.486  0.471  0.535  0.701  0.752  0.784  0.690  0.572  0.330  0.101  0.195  0.269  0.419  0.398  0.343  0.252  0.147  0.104 -0.078 -0.159 -0.260 -0.118 -0.031 -0.195 -0.187 -0.310 -0.399 -0.315 -0.139  0.058  0.302  0.605  0.828  1.000  0.817  0.591 -0.099 -0.584 -0.675 -0.671
 -0.393 -0.330 -0.279 -0.104  0.181  0.283  0.188  0.063  0.020  0.029  0.134  0.097  0.042 -0.135 -0.180 -0.318 -0.318 -0.360 -0.302 -0.246 -0.161  0.036  0.176  0.175  0.115  0.134  0.260  0.213  0.078  0.222  0.276  0.095  0.060  0.216  0.322  0.419  0.439  0.406  0.501  0.709  0.688  0.661  0.537  0.412  0.204  0.039  0.120  0.188  0.326  0.323  0.293  0.213  0.138  0.116 -0.027 -0.105 -0.189 -0.068  0.001 -0.139 -0.136 -0.241 -0.340 -0.291 -0.140 -0.010  0.178  0.409  0.642  0.817  1.000  0.807  0.063 -0.460 -0.594 -0.605
 -0.245 -0.190 -0.184 -0.067  0.102  0.165  0.093 -0.017 -0.009  0.043  0.119  0.096  0.044 -0.063 -0.108 -0.192 -0.195 -0.233 -0.195 -0.175 -0.121 -0.017  0.068  0.043  0.036  0.073  0.122  0.091  0.015  0.121  0.156  0.020 -0.009  0.118  0.204  0.292  0.326  0.275  0.374  0.586  0.498  0.532  0.377  0.245  0.081 -0.044  0.012  0.076  0.195  0.186  0.137  0.063  0.012  0.021 -0.055 -0.078 -0.133 -0.072 -0.021 -0.091 -0.078 -0.146 -0.219 -0.178 -0.086 -0.021  0.070  0.212  0.404  0.591  0.807  1.000  0.190 -0.272 -0.430 -0.457
  0.229  0.226  0.118  0.022 -0.131 -0.152 -0.149 -0.004 -0.144 -0.163 -0.127 -0.066 -0.032  0.092  0.097  0.167  0.153  0.171  0.104  0.054 -0.011 -0.170 -0.272 -0.280 -0.171 -0.192 -0.288 -0.236 -0.176 -0.218 -0.210 -0.159 -0.143 -0.152 -0.147 -0.141 -0.138 -0.199 -0.143 -0.111 -0.231 -0.151 -0.244 -0.289 -0.261 -0.198 -0.259 -0.283 -0.316 -0.307 -0.313 -0.316 -0.265 -0.227 -0.132 -0.062  0.017 -0.094 -0.113 -0.004  0.025  0.126  0.166  0.148  0.073 -0.079 -0.203 -0.248 -0.198 -0.099  0.063  0.190  1.000  0.474  0.243  0.123
  0.511  0.419  0.287  0.033 -0.342 -0.429 -0.411 -0.182 -0.232 -0.211 -0.332 -0.253 -0.205  0.061  0.096  0.322  0.331  0.432  0.375  0.282  0.114 -0.197 -0.428 -0.480 -0.328 -0.370 -0.573 -0.482 -0.318 -0.467 -0.502 -0.305 -0.261 -0.383 -0.460 -0.524 -0.540 -0.572 -0.535 -0.591 -0.670 -0.578 -0.617 -0.577 -0.416 -0.261 -0.359 -0.400 -0.537 -0.519 -0.516 -0.502 -0.375 -0.277 -0.059  0.077  0.231  0.047 -0.019  0.195  0.206  0.364  0.472  0.392  0.204 -0.077 -0.332 -0.571 -0.625 -0.584 -0.460 -0.272  0.474  1.000  0.813  0.663
  0.544  0.470  0.339  0.100 -0.318 -0.409 -0.423 -0.220 -0.246 -0.183 -0.290 -0.211 -0.170  0.103  0.130  0.357  0.338  0.426  0.361  0.259  0.073 -0.258 -0.493 -0.526 -0.369 -0.408 -0.619 -0.530 -0.321 -0.485 -0.542 -0.304 -0.236 -0.389 -0.498 -0.591 -0.628 -0.649 -0.647 -0.709 -0.762 -0.683 -0.691 -0.637 -0.452 -0.269 -0.379 -0.443 -0.599 -0.588 -0.584 -0.560 -0.434 -0.345 -0.112  0.037  0.210  0.018 -0.049  0.181  0.191  0.367  0.503  0.441  0.232 -0.030 -0.316 -0.588 -0.681 -0.675 -0.594 -0.430  0.243  0.813  1.000  0.911
