  1.000  0.807  0.637  0.298 -0.203 -0.315 -0.347 -0.186 -0.164  0.007 -0.040 -0.048  0.017  0.313  0.441  0.735  0.733  0.715  0.539  0.193  0.103 -0.259 -0.349 -0.439 -0.350 -0.277 -0.466 -0.495 -0.506 -0.522 -0.521 -0.447 -0.442 -0.381 -0.396 -0.347 -0.303 -0.351 -0.163 -0.198 -0.409 -0.236 -0.332 -0.327 -0.200 -0.137 -0.363 -0.415 -0.504 -0.464 -0.490 -0.417 -0.431 -0.361 -0.149  0.042  0.152 -0.109 -0.131  0.089  0.196  0.313  0.615  0.620  0.433  0.110 -0.074 -0.384 -0.378 -0.332 -0.186  0.060  0.164  0.372  0.403  0.392
  0.807  1.000  0.757  0.455 -0.080 -0.215 -0.307 -0.204 -0.247 -0.021  0.041  0.112  0.211  0.494  0.524  0.646  0.564  0.507  0.302  0.049 -0.076 -0.353 -0.360 -0.420 -0.299 -0.268 -0.419 -0.475 -0.445 -0.434 -0.487 -0.503 -0.456 -0.361 -0.380 -0.256 -0.233 -0.257 -0.086 -0.160 -0.353 -0.228 -0.320 -0.278 -0.248 -0.212 -0.393 -0.485 -0.526 -0.474 -0.502 -0.439 -0.482 -0.446 -0.249 -0.095  0.049 -0.212 -0.235  0.062  0.160  0.323  0.562  0.629  0.407  0.207  0.050 -0.270 -0.371 -0.316 -0.149  0.056  0.177  0.375  0.402  0.404
  0.637  0.757  1.000  0.602  0.131 -0.107 -0.281 -0.240 -0.245 -0.073  0.012  0.256  0.398  0.667  0.681  0.524  0.395  0.236  0.210 -0.046 -0.123 -0.378 -0.328 -0.321 -0.279 -0.163 -0.195 -0.300 -0.269 -0.253 -0.338 -0.357 -0.320 -0.248 -0.283 -0.193 -0.179 -0.202 -0.079 -0.247 -0.357 -0.305 -0.277 -0.185 -0.032 -0.010 -0.301 -0.321 -0.381 -0.308 -0.313 -0.319 -0.385 -0.400 -0.274 -0.116 -0.114 -0.304 -0.201 -0.030  0.115  0.318  0.579  0.652  0.504  0.405  0.246 -0.123 -0.330 -0.369 -0.243 -0.104  0.167  0.254  0.268  0.271
  0.298  0.455  0.602  1.000  0.673  0.445  0.174 -0.097  0.039  0.138  0.277  0.593  0.525  0.599  0.602  0.308  0.076 -0.086 -0.047 -0.285 -0.332 -0.475 -0.433 -0.338 -0.237 -0.165 -0.231 -0.200 -0.118 -0.183 -0.335 -0.292 -0.345 -0.347 -0.340 -0.326 -0.284 -0.188 -0.063 -0.123 -0.153 -0.111 -0.065  0.022  0.050  0.020 -0.136 -0.154 -0.243 -0.400 -0.423 -0.449 -0.399 -0.447 -0.390 -0.269 -0.303 -0.478 -0.414 -0.187 -0.150 -0.047  0.215  0.333  0.310  0.669  0.510  0.306 -0.042 -0.106 -0.170 -0.068  0.234  0.251  0.155  0.115
 -0.203 -0.080  0.131  0.673  1.000  0.831  0.494  0.131  0.225  0.247  0.402  0.680  0.618  0.430  0.382 -0.079 -0.250 -0.416 -0.305 -0.358 -0.316 -0.228 -0.119  0.031 -0.032 -0.056  0.033  0.071  0.170  0.138 -0.019  0.025 -0.039 -0.111 -0.081 -0.121 -0.149  0.040  0.132  0.109  0.174  0.199  0.150  0.172  0.073  0.075  0.118  0.154  0.132 -0.043 -0.059 -0.101 -0.089 -0.191 -0.224 -0.193 -0.421 -0.380 -0.245 -0.228 -0.304 -0.431 -0.299 -0.193 -0.062  0.440  0.554  0.572  0.346  0.250  0.089 -0.030  0.131 -0.150 -0.243 -0.292
 -0.315 -0.215 -0.107  0.445  0.831  1.000  0.712  0.347  0.421  0.286  0.527  0.687  0.520  0.289  0.194 -0.141 -0.324 -0.430 -0.416 -0.423 -0.324 -0.172 -0.010  0.126  0.083  0.022  0.110  0.123  0.112  0.149  0.045 -0.012 -0.041 -0.059 -0.055 -0.089 -0.064  0.088  0.186  0.211  0.338  0.316  0.355  0.373  0.184  0.148  0.260  0.278  0.276  0.062  0.038  0.032 -0.019 -0.153 -0.257 -0.228 -0.470 -0.398 -0.205 -0.249 -0.321 -0.467 -0.405 -0.277 -0.114  0.350  0.485  0.689  0.443  0.375  0.198  0.079  0.030 -0.308 -0.367 -0.465
 -0.347 -0.307 -0.281  0.174  0.494  0.712  1.000  0.703  0.550  0.032  0.276  0.475  0.334  0.100  0.031 -0.185 -0.305 -0.308 -0.397 -0.378 -0.259 -0.120  0.017  0.189  0.067  0.029  0.144  0.150  0.107  0.209  0.170  0.093  0.055 -0.022  0.000 -0.084 -0.050  0.145  0.288  0.302  0.417  0.414  0.480  0.514  0.319  0.180  0.340  0.365  0.337  0.151  0.149  0.144  0.064 -0.054 -0.187 -0.219 -0.391 -0.307 -0.112 -0.251 -0.247 -0.388 -0.445 -0.421 -0.248  0.074  0.279  0.691  0.440  0.411  0.174 -0.068 -0.108 -0.368 -0.420 -0.498
 -0.186 -0.204 -0.240 -0.097  0.131  0.347  0.703  1.000  0.620  0.010  0.175  0.165  0.149 -0.016 -0.091 -0.149 -0.163 -0.102 -0.242 -0.172 -0.111 -0.141 -0.087  0.012 -0.137 -0.204 -0.084 -0.155 -0.160 -0.067  0.023 -0.015  0.018  0.063  0.026 -0.060 -0.026  0.081  0.203  0.221  0.243  0.242  0.266  0.250  0.080  0.054  0.142  0.162  0.212  0.082  0.112  0.073 -0.031 -0.079 -0.169 -0.141 -0.154 -0.157  0.041 -0.130 -0.181 -0.297 -0.346 -0.415 -0.218 -0.182  0.050  0.433  0.374  0.375  0.241 -0.036 -0.119 -0.216 -0.239 -0.325
 -0.164 -0.247 -0.245  0.039  0.225  0.421  0.550  0.620  1.000  0.581  0.404  0.251  0.085  0.052 -0.005 -0.079 -0.103 -0.094 -0.254 -0.230 -0.126 -0.165 -0.154 -0.077 -0.013 -0.050 -0.021  0.012 -0.019  0.010  0.052  0.014 -0.003 -0.042 -0.091 -0.138 -0.041 -0.036  0.104  0.142  0.109  0.210  0.146  0.143  0.019  0.110  0.072  0.127  0.153  0.060  0.032 -0.012 -0.076 -0.164 -0.251 -0.213 -0.207 -0.242 -0.105 -0.240 -0.170 -0.267 -0.272 -0.277 -0.322 -0.070  0.013  0.191  0.157  0.284  0.049 -0.050 -0.231 -0.154 -0.166 -0.333
  0.007 -0.021 -0.073  0.138  0.247  0.286  0.032  0.010  0.581  1.000  0.658  0.286  0.084  0.111  0.091  0.043  0.040 -0.024 -0.119 -0.186 -0.150 -0.193 -0.214 -0.237  0.024  0.027 -0.035  0.065  0.079  0.029 -0.012  0.030 -0.016 -0.061 -0.090 -0.149 -0.085 -0.184 -0.054  0.022 -0.092 -0.030 -0.162 -0.210 -0.281 -0.131 -0.244 -0.129 -0.100 -0.194 -0.304 -0.276 -0.251 -0.316 -0.233 -0.200 -0.167 -0.209 -0.205 -0.188 -0.116 -0.127 -0.121 -0.028 -0.198  0.124 -0.004 -0.166 -0.111  0.060  0.034  0.146 -0.035  0.027  0.022 -0.061
 -0.040  0.041  0.012  0.277  0.402  0.527  0.276  0.175  0.404  0.658  1.000  0.677  0.474  0.338  0.197  0.089  0.035 -0.121 -0.200 -0.362 -0.293 -0.305 -0.243 -0.217 -0.161 -0.053 -0.063 -0.063  0.007  0.076 -0.036 -0.074 -0.062 -0.039 -0.093 -0.183 -0.160 -0.130 -0.025  0.081  0.092  0.037 -0.026 -0.029 -0.155 -0.115 -0.116 -0.135 -0.076 -0.195 -0.266 -0.204 -0.245 -0.333 -0.290 -0.186 -0.309 -0.360 -0.267 -0.294 -0.224 -0.197 -0.200 -0.056 -0.130  0.219  0.155  0.086  0.005  0.094  0.190  0.289  0.057 -0.058 -0.080 -0.153
 -0.048  0.112  0.256  0.593  0.680  0.687  0.475  0.165  0.251  0.286  0.677  1.000  0.764  0.655  0.533  0.139 -0.053 -0.278 -0.258 -0.484 -0.435 -0.384 -0.211 -0.051 -0.059  0.021  0.074  0.081  0.138  0.190 -0.001 -0.075 -0.114 -0.168 -0.174 -0.167 -0.169 -0.125 -0.034  0.030  0.102  0.025  0.036  0.116  0.078  0.010 -0.032 -0.062 -0.063 -0.194 -0.288 -0.224 -0.350 -0.458 -0.466 -0.380 -0.565 -0.633 -0.438 -0.465 -0.350 -0.280 -0.098  0.078  0.074  0.449  0.432  0.400  0.123  0.085  0.041  0.095  0.109 -0.072 -0.071 -0.144
  0.017  0.211  0.398  0.525  0.618  0.520  0.334  0.149  0.085  0.084  0.474  0.764  1.000  0.815  0.666  0.266  0.066 -0.177 -0.232 -0.352 -0.283 -0.287 -0.104  0.034  0.002  0.140  0.193  0.070  0.177  0.263  0.012 -0.011 -0.039 -0.109 -0.123 -0.106 -0.151 -0.016  0.056 -0.079 -0.044 -0.024 -0.053  0.001 -0.028 -0.076 -0.039 -0.100 -0.089 -0.221 -0.216 -0.093 -0.236 -0.397 -0.434 -0.353 -0.567 -0.634 -0.495 -0.503 -0.418 -0.343 -0.157  0.036 -0.017  0.311  0.366  0.355  0.011 -0.007  0.060  0.062  0.172 -0.074 -0.073 -0.106
  0.313  0.494  0.667  0.599  0.430  0.289  0.100 -0.016  0.052  0.111  0.338  0.655  0.815  1.000  0.875  0.517  0.282  0.050 -0.059 -0.237 -0.193 -0.305 -0.179 -0.139 -0.120  0.042  0.056 -0.063 -0.043  0.087 -0.083 -0.178 -0.184 -0.214 -0.231 -0.120 -0.137 -0.118  0.031 -0.121 -0.209 -0.143 -0.172 -0.148 -0.135 -0.129 -0.259 -0.316 -0.343 -0.378 -0.371 -0.272 -0.430 -0.533 -0.462 -0.327 -0.439 -0.600 -0.501 -0.455 -0.341 -0.153  0.109  0.332  0.145  0.254  0.246  0.102 -0.183 -0.171 -0.132 -0.082  0.192  0.107  0.130  0.082
  0.441  0.524  0.681  0.602  0.382  0.194  0.031 -0.091 -0.005  0.091  0.197  0.533  0.666  0.875  1.000  0.664  0.459  0.253  0.118 -0.106 -0.063 -0.175 -0.130 -0.104 -0.042  0.054  0.001 -0.105 -0.122 -0.084 -0.190 -0.226 -0.288 -0.308 -0.308 -0.205 -0.207 -0.202 -0.016 -0.183 -0.315 -0.234 -0.235 -0.204 -0.122 -0.137 -0.305 -0.298 -0.349 -0.344 -0.361 -0.216 -0.314 -0.409 -0.271 -0.188 -0.268 -0.430 -0.414 -0.371 -0.245 -0.044  0.190  0.358  0.169  0.269  0.207  0.006 -0.258 -0.238 -0.212 -0.069  0.209  0.138  0.159  0.089
  0.735  0.646  0.524  0.308 -0.079 -0.141 -0.185 -0.149 -0.079  0.043  0.089  0.139  0.266  0.517  0.664  1.000  0.743  0.635  0.448  0.164  0.193 -0.055 -0.130 -0.189 -0.126 -0.022 -0.193 -0.329 -0.428 -0.413 -0.450 -0.458 -0.499 -0.457 -0.425 -0.358 -0.295 -0.256 -0.095 -0.228 -0.384 -0.180 -0.278 -0.322 -0.245 -0.241 -0.384 -0.447 -0.470 -0.384 -0.438 -0.259 -0.286 -0.258 -0.078  0.034  0.091 -0.161 -0.213 -0.089  0.022  0.204  0.439  0.449  0.222  0.016 -0.049 -0.339 -0.357 -0.288 -0.237  0.014  0.175  0.299  0.349  0.226
  0.733  0.564  0.395  0.076 -0.250 -0.324 -0.305 -0.163 -0.103  0.040  0.035 -0.053  0.066  0.282  0.459  0.743  1.000  0.846  0.511  0.277  0.331  0.082 -0.132 -0.238 -0.147 -0.038 -0.252 -0.311 -0.321 -0.356 -0.373 -0.364 -0.384 -0.378 -0.422 -0.358 -0.268 -0.296 -0.067 -0.193 -0.406 -0.200 -0.301 -0.369 -0.282 -0.220 -0.406 -0.398 -0.413 -0.283 -0.311 -0.140 -0.151 -0.146  0.064  0.170  0.204 -0.017 -0.056  0.017  0.231  0.351  0.463  0.411  0.170 -0.075 -0.159 -0.419 -0.413 -0.264 -0.145  0.105  0.092  0.190  0.244  0.270
  0.715  0.507  0.236 -0.086 -0.416 -0.430 -0.308 -0.102 -0.094 -0.024 -0.121 -0.278 -0.177  0.050  0.253  0.635  0.846  1.000  0.730  0.545  0.497  0.173 -0.115 -0.235 -0.115 -0.096 -0.354 -0.399 -0.399 -0.514 -0.464 -0.394 -0.421 -0.408 -0.464 -0.412 -0.330 -0.307 -0.124 -0.240 -0.440 -0.237 -0.367 -0.352 -0.262 -0.189 -0.386 -0.372 -0.399 -0.302 -0.301 -0.120 -0.091 -0.036  0.218  0.322  0.412  0.209  0.057  0.189  0.289  0.398  0.410  0.292  0.113 -0.196 -0.275 -0.454 -0.453 -0.356 -0.185  0.055  0.108  0.310  0.286  0.307
  0.539  0.302  0.210 -0.047 -0.305 -0.416 -0.397 -0.242 -0.254 -0.119 -0.200 -0.258 -0.232 -0.059  0.118  0.448  0.511  0.730  1.000  0.745  0.570  0.180 -0.111 -0.160 -0.098 -0.098 -0.300 -0.353 -0.304 -0.492 -0.477 -0.330 -0.330 -0.339 -0.413 -0.448 -0.408 -0.221 -0.254 -0.367 -0.450 -0.395 -0.493 -0.347 -0.135 -0.002 -0.256 -0.222 -0.274 -0.256 -0.242 -0.118 -0.017  0.093  0.391  0.493  0.514  0.348  0.221  0.334  0.327  0.347  0.330  0.196  0.137 -0.103 -0.262 -0.455 -0.461 -0.532 -0.335 -0.233  0.045  0.372  0.350  0.343
  0.193  0.049 -0.046 -0.285 -0.358 -0.423 -0.378 -0.172 -0.230 -0.186 -0.362 -0.484 -0.352 -0.237 -0.106  0.164  0.277  0.545  0.745  1.000  0.845  0.481  0.273  0.151  0.130 -0.022 -0.078 -0.163 -0.225 -0.429 -0.356 -0.233 -0.252 -0.245 -0.307 -0.302 -0.207 -0.017 -0.095 -0.272 -0.344 -0.323 -0.282 -0.281 -0.142 -0.012 -0.058  0.026  0.035  0.068  0.097  0.201  0.257  0.372  0.586  0.583  0.621  0.587  0.378  0.387  0.364  0.263  0.142 -0.019 -0.099 -0.239 -0.414 -0.381 -0.333 -0.367 -0.258 -0.258 -0.085  0.115  0.146  0.177
  0.103 -0.076 -0.123 -0.332 -0.316 -0.324 -0.259 -0.111 -0.126 -0.150 -0.293 -0.435 -0.283 -0.193 -0.063  0.193  0.331  0.497  0.570  0.845  1.000  0.697  0.441  0.322  0.285  0.150  0.128  0.012 -0.165 -0.270 -0.199 -0.157 -0.220 -0.183 -0.205 -0.190 -0.029  0.156  0.097 -0.115 -0.193 -0.168 -0.088 -0.217 -0.149 -0.128 -0.009  0.095  0.099  0.223  0.235  0.344  0.377  0.482  0.614  0.552  0.449  0.487  0.396  0.291  0.292  0.160  0.056 -0.072 -0.163 -0.314 -0.468 -0.312 -0.287 -0.221 -0.159 -0.132 -0.171 -0.093 -0.056 -0.032
 -0.259 -0.353 -0.378 -0.475 -0.228 -0.172 -0.120 -0.141 -0.165 -0.193 -0.305 -0.384 -0.287 -0.305 -0.175 -0.055  0.082  0.173  0.180  0.481  0.697  1.000  0.801  0.663  0.630  0.493  0.393  0.291  0.135  0.042  0.093  0.018 -0.016  0.012  0.036  0.120  0.250  0.293  0.184  0.093  0.084  0.143  0.232  0.071  0.134  0.011  0.191  0.307  0.316  0.510  0.549  0.644  0.677  0.722  0.610  0.378  0.311  0.468  0.353  0.225  0.067 -0.041 -0.256 -0.333 -0.346 -0.425 -0.260 -0.091  0.007  0.064 -0.007 -0.020 -0.200 -0.385 -0.382 -0.285
 -0.349 -0.360 -0.328 -0.433 -0.119 -0.010  0.017 -0.087 -0.154 -0.214 -0.243 -0.211 -0.104 -0.179 -0.130 -0.130 -0.132 -0.115 -0.111  0.273  0.441  0.801  1.000  0.838  0.629  0.535  0.632  0.442  0.160  0.156  0.218  0.099  0.090  0.070  0.124  0.213  0.369  0.402  0.302  0.207  0.271  0.322  0.473  0.282  0.271  0.082  0.333  0.466  0.515  0.634  0.669  0.735  0.648  0.642  0.432  0.219  0.126  0.280  0.253  0.101 -0.058 -0.212 -0.356 -0.305 -0.327 -0.338 -0.130  0.069  0.195  0.267  0.113  0.028 -0.255 -0.589 -0.511 -0.440
 -0.439 -0.420 -0.321 -0.338  0.031  0.126  0.189  0.012 -0.077 -0.237 -0.217 -0.051  0.034 -0.139 -0.104 -0.189 -0.238 -0.235 -0.160  0.151  0.322  0.663  0.838  1.000  0.762  0.540  0.716  0.597  0.333  0.334  0.344  0.241  0.185  0.190  0.244  0.257  0.336  0.391  0.309  0.249  0.412  0.350  0.470  0.369  0.356  0.153  0.388  0.501  0.555  0.669  0.649  0.757  0.638  0.565  0.323  0.068 -0.084  0.066  0.055 -0.062 -0.149 -0.384 -0.467 -0.399 -0.421 -0.330 -0.062  0.188  0.294  0.295  0.120  0.034 -0.292 -0.590 -0.580 -0.521
 -0.350 -0.299 -0.279 -0.237 -0.032  0.083  0.067 -0.137 -0.013  0.024 -0.161 -0.059  0.002 -0.120 -0.042 -0.126 -0.147 -0.115 -0.098  0.130  0.285  0.630  0.629  0.762  1.000  0.771  0.658  0.640  0.477  0.370  0.275  0.178  0.110  0.078  0.082  0.170  0.269  0.245  0.127  0.113  0.207  0.166  0.280  0.260  0.271  0.127  0.202  0.302  0.375  0.436  0.378  0.567  0.476  0.338  0.139 -0.197 -0.243 -0.078 -0.137 -0.245 -0.287 -0.343 -0.386 -0.282 -0.473 -0.277 -0.163  0.086  0.126  0.159  0.014  0.059 -0.221 -0.432 -0.378 -0.279
 -0.277 -0.268 -0.163 -0.165 -0.056  0.022  0.029 -0.204 -0.050  0.027 -0.053  0.021  0.140  0.042  0.054 -0.022 -0.038 -0.096 -0.098 -0.022  0.150  0.493  0.535  0.540  0.771  1.000  0.779  0.647  0.533  0.470  0.324  0.192  0.119 -0.033  0.002  0.074  0.220  0.236  0.179  0.059  0.127  0.120  0.286  0.216  0.203  0.131  0.134  0.193  0.219  0.291  0.273  0.435  0.352  0.216 -0.010 -0.272 -0.340 -0.170 -0.156 -0.306 -0.330 -0.283 -0.360 -0.218 -0.440 -0.280 -0.176 -0.022  0.012  0.043  0.011  0.063 -0.103 -0.352 -0.295 -0.189
 -0.466 -0.419 -0.195 -0.231  0.033  0.110  0.144 -0.084 -0.021 -0.035 -0.063  0.074  0.193  0.056  0.001 -0.193 -0.252 -0.354 -0.300 -0.078  0.128  0.393  0.632  0.716  0.658  0.779  1.000  0.833  0.511  0.614  0.547  0.376  0.274  0.170  0.270  0.272  0.401  0.396  0.317  0.211  0.343  0.220  0.376  0.234  0.216  0.097  0.233  0.366  0.412  0.463  0.440  0.550  0.404  0.279  0.037 -0.195 -0.383 -0.177 -0.095 -0.301 -0.283 -0.361 -0.434 -0.262 -0.433 -0.237 -0.164  0.069  0.169  0.206  0.112  0.018 -0.210 -0.511 -0.469 -0.394
 -0.495 -0.475 -0.300 -0.200  0.071  0.123  0.150 -0.155  0.012  0.065 -0.063  0.081  0.070 -0.063 -0.105 -0.329 -0.311 -0.399 -0.353 -0.163  0.012  0.291  0.442  0.597  0.640  0.647  0.833  1.000  0.731  0.723  0.689  0.557  0.371  0.205  0.346  0.321  0.395  0.306  0.228  0.219  0.356  0.208  0.259  0.134  0.121  0.102  0.218  0.331  0.376  0.385  0.344  0.415  0.315  0.176 -0.039 -0.288 -0.432 -0.207 -0.158 -0.317 -0.307 -0.429 -0.476 -0.322 -0.419 -0.187 -0.186  0.017  0.191  0.142  0.014 -0.015 -0.228 -0.407 -0.373 -0.301
 -0.506 -0.445 -0.269 -0.118  0.170  0.112  0.107 -0.160 -0.019  0.079  0.007  0.138  0.177 -0.043 -0.122 -0.428 -0.321 -0.399 -0.304 -0.225 -0.165  0.135  0.160  0.333  0.477  0.533  0.511  0.731  1.000  0.784  0.601  0.670  0.576  0.290  0.316  0.190  0.016 -0.045 -0.148 -0.103  0.069  0.002 -0.008  0.058  0.026  0.054  0.102  0.126  0.161  0.190  0.208  0.253  0.245  0.066 -0.137 -0.339 -0.448 -0.242 -0.305 -0.405 -0.354 -0.422 -0.531 -0.436 -0.431 -0.124  0.004  0.083  0.190 -0.014 -0.129 -0.143 -0.115 -0.174 -0.094 -0.010
 -0.522 -0.434 -0.253 -0.183  0.138  0.149  0.209 -0.067  0.010  0.029  0.076  0.190  0.263  0.087 -0.084 -0.413 -0.356 -0.514 -0.492 -0.429 -0.270  0.042  0.156  0.334  0.370  0.470  0.614  0.723  0.784  1.000  0.828  0.686  0.626  0.531  0.555  0.501  0.326  0.228  0.120  0.107  0.258  0.147  0.141  0.148  0.087  0.044  0.197  0.147  0.172  0.173  0.172  0.220  0.146 -0.027 -0.233 -0.373 -0.549 -0.368 -0.291 -0.396 -0.350 -0.388 -0.447 -0.268 -0.324 -0.172 -0.072  0.172  0.195  0.146  0.066  0.003 -0.085 -0.316 -0.308 -0.223
 -0.521 -0.487 -0.338 -0.335 -0.019  0.045  0.170  0.023  0.052 -0.012 -0.036 -0.001  0.012 -0.083 -0.190 -0.450 -0.373 -0.464 -0.477 -0.356 -0.199  0.093  0.218  0.344  0.275  0.324  0.547  0.689  0.601  0.828  1.000  0.819  0.704  0.680  0.769  0.671  0.496  0.304  0.255  0.275  0.361  0.289  0.259  0.208  0.062  0.004  0.199  0.253  0.280  0.314  0.272  0.268  0.168  0.058 -0.122 -0.249 -0.376 -0.187 -0.081 -0.214 -0.234 -0.339 -0.457 -0.343 -0.353 -0.301 -0.136  0.120  0.317  0.283  0.156  0.047 -0.262 -0.424 -0.414 -0.335
 -0.447 -0.503 -0.357 -0.292  0.025 -0.012  0.093 -0.015  0.014  0.030 -0.074 -0.075 -0.011 -0.178 -0.226 -0.458 -0.364 -0.394 -0.330 -0.233 -0.157  0.018  0.099  0.241  0.178  0.192  0.376  0.557  0.670  0.686  0.819  1.000  0.902  0.670  0.732  0.446  0.128 -0.024 -0.107 -0.010  0.127  0.070  0.022  0.090 -0.010  0.007  0.206  0.273  0.225  0.207  0.228  0.196  0.165  0.033 -0.120 -0.212 -0.318 -0.134 -0.136 -0.246 -0.252 -0.379 -0.468 -0.367 -0.346 -0.223 -0.024  0.097  0.260  0.143 -0.022 -0.142 -0.232 -0.277 -0.191 -0.105
 -0.442 -0.456 -0.320 -0.345 -0.039 -0.041  0.055  0.018 -0.003 -0.016 -0.062 -0.114 -0.039 -0.184 -0.288 -0.499 -0.384 -0.421 -0.330 -0.252 -0.220 -0.016  0.090  0.185  0.110  0.119  0.274  0.371  0.576  0.626  0.704  0.902  1.000  0.785  0.733  0.448  0.043 -0.116 -0.223 -0.061  0.122  0.041  0.012  0.127  0.059  0.104  0.239  0.261  0.227  0.250  0.326  0.258  0.190  0.032 -0.155 -0.190 -0.275 -0.117 -0.085 -0.219 -0.203 -0.290 -0.414 -0.309 -0.284 -0.224  0.024  0.123  0.270  0.141 -0.005 -0.218 -0.241 -0.259 -0.152 -0.076
 -0.381 -0.361 -0.248 -0.347 -0.111 -0.059 -0.022  0.063 -0.042 -0.061 -0.039 -0.168 -0.109 -0.214 -0.308 -0.457 -0.378 -0.408 -0.339 -0.245 -0.183  0.012  0.070  0.190  0.078 -0.033  0.170  0.205  0.290  0.531  0.680  0.670  0.785  1.000  0.893  0.708  0.329  0.112 -0.006  0.086  0.203  0.085  0.098  0.126  0.075  0.056  0.155  0.191  0.177  0.258  0.286  0.223  0.167  0.070 -0.100 -0.094 -0.172 -0.046  0.061 -0.031 -0.080 -0.190 -0.295 -0.232 -0.191 -0.220 -0.110  0.130  0.286  0.247  0.210  0.040 -0.186 -0.306 -0.290 -0.216
 -0.396 -0.380 -0.283 -0.340 -0.081 -0.055  0.000  0.026 -0.091 -0.090 -0.093 -0.174 -0.123 -0.231 -0.308 -0.425 -0.422 -0.464 -0.413 -0.307 -0.205  0.036  0.124  0.244  0.082  0.002  0.270  0.346  0.316  0.555  0.769  0.732  0.733  0.893  1.000  0.805  0.477  0.227  0.130  0.300  0.386  0.255  0.195  0.154  0.052  0.025  0.255  0.270  0.200  0.301  0.289  0.213  0.151  0.111 -0.071 -0.094 -0.178 -0.015  0.055 -0.001 -0.116 -0.236 -0.335 -0.301 -0.238 -0.287 -0.108  0.106  0.394  0.310  0.293  0.126 -0.177 -0.362 -0.385 -0.317
 -0.347 -0.256 -0.193 -0.326 -0.121 -0.089 -0.084 -0.060 -0.138 -0.149 -0.183 -0.167 -0.106 -0.120 -0.205 -0.358 -0.358 -0.412 -0.448 -0.302 -0.190  0.120  0.213  0.257  0.170  0.074  0.272  0.321  0.190  0.501  0.671  0.446  0.448  0.708  0.805  1.000  0.739  0.433  0.326  0.416  0.398  0.279  0.213  0.172  0.078  0.053  0.246  0.240  0.233  0.306  0.299  0.196  0.166  0.174 -0.005 -0.039 -0.103  0.048  0.097 -0.006 -0.087 -0.097 -0.203 -0.177 -0.125 -0.239 -0.099  0.085  0.248  0.296  0.326  0.223 -0.170 -0.366 -0.432 -0.377
 -0.303 -0.233 -0.179 -0.284 -0.149 -0.064 -0.050 -0.026 -0.041 -0.085 -0.160 -0.169 -0.151 -0.137 -0.207 -0.295 -0.268 -0.330 -0.408 -0.207 -0.029  0.250  0.369  0.336  0.269  0.220  0.401  0.395  0.016  0.326  0.496  0.128  0.043  0.329  0.477  0.739  1.000  0.804  0.624  0.585  0.507  0.449  0.443  0.188  0.155  0.115  0.321  0.349  0.275  0.318  0.310  0.215  0.150  0.198  0.030 -0.049 -0.091  0.039  0.168  0.107 -0.021 -0.041 -0.072 -0.085 -0.095 -0.205 -0.132  0.019  0.139  0.336  0.364  0.326 -0.177 -0.435 -0.553 -0.504
 -0.351 -0.257 -0.202 -0.188  0.040  0.088  0.145  0.081 -0.036 -0.184 -0.130 -0.125 -0.016 -0.118 -0.202 -0.256 -0.296 -0.307 -0.221 -0.017  0.156  0.293  0.402  0.391  0.245  0.236  0.396  0.306 -0.045  0.228  0.304 -0.024 -0.116  0.112  0.227  0.433  0.804  1.000  0.775  0.530  0.517  0.481  0.500  0.288  0.230  0.161  0.405  0.410  0.365  0.316  0.351  0.272  0.262  0.321  0.220  0.100 -0.032  0.108  0.258  0.194  0.018 -0.067 -0.161 -0.219 -0.165 -0.190 -0.106  0.169  0.082  0.265  0.321  0.216 -0.108 -0.425 -0.598 -0.593
 -0.163 -0.086 -0.079 -0.063  0.132  0.186  0.288  0.203  0.104 -0.054 -0.025 -0.034  0.056  0.031 -0.016 -0.095 -0.067 -0.124 -0.254 -0.095  0.097  0.184  0.302  0.309  0.127  0.179  0.317  0.228 -0.148  0.120  0.255 -0.107 -0.223 -0.006  0.130  0.326  0.624  0.775  1.000  0.714  0.555  0.545  0.553  0.346  0.198  0.176  0.263  0.277  0.242  0.276  0.296  0.250  0.222  0.265  0.170  0.067 -0.091  0.029  0.160  0.095 -0.009 -0.122 -0.206 -0.239 -0.229 -0.209 -0.105  0.161  0.127  0.314  0.456  0.265 -0.070 -0.419 -0.652 -0.644
 -0.198 -0.160 -0.247 -0.123  0.109  0.211  0.302  0.221  0.142  0.022  0.081  0.030 -0.079 -0.121 -0.183 -0.228 -0.193 -0.240 -0.367 -0.272 -0.115  0.093  0.207  0.249  0.113  0.059  0.211  0.219 -0.103  0.107  0.275 -0.010 -0.061  0.086  0.300  0.416  0.585  0.530  0.714  1.000  0.826  0.749  0.591  0.396  0.221  0.203  0.339  0.336  0.286  0.361  0.319  0.232  0.140  0.179  0.016 -0.086 -0.181 -0.040  0.100  0.023 -0.094 -0.198 -0.302 -0.344 -0.289 -0.270 -0.042  0.188  0.484  0.576  0.681  0.395 -0.193 -0.491 -0.629 -0.618
 -0.409 -0.353 -0.357 -0.153  0.174  0.338  0.417  0.243  0.109 -0.092  0.092  0.102 -0.044 -0.209 -0.315 -0.384 -0.406 -0.440 -0.450 -0.344 -0.193  0.084  0.271  0.412  0.207  0.127  0.343  0.356  0.069  0.258  0.361  0.127  0.122  0.203  0.386  0.398  0.507  0.517  0.555  0.826  1.000  0.784  0.712  0.565  0.354  0.201  0.454  0.456  0.492  0.514  0.461  0.438  0.314  0.245  0.018 -0.103 -0.242 -0.085  0.081 -0.010 -0.094 -0.260 -0.379 -0.370 -0.208 -0.172  0.130  0.392  0.617  0.639  0.625  0.361 -0.260 -0.599 -0.690 -0.668
 -0.236 -0.228 -0.305 -0.111  0.199  0.316  0.414  0.242  0.210 -0.030  0.037  0.025 -0.024 -0.143 -0.234 -0.180 -0.200 -0.237 -0.395 -0.323 -0.168  0.143  0.322  0.350  0.166  0.120  0.220  0.208  0.002  0.147  0.289  0.070  0.041  0.085  0.255  0.279  0.449  0.481  0.545  0.749  0.784  1.000  0.789  0.566  0.272  0.068  0.316  0.387  0.457  0.460  0.393  0.326  0.240  0.204  0.003 -0.073 -0.154 -0.081  0.090  0.094 -0.042 -0.220 -0.306 -0.358 -0.211 -0.214  0.179  0.391  0.687  0.776  0.637  0.405 -0.236 -0.583 -0.670 -0.665
 -0.332 -0.320 -0.277 -0.065  0.150  0.355  0.480  0.266  0.146 -0.162 -0.026  0.036 -0.053 -0.172 -0.235 -0.278 -0.301 -0.367 -0.493 -0.282 -0.088  0.232  0.473  0.470  0.280  0.286  0.376  0.259 -0.008  0.141  0.259  0.022  0.012  0.098  0.195  0.213  0.443  0.500  0.553  0.591  0.712  0.789  1.000  0.775  0.522  0.193  0.451  0.539  0.597  0.583  0.520  0.459  0.348  0.310  0.039 -0.091 -0.186 -0.048  0.153  0.034 -0.046 -0.186 -0.283 -0.287 -0.166 -0.104  0.144  0.528  0.616  0.710  0.489  0.297 -0.175 -0.662 -0.730 -0.674
 -0.327 -0.278 -0.185  0.022  0.172  0.373  0.514  0.250  0.143 -0.210 -0.029  0.116  0.001 -0.148 -0.204 -0.322 -0.369 -0.352 -0.347 -0.281 -0.217  0.071  0.282  0.369  0.260  0.216  0.234  0.134  0.058  0.148  0.208  0.090  0.127  0.126  0.154  0.172  0.188  0.288  0.346  0.396  0.565  0.566  0.775  1.000  0.805  0.461  0.573  0.571  0.604  0.500  0.485  0.413  0.341  0.283  0.003 -0.102 -0.189 -0.110  0.050 -0.048 -0.084 -0.112 -0.241 -0.274 -0.164 -0.034  0.307  0.671  0.514  0.541  0.296  0.077 -0.208 -0.528 -0.642 -0.576
 -0.200 -0.248 -0.032  0.050  0.073  0.184  0.319  0.080  0.019 -0.281 -0.155  0.078 -0.028 -0.135 -0.122 -0.245 -0.282 -0.262 -0.135 -0.142 -0.149  0.134  0.271  0.356  0.271  0.203  0.216  0.121  0.026  0.087  0.062 -0.010  0.059  0.075  0.052  0.078  0.155  0.230  0.198  0.221  0.354  0.272  0.522  0.805  1.000  0.663  0.628  0.599  0.466  0.417  0.468  0.401  0.345  0.311  0.020 -0.090 -0.144 -0.088  0.051 -0.006 -0.028  0.067  0.002 -0.079 -0.016  0.080  0.305  0.481  0.239  0.244  0.084 -0.073 -0.086 -0.366 -0.514 -0.469
 -0.137 -0.212 -0.010  0.020  0.075  0.148  0.180  0.054  0.110 -0.131 -0.115  0.010 -0.076 -0.129 -0.137 -0.241 -0.220 -0.189 -0.002 -0.012 -0.128  0.011  0.082  0.153  0.127  0.131  0.097  0.102  0.054  0.044  0.004  0.007  0.104  0.056  0.025  0.053  0.115  0.161  0.176  0.203  0.201  0.068  0.193  0.461  0.663  1.000  0.700  0.506  0.291  0.252  0.420  0.296  0.269  0.247  0.008  0.019 -0.012  0.045  0.113  0.007 -0.079 -0.006 -0.100 -0.157 -0.187 -0.075  0.106  0.204  0.092 -0.020 -0.019 -0.301 -0.113 -0.200 -0.362 -0.356
 -0.363 -0.393 -0.301 -0.136  0.118  0.260  0.340  0.142  0.072 -0.244 -0.116 -0.032 -0.039 -0.259 -0.305 -0.384 -0.406 -0.386 -0.256 -0.058 -0.009  0.191  0.333  0.388  0.202  0.134  0.233  0.218  0.102  0.197  0.199  0.206  0.239  0.155  0.255  0.246  0.321  0.405  0.263  0.339  0.454  0.316  0.451  0.573  0.628  0.700  1.000  0.806  0.588  0.467  0.558  0.425  0.368  0.372  0.099  0.108 -0.021  0.113  0.225  0.143  0.014 -0.098 -0.235 -0.309 -0.197 -0.107  0.186  0.401  0.279  0.249  0.161 -0.095 -0.273 -0.485 -0.584 -0.582
 -0.415 -0.485 -0.321 -0.154  0.154  0.278  0.365  0.162  0.127 -0.129 -0.135 -0.062 -0.100 -0.316 -0.298 -0.447 -0.398 -0.372 -0.222  0.026  0.095  0.307  0.466  0.501  0.302  0.193  0.366  0.331  0.126  0.147  0.253  0.273  0.261  0.191  0.270  0.240  0.349  0.410  0.277  0.336  0.456  0.387  0.539  0.571  0.599  0.506  0.806  1.000  0.766  0.582  0.599  0.459  0.399  0.366  0.134  0.120 -0.015  0.158  0.319  0.194  0.126 -0.096 -0.277 -0.376 -0.210 -0.007  0.167  0.415  0.377  0.373  0.191 -0.072 -0.406 -0.665 -0.654 -0.616
 -0.504 -0.526 -0.381 -0.243  0.132  0.276  0.337  0.212  0.153 -0.100 -0.076 -0.063 -0.089 -0.343 -0.349 -0.470 -0.413 -0.399 -0.274  0.035  0.099  0.316  0.515  0.555  0.375  0.219  0.412  0.376  0.161  0.172  0.280  0.225  0.227  0.177  0.200  0.233  0.275  0.365  0.242  0.286  0.492  0.457  0.597  0.604  0.466  0.291  0.588  0.766  1.000  0.807  0.690  0.594  0.532  0.489  0.319  0.196  0.059  0.233  0.337  0.138  0.116 -0.142 -0.362 -0.411 -0.241 -0.094  0.110  0.446  0.477  0.517  0.297  0.052 -0.485 -0.660 -0.665 -0.623
 -0.464 -0.474 -0.308 -0.400 -0.043  0.062  0.151  0.082  0.060 -0.194 -0.195 -0.194 -0.221 -0.378 -0.344 -0.384 -0.283 -0.302 -0.256  0.068  0.223  0.510  0.634  0.669  0.436  0.291  0.463  0.385  0.190  0.173  0.314  0.207  0.250  0.258  0.301  0.306  0.318  0.316  0.276  0.361  0.514  0.460  0.583  0.500  0.417  0.252  0.467  0.582  0.807  1.000  0.879  0.797  0.702  0.677  0.440  0.252  0.115  0.336  0.419  0.200  0.217 -0.033 -0.279 -0.392 -0.304 -0.312 -0.005  0.211  0.451  0.433  0.264  0.087 -0.487 -0.663 -0.654 -0.616
 -0.490 -0.502 -0.313 -0.423 -0.059  0.038  0.149  0.112  0.032 -0.304 -0.266 -0.288 -0.216 -0.371 -0.361 -0.438 -0.311 -0.301 -0.242  0.097  0.235  0.549  0.669  0.649  0.378  0.273  0.440  0.344  0.208  0.172  0.272  0.228  0.326  0.286  0.289  0.299  0.310  0.351  0.296  0.319  0.461  0.393  0.520  0.485  0.468  0.420  0.558  0.599  0.690  0.879  1.000  0.878  0.825  0.764  0.452  0.283  0.124  0.347  0.402  0.150  0.100 -0.082 -0.367 -0.436 -0.322 -0.323 -0.004  0.201  0.364  0.315  0.183 -0.132 -0.424 -0.603 -0.619 -0.588
 -0.417 -0.439 -0.319 -0.449 -0.101  0.032  0.144  0.073 -0.012 -0.276 -0.204 -0.224 -0.093 -0.272 -0.216 -0.259 -0.140 -0.120 -0.118  0.201  0.344  0.644  0.735  0.757  0.567  0.435  0.550  0.415  0.253  0.220  0.268  0.196  0.258  0.223  0.213  0.196  0.215  0.272  0.250  0.232  0.438  0.326  0.459  0.413  0.401  0.296  0.425  0.459  0.594  0.797  0.878  1.000  0.893  0.748  0.488  0.267  0.091  0.282  0.270  0.025  0.012 -0.154 -0.398 -0.409 -0.385 -0.367 -0.063  0.172  0.296  0.260  0.171 -0.044 -0.397 -0.637 -0.609 -0.525
 -0.431 -0.482 -0.385 -0.399 -0.089 -0.019  0.064 -0.031 -0.076 -0.251 -0.245 -0.350 -0.236 -0.430 -0.314 -0.286 -0.151 -0.091 -0.017  0.257  0.377  0.677  0.648  0.638  0.476  0.352  0.404  0.315  0.245  0.146  0.168  0.165  0.190  0.167  0.151  0.166  0.150  0.262  0.222  0.140  0.314  0.240  0.348  0.341  0.345  0.269  0.368  0.399  0.532  0.702  0.825  0.893  1.000  0.908  0.697  0.460  0.310  0.495  0.348  0.172  0.117 -0.045 -0.378 -0.446 -0.316 -0.255  0.000  0.134  0.168  0.133  0.084 -0.084 -0.354 -0.494 -0.529 -0.446
 -0.361 -0.446 -0.400 -0.447 -0.191 -0.153 -0.054 -0.079 -0.164 -0.316 -0.333 -0.458 -0.397 -0.533 -0.409 -0.258 -0.146 -0.036  0.093  0.372  0.482  0.722  0.642  0.565  0.338  0.216  0.279  0.176  0.066 -0.027  0.058  0.033  0.032  0.070  0.111  0.174  0.198  0.321  0.265  0.179  0.245  0.204  0.310  0.283  0.311  0.247  0.372  0.366  0.489  0.677  0.764  0.748  0.908  1.000  0.845  0.632  0.510  0.687  0.505  0.351  0.239  0.095 -0.262 -0.423 -0.270 -0.301 -0.104  0.008  0.094  0.083  0.086 -0.048 -0.275 -0.354 -0.463 -0.415
 -0.149 -0.249 -0.274 -0.390 -0.224 -0.257 -0.187 -0.169 -0.251 -0.233 -0.290 -0.466 -0.434 -0.462 -0.271 -0.078  0.064  0.218  0.391  0.586  0.614  0.610  0.432  0.323  0.139 -0.010  0.037 -0.039 -0.137 -0.233 -0.122 -0.120 -0.155 -0.100 -0.071 -0.005  0.030  0.220  0.170  0.016  0.018  0.003  0.039  0.003  0.020  0.008  0.099  0.134  0.319  0.440  0.452  0.488  0.697  0.845  1.000  0.847  0.724  0.844  0.587  0.486  0.417  0.271 -0.052 -0.231 -0.095 -0.208 -0.192 -0.181 -0.122 -0.110  0.008 -0.066 -0.221 -0.143 -0.227 -0.185
  0.042 -0.095 -0.116 -0.269 -0.193 -0.228 -0.219 -0.141 -0.213 -0.200 -0.186 -0.380 -0.353 -0.327 -0.188  0.034  0.170  0.322  0.493  0.583  0.552  0.378  0.219  0.068 -0.197 -0.272 -0.195 -0.288 -0.339 -0.373 -0.249 -0.212 -0.190 -0.094 -0.094 -0.039 -0.049  0.100  0.067 -0.086 -0.103 -0.073 -0.091 -0.102 -0.090  0.019  0.108  0.120  0.196  0.252  0.283  0.267  0.460  0.632  0.847  1.000  0.842  0.831  0.711  0.676  0.639  0.427  0.118 -0.109  0.090 -0.067 -0.113 -0.175 -0.182 -0.161  0.006 -0.055 -0.202 -0.059 -0.146 -0.124
  0.152  0.049 -0.114 -0.303 -0.421 -0.470 -0.391 -0.154 -0.207 -0.167 -0.309 -0.565 -0.567 -0.439 -0.268  0.091  0.204  0.412  0.514  0.621  0.449  0.311  0.126 -0.084 -0.243 -0.340 -0.383 -0.432 -0.448 -0.549 -0.376 -0.318 -0.275 -0.172 -0.178 -0.103 -0.091 -0.032 -0.091 -0.181 -0.242 -0.154 -0.186 -0.189 -0.144 -0.012 -0.021 -0.015  0.059  0.115  0.124  0.091  0.310  0.510  0.724  0.842  1.000  0.877  0.629  0.716  0.643  0.531  0.255  0.003  0.141 -0.132 -0.163 -0.329 -0.263 -0.239 -0.145 -0.094 -0.141  0.147  0.095  0.126
 -0.109 -0.212 -0.304 -0.478 -0.380 -0.398 -0.307 -0.157 -0.242 -0.209 -0.360 -0.633 -0.634 -0.600 -0.430 -0.161 -0.017  0.209  0.348  0.587  0.487  0.468  0.280  0.066 -0.078 -0.170 -0.177 -0.207 -0.242 -0.368 -0.187 -0.134 -0.117 -0.046 -0.015  0.048  0.039  0.108  0.029 -0.040 -0.085 -0.081 -0.048 -0.110 -0.088  0.045  0.113  0.158  0.233  0.336  0.347  0.282  0.495  0.687  0.844  0.831  0.877  1.000  0.759  0.674  0.555  0.404  0.052 -0.224 -0.043 -0.230 -0.243 -0.270 -0.118 -0.136 -0.005 -0.075 -0.184 -0.040 -0.067 -0.013
 -0.131 -0.235 -0.201 -0.414 -0.245 -0.205 -0.112  0.041 -0.105 -0.205 -0.267 -0.438 -0.495 -0.501 -0.414 -0.213 -0.056  0.057  0.221  0.378  0.396  0.353  0.253  0.055 -0.137 -0.156 -0.095 -0.158 -0.305 -0.291 -0.081 -0.136 -0.085  0.061  0.055  0.097  0.168  0.258  0.160  0.100  0.081  0.090  0.153  0.050  0.051  0.113  0.225  0.319  0.337  0.419  0.402  0.270  0.348  0.505  0.587  0.711  0.629  0.759  1.000  0.789  0.666  0.396  0.104 -0.192  0.059 -0.147 -0.176 -0.057  0.081  0.143  0.193 -0.002 -0.304 -0.322 -0.259 -0.195
  0.089  0.062 -0.030 -0.187 -0.228 -0.249 -0.251 -0.130 -0.240 -0.188 -0.294 -0.465 -0.503 -0.455 -0.371 -0.089  0.017  0.189  0.334  0.387  0.291  0.225  0.101 -0.062 -0.245 -0.306 -0.301 -0.317 -0.405 -0.396 -0.214 -0.246 -0.219 -0.031 -0.001 -0.006  0.107  0.194  0.095  0.023 -0.010  0.094  0.034 -0.048 -0.006  0.007  0.143  0.194  0.138  0.200  0.150  0.025  0.172  0.351  0.486  0.676  0.716  0.674  0.789  1.000  0.795  0.527  0.302  0.022  0.281  0.023  0.013 -0.092 -0.029  0.005  0.113  0.117 -0.155 -0.076 -0.137 -0.082
  0.196  0.160  0.115 -0.150 -0.304 -0.321 -0.247 -0.181 -0.170 -0.116 -0.224 -0.350 -0.418 -0.341 -0.245  0.022  0.231  0.289  0.327  0.364  0.292  0.067 -0.058 -0.149 -0.287 -0.330 -0.283 -0.307 -0.354 -0.350 -0.234 -0.252 -0.203 -0.080 -0.116 -0.087 -0.021  0.018 -0.009 -0.094 -0.094 -0.042 -0.046 -0.084 -0.028 -0.079  0.014  0.126  0.116  0.217  0.100  0.012  0.117  0.239  0.417  0.639  0.643  0.555  0.666  0.795  1.000  0.756  0.532  0.229  0.379  0.159 -0.003 -0.194 -0.191 -0.112 -0.026  0.082 -0.255 -0.071 -0.022  0.018
  0.313  0.323  0.318 -0.047 -0.431 -0.467 -0.388 -0.297 -0.267 -0.127 -0.197 -0.280 -0.343 -0.153 -0.044  0.204  0.351  0.398  0.347  0.263  0.160 -0.041 -0.212 -0.384 -0.343 -0.283 -0.361 -0.429 -0.422 -0.388 -0.339 -0.379 -0.290 -0.190 -0.236 -0.097 -0.041 -0.067 -0.122 -0.198 -0.260 -0.220 -0.186 -0.112  0.067 -0.006 -0.098 -0.096 -0.142 -0.033 -0.082 -0.154 -0.045  0.095  0.271  0.427  0.531  0.404  0.396  0.527  0.756  1.000  0.758  0.493  0.528  0.251  0.038 -0.275 -0.439 -0.323 -0.139  0.079  0.066  0.223  0.171  0.137
  0.615  0.562  0.579  0.215 -0.299 -0.405 -0.445 -0.346 -0.272 -0.121 -0.200 -0.098 -0.157  0.109  0.190  0.439  0.463  0.410  0.330  0.142  0.056 -0.256 -0.356 -0.467 -0.386 -0.360 -0.434 -0.476 -0.531 -0.447 -0.457 -0.468 -0.414 -0.295 -0.335 -0.203 -0.072 -0.161 -0.206 -0.302 -0.379 -0.306 -0.283 -0.241  0.002 -0.100 -0.235 -0.277 -0.362 -0.279 -0.367 -0.398 -0.378 -0.262 -0.052  0.118  0.255  0.052  0.104  0.302  0.532  0.758  1.000  0.847  0.753  0.407  0.112 -0.284 -0.469 -0.348 -0.251  0.051  0.136  0.359  0.386  0.366
  0.620  0.629  0.652  0.333 -0.193 -0.277 -0.421 -0.415 -0.277 -0.028 -0.056  0.078  0.036  0.332  0.358  0.449  0.411  0.292  0.196 -0.019 -0.072 -0.333 -0.305 -0.399 -0.282 -0.218 -0.262 -0.322 -0.436 -0.268 -0.343 -0.367 -0.309 -0.232 -0.301 -0.177 -0.085 -0.219 -0.239 -0.344 -0.370 -0.358 -0.287 -0.274 -0.079 -0.157 -0.309 -0.376 -0.411 -0.392 -0.436 -0.409 -0.446 -0.423 -0.231 -0.109  0.003 -0.224 -0.192  0.022  0.229  0.493  0.847  1.000  0.773  0.464  0.093 -0.277 -0.492 -0.358 -0.276  0.014  0.186  0.354  0.429  0.423
  0.433  0.407  0.504  0.310 -0.062 -0.114 -0.248 -0.218 -0.322 -0.198 -0.130  0.074 -0.017  0.145  0.169  0.222  0.170  0.113  0.137 -0.099 -0.163 -0.346 -0.327 -0.421 -0.473 -0.440 -0.433 -0.419 -0.431 -0.324 -0.353 -0.346 -0.284 -0.191 -0.238 -0.125 -0.095 -0.165 -0.229 -0.289 -0.208 -0.211 -0.166 -0.164 -0.016 -0.187 -0.197 -0.210 -0.241 -0.304 -0.322 -0.385 -0.316 -0.270 -0.095  0.090  0.141 -0.043  0.059  0.281  0.379  0.528  0.753  0.773  1.000  0.653  0.378  0.006 -0.261 -0.247 -0.145  0.039  0.136  0.276  0.340  0.307
  0.110  0.207  0.405  0.669  0.440  0.350  0.074 -0.182 -0.070  0.124  0.219  0.449  0.311  0.254  0.269  0.016 -0.075 -0.196 -0.103 -0.239 -0.314 -0.425 -0.338 -0.330 -0.277 -0.280 -0.237 -0.187 -0.124 -0.172 -0.301 -0.223 -0.224 -0.220 -0.287 -0.239 -0.205 -0.190 -0.209 -0.270 -0.172 -0.214 -0.104 -0.034  0.080 -0.075 -0.107 -0.007 -0.094 -0.312 -0.323 -0.367 -0.255 -0.301 -0.208 -0.067 -0.132 -0.230 -0.147  0.023  0.159  0.251  0.407  0.464  0.653  1.000  0.616  0.302 -0.174 -0.147 -0.122  0.023  0.120  0.171  0.183  0.143
 -0.074  0.050  0.246  0.510  0.554  0.485  0.279  0.050  0.013 -0.004  0.155  0.432  0.366  0.246  0.207 -0.049 -0.159 -0.275 -0.262 -0.414 -0.468 -0.260 -0.130 -0.062 -0.163 -0.176 -0.164 -0.186  0.004 -0.072 -0.136 -0.024  0.024 -0.110 -0.108 -0.099 -0.132 -0.106 -0.105 -0.042  0.130  0.179  0.144  0.307  0.305  0.106  0.186  0.167  0.110 -0.005 -0.004 -0.063  0.000 -0.104 -0.192 -0.113 -0.163 -0.243 -0.176  0.013 -0.003  0.038  0.112  0.093  0.378  0.616  1.000  0.603  0.186  0.159 -0.021 -0.002 -0.029 -0.092 -0.139 -0.129
 -0.384 -0.270 -0.123  0.306  0.572  0.689  0.691  0.433  0.191 -0.166  0.086  0.400  0.355  0.102  0.006 -0.339 -0.419 -0.454 -0.455 -0.381 -0.312 -0.091  0.069  0.188  0.086 -0.022  0.069  0.017  0.083  0.172  0.120  0.097  0.123  0.130  0.106  0.085  0.019  0.169  0.161  0.188  0.392  0.391  0.528  0.671  0.481  0.204  0.401  0.415  0.446  0.211  0.201  0.172  0.134  0.008 -0.181 -0.175 -0.329 -0.270 -0.057 -0.092 -0.194 -0.275 -0.284 -0.277  0.006  0.302  0.603  1.000  0.537  0.520  0.267  0.081 -0.021 -0.404 -0.500 -0.442
 -0.378 -0.371 -0.330 -0.042  0.346  0.443  0.440  0.374  0.157 -0.111  0.005  0.123  0.011 -0.183 -0.258 -0.357 -0.413 -0.453 -0.461 -0.333 -0.287  0.007  0.195  0.294  0.126  0.012  0.169  0.191  0.190  0.195  0.317  0.260  0.270  0.286  0.394  0.248  0.139  0.082  0.127  0.484  0.617  0.687  0.616  0.514  0.239  0.092  0.279  0.377  0.477  0.451  0.364  0.296  0.168  0.094 -0.122 -0.182 -0.263 -0.118  0.081 -0.029 -0.191 -0.439 -0.469 -0.492 -0.261 -0.174  0.186  0.537  1.000  0.825  0.566  0.203 -0.187 -0.531 -0.468 -0.435
 -0.332 -0.316 -0.369 -0.106  0.250  0.375  0.411  0.375  0.284  0.060  0.094  0.085 -0.007 -0.171 -0.238 -0.288 -0.264 -0.356 -0.532 -0.367 -0.221  0.064  0.267  0.295  0.159  0.043  0.206  0.142 -0.014  0.146  0.283  0.143  0.141  0.247  0.310  0.296  0.336  0.265  0.314  0.576  0.639  0.776  0.710  0.541  0.244 -0.020  0.249  0.373  0.517  0.433  0.315  0.260  0.133  0.083 -0.110 -0.161 -0.239 -0.136  0.143  0.005 -0.112 -0.323 -0.348 -0.358 -0.247 -0.147  0.159  0.520  0.825  1.000  0.725  0.417 -0.225 -0.611 -0.592 -0.546
 -0.186 -0.149 -0.243 -0.170  0.089  0.198  0.174  0.241  0.049  0.034  0.190  0.041  0.060 -0.132 -0.212 -0.237 -0.145 -0.185 -0.335 -0.258 -0.159 -0.007  0.113  0.120  0.014  0.011  0.112  0.014 -0.129  0.066  0.156 -0.022 -0.005  0.210  0.293  0.326  0.364  0.321  0.456  0.681  0.625  0.637  0.489  0.296  0.084 -0.019  0.161  0.191  0.297  0.264  0.183  0.171  0.084  0.086  0.008  0.006 -0.145 -0.005  0.193  0.113 -0.026 -0.139 -0.251 -0.276 -0.145 -0.122 -0.021  0.267  0.566  0.725  1.000  0.690 -0.078 -0.457 -0.542 -0.502
  0.060  0.056 -0.104 -0.068 -0.030  0.079 -0.068 -0.036 -0.050  0.146  0.289  0.095  0.062 -0.082 -0.069  0.014  0.105  0.055 -0.233 -0.258 -0.132 -0.020  0.028  0.034  0.059  0.063  0.018 -0.015 -0.143  0.003  0.047 -0.142 -0.218  0.040  0.126  0.223  0.326  0.216  0.265  0.395  0.361  0.405  0.297  0.077 -0.073 -0.301 -0.095 -0.072  0.052  0.087 -0.132 -0.044 -0.084 -0.048 -0.066 -0.055 -0.094 -0.075 -0.002  0.117  0.082  0.079  0.051  0.014  0.039  0.023 -0.002  0.081  0.203  0.417  0.690  1.000  0.187 -0.196 -0.318 -0.302
  0.164  0.177  0.167  0.234  0.131  0.030 -0.108 -0.119 -0.231 -0.035  0.057  0.109  0.172  0.192  0.209  0.175  0.092  0.108  0.045 -0.085 -0.171 -0.200 -0.255 -0.292 -0.221 -0.103 -0.210 -0.228 -0.115 -0.085 -0.262 -0.232 -0.241 -0.186 -0.177 -0.170 -0.177 -0.108 -0.070 -0.193 -0.260 -0.236 -0.175 -0.208 -0.086 -0.113 -0.273 -0.406 -0.485 -0.487 -0.424 -0.397 -0.354 -0.275 -0.221 -0.202 -0.141 -0.184 -0.304 -0.155 -0.255  0.066  0.136  0.186  0.136  0.120 -0.029 -0.021 -0.187 -0.225 -0.078  0.187  1.000  0.564  0.261  0.165
  0.372  0.375  0.254  0.251 -0.150 -0.308 -0.368 -0.216 -0.154  0.027 -0.058 -0.072 -0.074  0.107  0.138  0.299  0.190  0.310  0.372  0.115 -0.093 -0.385 -0.589 -0.590 -0.432 -0.352 -0.511 -0.407 -0.174 -0.316 -0.424 -0.277 -0.259 -0.306 -0.362 -0.366 -0.435 -0.425 -0.419 -0.491 -0.599 -0.583 -0.662 -0.528 -0.366 -0.200 -0.485 -0.665 -0.660 -0.663 -0.603 -0.637 -0.494 -0.354 -0.143 -0.059  0.147 -0.040 -0.322 -0.076 -0.071  0.223  0.359  0.354  0.276  0.171 -0.092 -0.404 -0.531 -0.611 -0.457 -0.196  0.564  1.000  0.787  0.625
  0.403  0.402  0.268  0.155 -0.243 -0.367 -0.420 -0.239 -0.166  0.022 -0.080 -0.071 -0.073  0.130  0.159  0.349  0.244  0.286  0.350  0.146 -0.056 -0.382 -0.511 -0.580 -0.378 -0.295 -0.469 -0.373 -0.094 -0.308 -0.414 -0.191 -0.152 -0.290 -0.385 -0.432 -0.553 -0.598 -0.652 -0.629 -0.690 -0.670 -0.730 -0.642 -0.514 -0.362 -0.584 -0.654 -0.665 -0.654 -0.619 -0.609 -0.529 -0.463 -0.227 -0.146  0.095 -0.067 -0.259 -0.137 -0.022  0.171  0.386  0.429  0.340  0.183 -0.139 -0.500 -0.468 -0.592 -0.542 -0.318  0.261  0.787  1.000  0.889
