  1.000  0.784  0.571  0.281 -0.167 -0.295 -0.308 -0.152 -0.198 -0.132 -0.218 -0.135 -0.059  0.266  0.346  0.665  0.638  0.624  0.446  0.289  0.188 -0.174 -0.375 -0.419 -0.298 -0.364 -0.503 -0.461 -0.387 -0.463 -0.475 -0.362 -0.298 -0.343 -0.417 -0.454 -0.470 -0.490 -0.432 -0.489 -0.546 -0.474 -0.509 -0.470 -0.345 -0.226 -0.310 -0.357 -0.466 -0.472 -0.492 -0.466 -0.385 -0.302 -0.078  0.075  0.194 -0.000 -0.043  0.154  0.211  0.433  0.652  0.569  0.306  0.063 -0.196 -0.422 -0.505 -0.451 -0.378 -0.230  0.240  0.515  0.544  0.511
  0.784  1.000  0.729  0.477  0.041 -0.088 -0.193 -0.110 -0.185 -0.135 -0.087  0.065  0.140  0.465  0.530  0.665  0.496  0.424  0.253  0.079 -0.027 -0.350 -0.458 -0.476 -0.375 -0.367 -0.458 -0.437 -0.330 -0.357 -0.392 -0.293 -0.207 -0.237 -0.328 -0.369 -0.412 -0.436 -0.389 -0.425 -0.467 -0.404 -0.435 -0.402 -0.296 -0.196 -0.271 -0.329 -0.439 -0.471 -0.537 -0.530 -0.502 -0.457 -0.267 -0.080  0.023 -0.169 -0.150  0.052  0.158  0.379  0.602  0.635  0.380  0.181 -0.076 -0.280 -0.383 -0.349 -0.310 -0.174  0.233  0.420  0.470  0.443
  0.571  0.729  1.000  0.707  0.261  0.084 -0.139 -0.165 -0.167 -0.040 -0.028  0.174  0.246  0.528  0.548  0.514  0.373  0.251  0.111 -0.046 -0.127 -0.376 -0.413 -0.411 -0.386 -0.339 -0.364 -0.374 -0.274 -0.270 -0.313 -0.231 -0.143 -0.167 -0.258 -0.304 -0.352 -0.370 -0.341 -0.377 -0.380 -0.340 -0.337 -0.278 -0.183 -0.107 -0.174 -0.213 -0.311 -0.357 -0.419 -0.431 -0.427 -0.403 -0.279 -0.128 -0.039 -0.149 -0.106  0.038  0.112  0.296  0.510  0.614  0.453  0.382  0.165 -0.132 -0.274 -0.276 -0.264 -0.167  0.120  0.282  0.334  0.316
  0.281  0.477  0.707  1.000  0.649  0.460  0.138 -0.046 -0.037  0.051  0.225  0.470  0.502  0.635  0.506  0.338  0.146 -0.018 -0.148 -0.290 -0.326 -0.465 -0.396 -0.364 -0.375 -0.265 -0.224 -0.261 -0.153 -0.081 -0.142 -0.103 -0.006 -0.003 -0.089 -0.133 -0.202 -0.219 -0.203 -0.198 -0.162 -0.136 -0.118 -0.068 -0.043 -0.024 -0.070 -0.099 -0.170 -0.253 -0.346 -0.373 -0.439 -0.467 -0.425 -0.299 -0.259 -0.316 -0.224 -0.127 -0.052  0.068  0.263  0.481  0.431  0.595  0.440  0.169  0.004 -0.043 -0.103 -0.058  0.029  0.040  0.103  0.098
 -0.167  0.041  0.261  0.649  1.000  0.801  0.450  0.103  0.109  0.151  0.416  0.599  0.642  0.456  0.332  0.028 -0.130 -0.309 -0.395 -0.441 -0.375 -0.307 -0.127 -0.057 -0.132 -0.004  0.129  0.077  0.112  0.229  0.184  0.133  0.179  0.212  0.189  0.175  0.124  0.116  0.098  0.149  0.224  0.213  0.244  0.243  0.153  0.080  0.088  0.095  0.112  0.034 -0.035 -0.059 -0.178 -0.274 -0.377 -0.379 -0.430 -0.380 -0.284 -0.312 -0.266 -0.262 -0.186  0.022  0.112  0.436  0.581  0.488  0.422  0.309  0.176  0.103 -0.123 -0.335 -0.311 -0.296
 -0.295 -0.088  0.084  0.460  0.801  1.000  0.616  0.248  0.214  0.177  0.449  0.591  0.549  0.328  0.181 -0.102 -0.253 -0.420 -0.464 -0.497 -0.409 -0.271 -0.077 -0.010 -0.082  0.036  0.173  0.112  0.136  0.269  0.229  0.153  0.202  0.261  0.245  0.250  0.196  0.188  0.174  0.253  0.340  0.306  0.335  0.334  0.217  0.116  0.139  0.142  0.177  0.093  0.033  0.003 -0.123 -0.223 -0.360 -0.373 -0.448 -0.371 -0.264 -0.320 -0.281 -0.312 -0.280 -0.080  0.046  0.387  0.530  0.601  0.537  0.421  0.276  0.163 -0.145 -0.422 -0.402 -0.389
 -0.308 -0.193 -0.139  0.138  0.450  0.616  1.000  0.667  0.474  0.114  0.379  0.362  0.354  0.139  0.030 -0.147 -0.234 -0.337 -0.359 -0.361 -0.282 -0.149 -0.006  0.040 -0.007  0.089  0.194  0.151  0.133  0.223  0.221  0.137  0.122  0.169  0.199  0.222  0.228  0.259  0.272  0.278  0.339  0.344  0.355  0.321  0.193  0.096  0.136  0.115  0.162  0.097  0.052  0.032 -0.044 -0.119 -0.242 -0.276 -0.343 -0.278 -0.207 -0.263 -0.247 -0.297 -0.317 -0.222 -0.119  0.093  0.248  0.512  0.459  0.332  0.180  0.087 -0.145 -0.411 -0.420 -0.408
 -0.152 -0.110 -0.165 -0.046  0.103  0.248  0.667  1.000  0.636  0.073  0.175  0.101  0.073 -0.017 -0.069 -0.095 -0.130 -0.144 -0.157 -0.158 -0.138 -0.092 -0.056 -0.033 -0.038 -0.020  0.017  0.009 -0.013  0.017  0.036 -0.001 -0.014  0.015  0.043  0.066  0.082  0.099  0.129  0.118  0.133  0.136  0.143  0.131  0.066  0.035  0.068  0.019  0.039 -0.006 -0.022 -0.034 -0.047 -0.076 -0.129 -0.132 -0.140 -0.133 -0.100 -0.117 -0.105 -0.135 -0.175 -0.165 -0.118 -0.099  0.012  0.271  0.215  0.122  0.063 -0.015 -0.004 -0.187 -0.225 -0.245
 -0.198 -0.185 -0.167 -0.037  0.109  0.214  0.474  0.636  1.000  0.537  0.379  0.187  0.085 -0.027 -0.098 -0.137 -0.172 -0.193 -0.195 -0.186 -0.169 -0.104 -0.042 -0.015 -0.058 -0.038  0.025  0.006 -0.023  0.017  0.037  0.006 -0.001  0.027  0.049  0.056  0.070  0.091  0.108  0.101  0.111  0.125  0.126  0.126  0.064  0.045  0.081  0.068  0.089  0.039  0.019  0.002 -0.030 -0.068 -0.138 -0.162 -0.161 -0.131 -0.111 -0.128 -0.151 -0.188 -0.214 -0.191 -0.155 -0.054  0.064  0.203  0.152  0.100  0.017 -0.019 -0.138 -0.228 -0.243 -0.255
 -0.132 -0.135 -0.040  0.051  0.151  0.177  0.114  0.073  0.537  1.000  0.539  0.254  0.113  0.031 -0.006 -0.054 -0.124 -0.163 -0.173 -0.161 -0.138 -0.083 -0.030  0.001 -0.033 -0.026  0.031  0.019  0.001  0.043  0.051  0.025  0.039  0.074  0.065  0.054  0.052  0.061  0.066  0.076  0.073  0.067  0.048  0.031 -0.024 -0.023  0.005  0.037  0.069  0.029  0.022  0.016 -0.024 -0.065 -0.121 -0.171 -0.153 -0.115 -0.131 -0.144 -0.199 -0.203 -0.176 -0.118 -0.115  0.044  0.091  0.038  0.047  0.055  0.026  0.036 -0.155 -0.205 -0.180 -0.180
 -0.218 -0.087 -0.028  0.225  0.416  0.449  0.379  0.175  0.379  0.539  1.000  0.715  0.536  0.323  0.168 -0.039 -0.171 -0.303 -0.367 -0.386 -0.319 -0.250 -0.101 -0.026 -0.072  0.023  0.145  0.126  0.153  0.246  0.238  0.199  0.226  0.272  0.257  0.218  0.177  0.168  0.151  0.175  0.197  0.163  0.143  0.082 -0.017 -0.034 -0.003  0.012  0.052 -0.009 -0.050 -0.049 -0.153 -0.249 -0.339 -0.368 -0.409 -0.372 -0.318 -0.343 -0.342 -0.331 -0.305 -0.158 -0.133  0.080  0.131  0.198  0.232  0.190  0.126  0.115 -0.115 -0.323 -0.283 -0.263
 -0.135  0.065  0.174  0.470  0.599  0.591  0.362  0.101  0.187  0.254  0.715  1.000  0.793  0.587  0.359  0.089 -0.094 -0.292 -0.399 -0.465 -0.392 -0.359 -0.183 -0.103 -0.137 -0.007  0.098  0.072  0.146  0.237  0.192  0.180  0.236  0.265  0.227  0.174  0.106  0.084  0.058  0.089  0.134  0.107  0.113  0.074  0.003 -0.020 -0.005  0.003  0.008 -0.076 -0.150 -0.147 -0.282 -0.390 -0.461 -0.434 -0.487 -0.481 -0.383 -0.381 -0.320 -0.270 -0.190  0.001  0.002  0.208  0.213  0.260  0.239  0.183  0.082  0.093 -0.061 -0.245 -0.204 -0.188
 -0.059  0.140  0.246  0.502  0.642  0.549  0.354  0.073  0.085  0.113  0.536  0.793  1.000  0.758  0.525  0.221  0.022 -0.212 -0.363 -0.436 -0.344 -0.338 -0.167 -0.076 -0.103  0.031  0.129  0.113  0.177  0.247  0.203  0.195  0.234  0.246  0.220  0.160  0.098  0.083  0.057  0.065  0.109  0.084  0.085  0.037 -0.025 -0.024 -0.020 -0.024 -0.030 -0.113 -0.182 -0.151 -0.284 -0.408 -0.467 -0.447 -0.505 -0.517 -0.429 -0.418 -0.348 -0.278 -0.167  0.013 -0.029  0.168  0.181  0.224  0.212  0.149  0.041  0.046 -0.035 -0.212 -0.175 -0.154
  0.266  0.465  0.528  0.635  0.456  0.328  0.139 -0.017 -0.027  0.031  0.323  0.587  0.758  1.000  0.766  0.509  0.274  0.029 -0.169 -0.300 -0.267 -0.408 -0.318 -0.249 -0.229 -0.118 -0.083 -0.094 -0.004  0.041 -0.011  0.015  0.086  0.094  0.030 -0.029 -0.094 -0.119 -0.118 -0.140 -0.137 -0.138 -0.156 -0.187 -0.182 -0.122 -0.143 -0.169 -0.226 -0.306 -0.385 -0.345 -0.438 -0.527 -0.487 -0.397 -0.395 -0.494 -0.427 -0.331 -0.233 -0.072  0.125  0.290  0.139  0.220  0.074 -0.002 -0.049 -0.072 -0.123 -0.046  0.091  0.051  0.096  0.096
  0.346  0.530  0.548  0.506  0.332  0.181  0.030 -0.069 -0.098 -0.006  0.168  0.359  0.525  0.766  1.000  0.699  0.446  0.179 -0.058 -0.161 -0.107 -0.271 -0.234 -0.169 -0.139 -0.060 -0.058 -0.067 -0.006  0.008 -0.042 -0.017  0.032  0.021 -0.030 -0.075 -0.113 -0.121 -0.120 -0.164 -0.163 -0.166 -0.194 -0.240 -0.233 -0.145 -0.169 -0.196 -0.254 -0.308 -0.351 -0.282 -0.334 -0.420 -0.366 -0.313 -0.315 -0.423 -0.399 -0.306 -0.216 -0.050  0.172  0.270  0.078  0.114  0.004 -0.099 -0.124 -0.140 -0.168 -0.095  0.100  0.091  0.128  0.130
  0.665  0.665  0.514  0.338  0.028 -0.102 -0.147 -0.095 -0.137 -0.054 -0.039  0.089  0.221  0.509  0.699  1.000  0.734  0.491  0.240  0.127  0.131 -0.164 -0.269 -0.257 -0.173 -0.191 -0.261 -0.244 -0.197 -0.245 -0.272 -0.202 -0.156 -0.189 -0.244 -0.287 -0.302 -0.308 -0.276 -0.339 -0.374 -0.342 -0.382 -0.414 -0.361 -0.234 -0.283 -0.318 -0.392 -0.417 -0.437 -0.363 -0.350 -0.357 -0.197 -0.113 -0.065 -0.240 -0.278 -0.134 -0.050  0.157  0.418  0.390  0.097 -0.010 -0.186 -0.328 -0.359 -0.335 -0.302 -0.179  0.174  0.323  0.358  0.344
  0.638  0.496  0.373  0.146 -0.130 -0.253 -0.234 -0.130 -0.172 -0.124 -0.171 -0.094  0.022  0.274  0.446  0.734  1.000  0.784  0.481  0.374  0.430  0.082 -0.120 -0.135 -0.049 -0.152 -0.256 -0.227 -0.229 -0.312 -0.317 -0.259 -0.240 -0.282 -0.314 -0.336 -0.321 -0.323 -0.286 -0.341 -0.388 -0.355 -0.396 -0.409 -0.352 -0.230 -0.276 -0.303 -0.359 -0.358 -0.322 -0.231 -0.151 -0.115  0.072  0.117  0.145 -0.025 -0.120 -0.008  0.037  0.180  0.376  0.264  0.037 -0.109 -0.256 -0.394 -0.404 -0.366 -0.307 -0.188  0.150  0.332  0.342  0.327
  0.624  0.424  0.251 -0.018 -0.309 -0.420 -0.337 -0.144 -0.193 -0.163 -0.303 -0.292 -0.212  0.029  0.179  0.491  0.784  1.000  0.758  0.636  0.585  0.193 -0.104 -0.166 -0.040 -0.212 -0.381 -0.327 -0.334 -0.453 -0.444 -0.367 -0.354 -0.407 -0.439 -0.446 -0.412 -0.412 -0.353 -0.408 -0.472 -0.410 -0.454 -0.434 -0.344 -0.227 -0.277 -0.318 -0.375 -0.353 -0.301 -0.232 -0.079  0.030  0.276  0.344  0.426  0.241  0.110  0.237  0.219  0.297  0.415  0.255  0.074 -0.155 -0.307 -0.473 -0.492 -0.434 -0.348 -0.221  0.171  0.431  0.429  0.404
  0.446  0.253  0.111 -0.148 -0.395 -0.464 -0.359 -0.157 -0.195 -0.173 -0.367 -0.399 -0.363 -0.169 -0.058  0.240  0.481  0.758  1.000  0.782  0.578  0.257 -0.035 -0.141 -0.056 -0.235 -0.397 -0.356 -0.382 -0.492 -0.473 -0.412 -0.405 -0.445 -0.467 -0.451 -0.401 -0.393 -0.327 -0.367 -0.424 -0.349 -0.379 -0.333 -0.224 -0.156 -0.194 -0.228 -0.258 -0.214 -0.158 -0.141  0.043  0.215  0.474  0.588  0.669  0.504  0.367  0.463  0.400  0.372  0.364  0.203  0.142 -0.116 -0.258 -0.415 -0.447 -0.380 -0.293 -0.193  0.110  0.375  0.362  0.338
  0.289  0.079 -0.046 -0.290 -0.441 -0.497 -0.361 -0.158 -0.186 -0.161 -0.386 -0.465 -0.436 -0.300 -0.161  0.127  0.374  0.636  0.782  1.000  0.791  0.489  0.171  0.062  0.132 -0.097 -0.257 -0.216 -0.295 -0.422 -0.396 -0.364 -0.383 -0.424 -0.421 -0.392 -0.321 -0.298 -0.244 -0.285 -0.329 -0.282 -0.300 -0.270 -0.192 -0.134 -0.153 -0.166 -0.171 -0.094  0.002  0.048  0.245  0.413  0.637  0.622  0.687  0.573  0.403  0.446  0.342  0.257  0.217  0.035  0.005 -0.220 -0.278 -0.400 -0.389 -0.329 -0.240 -0.174  0.054  0.283  0.255  0.240
  0.188 -0.027 -0.127 -0.326 -0.375 -0.409 -0.282 -0.138 -0.169 -0.138 -0.319 -0.392 -0.344 -0.267 -0.107  0.131  0.430  0.585  0.578  0.791  1.000  0.739  0.413  0.311  0.387  0.132 -0.028  0.003 -0.126 -0.261 -0.242 -0.254 -0.299 -0.330 -0.300 -0.261 -0.181 -0.154 -0.126 -0.152 -0.176 -0.176 -0.184 -0.192 -0.164 -0.127 -0.124 -0.106 -0.078  0.016  0.145  0.250  0.403  0.508  0.652  0.529  0.480  0.409  0.228  0.213  0.149  0.081  0.058 -0.114 -0.146 -0.289 -0.280 -0.328 -0.267 -0.219 -0.153 -0.119 -0.016  0.121  0.077  0.080
 -0.174 -0.350 -0.376 -0.465 -0.307 -0.271 -0.149 -0.092 -0.104 -0.083 -0.250 -0.359 -0.338 -0.408 -0.271 -0.164  0.082  0.193  0.257  0.489  0.739  1.000  0.777  0.661  0.681  0.463  0.302  0.286  0.108 -0.012 -0.010 -0.091 -0.169 -0.175 -0.107 -0.038  0.057  0.105  0.095  0.104  0.122  0.076  0.117  0.095  0.064  0.013  0.056  0.124  0.228  0.362  0.519  0.635  0.715  0.758  0.705  0.475  0.336  0.410  0.253  0.121  0.047 -0.106 -0.229 -0.372 -0.285 -0.306 -0.167 -0.092  0.009  0.027  0.046 -0.014 -0.175 -0.192 -0.259 -0.231
 -0.375 -0.458 -0.413 -0.396 -0.127 -0.077 -0.006 -0.056 -0.042 -0.030 -0.101 -0.183 -0.167 -0.318 -0.234 -0.269 -0.120 -0.104 -0.035  0.171  0.413  0.777  1.000  0.844  0.693  0.621  0.593  0.490  0.262  0.202  0.201  0.063 -0.036 -0.015  0.071  0.147  0.260  0.341  0.289  0.277  0.336  0.268  0.359  0.313  0.250  0.139  0.207  0.313  0.461  0.584  0.687  0.789  0.704  0.657  0.489  0.277  0.078  0.220  0.164 -0.038 -0.083 -0.241 -0.382 -0.452 -0.319 -0.217 -0.018  0.126  0.228  0.208  0.175  0.061 -0.275 -0.426 -0.496 -0.457
 -0.419 -0.476 -0.411 -0.364 -0.057 -0.010  0.040 -0.033 -0.015  0.001 -0.026 -0.103 -0.076 -0.249 -0.169 -0.257 -0.135 -0.166 -0.141  0.062  0.311  0.661  0.844  1.000  0.819  0.633  0.715  0.672  0.417  0.359  0.368  0.237  0.141  0.145  0.226  0.261  0.312  0.378  0.288  0.296  0.391  0.217  0.309  0.273  0.199  0.136  0.203  0.293  0.417  0.511  0.641  0.798  0.713  0.563  0.368  0.112 -0.084  0.075  0.016 -0.205 -0.233 -0.352 -0.461 -0.509 -0.397 -0.248 -0.020  0.140  0.272  0.206  0.177  0.039 -0.287 -0.472 -0.522 -0.477
 -0.298 -0.375 -0.386 -0.375 -0.132 -0.082 -0.007 -0.038 -0.058 -0.033 -0.072 -0.137 -0.103 -0.229 -0.139 -0.173 -0.049 -0.040 -0.056  0.132  0.387  0.681  0.693  0.819  1.000  0.751  0.595  0.650  0.487  0.327  0.305  0.224  0.126  0.100  0.169  0.193  0.233  0.274  0.207  0.226  0.287  0.147  0.182  0.111  0.021 -0.013  0.034  0.102  0.214  0.308  0.447  0.605  0.579  0.460  0.336  0.106 -0.051  0.043 -0.051 -0.205 -0.233 -0.321 -0.392 -0.459 -0.406 -0.319 -0.147  0.008  0.156  0.132  0.120  0.035 -0.175 -0.316 -0.364 -0.326
 -0.364 -0.367 -0.339 -0.265 -0.004  0.036  0.089 -0.020 -0.038 -0.026  0.023 -0.007  0.031 -0.118 -0.060 -0.191 -0.152 -0.212 -0.235 -0.097  0.132  0.463  0.621  0.633  0.751  1.000  0.754  0.654  0.614  0.514  0.415  0.319  0.219  0.185  0.243  0.266  0.338  0.408  0.323  0.289  0.336  0.274  0.313  0.206  0.098  0.028  0.083  0.135  0.248  0.304  0.360  0.482  0.391  0.261  0.093 -0.069 -0.216 -0.121 -0.138 -0.270 -0.282 -0.360 -0.422 -0.421 -0.358 -0.210 -0.060  0.119  0.225  0.188  0.141  0.073 -0.191 -0.372 -0.412 -0.368
 -0.503 -0.458 -0.364 -0.224  0.129  0.173  0.194  0.017  0.025  0.031  0.145  0.098  0.129 -0.083 -0.058 -0.261 -0.256 -0.381 -0.397 -0.257 -0.028  0.302  0.593  0.715  0.595  0.754  1.000  0.854  0.643  0.690  0.680  0.494  0.380  0.408  0.493  0.516  0.567  0.641  0.518  0.459  0.551  0.387  0.441  0.341  0.208  0.127  0.204  0.260  0.385  0.410  0.459  0.577  0.423  0.229  0.005 -0.190 -0.371 -0.215 -0.190 -0.391 -0.393 -0.475 -0.545 -0.506 -0.406 -0.160  0.066  0.282  0.411  0.329  0.261  0.121 -0.292 -0.577 -0.622 -0.573
 -0.461 -0.437 -0.374 -0.261  0.077  0.112  0.151  0.009  0.006  0.019  0.126  0.072  0.113 -0.094 -0.067 -0.244 -0.227 -0.327 -0.356 -0.216  0.003  0.286  0.490  0.672  0.650  0.654  0.854  1.000  0.791  0.705  0.751  0.638  0.492  0.467  0.564  0.533  0.535  0.559  0.434  0.412  0.493  0.293  0.309  0.203  0.063  0.031  0.097  0.144  0.260  0.286  0.376  0.498  0.392  0.199  0.005 -0.203 -0.359 -0.223 -0.232 -0.413 -0.422 -0.489 -0.539 -0.521 -0.461 -0.252 -0.033  0.170  0.336  0.263  0.216  0.092 -0.240 -0.488 -0.533 -0.489
 -0.387 -0.330 -0.274 -0.153  0.112  0.136  0.133 -0.013 -0.023  0.001  0.153  0.146  0.177 -0.004 -0.006 -0.197 -0.229 -0.334 -0.382 -0.295 -0.126  0.108  0.262  0.417  0.487  0.614  0.643  0.791  1.000  0.827  0.715  0.753  0.669  0.542  0.555  0.445  0.360  0.364  0.232  0.241  0.332  0.159  0.167  0.067 -0.048 -0.041 -0.001  0.019  0.091  0.091  0.161  0.277  0.190  0.007 -0.158 -0.308 -0.411 -0.317 -0.315 -0.427 -0.432 -0.451 -0.457 -0.400 -0.379 -0.191 -0.056  0.098  0.218  0.134  0.094  0.028 -0.170 -0.328 -0.333 -0.288
 -0.463 -0.357 -0.270 -0.081  0.229  0.269  0.223  0.017  0.017  0.043  0.246  0.237  0.247  0.041  0.008 -0.245 -0.312 -0.453 -0.492 -0.422 -0.261 -0.012  0.202  0.359  0.327  0.514  0.690  0.705  0.827  1.000  0.877  0.774  0.752  0.744  0.733  0.667  0.545  0.527  0.402  0.416  0.504  0.296  0.288  0.194  0.052  0.025  0.086  0.098  0.171  0.133  0.166  0.262  0.141 -0.057 -0.254 -0.392 -0.498 -0.382 -0.344 -0.474 -0.470 -0.495 -0.508 -0.405 -0.342 -0.097  0.059  0.256  0.375  0.301  0.232  0.128 -0.215 -0.479 -0.495 -0.448
 -0.475 -0.392 -0.313 -0.142  0.184  0.229  0.221  0.036  0.037  0.051  0.238  0.192  0.203 -0.011 -0.042 -0.272 -0.317 -0.444 -0.473 -0.396 -0.242 -0.010  0.201  0.368  0.305  0.415  0.680  0.751  0.715  0.877  1.000  0.845  0.733  0.769  0.834  0.773  0.690  0.644  0.525  0.513  0.546  0.346  0.308  0.200  0.041  0.020  0.088  0.099  0.189  0.152  0.197  0.275  0.165 -0.023 -0.217 -0.365 -0.469 -0.345 -0.311 -0.455 -0.463 -0.505 -0.534 -0.456 -0.391 -0.153  0.028  0.241  0.388  0.336  0.280  0.162 -0.211 -0.514 -0.551 -0.512
 -0.362 -0.293 -0.231 -0.103  0.133  0.153  0.137 -0.001  0.006  0.025  0.199  0.180  0.195  0.015 -0.017 -0.202 -0.259 -0.367 -0.412 -0.364 -0.254 -0.091  0.063  0.237  0.224  0.319  0.494  0.638  0.753  0.774  0.845  1.000  0.873  0.739  0.761  0.576  0.412  0.374  0.246  0.255  0.317  0.132  0.115  0.034 -0.070 -0.034  0.003  0.000  0.044  0.004  0.055  0.143  0.059 -0.115 -0.259 -0.374 -0.438 -0.351 -0.329 -0.423 -0.428 -0.429 -0.422 -0.352 -0.342 -0.159 -0.040  0.098  0.208  0.129  0.101  0.030 -0.152 -0.311 -0.309 -0.273
 -0.298 -0.207 -0.143 -0.006  0.179  0.202  0.122 -0.014 -0.001  0.039  0.226  0.236  0.234  0.086  0.032 -0.156 -0.240 -0.354 -0.405 -0.383 -0.299 -0.169 -0.036  0.141  0.126  0.219  0.380  0.492  0.669  0.752  0.733  0.873  1.000  0.858  0.747  0.562  0.285  0.236  0.124  0.161  0.263  0.054  0.049 -0.001 -0.079 -0.038 -0.010 -0.019 -0.006 -0.060 -0.022  0.068 -0.018 -0.185 -0.311 -0.395 -0.438 -0.370 -0.344 -0.414 -0.403 -0.376 -0.345 -0.247 -0.243 -0.073  0.004  0.105  0.184  0.104  0.067  0.000 -0.140 -0.266 -0.244 -0.211
 -0.343 -0.237 -0.167 -0.003  0.212  0.261  0.169  0.015  0.027  0.074  0.272  0.265  0.246  0.094  0.021 -0.189 -0.282 -0.407 -0.445 -0.424 -0.330 -0.175 -0.015  0.145  0.100  0.185  0.408  0.467  0.542  0.744  0.769  0.739  0.858  1.000  0.897  0.783  0.504  0.412  0.324  0.353  0.422  0.194  0.159  0.096 -0.018 -0.015  0.030  0.030  0.068  0.006  0.029  0.096 -0.012 -0.175 -0.320 -0.403 -0.457 -0.377 -0.337 -0.425 -0.408 -0.398 -0.386 -0.274 -0.237 -0.046  0.052  0.199  0.304  0.269  0.217  0.119 -0.154 -0.393 -0.398 -0.368
 -0.417 -0.328 -0.258 -0.089  0.189  0.245  0.199  0.043  0.049  0.065  0.257  0.227  0.220  0.030 -0.030 -0.244 -0.314 -0.439 -0.467 -0.421 -0.300 -0.107  0.071  0.226  0.169  0.243  0.493  0.564  0.555  0.733  0.834  0.761  0.747  0.897  1.000  0.894  0.686  0.565  0.471  0.506  0.532  0.311  0.255  0.163  0.011 -0.002  0.058  0.065  0.137  0.083  0.117  0.175  0.063 -0.106 -0.274 -0.387 -0.465 -0.361 -0.321 -0.440 -0.434 -0.454 -0.471 -0.381 -0.326 -0.116  0.034  0.234  0.387  0.367  0.321  0.202 -0.156 -0.473 -0.505 -0.475
 -0.454 -0.369 -0.304 -0.133  0.175  0.250  0.222  0.066  0.056  0.054  0.218  0.174  0.160 -0.029 -0.075 -0.287 -0.336 -0.446 -0.451 -0.392 -0.261 -0.038  0.147  0.261  0.193  0.266  0.516  0.533  0.445  0.667  0.773  0.576  0.562  0.783  0.894  1.000  0.835  0.680  0.589  0.634  0.624  0.437  0.367  0.268  0.095  0.036  0.112  0.129  0.226  0.181  0.203  0.232  0.122 -0.023 -0.204 -0.322 -0.414 -0.295 -0.251 -0.387 -0.388 -0.441 -0.493 -0.415 -0.318 -0.106  0.070  0.304  0.458  0.478  0.415  0.286 -0.152 -0.539 -0.597 -0.572
 -0.470 -0.412 -0.352 -0.202  0.124  0.196  0.228  0.082  0.070  0.052  0.177  0.106  0.098 -0.094 -0.113 -0.302 -0.321 -0.412 -0.401 -0.321 -0.181  0.057  0.260  0.312  0.233  0.338  0.567  0.535  0.360  0.545  0.690  0.412  0.285  0.504  0.686  0.835  1.000  0.877  0.754  0.723  0.628  0.538  0.450  0.323  0.135  0.051  0.130  0.155  0.287  0.273  0.296  0.291  0.190  0.074 -0.111 -0.237 -0.342 -0.214 -0.167 -0.315 -0.335 -0.425 -0.508 -0.463 -0.352 -0.145  0.053  0.301  0.458  0.492  0.435  0.318 -0.149 -0.554 -0.631 -0.604
 -0.490 -0.436 -0.370 -0.219  0.116  0.188  0.259  0.099  0.091  0.061  0.168  0.084  0.083 -0.119 -0.121 -0.308 -0.323 -0.412 -0.393 -0.298 -0.154  0.105  0.341  0.378  0.274  0.408  0.641  0.559  0.364  0.527  0.644  0.374  0.236  0.412  0.565  0.680  0.877  1.000  0.856  0.692  0.651  0.594  0.515  0.377  0.190  0.086  0.168  0.203  0.340  0.343  0.358  0.350  0.239  0.129 -0.068 -0.203 -0.318 -0.178 -0.127 -0.290 -0.320 -0.429 -0.519 -0.476 -0.360 -0.138  0.070  0.322  0.455  0.476  0.402  0.267 -0.207 -0.580 -0.651 -0.620
 -0.432 -0.389 -0.341 -0.203  0.098  0.174  0.272  0.129  0.108  0.066  0.151  0.058  0.057 -0.118 -0.120 -0.276 -0.286 -0.353 -0.327 -0.244 -0.126  0.095  0.289  0.288  0.207  0.323  0.518  0.434  0.232  0.402  0.525  0.246  0.124  0.324  0.471  0.589  0.754  0.856  1.000  0.795  0.695  0.672  0.551  0.392  0.191  0.059  0.151  0.181  0.324  0.327  0.322  0.282  0.197  0.131 -0.041 -0.150 -0.245 -0.121 -0.071 -0.218 -0.255 -0.371 -0.459 -0.426 -0.314 -0.123  0.069  0.328  0.471  0.537  0.491  0.356 -0.157 -0.546 -0.646 -0.632
 -0.489 -0.425 -0.377 -0.198  0.149  0.253  0.278  0.118  0.101  0.076  0.175  0.089  0.065 -0.140 -0.164 -0.339 -0.341 -0.408 -0.367 -0.285 -0.152  0.104  0.277  0.296  0.226  0.289  0.459  0.412  0.241  0.416  0.513  0.255  0.161  0.353  0.506  0.634  0.723  0.692  0.795  1.000  0.839  0.757  0.613  0.456  0.223  0.063  0.168  0.215  0.375  0.360  0.348  0.306  0.221  0.150 -0.038 -0.155 -0.268 -0.126 -0.071 -0.232 -0.255 -0.388 -0.495 -0.452 -0.303 -0.101  0.123  0.411  0.610  0.705  0.702  0.578 -0.117 -0.600 -0.713 -0.701
 -0.546 -0.467 -0.380 -0.162  0.224  0.340  0.339  0.133  0.111  0.073  0.197  0.134  0.109 -0.137 -0.163 -0.374 -0.388 -0.472 -0.424 -0.329 -0.176  0.122  0.336  0.391  0.287  0.336  0.551  0.493  0.332  0.504  0.546  0.317  0.263  0.422  0.532  0.624  0.628  0.651  0.695  0.839  1.000  0.777  0.684  0.544  0.305  0.118  0.229  0.294  0.452  0.438  0.423  0.396  0.277  0.183 -0.034 -0.171 -0.306 -0.134 -0.069 -0.265 -0.282 -0.423 -0.530 -0.460 -0.292 -0.044  0.219  0.527  0.718  0.755  0.683  0.490 -0.235 -0.671 -0.763 -0.745
 -0.474 -0.404 -0.340 -0.136  0.213  0.306  0.344  0.136  0.125  0.067  0.163  0.107  0.084 -0.138 -0.166 -0.342 -0.355 -0.410 -0.349 -0.282 -0.176  0.076  0.268  0.217  0.147  0.274  0.387  0.293  0.159  0.296  0.346  0.132  0.054  0.194  0.311  0.437  0.538  0.594  0.672  0.757  0.777  1.000  0.829  0.615  0.341  0.092  0.192  0.262  0.446  0.448  0.374  0.260  0.169  0.156 -0.028 -0.112 -0.208 -0.065  0.013 -0.135 -0.166 -0.324 -0.434 -0.379 -0.215 -0.002  0.236  0.530  0.689  0.787  0.660  0.530 -0.151 -0.575 -0.680 -0.673
 -0.509 -0.435 -0.337 -0.118  0.244  0.335  0.355  0.143  0.126  0.048  0.143  0.113  0.085 -0.156 -0.194 -0.382 -0.396 -0.454 -0.379 -0.300 -0.184  0.117  0.359  0.309  0.182  0.313  0.441  0.309  0.167  0.288  0.308  0.115  0.049  0.159  0.255  0.367  0.450  0.515  0.551  0.613  0.684  0.829  1.000  0.820  0.537  0.223  0.324  0.402  0.597  0.595  0.497  0.387  0.256  0.220  0.007 -0.093 -0.214 -0.041  0.050 -0.128 -0.146 -0.307 -0.422 -0.358 -0.177  0.057  0.341  0.646  0.706  0.691  0.537  0.378 -0.244 -0.616 -0.694 -0.673
 -0.470 -0.402 -0.278 -0.068  0.243  0.334  0.321  0.131  0.126  0.031  0.082  0.074  0.037 -0.187 -0.240 -0.414 -0.409 -0.434 -0.333 -0.270 -0.192  0.095  0.313  0.273  0.111  0.206  0.341  0.203  0.067  0.194  0.200  0.034 -0.001  0.096  0.163  0.268  0.323  0.377  0.392  0.456  0.544  0.615  0.820  1.000  0.796  0.442  0.529  0.593  0.660  0.587  0.485  0.383  0.268  0.240  0.035 -0.048 -0.153  0.015  0.107 -0.057 -0.057 -0.193 -0.315 -0.250 -0.044  0.167  0.448  0.707  0.635  0.571  0.410  0.244 -0.289 -0.580 -0.639 -0.618
 -0.345 -0.296 -0.183 -0.043  0.153  0.217  0.193  0.066  0.064 -0.024 -0.017  0.003 -0.025 -0.182 -0.233 -0.361 -0.352 -0.344 -0.224 -0.192 -0.164  0.064  0.250  0.199  0.021  0.098  0.208  0.063 -0.048  0.052  0.041 -0.070 -0.079 -0.018  0.011  0.095  0.135  0.190  0.191  0.223  0.305  0.341  0.537  0.796  1.000  0.687  0.586  0.612  0.541  0.516  0.419  0.324  0.219  0.214  0.061  0.026 -0.063  0.068  0.159  0.037  0.072 -0.005 -0.139 -0.102  0.107  0.243  0.422  0.540  0.405  0.316  0.195  0.074 -0.262 -0.410 -0.446 -0.429
 -0.226 -0.196 -0.107 -0.024  0.080  0.116  0.096  0.035  0.045 -0.023 -0.034 -0.020 -0.024 -0.122 -0.145 -0.234 -0.230 -0.227 -0.156 -0.134 -0.127  0.013  0.139  0.136 -0.013  0.028  0.127  0.031 -0.041  0.025  0.020 -0.034 -0.038 -0.015 -0.002  0.036  0.051  0.086  0.059  0.063  0.118  0.092  0.223  0.442  0.687  1.000  0.704  0.520  0.330  0.290  0.252  0.223  0.155  0.120  0.015 -0.014 -0.065  0.017  0.067  0.000  0.023 -0.007 -0.096 -0.081  0.023  0.106  0.248  0.313  0.186  0.085  0.016 -0.062 -0.202 -0.257 -0.262 -0.247
 -0.310 -0.271 -0.174 -0.070  0.088  0.139  0.136  0.068  0.081  0.005 -0.003 -0.005 -0.020 -0.143 -0.169 -0.283 -0.276 -0.277 -0.194 -0.153 -0.124  0.056  0.207  0.203  0.034  0.083  0.204  0.097 -0.001  0.086  0.088  0.003 -0.010  0.030  0.058  0.112  0.130  0.168  0.151  0.168  0.229  0.192  0.324  0.529  0.586  0.704  1.000  0.755  0.539  0.375  0.309  0.287  0.216  0.179  0.039 -0.013 -0.076  0.030  0.087 -0.012 -0.011 -0.080 -0.178 -0.152 -0.033  0.068  0.229  0.363  0.268  0.186  0.106  0.005 -0.256 -0.359 -0.383 -0.372
 -0.357 -0.329 -0.213 -0.099  0.095  0.142  0.115  0.019  0.068  0.037  0.012  0.003 -0.024 -0.169 -0.196 -0.318 -0.303 -0.318 -0.228 -0.166 -0.106  0.124  0.313  0.293  0.102  0.135  0.260  0.144  0.019  0.098  0.099  0.000 -0.019  0.030  0.065  0.129  0.155  0.203  0.181  0.215  0.294  0.262  0.402  0.593  0.612  0.520  0.755  1.000  0.778  0.580  0.453  0.403  0.285  0.250  0.082  0.008 -0.084  0.057  0.128 -0.013 -0.016 -0.113 -0.223 -0.199 -0.059  0.080  0.253  0.362  0.313  0.259  0.173  0.058 -0.291 -0.408 -0.452 -0.437
 -0.466 -0.439 -0.311 -0.170  0.112  0.177  0.162  0.039  0.089  0.069  0.052  0.008 -0.030 -0.226 -0.254 -0.392 -0.359 -0.375 -0.258 -0.171 -0.078  0.228  0.461  0.417  0.214  0.248  0.385  0.260  0.091  0.171  0.189  0.044 -0.006  0.068  0.137  0.226  0.287  0.340  0.324  0.375  0.452  0.446  0.597  0.660  0.541  0.330  0.539  0.778  1.000  0.806  0.642  0.545  0.393  0.374  0.166  0.062 -0.066  0.125  0.209  0.010 -0.021 -0.192 -0.341 -0.322 -0.141  0.045  0.272  0.435  0.445  0.419  0.321  0.185 -0.321 -0.540 -0.604 -0.580
 -0.472 -0.471 -0.357 -0.253  0.034  0.093  0.097 -0.006  0.039  0.029 -0.009 -0.076 -0.113 -0.306 -0.308 -0.417 -0.358 -0.353 -0.214 -0.094  0.016  0.362  0.584  0.511  0.308  0.304  0.410  0.286  0.091  0.133  0.152  0.004 -0.060  0.006  0.083  0.181  0.273  0.343  0.327  0.360  0.438  0.448  0.595  0.587  0.516  0.290  0.375  0.580  0.806  1.000  0.854  0.689  0.515  0.522  0.296  0.170  0.017  0.229  0.308  0.079  0.043 -0.154 -0.348 -0.358 -0.157  0.006  0.234  0.358  0.406  0.391  0.308  0.168 -0.312 -0.513 -0.581 -0.554
 -0.492 -0.537 -0.419 -0.346 -0.035  0.033  0.052 -0.022  0.019  0.022 -0.050 -0.150 -0.182 -0.385 -0.351 -0.437 -0.322 -0.301 -0.158  0.002  0.145  0.519  0.687  0.641  0.447  0.360  0.459  0.376  0.161  0.166  0.197  0.055 -0.022  0.029  0.117  0.203  0.296  0.358  0.322  0.348  0.423  0.374  0.497  0.485  0.419  0.252  0.309  0.453  0.642  0.854  1.000  0.860  0.721  0.693  0.444  0.249  0.076  0.309  0.329  0.066  0.009 -0.201 -0.410 -0.453 -0.239 -0.085  0.161  0.283  0.362  0.340  0.284  0.124 -0.319 -0.511 -0.578 -0.545
 -0.466 -0.530 -0.431 -0.373 -0.059  0.003  0.032 -0.034  0.002  0.016 -0.049 -0.147 -0.151 -0.345 -0.282 -0.363 -0.231 -0.232 -0.141  0.048  0.250  0.635  0.789  0.798  0.605  0.482  0.577  0.498  0.277  0.262  0.275  0.143  0.068  0.096  0.175  0.232  0.291  0.350  0.282  0.306  0.396  0.260  0.387  0.383  0.324  0.223  0.287  0.403  0.545  0.689  0.860  1.000  0.847  0.711  0.461  0.209  0.008  0.222  0.179 -0.083 -0.125 -0.289 -0.454 -0.501 -0.329 -0.170  0.072  0.207  0.305  0.250  0.212  0.053 -0.328 -0.501 -0.557 -0.514
 -0.385 -0.502 -0.427 -0.439 -0.178 -0.123 -0.044 -0.047 -0.030 -0.024 -0.153 -0.282 -0.284 -0.438 -0.334 -0.350 -0.151 -0.079  0.043  0.245  0.403  0.715  0.704  0.713  0.579  0.391  0.423  0.392  0.190  0.141  0.165  0.059 -0.018 -0.012  0.063  0.122  0.190  0.239  0.197  0.221  0.277  0.169  0.256  0.268  0.219  0.155  0.216  0.285  0.393  0.515  0.721  0.847  1.000  0.854  0.637  0.376  0.221  0.403  0.289  0.065 -0.018 -0.196 -0.370 -0.466 -0.301 -0.226 -0.008  0.089  0.178  0.143  0.140  0.008 -0.275 -0.375 -0.432 -0.397
 -0.302 -0.457 -0.403 -0.467 -0.274 -0.223 -0.119 -0.076 -0.068 -0.065 -0.249 -0.390 -0.408 -0.527 -0.420 -0.357 -0.115  0.030  0.215  0.413  0.508  0.758  0.657  0.563  0.460  0.261  0.229  0.199  0.007 -0.057 -0.023 -0.115 -0.185 -0.175 -0.106 -0.023  0.074  0.129  0.131  0.150  0.183  0.156  0.220  0.240  0.214  0.120  0.179  0.250  0.374  0.522  0.693  0.711  0.854  1.000  0.840  0.606  0.471  0.642  0.508  0.302  0.188 -0.036 -0.239 -0.368 -0.189 -0.197 -0.026  0.028  0.093  0.103  0.114  0.013 -0.243 -0.277 -0.341 -0.317
 -0.078 -0.267 -0.279 -0.425 -0.377 -0.360 -0.242 -0.129 -0.138 -0.121 -0.339 -0.461 -0.467 -0.487 -0.366 -0.197  0.072  0.276  0.474  0.637  0.652  0.705  0.489  0.368  0.336  0.093  0.005  0.005 -0.158 -0.254 -0.217 -0.259 -0.311 -0.320 -0.274 -0.204 -0.111 -0.068 -0.041 -0.038 -0.034 -0.028  0.007  0.035  0.061  0.015  0.039  0.082  0.166  0.296  0.444  0.461  0.637  0.840  1.000  0.820  0.694  0.759  0.584  0.465  0.350  0.134 -0.037 -0.201 -0.072 -0.194 -0.127 -0.152 -0.114 -0.077 -0.029 -0.062 -0.143 -0.057 -0.108 -0.096
  0.075 -0.080 -0.128 -0.299 -0.379 -0.373 -0.276 -0.132 -0.162 -0.171 -0.368 -0.434 -0.447 -0.397 -0.313 -0.113  0.117  0.344  0.588  0.622  0.529  0.475  0.277  0.112  0.106 -0.069 -0.190 -0.203 -0.308 -0.392 -0.365 -0.374 -0.395 -0.403 -0.387 -0.322 -0.237 -0.203 -0.150 -0.155 -0.171 -0.112 -0.093 -0.048  0.026 -0.014 -0.013  0.008  0.062  0.170  0.249  0.209  0.376  0.606  0.820  1.000  0.834  0.774  0.697  0.662  0.600  0.354  0.174  0.008  0.111 -0.094 -0.123 -0.194 -0.216 -0.154 -0.100 -0.082 -0.073  0.076  0.040  0.038
  0.194  0.023 -0.039 -0.259 -0.430 -0.448 -0.343 -0.140 -0.161 -0.153 -0.409 -0.487 -0.505 -0.395 -0.315 -0.065  0.145  0.426  0.669  0.687  0.480  0.336  0.078 -0.084 -0.051 -0.216 -0.371 -0.359 -0.411 -0.498 -0.469 -0.438 -0.438 -0.457 -0.465 -0.414 -0.342 -0.318 -0.245 -0.268 -0.306 -0.208 -0.214 -0.153 -0.063 -0.065 -0.076 -0.084 -0.066  0.017  0.076  0.008  0.221  0.471  0.694  0.834  1.000  0.873  0.723  0.772  0.616  0.419  0.295  0.131  0.180 -0.071 -0.151 -0.284 -0.330 -0.257 -0.183 -0.130  0.012  0.238  0.218  0.199
 -0.000 -0.169 -0.149 -0.316 -0.380 -0.371 -0.278 -0.133 -0.131 -0.115 -0.372 -0.481 -0.517 -0.494 -0.423 -0.240 -0.025  0.241  0.504  0.573  0.409  0.410  0.220  0.075  0.043 -0.121 -0.215 -0.223 -0.317 -0.382 -0.345 -0.351 -0.370 -0.377 -0.361 -0.295 -0.214 -0.178 -0.121 -0.126 -0.134 -0.065 -0.041  0.015  0.068  0.017  0.030  0.057  0.125  0.229  0.309  0.222  0.403  0.642  0.759  0.774  0.873  1.000  0.854  0.751  0.551  0.310  0.151  0.002  0.107 -0.062 -0.059 -0.151 -0.175 -0.118 -0.065 -0.074 -0.102  0.053  0.028  0.023
 -0.043 -0.150 -0.106 -0.224 -0.284 -0.264 -0.207 -0.100 -0.111 -0.131 -0.318 -0.383 -0.429 -0.427 -0.399 -0.278 -0.120  0.110  0.367  0.403  0.228  0.253  0.164  0.016 -0.051 -0.138 -0.190 -0.232 -0.315 -0.344 -0.311 -0.329 -0.344 -0.337 -0.321 -0.251 -0.167 -0.127 -0.071 -0.071 -0.069  0.013  0.050  0.107  0.159  0.067  0.087  0.128  0.209  0.308  0.329  0.179  0.289  0.508  0.584  0.697  0.723  0.854  1.000  0.830  0.691  0.389  0.197  0.061  0.183  0.027  0.033 -0.041 -0.089 -0.033 -0.003 -0.023 -0.121 -0.016 -0.044 -0.048
  0.154  0.052  0.038 -0.127 -0.312 -0.320 -0.263 -0.117 -0.128 -0.144 -0.343 -0.381 -0.418 -0.331 -0.306 -0.134 -0.008  0.237  0.463  0.446  0.213  0.121 -0.038 -0.205 -0.205 -0.270 -0.391 -0.413 -0.427 -0.474 -0.455 -0.423 -0.414 -0.425 -0.440 -0.387 -0.315 -0.290 -0.218 -0.232 -0.265 -0.135 -0.128 -0.057  0.037  0.000 -0.012 -0.013  0.010  0.079  0.066 -0.083  0.065  0.302  0.465  0.662  0.772  0.751  0.830  1.000  0.826  0.545  0.384  0.239  0.298  0.067 -0.021 -0.159 -0.252 -0.187 -0.136 -0.088 -0.011  0.194  0.177  0.161
  0.211  0.158  0.112 -0.052 -0.266 -0.281 -0.247 -0.105 -0.151 -0.199 -0.342 -0.320 -0.348 -0.233 -0.216 -0.050  0.037  0.219  0.400  0.342  0.149  0.047 -0.083 -0.233 -0.233 -0.282 -0.393 -0.422 -0.432 -0.470 -0.463 -0.428 -0.403 -0.408 -0.434 -0.388 -0.335 -0.320 -0.255 -0.255 -0.282 -0.166 -0.146 -0.057  0.072  0.023 -0.011 -0.016 -0.021  0.043  0.009 -0.125 -0.018  0.188  0.350  0.600  0.616  0.551  0.691  0.826  1.000  0.760  0.521  0.343  0.437  0.137  0.009 -0.125 -0.241 -0.183 -0.138 -0.079  0.015  0.207  0.189  0.173
  0.433  0.379  0.296  0.068 -0.262 -0.312 -0.297 -0.135 -0.188 -0.203 -0.331 -0.270 -0.278 -0.072 -0.050  0.157  0.180  0.297  0.372  0.257  0.081 -0.106 -0.241 -0.352 -0.321 -0.360 -0.475 -0.489 -0.451 -0.495 -0.505 -0.429 -0.376 -0.398 -0.454 -0.441 -0.425 -0.429 -0.371 -0.388 -0.423 -0.324 -0.307 -0.193 -0.005 -0.007 -0.080 -0.113 -0.192 -0.154 -0.201 -0.289 -0.196 -0.036  0.134  0.354  0.419  0.310  0.389  0.545  0.760  1.000  0.762  0.541  0.557  0.196 -0.040 -0.224 -0.360 -0.316 -0.254 -0.148  0.115  0.366  0.369  0.343
  0.652  0.602  0.510  0.263 -0.186 -0.280 -0.317 -0.175 -0.214 -0.176 -0.305 -0.190 -0.167  0.125  0.172  0.418  0.376  0.415  0.364  0.217  0.058 -0.229 -0.382 -0.461 -0.392 -0.422 -0.545 -0.539 -0.457 -0.508 -0.534 -0.422 -0.345 -0.386 -0.471 -0.493 -0.508 -0.519 -0.459 -0.495 -0.530 -0.434 -0.422 -0.315 -0.139 -0.096 -0.178 -0.223 -0.341 -0.348 -0.410 -0.454 -0.370 -0.239 -0.037  0.174  0.295  0.151  0.197  0.384  0.521  0.762  1.000  0.812  0.605  0.280 -0.044 -0.284 -0.439 -0.406 -0.341 -0.207  0.164  0.472  0.500  0.470
  0.569  0.635  0.614  0.481  0.022 -0.080 -0.222 -0.165 -0.191 -0.118 -0.158  0.001  0.013  0.290  0.270  0.390  0.264  0.255  0.203  0.035 -0.114 -0.372 -0.452 -0.509 -0.459 -0.421 -0.506 -0.521 -0.400 -0.405 -0.456 -0.352 -0.247 -0.274 -0.381 -0.415 -0.463 -0.476 -0.426 -0.452 -0.460 -0.379 -0.358 -0.250 -0.102 -0.081 -0.152 -0.199 -0.322 -0.358 -0.453 -0.501 -0.466 -0.368 -0.201  0.008  0.131  0.002  0.061  0.239  0.343  0.541  0.812  1.000  0.766  0.496  0.125 -0.146 -0.335 -0.320 -0.287 -0.170  0.148  0.393  0.443  0.414
  0.306  0.380  0.453  0.431  0.112  0.046 -0.119 -0.118 -0.155 -0.115 -0.133  0.002 -0.029  0.139  0.078  0.097  0.037  0.074  0.142  0.005 -0.146 -0.285 -0.319 -0.397 -0.406 -0.358 -0.406 -0.461 -0.379 -0.342 -0.391 -0.342 -0.243 -0.237 -0.326 -0.318 -0.352 -0.360 -0.314 -0.303 -0.292 -0.215 -0.177 -0.044  0.107  0.023 -0.033 -0.059 -0.141 -0.157 -0.239 -0.329 -0.301 -0.189 -0.072  0.111  0.180  0.107  0.183  0.298  0.437  0.557  0.605  0.766  1.000  0.686  0.341  0.062 -0.147 -0.146 -0.142 -0.084  0.072  0.205  0.232  0.210
  0.063  0.181  0.382  0.595  0.436  0.387  0.093 -0.099 -0.054  0.044  0.080  0.208  0.168  0.220  0.114 -0.010 -0.109 -0.155 -0.116 -0.220 -0.289 -0.306 -0.217 -0.248 -0.319 -0.210 -0.160 -0.252 -0.191 -0.097 -0.153 -0.159 -0.073 -0.046 -0.116 -0.106 -0.145 -0.138 -0.123 -0.101 -0.044 -0.002  0.057  0.167  0.243  0.106  0.068  0.080  0.045  0.006 -0.085 -0.170 -0.226 -0.197 -0.194 -0.094 -0.071 -0.062  0.027  0.067  0.137  0.196  0.280  0.496  0.686  1.000  0.703  0.334  0.109  0.062 -0.004 -0.015 -0.073 -0.074 -0.032 -0.036
 -0.196 -0.076  0.165  0.440  0.581  0.530  0.248  0.012  0.064  0.091  0.131  0.213  0.181  0.074  0.004 -0.186 -0.256 -0.307 -0.258 -0.278 -0.280 -0.167 -0.018 -0.020 -0.147 -0.060  0.066 -0.033 -0.056  0.059  0.028 -0.040  0.004  0.052  0.034  0.070  0.053  0.070  0.069  0.123  0.219  0.236  0.341  0.448  0.422  0.248  0.229  0.253  0.272  0.234  0.161  0.072 -0.008 -0.026 -0.127 -0.123 -0.151 -0.059  0.033 -0.021  0.009 -0.040 -0.044  0.125  0.341  0.703  1.000  0.656  0.423  0.307  0.183  0.073 -0.194 -0.327 -0.319 -0.310
 -0.422 -0.280 -0.132  0.169  0.488  0.601  0.512  0.271  0.203  0.038  0.198  0.260  0.224 -0.002 -0.099 -0.328 -0.394 -0.473 -0.415 -0.400 -0.328 -0.092  0.126  0.140  0.008  0.119  0.282  0.170  0.098  0.256  0.241  0.098  0.105  0.199  0.234  0.304  0.301  0.322  0.328  0.411  0.527  0.530  0.646  0.707  0.540  0.313  0.363  0.362  0.435  0.358  0.283  0.207  0.089  0.028 -0.152 -0.194 -0.284 -0.151 -0.041 -0.159 -0.125 -0.224 -0.284 -0.146  0.062  0.334  0.656  1.000  0.787  0.602  0.403  0.208 -0.238 -0.563 -0.588 -0.569
 -0.505 -0.383 -0.274  0.004  0.422  0.537  0.459  0.215  0.152  0.047  0.232  0.239  0.212 -0.049 -0.124 -0.359 -0.404 -0.492 -0.447 -0.389 -0.267  0.009  0.228  0.272  0.156  0.225  0.411  0.336  0.218  0.375  0.388  0.208  0.184  0.304  0.387  0.458  0.458  0.455  0.471  0.610  0.718  0.689  0.706  0.635  0.405  0.186  0.268  0.313  0.445  0.406  0.362  0.305  0.178  0.093 -0.114 -0.216 -0.330 -0.175 -0.089 -0.252 -0.241 -0.360 -0.439 -0.335 -0.147  0.109  0.423  0.787  1.000  0.820  0.632  0.398 -0.200 -0.628 -0.688 -0.670
 -0.451 -0.349 -0.276 -0.043  0.309  0.421  0.332  0.122  0.100  0.055  0.190  0.183  0.149 -0.072 -0.140 -0.335 -0.366 -0.434 -0.380 -0.329 -0.219  0.027  0.208  0.206  0.132  0.188  0.329  0.263  0.134  0.301  0.336  0.129  0.104  0.269  0.367  0.478  0.492  0.476  0.537  0.705  0.755  0.787  0.691  0.571  0.316  0.085  0.186  0.259  0.419  0.391  0.340  0.250  0.143  0.103 -0.077 -0.154 -0.257 -0.118 -0.033 -0.187 -0.183 -0.316 -0.406 -0.320 -0.146  0.062  0.307  0.602  0.820  1.000  0.815  0.589 -0.103 -0.585 -0.677 -0.671
 -0.378 -0.310 -0.264 -0.103  0.176  0.276  0.180  0.063  0.017  0.026  0.126  0.082  0.041 -0.123 -0.168 -0.302 -0.307 -0.348 -0.293 -0.240 -0.153  0.046  0.175  0.177  0.120  0.141  0.261  0.216  0.094  0.232  0.280  0.101  0.067  0.217  0.321  0.415  0.435  0.402  0.491  0.702  0.683  0.660  0.537  0.410  0.195  0.016  0.106  0.173  0.321  0.308  0.284  0.212  0.140  0.114 -0.029 -0.100 -0.183 -0.065 -0.003 -0.136 -0.138 -0.254 -0.341 -0.287 -0.142 -0.004  0.183  0.403  0.632  0.815  1.000  0.809  0.067 -0.460 -0.591 -0.601
 -0.230 -0.174 -0.167 -0.058  0.103  0.163  0.087 -0.015 -0.019  0.036  0.115  0.093  0.046 -0.046 -0.095 -0.179 -0.188 -0.221 -0.193 -0.174 -0.119 -0.014  0.061  0.039  0.035  0.073  0.121  0.092  0.028  0.128  0.162  0.030  0.000  0.119  0.202  0.286  0.318  0.267  0.356  0.578  0.490  0.530  0.378  0.244  0.074 -0.062  0.005  0.058  0.185  0.168  0.124  0.053  0.008  0.013 -0.062 -0.082 -0.130 -0.074 -0.023 -0.088 -0.079 -0.148 -0.207 -0.170 -0.084 -0.015  0.073  0.208  0.398  0.589  0.809  1.000  0.191 -0.269 -0.424 -0.449
  0.240  0.233  0.120  0.029 -0.123 -0.145 -0.145 -0.004 -0.138 -0.155 -0.115 -0.061 -0.035  0.091  0.100  0.174  0.150  0.171  0.110  0.054 -0.016 -0.175 -0.275 -0.287 -0.175 -0.191 -0.292 -0.240 -0.170 -0.215 -0.211 -0.152 -0.140 -0.154 -0.156 -0.152 -0.149 -0.207 -0.157 -0.117 -0.235 -0.151 -0.244 -0.289 -0.262 -0.202 -0.256 -0.291 -0.321 -0.312 -0.319 -0.328 -0.275 -0.243 -0.143 -0.073  0.012 -0.102 -0.121 -0.011  0.015  0.115  0.164  0.148  0.072 -0.073 -0.194 -0.238 -0.200 -0.103  0.067  0.191  1.000  0.473  0.247  0.134
  0.515  0.420  0.282  0.040 -0.335 -0.422 -0.411 -0.187 -0.228 -0.205 -0.323 -0.245 -0.212  0.051  0.091  0.323  0.332  0.431  0.375  0.283  0.121 -0.192 -0.426 -0.472 -0.316 -0.372 -0.577 -0.488 -0.328 -0.479 -0.514 -0.311 -0.266 -0.393 -0.473 -0.539 -0.554 -0.580 -0.546 -0.600 -0.671 -0.575 -0.616 -0.580 -0.410 -0.257 -0.359 -0.408 -0.540 -0.513 -0.511 -0.501 -0.375 -0.277 -0.057  0.076  0.238  0.053 -0.016  0.194  0.207  0.366  0.472  0.393  0.205 -0.074 -0.327 -0.563 -0.628 -0.585 -0.460 -0.269  0.473  1.000  0.815  0.671
  0.544  0.470  0.334  0.103 -0.311 -0.402 -0.420 -0.225 -0.243 -0.180 -0.283 -0.204 -0.175  0.096  0.128  0.358  0.342  0.429  0.362  0.255  0.077 -0.259 -0.496 -0.522 -0.364 -0.412 -0.622 -0.533 -0.333 -0.495 -0.551 -0.309 -0.244 -0.398 -0.505 -0.597 -0.631 -0.651 -0.646 -0.713 -0.763 -0.680 -0.694 -0.639 -0.446 -0.262 -0.383 -0.452 -0.604 -0.581 -0.578 -0.557 -0.432 -0.341 -0.108  0.040  0.218  0.028 -0.044  0.177  0.189  0.369  0.500  0.443  0.232 -0.032 -0.319 -0.588 -0.688 -0.677 -0.591 -0.424  0.247  0.815  1.000  0.913
