  1.000  0.727  0.636  0.436 -0.016 -0.136 -0.314 -0.367 -0.177  0.050  0.188  0.299  0.326  0.381  0.500  0.722  0.709  0.611  0.622  0.261  0.156 -0.354 -0.455 -0.283 -0.282 -0.315 -0.399 -0.352 -0.384 -0.406 -0.530 -0.535 -0.549 -0.389 -0.390 -0.424 -0.391 -0.340 -0.128 -0.365 -0.355 -0.396 -0.408 -0.320 -0.098 -0.083 -0.185 -0.385 -0.534 -0.571 -0.559 -0.340 -0.315 -0.351  0.053  0.202  0.148 -0.153 -0.317  0.040  0.338  0.370  0.679  0.717  0.570  0.445  0.057 -0.340 -0.537 -0.476 -0.107  0.155  0.111  0.360  0.407  0.264
  0.727  1.000  0.886  0.556 -0.030 -0.237 -0.361 -0.404 -0.356 -0.019  0.029  0.223  0.404  0.526  0.456  0.461  0.389  0.339  0.305  0.151 -0.097 -0.502 -0.546 -0.316 -0.161 -0.249 -0.284 -0.219 -0.247 -0.236 -0.361 -0.391 -0.331 -0.191 -0.221 -0.203 -0.266 -0.287 -0.103 -0.272 -0.278 -0.465 -0.468 -0.278 -0.148 -0.049 -0.224 -0.397 -0.497 -0.537 -0.530 -0.412 -0.514 -0.607 -0.302 -0.153 -0.087 -0.304 -0.386  0.074  0.359  0.485  0.659  0.741  0.477  0.479  0.113 -0.237 -0.513 -0.446 -0.072  0.028  0.064  0.399  0.439  0.407
  0.636  0.886  1.000  0.692  0.216 -0.070 -0.314 -0.409 -0.340 -0.068  0.038  0.324  0.459  0.663  0.573  0.371  0.313  0.134  0.109 -0.041 -0.179 -0.399 -0.463 -0.245 -0.148 -0.290 -0.253 -0.199 -0.234 -0.143 -0.267 -0.372 -0.250 -0.047 -0.043 -0.018 -0.130 -0.214 -0.043 -0.136 -0.156 -0.395 -0.363 -0.173  0.021  0.064 -0.149 -0.328 -0.470 -0.431 -0.355 -0.338 -0.442 -0.521 -0.311 -0.211 -0.213 -0.390 -0.466 -0.070  0.155  0.362  0.613  0.758  0.471  0.530  0.243 -0.079 -0.386 -0.362 -0.130 -0.077  0.142  0.348  0.234  0.246
  0.436  0.556  0.692  1.000  0.616  0.300 -0.064 -0.346 -0.100  0.194  0.114  0.518  0.334  0.468  0.528  0.245  0.057 -0.144 -0.020 -0.300 -0.355 -0.450 -0.435 -0.193 -0.038 -0.240 -0.213  0.014 -0.037 -0.151 -0.233 -0.098 -0.120 -0.057  0.000 -0.110 -0.209 -0.292 -0.109 -0.127 -0.111 -0.303 -0.166  0.036  0.264  0.256  0.008 -0.062 -0.288 -0.403 -0.340 -0.399 -0.343 -0.375 -0.329 -0.253 -0.309 -0.487 -0.534 -0.192 -0.086  0.036  0.309  0.435  0.254  0.689  0.389  0.144 -0.164 -0.223 -0.245 -0.105  0.178  0.356  0.082  0.039
 -0.016 -0.030  0.216  0.616  1.000  0.706  0.261 -0.008  0.111  0.269  0.169  0.613  0.401  0.325  0.393 -0.098 -0.181 -0.426 -0.322 -0.505 -0.360 -0.082 -0.036  0.156  0.103 -0.217 -0.080  0.146  0.150  0.044 -0.090  0.137  0.142  0.092  0.096  0.064 -0.045 -0.073 -0.094  0.057  0.218  0.057 -0.000  0.024  0.183  0.134  0.092  0.195  0.028 -0.058  0.037 -0.041  0.013 -0.094 -0.192 -0.171 -0.377 -0.360 -0.195 -0.209 -0.325 -0.434 -0.165 -0.047  0.071  0.491  0.605  0.495  0.225  0.192 -0.119 -0.072  0.109 -0.086 -0.301 -0.266
 -0.136 -0.237 -0.070  0.300  0.706  1.000  0.669  0.346  0.373  0.162  0.266  0.589  0.344  0.183  0.147 -0.167 -0.316 -0.437 -0.396 -0.566 -0.389 -0.081  0.071  0.223  0.186 -0.095 -0.027  0.153  0.125  0.033 -0.021  0.071  0.101  0.003 -0.030  0.029 -0.029 -0.013  0.009  0.198  0.420  0.230  0.329  0.396  0.389  0.312  0.378  0.487  0.286  0.023  0.187  0.155  0.134 -0.002 -0.257 -0.200 -0.501 -0.416 -0.155 -0.363 -0.435 -0.545 -0.439 -0.273 -0.004  0.325  0.525  0.690  0.360  0.243 -0.103 -0.110  0.002 -0.319 -0.391 -0.449
 -0.314 -0.361 -0.314 -0.064  0.261  0.669  1.000  0.763  0.510 -0.160 -0.000  0.323  0.111 -0.015 -0.023 -0.120 -0.366 -0.293 -0.317 -0.450 -0.250 -0.030  0.123  0.328  0.210  0.043  0.105  0.181  0.123  0.128  0.243  0.267  0.231  0.030  0.065  0.078  0.041  0.183  0.204  0.318  0.665  0.561  0.574  0.541  0.288  0.106  0.300  0.488  0.479  0.303  0.286  0.299  0.200  0.066 -0.108 -0.185 -0.420 -0.265 -0.088 -0.398 -0.377 -0.503 -0.520 -0.485 -0.174 -0.110  0.281  0.627  0.517  0.339 -0.073 -0.192 -0.162 -0.381 -0.430 -0.562
 -0.367 -0.404 -0.409 -0.346 -0.008  0.346  0.763  1.000  0.612 -0.223 -0.022  0.032  0.049 -0.175 -0.228 -0.188 -0.266 -0.138 -0.222 -0.204 -0.080 -0.019  0.038  0.206  0.051 -0.048 -0.047 -0.079 -0.089 -0.071  0.139  0.117  0.139  0.008  0.053  0.063  0.105  0.282  0.292  0.441  0.661  0.529  0.369  0.380  0.122  0.070  0.299  0.346  0.361  0.310  0.294  0.283  0.128  0.058 -0.144 -0.150 -0.192 -0.137  0.095 -0.178 -0.251 -0.402 -0.442 -0.592 -0.288 -0.386  0.158  0.448  0.486  0.365  0.144 -0.013 -0.204 -0.332 -0.354 -0.474
 -0.177 -0.356 -0.340 -0.100  0.111  0.373  0.510  0.612  1.000  0.350  0.238  0.230 -0.021  0.022  0.007 -0.132 -0.013  0.005 -0.106 -0.164  0.142  0.015 -0.042  0.043  0.156  0.068  0.010  0.107  0.036 -0.026  0.201  0.164  0.073 -0.108 -0.149 -0.047  0.058  0.095  0.200  0.330  0.343  0.354  0.288  0.318  0.066  0.107  0.082  0.256  0.289  0.225  0.170  0.181  0.078 -0.013 -0.163 -0.171 -0.236 -0.262 -0.029 -0.478 -0.291 -0.385 -0.385 -0.413 -0.408 -0.237 -0.061  0.192  0.143  0.245 -0.139 -0.104 -0.394 -0.361 -0.278 -0.357
  0.050 -0.019 -0.068  0.194  0.269  0.162 -0.160 -0.223  0.350  1.000  0.698  0.385 -0.005  0.052  0.103 -0.037  0.151  0.020  0.036 -0.136  0.003 -0.049 -0.213 -0.265  0.130  0.118 -0.057  0.159  0.249  0.094  0.106  0.210  0.016 -0.042 -0.113 -0.095 -0.102 -0.259 -0.174 -0.040 -0.250 -0.215 -0.213 -0.177 -0.283 -0.220 -0.377 -0.192 -0.158 -0.323 -0.435 -0.393 -0.236 -0.258 -0.099 -0.080 -0.047 -0.110  0.012 -0.150  0.018 -0.017 -0.138 -0.059 -0.200  0.228 -0.048 -0.221 -0.275 -0.004 -0.086  0.160 -0.164 -0.136  0.027  0.167
  0.188  0.029  0.038  0.114  0.169  0.266 -0.000 -0.022  0.238  0.698  1.000  0.541  0.318  0.208  0.100  0.182  0.259  0.058  0.001 -0.219 -0.034 -0.038 -0.209 -0.251 -0.100 -0.020 -0.221 -0.141 -0.038 -0.027 -0.065 -0.064 -0.062  0.047 -0.071 -0.087 -0.127 -0.175 -0.065  0.036 -0.043 -0.131 -0.091 -0.120 -0.177 -0.184 -0.233 -0.201 -0.245 -0.346 -0.304 -0.234 -0.127 -0.140 -0.051  0.057 -0.083 -0.135 -0.021 -0.211  0.034  0.026 -0.071 -0.001 -0.043  0.220  0.000 -0.196 -0.276 -0.079  0.088  0.281 -0.069 -0.228 -0.069  0.013
  0.299  0.223  0.324  0.518  0.613  0.589  0.323  0.032  0.230  0.385  0.541  1.000  0.588  0.623  0.574  0.235  0.025 -0.114  0.014 -0.324 -0.208 -0.117 -0.119  0.143  0.174 -0.071 -0.064  0.124  0.050  0.103 -0.001  0.022 -0.033  0.009 -0.041 -0.011 -0.075 -0.127 -0.118 -0.006  0.174 -0.105 -0.051  0.000  0.157  0.006 -0.010  0.030 -0.125 -0.308 -0.276 -0.160 -0.264 -0.366 -0.304 -0.236 -0.503 -0.598 -0.436 -0.441 -0.293 -0.292 -0.064  0.207  0.171  0.400  0.289  0.191 -0.122 -0.076 -0.193 -0.017 -0.018 -0.172 -0.177 -0.191
  0.326  0.404  0.459  0.334  0.401  0.344  0.111  0.049 -0.021 -0.005  0.318  0.588  1.000  0.731  0.616  0.401  0.224  0.095  0.038 -0.046  0.025  0.143  0.067  0.287  0.301  0.150  0.017 -0.015  0.032 -0.025 -0.362 -0.363 -0.135 -0.143 -0.283 -0.198 -0.288 -0.130 -0.135 -0.159  0.089 -0.125 -0.155 -0.150  0.040  0.027  0.038 -0.059 -0.079 -0.097  0.020  0.288  0.081 -0.174 -0.255 -0.247 -0.401 -0.474 -0.427 -0.380 -0.286 -0.257 -0.125  0.110  0.028  0.150  0.202  0.146 -0.137 -0.161  0.041  0.116  0.095 -0.119 -0.100 -0.126
  0.381  0.526  0.663  0.468  0.325  0.183 -0.015 -0.175  0.022  0.052  0.208  0.623  0.731  1.000  0.858  0.437  0.291  0.146  0.080  0.068  0.096  0.093  0.010  0.130  0.170  0.060  0.071  0.055 -0.080  0.052 -0.038 -0.269 -0.154 -0.112 -0.184 -0.029 -0.059 -0.080  0.029 -0.042  0.020 -0.181 -0.114 -0.119  0.061  0.033 -0.098 -0.138 -0.216 -0.199 -0.126  0.092 -0.188 -0.349 -0.269 -0.222 -0.345 -0.456 -0.469 -0.427 -0.233 -0.036  0.093  0.370  0.054  0.155  0.089  0.031 -0.274 -0.181 -0.167 -0.121  0.091 -0.033 -0.112 -0.108
  0.500  0.456  0.573  0.528  0.393  0.147 -0.023 -0.228  0.007  0.103  0.100  0.574  0.616  0.858  1.000  0.605  0.446  0.335  0.307  0.148  0.205  0.188 -0.001  0.139  0.254  0.144  0.068  0.117 -0.019 -0.064 -0.111 -0.243 -0.312 -0.312 -0.276 -0.172 -0.124 -0.119  0.011 -0.158 -0.128 -0.269 -0.190 -0.190  0.055 -0.014 -0.150 -0.175 -0.255 -0.231 -0.218  0.077 -0.089 -0.244 -0.020 -0.104 -0.215 -0.305 -0.437 -0.401 -0.284 -0.095  0.096  0.310  0.020  0.136  0.069 -0.062 -0.315 -0.253 -0.237 -0.100  0.123  0.085 -0.075 -0.109
  0.722  0.461  0.371  0.245 -0.098 -0.167 -0.120 -0.188 -0.132 -0.037  0.182  0.235  0.401  0.437  0.605  1.000  0.731  0.686  0.656  0.424  0.441  0.131 -0.064  0.045  0.011  0.084 -0.033 -0.100 -0.301 -0.398 -0.462 -0.567 -0.621 -0.603 -0.550 -0.533 -0.413 -0.210  0.029 -0.379 -0.295 -0.245 -0.208 -0.280 -0.073 -0.156 -0.249 -0.357 -0.314 -0.318 -0.325  0.024  0.044  0.012  0.287  0.204  0.201 -0.015 -0.300 -0.211  0.011  0.154  0.305  0.350  0.142  0.024 -0.154 -0.410 -0.474 -0.419 -0.206  0.005  0.198  0.324  0.248  0.053
  0.709  0.389  0.313  0.057 -0.181 -0.316 -0.366 -0.266 -0.013  0.151  0.259  0.025  0.224  0.291  0.446  0.731  1.000  0.854  0.643  0.449  0.491  0.049 -0.267 -0.282 -0.181 -0.008 -0.163 -0.144 -0.124 -0.228 -0.343 -0.478 -0.519 -0.502 -0.532 -0.491 -0.327 -0.219 -0.033 -0.387 -0.426 -0.332 -0.460 -0.542 -0.416 -0.251 -0.424 -0.534 -0.484 -0.403 -0.374 -0.051 -0.012 -0.128  0.282  0.310  0.289  0.101 -0.081 -0.086  0.302  0.328  0.417  0.340  0.110 -0.027 -0.267 -0.603 -0.529 -0.413 -0.130  0.100  0.043  0.201  0.359  0.313
  0.611  0.339  0.134 -0.144 -0.426 -0.437 -0.293 -0.138  0.005  0.020  0.058 -0.114  0.095  0.146  0.335  0.686  0.854  1.000  0.802  0.658  0.582  0.090 -0.222 -0.221 -0.112  0.059 -0.175 -0.210 -0.153 -0.375 -0.395 -0.499 -0.570 -0.627 -0.654 -0.599 -0.376 -0.220 -0.062 -0.451 -0.553 -0.358 -0.467 -0.484 -0.394 -0.219 -0.345 -0.542 -0.451 -0.393 -0.402 -0.055 -0.067 -0.086  0.370  0.366  0.410  0.252 -0.029 -0.001  0.265  0.360  0.342  0.180  0.018 -0.194 -0.312 -0.608 -0.588 -0.492 -0.132  0.074  0.032  0.367  0.469  0.352
  0.622  0.305  0.109 -0.020 -0.322 -0.396 -0.317 -0.222 -0.106  0.036  0.001  0.014  0.038  0.080  0.307  0.656  0.643  0.802  1.000  0.694  0.498  0.077 -0.151 -0.110 -0.087  0.037 -0.129 -0.238 -0.183 -0.396 -0.405 -0.343 -0.381 -0.469 -0.483 -0.595 -0.506 -0.417 -0.308 -0.609 -0.643 -0.513 -0.599 -0.482 -0.254 -0.157 -0.242 -0.352 -0.408 -0.439 -0.465 -0.149 -0.086 -0.050  0.384  0.453  0.523  0.226 -0.053  0.178  0.314  0.262  0.321  0.249  0.153 -0.012 -0.141 -0.549 -0.586 -0.588 -0.273 -0.129 -0.128  0.390  0.545  0.439
  0.261  0.151 -0.041 -0.300 -0.505 -0.566 -0.450 -0.204 -0.164 -0.136 -0.219 -0.324 -0.046  0.068  0.148  0.424  0.449  0.658  0.694  1.000  0.810  0.391  0.276  0.190  0.070  0.178  0.169  0.002 -0.131 -0.297 -0.171 -0.283 -0.400 -0.471 -0.459 -0.474 -0.187 -0.079 -0.043 -0.340 -0.553 -0.323 -0.397 -0.518 -0.456 -0.186 -0.199 -0.321 -0.182 -0.083 -0.146  0.160  0.061  0.166  0.438  0.411  0.597  0.389  0.082  0.235  0.194  0.049  0.076  0.047 -0.200 -0.390 -0.462 -0.582 -0.404 -0.368 -0.150 -0.073 -0.144  0.246  0.380  0.354
  0.156 -0.097 -0.179 -0.355 -0.360 -0.389 -0.250 -0.080  0.142  0.003 -0.034 -0.208  0.025  0.096  0.205  0.441  0.491  0.582  0.498  0.810  1.000  0.656  0.485  0.424  0.292  0.396  0.389  0.190 -0.062 -0.150 -0.054 -0.273 -0.443 -0.465 -0.467 -0.346  0.013  0.213  0.247 -0.093 -0.310 -0.057 -0.083 -0.354 -0.412 -0.214 -0.199 -0.187  0.039  0.213  0.116  0.412  0.331  0.412  0.562  0.385  0.410  0.324  0.116 -0.100 -0.027 -0.216 -0.145 -0.106 -0.428 -0.560 -0.652 -0.546 -0.332 -0.161 -0.113  0.009 -0.227 -0.063  0.007  0.015
 -0.354 -0.502 -0.399 -0.450 -0.082 -0.081 -0.030 -0.019  0.015 -0.049 -0.038 -0.117  0.143  0.093  0.188  0.131  0.049  0.090  0.077  0.391  0.656  1.000  0.834  0.660  0.576  0.680  0.626  0.405  0.268  0.206  0.186  0.012 -0.054 -0.122 -0.110  0.014  0.171  0.269  0.115 -0.015 -0.099  0.053  0.145 -0.148 -0.110 -0.112 -0.035  0.078  0.303  0.512  0.481  0.691  0.635  0.644  0.487  0.140  0.127  0.299  0.125 -0.267 -0.481 -0.492 -0.597 -0.435 -0.593 -0.647 -0.460 -0.201 -0.009  0.014 -0.099 -0.085 -0.036 -0.288 -0.316 -0.229
 -0.455 -0.546 -0.463 -0.435 -0.036  0.071  0.123  0.038 -0.042 -0.213 -0.209 -0.119  0.067  0.010 -0.001 -0.064 -0.267 -0.222 -0.151  0.276  0.485  0.834  1.000  0.800  0.515  0.576  0.727  0.477  0.194  0.258  0.245  0.126  0.074 -0.070 -0.043  0.087  0.230  0.357  0.162  0.121  0.151  0.283  0.413  0.074  0.036 -0.016  0.191  0.341  0.543  0.624  0.627  0.740  0.648  0.669  0.391  0.125  0.046  0.207  0.162 -0.152 -0.464 -0.608 -0.651 -0.364 -0.419 -0.503 -0.336  0.056  0.273  0.271  0.010 -0.118 -0.048 -0.426 -0.422 -0.369
 -0.283 -0.316 -0.245 -0.193  0.156  0.223  0.328  0.206  0.043 -0.265 -0.251  0.143  0.287  0.130  0.139  0.045 -0.282 -0.221 -0.110  0.190  0.424  0.660  0.800  1.000  0.705  0.504  0.711  0.541  0.244  0.256  0.133  0.018 -0.090 -0.136 -0.104  0.004  0.167  0.369  0.184  0.129  0.294  0.254  0.361  0.099  0.097 -0.067  0.154  0.307  0.515  0.604  0.474  0.635  0.470  0.460  0.186 -0.140 -0.241 -0.153 -0.190 -0.336 -0.495 -0.761 -0.590 -0.314 -0.394 -0.433 -0.235  0.160  0.263  0.188 -0.138 -0.080 -0.072 -0.315 -0.381 -0.384
 -0.282 -0.161 -0.148 -0.038  0.103  0.186  0.210  0.051  0.156  0.130 -0.100  0.174  0.301  0.170  0.254  0.011 -0.181 -0.112 -0.087  0.070  0.292  0.576  0.515  0.705  1.000  0.793  0.684  0.702  0.597  0.423  0.229  0.093 -0.074 -0.176 -0.177 -0.002  0.097  0.164 -0.005  0.014  0.070  0.041  0.187  0.151  0.112 -0.029  0.007  0.179  0.481  0.417  0.230  0.450  0.294  0.146 -0.076 -0.494 -0.475 -0.359 -0.368 -0.568 -0.597 -0.601 -0.615 -0.317 -0.549 -0.399 -0.374  0.075  0.125  0.074 -0.169 -0.040 -0.128 -0.275 -0.255 -0.183
 -0.315 -0.249 -0.290 -0.240 -0.217 -0.095  0.043 -0.048  0.068  0.118 -0.020 -0.071  0.150  0.060  0.144  0.084 -0.008  0.059  0.037  0.178  0.396  0.680  0.576  0.504  0.793  1.000  0.809  0.650  0.553  0.456  0.294  0.090 -0.030 -0.180 -0.178  0.012  0.110  0.209  0.111 -0.042 -0.080 -0.108  0.138  0.011 -0.022 -0.031 -0.058  0.096  0.296  0.320  0.258  0.493  0.447  0.341  0.130 -0.249 -0.240 -0.060 -0.135 -0.439 -0.454 -0.331 -0.626 -0.364 -0.629 -0.520 -0.595 -0.260 -0.098 -0.091 -0.101 -0.030 -0.055 -0.253 -0.197 -0.139
 -0.399 -0.284 -0.253 -0.213 -0.080 -0.027  0.105 -0.047  0.010 -0.057 -0.221 -0.064  0.017  0.071  0.068 -0.033 -0.163 -0.175 -0.129  0.169  0.389  0.626  0.727  0.711  0.684  0.809  1.000  0.795  0.446  0.512  0.412  0.160 -0.015 -0.164 -0.102  0.104  0.269  0.366  0.250  0.123  0.138  0.038  0.256  0.003 -0.047 -0.111 -0.083  0.204  0.413  0.487  0.402  0.541  0.467  0.427  0.191 -0.190 -0.254 -0.068 -0.095 -0.362 -0.372 -0.456 -0.574 -0.254 -0.534 -0.460 -0.516 -0.175  0.079  0.089 -0.188 -0.187 -0.121 -0.321 -0.256 -0.182
 -0.352 -0.219 -0.199  0.014  0.146  0.153  0.181 -0.079  0.107  0.159 -0.141  0.124 -0.015  0.055  0.117 -0.100 -0.144 -0.210 -0.238  0.002  0.190  0.405  0.477  0.541  0.702  0.650  0.795  1.000  0.710  0.615  0.555  0.425  0.041 -0.135 -0.035  0.072  0.258  0.231  0.110  0.020  0.085  0.007  0.158 -0.097 -0.173 -0.123 -0.183  0.066  0.313  0.290  0.190  0.324  0.251  0.112 -0.063 -0.448 -0.467 -0.290 -0.245 -0.463 -0.463 -0.561 -0.536 -0.213 -0.448 -0.254 -0.447 -0.138  0.121  0.041 -0.381 -0.227 -0.096 -0.268 -0.124 -0.055
 -0.384 -0.247 -0.234 -0.037  0.150  0.125  0.123 -0.089  0.036  0.249 -0.038  0.050  0.032 -0.080 -0.019 -0.301 -0.124 -0.153 -0.183 -0.131 -0.062  0.268  0.194  0.244  0.597  0.553  0.446  0.710  1.000  0.748  0.467  0.538  0.391  0.147  0.055 -0.005 -0.035 -0.112 -0.325 -0.303 -0.123 -0.083 -0.070 -0.141 -0.199 -0.115 -0.225 -0.117  0.135  0.129  0.086  0.195  0.212 -0.035 -0.183 -0.466 -0.435 -0.298 -0.333 -0.403 -0.318 -0.334 -0.511 -0.333 -0.379 -0.132 -0.185 -0.061  0.113 -0.093 -0.356 -0.181 -0.087 -0.113  0.103  0.165
 -0.406 -0.236 -0.143 -0.151  0.044  0.033  0.128 -0.071 -0.026  0.094 -0.027  0.103 -0.025  0.052 -0.064 -0.398 -0.228 -0.375 -0.396 -0.297 -0.150  0.206  0.258  0.256  0.423  0.456  0.512  0.615  0.748  1.000  0.752  0.549  0.493  0.504  0.420  0.494  0.383  0.263  0.010  0.095  0.264  0.153  0.189  0.015 -0.083 -0.141 -0.127  0.043  0.174  0.217  0.141  0.151  0.065 -0.115 -0.310 -0.469 -0.536 -0.363 -0.217 -0.335 -0.203 -0.171 -0.332 -0.098 -0.181 -0.198 -0.308  0.024  0.224  0.146 -0.087 -0.022 -0.027 -0.393 -0.231 -0.113
 -0.530 -0.361 -0.267 -0.233 -0.090 -0.021  0.243  0.139  0.201  0.106 -0.065 -0.001 -0.362 -0.038 -0.111 -0.462 -0.343 -0.395 -0.405 -0.171 -0.054  0.186  0.245  0.133  0.229  0.294  0.412  0.555  0.467  0.752  1.000  0.750  0.484  0.497  0.578  0.599  0.597  0.382  0.273  0.391  0.333  0.250  0.305  0.101 -0.163 -0.143 -0.104  0.130  0.192  0.240  0.123  0.064 -0.056 -0.094 -0.179 -0.319 -0.313 -0.109  0.052 -0.180 -0.214 -0.215 -0.357 -0.210 -0.288 -0.299 -0.363  0.013  0.265  0.225 -0.105 -0.155 -0.209 -0.441 -0.324 -0.203
 -0.535 -0.391 -0.372 -0.098  0.137  0.071  0.267  0.117  0.164  0.210 -0.064  0.022 -0.363 -0.269 -0.243 -0.567 -0.478 -0.499 -0.343 -0.283 -0.273  0.012  0.126  0.018  0.093  0.090  0.160  0.425  0.538  0.549  0.750  1.000  0.774  0.560  0.589  0.353  0.223  0.001 -0.158  0.051  0.174  0.189  0.128  0.024 -0.215 -0.126 -0.078  0.174  0.222  0.219  0.138  0.009  0.049 -0.069 -0.134 -0.188 -0.147 -0.007  0.142  0.039 -0.080 -0.295 -0.382 -0.281 -0.144  0.007  0.021  0.112  0.315  0.185 -0.201 -0.316 -0.378 -0.354 -0.098  0.019
 -0.549 -0.331 -0.250 -0.120  0.142  0.101  0.231  0.139  0.073  0.016 -0.062 -0.033 -0.135 -0.154 -0.312 -0.621 -0.519 -0.570 -0.381 -0.400 -0.443 -0.054  0.074 -0.090 -0.074 -0.030 -0.015  0.041  0.391  0.493  0.484  0.774  1.000  0.760  0.609  0.395  0.032 -0.134 -0.335 -0.050  0.214  0.251  0.103  0.160  0.001  0.089  0.128  0.296  0.259  0.248  0.326  0.122  0.147 -0.033 -0.246 -0.104 -0.103 -0.028  0.150  0.087  0.018 -0.082 -0.296 -0.235  0.001  0.093  0.298  0.346  0.355  0.202 -0.050 -0.376 -0.346 -0.340 -0.115 -0.008
 -0.389 -0.191 -0.047 -0.057  0.092  0.003  0.030  0.008 -0.108 -0.042  0.047  0.009 -0.143 -0.112 -0.312 -0.603 -0.502 -0.627 -0.469 -0.471 -0.465 -0.122 -0.070 -0.136 -0.176 -0.180 -0.164 -0.135  0.147  0.504  0.497  0.560  0.760  1.000  0.896  0.735  0.399  0.167 -0.032  0.228  0.296  0.155  0.138  0.164  0.097  0.129  0.208  0.263  0.037  0.157  0.160 -0.123 -0.128 -0.136 -0.368 -0.146 -0.149 -0.063  0.145  0.202  0.122  0.071 -0.017 -0.030  0.120  0.073  0.133  0.280  0.225  0.147  0.130 -0.009 -0.102 -0.305 -0.293 -0.119
 -0.390 -0.221 -0.043  0.000  0.096 -0.030  0.065  0.053 -0.149 -0.113 -0.071 -0.041 -0.283 -0.184 -0.276 -0.550 -0.532 -0.654 -0.483 -0.459 -0.467 -0.110 -0.043 -0.104 -0.177 -0.178 -0.102 -0.035  0.055  0.420  0.578  0.589  0.609  0.896  1.000  0.823  0.553  0.280  0.119  0.401  0.362  0.144  0.186  0.153  0.097  0.129  0.227  0.308  0.051  0.185  0.116 -0.181 -0.168 -0.092 -0.263 -0.149 -0.093  0.041  0.175  0.251  0.009 -0.011 -0.017 -0.037  0.087  0.014  0.073  0.254  0.304  0.151  0.106  0.002  0.000 -0.263 -0.375 -0.193
 -0.424 -0.203 -0.018 -0.110  0.064  0.029  0.078  0.063 -0.047 -0.095 -0.087 -0.011 -0.198 -0.029 -0.172 -0.533 -0.491 -0.599 -0.595 -0.474 -0.346  0.014  0.087  0.004 -0.002  0.012  0.104  0.072 -0.005  0.494  0.599  0.353  0.395  0.735  0.823  1.000  0.835  0.626  0.427  0.661  0.526  0.234  0.317  0.272  0.181  0.247  0.342  0.426  0.176  0.267  0.252 -0.024 -0.101 -0.033 -0.271 -0.207 -0.250 -0.011  0.215  0.047 -0.152  0.033 -0.056 -0.005 -0.007 -0.156 -0.098  0.297  0.251  0.283  0.262  0.110  0.049 -0.408 -0.629 -0.451
 -0.391 -0.266 -0.130 -0.209 -0.045 -0.029  0.041  0.105  0.058 -0.102 -0.127 -0.075 -0.288 -0.059 -0.124 -0.413 -0.327 -0.376 -0.506 -0.187  0.013  0.171  0.230  0.167  0.097  0.110  0.269  0.258 -0.035  0.383  0.597  0.223  0.032  0.399  0.553  0.835  1.000  0.873  0.698  0.761  0.496  0.201  0.352  0.186  0.061  0.241  0.342  0.362  0.175  0.309  0.287  0.087 -0.035  0.105 -0.095 -0.110 -0.177  0.060  0.251 -0.018 -0.193 -0.109 -0.119 -0.083 -0.227 -0.400 -0.386  0.083  0.167  0.288  0.214  0.169  0.025 -0.398 -0.660 -0.499
 -0.340 -0.287 -0.214 -0.292 -0.073 -0.013  0.183  0.282  0.095 -0.259 -0.175 -0.127 -0.130 -0.080 -0.119 -0.210 -0.219 -0.220 -0.417 -0.079  0.213  0.269  0.357  0.369  0.164  0.209  0.366  0.231 -0.112  0.263  0.382  0.001 -0.134  0.167  0.280  0.626  0.873  1.000  0.859  0.742  0.587  0.358  0.459  0.215  0.053  0.210  0.391  0.377  0.259  0.388  0.398  0.290  0.166  0.292  0.053 -0.002 -0.149  0.078  0.268 -0.070 -0.205 -0.191 -0.201 -0.208 -0.304 -0.516 -0.424  0.100  0.190  0.354  0.336  0.269  0.063 -0.389 -0.721 -0.665
 -0.128 -0.103 -0.043 -0.109 -0.094  0.009  0.204  0.292  0.200 -0.174 -0.065 -0.118 -0.135  0.029  0.011  0.029 -0.033 -0.062 -0.308 -0.043  0.247  0.115  0.162  0.184 -0.005  0.111  0.250  0.110 -0.325  0.010  0.273 -0.158 -0.335 -0.032  0.119  0.427  0.698  0.859  1.000  0.733  0.497  0.280  0.463  0.232  0.036  0.155  0.243  0.237  0.046  0.166  0.188  0.111  0.023  0.189  0.047  0.030 -0.092  0.073  0.245 -0.061 -0.107 -0.065 -0.077 -0.135 -0.270 -0.360 -0.363  0.021  0.021  0.251  0.262  0.251  0.145 -0.214 -0.606 -0.630
 -0.365 -0.272 -0.136 -0.127  0.057  0.198  0.318  0.441  0.330 -0.040  0.036 -0.006 -0.159 -0.042 -0.158 -0.379 -0.387 -0.451 -0.609 -0.340 -0.093 -0.015  0.121  0.129  0.014 -0.042  0.123  0.020 -0.303  0.095  0.391  0.051 -0.050  0.228  0.401  0.661  0.761  0.742  0.733  1.000  0.748  0.509  0.587  0.474  0.199  0.124  0.324  0.468  0.368  0.380  0.261  0.065 -0.073  0.080 -0.094 -0.112 -0.217 -0.005  0.248 -0.065 -0.199 -0.192 -0.187 -0.225 -0.257 -0.291 -0.149  0.380  0.447  0.590  0.486  0.360 -0.023 -0.488 -0.775 -0.666
 -0.355 -0.278 -0.156 -0.111  0.218  0.420  0.665  0.661  0.343 -0.250 -0.043  0.174  0.089  0.020 -0.128 -0.295 -0.426 -0.553 -0.643 -0.553 -0.310 -0.099  0.151  0.294  0.070 -0.080  0.138  0.085 -0.123  0.264  0.333  0.174  0.214  0.296  0.362  0.526  0.496  0.587  0.497  0.748  1.000  0.719  0.679  0.579  0.337  0.109  0.390  0.569  0.542  0.487  0.428  0.287  0.123  0.033 -0.272 -0.271 -0.452 -0.306  0.041 -0.235 -0.230 -0.339 -0.268 -0.226 -0.065 -0.204  0.125  0.623  0.675  0.672  0.348  0.138 -0.083 -0.594 -0.715 -0.723
 -0.396 -0.465 -0.395 -0.303  0.057  0.230  0.561  0.529  0.354 -0.215 -0.131 -0.105 -0.125 -0.181 -0.269 -0.245 -0.332 -0.358 -0.513 -0.323 -0.057  0.053  0.283  0.254  0.041 -0.108  0.038  0.007 -0.083  0.153  0.250  0.189  0.251  0.155  0.144  0.234  0.201  0.358  0.280  0.509  0.719  1.000  0.791  0.604  0.242 -0.126  0.166  0.360  0.689  0.600  0.457  0.351  0.253  0.213  0.048 -0.059 -0.179 -0.041  0.160 -0.197 -0.205 -0.282 -0.236 -0.295 -0.070 -0.245  0.035  0.579  0.781  0.830  0.432  0.167 -0.094 -0.474 -0.538 -0.604
 -0.408 -0.468 -0.363 -0.166 -0.000  0.329  0.574  0.369  0.288 -0.213 -0.091 -0.051 -0.155 -0.114 -0.190 -0.208 -0.460 -0.467 -0.599 -0.397 -0.083  0.145  0.413  0.361  0.187  0.138  0.256  0.158 -0.070  0.189  0.305  0.128  0.103  0.138  0.186  0.317  0.352  0.459  0.463  0.587  0.679  0.791  1.000  0.799  0.511  0.114  0.345  0.509  0.655  0.606  0.489  0.353  0.285  0.343  0.009 -0.140 -0.291 -0.086  0.027 -0.319 -0.354 -0.324 -0.371 -0.302 -0.211 -0.262 -0.107  0.528  0.624  0.666  0.275  0.151  0.101 -0.422 -0.663 -0.734
 -0.320 -0.278 -0.173  0.036  0.024  0.396  0.541  0.380  0.318 -0.177 -0.120  0.000 -0.150 -0.119 -0.190 -0.280 -0.542 -0.484 -0.482 -0.518 -0.354 -0.148  0.074  0.099  0.151  0.011  0.003 -0.097 -0.141  0.015  0.101  0.024  0.160  0.164  0.153  0.272  0.186  0.215  0.232  0.474  0.579  0.604  0.799  1.000  0.799  0.379  0.516  0.590  0.614  0.413  0.384  0.154  0.108  0.133 -0.207 -0.237 -0.342 -0.255 -0.095 -0.297 -0.289 -0.113 -0.199 -0.172 -0.048 -0.033  0.179  0.689  0.559  0.564  0.250 -0.002 -0.031 -0.243 -0.500 -0.590
 -0.098 -0.148  0.021  0.264  0.183  0.389  0.288  0.122  0.066 -0.283 -0.177  0.157  0.040  0.061  0.055 -0.073 -0.416 -0.394 -0.254 -0.456 -0.412 -0.110  0.036  0.097  0.112 -0.022 -0.047 -0.173 -0.199 -0.083 -0.163 -0.215  0.001  0.097  0.097  0.181  0.061  0.053  0.036  0.199  0.337  0.242  0.511  0.799  1.000  0.522  0.560  0.481  0.334  0.195  0.280  0.084  0.070  0.134 -0.250 -0.249 -0.344 -0.348 -0.293 -0.279 -0.373 -0.040 -0.016  0.029  0.128  0.118  0.301  0.586  0.345  0.272  0.105 -0.027  0.268  0.058 -0.328 -0.480
 -0.083 -0.049  0.064  0.256  0.134  0.312  0.106  0.070  0.107 -0.220 -0.184  0.006  0.027  0.033 -0.014 -0.156 -0.251 -0.219 -0.157 -0.186 -0.214 -0.112 -0.016 -0.067 -0.029 -0.031 -0.111 -0.123 -0.115 -0.141 -0.143 -0.126  0.089  0.129  0.129  0.247  0.241  0.210  0.155  0.124  0.109 -0.126  0.114  0.379  0.522  1.000  0.865  0.578  0.106 -0.002  0.353  0.148  0.153  0.162 -0.262  0.005 -0.027 -0.113 -0.098 -0.102 -0.282 -0.028 -0.109 -0.054 -0.055  0.035  0.192  0.352 -0.020 -0.164 -0.169 -0.307  0.078  0.077 -0.291 -0.375
 -0.185 -0.224 -0.149  0.008  0.092  0.378  0.300  0.299  0.082 -0.377 -0.233 -0.010  0.038 -0.098 -0.150 -0.249 -0.424 -0.345 -0.242 -0.199 -0.199 -0.035  0.191  0.154  0.007 -0.058 -0.083 -0.183 -0.225 -0.127 -0.104 -0.078  0.128  0.208  0.227  0.342  0.342  0.391  0.243  0.324  0.390  0.166  0.345  0.516  0.560  0.865  1.000  0.785  0.359  0.203  0.457  0.281  0.217  0.240 -0.177  0.100 -0.006 -0.036  0.099  0.056 -0.247 -0.209 -0.229 -0.177 -0.012 -0.100  0.196  0.560  0.282  0.140  0.137 -0.096  0.022 -0.210 -0.521 -0.566
 -0.385 -0.397 -0.328 -0.062  0.195  0.487  0.488  0.346  0.256 -0.192 -0.201  0.030 -0.059 -0.138 -0.175 -0.357 -0.534 -0.542 -0.352 -0.321 -0.187  0.078  0.341  0.307  0.179  0.096  0.204  0.066 -0.117  0.043  0.130  0.174  0.296  0.263  0.308  0.426  0.362  0.377  0.237  0.468  0.569  0.360  0.509  0.590  0.481  0.578  0.785  1.000  0.690  0.488  0.533  0.394  0.342  0.303 -0.067  0.102 -0.069  0.022  0.267  0.011 -0.193 -0.411 -0.438 -0.334 -0.183 -0.160  0.144  0.651  0.492  0.401  0.141 -0.165 -0.272 -0.575 -0.676 -0.582
 -0.534 -0.497 -0.470 -0.288  0.028  0.286  0.479  0.361  0.289 -0.158 -0.245 -0.125 -0.079 -0.216 -0.255 -0.314 -0.484 -0.451 -0.408 -0.182  0.039  0.303  0.543  0.515  0.481  0.296  0.413  0.313  0.135  0.174  0.192  0.222  0.259  0.037  0.051  0.176  0.175  0.259  0.046  0.368  0.542  0.689  0.655  0.614  0.334  0.106  0.359  0.690  1.000  0.812  0.646  0.602  0.500  0.398  0.108 -0.083 -0.163 -0.012  0.131 -0.251 -0.327 -0.531 -0.529 -0.396 -0.333 -0.371 -0.093  0.541  0.724  0.669  0.213 -0.107 -0.385 -0.615 -0.521 -0.427
 -0.571 -0.537 -0.431 -0.403 -0.058  0.023  0.303  0.310  0.225 -0.323 -0.346 -0.308 -0.097 -0.199 -0.231 -0.318 -0.403 -0.393 -0.439 -0.083  0.213  0.512  0.624  0.604  0.417  0.320  0.487  0.290  0.129  0.217  0.240  0.219  0.248  0.157  0.185  0.267  0.309  0.388  0.166  0.380  0.487  0.600  0.606  0.413  0.195 -0.002  0.203  0.488  0.812  1.000  0.807  0.727  0.632  0.589  0.244 -0.060 -0.079  0.145  0.120 -0.255 -0.318 -0.510 -0.485 -0.423 -0.459 -0.568 -0.233  0.294  0.564  0.511  0.098 -0.098 -0.297 -0.497 -0.492 -0.397
 -0.559 -0.530 -0.355 -0.340  0.037  0.187  0.286  0.294  0.170 -0.435 -0.304 -0.276  0.020 -0.126 -0.218 -0.325 -0.374 -0.402 -0.465 -0.146  0.116  0.481  0.627  0.474  0.230  0.258  0.402  0.190  0.086  0.141  0.123  0.138  0.326  0.160  0.116  0.252  0.287  0.398  0.188  0.261  0.428  0.457  0.489  0.384  0.280  0.353  0.457  0.533  0.646  0.807  1.000  0.848  0.805  0.707  0.206  0.042 -0.084  0.124  0.159 -0.263 -0.404 -0.428 -0.483 -0.364 -0.316 -0.384 -0.033  0.325  0.419  0.341  0.031 -0.317 -0.250 -0.410 -0.450 -0.459
 -0.340 -0.412 -0.338 -0.399 -0.041  0.155  0.299  0.283  0.181 -0.393 -0.234 -0.160  0.288  0.092  0.077  0.024 -0.051 -0.055 -0.149  0.160  0.412  0.691  0.740  0.635  0.450  0.493  0.541  0.324  0.195  0.151  0.064  0.009  0.122 -0.123 -0.181 -0.024  0.087  0.290  0.111  0.065  0.287  0.351  0.353  0.154  0.084  0.148  0.281  0.394  0.602  0.727  0.848  1.000  0.867  0.659  0.312  0.066 -0.074  0.091  0.041 -0.385 -0.443 -0.536 -0.580 -0.393 -0.419 -0.525 -0.217  0.149  0.285  0.182 -0.025 -0.248 -0.279 -0.457 -0.347 -0.387
 -0.315 -0.514 -0.442 -0.343  0.013  0.134  0.200  0.128  0.078 -0.236 -0.127 -0.264  0.081 -0.188 -0.089  0.044 -0.012 -0.067 -0.086  0.061  0.331  0.635  0.648  0.470  0.294  0.447  0.467  0.251  0.212  0.065 -0.056  0.049  0.147 -0.128 -0.168 -0.101 -0.035  0.166  0.023 -0.073  0.123  0.253  0.285  0.108  0.070  0.153  0.217  0.342  0.500  0.632  0.805  0.867  1.000  0.858  0.527  0.257  0.128  0.295  0.131 -0.279 -0.342 -0.401 -0.525 -0.410 -0.359 -0.351 -0.115  0.033  0.192  0.087 -0.089 -0.263 -0.228 -0.286 -0.232 -0.317
 -0.351 -0.607 -0.521 -0.375 -0.094 -0.002  0.066  0.058 -0.013 -0.258 -0.140 -0.366 -0.174 -0.349 -0.244  0.012 -0.128 -0.086 -0.050  0.166  0.412  0.644  0.669  0.460  0.146  0.341  0.427  0.112 -0.035 -0.115 -0.094 -0.069 -0.033 -0.136 -0.092 -0.033  0.105  0.292  0.189  0.080  0.033  0.213  0.343  0.133  0.134  0.162  0.240  0.303  0.398  0.589  0.707  0.659  0.858  1.000  0.701  0.434  0.342  0.512  0.242 -0.100 -0.306 -0.306 -0.426 -0.418 -0.386 -0.388 -0.197 -0.060  0.121  0.075 -0.016 -0.122 -0.056 -0.088 -0.266 -0.359
  0.053 -0.302 -0.311 -0.329 -0.192 -0.257 -0.108 -0.144 -0.163 -0.099 -0.051 -0.304 -0.255 -0.269 -0.020  0.287  0.282  0.370  0.384  0.438  0.562  0.487  0.391  0.186 -0.076  0.130  0.191 -0.063 -0.183 -0.310 -0.179 -0.134 -0.246 -0.368 -0.263 -0.271 -0.095  0.053  0.047 -0.094 -0.272  0.048  0.009 -0.207 -0.250 -0.262 -0.177 -0.067  0.108  0.244  0.206  0.312  0.527  0.701  1.000  0.761  0.637  0.756  0.376  0.148  0.076 -0.023 -0.052 -0.136 -0.143 -0.229 -0.196 -0.332 -0.093 -0.048  0.041 -0.031 -0.156  0.036  0.007  0.004
  0.202 -0.153 -0.211 -0.253 -0.171 -0.200 -0.185 -0.150 -0.171 -0.080  0.057 -0.236 -0.247 -0.222 -0.104  0.204  0.310  0.366  0.453  0.411  0.385  0.140  0.125 -0.140 -0.494 -0.249 -0.190 -0.448 -0.466 -0.469 -0.319 -0.188 -0.104 -0.146 -0.149 -0.207 -0.110 -0.002  0.030 -0.112 -0.271 -0.059 -0.140 -0.237 -0.249  0.005  0.100  0.102 -0.083 -0.060  0.042  0.066  0.257  0.434  0.761  1.000  0.832  0.781  0.602  0.512  0.469  0.211  0.169 -0.004  0.099 -0.027  0.035 -0.209 -0.188 -0.083  0.140 -0.038 -0.192 -0.012  0.000  0.062
  0.148 -0.087 -0.213 -0.309 -0.377 -0.501 -0.420 -0.192 -0.236 -0.047 -0.083 -0.503 -0.401 -0.345 -0.215  0.201  0.289  0.410  0.523  0.597  0.410  0.127  0.046 -0.241 -0.475 -0.240 -0.254 -0.467 -0.435 -0.536 -0.313 -0.147 -0.103 -0.149 -0.093 -0.250 -0.177 -0.149 -0.092 -0.217 -0.452 -0.179 -0.291 -0.342 -0.344 -0.027 -0.006 -0.069 -0.163 -0.079 -0.084 -0.074  0.128  0.342  0.637  0.832  1.000  0.844  0.539  0.632  0.481  0.317  0.217 -0.032  0.004 -0.158 -0.049 -0.357 -0.243 -0.191  0.027 -0.069 -0.097  0.228  0.221  0.265
 -0.153 -0.304 -0.390 -0.487 -0.360 -0.416 -0.265 -0.137 -0.262 -0.110 -0.135 -0.598 -0.474 -0.456 -0.305 -0.015  0.101  0.252  0.226  0.389  0.324  0.299  0.207 -0.153 -0.359 -0.060 -0.068 -0.290 -0.298 -0.363 -0.109 -0.007 -0.028 -0.063  0.041 -0.011  0.060  0.078  0.073 -0.005 -0.306 -0.041 -0.086 -0.255 -0.348 -0.113 -0.036  0.022 -0.012  0.145  0.124  0.091  0.295  0.512  0.756  0.781  0.844  1.000  0.728  0.574  0.324  0.232  0.015 -0.248 -0.144 -0.285 -0.128 -0.268 -0.103 -0.045  0.173  0.020 -0.045  0.053  0.014  0.125
 -0.317 -0.386 -0.466 -0.534 -0.195 -0.155 -0.088  0.095 -0.029  0.012 -0.021 -0.436 -0.427 -0.469 -0.437 -0.300 -0.081 -0.029 -0.053  0.082  0.116  0.125  0.162 -0.190 -0.368 -0.135 -0.095 -0.245 -0.333 -0.217  0.052  0.142  0.150  0.145  0.175  0.215  0.251  0.268  0.245  0.248  0.041  0.160  0.027 -0.095 -0.293 -0.098  0.099  0.267  0.131  0.120  0.159  0.041  0.131  0.242  0.376  0.602  0.539  0.728  1.000  0.675  0.412  0.091 -0.051 -0.268 -0.034 -0.193 -0.045 -0.001  0.110  0.331  0.448  0.109 -0.203 -0.382 -0.234  0.006
  0.040  0.074 -0.070 -0.192 -0.209 -0.363 -0.398 -0.178 -0.478 -0.150 -0.211 -0.441 -0.380 -0.427 -0.401 -0.211 -0.086 -0.001  0.178  0.235 -0.100 -0.267 -0.152 -0.336 -0.568 -0.439 -0.362 -0.463 -0.403 -0.335 -0.180  0.039  0.087  0.202  0.251  0.047 -0.018 -0.070 -0.061 -0.065 -0.235 -0.197 -0.319 -0.297 -0.279 -0.102  0.056  0.011 -0.251 -0.255 -0.263 -0.385 -0.279 -0.100  0.148  0.512  0.632  0.574  0.675  1.000  0.689  0.339  0.345  0.103  0.343  0.166  0.181 -0.075 -0.029  0.015  0.346  0.166  0.027  0.105  0.200  0.368
  0.338  0.359  0.155 -0.086 -0.325 -0.435 -0.377 -0.251 -0.291  0.018  0.034 -0.293 -0.286 -0.233 -0.284  0.011  0.302  0.265  0.314  0.194 -0.027 -0.481 -0.464 -0.495 -0.597 -0.454 -0.372 -0.463 -0.318 -0.203 -0.214 -0.080  0.018  0.122  0.009 -0.152 -0.193 -0.205 -0.107 -0.199 -0.230 -0.205 -0.354 -0.289 -0.373 -0.282 -0.247 -0.193 -0.327 -0.318 -0.404 -0.443 -0.342 -0.306  0.076  0.469  0.481  0.324  0.412  0.689  1.000  0.586  0.583  0.339  0.379  0.222  0.051 -0.287 -0.235 -0.078  0.191  0.121 -0.223  0.074  0.386  0.545
  0.370  0.485  0.362  0.036 -0.434 -0.545 -0.503 -0.402 -0.385 -0.017  0.026 -0.292 -0.257 -0.036 -0.095  0.154  0.328  0.360  0.262  0.049 -0.216 -0.492 -0.608 -0.761 -0.601 -0.331 -0.456 -0.561 -0.334 -0.171 -0.215 -0.295 -0.082  0.071 -0.011  0.033 -0.109 -0.191 -0.065 -0.192 -0.339 -0.282 -0.324 -0.113 -0.040 -0.028 -0.209 -0.411 -0.531 -0.510 -0.428 -0.536 -0.401 -0.306 -0.023  0.211  0.317  0.232  0.091  0.339  0.586  1.000  0.749  0.510  0.454  0.257  0.042 -0.323 -0.434 -0.270  0.188  0.133  0.214  0.480  0.421  0.360
  0.679  0.659  0.613  0.309 -0.165 -0.439 -0.520 -0.442 -0.385 -0.138 -0.071 -0.064 -0.125  0.093  0.096  0.305  0.417  0.342  0.321  0.076 -0.145 -0.597 -0.651 -0.590 -0.615 -0.626 -0.574 -0.536 -0.511 -0.332 -0.357 -0.382 -0.296 -0.017 -0.017 -0.056 -0.119 -0.201 -0.077 -0.187 -0.268 -0.236 -0.371 -0.199 -0.016 -0.109 -0.229 -0.438 -0.529 -0.485 -0.483 -0.580 -0.525 -0.426 -0.052  0.169  0.217  0.015 -0.051  0.345  0.583  0.749  1.000  0.821  0.735  0.459  0.118 -0.268 -0.354 -0.223  0.115  0.147  0.164  0.477  0.447  0.393
  0.717  0.741  0.758  0.435 -0.047 -0.273 -0.485 -0.592 -0.413 -0.059 -0.001  0.207  0.110  0.370  0.310  0.350  0.340  0.180  0.249  0.047 -0.106 -0.435 -0.364 -0.314 -0.317 -0.364 -0.254 -0.213 -0.333 -0.098 -0.210 -0.281 -0.235 -0.030 -0.037 -0.005 -0.083 -0.208 -0.135 -0.225 -0.226 -0.295 -0.302 -0.172  0.029 -0.054 -0.177 -0.334 -0.396 -0.423 -0.364 -0.393 -0.410 -0.418 -0.136 -0.004 -0.032 -0.248 -0.268  0.103  0.339  0.510  0.821  1.000  0.775  0.560  0.054 -0.262 -0.385 -0.261 -0.043 -0.027  0.065  0.269  0.360  0.332
  0.570  0.477  0.471  0.254  0.071 -0.004 -0.174 -0.288 -0.408 -0.200 -0.043  0.171  0.028  0.054  0.020  0.142  0.110  0.018  0.153 -0.200 -0.428 -0.593 -0.419 -0.394 -0.549 -0.629 -0.534 -0.448 -0.379 -0.181 -0.288 -0.144  0.001  0.120  0.087 -0.007 -0.227 -0.304 -0.270 -0.257 -0.065 -0.070 -0.211 -0.048  0.128 -0.055 -0.012 -0.183 -0.333 -0.459 -0.316 -0.419 -0.359 -0.386 -0.143  0.099  0.004 -0.144 -0.034  0.343  0.379  0.454  0.735  0.775  1.000  0.707  0.451  0.092 -0.090 -0.092  0.121  0.020  0.138  0.226  0.355  0.236
  0.445  0.479  0.530  0.689  0.491  0.325 -0.110 -0.386 -0.237  0.228  0.220  0.400  0.150  0.155  0.136  0.024 -0.027 -0.194 -0.012 -0.390 -0.560 -0.647 -0.503 -0.433 -0.399 -0.520 -0.460 -0.254 -0.132 -0.198 -0.299  0.007  0.093  0.073  0.014 -0.156 -0.400 -0.516 -0.360 -0.291 -0.204 -0.245 -0.262 -0.033  0.118  0.035 -0.100 -0.160 -0.371 -0.568 -0.384 -0.525 -0.351 -0.388 -0.229 -0.027 -0.158 -0.285 -0.193  0.166  0.222  0.257  0.459  0.560  0.707  1.000  0.641  0.167 -0.154 -0.161 -0.057 -0.067  0.073  0.302  0.350  0.269
  0.057  0.113  0.243  0.389  0.605  0.525  0.281  0.158 -0.061 -0.048  0.000  0.289  0.202  0.089  0.069 -0.154 -0.267 -0.312 -0.141 -0.462 -0.652 -0.460 -0.336 -0.235 -0.374 -0.595 -0.516 -0.447 -0.185 -0.308 -0.363  0.021  0.298  0.133  0.073 -0.098 -0.386 -0.424 -0.363 -0.149  0.125  0.035 -0.107  0.179  0.301  0.192  0.196  0.144 -0.093 -0.233 -0.033 -0.217 -0.115 -0.197 -0.196  0.035 -0.049 -0.128 -0.045  0.181  0.051  0.042  0.118  0.054  0.451  0.641  1.000  0.610  0.222  0.094 -0.041 -0.243  0.082  0.197  0.079 -0.012
 -0.340 -0.237 -0.079  0.144  0.495  0.690  0.627  0.448  0.192 -0.221 -0.196  0.191  0.146  0.031 -0.062 -0.410 -0.603 -0.608 -0.549 -0.582 -0.546 -0.201  0.056  0.160  0.075 -0.260 -0.175 -0.138 -0.061  0.024  0.013  0.112  0.346  0.280  0.254  0.297  0.083  0.100  0.021  0.380  0.623  0.579  0.528  0.689  0.586  0.352  0.560  0.651  0.541  0.294  0.325  0.149  0.033 -0.060 -0.332 -0.209 -0.357 -0.268 -0.001 -0.075 -0.287 -0.323 -0.268 -0.262  0.092  0.167  0.610  1.000  0.728  0.590  0.263 -0.027  0.039 -0.308 -0.524 -0.539
 -0.537 -0.513 -0.386 -0.164  0.225  0.360  0.517  0.486  0.143 -0.275 -0.276 -0.122 -0.137 -0.274 -0.315 -0.474 -0.529 -0.588 -0.586 -0.404 -0.332 -0.009  0.273  0.263  0.125 -0.098  0.079  0.121  0.113  0.224  0.265  0.315  0.355  0.225  0.304  0.251  0.167  0.190  0.021  0.447  0.675  0.781  0.624  0.559  0.345 -0.020  0.282  0.492  0.724  0.564  0.419  0.285  0.192  0.121 -0.093 -0.188 -0.243 -0.103  0.110 -0.029 -0.235 -0.434 -0.354 -0.385 -0.090 -0.154  0.222  0.728  1.000  0.813  0.388  0.103 -0.037 -0.458 -0.474 -0.416
 -0.476 -0.446 -0.362 -0.223  0.192  0.243  0.339  0.365  0.245 -0.004 -0.079 -0.076 -0.161 -0.181 -0.253 -0.419 -0.413 -0.492 -0.588 -0.368 -0.161  0.014  0.271  0.188  0.074 -0.091  0.089  0.041 -0.093  0.146  0.225  0.185  0.202  0.147  0.151  0.283  0.288  0.354  0.251  0.590  0.672  0.830  0.666  0.564  0.272 -0.164  0.140  0.401  0.669  0.511  0.341  0.182  0.087  0.075 -0.048 -0.083 -0.191 -0.045  0.331  0.015 -0.078 -0.270 -0.223 -0.261 -0.092 -0.161  0.094  0.590  0.813  1.000  0.605  0.289 -0.076 -0.565 -0.592 -0.467
 -0.107 -0.072 -0.130 -0.245 -0.119 -0.103 -0.073  0.144 -0.139 -0.086  0.088 -0.193  0.041 -0.167 -0.237 -0.206 -0.130 -0.132 -0.273 -0.150 -0.113 -0.099  0.010 -0.138 -0.169 -0.101 -0.188 -0.381 -0.356 -0.087 -0.105 -0.201 -0.050  0.130  0.106  0.262  0.214  0.336  0.262  0.486  0.348  0.432  0.275  0.250  0.105 -0.169  0.137  0.141  0.213  0.098  0.031 -0.025 -0.089 -0.016  0.041  0.140  0.027  0.173  0.448  0.346  0.191  0.188  0.115 -0.043  0.121 -0.057 -0.041  0.263  0.388  0.605  1.000  0.741  0.107 -0.333 -0.387 -0.275
  0.155  0.028 -0.077 -0.105 -0.072 -0.110 -0.192 -0.013 -0.104  0.160  0.281 -0.017  0.116 -0.121 -0.100  0.005  0.100  0.074 -0.129 -0.073  0.009 -0.085 -0.118 -0.080 -0.040 -0.030 -0.187 -0.227 -0.181 -0.022 -0.155 -0.316 -0.376 -0.009  0.002  0.110  0.169  0.269  0.251  0.360  0.138  0.167  0.151 -0.002 -0.027 -0.307 -0.096 -0.165 -0.107 -0.098 -0.317 -0.248 -0.263 -0.122 -0.031 -0.038 -0.069  0.020  0.109  0.166  0.121  0.133  0.147 -0.027  0.020 -0.067 -0.243 -0.027  0.103  0.289  0.741  1.000  0.399 -0.085 -0.226 -0.190
  0.111  0.064  0.142  0.178  0.109  0.002 -0.162 -0.204 -0.394 -0.164 -0.069 -0.018  0.095  0.091  0.123  0.198  0.043  0.032 -0.128 -0.144 -0.227 -0.036 -0.048 -0.072 -0.128 -0.055 -0.121 -0.096 -0.087 -0.027 -0.209 -0.378 -0.346 -0.102  0.000  0.049  0.025  0.063  0.145 -0.023 -0.083 -0.094  0.101 -0.031  0.268  0.078  0.022 -0.272 -0.385 -0.297 -0.250 -0.279 -0.228 -0.056 -0.156 -0.192 -0.097 -0.045 -0.203  0.027 -0.223  0.214  0.164  0.065  0.138  0.073  0.082  0.039 -0.037 -0.076  0.107  0.399  1.000  0.483 -0.027 -0.175
  0.360  0.399  0.348  0.356 -0.086 -0.319 -0.381 -0.332 -0.361 -0.136 -0.228 -0.172 -0.119 -0.033  0.085  0.324  0.201  0.367  0.390  0.246 -0.063 -0.288 -0.426 -0.315 -0.275 -0.253 -0.321 -0.268 -0.113 -0.393 -0.441 -0.354 -0.340 -0.305 -0.263 -0.408 -0.398 -0.389 -0.214 -0.488 -0.594 -0.474 -0.422 -0.243  0.058  0.077 -0.210 -0.575 -0.615 -0.497 -0.410 -0.457 -0.286 -0.088  0.036 -0.012  0.228  0.053 -0.382  0.105  0.074  0.480  0.477  0.269  0.226  0.302  0.197 -0.308 -0.458 -0.565 -0.333 -0.085  0.483  1.000  0.649  0.373
  0.407  0.439  0.234  0.082 -0.301 -0.391 -0.430 -0.354 -0.278  0.027 -0.069 -0.177 -0.100 -0.112 -0.075  0.248  0.359  0.469  0.545  0.380  0.007 -0.316 -0.422 -0.381 -0.255 -0.197 -0.256 -0.124  0.103 -0.231 -0.324 -0.098 -0.115 -0.293 -0.375 -0.629 -0.660 -0.721 -0.606 -0.775 -0.715 -0.538 -0.663 -0.500 -0.328 -0.291 -0.521 -0.676 -0.521 -0.492 -0.450 -0.347 -0.232 -0.266  0.007  0.000  0.221  0.014 -0.234  0.200  0.386  0.421  0.447  0.360  0.355  0.350  0.079 -0.524 -0.474 -0.592 -0.387 -0.226 -0.027  0.649  1.000  0.848
