  1.000  0.785  0.573  0.280 -0.167 -0.292 -0.307 -0.149 -0.192 -0.129 -0.214 -0.131 -0.052  0.268  0.346  0.664  0.635  0.620  0.443  0.284  0.181 -0.170 -0.369 -0.415 -0.295 -0.359 -0.502 -0.460 -0.387 -0.463 -0.477 -0.364 -0.296 -0.342 -0.419 -0.457 -0.473 -0.494 -0.436 -0.492 -0.549 -0.477 -0.509 -0.466 -0.341 -0.228 -0.307 -0.351 -0.466 -0.474 -0.490 -0.463 -0.377 -0.297 -0.078  0.074  0.190  0.001 -0.040  0.156  0.215  0.433  0.653  0.570  0.311  0.068 -0.189 -0.416 -0.506 -0.450 -0.379 -0.236  0.236  0.515  0.544  0.509
  0.785  1.000  0.728  0.473  0.043 -0.081 -0.190 -0.102 -0.176 -0.128 -0.082  0.066  0.144  0.464  0.529  0.664  0.488  0.418  0.248  0.072 -0.037 -0.351 -0.455 -0.474 -0.372 -0.361 -0.453 -0.434 -0.328 -0.353 -0.391 -0.294 -0.202 -0.231 -0.326 -0.367 -0.414 -0.439 -0.389 -0.428 -0.467 -0.405 -0.434 -0.399 -0.293 -0.198 -0.268 -0.322 -0.437 -0.468 -0.536 -0.530 -0.501 -0.459 -0.273 -0.084  0.016 -0.171 -0.149  0.051  0.160  0.377  0.600  0.637  0.385  0.187 -0.068 -0.273 -0.382 -0.348 -0.312 -0.179  0.228  0.418  0.468  0.439
  0.573  0.728  1.000  0.705  0.263  0.088 -0.137 -0.158 -0.162 -0.036 -0.023  0.177  0.251  0.529  0.553  0.517  0.370  0.245  0.106 -0.053 -0.135 -0.380 -0.415 -0.411 -0.387 -0.336 -0.359 -0.374 -0.274 -0.268 -0.313 -0.232 -0.140 -0.166 -0.260 -0.302 -0.352 -0.370 -0.341 -0.378 -0.382 -0.344 -0.339 -0.278 -0.181 -0.110 -0.175 -0.209 -0.314 -0.358 -0.422 -0.433 -0.430 -0.407 -0.283 -0.131 -0.046 -0.153 -0.108  0.036  0.114  0.297  0.511  0.617  0.460  0.389  0.169 -0.128 -0.276 -0.276 -0.267 -0.172  0.117  0.282  0.336  0.315
  0.280  0.473  0.705  1.000  0.650  0.464  0.144 -0.040 -0.031  0.061  0.230  0.472  0.503  0.633  0.505  0.339  0.144 -0.024 -0.148 -0.291 -0.329 -0.468 -0.398 -0.365 -0.380 -0.266 -0.223 -0.267 -0.159 -0.088 -0.149 -0.112 -0.011 -0.011 -0.097 -0.140 -0.208 -0.221 -0.203 -0.202 -0.166 -0.138 -0.121 -0.070 -0.042 -0.029 -0.073 -0.096 -0.171 -0.252 -0.347 -0.374 -0.440 -0.467 -0.425 -0.295 -0.259 -0.316 -0.223 -0.124 -0.046  0.072  0.265  0.483  0.436  0.599  0.441  0.173  0.004 -0.045 -0.106 -0.063  0.023  0.041  0.106  0.102
 -0.167  0.043  0.263  0.650  1.000  0.803  0.452  0.104  0.113  0.154  0.417  0.599  0.641  0.450  0.328  0.029 -0.130 -0.312 -0.393 -0.441 -0.376 -0.309 -0.129 -0.059 -0.136 -0.005  0.129  0.068  0.104  0.223  0.177  0.124  0.174  0.205  0.181  0.169  0.119  0.114  0.095  0.148  0.223  0.213  0.243  0.244  0.156  0.079  0.086  0.099  0.115  0.037 -0.034 -0.059 -0.181 -0.278 -0.380 -0.378 -0.428 -0.381 -0.287 -0.309 -0.262 -0.260 -0.185  0.024  0.116  0.438  0.584  0.493  0.424  0.309  0.175  0.103 -0.124 -0.337 -0.310 -0.292
 -0.292 -0.081  0.088  0.464  0.803  1.000  0.616  0.246  0.213  0.177  0.450  0.593  0.549  0.327  0.182 -0.100 -0.252 -0.420 -0.461 -0.494 -0.407 -0.272 -0.077 -0.009 -0.082  0.036  0.172  0.105  0.130  0.264  0.220  0.145  0.196  0.252  0.235  0.243  0.190  0.186  0.171  0.251  0.337  0.305  0.335  0.337  0.226  0.120  0.137  0.149  0.182  0.099  0.036  0.007 -0.126 -0.226 -0.363 -0.371 -0.447 -0.373 -0.267 -0.318 -0.277 -0.311 -0.280 -0.076  0.051  0.391  0.534  0.606  0.537  0.421  0.275  0.165 -0.144 -0.425 -0.404 -0.388
 -0.307 -0.190 -0.137  0.144  0.452  0.616  1.000  0.668  0.477  0.114  0.376  0.358  0.352  0.142  0.029 -0.148 -0.232 -0.334 -0.353 -0.354 -0.281 -0.152 -0.012  0.035 -0.012  0.082  0.186  0.140  0.123  0.215  0.211  0.127  0.113  0.159  0.190  0.215  0.225  0.256  0.268  0.276  0.337  0.343  0.353  0.319  0.194  0.098  0.131  0.118  0.164  0.098  0.055  0.036 -0.046 -0.120 -0.243 -0.273 -0.337 -0.275 -0.203 -0.253 -0.242 -0.295 -0.315 -0.218 -0.115  0.099  0.248  0.510  0.455  0.330  0.179  0.086 -0.144 -0.408 -0.418 -0.406
 -0.149 -0.102 -0.158 -0.040  0.104  0.246  0.668  1.000  0.637  0.071  0.169  0.094  0.068 -0.013 -0.068 -0.096 -0.129 -0.141 -0.152 -0.153 -0.140 -0.097 -0.067 -0.044 -0.046 -0.032  0.007 -0.002 -0.023  0.013  0.032 -0.008 -0.024  0.010  0.037  0.064  0.081  0.099  0.129  0.116  0.130  0.134  0.140  0.129  0.066  0.034  0.064  0.016  0.035 -0.010 -0.027 -0.038 -0.049 -0.079 -0.130 -0.131 -0.136 -0.133 -0.099 -0.108 -0.096 -0.129 -0.169 -0.157 -0.111 -0.095  0.011  0.269  0.208  0.118  0.062 -0.017 -0.002 -0.182 -0.220 -0.241
 -0.192 -0.176 -0.162 -0.031  0.113  0.213  0.477  0.637  1.000  0.534  0.373  0.181  0.083 -0.023 -0.095 -0.133 -0.165 -0.186 -0.191 -0.183 -0.169 -0.107 -0.051 -0.024 -0.059 -0.045  0.019 -0.004 -0.032  0.011  0.029 -0.001 -0.010  0.022  0.043  0.053  0.068  0.091  0.110  0.102  0.111  0.126  0.126  0.127  0.064  0.040  0.079  0.067  0.088  0.034  0.015 -0.000 -0.031 -0.069 -0.137 -0.160 -0.157 -0.129 -0.108 -0.122 -0.144 -0.181 -0.205 -0.184 -0.150 -0.053  0.066  0.206  0.147  0.097  0.017 -0.016 -0.138 -0.227 -0.243 -0.254
 -0.129 -0.128 -0.036  0.061  0.154  0.177  0.114  0.071  0.534  1.000  0.538  0.254  0.112  0.034 -0.003 -0.049 -0.118 -0.162 -0.171 -0.158 -0.140 -0.084 -0.034 -0.002 -0.029 -0.024  0.029  0.016 -0.001  0.036  0.043  0.020  0.034  0.066  0.057  0.046  0.046  0.055  0.062  0.072  0.072  0.066  0.048  0.031 -0.024 -0.026  0.007  0.040  0.072  0.030  0.021  0.016 -0.024 -0.068 -0.120 -0.168 -0.150 -0.110 -0.127 -0.140 -0.195 -0.199 -0.172 -0.115 -0.113  0.047  0.098  0.040  0.046  0.052  0.026  0.038 -0.156 -0.204 -0.180 -0.177
 -0.214 -0.082 -0.023  0.230  0.417  0.450  0.376  0.169  0.373  0.538  1.000  0.715  0.535  0.324  0.169 -0.034 -0.164 -0.302 -0.364 -0.381 -0.313 -0.246 -0.098 -0.024 -0.071  0.023  0.145  0.121  0.147  0.239  0.230  0.191  0.220  0.264  0.248  0.209  0.169  0.168  0.152  0.171  0.198  0.162  0.142  0.083 -0.013 -0.030 -0.001  0.017  0.057 -0.004 -0.044 -0.044 -0.153 -0.249 -0.338 -0.366 -0.408 -0.370 -0.314 -0.341 -0.340 -0.328 -0.304 -0.155 -0.130  0.086  0.138  0.205  0.233  0.189  0.126  0.115 -0.118 -0.324 -0.285 -0.263
 -0.131  0.066  0.177  0.472  0.599  0.593  0.358  0.094  0.181  0.254  0.715  1.000  0.792  0.585  0.358  0.091 -0.090 -0.292 -0.396 -0.460 -0.387 -0.356 -0.180 -0.101 -0.138 -0.008  0.098  0.064  0.139  0.229  0.183  0.171  0.230  0.256  0.216  0.163  0.097  0.082  0.058  0.085  0.133  0.106  0.109  0.076  0.010 -0.015 -0.003  0.011  0.012 -0.071 -0.147 -0.144 -0.284 -0.391 -0.461 -0.428 -0.484 -0.481 -0.380 -0.375 -0.312 -0.264 -0.188  0.006  0.011  0.216  0.219  0.266  0.240  0.185  0.084  0.093 -0.061 -0.246 -0.205 -0.186
 -0.052  0.144  0.251  0.503  0.641  0.549  0.352  0.068  0.083  0.112  0.535  0.792  1.000  0.760  0.528  0.229  0.031 -0.207 -0.359 -0.429 -0.339 -0.336 -0.163 -0.075 -0.104  0.033  0.130  0.105  0.170  0.240  0.194  0.186  0.228  0.238  0.212  0.151  0.092  0.083  0.058  0.060  0.105  0.081  0.080  0.032 -0.025 -0.026 -0.028 -0.025 -0.034 -0.112 -0.180 -0.147 -0.284 -0.410 -0.467 -0.442 -0.503 -0.519 -0.429 -0.415 -0.341 -0.271 -0.164  0.016 -0.024  0.170  0.181  0.223  0.208  0.146  0.038  0.043 -0.033 -0.209 -0.172 -0.151
  0.268  0.464  0.529  0.633  0.450  0.327  0.142 -0.013 -0.023  0.034  0.324  0.585  0.760  1.000  0.766  0.513  0.278  0.029 -0.171 -0.296 -0.265 -0.405 -0.314 -0.247 -0.228 -0.114 -0.084 -0.097 -0.007  0.034 -0.017  0.012  0.084  0.089  0.025 -0.036 -0.100 -0.119 -0.118 -0.147 -0.142 -0.142 -0.160 -0.190 -0.183 -0.125 -0.149 -0.171 -0.233 -0.309 -0.384 -0.344 -0.439 -0.527 -0.488 -0.394 -0.397 -0.497 -0.428 -0.326 -0.225 -0.065  0.126  0.291  0.144  0.217  0.073  0.000 -0.052 -0.076 -0.128 -0.052  0.090  0.055  0.099  0.099
  0.346  0.529  0.553  0.505  0.328  0.182  0.029 -0.068 -0.095 -0.003  0.169  0.358  0.528  0.766  1.000  0.701  0.443  0.175 -0.059 -0.162 -0.113 -0.275 -0.237 -0.172 -0.143 -0.063 -0.061 -0.071 -0.010  0.004 -0.045 -0.019  0.036  0.021 -0.030 -0.077 -0.116 -0.123 -0.122 -0.170 -0.167 -0.169 -0.199 -0.239 -0.230 -0.145 -0.169 -0.194 -0.256 -0.309 -0.350 -0.286 -0.339 -0.425 -0.370 -0.309 -0.315 -0.422 -0.394 -0.297 -0.206 -0.040  0.175  0.274  0.088  0.122  0.008 -0.097 -0.125 -0.140 -0.170 -0.100  0.097  0.091  0.129  0.131
  0.664  0.664  0.517  0.339  0.029 -0.100 -0.148 -0.096 -0.133 -0.049 -0.034  0.091  0.229  0.513  0.701  1.000  0.731  0.485  0.235  0.124  0.125 -0.164 -0.269 -0.258 -0.175 -0.192 -0.263 -0.246 -0.200 -0.248 -0.273 -0.204 -0.153 -0.187 -0.242 -0.287 -0.303 -0.310 -0.277 -0.340 -0.374 -0.342 -0.382 -0.413 -0.360 -0.239 -0.284 -0.317 -0.391 -0.414 -0.433 -0.363 -0.349 -0.357 -0.199 -0.111 -0.067 -0.237 -0.274 -0.129 -0.042  0.162  0.418  0.392  0.105 -0.003 -0.179 -0.323 -0.358 -0.332 -0.302 -0.182  0.173  0.322  0.358  0.342
  0.635  0.488  0.370  0.144 -0.130 -0.252 -0.232 -0.129 -0.165 -0.118 -0.164 -0.090  0.031  0.278  0.443  0.731  1.000  0.780  0.478  0.374  0.426  0.085 -0.114 -0.129 -0.044 -0.148 -0.253 -0.224 -0.227 -0.311 -0.315 -0.260 -0.238 -0.279 -0.312 -0.335 -0.318 -0.320 -0.286 -0.341 -0.385 -0.353 -0.394 -0.404 -0.351 -0.234 -0.276 -0.301 -0.356 -0.354 -0.315 -0.226 -0.145 -0.110  0.074  0.121  0.144 -0.021 -0.114 -0.007  0.041  0.181  0.372  0.259  0.039 -0.105 -0.249 -0.391 -0.402 -0.362 -0.307 -0.192  0.147  0.328  0.338  0.321
  0.620  0.418  0.245 -0.024 -0.312 -0.420 -0.334 -0.141 -0.186 -0.162 -0.302 -0.292 -0.207  0.029  0.175  0.485  0.780  1.000  0.761  0.640  0.585  0.198 -0.101 -0.163 -0.038 -0.211 -0.382 -0.324 -0.334 -0.452 -0.440 -0.367 -0.352 -0.404 -0.435 -0.442 -0.408 -0.411 -0.355 -0.408 -0.471 -0.410 -0.454 -0.430 -0.344 -0.231 -0.275 -0.317 -0.374 -0.353 -0.299 -0.229 -0.073  0.037  0.283  0.349  0.430  0.249  0.120  0.242  0.223  0.297  0.414  0.252  0.078 -0.156 -0.304 -0.471 -0.491 -0.433 -0.349 -0.226  0.167  0.429  0.428  0.399
  0.443  0.248  0.106 -0.148 -0.393 -0.461 -0.353 -0.152 -0.191 -0.171 -0.364 -0.396 -0.359 -0.171 -0.059  0.235  0.478  0.761  1.000  0.783  0.581  0.263 -0.030 -0.137 -0.054 -0.231 -0.397 -0.354 -0.380 -0.492 -0.470 -0.410 -0.402 -0.442 -0.463 -0.449 -0.399 -0.393 -0.328 -0.365 -0.422 -0.348 -0.378 -0.331 -0.225 -0.157 -0.192 -0.232 -0.258 -0.214 -0.159 -0.140  0.048  0.219  0.478  0.591  0.668  0.507  0.371  0.464  0.399  0.369  0.360  0.201  0.143 -0.119 -0.257 -0.414 -0.444 -0.378 -0.294 -0.195  0.103  0.372  0.361  0.334
  0.284  0.072 -0.053 -0.291 -0.441 -0.494 -0.354 -0.153 -0.183 -0.158 -0.381 -0.460 -0.429 -0.296 -0.162  0.124  0.374  0.640  0.783  1.000  0.792  0.492  0.173  0.061  0.131 -0.100 -0.261 -0.216 -0.296 -0.423 -0.394 -0.365 -0.381 -0.420 -0.417 -0.389 -0.318 -0.296 -0.244 -0.285 -0.329 -0.282 -0.302 -0.273 -0.197 -0.138 -0.152 -0.171 -0.175 -0.101 -0.004  0.044  0.246  0.412  0.639  0.622  0.685  0.571  0.402  0.445  0.342  0.255  0.214  0.034  0.003 -0.223 -0.282 -0.401 -0.389 -0.328 -0.242 -0.174  0.049  0.283  0.257  0.242
  0.181 -0.037 -0.135 -0.329 -0.376 -0.407 -0.281 -0.140 -0.169 -0.140 -0.313 -0.387 -0.339 -0.265 -0.113  0.125  0.426  0.585  0.581  0.792  1.000  0.741  0.417  0.314  0.387  0.129 -0.030  0.005 -0.126 -0.258 -0.239 -0.253 -0.297 -0.324 -0.293 -0.255 -0.173 -0.150 -0.126 -0.150 -0.174 -0.177 -0.186 -0.194 -0.167 -0.128 -0.122 -0.110 -0.080  0.011  0.142  0.250  0.408  0.508  0.655  0.531  0.478  0.409  0.230  0.214  0.152  0.082  0.055 -0.116 -0.147 -0.289 -0.282 -0.329 -0.270 -0.219 -0.155 -0.117 -0.019  0.120  0.078  0.080
 -0.170 -0.351 -0.380 -0.468 -0.309 -0.272 -0.152 -0.097 -0.107 -0.084 -0.246 -0.356 -0.336 -0.405 -0.275 -0.164  0.085  0.198  0.263  0.492  0.741  1.000  0.778  0.661  0.680  0.457  0.292  0.281  0.105 -0.014 -0.011 -0.093 -0.170 -0.173 -0.107 -0.038  0.061  0.103  0.090  0.101  0.114  0.070  0.107  0.087  0.059  0.014  0.058  0.118  0.221  0.355  0.514  0.632  0.717  0.756  0.706  0.477  0.339  0.411  0.256  0.124  0.049 -0.100 -0.227 -0.373 -0.289 -0.310 -0.174 -0.099 -0.002  0.019  0.038 -0.015 -0.173 -0.189 -0.253 -0.225
 -0.369 -0.455 -0.415 -0.398 -0.129 -0.077 -0.012 -0.067 -0.051 -0.034 -0.098 -0.180 -0.163 -0.314 -0.237 -0.269 -0.114 -0.101 -0.030  0.173  0.417  0.778  1.000  0.841  0.693  0.615  0.582  0.482  0.257  0.196  0.193  0.058 -0.040 -0.019  0.067  0.143  0.261  0.337  0.282  0.273  0.329  0.264  0.351  0.308  0.249  0.143  0.207  0.308  0.455  0.578  0.684  0.787  0.703  0.655  0.491  0.279  0.083  0.220  0.166 -0.036 -0.079 -0.233 -0.378 -0.450 -0.321 -0.219 -0.028  0.120  0.222  0.204  0.171  0.064 -0.269 -0.421 -0.490 -0.452
 -0.415 -0.474 -0.411 -0.365 -0.059 -0.009  0.035 -0.044 -0.024 -0.002 -0.024 -0.101 -0.075 -0.247 -0.172 -0.258 -0.129 -0.163 -0.137  0.061  0.314  0.661  0.841  1.000  0.820  0.629  0.709  0.667  0.414  0.354  0.362  0.232  0.138  0.142  0.222  0.258  0.313  0.375  0.282  0.293  0.387  0.215  0.304  0.271  0.203  0.144  0.207  0.294  0.414  0.508  0.641  0.797  0.715  0.560  0.369  0.112 -0.081  0.074  0.017 -0.207 -0.234 -0.347 -0.459 -0.509 -0.400 -0.248 -0.025  0.137  0.265  0.202  0.175  0.041 -0.279 -0.468 -0.519 -0.473
 -0.295 -0.372 -0.387 -0.380 -0.136 -0.082 -0.012 -0.046 -0.059 -0.029 -0.071 -0.138 -0.104 -0.228 -0.143 -0.175 -0.044 -0.038 -0.054  0.131  0.387  0.680  0.693  0.820  1.000  0.748  0.589  0.645  0.486  0.325  0.300  0.221  0.126  0.098  0.164  0.187  0.231  0.269  0.199  0.222  0.281  0.142  0.177  0.111  0.027 -0.005  0.042  0.107  0.215  0.308  0.449  0.605  0.582  0.458  0.334  0.104 -0.049  0.044 -0.046 -0.204 -0.232 -0.317 -0.391 -0.459 -0.407 -0.318 -0.149  0.008  0.150  0.126  0.116  0.034 -0.171 -0.314 -0.362 -0.323
 -0.359 -0.361 -0.336 -0.266 -0.005  0.036  0.082 -0.032 -0.045 -0.024  0.023 -0.008  0.033 -0.114 -0.063 -0.192 -0.148 -0.211 -0.231 -0.100  0.129  0.457  0.615  0.629  0.748  1.000  0.751  0.648  0.611  0.511  0.408  0.314  0.219  0.182  0.238  0.258  0.333  0.400  0.315  0.282  0.328  0.266  0.307  0.207  0.105  0.034  0.089  0.138  0.247  0.301  0.357  0.479  0.384  0.254  0.086 -0.073 -0.217 -0.120 -0.135 -0.270 -0.282 -0.356 -0.418 -0.417 -0.355 -0.208 -0.060  0.118  0.218  0.183  0.138  0.074 -0.187 -0.367 -0.407 -0.359
 -0.502 -0.453 -0.359 -0.223  0.129  0.172  0.186  0.007  0.019  0.029  0.145  0.098  0.130 -0.084 -0.061 -0.263 -0.253 -0.382 -0.397 -0.261 -0.030  0.292  0.582  0.709  0.589  0.751  1.000  0.851  0.640  0.689  0.678  0.492  0.381  0.409  0.493  0.513  0.567  0.640  0.515  0.455  0.547  0.383  0.437  0.343  0.215  0.137  0.210  0.264  0.385  0.409  0.458  0.575  0.416  0.221 -0.004 -0.196 -0.373 -0.217 -0.189 -0.391 -0.394 -0.471 -0.540 -0.500 -0.405 -0.157  0.063  0.280  0.405  0.325  0.259  0.120 -0.287 -0.573 -0.620 -0.569
 -0.460 -0.434 -0.374 -0.267  0.068  0.105  0.140 -0.002 -0.004  0.016  0.121  0.064  0.105 -0.097 -0.071 -0.246 -0.224 -0.324 -0.354 -0.216  0.005  0.281  0.482  0.667  0.645  0.648  0.851  1.000  0.791  0.706  0.751  0.639  0.496  0.470  0.565  0.531  0.535  0.558  0.432  0.410  0.490  0.288  0.305  0.202  0.067  0.038  0.098  0.146  0.259  0.285  0.377  0.497  0.389  0.194 -0.001 -0.204 -0.356 -0.221 -0.226 -0.410 -0.419 -0.481 -0.534 -0.518 -0.460 -0.252 -0.038  0.165  0.328  0.258  0.215  0.091 -0.239 -0.484 -0.530 -0.483
 -0.387 -0.328 -0.274 -0.159  0.104  0.130  0.123 -0.023 -0.032 -0.001  0.147  0.139  0.170 -0.007 -0.010 -0.200 -0.227 -0.334 -0.380 -0.296 -0.126  0.105  0.257  0.414  0.486  0.611  0.640  0.791  1.000  0.827  0.715  0.754  0.673  0.544  0.555  0.440  0.356  0.359  0.226  0.234  0.322  0.150  0.160  0.064 -0.045 -0.037 -0.005  0.018  0.090  0.091  0.164  0.277  0.187  0.005 -0.161 -0.307 -0.408 -0.312 -0.307 -0.426 -0.428 -0.443 -0.451 -0.399 -0.376 -0.189 -0.056  0.093  0.210  0.125  0.088  0.022 -0.171 -0.325 -0.326 -0.277
 -0.463 -0.353 -0.268 -0.088  0.223  0.264  0.215  0.013  0.011  0.036  0.239  0.229  0.240  0.034  0.004 -0.248 -0.311 -0.452 -0.492 -0.423 -0.258 -0.014  0.196  0.354  0.325  0.511  0.689  0.706  0.827  1.000  0.877  0.774  0.755  0.745  0.734  0.665  0.544  0.525  0.399  0.411  0.498  0.290  0.282  0.192  0.054  0.028  0.086  0.099  0.169  0.135  0.168  0.261  0.136 -0.058 -0.256 -0.392 -0.494 -0.377 -0.339 -0.473 -0.469 -0.489 -0.502 -0.404 -0.343 -0.099  0.058  0.251  0.368  0.297  0.230  0.125 -0.213 -0.476 -0.491 -0.441
 -0.477 -0.391 -0.313 -0.149  0.177  0.220  0.211  0.032  0.029  0.043  0.230  0.183  0.194 -0.017 -0.045 -0.273 -0.315 -0.440 -0.470 -0.394 -0.239 -0.011  0.193  0.362  0.300  0.408  0.678  0.751  0.715  0.877  1.000  0.844  0.735  0.771  0.836  0.772  0.689  0.644  0.525  0.510  0.541  0.341  0.302  0.196  0.042  0.023  0.088  0.099  0.186  0.151  0.198  0.273  0.161 -0.025 -0.219 -0.364 -0.463 -0.339 -0.306 -0.451 -0.461 -0.498 -0.528 -0.454 -0.391 -0.155  0.022  0.233  0.380  0.332  0.281  0.161 -0.208 -0.510 -0.547 -0.506
 -0.364 -0.294 -0.232 -0.112  0.124  0.145  0.127 -0.008 -0.001  0.020  0.191  0.171  0.186  0.012 -0.019 -0.204 -0.260 -0.367 -0.410 -0.365 -0.253 -0.093  0.058  0.232  0.221  0.314  0.492  0.639  0.754  0.774  0.844  1.000  0.874  0.738  0.761  0.572  0.412  0.374  0.246  0.254  0.316  0.132  0.113  0.035 -0.068 -0.032  0.001  0.000  0.046  0.009  0.060  0.143  0.057 -0.115 -0.260 -0.370 -0.431 -0.343 -0.322 -0.418 -0.424 -0.423 -0.417 -0.351 -0.343 -0.160 -0.041  0.092  0.202  0.125  0.103  0.031 -0.151 -0.308 -0.306 -0.269
 -0.296 -0.202 -0.140 -0.011  0.174  0.196  0.113 -0.024 -0.010  0.034  0.220  0.230  0.228  0.084  0.036 -0.153 -0.238 -0.352 -0.402 -0.381 -0.297 -0.170 -0.040  0.138  0.126  0.219  0.381  0.496  0.673  0.755  0.735  0.874  1.000  0.858  0.748  0.560  0.285  0.237  0.125  0.160  0.262  0.052  0.046 -0.003 -0.081 -0.043 -0.017 -0.023 -0.007 -0.058 -0.020  0.069 -0.021 -0.187 -0.314 -0.395 -0.437 -0.368 -0.344 -0.415 -0.403 -0.371 -0.338 -0.244 -0.242 -0.071  0.004  0.098  0.179  0.100  0.065 -0.002 -0.135 -0.263 -0.239 -0.206
 -0.342 -0.231 -0.166 -0.011  0.205  0.252  0.159  0.010  0.022  0.066  0.264  0.256  0.238  0.089  0.021 -0.187 -0.279 -0.404 -0.442 -0.420 -0.324 -0.173 -0.019  0.142  0.098  0.182  0.409  0.470  0.544  0.745  0.771  0.738  0.858  1.000  0.898  0.783  0.505  0.411  0.324  0.352  0.421  0.191  0.156  0.093 -0.020 -0.017  0.027  0.026  0.064  0.007  0.031  0.097 -0.014 -0.175 -0.319 -0.402 -0.454 -0.372 -0.335 -0.424 -0.408 -0.392 -0.380 -0.274 -0.237 -0.049  0.048  0.193  0.299  0.265  0.217  0.119 -0.149 -0.390 -0.394 -0.364
 -0.419 -0.326 -0.260 -0.097  0.181  0.235  0.190  0.037  0.043  0.057  0.248  0.216  0.212  0.025 -0.030 -0.242 -0.312 -0.435 -0.463 -0.417 -0.293 -0.107  0.067  0.222  0.164  0.238  0.493  0.565  0.555  0.734  0.836  0.761  0.748  0.898  1.000  0.894  0.687  0.565  0.472  0.506  0.530  0.311  0.254  0.162  0.012 -0.001  0.058  0.063  0.135  0.085  0.119  0.176  0.061 -0.106 -0.272 -0.382 -0.458 -0.354 -0.316 -0.437 -0.432 -0.449 -0.466 -0.382 -0.326 -0.118  0.030  0.229  0.382  0.364  0.321  0.203 -0.149 -0.470 -0.503 -0.474
 -0.457 -0.367 -0.302 -0.140  0.169  0.243  0.215  0.064  0.053  0.046  0.209  0.163  0.151 -0.036 -0.077 -0.287 -0.335 -0.442 -0.449 -0.389 -0.255 -0.038  0.143  0.258  0.187  0.258  0.513  0.531  0.440  0.665  0.772  0.572  0.560  0.783  0.894  1.000  0.835  0.679  0.591  0.635  0.625  0.437  0.365  0.266  0.098  0.041  0.114  0.129  0.223  0.182  0.205  0.233  0.121 -0.021 -0.200 -0.315 -0.406 -0.288 -0.247 -0.385 -0.388 -0.438 -0.491 -0.416 -0.321 -0.110  0.064  0.300  0.455  0.476  0.417  0.288 -0.144 -0.537 -0.596 -0.572
 -0.473 -0.414 -0.352 -0.208  0.119  0.190  0.225  0.081  0.068  0.046  0.169  0.097  0.092 -0.100 -0.116 -0.303 -0.318 -0.408 -0.399 -0.318 -0.173  0.061  0.261  0.313  0.231  0.333  0.567  0.535  0.356  0.544  0.689  0.412  0.285  0.505  0.687  0.835  1.000  0.875  0.754  0.723  0.628  0.536  0.447  0.320  0.136  0.059  0.137  0.156  0.284  0.274  0.299  0.295  0.191  0.077 -0.107 -0.229 -0.335 -0.209 -0.163 -0.313 -0.335 -0.423 -0.509 -0.465 -0.358 -0.151  0.044  0.296  0.454  0.491  0.438  0.320 -0.144 -0.552 -0.632 -0.606
 -0.494 -0.439 -0.370 -0.221  0.114  0.186  0.256  0.099  0.091  0.055  0.168  0.082  0.083 -0.119 -0.123 -0.310 -0.320 -0.411 -0.393 -0.296 -0.150  0.103  0.337  0.375  0.269  0.400  0.640  0.558  0.359  0.525  0.644  0.374  0.237  0.411  0.565  0.679  0.875  1.000  0.857  0.690  0.650  0.593  0.514  0.376  0.194  0.096  0.178  0.206  0.338  0.341  0.357  0.351  0.237  0.129 -0.068 -0.199 -0.311 -0.173 -0.124 -0.289 -0.323 -0.430 -0.522 -0.477 -0.365 -0.141  0.062  0.319  0.452  0.474  0.405  0.270 -0.202 -0.580 -0.653 -0.621
 -0.436 -0.389 -0.341 -0.203  0.095  0.171  0.268  0.129  0.110  0.062  0.152  0.058  0.058 -0.118 -0.122 -0.277 -0.286 -0.355 -0.328 -0.244 -0.126  0.090  0.282  0.282  0.199  0.315  0.515  0.432  0.226  0.399  0.525  0.246  0.125  0.324  0.472  0.591  0.754  0.857  1.000  0.796  0.696  0.672  0.551  0.390  0.189  0.064  0.156  0.183  0.322  0.324  0.319  0.279  0.192  0.127 -0.043 -0.148 -0.240 -0.117 -0.067 -0.215 -0.256 -0.371 -0.459 -0.423 -0.313 -0.126  0.059  0.324  0.468  0.536  0.495  0.361 -0.149 -0.543 -0.647 -0.633
 -0.492 -0.428 -0.378 -0.202  0.148  0.251  0.276  0.116  0.102  0.072  0.171  0.085  0.060 -0.147 -0.170 -0.340 -0.341 -0.408 -0.365 -0.285 -0.150  0.101  0.273  0.293  0.222  0.282  0.455  0.410  0.234  0.411  0.510  0.254  0.160  0.352  0.506  0.635  0.723  0.690  0.796  1.000  0.839  0.756  0.612  0.455  0.223  0.070  0.172  0.216  0.374  0.363  0.349  0.306  0.216  0.148 -0.038 -0.151 -0.263 -0.122 -0.066 -0.227 -0.252 -0.387 -0.494 -0.451 -0.306 -0.107  0.115  0.410  0.608  0.703  0.703  0.581 -0.111 -0.597 -0.712 -0.702
 -0.549 -0.467 -0.382 -0.166  0.223  0.337  0.337  0.130  0.111  0.072  0.198  0.133  0.105 -0.142 -0.167 -0.374 -0.385 -0.471 -0.422 -0.329 -0.174  0.114  0.329  0.387  0.281  0.328  0.547  0.490  0.322  0.498  0.541  0.316  0.262  0.421  0.530  0.625  0.628  0.650  0.696  0.839  1.000  0.776  0.682  0.544  0.303  0.125  0.232  0.295  0.450  0.439  0.425  0.395  0.272  0.181 -0.035 -0.172 -0.303 -0.132 -0.069 -0.265 -0.283 -0.422 -0.529 -0.462 -0.294 -0.050  0.212  0.526  0.717  0.754  0.682  0.494 -0.226 -0.670 -0.763 -0.745
 -0.477 -0.405 -0.344 -0.138  0.213  0.305  0.343  0.134  0.126  0.066  0.162  0.106  0.081 -0.142 -0.169 -0.342 -0.353 -0.410 -0.348 -0.282 -0.177  0.070  0.264  0.215  0.142  0.266  0.383  0.288  0.150  0.290  0.341  0.132  0.052  0.191  0.311  0.437  0.536  0.593  0.672  0.756  0.776  1.000  0.829  0.614  0.340  0.099  0.198  0.266  0.447  0.450  0.374  0.260  0.165  0.153 -0.031 -0.114 -0.207 -0.065  0.013 -0.135 -0.166 -0.323 -0.434 -0.379 -0.215 -0.004  0.231  0.529  0.688  0.785  0.659  0.534 -0.144 -0.574 -0.679 -0.672
 -0.509 -0.434 -0.339 -0.121  0.243  0.335  0.353  0.140  0.126  0.048  0.142  0.109  0.080 -0.160 -0.199 -0.382 -0.394 -0.454 -0.378 -0.302 -0.186  0.107  0.351  0.304  0.177  0.307  0.437  0.305  0.160  0.282  0.302  0.113  0.046  0.156  0.254  0.365  0.447  0.514  0.551  0.612  0.682  0.829  1.000  0.820  0.538  0.230  0.327  0.405  0.598  0.594  0.492  0.382  0.248  0.214  0.003 -0.096 -0.213 -0.042  0.049 -0.130 -0.149 -0.307 -0.422 -0.357 -0.181  0.057  0.336  0.647  0.706  0.690  0.537  0.380 -0.239 -0.613 -0.691 -0.668
 -0.466 -0.399 -0.278 -0.070  0.244  0.337  0.319  0.129  0.127  0.031  0.083  0.076  0.032 -0.190 -0.239 -0.413 -0.404 -0.430 -0.331 -0.273 -0.194  0.087  0.308  0.271  0.111  0.207  0.343  0.202  0.064  0.192  0.196  0.035 -0.003  0.093  0.162  0.266  0.320  0.376  0.390  0.455  0.544  0.614  0.820  1.000  0.796  0.447  0.528  0.591  0.660  0.584  0.482  0.380  0.262  0.234  0.030 -0.052 -0.154  0.012  0.102 -0.062 -0.059 -0.195 -0.314 -0.249 -0.048  0.167  0.445  0.710  0.633  0.570  0.410  0.246 -0.287 -0.578 -0.639 -0.616
 -0.341 -0.293 -0.181 -0.042  0.156  0.226  0.194  0.066  0.064 -0.024 -0.013  0.010 -0.025 -0.183 -0.230 -0.360 -0.351 -0.344 -0.225 -0.197 -0.167  0.059  0.249  0.203  0.027  0.105  0.215  0.067 -0.045  0.054  0.042 -0.068 -0.081 -0.020  0.012  0.098  0.136  0.194  0.189  0.223  0.303  0.340  0.538  0.796  1.000  0.689  0.585  0.610  0.542  0.515  0.420  0.325  0.216  0.210  0.057  0.017 -0.066  0.059  0.150  0.031  0.067 -0.012 -0.142 -0.102  0.104  0.249  0.424  0.547  0.409  0.317  0.194  0.074 -0.258 -0.411 -0.449 -0.431
 -0.228 -0.198 -0.110 -0.029  0.079  0.120  0.098  0.034  0.040 -0.026 -0.030 -0.015 -0.026 -0.125 -0.145 -0.239 -0.234 -0.231 -0.157 -0.138 -0.128  0.014  0.143  0.144 -0.005  0.034  0.137  0.038 -0.037  0.028  0.023 -0.032 -0.043 -0.017 -0.001  0.041  0.059  0.096  0.064  0.070  0.125  0.099  0.230  0.447  0.689  1.000  0.703  0.521  0.336  0.295  0.259  0.231  0.160  0.124  0.018 -0.019 -0.069  0.015  0.064 -0.005  0.022 -0.007 -0.099 -0.084  0.024  0.111  0.248  0.320  0.195  0.093  0.021 -0.061 -0.204 -0.264 -0.270 -0.252
 -0.307 -0.268 -0.175 -0.073  0.086  0.137  0.131  0.064  0.079  0.007 -0.001 -0.003 -0.028 -0.149 -0.169 -0.284 -0.276 -0.275 -0.192 -0.152 -0.122  0.058  0.207  0.207  0.042  0.089  0.210  0.098 -0.005  0.086  0.088  0.001 -0.017  0.027  0.058  0.114  0.137  0.178  0.156  0.172  0.232  0.198  0.327  0.528  0.585  0.703  1.000  0.756  0.543  0.377  0.310  0.291  0.218  0.179  0.041 -0.017 -0.078  0.031  0.085 -0.016 -0.014 -0.082 -0.176 -0.149 -0.036  0.070  0.225  0.361  0.270  0.188  0.107  0.006 -0.260 -0.362 -0.386 -0.372
 -0.351 -0.322 -0.209 -0.096  0.099  0.149  0.118  0.016  0.067  0.040  0.017  0.011 -0.025 -0.171 -0.194 -0.317 -0.301 -0.317 -0.232 -0.171 -0.110  0.118  0.308  0.294  0.107  0.138  0.264  0.146  0.018  0.099  0.099  0.000 -0.023  0.026  0.063  0.129  0.156  0.206  0.183  0.216  0.295  0.266  0.405  0.591  0.610  0.521  0.756  1.000  0.777  0.576  0.447  0.399  0.277  0.241  0.074 -0.003 -0.092  0.048  0.121 -0.021 -0.022 -0.114 -0.220 -0.196 -0.059  0.084  0.253  0.364  0.315  0.262  0.173  0.063 -0.290 -0.406 -0.452 -0.437
 -0.466 -0.437 -0.314 -0.171  0.115  0.182  0.164  0.035  0.088  0.072  0.057  0.012 -0.034 -0.233 -0.256 -0.391 -0.356 -0.374 -0.258 -0.175 -0.080  0.221  0.455  0.414  0.215  0.247  0.385  0.259  0.090  0.169  0.186  0.046 -0.007  0.064  0.135  0.223  0.284  0.338  0.322  0.374  0.450  0.447  0.598  0.660  0.542  0.336  0.543  0.777  1.000  0.805  0.638  0.541  0.386  0.364  0.159  0.055 -0.068  0.120  0.207  0.004 -0.028 -0.191 -0.339 -0.320 -0.143  0.046  0.271  0.437  0.447  0.417  0.320  0.189 -0.316 -0.535 -0.603 -0.579
 -0.474 -0.468 -0.358 -0.252  0.037  0.099  0.098 -0.010  0.034  0.030 -0.004 -0.071 -0.112 -0.309 -0.309 -0.414 -0.354 -0.353 -0.214 -0.101  0.011  0.355  0.578  0.508  0.308  0.301  0.409  0.285  0.091  0.135  0.151  0.009 -0.058  0.007  0.085  0.182  0.274  0.341  0.324  0.363  0.439  0.450  0.594  0.584  0.515  0.295  0.377  0.576  0.805  1.000  0.852  0.686  0.510  0.517  0.293  0.166  0.017  0.226  0.304  0.072  0.035 -0.156 -0.348 -0.358 -0.160  0.007  0.232  0.359  0.407  0.389  0.308  0.171 -0.305 -0.512 -0.582 -0.553
 -0.490 -0.536 -0.422 -0.347 -0.034  0.036  0.055 -0.027  0.015  0.021 -0.044 -0.147 -0.180 -0.384 -0.350 -0.433 -0.315 -0.299 -0.159 -0.004  0.142  0.514  0.684  0.641  0.449  0.357  0.458  0.377  0.164  0.168  0.198  0.060 -0.020  0.031  0.119  0.205  0.299  0.357  0.319  0.349  0.425  0.374  0.492  0.482  0.420  0.259  0.310  0.447  0.638  0.852  1.000  0.860  0.719  0.689  0.441  0.245  0.075  0.304  0.323  0.058  0.000 -0.202 -0.411 -0.457 -0.246 -0.088  0.155  0.281  0.360  0.336  0.282  0.125 -0.311 -0.510 -0.578 -0.543
 -0.463 -0.530 -0.433 -0.374 -0.059  0.007  0.036 -0.038 -0.000  0.016 -0.044 -0.144 -0.147 -0.344 -0.286 -0.363 -0.226 -0.229 -0.140  0.044  0.250  0.632  0.787  0.797  0.605  0.479  0.575  0.497  0.277  0.261  0.273  0.143  0.069  0.097  0.176  0.233  0.295  0.351  0.279  0.306  0.395  0.260  0.382  0.380  0.325  0.231  0.291  0.399  0.541  0.686  0.860  1.000  0.844  0.707  0.460  0.208  0.009  0.219  0.177 -0.087 -0.133 -0.291 -0.455 -0.504 -0.335 -0.173  0.067  0.204  0.301  0.248  0.210  0.054 -0.321 -0.500 -0.557 -0.514
 -0.377 -0.501 -0.430 -0.440 -0.181 -0.126 -0.046 -0.049 -0.031 -0.024 -0.153 -0.284 -0.284 -0.439 -0.339 -0.349 -0.145 -0.073  0.048  0.246  0.408  0.717  0.703  0.715  0.582  0.384  0.416  0.389  0.187  0.136  0.161  0.057 -0.021 -0.014  0.061  0.121  0.191  0.237  0.192  0.216  0.272  0.165  0.248  0.262  0.216  0.160  0.218  0.277  0.386  0.510  0.719  0.844  1.000  0.855  0.640  0.381  0.228  0.406  0.292  0.066 -0.022 -0.195 -0.369 -0.469 -0.306 -0.230 -0.017  0.079  0.168  0.138  0.136  0.008 -0.268 -0.371 -0.428 -0.393
 -0.297 -0.459 -0.407 -0.467 -0.278 -0.226 -0.120 -0.079 -0.069 -0.068 -0.249 -0.391 -0.410 -0.527 -0.425 -0.357 -0.110  0.037  0.219  0.412  0.508  0.756  0.655  0.560  0.458  0.254  0.221  0.194  0.005 -0.058 -0.025 -0.115 -0.187 -0.175 -0.106 -0.021  0.077  0.129  0.127  0.148  0.181  0.153  0.214  0.234  0.210  0.124  0.179  0.241  0.364  0.517  0.689  0.707  0.855  1.000  0.842  0.609  0.477  0.643  0.510  0.304  0.188 -0.032 -0.234 -0.367 -0.193 -0.199 -0.033  0.024  0.090  0.099  0.111  0.014 -0.237 -0.273 -0.337 -0.313
 -0.078 -0.273 -0.283 -0.425 -0.380 -0.363 -0.243 -0.130 -0.137 -0.120 -0.338 -0.461 -0.467 -0.488 -0.370 -0.199  0.074  0.283  0.478  0.639  0.655  0.706  0.491  0.369  0.334  0.086 -0.004 -0.001 -0.161 -0.256 -0.219 -0.260 -0.314 -0.319 -0.272 -0.200 -0.107 -0.068 -0.043 -0.038 -0.035 -0.031  0.003  0.030  0.057  0.018  0.041  0.074  0.159  0.293  0.441  0.460  0.640  0.842  1.000  0.821  0.699  0.760  0.588  0.469  0.352  0.137 -0.035 -0.203 -0.077 -0.197 -0.131 -0.155 -0.116 -0.078 -0.032 -0.062 -0.142 -0.055 -0.104 -0.095
  0.074 -0.084 -0.131 -0.295 -0.378 -0.371 -0.273 -0.131 -0.160 -0.168 -0.366 -0.428 -0.442 -0.394 -0.309 -0.111  0.121  0.349  0.591  0.622  0.531  0.477  0.279  0.112  0.104 -0.073 -0.196 -0.204 -0.307 -0.392 -0.364 -0.370 -0.395 -0.402 -0.382 -0.315 -0.229 -0.199 -0.148 -0.151 -0.172 -0.114 -0.096 -0.052  0.017 -0.019 -0.017 -0.003  0.055  0.166  0.245  0.208  0.381  0.609  0.821  1.000  0.837  0.776  0.700  0.662  0.600  0.354  0.174  0.005  0.108 -0.094 -0.122 -0.195 -0.215 -0.153 -0.102 -0.081 -0.071  0.076  0.040  0.035
  0.190  0.016 -0.046 -0.259 -0.428 -0.447 -0.337 -0.136 -0.157 -0.150 -0.408 -0.484 -0.503 -0.397 -0.315 -0.067  0.144  0.430  0.668  0.685  0.478  0.339  0.083 -0.081 -0.049 -0.217 -0.373 -0.356 -0.408 -0.494 -0.463 -0.431 -0.437 -0.454 -0.458 -0.406 -0.335 -0.311 -0.240 -0.263 -0.303 -0.207 -0.213 -0.154 -0.066 -0.069 -0.078 -0.092 -0.068  0.017  0.075  0.009  0.228  0.477  0.699  0.837  1.000  0.875  0.727  0.774  0.615  0.414  0.290  0.126  0.177 -0.071 -0.149 -0.285 -0.327 -0.255 -0.183 -0.129  0.008  0.234  0.215  0.195
  0.001 -0.171 -0.153 -0.316 -0.381 -0.373 -0.275 -0.133 -0.129 -0.110 -0.370 -0.481 -0.519 -0.497 -0.422 -0.237 -0.021  0.249  0.507  0.571  0.409  0.411  0.220  0.074  0.044 -0.120 -0.217 -0.221 -0.312 -0.377 -0.339 -0.343 -0.368 -0.372 -0.354 -0.288 -0.209 -0.173 -0.117 -0.122 -0.132 -0.065 -0.042  0.012  0.059  0.015  0.031  0.048  0.120  0.226  0.304  0.219  0.406  0.643  0.760  0.776  0.875  1.000  0.856  0.752  0.546  0.306  0.150 -0.000  0.100 -0.064 -0.062 -0.155 -0.175 -0.119 -0.066 -0.072 -0.104  0.050  0.026  0.020
 -0.040 -0.149 -0.108 -0.223 -0.287 -0.267 -0.203 -0.099 -0.108 -0.127 -0.314 -0.380 -0.429 -0.428 -0.394 -0.274 -0.114  0.120  0.371  0.402  0.230  0.256  0.166  0.017 -0.046 -0.135 -0.189 -0.226 -0.307 -0.339 -0.306 -0.322 -0.344 -0.335 -0.316 -0.247 -0.163 -0.124 -0.067 -0.066 -0.069  0.013  0.049  0.102  0.150  0.064  0.085  0.121  0.207  0.304  0.323  0.177  0.292  0.510  0.588  0.700  0.727  0.856  1.000  0.830  0.685  0.385  0.194  0.057  0.176  0.024  0.025 -0.045 -0.088 -0.034 -0.003 -0.022 -0.121 -0.020 -0.047 -0.050
  0.156  0.051  0.036 -0.124 -0.309 -0.318 -0.253 -0.108 -0.122 -0.140 -0.341 -0.375 -0.415 -0.326 -0.297 -0.129 -0.007  0.242  0.464  0.445  0.214  0.124 -0.036 -0.207 -0.204 -0.270 -0.391 -0.410 -0.426 -0.473 -0.451 -0.418 -0.415 -0.424 -0.437 -0.385 -0.313 -0.289 -0.215 -0.227 -0.265 -0.135 -0.130 -0.062  0.031 -0.005 -0.016 -0.021  0.004  0.072  0.058 -0.087  0.066  0.304  0.469  0.662  0.774  0.752  0.830  1.000  0.823  0.539  0.381  0.235  0.293  0.064 -0.023 -0.161 -0.248 -0.187 -0.134 -0.086 -0.011  0.192  0.176  0.158
  0.215  0.160  0.114 -0.046 -0.262 -0.277 -0.242 -0.096 -0.144 -0.195 -0.340 -0.312 -0.341 -0.225 -0.206 -0.042  0.041  0.223  0.399  0.342  0.152  0.049 -0.079 -0.234 -0.232 -0.282 -0.394 -0.419 -0.428 -0.469 -0.461 -0.424 -0.403 -0.408 -0.432 -0.388 -0.335 -0.323 -0.256 -0.252 -0.283 -0.166 -0.149 -0.059  0.067  0.022 -0.014 -0.022 -0.028  0.035  0.000 -0.133 -0.022  0.188  0.352  0.600  0.615  0.546  0.685  0.823  1.000  0.760  0.521  0.339  0.434  0.137  0.010 -0.124 -0.236 -0.182 -0.137 -0.079  0.016  0.205  0.188  0.169
  0.433  0.377  0.297  0.072 -0.260 -0.311 -0.295 -0.129 -0.181 -0.199 -0.328 -0.264 -0.271 -0.065 -0.040  0.162  0.181  0.297  0.369  0.255  0.082 -0.100 -0.233 -0.347 -0.317 -0.356 -0.471 -0.481 -0.443 -0.489 -0.498 -0.423 -0.371 -0.392 -0.449 -0.438 -0.423 -0.430 -0.371 -0.387 -0.422 -0.323 -0.307 -0.195 -0.012 -0.007 -0.082 -0.114 -0.191 -0.156 -0.202 -0.291 -0.195 -0.032  0.137  0.354  0.414  0.306  0.385  0.539  0.760  1.000  0.760  0.533  0.553  0.193 -0.039 -0.224 -0.355 -0.314 -0.253 -0.149  0.111  0.362  0.366  0.337
  0.653  0.600  0.511  0.265 -0.185 -0.280 -0.315 -0.169 -0.205 -0.172 -0.304 -0.188 -0.164  0.126  0.175  0.418  0.372  0.414  0.360  0.214  0.055 -0.227 -0.378 -0.459 -0.391 -0.418 -0.540 -0.534 -0.451 -0.502 -0.528 -0.417 -0.338 -0.380 -0.466 -0.491 -0.509 -0.522 -0.459 -0.494 -0.529 -0.434 -0.422 -0.314 -0.142 -0.099 -0.176 -0.220 -0.339 -0.348 -0.411 -0.455 -0.369 -0.234 -0.035  0.174  0.290  0.150  0.194  0.381  0.521  0.760  1.000  0.808  0.604  0.280 -0.042 -0.283 -0.436 -0.403 -0.339 -0.209  0.161  0.471  0.499  0.465
  0.570  0.637  0.617  0.483  0.024 -0.076 -0.218 -0.157 -0.184 -0.115 -0.155  0.006  0.016  0.291  0.274  0.392  0.259  0.252  0.201  0.034 -0.116 -0.373 -0.450 -0.509 -0.459 -0.417 -0.500 -0.518 -0.399 -0.404 -0.454 -0.351 -0.244 -0.274 -0.382 -0.416 -0.465 -0.477 -0.423 -0.451 -0.462 -0.379 -0.357 -0.249 -0.102 -0.084 -0.149 -0.196 -0.320 -0.358 -0.457 -0.504 -0.469 -0.367 -0.203  0.005  0.126 -0.000  0.057  0.235  0.339  0.533  0.808  1.000  0.765  0.494  0.125 -0.145 -0.332 -0.318 -0.287 -0.171  0.145  0.393  0.443  0.412
  0.311  0.385  0.460  0.436  0.116  0.051 -0.115 -0.111 -0.150 -0.113 -0.130  0.011 -0.024  0.144  0.088  0.105  0.039  0.078  0.143  0.003 -0.147 -0.289 -0.321 -0.400 -0.407 -0.355 -0.405 -0.460 -0.376 -0.343 -0.391 -0.343 -0.242 -0.237 -0.326 -0.321 -0.358 -0.365 -0.313 -0.306 -0.294 -0.215 -0.181 -0.048  0.104  0.024 -0.036 -0.059 -0.143 -0.160 -0.246 -0.335 -0.306 -0.193 -0.077  0.108  0.177  0.100  0.176  0.293  0.434  0.553  0.604  0.765  1.000  0.683  0.339  0.061 -0.146 -0.147 -0.145 -0.085  0.069  0.206  0.235  0.211
  0.068  0.187  0.389  0.599  0.438  0.391  0.099 -0.095 -0.053  0.047  0.086  0.216  0.170  0.217  0.122 -0.003 -0.105 -0.156 -0.119 -0.223 -0.289 -0.310 -0.219 -0.248 -0.318 -0.208 -0.157 -0.252 -0.189 -0.099 -0.155 -0.160 -0.071 -0.049 -0.118 -0.110 -0.151 -0.141 -0.126 -0.107 -0.050 -0.004  0.057  0.167  0.249  0.111  0.070  0.084  0.046  0.007 -0.088 -0.173 -0.230 -0.199 -0.197 -0.094 -0.071 -0.064  0.024  0.064  0.137  0.193  0.280  0.494  0.683  1.000  0.704  0.335  0.108  0.056 -0.013 -0.020 -0.081 -0.075 -0.030 -0.033
 -0.189 -0.068  0.169  0.441  0.584  0.534  0.248  0.011  0.066  0.098  0.138  0.219  0.181  0.073  0.008 -0.179 -0.249 -0.304 -0.257 -0.282 -0.282 -0.174 -0.028 -0.025 -0.149 -0.060  0.063 -0.038 -0.056  0.058  0.022 -0.041  0.004  0.048  0.030  0.064  0.044  0.062  0.059  0.115  0.212  0.231  0.336  0.445  0.424  0.248  0.225  0.253  0.271  0.232  0.155  0.067 -0.017 -0.033 -0.131 -0.122 -0.149 -0.062  0.025 -0.023  0.010 -0.039 -0.042  0.125  0.339  0.704  1.000  0.653  0.419  0.298  0.171  0.066 -0.198 -0.325 -0.313 -0.302
 -0.416 -0.273 -0.128  0.173  0.493  0.606  0.510  0.269  0.206  0.040  0.205  0.266  0.223  0.000 -0.097 -0.323 -0.391 -0.471 -0.414 -0.401 -0.329 -0.099  0.120  0.137  0.008  0.118  0.280  0.165  0.093  0.251  0.233  0.092  0.098  0.193  0.229  0.300  0.296  0.319  0.324  0.410  0.526  0.529  0.647  0.710  0.547  0.320  0.361  0.364  0.437  0.359  0.281  0.204  0.079  0.024 -0.155 -0.195 -0.285 -0.155 -0.045 -0.161 -0.124 -0.224 -0.283 -0.145  0.061  0.335  0.653  1.000  0.786  0.602  0.403  0.210 -0.238 -0.565 -0.588 -0.567
 -0.506 -0.382 -0.276  0.004  0.424  0.537  0.455  0.208  0.147  0.046  0.233  0.240  0.208 -0.052 -0.125 -0.358 -0.402 -0.491 -0.444 -0.389 -0.270 -0.002  0.222  0.265  0.150  0.218  0.405  0.328  0.210  0.368  0.380  0.202  0.179  0.299  0.382  0.455  0.454  0.452  0.468  0.608  0.717  0.688  0.706  0.633  0.409  0.195  0.270  0.315  0.447  0.407  0.360  0.301  0.168  0.090 -0.116 -0.215 -0.327 -0.175 -0.088 -0.248 -0.236 -0.355 -0.436 -0.332 -0.146  0.108  0.419  0.786  1.000  0.821  0.635  0.402 -0.192 -0.627 -0.686 -0.667
 -0.450 -0.348 -0.276 -0.045  0.309  0.421  0.330  0.118  0.097  0.052  0.189  0.185  0.146 -0.076 -0.140 -0.332 -0.362 -0.433 -0.378 -0.328 -0.219  0.019  0.204  0.202  0.126  0.183  0.325  0.258  0.125  0.297  0.332  0.125  0.100  0.265  0.364  0.476  0.491  0.474  0.536  0.703  0.754  0.785  0.690  0.570  0.317  0.093  0.188  0.262  0.417  0.389  0.336  0.248  0.138  0.099 -0.078 -0.153 -0.255 -0.119 -0.034 -0.187 -0.182 -0.314 -0.403 -0.318 -0.147  0.056  0.298  0.602  0.821  1.000  0.816  0.593 -0.095 -0.582 -0.675 -0.669
 -0.379 -0.312 -0.267 -0.106  0.175  0.275  0.179  0.062  0.017  0.026  0.126  0.084  0.038 -0.128 -0.170 -0.302 -0.307 -0.349 -0.294 -0.242 -0.155  0.038  0.171  0.175  0.116  0.138  0.259  0.215  0.088  0.230  0.281  0.103  0.065  0.217  0.321  0.417  0.438  0.405  0.495  0.703  0.682  0.659  0.537  0.410  0.194  0.021  0.107  0.173  0.320  0.308  0.282  0.210  0.136  0.111 -0.032 -0.102 -0.183 -0.066 -0.003 -0.134 -0.137 -0.253 -0.339 -0.287 -0.145 -0.013  0.171  0.403  0.635  0.816  1.000  0.811  0.071 -0.458 -0.590 -0.601
 -0.236 -0.179 -0.172 -0.063  0.103  0.165  0.086 -0.017 -0.016  0.038  0.115  0.093  0.043 -0.052 -0.100 -0.182 -0.192 -0.226 -0.195 -0.174 -0.117 -0.015  0.064  0.041  0.034  0.074  0.120  0.091  0.022  0.125  0.161  0.031 -0.002  0.119  0.203  0.288  0.320  0.270  0.361  0.581  0.494  0.534  0.380  0.246  0.074 -0.061  0.006  0.063  0.189  0.171  0.125  0.054  0.008  0.014 -0.062 -0.081 -0.129 -0.072 -0.022 -0.086 -0.079 -0.149 -0.209 -0.171 -0.085 -0.020  0.066  0.210  0.402  0.593  0.811  1.000  0.190 -0.269 -0.425 -0.452
  0.236  0.228  0.117  0.023 -0.124 -0.144 -0.144 -0.002 -0.138 -0.156 -0.118 -0.061 -0.033  0.090  0.097  0.173  0.147  0.167  0.103  0.049 -0.019 -0.173 -0.269 -0.279 -0.171 -0.187 -0.287 -0.239 -0.171 -0.213 -0.208 -0.151 -0.135 -0.149 -0.149 -0.144 -0.144 -0.202 -0.149 -0.111 -0.226 -0.144 -0.239 -0.287 -0.258 -0.204 -0.260 -0.290 -0.316 -0.305 -0.311 -0.321 -0.268 -0.237 -0.142 -0.071  0.008 -0.104 -0.121 -0.011  0.016  0.111  0.161  0.145  0.069 -0.081 -0.198 -0.238 -0.192 -0.095  0.071  0.190  1.000  0.470  0.243  0.129
  0.515  0.418  0.282  0.041 -0.337 -0.425 -0.408 -0.182 -0.227 -0.204 -0.324 -0.246 -0.209  0.055  0.091  0.322  0.328  0.429  0.372  0.283  0.120 -0.189 -0.421 -0.468 -0.314 -0.367 -0.573 -0.484 -0.325 -0.476 -0.510 -0.308 -0.263 -0.390 -0.470 -0.537 -0.552 -0.580 -0.543 -0.597 -0.670 -0.574 -0.613 -0.578 -0.411 -0.264 -0.362 -0.406 -0.535 -0.512 -0.510 -0.500 -0.371 -0.273 -0.055  0.076  0.234  0.050 -0.020  0.192  0.205  0.362  0.471  0.393  0.206 -0.075 -0.325 -0.565 -0.627 -0.582 -0.458 -0.269  0.470  1.000  0.814  0.669
  0.544  0.468  0.336  0.106 -0.310 -0.404 -0.418 -0.220 -0.243 -0.180 -0.285 -0.205 -0.172  0.099  0.129  0.358  0.338  0.428  0.361  0.257  0.078 -0.253 -0.490 -0.519 -0.362 -0.407 -0.620 -0.530 -0.326 -0.491 -0.547 -0.306 -0.239 -0.394 -0.503 -0.596 -0.632 -0.653 -0.647 -0.712 -0.763 -0.679 -0.691 -0.639 -0.449 -0.270 -0.386 -0.452 -0.603 -0.582 -0.578 -0.557 -0.428 -0.337 -0.104  0.040  0.215  0.026 -0.047  0.176  0.188  0.366  0.499  0.443  0.235 -0.030 -0.313 -0.588 -0.686 -0.675 -0.590 -0.425  0.243  0.814  1.000  0.913
