  1.000  0.785  0.571  0.280 -0.169 -0.296 -0.308 -0.152 -0.198 -0.132 -0.218 -0.135 -0.058  0.265  0.345  0.664  0.638  0.623  0.444  0.287  0.188 -0.174 -0.375 -0.418 -0.298 -0.365 -0.502 -0.461 -0.386 -0.462 -0.474 -0.361 -0.297 -0.342 -0.417 -0.453 -0.470 -0.489 -0.432 -0.488 -0.545 -0.474 -0.508 -0.470 -0.345 -0.226 -0.309 -0.356 -0.465 -0.470 -0.490 -0.465 -0.384 -0.301 -0.079  0.076  0.193 -0.001 -0.043  0.154  0.211  0.434  0.653  0.570  0.308  0.064 -0.197 -0.423 -0.505 -0.451 -0.379 -0.230  0.239  0.514  0.543  0.511
  0.785  1.000  0.730  0.476  0.040 -0.090 -0.194 -0.110 -0.186 -0.136 -0.087  0.064  0.140  0.465  0.530  0.665  0.497  0.424  0.251  0.078 -0.027 -0.350 -0.458 -0.476 -0.375 -0.367 -0.457 -0.437 -0.331 -0.358 -0.392 -0.293 -0.207 -0.237 -0.328 -0.369 -0.412 -0.436 -0.390 -0.426 -0.467 -0.404 -0.436 -0.403 -0.298 -0.197 -0.270 -0.329 -0.438 -0.470 -0.536 -0.530 -0.501 -0.456 -0.267 -0.079  0.023 -0.170 -0.151  0.052  0.158  0.380  0.603  0.635  0.382  0.182 -0.077 -0.283 -0.384 -0.351 -0.311 -0.174  0.234  0.421  0.470  0.443
  0.571  0.730  1.000  0.706  0.260  0.081 -0.140 -0.166 -0.169 -0.042 -0.029  0.174  0.246  0.528  0.549  0.514  0.373  0.251  0.110 -0.046 -0.127 -0.376 -0.412 -0.410 -0.387 -0.339 -0.363 -0.374 -0.274 -0.269 -0.313 -0.231 -0.143 -0.167 -0.259 -0.304 -0.352 -0.370 -0.341 -0.376 -0.380 -0.340 -0.337 -0.280 -0.184 -0.109 -0.175 -0.212 -0.310 -0.356 -0.418 -0.430 -0.426 -0.403 -0.279 -0.129 -0.039 -0.149 -0.106  0.039  0.112  0.297  0.511  0.614  0.454  0.382  0.163 -0.135 -0.275 -0.276 -0.264 -0.166  0.119  0.283  0.334  0.316
  0.280  0.476  0.706  1.000  0.649  0.460  0.138 -0.047 -0.040  0.050  0.224  0.470  0.502  0.635  0.505  0.337  0.144 -0.019 -0.150 -0.290 -0.326 -0.465 -0.396 -0.363 -0.375 -0.265 -0.223 -0.260 -0.152 -0.081 -0.141 -0.103 -0.006 -0.003 -0.089 -0.133 -0.201 -0.218 -0.202 -0.197 -0.161 -0.135 -0.118 -0.068 -0.043 -0.025 -0.070 -0.098 -0.168 -0.252 -0.345 -0.372 -0.438 -0.467 -0.425 -0.302 -0.260 -0.317 -0.224 -0.128 -0.052  0.069  0.262  0.481  0.431  0.597  0.440  0.168  0.004 -0.043 -0.103 -0.057  0.029  0.041  0.104  0.098
 -0.169  0.040  0.260  0.649  1.000  0.800  0.451  0.104  0.108  0.149  0.415  0.598  0.642  0.456  0.332  0.027 -0.131 -0.309 -0.396 -0.440 -0.375 -0.307 -0.126 -0.056 -0.130 -0.002  0.132  0.080  0.114  0.230  0.186  0.134  0.180  0.212  0.190  0.174  0.124  0.117  0.099  0.150  0.223  0.213  0.244  0.243  0.154  0.080  0.090  0.098  0.114  0.034 -0.035 -0.058 -0.178 -0.275 -0.378 -0.382 -0.430 -0.381 -0.285 -0.313 -0.267 -0.263 -0.189  0.020  0.110  0.436  0.579  0.487  0.422  0.309  0.175  0.103 -0.124 -0.334 -0.311 -0.297
 -0.296 -0.090  0.081  0.460  0.800  1.000  0.617  0.250  0.214  0.176  0.449  0.591  0.548  0.326  0.180 -0.102 -0.253 -0.420 -0.465 -0.496 -0.409 -0.270 -0.076 -0.008 -0.081  0.038  0.174  0.114  0.136  0.269  0.229  0.154  0.202  0.260  0.245  0.249  0.196  0.189  0.175  0.253  0.339  0.306  0.335  0.334  0.218  0.117  0.141  0.144  0.178  0.093  0.032  0.004 -0.123 -0.224 -0.360 -0.375 -0.448 -0.371 -0.264 -0.320 -0.281 -0.311 -0.280 -0.082  0.044  0.387  0.529  0.600  0.536  0.420  0.275  0.162 -0.145 -0.421 -0.403 -0.389
 -0.308 -0.194 -0.140  0.138  0.451  0.617  1.000  0.668  0.474  0.114  0.379  0.361  0.353  0.138  0.029 -0.147 -0.233 -0.336 -0.359 -0.360 -0.281 -0.147 -0.005  0.041 -0.006  0.089  0.193  0.150  0.132  0.222  0.221  0.137  0.123  0.169  0.199  0.221  0.227  0.258  0.273  0.277  0.338  0.343  0.355  0.322  0.194  0.097  0.137  0.116  0.162  0.096  0.052  0.033 -0.045 -0.119 -0.241 -0.277 -0.343 -0.278 -0.207 -0.264 -0.247 -0.297 -0.317 -0.221 -0.119  0.094  0.248  0.513  0.458  0.332  0.180  0.086 -0.146 -0.411 -0.420 -0.408
 -0.152 -0.110 -0.166 -0.047  0.104  0.250  0.668  1.000  0.635  0.074  0.176  0.101  0.073 -0.017 -0.070 -0.096 -0.129 -0.143 -0.156 -0.158 -0.138 -0.092 -0.056 -0.034 -0.038 -0.021  0.015  0.007 -0.015  0.016  0.035 -0.001 -0.015  0.015  0.042  0.065  0.081  0.098  0.129  0.118  0.133  0.136  0.144  0.132  0.067  0.036  0.069  0.020  0.040 -0.006 -0.022 -0.035 -0.048 -0.076 -0.129 -0.133 -0.141 -0.133 -0.099 -0.117 -0.105 -0.136 -0.175 -0.164 -0.119 -0.098  0.013  0.273  0.216  0.123  0.064 -0.016 -0.005 -0.188 -0.225 -0.245
 -0.198 -0.186 -0.169 -0.040  0.108  0.214  0.474  0.635  1.000  0.537  0.379  0.185  0.084 -0.029 -0.099 -0.137 -0.171 -0.192 -0.194 -0.186 -0.169 -0.104 -0.042 -0.015 -0.057 -0.039  0.024  0.005 -0.023  0.017  0.038  0.007 -0.001  0.027  0.049  0.056  0.070  0.090  0.109  0.101  0.111  0.125  0.126  0.126  0.065  0.046  0.082  0.069  0.089  0.038  0.019  0.002 -0.030 -0.068 -0.138 -0.162 -0.161 -0.130 -0.110 -0.128 -0.150 -0.188 -0.214 -0.192 -0.157 -0.054  0.064  0.204  0.152  0.100  0.018 -0.019 -0.139 -0.228 -0.244 -0.256
 -0.132 -0.136 -0.042  0.050  0.149  0.176  0.114  0.074  0.537  1.000  0.539  0.253  0.112  0.030 -0.006 -0.053 -0.124 -0.163 -0.173 -0.161 -0.139 -0.083 -0.030  0.003 -0.031 -0.026  0.031  0.019  0.002  0.044  0.052  0.026  0.040  0.075  0.066  0.054  0.053  0.061  0.066  0.076  0.073  0.067  0.047  0.031 -0.023 -0.023  0.005  0.039  0.069  0.029  0.023  0.017 -0.023 -0.064 -0.120 -0.171 -0.153 -0.114 -0.129 -0.145 -0.198 -0.203 -0.176 -0.120 -0.117  0.043  0.090  0.038  0.047  0.055  0.026  0.036 -0.155 -0.205 -0.181 -0.181
 -0.218 -0.087 -0.029  0.224  0.415  0.449  0.379  0.176  0.379  0.539  1.000  0.715  0.536  0.323  0.168 -0.039 -0.171 -0.303 -0.366 -0.386 -0.319 -0.250 -0.103 -0.026 -0.072  0.023  0.144  0.126  0.153  0.246  0.238  0.199  0.227  0.272  0.258  0.219  0.177  0.167  0.151  0.175  0.196  0.162  0.142  0.081 -0.017 -0.034 -0.001  0.014  0.052 -0.009 -0.050 -0.049 -0.154 -0.250 -0.340 -0.368 -0.408 -0.371 -0.316 -0.342 -0.342 -0.330 -0.305 -0.158 -0.134  0.081  0.132  0.197  0.231  0.190  0.126  0.115 -0.116 -0.322 -0.283 -0.263
 -0.135  0.064  0.174  0.470  0.598  0.591  0.361  0.101  0.185  0.253  0.715  1.000  0.793  0.587  0.359  0.088 -0.094 -0.291 -0.399 -0.465 -0.393 -0.359 -0.183 -0.103 -0.136 -0.007  0.098  0.072  0.147  0.237  0.192  0.180  0.236  0.265  0.228  0.174  0.105  0.083  0.057  0.089  0.132  0.106  0.111  0.074  0.003 -0.020 -0.003  0.005  0.009 -0.076 -0.150 -0.147 -0.282 -0.391 -0.462 -0.435 -0.487 -0.480 -0.381 -0.379 -0.319 -0.269 -0.189  0.001  0.002  0.209  0.212  0.257  0.237  0.183  0.081  0.092 -0.061 -0.244 -0.203 -0.187
 -0.058  0.140  0.246  0.502  0.642  0.548  0.353  0.073  0.084  0.112  0.536  0.793  1.000  0.758  0.526  0.222  0.023 -0.210 -0.363 -0.434 -0.343 -0.337 -0.167 -0.076 -0.102  0.032  0.130  0.114  0.177  0.247  0.202  0.194  0.233  0.245  0.220  0.160  0.098  0.083  0.056  0.064  0.107  0.083  0.083  0.035 -0.025 -0.024 -0.019 -0.023 -0.030 -0.114 -0.184 -0.151 -0.284 -0.409 -0.467 -0.447 -0.504 -0.517 -0.428 -0.417 -0.347 -0.278 -0.167  0.012 -0.030  0.167  0.180  0.220  0.210  0.147  0.039  0.045 -0.036 -0.211 -0.174 -0.153
  0.265  0.465  0.528  0.635  0.456  0.326  0.138 -0.017 -0.029  0.030  0.323  0.587  0.758  1.000  0.765  0.508  0.273  0.030 -0.170 -0.299 -0.267 -0.408 -0.318 -0.248 -0.229 -0.117 -0.082 -0.093 -0.002  0.041 -0.011  0.016  0.086  0.093  0.031 -0.029 -0.093 -0.118 -0.118 -0.140 -0.137 -0.139 -0.156 -0.187 -0.182 -0.122 -0.142 -0.169 -0.226 -0.307 -0.386 -0.345 -0.439 -0.527 -0.488 -0.399 -0.395 -0.494 -0.426 -0.330 -0.233 -0.072  0.124  0.290  0.140  0.219  0.072 -0.003 -0.049 -0.073 -0.124 -0.046  0.091  0.051  0.096  0.096
  0.345  0.530  0.549  0.505  0.332  0.180  0.029 -0.070 -0.099 -0.006  0.168  0.359  0.526  0.765  1.000  0.699  0.446  0.180 -0.058 -0.161 -0.107 -0.272 -0.234 -0.169 -0.140 -0.060 -0.057 -0.066 -0.005  0.009 -0.041 -0.016  0.033  0.022 -0.029 -0.074 -0.112 -0.120 -0.119 -0.164 -0.162 -0.165 -0.194 -0.240 -0.234 -0.143 -0.167 -0.195 -0.253 -0.308 -0.351 -0.282 -0.334 -0.420 -0.367 -0.313 -0.315 -0.423 -0.398 -0.305 -0.216 -0.049  0.171  0.268  0.078  0.114  0.002 -0.100 -0.124 -0.140 -0.169 -0.096  0.099  0.091  0.127  0.129
  0.664  0.665  0.514  0.337  0.027 -0.102 -0.147 -0.096 -0.137 -0.053 -0.039  0.088  0.222  0.508  0.699  1.000  0.735  0.491  0.239  0.125  0.132 -0.163 -0.269 -0.257 -0.173 -0.191 -0.260 -0.244 -0.196 -0.244 -0.270 -0.200 -0.155 -0.189 -0.243 -0.286 -0.301 -0.307 -0.275 -0.338 -0.373 -0.342 -0.381 -0.414 -0.362 -0.233 -0.282 -0.318 -0.392 -0.417 -0.436 -0.362 -0.349 -0.356 -0.197 -0.112 -0.066 -0.240 -0.277 -0.134 -0.049  0.158  0.418  0.389  0.097 -0.010 -0.188 -0.329 -0.359 -0.334 -0.302 -0.178  0.173  0.322  0.357  0.343
  0.638  0.497  0.373  0.144 -0.131 -0.253 -0.233 -0.129 -0.171 -0.124 -0.171 -0.094  0.023  0.273  0.446  0.735  1.000  0.785  0.481  0.373  0.430  0.082 -0.120 -0.134 -0.048 -0.152 -0.255 -0.227 -0.227 -0.310 -0.315 -0.257 -0.238 -0.281 -0.313 -0.335 -0.320 -0.322 -0.285 -0.340 -0.386 -0.354 -0.394 -0.408 -0.351 -0.230 -0.274 -0.302 -0.358 -0.357 -0.321 -0.230 -0.150 -0.114  0.071  0.119  0.145 -0.026 -0.120 -0.009  0.038  0.181  0.377  0.264  0.038 -0.109 -0.258 -0.393 -0.404 -0.366 -0.306 -0.187  0.149  0.330  0.339  0.325
  0.623  0.424  0.251 -0.019 -0.309 -0.420 -0.336 -0.143 -0.192 -0.163 -0.303 -0.291 -0.210  0.030  0.180  0.491  0.785  1.000  0.757  0.636  0.586  0.194 -0.103 -0.165 -0.039 -0.213 -0.381 -0.327 -0.334 -0.451 -0.442 -0.366 -0.352 -0.406 -0.437 -0.444 -0.412 -0.412 -0.353 -0.406 -0.471 -0.409 -0.453 -0.433 -0.343 -0.226 -0.276 -0.317 -0.374 -0.352 -0.301 -0.232 -0.078  0.032  0.277  0.347  0.426  0.240  0.109  0.235  0.219  0.298  0.415  0.253  0.076 -0.157 -0.308 -0.472 -0.491 -0.433 -0.347 -0.220  0.171  0.429  0.427  0.403
  0.444  0.251  0.110 -0.150 -0.396 -0.465 -0.359 -0.156 -0.194 -0.173 -0.366 -0.399 -0.363 -0.170 -0.058  0.239  0.481  0.757  1.000  0.782  0.579  0.259 -0.034 -0.141 -0.055 -0.236 -0.397 -0.357 -0.384 -0.493 -0.474 -0.413 -0.405 -0.445 -0.467 -0.450 -0.400 -0.392 -0.327 -0.365 -0.423 -0.349 -0.378 -0.332 -0.222 -0.156 -0.193 -0.228 -0.258 -0.213 -0.157 -0.140  0.044  0.218  0.475  0.589  0.669  0.504  0.366  0.463  0.399  0.371  0.363  0.202  0.142 -0.118 -0.260 -0.415 -0.447 -0.380 -0.292 -0.191  0.111  0.374  0.361  0.337
  0.287  0.078 -0.046 -0.290 -0.440 -0.496 -0.360 -0.158 -0.186 -0.161 -0.386 -0.465 -0.434 -0.299 -0.161  0.125  0.373  0.636  0.782  1.000  0.791  0.490  0.171  0.061  0.132 -0.098 -0.259 -0.218 -0.296 -0.422 -0.396 -0.364 -0.383 -0.423 -0.421 -0.392 -0.320 -0.298 -0.245 -0.284 -0.328 -0.281 -0.299 -0.269 -0.191 -0.134 -0.153 -0.165 -0.170 -0.094  0.002  0.047  0.246  0.415  0.638  0.624  0.687  0.572  0.402  0.444  0.342  0.256  0.216  0.034  0.006 -0.219 -0.277 -0.399 -0.388 -0.328 -0.238 -0.173  0.054  0.282  0.254  0.240
  0.188 -0.027 -0.127 -0.326 -0.375 -0.409 -0.281 -0.138 -0.169 -0.139 -0.319 -0.393 -0.343 -0.267 -0.107  0.132  0.430  0.586  0.579  0.791  1.000  0.739  0.412  0.310  0.386  0.131 -0.029  0.002 -0.127 -0.259 -0.241 -0.253 -0.297 -0.328 -0.299 -0.260 -0.181 -0.154 -0.126 -0.151 -0.176 -0.176 -0.183 -0.191 -0.163 -0.126 -0.124 -0.107 -0.078  0.016  0.145  0.249  0.403  0.509  0.653  0.532  0.481  0.409  0.228  0.211  0.148  0.080  0.057 -0.116 -0.147 -0.290 -0.281 -0.327 -0.266 -0.219 -0.153 -0.120 -0.015  0.121  0.076  0.080
 -0.174 -0.350 -0.376 -0.465 -0.307 -0.270 -0.147 -0.092 -0.104 -0.083 -0.250 -0.359 -0.337 -0.408 -0.272 -0.163  0.082  0.194  0.259  0.490  0.739  1.000  0.776  0.660  0.680  0.463  0.302  0.286  0.108 -0.011 -0.009 -0.090 -0.168 -0.173 -0.106 -0.037  0.058  0.105  0.096  0.103  0.121  0.076  0.117  0.096  0.066  0.013  0.056  0.123  0.227  0.362  0.518  0.635  0.716  0.759  0.706  0.477  0.336  0.411  0.253  0.120  0.046 -0.107 -0.230 -0.375 -0.287 -0.308 -0.166 -0.090  0.009  0.027  0.045 -0.015 -0.175 -0.193 -0.260 -0.231
 -0.375 -0.458 -0.412 -0.396 -0.126 -0.076 -0.005 -0.056 -0.042 -0.030 -0.103 -0.183 -0.167 -0.318 -0.234 -0.269 -0.120 -0.103 -0.034  0.171  0.412  0.776  1.000  0.843  0.693  0.622  0.594  0.490  0.263  0.204  0.202  0.063 -0.035 -0.014  0.072  0.148  0.261  0.342  0.290  0.277  0.336  0.268  0.359  0.314  0.251  0.140  0.208  0.313  0.460  0.583  0.687  0.789  0.704  0.657  0.489  0.278  0.077  0.220  0.164 -0.039 -0.083 -0.242 -0.384 -0.453 -0.320 -0.217 -0.017  0.127  0.229  0.208  0.175  0.061 -0.275 -0.427 -0.497 -0.458
 -0.418 -0.476 -0.410 -0.363 -0.056 -0.008  0.041 -0.034 -0.015  0.003 -0.026 -0.103 -0.076 -0.248 -0.169 -0.257 -0.134 -0.165 -0.141  0.061  0.310  0.660  0.843  1.000  0.819  0.633  0.716  0.673  0.418  0.361  0.370  0.238  0.143  0.148  0.227  0.263  0.314  0.379  0.289  0.296  0.391  0.218  0.309  0.274  0.199  0.136  0.203  0.293  0.417  0.510  0.640  0.797  0.713  0.561  0.367  0.111 -0.085  0.075  0.016 -0.208 -0.236 -0.354 -0.462 -0.510 -0.399 -0.247 -0.018  0.142  0.272  0.206  0.177  0.038 -0.287 -0.472 -0.523 -0.478
 -0.298 -0.375 -0.387 -0.375 -0.130 -0.081 -0.006 -0.038 -0.057 -0.031 -0.072 -0.136 -0.102 -0.229 -0.140 -0.173 -0.048 -0.039 -0.055  0.132  0.386  0.680  0.693  0.819  1.000  0.751  0.595  0.650  0.488  0.330  0.307  0.226  0.129  0.102  0.171  0.195  0.234  0.275  0.207  0.226  0.287  0.147  0.181  0.112  0.020 -0.012  0.036  0.102  0.214  0.307  0.447  0.604  0.579  0.459  0.335  0.105 -0.052  0.043 -0.052 -0.207 -0.236 -0.324 -0.394 -0.461 -0.408 -0.319 -0.146  0.010  0.157  0.132  0.119  0.034 -0.176 -0.317 -0.364 -0.326
 -0.365 -0.367 -0.339 -0.265 -0.002  0.038  0.089 -0.021 -0.039 -0.026  0.023 -0.007  0.032 -0.117 -0.060 -0.191 -0.152 -0.213 -0.236 -0.098  0.131  0.463  0.622  0.633  0.751  1.000  0.754  0.653  0.614  0.514  0.415  0.318  0.218  0.186  0.243  0.266  0.338  0.408  0.323  0.288  0.335  0.274  0.313  0.207  0.099  0.031  0.085  0.137  0.249  0.304  0.359  0.482  0.391  0.261  0.093 -0.070 -0.218 -0.120 -0.138 -0.271 -0.283 -0.361 -0.424 -0.423 -0.360 -0.210 -0.058  0.120  0.225  0.188  0.140  0.071 -0.192 -0.372 -0.412 -0.367
 -0.502 -0.457 -0.363 -0.223  0.132  0.174  0.193  0.015  0.024  0.031  0.144  0.098  0.130 -0.082 -0.057 -0.260 -0.255 -0.381 -0.397 -0.259 -0.029  0.302  0.594  0.716  0.595  0.754  1.000  0.853  0.643  0.691  0.681  0.493  0.380  0.409  0.494  0.517  0.567  0.642  0.518  0.459  0.551  0.388  0.440  0.342  0.208  0.128  0.205  0.261  0.385  0.410  0.459  0.577  0.423  0.229  0.004 -0.192 -0.372 -0.215 -0.190 -0.392 -0.395 -0.477 -0.546 -0.506 -0.407 -0.160  0.067  0.283  0.411  0.329  0.260  0.120 -0.292 -0.577 -0.622 -0.573
 -0.461 -0.437 -0.374 -0.260  0.080  0.114  0.150  0.007  0.005  0.019  0.126  0.072  0.114 -0.093 -0.066 -0.244 -0.227 -0.327 -0.357 -0.218  0.002  0.286  0.490  0.673  0.650  0.653  0.853  1.000  0.791  0.706  0.752  0.638  0.493  0.468  0.565  0.534  0.536  0.560  0.434  0.411  0.492  0.293  0.310  0.204  0.062  0.031  0.098  0.145  0.260  0.286  0.376  0.498  0.391  0.198  0.003 -0.204 -0.360 -0.223 -0.232 -0.414 -0.424 -0.491 -0.541 -0.522 -0.461 -0.250 -0.031  0.171  0.336  0.263  0.215  0.091 -0.241 -0.488 -0.533 -0.488
 -0.386 -0.331 -0.274 -0.152  0.114  0.136  0.132 -0.015 -0.023  0.002  0.153  0.147  0.177 -0.002 -0.005 -0.196 -0.227 -0.334 -0.384 -0.296 -0.127  0.108  0.263  0.418  0.488  0.614  0.643  0.791  1.000  0.827  0.715  0.753  0.669  0.542  0.555  0.446  0.360  0.365  0.231  0.239  0.331  0.159  0.166  0.067 -0.049 -0.041 -0.000  0.020  0.091  0.091  0.161  0.277  0.189  0.006 -0.159 -0.310 -0.412 -0.317 -0.315 -0.428 -0.433 -0.453 -0.459 -0.401 -0.380 -0.190 -0.055  0.098  0.218  0.134  0.093  0.027 -0.172 -0.328 -0.332 -0.287
 -0.462 -0.358 -0.269 -0.081  0.230  0.269  0.222  0.016  0.017  0.044  0.246  0.237  0.247  0.041  0.009 -0.244 -0.310 -0.451 -0.493 -0.422 -0.259 -0.011  0.204  0.361  0.330  0.514  0.691  0.706  0.827  1.000  0.877  0.773  0.752  0.744  0.733  0.667  0.545  0.527  0.402  0.415  0.503  0.295  0.287  0.193  0.050  0.025  0.086  0.098  0.171  0.133  0.167  0.263  0.142 -0.057 -0.254 -0.394 -0.499 -0.382 -0.345 -0.474 -0.472 -0.497 -0.509 -0.406 -0.344 -0.097  0.060  0.256  0.375  0.302  0.231  0.127 -0.216 -0.479 -0.494 -0.448
 -0.474 -0.392 -0.313 -0.141  0.186  0.229  0.221  0.035  0.038  0.052  0.238  0.192  0.202 -0.011 -0.041 -0.270 -0.315 -0.442 -0.474 -0.396 -0.241 -0.009  0.202  0.370  0.307  0.415  0.681  0.752  0.715  0.877  1.000  0.845  0.734  0.769  0.834  0.773  0.689  0.645  0.525  0.512  0.545  0.345  0.307  0.200  0.040  0.019  0.087  0.099  0.188  0.152  0.197  0.275  0.166 -0.023 -0.217 -0.367 -0.471 -0.346 -0.313 -0.455 -0.465 -0.507 -0.534 -0.456 -0.393 -0.153  0.029  0.241  0.388  0.335  0.279  0.161 -0.211 -0.514 -0.551 -0.511
 -0.361 -0.293 -0.231 -0.103  0.134  0.154  0.137 -0.001  0.007  0.026  0.199  0.180  0.194  0.016 -0.016 -0.200 -0.257 -0.366 -0.413 -0.364 -0.253 -0.090  0.063  0.238  0.226  0.318  0.493  0.638  0.753  0.773  0.845  1.000  0.873  0.739  0.761  0.576  0.413  0.375  0.246  0.255  0.317  0.131  0.114  0.034 -0.071 -0.034  0.003  0.000  0.044  0.004  0.055  0.142  0.059 -0.116 -0.260 -0.375 -0.438 -0.352 -0.331 -0.423 -0.430 -0.431 -0.423 -0.352 -0.344 -0.159 -0.040  0.097  0.208  0.129  0.101  0.030 -0.152 -0.311 -0.309 -0.273
 -0.297 -0.207 -0.143 -0.006  0.180  0.202  0.123 -0.015 -0.001  0.040  0.227  0.236  0.233  0.086  0.033 -0.155 -0.238 -0.352 -0.405 -0.383 -0.297 -0.168 -0.035  0.143  0.129  0.218  0.380  0.493  0.669  0.752  0.734  0.873  1.000  0.859  0.748  0.563  0.285  0.237  0.124  0.161  0.264  0.054  0.048 -0.000 -0.079 -0.037 -0.009 -0.019 -0.006 -0.060 -0.022  0.069 -0.017 -0.186 -0.311 -0.397 -0.438 -0.371 -0.345 -0.414 -0.405 -0.377 -0.346 -0.246 -0.244 -0.073  0.004  0.105  0.185  0.105  0.067 -0.000 -0.141 -0.267 -0.244 -0.211
 -0.342 -0.237 -0.167 -0.003  0.212  0.260  0.169  0.015  0.027  0.075  0.272  0.265  0.245  0.093  0.022 -0.189 -0.281 -0.406 -0.445 -0.423 -0.328 -0.173 -0.014  0.148  0.102  0.186  0.409  0.468  0.542  0.744  0.769  0.739  0.859  1.000  0.897  0.783  0.504  0.412  0.324  0.353  0.423  0.193  0.159  0.096 -0.019 -0.015  0.030  0.030  0.067  0.005  0.030  0.096 -0.011 -0.176 -0.320 -0.405 -0.458 -0.377 -0.338 -0.424 -0.410 -0.399 -0.387 -0.274 -0.237 -0.046  0.052  0.200  0.304  0.269  0.217  0.119 -0.155 -0.393 -0.398 -0.368
 -0.417 -0.328 -0.259 -0.089  0.190  0.245  0.199  0.042  0.049  0.066  0.258  0.228  0.220  0.031 -0.029 -0.243 -0.313 -0.437 -0.467 -0.421 -0.299 -0.106  0.072  0.227  0.171  0.243  0.494  0.565  0.555  0.733  0.834  0.761  0.748  0.897  1.000  0.894  0.686  0.565  0.470  0.506  0.532  0.311  0.255  0.163  0.011 -0.002  0.059  0.066  0.136  0.082  0.116  0.175  0.063 -0.107 -0.275 -0.390 -0.467 -0.362 -0.322 -0.441 -0.436 -0.456 -0.471 -0.381 -0.327 -0.117  0.034  0.235  0.387  0.368  0.321  0.202 -0.156 -0.473 -0.505 -0.475
 -0.453 -0.369 -0.304 -0.133  0.174  0.249  0.221  0.065  0.056  0.054  0.219  0.174  0.160 -0.029 -0.074 -0.286 -0.335 -0.444 -0.450 -0.392 -0.260 -0.037  0.148  0.263  0.195  0.266  0.517  0.534  0.446  0.667  0.773  0.576  0.563  0.783  0.894  1.000  0.835  0.681  0.590  0.634  0.625  0.437  0.367  0.268  0.095  0.036  0.111  0.129  0.225  0.180  0.203  0.232  0.122 -0.024 -0.204 -0.324 -0.416 -0.296 -0.252 -0.387 -0.389 -0.443 -0.494 -0.415 -0.319 -0.106  0.070  0.305  0.458  0.478  0.415  0.286 -0.152 -0.539 -0.597 -0.572
 -0.470 -0.412 -0.352 -0.201  0.124  0.196  0.227  0.081  0.070  0.053  0.177  0.105  0.098 -0.093 -0.112 -0.301 -0.320 -0.412 -0.400 -0.320 -0.181  0.058  0.261  0.314  0.234  0.338  0.567  0.536  0.360  0.545  0.689  0.413  0.285  0.504  0.686  0.835  1.000  0.877  0.753  0.723  0.628  0.538  0.450  0.324  0.135  0.051  0.130  0.155  0.286  0.273  0.296  0.291  0.190  0.075 -0.111 -0.238 -0.343 -0.215 -0.167 -0.315 -0.336 -0.426 -0.508 -0.463 -0.354 -0.145  0.054  0.302  0.458  0.491  0.434  0.317 -0.148 -0.554 -0.631 -0.604
 -0.489 -0.436 -0.370 -0.218  0.117  0.189  0.258  0.098  0.090  0.061  0.167  0.083  0.083 -0.118 -0.120 -0.307 -0.322 -0.412 -0.392 -0.298 -0.154  0.105  0.342  0.379  0.275  0.408  0.642  0.560  0.365  0.527  0.645  0.375  0.237  0.412  0.565  0.681  0.877  1.000  0.856  0.692  0.651  0.594  0.515  0.378  0.190  0.085  0.168  0.203  0.340  0.343  0.358  0.351  0.239  0.129 -0.068 -0.203 -0.318 -0.178 -0.127 -0.289 -0.320 -0.428 -0.519 -0.477 -0.362 -0.138  0.070  0.323  0.455  0.475  0.402  0.266 -0.206 -0.580 -0.652 -0.620
 -0.432 -0.390 -0.341 -0.202  0.099  0.175  0.273  0.129  0.109  0.066  0.151  0.057  0.056 -0.118 -0.119 -0.275 -0.285 -0.353 -0.327 -0.245 -0.126  0.096  0.290  0.289  0.207  0.323  0.518  0.434  0.231  0.402  0.525  0.246  0.124  0.324  0.470  0.590  0.753  0.856  1.000  0.795  0.695  0.673  0.551  0.393  0.191  0.059  0.151  0.182  0.324  0.327  0.322  0.282  0.197  0.131 -0.040 -0.150 -0.245 -0.121 -0.071 -0.217 -0.254 -0.370 -0.458 -0.427 -0.315 -0.122  0.069  0.329  0.471  0.537  0.491  0.356 -0.157 -0.546 -0.647 -0.632
 -0.488 -0.426 -0.376 -0.197  0.150  0.253  0.277  0.118  0.101  0.076  0.175  0.089  0.064 -0.140 -0.164 -0.338 -0.340 -0.406 -0.365 -0.284 -0.151  0.103  0.277  0.296  0.226  0.288  0.459  0.411  0.239  0.415  0.512  0.255  0.161  0.353  0.506  0.634  0.723  0.692  0.795  1.000  0.839  0.757  0.613  0.456  0.222  0.063  0.168  0.215  0.373  0.359  0.347  0.306  0.220  0.150 -0.037 -0.155 -0.268 -0.126 -0.072 -0.231 -0.255 -0.388 -0.496 -0.452 -0.304 -0.101  0.124  0.411  0.609  0.704  0.703  0.579 -0.116 -0.599 -0.712 -0.701
 -0.545 -0.467 -0.380 -0.161  0.223  0.339  0.338  0.133  0.111  0.073  0.196  0.132  0.107 -0.137 -0.162 -0.373 -0.386 -0.471 -0.423 -0.328 -0.176  0.121  0.336  0.391  0.287  0.335  0.551  0.492  0.331  0.503  0.545  0.317  0.264  0.423  0.532  0.625  0.628  0.651  0.695  0.839  1.000  0.777  0.683  0.543  0.303  0.118  0.229  0.294  0.451  0.437  0.423  0.395  0.277  0.182 -0.034 -0.172 -0.306 -0.134 -0.071 -0.266 -0.283 -0.424 -0.531 -0.461 -0.294 -0.045  0.219  0.527  0.718  0.755  0.683  0.490 -0.234 -0.671 -0.763 -0.745
 -0.474 -0.404 -0.340 -0.135  0.213  0.306  0.343  0.136  0.125  0.067  0.162  0.106  0.083 -0.139 -0.165 -0.342 -0.354 -0.409 -0.349 -0.281 -0.176  0.076  0.268  0.218  0.147  0.274  0.388  0.293  0.159  0.295  0.345  0.131  0.054  0.193  0.311  0.437  0.538  0.594  0.673  0.757  0.777  1.000  0.829  0.615  0.340  0.092  0.192  0.262  0.445  0.448  0.374  0.259  0.169  0.157 -0.026 -0.112 -0.208 -0.066  0.012 -0.135 -0.165 -0.324 -0.435 -0.379 -0.217 -0.002  0.235  0.530  0.689  0.787  0.660  0.530 -0.150 -0.575 -0.680 -0.673
 -0.508 -0.436 -0.337 -0.118  0.244  0.335  0.355  0.144  0.126  0.047  0.142  0.111  0.083 -0.156 -0.194 -0.381 -0.394 -0.453 -0.378 -0.299 -0.183  0.117  0.359  0.309  0.181  0.313  0.440  0.310  0.166  0.287  0.307  0.114  0.048  0.159  0.255  0.367  0.450  0.515  0.551  0.613  0.683  0.829  1.000  0.819  0.536  0.222  0.324  0.402  0.597  0.594  0.495  0.386  0.255  0.219  0.008 -0.093 -0.214 -0.041  0.050 -0.127 -0.146 -0.307 -0.423 -0.358 -0.179  0.056  0.340  0.646  0.706  0.692  0.538  0.378 -0.243 -0.615 -0.693 -0.672
 -0.470 -0.403 -0.280 -0.068  0.243  0.334  0.322  0.132  0.126  0.031  0.081  0.074  0.035 -0.187 -0.240 -0.414 -0.408 -0.433 -0.332 -0.269 -0.191  0.096  0.314  0.274  0.112  0.207  0.342  0.204  0.067  0.193  0.200  0.034 -0.000  0.096  0.163  0.268  0.324  0.378  0.393  0.456  0.543  0.615  0.819  1.000  0.795  0.442  0.530  0.593  0.661  0.587  0.484  0.384  0.269  0.240  0.036 -0.048 -0.153  0.016  0.108 -0.056 -0.058 -0.195 -0.317 -0.251 -0.048  0.165  0.447  0.707  0.635  0.572  0.411  0.244 -0.289 -0.580 -0.639 -0.619
 -0.345 -0.298 -0.184 -0.043  0.154  0.218  0.194  0.067  0.065 -0.023 -0.017  0.003 -0.025 -0.182 -0.234 -0.362 -0.351 -0.343 -0.222 -0.191 -0.163  0.066  0.251  0.199  0.020  0.099  0.208  0.062 -0.049  0.050  0.040 -0.071 -0.079 -0.019  0.011  0.095  0.135  0.190  0.191  0.222  0.303  0.340  0.536  0.795  1.000  0.687  0.587  0.612  0.542  0.516  0.419  0.325  0.220  0.215  0.063  0.027 -0.062  0.069  0.160  0.039  0.072 -0.006 -0.141 -0.103  0.105  0.242  0.422  0.540  0.405  0.317  0.196  0.075 -0.261 -0.410 -0.447 -0.430
 -0.226 -0.197 -0.109 -0.025  0.080  0.117  0.097  0.036  0.046 -0.023 -0.034 -0.020 -0.024 -0.122 -0.143 -0.233 -0.230 -0.226 -0.156 -0.134 -0.126  0.013  0.140  0.136 -0.012  0.031  0.128  0.031 -0.041  0.025  0.019 -0.034 -0.037 -0.015 -0.002  0.036  0.051  0.085  0.059  0.063  0.118  0.092  0.222  0.442  0.687  1.000  0.703  0.519  0.331  0.290  0.252  0.224  0.155  0.119  0.014 -0.013 -0.064  0.017  0.067  0.001  0.023 -0.008 -0.098 -0.084  0.020  0.104  0.247  0.313  0.186  0.084  0.016 -0.062 -0.201 -0.257 -0.262 -0.248
 -0.309 -0.270 -0.175 -0.070  0.090  0.141  0.137  0.069  0.082  0.005 -0.001 -0.003 -0.019 -0.142 -0.167 -0.282 -0.274 -0.276 -0.193 -0.153 -0.124  0.056  0.208  0.203  0.036  0.085  0.205  0.098 -0.000  0.086  0.087  0.003 -0.009  0.030  0.059  0.111  0.130  0.168  0.151  0.168  0.229  0.192  0.324  0.530  0.587  0.703  1.000  0.755  0.540  0.375  0.308  0.287  0.216  0.178  0.038 -0.014 -0.078  0.029  0.086 -0.013 -0.012 -0.082 -0.179 -0.154 -0.037  0.066  0.230  0.364  0.269  0.186  0.107  0.006 -0.256 -0.359 -0.384 -0.373
 -0.356 -0.329 -0.212 -0.098  0.098  0.144  0.116  0.020  0.069  0.039  0.014  0.005 -0.023 -0.169 -0.195 -0.318 -0.302 -0.317 -0.228 -0.165 -0.107  0.123  0.313  0.293  0.102  0.137  0.261  0.145  0.020  0.098  0.099  0.000 -0.019  0.030  0.066  0.129  0.155  0.203  0.182  0.215  0.294  0.262  0.402  0.593  0.612  0.519  0.755  1.000  0.779  0.580  0.453  0.404  0.285  0.249  0.081  0.008 -0.085  0.057  0.127 -0.014 -0.017 -0.114 -0.224 -0.200 -0.061  0.079  0.255  0.364  0.314  0.260  0.174  0.059 -0.291 -0.409 -0.453 -0.438
 -0.465 -0.438 -0.310 -0.168  0.114  0.178  0.162  0.040  0.089  0.069  0.052  0.009 -0.030 -0.226 -0.253 -0.392 -0.358 -0.374 -0.258 -0.170 -0.078  0.227  0.460  0.417  0.214  0.249  0.385  0.260  0.091  0.171  0.188  0.044 -0.006  0.067  0.136  0.225  0.286  0.340  0.324  0.373  0.451  0.445  0.597  0.661  0.542  0.331  0.540  0.779  1.000  0.806  0.642  0.546  0.393  0.372  0.165  0.061 -0.066  0.125  0.210  0.010 -0.021 -0.192 -0.341 -0.321 -0.142  0.046  0.274  0.437  0.446  0.420  0.322  0.185 -0.321 -0.540 -0.604 -0.581
 -0.470 -0.470 -0.356 -0.252  0.034  0.093  0.096 -0.006  0.038  0.029 -0.009 -0.076 -0.114 -0.307 -0.308 -0.417 -0.357 -0.352 -0.213 -0.094  0.016  0.362  0.583  0.510  0.307  0.304  0.410  0.286  0.091  0.133  0.152  0.004 -0.060  0.005  0.082  0.180  0.273  0.343  0.327  0.359  0.437  0.448  0.594  0.587  0.516  0.290  0.375  0.580  0.806  1.000  0.854  0.689  0.515  0.521  0.297  0.170  0.019  0.231  0.310  0.081  0.044 -0.154 -0.348 -0.357 -0.158  0.006  0.235  0.358  0.406  0.392  0.309  0.168 -0.312 -0.513 -0.581 -0.554
 -0.490 -0.536 -0.418 -0.345 -0.035  0.032  0.052 -0.022  0.019  0.023 -0.050 -0.150 -0.184 -0.386 -0.351 -0.436 -0.321 -0.301 -0.157  0.002  0.145  0.518  0.687  0.640  0.447  0.359  0.459  0.376  0.161  0.167  0.197  0.055 -0.022  0.030  0.116  0.203  0.296  0.358  0.322  0.347  0.423  0.374  0.495  0.484  0.419  0.252  0.308  0.453  0.642  0.854  1.000  0.860  0.720  0.692  0.444  0.249  0.077  0.310  0.330  0.066  0.009 -0.202 -0.410 -0.452 -0.239 -0.084  0.163  0.283  0.361  0.340  0.284  0.124 -0.320 -0.511 -0.578 -0.544
 -0.465 -0.530 -0.430 -0.372 -0.058  0.004  0.033 -0.035  0.002  0.017 -0.049 -0.147 -0.151 -0.345 -0.282 -0.362 -0.230 -0.232 -0.140  0.047  0.249  0.635  0.789  0.797  0.604  0.482  0.577  0.498  0.277  0.263  0.275  0.142  0.069  0.096  0.175  0.232  0.291  0.351  0.282  0.306  0.395  0.259  0.386  0.384  0.325  0.224  0.287  0.404  0.546  0.689  0.860  1.000  0.847  0.710  0.461  0.209  0.008  0.223  0.179 -0.085 -0.126 -0.291 -0.453 -0.500 -0.328 -0.170  0.074  0.209  0.305  0.249  0.212  0.052 -0.329 -0.501 -0.557 -0.514
 -0.384 -0.501 -0.426 -0.438 -0.178 -0.123 -0.045 -0.048 -0.030 -0.023 -0.154 -0.282 -0.284 -0.439 -0.334 -0.349 -0.150 -0.078  0.044  0.246  0.403  0.716  0.704  0.713  0.579  0.391  0.423  0.391  0.189  0.142  0.166  0.059 -0.017 -0.011  0.063  0.122  0.190  0.239  0.197  0.220  0.277  0.169  0.255  0.269  0.220  0.155  0.216  0.285  0.393  0.515  0.720  0.847  1.000  0.854  0.638  0.377  0.222  0.404  0.290  0.064 -0.019 -0.198 -0.370 -0.466 -0.301 -0.225 -0.007  0.090  0.179  0.143  0.140  0.007 -0.276 -0.375 -0.432 -0.396
 -0.301 -0.456 -0.403 -0.467 -0.275 -0.224 -0.119 -0.076 -0.068 -0.064 -0.250 -0.391 -0.409 -0.527 -0.420 -0.356 -0.114  0.032  0.218  0.415  0.509  0.759  0.657  0.561  0.459  0.261  0.229  0.198  0.006 -0.057 -0.023 -0.116 -0.186 -0.176 -0.107 -0.024  0.075  0.129  0.131  0.150  0.182  0.157  0.219  0.240  0.215  0.119  0.178  0.249  0.372  0.521  0.692  0.710  0.854  1.000  0.840  0.607  0.472  0.642  0.507  0.301  0.188 -0.036 -0.238 -0.368 -0.189 -0.197 -0.025  0.029  0.093  0.103  0.113  0.012 -0.243 -0.275 -0.341 -0.316
 -0.079 -0.267 -0.279 -0.425 -0.378 -0.360 -0.241 -0.129 -0.138 -0.120 -0.340 -0.462 -0.467 -0.488 -0.367 -0.197  0.071  0.277  0.475  0.638  0.653  0.706  0.489  0.367  0.335  0.093  0.004  0.003 -0.159 -0.254 -0.217 -0.260 -0.311 -0.320 -0.275 -0.204 -0.111 -0.068 -0.040 -0.037 -0.034 -0.026  0.008  0.036  0.063  0.014  0.038  0.081  0.165  0.297  0.444  0.461  0.638  0.840  1.000  0.820  0.694  0.759  0.583  0.463  0.349  0.134 -0.036 -0.200 -0.072 -0.195 -0.126 -0.150 -0.113 -0.076 -0.029 -0.062 -0.142 -0.056 -0.108 -0.096
  0.076 -0.079 -0.129 -0.302 -0.382 -0.375 -0.277 -0.133 -0.162 -0.171 -0.368 -0.435 -0.447 -0.399 -0.313 -0.112  0.119  0.347  0.589  0.624  0.532  0.477  0.278  0.111  0.105 -0.070 -0.192 -0.204 -0.310 -0.394 -0.367 -0.375 -0.397 -0.405 -0.390 -0.324 -0.238 -0.203 -0.150 -0.155 -0.172 -0.112 -0.093 -0.048  0.027 -0.013 -0.014  0.008  0.061  0.170  0.249  0.209  0.377  0.607  0.820  1.000  0.834  0.774  0.696  0.661  0.600  0.354  0.175  0.009  0.111 -0.096 -0.124 -0.194 -0.217 -0.154 -0.101 -0.083 -0.072  0.078  0.041  0.039
  0.193  0.023 -0.039 -0.260 -0.430 -0.448 -0.343 -0.141 -0.161 -0.153 -0.408 -0.487 -0.504 -0.395 -0.315 -0.066  0.145  0.426  0.669  0.687  0.481  0.336  0.077 -0.085 -0.052 -0.218 -0.372 -0.360 -0.412 -0.499 -0.471 -0.438 -0.438 -0.458 -0.467 -0.416 -0.343 -0.318 -0.245 -0.268 -0.306 -0.208 -0.214 -0.153 -0.062 -0.064 -0.078 -0.085 -0.066  0.019  0.077  0.008  0.222  0.472  0.694  0.834  1.000  0.872  0.723  0.771  0.617  0.420  0.296  0.132  0.182 -0.072 -0.151 -0.284 -0.330 -0.256 -0.182 -0.130  0.012  0.238  0.218  0.200
 -0.001 -0.170 -0.149 -0.317 -0.381 -0.371 -0.278 -0.133 -0.130 -0.114 -0.371 -0.480 -0.517 -0.494 -0.423 -0.240 -0.026  0.240  0.504  0.572  0.409  0.411  0.220  0.075  0.043 -0.120 -0.215 -0.223 -0.317 -0.382 -0.346 -0.352 -0.371 -0.377 -0.362 -0.296 -0.215 -0.178 -0.121 -0.126 -0.134 -0.066 -0.041  0.016  0.069  0.017  0.029  0.057  0.125  0.231  0.310  0.223  0.404  0.642  0.759  0.774  0.872  1.000  0.854  0.750  0.552  0.311  0.152  0.004  0.109 -0.063 -0.058 -0.151 -0.174 -0.117 -0.066 -0.075 -0.103  0.053  0.027  0.023
 -0.043 -0.151 -0.106 -0.224 -0.285 -0.264 -0.207 -0.099 -0.110 -0.129 -0.316 -0.381 -0.428 -0.426 -0.398 -0.277 -0.120  0.109  0.366  0.402  0.228  0.253  0.164  0.016 -0.052 -0.138 -0.190 -0.232 -0.315 -0.345 -0.313 -0.331 -0.345 -0.338 -0.322 -0.252 -0.167 -0.127 -0.071 -0.072 -0.071  0.012  0.050  0.108  0.160  0.067  0.086  0.127  0.210  0.310  0.330  0.179  0.290  0.507  0.583  0.696  0.723  0.854  1.000  0.830  0.692  0.390  0.199  0.063  0.185  0.028  0.033 -0.040 -0.088 -0.033 -0.004 -0.024 -0.121 -0.016 -0.044 -0.048
  0.154  0.052  0.039 -0.128 -0.313 -0.320 -0.264 -0.117 -0.128 -0.145 -0.342 -0.379 -0.417 -0.330 -0.305 -0.134 -0.009  0.235  0.463  0.444  0.211  0.120 -0.039 -0.208 -0.207 -0.271 -0.392 -0.414 -0.428 -0.474 -0.455 -0.423 -0.414 -0.424 -0.441 -0.387 -0.315 -0.289 -0.217 -0.231 -0.266 -0.135 -0.127 -0.056  0.039  0.001 -0.013 -0.014  0.010  0.081  0.066 -0.085  0.064  0.301  0.463  0.661  0.771  0.750  0.830  1.000  0.827  0.546  0.386  0.241  0.300  0.067 -0.021 -0.159 -0.252 -0.186 -0.135 -0.088 -0.011  0.195  0.178  0.162
  0.211  0.158  0.112 -0.052 -0.267 -0.281 -0.247 -0.105 -0.150 -0.198 -0.342 -0.319 -0.347 -0.233 -0.216 -0.049  0.038  0.219  0.399  0.342  0.148  0.046 -0.083 -0.236 -0.236 -0.283 -0.395 -0.424 -0.433 -0.472 -0.465 -0.430 -0.405 -0.410 -0.436 -0.389 -0.336 -0.320 -0.254 -0.255 -0.283 -0.165 -0.146 -0.058  0.072  0.023 -0.012 -0.017 -0.021  0.044  0.009 -0.126 -0.019  0.188  0.349  0.600  0.617  0.552  0.692  0.827  1.000  0.761  0.523  0.344  0.438  0.137  0.009 -0.125 -0.242 -0.183 -0.138 -0.078  0.016  0.209  0.190  0.173
  0.434  0.380  0.297  0.069 -0.263 -0.311 -0.297 -0.136 -0.188 -0.203 -0.330 -0.269 -0.278 -0.072 -0.049  0.158  0.181  0.298  0.371  0.256  0.080 -0.107 -0.242 -0.354 -0.324 -0.361 -0.477 -0.491 -0.453 -0.497 -0.507 -0.431 -0.377 -0.399 -0.456 -0.443 -0.426 -0.428 -0.370 -0.388 -0.424 -0.324 -0.307 -0.195 -0.006 -0.008 -0.082 -0.114 -0.192 -0.154 -0.202 -0.291 -0.198 -0.036  0.134  0.354  0.420  0.311  0.390  0.546  0.761  1.000  0.763  0.543  0.558  0.197 -0.040 -0.226 -0.361 -0.317 -0.254 -0.147  0.116  0.367  0.369  0.343
  0.653  0.603  0.511  0.262 -0.189 -0.280 -0.317 -0.175 -0.214 -0.176 -0.305 -0.189 -0.167  0.124  0.171  0.418  0.377  0.415  0.363  0.216  0.057 -0.230 -0.384 -0.462 -0.394 -0.424 -0.546 -0.541 -0.459 -0.509 -0.534 -0.423 -0.346 -0.387 -0.471 -0.494 -0.508 -0.519 -0.458 -0.496 -0.531 -0.435 -0.423 -0.317 -0.141 -0.098 -0.179 -0.224 -0.341 -0.348 -0.410 -0.453 -0.370 -0.238 -0.036  0.175  0.296  0.152  0.199  0.386  0.523  0.763  1.000  0.813  0.607  0.280 -0.045 -0.286 -0.440 -0.407 -0.342 -0.206  0.165  0.473  0.501  0.470
  0.570  0.635  0.614  0.481  0.020 -0.082 -0.221 -0.164 -0.192 -0.120 -0.158  0.001  0.012  0.290  0.268  0.389  0.264  0.253  0.202  0.034 -0.116 -0.375 -0.453 -0.510 -0.461 -0.423 -0.506 -0.522 -0.401 -0.406 -0.456 -0.352 -0.246 -0.274 -0.381 -0.415 -0.463 -0.477 -0.427 -0.452 -0.461 -0.379 -0.358 -0.251 -0.103 -0.084 -0.154 -0.200 -0.321 -0.357 -0.452 -0.500 -0.466 -0.368 -0.200  0.009  0.132  0.004  0.063  0.241  0.344  0.543  0.813  1.000  0.767  0.495  0.123 -0.148 -0.336 -0.321 -0.287 -0.169  0.150  0.393  0.443  0.415
  0.308  0.382  0.454  0.431  0.110  0.044 -0.119 -0.119 -0.157 -0.117 -0.134  0.002 -0.030  0.140  0.078  0.097  0.038  0.076  0.142  0.006 -0.147 -0.287 -0.320 -0.399 -0.408 -0.360 -0.407 -0.461 -0.380 -0.344 -0.393 -0.344 -0.244 -0.237 -0.327 -0.319 -0.354 -0.362 -0.315 -0.304 -0.294 -0.217 -0.179 -0.048  0.105  0.020 -0.037 -0.061 -0.142 -0.158 -0.239 -0.328 -0.301 -0.189 -0.072  0.111  0.182  0.109  0.185  0.300  0.438  0.558  0.607  0.767  1.000  0.686  0.340  0.058 -0.149 -0.148 -0.143 -0.083  0.074  0.208  0.234  0.212
  0.064  0.182  0.382  0.597  0.436  0.387  0.094 -0.098 -0.054  0.043  0.081  0.209  0.167  0.219  0.114 -0.010 -0.109 -0.157 -0.118 -0.219 -0.290 -0.308 -0.217 -0.247 -0.319 -0.210 -0.160 -0.250 -0.190 -0.097 -0.153 -0.159 -0.073 -0.046 -0.117 -0.106 -0.145 -0.138 -0.122 -0.101 -0.045 -0.002  0.056  0.165  0.242  0.104  0.066  0.079  0.046  0.006 -0.084 -0.170 -0.225 -0.197 -0.195 -0.096 -0.072 -0.063  0.028  0.067  0.137  0.197  0.280  0.495  0.686  1.000  0.703  0.334  0.109  0.061 -0.004 -0.014 -0.072 -0.073 -0.031 -0.036
 -0.197 -0.077  0.163  0.440  0.579  0.529  0.248  0.013  0.064  0.090  0.132  0.212  0.180  0.072  0.002 -0.188 -0.258 -0.308 -0.260 -0.277 -0.281 -0.166 -0.017 -0.018 -0.146 -0.058  0.067 -0.031 -0.055  0.060  0.029 -0.040  0.004  0.052  0.034  0.070  0.054  0.070  0.069  0.124  0.219  0.235  0.340  0.447  0.422  0.247  0.230  0.255  0.274  0.235  0.163  0.074 -0.007 -0.025 -0.126 -0.124 -0.151 -0.058  0.033 -0.021  0.009 -0.040 -0.045  0.123  0.340  0.703  1.000  0.656  0.424  0.307  0.183  0.072 -0.194 -0.327 -0.319 -0.311
 -0.423 -0.283 -0.135  0.168  0.487  0.600  0.513  0.273  0.204  0.038  0.197  0.257  0.220 -0.003 -0.100 -0.329 -0.393 -0.472 -0.415 -0.399 -0.327 -0.090  0.127  0.142  0.010  0.120  0.283  0.171  0.098  0.256  0.241  0.097  0.105  0.200  0.235  0.305  0.302  0.323  0.329  0.411  0.527  0.530  0.646  0.707  0.540  0.313  0.364  0.364  0.437  0.358  0.283  0.209  0.090  0.029 -0.150 -0.194 -0.284 -0.151 -0.040 -0.159 -0.125 -0.226 -0.286 -0.148  0.058  0.334  0.656  1.000  0.787  0.602  0.403  0.208 -0.238 -0.564 -0.588 -0.569
 -0.505 -0.384 -0.275  0.004  0.422  0.536  0.458  0.216  0.152  0.047  0.231  0.237  0.210 -0.049 -0.124 -0.359 -0.404 -0.491 -0.447 -0.388 -0.266  0.009  0.229  0.272  0.157  0.225  0.411  0.336  0.218  0.375  0.388  0.208  0.185  0.304  0.387  0.458  0.458  0.455  0.471  0.609  0.718  0.689  0.706  0.635  0.405  0.186  0.269  0.314  0.446  0.406  0.361  0.305  0.179  0.093 -0.113 -0.217 -0.330 -0.174 -0.088 -0.252 -0.242 -0.361 -0.440 -0.336 -0.149  0.109  0.424  0.787  1.000  0.820  0.632  0.397 -0.201 -0.628 -0.687 -0.670
 -0.451 -0.351 -0.276 -0.043  0.309  0.420  0.332  0.123  0.100  0.055  0.190  0.183  0.147 -0.073 -0.140 -0.334 -0.366 -0.433 -0.380 -0.328 -0.219  0.027  0.208  0.206  0.132  0.188  0.329  0.263  0.134  0.302  0.335  0.129  0.105  0.269  0.368  0.478  0.491  0.475  0.537  0.704  0.755  0.787  0.692  0.572  0.317  0.084  0.186  0.260  0.420  0.392  0.340  0.249  0.143  0.103 -0.076 -0.154 -0.256 -0.117 -0.033 -0.186 -0.183 -0.317 -0.407 -0.321 -0.148  0.061  0.307  0.602  0.820  1.000  0.815  0.588 -0.104 -0.586 -0.677 -0.670
 -0.379 -0.311 -0.264 -0.103  0.175  0.275  0.180  0.064  0.018  0.026  0.126  0.081  0.039 -0.124 -0.169 -0.302 -0.306 -0.347 -0.292 -0.238 -0.153  0.045  0.175  0.177  0.119  0.140  0.260  0.215  0.093  0.231  0.279  0.101  0.067  0.217  0.321  0.415  0.434  0.402  0.491  0.703  0.683  0.660  0.538  0.411  0.196  0.016  0.107  0.174  0.322  0.309  0.284  0.212  0.140  0.113 -0.029 -0.101 -0.182 -0.066 -0.004 -0.135 -0.138 -0.254 -0.342 -0.287 -0.143 -0.004  0.183  0.403  0.632  0.815  1.000  0.809  0.067 -0.459 -0.590 -0.600
 -0.230 -0.174 -0.166 -0.057  0.103  0.162  0.086 -0.016 -0.019  0.036  0.115  0.092  0.045 -0.046 -0.096 -0.178 -0.187 -0.220 -0.191 -0.173 -0.120 -0.015  0.061  0.038  0.034  0.071  0.120  0.091  0.027  0.127  0.161  0.030 -0.000  0.119  0.202  0.286  0.317  0.266  0.356  0.579  0.490  0.530  0.378  0.244  0.075 -0.062  0.006  0.059  0.185  0.168  0.124  0.052  0.007  0.012 -0.062 -0.083 -0.130 -0.075 -0.024 -0.088 -0.078 -0.147 -0.206 -0.169 -0.083 -0.014  0.072  0.208  0.397  0.588  0.809  1.000  0.191 -0.268 -0.423 -0.448
  0.239  0.234  0.119  0.029 -0.124 -0.145 -0.146 -0.005 -0.139 -0.155 -0.116 -0.061 -0.036  0.091  0.099  0.173  0.149  0.171  0.111  0.054 -0.015 -0.175 -0.275 -0.287 -0.176 -0.192 -0.292 -0.241 -0.172 -0.216 -0.211 -0.152 -0.141 -0.155 -0.156 -0.152 -0.148 -0.206 -0.157 -0.116 -0.234 -0.150 -0.243 -0.289 -0.261 -0.201 -0.256 -0.291 -0.321 -0.312 -0.320 -0.329 -0.276 -0.243 -0.142 -0.072  0.012 -0.103 -0.121 -0.011  0.016  0.116  0.165  0.150  0.074 -0.072 -0.194 -0.238 -0.201 -0.104  0.067  0.191  1.000  0.473  0.248  0.135
  0.514  0.421  0.283  0.041 -0.334 -0.421 -0.411 -0.188 -0.228 -0.205 -0.322 -0.244 -0.211  0.051  0.091  0.322  0.330  0.429  0.374  0.282  0.121 -0.193 -0.427 -0.472 -0.317 -0.372 -0.577 -0.488 -0.328 -0.479 -0.514 -0.311 -0.267 -0.393 -0.473 -0.539 -0.554 -0.580 -0.546 -0.599 -0.671 -0.575 -0.615 -0.580 -0.410 -0.257 -0.359 -0.409 -0.540 -0.513 -0.511 -0.501 -0.375 -0.275 -0.056  0.078  0.238  0.053 -0.016  0.195  0.209  0.367  0.473  0.393  0.208 -0.073 -0.327 -0.564 -0.628 -0.586 -0.459 -0.268  0.473  1.000  0.815  0.671
  0.543  0.470  0.334  0.104 -0.311 -0.403 -0.420 -0.225 -0.244 -0.181 -0.283 -0.203 -0.174  0.096  0.127  0.357  0.339  0.427  0.361  0.254  0.076 -0.260 -0.497 -0.523 -0.364 -0.412 -0.622 -0.533 -0.332 -0.494 -0.551 -0.309 -0.244 -0.398 -0.505 -0.597 -0.631 -0.652 -0.647 -0.712 -0.763 -0.680 -0.693 -0.639 -0.447 -0.262 -0.384 -0.453 -0.604 -0.581 -0.578 -0.557 -0.432 -0.341 -0.108  0.041  0.218  0.027 -0.044  0.178  0.190  0.369  0.501  0.443  0.234 -0.031 -0.319 -0.588 -0.687 -0.677 -0.590 -0.423  0.248  0.815  1.000  0.913
