  1.000  0.796  0.607  0.290 -0.191 -0.291 -0.277 -0.116 -0.218 -0.159 -0.227 -0.147 -0.057  0.307  0.364  0.685  0.675  0.633  0.435  0.265  0.137 -0.204 -0.390 -0.422 -0.310 -0.394 -0.524 -0.483 -0.393 -0.472 -0.473 -0.355 -0.293 -0.341 -0.413 -0.461 -0.495 -0.531 -0.448 -0.504 -0.556 -0.523 -0.540 -0.473 -0.328 -0.185 -0.296 -0.309 -0.438 -0.500 -0.523 -0.476 -0.397 -0.323 -0.114  0.032  0.186 -0.035 -0.046  0.167  0.209  0.428  0.666  0.584  0.313  0.048 -0.222 -0.389 -0.490 -0.454 -0.398 -0.259  0.240  0.512  0.569  0.539
  0.796  1.000  0.724  0.389 -0.059 -0.146 -0.218 -0.095 -0.207 -0.157 -0.089  0.007  0.092  0.453  0.508  0.654  0.528  0.472  0.281  0.115 -0.019 -0.349 -0.450 -0.450 -0.355 -0.377 -0.472 -0.460 -0.357 -0.389 -0.406 -0.303 -0.211 -0.239 -0.327 -0.375 -0.423 -0.477 -0.406 -0.429 -0.472 -0.459 -0.485 -0.414 -0.298 -0.157 -0.239 -0.280 -0.409 -0.474 -0.557 -0.523 -0.505 -0.457 -0.267 -0.117  0.042 -0.175 -0.137  0.063  0.148  0.359  0.589  0.611  0.344  0.130 -0.136 -0.295 -0.406 -0.364 -0.310 -0.180  0.239  0.441  0.499  0.481
  0.607  0.724  1.000  0.641  0.157  0.017 -0.190 -0.162 -0.193 -0.064 -0.035  0.140  0.207  0.531  0.547  0.532  0.426  0.294  0.130 -0.019 -0.099 -0.381 -0.425 -0.401 -0.379 -0.349 -0.370 -0.393 -0.296 -0.316 -0.343 -0.261 -0.173 -0.199 -0.291 -0.324 -0.367 -0.403 -0.364 -0.386 -0.399 -0.396 -0.405 -0.318 -0.193 -0.067 -0.195 -0.210 -0.314 -0.381 -0.438 -0.442 -0.420 -0.392 -0.271 -0.131 -0.053 -0.176 -0.086  0.041  0.111  0.270  0.510  0.605  0.418  0.353  0.105 -0.137 -0.295 -0.301 -0.280 -0.178  0.149  0.336  0.386  0.363
  0.290  0.389  0.641  1.000  0.615  0.436  0.100 -0.098 -0.011  0.077  0.238  0.482  0.490  0.599  0.463  0.309  0.166 -0.018 -0.141 -0.258 -0.295 -0.447 -0.372 -0.321 -0.339 -0.238 -0.203 -0.249 -0.162 -0.128 -0.189 -0.149 -0.048 -0.052 -0.140 -0.202 -0.257 -0.273 -0.271 -0.234 -0.175 -0.176 -0.167 -0.086 -0.019  0.032 -0.093 -0.085 -0.169 -0.242 -0.337 -0.348 -0.413 -0.446 -0.404 -0.295 -0.271 -0.350 -0.260 -0.152 -0.084  0.008  0.242  0.483  0.421  0.611  0.443  0.177 -0.024 -0.073 -0.139 -0.088  0.050  0.114  0.151  0.137
 -0.191 -0.059  0.157  0.615  1.000  0.801  0.423  0.045  0.097  0.137  0.397  0.633  0.660  0.422  0.282 -0.021 -0.132 -0.312 -0.387 -0.428 -0.362 -0.295 -0.102 -0.010 -0.080  0.064  0.189  0.127  0.167  0.229  0.154  0.111  0.151  0.178  0.164  0.143  0.100  0.099  0.065  0.160  0.249  0.220  0.211  0.229  0.163  0.098  0.062  0.111  0.096  0.058 -0.009 -0.021 -0.134 -0.242 -0.348 -0.379 -0.461 -0.408 -0.338 -0.373 -0.290 -0.296 -0.232 -0.036  0.104  0.414  0.578  0.485  0.410  0.318  0.195  0.090 -0.068 -0.276 -0.297 -0.285
 -0.291 -0.146  0.017  0.436  0.801  1.000  0.578  0.208  0.221  0.192  0.456  0.618  0.583  0.331  0.172 -0.119 -0.209 -0.400 -0.436 -0.473 -0.372 -0.224 -0.041  0.055  0.010  0.125  0.230  0.168  0.175  0.267  0.200  0.115  0.164  0.223  0.201  0.208  0.166  0.160  0.127  0.261  0.353  0.305  0.309  0.329  0.205  0.120  0.129  0.122  0.153  0.120  0.075  0.071 -0.054 -0.173 -0.319 -0.355 -0.469 -0.391 -0.318 -0.377 -0.293 -0.327 -0.325 -0.154  0.037  0.339  0.494  0.600  0.510  0.420  0.282  0.158 -0.105 -0.395 -0.396 -0.406
 -0.277 -0.218 -0.190  0.100  0.423  0.578  1.000  0.656  0.521  0.147  0.388  0.354  0.354  0.119  0.004 -0.128 -0.177 -0.291 -0.295 -0.330 -0.251 -0.123 -0.010  0.051  0.007  0.083  0.177  0.145  0.115  0.192  0.170  0.074  0.045  0.086  0.128  0.144  0.160  0.205  0.197  0.239  0.307  0.297  0.337  0.326  0.198  0.092  0.147  0.107  0.130  0.121  0.083  0.069 -0.008 -0.089 -0.217 -0.261 -0.327 -0.269 -0.215 -0.280 -0.224 -0.246 -0.290 -0.250 -0.112  0.053  0.213  0.478  0.400  0.280  0.142  0.044 -0.120 -0.374 -0.393 -0.386
 -0.116 -0.095 -0.162 -0.098  0.045  0.208  0.656  1.000  0.649  0.058  0.133  0.074  0.070 -0.024 -0.072 -0.044 -0.067 -0.096 -0.101 -0.105 -0.121 -0.118 -0.094 -0.060 -0.071 -0.071 -0.019 -0.032 -0.054  0.005  0.026 -0.035 -0.062 -0.011  0.029  0.040  0.086  0.111  0.125  0.107  0.099  0.096  0.097  0.113  0.072  0.042  0.079 -0.015 -0.015  0.010 -0.015 -0.027 -0.068 -0.099 -0.135 -0.118 -0.129 -0.134 -0.087 -0.104 -0.045 -0.063 -0.107 -0.158 -0.098 -0.119 -0.022  0.257  0.199  0.062  0.029 -0.079 -0.030 -0.175 -0.198 -0.219
 -0.218 -0.207 -0.193 -0.011  0.097  0.221  0.521  0.649  1.000  0.541  0.388  0.198  0.082 -0.038 -0.077 -0.115 -0.133 -0.176 -0.198 -0.193 -0.169 -0.107 -0.057 -0.024 -0.058 -0.035  0.023  0.015 -0.016  0.028  0.027 -0.020 -0.037 -0.016 -0.001  0.003  0.033  0.065  0.080  0.078  0.091  0.101  0.095  0.127  0.077  0.071  0.114  0.067  0.086  0.059  0.040  0.022 -0.012 -0.043 -0.143 -0.164 -0.179 -0.142 -0.122 -0.148 -0.150 -0.159 -0.184 -0.174 -0.163 -0.025  0.073  0.196  0.140  0.055 -0.026 -0.081 -0.210 -0.232 -0.211 -0.240
 -0.159 -0.157 -0.064  0.077  0.137  0.192  0.147  0.058  0.541  1.000  0.583  0.268  0.098  0.010  0.015 -0.043 -0.088 -0.147 -0.168 -0.174 -0.132 -0.024  0.024  0.061  0.042  0.049  0.083  0.090  0.064  0.075  0.055  0.029  0.024  0.043  0.032  0.021  0.029  0.028  0.058  0.063  0.085  0.061  0.021  0.008 -0.062 -0.046 -0.008  0.044  0.108  0.033  0.038  0.047  0.017  0.003 -0.077 -0.130 -0.123 -0.095 -0.100 -0.129 -0.199 -0.215 -0.209 -0.106 -0.122  0.101  0.111  0.003  0.020  0.021 -0.005 -0.030 -0.197 -0.223 -0.174 -0.212
 -0.227 -0.089 -0.035  0.238  0.397  0.456  0.388  0.133  0.388  0.583  1.000  0.703  0.524  0.301  0.168 -0.027 -0.137 -0.269 -0.331 -0.402 -0.317 -0.207 -0.074  0.012 -0.019  0.092  0.197  0.187  0.206  0.267  0.221  0.173  0.192  0.249  0.225  0.188  0.134  0.127  0.118  0.165  0.215  0.156  0.145  0.082 -0.033 -0.068 -0.017 -0.000  0.082  0.029 -0.024 -0.031 -0.149 -0.233 -0.351 -0.388 -0.436 -0.403 -0.330 -0.386 -0.408 -0.377 -0.329 -0.138 -0.114  0.144  0.181  0.186  0.197  0.157  0.128  0.092 -0.154 -0.324 -0.267 -0.260
 -0.147  0.007  0.140  0.482  0.633  0.618  0.354  0.074  0.198  0.268  0.703  1.000  0.806  0.590  0.373  0.079 -0.077 -0.273 -0.377 -0.455 -0.379 -0.320 -0.148 -0.048 -0.064  0.067  0.162  0.126  0.196  0.263  0.190  0.169  0.213  0.240  0.204  0.161  0.094  0.082  0.055  0.127  0.190  0.136  0.119  0.094  0.017 -0.025 -0.021  0.022  0.020 -0.055 -0.131 -0.111 -0.256 -0.374 -0.474 -0.477 -0.539 -0.537 -0.449 -0.477 -0.438 -0.365 -0.248 -0.018  0.006  0.233  0.261  0.298  0.250  0.200  0.126  0.119 -0.057 -0.240 -0.220 -0.209
 -0.057  0.092  0.207  0.490  0.660  0.583  0.354  0.070  0.082  0.098  0.524  0.806  1.000  0.757  0.536  0.207  0.025 -0.190 -0.345 -0.428 -0.318 -0.298 -0.137 -0.028 -0.048  0.095  0.164  0.132  0.203  0.237  0.166  0.165  0.213  0.215  0.192  0.143  0.075  0.071  0.034  0.081  0.152  0.103  0.071  0.032 -0.022 -0.019 -0.016 -0.006 -0.040 -0.110 -0.176 -0.110 -0.260 -0.406 -0.491 -0.486 -0.563 -0.576 -0.505 -0.492 -0.443 -0.359 -0.211 -0.004 -0.030  0.164  0.196  0.266  0.243  0.178  0.094  0.064  0.006 -0.179 -0.176 -0.162
  0.307  0.453  0.531  0.599  0.422  0.331  0.119 -0.024 -0.038  0.010  0.301  0.590  0.757  1.000  0.795  0.527  0.324  0.094 -0.114 -0.248 -0.215 -0.372 -0.298 -0.239 -0.205 -0.083 -0.093 -0.119 -0.028 -0.010 -0.070 -0.030  0.054  0.038 -0.029 -0.079 -0.151 -0.175 -0.153 -0.138 -0.113 -0.144 -0.186 -0.224 -0.214 -0.116 -0.151 -0.151 -0.243 -0.325 -0.406 -0.339 -0.459 -0.552 -0.499 -0.426 -0.417 -0.541 -0.473 -0.364 -0.313 -0.153  0.108  0.304  0.119  0.180  0.043  0.027 -0.030 -0.057 -0.108 -0.040  0.137  0.122  0.132  0.119
  0.364  0.508  0.547  0.463  0.282  0.172  0.004 -0.072 -0.077  0.015  0.168  0.373  0.536  0.795  1.000  0.697  0.467  0.203 -0.028 -0.141 -0.070 -0.227 -0.189 -0.128 -0.083 -0.030 -0.047 -0.054 -0.003 -0.023 -0.060 -0.015  0.015 -0.015 -0.063 -0.105 -0.163 -0.168 -0.132 -0.171 -0.136 -0.171 -0.212 -0.266 -0.246 -0.124 -0.152 -0.143 -0.234 -0.305 -0.354 -0.250 -0.323 -0.428 -0.368 -0.349 -0.353 -0.474 -0.434 -0.348 -0.292 -0.133  0.131  0.247  0.019  0.078 -0.041 -0.072 -0.104 -0.105 -0.143 -0.086  0.148  0.144  0.135  0.112
  0.685  0.654  0.532  0.309 -0.021 -0.119 -0.128 -0.044 -0.115 -0.043 -0.027  0.079  0.207  0.527  0.697  1.000  0.753  0.532  0.282  0.139  0.123 -0.173 -0.277 -0.255 -0.191 -0.230 -0.298 -0.281 -0.229 -0.294 -0.308 -0.231 -0.203 -0.233 -0.273 -0.313 -0.342 -0.346 -0.275 -0.361 -0.366 -0.362 -0.402 -0.443 -0.373 -0.224 -0.280 -0.279 -0.398 -0.454 -0.470 -0.373 -0.359 -0.371 -0.211 -0.158 -0.061 -0.256 -0.277 -0.133 -0.090  0.117  0.392  0.380  0.070 -0.024 -0.208 -0.315 -0.338 -0.326 -0.304 -0.200  0.196  0.362  0.392  0.364
  0.675  0.528  0.426  0.166 -0.132 -0.209 -0.177 -0.067 -0.133 -0.088 -0.137 -0.077  0.025  0.324  0.467  0.753  1.000  0.784  0.451  0.313  0.363  0.033 -0.156 -0.160 -0.082 -0.183 -0.299 -0.267 -0.236 -0.318 -0.318 -0.272 -0.254 -0.279 -0.322 -0.352 -0.362 -0.356 -0.292 -0.343 -0.376 -0.362 -0.380 -0.410 -0.354 -0.215 -0.263 -0.244 -0.322 -0.362 -0.342 -0.256 -0.184 -0.152  0.025  0.056  0.125 -0.046 -0.113 -0.006  0.024  0.178  0.381  0.257  0.037 -0.105 -0.255 -0.359 -0.352 -0.334 -0.299 -0.166  0.150  0.319  0.339  0.317
  0.633  0.472  0.294 -0.018 -0.312 -0.400 -0.291 -0.096 -0.176 -0.147 -0.269 -0.273 -0.190  0.094  0.203  0.532  0.784  1.000  0.736  0.569  0.509  0.136 -0.129 -0.187 -0.092 -0.270 -0.417 -0.371 -0.359 -0.451 -0.423 -0.366 -0.360 -0.386 -0.421 -0.445 -0.423 -0.423 -0.330 -0.393 -0.475 -0.422 -0.444 -0.426 -0.316 -0.194 -0.248 -0.242 -0.321 -0.351 -0.317 -0.245 -0.115 -0.025  0.217  0.282  0.392  0.209  0.110  0.244  0.238  0.310  0.425  0.248  0.050 -0.193 -0.329 -0.480 -0.456 -0.401 -0.338 -0.198  0.181  0.419  0.416  0.389
  0.435  0.281  0.130 -0.141 -0.387 -0.436 -0.295 -0.101 -0.198 -0.168 -0.331 -0.377 -0.345 -0.114 -0.028  0.282  0.451  0.736  1.000  0.728  0.524  0.203 -0.063 -0.171 -0.103 -0.288 -0.442 -0.397 -0.385 -0.485 -0.450 -0.382 -0.381 -0.398 -0.428 -0.431 -0.376 -0.357 -0.286 -0.355 -0.401 -0.332 -0.352 -0.317 -0.189 -0.112 -0.165 -0.211 -0.240 -0.217 -0.182 -0.179 -0.011  0.148  0.412  0.523  0.604  0.436  0.333  0.439  0.387  0.363  0.363  0.198  0.105 -0.163 -0.291 -0.428 -0.395 -0.329 -0.266 -0.153  0.095  0.349  0.348  0.334
  0.265  0.115 -0.019 -0.258 -0.428 -0.473 -0.330 -0.105 -0.193 -0.174 -0.402 -0.455 -0.428 -0.248 -0.141  0.139  0.313  0.569  0.728  1.000  0.777  0.455  0.181  0.050  0.093 -0.135 -0.273 -0.246 -0.318 -0.431 -0.384 -0.361 -0.387 -0.402 -0.400 -0.379 -0.307 -0.257 -0.179 -0.282 -0.331 -0.260 -0.253 -0.253 -0.171 -0.114 -0.116 -0.123 -0.145 -0.082 -0.003  0.032  0.198  0.367  0.595  0.589  0.665  0.560  0.416  0.471  0.380  0.266  0.240  0.083  0.012 -0.203 -0.285 -0.411 -0.371 -0.306 -0.232 -0.138  0.050  0.254  0.232  0.226
  0.137 -0.019 -0.099 -0.295 -0.362 -0.372 -0.251 -0.121 -0.169 -0.132 -0.317 -0.379 -0.318 -0.215 -0.070  0.123  0.363  0.509  0.524  0.777  1.000  0.742  0.440  0.295  0.344  0.105 -0.038 -0.026 -0.147 -0.243 -0.222 -0.256 -0.300 -0.304 -0.261 -0.232 -0.148 -0.095 -0.044 -0.110 -0.145 -0.132 -0.134 -0.183 -0.158 -0.116 -0.083 -0.071 -0.054  0.026  0.134  0.240  0.375  0.479  0.646  0.536  0.473  0.413  0.254  0.261  0.209  0.101  0.062 -0.109 -0.154 -0.288 -0.314 -0.345 -0.262 -0.198 -0.129 -0.051  0.003  0.090  0.031  0.033
 -0.204 -0.349 -0.381 -0.447 -0.295 -0.224 -0.123 -0.118 -0.107 -0.024 -0.207 -0.320 -0.298 -0.372 -0.227 -0.173  0.033  0.136  0.203  0.455  0.742  1.000  0.783  0.627  0.641  0.447  0.286  0.268  0.097  0.023  0.022 -0.078 -0.143 -0.145 -0.070 -0.011  0.085  0.138  0.152  0.137  0.151  0.155  0.178  0.100  0.055 -0.020  0.071  0.124  0.230  0.362  0.491  0.602  0.677  0.722  0.684  0.474  0.343  0.422  0.281  0.168  0.080 -0.083 -0.242 -0.403 -0.335 -0.318 -0.180 -0.122  0.013  0.060  0.076  0.052 -0.157 -0.238 -0.294 -0.263
 -0.390 -0.450 -0.425 -0.372 -0.102 -0.041 -0.010 -0.094 -0.057  0.024 -0.074 -0.148 -0.137 -0.298 -0.189 -0.277 -0.156 -0.129 -0.063  0.181  0.440  0.783  1.000  0.813  0.673  0.617  0.571  0.471  0.256  0.210  0.191  0.056 -0.021 -0.024  0.073  0.148  0.260  0.346  0.322  0.293  0.352  0.352  0.407  0.298  0.211  0.062  0.165  0.259  0.423  0.576  0.670  0.772  0.683  0.640  0.508  0.291  0.114  0.249  0.187  0.002 -0.069 -0.258 -0.414 -0.461 -0.342 -0.199 -0.020  0.082  0.228  0.240  0.195  0.114 -0.248 -0.440 -0.499 -0.466
 -0.422 -0.450 -0.401 -0.321 -0.010  0.055  0.051 -0.060 -0.024  0.061  0.012 -0.048 -0.028 -0.239 -0.128 -0.255 -0.160 -0.187 -0.171  0.050  0.295  0.627  0.813  1.000  0.819  0.626  0.698  0.659  0.421  0.364  0.344  0.218  0.141  0.137  0.215  0.258  0.306  0.368  0.309  0.310  0.409  0.288  0.337  0.268  0.180  0.089  0.202  0.271  0.387  0.498  0.628  0.780  0.699  0.544  0.359  0.123 -0.055  0.095  0.033 -0.168 -0.225 -0.387 -0.489 -0.499 -0.396 -0.203  0.002  0.123  0.285  0.246  0.189  0.071 -0.245 -0.485 -0.541 -0.502
 -0.310 -0.355 -0.379 -0.339 -0.080  0.010  0.007 -0.071 -0.058  0.042 -0.019 -0.064 -0.048 -0.205 -0.083 -0.191 -0.082 -0.092 -0.103  0.093  0.344  0.641  0.673  0.819  1.000  0.748  0.593  0.640  0.500  0.356  0.287  0.207  0.132  0.098  0.157  0.190  0.229  0.262  0.214  0.235  0.318  0.199  0.221  0.138  0.044 -0.015  0.061  0.118  0.209  0.288  0.422  0.588  0.548  0.418  0.300  0.077 -0.070  0.031 -0.061 -0.197 -0.239 -0.328 -0.435 -0.454 -0.422 -0.276 -0.114  0.034  0.203  0.181  0.135  0.062 -0.149 -0.341 -0.391 -0.348
 -0.394 -0.377 -0.349 -0.238  0.064  0.125  0.083 -0.071 -0.035  0.049  0.092  0.067  0.095 -0.083 -0.030 -0.230 -0.183 -0.270 -0.288 -0.135  0.105  0.447  0.617  0.626  0.748  1.000  0.773  0.678  0.618  0.526  0.394  0.299  0.209  0.167  0.222  0.261  0.328  0.380  0.327  0.305  0.395  0.337  0.384  0.254  0.129  0.009  0.057  0.126  0.242  0.324  0.362  0.485  0.355  0.233  0.072 -0.098 -0.242 -0.123 -0.147 -0.283 -0.305 -0.363 -0.468 -0.432 -0.376 -0.189 -0.017  0.175  0.287  0.258  0.215  0.147 -0.164 -0.404 -0.438 -0.396
 -0.524 -0.472 -0.370 -0.203  0.189  0.230  0.177 -0.019  0.023  0.083  0.197  0.162  0.164 -0.093 -0.047 -0.298 -0.299 -0.417 -0.442 -0.273 -0.038  0.286  0.571  0.698  0.593  0.773  1.000  0.867  0.667  0.705  0.660  0.483  0.377  0.401  0.473  0.510  0.552  0.618  0.534  0.479  0.586  0.438  0.483  0.362  0.218  0.098  0.185  0.241  0.372  0.429  0.469  0.587  0.414  0.211 -0.006 -0.198 -0.364 -0.197 -0.179 -0.379 -0.395 -0.493 -0.571 -0.502 -0.383 -0.103  0.100  0.305  0.437  0.386  0.316  0.153 -0.274 -0.598 -0.646 -0.593
 -0.483 -0.460 -0.393 -0.249  0.127  0.168  0.145 -0.032  0.015  0.090  0.187  0.126  0.132 -0.119 -0.054 -0.281 -0.267 -0.371 -0.397 -0.246 -0.026  0.268  0.471  0.659  0.640  0.678  0.867  1.000  0.816  0.746  0.750  0.651  0.515  0.481  0.558  0.547  0.545  0.577  0.468  0.430  0.515  0.324  0.340  0.226  0.080  0.025  0.099  0.134  0.249  0.284  0.383  0.510  0.392  0.190 -0.007 -0.208 -0.356 -0.206 -0.234 -0.415 -0.438 -0.502 -0.581 -0.530 -0.441 -0.196 -0.004  0.194  0.357  0.282  0.231  0.099 -0.237 -0.514 -0.554 -0.518
 -0.393 -0.357 -0.296 -0.162  0.167  0.175  0.115 -0.054 -0.016  0.064  0.206  0.196  0.203 -0.028 -0.003 -0.229 -0.236 -0.359 -0.385 -0.318 -0.147  0.097  0.256  0.421  0.500  0.618  0.667  0.816  1.000  0.836  0.717  0.765  0.693  0.553  0.566  0.480  0.390  0.380  0.255  0.273  0.386  0.197  0.201  0.117 -0.002 -0.031  0.016  0.039  0.131  0.124  0.212  0.320  0.223  0.025 -0.154 -0.299 -0.422 -0.299 -0.326 -0.455 -0.448 -0.474 -0.515 -0.461 -0.410 -0.182  0.011  0.176  0.292  0.178  0.127  0.050 -0.174 -0.375 -0.376 -0.346
 -0.472 -0.389 -0.316 -0.128  0.229  0.267  0.192  0.005  0.028  0.075  0.267  0.263  0.237 -0.010 -0.023 -0.294 -0.318 -0.451 -0.485 -0.431 -0.243  0.023  0.210  0.364  0.356  0.526  0.705  0.746  0.836  1.000  0.879  0.770  0.751  0.746  0.740  0.695  0.578  0.539  0.431  0.462  0.552  0.338  0.321  0.238  0.097  0.021  0.100  0.111  0.197  0.184  0.227  0.311  0.194 -0.017 -0.209 -0.340 -0.470 -0.337 -0.323 -0.472 -0.443 -0.486 -0.542 -0.445 -0.346 -0.113  0.080  0.276  0.401  0.335  0.283  0.162 -0.224 -0.519 -0.550 -0.506
 -0.473 -0.406 -0.343 -0.189  0.154  0.200  0.170  0.026  0.027  0.055  0.221  0.190  0.166 -0.070 -0.060 -0.308 -0.318 -0.423 -0.450 -0.384 -0.222  0.022  0.191  0.344  0.287  0.394  0.660  0.750  0.717  0.879  1.000  0.849  0.750  0.789  0.849  0.799  0.712  0.651  0.535  0.514  0.537  0.339  0.294  0.208  0.048 -0.006  0.092  0.079  0.177  0.166  0.226  0.292  0.205  0.013 -0.175 -0.303 -0.409 -0.283 -0.278 -0.440 -0.424 -0.467 -0.537 -0.470 -0.374 -0.167  0.022  0.227  0.356  0.319  0.300  0.164 -0.214 -0.526 -0.562 -0.522
 -0.355 -0.303 -0.261 -0.149  0.111  0.115  0.074 -0.035 -0.020  0.029  0.173  0.169  0.165 -0.030 -0.015 -0.231 -0.272 -0.366 -0.382 -0.361 -0.256 -0.078  0.056  0.218  0.207  0.299  0.483  0.651  0.765  0.770  0.849  1.000  0.890  0.767  0.783  0.613  0.453  0.392  0.247  0.253  0.309  0.112  0.076  0.024 -0.074 -0.030  0.020 -0.000  0.055  0.020  0.091  0.161  0.090 -0.082 -0.234 -0.326 -0.399 -0.308 -0.326 -0.431 -0.419 -0.422 -0.441 -0.369 -0.355 -0.189 -0.043  0.083  0.185  0.104  0.097  0.011 -0.159 -0.317 -0.297 -0.270
 -0.293 -0.211 -0.173 -0.048  0.151  0.164  0.045 -0.062 -0.037  0.024  0.192  0.213  0.213  0.054  0.015 -0.203 -0.254 -0.360 -0.381 -0.387 -0.300 -0.143 -0.021  0.141  0.132  0.209  0.377  0.515  0.693  0.751  0.750  0.890  1.000  0.857  0.768  0.586  0.349  0.270  0.126  0.182  0.270  0.050  0.017 -0.003 -0.072 -0.027 -0.002 -0.003  0.027 -0.014  0.045  0.118  0.045 -0.136 -0.288 -0.356 -0.421 -0.345 -0.352 -0.444 -0.411 -0.388 -0.373 -0.266 -0.258 -0.106 -0.003  0.082  0.179  0.099  0.079  0.007 -0.158 -0.284 -0.243 -0.208
 -0.341 -0.239 -0.199 -0.052  0.178  0.223  0.086 -0.011 -0.016  0.043  0.249  0.240  0.215  0.038 -0.015 -0.233 -0.279 -0.386 -0.398 -0.402 -0.304 -0.145 -0.024  0.137  0.098  0.167  0.401  0.481  0.553  0.746  0.789  0.767  0.857  1.000  0.908  0.786  0.547  0.437  0.319  0.359  0.408  0.175  0.115  0.065 -0.052 -0.042  0.012  0.003  0.048  0.002  0.047  0.107  0.041 -0.139 -0.282 -0.344 -0.414 -0.337 -0.336 -0.442 -0.399 -0.391 -0.400 -0.307 -0.235 -0.081  0.021  0.143  0.270  0.249  0.235  0.134 -0.159 -0.385 -0.383 -0.341
 -0.413 -0.327 -0.291 -0.140  0.164  0.201  0.128  0.029 -0.001  0.032  0.225  0.204  0.192 -0.029 -0.063 -0.273 -0.322 -0.421 -0.428 -0.400 -0.261 -0.070  0.073  0.215  0.157  0.222  0.473  0.558  0.566  0.740  0.849  0.783  0.768  0.908  1.000  0.890  0.704  0.580  0.465  0.492  0.506  0.279  0.208  0.131 -0.025 -0.041  0.061  0.032  0.090  0.063  0.121  0.173  0.097 -0.072 -0.229 -0.322 -0.410 -0.304 -0.309 -0.445 -0.417 -0.432 -0.468 -0.399 -0.307 -0.145 -0.001  0.177  0.341  0.323  0.317  0.197 -0.166 -0.451 -0.481 -0.443
 -0.461 -0.375 -0.324 -0.202  0.143  0.208  0.144  0.040  0.003  0.021  0.188  0.161  0.143 -0.079 -0.105 -0.313 -0.352 -0.445 -0.431 -0.379 -0.232 -0.011  0.148  0.258  0.190  0.261  0.510  0.547  0.480  0.695  0.799  0.613  0.586  0.786  0.890  1.000  0.850  0.697  0.585  0.611  0.596  0.412  0.340  0.246  0.060 -0.016  0.096  0.084  0.175  0.167  0.209  0.234  0.158  0.001 -0.158 -0.252 -0.346 -0.223 -0.217 -0.370 -0.377 -0.430 -0.501 -0.445 -0.311 -0.154  0.014  0.243  0.406  0.442  0.413  0.269 -0.164 -0.514 -0.574 -0.535
 -0.495 -0.423 -0.367 -0.257  0.100  0.166  0.160  0.086  0.033  0.029  0.134  0.094  0.075 -0.151 -0.163 -0.342 -0.362 -0.423 -0.376 -0.307 -0.148  0.085  0.260  0.306  0.229  0.328  0.552  0.545  0.390  0.578  0.712  0.453  0.349  0.547  0.704  0.850  1.000  0.880  0.740  0.694  0.594  0.508  0.435  0.293  0.087 -0.025  0.111  0.109  0.228  0.257  0.294  0.284  0.212  0.085 -0.071 -0.170 -0.273 -0.153 -0.118 -0.259 -0.278 -0.390 -0.492 -0.458 -0.324 -0.167  0.000  0.252  0.393  0.464  0.448  0.297 -0.157 -0.536 -0.620 -0.580
 -0.531 -0.477 -0.403 -0.273  0.099  0.160  0.205  0.111  0.065  0.028  0.127  0.082  0.071 -0.175 -0.168 -0.346 -0.356 -0.423 -0.357 -0.257 -0.095  0.138  0.346  0.368  0.262  0.380  0.618  0.577  0.380  0.539  0.651  0.392  0.270  0.437  0.580  0.697  0.880  1.000  0.834  0.676  0.616  0.558  0.499  0.339  0.150  0.018  0.152  0.171  0.291  0.339  0.379  0.368  0.280  0.166 -0.001 -0.123 -0.259 -0.124 -0.071 -0.241 -0.263 -0.390 -0.510 -0.485 -0.348 -0.169  0.015  0.267  0.378  0.434  0.403  0.245 -0.186 -0.541 -0.646 -0.610
 -0.448 -0.406 -0.364 -0.271  0.065  0.127  0.197  0.125  0.080  0.058  0.118  0.055  0.034 -0.153 -0.132 -0.275 -0.292 -0.330 -0.286 -0.179 -0.044  0.152  0.322  0.309  0.214  0.327  0.534  0.468  0.255  0.431  0.535  0.247  0.126  0.319  0.465  0.585  0.740  0.834  1.000  0.772  0.665  0.640  0.527  0.349  0.145 -0.017  0.141  0.134  0.272  0.311  0.343  0.319  0.257  0.174  0.025 -0.088 -0.190 -0.073 -0.038 -0.186 -0.224 -0.335 -0.440 -0.422 -0.313 -0.155 -0.002  0.266  0.396  0.499  0.502  0.340 -0.146 -0.509 -0.650 -0.625
 -0.504 -0.429 -0.386 -0.234  0.160  0.261  0.239  0.107  0.078  0.063  0.165  0.127  0.081 -0.138 -0.171 -0.361 -0.343 -0.393 -0.355 -0.282 -0.110  0.137  0.293  0.310  0.235  0.305  0.479  0.430  0.273  0.462  0.514  0.253  0.182  0.359  0.492  0.611  0.694  0.676  0.772  1.000  0.836  0.751  0.627  0.449  0.202  0.017  0.189  0.185  0.352  0.371  0.352  0.315  0.240  0.164 -0.004 -0.115 -0.253 -0.117 -0.076 -0.235 -0.242 -0.369 -0.498 -0.472 -0.315 -0.140  0.068  0.367  0.575  0.684  0.730  0.582 -0.101 -0.580 -0.723 -0.702
 -0.556 -0.472 -0.399 -0.175  0.249  0.353  0.307  0.099  0.091  0.085  0.215  0.190  0.152 -0.113 -0.136 -0.366 -0.376 -0.475 -0.401 -0.331 -0.145  0.151  0.352  0.409  0.318  0.395  0.586  0.515  0.386  0.552  0.537  0.309  0.270  0.408  0.506  0.596  0.594  0.616  0.665  0.836  1.000  0.780  0.688  0.512  0.258  0.058  0.206  0.235  0.411  0.438  0.415  0.395  0.286  0.184 -0.017 -0.139 -0.305 -0.134 -0.092 -0.299 -0.287 -0.396 -0.540 -0.470 -0.272 -0.050  0.179  0.479  0.702  0.745  0.693  0.494 -0.232 -0.658 -0.761 -0.732
 -0.523 -0.459 -0.396 -0.176  0.220  0.305  0.297  0.096  0.101  0.061  0.156  0.136  0.103 -0.144 -0.171 -0.362 -0.362 -0.422 -0.332 -0.260 -0.132  0.155  0.352  0.288  0.199  0.337  0.438  0.324  0.197  0.338  0.339  0.112  0.050  0.175  0.279  0.412  0.508  0.558  0.640  0.751  0.780  1.000  0.837  0.600  0.316  0.032  0.172  0.219  0.429  0.482  0.403  0.316  0.222  0.191  0.022 -0.073 -0.202 -0.059 -0.003 -0.147 -0.163 -0.295 -0.473 -0.439 -0.238 -0.043  0.182  0.466  0.664  0.775  0.669  0.524 -0.159 -0.554 -0.669 -0.657
 -0.540 -0.485 -0.405 -0.167  0.211  0.309  0.337  0.097  0.095  0.021  0.145  0.119  0.071 -0.186 -0.212 -0.402 -0.380 -0.444 -0.352 -0.253 -0.134  0.178  0.407  0.337  0.221  0.384  0.483  0.340  0.201  0.321  0.294  0.076  0.017  0.115  0.208  0.340  0.435  0.499  0.527  0.627  0.688  0.837  1.000  0.794  0.497  0.155  0.282  0.348  0.557  0.609  0.508  0.412  0.278  0.243  0.056 -0.052 -0.178 -0.013  0.057 -0.122 -0.154 -0.284 -0.450 -0.408 -0.172  0.035  0.291  0.591  0.673  0.703  0.563  0.406 -0.233 -0.579 -0.674 -0.650
 -0.473 -0.414 -0.318 -0.086  0.229  0.329  0.326  0.113  0.127  0.008  0.082  0.094  0.032 -0.224 -0.266 -0.443 -0.410 -0.426 -0.317 -0.253 -0.183  0.100  0.298  0.268  0.138  0.254  0.362  0.226  0.117  0.238  0.208  0.024 -0.003  0.065  0.131  0.246  0.293  0.339  0.349  0.449  0.512  0.600  0.794  1.000  0.780  0.413  0.533  0.587  0.629  0.573  0.455  0.381  0.271  0.224  0.039 -0.025 -0.134  0.008  0.084 -0.059 -0.068 -0.185 -0.336 -0.296 -0.046  0.128  0.409  0.679  0.584  0.574  0.410  0.254 -0.298 -0.546 -0.609 -0.577
 -0.328 -0.298 -0.193 -0.019  0.163  0.205  0.198  0.072  0.077 -0.062 -0.033  0.017 -0.022 -0.214 -0.246 -0.373 -0.354 -0.316 -0.189 -0.171 -0.158  0.055  0.211  0.180  0.044  0.129  0.218  0.080 -0.002  0.097  0.048 -0.074 -0.072 -0.052 -0.025  0.060  0.087  0.150  0.145  0.202  0.258  0.316  0.497  0.780  1.000  0.691  0.573  0.576  0.483  0.478  0.385  0.316  0.225  0.199  0.065  0.050 -0.046  0.054  0.133  0.058  0.079  0.000 -0.131 -0.114  0.123  0.252  0.431  0.545  0.344  0.296  0.174  0.057 -0.264 -0.389 -0.416 -0.378
 -0.185 -0.157 -0.067  0.032  0.098  0.120  0.092  0.042  0.071 -0.046 -0.068 -0.025 -0.019 -0.116 -0.124 -0.224 -0.215 -0.194 -0.112 -0.114 -0.116 -0.020  0.062  0.089 -0.015  0.009  0.098  0.025 -0.031  0.021 -0.006 -0.030 -0.027 -0.042 -0.041 -0.016 -0.025  0.018 -0.017  0.017  0.058  0.032  0.155  0.413  0.691  1.000  0.697  0.464  0.251  0.231  0.215  0.167  0.126  0.104  0.046  0.034 -0.028  0.034  0.092  0.069  0.086  0.066 -0.005 -0.016  0.104  0.175  0.277  0.308  0.112  0.031 -0.039 -0.145 -0.200 -0.235 -0.223 -0.192
 -0.296 -0.239 -0.195 -0.093  0.062  0.129  0.147  0.079  0.114 -0.008 -0.017 -0.021 -0.016 -0.151 -0.152 -0.280 -0.263 -0.248 -0.165 -0.116 -0.083  0.071  0.165  0.202  0.061  0.057  0.185  0.099  0.016  0.100  0.092  0.020 -0.002  0.012  0.061  0.096  0.111  0.152  0.141  0.189  0.206  0.172  0.282  0.533  0.573  0.697  1.000  0.733  0.501  0.346  0.301  0.269  0.211  0.194  0.076  0.028 -0.033  0.065  0.121  0.044  0.013 -0.061 -0.122 -0.121 -0.017  0.063  0.208  0.372  0.219  0.164  0.081 -0.036 -0.281 -0.372 -0.374 -0.363
 -0.309 -0.280 -0.210 -0.085  0.111  0.122  0.107 -0.015  0.067  0.044 -0.000  0.022 -0.006 -0.151 -0.143 -0.279 -0.244 -0.242 -0.211 -0.123 -0.071  0.124  0.259  0.271  0.118  0.126  0.241  0.134  0.039  0.111  0.079 -0.000 -0.003  0.003  0.032  0.084  0.109  0.171  0.134  0.185  0.235  0.219  0.348  0.587  0.576  0.464  0.733  1.000  0.736  0.526  0.413  0.374  0.269  0.241  0.088  0.038 -0.056  0.064  0.145  0.002 -0.025 -0.115 -0.170 -0.172 -0.046  0.075  0.238  0.331  0.257  0.234  0.126  0.025 -0.315 -0.387 -0.410 -0.392
 -0.438 -0.409 -0.314 -0.169  0.096  0.153  0.130 -0.015  0.086  0.108  0.082  0.020 -0.040 -0.243 -0.234 -0.398 -0.322 -0.321 -0.240 -0.145 -0.054  0.230  0.423  0.387  0.209  0.242  0.372  0.249  0.131  0.197  0.177  0.055  0.027  0.048  0.090  0.175  0.228  0.291  0.272  0.352  0.411  0.429  0.557  0.629  0.483  0.251  0.501  0.736  1.000  0.794  0.624  0.529  0.379  0.374  0.180  0.077 -0.033  0.144  0.230  0.028 -0.020 -0.176 -0.321 -0.304 -0.109  0.065  0.254  0.384  0.392  0.420  0.312  0.211 -0.311 -0.503 -0.574 -0.557
 -0.500 -0.474 -0.381 -0.242  0.058  0.120  0.121  0.010  0.059  0.033  0.029 -0.055 -0.110 -0.325 -0.305 -0.454 -0.362 -0.351 -0.217 -0.082  0.026  0.362  0.576  0.498  0.288  0.324  0.429  0.284  0.124  0.184  0.166  0.020 -0.014  0.002  0.063  0.167  0.257  0.339  0.311  0.371  0.438  0.482  0.609  0.573  0.478  0.231  0.346  0.526  0.794  1.000  0.851  0.700  0.509  0.523  0.313  0.185  0.049  0.250  0.324  0.086  0.038 -0.162 -0.379 -0.369 -0.139  0.029  0.251  0.326  0.398  0.402  0.309  0.177 -0.323 -0.512 -0.584 -0.560
 -0.523 -0.557 -0.438 -0.337 -0.009  0.075  0.083 -0.015  0.040  0.038 -0.024 -0.131 -0.176 -0.406 -0.354 -0.470 -0.342 -0.317 -0.182 -0.003  0.134  0.491  0.670  0.628  0.422  0.362  0.469  0.383  0.212  0.227  0.226  0.091  0.045  0.047  0.121  0.209  0.294  0.379  0.343  0.352  0.415  0.403  0.508  0.455  0.385  0.215  0.301  0.413  0.624  0.851  1.000  0.856  0.723  0.701  0.458  0.268  0.108  0.340  0.349  0.076  0.009 -0.218 -0.444 -0.465 -0.220 -0.054  0.154  0.236  0.334  0.320  0.256  0.102 -0.335 -0.518 -0.586 -0.549
 -0.476 -0.523 -0.442 -0.348 -0.021  0.071  0.069 -0.027  0.022  0.047 -0.031 -0.111 -0.110 -0.339 -0.250 -0.373 -0.256 -0.245 -0.179  0.032  0.240  0.602  0.772  0.780  0.588  0.485  0.587  0.510  0.320  0.311  0.292  0.161  0.118  0.107  0.173  0.234  0.284  0.368  0.319  0.315  0.395  0.316  0.412  0.381  0.316  0.167  0.269  0.374  0.529  0.700  0.856  1.000  0.834  0.695  0.459  0.235  0.034  0.240  0.186 -0.075 -0.124 -0.308 -0.485 -0.501 -0.314 -0.108  0.088  0.187  0.302  0.263  0.214  0.079 -0.298 -0.519 -0.595 -0.546
 -0.397 -0.505 -0.420 -0.413 -0.134 -0.054 -0.008 -0.068 -0.012  0.017 -0.149 -0.256 -0.260 -0.459 -0.323 -0.359 -0.184 -0.115 -0.011  0.198  0.375  0.677  0.683  0.699  0.548  0.355  0.414  0.392  0.223  0.194  0.205  0.090  0.045  0.041  0.097  0.158  0.212  0.280  0.257  0.240  0.286  0.222  0.278  0.271  0.225  0.126  0.211  0.269  0.379  0.509  0.723  0.834  1.000  0.864  0.654  0.431  0.263  0.443  0.321  0.106  0.033 -0.177 -0.376 -0.483 -0.294 -0.177  0.004  0.076  0.174  0.163  0.144  0.048 -0.263 -0.411 -0.488 -0.445
 -0.323 -0.457 -0.392 -0.446 -0.242 -0.173 -0.089 -0.099 -0.043  0.003 -0.233 -0.374 -0.406 -0.552 -0.428 -0.371 -0.152 -0.025  0.148  0.367  0.479  0.722  0.640  0.544  0.418  0.233  0.211  0.190  0.025 -0.017  0.013 -0.082 -0.136 -0.139 -0.072  0.001  0.085  0.166  0.174  0.164  0.184  0.191  0.243  0.224  0.199  0.104  0.194  0.241  0.374  0.523  0.701  0.695  0.864  1.000  0.840  0.639  0.514  0.684  0.550  0.354  0.243  0.002 -0.212 -0.366 -0.180 -0.164 -0.010 -0.002  0.078  0.101  0.119  0.049 -0.249 -0.308 -0.386 -0.354
 -0.114 -0.267 -0.271 -0.404 -0.348 -0.319 -0.217 -0.135 -0.143 -0.077 -0.351 -0.474 -0.491 -0.499 -0.368 -0.211  0.025  0.217  0.412  0.595  0.646  0.684  0.508  0.359  0.300  0.072 -0.006 -0.007 -0.154 -0.209 -0.175 -0.234 -0.288 -0.282 -0.229 -0.158 -0.071 -0.001  0.025 -0.004 -0.017  0.022  0.056  0.039  0.065  0.046  0.076  0.088  0.180  0.313  0.458  0.459  0.654  0.840  1.000  0.844  0.729  0.787  0.623  0.520  0.400  0.144 -0.025 -0.202 -0.086 -0.189 -0.105 -0.169 -0.099 -0.056 -0.007 -0.012 -0.148 -0.098 -0.166 -0.145
  0.032 -0.117 -0.131 -0.295 -0.379 -0.355 -0.261 -0.118 -0.164 -0.130 -0.388 -0.477 -0.486 -0.426 -0.349 -0.158  0.056  0.282  0.523  0.589  0.536  0.474  0.291  0.123  0.077 -0.098 -0.198 -0.208 -0.299 -0.340 -0.303 -0.326 -0.356 -0.344 -0.322 -0.252 -0.170 -0.123 -0.088 -0.115 -0.139 -0.073 -0.052 -0.025  0.050  0.034  0.028  0.038  0.077  0.185  0.268  0.235  0.431  0.639  0.844  1.000  0.842  0.786  0.708  0.691  0.622  0.342  0.171 -0.018  0.086 -0.086 -0.089 -0.193 -0.195 -0.125 -0.059 -0.036 -0.072  0.040 -0.031 -0.020
  0.186  0.042 -0.053 -0.271 -0.461 -0.469 -0.327 -0.129 -0.179 -0.123 -0.436 -0.539 -0.563 -0.417 -0.353 -0.061  0.125  0.392  0.604  0.665  0.473  0.343  0.114 -0.055 -0.070 -0.242 -0.364 -0.356 -0.422 -0.470 -0.409 -0.399 -0.421 -0.414 -0.410 -0.346 -0.273 -0.259 -0.190 -0.253 -0.305 -0.202 -0.178 -0.134 -0.046 -0.028 -0.033 -0.056 -0.033  0.049  0.108  0.034  0.263  0.514  0.729  0.842  1.000  0.874  0.733  0.790  0.653  0.445  0.324  0.119  0.150 -0.092 -0.126 -0.289 -0.321 -0.258 -0.181 -0.126 -0.009  0.192  0.172  0.166
 -0.035 -0.175 -0.176 -0.350 -0.408 -0.391 -0.269 -0.134 -0.142 -0.095 -0.403 -0.537 -0.576 -0.541 -0.474 -0.256 -0.046  0.209  0.436  0.560  0.413  0.422  0.249  0.095  0.031 -0.123 -0.197 -0.206 -0.299 -0.337 -0.283 -0.308 -0.345 -0.337 -0.304 -0.223 -0.153 -0.124 -0.073 -0.117 -0.134 -0.059 -0.013  0.008  0.054  0.034  0.065  0.064  0.144  0.250  0.340  0.240  0.443  0.684  0.787  0.786  0.874  1.000  0.858  0.755  0.575  0.322  0.164 -0.022  0.074 -0.092 -0.060 -0.176 -0.169 -0.121 -0.064 -0.059 -0.099  0.024 -0.005  0.001
 -0.046 -0.137 -0.086 -0.260 -0.338 -0.318 -0.215 -0.087 -0.122 -0.100 -0.330 -0.449 -0.505 -0.473 -0.434 -0.277 -0.113  0.110  0.333  0.416  0.254  0.281  0.187  0.033 -0.061 -0.147 -0.179 -0.234 -0.326 -0.323 -0.278 -0.326 -0.352 -0.336 -0.309 -0.217 -0.118 -0.071 -0.038 -0.076 -0.092 -0.003  0.057  0.084  0.133  0.092  0.121  0.145  0.230  0.324  0.349  0.186  0.321  0.550  0.623  0.708  0.733  0.858  1.000  0.840  0.696  0.385  0.218  0.054  0.176  0.002  0.008 -0.083 -0.108 -0.052 -0.015 -0.029 -0.118 -0.045 -0.054 -0.049
  0.167  0.063  0.041 -0.152 -0.373 -0.377 -0.280 -0.104 -0.148 -0.129 -0.386 -0.477 -0.492 -0.364 -0.348 -0.133 -0.006  0.244  0.439  0.471  0.261  0.168  0.002 -0.168 -0.197 -0.283 -0.379 -0.415 -0.455 -0.472 -0.440 -0.431 -0.444 -0.442 -0.445 -0.370 -0.259 -0.241 -0.186 -0.235 -0.299 -0.147 -0.122 -0.059  0.058  0.069  0.044  0.002  0.028  0.086  0.076 -0.075  0.106  0.354  0.520  0.691  0.790  0.755  0.840  1.000  0.836  0.546  0.401  0.220  0.272  0.035 -0.009 -0.177 -0.283 -0.215 -0.155 -0.098 -0.009  0.174  0.171  0.161
  0.209  0.148  0.111 -0.084 -0.290 -0.293 -0.224 -0.045 -0.150 -0.199 -0.408 -0.438 -0.443 -0.313 -0.292 -0.090  0.024  0.238  0.387  0.380  0.209  0.080 -0.069 -0.225 -0.239 -0.305 -0.395 -0.438 -0.448 -0.443 -0.424 -0.419 -0.411 -0.399 -0.417 -0.377 -0.278 -0.263 -0.224 -0.242 -0.287 -0.163 -0.154 -0.068  0.079  0.086  0.013 -0.025 -0.020  0.038  0.009 -0.124  0.033  0.243  0.400  0.622  0.653  0.575  0.696  0.836  1.000  0.754  0.535  0.316  0.429  0.137  0.023 -0.108 -0.243 -0.193 -0.134 -0.081  0.028  0.184  0.171  0.158
  0.428  0.359  0.270  0.008 -0.296 -0.327 -0.246 -0.063 -0.159 -0.215 -0.377 -0.365 -0.359 -0.153 -0.133  0.117  0.178  0.310  0.363  0.266  0.101 -0.083 -0.258 -0.387 -0.328 -0.363 -0.493 -0.502 -0.474 -0.486 -0.467 -0.422 -0.388 -0.391 -0.432 -0.430 -0.390 -0.390 -0.335 -0.369 -0.396 -0.295 -0.284 -0.185  0.000  0.066 -0.061 -0.115 -0.176 -0.162 -0.218 -0.308 -0.177  0.002  0.144  0.342  0.445  0.322  0.385  0.546  0.754  1.000  0.760  0.499  0.532  0.155 -0.066 -0.183 -0.338 -0.301 -0.225 -0.125  0.127  0.350  0.358  0.331
  0.666  0.589  0.510  0.242 -0.232 -0.325 -0.290 -0.107 -0.184 -0.209 -0.329 -0.248 -0.211  0.108  0.131  0.392  0.381  0.425  0.363  0.240  0.062 -0.242 -0.414 -0.489 -0.435 -0.468 -0.571 -0.581 -0.515 -0.542 -0.537 -0.441 -0.373 -0.400 -0.468 -0.501 -0.492 -0.510 -0.440 -0.498 -0.540 -0.473 -0.450 -0.336 -0.131 -0.005 -0.122 -0.170 -0.321 -0.379 -0.444 -0.485 -0.376 -0.212 -0.025  0.171  0.324  0.164  0.218  0.401  0.535  0.760  1.000  0.801  0.581  0.243 -0.084 -0.277 -0.449 -0.419 -0.359 -0.226  0.182  0.478  0.518  0.487
  0.584  0.611  0.605  0.483 -0.036 -0.154 -0.250 -0.158 -0.174 -0.106 -0.138 -0.018 -0.004  0.304  0.247  0.380  0.257  0.248  0.198  0.083 -0.109 -0.403 -0.461 -0.499 -0.454 -0.432 -0.502 -0.530 -0.461 -0.445 -0.470 -0.369 -0.266 -0.307 -0.399 -0.445 -0.458 -0.485 -0.422 -0.472 -0.470 -0.439 -0.408 -0.296 -0.114 -0.016 -0.121 -0.172 -0.304 -0.369 -0.465 -0.501 -0.483 -0.366 -0.202 -0.018  0.119 -0.022  0.054  0.220  0.316  0.499  0.801  1.000  0.743  0.478  0.072 -0.178 -0.362 -0.346 -0.318 -0.193  0.177  0.430  0.482  0.445
  0.313  0.344  0.418  0.421  0.104  0.037 -0.112 -0.098 -0.163 -0.122 -0.114  0.006 -0.030  0.119  0.019  0.070  0.037  0.050  0.105  0.012 -0.154 -0.335 -0.342 -0.396 -0.422 -0.376 -0.383 -0.441 -0.410 -0.346 -0.374 -0.355 -0.258 -0.235 -0.307 -0.311 -0.324 -0.348 -0.313 -0.315 -0.272 -0.238 -0.172 -0.046  0.123  0.104 -0.017 -0.046 -0.109 -0.139 -0.220 -0.314 -0.294 -0.180 -0.086  0.086  0.150  0.074  0.176  0.272  0.429  0.532  0.581  0.743  1.000  0.688  0.319  0.104 -0.105 -0.128 -0.114 -0.071  0.103  0.207  0.227  0.206
  0.048  0.130  0.353  0.611  0.414  0.339  0.053 -0.119 -0.025  0.101  0.144  0.233  0.164  0.180  0.078 -0.024 -0.105 -0.193 -0.163 -0.203 -0.288 -0.318 -0.199 -0.203 -0.276 -0.189 -0.103 -0.196 -0.182 -0.113 -0.167 -0.189 -0.106 -0.081 -0.145 -0.154 -0.167 -0.169 -0.155 -0.140 -0.050 -0.043  0.035  0.128  0.252  0.175  0.063  0.075  0.065  0.029 -0.054 -0.108 -0.177 -0.164 -0.189 -0.086 -0.092 -0.092  0.002  0.035  0.137  0.155  0.243  0.478  0.688  1.000  0.675  0.332  0.105  0.034 -0.009 -0.015 -0.066 -0.040 -0.018 -0.027
 -0.222 -0.136  0.105  0.443  0.578  0.494  0.213 -0.022  0.073  0.111  0.181  0.261  0.196  0.043 -0.041 -0.208 -0.255 -0.329 -0.291 -0.285 -0.314 -0.180 -0.020  0.002 -0.114 -0.017  0.100 -0.004  0.011  0.080  0.022 -0.043 -0.003  0.021 -0.001  0.014  0.000  0.015 -0.002  0.068  0.179  0.182  0.291  0.409  0.431  0.277  0.208  0.238  0.254  0.251  0.154  0.088  0.004 -0.010 -0.105 -0.089 -0.126 -0.060  0.008 -0.009  0.023 -0.066 -0.084  0.072  0.319  0.675  1.000  0.625  0.372  0.251  0.119  0.039 -0.200 -0.264 -0.269 -0.260
 -0.389 -0.295 -0.137  0.177  0.485  0.600  0.478  0.257  0.196  0.003  0.186  0.298  0.266  0.027 -0.072 -0.315 -0.359 -0.480 -0.428 -0.411 -0.345 -0.122  0.082  0.123  0.034  0.175  0.305  0.194  0.176  0.276  0.227  0.083  0.082  0.143  0.177  0.243  0.252  0.267  0.266  0.367  0.479  0.466  0.591  0.679  0.545  0.308  0.372  0.331  0.384  0.326  0.236  0.187  0.076 -0.002 -0.169 -0.193 -0.289 -0.176 -0.083 -0.177 -0.108 -0.183 -0.277 -0.178  0.104  0.332  0.625  1.000  0.736  0.570  0.370  0.169 -0.225 -0.519 -0.536 -0.505
 -0.490 -0.406 -0.295 -0.024  0.410  0.510  0.400  0.199  0.140  0.020  0.197  0.250  0.243 -0.030 -0.104 -0.338 -0.352 -0.456 -0.395 -0.371 -0.262  0.013  0.228  0.285  0.203  0.287  0.437  0.357  0.292  0.401  0.356  0.185  0.179  0.270  0.341  0.406  0.393  0.378  0.396  0.575  0.702  0.664  0.673  0.584  0.344  0.112  0.219  0.257  0.392  0.398  0.334  0.302  0.174  0.078 -0.099 -0.195 -0.321 -0.169 -0.108 -0.283 -0.243 -0.338 -0.449 -0.362 -0.105  0.105  0.372  0.736  1.000  0.817  0.616  0.364 -0.188 -0.588 -0.637 -0.613
 -0.454 -0.364 -0.301 -0.073  0.318  0.420  0.280  0.062  0.055  0.021  0.157  0.200  0.178 -0.057 -0.105 -0.326 -0.334 -0.401 -0.329 -0.306 -0.198  0.060  0.240  0.246  0.181  0.258  0.386  0.282  0.178  0.335  0.319  0.104  0.099  0.249  0.323  0.442  0.464  0.434  0.499  0.684  0.745  0.775  0.703  0.574  0.296  0.031  0.164  0.234  0.420  0.402  0.320  0.263  0.163  0.101 -0.056 -0.125 -0.258 -0.121 -0.052 -0.215 -0.193 -0.301 -0.419 -0.346 -0.128  0.034  0.251  0.570  0.817  1.000  0.795  0.572 -0.115 -0.564 -0.653 -0.634
 -0.398 -0.310 -0.280 -0.139  0.195  0.282  0.142  0.029 -0.026 -0.005  0.128  0.126  0.094 -0.108 -0.143 -0.304 -0.299 -0.338 -0.266 -0.232 -0.129  0.076  0.195  0.189  0.135  0.215  0.316  0.231  0.127  0.283  0.300  0.097  0.079  0.235  0.317  0.413  0.448  0.403  0.502  0.730  0.693  0.669  0.563  0.410  0.174 -0.039  0.081  0.126  0.312  0.309  0.256  0.214  0.144  0.119 -0.007 -0.059 -0.181 -0.064 -0.015 -0.155 -0.134 -0.225 -0.359 -0.318 -0.114 -0.009  0.119  0.370  0.616  0.795  1.000  0.808  0.064 -0.458 -0.597 -0.601
 -0.259 -0.180 -0.178 -0.088  0.090  0.158  0.044 -0.079 -0.081 -0.030  0.092  0.119  0.064 -0.040 -0.086 -0.200 -0.166 -0.198 -0.153 -0.138 -0.051  0.052  0.114  0.071  0.062  0.147  0.153  0.099  0.050  0.162  0.164  0.011  0.007  0.134  0.197  0.269  0.297  0.245  0.340  0.582  0.494  0.524  0.406  0.254  0.057 -0.145 -0.036  0.025  0.211  0.177  0.102  0.079  0.048  0.049 -0.012 -0.036 -0.126 -0.059 -0.029 -0.098 -0.081 -0.125 -0.226 -0.193 -0.071 -0.015  0.039  0.169  0.364  0.572  0.808  1.000  0.220 -0.257 -0.414 -0.440
  0.240  0.239  0.149  0.050 -0.068 -0.105 -0.120 -0.030 -0.210 -0.197 -0.154 -0.057  0.006  0.137  0.148  0.196  0.150  0.181  0.095  0.050  0.003 -0.157 -0.248 -0.245 -0.149 -0.164 -0.274 -0.237 -0.174 -0.224 -0.214 -0.159 -0.158 -0.159 -0.166 -0.164 -0.157 -0.186 -0.146 -0.101 -0.232 -0.159 -0.233 -0.298 -0.264 -0.200 -0.281 -0.315 -0.311 -0.323 -0.335 -0.298 -0.263 -0.249 -0.148 -0.072 -0.009 -0.099 -0.118 -0.009  0.028  0.127  0.182  0.177  0.103 -0.066 -0.200 -0.225 -0.188 -0.115  0.064  0.220  1.000  0.479  0.232  0.128
  0.512  0.441  0.336  0.114 -0.276 -0.395 -0.374 -0.175 -0.232 -0.223 -0.324 -0.240 -0.179  0.122  0.144  0.362  0.319  0.419  0.349  0.254  0.090 -0.238 -0.440 -0.485 -0.341 -0.404 -0.598 -0.514 -0.375 -0.519 -0.526 -0.317 -0.284 -0.385 -0.451 -0.514 -0.536 -0.541 -0.509 -0.580 -0.658 -0.554 -0.579 -0.546 -0.389 -0.235 -0.372 -0.387 -0.503 -0.512 -0.518 -0.519 -0.411 -0.308 -0.098  0.040  0.192  0.024 -0.045  0.174  0.184  0.350  0.478  0.430  0.207 -0.040 -0.264 -0.519 -0.588 -0.564 -0.458 -0.257  0.479  1.000  0.803  0.651
  0.569  0.499  0.386  0.151 -0.297 -0.396 -0.393 -0.198 -0.211 -0.174 -0.267 -0.220 -0.176  0.132  0.135  0.392  0.339  0.416  0.348  0.232  0.031 -0.294 -0.499 -0.541 -0.391 -0.438 -0.646 -0.554 -0.376 -0.550 -0.562 -0.297 -0.243 -0.383 -0.481 -0.574 -0.620 -0.646 -0.650 -0.723 -0.761 -0.669 -0.674 -0.609 -0.416 -0.223 -0.374 -0.410 -0.574 -0.584 -0.586 -0.595 -0.488 -0.386 -0.166 -0.031  0.172 -0.005 -0.054  0.171  0.171  0.358  0.518  0.482  0.227 -0.018 -0.269 -0.536 -0.637 -0.653 -0.597 -0.414  0.232  0.803  1.000  0.908
