  1.000  0.782  0.567  0.264 -0.178 -0.291 -0.292 -0.134 -0.188 -0.142 -0.223 -0.138 -0.059  0.261  0.349  0.664  0.645  0.623  0.446  0.274  0.167 -0.164 -0.359 -0.409 -0.292 -0.362 -0.505 -0.459 -0.376 -0.461 -0.466 -0.347 -0.281 -0.333 -0.410 -0.451 -0.484 -0.505 -0.450 -0.498 -0.547 -0.489 -0.518 -0.471 -0.336 -0.205 -0.301 -0.342 -0.464 -0.461 -0.475 -0.449 -0.378 -0.294 -0.077  0.079  0.206  0.008 -0.022  0.166  0.221  0.435  0.651  0.568  0.310  0.049 -0.193 -0.407 -0.500 -0.452 -0.397 -0.248  0.220  0.517  0.544  0.509
  0.782  1.000  0.724  0.453  0.027 -0.087 -0.184 -0.091 -0.170 -0.135 -0.072  0.065  0.145  0.470  0.532  0.663  0.497  0.418  0.253  0.071 -0.042 -0.340 -0.444 -0.467 -0.373 -0.368 -0.461 -0.447 -0.337 -0.367 -0.395 -0.286 -0.184 -0.214 -0.317 -0.358 -0.423 -0.456 -0.406 -0.427 -0.468 -0.415 -0.450 -0.408 -0.297 -0.182 -0.268 -0.314 -0.431 -0.456 -0.524 -0.511 -0.495 -0.449 -0.266 -0.079  0.034 -0.159 -0.121  0.069  0.174  0.381  0.603  0.633  0.387  0.158 -0.081 -0.276 -0.383 -0.344 -0.304 -0.167  0.223  0.411  0.462  0.431
  0.567  0.724  1.000  0.692  0.245  0.079 -0.140 -0.155 -0.162 -0.041 -0.018  0.177  0.252  0.534  0.556  0.515  0.374  0.240  0.095 -0.055 -0.134 -0.368 -0.411 -0.410 -0.394 -0.353 -0.377 -0.384 -0.273 -0.278 -0.313 -0.227 -0.127 -0.152 -0.252 -0.292 -0.353 -0.388 -0.357 -0.381 -0.392 -0.364 -0.360 -0.299 -0.192 -0.108 -0.192 -0.211 -0.308 -0.358 -0.421 -0.430 -0.426 -0.401 -0.276 -0.128 -0.036 -0.139 -0.075  0.056  0.126  0.288  0.516  0.629  0.467  0.373  0.152 -0.134 -0.276 -0.278 -0.256 -0.154  0.123  0.288  0.340  0.311
  0.264  0.453  0.692  1.000  0.658  0.485  0.159 -0.038 -0.020  0.070  0.246  0.496  0.517  0.629  0.484  0.325  0.124 -0.051 -0.175 -0.308 -0.340 -0.455 -0.385 -0.353 -0.369 -0.273 -0.232 -0.263 -0.155 -0.098 -0.150 -0.106  0.001  0.010 -0.080 -0.121 -0.205 -0.234 -0.213 -0.202 -0.163 -0.148 -0.136 -0.079 -0.040 -0.025 -0.089 -0.092 -0.158 -0.243 -0.344 -0.368 -0.426 -0.457 -0.421 -0.298 -0.260 -0.311 -0.217 -0.123 -0.055  0.044  0.257  0.490  0.433  0.607  0.448  0.176  0.006 -0.049 -0.100 -0.051  0.027  0.041  0.098  0.089
 -0.178  0.027  0.245  0.658  1.000  0.815  0.454  0.099  0.112  0.162  0.431  0.618  0.657  0.453  0.309  0.015 -0.144 -0.322 -0.397 -0.439 -0.379 -0.308 -0.139 -0.062 -0.137 -0.021  0.113  0.063  0.103  0.212  0.162  0.122  0.184  0.218  0.191  0.178  0.114  0.100  0.079  0.144  0.224  0.217  0.231  0.242  0.153  0.060  0.070  0.093  0.117  0.036 -0.039 -0.065 -0.164 -0.259 -0.363 -0.374 -0.433 -0.375 -0.293 -0.319 -0.269 -0.272 -0.191  0.024  0.121  0.449  0.593  0.498  0.422  0.311  0.182  0.103 -0.110 -0.330 -0.313 -0.296
 -0.291 -0.087  0.079  0.485  0.815  1.000  0.604  0.235  0.211  0.188  0.476  0.612  0.579  0.342  0.177 -0.097 -0.247 -0.421 -0.455 -0.478 -0.391 -0.258 -0.087 -0.014 -0.079  0.029  0.157  0.094  0.112  0.245  0.198  0.127  0.190  0.243  0.222  0.227  0.175  0.165  0.148  0.233  0.318  0.299  0.322  0.331  0.222  0.097  0.111  0.127  0.170  0.093  0.031  0.007 -0.103 -0.200 -0.332 -0.352 -0.441 -0.364 -0.276 -0.325 -0.265 -0.308 -0.278 -0.081  0.060  0.398  0.533  0.605  0.523  0.407  0.262  0.152 -0.128 -0.412 -0.396 -0.387
 -0.292 -0.184 -0.140  0.159  0.454  0.604  1.000  0.663  0.472  0.118  0.392  0.364  0.364  0.145  0.023 -0.138 -0.226 -0.323 -0.337 -0.344 -0.269 -0.148 -0.034  0.018 -0.027  0.063  0.165  0.122  0.097  0.201  0.196  0.105  0.089  0.139  0.177  0.197  0.202  0.245  0.248  0.252  0.323  0.338  0.354  0.329  0.199  0.085  0.129  0.105  0.153  0.088  0.038  0.024 -0.043 -0.115 -0.228 -0.259 -0.330 -0.268 -0.209 -0.251 -0.225 -0.269 -0.292 -0.213 -0.103  0.105  0.252  0.514  0.451  0.318  0.162  0.069 -0.130 -0.392 -0.412 -0.401
 -0.134 -0.091 -0.155 -0.038  0.099  0.235  0.663  1.000  0.644  0.083  0.188  0.110  0.080 -0.009 -0.069 -0.083 -0.124 -0.136 -0.149 -0.153 -0.140 -0.107 -0.102 -0.062 -0.061 -0.053 -0.012 -0.017 -0.041  0.007  0.030 -0.026 -0.038  0.007  0.038  0.061  0.081  0.111  0.125  0.099  0.120  0.128  0.127  0.127  0.073  0.026  0.051 -0.004  0.012 -0.023 -0.053 -0.054 -0.060 -0.091 -0.131 -0.127 -0.136 -0.136 -0.114 -0.116 -0.092 -0.106 -0.150 -0.156 -0.101 -0.086  0.014  0.261  0.205  0.106  0.046 -0.037 -0.012 -0.176 -0.207 -0.230
 -0.188 -0.170 -0.162 -0.020  0.112  0.211  0.472  0.644  1.000  0.547  0.387  0.207  0.109 -0.026 -0.110 -0.148 -0.172 -0.165 -0.168 -0.168 -0.160 -0.111 -0.078 -0.038 -0.057 -0.045  0.009 -0.007 -0.036  0.012  0.026 -0.014 -0.020  0.008  0.028  0.036  0.051  0.080  0.090  0.075  0.093  0.112  0.122  0.136  0.080  0.038  0.072  0.050  0.068  0.019  0.002 -0.008 -0.035 -0.070 -0.130 -0.145 -0.153 -0.129 -0.112 -0.126 -0.133 -0.145 -0.183 -0.170 -0.143 -0.039  0.060  0.197  0.130  0.075 -0.017 -0.052 -0.160 -0.219 -0.232 -0.242
 -0.142 -0.135 -0.041  0.070  0.162  0.188  0.118  0.083  0.547  1.000  0.554  0.274  0.138  0.036 -0.009 -0.066 -0.118 -0.139 -0.147 -0.138 -0.120 -0.069 -0.029  0.003  0.003  0.002  0.038  0.033  0.023  0.054  0.054  0.033  0.044  0.056  0.046  0.036  0.038  0.044  0.061  0.075  0.075  0.074  0.052  0.041 -0.017 -0.031 -0.007  0.029  0.066  0.021  0.020  0.021 -0.015 -0.052 -0.107 -0.153 -0.133 -0.102 -0.125 -0.132 -0.192 -0.200 -0.182 -0.112 -0.132  0.052  0.096  0.042  0.041  0.044  0.008  0.015 -0.168 -0.212 -0.191 -0.193
 -0.223 -0.072 -0.018  0.246  0.431  0.476  0.392  0.188  0.387  0.554  1.000  0.714  0.539  0.320  0.162 -0.035 -0.169 -0.304 -0.357 -0.387 -0.316 -0.251 -0.124 -0.047 -0.087  0.018  0.140  0.123  0.149  0.242  0.231  0.195  0.226  0.268  0.246  0.211  0.165  0.163  0.148  0.167  0.201  0.172  0.153  0.099  0.001 -0.037 -0.005  0.006  0.050 -0.015 -0.057 -0.066 -0.155 -0.248 -0.338 -0.372 -0.411 -0.371 -0.316 -0.340 -0.335 -0.326 -0.298 -0.138 -0.113  0.121  0.167  0.222  0.233  0.183  0.114  0.099 -0.130 -0.327 -0.292 -0.273
 -0.138  0.065  0.177  0.496  0.618  0.612  0.364  0.110  0.207  0.274  0.714  1.000  0.798  0.589  0.349  0.083 -0.103 -0.304 -0.401 -0.466 -0.396 -0.356 -0.191 -0.110 -0.148 -0.020  0.090  0.058  0.127  0.217  0.172  0.168  0.237  0.260  0.217  0.169  0.092  0.077  0.049  0.083  0.143  0.117  0.120  0.097  0.030 -0.024 -0.016  0.005  0.011 -0.079 -0.152 -0.156 -0.283 -0.389 -0.464 -0.438 -0.499 -0.484 -0.385 -0.379 -0.311 -0.263 -0.180  0.016  0.034  0.238  0.237  0.281  0.241  0.182  0.088  0.097 -0.059 -0.240 -0.214 -0.204
 -0.059  0.145  0.252  0.517  0.657  0.579  0.364  0.080  0.109  0.138  0.539  0.798  1.000  0.761  0.523  0.224  0.008 -0.231 -0.379 -0.451 -0.359 -0.346 -0.169 -0.084 -0.120  0.027  0.119  0.085  0.147  0.226  0.180  0.174  0.230  0.249  0.215  0.165  0.092  0.081  0.051  0.063  0.120  0.104  0.103  0.062  0.008 -0.019 -0.029 -0.010 -0.017 -0.103 -0.178 -0.152 -0.287 -0.416 -0.480 -0.458 -0.527 -0.527 -0.433 -0.423 -0.350 -0.280 -0.163  0.024 -0.008  0.194  0.205  0.253  0.227  0.160  0.054  0.057 -0.038 -0.215 -0.187 -0.172
  0.261  0.470  0.534  0.629  0.453  0.342  0.145 -0.009 -0.026  0.036  0.320  0.589  0.761  1.000  0.767  0.515  0.269  0.008 -0.191 -0.318 -0.278 -0.403 -0.300 -0.253 -0.240 -0.114 -0.090 -0.117 -0.022  0.019 -0.029  0.008  0.091  0.090  0.022 -0.033 -0.116 -0.140 -0.128 -0.140 -0.125 -0.126 -0.143 -0.169 -0.162 -0.122 -0.157 -0.156 -0.217 -0.296 -0.379 -0.340 -0.446 -0.529 -0.498 -0.413 -0.416 -0.507 -0.427 -0.331 -0.236 -0.084  0.123  0.303  0.146  0.227  0.080  0.026 -0.034 -0.062 -0.106 -0.029  0.093  0.062  0.097  0.087
  0.349  0.532  0.556  0.484  0.309  0.177  0.023 -0.069 -0.110 -0.009  0.162  0.349  0.523  0.767  1.000  0.704  0.445  0.174 -0.052 -0.160 -0.097 -0.244 -0.204 -0.160 -0.136 -0.061 -0.060 -0.078 -0.015 -0.012 -0.049 -0.014  0.036  0.016 -0.040 -0.086 -0.138 -0.142 -0.136 -0.171 -0.157 -0.156 -0.186 -0.230 -0.220 -0.151 -0.175 -0.182 -0.236 -0.294 -0.331 -0.265 -0.324 -0.402 -0.350 -0.296 -0.303 -0.405 -0.372 -0.288 -0.206 -0.056  0.168  0.283  0.085  0.121 -0.003 -0.090 -0.115 -0.129 -0.154 -0.081  0.094  0.094  0.124  0.115
  0.664  0.663  0.515  0.325  0.015 -0.097 -0.138 -0.083 -0.148 -0.066 -0.035  0.083  0.224  0.515  0.704  1.000  0.729  0.476  0.241  0.115  0.120 -0.151 -0.247 -0.250 -0.178 -0.202 -0.271 -0.253 -0.207 -0.262 -0.278 -0.204 -0.155 -0.190 -0.241 -0.283 -0.315 -0.316 -0.283 -0.335 -0.358 -0.334 -0.367 -0.396 -0.329 -0.222 -0.282 -0.301 -0.374 -0.386 -0.403 -0.345 -0.339 -0.338 -0.184 -0.101 -0.052 -0.222 -0.247 -0.120 -0.046  0.150  0.402  0.386  0.100 -0.004 -0.182 -0.309 -0.346 -0.327 -0.301 -0.179  0.151  0.322  0.355  0.330
  0.645  0.497  0.374  0.124 -0.144 -0.247 -0.226 -0.124 -0.172 -0.118 -0.169 -0.103  0.008  0.269  0.445  0.729  1.000  0.787  0.491  0.374  0.425  0.087 -0.109 -0.134 -0.061 -0.173 -0.271 -0.234 -0.231 -0.315 -0.312 -0.256 -0.233 -0.278 -0.312 -0.339 -0.342 -0.339 -0.303 -0.351 -0.387 -0.370 -0.403 -0.410 -0.336 -0.200 -0.259 -0.281 -0.336 -0.335 -0.302 -0.227 -0.159 -0.110  0.083  0.136  0.169 -0.000 -0.090  0.011  0.055  0.191  0.381  0.267  0.044 -0.108 -0.248 -0.385 -0.392 -0.363 -0.317 -0.189  0.128  0.332  0.344  0.318
  0.623  0.418  0.240 -0.051 -0.322 -0.421 -0.323 -0.136 -0.165 -0.139 -0.304 -0.304 -0.231  0.008  0.174  0.476  0.787  1.000  0.772  0.643  0.588  0.204 -0.083 -0.157 -0.041 -0.220 -0.386 -0.326 -0.324 -0.444 -0.433 -0.357 -0.348 -0.407 -0.439 -0.448 -0.429 -0.425 -0.358 -0.404 -0.465 -0.418 -0.459 -0.430 -0.327 -0.194 -0.256 -0.290 -0.349 -0.336 -0.286 -0.225 -0.084  0.037  0.288  0.355  0.443  0.260  0.135  0.251  0.236  0.302  0.418  0.250  0.074 -0.175 -0.310 -0.477 -0.480 -0.426 -0.357 -0.221  0.153  0.430  0.421  0.390
  0.446  0.253  0.095 -0.175 -0.397 -0.455 -0.337 -0.149 -0.168 -0.147 -0.357 -0.401 -0.379 -0.191 -0.052  0.241  0.491  0.772  1.000  0.780  0.578  0.264 -0.021 -0.132 -0.047 -0.228 -0.394 -0.358 -0.370 -0.478 -0.464 -0.404 -0.397 -0.439 -0.464 -0.449 -0.411 -0.394 -0.326 -0.360 -0.410 -0.347 -0.372 -0.323 -0.202 -0.123 -0.176 -0.222 -0.238 -0.193 -0.144 -0.137  0.034  0.214  0.471  0.582  0.656  0.495  0.362  0.452  0.390  0.359  0.356  0.191  0.129 -0.136 -0.249 -0.414 -0.426 -0.360 -0.295 -0.190  0.087  0.372  0.358  0.325
  0.274  0.071 -0.055 -0.308 -0.439 -0.478 -0.344 -0.153 -0.168 -0.138 -0.387 -0.466 -0.451 -0.318 -0.160  0.115  0.374  0.643  0.780  1.000  0.793  0.494  0.194  0.071  0.133 -0.102 -0.252 -0.224 -0.298 -0.411 -0.392 -0.372 -0.392 -0.433 -0.429 -0.396 -0.329 -0.295 -0.234 -0.278 -0.318 -0.266 -0.276 -0.244 -0.160 -0.095 -0.112 -0.136 -0.146 -0.075  0.006  0.047  0.233  0.412  0.631  0.617  0.678  0.569  0.398  0.444  0.342  0.245  0.209  0.031  0.002 -0.218 -0.263 -0.395 -0.375 -0.307 -0.235 -0.161  0.048  0.278  0.245  0.228
  0.167 -0.042 -0.134 -0.340 -0.379 -0.391 -0.269 -0.140 -0.160 -0.120 -0.316 -0.396 -0.359 -0.278 -0.097  0.120  0.425  0.588  0.578  0.793  1.000  0.744  0.435  0.317  0.378  0.126 -0.021 -0.003 -0.133 -0.245 -0.236 -0.261 -0.303 -0.331 -0.299 -0.259 -0.186 -0.149 -0.121 -0.153 -0.162 -0.168 -0.168 -0.171 -0.137 -0.086 -0.077 -0.074 -0.054  0.022  0.146  0.255  0.399  0.502  0.649  0.530  0.472  0.405  0.224  0.214  0.160  0.079  0.053 -0.114 -0.142 -0.277 -0.271 -0.319 -0.263 -0.210 -0.155 -0.113 -0.020  0.118  0.066  0.068
 -0.164 -0.340 -0.368 -0.455 -0.308 -0.258 -0.148 -0.107 -0.111 -0.069 -0.251 -0.356 -0.346 -0.403 -0.244 -0.151  0.087  0.204  0.264  0.494  0.744  1.000  0.783  0.649  0.667  0.453  0.285  0.266  0.086 -0.009 -0.019 -0.108 -0.181 -0.189 -0.119 -0.052  0.042  0.092  0.084  0.087  0.112  0.071  0.116  0.094  0.069  0.030  0.092  0.136  0.228  0.346  0.500  0.621  0.703  0.739  0.696  0.474  0.332  0.405  0.250  0.130  0.058 -0.089 -0.210 -0.351 -0.280 -0.285 -0.158 -0.090  0.004  0.019  0.029 -0.024 -0.159 -0.182 -0.252 -0.221
 -0.359 -0.444 -0.411 -0.385 -0.139 -0.087 -0.034 -0.102 -0.078 -0.029 -0.124 -0.191 -0.169 -0.300 -0.204 -0.247 -0.109 -0.083 -0.021  0.194  0.435  0.783  1.000  0.833  0.686  0.604  0.568  0.464  0.227  0.191  0.180  0.036 -0.052 -0.021  0.067  0.149  0.253  0.326  0.284  0.271  0.341  0.270  0.360  0.310  0.243  0.139  0.238  0.320  0.458  0.573  0.679  0.782  0.694  0.645  0.495  0.284  0.083  0.227  0.171 -0.024 -0.067 -0.226 -0.366 -0.428 -0.318 -0.201 -0.029  0.123  0.228  0.216  0.171  0.058 -0.270 -0.417 -0.485 -0.443
 -0.409 -0.467 -0.410 -0.353 -0.062 -0.014  0.018 -0.062 -0.038  0.003 -0.047 -0.110 -0.084 -0.253 -0.160 -0.250 -0.134 -0.157 -0.132  0.071  0.317  0.649  0.833  1.000  0.820  0.624  0.703  0.661  0.399  0.356  0.358  0.222  0.131  0.148  0.232  0.271  0.321  0.369  0.285  0.302  0.405  0.225  0.315  0.283  0.202  0.134  0.231  0.296  0.413  0.500  0.639  0.793  0.711  0.548  0.361  0.120 -0.076  0.080  0.028 -0.190 -0.218 -0.342 -0.448 -0.485 -0.387 -0.218 -0.015  0.150  0.276  0.221  0.193  0.050 -0.281 -0.476 -0.529 -0.475
 -0.292 -0.373 -0.394 -0.369 -0.137 -0.079 -0.027 -0.061 -0.057  0.003 -0.087 -0.148 -0.120 -0.240 -0.136 -0.178 -0.061 -0.041 -0.047  0.133  0.378  0.667  0.686  0.820  1.000  0.746  0.591  0.643  0.477  0.338  0.305  0.221  0.129  0.108  0.174  0.196  0.234  0.261  0.205  0.229  0.298  0.145  0.190  0.129  0.039 -0.009  0.060  0.123  0.223  0.301  0.447  0.609  0.581  0.435  0.312  0.095 -0.062  0.033 -0.052 -0.202 -0.228 -0.309 -0.389 -0.444 -0.402 -0.293 -0.132  0.022  0.158  0.141  0.131  0.042 -0.171 -0.326 -0.376 -0.324
 -0.362 -0.368 -0.353 -0.273 -0.021  0.029  0.063 -0.053 -0.045  0.002  0.018 -0.020  0.027 -0.114 -0.061 -0.202 -0.173 -0.220 -0.228 -0.102  0.126  0.453  0.604  0.624  0.746  1.000  0.756  0.657  0.616  0.531  0.428  0.339  0.240  0.208  0.263  0.278  0.336  0.396  0.327  0.299  0.360  0.268  0.326  0.221  0.105  0.015  0.098  0.159  0.256  0.299  0.356  0.487  0.397  0.244  0.075 -0.088 -0.235 -0.127 -0.143 -0.282 -0.299 -0.355 -0.428 -0.418 -0.367 -0.209 -0.064  0.122  0.222  0.196  0.163  0.087 -0.197 -0.389 -0.422 -0.359
 -0.505 -0.461 -0.377 -0.232  0.113  0.157  0.165 -0.012  0.009  0.038  0.140  0.090  0.119 -0.090 -0.060 -0.271 -0.271 -0.386 -0.394 -0.252 -0.021  0.285  0.568  0.703  0.591  0.756  1.000  0.856  0.646  0.698  0.683  0.502  0.387  0.430  0.508  0.527  0.572  0.637  0.522  0.471  0.571  0.393  0.446  0.345  0.203  0.117  0.222  0.274  0.384  0.399  0.449  0.572  0.421  0.208 -0.006 -0.196 -0.375 -0.217 -0.195 -0.392 -0.396 -0.468 -0.546 -0.500 -0.406 -0.152  0.048  0.278  0.405  0.339  0.289  0.137 -0.294 -0.586 -0.628 -0.564
 -0.459 -0.447 -0.384 -0.263  0.063  0.094  0.122 -0.017 -0.007  0.033  0.123  0.058  0.085 -0.117 -0.078 -0.253 -0.234 -0.326 -0.358 -0.224 -0.003  0.266  0.464  0.661  0.643  0.657  0.856  1.000  0.792  0.719  0.759  0.648  0.504  0.492  0.582  0.552  0.550  0.565  0.442  0.421  0.499  0.296  0.309  0.200  0.059  0.026  0.107  0.147  0.252  0.267  0.364  0.487  0.385  0.172 -0.016 -0.208 -0.360 -0.229 -0.241 -0.417 -0.426 -0.482 -0.543 -0.521 -0.466 -0.242 -0.047  0.163  0.326  0.266  0.233  0.106 -0.238 -0.491 -0.532 -0.481
 -0.376 -0.337 -0.273 -0.155  0.103  0.112  0.097 -0.041 -0.036  0.023  0.149  0.127  0.147 -0.022 -0.015 -0.207 -0.231 -0.324 -0.370 -0.298 -0.133  0.086  0.227  0.399  0.477  0.616  0.646  0.792  1.000  0.835  0.726  0.768  0.684  0.567  0.577  0.467  0.378  0.366  0.238  0.248  0.332  0.145  0.151  0.046 -0.072 -0.065 -0.013  0.004  0.072  0.066  0.141  0.257  0.182 -0.015 -0.175 -0.316 -0.414 -0.321 -0.332 -0.445 -0.444 -0.444 -0.457 -0.399 -0.386 -0.189 -0.065  0.086  0.201  0.124  0.106  0.039 -0.166 -0.328 -0.322 -0.268
 -0.461 -0.367 -0.278 -0.098  0.212  0.245  0.201  0.007  0.012  0.054  0.242  0.217  0.226  0.019 -0.012 -0.262 -0.315 -0.444 -0.478 -0.411 -0.245 -0.009  0.191  0.356  0.338  0.531  0.698  0.719  0.835  1.000  0.880  0.782  0.753  0.748  0.739  0.671  0.558  0.531  0.401  0.427  0.506  0.286  0.283  0.181  0.030 -0.002  0.081  0.083  0.156  0.122  0.162  0.261  0.152 -0.053 -0.246 -0.380 -0.484 -0.365 -0.350 -0.479 -0.475 -0.489 -0.514 -0.412 -0.356 -0.108  0.036  0.233  0.352  0.292  0.246  0.140 -0.228 -0.485 -0.493 -0.438
 -0.466 -0.395 -0.313 -0.150  0.162  0.198  0.196  0.030  0.026  0.054  0.231  0.172  0.180 -0.029 -0.049 -0.278 -0.312 -0.433 -0.464 -0.392 -0.236 -0.019  0.180  0.358  0.305  0.428  0.683  0.759  0.726  0.880  1.000  0.846  0.732  0.777  0.837  0.780  0.706  0.654  0.526  0.519  0.536  0.335  0.298  0.180  0.013 -0.009  0.084  0.082  0.169  0.135  0.186  0.265  0.166 -0.031 -0.219 -0.357 -0.451 -0.332 -0.318 -0.453 -0.465 -0.498 -0.540 -0.465 -0.408 -0.165 -0.005  0.210  0.355  0.325  0.288  0.165 -0.225 -0.515 -0.538 -0.494
 -0.347 -0.286 -0.227 -0.106  0.122  0.127  0.105 -0.026 -0.014  0.033  0.195  0.168  0.174  0.008 -0.014 -0.204 -0.256 -0.357 -0.404 -0.372 -0.261 -0.108  0.036  0.222  0.221  0.339  0.502  0.648  0.768  0.782  0.846  1.000  0.877  0.754  0.768  0.589  0.434  0.384  0.245  0.254  0.304  0.116  0.092  0.004 -0.113 -0.067 -0.015 -0.027  0.022 -0.023  0.029  0.120  0.049 -0.130 -0.276 -0.377 -0.428 -0.348 -0.348 -0.432 -0.436 -0.430 -0.426 -0.353 -0.354 -0.166 -0.061  0.071  0.178  0.113  0.106  0.034 -0.165 -0.307 -0.285 -0.245
 -0.281 -0.184 -0.127  0.001  0.184  0.190  0.089 -0.038 -0.020  0.044  0.226  0.237  0.230  0.091  0.036 -0.155 -0.233 -0.348 -0.397 -0.392 -0.303 -0.181 -0.052  0.131  0.129  0.240  0.387  0.504  0.684  0.753  0.732  0.877  1.000  0.861  0.752  0.572  0.308  0.242  0.120  0.164  0.246  0.035  0.019 -0.033 -0.121 -0.083 -0.043 -0.049 -0.027 -0.085 -0.044  0.052 -0.026 -0.196 -0.327 -0.403 -0.437 -0.375 -0.375 -0.438 -0.424 -0.388 -0.350 -0.246 -0.258 -0.086 -0.018  0.076  0.160  0.084  0.067  0.006 -0.145 -0.258 -0.220 -0.184
 -0.333 -0.214 -0.152  0.010  0.218  0.243  0.139  0.007  0.008  0.056  0.268  0.260  0.249  0.090  0.016 -0.190 -0.278 -0.407 -0.439 -0.433 -0.331 -0.189 -0.021  0.148  0.108  0.208  0.430  0.492  0.567  0.748  0.777  0.754  0.861  1.000  0.905  0.791  0.531  0.427  0.325  0.361  0.413  0.178  0.139  0.066 -0.059 -0.051  0.011  0.006  0.046 -0.015  0.010  0.087 -0.014 -0.189 -0.331 -0.412 -0.462 -0.386 -0.371 -0.456 -0.432 -0.407 -0.394 -0.283 -0.254 -0.063  0.027  0.170  0.280  0.257  0.224  0.129 -0.160 -0.390 -0.382 -0.347
 -0.410 -0.317 -0.252 -0.080  0.191  0.222  0.177  0.038  0.028  0.046  0.246  0.217  0.215  0.022 -0.040 -0.241 -0.312 -0.439 -0.464 -0.429 -0.299 -0.119  0.067  0.232  0.174  0.263  0.508  0.582  0.577  0.739  0.837  0.768  0.752  0.905  1.000  0.901  0.706  0.581  0.476  0.513  0.527  0.301  0.243  0.140 -0.025 -0.032  0.046  0.045  0.122  0.069  0.101  0.170  0.062 -0.124 -0.286 -0.384 -0.461 -0.361 -0.344 -0.463 -0.449 -0.456 -0.476 -0.389 -0.339 -0.129  0.004  0.208  0.367  0.362  0.330  0.210 -0.164 -0.470 -0.494 -0.459
 -0.451 -0.358 -0.292 -0.121  0.178  0.227  0.197  0.061  0.036  0.036  0.211  0.169  0.165 -0.033 -0.086 -0.283 -0.339 -0.448 -0.449 -0.396 -0.259 -0.052  0.149  0.271  0.196  0.278  0.527  0.552  0.467  0.671  0.780  0.589  0.572  0.791  0.901  1.000  0.843  0.688  0.591  0.636  0.622  0.427  0.359  0.251  0.070  0.014  0.106  0.119  0.211  0.172  0.192  0.234  0.123 -0.041 -0.213 -0.313 -0.409 -0.299 -0.271 -0.404 -0.400 -0.443 -0.501 -0.425 -0.331 -0.126  0.031  0.281  0.442  0.475  0.424  0.287 -0.159 -0.538 -0.588 -0.561
 -0.484 -0.423 -0.353 -0.205  0.114  0.175  0.202  0.081  0.051  0.038  0.165  0.092  0.092 -0.116 -0.138 -0.315 -0.342 -0.429 -0.411 -0.329 -0.186  0.042  0.253  0.321  0.234  0.336  0.572  0.550  0.378  0.558  0.706  0.434  0.308  0.531  0.706  0.843  1.000  0.880  0.751  0.723  0.632  0.530  0.447  0.310  0.121  0.052  0.150  0.162  0.278  0.271  0.294  0.295  0.193  0.057 -0.119 -0.234 -0.341 -0.220 -0.180 -0.315 -0.336 -0.425 -0.515 -0.468 -0.362 -0.159  0.017  0.282  0.443  0.494  0.448  0.309 -0.155 -0.553 -0.624 -0.596
 -0.505 -0.456 -0.388 -0.234  0.100  0.165  0.245  0.111  0.080  0.044  0.163  0.077  0.081 -0.140 -0.142 -0.316 -0.339 -0.425 -0.394 -0.295 -0.149  0.092  0.326  0.369  0.261  0.396  0.637  0.565  0.366  0.531  0.654  0.384  0.242  0.427  0.581  0.688  0.880  1.000  0.854  0.694  0.657  0.589  0.518  0.371  0.182  0.092  0.195  0.211  0.328  0.335  0.353  0.346  0.239  0.118 -0.063 -0.190 -0.309 -0.176 -0.127 -0.277 -0.310 -0.423 -0.522 -0.474 -0.366 -0.152  0.037  0.305  0.436  0.471  0.405  0.253 -0.215 -0.582 -0.647 -0.609
 -0.450 -0.406 -0.357 -0.213  0.079  0.148  0.248  0.125  0.090  0.061  0.148  0.049  0.051 -0.128 -0.136 -0.283 -0.303 -0.358 -0.326 -0.234 -0.121  0.084  0.284  0.285  0.205  0.327  0.522  0.442  0.238  0.401  0.526  0.245  0.120  0.325  0.476  0.591  0.751  0.854  1.000  0.796  0.699  0.670  0.551  0.390  0.187  0.067  0.176  0.191  0.326  0.324  0.327  0.285  0.196  0.120 -0.036 -0.143 -0.238 -0.117 -0.065 -0.206 -0.250 -0.364 -0.456 -0.416 -0.317 -0.127  0.044  0.312  0.451  0.535  0.498  0.351 -0.155 -0.544 -0.646 -0.628
 -0.498 -0.427 -0.381 -0.202  0.144  0.233  0.252  0.099  0.075  0.075  0.167  0.083  0.063 -0.140 -0.171 -0.335 -0.351 -0.404 -0.360 -0.278 -0.153  0.087  0.271  0.302  0.229  0.299  0.471  0.421  0.248  0.427  0.519  0.254  0.164  0.361  0.513  0.636  0.723  0.694  0.796  1.000  0.843  0.753  0.613  0.455  0.220  0.075  0.186  0.217  0.370  0.361  0.352  0.309  0.217  0.132 -0.044 -0.152 -0.268 -0.134 -0.083 -0.231 -0.256 -0.387 -0.497 -0.451 -0.321 -0.112  0.096  0.393  0.598  0.707  0.718  0.577 -0.116 -0.596 -0.712 -0.699
 -0.547 -0.468 -0.392 -0.163  0.224  0.318  0.323  0.120  0.093  0.075  0.201  0.143  0.120 -0.125 -0.157 -0.358 -0.387 -0.465 -0.410 -0.318 -0.162  0.112  0.341  0.405  0.298  0.360  0.571  0.499  0.332  0.506  0.536  0.304  0.246  0.413  0.527  0.622  0.632  0.657  0.699  0.843  1.000  0.776  0.683  0.540  0.286  0.115  0.245  0.292  0.452  0.438  0.426  0.399  0.279  0.168 -0.039 -0.166 -0.313 -0.144 -0.087 -0.277 -0.285 -0.417 -0.535 -0.464 -0.305 -0.060  0.185  0.513  0.711  0.756  0.684  0.482 -0.236 -0.675 -0.767 -0.739
 -0.489 -0.415 -0.364 -0.148  0.217  0.299  0.338  0.128  0.112  0.074  0.172  0.117  0.104 -0.126 -0.156 -0.334 -0.370 -0.418 -0.347 -0.266 -0.168  0.071  0.270  0.225  0.145  0.268  0.393  0.296  0.145  0.286  0.335  0.116  0.035  0.178  0.301  0.427  0.530  0.589  0.670  0.753  0.776  1.000  0.835  0.622  0.343  0.098  0.222  0.278  0.451  0.454  0.380  0.269  0.176  0.151 -0.028 -0.117 -0.224 -0.090 -0.011 -0.146 -0.169 -0.322 -0.441 -0.378 -0.224 -0.005  0.214  0.518  0.687  0.785  0.654  0.513 -0.146 -0.571 -0.678 -0.667
 -0.518 -0.450 -0.360 -0.136  0.231  0.322  0.354  0.127  0.122  0.052  0.153  0.120  0.103 -0.143 -0.186 -0.367 -0.403 -0.459 -0.372 -0.276 -0.168  0.116  0.360  0.315  0.190  0.326  0.446  0.309  0.151  0.283  0.298  0.092  0.019  0.139  0.243  0.359  0.447  0.518  0.551  0.613  0.683  0.835  1.000  0.819  0.536  0.224  0.355  0.416  0.593  0.592  0.494  0.387  0.253  0.214  0.011 -0.093 -0.225 -0.055  0.036 -0.143 -0.163 -0.317 -0.433 -0.366 -0.193  0.050  0.313  0.636  0.704  0.701  0.539  0.362 -0.234 -0.614 -0.694 -0.661
 -0.471 -0.408 -0.299 -0.079  0.242  0.331  0.329  0.127  0.136  0.041  0.099  0.097  0.062 -0.169 -0.230 -0.396 -0.410 -0.430 -0.323 -0.244 -0.171  0.094  0.310  0.283  0.129  0.221  0.345  0.200  0.046  0.181  0.180  0.004 -0.033  0.066  0.140  0.251  0.310  0.371  0.390  0.455  0.540  0.622  0.819  1.000  0.801  0.439  0.558  0.614  0.661  0.582  0.479  0.381  0.268  0.230  0.037 -0.045 -0.161 -0.003  0.095 -0.068 -0.060 -0.194 -0.317 -0.252 -0.055  0.162  0.431  0.704  0.629  0.579  0.418  0.233 -0.277 -0.580 -0.649 -0.614
 -0.336 -0.297 -0.192 -0.040  0.153  0.222  0.199  0.073  0.080 -0.017  0.001  0.030  0.008 -0.162 -0.220 -0.329 -0.336 -0.327 -0.202 -0.160 -0.137  0.069  0.243  0.202  0.039  0.105  0.203  0.059 -0.072  0.030  0.013 -0.113 -0.121 -0.059 -0.025  0.070  0.121  0.182  0.187  0.220  0.286  0.343  0.536  0.801  1.000  0.687  0.613  0.631  0.539  0.509  0.417  0.323  0.221  0.207  0.065  0.021 -0.066  0.050  0.151  0.039  0.075  0.002 -0.136 -0.104  0.103  0.249  0.426  0.545  0.400  0.321  0.184  0.043 -0.252 -0.408 -0.452 -0.425
 -0.205 -0.182 -0.108 -0.025  0.060  0.097  0.085  0.026  0.038 -0.031 -0.037 -0.024 -0.019 -0.122 -0.151 -0.222 -0.200 -0.194 -0.123 -0.095 -0.086  0.030  0.139  0.134 -0.009  0.015  0.117  0.026 -0.065 -0.002 -0.009 -0.067 -0.083 -0.051 -0.032  0.014  0.052  0.092  0.067  0.075  0.115  0.098  0.224  0.439  0.687  1.000  0.703  0.513  0.316  0.289  0.269  0.225  0.161  0.130  0.041 -0.003 -0.053  0.028  0.089  0.022  0.051  0.029 -0.078 -0.076  0.042  0.125  0.262  0.311  0.177  0.086  0.022 -0.078 -0.204 -0.259 -0.263 -0.248
 -0.301 -0.268 -0.192 -0.089  0.070  0.111  0.129  0.051  0.072 -0.007 -0.005 -0.016 -0.029 -0.157 -0.175 -0.282 -0.259 -0.256 -0.176 -0.112 -0.077  0.092  0.238  0.231  0.060  0.098  0.222  0.107 -0.013  0.081  0.084 -0.015 -0.043  0.011  0.046  0.106  0.150  0.195  0.176  0.186  0.245  0.222  0.355  0.558  0.613  0.703  1.000  0.761  0.541  0.397  0.339  0.303  0.237  0.201  0.073  0.015 -0.057  0.057  0.126  0.010  0.003 -0.069 -0.181 -0.162 -0.038  0.072  0.233  0.369  0.274  0.215  0.128  0.005 -0.285 -0.389 -0.406 -0.389
 -0.342 -0.314 -0.211 -0.092  0.093  0.127  0.105 -0.004  0.050  0.029  0.006  0.005 -0.010 -0.156 -0.182 -0.301 -0.281 -0.290 -0.222 -0.136 -0.074  0.136  0.320  0.296  0.123  0.159  0.274  0.147  0.004  0.083  0.082 -0.027 -0.049  0.006  0.045  0.119  0.162  0.211  0.191  0.217  0.292  0.278  0.416  0.614  0.631  0.513  0.761  1.000  0.765  0.568  0.447  0.387  0.272  0.238  0.084  0.005 -0.086  0.052  0.143 -0.001 -0.009 -0.100 -0.214 -0.190 -0.053  0.094  0.259  0.370  0.316  0.271  0.174  0.056 -0.301 -0.410 -0.454 -0.434
 -0.464 -0.431 -0.308 -0.158  0.117  0.170  0.153  0.012  0.068  0.066  0.050  0.011 -0.017 -0.217 -0.236 -0.374 -0.336 -0.349 -0.238 -0.146 -0.054  0.228  0.458  0.413  0.223  0.256  0.384  0.252  0.072  0.156  0.169  0.022 -0.027  0.046  0.122  0.211  0.278  0.328  0.326  0.370  0.452  0.451  0.593  0.661  0.539  0.316  0.541  0.765  1.000  0.802  0.633  0.528  0.382  0.364  0.169  0.065 -0.066  0.123  0.224  0.020 -0.010 -0.173 -0.331 -0.300 -0.123  0.070  0.270  0.437  0.453  0.429  0.324  0.182 -0.307 -0.527 -0.603 -0.579
 -0.461 -0.456 -0.358 -0.243  0.036  0.093  0.088 -0.023  0.019  0.021 -0.015 -0.079 -0.103 -0.296 -0.294 -0.386 -0.335 -0.336 -0.193 -0.075  0.022  0.346  0.573  0.500  0.301  0.299  0.399  0.267  0.066  0.122  0.135 -0.023 -0.085 -0.015  0.069  0.172  0.271  0.335  0.324  0.361  0.438  0.454  0.592  0.582  0.509  0.289  0.397  0.568  0.802  1.000  0.844  0.677  0.497  0.511  0.292  0.167  0.016  0.225  0.307  0.087  0.049 -0.141 -0.339 -0.342 -0.151  0.020  0.230  0.360  0.414  0.398  0.301  0.152 -0.298 -0.502 -0.576 -0.542
 -0.475 -0.524 -0.421 -0.344 -0.039  0.031  0.038 -0.053  0.002  0.020 -0.057 -0.152 -0.178 -0.379 -0.331 -0.403 -0.302 -0.286 -0.144  0.006  0.146  0.500  0.679  0.639  0.447  0.356  0.449  0.364  0.141  0.162  0.186  0.029 -0.044  0.010  0.101  0.192  0.294  0.353  0.327  0.352  0.426  0.380  0.494  0.479  0.417  0.269  0.339  0.447  0.633  0.844  1.000  0.855  0.715  0.682  0.432  0.241  0.067  0.297  0.317  0.062  0.010 -0.184 -0.392 -0.431 -0.233 -0.068  0.150  0.281  0.360  0.337  0.267  0.095 -0.311 -0.500 -0.567 -0.531
 -0.449 -0.511 -0.430 -0.368 -0.065  0.007  0.024 -0.054 -0.008  0.021 -0.066 -0.156 -0.152 -0.340 -0.265 -0.345 -0.227 -0.225 -0.137  0.047  0.255  0.621  0.782  0.793  0.609  0.487  0.572  0.487  0.257  0.261  0.265  0.120  0.052  0.087  0.170  0.234  0.295  0.346  0.285  0.309  0.399  0.269  0.387  0.381  0.323  0.225  0.303  0.387  0.528  0.677  0.855  1.000  0.841  0.693  0.449  0.213  0.007  0.218  0.173 -0.083 -0.123 -0.278 -0.441 -0.478 -0.321 -0.143  0.069  0.213  0.306  0.258  0.208  0.044 -0.315 -0.494 -0.555 -0.508
 -0.378 -0.495 -0.426 -0.426 -0.164 -0.103 -0.043 -0.060 -0.035 -0.015 -0.155 -0.283 -0.287 -0.446 -0.324 -0.339 -0.159 -0.084  0.034  0.233  0.399  0.703  0.694  0.711  0.581  0.397  0.421  0.385  0.182  0.152  0.166  0.049 -0.026 -0.014  0.062  0.123  0.193  0.239  0.196  0.217  0.279  0.176  0.253  0.268  0.221  0.161  0.237  0.272  0.382  0.497  0.715  0.841  1.000  0.849  0.629  0.385  0.221  0.404  0.287  0.070 -0.012 -0.193 -0.361 -0.449 -0.294 -0.199 -0.002  0.096  0.179  0.154  0.140  0.006 -0.262 -0.373 -0.434 -0.396
 -0.294 -0.449 -0.401 -0.457 -0.259 -0.200 -0.115 -0.091 -0.070 -0.052 -0.248 -0.389 -0.416 -0.529 -0.402 -0.338 -0.110  0.037  0.214  0.412  0.502  0.739  0.645  0.548  0.435  0.244  0.208  0.172 -0.015 -0.053 -0.031 -0.130 -0.196 -0.189 -0.124 -0.041  0.057  0.118  0.120  0.132  0.168  0.151  0.214  0.230  0.207  0.130  0.201  0.238  0.364  0.511  0.682  0.693  0.849  1.000  0.839  0.616  0.485  0.648  0.512  0.319  0.203 -0.028 -0.221 -0.346 -0.181 -0.182 -0.025  0.025  0.091  0.099  0.103  0.004 -0.217 -0.260 -0.328 -0.308
 -0.077 -0.266 -0.276 -0.421 -0.363 -0.332 -0.228 -0.131 -0.130 -0.107 -0.338 -0.464 -0.480 -0.498 -0.350 -0.184  0.083  0.288  0.471  0.631  0.649  0.696  0.495  0.361  0.312  0.075 -0.006 -0.016 -0.175 -0.246 -0.219 -0.276 -0.327 -0.331 -0.286 -0.213 -0.119 -0.063 -0.036 -0.044 -0.039 -0.028  0.011  0.037  0.065  0.041  0.073  0.084  0.169  0.292  0.432  0.449  0.629  0.839  1.000  0.828  0.706  0.761  0.583  0.479  0.366  0.135 -0.028 -0.189 -0.069 -0.183 -0.118 -0.147 -0.102 -0.071 -0.034 -0.062 -0.129 -0.052 -0.107 -0.099
  0.079 -0.079 -0.128 -0.298 -0.374 -0.352 -0.259 -0.127 -0.145 -0.153 -0.372 -0.438 -0.458 -0.413 -0.296 -0.101  0.136  0.355  0.582  0.617  0.530  0.474  0.284  0.120  0.095 -0.088 -0.196 -0.208 -0.316 -0.380 -0.357 -0.377 -0.403 -0.412 -0.384 -0.313 -0.234 -0.190 -0.143 -0.152 -0.166 -0.117 -0.093 -0.045  0.021 -0.003  0.015  0.005  0.065  0.167  0.241  0.213  0.385  0.616  0.828  1.000  0.838  0.777  0.693  0.661  0.598  0.342  0.177  0.003  0.103 -0.100 -0.117 -0.192 -0.196 -0.145 -0.100 -0.077 -0.057  0.078  0.034  0.025
  0.206  0.034 -0.036 -0.260 -0.433 -0.441 -0.330 -0.136 -0.153 -0.133 -0.411 -0.499 -0.527 -0.416 -0.303 -0.052  0.169  0.443  0.656  0.678  0.472  0.332  0.083 -0.076 -0.062 -0.235 -0.375 -0.360 -0.414 -0.484 -0.451 -0.428 -0.437 -0.462 -0.461 -0.409 -0.341 -0.309 -0.238 -0.268 -0.313 -0.224 -0.225 -0.161 -0.066 -0.053 -0.057 -0.086 -0.066  0.016  0.067  0.007  0.221  0.485  0.706  0.838  1.000  0.875  0.724  0.773  0.619  0.418  0.312  0.138  0.184 -0.078 -0.143 -0.297 -0.328 -0.261 -0.190 -0.126  0.029  0.236  0.218  0.193
  0.008 -0.159 -0.139 -0.311 -0.375 -0.364 -0.268 -0.136 -0.129 -0.102 -0.371 -0.484 -0.527 -0.507 -0.405 -0.222 -0.000  0.260  0.495  0.569  0.405  0.405  0.227  0.080  0.033 -0.127 -0.217 -0.229 -0.321 -0.365 -0.332 -0.348 -0.375 -0.386 -0.361 -0.299 -0.220 -0.176 -0.117 -0.134 -0.144 -0.090 -0.055 -0.003  0.050  0.028  0.057  0.052  0.123  0.225  0.297  0.218  0.404  0.648  0.761  0.777  0.875  1.000  0.851  0.751  0.550  0.310  0.169  0.011  0.108 -0.069 -0.060 -0.166 -0.174 -0.128 -0.075 -0.076 -0.071  0.058  0.033  0.021
 -0.022 -0.121 -0.075 -0.217 -0.293 -0.276 -0.209 -0.114 -0.112 -0.125 -0.316 -0.385 -0.433 -0.427 -0.372 -0.247 -0.090  0.135  0.362  0.398  0.224  0.250  0.171  0.028 -0.052 -0.143 -0.195 -0.241 -0.332 -0.350 -0.318 -0.348 -0.375 -0.371 -0.344 -0.271 -0.180 -0.127 -0.065 -0.083 -0.087 -0.011  0.036  0.095  0.151  0.089  0.126  0.143  0.224  0.307  0.317  0.173  0.287  0.512  0.583  0.693  0.724  0.851  1.000  0.833  0.687  0.392  0.220  0.075  0.187  0.010  0.016 -0.060 -0.091 -0.047 -0.021 -0.036 -0.087 -0.010 -0.033 -0.042
  0.166  0.069  0.056 -0.123 -0.319 -0.325 -0.251 -0.116 -0.126 -0.132 -0.340 -0.379 -0.423 -0.331 -0.288 -0.120  0.011  0.251  0.452  0.444  0.214  0.130 -0.024 -0.190 -0.202 -0.282 -0.392 -0.417 -0.445 -0.479 -0.453 -0.432 -0.438 -0.456 -0.463 -0.404 -0.315 -0.277 -0.206 -0.231 -0.277 -0.146 -0.143 -0.068  0.039  0.022  0.010 -0.001  0.020  0.087  0.062 -0.083  0.070  0.319  0.479  0.661  0.773  0.751  0.833  1.000  0.828  0.536  0.390  0.230  0.291  0.042 -0.028 -0.178 -0.259 -0.198 -0.147 -0.085  0.020  0.199  0.179  0.159
  0.221  0.174  0.126 -0.055 -0.269 -0.265 -0.225 -0.092 -0.133 -0.192 -0.335 -0.311 -0.350 -0.236 -0.206 -0.046  0.055  0.236  0.390  0.342  0.160  0.058 -0.067 -0.218 -0.228 -0.299 -0.396 -0.426 -0.444 -0.475 -0.465 -0.436 -0.424 -0.432 -0.449 -0.400 -0.336 -0.310 -0.250 -0.256 -0.285 -0.169 -0.163 -0.060  0.075  0.051  0.003 -0.009 -0.010  0.049  0.010 -0.123 -0.012  0.203  0.366  0.598  0.619  0.550  0.687  0.828  1.000  0.754  0.522  0.323  0.430  0.118  0.020 -0.118 -0.225 -0.176 -0.142 -0.075  0.036  0.204  0.183  0.160
  0.435  0.381  0.288  0.044 -0.272 -0.308 -0.269 -0.106 -0.145 -0.200 -0.326 -0.263 -0.280 -0.084 -0.056  0.150  0.191  0.302  0.359  0.245  0.079 -0.089 -0.226 -0.342 -0.309 -0.355 -0.468 -0.482 -0.444 -0.489 -0.498 -0.430 -0.388 -0.407 -0.456 -0.443 -0.425 -0.423 -0.364 -0.387 -0.417 -0.322 -0.317 -0.194  0.002  0.029 -0.069 -0.100 -0.173 -0.141 -0.184 -0.278 -0.193 -0.028  0.135  0.342  0.418  0.310  0.392  0.536  0.754  1.000  0.761  0.516  0.555  0.162 -0.043 -0.213 -0.343 -0.306 -0.256 -0.147  0.122  0.360  0.357  0.326
  0.651  0.603  0.516  0.257 -0.191 -0.278 -0.292 -0.150 -0.183 -0.182 -0.298 -0.180 -0.163  0.123  0.168  0.402  0.381  0.418  0.356  0.209  0.053 -0.210 -0.366 -0.448 -0.389 -0.428 -0.546 -0.543 -0.457 -0.514 -0.540 -0.426 -0.350 -0.394 -0.476 -0.501 -0.515 -0.522 -0.456 -0.497 -0.535 -0.441 -0.433 -0.317 -0.136 -0.078 -0.181 -0.214 -0.331 -0.339 -0.392 -0.441 -0.361 -0.221 -0.028  0.177  0.312  0.169  0.220  0.390  0.522  0.761  1.000  0.805  0.608  0.254 -0.041 -0.273 -0.428 -0.405 -0.353 -0.214  0.170  0.470  0.492  0.460
  0.568  0.633  0.629  0.490  0.024 -0.081 -0.213 -0.156 -0.170 -0.112 -0.138  0.016  0.024  0.303  0.283  0.386  0.267  0.250  0.191  0.031 -0.114 -0.351 -0.428 -0.485 -0.444 -0.418 -0.500 -0.521 -0.399 -0.412 -0.465 -0.353 -0.246 -0.283 -0.389 -0.425 -0.468 -0.474 -0.416 -0.451 -0.464 -0.378 -0.366 -0.252 -0.104 -0.076 -0.162 -0.190 -0.300 -0.342 -0.431 -0.478 -0.449 -0.346 -0.189  0.003  0.138  0.011  0.075  0.230  0.323  0.516  0.805  1.000  0.765  0.486  0.129 -0.144 -0.330 -0.324 -0.298 -0.175  0.143  0.382  0.433  0.405
  0.310  0.387  0.467  0.433  0.121  0.060 -0.103 -0.101 -0.143 -0.132 -0.113  0.034 -0.008  0.146  0.085  0.100  0.044  0.074  0.129  0.002 -0.142 -0.280 -0.318 -0.387 -0.402 -0.367 -0.406 -0.466 -0.386 -0.356 -0.408 -0.354 -0.258 -0.254 -0.339 -0.331 -0.362 -0.366 -0.317 -0.321 -0.305 -0.224 -0.193 -0.055  0.103  0.042 -0.038 -0.053 -0.123 -0.151 -0.233 -0.321 -0.294 -0.181 -0.069  0.103  0.184  0.108  0.187  0.291  0.430  0.555  0.608  0.765  1.000  0.679  0.345  0.073 -0.130 -0.147 -0.148 -0.087  0.077  0.211  0.235  0.204
  0.049  0.158  0.373  0.607  0.449  0.398  0.105 -0.086 -0.039  0.052  0.121  0.238  0.194  0.227  0.121 -0.004 -0.108 -0.175 -0.136 -0.218 -0.277 -0.285 -0.201 -0.218 -0.293 -0.209 -0.152 -0.242 -0.189 -0.108 -0.165 -0.166 -0.086 -0.063 -0.129 -0.126 -0.159 -0.152 -0.127 -0.112 -0.060 -0.005  0.050  0.162  0.249  0.125  0.072  0.094  0.070  0.020 -0.068 -0.143 -0.199 -0.182 -0.183 -0.100 -0.078 -0.069  0.010  0.042  0.118  0.162  0.254  0.486  0.679  1.000  0.704  0.335  0.118  0.055 -0.010 -0.017 -0.073 -0.077 -0.038 -0.044
 -0.193 -0.081  0.152  0.448  0.593  0.533  0.252  0.014  0.060  0.096  0.167  0.237  0.205  0.080 -0.003 -0.182 -0.248 -0.310 -0.249 -0.263 -0.271 -0.158 -0.029 -0.015 -0.132 -0.064  0.048 -0.047 -0.065  0.036 -0.005 -0.061 -0.018  0.027  0.004  0.031  0.017  0.037  0.044  0.096  0.185  0.214  0.313  0.431  0.426  0.262  0.233  0.259  0.270  0.230  0.150  0.069 -0.002 -0.025 -0.118 -0.117 -0.143 -0.060  0.016 -0.028  0.020 -0.043 -0.041  0.129  0.345  0.704  1.000  0.642  0.402  0.280  0.159  0.042 -0.184 -0.312 -0.301 -0.289
 -0.407 -0.276 -0.134  0.176  0.498  0.605  0.514  0.261  0.197  0.042  0.222  0.281  0.253  0.026 -0.090 -0.309 -0.385 -0.477 -0.414 -0.395 -0.319 -0.090  0.123  0.150  0.022  0.122  0.278  0.163  0.086  0.233  0.210  0.071  0.076  0.170  0.208  0.281  0.282  0.305  0.312  0.393  0.513  0.518  0.636  0.704  0.545  0.311  0.369  0.370  0.437  0.360  0.281  0.213  0.096  0.025 -0.147 -0.192 -0.297 -0.166 -0.060 -0.178 -0.118 -0.213 -0.273 -0.144  0.073  0.335  0.642  1.000  0.783  0.600  0.396  0.182 -0.232 -0.562 -0.584 -0.557
 -0.500 -0.383 -0.276  0.006  0.422  0.523  0.451  0.205  0.130  0.041  0.233  0.241  0.227 -0.034 -0.115 -0.346 -0.392 -0.480 -0.426 -0.375 -0.263  0.004  0.228  0.276  0.158  0.222  0.405  0.326  0.201  0.352  0.355  0.178  0.160  0.280  0.367  0.442  0.443  0.436  0.451  0.598  0.711  0.687  0.704  0.629  0.400  0.177  0.274  0.316  0.453  0.414  0.360  0.306  0.179  0.091 -0.102 -0.196 -0.328 -0.174 -0.091 -0.259 -0.225 -0.343 -0.428 -0.330 -0.130  0.118  0.402  0.783  1.000  0.821  0.627  0.375 -0.192 -0.619 -0.683 -0.660
 -0.452 -0.344 -0.278 -0.049  0.311  0.407  0.318  0.106  0.075  0.044  0.183  0.182  0.160 -0.062 -0.129 -0.327 -0.363 -0.426 -0.360 -0.307 -0.210  0.019  0.216  0.221  0.141  0.196  0.339  0.266  0.124  0.292  0.325  0.113  0.084  0.257  0.362  0.475  0.494  0.471  0.535  0.707  0.756  0.785  0.701  0.579  0.321  0.086  0.215  0.271  0.429  0.398  0.337  0.258  0.154  0.099 -0.071 -0.145 -0.261 -0.128 -0.047 -0.198 -0.176 -0.306 -0.405 -0.324 -0.147  0.055  0.280  0.600  0.821  1.000  0.808  0.577 -0.097 -0.579 -0.679 -0.675
 -0.397 -0.304 -0.256 -0.100  0.182  0.262  0.162  0.046 -0.017  0.008  0.114  0.088  0.054 -0.106 -0.154 -0.301 -0.317 -0.357 -0.295 -0.235 -0.155  0.029  0.171  0.193  0.131  0.163  0.289  0.233  0.106  0.246  0.288  0.106  0.067  0.224  0.330  0.424  0.448  0.405  0.498  0.718  0.684  0.654  0.539  0.418  0.184  0.022  0.128  0.174  0.324  0.301  0.267  0.208  0.140  0.103 -0.034 -0.100 -0.190 -0.075 -0.021 -0.147 -0.142 -0.256 -0.353 -0.298 -0.148 -0.010  0.159  0.396  0.627  0.808  1.000  0.812  0.079 -0.450 -0.589 -0.608
 -0.248 -0.167 -0.154 -0.051  0.103  0.152  0.069 -0.037 -0.052  0.015  0.099  0.097  0.057 -0.029 -0.081 -0.179 -0.189 -0.221 -0.190 -0.161 -0.113 -0.024  0.058  0.050  0.042  0.087  0.137  0.106  0.039  0.140  0.165  0.034  0.006  0.129  0.210  0.287  0.309  0.253  0.351  0.577  0.482  0.513  0.362  0.233  0.043 -0.078  0.005  0.056  0.182  0.152  0.095  0.044  0.006  0.004 -0.062 -0.077 -0.126 -0.076 -0.036 -0.085 -0.075 -0.147 -0.214 -0.175 -0.087 -0.017  0.042  0.182  0.375  0.577  0.812  1.000  0.208 -0.248 -0.408 -0.444
  0.220  0.223  0.123  0.027 -0.110 -0.128 -0.130 -0.012 -0.160 -0.168 -0.130 -0.059 -0.038  0.093  0.094  0.151  0.128  0.153  0.087  0.048 -0.020 -0.159 -0.270 -0.281 -0.171 -0.197 -0.294 -0.238 -0.166 -0.228 -0.225 -0.165 -0.145 -0.160 -0.164 -0.159 -0.155 -0.215 -0.155 -0.116 -0.236 -0.146 -0.234 -0.277 -0.252 -0.204 -0.285 -0.301 -0.307 -0.298 -0.311 -0.315 -0.262 -0.217 -0.129 -0.057  0.029 -0.071 -0.087  0.020  0.036  0.122  0.170  0.143  0.077 -0.073 -0.184 -0.232 -0.192 -0.097  0.079  0.208  1.000  0.476  0.248  0.130
  0.517  0.411  0.288  0.041 -0.330 -0.412 -0.392 -0.176 -0.219 -0.212 -0.327 -0.240 -0.215  0.062  0.094  0.322  0.332  0.430  0.372  0.278  0.118 -0.182 -0.417 -0.476 -0.326 -0.389 -0.586 -0.491 -0.328 -0.485 -0.515 -0.307 -0.258 -0.390 -0.470 -0.538 -0.553 -0.582 -0.544 -0.596 -0.675 -0.571 -0.614 -0.580 -0.408 -0.259 -0.389 -0.410 -0.527 -0.502 -0.500 -0.494 -0.373 -0.260 -0.052  0.078  0.236  0.058 -0.010  0.199  0.204  0.360  0.470  0.382  0.211 -0.077 -0.312 -0.562 -0.619 -0.579 -0.450 -0.248  0.476  1.000  0.813  0.666
  0.544  0.462  0.340  0.098 -0.313 -0.396 -0.412 -0.207 -0.232 -0.191 -0.292 -0.214 -0.187  0.097  0.124  0.355  0.344  0.421  0.358  0.245  0.066 -0.252 -0.485 -0.529 -0.376 -0.422 -0.628 -0.532 -0.322 -0.493 -0.538 -0.285 -0.220 -0.382 -0.494 -0.588 -0.624 -0.647 -0.646 -0.712 -0.767 -0.678 -0.694 -0.649 -0.452 -0.263 -0.406 -0.454 -0.603 -0.576 -0.567 -0.555 -0.434 -0.328 -0.107  0.034  0.218  0.033 -0.033  0.179  0.183  0.357  0.492  0.433  0.235 -0.038 -0.301 -0.584 -0.683 -0.679 -0.589 -0.408  0.248  0.813  1.000  0.913
