  1.000  0.784  0.570  0.277 -0.173 -0.300 -0.307 -0.150 -0.197 -0.134 -0.220 -0.142 -0.063  0.265  0.346  0.664  0.638  0.625  0.447  0.290  0.189 -0.173 -0.374 -0.418 -0.296 -0.360 -0.501 -0.459 -0.383 -0.461 -0.474 -0.360 -0.296 -0.343 -0.418 -0.455 -0.470 -0.490 -0.434 -0.492 -0.549 -0.477 -0.510 -0.473 -0.348 -0.227 -0.311 -0.361 -0.470 -0.474 -0.493 -0.467 -0.385 -0.304 -0.080  0.074  0.194 -0.002 -0.046  0.153  0.214  0.436  0.652  0.569  0.306  0.062 -0.200 -0.425 -0.509 -0.453 -0.383 -0.233  0.241  0.518  0.547  0.514
  0.784  1.000  0.728  0.474  0.037 -0.090 -0.191 -0.107 -0.185 -0.137 -0.088  0.058  0.135  0.464  0.531  0.662  0.496  0.425  0.255  0.079 -0.026 -0.347 -0.455 -0.474 -0.374 -0.363 -0.457 -0.434 -0.327 -0.356 -0.391 -0.291 -0.206 -0.237 -0.328 -0.369 -0.411 -0.436 -0.390 -0.427 -0.469 -0.405 -0.437 -0.406 -0.299 -0.197 -0.274 -0.335 -0.444 -0.471 -0.537 -0.529 -0.501 -0.456 -0.267 -0.081  0.024 -0.170 -0.151  0.051  0.159  0.379  0.601  0.634  0.381  0.181 -0.079 -0.283 -0.385 -0.350 -0.312 -0.174  0.234  0.421  0.471  0.444
  0.570  0.728  1.000  0.705  0.258  0.081 -0.141 -0.167 -0.170 -0.042 -0.029  0.167  0.241  0.527  0.548  0.513  0.373  0.253  0.114 -0.047 -0.127 -0.376 -0.411 -0.411 -0.388 -0.337 -0.363 -0.373 -0.273 -0.271 -0.313 -0.228 -0.141 -0.169 -0.260 -0.306 -0.352 -0.370 -0.342 -0.380 -0.383 -0.342 -0.338 -0.281 -0.186 -0.108 -0.176 -0.216 -0.313 -0.357 -0.419 -0.431 -0.428 -0.403 -0.278 -0.127 -0.037 -0.149 -0.105  0.038  0.113  0.297  0.508  0.614  0.453  0.382  0.160 -0.136 -0.277 -0.279 -0.267 -0.170  0.121  0.285  0.337  0.319
  0.277  0.474  0.705  1.000  0.648  0.460  0.138 -0.047 -0.037  0.051  0.225  0.467  0.501  0.635  0.503  0.336  0.143 -0.020 -0.147 -0.290 -0.325 -0.463 -0.391 -0.361 -0.375 -0.263 -0.222 -0.259 -0.151 -0.081 -0.141 -0.100 -0.004 -0.002 -0.087 -0.132 -0.200 -0.218 -0.201 -0.200 -0.163 -0.137 -0.118 -0.069 -0.045 -0.025 -0.071 -0.101 -0.170 -0.250 -0.344 -0.370 -0.438 -0.465 -0.424 -0.299 -0.259 -0.316 -0.223 -0.130 -0.053  0.066  0.260  0.479  0.431  0.595  0.438  0.170  0.004 -0.046 -0.105 -0.063  0.027  0.040  0.104  0.099
 -0.173  0.037  0.258  0.648  1.000  0.803  0.449  0.101  0.108  0.151  0.416  0.600  0.644  0.456  0.329  0.025 -0.134 -0.310 -0.394 -0.440 -0.373 -0.303 -0.122 -0.055 -0.132 -0.002  0.130  0.078  0.113  0.230  0.186  0.136  0.182  0.214  0.193  0.178  0.126  0.117  0.100  0.151  0.225  0.215  0.246  0.243  0.152  0.079  0.088  0.095  0.114  0.036 -0.033 -0.058 -0.176 -0.271 -0.375 -0.377 -0.429 -0.378 -0.283 -0.315 -0.270 -0.266 -0.192  0.017  0.109  0.433  0.581  0.491  0.424  0.309  0.176  0.102 -0.123 -0.336 -0.312 -0.297
 -0.300 -0.090  0.081  0.460  0.803  1.000  0.616  0.247  0.213  0.176  0.450  0.591  0.549  0.324  0.177 -0.105 -0.256 -0.420 -0.463 -0.496 -0.406 -0.266 -0.072 -0.008 -0.082  0.036  0.172  0.112  0.134  0.267  0.228  0.153  0.201  0.259  0.245  0.250  0.197  0.189  0.176  0.254  0.341  0.307  0.336  0.333  0.214  0.113  0.137  0.141  0.177  0.095  0.035  0.005 -0.119 -0.219 -0.356 -0.370 -0.446 -0.367 -0.261 -0.321 -0.283 -0.313 -0.282 -0.082  0.046  0.387  0.533  0.602  0.538  0.420  0.275  0.161 -0.143 -0.422 -0.403 -0.390
 -0.307 -0.191 -0.141  0.138  0.449  0.616  1.000  0.667  0.475  0.114  0.377  0.358  0.351  0.135  0.026 -0.148 -0.235 -0.335 -0.358 -0.361 -0.280 -0.147 -0.006  0.038 -0.010  0.086  0.191  0.149  0.130  0.219  0.219  0.134  0.119  0.165  0.196  0.220  0.228  0.260  0.273  0.280  0.339  0.345  0.354  0.320  0.193  0.098  0.135  0.113  0.160  0.095  0.052  0.032 -0.043 -0.117 -0.239 -0.274 -0.341 -0.274 -0.203 -0.264 -0.250 -0.296 -0.316 -0.219 -0.118  0.091  0.248  0.511  0.458  0.331  0.180  0.088 -0.143 -0.411 -0.419 -0.407
 -0.150 -0.107 -0.167 -0.047  0.101  0.247  0.667  1.000  0.637  0.074  0.174  0.099  0.071 -0.018 -0.069 -0.095 -0.130 -0.143 -0.156 -0.156 -0.137 -0.090 -0.056 -0.035 -0.039 -0.022  0.015  0.006 -0.015  0.017  0.034 -0.004 -0.016  0.013  0.041  0.066  0.082  0.101  0.129  0.119  0.133  0.137  0.142  0.129  0.066  0.036  0.067  0.015  0.035 -0.008 -0.022 -0.034 -0.046 -0.076 -0.127 -0.132 -0.139 -0.130 -0.098 -0.117 -0.107 -0.134 -0.173 -0.162 -0.118 -0.099  0.011  0.271  0.215  0.123  0.064 -0.014 -0.005 -0.188 -0.224 -0.244
 -0.197 -0.185 -0.170 -0.037  0.108  0.213  0.475  0.637  1.000  0.536  0.378  0.187  0.086 -0.024 -0.098 -0.136 -0.171 -0.192 -0.197 -0.188 -0.168 -0.102 -0.040 -0.014 -0.056 -0.037  0.027  0.006 -0.023  0.018  0.037  0.004 -0.004  0.026  0.047  0.055  0.070  0.092  0.110  0.103  0.113  0.128  0.127  0.127  0.066  0.045  0.082  0.067  0.087  0.037  0.018  0.002 -0.029 -0.067 -0.136 -0.162 -0.162 -0.130 -0.113 -0.129 -0.153 -0.190 -0.213 -0.190 -0.155 -0.054  0.064  0.206  0.152  0.102  0.018 -0.018 -0.139 -0.229 -0.244 -0.256
 -0.134 -0.137 -0.042  0.051  0.151  0.176  0.114  0.074  0.536  1.000  0.539  0.253  0.112  0.033 -0.006 -0.054 -0.123 -0.162 -0.173 -0.160 -0.136 -0.080 -0.027  0.003 -0.029 -0.024  0.033  0.021  0.002  0.045  0.051  0.024  0.039  0.074  0.063  0.053  0.050  0.059  0.065  0.075  0.074  0.069  0.049  0.031 -0.024 -0.024  0.006  0.039  0.071  0.030  0.022  0.017 -0.022 -0.062 -0.118 -0.171 -0.153 -0.115 -0.134 -0.145 -0.201 -0.206 -0.177 -0.119 -0.115  0.047  0.093  0.038  0.047  0.055  0.028  0.037 -0.154 -0.205 -0.181 -0.181
 -0.220 -0.088 -0.029  0.225  0.416  0.450  0.377  0.174  0.378  0.539  1.000  0.714  0.534  0.322  0.166 -0.041 -0.171 -0.302 -0.365 -0.386 -0.316 -0.246 -0.098 -0.024 -0.070  0.024  0.145  0.127  0.153  0.245  0.236  0.198  0.224  0.270  0.255  0.217  0.174  0.165  0.150  0.174  0.197  0.163  0.144  0.084 -0.015 -0.033 -0.000  0.016  0.057 -0.004 -0.047 -0.049 -0.153 -0.248 -0.337 -0.368 -0.408 -0.371 -0.317 -0.342 -0.345 -0.333 -0.307 -0.159 -0.134  0.081  0.131  0.197  0.232  0.189  0.127  0.115 -0.116 -0.323 -0.284 -0.263
 -0.142  0.058  0.167  0.467  0.600  0.591  0.358  0.099  0.187  0.253  0.714  1.000  0.793  0.584  0.353  0.081 -0.099 -0.294 -0.398 -0.465 -0.390 -0.355 -0.178 -0.100 -0.134 -0.006  0.099  0.074  0.146  0.236  0.192  0.182  0.237  0.265  0.227  0.176  0.106  0.085  0.060  0.089  0.136  0.109  0.114  0.077  0.004 -0.019 -0.002  0.008  0.014 -0.070 -0.146 -0.144 -0.280 -0.389 -0.459 -0.433 -0.485 -0.479 -0.380 -0.380 -0.321 -0.272 -0.195 -0.006 -0.000  0.206  0.211  0.260  0.240  0.184  0.083  0.091 -0.062 -0.244 -0.205 -0.189
 -0.063  0.135  0.241  0.501  0.644  0.549  0.351  0.071  0.086  0.112  0.534  0.793  1.000  0.755  0.520  0.217  0.019 -0.212 -0.363 -0.435 -0.342 -0.335 -0.163 -0.075 -0.102  0.033  0.130  0.114  0.178  0.248  0.203  0.197  0.236  0.247  0.221  0.162  0.099  0.085  0.059  0.066  0.110  0.086  0.087  0.038 -0.025 -0.024 -0.018 -0.023 -0.028 -0.109 -0.180 -0.150 -0.283 -0.408 -0.467 -0.446 -0.503 -0.516 -0.428 -0.418 -0.350 -0.281 -0.172  0.007 -0.030  0.166  0.180  0.224  0.213  0.149  0.039  0.043 -0.036 -0.210 -0.175 -0.154
  0.265  0.464  0.527  0.635  0.456  0.324  0.135 -0.018 -0.024  0.033  0.322  0.584  0.755  1.000  0.765  0.508  0.275  0.031 -0.168 -0.300 -0.266 -0.407 -0.315 -0.248 -0.230 -0.117 -0.085 -0.095 -0.004  0.038 -0.013  0.016  0.086  0.091  0.028 -0.031 -0.096 -0.120 -0.119 -0.143 -0.138 -0.139 -0.156 -0.188 -0.185 -0.124 -0.143 -0.171 -0.227 -0.305 -0.385 -0.345 -0.440 -0.527 -0.489 -0.398 -0.394 -0.495 -0.427 -0.330 -0.234 -0.074  0.121  0.288  0.139  0.217  0.072 -0.003 -0.051 -0.073 -0.125 -0.047  0.093  0.055  0.098  0.098
  0.346  0.531  0.548  0.503  0.329  0.177  0.026 -0.069 -0.098 -0.006  0.166  0.353  0.520  0.765  1.000  0.700  0.448  0.184 -0.053 -0.159 -0.103 -0.268 -0.230 -0.168 -0.138 -0.058 -0.057 -0.066 -0.006  0.006 -0.043 -0.016  0.032  0.019 -0.032 -0.077 -0.116 -0.124 -0.123 -0.167 -0.167 -0.169 -0.196 -0.244 -0.237 -0.148 -0.172 -0.202 -0.257 -0.309 -0.351 -0.282 -0.335 -0.418 -0.364 -0.310 -0.311 -0.423 -0.397 -0.304 -0.215 -0.049  0.170  0.269  0.077  0.111 -0.001 -0.104 -0.127 -0.143 -0.170 -0.098  0.101  0.095  0.131  0.133
  0.664  0.662  0.513  0.336  0.025 -0.105 -0.148 -0.095 -0.136 -0.054 -0.041  0.081  0.217  0.508  0.700  1.000  0.735  0.493  0.242  0.129  0.136 -0.157 -0.263 -0.253 -0.169 -0.186 -0.258 -0.241 -0.195 -0.244 -0.271 -0.201 -0.155 -0.188 -0.243 -0.287 -0.301 -0.308 -0.275 -0.340 -0.375 -0.344 -0.382 -0.418 -0.365 -0.238 -0.286 -0.323 -0.395 -0.416 -0.435 -0.361 -0.349 -0.354 -0.195 -0.111 -0.063 -0.240 -0.278 -0.135 -0.049  0.158  0.415  0.385  0.094 -0.013 -0.192 -0.331 -0.361 -0.335 -0.304 -0.180  0.173  0.324  0.359  0.345
  0.638  0.496  0.373  0.143 -0.134 -0.256 -0.235 -0.130 -0.171 -0.123 -0.171 -0.099  0.019  0.275  0.448  0.735  1.000  0.784  0.481  0.376  0.431  0.084 -0.118 -0.133 -0.046 -0.147 -0.253 -0.224 -0.224 -0.309 -0.314 -0.256 -0.238 -0.280 -0.311 -0.334 -0.319 -0.321 -0.286 -0.340 -0.387 -0.356 -0.397 -0.412 -0.356 -0.233 -0.279 -0.308 -0.363 -0.361 -0.323 -0.232 -0.154 -0.118  0.070  0.118  0.146 -0.028 -0.121 -0.007  0.041  0.182  0.374  0.262  0.034 -0.113 -0.260 -0.396 -0.406 -0.365 -0.308 -0.187  0.149  0.333  0.343  0.328
  0.625  0.425  0.253 -0.020 -0.310 -0.420 -0.335 -0.143 -0.192 -0.162 -0.302 -0.294 -0.212  0.031  0.184  0.493  0.784  1.000  0.758  0.638  0.585  0.194 -0.102 -0.164 -0.036 -0.208 -0.379 -0.324 -0.330 -0.450 -0.442 -0.365 -0.352 -0.405 -0.437 -0.445 -0.412 -0.411 -0.355 -0.409 -0.473 -0.412 -0.455 -0.435 -0.346 -0.227 -0.278 -0.321 -0.377 -0.355 -0.303 -0.234 -0.083  0.025  0.272  0.343  0.427  0.238  0.108  0.237  0.223  0.300  0.415  0.255  0.074 -0.157 -0.308 -0.473 -0.494 -0.434 -0.351 -0.222  0.172  0.431  0.429  0.403
  0.447  0.255  0.114 -0.147 -0.394 -0.463 -0.358 -0.156 -0.197 -0.173 -0.365 -0.398 -0.363 -0.168 -0.053  0.242  0.481  0.758  1.000  0.783  0.577  0.256 -0.033 -0.139 -0.054 -0.233 -0.395 -0.355 -0.380 -0.491 -0.471 -0.409 -0.402 -0.442 -0.465 -0.450 -0.399 -0.394 -0.330 -0.368 -0.428 -0.353 -0.383 -0.337 -0.227 -0.156 -0.194 -0.230 -0.259 -0.214 -0.157 -0.141  0.041  0.212  0.471  0.587  0.670  0.503  0.367  0.464  0.403  0.375  0.365  0.204  0.141 -0.115 -0.258 -0.417 -0.449 -0.381 -0.296 -0.193  0.112  0.375  0.361  0.336
  0.290  0.079 -0.047 -0.290 -0.440 -0.496 -0.361 -0.156 -0.188 -0.160 -0.386 -0.465 -0.435 -0.300 -0.159  0.129  0.376  0.638  0.783  1.000  0.791  0.490  0.172  0.064  0.135 -0.094 -0.255 -0.215 -0.293 -0.420 -0.394 -0.362 -0.379 -0.419 -0.417 -0.390 -0.321 -0.299 -0.247 -0.286 -0.331 -0.285 -0.302 -0.273 -0.193 -0.134 -0.154 -0.167 -0.172 -0.095  0.001  0.048  0.244  0.410  0.635  0.622  0.687  0.570  0.400  0.444  0.345  0.259  0.218  0.035  0.001 -0.221 -0.278 -0.402 -0.390 -0.331 -0.243 -0.175  0.054  0.283  0.255  0.241
  0.189 -0.026 -0.127 -0.325 -0.373 -0.406 -0.280 -0.137 -0.168 -0.136 -0.316 -0.390 -0.342 -0.266 -0.103  0.136  0.431  0.585  0.577  0.791  1.000  0.740  0.414  0.314  0.389  0.134 -0.025  0.006 -0.123 -0.259 -0.240 -0.253 -0.296 -0.327 -0.298 -0.260 -0.182 -0.156 -0.129 -0.152 -0.176 -0.179 -0.185 -0.194 -0.165 -0.127 -0.126 -0.108 -0.079  0.016  0.145  0.251  0.402  0.506  0.651  0.528  0.478  0.405  0.224  0.210  0.149  0.080  0.055 -0.115 -0.150 -0.291 -0.279 -0.329 -0.267 -0.220 -0.156 -0.121 -0.018  0.121  0.077  0.080
 -0.173 -0.347 -0.376 -0.463 -0.303 -0.266 -0.147 -0.090 -0.102 -0.080 -0.246 -0.355 -0.335 -0.407 -0.268 -0.157  0.084  0.194  0.256  0.490  0.740  1.000  0.777  0.662  0.682  0.464  0.304  0.288  0.110 -0.011 -0.009 -0.090 -0.167 -0.173 -0.105 -0.037  0.056  0.103  0.094  0.104  0.122  0.075  0.116  0.093  0.062  0.011  0.056  0.123  0.227  0.360  0.517  0.635  0.714  0.757  0.706  0.475  0.334  0.407  0.249  0.118  0.044 -0.109 -0.232 -0.373 -0.292 -0.311 -0.164 -0.091  0.011  0.027  0.045 -0.015 -0.177 -0.194 -0.260 -0.231
 -0.374 -0.455 -0.411 -0.391 -0.122 -0.072 -0.006 -0.056 -0.040 -0.027 -0.098 -0.178 -0.163 -0.315 -0.230 -0.263 -0.118 -0.102 -0.033  0.172  0.414  0.777  1.000  0.844  0.692  0.620  0.594  0.490  0.261  0.201  0.200  0.062 -0.037 -0.015  0.071  0.147  0.258  0.340  0.288  0.277  0.337  0.267  0.358  0.312  0.249  0.138  0.208  0.314  0.460  0.582  0.687  0.790  0.703  0.657  0.490  0.278  0.077  0.219  0.163 -0.039 -0.083 -0.244 -0.383 -0.450 -0.322 -0.219 -0.015  0.127  0.230  0.208  0.174  0.060 -0.277 -0.429 -0.497 -0.458
 -0.418 -0.474 -0.411 -0.361 -0.055 -0.008  0.038 -0.035 -0.014  0.003 -0.024 -0.100 -0.075 -0.248 -0.168 -0.253 -0.133 -0.164 -0.139  0.064  0.314  0.662  0.844  1.000  0.819  0.632  0.715  0.671  0.415  0.357  0.367  0.236  0.140  0.146  0.227  0.263  0.311  0.377  0.287  0.296  0.392  0.217  0.309  0.273  0.199  0.136  0.204  0.294  0.416  0.510  0.641  0.799  0.713  0.563  0.371  0.113 -0.083  0.075  0.017 -0.205 -0.235 -0.355 -0.462 -0.508 -0.400 -0.251 -0.017  0.140  0.273  0.205  0.178  0.039 -0.288 -0.473 -0.522 -0.477
 -0.296 -0.374 -0.388 -0.375 -0.132 -0.082 -0.010 -0.039 -0.056 -0.029 -0.070 -0.134 -0.102 -0.230 -0.138 -0.169 -0.046 -0.036 -0.054  0.135  0.389  0.682  0.692  0.819  1.000  0.751  0.594  0.649  0.486  0.327  0.304  0.221  0.125  0.101  0.169  0.195  0.232  0.272  0.206  0.226  0.288  0.148  0.182  0.111  0.021 -0.013  0.037  0.104  0.214  0.309  0.448  0.606  0.580  0.461  0.337  0.106 -0.050  0.044 -0.051 -0.205 -0.234 -0.323 -0.393 -0.459 -0.408 -0.321 -0.144  0.006  0.156  0.131  0.119  0.035 -0.179 -0.317 -0.365 -0.325
 -0.360 -0.363 -0.337 -0.263 -0.002  0.036  0.086 -0.022 -0.037 -0.024  0.024 -0.006  0.033 -0.117 -0.058 -0.186 -0.147 -0.208 -0.233 -0.094  0.134  0.464  0.620  0.632  0.751  1.000  0.753  0.652  0.612  0.512  0.413  0.316  0.216  0.183  0.242  0.265  0.336  0.405  0.321  0.288  0.337  0.276  0.315  0.208  0.099  0.026  0.082  0.137  0.249  0.305  0.361  0.484  0.391  0.263  0.095 -0.069 -0.216 -0.120 -0.137 -0.270 -0.283 -0.361 -0.421 -0.419 -0.358 -0.211 -0.055  0.118  0.226  0.189  0.141  0.073 -0.193 -0.372 -0.413 -0.368
 -0.501 -0.457 -0.363 -0.222  0.130  0.172  0.191  0.015  0.027  0.033  0.145  0.099  0.130 -0.085 -0.057 -0.258 -0.253 -0.379 -0.395 -0.255 -0.025  0.304  0.594  0.715  0.594  0.753  1.000  0.853  0.641  0.688  0.679  0.493  0.378  0.406  0.491  0.514  0.565  0.640  0.518  0.458  0.551  0.389  0.443  0.343  0.211  0.129  0.205  0.262  0.386  0.411  0.461  0.580  0.424  0.232  0.008 -0.188 -0.371 -0.214 -0.188 -0.389 -0.393 -0.476 -0.546 -0.506 -0.406 -0.161  0.070  0.280  0.410  0.329  0.261  0.119 -0.295 -0.578 -0.624 -0.572
 -0.459 -0.434 -0.373 -0.259  0.078  0.112  0.149  0.006  0.006  0.021  0.127  0.074  0.114 -0.095 -0.066 -0.241 -0.224 -0.324 -0.355 -0.215  0.006  0.288  0.490  0.671  0.649  0.652  0.853  1.000  0.790  0.704  0.749  0.636  0.491  0.467  0.563  0.532  0.533  0.557  0.433  0.410  0.490  0.293  0.311  0.203  0.063  0.030  0.098  0.145  0.258  0.286  0.375  0.499  0.392  0.201  0.007 -0.201 -0.358 -0.222 -0.230 -0.412 -0.422 -0.489 -0.538 -0.521 -0.460 -0.251 -0.029  0.169  0.335  0.262  0.215  0.090 -0.243 -0.489 -0.533 -0.488
 -0.383 -0.327 -0.273 -0.151  0.113  0.134  0.130 -0.015 -0.023  0.002  0.153  0.146  0.178 -0.004 -0.006 -0.195 -0.224 -0.330 -0.380 -0.293 -0.123  0.110  0.261  0.415  0.486  0.612  0.641  0.790  1.000  0.827  0.714  0.752  0.668  0.541  0.552  0.443  0.357  0.361  0.228  0.237  0.328  0.157  0.166  0.065 -0.048 -0.042 -0.003  0.018  0.087  0.089  0.160  0.278  0.191  0.009 -0.156 -0.308 -0.412 -0.316 -0.314 -0.428 -0.433 -0.450 -0.455 -0.400 -0.377 -0.189 -0.051  0.097  0.218  0.131  0.092  0.026 -0.171 -0.328 -0.331 -0.285
 -0.461 -0.356 -0.271 -0.081  0.230  0.267  0.219  0.017  0.018  0.045  0.245  0.236  0.248  0.038  0.006 -0.244 -0.309 -0.450 -0.491 -0.420 -0.259 -0.011  0.201  0.357  0.327  0.512  0.688  0.704  0.827  1.000  0.876  0.773  0.752  0.743  0.731  0.665  0.542  0.523  0.400  0.412  0.501  0.294  0.287  0.193  0.052  0.024  0.085  0.099  0.170  0.132  0.167  0.263  0.143 -0.054 -0.251 -0.392 -0.498 -0.380 -0.341 -0.473 -0.472 -0.496 -0.507 -0.406 -0.342 -0.096  0.064  0.254  0.375  0.299  0.231  0.125 -0.216 -0.478 -0.493 -0.446
 -0.474 -0.391 -0.313 -0.141  0.186  0.228  0.219  0.034  0.037  0.051  0.236  0.192  0.203 -0.013 -0.043 -0.271 -0.314 -0.442 -0.471 -0.394 -0.240 -0.009  0.200  0.367  0.304  0.413  0.679  0.749  0.714  0.876  1.000  0.845  0.732  0.769  0.834  0.772  0.688  0.643  0.524  0.511  0.543  0.346  0.308  0.201  0.042  0.019  0.087  0.099  0.188  0.152  0.199  0.277  0.167 -0.019 -0.213 -0.363 -0.468 -0.343 -0.308 -0.454 -0.465 -0.507 -0.534 -0.456 -0.389 -0.151  0.033  0.240  0.388  0.336  0.281  0.160 -0.211 -0.515 -0.551 -0.511
 -0.360 -0.291 -0.228 -0.100  0.136  0.153  0.134 -0.004  0.004  0.024  0.198  0.182  0.197  0.016 -0.016 -0.201 -0.256 -0.365 -0.409 -0.362 -0.253 -0.090  0.062  0.236  0.221  0.316  0.493  0.636  0.752  0.773  0.845  1.000  0.873  0.738  0.760  0.573  0.410  0.372  0.245  0.252  0.313  0.131  0.115  0.034 -0.070 -0.035  0.003  0.001  0.044  0.005  0.056  0.144  0.060 -0.113 -0.257 -0.371 -0.437 -0.349 -0.326 -0.420 -0.428 -0.429 -0.421 -0.351 -0.339 -0.156 -0.035  0.096  0.208  0.128  0.100  0.027 -0.153 -0.311 -0.309 -0.272
 -0.296 -0.206 -0.141 -0.004  0.182  0.201  0.119 -0.016 -0.004  0.039  0.224  0.237  0.236  0.086  0.032 -0.155 -0.238 -0.352 -0.402 -0.379 -0.296 -0.167 -0.037  0.140  0.125  0.216  0.378  0.491  0.668  0.752  0.732  0.873  1.000  0.857  0.745  0.559  0.281  0.232  0.122  0.158  0.259  0.052  0.048 -0.002 -0.080 -0.040 -0.012 -0.018 -0.006 -0.059 -0.022  0.069 -0.016 -0.183 -0.308 -0.393 -0.436 -0.367 -0.341 -0.411 -0.402 -0.375 -0.343 -0.246 -0.240 -0.071  0.008  0.104  0.185  0.103  0.067 -0.004 -0.140 -0.266 -0.242 -0.209
 -0.343 -0.237 -0.169 -0.002  0.214  0.259  0.165  0.013  0.026  0.074  0.270  0.265  0.247  0.091  0.019 -0.188 -0.280 -0.405 -0.442 -0.419 -0.327 -0.173 -0.015  0.146  0.101  0.183  0.406  0.467  0.541  0.743  0.769  0.738  0.857  1.000  0.897  0.781  0.502  0.409  0.323  0.351  0.421  0.194  0.159  0.096 -0.018 -0.016  0.031  0.032  0.070  0.007  0.031  0.097 -0.010 -0.173 -0.316 -0.401 -0.456 -0.374 -0.334 -0.423 -0.409 -0.399 -0.387 -0.276 -0.236 -0.045  0.055  0.199  0.306  0.268  0.220  0.119 -0.152 -0.394 -0.398 -0.368
 -0.418 -0.328 -0.260 -0.087  0.193  0.245  0.196  0.041  0.047  0.063  0.255  0.227  0.221  0.028 -0.032 -0.243 -0.311 -0.437 -0.465 -0.417 -0.298 -0.105  0.071  0.227  0.169  0.242  0.491  0.563  0.552  0.731  0.834  0.760  0.745  0.897  1.000  0.893  0.685  0.564  0.471  0.506  0.531  0.313  0.257  0.165  0.014 -0.002  0.059  0.067  0.139  0.085  0.119  0.177  0.065 -0.102 -0.270 -0.383 -0.463 -0.358 -0.317 -0.438 -0.434 -0.455 -0.471 -0.382 -0.326 -0.116  0.038  0.235  0.388  0.369  0.325  0.204 -0.154 -0.474 -0.507 -0.477
 -0.455 -0.369 -0.306 -0.132  0.178  0.250  0.220  0.066  0.055  0.053  0.217  0.176  0.162 -0.031 -0.077 -0.287 -0.334 -0.445 -0.450 -0.390 -0.260 -0.037  0.147  0.263  0.195  0.265  0.514  0.532  0.443  0.665  0.772  0.573  0.559  0.781  0.893  1.000  0.834  0.679  0.591  0.635  0.624  0.438  0.369  0.270  0.098  0.037  0.111  0.130  0.228  0.182  0.205  0.233  0.124 -0.019 -0.198 -0.316 -0.412 -0.292 -0.248 -0.386 -0.389 -0.443 -0.495 -0.417 -0.320 -0.107  0.072  0.304  0.460  0.479  0.419  0.288 -0.149 -0.541 -0.599 -0.574
 -0.470 -0.411 -0.352 -0.200  0.126  0.197  0.228  0.082  0.070  0.050  0.174  0.106  0.099 -0.096 -0.116 -0.301 -0.319 -0.412 -0.399 -0.321 -0.182  0.056  0.258  0.311  0.232  0.336  0.565  0.533  0.357  0.542  0.688  0.410  0.281  0.502  0.685  0.834  1.000  0.877  0.754  0.723  0.626  0.538  0.452  0.325  0.138  0.053  0.130  0.156  0.288  0.274  0.298  0.291  0.190  0.077 -0.107 -0.233 -0.341 -0.213 -0.164 -0.314 -0.336 -0.427 -0.509 -0.464 -0.353 -0.145  0.055  0.299  0.459  0.493  0.437  0.319 -0.147 -0.554 -0.631 -0.604
 -0.490 -0.436 -0.370 -0.218  0.117  0.189  0.260  0.101  0.092  0.059  0.165  0.085  0.085 -0.120 -0.124 -0.308 -0.321 -0.411 -0.394 -0.299 -0.156  0.103  0.340  0.377  0.272  0.405  0.640  0.557  0.361  0.523  0.643  0.372  0.232  0.409  0.564  0.679  0.877  1.000  0.856  0.692  0.650  0.594  0.516  0.378  0.192  0.087  0.169  0.203  0.342  0.344  0.359  0.352  0.238  0.130 -0.066 -0.201 -0.317 -0.178 -0.124 -0.289 -0.322 -0.430 -0.519 -0.475 -0.359 -0.137  0.070  0.319  0.455  0.476  0.405  0.268 -0.206 -0.580 -0.651 -0.619
 -0.434 -0.390 -0.342 -0.201  0.100  0.176  0.273  0.129  0.110  0.065  0.150  0.060  0.059 -0.119 -0.123 -0.275 -0.286 -0.355 -0.330 -0.247 -0.129  0.094  0.288  0.287  0.206  0.321  0.518  0.433  0.228  0.400  0.524  0.245  0.122  0.323  0.471  0.591  0.754  0.856  1.000  0.796  0.696  0.675  0.553  0.395  0.194  0.064  0.153  0.182  0.326  0.328  0.324  0.283  0.196  0.131 -0.041 -0.150 -0.246 -0.122 -0.070 -0.219 -0.258 -0.374 -0.459 -0.425 -0.314 -0.121  0.069  0.328  0.472  0.539  0.494  0.360 -0.157 -0.547 -0.648 -0.633
 -0.492 -0.427 -0.380 -0.200  0.151  0.254  0.280  0.119  0.103  0.075  0.174  0.089  0.066 -0.143 -0.167 -0.340 -0.340 -0.409 -0.368 -0.286 -0.152  0.104  0.277  0.296  0.226  0.288  0.458  0.410  0.237  0.412  0.511  0.252  0.158  0.351  0.506  0.635  0.723  0.692  0.796  1.000  0.839  0.758  0.615  0.459  0.227  0.067  0.169  0.216  0.375  0.362  0.350  0.306  0.221  0.152 -0.036 -0.153 -0.266 -0.125 -0.070 -0.230 -0.255 -0.389 -0.494 -0.450 -0.304 -0.101  0.125  0.412  0.611  0.707  0.705  0.581 -0.115 -0.600 -0.714 -0.703
 -0.549 -0.469 -0.383 -0.163  0.225  0.341  0.339  0.133  0.113  0.074  0.197  0.136  0.110 -0.138 -0.167 -0.375 -0.387 -0.473 -0.428 -0.331 -0.176  0.122  0.337  0.392  0.288  0.337  0.551  0.490  0.328  0.501  0.543  0.313  0.259  0.421  0.531  0.624  0.626  0.650  0.696  0.839  1.000  0.777  0.685  0.546  0.307  0.121  0.230  0.296  0.453  0.440  0.425  0.396  0.278  0.185 -0.032 -0.170 -0.305 -0.132 -0.067 -0.264 -0.283 -0.424 -0.530 -0.460 -0.293 -0.045  0.220  0.527  0.720  0.756  0.686  0.493 -0.234 -0.672 -0.764 -0.746
 -0.477 -0.405 -0.342 -0.137  0.215  0.307  0.345  0.137  0.128  0.069  0.163  0.109  0.086 -0.139 -0.169 -0.344 -0.356 -0.412 -0.353 -0.285 -0.179  0.075  0.267  0.217  0.148  0.276  0.389  0.293  0.157  0.294  0.346  0.131  0.052  0.194  0.313  0.438  0.538  0.594  0.675  0.758  0.777  1.000  0.829  0.615  0.343  0.095  0.192  0.263  0.444  0.448  0.375  0.260  0.171  0.156 -0.029 -0.113 -0.210 -0.068  0.012 -0.137 -0.169 -0.325 -0.433 -0.378 -0.215 -0.003  0.235  0.529  0.689  0.788  0.661  0.531 -0.150 -0.575 -0.680 -0.673
 -0.510 -0.437 -0.338 -0.118  0.246  0.336  0.354  0.142  0.127  0.049  0.144  0.114  0.087 -0.156 -0.196 -0.382 -0.397 -0.455 -0.383 -0.302 -0.185  0.116  0.358  0.309  0.182  0.315  0.443  0.311  0.166  0.287  0.308  0.115  0.048  0.159  0.257  0.369  0.452  0.516  0.553  0.615  0.685  0.829  1.000  0.819  0.538  0.225  0.323  0.401  0.595  0.594  0.496  0.386  0.257  0.219  0.006 -0.093 -0.215 -0.042  0.051 -0.129 -0.149 -0.310 -0.423 -0.358 -0.179  0.057  0.341  0.646  0.707  0.692  0.540  0.380 -0.244 -0.616 -0.694 -0.673
 -0.473 -0.406 -0.281 -0.069  0.243  0.333  0.320  0.129  0.127  0.031  0.084  0.077  0.038 -0.188 -0.244 -0.418 -0.412 -0.435 -0.337 -0.273 -0.194  0.093  0.312  0.273  0.111  0.208  0.343  0.203  0.065  0.193  0.201  0.034 -0.002  0.096  0.165  0.270  0.325  0.378  0.395  0.459  0.546  0.615  0.819  1.000  0.796  0.443  0.528  0.592  0.660  0.585  0.484  0.382  0.267  0.239  0.034 -0.048 -0.153  0.017  0.110 -0.055 -0.057 -0.196 -0.315 -0.249 -0.046  0.166  0.448  0.707  0.635  0.572  0.413  0.246 -0.289 -0.579 -0.639 -0.617
 -0.348 -0.299 -0.186 -0.045  0.152  0.214  0.193  0.066  0.066 -0.024 -0.015  0.004 -0.025 -0.185 -0.237 -0.365 -0.356 -0.346 -0.227 -0.193 -0.165  0.062  0.249  0.199  0.021  0.099  0.211  0.063 -0.048  0.052  0.042 -0.070 -0.080 -0.018  0.014  0.098  0.138  0.192  0.194  0.227  0.307  0.343  0.538  0.796  1.000  0.688  0.585  0.609  0.538  0.513  0.419  0.323  0.218  0.214  0.062  0.025 -0.063  0.069  0.159  0.038  0.069 -0.010 -0.141 -0.100  0.105  0.242  0.421  0.541  0.405  0.318  0.198  0.076 -0.258 -0.409 -0.446 -0.430
 -0.227 -0.197 -0.108 -0.025  0.079  0.113  0.098  0.036  0.045 -0.024 -0.033 -0.019 -0.024 -0.124 -0.148 -0.238 -0.233 -0.227 -0.156 -0.134 -0.127  0.011  0.138  0.136 -0.013  0.026  0.129  0.030 -0.042  0.024  0.019 -0.035 -0.040 -0.016 -0.002  0.037  0.053  0.087  0.064  0.067  0.121  0.095  0.225  0.443  0.688  1.000  0.703  0.518  0.328  0.288  0.252  0.224  0.155  0.121  0.018 -0.013 -0.065  0.018  0.067  0.000  0.022 -0.009 -0.097 -0.081  0.026  0.109  0.249  0.315  0.187  0.086  0.018 -0.060 -0.201 -0.259 -0.263 -0.248
 -0.311 -0.274 -0.176 -0.071  0.088  0.137  0.135  0.067  0.082  0.006 -0.000 -0.002 -0.018 -0.143 -0.172 -0.286 -0.279 -0.278 -0.194 -0.154 -0.126  0.056  0.208  0.204  0.037  0.082  0.205  0.098 -0.003  0.085  0.087  0.003 -0.012  0.031  0.059  0.111  0.130  0.169  0.153  0.169  0.230  0.192  0.323  0.528  0.585  0.703  1.000  0.754  0.539  0.374  0.309  0.288  0.217  0.179  0.042 -0.012 -0.076  0.032  0.089 -0.010 -0.010 -0.083 -0.180 -0.151 -0.032  0.069  0.229  0.361  0.267  0.187  0.107  0.007 -0.255 -0.358 -0.383 -0.371
 -0.361 -0.335 -0.216 -0.101  0.095  0.141  0.113  0.015  0.067  0.039  0.016  0.008 -0.023 -0.171 -0.202 -0.323 -0.308 -0.321 -0.230 -0.167 -0.108  0.123  0.314  0.294  0.104  0.137  0.262  0.145  0.018  0.099  0.099  0.001 -0.018  0.032  0.067  0.130  0.156  0.203  0.182  0.216  0.296  0.263  0.401  0.592  0.609  0.518  0.754  1.000  0.778  0.580  0.455  0.404  0.286  0.252  0.084  0.008 -0.083  0.060  0.131 -0.011 -0.017 -0.116 -0.225 -0.199 -0.060  0.078  0.252  0.362  0.315  0.261  0.176  0.061 -0.290 -0.407 -0.451 -0.437
 -0.470 -0.444 -0.313 -0.170  0.114  0.177  0.160  0.035  0.087  0.071  0.057  0.014 -0.028 -0.227 -0.257 -0.395 -0.363 -0.377 -0.259 -0.172 -0.079  0.227  0.460  0.416  0.214  0.249  0.386  0.258  0.087  0.170  0.188  0.044 -0.006  0.070  0.139  0.228  0.288  0.342  0.326  0.375  0.453  0.444  0.595  0.660  0.538  0.328  0.539  0.778  1.000  0.806  0.642  0.544  0.392  0.374  0.166  0.063 -0.065  0.127  0.215  0.014 -0.020 -0.195 -0.343 -0.323 -0.143  0.043  0.272  0.436  0.447  0.420  0.323  0.186 -0.321 -0.540 -0.603 -0.579
 -0.474 -0.471 -0.357 -0.250  0.036  0.095  0.095 -0.008  0.037  0.030 -0.004 -0.070 -0.109 -0.305 -0.309 -0.416 -0.361 -0.355 -0.214 -0.095  0.016  0.360  0.582  0.510  0.309  0.305  0.411  0.286  0.089  0.132  0.152  0.005 -0.059  0.007  0.085  0.182  0.274  0.344  0.328  0.362  0.440  0.448  0.594  0.585  0.513  0.288  0.374  0.580  0.806  1.000  0.854  0.686  0.513  0.521  0.296  0.170  0.017  0.230  0.311  0.080  0.042 -0.159 -0.350 -0.358 -0.160  0.003  0.233  0.358  0.407  0.393  0.311  0.171 -0.311 -0.514 -0.582 -0.553
 -0.493 -0.537 -0.419 -0.344 -0.033  0.035  0.052 -0.022  0.018  0.022 -0.047 -0.146 -0.180 -0.385 -0.351 -0.435 -0.323 -0.303 -0.157  0.001  0.145  0.517  0.687  0.641  0.448  0.361  0.461  0.375  0.160  0.167  0.199  0.056 -0.022  0.031  0.119  0.205  0.298  0.359  0.324  0.350  0.425  0.375  0.496  0.484  0.419  0.252  0.309  0.455  0.642  0.854  1.000  0.860  0.721  0.693  0.444  0.250  0.075  0.311  0.331  0.065  0.009 -0.204 -0.411 -0.452 -0.240 -0.086  0.161  0.285  0.364  0.341  0.285  0.124 -0.321 -0.513 -0.580 -0.545
 -0.467 -0.529 -0.431 -0.370 -0.058  0.005  0.032 -0.034  0.002  0.017 -0.049 -0.144 -0.150 -0.345 -0.282 -0.361 -0.232 -0.234 -0.141  0.048  0.251  0.635  0.790  0.799  0.606  0.484  0.580  0.499  0.278  0.263  0.277  0.144  0.069  0.097  0.177  0.233  0.291  0.352  0.283  0.306  0.396  0.260  0.386  0.382  0.323  0.224  0.288  0.404  0.544  0.686  0.860  1.000  0.847  0.710  0.461  0.209  0.007  0.222  0.179 -0.084 -0.127 -0.293 -0.455 -0.500 -0.332 -0.174  0.073  0.208  0.308  0.250  0.212  0.053 -0.327 -0.502 -0.558 -0.514
 -0.385 -0.501 -0.428 -0.438 -0.176 -0.119 -0.043 -0.046 -0.029 -0.022 -0.153 -0.280 -0.283 -0.440 -0.335 -0.349 -0.154 -0.083  0.041  0.244  0.402  0.714  0.703  0.713  0.580  0.391  0.424  0.392  0.191  0.143  0.167  0.060 -0.016 -0.010  0.065  0.124  0.190  0.238  0.196  0.221  0.278  0.171  0.257  0.267  0.218  0.155  0.217  0.286  0.392  0.513  0.721  0.847  1.000  0.854  0.637  0.376  0.221  0.404  0.289  0.064 -0.018 -0.199 -0.372 -0.467 -0.306 -0.231 -0.008  0.091  0.183  0.145  0.140  0.008 -0.275 -0.376 -0.432 -0.397
 -0.304 -0.456 -0.403 -0.465 -0.271 -0.219 -0.117 -0.076 -0.067 -0.062 -0.248 -0.389 -0.408 -0.527 -0.418 -0.354 -0.118  0.025  0.212  0.410  0.506  0.757  0.657  0.563  0.461  0.263  0.232  0.201  0.009 -0.054 -0.019 -0.113 -0.183 -0.173 -0.102 -0.019  0.077  0.130  0.131  0.152  0.185  0.156  0.219  0.239  0.214  0.121  0.179  0.252  0.374  0.521  0.693  0.710  0.854  1.000  0.839  0.604  0.468  0.641  0.506  0.300  0.187 -0.038 -0.241 -0.369 -0.193 -0.200 -0.024  0.030  0.098  0.105  0.115  0.014 -0.245 -0.278 -0.343 -0.318
 -0.080 -0.267 -0.278 -0.424 -0.375 -0.356 -0.239 -0.127 -0.136 -0.118 -0.337 -0.459 -0.467 -0.489 -0.364 -0.195  0.070  0.272  0.471  0.635  0.651  0.706  0.490  0.371  0.337  0.095  0.008  0.007 -0.156 -0.251 -0.213 -0.257 -0.308 -0.316 -0.270 -0.198 -0.107 -0.066 -0.041 -0.036 -0.032 -0.029  0.006  0.034  0.062  0.018  0.042  0.084  0.166  0.296  0.444  0.461  0.637  0.839  1.000  0.818  0.691  0.758  0.581  0.463  0.348  0.132 -0.040 -0.201 -0.076 -0.197 -0.125 -0.150 -0.111 -0.076 -0.030 -0.062 -0.146 -0.059 -0.110 -0.098
  0.074 -0.081 -0.127 -0.299 -0.377 -0.370 -0.274 -0.132 -0.162 -0.171 -0.368 -0.433 -0.446 -0.398 -0.310 -0.111  0.118  0.343  0.587  0.622  0.528  0.475  0.278  0.113  0.106 -0.069 -0.188 -0.201 -0.308 -0.392 -0.363 -0.371 -0.393 -0.401 -0.383 -0.316 -0.233 -0.201 -0.150 -0.153 -0.170 -0.113 -0.093 -0.048  0.025 -0.013 -0.012  0.008  0.063  0.170  0.250  0.209  0.376  0.604  0.818  1.000  0.833  0.774  0.697  0.662  0.601  0.353  0.172  0.007  0.109 -0.096 -0.122 -0.193 -0.215 -0.154 -0.101 -0.081 -0.074  0.075  0.038  0.036
  0.194  0.024 -0.037 -0.259 -0.429 -0.446 -0.341 -0.139 -0.162 -0.153 -0.408 -0.485 -0.503 -0.394 -0.311 -0.063  0.146  0.427  0.670  0.687  0.478  0.334  0.077 -0.083 -0.050 -0.216 -0.371 -0.358 -0.412 -0.498 -0.468 -0.437 -0.436 -0.456 -0.463 -0.412 -0.341 -0.317 -0.246 -0.266 -0.305 -0.210 -0.215 -0.153 -0.063 -0.065 -0.076 -0.083 -0.065  0.017  0.075  0.007  0.221  0.468  0.691  0.833  1.000  0.872  0.722  0.773  0.619  0.422  0.296  0.131  0.179 -0.071 -0.151 -0.283 -0.330 -0.256 -0.183 -0.128  0.012  0.237  0.216  0.197
 -0.002 -0.170 -0.149 -0.316 -0.378 -0.367 -0.274 -0.130 -0.130 -0.115 -0.371 -0.479 -0.516 -0.495 -0.423 -0.240 -0.028  0.238  0.503  0.570  0.405  0.407  0.219  0.075  0.044 -0.120 -0.214 -0.222 -0.316 -0.380 -0.343 -0.349 -0.367 -0.374 -0.358 -0.292 -0.213 -0.178 -0.122 -0.125 -0.132 -0.068 -0.042  0.017  0.069  0.018  0.032  0.060  0.127  0.230  0.311  0.222  0.404  0.641  0.758  0.774  0.872  1.000  0.854  0.752  0.553  0.312  0.151  0.002  0.106 -0.062 -0.057 -0.148 -0.171 -0.117 -0.066 -0.074 -0.104  0.050  0.026  0.021
 -0.046 -0.151 -0.105 -0.223 -0.283 -0.261 -0.203 -0.098 -0.113 -0.134 -0.317 -0.380 -0.428 -0.427 -0.397 -0.278 -0.121  0.108  0.367  0.400  0.224  0.249  0.163  0.017 -0.051 -0.137 -0.188 -0.230 -0.314 -0.341 -0.308 -0.326 -0.341 -0.334 -0.317 -0.248 -0.164 -0.124 -0.070 -0.070 -0.067  0.012  0.051  0.110  0.159  0.067  0.089  0.131  0.215  0.311  0.331  0.179  0.289  0.506  0.581  0.697  0.722  0.854  1.000  0.830  0.691  0.390  0.196  0.060  0.183  0.028  0.034 -0.037 -0.085 -0.032 -0.005 -0.024 -0.124 -0.018 -0.046 -0.050
  0.153  0.051  0.038 -0.130 -0.315 -0.321 -0.264 -0.117 -0.129 -0.145 -0.342 -0.380 -0.418 -0.330 -0.304 -0.135 -0.007  0.237  0.464  0.444  0.210  0.118 -0.039 -0.205 -0.205 -0.270 -0.389 -0.412 -0.428 -0.473 -0.454 -0.420 -0.411 -0.423 -0.438 -0.386 -0.314 -0.289 -0.219 -0.230 -0.264 -0.137 -0.129 -0.055  0.038  0.000 -0.010 -0.011  0.014  0.080  0.065 -0.084  0.064  0.300  0.463  0.662  0.773  0.752  0.830  1.000  0.826  0.546  0.384  0.237  0.296  0.065 -0.024 -0.159 -0.252 -0.188 -0.137 -0.086 -0.009  0.194  0.177  0.160
  0.214  0.159  0.113 -0.053 -0.270 -0.283 -0.250 -0.107 -0.153 -0.201 -0.345 -0.321 -0.350 -0.234 -0.215 -0.049  0.041  0.223  0.403  0.345  0.149  0.044 -0.083 -0.235 -0.234 -0.283 -0.393 -0.422 -0.433 -0.472 -0.465 -0.428 -0.402 -0.409 -0.434 -0.389 -0.336 -0.322 -0.258 -0.255 -0.283 -0.169 -0.149 -0.057  0.069  0.022 -0.010 -0.017 -0.020  0.042  0.009 -0.127 -0.018  0.187  0.348  0.601  0.619  0.553  0.691  0.826  1.000  0.761  0.524  0.344  0.437  0.137  0.006 -0.126 -0.243 -0.185 -0.140 -0.077  0.017  0.211  0.191  0.174
  0.436  0.379  0.297  0.066 -0.266 -0.313 -0.296 -0.134 -0.190 -0.206 -0.333 -0.272 -0.281 -0.074 -0.049  0.158  0.182  0.300  0.375  0.259  0.080 -0.109 -0.244 -0.355 -0.323 -0.361 -0.476 -0.489 -0.450 -0.496 -0.507 -0.429 -0.375 -0.399 -0.455 -0.443 -0.427 -0.430 -0.374 -0.389 -0.424 -0.325 -0.310 -0.196 -0.010 -0.009 -0.083 -0.116 -0.195 -0.159 -0.204 -0.293 -0.199 -0.038  0.132  0.353  0.422  0.312  0.390  0.546  0.761  1.000  0.765  0.543  0.556  0.194 -0.048 -0.227 -0.361 -0.317 -0.255 -0.146  0.117  0.369  0.372  0.346
  0.652  0.601  0.508  0.260 -0.192 -0.282 -0.316 -0.173 -0.213 -0.177 -0.307 -0.195 -0.172  0.121  0.170  0.415  0.374  0.415  0.365  0.218  0.055 -0.232 -0.383 -0.462 -0.393 -0.421 -0.546 -0.538 -0.455 -0.507 -0.534 -0.421 -0.343 -0.387 -0.471 -0.495 -0.509 -0.519 -0.459 -0.494 -0.530 -0.433 -0.423 -0.315 -0.141 -0.097 -0.180 -0.225 -0.343 -0.350 -0.411 -0.455 -0.372 -0.241 -0.040  0.172  0.296  0.151  0.196  0.384  0.524  0.765  1.000  0.813  0.606  0.280 -0.048 -0.284 -0.440 -0.406 -0.342 -0.208  0.165  0.474  0.503  0.472
  0.569  0.634  0.614  0.479  0.017 -0.082 -0.219 -0.162 -0.190 -0.119 -0.159 -0.006  0.007  0.288  0.269  0.385  0.262  0.255  0.204  0.035 -0.115 -0.373 -0.450 -0.508 -0.459 -0.419 -0.506 -0.521 -0.400 -0.406 -0.456 -0.351 -0.246 -0.276 -0.382 -0.417 -0.464 -0.475 -0.425 -0.450 -0.460 -0.378 -0.358 -0.249 -0.100 -0.081 -0.151 -0.199 -0.323 -0.358 -0.452 -0.500 -0.467 -0.369 -0.201  0.007  0.131  0.002  0.060  0.237  0.344  0.543  0.813  1.000  0.766  0.497  0.121 -0.145 -0.336 -0.320 -0.289 -0.173  0.148  0.394  0.444  0.414
  0.306  0.381  0.453  0.431  0.109  0.046 -0.118 -0.118 -0.155 -0.115 -0.134 -0.000 -0.030  0.139  0.077  0.094  0.034  0.074  0.141  0.001 -0.150 -0.292 -0.322 -0.400 -0.408 -0.358 -0.406 -0.460 -0.377 -0.342 -0.389 -0.339 -0.240 -0.236 -0.326 -0.320 -0.353 -0.359 -0.314 -0.304 -0.293 -0.215 -0.179 -0.046  0.105  0.026 -0.032 -0.060 -0.143 -0.160 -0.240 -0.332 -0.306 -0.193 -0.076  0.109  0.179  0.106  0.183  0.296  0.437  0.556  0.606  0.766  1.000  0.686  0.337  0.061 -0.149 -0.148 -0.145 -0.087  0.073  0.210  0.235  0.211
  0.062  0.181  0.382  0.595  0.433  0.387  0.091 -0.099 -0.054  0.047  0.081  0.206  0.166  0.217  0.111 -0.013 -0.113 -0.157 -0.115 -0.221 -0.291 -0.311 -0.219 -0.251 -0.321 -0.211 -0.161 -0.251 -0.189 -0.096 -0.151 -0.156 -0.071 -0.045 -0.116 -0.107 -0.145 -0.137 -0.121 -0.101 -0.045 -0.003  0.057  0.166  0.242  0.109  0.069  0.078  0.043  0.003 -0.086 -0.174 -0.231 -0.200 -0.197 -0.096 -0.071 -0.062  0.028  0.065  0.137  0.194  0.280  0.497  0.686  1.000  0.700  0.333  0.107  0.059 -0.006 -0.018 -0.072 -0.070 -0.029 -0.034
 -0.200 -0.079  0.160  0.438  0.581  0.533  0.248  0.011  0.064  0.093  0.131  0.211  0.180  0.072 -0.001 -0.192 -0.260 -0.308 -0.258 -0.278 -0.279 -0.164 -0.015 -0.017 -0.144 -0.055  0.070 -0.029 -0.051  0.064  0.033 -0.035  0.008  0.055  0.038  0.072  0.055  0.070  0.069  0.125  0.220  0.235  0.341  0.448  0.421  0.249  0.229  0.252  0.272  0.233  0.161  0.073 -0.008 -0.024 -0.125 -0.122 -0.151 -0.057  0.034 -0.024  0.006 -0.048 -0.048  0.121  0.337  0.700  1.000  0.657  0.423  0.304  0.180  0.070 -0.195 -0.327 -0.319 -0.311
 -0.425 -0.283 -0.136  0.170  0.491  0.602  0.511  0.271  0.206  0.038  0.197  0.260  0.224 -0.003 -0.104 -0.331 -0.396 -0.473 -0.417 -0.402 -0.329 -0.091  0.127  0.140  0.006  0.118  0.280  0.169  0.097  0.254  0.240  0.096  0.104  0.199  0.235  0.304  0.299  0.319  0.328  0.412  0.527  0.529  0.646  0.707  0.541  0.315  0.361  0.362  0.436  0.358  0.285  0.208  0.091  0.030 -0.150 -0.193 -0.283 -0.148 -0.037 -0.159 -0.126 -0.227 -0.284 -0.145  0.061  0.333  0.657  1.000  0.787  0.601  0.404  0.208 -0.237 -0.563 -0.587 -0.568
 -0.509 -0.385 -0.277  0.004  0.424  0.538  0.458  0.215  0.152  0.047  0.232  0.240  0.213 -0.051 -0.127 -0.361 -0.406 -0.494 -0.449 -0.390 -0.267  0.011  0.230  0.273  0.156  0.226  0.410  0.335  0.218  0.375  0.388  0.208  0.185  0.306  0.388  0.460  0.459  0.455  0.472  0.611  0.720  0.689  0.707  0.635  0.405  0.187  0.267  0.315  0.447  0.407  0.364  0.308  0.183  0.098 -0.111 -0.215 -0.330 -0.171 -0.085 -0.252 -0.243 -0.361 -0.440 -0.336 -0.149  0.107  0.423  0.787  1.000  0.818  0.633  0.399 -0.199 -0.629 -0.689 -0.671
 -0.453 -0.350 -0.279 -0.046  0.309  0.420  0.331  0.123  0.102  0.055  0.189  0.184  0.149 -0.073 -0.143 -0.335 -0.365 -0.434 -0.381 -0.331 -0.220  0.027  0.208  0.205  0.131  0.189  0.329  0.262  0.131  0.299  0.336  0.128  0.103  0.268  0.369  0.479  0.493  0.476  0.539  0.707  0.756  0.788  0.692  0.572  0.318  0.086  0.187  0.261  0.420  0.393  0.341  0.250  0.145  0.105 -0.076 -0.154 -0.256 -0.117 -0.032 -0.188 -0.185 -0.317 -0.406 -0.320 -0.148  0.059  0.304  0.601  0.818  1.000  0.816  0.590 -0.101 -0.584 -0.678 -0.672
 -0.383 -0.312 -0.267 -0.105  0.176  0.275  0.180  0.064  0.018  0.028  0.127  0.083  0.039 -0.125 -0.170 -0.304 -0.308 -0.351 -0.296 -0.243 -0.156  0.045  0.174  0.178  0.119  0.141  0.261  0.215  0.092  0.231  0.281  0.100  0.067  0.220  0.325  0.419  0.437  0.405  0.494  0.705  0.686  0.661  0.540  0.413  0.198  0.018  0.107  0.176  0.323  0.311  0.285  0.212  0.140  0.115 -0.030 -0.101 -0.183 -0.066 -0.005 -0.137 -0.140 -0.255 -0.342 -0.289 -0.145 -0.006  0.180  0.404  0.633  0.816  1.000  0.809  0.067 -0.460 -0.592 -0.602
 -0.233 -0.174 -0.170 -0.063  0.102  0.161  0.088 -0.014 -0.018  0.037  0.115  0.091  0.043 -0.047 -0.098 -0.180 -0.187 -0.222 -0.193 -0.175 -0.121 -0.015  0.060  0.039  0.035  0.073  0.119  0.090  0.026  0.125  0.160  0.027 -0.004  0.119  0.204  0.288  0.319  0.268  0.360  0.581  0.493  0.531  0.380  0.246  0.076 -0.060  0.007  0.061  0.186  0.171  0.124  0.053  0.008  0.014 -0.062 -0.081 -0.128 -0.074 -0.024 -0.086 -0.077 -0.146 -0.208 -0.173 -0.087 -0.018  0.070  0.208  0.399  0.590  0.809  1.000  0.192 -0.269 -0.425 -0.450
  0.241  0.234  0.121  0.027 -0.123 -0.143 -0.143 -0.005 -0.139 -0.154 -0.116 -0.062 -0.036  0.093  0.101  0.173  0.149  0.172  0.112  0.054 -0.018 -0.177 -0.277 -0.288 -0.179 -0.193 -0.295 -0.243 -0.171 -0.216 -0.211 -0.153 -0.140 -0.152 -0.154 -0.149 -0.147 -0.206 -0.157 -0.115 -0.234 -0.150 -0.244 -0.289 -0.258 -0.201 -0.255 -0.290 -0.321 -0.311 -0.321 -0.327 -0.275 -0.245 -0.146 -0.074  0.012 -0.104 -0.124 -0.009  0.017  0.117  0.165  0.148  0.073 -0.072 -0.195 -0.237 -0.199 -0.101  0.067  0.192  1.000  0.472  0.247  0.133
  0.518  0.421  0.285  0.040 -0.336 -0.422 -0.411 -0.188 -0.229 -0.205 -0.323 -0.244 -0.210  0.055  0.095  0.324  0.333  0.431  0.375  0.283  0.121 -0.194 -0.429 -0.473 -0.317 -0.372 -0.578 -0.489 -0.328 -0.478 -0.515 -0.311 -0.266 -0.394 -0.474 -0.541 -0.554 -0.580 -0.547 -0.600 -0.672 -0.575 -0.616 -0.579 -0.409 -0.259 -0.358 -0.407 -0.540 -0.514 -0.513 -0.502 -0.376 -0.278 -0.059  0.075  0.237  0.050 -0.018  0.194  0.211  0.369  0.474  0.394  0.210 -0.070 -0.327 -0.563 -0.629 -0.584 -0.460 -0.269  0.472  1.000  0.815  0.670
  0.547  0.471  0.337  0.104 -0.312 -0.403 -0.419 -0.224 -0.244 -0.181 -0.284 -0.205 -0.175  0.098  0.131  0.359  0.343  0.429  0.361  0.255  0.077 -0.260 -0.497 -0.522 -0.365 -0.413 -0.624 -0.533 -0.331 -0.493 -0.551 -0.309 -0.242 -0.398 -0.507 -0.599 -0.631 -0.651 -0.648 -0.714 -0.764 -0.680 -0.694 -0.639 -0.446 -0.263 -0.383 -0.451 -0.603 -0.582 -0.580 -0.558 -0.432 -0.343 -0.110  0.038  0.216  0.026 -0.046  0.177  0.191  0.372  0.503  0.444  0.235 -0.029 -0.319 -0.587 -0.689 -0.678 -0.592 -0.425  0.247  0.815  1.000  0.913
