  1.000  0.814  0.791  0.604 -0.281 -0.444 -0.672 -0.678 -0.362  0.017  0.141  0.160  0.243  0.476  0.531  0.735  0.710  0.629  0.616  0.421  0.150 -0.449 -0.617 -0.489 -0.548 -0.483 -0.446 -0.351 -0.394 -0.330 -0.484 -0.660 -0.597 -0.225 -0.199 -0.375 -0.381 -0.531 -0.239 -0.531 -0.523 -0.639 -0.484 -0.495 -0.127  0.122 -0.178 -0.448 -0.698 -0.538 -0.584 -0.498 -0.472 -0.402 -0.132  0.152  0.308 -0.090 -0.529  0.070  0.505  0.614  0.872  0.783  0.503  0.383 -0.204 -0.556 -0.709 -0.764 -0.484  0.099  0.339  0.581  0.519  0.416
  0.814  1.000  0.918  0.757 -0.191 -0.368 -0.637 -0.730 -0.283  0.157 -0.086  0.150  0.227  0.607  0.627  0.470  0.526  0.575  0.511  0.528  0.113 -0.546 -0.633 -0.461 -0.265 -0.317 -0.272 -0.074 -0.086 -0.260 -0.324 -0.433 -0.502 -0.469 -0.507 -0.588 -0.466 -0.678 -0.356 -0.605 -0.649 -0.751 -0.574 -0.456 -0.233  0.143 -0.248 -0.478 -0.628 -0.576 -0.603 -0.512 -0.614 -0.633 -0.312 -0.075  0.096 -0.249 -0.621  0.002  0.462  0.552  0.717  0.732  0.310  0.502 -0.115 -0.482 -0.730 -0.743 -0.639 -0.183  0.098  0.629  0.666  0.628
  0.791  0.918  1.000  0.777 -0.160 -0.366 -0.655 -0.745 -0.374 -0.064 -0.079  0.121  0.294  0.688  0.684  0.443  0.529  0.479  0.372  0.480  0.178 -0.415 -0.513 -0.404 -0.306 -0.391 -0.308 -0.144 -0.165 -0.216 -0.248 -0.456 -0.462 -0.237 -0.294 -0.428 -0.245 -0.506 -0.211 -0.462 -0.549 -0.606 -0.415 -0.330 -0.096  0.170 -0.173 -0.454 -0.568 -0.441 -0.419 -0.367 -0.520 -0.526 -0.244 -0.023  0.056 -0.266 -0.611 -0.036  0.415  0.478  0.761  0.799  0.351  0.459 -0.169 -0.416 -0.582 -0.603 -0.480 -0.149  0.094  0.510  0.501  0.522
  0.604  0.757  0.777  1.000  0.219  0.151 -0.267 -0.492 -0.162  0.139  0.141  0.431  0.312  0.526  0.450  0.190  0.176  0.106  0.108  0.052 -0.276 -0.725 -0.626 -0.415 -0.189 -0.414 -0.366 -0.084 -0.089 -0.147 -0.181 -0.357 -0.373 -0.104 -0.142 -0.213 -0.125 -0.388 -0.129 -0.110 -0.268 -0.438 -0.194  0.031  0.230  0.434  0.153 -0.066 -0.347 -0.540 -0.520 -0.532 -0.660 -0.623 -0.532 -0.189 -0.244 -0.539 -0.689 -0.117  0.207  0.307  0.498  0.541  0.275  0.681  0.043 -0.002 -0.277 -0.394 -0.211  0.091  0.129  0.368  0.245  0.208
 -0.281 -0.191 -0.160  0.219  1.000  0.887  0.695  0.497  0.282  0.041  0.295  0.810  0.625  0.243  0.069 -0.410 -0.419 -0.542 -0.563 -0.611 -0.611 -0.306  0.004  0.242  0.084 -0.376 -0.096  0.144  0.121  0.231  0.174  0.281  0.222  0.304  0.199  0.222  0.341  0.296  0.077  0.497  0.663  0.347  0.322  0.306  0.278  0.076  0.327  0.448  0.287  0.034  0.021  0.019 -0.231 -0.354 -0.508 -0.236 -0.625 -0.531 -0.055 -0.113 -0.128 -0.520 -0.380 -0.323 -0.039  0.185  0.560  0.684  0.587  0.537  0.306  0.236 -0.016 -0.507 -0.472 -0.373
 -0.444 -0.368 -0.366  0.151  0.887  1.000  0.861  0.676  0.563  0.154  0.335  0.681  0.476  0.043 -0.145 -0.492 -0.581 -0.702 -0.708 -0.786 -0.700 -0.295  0.059  0.217  0.243 -0.193 -0.085  0.169  0.162  0.219  0.241  0.381  0.361  0.319  0.248  0.343  0.317  0.291  0.096  0.662  0.786  0.570  0.535  0.619  0.470  0.253  0.494  0.650  0.546  0.162  0.174  0.134 -0.049 -0.208 -0.562 -0.381 -0.679 -0.576 -0.082 -0.308 -0.429 -0.589 -0.583 -0.480 -0.153  0.135  0.528  0.852  0.756  0.667  0.401  0.217 -0.096 -0.594 -0.593 -0.599
 -0.672 -0.637 -0.655 -0.267  0.695  0.861  1.000  0.895  0.688  0.093  0.197  0.358  0.390 -0.164 -0.261 -0.458 -0.551 -0.616 -0.709 -0.691 -0.388  0.123  0.340  0.483  0.515  0.168  0.177  0.283  0.310  0.291  0.282  0.428  0.392  0.177  0.160  0.304  0.287  0.474  0.227  0.710  0.868  0.777  0.653  0.610  0.286  0.034  0.364  0.655  0.760  0.507  0.409  0.454  0.325  0.121 -0.237 -0.322 -0.535 -0.297  0.085 -0.408 -0.543 -0.753 -0.868 -0.807 -0.515 -0.353  0.354  0.813  0.859  0.784  0.390  0.187 -0.175 -0.712 -0.714 -0.694
 -0.678 -0.730 -0.745 -0.492  0.497  0.676  0.895  1.000  0.687 -0.073  0.077  0.159  0.277 -0.378 -0.426 -0.417 -0.476 -0.476 -0.520 -0.569 -0.301  0.219  0.306  0.447  0.436  0.079  0.036  0.138  0.250  0.101  0.083  0.376  0.425  0.165  0.160  0.182  0.118  0.339 -0.042  0.462  0.748  0.698  0.448  0.474  0.236  0.077  0.381  0.563  0.717  0.555  0.525  0.532  0.458  0.244 -0.143 -0.259 -0.335 -0.163  0.178 -0.320 -0.552 -0.734 -0.782 -0.814 -0.434 -0.502  0.394  0.691  0.784  0.641  0.232 -0.012 -0.243 -0.591 -0.531 -0.531
 -0.362 -0.283 -0.374 -0.162  0.282  0.563  0.688  0.687  1.000  0.436  0.351  0.264  0.364  0.037 -0.068 -0.075 -0.117 -0.230 -0.412 -0.459 -0.207 -0.005  0.021  0.090  0.457  0.218  0.064  0.316  0.359  0.186  0.232  0.361  0.341 -0.174 -0.279 -0.116 -0.221 -0.120 -0.141  0.256  0.550  0.571  0.361  0.447  0.106  0.046  0.073  0.328  0.599  0.334  0.305  0.425  0.330 -0.082 -0.409 -0.526 -0.476 -0.473 -0.201 -0.759 -0.507 -0.419 -0.577 -0.465 -0.428 -0.272  0.136  0.429  0.467  0.458 -0.106 -0.229 -0.406 -0.509 -0.244 -0.348
  0.017  0.157 -0.064  0.139  0.041  0.154  0.093 -0.073  0.436  1.000  0.663  0.336 -0.055  0.129  0.112  0.133  0.258  0.188 -0.019 -0.301 -0.253 -0.330 -0.429 -0.483  0.077  0.347  0.060  0.345  0.458  0.424  0.381  0.256  0.037 -0.268 -0.400 -0.114 -0.193 -0.237  0.083 -0.100 -0.081 -0.108 -0.110 -0.094 -0.299 -0.191 -0.402 -0.252 -0.218 -0.511 -0.527 -0.425 -0.323 -0.518 -0.408 -0.353 -0.352 -0.321 -0.081 -0.373  0.036  0.328 -0.094 -0.062 -0.160  0.225 -0.169 -0.192 -0.274 -0.046 -0.097  0.099  0.054 -0.035  0.144  0.074
  0.141 -0.086 -0.079  0.141  0.295  0.335  0.197  0.077  0.351  0.663  1.000  0.594  0.254  0.217  0.146  0.273  0.372  0.047 -0.128 -0.591 -0.355 -0.266 -0.394 -0.478 -0.292 -0.085 -0.252 -0.035  0.066  0.375  0.255  0.037  0.073  0.269  0.090  0.219  0.091  0.033  0.228  0.153  0.271  0.157  0.118  0.055  0.044 -0.094 -0.144 -0.067 -0.180 -0.395 -0.334 -0.283 -0.185 -0.341 -0.333 -0.084 -0.315 -0.344  0.007 -0.351  0.095  0.245  0.069  0.010  0.094  0.182 -0.053 -0.012  0.002  0.169  0.247  0.356  0.188 -0.310 -0.225 -0.252
  0.160  0.150  0.121  0.431  0.810  0.681  0.358  0.159  0.264  0.336  0.594  1.000  0.655  0.506  0.345  0.036 -0.035 -0.217 -0.256 -0.480 -0.580 -0.506 -0.333 -0.122 -0.184 -0.529 -0.300  0.048 -0.055  0.137  0.093  0.044 -0.061  0.131  0.008  0.040  0.096 -0.076 -0.048  0.204  0.382  0.074  0.085  0.063  0.215 -0.032  0.039  0.092 -0.103 -0.350 -0.373 -0.315 -0.524 -0.629 -0.659 -0.310 -0.587 -0.661 -0.276 -0.212  0.005 -0.127  0.053  0.081  0.254  0.426  0.389  0.328  0.171  0.216  0.085  0.294  0.183 -0.232 -0.140 -0.168
  0.243  0.227  0.294  0.312  0.625  0.476  0.390  0.277  0.364 -0.055  0.254  0.655  1.000  0.702  0.639  0.262  0.187  0.051 -0.187 -0.181 -0.136 -0.143 -0.164  0.119  0.030 -0.442 -0.289 -0.086 -0.099 -0.086 -0.184 -0.217 -0.146 -0.073 -0.194 -0.215 -0.085 -0.085 -0.084  0.156  0.419  0.224  0.197  0.137  0.176  0.029  0.101  0.143  0.128  0.136  0.008  0.198 -0.120 -0.376 -0.380 -0.184 -0.330 -0.439 -0.429 -0.440 -0.029 -0.258 -0.015 -0.030 -0.097 -0.104  0.328  0.372  0.243  0.206 -0.122  0.083  0.016 -0.265 -0.254 -0.218
  0.476  0.607  0.688  0.526  0.243  0.043 -0.164 -0.378  0.037  0.129  0.217  0.506  0.702  1.000  0.938  0.449  0.384  0.262  0.037  0.176  0.102 -0.137 -0.204 -0.155 -0.121 -0.296 -0.151 -0.054 -0.206 -0.076 -0.016 -0.289 -0.289 -0.221 -0.386 -0.295 -0.139 -0.321 -0.001 -0.074 -0.057 -0.100  0.021 -0.032  0.064 -0.141 -0.269 -0.239 -0.214 -0.151 -0.230 -0.046 -0.339 -0.484 -0.261 -0.112 -0.209 -0.335 -0.441 -0.342  0.182  0.211  0.369  0.455  0.100  0.215  0.028 -0.046 -0.215 -0.028 -0.182 -0.025  0.049  0.021  0.064  0.089
  0.531  0.627  0.684  0.450  0.069 -0.145 -0.261 -0.426 -0.068  0.112  0.146  0.345  0.639  0.938  1.000  0.608  0.510  0.505  0.222  0.326  0.253 -0.005 -0.266 -0.182 -0.065 -0.189 -0.203 -0.146 -0.208 -0.193 -0.162 -0.492 -0.495 -0.374 -0.486 -0.393 -0.228 -0.337  0.028 -0.193 -0.243 -0.211 -0.072 -0.127  0.010 -0.197 -0.360 -0.396 -0.339 -0.191 -0.346 -0.123 -0.369 -0.437 -0.109 -0.055 -0.050 -0.141 -0.437 -0.316  0.174  0.332  0.421  0.374 -0.023  0.029 -0.073 -0.168 -0.368 -0.183 -0.220  0.076  0.224  0.237  0.127  0.142
  0.735  0.470  0.443  0.190 -0.410 -0.492 -0.458 -0.417 -0.075  0.133  0.273  0.036  0.262  0.449  0.608  1.000  0.823  0.771  0.665  0.490  0.521  0.108 -0.362 -0.251 -0.193 -0.070 -0.193 -0.261 -0.343 -0.317 -0.412 -0.774 -0.709 -0.483 -0.451 -0.494 -0.514 -0.435 -0.062 -0.424 -0.410 -0.316 -0.284 -0.384 -0.135 -0.276 -0.494 -0.510 -0.438 -0.214 -0.428 -0.180 -0.120 -0.071  0.219  0.145  0.350  0.115 -0.403 -0.280  0.256  0.494  0.591  0.387  0.028 -0.179 -0.432 -0.566 -0.584 -0.522 -0.400  0.142  0.278  0.442  0.352  0.229
  0.710  0.526  0.529  0.176 -0.419 -0.581 -0.551 -0.476 -0.117  0.258  0.372 -0.035  0.187  0.384  0.510  0.823  1.000  0.856  0.622  0.413  0.476 -0.021 -0.510 -0.455 -0.313 -0.034 -0.182 -0.133 -0.010 -0.008 -0.232 -0.503 -0.458 -0.331 -0.419 -0.501 -0.436 -0.394 -0.088 -0.604 -0.481 -0.467 -0.499 -0.614 -0.488 -0.255 -0.563 -0.657 -0.605 -0.365 -0.430 -0.231 -0.133 -0.247  0.129  0.183  0.309  0.067 -0.271 -0.202  0.538  0.586  0.619  0.450  0.054 -0.107 -0.473 -0.751 -0.686 -0.601 -0.507 -0.047  0.115  0.342  0.451  0.478
  0.629  0.575  0.479  0.106 -0.542 -0.702 -0.616 -0.476 -0.230  0.188  0.047 -0.217  0.051  0.262  0.505  0.771  0.856  1.000  0.811  0.627  0.494  0.030 -0.553 -0.438 -0.181  0.030 -0.253 -0.237 -0.029 -0.307 -0.470 -0.626 -0.592 -0.587 -0.613 -0.675 -0.624 -0.544 -0.271 -0.784 -0.744 -0.664 -0.673 -0.649 -0.453 -0.191 -0.534 -0.720 -0.670 -0.418 -0.528 -0.344 -0.247 -0.247  0.202  0.181  0.471  0.278 -0.226 -0.031  0.446  0.659  0.594  0.306 -0.051 -0.192 -0.331 -0.734 -0.831 -0.767 -0.584 -0.100  0.218  0.671  0.615  0.610
  0.616  0.511  0.372  0.108 -0.563 -0.708 -0.709 -0.520 -0.412 -0.019 -0.128 -0.256 -0.187  0.037  0.222  0.665  0.622  0.811  1.000  0.739  0.414 -0.072 -0.477 -0.379 -0.375 -0.155 -0.227 -0.416 -0.355 -0.583 -0.699 -0.701 -0.513 -0.509 -0.504 -0.657 -0.752 -0.654 -0.503 -0.828 -0.795 -0.778 -0.801 -0.643 -0.266 -0.041 -0.336 -0.473 -0.598 -0.420 -0.454 -0.372 -0.179 -0.011  0.364  0.457  0.721  0.434 -0.059  0.326  0.586  0.677  0.688  0.395  0.188  0.031 -0.128 -0.691 -0.829 -0.838 -0.531 -0.240  0.049  0.745  0.722  0.674
  0.421  0.528  0.480  0.052 -0.611 -0.786 -0.691 -0.569 -0.459 -0.301 -0.591 -0.480 -0.181  0.176  0.326  0.490  0.413  0.627  0.739  1.000  0.768  0.264 -0.011  0.106  0.049  0.100  0.220 -0.021 -0.170 -0.416 -0.395 -0.507 -0.545 -0.661 -0.567 -0.699 -0.541 -0.461 -0.305 -0.651 -0.732 -0.583 -0.562 -0.565 -0.377 -0.283 -0.493 -0.514 -0.334 -0.004 -0.153 -0.014 -0.016  0.138  0.484  0.239  0.532  0.374 -0.208  0.178  0.360  0.306  0.484  0.402 -0.030 -0.149 -0.366 -0.654 -0.632 -0.640 -0.622 -0.385 -0.127  0.637  0.678  0.688
  0.150  0.113  0.178 -0.276 -0.611 -0.700 -0.388 -0.301 -0.207 -0.253 -0.355 -0.580 -0.136  0.102  0.253  0.521  0.476  0.494  0.414  0.768  1.000  0.701  0.345  0.375  0.313  0.479  0.530  0.211  0.036 -0.011 -0.019 -0.341 -0.431 -0.509 -0.403 -0.443 -0.237 -0.007  0.170 -0.261 -0.341 -0.071 -0.114 -0.367 -0.443 -0.573 -0.630 -0.440 -0.011  0.393  0.149  0.376  0.401  0.453  0.701  0.191  0.377  0.405 -0.095 -0.178  0.140  0.027  0.128  0.096 -0.388 -0.589 -0.698 -0.578 -0.280 -0.227 -0.373 -0.193 -0.167  0.189  0.249  0.310
 -0.449 -0.546 -0.415 -0.725 -0.306 -0.295  0.123  0.219 -0.005 -0.330 -0.266 -0.506 -0.143 -0.137 -0.005  0.108 -0.021  0.030 -0.072  0.264  0.701  1.000  0.744  0.607  0.444  0.563  0.530  0.139  0.007  0.088  0.203 -0.015 -0.041 -0.105 -0.017  0.074  0.178  0.450  0.419  0.239  0.151  0.483  0.376  0.094 -0.094 -0.585 -0.345 -0.075  0.387  0.706  0.514  0.646  0.646  0.715  0.743  0.167  0.201  0.522  0.358 -0.154 -0.288 -0.316 -0.375 -0.419 -0.523 -0.829 -0.387 -0.051  0.265  0.397  0.223  0.026 -0.075 -0.243 -0.316 -0.242
 -0.617 -0.633 -0.513 -0.626  0.004  0.059  0.340  0.306  0.021 -0.429 -0.394 -0.333 -0.164 -0.204 -0.266 -0.362 -0.510 -0.553 -0.477 -0.011  0.345  0.744  1.000  0.802  0.387  0.412  0.686  0.291 -0.034  0.250  0.425  0.391  0.322  0.207  0.314  0.419  0.480  0.639  0.468  0.588  0.505  0.683  0.641  0.325  0.054 -0.398 -0.003  0.357  0.657  0.830  0.723  0.735  0.671  0.727  0.529  0.109 -0.011  0.324  0.421  0.028 -0.343 -0.609 -0.581 -0.362 -0.286 -0.468 -0.130  0.290  0.598  0.683  0.413  0.010 -0.226 -0.568 -0.525 -0.464
 -0.489 -0.461 -0.404 -0.415  0.242  0.217  0.483  0.447  0.090 -0.483 -0.478 -0.122  0.119 -0.155 -0.182 -0.251 -0.455 -0.438 -0.379  0.106  0.375  0.607  0.802  1.000  0.630  0.300  0.666  0.468  0.143  0.192  0.245  0.199 -0.034 -0.109  0.089  0.069  0.311  0.551  0.325  0.500  0.501  0.554  0.485  0.166 -0.043 -0.441 -0.059  0.292  0.632  0.795  0.509  0.631  0.460  0.511  0.345 -0.126 -0.200  0.051  0.020 -0.133 -0.379 -0.843 -0.599 -0.468 -0.457 -0.554 -0.135  0.319  0.615  0.508  0.091  0.077 -0.184 -0.401 -0.375 -0.316
 -0.548 -0.265 -0.306 -0.189  0.084  0.243  0.515  0.436  0.457  0.077 -0.292 -0.184  0.030 -0.121 -0.065 -0.193 -0.313 -0.181 -0.375  0.049  0.313  0.444  0.387  0.630  1.000  0.682  0.580  0.684  0.622  0.283  0.381  0.230 -0.134 -0.493 -0.348 -0.204  0.052  0.256  0.271  0.343  0.236  0.434  0.383  0.303 -0.098 -0.312 -0.215  0.062  0.571  0.521  0.226  0.397  0.239  0.150  0.018 -0.576 -0.471 -0.214 -0.288 -0.602 -0.634 -0.638 -0.703 -0.623 -0.836 -0.559 -0.318  0.264  0.435  0.359 -0.104 -0.011 -0.206 -0.168 -0.188 -0.182
 -0.483 -0.317 -0.391 -0.414 -0.376 -0.193  0.168  0.079  0.218  0.347 -0.085 -0.529 -0.442 -0.296 -0.189 -0.070 -0.034  0.030 -0.155  0.100  0.479  0.563  0.412  0.300  0.682  1.000  0.732  0.566  0.573  0.467  0.513  0.279  0.032 -0.349 -0.268  0.003  0.080  0.332  0.511  0.217 -0.005  0.287  0.280  0.105 -0.366 -0.439 -0.426 -0.092  0.326  0.339  0.145  0.277  0.404  0.369  0.410 -0.141 -0.058  0.261  0.164 -0.334 -0.256 -0.140 -0.558 -0.490 -0.757 -0.526 -0.593 -0.146  0.090  0.230  0.079  0.030 -0.160 -0.165 -0.165 -0.123
 -0.446 -0.272 -0.308 -0.366 -0.096 -0.085  0.177  0.036  0.064  0.060 -0.252 -0.300 -0.289 -0.151 -0.203 -0.193 -0.182 -0.253 -0.227  0.220  0.530  0.530  0.686  0.666  0.580  0.732  1.000  0.742  0.433  0.553  0.591  0.412  0.094 -0.254 -0.166 -0.014  0.192  0.413  0.452  0.292  0.194  0.312  0.275 -0.063 -0.460 -0.634 -0.466  0.035  0.423  0.504  0.292  0.436  0.441  0.421  0.440 -0.047 -0.136  0.127  0.161 -0.145 -0.040 -0.435 -0.515 -0.276 -0.519 -0.343 -0.499 -0.127  0.237  0.342 -0.011 -0.102 -0.392 -0.382 -0.130 -0.024
 -0.351 -0.074 -0.144 -0.084  0.144  0.169  0.283  0.138  0.316  0.345 -0.035  0.048 -0.086 -0.054 -0.146 -0.261 -0.133 -0.237 -0.416 -0.021  0.211  0.139  0.291  0.468  0.684  0.566  0.742  1.000  0.809  0.758  0.759  0.589 -0.004 -0.320 -0.228 -0.125  0.227  0.265  0.318  0.199  0.203  0.219  0.162 -0.134 -0.549 -0.560 -0.511 -0.200  0.236  0.190 -0.010  0.133  0.008 -0.159 -0.203 -0.635 -0.658 -0.471 -0.259 -0.449 -0.258 -0.533 -0.481 -0.206 -0.430 -0.136 -0.498 -0.107  0.224  0.239 -0.270 -0.038 -0.238 -0.288  0.057  0.112
 -0.394 -0.086 -0.165 -0.089  0.121  0.162  0.310  0.250  0.359  0.458  0.066 -0.055 -0.099 -0.206 -0.208 -0.343 -0.010 -0.029 -0.355 -0.170  0.036  0.007 -0.034  0.143  0.622  0.573  0.433  0.809  1.000  0.719  0.607  0.572  0.114 -0.251 -0.248 -0.156  0.147  0.216  0.203  0.031  0.081  0.077 -0.019 -0.139 -0.589 -0.282 -0.345 -0.234  0.102  0.001 -0.084  0.000 -0.050 -0.306 -0.297 -0.578 -0.575 -0.389 -0.156 -0.411 -0.182 -0.344 -0.497 -0.388 -0.548 -0.211 -0.346 -0.081  0.134  0.110 -0.259 -0.077 -0.193 -0.188  0.056  0.184
 -0.330 -0.260 -0.216 -0.147  0.231  0.219  0.291  0.101  0.186  0.424  0.375  0.137 -0.086 -0.076 -0.193 -0.317 -0.008 -0.307 -0.583 -0.416 -0.011  0.088  0.250  0.192  0.283  0.467  0.553  0.758  0.719  1.000  0.898  0.684  0.259  0.225  0.208  0.346  0.592  0.584  0.626  0.388  0.385  0.337  0.318 -0.078 -0.504 -0.472 -0.360 -0.125  0.097  0.056  0.007  0.057  0.047 -0.139 -0.163 -0.346 -0.594 -0.340  0.079 -0.284 -0.048 -0.331 -0.418 -0.170 -0.238 -0.046 -0.451 -0.079  0.280  0.401  0.153  0.238 -0.040 -0.555 -0.283 -0.141
 -0.484 -0.324 -0.248 -0.181  0.174  0.241  0.282  0.083  0.232  0.381  0.255  0.093 -0.184 -0.016 -0.162 -0.412 -0.232 -0.470 -0.699 -0.395 -0.019  0.203  0.425  0.245  0.381  0.513  0.591  0.759  0.607  0.898  1.000  0.759  0.321  0.222  0.211  0.423  0.637  0.533  0.617  0.485  0.382  0.464  0.469  0.147 -0.277 -0.471 -0.341 -0.089  0.233  0.155  0.140  0.146  0.071 -0.066 -0.175 -0.468 -0.671 -0.359  0.100 -0.337 -0.306 -0.372 -0.466 -0.141 -0.200  0.008 -0.412  0.041  0.367  0.557  0.266  0.154 -0.080 -0.553 -0.304 -0.224
 -0.660 -0.433 -0.456 -0.357  0.281  0.381  0.428  0.376  0.361  0.256  0.037  0.044 -0.217 -0.289 -0.492 -0.774 -0.503 -0.626 -0.701 -0.507 -0.341 -0.015  0.391  0.199  0.230  0.279  0.412  0.589  0.572  0.684  0.759  1.000  0.743  0.339  0.260  0.399  0.457  0.368  0.153  0.333  0.468  0.411  0.289  0.161 -0.253 -0.128  0.039  0.218  0.371  0.204  0.369  0.252  0.199 -0.054 -0.301 -0.360 -0.516 -0.280  0.346 -0.043 -0.235 -0.463 -0.602 -0.270 -0.050  0.093  0.103  0.258  0.460  0.556  0.177 -0.205 -0.348 -0.629 -0.233 -0.147
 -0.597 -0.502 -0.462 -0.373  0.222  0.361  0.392  0.425  0.341  0.037  0.073 -0.061 -0.146 -0.289 -0.495 -0.709 -0.458 -0.592 -0.513 -0.545 -0.431 -0.041  0.322 -0.034 -0.134  0.032  0.094 -0.004  0.114  0.259  0.321  0.743  1.000  0.584  0.359  0.462  0.244  0.220 -0.079  0.290  0.497  0.429  0.273  0.390  0.103  0.300  0.450  0.579  0.489  0.291  0.641  0.438  0.488  0.219 -0.071  0.160 -0.059  0.051  0.618  0.159 -0.010 -0.220 -0.475 -0.262  0.059  0.099  0.475  0.439  0.481  0.570  0.381 -0.412 -0.552 -0.697 -0.391 -0.280
 -0.225 -0.469 -0.237 -0.104  0.304  0.319  0.177  0.165 -0.174 -0.268  0.269  0.131 -0.073 -0.221 -0.374 -0.483 -0.331 -0.587 -0.509 -0.661 -0.509 -0.105  0.207 -0.109 -0.493 -0.349 -0.254 -0.320 -0.251  0.225  0.222  0.339  0.584  1.000  0.914  0.855  0.704  0.546  0.295  0.488  0.484  0.369  0.398  0.357  0.387  0.339  0.571  0.432  0.122  0.059  0.362  0.087  0.152  0.191 -0.052  0.288 -0.058  0.033  0.482  0.352  0.013 -0.098 -0.062  0.026  0.445  0.264  0.313  0.386  0.455  0.458  0.714  0.251  0.107 -0.505 -0.574 -0.485
 -0.199 -0.507 -0.294 -0.142  0.199  0.248  0.160  0.160 -0.279 -0.400  0.090  0.008 -0.194 -0.386 -0.486 -0.451 -0.419 -0.613 -0.504 -0.567 -0.403 -0.017  0.314  0.089 -0.348 -0.268 -0.166 -0.228 -0.248  0.208  0.211  0.260  0.359  0.914  1.000  0.894  0.793  0.665  0.413  0.561  0.455  0.385  0.468  0.331  0.383  0.267  0.552  0.386  0.128  0.132  0.310  0.046  0.126  0.299  0.015  0.182 -0.061  0.062  0.355  0.368 -0.159 -0.223 -0.088 -0.006  0.419  0.171  0.133  0.348  0.478  0.386  0.686  0.449  0.306 -0.364 -0.558 -0.539
 -0.375 -0.588 -0.428 -0.213  0.222  0.343  0.304  0.182 -0.116 -0.114  0.219  0.040 -0.215 -0.295 -0.393 -0.494 -0.501 -0.675 -0.657 -0.699 -0.443  0.074  0.419  0.069 -0.204  0.003 -0.014 -0.125 -0.156  0.346  0.423  0.399  0.462  0.855  0.894  1.000  0.844  0.736  0.614  0.736  0.541  0.547  0.674  0.510  0.406  0.162  0.465  0.444  0.242  0.158  0.298  0.077  0.160  0.292  0.022  0.122 -0.158  0.104  0.466  0.236 -0.272 -0.182 -0.301 -0.168  0.225  0.130  0.116  0.451  0.529  0.596  0.869  0.532  0.322 -0.506 -0.733 -0.728
 -0.381 -0.466 -0.245 -0.125  0.341  0.317  0.287  0.118 -0.221 -0.193  0.091  0.096 -0.085 -0.139 -0.228 -0.514 -0.436 -0.624 -0.752 -0.541 -0.237  0.178  0.480  0.311  0.052  0.080  0.192  0.227  0.147  0.592  0.637  0.457  0.244  0.704  0.793  0.844  1.000  0.870  0.756  0.723  0.503  0.498  0.634  0.313  0.149 -0.124  0.191  0.175  0.164  0.196  0.216  0.075  0.005  0.123 -0.040 -0.117 -0.432 -0.102  0.242  0.103 -0.293 -0.399 -0.321 -0.143  0.077  0.035 -0.114  0.333  0.544  0.582  0.687  0.569  0.351 -0.474 -0.646 -0.542
 -0.531 -0.678 -0.506 -0.388  0.296  0.291  0.474  0.339 -0.120 -0.237  0.033 -0.076 -0.085 -0.321 -0.337 -0.435 -0.394 -0.544 -0.654 -0.461 -0.007  0.450  0.639  0.551  0.256  0.332  0.413  0.265  0.216  0.584  0.533  0.368  0.220  0.546  0.665  0.736  0.870  1.000  0.825  0.775  0.605  0.625  0.683  0.300  0.035 -0.257  0.141  0.305  0.375  0.456  0.353  0.310  0.319  0.423  0.280  0.062 -0.249  0.150  0.374  0.058 -0.259 -0.533 -0.565 -0.484 -0.285 -0.355 -0.179  0.354  0.644  0.648  0.685  0.569  0.226 -0.579 -0.775 -0.631
 -0.239 -0.356 -0.211 -0.129  0.077  0.096  0.227 -0.042 -0.141  0.083  0.228 -0.048 -0.084 -0.001  0.028 -0.062 -0.088 -0.271 -0.503 -0.305  0.170  0.419  0.468  0.325  0.271  0.511  0.452  0.318  0.203  0.626  0.617  0.153 -0.079  0.295  0.413  0.614  0.756  0.825  1.000  0.702  0.359  0.487  0.676  0.256 -0.016 -0.392 -0.164  0.030  0.157  0.237  0.039  0.098  0.124  0.256  0.267 -0.023 -0.267  0.097  0.128 -0.171 -0.216 -0.202 -0.342 -0.244 -0.328 -0.252 -0.508  0.098  0.334  0.472  0.606  0.705  0.393 -0.380 -0.649 -0.574
 -0.531 -0.605 -0.462 -0.110  0.497  0.662  0.710  0.462  0.256 -0.100  0.153  0.204  0.156 -0.074 -0.193 -0.424 -0.604 -0.784 -0.828 -0.651 -0.261  0.239  0.588  0.500  0.343  0.217  0.292  0.199  0.031  0.388  0.485  0.333  0.290  0.488  0.561  0.736  0.723  0.775  0.702  1.000  0.820  0.845  0.948  0.756  0.483  0.015  0.390  0.643  0.674  0.520  0.426  0.391  0.303  0.335 -0.009 -0.143 -0.454 -0.148  0.120 -0.245 -0.535 -0.603 -0.659 -0.479 -0.285 -0.152  0.053  0.732  0.847  0.846  0.758  0.509  0.090 -0.696 -0.912 -0.905
 -0.523 -0.649 -0.549 -0.268  0.663  0.786  0.868  0.748  0.550 -0.081  0.271  0.382  0.419 -0.057 -0.243 -0.410 -0.481 -0.744 -0.795 -0.732 -0.341  0.151  0.505  0.501  0.236 -0.005  0.194  0.203  0.081  0.385  0.382  0.468  0.497  0.484  0.455  0.541  0.503  0.605  0.359  0.820  1.000  0.884  0.787  0.595  0.316  0.001  0.396  0.693  0.742  0.593  0.564  0.571  0.445  0.244 -0.158 -0.162 -0.473 -0.285  0.150 -0.319 -0.416 -0.741 -0.699 -0.518 -0.218 -0.233  0.275  0.744  0.907  0.867  0.501  0.224 -0.174 -0.897 -0.817 -0.789
 -0.639 -0.751 -0.606 -0.438  0.347  0.570  0.777  0.698  0.571 -0.108  0.157  0.074  0.224 -0.100 -0.211 -0.316 -0.467 -0.664 -0.778 -0.583 -0.071  0.483  0.683  0.554  0.434  0.287  0.312  0.219  0.077  0.337  0.464  0.411  0.429  0.369  0.385  0.547  0.498  0.625  0.487  0.845  0.884  1.000  0.914  0.724  0.375 -0.106  0.262  0.577  0.834  0.762  0.695  0.720  0.619  0.469  0.061 -0.206 -0.393 -0.115  0.179 -0.466 -0.646 -0.700 -0.751 -0.578 -0.395 -0.462  0.035  0.666  0.890  0.916  0.557  0.196 -0.162 -0.822 -0.832 -0.844
 -0.484 -0.574 -0.415 -0.194  0.322  0.535  0.653  0.448  0.361 -0.110  0.118  0.085  0.197  0.021 -0.072 -0.284 -0.499 -0.673 -0.801 -0.562 -0.114  0.376  0.641  0.485  0.383  0.280  0.275  0.162 -0.019  0.318  0.469  0.289  0.273  0.398  0.468  0.674  0.634  0.683  0.676  0.948  0.787  0.914  1.000  0.793  0.485 -0.019  0.321  0.567  0.711  0.632  0.525  0.531  0.422  0.392  0.037 -0.189 -0.392 -0.103  0.068 -0.390 -0.633 -0.562 -0.632 -0.432 -0.319 -0.284 -0.031  0.674  0.803  0.843  0.678  0.423  0.071 -0.683 -0.885 -0.922
 -0.495 -0.456 -0.330  0.031  0.306  0.619  0.610  0.474  0.447 -0.094  0.055  0.063  0.137 -0.032 -0.127 -0.384 -0.614 -0.649 -0.643 -0.565 -0.367  0.094  0.325  0.166  0.303  0.105 -0.063 -0.134 -0.139 -0.078  0.147  0.161  0.390  0.357  0.331  0.510  0.313  0.300  0.256  0.756  0.595  0.724  0.793  1.000  0.803  0.463  0.642  0.738  0.736  0.457  0.522  0.417  0.333  0.297 -0.122 -0.150 -0.282 -0.135  0.033 -0.333 -0.647 -0.366 -0.536 -0.429 -0.266 -0.066  0.315  0.845  0.731  0.697  0.636  0.126 -0.125 -0.469 -0.729 -0.801
 -0.127 -0.233 -0.096  0.230  0.278  0.470  0.286  0.236  0.106 -0.299  0.044  0.215  0.176  0.064  0.010 -0.135 -0.488 -0.453 -0.266 -0.377 -0.443 -0.094  0.054 -0.043 -0.098 -0.366 -0.460 -0.549 -0.589 -0.504 -0.277 -0.253  0.103  0.387  0.383  0.406  0.149  0.035 -0.016  0.483  0.316  0.375  0.485  0.803  1.000  0.584  0.705  0.594  0.373  0.151  0.257  0.097  0.029  0.192 -0.125  0.049 -0.042 -0.065 -0.028 -0.032 -0.457 -0.087 -0.054 -0.105  0.155  0.180  0.486  0.707  0.447  0.364  0.575  0.202  0.123 -0.086 -0.472 -0.608
  0.122  0.143  0.170  0.434  0.076  0.253  0.034  0.077  0.046 -0.191 -0.094 -0.032  0.029 -0.141 -0.197 -0.276 -0.255 -0.191 -0.041 -0.283 -0.573 -0.585 -0.398 -0.441 -0.312 -0.439 -0.634 -0.560 -0.282 -0.472 -0.471 -0.128  0.300  0.339  0.267  0.162 -0.124 -0.257 -0.392  0.015  0.001 -0.106 -0.019  0.463  0.584  1.000  0.866  0.528  0.102 -0.154  0.130 -0.112 -0.062 -0.085 -0.329  0.135  0.165 -0.077 -0.099  0.186 -0.019  0.183  0.125  0.086  0.270  0.412  0.559  0.444  0.100 -0.132  0.134 -0.167 -0.097  0.123 -0.089 -0.150
 -0.178 -0.248 -0.173  0.153  0.327  0.494  0.364  0.381  0.073 -0.402 -0.144  0.039  0.101 -0.269 -0.360 -0.494 -0.563 -0.534 -0.336 -0.493 -0.630 -0.345 -0.003 -0.059 -0.215 -0.426 -0.466 -0.511 -0.345 -0.360 -0.341  0.039  0.450  0.571  0.552  0.465  0.191  0.141 -0.164  0.390  0.396  0.262  0.321  0.642  0.705  0.866  1.000  0.798  0.394  0.170  0.396  0.144  0.151  0.174 -0.196  0.190  0.080  0.007  0.128  0.257 -0.191 -0.182 -0.189 -0.191  0.197  0.221  0.679  0.739  0.493  0.258  0.445  0.024 -0.057 -0.208 -0.465 -0.497
 -0.448 -0.478 -0.454 -0.066  0.448  0.650  0.655  0.563  0.328 -0.252 -0.067  0.092  0.143 -0.239 -0.396 -0.510 -0.657 -0.720 -0.473 -0.514 -0.440 -0.075  0.357  0.292  0.062 -0.092  0.035 -0.200 -0.234 -0.125 -0.089  0.218  0.579  0.432  0.386  0.444  0.175  0.305  0.030  0.643  0.693  0.577  0.567  0.738  0.594  0.528  0.798  1.000  0.765  0.495  0.596  0.471  0.479  0.423  0.020  0.226 -0.005  0.043  0.261  0.066 -0.209 -0.439 -0.554 -0.449 -0.135  0.008  0.575  0.830  0.727  0.597  0.522 -0.032 -0.359 -0.589 -0.673 -0.673
 -0.698 -0.628 -0.568 -0.347  0.287  0.546  0.760  0.717  0.599 -0.218 -0.180 -0.103  0.128 -0.214 -0.339 -0.438 -0.605 -0.670 -0.598 -0.334 -0.011  0.387  0.657  0.632  0.571  0.326  0.423  0.236  0.102  0.097  0.233  0.371  0.489  0.122  0.128  0.242  0.164  0.375  0.157  0.674  0.742  0.834  0.711  0.736  0.373  0.102  0.394  0.765  1.000  0.848  0.804  0.817  0.725  0.561  0.132 -0.118 -0.230 -0.054  0.129 -0.374 -0.545 -0.742 -0.811 -0.632 -0.527 -0.422  0.187  0.716  0.857  0.772  0.326 -0.185 -0.541 -0.700 -0.632 -0.627
 -0.538 -0.576 -0.441 -0.540  0.034  0.162  0.507  0.555  0.334 -0.511 -0.395 -0.350  0.136 -0.151 -0.191 -0.214 -0.365 -0.418 -0.420 -0.004  0.393  0.706  0.830  0.795  0.521  0.339  0.504  0.190  0.001  0.056  0.155  0.204  0.291  0.059  0.132  0.158  0.196  0.456  0.237  0.520  0.593  0.762  0.632  0.457  0.151 -0.154  0.170  0.495  0.848  1.000  0.874  0.952  0.843  0.731  0.442  0.040  0.009  0.202  0.160 -0.276 -0.426 -0.715 -0.635 -0.491 -0.499 -0.685 -0.046  0.429  0.700  0.632  0.193 -0.175 -0.426 -0.586 -0.538 -0.489
 -0.584 -0.603 -0.419 -0.520  0.021  0.174  0.409  0.525  0.305 -0.527 -0.334 -0.373  0.008 -0.230 -0.346 -0.428 -0.430 -0.528 -0.454 -0.153  0.149  0.514  0.723  0.509  0.226  0.145  0.292 -0.010 -0.084  0.007  0.140  0.369  0.641  0.362  0.310  0.298  0.216  0.353  0.039  0.426  0.564  0.695  0.525  0.522  0.257  0.130  0.396  0.596  0.804  0.874  1.000  0.924  0.864  0.693  0.340  0.171  0.085  0.208  0.369 -0.086 -0.302 -0.559 -0.527 -0.351 -0.231 -0.432  0.188  0.472  0.687  0.639  0.287 -0.407 -0.591 -0.650 -0.501 -0.418
 -0.498 -0.512 -0.367 -0.532  0.019  0.134  0.454  0.532  0.425 -0.425 -0.283 -0.315  0.198 -0.046 -0.123 -0.180 -0.231 -0.344 -0.372 -0.014  0.376  0.646  0.735  0.631  0.397  0.277  0.436  0.133  0.000  0.057  0.146  0.252  0.438  0.087  0.046  0.077  0.075  0.310  0.098  0.391  0.571  0.720  0.531  0.417  0.097 -0.112  0.144  0.471  0.817  0.952  0.924  1.000  0.893  0.662  0.398  0.100  0.047  0.176  0.213 -0.312 -0.290 -0.602 -0.562 -0.404 -0.445 -0.632  0.025  0.372  0.630  0.616  0.119 -0.379 -0.597 -0.655 -0.470 -0.388
 -0.472 -0.614 -0.520 -0.660 -0.231 -0.049  0.325  0.458  0.330 -0.323 -0.185 -0.524 -0.120 -0.339 -0.369 -0.120 -0.133 -0.247 -0.179 -0.016  0.401  0.646  0.671  0.460  0.239  0.404  0.441  0.008 -0.050  0.047  0.071  0.199  0.488  0.152  0.126  0.160  0.005  0.319  0.124  0.303  0.445  0.619  0.422  0.333  0.029 -0.062  0.151  0.479  0.725  0.843  0.864  0.893  1.000  0.844  0.605  0.342  0.320  0.433  0.428 -0.137 -0.134 -0.377 -0.505 -0.424 -0.410 -0.633 -0.076  0.198  0.482  0.477  0.193 -0.336 -0.571 -0.582 -0.429 -0.369
 -0.402 -0.633 -0.526 -0.623 -0.354 -0.208  0.121  0.244 -0.082 -0.518 -0.341 -0.629 -0.376 -0.484 -0.437 -0.071 -0.247 -0.247 -0.011  0.138  0.453  0.715  0.727  0.511  0.150  0.369  0.421 -0.159 -0.306 -0.139 -0.066 -0.054  0.219  0.191  0.299  0.292  0.123  0.423  0.256  0.335  0.244  0.469  0.392  0.297  0.192 -0.085  0.174  0.423  0.561  0.731  0.693  0.662  0.844  1.000  0.827  0.514  0.506  0.665  0.498  0.167 -0.133 -0.258 -0.336 -0.352 -0.275 -0.553 -0.149  0.127  0.372  0.342  0.380 -0.059 -0.262 -0.296 -0.402 -0.385
 -0.132 -0.312 -0.244 -0.532 -0.508 -0.562 -0.237 -0.143 -0.409 -0.408 -0.333 -0.659 -0.380 -0.261 -0.109  0.219  0.129  0.202  0.364  0.484  0.701  0.743  0.529  0.345  0.018  0.410  0.440 -0.203 -0.297 -0.163 -0.175 -0.301 -0.071 -0.052  0.015  0.022 -0.040  0.280  0.267 -0.009 -0.158  0.061  0.037 -0.122 -0.125 -0.329 -0.196  0.020  0.132  0.442  0.340  0.398  0.605  0.827  1.000  0.713  0.714  0.866  0.519  0.326  0.260  0.103 -0.032 -0.165 -0.283 -0.545 -0.305 -0.273 -0.082  0.009  0.204 -0.034 -0.115  0.006 -0.130 -0.029
  0.152 -0.075 -0.023 -0.189 -0.236 -0.381 -0.322 -0.259 -0.526 -0.353 -0.084 -0.310 -0.184 -0.112 -0.055  0.145  0.183  0.181  0.457  0.239  0.191  0.167  0.109 -0.126 -0.576 -0.141 -0.047 -0.635 -0.578 -0.346 -0.468 -0.360  0.160  0.288  0.182  0.122 -0.117  0.062 -0.023 -0.143 -0.162 -0.206 -0.189 -0.150  0.049  0.135  0.190  0.226 -0.118  0.040  0.171  0.100  0.342  0.514  0.713  1.000  0.840  0.793  0.616  0.660  0.678  0.427  0.274  0.102  0.173 -0.037  0.198 -0.154 -0.219 -0.140  0.287 -0.081 -0.105  0.010 -0.110  0.025
  0.308  0.096  0.056 -0.244 -0.625 -0.679 -0.535 -0.335 -0.476 -0.352 -0.315 -0.587 -0.330 -0.209 -0.050  0.350  0.309  0.471  0.721  0.532  0.377  0.201 -0.011 -0.200 -0.471 -0.058 -0.136 -0.658 -0.575 -0.594 -0.671 -0.516 -0.059 -0.058 -0.061 -0.158 -0.432 -0.249 -0.267 -0.454 -0.473 -0.393 -0.392 -0.282 -0.042  0.165  0.080 -0.005 -0.230  0.009  0.085  0.047  0.320  0.506  0.714  0.840  1.000  0.859  0.415  0.580  0.532  0.550  0.406  0.185  0.164 -0.152  0.052 -0.377 -0.480 -0.463 -0.058 -0.220 -0.039  0.374  0.229  0.234
 -0.090 -0.249 -0.266 -0.539 -0.531 -0.576 -0.297 -0.163 -0.473 -0.321 -0.344 -0.661 -0.439 -0.335 -0.141  0.115  0.067  0.278  0.434  0.374  0.405  0.522  0.324  0.051 -0.214  0.261  0.127 -0.471 -0.389 -0.340 -0.359 -0.280  0.051  0.033  0.062  0.104 -0.102  0.150  0.097 -0.148 -0.285 -0.115 -0.103 -0.135 -0.065 -0.077  0.007  0.043 -0.054  0.202  0.208  0.176  0.433  0.665  0.866  0.793  0.859  1.000  0.680  0.577  0.320  0.344  0.043 -0.160 -0.101 -0.390 -0.008 -0.219 -0.240 -0.118  0.264 -0.013  0.066  0.161 -0.080 -0.013
 -0.529 -0.621 -0.611 -0.689 -0.055 -0.082  0.085  0.178 -0.201 -0.081  0.007 -0.276 -0.429 -0.441 -0.437 -0.403 -0.271 -0.226 -0.059 -0.208 -0.095  0.358  0.421  0.020 -0.288  0.164  0.161 -0.259 -0.156  0.079  0.100  0.346  0.618  0.482  0.355  0.466  0.242  0.374  0.128  0.120  0.150  0.179  0.068  0.033 -0.028 -0.099  0.128  0.261  0.129  0.160  0.369  0.213  0.428  0.498  0.519  0.616  0.415  0.680  1.000  0.585  0.229  0.086 -0.272 -0.331  0.039 -0.158  0.299  0.089  0.141  0.358  0.563 -0.069 -0.128 -0.356 -0.323 -0.181
  0.070  0.002 -0.036 -0.117 -0.113 -0.308 -0.408 -0.320 -0.759 -0.373 -0.351 -0.212 -0.440 -0.342 -0.316 -0.280 -0.202 -0.031  0.326  0.178 -0.178 -0.154  0.028 -0.133 -0.602 -0.334 -0.145 -0.449 -0.411 -0.284 -0.337 -0.043  0.159  0.352  0.368  0.236  0.103  0.058 -0.171 -0.245 -0.319 -0.466 -0.390 -0.333 -0.032  0.186  0.257  0.066 -0.374 -0.276 -0.086 -0.312 -0.137  0.167  0.326  0.660  0.580  0.577  0.585  1.000  0.532  0.329  0.314  0.218  0.527  0.344  0.361 -0.150 -0.288 -0.283  0.208 -0.002  0.160  0.270  0.158  0.242
  0.505  0.462  0.415  0.207 -0.128 -0.429 -0.543 -0.552 -0.507  0.036  0.095  0.005 -0.029  0.182  0.174  0.256  0.538  0.446  0.586  0.360  0.140 -0.288 -0.343 -0.379 -0.634 -0.256 -0.040 -0.258 -0.182 -0.048 -0.306 -0.235 -0.010  0.013 -0.159 -0.272 -0.293 -0.259 -0.216 -0.535 -0.416 -0.646 -0.633 -0.647 -0.457 -0.019 -0.191 -0.209 -0.545 -0.426 -0.302 -0.290 -0.134 -0.133  0.260  0.678  0.532  0.320  0.229  0.532  1.000  0.574  0.548  0.465  0.319  0.317  0.041 -0.538 -0.597 -0.512 -0.247 -0.227 -0.153  0.185  0.374  0.552
  0.614  0.552  0.478  0.307 -0.520 -0.589 -0.753 -0.734 -0.419  0.328  0.245 -0.127 -0.258  0.211  0.332  0.494  0.586  0.659  0.677  0.306  0.027 -0.316 -0.609 -0.843 -0.638 -0.140 -0.435 -0.533 -0.344 -0.331 -0.372 -0.463 -0.220 -0.098 -0.223 -0.182 -0.399 -0.533 -0.202 -0.603 -0.741 -0.700 -0.562 -0.366 -0.087  0.183 -0.182 -0.439 -0.742 -0.715 -0.559 -0.602 -0.377 -0.258  0.103  0.427  0.550  0.344  0.086  0.329  0.574  1.000  0.738  0.557  0.394  0.401 -0.072 -0.577 -0.848 -0.662 -0.116 -0.028  0.265  0.592  0.466  0.421
  0.872  0.717  0.761  0.498 -0.380 -0.583 -0.868 -0.782 -0.577 -0.094  0.069  0.053 -0.015  0.369  0.421  0.591  0.619  0.594  0.688  0.484  0.128 -0.375 -0.581 -0.599 -0.703 -0.558 -0.515 -0.481 -0.497 -0.418 -0.466 -0.602 -0.475 -0.062 -0.088 -0.301 -0.321 -0.565 -0.342 -0.659 -0.699 -0.751 -0.632 -0.536 -0.054  0.125 -0.189 -0.554 -0.811 -0.635 -0.527 -0.562 -0.505 -0.336 -0.032  0.274  0.406  0.043 -0.272  0.314  0.548  0.738  1.000  0.876  0.689  0.494 -0.124 -0.634 -0.781 -0.772 -0.367 -0.046  0.295  0.674  0.634  0.575
  0.783  0.732  0.799  0.541 -0.323 -0.480 -0.807 -0.814 -0.465 -0.062  0.010  0.081 -0.030  0.455  0.374  0.387  0.450  0.306  0.395  0.402  0.096 -0.419 -0.362 -0.468 -0.623 -0.490 -0.276 -0.206 -0.388 -0.170 -0.141 -0.270 -0.262  0.026 -0.006 -0.168 -0.143 -0.484 -0.244 -0.479 -0.518 -0.578 -0.432 -0.429 -0.105  0.086 -0.191 -0.449 -0.632 -0.491 -0.351 -0.404 -0.424 -0.352 -0.165  0.102  0.185 -0.160 -0.331  0.218  0.465  0.557  0.876  1.000  0.757  0.649 -0.190 -0.565 -0.622 -0.579 -0.372 -0.160  0.110  0.428  0.572  0.508
  0.503  0.310  0.351  0.275 -0.039 -0.153 -0.515 -0.434 -0.428 -0.160  0.094  0.254 -0.097  0.100 -0.023  0.028  0.054 -0.051  0.188 -0.030 -0.388 -0.523 -0.286 -0.457 -0.836 -0.757 -0.519 -0.430 -0.548 -0.238 -0.200 -0.050  0.059  0.445  0.419  0.225  0.077 -0.285 -0.328 -0.285 -0.218 -0.395 -0.319 -0.266  0.155  0.270  0.197 -0.135 -0.527 -0.499 -0.231 -0.445 -0.410 -0.275 -0.283  0.173  0.164 -0.101  0.039  0.527  0.319  0.394  0.689  0.757  1.000  0.727  0.259 -0.215 -0.335 -0.334 -0.021 -0.000  0.255  0.243  0.330  0.229
  0.383  0.502  0.459  0.681  0.185  0.135 -0.353 -0.502 -0.272  0.225  0.182  0.426 -0.104  0.215  0.029 -0.179 -0.107 -0.192  0.031 -0.149 -0.589 -0.829 -0.468 -0.554 -0.559 -0.526 -0.343 -0.136 -0.211 -0.046  0.008  0.093  0.099  0.264  0.171  0.130  0.035 -0.355 -0.252 -0.152 -0.233 -0.462 -0.284 -0.066  0.180  0.412  0.221  0.008 -0.422 -0.685 -0.432 -0.632 -0.633 -0.553 -0.545 -0.037 -0.152 -0.390 -0.158  0.344  0.317  0.401  0.494  0.649  0.727  1.000  0.281 -0.045 -0.296 -0.280 -0.006 -0.036  0.072  0.219  0.310  0.249
 -0.204 -0.115 -0.169  0.043  0.560  0.528  0.354  0.394  0.136 -0.169 -0.053  0.389  0.328  0.028 -0.073 -0.432 -0.473 -0.331 -0.128 -0.366 -0.698 -0.387 -0.130 -0.135 -0.318 -0.593 -0.499 -0.498 -0.346 -0.451 -0.412  0.103  0.475  0.313  0.133  0.116 -0.114 -0.179 -0.508  0.053  0.275  0.035 -0.031  0.315  0.486  0.559  0.679  0.575  0.187 -0.046  0.188  0.025 -0.076 -0.149 -0.305  0.198  0.052 -0.008  0.299  0.361  0.041 -0.072 -0.124 -0.190  0.259  0.281  1.000  0.640  0.266  0.224  0.241 -0.212 -0.153 -0.165 -0.195 -0.175
 -0.556 -0.482 -0.416 -0.002  0.684  0.852  0.813  0.691  0.429 -0.192 -0.012  0.328  0.372 -0.046 -0.168 -0.566 -0.751 -0.734 -0.691 -0.654 -0.578 -0.051  0.290  0.319  0.264 -0.146 -0.127 -0.107 -0.081 -0.079  0.041  0.258  0.439  0.386  0.348  0.451  0.333  0.354  0.098  0.732  0.744  0.666  0.674  0.845  0.707  0.444  0.739  0.830  0.716  0.429  0.472  0.372  0.198  0.127 -0.273 -0.154 -0.377 -0.219  0.089 -0.150 -0.538 -0.577 -0.634 -0.565 -0.215 -0.045  0.640  1.000  0.834  0.731  0.572  0.142 -0.110 -0.540 -0.738 -0.744
 -0.709 -0.730 -0.582 -0.277  0.587  0.756  0.859  0.784  0.467 -0.274  0.002  0.171  0.243 -0.215 -0.368 -0.584 -0.686 -0.831 -0.829 -0.632 -0.280  0.265  0.598  0.615  0.435  0.090  0.237  0.224  0.134  0.280  0.367  0.460  0.481  0.455  0.478  0.529  0.544  0.644  0.334  0.847  0.907  0.890  0.803  0.731  0.447  0.100  0.493  0.727  0.857  0.700  0.687  0.630  0.482  0.372 -0.082 -0.219 -0.480 -0.240  0.141 -0.288 -0.597 -0.848 -0.781 -0.622 -0.335 -0.296  0.266  0.834  1.000  0.885  0.542  0.137 -0.241 -0.782 -0.800 -0.754
 -0.764 -0.743 -0.603 -0.394  0.537  0.667  0.784  0.641  0.458 -0.046  0.169  0.216  0.206 -0.028 -0.183 -0.522 -0.601 -0.767 -0.838 -0.640 -0.227  0.397  0.683  0.508  0.359  0.230  0.342  0.239  0.110  0.401  0.557  0.556  0.570  0.458  0.386  0.596  0.582  0.648  0.472  0.846  0.867  0.916  0.843  0.697  0.364 -0.132  0.258  0.597  0.772  0.632  0.639  0.616  0.477  0.342  0.009 -0.140 -0.463 -0.118  0.358 -0.283 -0.512 -0.662 -0.772 -0.579 -0.334 -0.280  0.224  0.731  0.885  1.000  0.674  0.145 -0.215 -0.873 -0.838 -0.767
 -0.484 -0.639 -0.480 -0.211  0.306  0.401  0.390  0.232 -0.106 -0.097  0.247  0.085 -0.122 -0.182 -0.220 -0.400 -0.507 -0.584 -0.531 -0.622 -0.373  0.223  0.413  0.091 -0.104  0.079 -0.011 -0.270 -0.259  0.153  0.266  0.177  0.381  0.714  0.686  0.869  0.687  0.685  0.606  0.758  0.501  0.557  0.678  0.636  0.575  0.134  0.445  0.522  0.326  0.193  0.287  0.119  0.193  0.380  0.204  0.287 -0.058  0.264  0.563  0.208 -0.247 -0.116 -0.367 -0.372 -0.021 -0.006  0.241  0.572  0.542  0.674  1.000  0.521  0.261 -0.472 -0.826 -0.776
  0.099 -0.183 -0.149  0.091  0.236  0.217  0.187 -0.012 -0.229  0.099  0.356  0.294  0.083 -0.025  0.076  0.142 -0.047 -0.100 -0.240 -0.385 -0.193  0.026  0.010  0.077 -0.011  0.030 -0.102 -0.038 -0.077  0.238  0.154 -0.205 -0.412  0.251  0.449  0.532  0.569  0.569  0.705  0.509  0.224  0.196  0.423  0.126  0.202 -0.167  0.024 -0.032 -0.185 -0.175 -0.407 -0.379 -0.336 -0.059 -0.034 -0.081 -0.220 -0.013 -0.069 -0.002 -0.227 -0.028 -0.046 -0.160 -0.000 -0.036 -0.212  0.142  0.137  0.145  0.521  1.000  0.849  0.013 -0.468 -0.540
  0.339  0.098  0.094  0.129 -0.016 -0.096 -0.175 -0.243 -0.406  0.054  0.188  0.183  0.016  0.049  0.224  0.278  0.115  0.218  0.049 -0.127 -0.167 -0.075 -0.226 -0.184 -0.206 -0.160 -0.392 -0.238 -0.193 -0.040 -0.080 -0.348 -0.552  0.107  0.306  0.322  0.351  0.226  0.393  0.090 -0.174 -0.162  0.071 -0.125  0.123 -0.097 -0.057 -0.359 -0.541 -0.426 -0.591 -0.597 -0.571 -0.262 -0.115 -0.105 -0.039  0.066 -0.128  0.160 -0.153  0.265  0.295  0.110  0.255  0.072 -0.153 -0.110 -0.241 -0.215  0.261  0.849  1.000  0.413 -0.085 -0.208
  0.581  0.629  0.510  0.368 -0.507 -0.594 -0.712 -0.591 -0.509 -0.035 -0.310 -0.232 -0.265  0.021  0.237  0.442  0.342  0.671  0.745  0.637  0.189 -0.243 -0.568 -0.401 -0.168 -0.165 -0.382 -0.288 -0.188 -0.555 -0.553 -0.629 -0.697 -0.505 -0.364 -0.506 -0.474 -0.579 -0.380 -0.696 -0.897 -0.822 -0.683 -0.469 -0.086  0.123 -0.208 -0.589 -0.700 -0.586 -0.650 -0.655 -0.582 -0.296  0.006  0.010  0.374  0.161 -0.356  0.270  0.185  0.592  0.674  0.428  0.243  0.219 -0.165 -0.540 -0.782 -0.873 -0.472  0.013  0.413  1.000  0.738  0.616
  0.519  0.666  0.501  0.245 -0.472 -0.593 -0.714 -0.531 -0.244  0.144 -0.225 -0.140 -0.254  0.064  0.127  0.352  0.451  0.615  0.722  0.678  0.249 -0.316 -0.525 -0.375 -0.188 -0.165 -0.130  0.057  0.056 -0.283 -0.304 -0.233 -0.391 -0.574 -0.558 -0.733 -0.646 -0.775 -0.649 -0.912 -0.817 -0.832 -0.885 -0.729 -0.472 -0.089 -0.465 -0.673 -0.632 -0.538 -0.501 -0.470 -0.429 -0.402 -0.130 -0.110  0.229 -0.080 -0.323  0.158  0.374  0.466  0.634  0.572  0.330  0.310 -0.195 -0.738 -0.800 -0.838 -0.826 -0.468 -0.085  0.738  1.000  0.928
