  1.000  0.771  0.583  0.345 -0.205 -0.304 -0.329 -0.191 -0.276 -0.144 -0.248 -0.174 -0.025  0.409  0.419  0.615  0.607  0.603  0.435  0.307  0.168 -0.181 -0.268 -0.273 -0.211 -0.290 -0.467 -0.482 -0.374 -0.464 -0.501 -0.399 -0.290 -0.377 -0.453 -0.503 -0.515 -0.505 -0.424 -0.586 -0.565 -0.508 -0.484 -0.429 -0.355 -0.202 -0.336 -0.330 -0.413 -0.469 -0.455 -0.351 -0.350 -0.327 -0.050  0.011  0.163 -0.034 -0.088  0.167  0.215  0.391  0.678  0.671  0.384  0.204 -0.127 -0.311 -0.459 -0.464 -0.395 -0.313  0.212  0.523  0.568  0.525
  0.771  1.000  0.734  0.437 -0.068 -0.166 -0.258 -0.166 -0.286 -0.151 -0.160 -0.055  0.078  0.493  0.529  0.595  0.435  0.353  0.204  0.105 -0.041 -0.322 -0.375 -0.292 -0.207 -0.275 -0.404 -0.395 -0.288 -0.323 -0.350 -0.278 -0.173 -0.237 -0.307 -0.313 -0.369 -0.414 -0.390 -0.437 -0.402 -0.430 -0.424 -0.329 -0.286 -0.118 -0.221 -0.266 -0.369 -0.466 -0.486 -0.414 -0.451 -0.451 -0.226 -0.139  0.007 -0.191 -0.172  0.062  0.139  0.330  0.568  0.650  0.372  0.270 -0.034 -0.194 -0.322 -0.329 -0.269 -0.198  0.184  0.431  0.430  0.424
  0.583  0.734  1.000  0.687  0.208  0.008 -0.256 -0.271 -0.324 -0.121 -0.083  0.121  0.232  0.554  0.555  0.460  0.366  0.190  0.029 -0.065 -0.118 -0.303 -0.351 -0.213 -0.178 -0.207 -0.258 -0.305 -0.241 -0.258 -0.302 -0.205 -0.116 -0.154 -0.225 -0.236 -0.339 -0.350 -0.361 -0.372 -0.307 -0.369 -0.361 -0.256 -0.156 -0.016 -0.118 -0.192 -0.285 -0.343 -0.332 -0.296 -0.366 -0.399 -0.269 -0.186 -0.102 -0.244 -0.180 -0.021  0.043  0.217  0.479  0.630  0.469  0.477  0.238 -0.021 -0.187 -0.262 -0.231 -0.196  0.151  0.368  0.302  0.288
  0.345  0.437  0.687  1.000  0.540  0.298 -0.062 -0.206 -0.040  0.094  0.175  0.359  0.383  0.505  0.443  0.340  0.173  0.000 -0.077 -0.170 -0.276 -0.425 -0.404 -0.245 -0.183 -0.234 -0.232 -0.246 -0.208 -0.253 -0.278 -0.161 -0.082 -0.099 -0.163 -0.207 -0.314 -0.322 -0.349 -0.321 -0.254 -0.241 -0.235 -0.123 -0.003  0.086 -0.066 -0.156 -0.286 -0.316 -0.332 -0.349 -0.389 -0.453 -0.397 -0.312 -0.242 -0.368 -0.336 -0.146 -0.136  0.051  0.311  0.569  0.441  0.629  0.398  0.063 -0.061 -0.161 -0.227 -0.166  0.073  0.271  0.230  0.199
 -0.205 -0.068  0.208  0.540  1.000  0.773  0.331 -0.030  0.113  0.205  0.344  0.551  0.573  0.216  0.187  0.002 -0.091 -0.326 -0.384 -0.401 -0.284 -0.212 -0.132  0.076  0.056  0.049  0.169  0.144  0.138  0.143  0.101  0.131  0.124  0.170  0.210  0.191  0.107  0.050 -0.015  0.157  0.171  0.139  0.110  0.136  0.198  0.169  0.173  0.091  0.066  0.059  0.028 -0.014 -0.061 -0.148 -0.299 -0.333 -0.447 -0.425 -0.357 -0.379 -0.281 -0.211 -0.168  0.002  0.134  0.391  0.585  0.399  0.316  0.216  0.142  0.105 -0.004 -0.210 -0.308 -0.322
 -0.304 -0.166  0.008  0.298  0.773  1.000  0.553  0.182  0.267  0.223  0.386  0.529  0.451  0.079  0.047 -0.104 -0.135 -0.365 -0.382 -0.378 -0.242 -0.109 -0.043  0.168  0.189  0.106  0.168  0.155  0.095  0.134  0.093  0.060  0.049  0.140  0.179  0.190  0.107  0.049  0.044  0.302  0.340  0.306  0.336  0.365  0.306  0.224  0.285  0.143  0.188  0.136  0.117  0.093  0.041 -0.049 -0.250 -0.269 -0.417 -0.356 -0.275 -0.350 -0.284 -0.259 -0.290 -0.137  0.061  0.334  0.585  0.576  0.445  0.342  0.227  0.180 -0.089 -0.395 -0.430 -0.442
 -0.329 -0.258 -0.256 -0.062  0.331  0.553  1.000  0.690  0.574  0.103  0.298  0.249  0.187 -0.126 -0.152 -0.177 -0.229 -0.249 -0.222 -0.279 -0.240 -0.128 -0.065  0.090  0.112  0.081  0.135  0.168  0.115  0.197  0.215  0.125  0.068  0.081  0.149  0.167  0.185  0.210  0.251  0.353  0.337  0.405  0.409  0.398  0.243  0.103  0.229  0.126  0.221  0.141  0.103  0.055  0.022 -0.062 -0.209 -0.231 -0.321 -0.224 -0.169 -0.252 -0.205 -0.151 -0.249 -0.263 -0.120 -0.061  0.212  0.462  0.290  0.233  0.122  0.102 -0.152 -0.353 -0.436 -0.461
 -0.191 -0.166 -0.271 -0.206 -0.030  0.182  0.690  1.000  0.606 -0.013  0.141  0.051 -0.015 -0.188 -0.226 -0.110 -0.144 -0.045 -0.018 -0.040 -0.135 -0.153 -0.158 -0.049 -0.034 -0.130 -0.097 -0.058 -0.076  0.001  0.048 -0.006 -0.016 -0.000  0.041  0.041  0.112  0.135  0.208  0.216  0.199  0.196  0.153  0.203  0.129  0.078  0.155  0.032  0.064  0.006 -0.026 -0.105 -0.110 -0.142 -0.180 -0.119 -0.114 -0.105  0.001 -0.045 -0.026 -0.019 -0.127 -0.221 -0.129 -0.212 -0.006  0.293  0.224  0.157  0.072 -0.022 -0.115 -0.234 -0.217 -0.242
 -0.276 -0.286 -0.324 -0.040  0.113  0.267  0.574  0.606  1.000  0.527  0.433  0.200 -0.038 -0.209 -0.220 -0.199 -0.206 -0.160 -0.119 -0.131 -0.144 -0.100 -0.104 -0.045 -0.003 -0.073 -0.007  0.058 -0.003  0.003  0.052 -0.018 -0.051 -0.045 -0.040 -0.051  0.026  0.078  0.107  0.136  0.118  0.178  0.147  0.228  0.174  0.133  0.133  0.090  0.150  0.070  0.081  0.022 -0.019 -0.030 -0.185 -0.199 -0.176 -0.126 -0.075 -0.140 -0.201 -0.159 -0.196 -0.203 -0.208 -0.017  0.145  0.207  0.077  0.058 -0.065 -0.071 -0.353 -0.260 -0.205 -0.224
 -0.144 -0.151 -0.121  0.094  0.205  0.223  0.103 -0.013  0.527  1.000  0.598  0.241 -0.017 -0.111 -0.089 -0.113 -0.104 -0.158 -0.123 -0.173 -0.154 -0.039 -0.023  0.042  0.072 -0.015  0.052  0.122  0.059 -0.034 -0.000 -0.031 -0.068  0.005  0.006 -0.019 -0.027 -0.021  0.015  0.033  0.067  0.065  0.026  0.019 -0.007 -0.013 -0.074  0.016  0.100  0.061  0.076  0.038 -0.022 -0.033 -0.131 -0.151 -0.153 -0.081 -0.056 -0.059 -0.139 -0.179 -0.161 -0.059 -0.065  0.275  0.218 -0.045 -0.054 -0.024 -0.096 -0.096 -0.300 -0.203 -0.124 -0.112
 -0.248 -0.160 -0.083  0.175  0.344  0.386  0.298  0.141  0.433  0.598  1.000  0.672  0.348  0.058 -0.010 -0.090 -0.139 -0.262 -0.237 -0.373 -0.322 -0.200 -0.158 -0.002  0.026  0.002  0.087  0.158  0.133  0.144  0.149  0.089  0.094  0.205  0.200  0.180  0.100  0.079  0.064  0.192  0.203  0.144  0.120  0.094  0.033 -0.068 -0.005 -0.032  0.035  0.066  0.051 -0.036 -0.097 -0.162 -0.321 -0.297 -0.347 -0.309 -0.188 -0.254 -0.336 -0.299 -0.302 -0.089 -0.041  0.199  0.195  0.088  0.067  0.071  0.053  0.055 -0.191 -0.288 -0.244 -0.233
 -0.174 -0.055  0.121  0.359  0.551  0.529  0.249  0.051  0.200  0.241  0.672  1.000  0.686  0.365  0.233  0.046 -0.092 -0.305 -0.352 -0.482 -0.404 -0.283 -0.199  0.037  0.073  0.035  0.127  0.186  0.207  0.217  0.166  0.197  0.197  0.232  0.239  0.210  0.106  0.073 -0.030  0.132  0.169  0.126  0.104  0.080  0.082  0.019  0.080 -0.004  0.010 -0.016 -0.067 -0.100 -0.232 -0.304 -0.480 -0.446 -0.538 -0.549 -0.419 -0.446 -0.429 -0.346 -0.269 -0.024  0.011  0.221  0.227  0.224  0.147  0.091  0.060  0.079 -0.038 -0.209 -0.197 -0.195
 -0.025  0.078  0.232  0.383  0.573  0.451  0.187 -0.015 -0.038 -0.017  0.348  0.686  1.000  0.665  0.484  0.291  0.119 -0.111 -0.298 -0.399 -0.275 -0.225 -0.161  0.046  0.055  0.086  0.115  0.170  0.247  0.189  0.130  0.192  0.222  0.167  0.172  0.143  0.050  0.052 -0.046  0.058  0.058  0.061  0.003 -0.078 -0.038 -0.008  0.044 -0.096 -0.095 -0.097 -0.102 -0.048 -0.215 -0.331 -0.470 -0.487 -0.556 -0.584 -0.545 -0.532 -0.480 -0.323 -0.191  0.004 -0.037  0.112  0.154  0.160  0.123  0.041  0.055  0.045  0.078 -0.073 -0.096 -0.111
  0.409  0.493  0.554  0.505  0.216  0.079 -0.126 -0.188 -0.209 -0.111  0.058  0.365  0.665  1.000  0.810  0.603  0.392  0.190 -0.042 -0.164 -0.131 -0.250 -0.236 -0.149 -0.082 -0.081 -0.149 -0.115 -0.024 -0.072 -0.103 -0.044  0.041 -0.051 -0.080 -0.096 -0.184 -0.203 -0.236 -0.226 -0.239 -0.224 -0.268 -0.313 -0.263 -0.102 -0.161 -0.286 -0.347 -0.377 -0.332 -0.226 -0.386 -0.478 -0.395 -0.388 -0.350 -0.457 -0.433 -0.340 -0.326 -0.098  0.180  0.374  0.135  0.146 -0.031 -0.103 -0.144 -0.208 -0.211 -0.160  0.198  0.287  0.251  0.222
  0.419  0.529  0.555  0.443  0.187  0.047 -0.152 -0.226 -0.220 -0.089 -0.010  0.233  0.484  0.810  1.000  0.730  0.469  0.242 -0.013 -0.107  0.023 -0.105 -0.143 -0.058 -0.004 -0.031 -0.075 -0.056 -0.030 -0.062 -0.069 -0.038 -0.030 -0.108 -0.103 -0.139 -0.164 -0.169 -0.178 -0.198 -0.217 -0.201 -0.201 -0.267 -0.226 -0.100 -0.136 -0.236 -0.289 -0.333 -0.280 -0.123 -0.254 -0.376 -0.289 -0.340 -0.331 -0.434 -0.462 -0.379 -0.350 -0.109  0.170  0.363  0.072  0.138 -0.005 -0.101 -0.113 -0.151 -0.168 -0.136  0.214  0.280  0.181  0.139
  0.615  0.595  0.460  0.340  0.002 -0.104 -0.177 -0.110 -0.199 -0.113 -0.090  0.046  0.291  0.603  0.730  1.000  0.701  0.499  0.255  0.135  0.164 -0.130 -0.199 -0.120 -0.087 -0.137 -0.228 -0.258 -0.186 -0.268 -0.285 -0.229 -0.196 -0.309 -0.291 -0.353 -0.320 -0.262 -0.201 -0.370 -0.334 -0.283 -0.285 -0.360 -0.338 -0.224 -0.305 -0.358 -0.410 -0.438 -0.366 -0.230 -0.329 -0.386 -0.222 -0.257 -0.151 -0.303 -0.373 -0.237 -0.202  0.065  0.328  0.429  0.112  0.079 -0.091 -0.215 -0.243 -0.292 -0.249 -0.171  0.222  0.372  0.374  0.324
  0.607  0.435  0.366  0.173 -0.091 -0.135 -0.229 -0.144 -0.206 -0.104 -0.139 -0.092  0.119  0.392  0.469  0.701  1.000  0.817  0.475  0.354  0.451  0.100 -0.058 -0.012  0.004 -0.050 -0.181 -0.240 -0.193 -0.275 -0.279 -0.280 -0.240 -0.314 -0.295 -0.360 -0.319 -0.292 -0.211 -0.341 -0.362 -0.254 -0.287 -0.353 -0.359 -0.215 -0.283 -0.331 -0.291 -0.293 -0.237 -0.087 -0.129 -0.149  0.059 -0.007  0.038 -0.096 -0.210 -0.144 -0.031  0.073  0.325  0.282  0.050 -0.010 -0.123 -0.278 -0.221 -0.251 -0.209 -0.117  0.184  0.295  0.275  0.239
  0.603  0.353  0.190  0.000 -0.326 -0.365 -0.249 -0.045 -0.160 -0.158 -0.262 -0.305 -0.111  0.190  0.242  0.499  0.817  1.000  0.735  0.589  0.553  0.141 -0.039 -0.068 -0.057 -0.125 -0.270 -0.327 -0.272 -0.353 -0.317 -0.318 -0.294 -0.384 -0.376 -0.400 -0.319 -0.297 -0.201 -0.389 -0.458 -0.342 -0.354 -0.365 -0.344 -0.219 -0.283 -0.315 -0.310 -0.314 -0.290 -0.125 -0.097 -0.044  0.264  0.229  0.321  0.189  0.026  0.126  0.154  0.157  0.386  0.247 -0.003 -0.152 -0.258 -0.419 -0.355 -0.325 -0.271 -0.182  0.147  0.349  0.352  0.313
  0.435  0.204  0.029 -0.077 -0.384 -0.382 -0.222 -0.018 -0.119 -0.123 -0.237 -0.352 -0.298 -0.042 -0.013  0.255  0.475  0.735  1.000  0.690  0.510  0.150 -0.017 -0.115 -0.069 -0.210 -0.341 -0.381 -0.346 -0.404 -0.374 -0.362 -0.303 -0.376 -0.393 -0.382 -0.322 -0.310 -0.217 -0.349 -0.333 -0.285 -0.307 -0.277 -0.200 -0.166 -0.239 -0.234 -0.266 -0.240 -0.250 -0.146 -0.004  0.093  0.415  0.478  0.551  0.405  0.267  0.403  0.382  0.286  0.356  0.254  0.129 -0.067 -0.208 -0.337 -0.272 -0.236 -0.200 -0.100  0.030  0.277  0.290  0.263
  0.307  0.105 -0.065 -0.170 -0.401 -0.378 -0.279 -0.040 -0.131 -0.173 -0.373 -0.482 -0.399 -0.164 -0.107  0.135  0.354  0.589  0.690  1.000  0.740  0.387  0.234  0.092  0.046 -0.022 -0.120 -0.242 -0.339 -0.380 -0.325 -0.389 -0.426 -0.451 -0.438 -0.402 -0.237 -0.225 -0.084 -0.254 -0.314 -0.180 -0.154 -0.210 -0.180 -0.167 -0.181 -0.199 -0.187 -0.101 -0.094  0.031  0.132  0.324  0.594  0.571  0.660  0.558  0.378  0.470  0.380  0.210  0.256  0.149  0.036 -0.113 -0.218 -0.327 -0.225 -0.162 -0.106 -0.051  0.016  0.199  0.204  0.179
  0.168 -0.041 -0.118 -0.276 -0.284 -0.242 -0.240 -0.135 -0.144 -0.154 -0.322 -0.404 -0.275 -0.131  0.023  0.164  0.451  0.553  0.510  0.740  1.000  0.746  0.536  0.387  0.360  0.264  0.118 -0.045 -0.201 -0.236 -0.218 -0.341 -0.393 -0.387 -0.320 -0.283 -0.093 -0.076  0.052 -0.050 -0.170 -0.053 -0.029 -0.114 -0.163 -0.177 -0.107 -0.087  0.004  0.078  0.134  0.348  0.397  0.506  0.672  0.500  0.430  0.406  0.191  0.158  0.197  0.076  0.069 -0.090 -0.151 -0.209 -0.214 -0.241 -0.141 -0.039 -0.010  0.077  0.025  0.056 -0.032 -0.034
 -0.181 -0.322 -0.303 -0.425 -0.212 -0.109 -0.128 -0.153 -0.100 -0.039 -0.200 -0.283 -0.225 -0.250 -0.105 -0.130  0.100  0.141  0.150  0.387  0.746  1.000  0.836  0.641  0.621  0.555  0.407  0.240  0.049  0.012 -0.007 -0.161 -0.242 -0.213 -0.133 -0.089  0.075  0.124  0.219  0.195  0.121  0.213  0.192  0.037 -0.029 -0.151 -0.002  0.076  0.258  0.377  0.459  0.648  0.632  0.687  0.632  0.394  0.227  0.339  0.163  0.012  0.034 -0.044 -0.209 -0.373 -0.282 -0.255 -0.141 -0.074  0.070  0.178  0.176  0.183 -0.042 -0.202 -0.299 -0.262
 -0.268 -0.375 -0.351 -0.404 -0.132 -0.043 -0.065 -0.158 -0.104 -0.023 -0.158 -0.199 -0.161 -0.236 -0.143 -0.199 -0.058 -0.039 -0.017  0.234  0.536  0.836  1.000  0.787  0.642  0.619  0.563  0.381  0.166  0.111  0.071 -0.043 -0.130 -0.157 -0.077 -0.044  0.148  0.254  0.275  0.210  0.169  0.274  0.320  0.153  0.081 -0.029  0.108  0.196  0.399  0.585  0.635  0.760  0.646  0.647  0.523  0.293  0.139  0.247  0.156 -0.026 -0.034 -0.159 -0.302 -0.353 -0.197 -0.204 -0.066  0.012  0.127  0.176  0.108  0.089 -0.137 -0.278 -0.351 -0.350
 -0.273 -0.292 -0.213 -0.245  0.076  0.168  0.090 -0.049 -0.045  0.042 -0.002  0.037  0.046 -0.149 -0.058 -0.120 -0.012 -0.068 -0.115  0.092  0.387  0.641  0.787  1.000  0.782  0.576  0.649  0.502  0.267  0.201  0.149  0.059 -0.027 -0.023  0.035  0.032  0.153  0.241  0.213  0.198  0.219  0.198  0.256  0.162  0.157  0.043  0.160  0.179  0.368  0.531  0.605  0.732  0.580  0.506  0.316  0.087 -0.071  0.009 -0.067 -0.212 -0.177 -0.342 -0.400 -0.344 -0.210 -0.150  0.052  0.134  0.157  0.122  0.030 -0.002 -0.200 -0.364 -0.404 -0.369
 -0.211 -0.207 -0.178 -0.183  0.056  0.189  0.112 -0.034 -0.003  0.072  0.026  0.073  0.055 -0.082 -0.004 -0.087  0.004 -0.057 -0.069  0.046  0.360  0.621  0.642  0.782  1.000  0.767  0.582  0.512  0.381  0.239  0.102  0.045 -0.023 -0.037 -0.006  0.019  0.086  0.120  0.122  0.180  0.213  0.162  0.172  0.119  0.020 -0.069  0.048  0.061  0.291  0.356  0.411  0.554  0.446  0.349  0.220  0.020 -0.119 -0.064 -0.150 -0.241 -0.160 -0.215 -0.388 -0.323 -0.229 -0.154 -0.024  0.125  0.150  0.131  0.074  0.067 -0.144 -0.322 -0.348 -0.296
 -0.290 -0.275 -0.207 -0.234  0.049  0.106  0.081 -0.130 -0.073 -0.015  0.002  0.035  0.086 -0.081 -0.031 -0.137 -0.050 -0.125 -0.210 -0.022  0.264  0.555  0.619  0.576  0.767  1.000  0.758  0.596  0.514  0.434  0.257  0.180  0.065  0.034  0.085  0.119  0.180  0.270  0.293  0.259  0.287  0.264  0.291  0.168  0.044 -0.055  0.056  0.131  0.274  0.384  0.378  0.473  0.348  0.269  0.136 -0.039 -0.155 -0.067 -0.132 -0.269 -0.199 -0.207 -0.452 -0.433 -0.313 -0.229 -0.038  0.111  0.145  0.150  0.163  0.147 -0.092 -0.280 -0.363 -0.350
 -0.467 -0.404 -0.258 -0.232  0.169  0.168  0.135 -0.097 -0.007  0.052  0.087  0.127  0.115 -0.149 -0.075 -0.228 -0.181 -0.270 -0.341 -0.120  0.118  0.407  0.563  0.649  0.582  0.758  1.000  0.833  0.568  0.619  0.579  0.413  0.238  0.297  0.352  0.366  0.450  0.545  0.483  0.392  0.434  0.337  0.340  0.215  0.182  0.103  0.200  0.221  0.338  0.480  0.466  0.528  0.386  0.274  0.084 -0.105 -0.208 -0.099 -0.137 -0.316 -0.296 -0.377 -0.528 -0.462 -0.332 -0.169  0.069  0.157  0.225  0.193  0.141  0.052 -0.289 -0.501 -0.532 -0.478
 -0.482 -0.395 -0.305 -0.246  0.144  0.155  0.168 -0.058  0.058  0.122  0.158  0.186  0.170 -0.115 -0.056 -0.258 -0.240 -0.327 -0.381 -0.242 -0.045  0.240  0.381  0.502  0.512  0.596  0.833  1.000  0.783  0.720  0.737  0.656  0.473  0.453  0.490  0.459  0.482  0.524  0.418  0.346  0.397  0.249  0.233  0.129  0.118  0.075  0.145  0.150  0.277  0.369  0.407  0.423  0.282  0.163 -0.018 -0.184 -0.276 -0.174 -0.207 -0.373 -0.372 -0.412 -0.543 -0.474 -0.366 -0.180 -0.019  0.086  0.137  0.086  0.032  0.002 -0.290 -0.485 -0.470 -0.427
 -0.374 -0.288 -0.241 -0.208  0.138  0.095  0.115 -0.076 -0.003  0.059  0.133  0.207  0.247 -0.024 -0.030 -0.186 -0.193 -0.272 -0.346 -0.339 -0.201  0.049  0.166  0.267  0.381  0.514  0.568  0.783  1.000  0.830  0.682  0.778  0.687  0.536  0.528  0.420  0.295  0.292  0.180  0.209  0.307  0.136  0.131  0.071  0.029 -0.035 -0.004  0.089  0.195  0.216  0.274  0.225  0.122 -0.022 -0.183 -0.255 -0.310 -0.251 -0.269 -0.391 -0.339 -0.370 -0.505 -0.476 -0.393 -0.251 -0.035  0.087  0.137  0.044  0.027  0.018 -0.202 -0.343 -0.302 -0.263
 -0.464 -0.323 -0.258 -0.253  0.143  0.134  0.197  0.001  0.003 -0.034  0.144  0.217  0.189 -0.072 -0.062 -0.268 -0.275 -0.353 -0.404 -0.380 -0.236  0.012  0.111  0.201  0.239  0.434  0.619  0.720  0.830  1.000  0.851  0.778  0.717  0.735  0.738  0.681  0.542  0.501  0.362  0.446  0.512  0.280  0.215  0.174  0.143  0.023  0.108  0.198  0.244  0.248  0.249  0.176  0.125 -0.038 -0.214 -0.277 -0.352 -0.262 -0.231 -0.397 -0.344 -0.393 -0.535 -0.486 -0.388 -0.283 -0.041  0.131  0.229  0.217  0.218  0.164 -0.238 -0.494 -0.487 -0.406
 -0.501 -0.350 -0.302 -0.278  0.101  0.093  0.215  0.048  0.052 -0.000  0.149  0.166  0.130 -0.103 -0.069 -0.285 -0.279 -0.317 -0.374 -0.325 -0.218 -0.007  0.071  0.149  0.102  0.257  0.579  0.737  0.682  0.851  1.000  0.832  0.671  0.760  0.818  0.774  0.712  0.649  0.499  0.514  0.481  0.303  0.205  0.117  0.111  0.066  0.118  0.115  0.168  0.204  0.219  0.157  0.127  0.023 -0.130 -0.224 -0.292 -0.184 -0.186 -0.387 -0.373 -0.409 -0.498 -0.469 -0.389 -0.251 -0.079  0.078  0.171  0.189  0.191  0.108 -0.260 -0.513 -0.519 -0.431
 -0.399 -0.278 -0.205 -0.161  0.131  0.060  0.125 -0.006 -0.018 -0.031  0.089  0.197  0.192 -0.044 -0.038 -0.229 -0.280 -0.318 -0.362 -0.389 -0.341 -0.161 -0.043  0.059  0.045  0.180  0.413  0.656  0.778  0.778  0.832  1.000  0.861  0.737  0.743  0.580  0.430  0.385  0.180  0.227  0.291  0.084  0.032  0.009  0.013  0.032  0.030  0.088  0.108  0.080  0.096  0.042  0.023 -0.101 -0.224 -0.231 -0.266 -0.238 -0.225 -0.347 -0.320 -0.375 -0.432 -0.400 -0.357 -0.222 -0.054  0.027  0.089  0.015  0.020 -0.039 -0.230 -0.303 -0.262 -0.207
 -0.290 -0.173 -0.116 -0.082  0.124  0.049  0.068 -0.016 -0.051 -0.068  0.094  0.197  0.222  0.041 -0.030 -0.196 -0.240 -0.294 -0.303 -0.426 -0.393 -0.242 -0.130 -0.027 -0.023  0.065  0.238  0.473  0.687  0.717  0.671  0.861  1.000  0.818  0.724  0.540  0.268  0.223 -0.009  0.111  0.224 -0.040 -0.118 -0.036  0.018  0.041  0.022  0.108  0.074  0.020  0.082  0.009 -0.016 -0.168 -0.307 -0.294 -0.301 -0.297 -0.261 -0.360 -0.316 -0.294 -0.330 -0.288 -0.266 -0.179 -0.037  0.017  0.084 -0.015 -0.015 -0.068 -0.211 -0.243 -0.153 -0.096
 -0.377 -0.237 -0.154 -0.099  0.170  0.140  0.081 -0.000 -0.045  0.005  0.205  0.232  0.167 -0.051 -0.108 -0.309 -0.314 -0.384 -0.376 -0.451 -0.387 -0.213 -0.157 -0.023 -0.037  0.034  0.297  0.453  0.536  0.735  0.760  0.737  0.818  1.000  0.916  0.793  0.519  0.410  0.260  0.383  0.449  0.151  0.014  0.055  0.093  0.096  0.120  0.131  0.078  0.064  0.092 -0.029 -0.019 -0.152 -0.316 -0.304 -0.331 -0.274 -0.230 -0.351 -0.309 -0.326 -0.374 -0.327 -0.247 -0.134  0.013  0.084  0.204  0.178  0.193  0.119 -0.200 -0.414 -0.366 -0.270
 -0.453 -0.307 -0.225 -0.163  0.210  0.179  0.149  0.041 -0.040  0.006  0.200  0.239  0.172 -0.080 -0.103 -0.291 -0.295 -0.376 -0.393 -0.438 -0.320 -0.133 -0.077  0.035 -0.006  0.085  0.352  0.490  0.528  0.738  0.818  0.743  0.724  0.916  1.000  0.889  0.683  0.538  0.391  0.509  0.514  0.246  0.107  0.076  0.080  0.078  0.112  0.128  0.125  0.092  0.110  0.002  0.010 -0.071 -0.250 -0.302 -0.350 -0.260 -0.252 -0.388 -0.340 -0.351 -0.415 -0.400 -0.293 -0.185 -0.004  0.109  0.261  0.257  0.309  0.208 -0.147 -0.450 -0.486 -0.394
 -0.503 -0.313 -0.236 -0.207  0.191  0.190  0.167  0.041 -0.051 -0.019  0.180  0.210  0.143 -0.096 -0.139 -0.353 -0.360 -0.400 -0.382 -0.402 -0.283 -0.089 -0.044  0.032  0.019  0.119  0.366  0.459  0.420  0.681  0.774  0.580  0.540  0.793  0.889  1.000  0.827  0.656  0.521  0.634  0.564  0.336  0.229  0.163  0.127  0.109  0.170  0.150  0.174  0.170  0.181  0.045  0.057 -0.007 -0.184 -0.217 -0.261 -0.156 -0.134 -0.283 -0.268 -0.291 -0.415 -0.403 -0.258 -0.175 -0.022  0.145  0.285  0.363  0.391  0.265 -0.124 -0.494 -0.566 -0.490
 -0.515 -0.369 -0.339 -0.314  0.107  0.107  0.185  0.112  0.026 -0.027  0.100  0.106  0.050 -0.184 -0.164 -0.320 -0.319 -0.319 -0.322 -0.237 -0.093  0.075  0.148  0.153  0.086  0.180  0.450  0.482  0.295  0.542  0.712  0.430  0.268  0.519  0.683  0.827  1.000  0.873  0.712  0.714  0.507  0.403  0.317  0.159  0.099  0.112  0.186  0.141  0.177  0.251  0.267  0.146  0.129  0.129 -0.028 -0.099 -0.171 -0.081 -0.044 -0.207 -0.166 -0.276 -0.421 -0.440 -0.329 -0.240 -0.103  0.116  0.230  0.354  0.386  0.241 -0.114 -0.496 -0.604 -0.537
 -0.505 -0.414 -0.350 -0.322  0.050  0.049  0.210  0.135  0.078 -0.021  0.079  0.073  0.052 -0.203 -0.169 -0.262 -0.292 -0.297 -0.310 -0.225 -0.076  0.124  0.254  0.241  0.120  0.270  0.545  0.524  0.292  0.501  0.649  0.385  0.223  0.410  0.538  0.656  0.873  1.000  0.815  0.674  0.512  0.470  0.374  0.180  0.164  0.145  0.191  0.163  0.195  0.326  0.350  0.260  0.207  0.176 -0.010 -0.101 -0.193 -0.109 -0.046 -0.235 -0.212 -0.272 -0.439 -0.471 -0.336 -0.257 -0.086  0.102  0.194  0.313  0.324  0.212 -0.151 -0.506 -0.598 -0.534
 -0.424 -0.390 -0.361 -0.349 -0.015  0.044  0.251  0.208  0.107  0.015  0.064 -0.030 -0.046 -0.236 -0.178 -0.201 -0.211 -0.201 -0.217 -0.084  0.052  0.219  0.275  0.213  0.122  0.293  0.483  0.418  0.180  0.362  0.499  0.180 -0.009  0.260  0.391  0.521  0.712  0.815  1.000  0.768  0.612  0.598  0.471  0.253  0.158  0.028  0.151  0.114  0.162  0.278  0.301  0.249  0.217  0.199  0.064 -0.051 -0.099  0.026  0.018 -0.154 -0.176 -0.227 -0.369 -0.440 -0.343 -0.245 -0.053  0.143  0.257  0.404  0.419  0.329 -0.100 -0.497 -0.609 -0.576
 -0.586 -0.437 -0.372 -0.321  0.157  0.302  0.353  0.216  0.136  0.033  0.192  0.132  0.058 -0.226 -0.198 -0.370 -0.341 -0.389 -0.349 -0.254 -0.050  0.195  0.210  0.198  0.180  0.259  0.392  0.346  0.209  0.446  0.514  0.227  0.111  0.383  0.509  0.634  0.714  0.674  0.768  1.000  0.810  0.735  0.596  0.401  0.222  0.018  0.239  0.219  0.351  0.373  0.300  0.235  0.203  0.201  0.007 -0.075 -0.235 -0.083 -0.041 -0.250 -0.205 -0.319 -0.498 -0.533 -0.360 -0.192  0.062  0.345  0.496  0.673  0.684  0.601 -0.049 -0.604 -0.769 -0.703
 -0.565 -0.402 -0.307 -0.254  0.171  0.340  0.337  0.199  0.118  0.067  0.203  0.169  0.058 -0.239 -0.217 -0.334 -0.362 -0.458 -0.333 -0.314 -0.170  0.121  0.169  0.219  0.213  0.287  0.434  0.397  0.307  0.512  0.481  0.291  0.224  0.449  0.514  0.564  0.507  0.512  0.612  0.810  1.000  0.760  0.625  0.451  0.269  0.049  0.243  0.229  0.367  0.384  0.303  0.249  0.189  0.107 -0.093 -0.120 -0.250 -0.120 -0.047 -0.230 -0.174 -0.238 -0.448 -0.438 -0.230 -0.075  0.219  0.472  0.631  0.700  0.638  0.542 -0.188 -0.649 -0.734 -0.671
 -0.508 -0.430 -0.369 -0.241  0.139  0.306  0.405  0.196  0.178  0.065  0.144  0.126  0.061 -0.224 -0.201 -0.283 -0.254 -0.342 -0.285 -0.180 -0.053  0.213  0.274  0.198  0.162  0.264  0.337  0.249  0.136  0.280  0.303  0.084 -0.040  0.151  0.246  0.336  0.403  0.470  0.598  0.735  0.760  1.000  0.789  0.491  0.192 -0.083  0.124  0.128  0.410  0.464  0.312  0.274  0.197  0.194  0.011 -0.042 -0.171 -0.016  0.019 -0.161 -0.147 -0.262 -0.412 -0.433 -0.258 -0.115  0.143  0.415  0.573  0.737  0.623  0.581 -0.060 -0.534 -0.637 -0.636
 -0.484 -0.424 -0.361 -0.235  0.110  0.336  0.409  0.153  0.147  0.026  0.120  0.104  0.003 -0.268 -0.201 -0.285 -0.287 -0.354 -0.307 -0.154 -0.029  0.192  0.320  0.256  0.172  0.291  0.340  0.233  0.131  0.215  0.205  0.032 -0.118  0.014  0.107  0.229  0.317  0.374  0.471  0.596  0.625  0.789  1.000  0.755  0.419  0.074  0.293  0.316  0.541  0.599  0.442  0.354  0.274  0.281  0.071  0.024 -0.121  0.034  0.078 -0.096 -0.103 -0.189 -0.359 -0.381 -0.181 -0.077  0.221  0.547  0.588  0.629  0.473  0.426 -0.093 -0.444 -0.611 -0.656
 -0.429 -0.329 -0.256 -0.123  0.136  0.365  0.398  0.203  0.228  0.019  0.094  0.080 -0.078 -0.313 -0.267 -0.360 -0.353 -0.365 -0.277 -0.210 -0.114  0.037  0.153  0.162  0.119  0.168  0.215  0.129  0.071  0.174  0.117  0.009 -0.036  0.055  0.076  0.163  0.159  0.180  0.253  0.401  0.451  0.491  0.755  1.000  0.763  0.392  0.611  0.633  0.645  0.504  0.376  0.259  0.229  0.226  0.069  0.050 -0.050  0.081  0.162  0.006 -0.021 -0.104 -0.215 -0.228 -0.039  0.015  0.379  0.680  0.517  0.479  0.305  0.245 -0.218 -0.407 -0.552 -0.608
 -0.355 -0.286 -0.156 -0.003  0.198  0.306  0.243  0.129  0.174 -0.007  0.033  0.082 -0.038 -0.263 -0.226 -0.338 -0.359 -0.344 -0.200 -0.180 -0.163 -0.029  0.081  0.157  0.020  0.044  0.182  0.118  0.029  0.143  0.111  0.013  0.018  0.093  0.080  0.127  0.099  0.164  0.158  0.222  0.269  0.192  0.419  0.763  1.000  0.661  0.644  0.595  0.411  0.352  0.311  0.235  0.234  0.222  0.053  0.016 -0.061  0.050  0.118  0.005 -0.026 -0.035 -0.133 -0.115  0.150  0.182  0.447  0.580  0.348  0.268  0.135  0.094 -0.193 -0.358 -0.449 -0.451
 -0.202 -0.118 -0.016  0.086  0.169  0.224  0.103  0.078  0.133 -0.013 -0.068  0.019 -0.008 -0.102 -0.100 -0.224 -0.215 -0.219 -0.166 -0.167 -0.177 -0.151 -0.029  0.043 -0.069 -0.055  0.103  0.075 -0.035  0.023  0.066  0.032  0.041  0.096  0.078  0.109  0.112  0.145  0.028  0.018  0.049 -0.083  0.074  0.392  0.661  1.000  0.758  0.446  0.148  0.091  0.162  0.098  0.108  0.104 -0.029 -0.010 -0.030  0.001  0.060  0.028  0.003  0.007 -0.033 -0.004  0.173  0.197  0.335  0.365  0.092 -0.028 -0.092 -0.171 -0.166 -0.214 -0.250 -0.222
 -0.336 -0.221 -0.118 -0.066  0.173  0.285  0.229  0.155  0.133 -0.074 -0.005  0.080  0.044 -0.161 -0.136 -0.305 -0.283 -0.283 -0.239 -0.181 -0.107 -0.002  0.108  0.160  0.048  0.056  0.200  0.145 -0.004  0.108  0.118  0.030  0.022  0.120  0.112  0.170  0.186  0.191  0.151  0.239  0.243  0.124  0.293  0.611  0.644  0.758  1.000  0.705  0.462  0.296  0.286  0.223  0.205  0.197  0.063  0.056 -0.035  0.051  0.145  0.012 -0.045 -0.135 -0.181 -0.138  0.063  0.075  0.320  0.492  0.299  0.178  0.092  0.006 -0.226 -0.366 -0.419 -0.441
 -0.330 -0.266 -0.192 -0.156  0.091  0.143  0.126  0.032  0.090  0.016 -0.032 -0.004 -0.096 -0.286 -0.236 -0.358 -0.331 -0.315 -0.234 -0.199 -0.087  0.076  0.196  0.179  0.061  0.131  0.221  0.150  0.089  0.198  0.115  0.088  0.108  0.131  0.128  0.150  0.141  0.163  0.114  0.219  0.229  0.128  0.316  0.633  0.595  0.446  0.705  1.000  0.698  0.439  0.367  0.301  0.290  0.247  0.130  0.092 -0.011  0.103  0.175  0.003  0.009 -0.101 -0.206 -0.212 -0.063 -0.054  0.193  0.342  0.253  0.186  0.076  0.052 -0.261 -0.337 -0.379 -0.381
 -0.413 -0.369 -0.285 -0.286  0.066  0.188  0.221  0.064  0.150  0.100  0.035  0.010 -0.095 -0.347 -0.289 -0.410 -0.291 -0.310 -0.266 -0.187  0.004  0.258  0.399  0.368  0.291  0.274  0.338  0.277  0.195  0.244  0.168  0.108  0.074  0.078  0.125  0.174  0.177  0.195  0.162  0.351  0.367  0.410  0.541  0.645  0.411  0.148  0.462  0.698  1.000  0.758  0.563  0.501  0.415  0.398  0.208  0.161 -0.010  0.123  0.216 -0.023  0.024 -0.141 -0.290 -0.333 -0.135 -0.121  0.155  0.368  0.374  0.365  0.213  0.180 -0.227 -0.420 -0.536 -0.549
 -0.469 -0.466 -0.343 -0.316  0.059  0.136  0.141  0.006  0.070  0.061  0.066 -0.016 -0.097 -0.377 -0.333 -0.438 -0.293 -0.314 -0.240 -0.101  0.078  0.377  0.585  0.531  0.356  0.384  0.480  0.369  0.216  0.248  0.204  0.080  0.020  0.064  0.092  0.170  0.251  0.326  0.278  0.373  0.384  0.464  0.599  0.504  0.352  0.091  0.296  0.439  0.758  1.000  0.802  0.699  0.536  0.504  0.260  0.159 -0.004  0.166  0.221 -0.024 -0.014 -0.189 -0.382 -0.409 -0.144 -0.089  0.151  0.274  0.346  0.354  0.210  0.175 -0.221 -0.431 -0.535 -0.544
 -0.455 -0.486 -0.332 -0.332  0.028  0.117  0.103 -0.026  0.081  0.076  0.051 -0.067 -0.102 -0.332 -0.280 -0.366 -0.237 -0.290 -0.250 -0.094  0.134  0.459  0.635  0.605  0.411  0.378  0.466  0.407  0.274  0.249  0.219  0.096  0.082  0.092  0.110  0.181  0.267  0.350  0.301  0.300  0.303  0.312  0.442  0.376  0.311  0.162  0.286  0.367  0.563  0.802  1.000  0.852  0.709  0.631  0.323  0.144 -0.013  0.184  0.195 -0.092 -0.088 -0.227 -0.408 -0.423 -0.164 -0.112  0.083  0.232  0.262  0.225  0.108  0.028 -0.315 -0.437 -0.486 -0.474
 -0.351 -0.414 -0.296 -0.349 -0.014  0.093  0.055 -0.105  0.022  0.038 -0.036 -0.100 -0.048 -0.226 -0.123 -0.230 -0.087 -0.125 -0.146  0.031  0.348  0.648  0.760  0.732  0.554  0.473  0.528  0.423  0.225  0.176  0.157  0.042  0.009 -0.029  0.002  0.045  0.146  0.260  0.249  0.235  0.249  0.274  0.354  0.259  0.235  0.098  0.223  0.301  0.501  0.699  0.852  1.000  0.801  0.677  0.414  0.181 -0.008  0.166  0.088 -0.183 -0.161 -0.252 -0.372 -0.382 -0.175 -0.097  0.046  0.148  0.201  0.181  0.122  0.077 -0.296 -0.409 -0.446 -0.410
 -0.350 -0.451 -0.366 -0.389 -0.061  0.041  0.022 -0.110 -0.019 -0.022 -0.097 -0.232 -0.215 -0.386 -0.254 -0.329 -0.129 -0.097 -0.004  0.132  0.397  0.632  0.646  0.580  0.446  0.348  0.386  0.282  0.122  0.125  0.127  0.023 -0.016 -0.019  0.010  0.057  0.129  0.207  0.217  0.203  0.189  0.197  0.274  0.229  0.234  0.108  0.205  0.290  0.415  0.536  0.709  0.801  1.000  0.838  0.587  0.364  0.221  0.378  0.226 -0.014 -0.008 -0.105 -0.296 -0.361 -0.140 -0.109  0.028  0.052  0.112  0.134  0.087  0.068 -0.235 -0.323 -0.385 -0.368
 -0.327 -0.451 -0.399 -0.453 -0.148 -0.049 -0.062 -0.142 -0.030 -0.033 -0.162 -0.304 -0.331 -0.478 -0.376 -0.386 -0.149 -0.044  0.093  0.324  0.506  0.687  0.647  0.506  0.349  0.269  0.274  0.163 -0.022 -0.038  0.023 -0.101 -0.168 -0.152 -0.071 -0.007  0.129  0.176  0.199  0.201  0.107  0.194  0.281  0.226  0.222  0.104  0.197  0.247  0.398  0.504  0.631  0.677  0.838  1.000  0.783  0.586  0.441  0.591  0.424  0.204  0.155 -0.025 -0.192 -0.344 -0.143 -0.143 -0.013  0.004  0.087  0.148  0.146  0.122 -0.150 -0.249 -0.365 -0.341
 -0.050 -0.226 -0.269 -0.397 -0.299 -0.250 -0.209 -0.180 -0.185 -0.131 -0.321 -0.480 -0.470 -0.395 -0.289 -0.222  0.059  0.264  0.415  0.594  0.672  0.632  0.523  0.316  0.220  0.136  0.084 -0.018 -0.183 -0.214 -0.130 -0.224 -0.307 -0.316 -0.250 -0.184 -0.028 -0.010  0.064  0.007 -0.093  0.011  0.071  0.069  0.053 -0.029  0.063  0.130  0.208  0.260  0.323  0.414  0.587  0.783  1.000  0.828  0.691  0.750  0.535  0.400  0.354  0.096  0.019 -0.136 -0.048 -0.152 -0.088 -0.149 -0.065  0.022  0.033  0.068 -0.108 -0.056 -0.131 -0.105
  0.011 -0.139 -0.186 -0.312 -0.333 -0.269 -0.231 -0.119 -0.199 -0.151 -0.297 -0.446 -0.487 -0.388 -0.340 -0.257 -0.007  0.229  0.478  0.571  0.500  0.394  0.293  0.087  0.020 -0.039 -0.105 -0.184 -0.255 -0.277 -0.224 -0.231 -0.294 -0.304 -0.302 -0.217 -0.099 -0.101 -0.051 -0.075 -0.120 -0.042  0.024  0.050  0.016 -0.010  0.056  0.092  0.161  0.159  0.144  0.181  0.364  0.586  0.828  1.000  0.849  0.790  0.708  0.640  0.616  0.263  0.148 -0.019  0.112 -0.021 -0.033 -0.109 -0.104  0.005  0.028  0.050 -0.026  0.020 -0.056 -0.048
  0.163  0.007 -0.102 -0.242 -0.447 -0.417 -0.321 -0.114 -0.176 -0.153 -0.347 -0.538 -0.556 -0.350 -0.331 -0.151  0.038  0.321  0.551  0.660  0.430  0.227  0.139 -0.071 -0.119 -0.155 -0.208 -0.276 -0.310 -0.352 -0.292 -0.266 -0.301 -0.331 -0.350 -0.261 -0.171 -0.193 -0.099 -0.235 -0.250 -0.171 -0.121 -0.050 -0.061 -0.030 -0.035 -0.011 -0.010 -0.004 -0.013 -0.008  0.221  0.441  0.691  0.849  1.000  0.869  0.726  0.782  0.624  0.330  0.319  0.138  0.144 -0.039 -0.079 -0.229 -0.226 -0.136 -0.111 -0.088 -0.065  0.142  0.142  0.133
 -0.034 -0.191 -0.244 -0.368 -0.425 -0.356 -0.224 -0.105 -0.126 -0.081 -0.309 -0.549 -0.584 -0.457 -0.434 -0.303 -0.096  0.189  0.405  0.558  0.406  0.339  0.247  0.009 -0.064 -0.067 -0.099 -0.174 -0.251 -0.262 -0.184 -0.238 -0.297 -0.274 -0.260 -0.156 -0.081 -0.109  0.026 -0.083 -0.120 -0.016  0.034  0.081  0.050  0.001  0.051  0.103  0.123  0.166  0.184  0.166  0.378  0.591  0.750  0.790  0.869  1.000  0.822  0.739  0.529  0.212  0.167 -0.024  0.046 -0.063 -0.065 -0.144 -0.121 -0.051 -0.001  0.026 -0.099  0.010 -0.012 -0.004
 -0.088 -0.172 -0.180 -0.336 -0.357 -0.275 -0.169  0.001 -0.075 -0.056 -0.188 -0.419 -0.545 -0.433 -0.462 -0.373 -0.210  0.026  0.267  0.378  0.191  0.163  0.156 -0.067 -0.150 -0.132 -0.137 -0.207 -0.269 -0.231 -0.186 -0.225 -0.261 -0.230 -0.252 -0.134 -0.044 -0.046  0.018 -0.041 -0.047  0.019  0.078  0.162  0.118  0.060  0.145  0.175  0.216  0.221  0.195  0.088  0.226  0.424  0.535  0.708  0.726  0.822  1.000  0.828  0.652  0.257  0.153 -0.010  0.145 -0.024 -0.031 -0.007 -0.032  0.042  0.050  0.036 -0.054 -0.086 -0.060 -0.046
  0.167  0.062 -0.021 -0.146 -0.379 -0.350 -0.252 -0.045 -0.140 -0.059 -0.254 -0.446 -0.532 -0.340 -0.379 -0.237 -0.144  0.126  0.403  0.470  0.158  0.012 -0.026 -0.212 -0.241 -0.269 -0.316 -0.373 -0.391 -0.397 -0.387 -0.347 -0.360 -0.351 -0.388 -0.283 -0.207 -0.235 -0.154 -0.250 -0.230 -0.161 -0.096  0.006  0.005  0.028  0.012  0.003 -0.023 -0.024 -0.092 -0.183 -0.014  0.204  0.400  0.640  0.782  0.739  0.828  1.000  0.771  0.435  0.393  0.231  0.251  0.078  0.004 -0.132 -0.181 -0.114 -0.076 -0.067  0.049  0.166  0.197  0.166
  0.215  0.139  0.043 -0.136 -0.281 -0.284 -0.205 -0.026 -0.201 -0.139 -0.336 -0.429 -0.480 -0.326 -0.350 -0.202 -0.031  0.154  0.382  0.380  0.197  0.034 -0.034 -0.177 -0.160 -0.199 -0.296 -0.372 -0.339 -0.344 -0.373 -0.320 -0.316 -0.309 -0.340 -0.268 -0.166 -0.212 -0.176 -0.205 -0.174 -0.147 -0.103 -0.021 -0.026  0.003 -0.045  0.009  0.024 -0.014 -0.088 -0.161 -0.008  0.155  0.354  0.616  0.624  0.529  0.652  0.771  1.000  0.689  0.489  0.216  0.341  0.094  0.014 -0.052 -0.097 -0.056 -0.025 -0.036  0.112  0.128  0.118  0.131
  0.391  0.330  0.217  0.051 -0.211 -0.259 -0.151 -0.019 -0.159 -0.179 -0.299 -0.346 -0.323 -0.098 -0.109  0.065  0.073  0.157  0.286  0.210  0.076 -0.044 -0.159 -0.342 -0.215 -0.207 -0.377 -0.412 -0.370 -0.393 -0.409 -0.375 -0.294 -0.326 -0.351 -0.291 -0.276 -0.272 -0.227 -0.319 -0.238 -0.262 -0.189 -0.104 -0.035  0.007 -0.135 -0.101 -0.141 -0.189 -0.227 -0.252 -0.105 -0.025  0.096  0.263  0.330  0.212  0.257  0.435  0.689  1.000  0.715  0.435  0.505  0.197  0.005 -0.037 -0.171 -0.189 -0.120 -0.109  0.203  0.282  0.228  0.224
  0.678  0.568  0.479  0.311 -0.168 -0.290 -0.249 -0.127 -0.196 -0.161 -0.302 -0.269 -0.191  0.180  0.170  0.328  0.325  0.386  0.356  0.256  0.069 -0.209 -0.302 -0.400 -0.388 -0.452 -0.528 -0.543 -0.505 -0.535 -0.498 -0.432 -0.330 -0.374 -0.415 -0.415 -0.421 -0.439 -0.369 -0.498 -0.448 -0.412 -0.359 -0.215 -0.133 -0.033 -0.181 -0.206 -0.290 -0.382 -0.408 -0.372 -0.296 -0.192  0.019  0.148  0.319  0.167  0.153  0.393  0.489  0.715  1.000  0.793  0.556  0.294 -0.004 -0.181 -0.314 -0.319 -0.277 -0.219  0.190  0.458  0.416  0.383
  0.671  0.650  0.630  0.569  0.002 -0.137 -0.263 -0.221 -0.203 -0.059 -0.089 -0.024  0.004  0.374  0.363  0.429  0.282  0.247  0.254  0.149 -0.090 -0.373 -0.353 -0.344 -0.323 -0.433 -0.462 -0.474 -0.476 -0.486 -0.469 -0.400 -0.288 -0.327 -0.400 -0.403 -0.440 -0.471 -0.440 -0.533 -0.438 -0.433 -0.381 -0.228 -0.115 -0.004 -0.138 -0.212 -0.333 -0.409 -0.423 -0.382 -0.361 -0.344 -0.136 -0.019  0.138 -0.024 -0.010  0.231  0.216  0.435  0.793  1.000  0.724  0.523  0.122 -0.129 -0.261 -0.312 -0.337 -0.277  0.098  0.414  0.448  0.408
  0.384  0.372  0.469  0.441  0.134  0.061 -0.120 -0.129 -0.208 -0.065 -0.041  0.011 -0.037  0.135  0.072  0.112  0.050 -0.003  0.129  0.036 -0.151 -0.282 -0.197 -0.210 -0.229 -0.313 -0.332 -0.366 -0.393 -0.388 -0.389 -0.357 -0.266 -0.247 -0.293 -0.258 -0.329 -0.336 -0.343 -0.360 -0.230 -0.258 -0.181 -0.039  0.150  0.173  0.063 -0.063 -0.135 -0.144 -0.164 -0.175 -0.140 -0.143 -0.048  0.112  0.144  0.046  0.145  0.251  0.341  0.505  0.556  0.724  1.000  0.711  0.352  0.154 -0.010 -0.131 -0.165 -0.178  0.066  0.160  0.181  0.160
  0.204  0.270  0.477  0.629  0.391  0.334 -0.061 -0.212 -0.017  0.275  0.199  0.221  0.112  0.146  0.138  0.079 -0.010 -0.152 -0.067 -0.113 -0.209 -0.255 -0.204 -0.150 -0.154 -0.229 -0.169 -0.180 -0.251 -0.283 -0.251 -0.222 -0.179 -0.134 -0.185 -0.175 -0.240 -0.257 -0.245 -0.192 -0.075 -0.115 -0.077  0.015  0.182  0.197  0.075 -0.054 -0.121 -0.089 -0.112 -0.097 -0.109 -0.143 -0.152 -0.021 -0.039 -0.063 -0.024  0.078  0.094  0.197  0.294  0.523  0.711  1.000  0.661  0.241  0.075 -0.041 -0.101 -0.103 -0.077  0.023  0.024  0.002
 -0.127 -0.034  0.238  0.398  0.585  0.585  0.212 -0.006  0.145  0.218  0.195  0.227  0.154 -0.031 -0.005 -0.091 -0.123 -0.258 -0.208 -0.218 -0.214 -0.141 -0.066  0.052 -0.024 -0.038  0.069 -0.019 -0.035 -0.041 -0.079 -0.054 -0.037  0.013 -0.004 -0.022 -0.103 -0.086 -0.053  0.062  0.219  0.143  0.221  0.379  0.447  0.335  0.320  0.193  0.155  0.151  0.083  0.046  0.028 -0.013 -0.088 -0.033 -0.079 -0.065 -0.031  0.004  0.014  0.005 -0.004  0.122  0.352  0.661  1.000  0.630  0.408  0.247  0.103  0.019 -0.182 -0.214 -0.294 -0.341
 -0.311 -0.194 -0.021  0.063  0.399  0.576  0.462  0.293  0.207 -0.045  0.088  0.224  0.160 -0.103 -0.101 -0.215 -0.278 -0.419 -0.337 -0.327 -0.241 -0.074  0.012  0.134  0.125  0.111  0.157  0.086  0.087  0.131  0.078  0.027  0.017  0.084  0.109  0.145  0.116  0.102  0.143  0.345  0.472  0.415  0.547  0.680  0.580  0.365  0.492  0.342  0.368  0.274  0.232  0.148  0.052  0.004 -0.149 -0.109 -0.229 -0.144 -0.007 -0.132 -0.052 -0.037 -0.181 -0.129  0.154  0.241  0.630  1.000  0.704  0.496  0.329  0.173 -0.135 -0.414 -0.504 -0.515
 -0.459 -0.322 -0.187 -0.061  0.316  0.445  0.290  0.224  0.077 -0.054  0.067  0.147  0.123 -0.144 -0.113 -0.243 -0.221 -0.355 -0.272 -0.225 -0.141  0.070  0.127  0.157  0.150  0.145  0.225  0.137  0.137  0.229  0.171  0.089  0.084  0.204  0.261  0.285  0.230  0.194  0.257  0.496  0.631  0.573  0.588  0.517  0.348  0.092  0.299  0.253  0.374  0.346  0.262  0.201  0.112  0.087 -0.065 -0.104 -0.226 -0.121 -0.032 -0.181 -0.097 -0.171 -0.314 -0.261 -0.010  0.075  0.408  0.704  1.000  0.805  0.590  0.400 -0.088 -0.497 -0.547 -0.538
 -0.464 -0.329 -0.262 -0.161  0.216  0.342  0.233  0.157  0.058 -0.024  0.071  0.091  0.041 -0.208 -0.151 -0.292 -0.251 -0.325 -0.236 -0.162 -0.039  0.178  0.176  0.122  0.131  0.150  0.193  0.086  0.044  0.217  0.189  0.015 -0.015  0.178  0.257  0.363  0.354  0.313  0.404  0.673  0.700  0.737  0.629  0.479  0.268 -0.028  0.178  0.186  0.365  0.354  0.225  0.181  0.134  0.148  0.022  0.005 -0.136 -0.051  0.042 -0.114 -0.056 -0.189 -0.319 -0.312 -0.131 -0.041  0.247  0.496  0.805  1.000  0.812  0.656  0.003 -0.527 -0.610 -0.582
 -0.395 -0.269 -0.231 -0.227  0.142  0.227  0.122  0.072 -0.065 -0.096  0.053  0.060  0.055 -0.211 -0.168 -0.249 -0.209 -0.271 -0.200 -0.106 -0.010  0.176  0.108  0.030  0.074  0.163  0.141  0.032  0.027  0.218  0.191  0.020 -0.015  0.193  0.309  0.391  0.386  0.324  0.419  0.684  0.638  0.623  0.473  0.305  0.135 -0.092  0.092  0.076  0.213  0.210  0.108  0.122  0.087  0.146  0.033  0.028 -0.111 -0.001  0.050 -0.076 -0.025 -0.120 -0.277 -0.337 -0.165 -0.101  0.103  0.329  0.590  0.812  1.000  0.842  0.157 -0.407 -0.562 -0.517
 -0.313 -0.198 -0.196 -0.166  0.105  0.180  0.102 -0.022 -0.071 -0.096  0.055  0.079  0.045 -0.160 -0.136 -0.171 -0.117 -0.182 -0.100 -0.051  0.077  0.183  0.089 -0.002  0.067  0.147  0.052  0.002  0.018  0.164  0.108 -0.039 -0.068  0.119  0.208  0.265  0.241  0.212  0.329  0.601  0.542  0.581  0.426  0.245  0.094 -0.171  0.006  0.052  0.180  0.175  0.028  0.077  0.068  0.122  0.068  0.050 -0.088  0.026  0.036 -0.067 -0.036 -0.109 -0.219 -0.277 -0.178 -0.103  0.019  0.173  0.400  0.656  0.842  1.000  0.277 -0.255 -0.478 -0.469
  0.212  0.184  0.151  0.073 -0.004 -0.089 -0.152 -0.115 -0.353 -0.300 -0.191 -0.038  0.078  0.198  0.214  0.222  0.184  0.147  0.030  0.016  0.025 -0.042 -0.137 -0.200 -0.144 -0.092 -0.289 -0.290 -0.202 -0.238 -0.260 -0.230 -0.211 -0.200 -0.147 -0.124 -0.114 -0.151 -0.100 -0.049 -0.188 -0.060 -0.093 -0.218 -0.193 -0.166 -0.226 -0.261 -0.227 -0.221 -0.315 -0.296 -0.235 -0.150 -0.108 -0.026 -0.065 -0.099 -0.054  0.049  0.112  0.203  0.190  0.098  0.066 -0.077 -0.182 -0.135 -0.088  0.003  0.157  0.277  1.000  0.430  0.148  0.057
  0.523  0.431  0.368  0.271 -0.210 -0.395 -0.353 -0.234 -0.260 -0.203 -0.288 -0.209 -0.073  0.287  0.280  0.372  0.295  0.349  0.277  0.199  0.056 -0.202 -0.278 -0.364 -0.322 -0.280 -0.501 -0.485 -0.343 -0.494 -0.513 -0.303 -0.243 -0.414 -0.450 -0.494 -0.496 -0.506 -0.497 -0.604 -0.649 -0.534 -0.444 -0.407 -0.358 -0.214 -0.366 -0.337 -0.420 -0.431 -0.437 -0.409 -0.323 -0.249 -0.056  0.020  0.142  0.010 -0.086  0.166  0.128  0.282  0.458  0.414  0.160  0.023 -0.214 -0.414 -0.497 -0.527 -0.407 -0.255  0.430  1.000  0.743  0.531
  0.568  0.430  0.302  0.230 -0.308 -0.430 -0.436 -0.217 -0.205 -0.124 -0.244 -0.197 -0.096  0.251  0.181  0.374  0.275  0.352  0.290  0.204 -0.032 -0.299 -0.351 -0.404 -0.348 -0.363 -0.532 -0.470 -0.302 -0.487 -0.519 -0.262 -0.153 -0.366 -0.486 -0.566 -0.604 -0.598 -0.609 -0.769 -0.734 -0.637 -0.611 -0.552 -0.449 -0.250 -0.419 -0.379 -0.536 -0.535 -0.486 -0.446 -0.385 -0.365 -0.131 -0.056  0.142 -0.012 -0.060  0.197  0.118  0.228  0.416  0.448  0.181  0.024 -0.294 -0.504 -0.547 -0.610 -0.562 -0.478  0.148  0.743  1.000  0.877
