  1.000  0.785  0.614  0.294 -0.215 -0.299 -0.324 -0.139 -0.266 -0.168 -0.249 -0.151 -0.065  0.321  0.381  0.635  0.646  0.639  0.447  0.309  0.164 -0.179 -0.318 -0.354 -0.253 -0.326 -0.486 -0.504 -0.410 -0.464 -0.482 -0.393 -0.273 -0.321 -0.410 -0.454 -0.488 -0.526 -0.434 -0.493 -0.533 -0.494 -0.507 -0.469 -0.375 -0.204 -0.324 -0.358 -0.482 -0.492 -0.499 -0.430 -0.369 -0.325 -0.088  0.017  0.178 -0.018 -0.015  0.160  0.207  0.409  0.657  0.612  0.361  0.107 -0.200 -0.388 -0.467 -0.434 -0.375 -0.251  0.219  0.521  0.569  0.527
  0.785  1.000  0.735  0.364 -0.093 -0.184 -0.251 -0.129 -0.252 -0.177 -0.095  0.009  0.080  0.455  0.527  0.633  0.497  0.432  0.269  0.127 -0.007 -0.316 -0.384 -0.362 -0.289 -0.313 -0.414 -0.432 -0.332 -0.336 -0.367 -0.305 -0.178 -0.216 -0.307 -0.331 -0.390 -0.438 -0.374 -0.391 -0.422 -0.417 -0.450 -0.417 -0.349 -0.175 -0.268 -0.333 -0.460 -0.458 -0.515 -0.465 -0.453 -0.428 -0.224 -0.110  0.045 -0.148 -0.113  0.052  0.118  0.348  0.566  0.615  0.341  0.154 -0.129 -0.318 -0.376 -0.350 -0.285 -0.168  0.215  0.443  0.470  0.449
  0.614  0.735  1.000  0.599  0.107 -0.059 -0.250 -0.226 -0.307 -0.130 -0.051  0.142  0.224  0.556  0.588  0.523  0.438  0.303  0.149  0.004 -0.083 -0.327 -0.359 -0.277 -0.243 -0.215 -0.260 -0.314 -0.249 -0.257 -0.307 -0.230 -0.119 -0.167 -0.264 -0.284 -0.361 -0.376 -0.355 -0.370 -0.360 -0.390 -0.369 -0.329 -0.225 -0.085 -0.204 -0.253 -0.347 -0.360 -0.389 -0.372 -0.375 -0.374 -0.252 -0.142 -0.057 -0.189 -0.098 -0.001  0.037  0.232  0.485  0.596  0.426  0.371  0.104 -0.152 -0.270 -0.306 -0.276 -0.162  0.148  0.339  0.367  0.353
  0.294  0.364  0.599  1.000  0.598  0.406  0.046 -0.141 -0.065  0.059  0.184  0.454  0.473  0.581  0.444  0.295  0.177  0.006 -0.094 -0.215 -0.288 -0.428 -0.376 -0.259 -0.250 -0.170 -0.147 -0.209 -0.153 -0.131 -0.206 -0.143 -0.043 -0.055 -0.149 -0.220 -0.305 -0.276 -0.297 -0.250 -0.172 -0.197 -0.159 -0.094 -0.038  0.024 -0.101 -0.141 -0.238 -0.317 -0.350 -0.355 -0.403 -0.460 -0.384 -0.294 -0.242 -0.343 -0.299 -0.175 -0.163 -0.021  0.241  0.468  0.407  0.619  0.424  0.155 -0.007 -0.107 -0.171 -0.108  0.056  0.178  0.203  0.168
 -0.215 -0.093  0.107  0.598  1.000  0.804  0.391  0.024  0.123  0.179  0.354  0.588  0.619  0.342  0.216 -0.015 -0.119 -0.338 -0.391 -0.433 -0.349 -0.267 -0.105  0.063 -0.003  0.095  0.224  0.157  0.173  0.230  0.142  0.135  0.141  0.175  0.181  0.127  0.038  0.092  0.022  0.143  0.240  0.172  0.175  0.206  0.149  0.142  0.111  0.102  0.090  0.023 -0.007 -0.013 -0.123 -0.218 -0.328 -0.376 -0.468 -0.419 -0.391 -0.421 -0.339 -0.264 -0.217 -0.053  0.056  0.416  0.590  0.453  0.380  0.245  0.174  0.099 -0.021 -0.232 -0.267 -0.296
 -0.299 -0.184 -0.059  0.406  0.804  1.000  0.560  0.211  0.286  0.245  0.412  0.558  0.491  0.218  0.090 -0.088 -0.176 -0.412 -0.424 -0.449 -0.334 -0.185 -0.044  0.120  0.083  0.138  0.233  0.170  0.145  0.231  0.151  0.099  0.114  0.180  0.186  0.177  0.094  0.116  0.091  0.275  0.387  0.298  0.326  0.364  0.236  0.176  0.204  0.139  0.180  0.084  0.068  0.072 -0.039 -0.143 -0.286 -0.311 -0.454 -0.373 -0.340 -0.399 -0.342 -0.320 -0.323 -0.157  0.001  0.353  0.540  0.605  0.494  0.387  0.282  0.185 -0.098 -0.397 -0.392 -0.424
 -0.324 -0.251 -0.250  0.046  0.391  0.560  1.000  0.662  0.546  0.149  0.351  0.305  0.244 -0.001 -0.084 -0.135 -0.191 -0.282 -0.244 -0.284 -0.211 -0.114 -0.033  0.048  0.005  0.055  0.150  0.139  0.126  0.216  0.186  0.113  0.050  0.082  0.144  0.143  0.137  0.197  0.204  0.274  0.320  0.321  0.357  0.356  0.232  0.116  0.215  0.128  0.168  0.085  0.081  0.082 -0.017 -0.088 -0.203 -0.225 -0.316 -0.249 -0.208 -0.263 -0.190 -0.189 -0.290 -0.281 -0.135  0.024  0.210  0.475  0.313  0.209  0.122  0.038 -0.141 -0.345 -0.398 -0.409
 -0.139 -0.129 -0.226 -0.141  0.024  0.211  0.662  1.000  0.628  0.012  0.137  0.066  0.024 -0.113 -0.141 -0.048 -0.080 -0.089 -0.064 -0.087 -0.111 -0.125 -0.136 -0.087 -0.113 -0.150 -0.078 -0.086 -0.070 -0.003  0.020 -0.011 -0.049 -0.013  0.035  0.031  0.078  0.093  0.134  0.135  0.118  0.109  0.117  0.130  0.095  0.068  0.109 -0.013  0.002 -0.028 -0.016 -0.025 -0.068 -0.112 -0.138 -0.089 -0.126 -0.139 -0.060 -0.092 -0.022 -0.030 -0.127 -0.186 -0.101 -0.130 -0.019  0.277  0.182  0.093  0.066 -0.075 -0.070 -0.164 -0.199 -0.213
 -0.266 -0.252 -0.307 -0.065  0.123  0.286  0.546  0.628  1.000  0.542  0.446  0.234  0.037 -0.128 -0.147 -0.147 -0.206 -0.215 -0.188 -0.178 -0.160 -0.094 -0.062 -0.028 -0.056 -0.046  0.007  0.017  0.004  0.022  0.015 -0.016 -0.064 -0.037 -0.012 -0.012  0.029  0.058  0.082  0.100  0.102  0.122  0.127  0.160  0.134  0.095  0.121  0.079  0.118  0.044  0.065  0.065 -0.017 -0.059 -0.161 -0.179 -0.203 -0.161 -0.118 -0.154 -0.173 -0.184 -0.204 -0.209 -0.213 -0.040  0.105  0.216  0.106  0.071 -0.003 -0.077 -0.235 -0.223 -0.214 -0.245
 -0.168 -0.177 -0.130  0.059  0.179  0.245  0.149  0.012  0.542  1.000  0.630  0.305  0.078 -0.024 -0.030 -0.083 -0.108 -0.158 -0.155 -0.162 -0.130 -0.035  0.013  0.047  0.058  0.054  0.076  0.120  0.094  0.053  0.026  0.010 -0.017  0.020  0.012 -0.016 -0.024 -0.017  0.032  0.064  0.076  0.065  0.057  0.036 -0.034 -0.056 -0.043  0.029  0.118  0.035  0.055  0.048 -0.042 -0.043 -0.124 -0.180 -0.155 -0.108 -0.114 -0.128 -0.217 -0.239 -0.193 -0.086 -0.106  0.157  0.160 -0.003 -0.009  0.012 -0.035 -0.053 -0.215 -0.211 -0.148 -0.174
 -0.249 -0.095 -0.051  0.184  0.354  0.412  0.351  0.137  0.446  0.630  1.000  0.699  0.428  0.218  0.114 -0.013 -0.148 -0.282 -0.274 -0.353 -0.297 -0.216 -0.104 -0.020 -0.053  0.065  0.153  0.152  0.160  0.207  0.138  0.092  0.109  0.183  0.160  0.135  0.064  0.075  0.070  0.159  0.197  0.156  0.174  0.103 -0.008 -0.073 -0.015 -0.028  0.065  0.028 -0.018 -0.037 -0.183 -0.227 -0.336 -0.356 -0.395 -0.360 -0.289 -0.325 -0.407 -0.356 -0.304 -0.094 -0.101  0.166  0.196  0.151  0.120  0.096  0.095  0.068 -0.145 -0.293 -0.231 -0.227
 -0.151  0.009  0.142  0.454  0.588  0.558  0.305  0.066  0.234  0.305  0.699  1.000  0.747  0.521  0.338  0.096 -0.064 -0.295 -0.344 -0.462 -0.393 -0.336 -0.167 -0.039 -0.072  0.079  0.171  0.127  0.181  0.245  0.136  0.117  0.146  0.158  0.128  0.083 -0.004  0.010 -0.026  0.083  0.160  0.114  0.143  0.114  0.056  0.008  0.004 -0.028 -0.008 -0.094 -0.158 -0.153 -0.310 -0.388 -0.480 -0.480 -0.531 -0.541 -0.448 -0.454 -0.450 -0.337 -0.189  0.026  0.028  0.278  0.292  0.298  0.191  0.122  0.085  0.084 -0.024 -0.211 -0.151 -0.159
 -0.065  0.080  0.224  0.473  0.619  0.491  0.244  0.024  0.037  0.078  0.428  0.747  1.000  0.739  0.507  0.234  0.052 -0.192 -0.311 -0.410 -0.284 -0.270 -0.140 -0.000 -0.029  0.122  0.184  0.130  0.202  0.241  0.130  0.133  0.188  0.168  0.148  0.107  0.009  0.047 -0.001  0.038  0.104  0.061  0.063 -0.004 -0.030 -0.027 -0.020 -0.071 -0.062 -0.130 -0.166 -0.106 -0.273 -0.375 -0.444 -0.454 -0.519 -0.539 -0.499 -0.472 -0.459 -0.331 -0.151  0.042 -0.017  0.212  0.236  0.243  0.169  0.089  0.059  0.042  0.023 -0.130 -0.107 -0.115
  0.321  0.455  0.556  0.581  0.342  0.218 -0.001 -0.113 -0.128 -0.024  0.218  0.521  0.739  1.000  0.791  0.549  0.338  0.121 -0.053 -0.210 -0.157 -0.301 -0.259 -0.199 -0.164 -0.033 -0.068 -0.114 -0.036 -0.002 -0.095 -0.072  0.035 -0.016 -0.083 -0.107 -0.200 -0.195 -0.174 -0.166 -0.141 -0.161 -0.185 -0.266 -0.249 -0.125 -0.209 -0.267 -0.317 -0.360 -0.391 -0.325 -0.448 -0.514 -0.426 -0.384 -0.378 -0.485 -0.445 -0.351 -0.345 -0.136  0.147  0.342  0.135  0.205  0.042 -0.021 -0.067 -0.119 -0.151 -0.076  0.134  0.180  0.209  0.183
  0.381  0.527  0.588  0.444  0.216  0.090 -0.084 -0.141 -0.147 -0.030  0.114  0.338  0.507  0.791  1.000  0.714  0.461  0.219  0.018 -0.104 -0.021 -0.180 -0.181 -0.095 -0.059 -0.028 -0.043 -0.063 -0.045 -0.035 -0.096 -0.072 -0.036 -0.089 -0.127 -0.149 -0.216 -0.200 -0.149 -0.172 -0.181 -0.189 -0.205 -0.301 -0.277 -0.130 -0.193 -0.257 -0.305 -0.321 -0.346 -0.255 -0.305 -0.408 -0.307 -0.321 -0.301 -0.422 -0.391 -0.311 -0.286 -0.068  0.190  0.330  0.074  0.120 -0.023 -0.103 -0.130 -0.134 -0.148 -0.067  0.185  0.200  0.184  0.147
  0.635  0.633  0.523  0.295 -0.015 -0.088 -0.135 -0.048 -0.147 -0.083 -0.013  0.096  0.234  0.549  0.714  1.000  0.727  0.499  0.284  0.140  0.123 -0.151 -0.223 -0.176 -0.137 -0.169 -0.217 -0.267 -0.229 -0.263 -0.295 -0.256 -0.202 -0.242 -0.268 -0.296 -0.324 -0.305 -0.225 -0.306 -0.300 -0.285 -0.311 -0.401 -0.376 -0.232 -0.312 -0.379 -0.414 -0.411 -0.416 -0.317 -0.336 -0.372 -0.216 -0.210 -0.104 -0.257 -0.254 -0.164 -0.109  0.119  0.351  0.388  0.095  0.040 -0.148 -0.255 -0.258 -0.261 -0.241 -0.134  0.191  0.320  0.353  0.313
  0.646  0.497  0.438  0.177 -0.119 -0.176 -0.191 -0.080 -0.206 -0.108 -0.148 -0.064  0.052  0.338  0.461  0.727  1.000  0.812  0.485  0.358  0.397  0.076 -0.096 -0.074 -0.017 -0.143 -0.254 -0.270 -0.243 -0.296 -0.301 -0.293 -0.232 -0.262 -0.295 -0.339 -0.347 -0.365 -0.289 -0.328 -0.379 -0.334 -0.360 -0.423 -0.403 -0.240 -0.322 -0.318 -0.314 -0.314 -0.289 -0.174 -0.138 -0.138  0.052  0.032  0.103 -0.042 -0.088 -0.034  0.051  0.180  0.363  0.270  0.079 -0.032 -0.176 -0.329 -0.300 -0.294 -0.274 -0.124  0.165  0.299  0.301  0.284
  0.639  0.432  0.303  0.006 -0.338 -0.412 -0.282 -0.089 -0.215 -0.158 -0.282 -0.295 -0.192  0.121  0.219  0.499  0.812  1.000  0.727  0.595  0.536  0.157 -0.063 -0.109 -0.045 -0.236 -0.361 -0.357 -0.340 -0.422 -0.381 -0.348 -0.312 -0.336 -0.372 -0.403 -0.376 -0.390 -0.304 -0.403 -0.497 -0.417 -0.450 -0.455 -0.354 -0.205 -0.307 -0.282 -0.345 -0.318 -0.293 -0.176 -0.075 -0.017  0.233  0.264  0.379  0.221  0.138  0.239  0.249  0.295  0.423  0.252  0.044 -0.161 -0.289 -0.478 -0.437 -0.409 -0.376 -0.227  0.153  0.392  0.389  0.381
  0.447  0.269  0.149 -0.094 -0.391 -0.424 -0.244 -0.064 -0.188 -0.155 -0.274 -0.344 -0.311 -0.053  0.018  0.284  0.485  0.727  1.000  0.734  0.542  0.210 -0.013 -0.154 -0.095 -0.293 -0.409 -0.406 -0.385 -0.466 -0.411 -0.364 -0.333 -0.343 -0.367 -0.362 -0.321 -0.304 -0.255 -0.356 -0.382 -0.320 -0.364 -0.326 -0.184 -0.101 -0.205 -0.216 -0.255 -0.204 -0.190 -0.162 -0.000  0.136  0.402  0.495  0.574  0.440  0.369  0.462  0.410  0.346  0.336  0.182  0.108 -0.128 -0.265 -0.415 -0.372 -0.335 -0.310 -0.184  0.045  0.317  0.293  0.293
  0.309  0.127  0.004 -0.215 -0.433 -0.449 -0.284 -0.087 -0.178 -0.162 -0.353 -0.462 -0.410 -0.210 -0.104  0.140  0.358  0.595  0.734  1.000  0.762  0.427  0.207  0.068  0.077 -0.134 -0.223 -0.252 -0.329 -0.429 -0.366 -0.361 -0.376 -0.344 -0.344 -0.319 -0.237 -0.215 -0.142 -0.286 -0.346 -0.263 -0.248 -0.244 -0.153 -0.099 -0.118 -0.094 -0.123 -0.071 -0.034  0.039  0.190  0.341  0.568  0.561  0.630  0.546  0.433  0.474  0.403  0.285  0.247  0.069  0.011 -0.164 -0.283 -0.389 -0.335 -0.267 -0.234 -0.138  0.017  0.212  0.177  0.185
  0.164 -0.007 -0.083 -0.288 -0.349 -0.334 -0.211 -0.111 -0.160 -0.130 -0.297 -0.393 -0.284 -0.157 -0.021  0.123  0.397  0.536  0.542  0.762  1.000  0.747  0.480  0.302  0.330  0.128 -0.023 -0.077 -0.179 -0.267 -0.250 -0.288 -0.315 -0.282 -0.234 -0.220 -0.102 -0.068 -0.015 -0.111 -0.184 -0.108 -0.128 -0.187 -0.156 -0.129 -0.087 -0.047  0.003  0.081  0.126  0.249  0.369  0.465  0.639  0.520  0.444  0.383  0.262  0.281  0.284  0.141  0.066 -0.121 -0.133 -0.265 -0.299 -0.318 -0.245 -0.160 -0.130 -0.005  0.030  0.078 -0.020 -0.018
 -0.179 -0.316 -0.327 -0.428 -0.267 -0.185 -0.114 -0.125 -0.094 -0.035 -0.216 -0.336 -0.270 -0.301 -0.180 -0.151  0.076  0.157  0.210  0.427  0.747  1.000  0.787  0.600  0.619  0.451  0.274  0.214  0.057 -0.029 -0.031 -0.126 -0.184 -0.153 -0.078 -0.020  0.119  0.162  0.204  0.158  0.138  0.204  0.172  0.071  0.019 -0.090  0.023  0.125  0.272  0.393  0.459  0.565  0.628  0.701  0.667  0.463  0.322  0.385  0.273  0.192  0.162 -0.027 -0.217 -0.395 -0.300 -0.315 -0.171 -0.083  0.033  0.113  0.094  0.111 -0.108 -0.222 -0.319 -0.285
 -0.318 -0.384 -0.359 -0.376 -0.105 -0.044 -0.033 -0.136 -0.062  0.013 -0.104 -0.167 -0.140 -0.259 -0.181 -0.223 -0.096 -0.063 -0.013  0.207  0.480  0.787  1.000  0.777  0.618  0.583  0.525  0.376  0.164  0.096  0.085 -0.020 -0.096 -0.097 -0.006  0.062  0.227  0.313  0.317  0.257  0.277  0.339  0.366  0.244  0.161  0.003  0.116  0.236  0.442  0.587  0.629  0.709  0.618  0.623  0.518  0.292  0.146  0.230  0.191  0.063  0.031 -0.187 -0.357 -0.419 -0.291 -0.213 -0.025  0.062  0.168  0.201  0.151  0.125 -0.208 -0.395 -0.436 -0.402
 -0.354 -0.362 -0.277 -0.259  0.063  0.120  0.048 -0.087 -0.028  0.047 -0.020 -0.039 -0.000 -0.199 -0.095 -0.176 -0.074 -0.109 -0.154  0.068  0.302  0.600  0.777  1.000  0.790  0.583  0.660  0.582  0.318  0.245  0.222  0.124  0.053  0.051  0.110  0.146  0.230  0.298  0.277  0.261  0.311  0.258  0.290  0.230  0.173  0.066  0.169  0.251  0.413  0.525  0.607  0.721  0.632  0.544  0.369  0.140 -0.006  0.096  0.061 -0.075 -0.094 -0.330 -0.417 -0.426 -0.331 -0.186  0.073  0.155  0.213  0.185  0.118  0.057 -0.218 -0.453 -0.495 -0.441
 -0.253 -0.289 -0.243 -0.250 -0.003  0.083  0.005 -0.113 -0.056  0.058 -0.053 -0.072 -0.029 -0.164 -0.059 -0.137 -0.017 -0.045 -0.095  0.077  0.330  0.619  0.618  0.790  1.000  0.724  0.523  0.542  0.409  0.261  0.159  0.077  0.025  0.005  0.034  0.098  0.170  0.183  0.173  0.196  0.239  0.188  0.162  0.119  0.037 -0.019  0.069  0.143  0.268  0.330  0.413  0.528  0.510  0.429  0.301  0.101 -0.022  0.054 -0.005 -0.086 -0.083 -0.223 -0.345 -0.369 -0.330 -0.229 -0.054  0.082  0.143  0.147  0.101  0.081 -0.109 -0.335 -0.370 -0.315
 -0.326 -0.313 -0.215 -0.170  0.095  0.138  0.055 -0.150 -0.046  0.054  0.065  0.079  0.122 -0.033 -0.028 -0.169 -0.143 -0.236 -0.293 -0.134  0.128  0.451  0.583  0.583  0.724  1.000  0.729  0.587  0.520  0.451  0.280  0.181  0.103  0.048  0.089  0.154  0.236  0.302  0.318  0.285  0.354  0.362  0.369  0.237  0.092 -0.032  0.048  0.155  0.293  0.367  0.359  0.420  0.291  0.230  0.067 -0.106 -0.230 -0.128 -0.141 -0.247 -0.232 -0.302 -0.424 -0.367 -0.344 -0.178  0.002  0.172  0.219  0.236  0.220  0.195 -0.100 -0.354 -0.386 -0.350
 -0.486 -0.414 -0.260 -0.147  0.224  0.233  0.150 -0.078  0.007  0.076  0.153  0.171  0.184 -0.068 -0.043 -0.217 -0.254 -0.361 -0.409 -0.223 -0.023  0.274  0.525  0.660  0.523  0.729  1.000  0.825  0.570  0.640  0.583  0.406  0.296  0.305  0.362  0.394  0.461  0.542  0.500  0.431  0.512  0.423  0.462  0.349  0.246  0.111  0.191  0.263  0.406  0.481  0.458  0.535  0.354  0.196 -0.012 -0.195 -0.321 -0.204 -0.181 -0.332 -0.323 -0.444 -0.537 -0.445 -0.377 -0.113  0.130  0.284  0.344  0.317  0.268  0.140 -0.258 -0.565 -0.575 -0.521
 -0.504 -0.432 -0.314 -0.209  0.157  0.170  0.139 -0.086  0.017  0.120  0.152  0.127  0.130 -0.114 -0.063 -0.267 -0.270 -0.357 -0.406 -0.252 -0.077  0.214  0.376  0.582  0.542  0.587  0.825  1.000  0.774  0.713  0.716  0.615  0.473  0.410  0.472  0.459  0.472  0.503  0.427  0.386  0.451  0.316  0.311  0.231  0.135  0.058  0.137  0.222  0.355  0.389  0.425  0.467  0.335  0.190 -0.026 -0.193 -0.308 -0.184 -0.181 -0.333 -0.340 -0.436 -0.530 -0.470 -0.397 -0.166  0.039  0.177  0.259  0.212  0.175  0.096 -0.237 -0.492 -0.515 -0.472
 -0.410 -0.332 -0.249 -0.153  0.173  0.145  0.126 -0.070  0.004  0.094  0.160  0.181  0.202 -0.036 -0.045 -0.229 -0.243 -0.340 -0.385 -0.329 -0.179  0.057  0.164  0.318  0.409  0.520  0.570  0.774  1.000  0.815  0.680  0.737  0.650  0.473  0.482  0.395  0.281  0.277  0.184  0.204  0.323  0.186  0.174  0.151  0.052 -0.017  0.054  0.146  0.230  0.215  0.276  0.278  0.187  0.050 -0.166 -0.281 -0.372 -0.254 -0.267 -0.389 -0.361 -0.410 -0.494 -0.454 -0.403 -0.208  0.010  0.172  0.224  0.125  0.101  0.051 -0.178 -0.335 -0.322 -0.295
 -0.464 -0.336 -0.257 -0.131  0.230  0.231  0.216 -0.003  0.022  0.053  0.207  0.245  0.241 -0.002 -0.035 -0.263 -0.296 -0.422 -0.466 -0.429 -0.267 -0.029  0.096  0.245  0.261  0.451  0.640  0.713  0.815  1.000  0.859  0.749  0.704  0.688  0.688  0.642  0.499  0.452  0.353  0.410  0.496  0.316  0.286  0.246  0.139  0.034  0.119  0.195  0.254  0.231  0.234  0.229  0.134 -0.046 -0.248 -0.339 -0.444 -0.334 -0.314 -0.444 -0.402 -0.451 -0.528 -0.434 -0.362 -0.177  0.058  0.248  0.324  0.288  0.273  0.181 -0.181 -0.472 -0.490 -0.439
 -0.482 -0.367 -0.307 -0.206  0.142  0.151  0.186  0.020  0.015  0.026  0.138  0.136  0.130 -0.095 -0.096 -0.295 -0.301 -0.381 -0.411 -0.366 -0.250 -0.031  0.085  0.222  0.159  0.280  0.583  0.716  0.680  0.859  1.000  0.829  0.704  0.742  0.802  0.742  0.648  0.560  0.460  0.471  0.478  0.326  0.270  0.221  0.114  0.041  0.130  0.167  0.219  0.223  0.245  0.229  0.156  0.018 -0.165 -0.263 -0.343 -0.238 -0.229 -0.390 -0.355 -0.409 -0.484 -0.423 -0.340 -0.184  0.016  0.186  0.303  0.287  0.286  0.155 -0.208 -0.487 -0.517 -0.463
 -0.393 -0.305 -0.230 -0.143  0.135  0.099  0.113 -0.011 -0.016  0.010  0.092  0.117  0.133 -0.072 -0.072 -0.256 -0.293 -0.348 -0.364 -0.361 -0.288 -0.126 -0.020  0.124  0.077  0.181  0.406  0.615  0.737  0.749  0.829  1.000  0.875  0.722  0.727  0.545  0.366  0.295  0.152  0.196  0.264  0.103  0.075  0.096  0.021  0.038  0.096  0.137  0.152  0.113  0.150  0.132  0.078 -0.053 -0.218 -0.266 -0.327 -0.248 -0.252 -0.364 -0.330 -0.359 -0.399 -0.337 -0.304 -0.165  0.009  0.117  0.180  0.094  0.090  0.000 -0.190 -0.295 -0.276 -0.243
 -0.273 -0.178 -0.119 -0.043  0.141  0.114  0.050 -0.049 -0.064 -0.017  0.109  0.146  0.188  0.035 -0.036 -0.202 -0.232 -0.312 -0.333 -0.376 -0.315 -0.184 -0.096  0.053  0.025  0.103  0.296  0.473  0.650  0.704  0.704  0.875  1.000  0.819  0.712  0.515  0.240  0.157  0.008  0.105  0.209  0.004 -0.027  0.034 -0.016  0.027  0.046  0.113  0.089  0.050  0.099  0.103  0.030 -0.121 -0.285 -0.321 -0.364 -0.302 -0.309 -0.415 -0.362 -0.319 -0.314 -0.221 -0.222 -0.119 -0.002  0.082  0.160  0.067  0.053 -0.012 -0.167 -0.243 -0.183 -0.144
 -0.321 -0.216 -0.167 -0.055  0.175  0.180  0.082 -0.013 -0.037  0.020  0.183  0.158  0.168 -0.016 -0.089 -0.242 -0.262 -0.336 -0.343 -0.344 -0.282 -0.153 -0.097  0.051  0.005  0.048  0.305  0.410  0.473  0.688  0.742  0.722  0.819  1.000  0.891  0.754  0.464  0.319  0.203  0.294  0.359  0.131  0.062  0.068  0.015  0.028  0.038  0.095  0.077  0.048  0.075  0.074  0.026 -0.120 -0.262 -0.292 -0.329 -0.271 -0.288 -0.391 -0.346 -0.340 -0.361 -0.288 -0.219 -0.081  0.045  0.124  0.263  0.227  0.230  0.122 -0.149 -0.364 -0.341 -0.279
 -0.410 -0.307 -0.264 -0.149  0.181  0.186  0.144  0.035 -0.012  0.012  0.160  0.128  0.148 -0.083 -0.127 -0.268 -0.295 -0.372 -0.367 -0.344 -0.234 -0.078 -0.006  0.110  0.034  0.089  0.362  0.472  0.482  0.688  0.802  0.727  0.712  0.891  1.000  0.874  0.656  0.481  0.366  0.457  0.475  0.262  0.175  0.137  0.046  0.030  0.108  0.125  0.117  0.104  0.141  0.117  0.060 -0.041 -0.200 -0.262 -0.316 -0.240 -0.260 -0.374 -0.342 -0.376 -0.433 -0.393 -0.291 -0.141  0.046  0.163  0.343  0.307  0.339  0.204 -0.170 -0.435 -0.461 -0.404
 -0.454 -0.331 -0.284 -0.220  0.127  0.177  0.143  0.031 -0.012 -0.016  0.135  0.083  0.107 -0.107 -0.149 -0.296 -0.339 -0.403 -0.362 -0.319 -0.220 -0.020  0.062  0.146  0.098  0.154  0.394  0.459  0.395  0.642  0.742  0.545  0.515  0.754  0.874  1.000  0.815  0.608  0.506  0.586  0.551  0.380  0.293  0.231  0.125  0.053  0.147  0.148  0.192  0.179  0.198  0.164  0.123  0.030 -0.129 -0.186 -0.245 -0.155 -0.183 -0.294 -0.294 -0.374 -0.457 -0.428 -0.291 -0.158  0.038  0.208  0.382  0.426  0.430  0.291 -0.141 -0.491 -0.556 -0.492
 -0.488 -0.390 -0.361 -0.305  0.038  0.094  0.137  0.078  0.029 -0.024  0.064 -0.004  0.009 -0.200 -0.216 -0.324 -0.347 -0.376 -0.321 -0.237 -0.102  0.119  0.227  0.230  0.170  0.236  0.461  0.472  0.281  0.499  0.648  0.366  0.240  0.464  0.656  0.815  1.000  0.858  0.712  0.692  0.546  0.497  0.419  0.266  0.147  0.052  0.163  0.165  0.243  0.281  0.311  0.250  0.201  0.155  0.003 -0.081 -0.154 -0.077 -0.056 -0.151 -0.154 -0.319 -0.441 -0.434 -0.314 -0.193 -0.005  0.184  0.331  0.431  0.456  0.316 -0.117 -0.498 -0.613 -0.567
 -0.526 -0.438 -0.376 -0.276  0.092  0.116  0.197  0.093  0.058 -0.017  0.075  0.010  0.047 -0.195 -0.200 -0.305 -0.365 -0.390 -0.304 -0.215 -0.068  0.162  0.313  0.298  0.183  0.302  0.542  0.503  0.277  0.452  0.560  0.295  0.157  0.319  0.481  0.608  0.858  1.000  0.818  0.650  0.551  0.545  0.488  0.326  0.215  0.085  0.199  0.224  0.318  0.378  0.404  0.346  0.280  0.224  0.051 -0.063 -0.169 -0.080 -0.027 -0.147 -0.167 -0.319 -0.482 -0.476 -0.342 -0.187  0.020  0.209  0.287  0.382  0.394  0.251 -0.132 -0.493 -0.629 -0.582
 -0.434 -0.374 -0.355 -0.297  0.022  0.091  0.204  0.134  0.082  0.032  0.070 -0.026 -0.001 -0.174 -0.149 -0.225 -0.289 -0.304 -0.255 -0.142 -0.015  0.204  0.317  0.277  0.173  0.318  0.500  0.427  0.184  0.353  0.460  0.152  0.008  0.203  0.366  0.506  0.712  0.818  1.000  0.767  0.620  0.629  0.533  0.360  0.215  0.030  0.162  0.157  0.264  0.356  0.362  0.321  0.267  0.214  0.076 -0.045 -0.124 -0.028 -0.005 -0.118 -0.164 -0.310 -0.444 -0.434 -0.359 -0.207 -0.008  0.202  0.320  0.450  0.487  0.332 -0.085 -0.477 -0.633 -0.608
 -0.493 -0.391 -0.370 -0.250  0.143  0.275  0.274  0.135  0.100  0.064  0.159  0.083  0.038 -0.166 -0.172 -0.306 -0.328 -0.403 -0.356 -0.286 -0.111  0.158  0.257  0.261  0.196  0.285  0.431  0.386  0.204  0.410  0.471  0.196  0.105  0.294  0.457  0.586  0.692  0.650  0.767  1.000  0.828  0.751  0.616  0.452  0.239  0.056  0.229  0.233  0.371  0.390  0.336  0.296  0.223  0.181  0.009 -0.109 -0.242 -0.121 -0.092 -0.232 -0.247 -0.392 -0.536 -0.508 -0.370 -0.186  0.072  0.353  0.553  0.678  0.729  0.569 -0.059 -0.563 -0.714 -0.701
 -0.533 -0.422 -0.360 -0.172  0.240  0.387  0.320  0.118  0.102  0.076  0.197  0.160  0.104 -0.141 -0.181 -0.300 -0.379 -0.497 -0.382 -0.346 -0.184  0.138  0.277  0.311  0.239  0.354  0.512  0.451  0.323  0.496  0.478  0.264  0.209  0.359  0.475  0.551  0.546  0.551  0.620  0.828  1.000  0.781  0.682  0.530  0.286  0.062  0.248  0.274  0.423  0.430  0.363  0.329  0.224  0.145 -0.049 -0.146 -0.292 -0.151 -0.115 -0.267 -0.260 -0.380 -0.551 -0.479 -0.303 -0.087  0.204  0.501  0.699  0.741  0.695  0.500 -0.213 -0.632 -0.713 -0.692
 -0.494 -0.417 -0.390 -0.197  0.172  0.298  0.321  0.109  0.122  0.065  0.156  0.114  0.061 -0.161 -0.189 -0.285 -0.334 -0.417 -0.320 -0.263 -0.108  0.204  0.339  0.258  0.188  0.362  0.423  0.316  0.186  0.316  0.326  0.103  0.004  0.131  0.262  0.380  0.497  0.545  0.629  0.751  0.781  1.000  0.826  0.574  0.249  0.012  0.192  0.213  0.436  0.467  0.358  0.285  0.184  0.177  0.003 -0.097 -0.223 -0.087 -0.050 -0.164 -0.198 -0.354 -0.504 -0.465 -0.320 -0.137  0.136  0.416  0.637  0.761  0.683  0.544 -0.097 -0.537 -0.649 -0.644
 -0.507 -0.450 -0.369 -0.159  0.175  0.326  0.357  0.117  0.127  0.057  0.174  0.143  0.063 -0.185 -0.205 -0.311 -0.360 -0.450 -0.364 -0.248 -0.128  0.172  0.366  0.290  0.162  0.369  0.462  0.311  0.174  0.286  0.270  0.075 -0.027  0.062  0.175  0.293  0.419  0.488  0.533  0.616  0.682  0.826  1.000  0.773  0.444  0.120  0.294  0.348  0.573  0.597  0.481  0.390  0.247  0.228  0.031 -0.078 -0.191 -0.042  0.011 -0.143 -0.178 -0.309 -0.467 -0.410 -0.232 -0.029  0.268  0.574  0.638  0.666  0.556  0.414 -0.173 -0.566 -0.654 -0.643
 -0.469 -0.417 -0.329 -0.094  0.206  0.364  0.356  0.130  0.160  0.036  0.103  0.114 -0.004 -0.266 -0.301 -0.401 -0.423 -0.455 -0.326 -0.244 -0.187  0.071  0.244  0.230  0.119  0.237  0.349  0.231  0.151  0.246  0.221  0.096  0.034  0.068  0.137  0.231  0.266  0.326  0.360  0.452  0.530  0.574  0.773  1.000  0.773  0.427  0.582  0.593  0.626  0.520  0.432  0.371  0.284  0.241  0.060 -0.012 -0.120  0.013  0.059 -0.081 -0.103 -0.220 -0.347 -0.305 -0.112  0.049  0.404  0.686  0.549  0.538  0.397  0.245 -0.248 -0.525 -0.611 -0.600
 -0.375 -0.349 -0.225 -0.038  0.149  0.236  0.232  0.095  0.134 -0.034 -0.008  0.056 -0.030 -0.249 -0.277 -0.376 -0.403 -0.354 -0.184 -0.153 -0.156  0.019  0.161  0.173  0.037  0.092  0.246  0.135  0.052  0.139  0.114  0.021 -0.016  0.015  0.046  0.125  0.147  0.215  0.215  0.239  0.286  0.249  0.444  0.773  1.000  0.690  0.633  0.575  0.427  0.394  0.357  0.299  0.264  0.213  0.071  0.044 -0.026  0.064  0.113  0.037  0.032 -0.046 -0.156 -0.147  0.069  0.160  0.399  0.550  0.316  0.261  0.162  0.060 -0.242 -0.419 -0.442 -0.411
 -0.204 -0.175 -0.085  0.024  0.142  0.176  0.116  0.068  0.095 -0.056 -0.073  0.008 -0.027 -0.125 -0.130 -0.232 -0.240 -0.205 -0.101 -0.099 -0.129 -0.090  0.003  0.066 -0.019 -0.032  0.111  0.058 -0.017  0.034  0.041  0.038  0.027  0.028  0.030  0.053  0.052  0.085  0.030  0.056  0.062  0.012  0.120  0.427  0.690  1.000  0.723  0.449  0.165  0.148  0.185  0.138  0.140  0.087  0.027  0.008 -0.022  0.019  0.066  0.039  0.039  0.038 -0.012 -0.033  0.069  0.114  0.232  0.299  0.101  0.010 -0.037 -0.147 -0.154 -0.229 -0.234 -0.220
 -0.324 -0.268 -0.204 -0.101  0.111  0.204  0.215  0.109  0.121 -0.043 -0.015  0.004 -0.020 -0.209 -0.193 -0.312 -0.322 -0.307 -0.205 -0.118 -0.087  0.023  0.116  0.169  0.069  0.048  0.191  0.137  0.054  0.119  0.130  0.096  0.046  0.038  0.108  0.147  0.163  0.199  0.162  0.229  0.248  0.192  0.294  0.582  0.633  0.723  1.000  0.692  0.399  0.278  0.276  0.240  0.219  0.184  0.060  0.032 -0.037  0.056  0.133  0.042  0.002 -0.090 -0.149 -0.146 -0.041  0.023  0.235  0.419  0.256  0.176  0.079 -0.050 -0.254 -0.386 -0.385 -0.379
 -0.358 -0.333 -0.253 -0.141  0.102  0.139  0.128 -0.013  0.079  0.029 -0.028 -0.028 -0.071 -0.267 -0.257 -0.379 -0.318 -0.282 -0.216 -0.094 -0.047  0.125  0.236  0.251  0.143  0.155  0.263  0.222  0.146  0.195  0.167  0.137  0.113  0.095  0.125  0.148  0.165  0.224  0.157  0.233  0.274  0.213  0.348  0.593  0.575  0.449  0.692  1.000  0.682  0.461  0.414  0.376  0.321  0.277  0.122  0.056 -0.026  0.109  0.152  0.001 -0.010 -0.119 -0.220 -0.253 -0.116 -0.024  0.204  0.340  0.274  0.237  0.115  0.025 -0.306 -0.425 -0.414 -0.404
 -0.482 -0.460 -0.347 -0.238  0.090  0.180  0.168  0.002  0.118  0.118  0.065 -0.008 -0.062 -0.317 -0.305 -0.414 -0.314 -0.345 -0.255 -0.123  0.003  0.272  0.442  0.413  0.268  0.293  0.406  0.355  0.230  0.254  0.219  0.152  0.089  0.077  0.117  0.192  0.243  0.318  0.264  0.371  0.423  0.436  0.573  0.626  0.427  0.165  0.399  0.682  1.000  0.776  0.635  0.587  0.479  0.467  0.272  0.152  0.000  0.172  0.210  0.007 -0.018 -0.216 -0.384 -0.388 -0.190 -0.049  0.218  0.391  0.381  0.409  0.299  0.225 -0.280 -0.507 -0.595 -0.584
 -0.492 -0.458 -0.360 -0.317  0.023  0.084  0.085 -0.028  0.044  0.035  0.028 -0.094 -0.130 -0.360 -0.321 -0.411 -0.314 -0.318 -0.204 -0.071  0.081  0.393  0.587  0.525  0.330  0.367  0.481  0.389  0.215  0.231  0.223  0.113  0.050  0.048  0.104  0.179  0.281  0.378  0.356  0.390  0.430  0.467  0.597  0.520  0.394  0.148  0.278  0.461  0.776  1.000  0.852  0.733  0.567  0.571  0.355  0.203  0.056  0.233  0.271  0.056  0.033 -0.188 -0.429 -0.425 -0.217 -0.109  0.162  0.266  0.356  0.364  0.274  0.188 -0.306 -0.501 -0.576 -0.556
 -0.499 -0.515 -0.389 -0.350 -0.007  0.068  0.081 -0.016  0.065  0.055 -0.018 -0.158 -0.166 -0.391 -0.346 -0.416 -0.289 -0.293 -0.190 -0.034  0.126  0.459  0.629  0.607  0.413  0.359  0.458  0.425  0.276  0.234  0.245  0.150  0.099  0.075  0.141  0.198  0.311  0.404  0.362  0.336  0.363  0.358  0.481  0.432  0.357  0.185  0.276  0.414  0.635  0.852  1.000  0.854  0.712  0.688  0.427  0.241  0.081  0.278  0.288  0.042  0.018 -0.204 -0.451 -0.459 -0.222 -0.112  0.119  0.240  0.292  0.259  0.196  0.080 -0.350 -0.510 -0.565 -0.527
 -0.430 -0.465 -0.372 -0.355 -0.013  0.072  0.082 -0.025  0.065  0.048 -0.037 -0.153 -0.106 -0.325 -0.255 -0.317 -0.174 -0.176 -0.162  0.039  0.249  0.565  0.709  0.721  0.528  0.420  0.535  0.467  0.278  0.229  0.229  0.132  0.103  0.074  0.117  0.164  0.250  0.346  0.321  0.296  0.329  0.285  0.390  0.371  0.299  0.138  0.240  0.376  0.587  0.733  0.854  1.000  0.825  0.705  0.457  0.230  0.044  0.218  0.170 -0.058 -0.064 -0.272 -0.456 -0.465 -0.287 -0.132  0.098  0.210  0.248  0.213  0.179  0.100 -0.306 -0.509 -0.568 -0.504
 -0.369 -0.453 -0.375 -0.403 -0.123 -0.039 -0.017 -0.068 -0.017 -0.042 -0.183 -0.310 -0.273 -0.448 -0.305 -0.336 -0.138 -0.075 -0.000  0.190  0.369  0.628  0.618  0.632  0.510  0.291  0.354  0.335  0.187  0.134  0.156  0.078  0.030  0.026  0.060  0.123  0.201  0.280  0.267  0.223  0.224  0.184  0.247  0.284  0.264  0.140  0.219  0.321  0.479  0.567  0.712  0.825  1.000  0.859  0.648  0.430  0.284  0.440  0.339  0.148  0.114 -0.096 -0.333 -0.441 -0.228 -0.176  0.023  0.093  0.109  0.125  0.114  0.065 -0.237 -0.372 -0.478 -0.435
 -0.325 -0.428 -0.374 -0.460 -0.218 -0.143 -0.088 -0.112 -0.059 -0.043 -0.227 -0.388 -0.375 -0.514 -0.408 -0.372 -0.138 -0.017  0.136  0.341  0.465  0.701  0.623  0.544  0.429  0.230  0.196  0.190  0.050 -0.046  0.018 -0.053 -0.121 -0.120 -0.041  0.030  0.155  0.224  0.214  0.181  0.145  0.177  0.228  0.241  0.213  0.087  0.184  0.277  0.467  0.571  0.688  0.705  0.859  1.000  0.819  0.622  0.489  0.651  0.535  0.349  0.269  0.025 -0.232 -0.390 -0.185 -0.198 -0.012  0.013  0.061  0.101  0.109  0.077 -0.231 -0.297 -0.410 -0.366
 -0.088 -0.224 -0.252 -0.384 -0.328 -0.286 -0.203 -0.138 -0.161 -0.124 -0.336 -0.480 -0.444 -0.426 -0.307 -0.216  0.052  0.233  0.402  0.568  0.639  0.667  0.518  0.369  0.301  0.067 -0.012 -0.026 -0.166 -0.248 -0.165 -0.218 -0.285 -0.262 -0.200 -0.129  0.003  0.051  0.076  0.009 -0.049  0.003  0.031  0.060  0.071  0.027  0.060  0.122  0.272  0.355  0.427  0.457  0.648  0.819  1.000  0.842  0.717  0.767  0.614  0.525  0.436  0.162 -0.039 -0.220 -0.073 -0.199 -0.100 -0.158 -0.109 -0.057 -0.003  0.038 -0.123 -0.086 -0.212 -0.174
  0.017 -0.110 -0.142 -0.294 -0.376 -0.311 -0.225 -0.089 -0.179 -0.180 -0.356 -0.480 -0.454 -0.384 -0.321 -0.210  0.032  0.264  0.495  0.561  0.520  0.463  0.292  0.140  0.101 -0.106 -0.195 -0.193 -0.281 -0.339 -0.263 -0.266 -0.321 -0.292 -0.262 -0.186 -0.081 -0.063 -0.045 -0.109 -0.146 -0.097 -0.078 -0.012  0.044  0.008  0.032  0.056  0.152  0.203  0.241  0.230  0.430  0.622  0.842  1.000  0.845  0.791  0.724  0.717  0.668  0.345  0.127 -0.063  0.099 -0.086 -0.080 -0.154 -0.175 -0.109 -0.062 -0.018 -0.048  0.033 -0.088 -0.059
  0.178  0.045 -0.057 -0.242 -0.468 -0.454 -0.316 -0.126 -0.203 -0.155 -0.395 -0.531 -0.519 -0.378 -0.301 -0.104  0.103  0.379  0.574  0.630  0.444  0.322  0.146 -0.006 -0.022 -0.230 -0.321 -0.308 -0.372 -0.444 -0.343 -0.327 -0.364 -0.329 -0.316 -0.245 -0.154 -0.169 -0.124 -0.242 -0.292 -0.223 -0.191 -0.120 -0.026 -0.022 -0.037 -0.026  0.000  0.056  0.081  0.044  0.284  0.489  0.717  0.845  1.000  0.875  0.754  0.800  0.670  0.422  0.297  0.091  0.156 -0.080 -0.098 -0.267 -0.297 -0.246 -0.214 -0.152 -0.043  0.160  0.110  0.122
 -0.018 -0.148 -0.189 -0.343 -0.419 -0.373 -0.249 -0.139 -0.161 -0.108 -0.360 -0.541 -0.539 -0.485 -0.422 -0.257 -0.042  0.221  0.440  0.546  0.383  0.385  0.230  0.096  0.054 -0.128 -0.204 -0.184 -0.254 -0.334 -0.238 -0.248 -0.302 -0.271 -0.240 -0.155 -0.077 -0.080 -0.028 -0.121 -0.151 -0.087 -0.042  0.013  0.064  0.019  0.056  0.109  0.172  0.233  0.278  0.218  0.440  0.651  0.767  0.791  0.875  1.000  0.848  0.759  0.574  0.311  0.146 -0.068  0.046 -0.108 -0.064 -0.166 -0.170 -0.128 -0.107 -0.076 -0.127  0.030 -0.033 -0.009
 -0.015 -0.113 -0.098 -0.299 -0.391 -0.340 -0.208 -0.060 -0.118 -0.114 -0.289 -0.448 -0.499 -0.445 -0.391 -0.254 -0.088  0.138  0.369  0.433  0.262  0.273  0.191  0.061 -0.005 -0.141 -0.181 -0.181 -0.267 -0.314 -0.229 -0.252 -0.309 -0.288 -0.260 -0.183 -0.056 -0.027 -0.005 -0.092 -0.115 -0.050  0.011  0.059  0.113  0.066  0.133  0.152  0.210  0.271  0.288  0.170  0.339  0.535  0.614  0.724  0.754  0.848  1.000  0.850  0.694  0.370  0.195 -0.014  0.113 -0.073 -0.060 -0.083 -0.122 -0.075 -0.077 -0.076 -0.124 -0.035 -0.066 -0.057
  0.160  0.052 -0.001 -0.175 -0.421 -0.399 -0.263 -0.092 -0.154 -0.128 -0.325 -0.454 -0.472 -0.351 -0.311 -0.164 -0.034  0.239  0.462  0.474  0.281  0.192  0.063 -0.075 -0.086 -0.247 -0.332 -0.333 -0.389 -0.444 -0.390 -0.364 -0.415 -0.391 -0.374 -0.294 -0.151 -0.147 -0.118 -0.232 -0.267 -0.164 -0.143 -0.081  0.037  0.039  0.042  0.001  0.007  0.056  0.042 -0.058  0.148  0.349  0.525  0.717  0.800  0.759  0.850  1.000  0.818  0.491  0.369  0.164  0.208 -0.023 -0.053 -0.197 -0.270 -0.205 -0.184 -0.135 -0.020  0.165  0.125  0.115
  0.207  0.118  0.037 -0.163 -0.339 -0.342 -0.190 -0.022 -0.173 -0.217 -0.407 -0.450 -0.459 -0.345 -0.286 -0.109  0.051  0.249  0.410  0.403  0.284  0.162  0.031 -0.094 -0.083 -0.232 -0.323 -0.340 -0.361 -0.402 -0.355 -0.330 -0.362 -0.346 -0.342 -0.294 -0.154 -0.167 -0.164 -0.247 -0.260 -0.198 -0.178 -0.103  0.032  0.039  0.002 -0.010 -0.018  0.033  0.018 -0.064  0.114  0.269  0.436  0.668  0.670  0.574  0.694  0.818  1.000  0.722  0.490  0.220  0.319  0.048 -0.055 -0.159 -0.235 -0.196 -0.168 -0.121  0.039  0.155  0.115  0.110
  0.409  0.348  0.232 -0.021 -0.264 -0.320 -0.189 -0.030 -0.184 -0.239 -0.356 -0.337 -0.331 -0.136 -0.068  0.119  0.180  0.295  0.346  0.285  0.141 -0.027 -0.187 -0.330 -0.223 -0.302 -0.444 -0.436 -0.410 -0.451 -0.409 -0.359 -0.319 -0.340 -0.376 -0.374 -0.319 -0.319 -0.310 -0.392 -0.380 -0.354 -0.309 -0.220 -0.046  0.038 -0.090 -0.119 -0.216 -0.188 -0.204 -0.272 -0.096  0.025  0.162  0.345  0.422  0.311  0.370  0.491  0.722  1.000  0.755  0.472  0.499  0.148 -0.094 -0.214 -0.339 -0.330 -0.263 -0.181  0.137  0.335  0.320  0.294
  0.657  0.566  0.485  0.241 -0.217 -0.323 -0.290 -0.127 -0.204 -0.193 -0.304 -0.189 -0.151  0.147  0.190  0.351  0.363  0.423  0.336  0.247  0.066 -0.217 -0.357 -0.417 -0.345 -0.424 -0.537 -0.530 -0.494 -0.528 -0.484 -0.399 -0.314 -0.361 -0.433 -0.457 -0.441 -0.482 -0.444 -0.536 -0.551 -0.504 -0.467 -0.347 -0.156 -0.012 -0.149 -0.220 -0.384 -0.429 -0.451 -0.456 -0.333 -0.232 -0.039  0.127  0.297  0.146  0.195  0.369  0.490  0.755  1.000  0.794  0.572  0.253 -0.100 -0.301 -0.446 -0.425 -0.403 -0.274  0.178  0.482  0.516  0.482
  0.612  0.615  0.596  0.468 -0.053 -0.157 -0.281 -0.186 -0.209 -0.086 -0.094  0.026  0.042  0.342  0.330  0.388  0.270  0.252  0.182  0.069 -0.121 -0.395 -0.419 -0.426 -0.369 -0.367 -0.445 -0.470 -0.454 -0.434 -0.423 -0.337 -0.221 -0.288 -0.393 -0.428 -0.434 -0.476 -0.434 -0.508 -0.479 -0.465 -0.410 -0.305 -0.147 -0.033 -0.146 -0.253 -0.388 -0.425 -0.459 -0.465 -0.441 -0.390 -0.220 -0.063  0.091 -0.068 -0.014  0.164  0.220  0.472  0.794  1.000  0.726  0.484  0.048 -0.205 -0.351 -0.359 -0.352 -0.231  0.158  0.424  0.508  0.468
  0.361  0.341  0.426  0.407  0.056  0.001 -0.135 -0.101 -0.213 -0.106 -0.101  0.028 -0.017  0.135  0.074  0.095  0.079  0.044  0.108  0.011 -0.133 -0.300 -0.291 -0.331 -0.330 -0.344 -0.377 -0.397 -0.403 -0.362 -0.340 -0.304 -0.222 -0.219 -0.291 -0.291 -0.314 -0.342 -0.359 -0.370 -0.303 -0.320 -0.232 -0.112  0.069  0.069 -0.041 -0.116 -0.190 -0.217 -0.222 -0.287 -0.228 -0.185 -0.073  0.099  0.156  0.046  0.113  0.208  0.319  0.499  0.572  0.726  1.000  0.670  0.278  0.041 -0.141 -0.204 -0.184 -0.110  0.090  0.211  0.276  0.259
  0.107  0.154  0.371  0.619  0.416  0.353  0.024 -0.130 -0.040  0.157  0.166  0.278  0.212  0.205  0.120  0.040 -0.032 -0.161 -0.128 -0.164 -0.265 -0.315 -0.213 -0.186 -0.229 -0.178 -0.113 -0.166 -0.208 -0.177 -0.184 -0.165 -0.119 -0.081 -0.141 -0.158 -0.193 -0.187 -0.207 -0.186 -0.087 -0.137 -0.029  0.049  0.160  0.114  0.023 -0.024 -0.049 -0.109 -0.112 -0.132 -0.176 -0.198 -0.199 -0.086 -0.080 -0.108 -0.073 -0.023  0.048  0.148  0.253  0.484  0.670  1.000  0.628  0.270  0.046 -0.069 -0.083 -0.046 -0.070 -0.021  0.054  0.044
 -0.200 -0.129  0.104  0.424  0.590  0.540  0.210 -0.019  0.105  0.160  0.196  0.292  0.236  0.042 -0.023 -0.148 -0.176 -0.289 -0.265 -0.283 -0.299 -0.171 -0.025  0.073 -0.054  0.002  0.130  0.039  0.010  0.058  0.016  0.009 -0.002  0.045  0.046  0.038 -0.005  0.020 -0.008  0.072  0.204  0.136  0.268  0.404  0.399  0.232  0.235  0.204  0.218  0.162  0.119  0.098  0.023 -0.012 -0.100 -0.080 -0.098 -0.064 -0.060 -0.053 -0.055 -0.094 -0.100  0.048  0.278  0.628  1.000  0.612  0.365  0.225  0.120  0.049 -0.198 -0.284 -0.284 -0.278
 -0.388 -0.318 -0.152  0.155  0.453  0.605  0.475  0.277  0.216 -0.003  0.151  0.298  0.243 -0.021 -0.103 -0.255 -0.329 -0.478 -0.415 -0.389 -0.318 -0.083  0.062  0.155  0.082  0.172  0.284  0.177  0.172  0.248  0.186  0.117  0.082  0.124  0.163  0.208  0.184  0.209  0.202  0.353  0.501  0.416  0.574  0.686  0.550  0.299  0.419  0.340  0.391  0.266  0.240  0.210  0.093  0.013 -0.158 -0.154 -0.267 -0.166 -0.083 -0.197 -0.159 -0.214 -0.301 -0.205  0.041  0.270  0.612  1.000  0.690  0.524  0.374  0.183 -0.186 -0.507 -0.517 -0.494
 -0.467 -0.376 -0.270 -0.007  0.380  0.494  0.313  0.182  0.106 -0.009  0.120  0.191  0.169 -0.067 -0.130 -0.258 -0.300 -0.437 -0.372 -0.335 -0.245  0.033  0.168  0.213  0.143  0.219  0.344  0.259  0.224  0.324  0.303  0.180  0.160  0.263  0.343  0.382  0.331  0.287  0.320  0.553  0.699  0.637  0.638  0.549  0.316  0.101  0.256  0.274  0.381  0.356  0.292  0.248  0.109  0.061 -0.109 -0.175 -0.297 -0.170 -0.122 -0.270 -0.235 -0.339 -0.446 -0.351 -0.141  0.046  0.365  0.690  1.000  0.816  0.634  0.380 -0.170 -0.566 -0.556 -0.539
 -0.434 -0.350 -0.306 -0.107  0.245  0.387  0.209  0.093  0.071  0.012  0.096  0.122  0.089 -0.119 -0.134 -0.261 -0.294 -0.409 -0.335 -0.267 -0.160  0.113  0.201  0.185  0.147  0.236  0.317  0.212  0.125  0.288  0.287  0.094  0.067  0.227  0.307  0.426  0.431  0.382  0.450  0.678  0.741  0.761  0.666  0.538  0.261  0.010  0.176  0.237  0.409  0.364  0.259  0.213  0.125  0.101 -0.057 -0.109 -0.246 -0.128 -0.075 -0.205 -0.196 -0.330 -0.425 -0.359 -0.204 -0.069  0.225  0.524  0.816  1.000  0.815  0.599 -0.036 -0.526 -0.601 -0.601
 -0.375 -0.285 -0.276 -0.171  0.174  0.282  0.122  0.066 -0.003 -0.035  0.095  0.085  0.059 -0.151 -0.148 -0.241 -0.274 -0.376 -0.310 -0.234 -0.130  0.094  0.151  0.118  0.101  0.220  0.268  0.175  0.101  0.273  0.286  0.090  0.053  0.230  0.339  0.430  0.456  0.394  0.487  0.729  0.695  0.683  0.556  0.397  0.162 -0.037  0.079  0.115  0.299  0.274  0.196  0.179  0.114  0.109 -0.003 -0.062 -0.214 -0.107 -0.077 -0.184 -0.168 -0.263 -0.403 -0.352 -0.184 -0.083  0.120  0.374  0.634  0.815  1.000  0.802  0.102 -0.430 -0.576 -0.579
 -0.251 -0.168 -0.162 -0.108  0.099  0.185  0.038 -0.075 -0.077 -0.053  0.068  0.084  0.042 -0.076 -0.067 -0.134 -0.124 -0.227 -0.184 -0.138 -0.005  0.111  0.125  0.057  0.081  0.195  0.140  0.096  0.051  0.181  0.155  0.000 -0.012  0.122  0.204  0.291  0.316  0.251  0.332  0.569  0.500  0.544  0.414  0.245  0.060 -0.147 -0.050  0.025  0.225  0.188  0.080  0.100  0.065  0.077  0.038 -0.018 -0.152 -0.076 -0.076 -0.135 -0.121 -0.181 -0.274 -0.231 -0.110 -0.046  0.049  0.183  0.380  0.599  0.802  1.000  0.257 -0.253 -0.434 -0.462
  0.219  0.215  0.148  0.056 -0.021 -0.098 -0.141 -0.070 -0.235 -0.215 -0.145 -0.024  0.023  0.134  0.185  0.191  0.165  0.153  0.045  0.017  0.030 -0.108 -0.208 -0.218 -0.109 -0.100 -0.258 -0.237 -0.178 -0.181 -0.208 -0.190 -0.167 -0.149 -0.170 -0.141 -0.117 -0.132 -0.085 -0.059 -0.213 -0.097 -0.173 -0.248 -0.242 -0.154 -0.254 -0.306 -0.280 -0.306 -0.350 -0.306 -0.237 -0.231 -0.123 -0.048 -0.043 -0.127 -0.124 -0.020  0.039  0.137  0.178  0.158  0.090 -0.070 -0.198 -0.186 -0.170 -0.036  0.102  0.257  1.000  0.454  0.162  0.075
  0.521  0.443  0.339  0.178 -0.232 -0.397 -0.345 -0.164 -0.223 -0.211 -0.293 -0.211 -0.130  0.180  0.200  0.320  0.299  0.392  0.317  0.212  0.078 -0.222 -0.395 -0.453 -0.335 -0.354 -0.565 -0.492 -0.335 -0.472 -0.487 -0.295 -0.243 -0.364 -0.435 -0.491 -0.498 -0.493 -0.477 -0.563 -0.632 -0.537 -0.566 -0.525 -0.419 -0.229 -0.386 -0.425 -0.507 -0.501 -0.510 -0.509 -0.372 -0.297 -0.086  0.033  0.160  0.030 -0.035  0.165  0.155  0.335  0.482  0.424  0.211 -0.021 -0.284 -0.507 -0.566 -0.526 -0.430 -0.253  0.454  1.000  0.765  0.591
  0.569  0.470  0.367  0.203 -0.267 -0.392 -0.398 -0.199 -0.214 -0.148 -0.231 -0.151 -0.107  0.209  0.184  0.353  0.301  0.389  0.293  0.177 -0.020 -0.319 -0.436 -0.495 -0.370 -0.386 -0.575 -0.515 -0.322 -0.490 -0.517 -0.276 -0.183 -0.341 -0.461 -0.556 -0.613 -0.629 -0.633 -0.714 -0.713 -0.649 -0.654 -0.611 -0.442 -0.234 -0.385 -0.414 -0.595 -0.576 -0.565 -0.568 -0.478 -0.410 -0.212 -0.088  0.110 -0.033 -0.066  0.125  0.115  0.320  0.516  0.508  0.276  0.054 -0.284 -0.517 -0.556 -0.601 -0.576 -0.434  0.162  0.765  1.000  0.893
