  1.000  0.784  0.572  0.280 -0.168 -0.296 -0.308 -0.152 -0.197 -0.132 -0.217 -0.135 -0.058  0.267  0.347  0.664  0.638  0.625  0.447  0.290  0.189 -0.173 -0.375 -0.420 -0.299 -0.364 -0.502 -0.461 -0.386 -0.463 -0.476 -0.363 -0.298 -0.344 -0.419 -0.456 -0.472 -0.491 -0.434 -0.491 -0.548 -0.476 -0.509 -0.471 -0.346 -0.227 -0.312 -0.358 -0.467 -0.473 -0.493 -0.467 -0.384 -0.303 -0.080  0.074  0.194 -0.001 -0.044  0.154  0.211  0.433  0.652  0.569  0.307  0.064 -0.194 -0.422 -0.507 -0.451 -0.380 -0.232  0.239  0.517  0.546  0.513
  0.784  1.000  0.729  0.475  0.040 -0.088 -0.192 -0.109 -0.184 -0.135 -0.086  0.064  0.141  0.467  0.532  0.665  0.496  0.424  0.254  0.078 -0.027 -0.349 -0.458 -0.476 -0.375 -0.367 -0.457 -0.436 -0.329 -0.357 -0.392 -0.293 -0.207 -0.238 -0.328 -0.370 -0.413 -0.437 -0.390 -0.427 -0.469 -0.406 -0.437 -0.405 -0.297 -0.197 -0.273 -0.331 -0.440 -0.471 -0.538 -0.531 -0.502 -0.458 -0.268 -0.080  0.023 -0.170 -0.151  0.052  0.158  0.379  0.602  0.635  0.380  0.182 -0.074 -0.280 -0.384 -0.351 -0.312 -0.175  0.233  0.421  0.471  0.444
  0.572  0.729  1.000  0.706  0.261  0.083 -0.139 -0.165 -0.168 -0.041 -0.028  0.173  0.246  0.529  0.549  0.515  0.374  0.253  0.113 -0.047 -0.127 -0.376 -0.413 -0.411 -0.387 -0.340 -0.363 -0.374 -0.274 -0.270 -0.314 -0.231 -0.144 -0.169 -0.260 -0.306 -0.353 -0.371 -0.342 -0.378 -0.382 -0.343 -0.339 -0.281 -0.185 -0.109 -0.175 -0.214 -0.311 -0.357 -0.420 -0.431 -0.428 -0.403 -0.279 -0.128 -0.039 -0.150 -0.107  0.038  0.112  0.297  0.510  0.614  0.453  0.383  0.166 -0.133 -0.276 -0.278 -0.267 -0.169  0.119  0.284  0.336  0.318
  0.280  0.475  0.706  1.000  0.650  0.460  0.139 -0.045 -0.036  0.052  0.226  0.471  0.504  0.637  0.506  0.338  0.146 -0.018 -0.147 -0.290 -0.325 -0.465 -0.395 -0.363 -0.375 -0.265 -0.224 -0.261 -0.152 -0.081 -0.142 -0.103 -0.007 -0.004 -0.089 -0.134 -0.202 -0.218 -0.202 -0.199 -0.163 -0.138 -0.120 -0.069 -0.044 -0.024 -0.070 -0.099 -0.169 -0.252 -0.346 -0.372 -0.439 -0.467 -0.425 -0.300 -0.259 -0.316 -0.225 -0.128 -0.053  0.068  0.262  0.480  0.431  0.595  0.440  0.170  0.003 -0.045 -0.106 -0.061  0.027  0.041  0.104  0.099
 -0.168  0.040  0.261  0.650  1.000  0.802  0.450  0.103  0.109  0.151  0.416  0.600  0.644  0.457  0.332  0.028 -0.130 -0.309 -0.395 -0.442 -0.374 -0.307 -0.127 -0.058 -0.133 -0.005  0.128  0.076  0.111  0.228  0.184  0.133  0.178  0.211  0.189  0.174  0.124  0.116  0.098  0.150  0.224  0.213  0.243  0.242  0.153  0.081  0.088  0.096  0.113  0.034 -0.036 -0.060 -0.179 -0.275 -0.378 -0.380 -0.431 -0.381 -0.284 -0.313 -0.267 -0.262 -0.187  0.020  0.111  0.435  0.582  0.490  0.421  0.307  0.174  0.102 -0.122 -0.334 -0.311 -0.295
 -0.296 -0.088  0.083  0.460  0.802  1.000  0.616  0.248  0.214  0.177  0.450  0.591  0.550  0.327  0.180 -0.102 -0.253 -0.420 -0.464 -0.497 -0.407 -0.269 -0.075 -0.009 -0.082  0.036  0.171  0.112  0.135  0.267  0.228  0.153  0.200  0.258  0.244  0.248  0.195  0.189  0.175  0.253  0.340  0.306  0.335  0.333  0.216  0.115  0.138  0.142  0.176  0.094  0.033  0.003 -0.122 -0.222 -0.359 -0.373 -0.448 -0.371 -0.264 -0.321 -0.282 -0.312 -0.280 -0.082  0.046  0.386  0.530  0.602  0.536  0.420  0.274  0.162 -0.145 -0.421 -0.402 -0.388
 -0.308 -0.192 -0.139  0.139  0.450  0.616  1.000  0.668  0.474  0.114  0.379  0.360  0.353  0.139  0.029 -0.147 -0.234 -0.337 -0.360 -0.360 -0.281 -0.149 -0.007  0.040 -0.008  0.087  0.192  0.150  0.132  0.220  0.218  0.136  0.121  0.166  0.197  0.219  0.227  0.259  0.272  0.277  0.339  0.343  0.354  0.321  0.193  0.097  0.135  0.114  0.160  0.096  0.052  0.032 -0.044 -0.118 -0.241 -0.275 -0.343 -0.278 -0.206 -0.262 -0.248 -0.297 -0.317 -0.222 -0.119  0.091  0.246  0.512  0.458  0.331  0.179  0.087 -0.145 -0.410 -0.418 -0.406
 -0.152 -0.109 -0.165 -0.045  0.103  0.248  0.668  1.000  0.636  0.073  0.175  0.100  0.073 -0.016 -0.070 -0.097 -0.131 -0.145 -0.157 -0.157 -0.138 -0.092 -0.057 -0.034 -0.038 -0.021  0.016  0.007 -0.014  0.017  0.034 -0.001 -0.014  0.014  0.042  0.066  0.082  0.099  0.128  0.118  0.133  0.136  0.143  0.131  0.067  0.036  0.068  0.017  0.037 -0.007 -0.022 -0.035 -0.046 -0.076 -0.129 -0.132 -0.140 -0.134 -0.100 -0.116 -0.106 -0.135 -0.175 -0.165 -0.118 -0.100  0.010  0.272  0.215  0.122  0.064 -0.014 -0.004 -0.187 -0.224 -0.244
 -0.197 -0.184 -0.168 -0.036  0.109  0.214  0.474  0.636  1.000  0.536  0.378  0.186  0.085 -0.027 -0.099 -0.138 -0.172 -0.192 -0.196 -0.186 -0.169 -0.102 -0.041 -0.015 -0.056 -0.036  0.025  0.005 -0.024  0.017  0.035  0.005 -0.002  0.026  0.048  0.055  0.069  0.091  0.108  0.102  0.112  0.127  0.127  0.127  0.064  0.045  0.081  0.068  0.087  0.038  0.018  0.001 -0.029 -0.067 -0.138 -0.162 -0.162 -0.132 -0.112 -0.127 -0.151 -0.189 -0.213 -0.190 -0.155 -0.053  0.064  0.206  0.152  0.101  0.019 -0.017 -0.139 -0.228 -0.243 -0.255
 -0.132 -0.135 -0.041  0.052  0.151  0.177  0.114  0.073  0.536  1.000  0.539  0.254  0.113  0.030 -0.005 -0.053 -0.124 -0.162 -0.174 -0.161 -0.137 -0.081 -0.028  0.003 -0.030 -0.023  0.033  0.019  0.001  0.043  0.050  0.023  0.037  0.072  0.063  0.052  0.052  0.061  0.067  0.077  0.074  0.069  0.048  0.031 -0.024 -0.023  0.006  0.038  0.070  0.029  0.022  0.016 -0.023 -0.064 -0.119 -0.171 -0.153 -0.115 -0.132 -0.144 -0.199 -0.203 -0.175 -0.118 -0.115  0.046  0.092  0.039  0.048  0.055  0.027  0.037 -0.155 -0.205 -0.181 -0.180
 -0.217 -0.086 -0.028  0.226  0.416  0.450  0.379  0.175  0.378  0.539  1.000  0.715  0.536  0.323  0.168 -0.038 -0.169 -0.302 -0.366 -0.386 -0.317 -0.249 -0.100 -0.025 -0.071  0.025  0.145  0.127  0.153  0.245  0.237  0.198  0.224  0.270  0.256  0.217  0.176  0.168  0.151  0.176  0.198  0.163  0.143  0.082 -0.017 -0.034 -0.003  0.013  0.053 -0.007 -0.049 -0.049 -0.154 -0.249 -0.339 -0.368 -0.410 -0.373 -0.318 -0.343 -0.343 -0.331 -0.305 -0.157 -0.134  0.081  0.130  0.198  0.232  0.190  0.127  0.115 -0.115 -0.322 -0.284 -0.264
 -0.135  0.064  0.173  0.471  0.600  0.591  0.360  0.100  0.186  0.254  0.715  1.000  0.793  0.586  0.359  0.089 -0.092 -0.291 -0.398 -0.465 -0.391 -0.358 -0.181 -0.102 -0.136 -0.007  0.097  0.072  0.145  0.235  0.192  0.179  0.234  0.263  0.225  0.173  0.106  0.085  0.059  0.089  0.134  0.107  0.111  0.073  0.002 -0.020 -0.005  0.004  0.009 -0.075 -0.150 -0.147 -0.282 -0.390 -0.460 -0.433 -0.486 -0.481 -0.382 -0.380 -0.320 -0.269 -0.190  0.000  0.002  0.208  0.213  0.260  0.239  0.183  0.081  0.091 -0.060 -0.243 -0.204 -0.188
 -0.058  0.141  0.246  0.504  0.644  0.550  0.353  0.073  0.085  0.113  0.536  0.793  1.000  0.757  0.525  0.222  0.024 -0.211 -0.363 -0.436 -0.343 -0.337 -0.166 -0.076 -0.103  0.031  0.128  0.113  0.176  0.247  0.203  0.195  0.234  0.245  0.220  0.160  0.099  0.085  0.058  0.065  0.109  0.084  0.085  0.037 -0.026 -0.025 -0.021 -0.025 -0.030 -0.113 -0.183 -0.152 -0.285 -0.409 -0.468 -0.447 -0.505 -0.518 -0.429 -0.418 -0.348 -0.278 -0.167  0.013 -0.029  0.168  0.182  0.225  0.212  0.148  0.038  0.043 -0.034 -0.210 -0.175 -0.154
  0.267  0.467  0.529  0.637  0.457  0.327  0.139 -0.016 -0.027  0.030  0.323  0.586  0.757  1.000  0.766  0.510  0.276  0.031 -0.168 -0.299 -0.266 -0.407 -0.318 -0.249 -0.230 -0.119 -0.085 -0.095 -0.005  0.040 -0.012  0.015  0.085  0.093  0.030 -0.030 -0.094 -0.118 -0.118 -0.142 -0.138 -0.140 -0.156 -0.187 -0.183 -0.124 -0.144 -0.171 -0.227 -0.306 -0.386 -0.346 -0.440 -0.527 -0.488 -0.397 -0.395 -0.496 -0.427 -0.330 -0.232 -0.071  0.125  0.291  0.140  0.219  0.075 -0.001 -0.050 -0.073 -0.125 -0.048  0.092  0.052  0.096  0.097
  0.347  0.532  0.549  0.506  0.332  0.180  0.029 -0.070 -0.099 -0.005  0.168  0.359  0.525  0.766  1.000  0.701  0.448  0.181 -0.055 -0.160 -0.106 -0.272 -0.235 -0.171 -0.141 -0.062 -0.059 -0.068 -0.008  0.007 -0.043 -0.018  0.032  0.020 -0.031 -0.076 -0.114 -0.122 -0.122 -0.166 -0.165 -0.168 -0.196 -0.242 -0.235 -0.146 -0.171 -0.198 -0.255 -0.309 -0.353 -0.285 -0.336 -0.422 -0.367 -0.312 -0.315 -0.424 -0.399 -0.305 -0.215 -0.049  0.172  0.270  0.079  0.113  0.005 -0.100 -0.125 -0.141 -0.170 -0.097  0.101  0.094  0.130  0.132
  0.664  0.665  0.515  0.338  0.028 -0.102 -0.147 -0.097 -0.138 -0.053 -0.038  0.089  0.222  0.510  0.701  1.000  0.735  0.492  0.241  0.128  0.133 -0.162 -0.269 -0.257 -0.173 -0.191 -0.260 -0.243 -0.197 -0.244 -0.272 -0.202 -0.156 -0.189 -0.244 -0.288 -0.302 -0.308 -0.276 -0.340 -0.374 -0.343 -0.383 -0.416 -0.362 -0.236 -0.286 -0.320 -0.393 -0.417 -0.436 -0.363 -0.351 -0.358 -0.198 -0.114 -0.066 -0.241 -0.279 -0.135 -0.050  0.157  0.418  0.389  0.097 -0.010 -0.186 -0.328 -0.359 -0.334 -0.303 -0.180  0.174  0.324  0.359  0.345
  0.638  0.496  0.374  0.146 -0.130 -0.253 -0.234 -0.131 -0.172 -0.124 -0.169 -0.092  0.024  0.276  0.448  0.735  1.000  0.784  0.481  0.375  0.430  0.083 -0.119 -0.134 -0.048 -0.150 -0.254 -0.226 -0.227 -0.310 -0.316 -0.259 -0.240 -0.281 -0.313 -0.336 -0.320 -0.322 -0.286 -0.341 -0.387 -0.355 -0.396 -0.409 -0.352 -0.232 -0.279 -0.305 -0.360 -0.358 -0.322 -0.230 -0.152 -0.117  0.070  0.116  0.144 -0.026 -0.121 -0.009  0.038  0.180  0.375  0.264  0.038 -0.109 -0.255 -0.393 -0.403 -0.364 -0.307 -0.189  0.149  0.332  0.342  0.327
  0.625  0.424  0.253 -0.018 -0.309 -0.420 -0.337 -0.145 -0.192 -0.162 -0.302 -0.291 -0.211  0.031  0.181  0.492  0.784  1.000  0.759  0.638  0.585  0.194 -0.104 -0.165 -0.039 -0.211 -0.380 -0.326 -0.333 -0.452 -0.443 -0.367 -0.354 -0.405 -0.438 -0.445 -0.413 -0.412 -0.354 -0.409 -0.473 -0.410 -0.454 -0.434 -0.345 -0.228 -0.279 -0.319 -0.375 -0.353 -0.302 -0.232 -0.080  0.028  0.275  0.343  0.426  0.240  0.110  0.237  0.219  0.297  0.415  0.256  0.075 -0.154 -0.305 -0.473 -0.492 -0.433 -0.349 -0.222  0.170  0.430  0.429  0.404
  0.447  0.254  0.113 -0.147 -0.395 -0.464 -0.360 -0.157 -0.196 -0.174 -0.366 -0.398 -0.363 -0.168 -0.055  0.241  0.481  0.759  1.000  0.783  0.578  0.258 -0.033 -0.139 -0.054 -0.234 -0.395 -0.356 -0.382 -0.491 -0.472 -0.411 -0.403 -0.443 -0.465 -0.450 -0.401 -0.394 -0.329 -0.368 -0.426 -0.351 -0.380 -0.334 -0.225 -0.157 -0.196 -0.230 -0.259 -0.214 -0.158 -0.141  0.042  0.214  0.473  0.588  0.670  0.504  0.367  0.463  0.400  0.372  0.364  0.205  0.143 -0.114 -0.257 -0.416 -0.448 -0.380 -0.294 -0.193  0.109  0.374  0.362  0.337
  0.290  0.078 -0.047 -0.290 -0.442 -0.497 -0.360 -0.157 -0.186 -0.161 -0.386 -0.465 -0.436 -0.299 -0.160  0.128  0.375  0.638  0.783  1.000  0.791  0.490  0.172  0.063  0.133 -0.095 -0.256 -0.216 -0.295 -0.421 -0.396 -0.364 -0.381 -0.421 -0.420 -0.392 -0.322 -0.299 -0.245 -0.286 -0.330 -0.282 -0.300 -0.271 -0.192 -0.135 -0.154 -0.167 -0.172 -0.095  0.002  0.048  0.246  0.412  0.637  0.622  0.687  0.572  0.402  0.446  0.344  0.258  0.217  0.035  0.004 -0.220 -0.279 -0.402 -0.390 -0.330 -0.241 -0.174  0.053  0.283  0.255  0.241
  0.189 -0.027 -0.127 -0.325 -0.374 -0.407 -0.281 -0.138 -0.169 -0.137 -0.317 -0.391 -0.343 -0.266 -0.106  0.133  0.430  0.585  0.578  0.791  1.000  0.740  0.414  0.313  0.387  0.133 -0.027  0.004 -0.126 -0.260 -0.242 -0.255 -0.299 -0.329 -0.300 -0.261 -0.182 -0.155 -0.127 -0.151 -0.176 -0.176 -0.183 -0.191 -0.163 -0.128 -0.125 -0.107 -0.078  0.016  0.146  0.251  0.404  0.507  0.653  0.529  0.480  0.409  0.227  0.212  0.150  0.080  0.056 -0.114 -0.146 -0.288 -0.280 -0.328 -0.266 -0.218 -0.153 -0.118 -0.016  0.121  0.076  0.079
 -0.173 -0.349 -0.376 -0.465 -0.307 -0.269 -0.149 -0.092 -0.102 -0.081 -0.249 -0.358 -0.337 -0.407 -0.272 -0.162  0.083  0.194  0.258  0.490  0.740  1.000  0.777  0.662  0.680  0.463  0.302  0.286  0.108 -0.012 -0.010 -0.091 -0.169 -0.175 -0.108 -0.039  0.056  0.104  0.095  0.103  0.121  0.076  0.117  0.095  0.064  0.014  0.058  0.124  0.227  0.361  0.518  0.635  0.715  0.758  0.706  0.475  0.336  0.411  0.252  0.121  0.046 -0.107 -0.231 -0.372 -0.286 -0.308 -0.168 -0.093  0.009  0.026  0.044 -0.015 -0.175 -0.193 -0.259 -0.231
 -0.375 -0.458 -0.413 -0.395 -0.127 -0.075 -0.007 -0.057 -0.041 -0.028 -0.100 -0.181 -0.166 -0.318 -0.235 -0.269 -0.119 -0.104 -0.033  0.172  0.414  0.777  1.000  0.844  0.693  0.621  0.593  0.490  0.262  0.201  0.200  0.062 -0.037 -0.015  0.070  0.146  0.259  0.340  0.288  0.277  0.335  0.268  0.359  0.313  0.250  0.140  0.208  0.314  0.460  0.582  0.687  0.789  0.704  0.658  0.491  0.278  0.078  0.220  0.164 -0.038 -0.082 -0.242 -0.383 -0.452 -0.320 -0.218 -0.020  0.125  0.229  0.208  0.174  0.060 -0.276 -0.427 -0.496 -0.457
 -0.420 -0.476 -0.411 -0.363 -0.058 -0.009  0.040 -0.034 -0.015  0.003 -0.025 -0.102 -0.076 -0.249 -0.171 -0.257 -0.134 -0.165 -0.139  0.063  0.313  0.662  0.844  1.000  0.820  0.633  0.715  0.672  0.416  0.358  0.367  0.236  0.140  0.145  0.225  0.261  0.312  0.378  0.288  0.295  0.391  0.216  0.309  0.274  0.201  0.138  0.205  0.295  0.417  0.510  0.641  0.798  0.713  0.564  0.371  0.112 -0.084  0.076  0.018 -0.205 -0.233 -0.353 -0.462 -0.510 -0.399 -0.250 -0.022  0.139  0.272  0.206  0.177  0.037 -0.287 -0.472 -0.522 -0.477
 -0.299 -0.375 -0.387 -0.375 -0.133 -0.082 -0.008 -0.038 -0.056 -0.030 -0.071 -0.136 -0.103 -0.230 -0.141 -0.173 -0.048 -0.039 -0.054  0.133  0.387  0.680  0.693  0.820  1.000  0.752  0.595  0.649  0.487  0.328  0.305  0.223  0.126  0.100  0.168  0.193  0.232  0.274  0.206  0.226  0.288  0.148  0.183  0.113  0.023 -0.011  0.037  0.104  0.215  0.309  0.449  0.605  0.580  0.462  0.338  0.106 -0.050  0.045 -0.050 -0.204 -0.233 -0.323 -0.394 -0.461 -0.408 -0.321 -0.149  0.007  0.156  0.132  0.118  0.033 -0.178 -0.317 -0.365 -0.326
 -0.364 -0.367 -0.340 -0.265 -0.005  0.036  0.087 -0.021 -0.036 -0.023  0.025 -0.007  0.031 -0.119 -0.062 -0.191 -0.150 -0.211 -0.234 -0.095  0.133  0.463  0.621  0.633  0.752  1.000  0.754  0.654  0.614  0.514  0.415  0.318  0.219  0.186  0.242  0.266  0.338  0.408  0.322  0.288  0.336  0.274  0.314  0.208  0.099  0.030  0.083  0.136  0.249  0.304  0.360  0.483  0.391  0.263  0.095 -0.069 -0.216 -0.120 -0.137 -0.270 -0.282 -0.362 -0.423 -0.421 -0.359 -0.211 -0.060  0.118  0.225  0.189  0.140  0.071 -0.193 -0.373 -0.412 -0.368
 -0.502 -0.457 -0.363 -0.224  0.128  0.171  0.192  0.016  0.025  0.033  0.145  0.097  0.128 -0.085 -0.059 -0.260 -0.254 -0.380 -0.395 -0.256 -0.027  0.302  0.593  0.715  0.595  0.754  1.000  0.854  0.643  0.689  0.679  0.494  0.380  0.408  0.492  0.515  0.567  0.641  0.518  0.458  0.551  0.387  0.440  0.341  0.210  0.129  0.205  0.261  0.385  0.410  0.459  0.578  0.423  0.231  0.006 -0.190 -0.371 -0.215 -0.189 -0.390 -0.392 -0.475 -0.545 -0.506 -0.407 -0.162  0.065  0.280  0.409  0.328  0.260  0.118 -0.293 -0.577 -0.622 -0.572
 -0.461 -0.436 -0.374 -0.261  0.076  0.112  0.150  0.007  0.005  0.019  0.127  0.072  0.113 -0.095 -0.068 -0.243 -0.226 -0.326 -0.356 -0.216  0.004  0.286  0.490  0.672  0.649  0.654  0.854  1.000  0.791  0.706  0.750  0.638  0.493  0.468  0.563  0.532  0.534  0.558  0.433  0.410  0.492  0.292  0.310  0.204  0.065  0.034  0.099  0.145  0.260  0.286  0.376  0.499  0.392  0.201  0.006 -0.202 -0.359 -0.222 -0.230 -0.412 -0.421 -0.489 -0.539 -0.522 -0.461 -0.252 -0.034  0.169  0.335  0.263  0.215  0.090 -0.242 -0.489 -0.533 -0.489
 -0.386 -0.329 -0.274 -0.152  0.111  0.135  0.132 -0.014 -0.024  0.001  0.153  0.145  0.176 -0.005 -0.008 -0.197 -0.227 -0.333 -0.382 -0.295 -0.126  0.108  0.262  0.416  0.487  0.614  0.643  0.791  1.000  0.828  0.715  0.753  0.669  0.543  0.554  0.444  0.358  0.363  0.231  0.239  0.331  0.158  0.166  0.067 -0.046 -0.039  0.000  0.020  0.091  0.090  0.162  0.278  0.190  0.010 -0.156 -0.307 -0.411 -0.316 -0.313 -0.427 -0.431 -0.449 -0.456 -0.400 -0.378 -0.190 -0.055  0.098  0.218  0.133  0.093  0.027 -0.171 -0.329 -0.332 -0.287
 -0.463 -0.357 -0.270 -0.081  0.228  0.267  0.220  0.017  0.017  0.043  0.245  0.235  0.247  0.040  0.007 -0.244 -0.310 -0.452 -0.491 -0.421 -0.260 -0.012  0.201  0.358  0.328  0.514  0.689  0.706  0.828  1.000  0.877  0.774  0.753  0.745  0.732  0.666  0.543  0.525  0.401  0.414  0.503  0.295  0.286  0.193  0.053  0.027  0.088  0.099  0.171  0.131  0.166  0.262  0.141 -0.054 -0.252 -0.392 -0.497 -0.381 -0.342 -0.473 -0.469 -0.494 -0.507 -0.405 -0.342 -0.097  0.060  0.255  0.374  0.300  0.231  0.127 -0.215 -0.479 -0.494 -0.447
 -0.476 -0.392 -0.314 -0.142  0.184  0.228  0.218  0.034  0.035  0.050  0.237  0.192  0.203 -0.012 -0.043 -0.272 -0.316 -0.443 -0.472 -0.396 -0.242 -0.010  0.200  0.367  0.305  0.415  0.679  0.750  0.715  0.877  1.000  0.845  0.734  0.770  0.834  0.772  0.689  0.644  0.525  0.513  0.545  0.346  0.307  0.200  0.042  0.021  0.088  0.099  0.188  0.151  0.197  0.275  0.165 -0.021 -0.215 -0.364 -0.469 -0.344 -0.310 -0.454 -0.463 -0.506 -0.533 -0.455 -0.391 -0.153  0.029  0.240  0.388  0.337  0.281  0.161 -0.211 -0.514 -0.551 -0.511
 -0.363 -0.293 -0.231 -0.103  0.133  0.153  0.136 -0.001  0.005  0.023  0.198  0.179  0.195  0.015 -0.018 -0.202 -0.259 -0.367 -0.411 -0.364 -0.255 -0.091  0.062  0.236  0.223  0.318  0.494  0.638  0.753  0.774  0.845  1.000  0.874  0.739  0.761  0.575  0.412  0.373  0.246  0.255  0.317  0.133  0.115  0.035 -0.069 -0.032  0.004  0.001  0.044  0.005  0.056  0.143  0.059 -0.113 -0.258 -0.373 -0.438 -0.350 -0.328 -0.423 -0.428 -0.429 -0.422 -0.352 -0.341 -0.159 -0.038  0.097  0.209  0.130  0.102  0.031 -0.152 -0.311 -0.309 -0.274
 -0.298 -0.207 -0.144 -0.007  0.178  0.200  0.121 -0.014 -0.002  0.037  0.224  0.234  0.234  0.085  0.032 -0.156 -0.240 -0.354 -0.403 -0.381 -0.299 -0.169 -0.037  0.140  0.126  0.219  0.380  0.493  0.669  0.753  0.734  0.874  1.000  0.859  0.747  0.561  0.284  0.236  0.124  0.161  0.264  0.055  0.049 -0.001 -0.079 -0.037 -0.009 -0.018 -0.005 -0.059 -0.022  0.068 -0.018 -0.183 -0.309 -0.394 -0.437 -0.369 -0.342 -0.413 -0.402 -0.375 -0.346 -0.247 -0.243 -0.074  0.005  0.105  0.185  0.105  0.068 -0.000 -0.139 -0.267 -0.244 -0.211
 -0.344 -0.238 -0.169 -0.004  0.211  0.258  0.166  0.014  0.026  0.072  0.270  0.263  0.245  0.093  0.020 -0.189 -0.281 -0.405 -0.443 -0.421 -0.329 -0.175 -0.015  0.145  0.100  0.186  0.408  0.468  0.543  0.745  0.770  0.739  0.859  1.000  0.897  0.782  0.504  0.412  0.324  0.352  0.423  0.194  0.159  0.095 -0.018 -0.014  0.031  0.030  0.068  0.007  0.030  0.096 -0.011 -0.173 -0.317 -0.402 -0.455 -0.375 -0.334 -0.423 -0.408 -0.397 -0.386 -0.275 -0.237 -0.046  0.051  0.198  0.304  0.268  0.219  0.120 -0.152 -0.392 -0.398 -0.368
 -0.419 -0.328 -0.260 -0.089  0.189  0.244  0.197  0.042  0.048  0.063  0.256  0.225  0.220  0.030 -0.031 -0.244 -0.313 -0.438 -0.465 -0.420 -0.300 -0.108  0.070  0.225  0.168  0.242  0.492  0.563  0.554  0.732  0.834  0.761  0.747  0.897  1.000  0.894  0.685  0.564  0.470  0.505  0.532  0.312  0.255  0.163  0.013 -0.001  0.059  0.065  0.137  0.084  0.117  0.175  0.063 -0.104 -0.272 -0.385 -0.464 -0.360 -0.318 -0.439 -0.433 -0.453 -0.470 -0.381 -0.326 -0.117  0.034  0.233  0.387  0.367  0.322  0.203 -0.153 -0.473 -0.505 -0.476
 -0.456 -0.370 -0.306 -0.134  0.174  0.248  0.219  0.066  0.055  0.052  0.217  0.173  0.160 -0.030 -0.076 -0.288 -0.336 -0.445 -0.450 -0.392 -0.261 -0.039  0.146  0.261  0.193  0.266  0.515  0.532  0.444  0.666  0.772  0.575  0.561  0.782  0.894  1.000  0.835  0.680  0.590  0.634  0.625  0.437  0.367  0.268  0.097  0.037  0.112  0.129  0.227  0.182  0.204  0.232  0.122 -0.021 -0.201 -0.319 -0.412 -0.293 -0.248 -0.385 -0.387 -0.441 -0.493 -0.416 -0.320 -0.108  0.068  0.303  0.458  0.478  0.417  0.286 -0.150 -0.539 -0.598 -0.572
 -0.472 -0.413 -0.353 -0.202  0.124  0.195  0.227  0.082  0.069  0.052  0.176  0.106  0.099 -0.094 -0.114 -0.302 -0.320 -0.413 -0.401 -0.322 -0.182  0.056  0.259  0.312  0.232  0.338  0.567  0.534  0.358  0.543  0.689  0.412  0.284  0.504  0.685  0.835  1.000  0.877  0.754  0.723  0.628  0.539  0.451  0.325  0.137  0.053  0.131  0.156  0.286  0.273  0.296  0.291  0.189  0.075 -0.110 -0.235 -0.342 -0.214 -0.165 -0.315 -0.335 -0.426 -0.507 -0.463 -0.354 -0.146  0.052  0.300  0.459  0.493  0.437  0.319 -0.148 -0.554 -0.631 -0.604
 -0.491 -0.437 -0.371 -0.218  0.116  0.189  0.259  0.099  0.091  0.061  0.168  0.085  0.085 -0.118 -0.122 -0.308 -0.322 -0.412 -0.394 -0.299 -0.155  0.104  0.340  0.378  0.274  0.408  0.641  0.558  0.363  0.525  0.644  0.373  0.236  0.412  0.564  0.680  0.877  1.000  0.856  0.692  0.651  0.594  0.516  0.378  0.192  0.087  0.169  0.203  0.340  0.342  0.358  0.350  0.238  0.129 -0.068 -0.202 -0.318 -0.179 -0.126 -0.290 -0.321 -0.430 -0.519 -0.475 -0.361 -0.139  0.068  0.321  0.456  0.477  0.404  0.268 -0.206 -0.580 -0.652 -0.620
 -0.434 -0.390 -0.342 -0.202  0.098  0.175  0.272  0.128  0.108  0.067  0.151  0.059  0.058 -0.118 -0.122 -0.276 -0.286 -0.354 -0.329 -0.245 -0.127  0.095  0.288  0.288  0.206  0.322  0.518  0.433  0.231  0.401  0.525  0.246  0.124  0.324  0.470  0.590  0.754  0.856  1.000  0.796  0.696  0.674  0.552  0.394  0.192  0.060  0.152  0.182  0.324  0.326  0.321  0.281  0.196  0.130 -0.041 -0.150 -0.245 -0.122 -0.070 -0.217 -0.256 -0.373 -0.459 -0.425 -0.314 -0.124  0.066  0.327  0.472  0.538  0.492  0.358 -0.156 -0.546 -0.647 -0.632
 -0.491 -0.427 -0.378 -0.199  0.150  0.253  0.277  0.118  0.102  0.077  0.176  0.089  0.065 -0.142 -0.166 -0.340 -0.341 -0.409 -0.368 -0.286 -0.151  0.103  0.277  0.295  0.226  0.288  0.458  0.410  0.239  0.414  0.513  0.255  0.161  0.352  0.505  0.634  0.723  0.692  0.796  1.000  0.839  0.758  0.614  0.458  0.225  0.064  0.170  0.216  0.374  0.360  0.348  0.306  0.220  0.150 -0.037 -0.154 -0.267 -0.126 -0.070 -0.230 -0.255 -0.389 -0.495 -0.451 -0.305 -0.104  0.120  0.412  0.611  0.706  0.703  0.580 -0.116 -0.600 -0.713 -0.702
 -0.548 -0.469 -0.382 -0.163  0.224  0.340  0.339  0.133  0.112  0.074  0.198  0.134  0.109 -0.138 -0.165 -0.374 -0.387 -0.473 -0.426 -0.330 -0.176  0.121  0.335  0.391  0.288  0.336  0.551  0.492  0.331  0.503  0.545  0.317  0.264  0.423  0.532  0.625  0.628  0.651  0.696  0.839  1.000  0.777  0.684  0.545  0.306  0.119  0.231  0.296  0.452  0.438  0.424  0.395  0.277  0.184 -0.033 -0.171 -0.306 -0.134 -0.068 -0.265 -0.284 -0.424 -0.530 -0.461 -0.294 -0.048  0.216  0.528  0.719  0.756  0.684  0.490 -0.234 -0.672 -0.764 -0.746
 -0.476 -0.406 -0.343 -0.138  0.213  0.306  0.343  0.136  0.127  0.069  0.163  0.107  0.084 -0.140 -0.168 -0.343 -0.355 -0.410 -0.351 -0.282 -0.176  0.076  0.268  0.216  0.148  0.274  0.387  0.292  0.158  0.295  0.346  0.133  0.055  0.194  0.312  0.437  0.539  0.594  0.674  0.758  0.777  1.000  0.829  0.615  0.341  0.092  0.193  0.263  0.445  0.448  0.374  0.259  0.170  0.156 -0.027 -0.112 -0.208 -0.066  0.013 -0.135 -0.167 -0.325 -0.433 -0.378 -0.216 -0.005  0.233  0.530  0.689  0.788  0.661  0.530 -0.151 -0.575 -0.680 -0.673
 -0.509 -0.437 -0.339 -0.120  0.243  0.335  0.354  0.143  0.127  0.048  0.143  0.111  0.085 -0.156 -0.196 -0.383 -0.396 -0.454 -0.380 -0.300 -0.183  0.117  0.359  0.309  0.183  0.314  0.440  0.310  0.166  0.286  0.307  0.115  0.049  0.159  0.255  0.367  0.451  0.516  0.552  0.614  0.684  0.829  1.000  0.820  0.538  0.224  0.325  0.402  0.596  0.595  0.496  0.386  0.256  0.220  0.007 -0.093 -0.214 -0.041  0.052 -0.128 -0.147 -0.309 -0.422 -0.358 -0.179  0.055  0.338  0.646  0.707  0.691  0.538  0.379 -0.245 -0.616 -0.694 -0.673
 -0.471 -0.405 -0.281 -0.069  0.242  0.333  0.321  0.131  0.127  0.031  0.082  0.073  0.037 -0.187 -0.242 -0.416 -0.409 -0.434 -0.334 -0.271 -0.191  0.095  0.313  0.274  0.113  0.208  0.341  0.204  0.067  0.193  0.200  0.035 -0.001  0.095  0.163  0.268  0.325  0.378  0.394  0.458  0.545  0.615  0.820  1.000  0.796  0.444  0.530  0.593  0.660  0.587  0.485  0.383  0.269  0.240  0.035 -0.048 -0.153  0.015  0.109 -0.056 -0.057 -0.195 -0.315 -0.250 -0.046  0.164  0.446  0.707  0.635  0.571  0.411  0.244 -0.290 -0.581 -0.640 -0.619
 -0.346 -0.297 -0.185 -0.044  0.153  0.216  0.193  0.067  0.064 -0.024 -0.017  0.002 -0.026 -0.183 -0.235 -0.362 -0.352 -0.345 -0.225 -0.192 -0.163  0.064  0.250  0.201  0.023  0.099  0.210  0.065 -0.046  0.053  0.042 -0.069 -0.079 -0.018  0.013  0.097  0.137  0.192  0.192  0.225  0.306  0.341  0.538  0.796  1.000  0.688  0.586  0.611  0.540  0.515  0.420  0.324  0.219  0.214  0.061  0.024 -0.064  0.066  0.158  0.036  0.070 -0.008 -0.140 -0.102  0.105  0.242  0.421  0.541  0.405  0.316  0.197  0.076 -0.260 -0.411 -0.447 -0.430
 -0.227 -0.197 -0.109 -0.024  0.081  0.115  0.097  0.036  0.045 -0.023 -0.034 -0.020 -0.025 -0.124 -0.146 -0.236 -0.232 -0.228 -0.157 -0.135 -0.128  0.014  0.140  0.138 -0.011  0.030  0.129  0.034 -0.039  0.027  0.021 -0.032 -0.037 -0.014 -0.001  0.037  0.053  0.087  0.060  0.064  0.119  0.092  0.224  0.444  0.688  1.000  0.704  0.520  0.330  0.290  0.252  0.225  0.157  0.120  0.015 -0.015 -0.067  0.015  0.065 -0.002  0.020 -0.010 -0.097 -0.082  0.024  0.108  0.249  0.315  0.186  0.084  0.015 -0.063 -0.202 -0.259 -0.263 -0.248
 -0.312 -0.273 -0.175 -0.070  0.088  0.138  0.135  0.068  0.081  0.006 -0.003 -0.005 -0.021 -0.144 -0.171 -0.286 -0.279 -0.279 -0.196 -0.154 -0.125  0.058  0.208  0.205  0.037  0.083  0.205  0.099  0.000  0.088  0.088  0.004 -0.009  0.031  0.059  0.112  0.131  0.169  0.152  0.170  0.231  0.193  0.325  0.530  0.586  0.704  1.000  0.755  0.540  0.375  0.309  0.289  0.219  0.180  0.040 -0.014 -0.077  0.030  0.087 -0.013 -0.012 -0.083 -0.179 -0.153 -0.033  0.068  0.229  0.363  0.267  0.188  0.108  0.007 -0.256 -0.359 -0.384 -0.373
 -0.358 -0.331 -0.214 -0.099  0.096  0.142  0.114  0.017  0.068  0.038  0.013  0.004 -0.025 -0.171 -0.198 -0.320 -0.305 -0.319 -0.230 -0.167 -0.107  0.124  0.314  0.295  0.104  0.136  0.261  0.145  0.020  0.099  0.099  0.001 -0.018  0.030  0.065  0.129  0.156  0.203  0.182  0.216  0.296  0.263  0.402  0.593  0.611  0.520  0.755  1.000  0.779  0.580  0.454  0.405  0.286  0.251  0.082  0.008 -0.084  0.058  0.129 -0.013 -0.017 -0.114 -0.224 -0.200 -0.060  0.079  0.252  0.362  0.313  0.260  0.174  0.060 -0.292 -0.409 -0.452 -0.438
 -0.467 -0.440 -0.311 -0.169  0.113  0.176  0.160  0.037  0.087  0.070  0.053  0.009 -0.030 -0.227 -0.255 -0.393 -0.360 -0.375 -0.259 -0.172 -0.078  0.227  0.460  0.417  0.215  0.249  0.385  0.260  0.091  0.171  0.188  0.044 -0.005  0.068  0.137  0.227  0.286  0.340  0.324  0.374  0.452  0.445  0.596  0.660  0.540  0.330  0.540  0.779  1.000  0.806  0.642  0.545  0.393  0.373  0.165  0.062 -0.066  0.125  0.212  0.011 -0.020 -0.192 -0.340 -0.321 -0.141  0.043  0.270  0.435  0.445  0.420  0.322  0.185 -0.322 -0.539 -0.603 -0.580
 -0.473 -0.471 -0.357 -0.252  0.034  0.094  0.096 -0.007  0.038  0.029 -0.007 -0.075 -0.113 -0.306 -0.309 -0.417 -0.358 -0.353 -0.214 -0.095  0.016  0.361  0.582  0.510  0.309  0.304  0.410  0.286  0.090  0.131  0.151  0.005 -0.059  0.007  0.084  0.182  0.273  0.342  0.326  0.360  0.438  0.448  0.595  0.587  0.515  0.290  0.375  0.580  0.806  1.000  0.854  0.687  0.515  0.521  0.296  0.169  0.017  0.229  0.310  0.079  0.043 -0.155 -0.348 -0.358 -0.159  0.004  0.232  0.358  0.407  0.392  0.309  0.168 -0.311 -0.513 -0.581 -0.554
 -0.493 -0.538 -0.420 -0.346 -0.036  0.033  0.052 -0.022  0.018  0.022 -0.049 -0.150 -0.183 -0.386 -0.353 -0.436 -0.322 -0.302 -0.158  0.002  0.146  0.518  0.687  0.641  0.449  0.360  0.459  0.376  0.162  0.166  0.197  0.056 -0.022  0.030  0.117  0.204  0.296  0.358  0.321  0.348  0.424  0.374  0.496  0.485  0.420  0.252  0.309  0.454  0.642  0.854  1.000  0.860  0.721  0.693  0.444  0.249  0.075  0.309  0.330  0.065  0.009 -0.202 -0.410 -0.453 -0.240 -0.086  0.159  0.283  0.362  0.340  0.284  0.124 -0.319 -0.511 -0.578 -0.544
 -0.467 -0.531 -0.431 -0.372 -0.060  0.003  0.032 -0.035  0.001  0.016 -0.049 -0.147 -0.152 -0.346 -0.285 -0.363 -0.230 -0.232 -0.141  0.048  0.251  0.635  0.789  0.798  0.605  0.483  0.578  0.499  0.278  0.262  0.275  0.143  0.068  0.096  0.175  0.232  0.291  0.350  0.281  0.306  0.395  0.259  0.386  0.383  0.324  0.225  0.289  0.405  0.545  0.687  0.860  1.000  0.847  0.711  0.462  0.209  0.008  0.223  0.180 -0.083 -0.125 -0.290 -0.455 -0.501 -0.330 -0.172  0.071  0.207  0.306  0.249  0.211  0.052 -0.327 -0.501 -0.557 -0.514
 -0.384 -0.502 -0.428 -0.439 -0.179 -0.122 -0.044 -0.046 -0.029 -0.023 -0.154 -0.282 -0.285 -0.440 -0.336 -0.351 -0.152 -0.080  0.042  0.246  0.404  0.715  0.704  0.713  0.580  0.391  0.423  0.392  0.190  0.141  0.165  0.059 -0.018 -0.011  0.063  0.122  0.189  0.238  0.196  0.220  0.277  0.170  0.256  0.269  0.219  0.157  0.219  0.286  0.393  0.515  0.721  0.847  1.000  0.855  0.638  0.377  0.222  0.405  0.291  0.066 -0.017 -0.197 -0.371 -0.467 -0.302 -0.228 -0.010  0.088  0.179  0.143  0.140  0.008 -0.274 -0.375 -0.432 -0.397
 -0.303 -0.458 -0.403 -0.467 -0.275 -0.222 -0.118 -0.076 -0.067 -0.064 -0.249 -0.390 -0.409 -0.527 -0.422 -0.358 -0.117  0.028  0.214  0.412  0.507  0.758  0.658  0.564  0.462  0.263  0.231  0.201  0.010 -0.054 -0.021 -0.113 -0.183 -0.173 -0.104 -0.021  0.075  0.129  0.130  0.150  0.184  0.156  0.220  0.240  0.214  0.120  0.180  0.251  0.373  0.521  0.693  0.711  0.855  1.000  0.840  0.604  0.469  0.641  0.507  0.300  0.187 -0.037 -0.241 -0.368 -0.191 -0.199 -0.028  0.029  0.095  0.103  0.114  0.013 -0.243 -0.277 -0.342 -0.317
 -0.080 -0.268 -0.279 -0.425 -0.378 -0.359 -0.241 -0.129 -0.138 -0.119 -0.339 -0.460 -0.468 -0.488 -0.367 -0.198  0.070  0.275  0.473  0.637  0.653  0.706  0.491  0.371  0.338  0.095  0.006  0.006 -0.156 -0.252 -0.215 -0.258 -0.309 -0.317 -0.272 -0.201 -0.110 -0.068 -0.041 -0.037 -0.033 -0.027  0.007  0.035  0.061  0.015  0.040  0.082  0.165  0.296  0.444  0.462  0.638  0.840  1.000  0.818  0.693  0.759  0.583  0.463  0.349  0.133 -0.039 -0.202 -0.074 -0.196 -0.128 -0.151 -0.112 -0.076 -0.029 -0.061 -0.143 -0.058 -0.108 -0.097
  0.074 -0.080 -0.128 -0.300 -0.380 -0.373 -0.275 -0.132 -0.162 -0.171 -0.368 -0.433 -0.447 -0.397 -0.312 -0.114  0.116  0.343  0.588  0.622  0.529  0.475  0.278  0.112  0.106 -0.069 -0.190 -0.202 -0.307 -0.392 -0.364 -0.373 -0.394 -0.402 -0.385 -0.319 -0.235 -0.202 -0.150 -0.154 -0.171 -0.112 -0.093 -0.048  0.024 -0.015 -0.014  0.008  0.062  0.169  0.249  0.209  0.377  0.604  0.818  1.000  0.834  0.774  0.697  0.661  0.600  0.353  0.173  0.007  0.110 -0.095 -0.124 -0.194 -0.215 -0.153 -0.100 -0.081 -0.072  0.075  0.040  0.038
  0.194  0.023 -0.039 -0.259 -0.431 -0.448 -0.343 -0.140 -0.162 -0.153 -0.410 -0.486 -0.505 -0.395 -0.315 -0.066  0.144  0.426  0.670  0.687  0.480  0.336  0.078 -0.084 -0.050 -0.216 -0.371 -0.359 -0.411 -0.497 -0.469 -0.438 -0.437 -0.455 -0.464 -0.412 -0.342 -0.318 -0.245 -0.267 -0.306 -0.208 -0.214 -0.153 -0.064 -0.067 -0.077 -0.084 -0.066  0.017  0.075  0.008  0.222  0.469  0.693  0.834  1.000  0.872  0.723  0.772  0.617  0.419  0.295  0.131  0.180 -0.070 -0.151 -0.284 -0.330 -0.256 -0.182 -0.128  0.013  0.237  0.218  0.199
 -0.001 -0.170 -0.150 -0.316 -0.381 -0.371 -0.278 -0.134 -0.132 -0.115 -0.373 -0.481 -0.518 -0.496 -0.424 -0.241 -0.026  0.240  0.504  0.572  0.409  0.411  0.220  0.076  0.045 -0.120 -0.215 -0.222 -0.316 -0.381 -0.344 -0.350 -0.369 -0.375 -0.360 -0.293 -0.214 -0.179 -0.122 -0.126 -0.134 -0.066 -0.041  0.015  0.066  0.015  0.030  0.058  0.125  0.229  0.309  0.223  0.405  0.641  0.759  0.774  0.872  1.000  0.853  0.751  0.551  0.310  0.151  0.003  0.107 -0.062 -0.059 -0.151 -0.174 -0.117 -0.065 -0.073 -0.103  0.053  0.028  0.023
 -0.044 -0.151 -0.107 -0.225 -0.284 -0.264 -0.206 -0.100 -0.112 -0.132 -0.318 -0.382 -0.429 -0.427 -0.399 -0.279 -0.121  0.110  0.367  0.402  0.227  0.252  0.164  0.018 -0.050 -0.137 -0.189 -0.230 -0.313 -0.342 -0.310 -0.328 -0.342 -0.334 -0.318 -0.248 -0.165 -0.126 -0.070 -0.070 -0.068  0.013  0.052  0.109  0.158  0.065  0.087  0.129  0.212  0.310  0.330  0.180  0.291  0.507  0.583  0.697  0.723  0.853  1.000  0.830  0.691  0.390  0.196  0.060  0.183  0.028  0.033 -0.039 -0.087 -0.032 -0.003 -0.024 -0.123 -0.017 -0.045 -0.049
  0.154  0.052  0.038 -0.128 -0.313 -0.321 -0.262 -0.116 -0.127 -0.144 -0.343 -0.380 -0.418 -0.330 -0.305 -0.135 -0.009  0.237  0.463  0.446  0.212  0.121 -0.038 -0.205 -0.204 -0.270 -0.390 -0.412 -0.427 -0.473 -0.454 -0.423 -0.413 -0.423 -0.439 -0.385 -0.315 -0.290 -0.217 -0.230 -0.265 -0.135 -0.128 -0.056  0.036 -0.002 -0.013 -0.013  0.011  0.079  0.065 -0.083  0.066  0.300  0.463  0.661  0.772  0.751  0.830  1.000  0.826  0.545  0.384  0.238  0.297  0.067 -0.022 -0.159 -0.251 -0.186 -0.135 -0.087 -0.010  0.193  0.177  0.161
  0.211  0.158  0.112 -0.053 -0.267 -0.282 -0.248 -0.106 -0.151 -0.199 -0.343 -0.320 -0.348 -0.232 -0.215 -0.050  0.038  0.219  0.400  0.344  0.150  0.046 -0.082 -0.233 -0.233 -0.282 -0.392 -0.421 -0.431 -0.469 -0.463 -0.428 -0.402 -0.408 -0.433 -0.387 -0.335 -0.321 -0.256 -0.255 -0.284 -0.167 -0.147 -0.057  0.070  0.020 -0.012 -0.017 -0.020  0.043  0.009 -0.125 -0.017  0.187  0.349  0.600  0.617  0.551  0.691  0.826  1.000  0.760  0.521  0.342  0.436  0.138  0.009 -0.125 -0.241 -0.184 -0.139 -0.078  0.015  0.207  0.190  0.173
  0.433  0.379  0.297  0.068 -0.262 -0.312 -0.297 -0.135 -0.189 -0.203 -0.331 -0.269 -0.278 -0.071 -0.049  0.157  0.180  0.297  0.372  0.258  0.080 -0.107 -0.242 -0.353 -0.323 -0.362 -0.475 -0.489 -0.449 -0.494 -0.506 -0.429 -0.375 -0.397 -0.453 -0.441 -0.426 -0.430 -0.373 -0.389 -0.424 -0.325 -0.309 -0.195 -0.008 -0.010 -0.083 -0.114 -0.192 -0.155 -0.202 -0.290 -0.197 -0.037  0.133  0.353  0.419  0.310  0.390  0.545  0.760  1.000  0.763  0.542  0.557  0.196 -0.041 -0.225 -0.360 -0.317 -0.255 -0.147  0.116  0.367  0.370  0.344
  0.652  0.602  0.510  0.262 -0.187 -0.280 -0.317 -0.175 -0.213 -0.175 -0.305 -0.190 -0.167  0.125  0.172  0.418  0.375  0.415  0.364  0.217  0.056 -0.231 -0.383 -0.462 -0.394 -0.423 -0.545 -0.539 -0.456 -0.507 -0.533 -0.422 -0.346 -0.386 -0.470 -0.493 -0.507 -0.519 -0.459 -0.495 -0.530 -0.433 -0.422 -0.315 -0.140 -0.097 -0.179 -0.224 -0.340 -0.348 -0.410 -0.455 -0.371 -0.241 -0.039  0.173  0.295  0.151  0.196  0.384  0.521  0.763  1.000  0.813  0.606  0.282 -0.043 -0.284 -0.439 -0.405 -0.341 -0.207  0.163  0.472  0.501  0.471
  0.569  0.635  0.614  0.480  0.020 -0.082 -0.222 -0.165 -0.190 -0.118 -0.157  0.000  0.013  0.291  0.270  0.389  0.264  0.256  0.205  0.035 -0.114 -0.372 -0.452 -0.510 -0.461 -0.421 -0.506 -0.522 -0.400 -0.405 -0.455 -0.352 -0.247 -0.275 -0.381 -0.416 -0.463 -0.475 -0.425 -0.451 -0.461 -0.378 -0.358 -0.250 -0.102 -0.082 -0.153 -0.200 -0.321 -0.358 -0.453 -0.501 -0.467 -0.368 -0.202  0.007  0.131  0.003  0.060  0.238  0.342  0.542  0.813  1.000  0.767  0.498  0.126 -0.145 -0.335 -0.320 -0.288 -0.171  0.147  0.393  0.442  0.414
  0.307  0.380  0.453  0.431  0.111  0.046 -0.119 -0.118 -0.155 -0.115 -0.134  0.002 -0.029  0.140  0.079  0.097  0.038  0.075  0.143  0.004 -0.146 -0.286 -0.320 -0.399 -0.408 -0.359 -0.407 -0.461 -0.378 -0.342 -0.391 -0.341 -0.243 -0.237 -0.326 -0.320 -0.354 -0.361 -0.314 -0.305 -0.294 -0.216 -0.179 -0.046  0.105  0.024 -0.033 -0.060 -0.141 -0.159 -0.240 -0.330 -0.302 -0.191 -0.074  0.110  0.180  0.107  0.183  0.297  0.436  0.557  0.606  0.767  1.000  0.686  0.342  0.062 -0.148 -0.149 -0.145 -0.086  0.072  0.208  0.234  0.211
  0.064  0.182  0.383  0.595  0.435  0.386  0.091 -0.100 -0.053  0.046  0.081  0.208  0.168  0.219  0.113 -0.010 -0.109 -0.154 -0.114 -0.220 -0.288 -0.308 -0.218 -0.250 -0.321 -0.211 -0.162 -0.252 -0.190 -0.097 -0.153 -0.159 -0.074 -0.046 -0.117 -0.108 -0.146 -0.139 -0.124 -0.104 -0.048 -0.005  0.055  0.164  0.242  0.108  0.068  0.079  0.043  0.004 -0.086 -0.172 -0.228 -0.199 -0.196 -0.095 -0.070 -0.062  0.028  0.067  0.138  0.196  0.282  0.498  0.686  1.000  0.702  0.333  0.106  0.057 -0.008 -0.017 -0.074 -0.071 -0.029 -0.034
 -0.194 -0.074  0.166  0.440  0.582  0.530  0.246  0.010  0.064  0.092  0.130  0.213  0.182  0.075  0.005 -0.186 -0.255 -0.305 -0.257 -0.279 -0.280 -0.168 -0.020 -0.022 -0.149 -0.060  0.065 -0.034 -0.055  0.060  0.029 -0.038  0.005  0.051  0.034  0.068  0.052  0.068  0.066  0.120  0.216  0.233  0.338  0.446  0.421  0.249  0.229  0.252  0.270  0.232  0.159  0.071 -0.010 -0.028 -0.128 -0.124 -0.151 -0.059  0.033 -0.022  0.009 -0.041 -0.043  0.126  0.342  0.702  1.000  0.655  0.420  0.302  0.178  0.070 -0.195 -0.324 -0.316 -0.308
 -0.422 -0.280 -0.133  0.170  0.490  0.602  0.512  0.272  0.206  0.039  0.198  0.260  0.225 -0.001 -0.100 -0.328 -0.393 -0.473 -0.416 -0.402 -0.328 -0.093  0.125  0.139  0.007  0.118  0.280  0.169  0.098  0.255  0.240  0.097  0.105  0.198  0.233  0.303  0.300  0.321  0.327  0.412  0.528  0.530  0.646  0.707  0.541  0.315  0.363  0.362  0.435  0.358  0.283  0.207  0.088  0.029 -0.151 -0.194 -0.284 -0.151 -0.039 -0.159 -0.125 -0.225 -0.284 -0.145  0.062  0.333  0.655  1.000  0.787  0.602  0.403  0.208 -0.239 -0.563 -0.588 -0.568
 -0.507 -0.384 -0.276  0.003  0.421  0.536  0.458  0.215  0.152  0.048  0.232  0.239  0.212 -0.050 -0.125 -0.359 -0.403 -0.492 -0.448 -0.390 -0.266  0.009  0.229  0.272  0.156  0.225  0.409  0.335  0.218  0.374  0.388  0.209  0.185  0.304  0.387  0.458  0.459  0.456  0.472  0.611  0.719  0.689  0.707  0.635  0.405  0.186  0.267  0.313  0.445  0.407  0.362  0.306  0.179  0.095 -0.112 -0.215 -0.330 -0.174 -0.087 -0.251 -0.241 -0.360 -0.439 -0.335 -0.148  0.106  0.420  0.787  1.000  0.819  0.633  0.398 -0.200 -0.629 -0.689 -0.670
 -0.451 -0.351 -0.278 -0.045  0.307  0.420  0.331  0.122  0.101  0.055  0.190  0.183  0.148 -0.073 -0.141 -0.334 -0.364 -0.433 -0.380 -0.330 -0.218  0.026  0.208  0.206  0.132  0.189  0.328  0.263  0.133  0.300  0.337  0.130  0.105  0.268  0.367  0.478  0.493  0.477  0.538  0.706  0.756  0.788  0.691  0.571  0.316  0.084  0.188  0.260  0.420  0.392  0.340  0.249  0.143  0.103 -0.076 -0.153 -0.256 -0.117 -0.032 -0.186 -0.184 -0.317 -0.405 -0.320 -0.149  0.057  0.302  0.602  0.819  1.000  0.815  0.589 -0.103 -0.585 -0.678 -0.671
 -0.380 -0.312 -0.267 -0.106  0.174  0.274  0.179  0.064  0.019  0.027  0.127  0.081  0.038 -0.125 -0.170 -0.303 -0.307 -0.349 -0.294 -0.241 -0.153  0.044  0.174  0.177  0.118  0.140  0.260  0.215  0.093  0.231  0.281  0.102  0.068  0.219  0.322  0.417  0.437  0.404  0.492  0.703  0.684  0.661  0.538  0.411  0.197  0.015  0.108  0.174  0.322  0.309  0.284  0.211  0.140  0.114 -0.029 -0.100 -0.182 -0.065 -0.003 -0.135 -0.139 -0.255 -0.341 -0.288 -0.145 -0.008  0.178  0.403  0.633  0.815  1.000  0.810  0.068 -0.460 -0.592 -0.602
 -0.232 -0.175 -0.169 -0.061  0.102  0.162  0.087 -0.014 -0.017  0.037  0.115  0.091  0.043 -0.048 -0.097 -0.180 -0.189 -0.222 -0.193 -0.174 -0.118 -0.015  0.060  0.037  0.033  0.071  0.118  0.090  0.027  0.127  0.161  0.031 -0.000  0.120  0.203  0.286  0.319  0.268  0.358  0.580  0.490  0.530  0.379  0.244  0.076 -0.063  0.007  0.060  0.185  0.168  0.124  0.052  0.008  0.013 -0.061 -0.081 -0.128 -0.073 -0.024 -0.087 -0.078 -0.147 -0.207 -0.171 -0.086 -0.017  0.070  0.208  0.398  0.589  0.810  1.000  0.192 -0.268 -0.424 -0.449
  0.239  0.233  0.119  0.027 -0.122 -0.145 -0.145 -0.004 -0.139 -0.155 -0.115 -0.060 -0.034  0.092  0.101  0.174  0.149  0.170  0.109  0.053 -0.016 -0.175 -0.276 -0.287 -0.178 -0.193 -0.293 -0.242 -0.171 -0.215 -0.211 -0.152 -0.139 -0.152 -0.153 -0.150 -0.148 -0.206 -0.156 -0.116 -0.234 -0.151 -0.245 -0.290 -0.260 -0.202 -0.256 -0.292 -0.322 -0.311 -0.319 -0.327 -0.274 -0.243 -0.143 -0.072  0.013 -0.103 -0.123 -0.010  0.015  0.116  0.163  0.147  0.072 -0.074 -0.195 -0.239 -0.200 -0.103  0.068  0.192  1.000  0.473  0.247  0.134
  0.517  0.421  0.284  0.041 -0.334 -0.421 -0.410 -0.187 -0.228 -0.205 -0.322 -0.243 -0.210  0.052  0.094  0.324  0.332  0.430  0.374  0.283  0.121 -0.193 -0.427 -0.472 -0.317 -0.373 -0.577 -0.489 -0.329 -0.479 -0.514 -0.311 -0.267 -0.392 -0.473 -0.539 -0.554 -0.580 -0.546 -0.600 -0.672 -0.575 -0.616 -0.581 -0.411 -0.259 -0.359 -0.409 -0.539 -0.513 -0.511 -0.501 -0.375 -0.277 -0.058  0.075  0.237  0.053 -0.017  0.193  0.207  0.367  0.472  0.393  0.208 -0.071 -0.324 -0.563 -0.629 -0.585 -0.460 -0.268  0.473  1.000  0.815  0.671
  0.546  0.471  0.336  0.104 -0.311 -0.402 -0.418 -0.224 -0.243 -0.181 -0.284 -0.204 -0.175  0.096  0.130  0.359  0.342  0.429  0.362  0.255  0.076 -0.259 -0.496 -0.522 -0.365 -0.412 -0.622 -0.533 -0.332 -0.494 -0.551 -0.309 -0.244 -0.398 -0.505 -0.598 -0.631 -0.652 -0.647 -0.713 -0.764 -0.680 -0.694 -0.640 -0.447 -0.263 -0.384 -0.452 -0.603 -0.581 -0.578 -0.557 -0.432 -0.342 -0.108  0.040  0.218  0.028 -0.045  0.177  0.190  0.370  0.501  0.442  0.234 -0.029 -0.316 -0.588 -0.689 -0.678 -0.592 -0.424  0.247  0.815  1.000  0.913
