  0.000  3.816  6.772 10.300 13.286 16.793 19.777 23.383 24.857 22.698 19.855 16.202 13.914 10.481  8.375  5.597  5.458  5.903  7.509 10.689 10.606 13.637 14.402 16.812 14.293 12.461 16.057 16.613 13.855 15.728 18.899 18.079 17.107 19.609 22.211 22.389 23.674 21.604 24.620 24.969 21.560 20.912 17.677 18.520 16.810 18.983 22.154 21.694 20.967 18.222 19.882 19.227 19.314 17.126 13.491 10.736 11.611 15.213 14.917 13.079 10.367  8.402  5.616  7.501 10.033 12.779 13.873 17.385 18.588 22.308 24.531 27.229 30.394 31.751 34.536 36.456
  3.816  0.000  3.791  6.786 10.031 13.358 16.392 19.947 21.224 18.973 16.130 12.458 10.371  6.948  5.747  4.682  6.257  8.441  9.830 13.021 12.021 14.333 14.100 16.474 14.220 11.559 14.682 15.584 12.463 13.541 17.007 16.356 14.735 16.885 19.839 20.019 21.782 20.079 23.091 22.919 19.479 18.964 15.741 16.564 15.124 17.407 20.401 20.339 19.638 17.363 19.484 18.986 19.821 17.821 14.578 11.486 13.254 16.447 15.337 13.917 10.507  8.929  5.686  5.373  7.977  9.959 11.313 14.603 15.826 19.646 21.898 24.877 27.964 29.293 32.064 34.048
  6.772  3.791  0.000  3.772  6.696 10.099 13.261 16.862 18.499 16.433 13.897 10.218  8.461  6.137  5.549  6.540  7.318  9.785 10.209 13.309 11.839 13.176 12.038 14.699 13.195  9.928 12.632 14.355 11.602 11.816 15.558 15.735 13.986 15.387 18.330 17.898 19.681 17.858 20.543 20.084 16.487 15.634 12.268 12.881 11.565 14.026 16.814 16.849 16.196 14.277 16.791 16.716 18.064 16.049 13.320 10.014 12.457 15.033 13.231 12.419  8.692  8.212  6.048  4.677  5.361  6.576  7.535 10.856 12.298 16.108 18.611 21.605 24.761 26.190 28.963 31.074
 10.300  6.786  3.772  0.000  3.842  6.638  9.971 13.461 14.891 12.716 10.291  6.617  5.716  4.827  6.378  8.956 10.447 13.335 13.753 16.656 14.755 15.434 13.464 15.826 14.779 11.093 12.797 14.844 12.067 11.092 14.908 15.402 13.000 13.628 16.881 16.360 18.682 17.382 19.884 18.749 15.242 14.545 11.414 11.876 11.096 13.479 15.814 16.405 15.856 14.724 17.605 17.744 19.757 18.040 15.875 12.689 15.472 17.546 15.181 14.814 11.048 10.968  9.051  6.283  5.997  4.867  6.079  8.574 10.071 13.890 16.428 19.735 22.727 24.138 26.864 29.061
 13.286 10.031  6.696  3.842  0.000  3.857  6.613 10.295 12.248 10.782  8.652  5.701  4.882  6.400  7.700 10.983 12.033 15.096 15.349 17.685 15.222 14.985 12.239 14.187 13.836 10.021 10.634 13.174 11.005  9.002 12.686 13.988 11.708 11.415 14.398 13.299 15.646 14.495 16.698 15.210 11.755 11.199  8.501  9.423  9.813 12.651 14.130 14.550 13.541 12.879 15.739 15.896 18.508 17.298 15.875 13.207 16.516 17.883 15.318 15.884 12.371 13.339 12.184  9.787  8.319  5.759  4.679  5.644  6.351 10.156 12.612 15.974 18.967 20.412 23.132 25.403
 16.793 13.358 10.099  6.638  3.857  0.000  3.838  7.071  8.968  7.510  6.307  4.635  6.242  8.955 11.143 14.596 15.871 18.915 18.988 21.355 18.906 18.327 15.225 16.976 17.094 13.350 13.176 15.860 13.976 11.224 14.468 16.078 13.438 12.168 15.155 13.823 16.551 15.957 17.627 15.378 12.274 11.676  9.599  9.799 10.611 12.809 13.627 14.787 14.204 14.559 17.660 18.229 21.194 20.091 19.096 16.457 19.686 20.706 17.749 18.446 15.087 16.092 15.097 12.205 10.394  6.864  6.143  4.923  5.839  8.923 11.507 15.094 17.781 19.212 21.772 24.153
 19.777 16.392 13.261  9.971  6.613  3.838  0.000  3.844  6.247  6.399  5.807  6.274  7.563 11.108 13.106 16.801 18.077 21.307 21.583 23.511 20.654 19.611 16.218 17.226 17.690 14.223 13.007 15.547 14.178 10.753 13.240 15.275 12.746 10.505 13.052 11.452 14.395 14.482 15.823 13.024 10.564 10.757  9.970 10.826 12.738 15.079 15.001 15.904 14.795 15.536 18.238 18.535 21.893 21.409 20.915 18.795 22.280 22.951 20.111 21.337 18.157 19.522 18.614 15.876 14.070 10.569  9.036  6.485  5.239  7.052  8.749 12.463 14.835 16.160 18.656 21.087
 23.383 19.947 16.862 13.461 10.295  7.071  3.844  0.000  3.899  5.888  6.871  8.863 10.760 14.442 16.662 20.377 21.743 24.973 25.195 27.077 24.187 22.926 19.409 20.176 20.910 17.625 16.000 18.424 17.324 13.711 15.576 17.699 15.136 12.319 14.457 12.832 15.835 16.489 17.297 13.987 12.299 12.641 12.606 13.075 15.214 17.078 16.354 17.602 16.716 18.080 20.721 21.192 24.719 24.414 24.229 22.216 25.661 26.096 23.114 24.472 21.435 22.854 22.030 19.146 17.234 13.583 12.203  9.126  7.905  8.047  9.070 12.483 14.213 15.325 17.452 19.910
 24.857 21.224 18.499 14.891 12.248  8.968  6.247  3.899  0.000  3.867  5.898  9.095 11.507 15.171 17.900 21.667 23.530 26.955 27.498 29.533 26.616 25.667 22.283 22.936 23.315 19.984 18.425 20.456 19.018 15.417 17.090 18.726 15.803 12.969 15.262 14.334 17.702 18.883 19.876 16.503 15.169 15.909 15.839 16.369 18.258 19.963 19.487 20.953 20.164 21.412 24.057 24.333 27.832 27.536 27.104 24.941 28.363 29.084 26.128 27.206 23.956 24.968 23.729 20.528 19.124 15.506 14.794 12.113 11.061 11.352 11.814 15.109 16.294 17.139 18.963 21.212
 22.698 18.973 16.433 12.716 10.782  7.510  6.399  5.888  3.867  0.000  3.791  6.781  9.911 13.181 16.294 19.932 22.014 25.391 25.947 28.329 25.672 25.150 21.997 23.088 23.087 19.511 18.597 20.637 18.683 15.394 17.652 18.892 15.673 13.438 16.336 15.735 19.211 20.016 21.402 18.366 16.451 16.823 15.949 16.159 17.367 18.868 19.036 20.774 20.346 21.326 24.250 24.625 27.871 27.166 26.302 23.762 26.984 28.043 25.034 25.653 22.244 22.813 21.351 17.944 16.844 13.348 13.441 11.470 11.353 12.616 13.792 17.291 18.813 19.794 21.774 23.943
 19.855 16.130 13.897 10.291  8.652  6.307  5.807  6.871  5.898  3.791  0.000  3.789  6.599  9.889 13.094 16.737 19.080 22.601 23.520 25.882 23.158 22.968 20.078 21.100 20.653 17.088 16.482 18.184 15.834 12.804 15.277 16.056 12.621 10.898 14.247 14.154 17.749 18.460 20.407 17.736 15.565 16.230 15.058 15.816 16.884 18.887 19.517 20.858 20.081 20.426 23.185 23.159 26.235 25.552 24.359 21.813 25.085 26.480 23.756 24.214 20.633 20.999 19.149 15.829 15.234 12.115 12.272 11.012 10.660 12.770 13.933 17.609 19.454 20.446 22.718 24.862
 16.202 12.458 10.218  6.617  5.701  4.635  6.274  8.863  9.095  6.781  3.789  0.000  3.837  6.605  9.921 13.449 15.757 19.170 20.041 22.586 20.091 20.235 17.615 19.050 18.316 14.627 14.760 16.556 13.863 11.398 14.533 15.106 11.773 11.015 14.611 14.469 17.755 17.779 20.061 17.894 15.128 15.374 13.452 14.169 14.654 16.822 18.069 19.226 18.515 18.361 21.211 21.194 23.959 22.941 21.389 18.622 21.751 23.414 20.797 20.952 17.284 17.438 15.451 12.176 11.802  9.044  9.613  9.444  9.760 12.789 14.570 18.267 20.614 21.782 24.276 26.450
 13.914 10.371  8.461  5.716  4.882  6.242  7.563 10.760 11.507  9.911  6.599  3.837  0.000  3.846  6.552 10.281 12.635 16.257 17.576 19.803 17.057 17.388 15.067 16.189 15.016 11.479 11.837 13.181 10.207  8.160 11.464 11.688  8.518  8.612 12.233 12.428 15.489 15.329 18.100 16.492 13.677 14.358 12.463 14.029 14.685 17.457 18.871 19.317 18.008 17.138 19.527 18.925 21.505 20.741 19.017 16.563 19.847 21.679 19.548 19.835 16.168 16.429 14.295 11.634 11.655  9.644  9.525 10.011  9.576 12.938 14.352 17.880 20.420 21.548 24.196 26.268
 10.481  6.948  6.137  4.827  6.400  8.955 11.108 14.442 15.171 13.181  9.889  6.605  3.846  0.000  3.833  7.042  9.920 13.475 15.155 17.638 15.279 16.423 14.851 16.297 14.436 11.097 12.597 13.497 10.013  9.408 12.843 12.284  9.487 10.945 14.425 14.978 17.630 17.006 20.087 19.069 16.045 16.453 14.025 15.477 15.381 18.098 20.161 20.437 19.260 17.773 20.051 19.295 21.292 20.183 17.835 15.168 18.072 20.465 18.712 18.409 14.690 14.280 11.598  9.262 10.376  9.652 10.293 12.026 12.209 15.865 17.512 20.881 23.596 24.760 27.460 29.453
  8.375  5.747  5.549  6.378  7.700 11.143 13.106 16.662 17.900 16.294 13.094  9.921  6.552  3.833  0.000  3.840  6.377 10.110 12.186 14.268 11.747 13.193 12.198 13.503 11.156  8.199 10.445 10.915  7.390  8.157 11.495 10.771  9.051 11.303 14.159 14.630 16.582 15.418 18.722 18.427 15.378 15.825 13.404 15.341 15.264 18.327 20.472 20.081 18.493 16.331 18.073 16.858 18.442 17.470 14.924 12.671 15.594 18.086 16.928 16.784 13.325 13.178 10.765  9.679 10.782 10.896 10.784 12.961 12.812 16.439 17.926 20.913 23.794 24.969 27.733 29.630
  5.597  4.682  6.540  8.956 10.983 14.596 16.801 20.377 21.667 19.932 16.737 13.449 10.281  7.042  3.840  0.000  3.837  7.211 10.019 12.084 10.165 12.626 12.759 14.181 11.238  9.197 12.282 12.191  8.913 10.942 13.849 12.637 11.685 14.488 16.978 17.611 19.080 17.550 20.929 21.184 18.138 18.392 15.799 17.614 17.034 19.947 22.467 21.815 20.302 17.631 19.012 17.605 18.410 17.209 14.110 12.012 14.272 17.265 16.791 16.143 13.027 12.323  9.726  9.860 11.718 12.969 13.166 15.904 16.034 19.657 21.208 23.961 26.922 28.102 30.860 32.671
  5.458  6.257  7.318 10.447 12.033 15.871 18.077 21.743 23.530 22.014 19.080 15.757 12.635  9.920  6.377  3.837  0.000  3.830  6.609  8.307  6.469  9.303 10.174 11.882  8.994  7.631 11.317 11.446  9.108 11.625 14.361 13.746 13.631 16.221 18.188 18.239 19.000 16.783 19.927 20.725 17.601 17.455 14.808 16.618 15.906 18.869 21.392 20.223 18.583 15.465 16.421 14.967 15.216 13.863 10.580  8.889 11.007 13.944 14.018 13.584 11.005 10.891  9.319 10.636 11.767 13.466 13.058 16.008 16.184 19.611 21.266 23.619 26.746 27.994 30.745 32.527
  5.903  8.441  9.785 13.335 15.096 18.915 21.307 24.973 26.955 25.391 22.601 19.170 16.257 13.475 10.110  7.211  3.830  0.000  3.887  5.359  5.348  8.996 11.044 13.011 10.354  9.978 13.797 13.934 12.277 15.011 17.519 17.010 17.283 19.873 21.598 21.443 21.765 19.143 22.024 23.227 20.096 19.543 16.793 18.252 17.079 19.708 22.445 21.008 19.581 16.162 16.741 15.444 14.753 12.977  9.285  8.052  8.905 12.160 13.105 12.254 10.584 10.300  9.520 12.030 13.124 15.519 15.198 18.417 18.913 22.204 24.021 26.094 29.293 30.588 33.321 35.064
  7.509  9.830 10.209 13.753 15.349 18.988 21.583 25.195 27.498 25.947 23.520 20.041 17.576 15.155 12.186 10.019  6.609  3.887  0.000  3.858  5.475  8.268 10.280 13.032 11.365 10.841 14.550 15.510 14.369 16.576 19.289 19.452 19.645 21.744 23.451 22.702 22.825 19.797 22.188 23.398 20.076 18.824 15.826 16.673 15.026 17.281 20.119 18.556 17.525 14.112 14.816 14.273 13.251 10.667  6.820  5.196  5.090  8.563  9.692  8.649  7.732  8.020  8.708 11.761 12.016 14.700 14.255 17.617 18.590 21.702 23.895 25.772 29.095 30.512 33.222 35.063
 10.689 13.021 13.309 16.656 17.685 21.355 23.511 27.077 29.533 28.329 25.882 22.586 19.803 17.638 14.268 12.084  8.307  5.359  3.858  0.000  3.872  6.601  9.781 11.790 10.208 11.008 14.437 14.924 14.598 17.224 19.320 19.559 20.482 22.637 23.767 22.943 22.444 19.202 21.447 23.240 20.276 19.249 16.798 18.098 16.984 19.443 21.850 19.712 18.173 14.447 14.131 12.971 11.146  9.155  5.643  6.461  6.224  8.510 10.783 10.719 10.637 11.619 12.525 15.431 15.439 17.751 16.677 19.648 20.072 22.817 24.612 26.047 29.298 30.623 33.246 34.920
 10.606 12.021 11.839 14.755 15.222 18.906 20.654 24.187 26.616 25.672 23.158 20.091 17.057 15.279 11.747 10.165  6.469  5.348  5.475  3.872  0.000  3.865  6.844  8.402  6.411  7.344 10.719 11.069 10.904 13.565 15.494 15.869 16.968 19.029 19.979 19.170 18.656 15.517 17.992 19.761 16.915 16.343 14.214 16.160 15.753 18.752 20.789 18.600 16.504 12.774 12.397 10.571  9.592  8.479  5.440  6.325  8.162  9.930 11.329 12.081 11.076 12.511 12.877 14.994 14.802 16.411 14.840 17.414 17.260 19.941 21.405 22.870 26.068 27.348 29.980 31.646
 13.637 14.333 13.176 15.434 14.985 18.327 19.611 22.926 25.667 25.150 22.968 20.235 17.388 16.423 13.193 12.626  9.303  8.996  8.268  6.601  3.865  0.000  3.864  5.362  5.171  6.510  8.920  9.969 10.919 12.910 14.521 15.772 17.124 18.522 19.025 17.566 16.547 13.022 14.966 16.975 14.288 13.519 11.896 14.054 14.269 17.422 18.844 16.214 13.671  9.892  8.853  6.755  5.991  5.547  4.167  6.391  8.924  9.206 10.328 12.290 11.601 14.002 14.937 16.620 15.564 16.505 14.144 16.093 15.557 17.680 18.968 19.987 23.177 24.506 27.066 28.752
 14.402 14.100 12.038 13.464 12.239 15.225 16.218 19.409 22.283 21.997 20.078 17.615 15.067 14.851 12.198 12.759 10.174 11.044 10.280  9.781  6.844  3.864  0.000  3.843  5.310  4.848  6.317  8.675  9.744 10.625 12.499 14.474 15.423 16.143 16.724 14.770 13.972 10.407 12.164 13.677 10.706  9.720  8.131 10.615 11.476 14.921 15.915 13.375 10.522  7.010  6.658  4.942  6.494  6.261  6.078  6.901 10.357 10.225  9.958 12.448 11.176 14.006 14.894 15.766 14.099 14.217 11.305 12.687 11.886 13.848 15.225 16.357 19.665 21.104 23.712 25.586
 16.812 16.474 14.699 15.826 14.187 16.976 17.226 20.176 22.936 23.088 21.100 19.050 16.189 16.297 13.503 14.181 11.882 13.011 13.032 11.790  8.402  5.362  3.843  0.000  3.805  5.358  5.065  6.369  8.816  9.928 10.617 12.753 14.541 15.206 14.957 13.065 11.493  7.833  9.771 12.028  9.898 10.096  9.870 13.035 14.642 18.180 18.690 16.006 12.647  9.564  8.118  4.755  6.626  8.348  8.877 10.467 13.690 13.428 13.592 16.177 14.943 17.607 18.132 18.838 17.429 17.204 14.124 14.851 13.119 14.521 14.941 15.607 18.628 19.813 22.311 23.929
 14.293 14.220 13.195 14.779 13.836 17.094 17.690 20.910 23.315 23.087 20.653 18.316 15.016 14.436 11.156 11.238  8.994 10.354 11.365 10.208  6.411  5.171  5.310  3.805  0.000  3.848  5.394  5.013  6.463  8.914  9.821 10.861 12.744 14.311 14.432 13.466 12.496  9.497 12.335 14.302 12.077 12.699 11.853 14.976 16.072 19.648 20.746 18.434 15.398 12.147 11.302  8.224  9.099 10.118  9.199 10.298 13.403 14.144 14.589 16.406 14.770 16.745 16.634 17.479 16.837 17.043 14.556 15.879 14.355 16.451 16.942 18.149 21.103 22.186 24.767 26.318
 12.461 11.559  9.928 11.093 10.021 13.350 14.223 17.625 19.984 19.511 17.088 14.627 11.479 11.097  8.199  9.197  7.631  9.978 10.841 11.008  7.344  6.510  4.848  5.358  3.848  0.000  3.859  5.370  5.074  6.520  8.806 10.109 10.854 12.146 13.113 12.013 12.049  9.344 12.322 13.309 10.392 10.737  9.196 12.231 13.241 16.892 18.147 16.341 13.608 10.717 11.110  9.023 10.790 10.857  9.549  9.215 12.824 13.884 13.378 14.959 12.638 14.513 14.140 14.379 13.570 13.425 11.000 12.411 11.121 13.734 14.716 16.565 19.701 20.937 23.654 25.464
 16.057 14.682 12.632 12.797 10.634 13.176 13.007 16.000 18.425 18.597 16.482 14.760 11.837 12.597 10.445 12.282 11.317 13.797 14.550 14.437 10.719  8.920  6.317  5.065  5.394  3.859  0.000  3.784  5.322  5.037  6.288  8.861  9.984 10.277 10.456  8.702  8.323  5.579  8.713  9.637  7.141  8.498  8.327 11.976 14.016 17.750 18.227 16.340 13.132 10.904 10.966  8.630 11.381 12.378 12.156 12.248 15.971 16.389 15.599 17.735 15.499 17.712 17.425 17.146 15.926 14.925 11.952 12.159  9.791 11.592 11.763 13.329 16.329 17.449 20.109 21.880
 16.613 15.584 14.355 14.844 13.174 15.860 15.547 18.424 20.456 20.637 18.184 16.556 13.181 13.497 10.915 12.191 11.446 13.934 15.510 14.924 11.069  9.969  8.675  6.369  5.013  5.370  3.784  0.000  3.835  5.426  4.962  6.461  8.845 10.023  9.573  8.986  8.281  6.422 10.055 11.500  9.964 11.996 12.085 15.716 17.590 21.313 21.952 20.034 16.785 14.334 13.865 10.845 12.885 14.355 13.822 14.309 17.778 18.543 18.324 20.193 17.979 19.789 19.079 18.994 18.424 17.739 15.161 15.576 13.119 14.875 14.474 15.845 18.411 19.254 21.794 23.239
 13.855 12.463 11.602 12.067 11.005 13.976 14.178 17.324 19.018 18.683 15.834 13.863 10.207 10.013  7.390  8.913  9.108 12.277 14.369 14.598 10.904 10.919  9.744  8.816  6.463  5.074  5.322  3.835  0.000  3.857  5.345  5.243  6.358  8.528  9.446  9.747 10.499  9.327 13.032 13.635 11.520 13.254 12.461 15.755 17.116 20.752 21.888 20.499 17.714 15.309 15.666 13.184 15.094 15.719 14.328 13.882 17.323 18.787 18.280 19.500 16.776 17.967 16.633 16.235 16.220 15.667 13.744 14.631 12.664 15.202 15.326 17.450 20.101 21.010 23.666 25.250
 15.728 13.541 11.816 11.092  9.002 11.224 10.753 13.711 15.417 15.394 12.804 11.398  8.160  9.408  8.157 10.942 11.625 15.011 16.576 17.224 13.565 12.910 10.625  9.928  8.914  6.520  5.037  5.426  3.857  0.000  3.845  5.557  5.233  5.655  7.048  6.719  8.475  7.979 11.427 11.040  8.879 10.973 10.581 13.906 15.796 19.392 20.085 19.044 16.310 14.656 15.520 13.582 16.279 16.874 15.960 15.140 18.858 19.982 18.792 20.257 17.317 18.744 17.496 16.366 15.814 14.371 12.174 12.176  9.677 12.000 11.930 14.402 16.990 17.948 20.652 22.434
 18.899 17.007 15.558 14.908 12.686 14.468 13.240 15.576 17.090 17.652 15.277 14.533 11.464 12.843 11.495 13.849 14.361 17.519 19.289 19.320 15.494 14.521 12.499 10.617  9.821  8.806  6.288  4.962  5.345  3.845  0.000  3.840  5.601  5.570  4.649  4.896  5.887  6.566 10.122 10.161  9.326 12.336 12.997 16.597 18.920 22.559 22.858 21.526 18.415 16.818 16.968 14.473 17.164 18.534 18.075 17.928 21.607 22.459 21.606 23.383 20.696 22.281 21.110 20.142 19.615 18.126 15.724 15.282 12.242 13.654 12.518 14.315 16.383 17.019 19.542 21.007
 18.079 16.356 15.735 15.402 13.988 16.078 15.275 17.699 18.726 18.892 16.056 15.106 11.688 12.284 10.771 12.637 13.746 17.010 19.452 19.559 15.869 15.772 14.474 12.753 10.861 10.109  8.861  6.461  5.243  5.557  3.840  0.000  3.842  6.064  5.885  8.054  9.332 10.140 13.783 13.959 13.040 15.827 15.948 19.391 21.254 24.857 25.598 24.421 21.491 19.578 19.778 17.100 19.289 20.464 19.406 19.095 22.552 23.943 23.351 24.646 21.797 22.824 21.127 20.219 20.417 19.334 17.529 17.638 15.021 16.926 16.027 18.048 19.997 20.525 22.951 24.244
 17.107 14.735 13.986 13.000 11.708 13.438 12.746 15.136 15.803 15.673 12.621 11.773  8.518  9.487  9.051 11.685 13.631 17.283 19.645 20.482 16.968 17.124 15.423 14.541 12.744 10.854  9.984  8.845  6.358  5.233  5.601  3.842  0.000  3.840  6.051  8.361 10.953 11.922 15.401 14.702 13.306 15.794 15.460 18.505 20.157 23.559 24.446 23.821 21.310 19.760 20.670 18.565 21.001 21.614 20.275 19.236 22.736 24.372 23.282 24.247 21.031 21.729 19.696 18.190 18.533 17.148 15.825 15.872 13.578 15.848 15.359 18.033 20.064 20.681 23.167 24.695
 19.609 16.885 15.387 13.628 11.415 12.168 10.505 12.319 12.969 13.438 10.898 11.015  8.612 10.945 11.303 14.488 16.221 19.873 21.744 22.637 19.029 18.522 16.143 15.206 14.311 12.146 10.277 10.023  8.528  5.655  5.570  6.064  3.840  0.000  3.818  5.700  9.154 10.878 13.809 12.327 11.355 14.153 14.435 17.424 19.585 22.892 23.242 22.796 20.281 19.361 20.433 18.664 21.617 22.372 21.547 20.495 24.198 25.408 23.915 25.231 22.029 23.098 21.364 19.483 19.212 17.130 15.458 14.600 11.805 13.424 12.441 15.153 16.875 17.446 19.926 21.575
 22.211 19.839 18.330 16.881 14.398 15.155 13.052 14.457 15.262 16.336 14.247 14.611 12.233 14.425 14.159 16.978 18.188 21.598 23.451 23.767 19.979 19.025 16.724 14.957 14.432 13.113 10.456  9.573  9.446  7.048  4.649  5.885  6.051  3.818  0.000  3.847  6.557  9.259 11.958 10.854 10.999 14.427 15.566 18.904 21.492 24.925 24.889 24.018 21.091 20.149 20.587 18.413 21.393 22.779 22.434 22.008 25.754 26.606 25.402 27.133 24.223 25.650 24.208 22.656 22.167 20.121 17.963 16.823 13.532 14.346 12.460 14.359 15.634 15.945 18.270 19.634
 22.389 20.019 17.898 16.360 13.299 13.823 11.452 12.832 14.334 15.735 14.154 14.469 12.428 14.978 14.630 17.611 18.239 21.443 22.702 22.943 19.170 17.566 14.770 13.065 13.466 12.013  8.702  8.986  9.747  6.719  4.896  8.054  8.361  5.700  3.847  0.000  3.893  6.467  8.621  7.070  7.377 10.969 12.667 16.031 18.991 22.389 21.951 20.912 17.871 17.266 17.672 15.813 19.128 20.584 20.747 20.468 24.291 24.660 23.266 25.386 22.710 24.607 23.691 22.220 21.096 18.816 16.129 14.530 10.922 11.109  8.939 10.619 12.187 12.740 15.278 16.956
 23.674 21.782 19.681 18.682 15.646 16.551 14.395 15.835 17.702 19.211 17.749 17.755 15.489 17.630 16.582 19.080 19.000 21.765 22.825 22.444 18.656 16.547 13.972 11.493 12.496 12.049  8.323  8.281 10.499  8.475  5.887  9.332 10.953  9.154  6.557  3.893  0.000  3.894  5.640  5.607  7.027 10.735 13.062 16.652 19.788 23.265 22.601 20.961 17.524 16.684 16.262 13.978 17.170 19.247 19.946 20.385 24.112 24.056 23.073 25.589 23.356 25.625 25.121 24.152 22.826 20.838 17.753 16.277 12.630 12.317  9.872 10.274 11.741 12.209 14.583 15.957
 21.604 20.079 17.858 17.382 14.495 15.957 14.482 16.489 18.883 20.016 18.460 17.779 15.329 17.006 15.418 17.550 16.783 19.143 19.797 19.202 15.517 13.022 10.407  7.833  9.497  9.344  5.579  6.422  9.327  7.979  6.566 10.140 11.922 10.878  9.259  6.467  3.894  0.000  3.806  5.471  5.442  8.442 10.538 14.245 17.222 20.773 20.256 18.193 14.588 13.299 12.550 10.101 13.302 15.411 16.321 17.058 20.698 20.406 19.613 22.309 20.389 22.924 22.834 22.309 20.756 19.139 15.807 14.770 11.459 11.482  9.934 10.229 12.553 13.421 15.894 17.456
 24.620 23.091 20.543 19.884 16.698 17.627 15.823 17.297 19.876 21.402 20.407 20.061 18.100 20.087 18.722 20.929 19.927 22.024 22.188 21.447 17.992 14.966 12.164  9.771 12.335 12.322  8.713 10.055 13.032 11.427 10.122 13.783 15.401 13.809 11.958  8.621  5.640  3.806  0.000  3.819  5.520  8.036 11.146 14.458 17.806 21.080 19.910 17.644 13.960 13.368 12.254 10.377 13.747 16.133 17.817 18.829 22.338 21.426 20.515 23.617 22.065 24.957 25.300 24.774 22.763 20.914 17.316 15.731 12.400 11.265  9.233  8.136 10.173 11.026 13.253 14.852
 24.969 22.919 20.084 18.749 15.210 15.378 13.024 13.987 16.503 18.366 17.736 17.894 16.492 19.069 18.427 21.184 20.725 23.227 23.398 23.240 19.761 16.975 13.677 12.028 14.302 13.309  9.637 11.500 13.635 11.040 10.161 13.959 14.702 12.327 10.854  7.070  5.607  5.471  3.819  0.000  3.837  6.938 10.337 13.370 16.975 20.085 18.667 17.020 13.682 13.887 13.760 12.646 16.339 18.133 19.542 19.871 23.541 22.804 21.293 24.217 22.306 25.064 25.209 24.131 21.989 19.599 16.100 13.841 10.241  8.489  5.761  5.026  7.339  8.506 11.105 13.255
 21.560 19.479 16.487 15.242 11.755 12.274 10.564 12.299 15.169 16.451 15.565 15.128 13.677 16.045 15.378 18.138 17.601 20.096 20.076 20.276 16.915 14.288 10.706  9.898 12.077 10.392  7.141  9.964 11.520  8.879  9.326 13.040 13.306 11.355 10.999  7.377  7.027  5.442  5.520  3.837  0.000  3.811  6.671  9.950 13.399 16.675 15.676 14.104 10.835 10.771 11.322 10.559 14.354 15.507 16.544 16.443 20.161 19.627 17.884 20.634 18.575 21.300 21.490 20.435 18.206 15.917 12.360 10.389  6.931  6.142  5.160  6.277  9.591 11.058 13.785 16.079
 20.912 18.964 15.634 14.545 11.199 11.676 10.757 12.641 15.909 16.823 16.230 15.374 14.358 16.453 15.825 18.392 17.455 19.543 18.824 19.249 16.343 13.519  9.720 10.096 12.699 10.737  8.498 11.996 13.254 10.973 12.336 15.827 15.794 14.153 14.427 10.969 10.735  8.442  8.036  6.938  3.811  0.000  3.846  6.575 10.176 13.292 12.101 10.332  7.084  7.593  8.850  9.351 13.110 13.594 14.874 14.557 18.071 17.159 15.041 17.963 16.213 19.237 19.978 19.087 16.335 14.125 10.353  8.389  5.907  5.101  6.276  7.249 10.870 12.668 15.308 17.780
 17.677 15.741 12.268 11.414  8.501  9.599  9.970 12.606 15.839 15.949 15.058 13.452 12.463 14.025 13.404 15.799 14.808 16.793 15.826 16.798 14.214 11.896  8.131  9.870 11.853  9.196  8.327 12.085 12.461 10.581 12.997 15.948 15.460 14.435 15.566 12.667 13.062 10.538 11.146 10.337  6.671  3.846  0.000  3.798  6.821 10.315 10.071  8.581  5.946  5.742  8.337  9.349 12.637 12.082 12.619 11.526 15.026 14.513 12.029 14.568 12.549 15.482 16.283 15.443 12.574 10.610  6.800  5.786  4.808  6.286  8.875 10.710 14.225 16.026 18.739 21.174
 18.520 16.564 12.881 11.876  9.423  9.799 10.826 13.075 16.369 16.159 15.816 14.169 14.029 15.477 15.341 17.614 16.618 18.252 16.673 18.098 16.160 14.054 10.615 13.035 14.976 12.231 11.976 15.716 15.755 13.906 16.597 19.391 18.505 17.424 18.904 16.031 16.652 14.245 14.458 13.370  9.950  6.575  3.798  0.000  3.810  6.783  6.344  5.505  4.533  5.919  9.462 11.664 14.497 13.161 13.694 12.062 15.021 14.256 11.088 13.426 11.678 14.662 15.969 15.016 11.563  9.481  6.032  4.952  6.247  7.367 10.777 12.541 15.859 17.740 20.322 22.847
 16.810 15.124 11.565 11.096  9.813 10.611 12.738 15.214 18.258 17.367 16.884 14.654 14.685 15.381 15.264 17.034 15.906 17.079 15.026 16.984 15.753 14.269 11.476 14.642 16.072 13.241 14.016 17.590 17.116 15.796 18.920 21.254 20.157 19.585 21.492 18.991 19.788 17.222 17.806 16.975 13.399 10.176  6.821  3.810  0.000  3.832  5.546  5.520  6.453  6.972 10.789 13.275 15.346 13.097 12.959 10.590 12.939 12.472  8.866 10.482  8.786 11.642 13.381 12.688  8.959  7.673  5.282  6.268  8.973 10.835 14.382 16.305 19.548 21.391 23.955 26.405
 18.983 17.407 14.026 13.479 12.651 12.809 15.079 17.078 19.963 18.868 18.887 16.822 17.457 18.098 18.327 19.947 18.869 19.708 17.281 19.443 18.752 17.422 14.921 18.180 19.648 16.892 17.750 21.313 20.752 19.392 22.559 24.857 23.559 22.892 24.925 22.389 23.265 20.773 21.080 20.085 16.675 13.292 10.315  6.783  3.832  0.000  3.875  5.684  8.464  9.763 13.395 16.361 18.113 15.548 15.497 13.029 14.558 13.857 10.071 11.099 10.125 12.582 14.734 14.029 10.209  9.174  8.058  8.782 11.939 13.337 16.998 18.767 21.794 23.581 25.981 28.416
 22.154 20.401 16.814 15.814 14.130 13.627 15.001 16.354 19.487 19.036 19.517 18.069 18.871 20.161 20.472 22.467 21.392 22.445 20.119 21.850 20.789 18.844 15.915 18.690 20.746 18.147 18.227 21.952 21.888 20.085 22.858 25.598 24.446 23.242 24.889 21.951 22.601 20.256 19.910 18.667 15.676 12.101 10.071  6.344  5.546  3.875  0.000  3.809  7.059  9.764 13.139 16.367 18.541 16.550 17.299 15.441 17.272 15.971 12.361 14.184 13.448 16.214 18.271 17.380 13.534 11.807  9.911  9.122 11.600 11.842 15.328 16.588 19.373 21.235 23.475 25.965
 21.694 20.339 16.849 16.405 14.550 14.787 15.904 17.602 20.953 20.774 20.858 19.226 19.317 20.437 20.081 21.815 20.223 21.008 18.556 19.712 18.600 16.214 13.375 16.006 18.434 16.341 16.340 20.034 20.499 19.044 21.526 24.421 23.821 22.796 24.018 20.912 20.961 18.193 17.644 17.020 14.104 10.332  8.581  5.505  5.520  5.684  3.809  0.000  3.860  6.633  9.659 13.122 15.160 13.373 14.689 13.529 15.440 13.583 10.341 13.021 12.739 16.065 18.390 18.083 14.339 13.054 10.412  9.910 11.547 11.638 14.769 15.507 18.501 20.393 22.668 25.091
 20.967 19.638 16.196 15.856 13.541 14.204 14.795 16.716 20.164 20.346 20.081 18.515 18.008 19.260 18.493 20.302 18.583 19.581 17.525 18.173 16.504 13.671 10.522 12.647 15.398 13.608 13.132 16.785 17.714 16.310 18.415 21.491 21.310 20.281 21.091 17.871 17.524 14.588 13.960 13.682 10.835  7.084  5.946  4.533  6.453  8.464  7.059  3.860  0.000  3.854  6.560  9.722 12.277 11.234 12.951 12.429 14.959 13.103 10.429 13.667 13.080 16.609 18.588 18.377 14.918 13.530 10.161  9.407  9.824  9.734 12.372 12.852 16.089 17.947 20.301 22.697
 18.222 17.363 14.277 14.724 12.879 14.559 15.536 18.080 21.412 21.326 20.426 18.361 17.138 17.773 16.331 17.631 15.465 16.162 14.112 14.447 12.774  9.892  7.010  9.564 12.147 10.717 10.904 14.334 15.309 14.656 16.818 19.578 19.760 19.361 20.149 17.266 16.684 13.299 13.368 13.887 10.771  7.593  5.742  5.919  6.972  9.763  9.764  6.633  3.854  0.000  3.853  6.741  8.949  7.629  9.189  9.041 11.764 10.049  7.953 11.407 10.871 14.509 16.472 16.841 13.796 13.169  9.825 10.241 10.449 11.346 13.694 14.396 17.778 19.513 21.988 24.201
 19.882 19.484 16.791 17.605 15.739 17.660 18.238 20.721 24.057 24.250 23.185 21.211 19.527 20.051 18.073 19.012 16.421 16.741 14.816 14.131 12.397  8.853  6.658  8.118 11.302 11.110 10.966 13.865 15.666 15.520 16.968 19.778 20.670 20.433 20.587 17.672 16.262 12.550 12.254 13.760 11.322  8.850  8.337  9.462 10.789 13.395 13.139  9.659  6.560  3.853  0.000  3.876  5.819  5.798  8.678 10.100 12.528 10.291  9.552 13.269 13.308 16.934 18.919 19.719 17.016 16.656 13.278 13.612 13.073 13.516 15.032 15.004 18.201 19.764 22.069 24.020
 19.227 18.986 16.716 17.744 15.896 18.229 18.535 21.192 24.333 24.625 23.159 21.194 18.925 19.295 16.858 17.605 14.967 15.444 14.273 12.971 10.571  6.755  4.942  4.755  8.224  9.023  8.630 10.845 13.184 13.582 14.473 17.100 18.565 18.664 18.413 15.813 13.978 10.101 10.377 12.646 10.559  9.351  9.349 11.664 13.275 16.361 16.367 13.122  9.722  6.741  3.876  0.000  3.862  5.862  8.315 10.423 13.171 11.618 11.670 15.019 14.649 17.946 19.378 20.265 18.119 17.853 14.481 14.926 13.659 14.337 15.156 15.145 18.246 19.592 21.900 23.621
 19.314 19.821 18.064 19.757 18.508 21.194 21.893 24.719 27.832 27.871 26.235 23.959 21.505 21.292 18.442 18.410 15.216 14.753 13.251 11.146  9.592  5.991  6.494  6.626  9.099 10.790 11.381 12.885 15.094 16.279 17.164 19.289 21.001 21.617 21.393 19.128 17.170 13.302 13.747 16.339 14.354 13.110 12.637 14.497 15.346 18.113 18.541 15.160 12.277  8.949  5.819  3.862  0.000  3.848  6.784 10.030 11.841 10.007 11.293 14.445 14.832 17.986 19.722 21.289 19.425 19.859 16.856 17.915 17.079 18.031 18.983 18.925 21.928 23.219 25.460 27.021
 17.126 17.821 16.049 18.040 17.298 20.091 21.409 24.414 27.536 27.166 25.552 22.941 20.741 20.183 17.470 17.209 13.863 12.977 10.667  9.155  8.479  5.547  6.261  8.348 10.118 10.857 12.378 14.355 15.719 16.874 18.534 20.464 21.614 22.372 22.779 20.584 19.247 15.411 16.133 18.133 15.507 13.594 12.082 13.161 13.097 15.548 16.550 13.373 11.234  7.629  5.798  5.862  3.848  0.000  3.858  6.941  8.311  6.206  7.619 10.688 11.469 14.678 16.827 18.674 16.722 17.617 15.007 16.655 16.641 18.079 19.741 20.162 23.366 24.834 27.246 29.026
 13.491 14.578 13.320 15.875 15.875 19.096 20.915 24.229 27.104 26.302 24.359 21.389 19.017 17.835 14.924 14.110 10.580  9.285  6.820  5.643  5.440  4.167  6.078  8.877  9.199  9.549 12.156 13.822 14.328 15.960 18.075 19.406 20.275 21.547 22.434 20.747 19.946 16.321 17.817 19.542 16.544 14.874 12.619 13.694 12.959 15.497 17.299 14.689 12.951  9.189  8.678  8.315  6.784  3.858  0.000  3.869  5.293  5.071  6.816  8.702  9.017 11.690 13.560 15.775 14.399 15.911 13.914 16.309 16.664 18.841 20.753 21.794 25.100 26.573 29.138 30.952
 10.736 11.486 10.014 12.689 13.207 16.457 18.795 22.216 24.941 23.762 21.813 18.622 16.563 15.168 12.671 12.012  8.889  8.052  5.196  6.461  6.325  6.391  6.901 10.467 10.298  9.215 12.248 14.309 13.882 15.140 17.928 19.095 19.236 20.495 22.008 20.468 20.385 17.058 18.829 19.871 16.443 14.557 11.526 12.062 10.590 13.029 15.441 13.529 12.429  9.041 10.100 10.423 10.030  6.941  3.869  0.000  3.853  5.431  5.338  6.164  5.360  8.015  9.908 12.033 10.622 12.464 11.021 13.972 14.996 17.684 20.082 21.693 25.094 26.664 29.336 31.319
 11.611 13.254 12.457 15.472 16.516 19.686 22.280 25.661 28.363 26.984 25.085 21.751 19.847 18.072 15.594 14.272 11.007  8.905  5.090  6.224  8.162  8.924 10.357 13.690 13.403 12.824 15.971 17.778 17.323 18.858 21.607 22.552 22.736 24.198 25.754 24.291 24.112 20.698 22.338 23.541 20.161 18.071 15.026 15.021 12.939 14.558 17.272 15.440 14.959 11.764 12.528 13.171 11.841  8.311  5.293  3.853  0.000  3.838  5.404  4.638  5.913  7.762 10.391 13.343 12.281 14.828 13.999 17.150 18.563 21.196 23.735 25.228 28.604 30.182 32.815 34.769
 15.213 16.447 15.033 17.546 17.883 20.706 22.951 26.096 29.084 28.043 26.480 23.414 21.679 20.465 18.086 17.265 13.944 12.160  8.563  8.510  9.930  9.206 10.225 13.428 14.144 13.884 16.389 18.543 18.787 19.982 22.459 23.943 24.372 25.408 26.606 24.660 24.056 20.406 21.426 22.804 19.627 17.159 14.513 14.256 12.472 13.857 15.971 13.583 13.103 10.049 10.291 11.618 10.007  6.206  5.071  5.431  3.838  0.000  3.844  5.415  7.790 10.587 13.613 16.146 14.331 16.278 14.798 17.386 18.653 20.697 23.177 24.174 27.488 29.108 31.631 33.579
 14.917 15.337 13.231 15.181 15.318 17.749 20.111 23.114 26.128 25.034 23.756 20.797 19.548 18.712 16.928 16.791 14.018 13.105  9.692 10.783 11.329 10.328  9.958 13.592 14.589 13.378 15.599 18.324 18.280 18.792 21.606 23.351 23.282 23.915 25.402 23.266 23.073 19.613 20.515 21.293 17.884 15.041 12.029 11.088  8.866 10.071 12.361 10.341 10.429  7.953  9.552 11.670 11.293  7.619  6.816  5.338  5.404  3.844  0.000  3.884  5.586  9.061 12.250 14.102 11.610 13.167 11.680 14.190 15.912 17.966 20.816 22.062 25.418 27.165 29.705 31.819
 13.079 13.917 12.419 14.814 15.884 18.446 21.337 24.472 27.206 25.653 24.214 20.952 19.835 18.409 16.784 16.143 13.584 12.254  8.649 10.719 12.081 12.290 12.448 16.177 16.406 14.959 17.735 20.193 19.500 20.257 23.383 24.646 24.247 25.231 27.133 25.386 25.589 22.309 23.617 24.217 20.634 17.963 14.568 13.426 10.482 11.099 14.184 13.021 13.667 11.407 13.269 15.019 14.445 10.688  8.702  6.164  4.638  5.415  3.884  0.000  3.818  6.144  9.756 12.162 10.262 12.785 12.430 15.570 17.792 20.328 23.378 25.023 28.390 30.114 32.723 34.851
 10.367 10.507  8.692 11.048 12.371 15.087 18.157 21.435 23.956 22.244 20.633 17.284 16.168 14.690 13.325 13.027 11.005 10.584  7.732 10.637 11.076 11.601 11.176 14.943 14.770 12.638 15.499 17.979 16.776 17.317 20.696 21.797 21.031 22.029 24.223 22.710 23.356 20.389 22.065 22.306 18.575 16.213 12.549 11.678  8.786 10.125 13.448 12.739 13.080 10.871 13.308 14.649 14.832 11.469  9.017  5.360  5.913  7.790  5.586  3.818  0.000  3.791  6.787  8.679  6.736  9.363  9.307 12.809 15.091 18.050 21.130 23.213 26.610 28.291 30.958 33.116
  8.402  8.929  8.212 10.968 13.339 16.092 19.522 22.854 24.968 22.813 20.999 17.438 16.429 14.280 13.178 12.323 10.891 10.300  8.020 11.619 12.511 14.002 14.006 17.607 16.745 14.513 17.712 19.789 17.967 18.744 22.281 22.824 21.729 23.098 25.650 24.607 25.625 22.924 24.957 25.064 21.300 19.237 15.482 14.662 11.642 12.582 16.214 16.065 16.609 14.509 16.934 17.946 17.986 14.678 11.690  8.015  7.762 10.587  9.061  6.144  3.791  0.000  3.822  6.594  6.199  9.808 11.046 14.815 17.295 20.586 23.674 26.074 29.406 31.050 33.772 35.934
  5.616  5.686  6.048  9.051 12.184 15.097 18.614 22.030 23.729 21.351 19.149 15.451 14.295 11.598 10.765  9.726  9.319  9.520  8.708 12.525 12.877 14.937 14.894 18.132 16.634 14.140 17.425 19.079 16.633 17.496 21.110 21.127 19.696 21.364 24.208 23.691 25.121 22.834 25.300 25.209 21.490 19.978 16.283 15.969 13.381 14.734 18.271 18.390 18.588 16.472 18.919 19.378 19.722 16.827 13.560  9.908 10.391 13.613 12.250  9.756  6.787  3.822  0.000  3.832  5.703  9.321 11.210 15.005 17.244 20.869 23.757 26.504 29.757 31.298 34.052 36.172
  7.501  5.373  4.677  6.283  9.787 12.205 15.876 19.146 20.528 17.944 15.829 12.176 11.634  9.262  9.679  9.860 10.636 12.030 11.761 15.431 14.994 16.620 15.766 18.838 17.479 14.379 17.146 18.994 16.235 16.366 20.142 20.219 18.190 19.483 22.656 22.220 24.152 22.309 24.774 24.131 20.435 19.087 15.443 15.016 12.688 14.029 17.380 18.083 18.377 16.841 19.719 20.265 21.289 18.674 15.775 12.033 13.343 16.146 14.102 12.162  8.679  6.594  3.832  0.000  3.865  6.710  9.457 12.974 15.374 19.079 22.013 25.074 28.205 29.718 32.427 34.609
 10.033  7.977  5.361  5.997  8.319 10.394 14.070 17.234 19.124 16.844 15.234 11.802 11.655 10.376 10.782 11.718 11.767 13.124 12.016 15.439 14.802 15.564 14.099 17.429 16.837 13.570 15.926 18.424 16.220 15.814 19.615 20.417 18.533 19.212 22.167 21.096 22.826 20.756 22.763 21.989 18.206 16.335 12.574 11.563  8.959 10.209 13.534 14.339 14.918 13.796 17.016 18.119 19.425 16.722 14.399 10.622 12.281 14.331 11.610 10.262  6.736  6.199  5.703  3.865  0.000  3.840  6.368  9.977 12.838 16.307 19.543 22.431 25.618 27.253 29.932 32.217
 12.779  9.959  6.576  4.867  5.759  6.864 10.569 13.583 15.506 13.348 12.115  9.044  9.644  9.652 10.896 12.969 13.466 15.519 14.700 17.751 16.411 16.505 14.217 17.204 17.043 13.425 14.925 17.739 15.667 14.371 18.126 19.334 17.148 17.130 20.121 18.816 20.838 19.139 20.914 19.599 15.917 14.125 10.610  9.481  7.673  9.174 11.807 13.054 13.530 13.169 16.656 17.853 19.859 17.617 15.911 12.464 14.828 16.278 13.167 12.785  9.363  9.808  9.321  6.710  3.840  0.000  3.841  6.715  9.806 13.182 16.482 19.559 22.626 24.243 26.868 29.214
 13.873 11.313  7.535  6.079  4.679  6.143  9.036 12.203 14.794 13.441 12.272  9.613  9.525 10.293 10.784 13.166 13.058 15.198 14.255 16.677 14.840 14.144 11.305 14.124 14.556 11.000 11.952 15.161 13.744 12.174 15.724 17.529 15.825 15.458 17.963 16.129 17.753 15.807 17.316 16.100 12.360 10.353  6.800  6.032  5.282  8.058  9.911 10.412 10.161  9.825 13.278 14.481 16.856 15.007 13.914 11.021 13.999 14.798 11.680 12.430  9.307 11.046 11.210  9.457  6.368  3.841  0.000  3.842  6.643  9.974 13.291 16.143 19.366 21.037 23.713 26.091
 17.385 14.603 10.856  8.574  5.644  4.923  6.485  9.126 12.113 11.470 11.012  9.444 10.011 12.026 12.961 15.904 16.008 18.417 17.617 19.648 17.414 16.093 12.687 14.851 15.879 12.411 12.159 15.576 14.631 12.176 15.282 17.638 15.872 14.600 16.823 14.530 16.277 14.770 15.731 13.841 10.389  8.389  5.786  4.952  6.268  8.782  9.122  9.910  9.407 10.241 13.612 14.926 17.915 16.655 16.309 13.972 17.150 17.386 14.190 15.570 12.809 14.815 15.005 12.974  9.977  6.715  3.842  0.000  3.814  6.576 10.116 13.078 16.176 17.894 20.514 23.027
 18.588 15.826 12.298 10.071  6.351  5.839  5.239  7.905 11.061 11.353 10.660  9.760  9.576 12.209 12.812 16.034 16.184 18.913 18.590 20.072 17.260 15.557 11.886 13.119 14.355 11.121  9.791 13.119 12.664  9.677 12.242 15.021 13.578 11.805 13.532 10.922 12.630 11.459 12.400 10.241  6.931  5.907  4.808  6.247  8.973 11.939 11.600 11.547  9.824 10.449 13.073 13.659 17.079 16.641 16.664 14.996 18.563 18.653 15.912 17.792 15.091 17.295 17.244 15.374 12.838  9.806  6.643  3.814  0.000  3.867  6.764  9.958 13.154 14.799 17.505 20.024
 22.308 19.646 16.108 13.890 10.156  8.923  7.052  8.047 11.352 12.616 12.770 12.789 12.938 15.865 16.439 19.657 19.611 22.204 21.702 22.817 19.941 17.680 13.848 14.521 16.451 13.734 11.592 14.875 15.202 12.000 13.654 16.926 15.848 13.424 14.346 11.109 12.317 11.482 11.265  8.489  6.142  5.101  6.286  7.367 10.835 13.337 11.842 11.638  9.734 11.346 13.516 14.337 18.031 18.079 18.841 17.684 21.196 20.697 17.966 20.328 18.050 20.586 20.869 19.079 16.307 13.182  9.974  6.576  3.867  0.000  3.847  6.698  9.865 11.682 14.264 16.969
 24.531 21.898 18.611 16.428 12.612 11.507  8.749  9.070 11.814 13.792 13.933 14.570 14.352 17.512 17.926 21.208 21.266 24.021 23.895 24.612 21.405 18.968 15.225 14.941 16.942 14.716 11.763 14.474 15.326 11.930 12.518 16.027 15.359 12.441 12.460  8.939  9.872  9.934  9.233  5.761  5.160  6.276  8.875 10.777 14.382 16.998 15.328 14.769 12.372 13.694 15.032 15.156 18.983 19.741 20.753 20.082 23.735 23.177 20.816 23.378 21.130 23.674 23.757 22.013 19.543 16.482 13.291 10.116  6.764  3.847  0.000  3.834  6.751  8.412 11.175 13.938
 27.229 24.877 21.605 19.735 15.974 15.094 12.463 12.483 15.109 17.291 17.609 18.267 17.880 20.881 20.913 23.961 23.619 26.094 25.772 26.047 22.870 19.987 16.357 15.607 18.149 16.565 13.329 15.845 17.450 14.402 14.315 18.048 18.033 15.153 14.359 10.619 10.274 10.229  8.136  5.026  6.277  7.249 10.710 12.541 16.305 18.767 16.588 15.507 12.852 14.396 15.004 15.145 18.925 20.162 21.794 21.693 25.228 24.174 22.062 25.023 23.213 26.074 26.504 25.074 22.431 19.559 16.143 13.078  9.958  6.698  3.834  0.000  3.856  6.063  8.804 11.726
 30.394 27.964 24.761 22.727 18.967 17.781 14.835 14.213 16.294 18.813 19.454 20.614 20.420 23.596 23.794 26.922 26.746 29.293 29.095 29.298 26.068 23.177 19.665 18.628 21.103 19.701 16.329 18.411 20.101 16.990 16.383 19.997 20.064 16.875 15.634 12.187 11.741 12.553 10.173  7.339  9.591 10.870 14.225 15.859 19.548 21.794 19.373 18.501 16.089 17.778 18.201 18.246 21.928 23.366 25.100 25.094 28.604 27.488 25.418 28.390 26.610 29.406 29.757 28.205 25.618 22.626 19.366 16.176 13.154  9.865  6.751  3.856  0.000  3.819  6.635  9.761
 31.751 29.293 26.190 24.138 20.412 19.212 16.160 15.325 17.139 19.794 20.446 21.782 21.548 24.760 24.969 28.102 27.994 30.588 30.512 30.623 27.348 24.506 21.104 19.813 22.186 20.937 17.449 19.254 21.010 17.948 17.019 20.525 20.681 17.446 15.945 12.740 12.209 13.421 11.026  8.506 11.058 12.668 16.026 17.740 21.391 23.581 21.235 20.393 17.947 19.513 19.764 19.592 23.219 24.834 26.573 26.664 30.182 29.108 27.165 30.114 28.291 31.050 31.298 29.718 27.253 24.243 21.037 17.894 14.799 11.682  8.412  6.063  3.819  0.000  3.840  6.819
 34.536 32.064 28.963 26.864 23.132 21.772 18.656 17.452 18.963 21.774 22.718 24.276 24.196 27.460 27.733 30.860 30.745 33.321 33.222 33.246 29.980 27.066 23.712 22.311 24.767 23.654 20.109 21.794 23.666 20.652 19.542 22.951 23.167 19.926 18.270 15.278 14.583 15.894 13.253 11.105 13.785 15.308 18.739 20.322 23.955 25.981 23.475 22.668 20.301 21.988 22.069 21.900 25.460 27.246 29.138 29.336 32.815 31.631 29.705 32.723 30.958 33.772 34.052 32.427 29.932 26.868 23.713 20.514 17.505 14.264 11.175  8.804  6.635  3.840  0.000  3.771
