  0.000  3.840  6.761 10.342 13.254 16.742 19.792 23.314 24.816 22.414 19.769 16.089 13.824 10.343  8.324  5.522  5.448  5.832  7.592 10.755 10.722 13.688 14.451 16.777 14.178 12.452 16.084 16.690 14.017 15.810 19.007 18.226 17.257 19.892 22.405 22.502 23.679 21.559 24.650 25.084 21.716 21.041 17.885 18.651 16.872 19.141 22.226 21.668 21.117 18.405 19.990 19.181 19.407 17.230 13.643 10.900 11.876 15.466 15.099 13.168 10.393  8.373  5.622  7.626  9.917 12.561 13.851 17.362 18.775 22.447 24.477 27.420 30.085 31.942 33.958 35.148
  3.840  0.000  3.828  6.855 10.049 13.337 16.451 19.919 21.223 18.728 16.059 12.354 10.311  6.807  5.722  4.603  6.231  8.392  9.964 13.125 12.209 14.454 14.237 16.522 14.163 11.574 14.765 15.728 12.680 13.678 17.177 16.543 14.916 17.210 20.098 20.208 21.877 20.114 23.220 23.125 19.701 19.176 16.021 16.755 15.210 17.573 20.490 20.365 19.847 17.594 19.642 18.990 19.958 17.980 14.792 11.740 13.572 16.750 15.597 14.086 10.638  8.858  5.616  5.458  7.877  9.758 11.352 14.623 16.087 19.852 21.897 25.094 27.695 29.628 31.672 32.916
  6.761  3.828  0.000  3.825  6.706 10.073 13.294 16.791 18.433 16.123 13.791 10.128  8.480  6.025  5.428  6.407  7.119  9.591 10.228 13.265 11.888 13.173 12.059 14.630 13.006  9.780 12.565 14.342 11.681 11.826 15.567 15.743 14.005 15.595 18.463 17.979 19.656 17.756 20.564 20.198 16.616 15.782 12.487 13.037 11.626 14.178 16.886 16.846 16.351 14.424 16.843 16.589 18.076 16.108 13.423 10.192 12.686 15.246 13.449 12.575  8.824  8.096  5.996  4.841  5.306  6.359  7.552 10.857 12.511 16.270 18.570 21.780 24.444 26.470 28.548 29.819
 10.342  6.855  3.825  0.000  3.816  6.564  9.954 13.347 14.763 12.365 10.142  6.502  5.750  4.737  6.251  8.850 10.251 13.158 13.777 16.590 14.770 15.376 13.429 15.696 14.527 10.835 12.620 14.738 12.038 10.995 14.816 15.301 12.903 13.734 16.933 16.368 18.589 17.197 19.840 18.793 15.265 14.623 11.551 11.972 11.088 13.571 15.830 16.366 15.940 14.773 17.561 17.522 19.678 18.035 15.928 12.839 15.681 17.719 15.382 14.995 11.218 10.873  9.038  6.427  6.048  4.702  6.084  8.517 10.231 13.986 16.300 19.782 22.314 24.407 26.479 27.797
 13.254 10.049  6.706  3.816  0.000  3.844  6.661 10.266 12.179 10.414  8.477  5.663  5.055  6.415  7.533 10.823 11.742 14.826 15.292 17.510 15.120 14.828 12.138 13.975 13.482  9.633 10.324 12.912 10.803  8.748 12.421 13.683 11.405 11.364 14.304 13.206 15.458 14.216 16.604 15.223 11.743 11.297  8.651  9.598  9.889 12.828 14.249 14.612 13.678 12.913 15.648 15.604 18.324 17.206 15.834 13.285 16.634 17.985 15.518 16.051 12.525 13.230 12.159  9.934  8.438  5.753  4.769  5.706  6.584 10.327 12.511 16.026 18.559 20.692 22.816 24.211
 16.742 13.337 10.073  6.564  3.844  0.000  3.849  7.034  8.822  7.092  6.094  4.649  6.399  8.939 10.961 14.413 15.559 18.621 18.898 21.140 18.766 18.123 15.066 16.717 16.710 12.922 12.790 15.531 13.708 10.888 14.108 15.686 13.037 11.967 14.954 13.633 16.284 15.592 17.453 15.302 12.124 11.679  9.605  9.877 10.599 12.908 13.691 14.810 14.247 14.480 17.478 17.860 20.942 19.949 19.006 16.493 19.767 20.755 17.895 18.597 15.225 15.955 15.042 12.278 10.507  6.941  6.190  4.923  5.937  9.003 11.314 15.001 17.297 19.507 21.568 22.979
 19.792 16.451 13.294  9.954  6.661  3.849  0.000  3.847  6.180  6.027  5.677  6.436  7.911 11.301 13.098 16.765 17.874 21.093 21.526 23.331 20.568 19.451 16.115 17.047 17.422 13.909 12.716 15.321 14.019 10.544 12.982 14.992 12.467 10.372 12.936 11.350 14.218 14.203 15.697 12.990 10.420 10.734  9.917 10.811 12.637 15.034 14.922 15.846 14.766 15.403 18.014 18.188 21.619 21.231 20.814 18.815 22.320 22.940 20.201 21.421 18.243 19.356 18.562 15.955 14.142 10.583  9.028  6.426  5.306  7.096  8.533 12.265 14.279 16.432 18.503 20.022
 23.314 19.919 16.791 13.347 10.266  7.034  3.847  0.000  3.858  5.685  6.921  9.059 11.107 14.613 16.630 20.308 21.474 24.669 25.004 26.759 23.989 22.648 19.173 19.902 20.589 17.246 15.634 18.165 17.162 13.507 15.333 17.481 14.977 12.255 14.395 12.726 15.619 16.135 17.034 13.827 11.986 12.422 12.314 12.795 14.867 16.749 16.010 17.311 16.442 17.722 20.301 20.701 24.290 24.068 23.967 22.070 25.525 25.884 22.991 24.364 21.340 22.518 21.845 19.082 17.162 13.469 12.035  8.878  7.718  7.841  8.685 12.036 13.474 15.501 17.351 18.876
 24.816 21.223 18.433 14.763 12.179  8.822  6.180  3.858  0.000  3.838  6.082  9.295 11.849 15.406 17.942 21.669 23.325 26.702 27.327 29.260 26.473 25.419 22.079 22.725 23.064 19.678 18.184 20.340 18.961 15.345 17.042 18.684 15.785 13.032 15.415 14.440 17.706 18.702 19.787 16.486 14.949 15.712 15.566 16.025 17.793 19.466 18.933 20.502 19.795 21.011 23.609 23.858 27.412 27.174 26.848 24.787 28.210 28.835 25.931 27.021 23.817 24.584 23.498 20.407 18.971 15.311 14.547 11.771 10.895 11.148 11.521 14.678 15.760 17.563 19.162 20.563
 22.414 18.728 16.123 12.365 10.414  7.092  6.027  5.685  3.838  0.000  3.799  6.739  9.847 13.066 15.971 19.592 21.492 24.852 25.537 27.785 25.218 24.574 21.450 22.479 22.426 18.833 17.972 20.120 18.227 14.924 17.208 18.437 15.221 13.119 16.104 15.451 18.825 19.446 20.986 18.013 15.904 16.358 15.445 15.671 16.789 18.380 18.487 20.227 19.813 20.706 23.548 23.817 27.164 26.555 25.797 23.388 26.654 27.629 24.690 25.346 21.975 22.327 20.972 17.682 16.575 13.046 13.009 10.931 10.912 12.198 13.240 16.722 18.152 20.081 21.771 23.107
 19.769 16.059 13.791 10.142  8.477  6.094  5.677  6.921  6.082  3.799  0.000  3.839  6.615  9.930 12.933 16.568 18.753 22.270 23.344 25.580 22.929 22.631 19.790 20.708 20.164 16.592 16.044 17.821 15.510 12.465 14.966 15.710 12.277 10.719 14.122 13.991 17.502 18.080 20.172 17.571 15.263 16.037 14.866 15.649 16.623 18.719 19.293 20.617 19.873 20.129 22.788 22.622 25.783 25.204 24.115 21.706 25.028 26.357 23.704 24.177 20.613 20.741 18.994 15.795 15.193 12.009 12.114 10.767 10.556 12.640 13.544 17.204 18.819 20.734 22.573 23.980
 16.089 12.354 10.128  6.502  5.663  4.649  6.436  9.059  9.295  6.739  3.839  0.000  3.822  6.532  9.713 13.222 15.431 18.861 19.931 22.379 19.963 20.046 17.502 18.837 17.950 14.247 14.495 16.335 13.647 11.186 14.365 14.857 11.506 11.003 14.622 14.483 17.680 17.586 20.037 17.976 15.114 15.459 13.538 14.260 14.610 16.864 18.087 19.214 18.576 18.322 21.068 20.880 23.728 22.796 21.303 18.648 21.823 23.460 20.915 21.047 17.367 17.229 15.303 12.149 11.816  9.010  9.637  9.437  9.967 12.962 14.467 18.214 20.222 22.246 24.208 25.599
 13.824 10.311  8.480  5.750  5.055  6.399  7.911 11.107 11.849  9.847  6.615  3.822  0.000  3.842  6.407 10.090 12.398 16.046 17.596 19.746 17.085 17.402 15.215 16.215 14.835 11.323 11.852 13.166 10.139  8.184 11.518 11.568  8.361  8.816 12.428 12.683 15.661 15.426 18.360 16.865 14.004 14.761 12.890 14.426 14.920 17.756 19.148 19.576 18.386 17.418 19.685 18.899 21.512 20.812 19.127 16.771 20.075 21.924 19.886 20.078 16.388 16.339 14.221 11.709 11.763  9.685  9.760 10.265 10.116 13.416 14.523 18.125 20.244 22.149 24.175 25.587
 10.343  6.807  6.025  4.737  6.415  8.939 11.301 14.613 15.406 13.066  9.930  6.532  3.842  0.000  3.818  6.910  9.740 13.283 15.132 17.592 15.350 16.457 14.984 16.364 14.351 11.046 12.731 13.692 10.231  9.665 13.167 12.560  9.795 11.458 14.881 15.373 17.924 17.191 20.376 19.446 16.367 16.760 14.342 15.687 15.405 18.161 20.197 20.462 19.473 17.950 20.147 19.261 21.312 20.214 17.910 15.293 18.213 20.611 18.885 18.464 14.720 14.019 11.354  9.150 10.224  9.402 10.309 12.064 12.590 16.200 17.621 21.117 23.392 25.282 27.307 28.652
  8.324  5.722  5.428  6.251  7.533 10.961 13.098 16.630 17.942 15.971 12.933  9.713  6.407  3.818  0.000  3.812  6.250  9.990 12.212 14.265 11.836 13.216 12.294 13.514 11.045  8.146 10.525 11.065  7.605  8.323 11.717 10.987  9.269 11.666 14.458 14.857 16.727 15.498 18.881 18.650 15.587 15.999 13.620 15.460 15.249 18.372 20.454 20.038 18.640 16.469 18.128 16.788 18.429 17.463 14.989 12.776 15.734 18.228 17.089 16.821 13.318 12.980 10.614  9.689 10.608 10.555 10.673 12.875 13.025 16.614 17.883 21.049 23.458 25.251 27.302 28.634
  5.522  4.603  6.407  8.850 10.823 14.413 16.765 20.308 21.669 19.592 16.568 13.222 10.090  6.910  3.812  0.000  3.839  7.179 10.096 12.167 10.335 12.721 12.893 14.233 11.204  9.255 12.413 12.397  9.176 11.112 14.090 12.903 11.921 14.837 17.268 17.819 19.215 17.645 21.081 21.390 18.354 18.557 16.018 17.731 17.038 20.015 22.465 21.775 20.466 17.815 19.128 17.608 18.487 17.271 14.241 12.145 14.456 17.461 16.963 16.169 12.992 12.151  9.577  9.859 11.504 12.611 13.048 15.810 16.220 19.807 21.155 24.124 26.601 28.328 30.342 31.612
  5.448  6.231  7.119 10.251 11.742 15.559 17.874 21.474 23.325 21.492 18.753 15.431 12.398  9.740  6.250  3.839  0.000  3.835  6.697  8.402  6.616  9.333 10.178 11.808  8.871  7.593 11.294 11.490  9.215 11.608 14.384 13.814 13.664 16.367 18.255 18.229 18.919 16.687 19.889 20.729 17.652 17.445 14.865 16.597 15.824 18.873 21.303 20.079 18.630 15.553 16.453 14.884 15.244 13.863 10.660  8.934 11.144 14.096 14.120 13.546 10.873 10.735  9.223 10.657 11.489 13.008 12.794 15.779 16.176 19.584 21.065 23.678 26.300 28.003 30.017 31.242
  5.832  8.392  9.591 13.158 14.826 18.621 21.093 24.669 26.702 24.852 22.270 18.861 16.046 13.283  9.990  7.179  3.835  0.000  3.879  5.451  5.427  8.993 10.970 12.894 10.231  9.943 13.738 13.935 12.356 14.969 17.496 17.054 17.301 19.993 21.627 21.387 21.623 18.991 21.917 23.171 20.110 19.479 16.797 18.182 16.970 19.693 22.332 20.815 19.575 16.212 16.751 15.348 14.792 12.961  9.319  7.974  8.951 12.258 13.112 12.105 10.326 10.135  9.415 12.022 12.808 15.063 14.917 18.180 18.861 22.133 23.807 26.167 28.863 30.534 32.509 33.658
  7.592  9.964 10.228 13.777 15.292 18.898 21.526 25.004 27.327 25.537 23.344 19.931 17.596 15.132 12.212 10.096  6.697  3.879  0.000  3.842  5.543  8.307 10.244 12.964 11.299 10.894 14.550 15.533 14.520 16.620 19.289 19.514 19.718 21.947 23.536 22.712 22.715 19.661 22.105 23.398 20.176 18.855 15.934 16.721 15.068 17.416 20.150 18.474 17.609 14.252 14.899 14.223 13.353 10.734  6.916  5.185  5.171  8.697  9.742  8.540  7.552  8.031  8.803 11.928 11.888 14.456 14.153 17.554 18.657 21.746 23.825 26.003 28.813 30.557 32.525 33.626
 10.755 13.125 13.265 16.590 17.510 21.140 23.331 26.759 29.260 27.785 25.580 22.379 19.746 17.592 14.265 12.167  8.402  5.451  3.842  0.000  3.842  6.551  9.646 11.648 10.137 11.035 14.374 14.881 14.676 17.188 19.231 19.550 20.475 22.733 23.735 22.831 22.219 18.979 21.245 23.110 20.266 19.141 16.771 18.027 16.933 19.484 21.778 19.535 18.149 14.481 14.123 12.874 11.169  9.077  5.570  6.248  6.068  8.482 10.709 10.498 10.365 11.596 12.585 15.564 15.250 17.413 16.454 19.473 20.000 22.728 24.424 26.165 28.898 30.452 32.341 33.385
 10.722 12.209 11.888 14.770 15.120 18.766 20.568 23.989 26.473 25.218 22.929 19.963 17.085 15.350 11.836 10.335  6.616  5.427  5.543  3.842  0.000  3.831  6.819  8.297  6.352  7.465 10.735 11.061 11.022 13.599 15.454 15.879 16.995 19.176 19.990 19.123 18.494 15.371 17.875 19.722 17.002 16.343 14.308 16.222 15.825 18.906 20.830 18.557 16.613 12.923 12.460 10.519  9.572  8.390  5.408  6.257  8.131  9.976 11.416 12.012 10.960 12.535 12.994 15.230 14.731 16.167 14.714 17.342 17.299 19.967 21.303 23.050 25.723 27.232 29.152 30.265
 13.688 14.454 13.173 15.376 14.828 18.123 19.451 22.648 25.419 24.574 22.631 20.046 17.402 16.457 13.216 12.721  9.333  8.993  8.307  6.551  3.831  0.000  3.818  5.246  5.135  6.595  8.864  9.857 10.934 12.851 14.347 15.636 17.005 18.538 18.910 17.421 16.298 12.804 14.798 16.875 14.331 13.480 11.935 14.092 14.341 17.564 18.885 16.202 13.796 10.057  8.953  6.737  5.997  5.461  4.131  6.308  8.867  9.242 10.447 12.242 11.487 13.993 15.007 16.801 15.474 16.232 13.968 15.985 15.510 17.649 18.846 20.173 22.840 24.295 26.186 27.283
 14.451 14.237 12.059 13.429 12.138 15.066 16.115 19.173 22.079 21.450 19.790 17.502 15.215 14.984 12.294 12.893 10.178 10.970 10.244  9.646  6.819  3.818  0.000  3.845  5.358  4.977  6.338  8.668  9.864 10.666 12.418 14.424 15.381 16.254 16.727 14.744 13.845 10.270 12.098 13.683 10.833  9.733  8.184 10.634 11.490 14.974 15.889 13.311 10.609  7.096  6.651  4.814  6.388  6.064  5.937  6.777 10.221 10.123  9.979 12.333 11.023 13.889 14.909 15.927 14.006 13.955 11.119 12.593 11.873 13.868 15.186 16.621 19.378 20.976 22.944 24.121
 16.777 16.522 14.630 15.696 13.975 16.717 17.047 19.902 22.725 22.479 20.708 18.837 16.215 16.364 13.514 14.233 11.808 12.894 12.964 11.648  8.297  5.246  3.845  0.000  3.827  5.409  5.058  6.251  8.778  9.866 10.427 12.568 14.361 15.176 14.829 12.942 11.311  7.710  9.720 12.022 10.009 10.089  9.889 13.059 14.658 18.239 18.684 16.001 12.777  9.664  8.145  4.734  6.433  8.107  8.711 10.321 13.533 13.324 13.626 16.064 14.780 17.454 18.082 18.933 17.286 16.884 13.890 14.714 13.049 14.512 14.869 15.830 18.327 19.619 21.503 22.694
 14.178 14.163 13.006 14.527 13.482 16.710 17.422 20.589 23.064 22.426 20.164 17.950 14.835 14.351 11.045 11.204  8.871 10.231 11.299 10.137  6.352  5.135  5.358  3.827  0.000  3.868  5.399  4.950  6.375  8.795  9.676 10.691 12.530 14.245 14.300 13.342 12.359  9.451 12.354 14.320 12.167 12.690 11.871 14.973 16.032 19.677 20.702 18.393 15.525 12.271 11.392  8.280  9.077  9.996  9.120 10.170 13.304 14.133 14.652 16.287 14.565 16.538 16.501 17.479 16.581 16.593 14.237 15.649 14.260 16.407 16.785 18.283 20.728 22.051 23.963 25.175
 12.452 11.574  9.780 10.835  9.633 12.922 13.909 17.246 19.678 18.833 16.592 14.247 11.323 11.046  8.146  9.255  7.593  9.943 10.894 11.035  7.465  6.595  4.977  5.409  3.868  0.000  3.842  5.394  5.117  6.417  8.701 10.004 10.686 12.128 13.047 11.928 11.943  9.271 12.339 13.322 10.451 10.715  9.204 12.190 13.151 16.869 18.039 16.243 13.689 10.809 11.157  8.995 10.802 10.824  9.594  9.231 12.866 13.966 13.501 14.926 12.518 14.335 14.051 14.410 13.339 12.960 10.649 12.121 11.002 13.658 14.507 16.640 19.254 20.872 22.923 24.229
 16.084 14.765 12.565 12.620 10.324 12.790 12.716 15.634 18.184 17.972 16.044 14.495 11.852 12.731 10.525 12.413 11.294 13.738 14.550 14.374 10.735  8.864  6.338  5.058  5.399  3.842  0.000  3.818  5.379  5.007  6.182  8.763  9.848 10.277 10.410  8.637  8.245  5.523  8.734  9.649  7.171  8.402  8.242 11.873 13.880 17.657 18.051 16.185 13.119 10.856 10.848  8.464 11.182 12.165 12.053 12.180 15.902 16.320 15.621 17.642 15.367 17.514 17.352 17.220 15.755 14.538 11.623 11.872  9.631 11.488 11.551 13.359 15.847 17.355 19.416 20.803
 16.690 15.728 14.342 14.738 12.912 15.531 15.321 18.165 20.340 20.120 17.821 16.335 13.166 13.692 11.065 12.397 11.490 13.935 15.533 14.881 11.061  9.857  8.668  6.251  4.950  5.394  3.818  0.000  3.851  5.437  4.903  6.387  8.759 10.041  9.505  8.898  8.161  6.377 10.014 11.463  9.970 11.900 12.043 15.664 17.511 21.290 21.831 19.908 16.788 14.304 13.732 10.661 12.590 14.072 13.684 14.235 17.710 18.470 18.360 20.116 17.874 19.653 19.068 19.146 18.309 17.412 14.909 15.357 13.035 14.802 14.242 15.789 17.900 19.075 20.985 22.315
 14.017 12.680 11.681 12.038 10.803 13.708 14.019 17.162 18.961 18.227 15.510 13.647 10.139 10.231  7.605  9.176  9.215 12.356 14.520 14.676 11.022 10.934  9.864  8.778  6.375  5.117  5.379  3.851  0.000  3.856  5.313  5.117  6.236  8.560  9.393  9.695 10.419  9.309 13.048 13.667 11.592 13.290 12.577 15.846 17.161 20.875 21.904 20.498 17.852 15.428 15.676 13.097 14.965 15.619 14.365 13.992 17.457 18.916 18.494 19.599 16.838 17.952 16.720 16.479 16.215 15.435 13.622 14.512 12.723 15.236 15.121 17.403 19.577 20.962 22.935 24.289
 15.810 13.678 11.826 10.995  8.748 10.888 10.544 13.507 15.345 14.924 12.465 11.186  8.184  9.665  8.323 11.112 11.608 14.969 16.620 17.188 13.599 12.851 10.666  9.866  8.795  6.417  5.007  5.437  3.856  0.000  3.853  5.469  5.090  5.731  7.101  6.757  8.487  7.977 11.488 11.114  8.920 10.976 10.612 13.902 15.718 19.376 19.983 18.947 16.346 14.649 15.419 13.400 16.070 16.696 15.906 15.167 18.895 19.998 18.901 20.269 17.305 18.604 17.474 16.507 15.745 14.091 11.974 11.975  9.680 11.999 11.702 14.306 16.456 18.000 20.071 21.532
 19.007 17.177 15.567 14.816 12.421 14.108 12.982 15.333 17.042 17.208 14.966 14.365 11.518 13.167 11.717 14.090 14.384 17.496 19.289 19.231 15.454 14.347 12.418 10.427  9.676  8.701  6.182  4.903  5.313  3.853  0.000  3.838  5.597  5.624  4.654  4.797  5.779  6.460 10.013 10.040  9.166 12.131 12.847 16.449 18.736 22.424 22.619 21.288 18.281 16.639 16.681 14.143 16.751 18.168 17.880 17.834 21.521 22.324 21.581 23.283 20.592 22.108 21.085 20.292 19.517 17.819 15.452 14.999 12.097 13.493 12.138 13.986 15.682 16.816 18.750 20.201
 18.226 16.543 15.743 15.301 13.683 15.686 14.992 17.481 18.684 18.437 15.710 14.857 11.568 12.560 10.987 12.903 13.814 17.054 19.514 19.550 15.879 15.636 14.424 12.568 10.691 10.004  8.763  6.387  5.117  5.469  3.838  0.000  3.837  6.028  5.795  7.906  9.198 10.045 13.658 13.823 12.886 15.643 15.837 19.273 21.097 24.769 25.395 24.206 21.392 19.454 19.552 16.818 18.934 20.156 19.272 19.057 22.546 23.894 23.389 24.605 21.736 22.703 21.136 20.390 20.329 19.019 17.275 17.352 14.901 16.765 15.603 17.653 19.212 20.237 22.038 23.392
 17.257 14.916 14.005 12.903 11.405 13.037 12.467 14.977 15.785 15.221 12.277 11.506  8.361  9.795  9.269 11.921 13.664 17.301 19.718 20.475 16.995 17.005 15.381 14.361 12.530 10.686  9.848  8.759  6.236  5.090  5.597  3.837  0.000  3.832  6.056  8.277 10.868 11.816 15.306 14.614 13.158 15.648 15.374 18.403 19.992 23.475 24.254 23.614 21.218 19.642 20.459 18.275 20.694 21.363 20.186 19.250 22.790 24.375 23.355 24.255 21.020 21.611 19.699 18.349 18.466 16.859 15.600 15.589 13.490 15.714 14.930 17.604 19.217 20.493 22.358 23.756
 19.892 17.210 15.595 13.734 11.364 11.967 10.372 12.255 13.032 13.119 10.719 11.003  8.816 11.458 11.666 14.837 16.367 19.993 21.947 22.733 19.176 18.538 16.254 15.176 14.245 12.128 10.277 10.041  8.560  5.731  5.624  6.028  3.832  0.000  3.851  5.703  9.162 10.880 13.817 12.329 11.299 14.145 14.492 17.472 19.582 22.945 23.189 22.749 20.320 19.367 20.334 18.488 21.409 22.251 21.592 20.667 24.389 25.536 24.140 25.407 22.201 23.130 21.526 19.800 19.352 17.075 15.435 14.499 11.865 13.409 12.097 14.746 16.107 17.396 19.283 20.765
 22.405 20.098 18.463 16.933 14.304 14.954 12.936 14.395 15.415 16.104 14.122 14.622 12.428 14.881 14.458 17.268 18.255 21.627 23.536 23.735 19.990 18.910 16.727 14.829 14.300 13.047 10.410  9.505  9.393  7.101  4.654  5.795  6.056  3.851  0.000  3.817  6.543  9.244 11.906 10.798 10.888 14.329 15.526 18.880 21.430 24.914 24.779 23.907 21.047 20.050 20.367 18.139 21.020 22.493 22.324 22.034 25.784 26.573 25.497 27.172 24.268 25.591 24.292 22.918 22.232 20.009 17.867 16.691 13.521 14.289 12.135 13.913 14.893 15.779 17.558 19.027
 22.502 20.208 17.979 16.368 13.206 13.633 11.350 12.726 14.440 15.451 13.991 14.483 12.683 15.373 14.857 17.819 18.229 21.387 22.712 22.831 19.123 17.421 14.744 12.942 13.342 11.928  8.637  8.898  9.695  6.757  4.797  7.906  8.277  5.703  3.817  0.000  3.889  6.445  8.618  7.079  7.294 10.890 12.607 15.999 18.916 22.352 21.835 20.808 17.822 17.135 17.427 15.523 18.734 20.270 20.587 20.436 24.242 24.559 23.307 25.366 22.699 24.483 23.708 22.415 21.117 18.683 16.009 14.407 10.890 11.084  8.717 10.299 11.564 12.702 14.737 16.375
 23.679 21.877 19.656 18.589 15.458 16.284 14.218 15.619 17.706 18.825 17.502 17.680 15.661 17.924 16.727 19.215 18.919 21.623 22.715 22.219 18.494 16.298 13.845 11.311 12.359 11.943  8.245  8.161 10.419  8.487  5.779  9.198 10.868  9.162  6.543  3.889  0.000  3.888  5.613  5.570  6.923 10.547 12.883 16.510 19.619 23.123 22.388 20.764 17.380 16.449 15.918 13.627 16.653 18.788 19.644 20.199 23.890 23.789 22.965 25.407 23.188 25.384 25.030 24.246 22.717 20.578 17.508 16.066 12.481 12.203  9.689 10.085 11.319 12.092 14.002 15.586
 21.559 20.114 17.756 17.197 14.216 15.592 14.203 16.135 18.702 19.446 18.080 17.586 15.426 17.191 15.498 17.645 16.687 18.991 19.661 18.979 15.371 12.804 10.270  7.710  9.451  9.271  5.523  6.377  9.309  7.977  6.460 10.045 11.816 10.880  9.244  6.445  3.888  0.000  3.835  5.452  5.351  8.181 10.280 14.017 16.978 20.551 19.969 17.929 14.398 13.030 12.202  9.773 12.839 14.964 16.016 16.827 20.432 20.109 19.451 22.060 20.140 22.623 22.681 22.320 20.544 18.758 15.449 14.461 11.207 11.288  9.744 10.211 12.180 13.246 15.225 16.719
 24.650 23.220 20.564 19.840 16.604 17.453 15.697 17.034 19.787 20.986 20.172 20.037 18.360 20.376 18.881 21.081 19.889 21.917 22.105 21.245 17.875 14.798 12.098  9.720 12.354 12.339  8.734 10.014 13.048 11.488 10.013 13.658 15.306 13.817 11.906  8.618  5.613  3.835  0.000  3.837  5.550  7.894 11.002 14.364 17.715 20.994 19.763 17.530 13.874 13.180 11.962 10.123 13.299 15.737 17.560 18.672 22.115 21.160 20.424 23.454 21.926 24.770 25.258 24.902 22.701 20.719 17.129 15.611 12.268 11.201  9.271  8.351 10.083 10.890 12.763 14.305
 25.084 23.125 20.198 18.793 15.223 15.302 12.990 13.827 16.486 18.013 17.571 17.976 16.865 19.446 18.650 21.390 20.729 23.171 23.398 23.110 19.722 16.875 13.683 12.022 14.320 13.322  9.649 11.463 13.667 11.114 10.040 13.823 14.614 12.329 10.798  7.079  5.570  5.452  3.837  0.000  3.824  6.863 10.259 13.353 16.952 20.066 18.581 16.977 13.645 13.746 13.511 12.409 15.972 17.840 19.383 19.827 23.443 22.649 21.306 24.182 22.293 24.956 25.248 24.337 22.041 19.530 16.026 13.813 10.176  8.470  5.803  5.031  7.021  8.414 10.744 12.593
 21.716 19.701 16.616 15.265 11.743 12.124 10.420 11.986 14.949 15.904 15.263 15.114 14.004 16.367 15.587 18.354 17.652 20.110 20.176 20.266 17.002 14.331 10.833 10.009 12.167 10.451  7.171  9.970 11.592  8.920  9.166 12.886 13.158 11.299 10.888  7.294  6.923  5.351  5.550  3.824  0.000  3.809  6.646  9.960 13.407 16.690 15.613 14.105 10.888 10.752 11.227 10.445 14.192 15.399 16.542 16.527 20.204 19.631 18.023 20.708 18.650 21.248 21.567 20.647 18.271 15.825 12.280 10.312  6.806  6.047  5.004  6.282  9.078 10.956 13.277 14.940
 21.041 19.176 15.782 14.623 11.297 11.679 10.734 12.422 15.712 16.358 16.037 15.459 14.761 16.760 15.999 18.557 17.445 19.479 18.855 19.141 16.343 13.480  9.733 10.089 12.690 10.715  8.402 11.900 13.290 10.976 12.131 15.643 15.648 14.145 14.329 10.890 10.547  8.181  7.894  6.863  3.809  0.000  3.820  6.649 10.252 13.367 12.114 10.383  7.153  7.519  8.663  9.105 12.889 13.442 14.807 14.591 18.058 17.099 15.137 18.017 16.280 19.190 20.066 19.319 16.450 14.127 10.352  8.450  5.866  5.136  6.322  7.517 10.547 12.627 14.840 16.312
 17.885 16.021 12.487 11.551  8.651  9.605  9.917 12.314 15.566 15.445 14.866 13.538 12.890 14.342 13.620 16.018 14.865 16.797 15.934 16.771 14.308 11.935  8.184  9.889 11.871  9.204  8.242 12.043 12.577 10.612 12.847 15.837 15.374 14.492 15.526 12.607 12.883 10.280 11.002 10.259  6.646  3.820  0.000  3.819  6.870 10.363 10.011  8.522  5.948  5.661  8.175  9.109 12.517 12.031 12.649 11.655 15.113 14.544 12.179 14.689 12.683 15.492 16.438 15.729 12.732 10.628  6.811  5.800  4.758  6.247  8.805 10.890 13.859 15.993 18.150 19.510
 18.651 16.755 13.037 11.972  9.598  9.877 10.811 12.795 16.025 15.671 15.649 14.260 14.426 15.687 15.460 17.731 16.597 18.182 16.721 18.027 16.222 14.092 10.634 13.059 14.973 12.190 11.873 15.664 15.846 13.902 16.449 19.273 18.403 17.472 18.880 15.999 16.510 14.017 14.364 13.353  9.960  6.649  3.819  0.000  3.825  6.790  6.261  5.415  4.504  5.828  9.363 11.482 14.464 13.190 13.736 12.172 15.090 14.281 11.191 13.530 11.792 14.618 16.055 15.202 11.689  9.537  6.076  5.039  6.217  7.387 10.819 12.837 15.666 17.872 19.908 21.142
 16.872 15.210 11.626 11.088  9.889 10.599 12.637 14.867 17.793 16.789 16.623 14.610 14.920 15.405 15.249 17.038 15.824 16.970 15.068 16.933 15.825 14.341 11.490 14.658 16.032 13.151 13.880 17.511 17.161 15.718 18.736 21.097 19.992 19.582 21.430 18.916 19.619 16.978 17.715 16.952 13.407 10.252  6.870  3.825  0.000  3.853  5.532  5.490  6.525  7.016 10.821 13.162 15.444 13.273 13.094 10.760 13.095 12.627  9.057 10.671  8.941 11.584 13.419 12.768  9.009  7.638  5.253  6.248  8.922 10.831 14.381 16.600 19.396 21.602 23.584 24.729
 19.141 17.573 14.178 13.571 12.828 12.908 15.034 16.749 19.466 18.380 18.719 16.864 17.756 18.161 18.372 20.015 18.873 19.693 17.416 19.484 18.906 17.564 14.974 18.239 19.677 16.869 17.657 21.290 20.875 19.376 22.424 24.769 23.475 22.945 24.914 22.352 23.123 20.551 20.994 20.066 16.690 13.367 10.363  6.790  3.853  0.000  3.853  5.630  8.466  9.796 13.462 16.298 18.292 15.820 15.719 13.288 14.821 14.099 10.304 11.414 10.402 12.646 14.867 14.151 10.364  9.320  8.179  8.847 11.918 13.326 17.031 19.072 21.690 23.883 25.738 26.763
 22.226 20.490 16.886 15.830 14.249 13.691 14.922 16.010 18.933 18.487 19.293 18.087 19.148 20.197 20.454 22.465 21.303 22.332 20.150 21.778 20.830 18.885 15.889 18.684 20.702 18.039 18.051 21.831 21.904 19.983 22.619 25.395 24.254 23.189 24.779 21.835 22.388 19.969 19.763 18.581 15.613 12.114 10.011  6.261  5.532  3.853  0.000  3.832  6.986  9.688 13.118 16.233 18.615 16.708 17.395 15.575 17.394 16.071 12.481 14.381 13.607 16.188 18.324 17.446 13.641 11.911  9.962  9.170 11.481 11.774 15.368 16.895 19.340 21.482 23.246 24.252
 21.668 20.365 16.846 16.366 14.612 14.810 15.846 17.311 20.502 20.227 20.617 19.214 19.576 20.462 20.038 21.775 20.079 20.815 18.474 19.535 18.557 16.202 13.311 16.001 18.393 16.243 16.185 19.908 20.498 18.947 21.288 24.206 23.614 22.749 23.907 20.808 20.764 17.929 17.530 16.977 14.105 10.383  8.522  5.415  5.490  5.630  3.832  0.000  3.827  6.532  9.632 13.002 15.208 13.458 14.677 13.521 15.378 13.515 10.308 13.016 12.717 15.920 18.344 18.096 14.327 13.029 10.367  9.946 11.438 11.627 14.882 15.956 18.538 20.553 22.333 23.327
 21.117 19.847 16.351 15.940 13.678 14.247 14.766 16.442 19.795 19.813 19.873 18.576 18.386 19.473 18.640 20.466 18.630 19.575 17.609 18.149 16.613 13.796 10.609 12.777 15.525 13.689 13.119 16.788 17.852 16.346 18.281 21.392 21.218 20.320 21.047 17.822 17.380 14.398 13.874 13.645 10.888  7.153  5.948  4.504  6.525  8.466  6.986  3.827  0.000  3.820  6.565  9.689 12.364 11.346 13.035 12.540 14.997 13.101 10.511 13.739 13.159 16.597 18.699 18.569 15.018 13.548 10.171  9.471  9.752  9.710 12.455 13.260 15.970 17.916 19.785 20.858
 18.405 17.594 14.424 14.773 12.913 14.480 15.403 17.722 21.011 20.706 20.129 18.322 17.418 17.950 16.469 17.815 15.553 16.212 14.252 14.481 12.923 10.057  7.096  9.664 12.271 10.809 10.856 14.304 15.428 14.649 16.639 19.454 19.642 19.367 20.050 17.135 16.449 13.030 13.180 13.746 10.752  7.519  5.661  5.828  7.016  9.796  9.688  6.532  3.820  0.000  3.846  6.676  9.062  7.776  9.325  9.185 11.845 10.108  8.099 11.501 10.942 14.543 16.625 17.067 13.858 13.077  9.733 10.181 10.308 11.228 13.620 14.659 17.502 19.351 21.274 22.368
 19.990 19.642 16.843 17.561 15.648 17.478 18.014 20.301 23.609 23.548 22.788 21.068 19.685 20.147 18.128 19.128 16.453 16.751 14.899 14.123 12.460  8.953  6.651  8.145 11.392 11.157 10.848 13.732 15.676 15.419 16.681 19.552 20.459 20.334 20.367 17.427 15.918 12.202 11.962 13.511 11.227  8.663  8.175  9.363 10.821 13.462 13.118  9.632  6.565  3.846  0.000  3.841  5.919  5.865  8.720 10.119 12.506 10.274  9.643 13.291 13.286 16.941 19.020 19.896 17.002 16.477 13.107 13.489 12.851 13.330 14.900 15.219 17.891 19.401 21.187 22.188
 19.181 18.990 16.589 17.522 15.604 17.860 18.188 20.701 23.858 23.817 22.622 20.880 18.899 19.261 16.788 17.608 14.884 15.348 14.223 12.874 10.519  6.737  4.814  4.734  8.280  8.995  8.464 10.661 13.097 13.400 14.143 16.818 18.275 18.488 18.139 15.523 13.627  9.773 10.123 12.409 10.445  9.105  9.109 11.482 13.162 16.298 16.233 13.002  9.689  6.676  3.841  0.000  3.851  5.693  8.186 10.254 12.993 11.478 11.631 14.867 14.436 17.775 19.300 20.280 17.907 17.456 14.124 14.645 13.350 14.096 14.938 15.279 17.860 19.176 20.966 22.025
 19.407 19.958 18.076 19.678 18.324 20.942 21.619 24.290 27.412 27.164 25.783 23.728 21.512 21.312 18.429 18.487 15.244 14.792 13.353 11.169  9.572  5.997  6.388  6.433  9.077 10.802 11.182 12.590 14.965 16.070 16.751 18.934 20.694 21.409 21.020 18.734 16.653 12.839 13.299 15.972 14.192 12.889 12.517 14.464 15.444 18.292 18.615 15.208 12.364  9.062  5.919  3.851  0.000  3.812  6.793 10.008 11.828 10.068 11.464 14.500 14.811 18.079 19.861 21.500 19.402 19.636 16.670 17.773 16.863 17.835 18.748 19.005 21.486 22.663 24.343 25.289
 17.230 17.980 16.108 18.035 17.206 19.949 21.231 24.068 27.174 26.555 25.204 22.796 20.812 20.214 17.463 17.271 13.863 12.961 10.734  9.077  8.390  5.461  6.064  8.107  9.996 10.824 12.165 14.072 15.619 16.696 18.168 20.156 21.363 22.251 22.493 20.270 18.788 14.964 15.737 17.840 15.399 13.442 12.031 13.190 13.273 15.820 16.708 13.458 11.346  7.776  5.865  5.693  3.812  0.000  3.837  6.913  8.299  6.301  7.833 10.785 11.481 14.833 17.020 18.935 16.764 17.482 14.904 16.600 16.513 17.964 19.583 20.336 23.021 24.467 26.250 27.210
 13.643 14.792 13.423 15.928 15.834 19.006 20.814 23.967 26.848 25.797 24.115 21.303 19.127 17.910 14.989 14.241 10.660  9.319  6.916  5.570  5.408  4.131  5.937  8.711  9.120  9.594 12.053 13.684 14.365 15.906 17.880 19.272 20.186 21.592 22.324 20.587 19.644 16.016 17.560 19.383 16.542 14.807 12.649 13.736 13.094 15.719 17.395 14.677 13.035  9.325  8.720  8.186  6.793  3.837  0.000  3.829  5.278  5.155  6.960  8.721  8.985 11.847 13.776 16.063 14.426 15.766 13.834 16.272 16.636 18.808 20.648 22.004 24.781 26.368 28.247 29.273
 10.900 11.740 10.192 12.839 13.285 16.493 18.815 22.070 24.787 23.388 21.706 18.648 16.771 15.293 12.776 12.145  8.934  7.974  5.185  6.248  6.257  6.308  6.777 10.321 10.170  9.231 12.180 14.235 13.992 15.167 17.834 19.057 19.250 20.667 22.034 20.436 20.199 16.827 18.672 19.827 16.527 14.591 11.655 12.172 10.760 13.288 15.575 13.521 12.540  9.185 10.119 10.254 10.008  6.913  3.829  0.000  3.846  5.475  5.457  6.166  5.347  8.166 10.149 12.371 10.708 12.401 11.039 14.025 15.094 17.764 20.068 21.977 24.846 26.655 28.627 29.717
 11.876 13.572 12.686 15.681 16.634 19.767 22.320 25.525 28.210 26.654 25.028 21.823 20.075 18.213 15.734 14.456 11.144  8.951  5.171  6.068  8.131  8.867 10.221 13.533 13.304 12.866 15.902 17.710 17.457 18.895 21.521 22.546 22.790 24.389 25.784 24.242 23.890 20.432 22.115 23.443 20.204 18.058 15.113 15.090 13.095 14.821 17.394 15.378 14.997 11.845 12.506 12.993 11.828  8.299  5.278  3.846  0.000  3.851  5.400  4.613  5.922  8.108 10.773 13.748 12.427 14.833 14.051 17.214 18.646 21.241 23.698 25.490 28.353 30.131 32.042 33.056
 15.466 16.750 15.246 17.719 17.985 20.755 22.940 25.884 28.835 27.629 26.357 23.460 21.924 20.611 18.228 17.461 14.096 12.258  8.697  8.482  9.976  9.242 10.123 13.324 14.133 13.966 16.320 18.470 18.916 19.998 22.324 23.894 24.375 25.536 26.573 24.559 23.789 20.109 21.160 22.649 19.631 17.099 14.544 14.281 12.627 14.099 16.071 13.515 13.101 10.108 10.274 11.478 10.068  6.301  5.155  5.475  3.851  0.000  3.848  5.452  7.829 10.898 13.955 16.511 14.471 16.280 14.824 17.429 18.661 20.681 23.128 24.445 27.262 28.964 30.795 31.736
 15.099 15.597 13.449 15.382 15.518 17.895 20.201 22.991 25.931 24.690 23.704 20.915 19.886 18.885 17.089 16.963 14.120 13.112  9.742 10.709 11.416 10.447  9.979 13.626 14.652 13.501 15.621 18.360 18.494 18.901 21.581 23.389 23.355 24.140 25.497 23.307 22.965 19.451 20.424 21.306 18.023 15.137 12.179 11.191  9.057 10.304 12.481 10.308 10.511  8.099  9.643 11.631 11.464  7.833  6.960  5.457  5.400  3.848  0.000  3.849  5.616  9.221 12.486 14.394 11.744 13.218 11.785 14.322 16.027 18.076 20.911 22.479 25.336 27.216 29.094 30.079
 13.168 14.086 12.575 14.995 16.051 18.597 21.421 24.364 27.021 25.346 24.177 21.047 20.078 18.464 16.821 16.169 13.546 12.105  8.540 10.498 12.012 12.242 12.333 16.064 16.287 14.926 17.642 20.116 19.599 20.269 23.283 24.605 24.255 25.407 27.172 25.366 25.407 22.060 23.454 24.182 20.708 18.017 14.689 13.530 10.671 11.414 14.381 13.016 13.739 11.501 13.291 14.867 14.500 10.785  8.721  6.166  4.613  5.452  3.849  0.000  3.834  6.373  9.995 12.439 10.408 12.860 12.540 15.696 17.909 20.430 23.418 25.374 28.252 30.202 32.117 33.122
 10.393 10.638  8.824 11.218 12.525 15.225 18.243 21.340 23.817 21.975 20.613 17.367 16.388 14.720 13.318 12.992 10.873 10.326  7.552 10.365 10.960 11.487 11.023 14.780 14.565 12.518 15.367 17.874 16.838 17.305 20.592 21.736 21.020 22.201 24.268 22.699 23.188 20.140 21.926 22.293 18.650 16.280 12.683 11.792  8.941 10.402 13.607 12.717 13.159 10.942 13.286 14.436 14.811 11.481  8.985  5.347  5.922  7.829  5.616  3.834  0.000  3.830  6.950  8.952  6.857  9.406  9.412 12.914 15.233 18.173 21.150 23.517 26.404 28.442 30.440 31.536
  8.373  8.858  8.096 10.873 13.230 15.955 19.356 22.518 24.584 22.327 20.741 17.229 16.339 14.019 12.980 12.151 10.735 10.135  8.031 11.596 12.535 13.993 13.889 17.454 16.538 14.335 17.514 19.653 17.952 18.604 22.108 22.703 21.611 23.130 25.591 24.483 25.384 22.623 24.770 24.956 21.248 19.190 15.492 14.618 11.584 12.646 16.188 15.920 16.597 14.543 16.941 17.775 18.079 14.833 11.847  8.166  8.108 10.898  9.221  6.373  3.830  0.000  3.841  6.565  5.963  9.543 10.907 14.661 17.251 20.524 23.498 26.195 29.039 31.116 33.134 34.250
  5.622  5.616  5.996  9.038 12.159 15.042 18.562 21.845 23.498 20.972 18.994 15.303 14.221 11.354 10.614  9.577  9.223  9.415  8.803 12.585 12.994 15.007 14.909 18.082 16.501 14.051 17.352 19.068 16.720 17.474 21.085 21.136 19.699 21.526 24.292 23.708 25.030 22.681 25.258 25.248 21.567 20.066 16.438 16.055 13.419 14.867 18.324 18.344 18.699 16.625 19.020 19.300 19.861 17.020 13.776 10.149 10.773 13.955 12.486  9.995  6.950  3.841  0.000  3.838  5.561  9.122 11.192 14.954 17.358 20.943 23.670 26.682 29.446 31.504 33.540 34.708
  7.626  5.458  4.841  6.427  9.934 12.278 15.955 19.082 20.407 17.682 15.795 12.149 11.709  9.150  9.689  9.859 10.657 12.022 11.928 15.564 15.230 16.801 15.927 18.933 17.479 14.410 17.220 19.146 16.479 16.507 20.292 20.390 18.349 19.800 22.918 22.415 24.246 22.320 24.902 24.337 20.647 19.319 15.729 15.202 12.768 14.151 17.446 18.096 18.569 17.067 19.896 20.280 21.500 18.935 16.063 12.371 13.748 16.511 14.394 12.439  8.952  6.565  3.838  0.000  3.847  6.625  9.582 13.027 15.635 19.284 22.047 25.334 27.994 30.114 32.142 33.348
  9.917  7.877  5.306  6.048  8.438 10.507 14.142 17.162 18.971 16.575 15.193 11.816 11.763 10.224 10.608 11.504 11.489 12.808 11.888 15.250 14.731 15.474 14.006 17.286 16.581 13.339 15.755 18.309 16.215 15.745 19.517 20.329 18.466 19.352 22.232 21.117 22.717 20.544 22.701 22.041 18.271 16.450 12.732 11.689  9.009 10.364 13.641 14.327 15.018 13.858 17.002 17.907 19.402 16.764 14.426 10.708 12.427 14.471 11.744 10.408  6.857  5.963  5.561  3.847  0.000  3.828  6.475 10.037 13.015 16.457 19.534 22.657 25.387 27.575 29.609 30.805
 12.561  9.758  6.359  4.702  5.753  6.941 10.583 13.469 15.311 13.046 12.009  9.010  9.685  9.402 10.555 12.611 13.008 15.063 14.456 17.413 16.167 16.232 13.955 16.884 16.593 12.960 14.538 17.412 15.435 14.091 17.819 19.019 16.859 17.075 20.009 18.683 20.578 18.758 20.719 19.530 15.825 14.127 10.628  9.537  7.638  9.320 11.911 13.029 13.548 13.077 16.477 17.456 19.636 17.482 15.766 12.401 14.833 16.280 13.218 12.860  9.406  9.543  9.122  6.625  3.828  0.000  3.839  6.718  9.885 13.264 16.387 19.666 22.307 24.542 26.579 27.822
 13.851 11.352  7.552  6.084  4.769  6.190  9.028 12.035 14.547 13.009 12.114  9.637  9.760 10.309 10.673 13.048 12.794 14.917 14.153 16.454 14.714 13.968 11.119 13.890 14.237 10.649 11.623 14.909 13.622 11.974 15.452 17.275 15.600 15.435 17.867 16.009 17.508 15.449 17.129 16.026 12.280 10.352  6.811  6.076  5.253  8.179  9.962 10.367 10.171  9.733 13.107 14.124 16.670 14.904 13.834 11.039 14.051 14.824 11.785 12.540  9.412 10.907 11.192  9.582  6.475  3.839  0.000  3.840  6.695 10.028 13.194 16.263 19.026 21.256 23.347 24.634
 17.362 14.623 10.857  8.517  5.706  4.923  6.426  8.878 11.771 10.931 10.767  9.437 10.265 12.064 12.875 15.810 15.779 18.180 17.554 19.473 17.342 15.985 12.593 14.714 15.649 12.121 11.872 15.357 14.512 11.975 14.999 17.352 15.589 14.499 16.691 14.407 16.066 14.461 15.611 13.813 10.312  8.450  5.800  5.039  6.248  8.847  9.170  9.946  9.471 10.181 13.489 14.645 17.773 16.600 16.272 14.025 17.214 17.429 14.322 15.696 12.914 14.661 14.954 13.027 10.037  6.718  3.840  0.000  3.821  6.659 10.053 13.205 15.856 18.165 20.263 21.613
 18.775 16.087 12.511 10.231  6.584  5.937  5.306  7.718 10.895 10.912 10.556  9.967 10.116 12.590 13.025 16.220 16.176 18.861 18.657 20.000 17.299 15.510 11.873 13.049 14.260 11.002  9.631 13.035 12.723  9.680 12.097 14.901 13.490 11.865 13.521 10.890 12.481 11.207 12.268 10.176  6.806  5.866  4.758  6.217  8.922 11.918 11.481 11.438  9.752 10.308 12.851 13.350 16.863 16.513 16.636 15.094 18.646 18.661 16.027 17.909 15.233 17.251 17.358 15.635 13.015  9.885  6.695  3.821  0.000  3.816  6.569  9.894 12.606 14.899 17.102 18.602
 22.447 19.852 16.270 13.986 10.327  9.003  7.096  7.841 11.148 12.198 12.640 12.962 13.416 16.200 16.614 19.807 19.584 22.133 21.746 22.728 19.967 17.649 13.868 14.512 16.407 13.658 11.488 14.802 15.236 11.999 13.493 16.765 15.714 13.409 14.289 11.084 12.203 11.288 11.201  8.470  6.047  5.136  6.247  7.387 10.831 13.326 11.774 11.627  9.710 11.228 13.330 14.096 17.835 17.964 18.808 17.764 21.241 20.681 18.076 20.430 18.173 20.524 20.943 19.284 16.457 13.264 10.028  6.659  3.816  0.000  3.819  6.683  9.400 11.839 14.072 15.666
 24.477 21.897 18.570 16.300 12.511 11.314  8.533  8.685 11.521 13.240 13.544 14.467 14.523 17.621 17.883 21.155 21.065 23.807 23.825 24.424 21.303 18.846 15.186 14.869 16.785 14.507 11.551 14.242 15.121 11.702 12.138 15.603 14.930 12.097 12.135  8.717  9.689  9.744  9.271  5.803  5.004  6.322  8.805 10.819 14.381 17.031 15.368 14.882 12.455 13.620 14.900 14.938 18.748 19.583 20.648 20.068 23.698 23.128 20.911 23.418 21.150 23.498 23.670 22.047 19.534 16.387 13.194 10.053  6.569  3.819  0.000  3.830  6.450  8.845 11.296 13.159
 27.420 25.094 21.780 19.782 16.026 15.001 12.265 12.036 14.678 16.722 17.204 18.214 18.125 21.117 21.049 24.124 23.678 26.167 26.003 26.165 23.050 20.173 16.621 15.830 18.283 16.640 13.359 15.789 17.403 14.306 13.986 17.653 17.604 14.746 13.913 10.299 10.085 10.211  8.351  5.031  6.282  7.517 10.890 12.837 16.600 19.072 16.895 15.956 13.260 14.659 15.219 15.279 19.005 20.336 22.004 21.977 25.490 24.445 22.479 25.374 23.517 26.195 26.682 25.334 22.657 19.666 16.263 13.205  9.894  6.683  3.830  0.000  3.826  6.273  8.881 10.899
 30.085 27.695 24.444 22.314 18.559 17.297 14.279 13.474 15.760 18.152 18.819 20.222 20.244 23.392 23.458 26.601 26.300 28.863 28.813 28.898 25.723 22.840 19.378 18.327 20.728 19.254 15.847 17.900 19.577 16.456 15.682 19.212 19.217 16.107 14.893 11.564 11.319 12.180 10.083  7.021  9.078 10.547 13.859 15.666 19.396 21.690 19.340 18.538 15.970 17.502 17.891 17.860 21.486 23.021 24.781 24.846 28.353 27.262 25.336 28.252 26.404 29.039 29.446 27.994 25.387 22.307 19.026 15.856 12.606  9.400  6.450  3.826  0.000  3.837  6.561  8.835
 31.942 29.628 26.470 24.407 20.692 19.507 16.432 15.501 17.563 20.081 20.734 22.246 22.149 25.282 25.251 28.328 28.003 30.534 30.557 30.452 27.232 24.295 20.976 19.619 22.051 20.872 17.355 19.075 20.962 18.000 16.816 20.237 20.493 17.396 15.779 12.702 12.092 13.246 10.890  8.414 10.956 12.627 15.993 17.872 21.602 23.883 21.482 20.553 17.916 19.351 19.401 19.176 22.663 24.467 26.368 26.655 30.131 28.964 27.216 30.202 28.442 31.116 31.504 30.114 27.575 24.542 21.256 18.165 14.899 11.839  8.845  6.273  3.837  0.000  3.841  6.694
 33.958 31.672 28.548 26.479 22.816 21.568 18.503 17.351 19.162 21.771 22.573 24.208 24.175 27.307 27.302 30.342 30.017 32.509 32.525 32.341 29.152 26.186 22.944 21.503 23.963 22.923 19.416 20.985 22.935 20.071 18.750 22.038 22.358 19.283 17.558 14.737 14.002 15.225 12.763 10.744 13.277 14.840 18.150 19.908 23.584 25.738 23.246 22.333 19.785 21.274 21.187 20.966 24.343 26.250 28.247 28.627 32.042 30.795 29.094 32.117 30.440 33.134 33.540 32.142 29.609 26.579 23.347 20.263 17.102 14.072 11.296  8.881  6.561  3.841  0.000  3.806
