  0.000  3.832  6.774 10.358 13.272 16.747 19.752 23.313 24.786 22.476 19.813 16.138 13.875 10.366  8.339  5.541  5.457  5.878  7.628 10.806 10.751 13.743 14.518 16.811 14.177 12.421 16.041 16.613 13.908 15.759 18.940 18.072 17.199 19.924 22.360 22.503 23.561 21.483 24.627 25.076 21.710 21.138 17.937 18.681 16.901 19.147 22.221 21.745 21.228 18.526 20.098 19.237 19.399 17.276 13.680 10.932 11.890 15.488 15.149 13.234 10.440  8.346  5.657  7.681  9.965 12.611 13.916 17.400 18.765 22.450 24.456 27.433 30.063 31.760 33.509 34.826
  3.832  0.000  3.827  6.869 10.065 13.343 16.413 19.928 21.203 18.796 16.106 12.404 10.354  6.827  5.725  4.619  6.223  8.400  9.970 13.138 12.201 14.477 14.273 16.533 14.147 11.538 14.707 15.641 12.569 13.624 17.109 16.389 14.843 17.249 20.072 20.230 21.786 20.054 23.211 23.132 19.703 19.262 16.066 16.777 15.240 17.582 20.490 20.436 19.940 17.698 19.739 19.016 19.921 18.000 14.793 11.742 13.563 16.752 15.629 14.121 10.658  8.828  5.627  5.510  7.919  9.813 11.409 14.652 16.068 19.840 21.890 25.113 27.693 29.495 31.315 32.669
  6.774  3.827  0.000  3.818  6.723 10.069 13.257 16.783 18.409 16.166 13.817 10.158  8.512  6.007  5.442  6.420  7.135  9.619 10.258 13.292 11.901 13.221 12.119 14.676 13.033  9.789 12.550 14.310 11.625 11.824 15.561 15.658 13.958 15.660 18.490 18.054 19.624 17.747 20.608 20.249 16.658 15.895 12.562 13.073 11.662 14.179 16.888 16.928 16.459 14.550 16.972 16.639 18.075 16.157 13.446 10.214 12.699 15.271 13.496 12.602  8.835  8.055  5.977  4.811  5.302  6.381  7.611 10.892 12.516 16.283 18.594 21.826 24.486 26.377 28.214 29.580
 10.358  6.869  3.818  0.000  3.823  6.558  9.915 13.345 14.764 12.423 10.174  6.534  5.764  4.709  6.256  8.864 10.256 13.169 13.790 16.589 14.749 15.382 13.438 15.700 14.526 10.831 12.580 14.690 11.987 10.987 14.804 15.222 12.838 13.799 16.979 16.456 18.580 17.196 19.884 18.846 15.303 14.702 11.599 11.982 11.116 13.568 15.827 16.425 16.004 14.855 17.655 17.523 19.637 18.046 15.912 12.829 15.673 17.720 15.401 14.992 11.203 10.847  9.028  6.408  6.035  4.721  6.109  8.524 10.213 13.964 16.329 19.818 22.371 24.368 26.261 27.652
 13.272 10.065  6.723  3.823  0.000  3.826  6.607 10.222 12.142 10.447  8.487  5.695  5.061  6.368  7.533 10.822 11.745 14.826 15.300 17.493 15.087 14.818 12.126 13.967 13.480  9.644 10.290 12.881 10.785  8.769 12.439 13.650 11.355 11.429 14.373 13.314 15.475 14.233 16.659 15.284 11.784 11.360  8.678  9.581  9.890 12.801 14.238 14.653 13.717 12.973 15.736 15.588 18.272 17.206 15.805 13.270 16.624 17.983 15.527 16.037 12.497 13.201 12.156  9.914  8.414  5.733  4.756  5.679  6.545 10.283 12.535 16.058 18.614 20.662 22.627 24.107
 16.747 13.343 10.069  6.558  3.826  0.000  3.833  7.020  8.846  7.137  6.101  4.649  6.360  8.886 10.945 14.401 15.544 18.604 18.891 21.103 18.711 18.087 15.024 16.685 16.690 12.921 12.747 15.493 13.690 10.906 14.129 15.660 12.968 12.023 15.049 13.768 16.344 15.630 17.527 15.390 12.185 11.716  9.626  9.862 10.614 12.899 13.701 14.847 14.260 14.510 17.541 17.812 20.871 19.927 18.955 16.459 19.743 20.739 17.891 18.564 15.186 15.932 15.028 12.247 10.478  6.917  6.154  4.886  5.907  8.951 11.389 15.051 17.404 19.555 21.505 22.941
 19.752 16.413 13.257  9.915  6.607  3.833  0.000  3.846  6.181  6.032  5.630  6.391  7.808 11.189 13.019 16.688 17.808 21.026 21.483 23.252 20.466 19.371 16.030 16.967 17.352 13.869 12.635 15.239 13.963 10.510 12.956 14.932 12.337 10.350 12.993 11.452 14.275 14.232 15.767 13.079 10.472 10.749  9.911 10.798 12.650 15.038 14.968 15.896 14.772 15.413 18.067 18.111 21.518 21.183 20.733 18.757 22.276 22.914 20.191 21.382 18.190 19.317 18.529 15.906 14.102 10.548  8.976  6.380  5.243  7.016  8.620 12.326 14.393 16.543 18.577 20.123
 23.313 19.928 16.783 13.345 10.222  7.020  3.846  0.000  3.856  5.634  6.910  9.066 11.057 14.565 16.588 20.272 21.426 24.616 24.964 26.667 23.867 22.519 19.027 19.759 20.484 17.179 15.510 18.057 17.111 13.470 15.292 17.440 14.875 12.231 14.455 12.789 15.651 16.111 17.025 13.818 11.942 12.288 12.208 12.697 14.832 16.712 15.994 17.271 16.328 17.631 20.247 20.528 24.110 23.949 23.840 21.986 25.463 25.819 22.944 24.305 21.283 22.503 21.847 19.074 17.145 13.449 11.959  8.777  7.580  7.600  8.657 11.941 13.448 15.534 17.455 18.938
 24.786 21.203 18.409 14.764 12.142  8.846  6.181  3.856  0.000  3.840  6.027  9.258 11.709 15.303 17.839 21.578 23.240 26.621 27.283 29.161 26.335 25.288 21.941 22.559 22.917 19.580 18.018 20.153 18.823 15.207 16.873 18.499 15.533 12.850 15.316 14.373 17.646 18.627 19.739 16.450 14.895 15.623 15.512 16.014 17.853 19.555 19.040 20.567 19.768 20.984 23.605 23.708 27.244 27.086 26.738 24.722 28.172 28.809 25.937 27.011 23.799 24.602 23.512 20.424 18.994 15.355 14.529 11.739 10.796 10.977 11.508 14.615 15.732 17.645 19.427 20.780
 22.476 18.796 16.166 12.423 10.447  7.137  6.032  5.634  3.840  0.000  3.810  6.738  9.809 13.071 15.998 19.634 21.535 24.890 25.585 27.798 25.207 24.576 21.437 22.465 22.438 18.873 17.956 20.108 18.255 14.950 17.224 18.430 15.152 13.162 16.212 15.583 18.927 19.520 21.074 18.104 15.972 16.363 15.463 15.675 16.848 18.431 18.534 20.281 19.817 20.742 23.625 23.785 27.112 26.563 25.785 23.401 26.682 27.661 24.735 25.370 21.997 22.377 21.024 17.727 16.615 13.108 13.020 10.905 10.870 12.077 13.312 16.734 18.228 20.219 22.015 23.321
 19.813 16.106 13.817 10.174  8.487  6.101  5.630  6.910  6.027  3.810  0.000  3.834  6.570  9.926 12.953 16.607 18.791 22.301 23.380 25.587 22.917 22.633 19.778 20.697 20.177 16.629 16.022 17.800 15.532 12.481 14.968 15.690 12.213 10.781 14.228 14.118 17.584 18.147 20.250 17.658 15.320 16.051 14.871 15.630 16.649 18.721 19.303 20.647 19.872 20.165 22.870 22.599 25.729 25.208 24.097 21.706 25.038 26.370 23.728 24.181 20.609 20.755 19.019 15.816 15.207 12.033 12.101 10.719 10.486 12.507 13.590 17.229 18.892 20.849 22.757 24.164
 16.138 12.404 10.158  6.534  5.695  4.649  6.391  9.066  9.258  6.738  3.834  0.000  3.822  6.552  9.766 13.288 15.491 18.912 19.979 22.411 19.981 20.084 17.531 18.872 18.001 14.313 14.507 16.348 13.690 11.239 14.406 14.859 11.484 11.118 14.753 14.643 17.774 17.676 20.145 18.089 15.200 15.526 13.579 14.257 14.639 16.858 18.086 19.258 18.611 18.394 21.181 20.899 23.709 22.829 21.311 18.665 21.841 23.483 20.947 21.053 17.366 17.230 15.316 12.148 11.815  9.021  9.637  9.409  9.931 12.883 14.532 18.271 20.321 22.328 24.268 25.688
 13.875 10.354  8.512  5.764  5.061  6.360  7.808 11.057 11.709  9.809  6.570  3.822  0.000  3.841  6.462 10.153 12.467 16.102 17.650 19.788 17.114 17.452 15.256 16.253 14.888 11.388 11.848 13.160 10.169  8.200 11.516 11.532  8.319  8.895 12.497 12.779 15.691 15.480 18.428 16.933 14.048 14.822 12.907 14.404 14.924 17.731 19.132 19.614 18.424 17.496 19.809 18.934 21.495 20.853 19.147 16.795 20.098 21.955 19.920 20.098 16.389 16.328 14.240 11.715 11.761  9.686  9.756 10.220 10.039 13.308 14.516 18.144 20.274 22.162 24.154 25.664
 10.366  6.827  6.007  4.709  6.368  8.886 11.189 14.565 15.303 13.071  9.926  6.552  3.841  0.000  3.818  6.945  9.757 13.296 15.136 17.586 15.322 16.446 14.966 16.333 14.322 11.013 12.639 13.589 10.141  9.577 13.071 12.414  9.692 11.478 14.859 15.381 17.845 17.140 20.354 19.433 16.335 16.775 14.312 15.629 15.375 18.112 20.146 20.466 19.478 17.983 20.207 19.237 21.228 20.193 17.873 15.261 18.185 20.587 18.874 18.453 14.688 13.976 11.356  9.162 10.211  9.397 10.282 12.003 12.482 16.078 17.562 21.084 23.366 25.207 27.145 28.602
  8.339  5.725  5.442  6.256  7.533 10.945 13.019 16.588 17.839 15.998 12.953  9.766  6.462  3.818  0.000  3.814  6.273 10.001 12.224 14.271 11.828 13.238 12.319 13.518 11.039  8.131 10.462 10.975  7.505  8.248 11.634 10.841  9.195 11.689 14.419 14.855 16.629 15.446 18.865 18.643 15.569 16.061 13.623 15.436 15.234 18.335 20.426 20.074 18.691 16.546 18.228 16.814 18.379 17.474 14.981 12.769 15.722 18.228 17.102 16.836 13.302 12.926 10.619  9.706 10.611 10.568 10.688 12.856 12.957 16.544 17.829 21.041 23.424 25.140 27.051 28.536
  5.541  4.619  6.420  8.864 10.822 14.401 16.688 20.272 21.578 19.634 16.607 13.288 10.153  6.945  3.814  0.000  3.825  7.169 10.085 12.154 10.300 12.710 12.892 14.198 11.144  9.178 12.307 12.253  9.015 11.002 13.958 12.703 11.841 14.833 17.174 17.759 19.042 17.523 21.000 21.326 18.290 18.593 15.996 17.692 17.006 19.966 22.415 21.790 20.501 17.867 19.186 17.602 18.398 17.247 14.207 12.114 14.418 17.432 16.954 16.182 12.976 12.093  9.600  9.911 11.525 12.636 13.066 15.792 16.144 19.731 21.067 24.080 26.510 28.127 29.959 31.390
  5.457  6.223  7.135 10.256 11.745 15.544 17.808 21.426 23.240 21.535 18.791 15.491 12.467  9.757  6.273  3.825  0.000  3.822  6.676  8.396  6.609  9.355 10.212 11.817  8.855  7.543 11.235 11.410  9.116 11.560 14.325 13.700 13.651 16.398 18.203 18.201 18.769 16.581 19.828 20.681 17.604 17.506 14.856 16.560 15.770 18.795 21.233 20.085 18.678 15.618 16.524 14.914 15.189 13.860 10.644  8.906 11.098 14.064 14.101 13.546 10.836 10.631  9.216 10.667 11.479 13.004 12.810 15.769 16.125 19.547 20.987 23.652 26.211 27.763 29.521 30.923
  5.878  8.400  9.619 13.169 14.826 18.604 21.026 24.616 26.621 24.890 22.301 18.912 16.102 13.296 10.001  7.169  3.822  0.000  3.878  5.461  5.419  9.003 10.996 12.882 10.180  9.862 13.661 13.831 12.231 14.903 17.415 16.916 17.266 19.996 21.537 21.324 21.428 18.839 21.813 23.085 20.033 19.527 16.786 18.154 16.925 19.628 22.266 20.826 19.632 16.277 16.801 15.367 14.734 12.956  9.316  7.967  8.924 12.239 13.110 12.144 10.328 10.066  9.450 12.061 12.824 15.071 14.946 18.179 18.815 22.108 23.711 26.118 28.740 30.218 31.871 33.194
  7.628  9.970 10.258 13.790 15.300 18.891 21.483 24.964 27.283 25.585 23.380 19.979 17.650 15.136 12.224 10.085  6.676  3.878  0.000  3.840  5.541  8.328 10.289 12.976 11.273 10.833 14.504 15.472 14.428 16.592 19.258 19.420 19.698 21.971 23.485 22.691 22.561 19.537 22.036 23.341 20.129 18.929 15.957 16.720 15.035 17.358 20.092 18.501 17.693 14.338 14.955 14.255 13.330 10.751  6.934  5.200  5.151  8.688  9.753  8.591  7.564  7.959  8.831 11.952 11.899 14.461 14.196 17.578 18.649 21.770 23.765 25.983 28.727 30.244 31.820 33.067
 10.806 13.138 13.292 16.589 17.493 21.103 23.252 26.667 29.161 27.798 25.587 22.411 19.788 17.586 14.271 12.154  8.396  5.461  3.840  0.000  3.838  6.539  9.654 11.627 10.086 10.952 14.306 14.810 14.584 17.142 19.184 19.465 20.460 22.727 23.647 22.755 22.008 18.798 21.109 22.987 20.158 19.162 16.733 17.968 16.836 19.365 21.663 19.496 18.171 14.504 14.119 12.871 11.103  9.046  5.555  6.229  6.028  8.437 10.669 10.519 10.340 11.513 12.612 15.581 15.238 17.387 16.455 19.453 19.948 22.709 24.297 26.085 28.731 30.045 31.524 32.755
 10.751 12.201 11.901 14.749 15.087 18.711 20.466 23.867 26.335 25.207 22.917 19.981 17.114 15.322 11.828 10.300  6.609  5.419  5.541  3.838  0.000  3.841  6.831  8.284  6.309  7.379 10.664 10.994 10.937 13.547 15.407 15.804 16.982 19.159 19.898 19.037 18.281 15.192 17.742 19.597 16.885 16.356 14.245 16.137 15.706 18.765 20.707 18.509 16.622 12.941 12.482 10.535  9.512  8.374  5.396  6.229  8.096  9.947 11.375 12.015 10.909 12.430 12.997 15.221 14.692 16.114 14.690 17.295 17.220 19.919 21.155 22.964 25.543 26.844 28.400 29.727
 13.743 14.477 13.221 15.382 14.818 18.087 19.371 22.519 25.288 24.576 22.633 20.084 17.452 16.446 13.238 12.710  9.355  9.003  8.328  6.539  3.841  0.000  3.832  5.239  5.129  6.561  8.834  9.850 10.916 12.853 14.360 15.636 17.031 18.544 18.855 17.358 16.109 12.635 14.667 16.749 14.215 13.490 11.869 14.003 14.211 17.413 18.758 16.140 13.791 10.058  8.965  6.746  5.915  5.429  4.111  6.301  8.854  9.223 10.404 12.243 11.443 13.915 15.032 16.806 15.449 16.188 13.952 15.948 15.452 17.622 18.698 20.086 22.656 23.887 25.386 26.715
 14.518 14.273 12.119 13.438 12.126 15.024 16.030 19.027 21.941 21.437 19.778 17.531 15.256 14.966 12.319 12.892 10.212 10.996 10.289  9.654  6.831  3.832  0.000  3.846  5.385  4.984  6.320  8.691  9.878 10.694 12.463 14.456 15.407 16.263 16.700 14.708 13.695 10.125 11.996 13.568 10.718  9.736  8.103 10.530 11.353 14.823 15.765 13.248 10.593  7.096  6.696  4.808  6.331  6.066  5.938  6.792 10.240 10.138  9.963 12.344 10.989 13.834 14.941 15.931 13.981 13.904 11.092 12.545 11.810 13.832 15.035 16.529 19.212 20.615 22.221 23.632
 16.811 16.533 14.676 15.700 13.967 16.685 16.967 19.759 22.559 22.465 20.697 18.872 16.253 16.333 13.518 14.198 11.817 12.882 12.976 11.627  8.284  5.239  3.846  0.000  3.849  5.424  5.059  6.290  8.808  9.886 10.469 12.620 14.398 15.165 14.776 12.864 11.122  7.536  9.591 11.889  9.885 10.101  9.811 12.974 14.544 18.108 18.590 15.959 12.774  9.676  8.221  4.782  6.375  8.113  8.704 10.323 13.534 13.336 13.612 16.073 14.742 17.380 18.096 18.928 17.258 16.839 13.869 14.672 12.985 14.470 14.696 15.738 18.129 19.261 20.838 22.329
 14.177 14.147 13.033 14.526 13.480 16.690 17.352 20.484 22.917 22.438 20.177 18.001 14.888 14.322 11.039 11.144  8.855 10.180 11.273 10.086  6.309  5.129  5.385  3.849  0.000  3.859  5.384  4.940  6.369  8.791  9.678 10.697 12.571 14.251 14.238 13.271 12.171  9.311 12.261 14.233 12.084 12.737 11.818 14.906 15.934 19.560 20.621 18.372 15.549 12.309 11.478  8.341  9.015  9.989  9.092 10.144 13.266 14.113 14.622 16.279 14.508 16.433 16.488 17.463 16.547 16.555 14.225 15.619 14.201 16.369 16.649 18.234 20.571 21.750 23.405 24.902
 12.421 11.538  9.789 10.831  9.644 12.921 13.869 17.179 19.580 18.873 16.629 14.313 11.388 11.013  8.131  9.178  7.543  9.862 10.833 10.952  7.379  6.561  4.984  5.424  3.859  0.000  3.848  5.401  5.122  6.461  8.754 10.025 10.734 12.189 13.063 11.955 11.857  9.220 12.338 13.322 10.441 10.810  9.186 12.140 13.065 16.761 17.975 16.243 13.732 10.865 11.259  9.036 10.734 10.801  9.530  9.169 12.797 13.922 13.458 14.884 12.434 14.209 14.006 14.368 13.285 12.916 10.640 12.107 10.971 13.652 14.447 16.657 19.196 20.690 22.505 24.053
 16.041 14.707 12.550 12.580 10.290 12.747 12.635 15.510 18.018 17.956 16.022 14.507 11.848 12.639 10.462 12.307 11.235 13.661 14.504 14.306 10.664  8.834  6.320  5.059  5.384  3.848  0.000  3.841  5.396  5.027  6.246  8.809  9.857 10.275 10.402  8.631  8.162  5.495  8.758  9.643  7.141  8.478  8.186 11.804 13.785 17.548 17.995 16.185 13.147 10.900 10.974  8.516 11.138 12.165 12.011 12.138 15.861 16.308 15.598 17.614 15.290 17.398 17.301 17.156 15.684 14.465 11.576 11.819  9.559 11.444 11.444 13.357 15.761 17.198 19.091 20.774
 16.613 15.641 14.310 14.690 12.881 15.493 15.239 18.057 20.153 20.108 17.800 16.348 13.160 13.589 10.975 12.253 11.410 13.831 15.472 14.810 10.994  9.850  8.691  6.290  4.940  5.401  3.841  0.000  3.844  5.403  4.906  6.405  8.769 10.012  9.434  8.830  8.032  6.357 10.029 11.456  9.948 11.987 12.007 15.616 17.434 21.198 21.793 19.928 16.840 14.371 13.881 10.763 12.572 14.093 13.659 14.200 17.666 18.464 18.346 20.099 17.801 19.522 19.002 19.076 18.240 17.349 14.876 15.314 12.967 14.755 14.132 15.800 17.802 18.929 20.730 22.384
 13.908 12.569 11.625 11.987 10.785 13.690 13.963 17.111 18.823 18.255 15.532 13.690 10.169 10.141  7.505  9.015  9.116 12.231 14.428 14.584 10.937 10.916  9.878  8.808  6.369  5.122  5.396  3.844  0.000  3.854  5.341  5.132  6.303  8.627  9.411  9.728 10.376  9.338 13.099 13.719 11.621 13.396 12.560 15.802 17.087 20.779 21.858 20.515 17.902 15.493 15.806 13.168 14.918 15.611 14.311 13.925 17.373 18.870 18.452 19.548 16.740 17.792 16.621 16.389 16.130 15.373 13.591 14.479 12.669 15.199 15.075 17.457 19.551 20.895 22.781 24.402
 15.759 13.624 11.824 10.987  8.769 10.906 10.510 13.470 15.207 14.950 12.481 11.239  8.200  9.577  8.248 11.002 11.560 14.903 16.592 17.142 13.547 12.853 10.694  9.886  8.791  6.461  5.027  5.403  3.854  0.000  3.849  5.433  5.046  5.750  7.107  6.810  8.481  8.047 11.575 11.203  8.995 11.111 10.643 13.913 15.717 19.355 20.012 19.030 16.439 14.756 15.588 13.472 16.045 16.727 15.893 15.158 18.879 20.016 18.928 20.280 17.274 18.527 17.441 16.470 15.719 14.080 11.989 11.982  9.659 11.979 11.690 14.387 16.467 18.000 20.031 21.747
 18.940 17.109 15.561 14.804 12.439 14.129 12.956 15.292 16.873 17.224 14.968 14.406 11.516 13.071 11.634 13.958 14.325 17.415 19.258 19.184 15.407 14.360 12.463 10.469  9.678  8.754  6.246  4.906  5.341  3.849  0.000  3.840  5.557  5.568  4.588  4.797  5.803  6.610 10.145 10.160  9.262 12.282 12.884 16.475 18.745 22.420 22.674 21.390 18.392 16.761 16.882 14.258 16.757 18.222 17.885 17.839 21.516 22.362 21.624 23.308 20.567 22.029 21.049 20.252 19.493 17.811 15.471 15.014 12.089 13.487 12.121 14.093 15.689 16.865 18.835 20.602
 18.072 16.389 15.658 15.222 13.650 15.660 14.932 17.440 18.499 18.430 15.690 14.859 11.532 12.414 10.841 12.703 13.700 16.916 19.420 19.465 15.804 15.636 14.456 12.620 10.697 10.025  8.809  6.405  5.132  5.433  3.840  0.000  3.846  6.043  5.812  7.956  9.263 10.191 13.794 13.954 12.973 15.773 15.840 19.255 21.051 24.705 25.392 24.261 21.469 19.545 19.726 16.929 18.929 20.183 19.242 19.007 22.477 23.874 23.372 24.565 21.644 22.539 21.014 20.273 20.232 18.949 17.240 17.319 14.852 16.729 15.593 17.768 19.241 20.324 22.193 23.839
 17.199 14.843 13.958 12.838 11.355 12.968 12.337 14.875 15.533 15.152 12.213 11.484  8.319  9.692  9.195 11.841 13.651 17.266 19.698 20.460 16.982 17.031 15.407 14.398 12.571 10.734  9.857  8.769  6.303  5.046  5.557  3.846  0.000  3.835  6.072  8.295 10.890 11.901 15.372 14.669 13.178 15.698 15.331 18.337 19.929 23.390 24.204 23.625 21.238 19.696 20.592 18.338 20.672 21.387 20.176 19.228 22.760 24.370 23.346 24.234 20.957 21.500 19.634 18.273 18.389 16.789 15.541 15.502 13.369 15.573 14.848 17.618 19.177 20.521 22.480 24.114
 19.924 17.249 15.660 13.799 11.429 12.023 10.350 12.231 12.850 13.162 10.781 11.118  8.895 11.478 11.689 14.833 16.398 19.996 21.971 22.727 19.159 18.544 16.263 15.165 14.251 12.189 10.275 10.012  8.627  5.750  5.568  6.043  3.835  0.000  3.855  5.703  9.169 10.939 13.849 12.366 11.326 14.191 14.485 17.465 19.599 22.951 23.225 22.812 20.360 19.432 20.458 18.508 21.355 22.266 21.587 20.684 24.404 25.566 24.180 25.445 22.213 23.122 21.567 19.843 19.389 17.120 15.466 14.497 11.812 13.295 12.035 14.754 16.061 17.445 19.486 21.200
 22.360 20.072 18.490 16.979 14.373 15.049 12.993 14.455 15.316 16.212 14.228 14.753 12.497 14.859 14.419 17.174 18.203 21.537 23.485 23.647 19.898 18.855 16.700 14.776 14.238 13.063 10.402  9.434  9.411  7.107  4.588  5.812  6.072  3.855  0.000  3.825  6.586  9.329 11.966 10.893 10.959 14.416 15.535 18.899 21.452 24.933 24.852 23.994 21.110 20.114 20.488 18.148 20.931 22.472 22.270 22.006 25.746 26.565 25.509 27.177 24.243 25.535 24.285 22.925 22.247 20.050 17.907 16.730 13.530 14.265 12.147 14.017 14.918 15.945 17.918 19.685
 22.503 20.230 18.054 16.456 13.314 13.768 11.452 12.789 14.373 15.583 14.118 14.643 12.779 15.381 14.855 17.759 18.201 21.324 22.691 22.755 19.037 17.358 14.708 12.864 13.271 11.955  8.631  8.830  9.728  6.810  4.797  7.956  8.295  5.703  3.825  0.000  3.897  6.508  8.653  7.155  7.370 10.978 12.636 16.046 18.968 22.406 21.945 20.918 17.896 17.205 17.545 15.507 18.637 20.250 20.543 20.432 24.236 24.576 23.347 25.402 22.709 24.473 23.748 22.466 21.173 18.760 16.084 14.486 10.944 11.101  8.730 10.392 11.575 12.825 14.990 16.940
 23.561 21.786 19.624 18.580 15.475 16.344 14.275 15.651 17.646 18.927 17.584 17.774 15.691 17.845 16.629 19.042 18.769 21.428 22.561 22.008 18.281 16.109 13.695 11.122 12.171 11.857  8.162  8.032 10.376  8.481  5.803  9.263 10.890  9.169  6.586  3.897  0.000  3.895  5.629  5.660  6.947 10.587 12.826 16.475 19.563 23.074 22.417 20.788 17.379 16.420 15.943 13.527 16.455 18.655 19.478 20.073 23.757 23.686 22.885 25.321 23.074 25.245 24.952 24.186 22.662 20.552 17.488 16.075 12.487 12.228  9.686 10.211 11.342 12.212 14.199 16.167
 21.483 20.054 17.747 17.196 14.233 15.630 14.232 16.111 18.627 19.520 18.147 17.676 15.480 17.140 15.446 17.523 16.581 18.839 19.537 18.798 15.192 12.635 10.125  7.536  9.311  9.220  5.495  6.357  9.338  8.047  6.610 10.191 11.901 10.939  9.329  6.508  3.895  0.000  3.842  5.487  5.344  8.219 10.203 13.950 16.884 20.456 19.940 17.909 14.370 12.982 12.216  9.677 12.653 14.835 15.862 16.710 20.310 20.008 19.360 21.970 20.023 22.487 22.618 22.267 20.483 18.715 15.420 14.451 11.203 11.310  9.693 10.276 12.137 13.192 15.072 16.942
 24.627 23.211 20.608 19.884 16.659 17.527 15.767 17.025 19.739 21.074 20.250 20.145 18.428 20.354 18.865 21.000 19.828 21.813 22.036 21.109 17.742 14.667 11.996  9.591 12.261 12.338  8.758 10.029 13.099 11.575 10.145 13.794 15.372 13.849 11.966  8.653  5.629  3.842  0.000  3.840  5.567  7.942 10.977 14.357 17.681 20.958 19.801 17.563 13.885 13.164 11.995 10.036 13.147 15.645 17.453 18.613 22.054 21.119 20.392 23.423 21.870 24.703 25.254 24.900 22.696 20.726 17.150 15.653 12.324 11.286  9.236  8.418  9.999 10.764 12.503 14.455
 25.076 23.132 20.249 18.846 15.284 15.390 13.079 13.818 16.450 18.104 17.658 18.089 16.933 19.433 18.643 21.326 20.681 23.085 23.341 22.987 19.597 16.749 13.568 11.889 14.233 13.322  9.643 11.456 13.719 11.203 10.160 13.954 14.669 12.366 10.893  7.155  5.660  5.487  3.840  0.000  3.834  6.843 10.212 13.330 16.921 20.032 18.617 16.993 13.615 13.702 13.514 12.285 15.811 17.741 19.274 19.768 23.386 22.604 21.270 24.145 22.241 24.905 25.254 24.345 22.043 19.544 16.040 13.847 10.224  8.521  5.763  5.083  6.939  8.377 10.648 12.871
 21.710 19.703 16.658 15.303 11.784 12.185 10.472 11.942 14.895 15.972 15.320 15.200 14.048 16.335 15.569 18.290 17.604 20.033 20.129 20.158 16.885 14.215 10.718  9.885 12.084 10.441  7.141  9.948 11.621  8.995  9.262 12.973 13.178 11.326 10.959  7.370  6.947  5.344  5.567  3.834  0.000  3.819  6.591  9.929 13.369 16.648 15.635 14.124 10.871 10.722 11.251 10.328 14.049 15.316 16.442 16.470 20.156 19.596 17.995 20.676 18.599 21.198 21.569 20.644 18.264 15.824 12.284 10.334  6.845  6.093  4.951  6.317  9.047 10.897 13.089 15.060
 21.138 19.262 15.895 14.702 11.360 11.716 10.749 12.288 15.623 16.363 16.051 15.526 14.822 16.775 16.061 18.593 17.506 19.527 18.929 19.162 16.356 13.490  9.736 10.101 12.737 10.810  8.478 11.987 13.396 11.111 12.282 15.773 15.698 14.191 14.416 10.978 10.587  8.219  7.942  6.843  3.819  0.000  3.828  6.626 10.233 13.320 12.107 10.400  7.156  7.555  8.764  9.079 12.875 13.475 14.826 14.647 18.125 17.171 15.197 18.065 16.312 19.229 20.149 19.371 16.490 14.146 10.385  8.470  5.915  5.166  6.217  7.436 10.441 12.393 14.344 16.054
 17.937 16.066 12.562 11.599  8.678  9.626  9.911 12.208 15.512 15.463 14.871 13.579 12.907 14.312 13.623 15.996 14.856 16.786 15.957 16.733 14.245 11.869  8.103  9.811 11.818  9.186  8.186 12.007 12.560 10.643 12.884 15.840 15.331 14.485 15.535 12.636 12.826 10.203 10.977 10.212  6.591  3.828  0.000  3.823  6.873 10.352 10.044  8.590  5.999  5.702  8.232  9.010 12.436 12.011 12.609 11.662 15.142 14.582 12.225 14.722 12.697 15.515 16.494 15.760 12.762 10.640  6.843  5.841  4.792  6.292  8.744 10.844 13.817 15.796 17.648 19.166
 18.681 16.777 13.073 11.982  9.581  9.862 10.798 12.697 16.014 15.675 15.630 14.257 14.404 15.629 15.436 17.692 16.560 18.154 16.720 17.968 16.137 14.003 10.530 12.974 14.906 12.140 11.804 15.616 15.802 13.913 16.475 19.255 18.337 17.465 18.899 16.046 16.475 13.950 14.357 13.330  9.929  6.626  3.823  0.000  3.825  6.782  6.305  5.499  4.534  5.815  9.362 11.356 14.379 13.147 13.670 12.148 15.099 14.295 11.215 13.529 11.782 14.635 16.085 15.200 11.687  9.512  6.064  5.064  6.253  7.456 10.807 12.806 15.678 17.707 19.384 20.682
 16.901 15.240 11.662 11.116  9.890 10.614 12.650 14.832 17.853 16.848 16.649 14.639 14.924 15.375 15.234 17.006 15.770 16.925 15.035 16.836 15.706 14.211 11.353 14.544 15.934 13.065 13.785 17.434 17.087 15.717 18.745 21.051 19.929 19.599 21.452 18.968 19.563 16.884 17.681 16.921 13.369 10.233  6.873  3.825  0.000  3.847  5.543  5.521  6.513  6.951 10.743 12.992 15.307 13.166 12.972 10.683 13.056 12.573  9.019 10.620  8.905 11.603 13.450 12.781  9.026  7.644  5.273  6.311  8.965 10.903 14.390 16.576 19.416 21.407 22.995 24.162
 19.147 17.582 14.179 13.568 12.801 12.899 15.038 16.712 19.555 18.431 18.721 16.858 17.731 18.112 18.335 19.966 18.795 19.628 17.358 19.365 18.765 17.413 14.823 18.108 19.560 16.761 17.548 21.198 20.779 19.355 22.420 24.705 23.390 22.951 24.933 22.406 23.074 20.456 20.958 20.032 16.648 13.320 10.352  6.782  3.847  0.000  3.850  5.615  8.416  9.695 13.344 16.106 18.142 15.689 15.574 13.186 14.757 14.013 10.229 11.320 10.345 12.662 14.873 14.138 10.358  9.303  8.160  8.881 11.948 13.393 17.050 19.038 21.734 23.705 25.138 26.133
 22.221 20.490 16.888 15.827 14.238 13.701 14.968 15.994 19.040 18.534 19.303 18.086 19.132 20.146 20.426 22.415 21.233 22.266 20.092 21.663 20.707 18.758 15.765 18.590 20.621 17.975 17.995 21.793 21.858 20.012 22.674 25.392 24.204 23.225 24.852 21.945 22.417 19.940 19.801 18.617 15.635 12.107 10.044  6.305  5.543  3.850  0.000  3.821  6.952  9.608 13.035 16.075 18.503 16.605 17.270 15.490 17.333 15.998 12.416 14.278 13.537 16.171 18.305 17.407 13.608 11.874  9.944  9.226 11.570 11.919 15.458 16.931 19.466 21.383 22.715 23.654
 21.745 20.436 16.928 16.425 14.653 14.847 15.896 17.271 20.567 20.281 20.647 19.258 19.614 20.466 20.074 21.790 20.085 20.826 18.501 19.496 18.509 16.140 13.248 15.959 18.372 16.243 16.185 19.928 20.515 19.030 21.390 24.261 23.625 22.812 23.994 20.918 20.788 17.909 17.563 16.993 14.124 10.400  8.590  5.499  5.521  5.615  3.821  0.000  3.826  6.485  9.573 12.885 15.154 13.417 14.630 13.525 15.407 13.527 10.327 13.010 12.736 15.975 18.410 18.130 14.361 13.042 10.411 10.031 11.551 11.785 14.931 15.961 18.589 20.350 21.642 22.615
 21.228 19.940 16.459 16.004 13.717 14.260 14.772 16.328 19.768 19.817 19.872 18.611 18.424 19.478 18.691 20.501 18.678 19.632 17.693 18.171 16.622 13.791 10.593 12.774 15.549 13.732 13.147 16.840 17.902 16.439 18.392 21.469 21.238 20.360 21.110 17.896 17.379 14.370 13.885 13.615 10.871  7.156  5.999  4.534  6.513  8.416  6.952  3.826  0.000  3.826  6.580  9.620 12.368 11.379 13.059 12.610 15.091 13.192 10.596 13.800 13.217 16.670 18.795 18.622 15.064 13.556 10.208  9.515  9.825  9.815 12.421 13.201 15.925 17.629 19.020 20.163
 18.526 17.698 14.550 14.855 12.973 14.510 15.413 17.631 20.984 20.742 20.165 18.394 17.496 17.983 16.546 17.867 15.618 16.277 14.338 14.504 12.941 10.058  7.096  9.676 12.309 10.865 10.900 14.371 15.493 14.756 16.761 19.545 19.696 19.432 20.114 17.205 16.420 12.982 13.164 13.702 10.722  7.555  5.702  5.815  6.951  9.695  9.608  6.485  3.826  0.000  3.838  6.605  9.045  7.789  9.342  9.254 11.925 10.173  8.152 11.550 10.985 14.593 16.724 17.130 13.907 13.094  9.784 10.228 10.371 11.318 13.569 14.606 17.420 19.016 20.464 21.682
 20.098 19.739 16.972 17.655 15.736 17.541 18.067 20.247 23.605 23.625 22.870 21.181 19.809 20.207 18.228 19.186 16.524 16.801 14.955 14.119 12.482  8.965  6.696  8.221 11.478 11.259 10.974 13.881 15.806 15.588 16.882 19.726 20.592 20.458 20.488 17.545 15.943 12.216 11.995 13.514 11.251  8.764  8.232  9.362 10.743 13.344 13.035  9.573  6.580  3.838  0.000  3.837  5.926  5.854  8.721 10.160 12.536 10.283  9.625 13.287 13.283 16.939 19.094 19.948 17.033 16.492 13.164 13.556 12.951 13.469 14.881 15.218 17.818 19.060 20.336 21.518
 19.237 19.016 16.639 17.523 15.588 17.812 18.111 20.528 23.708 23.785 22.599 20.899 18.934 19.237 16.814 17.602 14.914 15.367 14.255 12.871 10.535  6.746  4.808  4.782  8.341  9.036  8.516 10.763 13.168 13.472 14.258 16.929 18.338 18.508 18.148 15.507 13.527  9.677 10.036 12.285 10.328  9.079  9.010 11.356 12.992 16.106 16.075 12.885  9.620  6.605  3.837  0.000  3.852  5.695  8.186 10.259 13.005 11.487 11.587 14.848 14.381 17.707 19.316 20.264 17.861 17.382 14.076 14.585 13.299 14.076 14.770 15.168 17.652 18.747 20.111 21.436
 19.399 19.921 18.075 19.637 18.272 20.871 21.518 24.110 27.244 27.112 25.729 23.709 21.495 21.228 18.379 18.398 15.189 14.734 13.330 11.103  9.512  5.915  6.331  6.375  9.015 10.734 11.138 12.572 14.918 16.045 16.757 18.929 20.672 21.355 20.931 18.637 16.455 12.653 13.147 15.811 14.049 12.875 12.436 14.379 15.307 18.142 18.503 15.154 12.368  9.045  5.926  3.852  0.000  3.812  6.768  9.987 11.825 10.089 11.438 14.499 14.752 17.988 19.844 21.455 19.342 19.553 16.622 17.719 16.804 17.826 18.572 18.894 21.268 22.188 23.394 24.583
 17.276 18.000 16.157 18.046 17.206 19.927 21.183 23.949 27.086 26.563 25.208 22.829 20.853 20.193 17.474 17.247 13.860 12.956 10.751  9.046  8.374  5.429  6.066  8.113  9.989 10.801 12.165 14.093 15.611 16.727 18.222 20.183 21.387 22.266 22.472 20.250 18.655 14.835 15.645 17.741 15.316 13.475 12.011 13.147 13.166 15.689 16.605 13.417 11.379  7.789  5.854  5.695  3.812  0.000  3.835  6.929  8.319  6.323  7.811 10.797 11.454 14.781 17.047 18.935 16.746 17.443 14.906 16.599 16.511 18.010 19.478 20.275 22.875 24.042 25.315 26.459
 13.680 14.793 13.446 15.912 15.805 18.955 20.733 23.840 26.738 25.785 24.097 21.311 19.147 17.873 14.981 14.207 10.644  9.316  6.934  5.555  5.396  4.111  5.938  8.704  9.092  9.530 12.011 13.659 14.311 15.893 17.885 19.242 20.176 21.587 22.270 20.543 19.478 15.862 17.453 19.274 16.442 14.826 12.609 13.670 12.972 15.574 17.270 14.630 13.059  9.342  8.721  8.186  6.768  3.835  0.000  3.824  5.284  5.156  6.921  8.729  8.940 11.766 13.787 16.048 14.387 15.708 13.816 16.243 16.595 18.812 20.527 21.930 24.633 25.960 27.377 28.580
 10.932 11.742 10.214 12.829 13.270 16.459 18.757 21.986 24.722 23.401 21.706 18.665 16.795 15.261 12.769 12.114  8.906  7.967  5.200  6.229  6.229  6.301  6.792 10.323 10.144  9.169 12.138 14.200 13.925 15.158 17.839 19.007 19.228 20.684 22.006 20.432 20.073 16.710 18.613 19.768 16.470 14.647 11.662 12.148 10.683 13.186 15.490 13.525 12.610  9.254 10.160 10.259  9.987  6.929  3.824  0.000  3.854  5.484  5.458  6.187  5.312  8.086 10.160 12.357 10.681 12.362 11.049 14.027 15.080 17.792 20.000 21.943 24.766 26.329 27.868 29.097
 11.890 13.563 12.699 15.673 16.624 19.743 22.276 25.463 28.172 26.682 25.038 21.841 20.098 18.185 15.722 14.418 11.098  8.924  5.151  6.028  8.096  8.854 10.240 13.534 13.266 12.797 15.861 17.666 17.373 18.879 21.516 22.477 22.760 24.404 25.746 24.236 23.757 20.310 22.054 23.386 20.156 18.125 15.142 15.099 13.056 14.757 17.333 15.407 15.091 11.925 12.536 13.005 11.825  8.319  5.284  3.854  0.000  3.858  5.421  4.671  5.922  8.045 10.783 13.740 12.415 14.812 14.080 17.240 18.654 21.297 23.647 25.466 28.279 29.786 31.221 32.349
 15.488 16.752 15.271 17.720 17.983 20.739 22.914 25.819 28.809 27.661 26.370 23.483 21.955 20.587 18.228 17.432 14.064 12.239  8.688  8.437  9.947  9.223 10.138 13.336 14.113 13.922 16.308 18.464 18.870 20.016 22.362 23.874 24.370 25.566 26.565 24.576 23.686 20.008 21.119 22.604 19.596 17.171 14.582 14.295 12.573 14.013 15.998 13.527 13.192 10.173 10.283 11.487 10.089  6.323  5.156  5.484  3.858  0.000  3.837  5.460  7.810 10.844 13.964 16.498 14.451 16.251 14.850 17.462 18.692 20.769 23.090 24.433 27.200 28.603 29.901 30.944
 15.149 15.629 13.496 15.401 15.527 17.891 20.191 22.944 25.937 24.735 23.728 20.947 19.920 18.874 17.102 16.954 14.101 13.110  9.753 10.669 11.375 10.404  9.963 13.612 14.622 13.458 15.598 18.346 18.452 18.928 21.624 23.372 23.346 24.180 25.509 23.347 22.885 19.360 20.392 21.270 17.995 15.197 12.225 11.215  9.019 10.229 12.416 10.327 10.596  8.152  9.625 11.587 11.438  7.811  6.921  5.458  5.421  3.837  0.000  3.854  5.617  9.215 12.523 14.403 11.749 13.206 11.822 14.369 16.071 18.170 20.892 22.468 25.305 26.892 28.258 29.311
 13.234 14.121 12.602 14.992 16.037 18.564 21.382 24.305 27.011 25.370 24.181 21.053 20.098 18.453 16.836 16.182 13.546 12.144  8.591 10.519 12.015 12.243 12.344 16.073 16.279 14.884 17.614 20.099 19.548 20.280 23.308 24.565 24.234 25.445 27.177 25.402 25.321 21.970 23.423 24.145 20.676 18.065 14.722 13.529 10.620 11.320 14.278 13.010 13.800 11.550 13.287 14.848 14.499 10.797  8.729  6.187  4.671  5.460  3.854  0.000  3.842  6.372 10.032 12.437 10.392 12.826 12.556 15.712 17.922 20.486 23.390 25.351 28.220 29.892 31.317 32.373
 10.440 10.658  8.835 11.203 12.497 15.186 18.190 21.283 23.799 21.997 20.609 17.366 16.389 14.688 13.302 12.976 10.836 10.328  7.564 10.340 10.909 11.443 10.989 14.742 14.508 12.434 15.290 17.801 16.740 17.274 20.567 21.644 20.957 22.213 24.243 22.709 23.074 20.023 21.870 22.241 18.599 16.312 12.697 11.782  8.905 10.345 13.537 12.736 13.217 10.985 13.283 14.381 14.752 11.454  8.940  5.312  5.922  7.810  5.617  3.842  0.000  3.830  6.989  8.952  6.848  9.380  9.423 12.924 15.221 18.199 21.109 23.482 26.366 28.157 29.729 30.890
  8.346  8.828  8.055 10.847 13.201 15.932 19.317 22.503 24.602 22.377 20.755 17.230 16.328 13.976 12.926 12.093 10.631 10.066  7.959 11.513 12.430 13.915 13.834 17.380 16.433 14.209 17.398 19.522 17.792 18.527 22.029 22.539 21.500 23.122 25.535 24.473 25.245 22.487 24.703 24.905 21.198 19.229 15.515 14.635 11.603 12.662 16.171 15.975 16.670 14.593 16.939 17.707 17.988 14.781 11.766  8.086  8.045 10.844  9.215  6.372  3.830  0.000  3.836  6.567  5.987  9.558 10.940 14.694 17.241 20.547 23.473 26.172 29.020 30.862 32.485 33.652
  5.657  5.627  5.977  9.028 12.156 15.028 18.529 21.847 23.512 21.024 19.019 15.316 14.240 11.356 10.619  9.600  9.216  9.450  8.831 12.612 12.997 15.032 14.941 18.096 16.488 14.006 17.301 19.002 16.621 17.441 21.049 21.014 19.634 21.567 24.285 23.748 24.952 22.618 25.254 25.254 21.569 20.149 16.494 16.085 13.450 14.873 18.305 18.410 18.795 16.724 19.094 19.316 19.844 17.047 13.787 10.160 10.783 13.964 12.523 10.032  6.989  3.836  0.000  3.844  5.582  9.145 11.240 14.987 17.357 20.963 23.676 26.697 29.463 31.331 33.042 34.273
  7.681  5.510  4.811  6.408  9.914 12.247 15.906 19.074 20.424 17.727 15.816 12.148 11.715  9.162  9.706  9.911 10.667 12.061 11.952 15.581 15.221 16.806 15.931 18.928 17.463 14.368 17.156 19.076 16.389 16.470 20.252 20.273 18.273 19.843 22.925 22.466 24.186 22.267 24.900 24.345 20.644 19.371 15.760 15.200 12.781 14.138 17.407 18.130 18.622 17.130 19.948 20.264 21.455 18.935 16.048 12.357 13.740 16.498 14.403 12.437  8.952  6.567  3.844  0.000  3.844  6.636  9.598 13.027 15.608 19.264 22.049 25.334 28.014 29.982 31.748 32.996
  9.965  7.919  5.302  6.035  8.414 10.478 14.102 17.145 18.994 16.615 15.207 11.815 11.761 10.211 10.611 11.525 11.479 12.824 11.899 15.238 14.692 15.449 13.981 17.258 16.547 13.285 15.684 18.240 16.130 15.719 19.493 20.232 18.389 19.389 22.247 21.173 22.662 20.483 22.696 22.043 18.264 16.490 12.762 11.687  9.026 10.358 13.608 14.361 15.064 13.907 17.033 17.861 19.342 16.746 14.387 10.681 12.415 14.451 11.749 10.392  6.848  5.987  5.582  3.844  0.000  3.829  6.489 10.047 13.002 16.455 19.541 22.652 25.413 27.426 29.161 30.390
 12.611  9.813  6.381  4.721  5.733  6.917 10.548 13.449 15.355 13.108 12.033  9.021  9.686  9.397 10.568 12.636 13.004 15.071 14.461 17.387 16.114 16.188 13.904 16.839 16.555 12.916 14.465 17.349 15.373 14.080 17.811 18.949 16.789 17.120 20.050 18.760 20.552 18.715 20.726 19.544 15.824 14.146 10.640  9.512  7.644  9.303 11.874 13.042 13.556 13.094 16.492 17.382 19.553 17.443 15.708 12.362 14.812 16.251 13.206 12.826  9.380  9.558  9.145  6.636  3.829  0.000  3.821  6.707  9.863 13.242 16.405 19.661 22.349 24.444 26.229 27.498
 13.916 11.409  7.611  6.109  4.756  6.154  8.976 11.959 14.529 13.020 12.101  9.637  9.756 10.282 10.688 13.066 12.810 14.946 14.196 16.455 14.690 13.952 11.092 13.869 14.225 10.640 11.576 14.876 13.591 11.989 15.471 17.240 15.541 15.466 17.907 16.084 17.488 15.420 17.150 16.040 12.284 10.385  6.843  6.064  5.273  8.160  9.944 10.411 10.208  9.784 13.164 14.076 16.622 14.906 13.816 11.049 14.080 14.850 11.822 12.556  9.423 10.940 11.240  9.598  6.489  3.821  0.000  3.830  6.680 10.017 13.193 16.251 19.045 21.133 22.950 24.295
 17.400 14.652 10.892  8.524  5.679  4.886  6.380  8.777 11.739 10.905 10.719  9.409 10.220 12.003 12.856 15.792 15.769 18.179 17.578 19.453 17.295 15.948 12.545 14.672 15.619 12.107 11.819 15.314 14.479 11.982 15.014 17.319 15.502 14.497 16.730 14.486 16.075 14.451 15.653 13.847 10.334  8.470  5.841  5.064  6.311  8.881  9.226 10.031  9.515 10.228 13.556 14.585 17.719 16.599 16.243 14.027 17.240 17.462 14.369 15.712 12.924 14.694 14.987 13.027 10.047  6.707  3.830  0.000  3.820  6.649 10.081 13.207 15.918 18.118 19.993 21.391
 18.765 16.068 12.516 10.213  6.545  5.907  5.243  7.580 10.796 10.870 10.486  9.931 10.039 12.482 12.957 16.144 16.125 18.815 18.649 19.948 17.220 15.452 11.810 12.985 14.201 10.971  9.559 12.967 12.669  9.659 12.089 14.852 13.369 11.812 13.530 10.944 12.487 11.203 12.324 10.224  6.845  5.915  4.792  6.253  8.965 11.948 11.570 11.551  9.825 10.371 12.951 13.299 16.804 16.511 16.595 15.080 18.654 18.692 16.071 17.922 15.221 17.241 17.357 15.608 13.002  9.863  6.680  3.820  0.000  3.823  6.601  9.930 12.683 14.909 16.972 18.592
 22.450 19.840 16.283 13.964 10.283  8.951  7.016  7.600 10.977 12.077 12.507 12.883 13.308 16.078 16.544 19.731 19.547 22.108 21.770 22.709 19.919 17.622 13.832 14.470 16.369 13.652 11.444 14.755 15.199 11.979 13.487 16.729 15.573 13.295 14.265 11.101 12.228 11.310 11.286  8.521  6.093  5.166  6.292  7.456 10.903 13.393 11.919 11.785  9.815 11.318 13.469 14.076 17.826 18.010 18.812 17.792 21.297 20.769 18.170 20.486 18.199 20.547 20.963 19.264 16.455 13.242 10.017  6.649  3.823  0.000  3.822  6.711  9.477 11.858 13.986 15.703
 24.456 21.890 18.594 16.329 12.535 11.389  8.620  8.657 11.508 13.312 13.590 14.532 14.516 17.562 17.829 21.067 20.987 23.711 23.765 24.297 21.155 18.698 15.035 14.696 16.649 14.447 11.444 14.132 15.075 11.690 12.121 15.593 14.848 12.035 12.147  8.730  9.686  9.693  9.236  5.763  4.951  6.217  8.744 10.807 14.390 17.050 15.458 14.931 12.421 13.569 14.881 14.770 18.572 19.478 20.527 20.000 23.647 23.090 20.892 23.390 21.109 23.473 23.676 22.049 19.541 16.405 13.193 10.081  6.601  3.822  0.000  3.824  6.489  8.918 11.367 13.419
 27.433 25.113 21.826 19.818 16.058 15.051 12.326 11.941 14.615 16.734 17.229 18.271 18.144 21.084 21.041 24.080 23.652 26.118 25.983 26.085 22.964 20.086 16.529 15.738 18.234 16.657 13.357 15.800 17.457 14.387 14.093 17.768 17.618 14.754 14.017 10.392 10.211 10.276  8.418  5.083  6.317  7.436 10.844 12.806 16.576 19.038 16.931 15.961 13.201 14.606 15.218 15.168 18.894 20.275 21.930 21.943 25.466 24.433 22.468 25.351 23.482 26.172 26.697 25.334 22.652 19.661 16.251 13.207  9.930  6.711  3.824  0.000  3.833  6.302  8.842 11.106
 30.063 27.693 24.486 22.371 18.614 17.404 14.393 13.448 15.732 18.228 18.892 20.321 20.274 23.366 23.424 26.510 26.211 28.740 28.727 28.731 25.543 22.656 19.212 18.129 20.571 19.196 15.761 17.802 19.551 16.467 15.689 19.241 19.177 16.061 14.918 11.575 11.342 12.137  9.999  6.939  9.047 10.441 13.817 15.678 19.416 21.734 19.466 18.589 15.925 17.420 17.818 17.652 21.268 22.875 24.633 24.766 28.279 27.200 25.305 28.220 26.366 29.020 29.463 28.014 25.413 22.349 19.045 15.918 12.683  9.477  6.489  3.833  0.000  3.833  6.628  9.165
 31.760 29.495 26.377 24.368 20.662 19.555 16.543 15.534 17.645 20.219 20.849 22.328 22.162 25.207 25.140 28.127 27.763 30.218 30.244 30.045 26.844 23.887 20.615 19.261 21.750 20.690 17.198 18.929 20.895 18.000 16.865 20.324 20.521 17.445 15.945 12.825 12.212 13.192 10.764  8.377 10.897 12.393 15.796 17.707 21.407 23.705 21.383 20.350 17.629 19.016 19.060 18.747 22.188 24.042 25.960 26.329 29.786 28.603 26.892 29.892 28.157 30.862 31.331 29.982 27.426 24.444 21.133 18.118 14.909 11.858  8.918  6.302  3.833  0.000  3.845  6.766
 33.509 31.315 28.214 26.261 22.627 21.505 18.577 17.455 19.427 22.015 22.757 24.268 24.154 27.145 27.051 29.959 29.521 31.871 31.820 31.524 28.400 25.386 22.221 20.838 23.405 22.505 19.091 20.730 22.781 20.031 18.835 22.193 22.480 19.486 17.918 14.990 14.199 15.072 12.503 10.648 13.089 14.344 17.648 19.384 22.995 25.138 22.715 21.642 19.020 20.464 20.336 20.111 23.394 25.315 27.377 27.868 31.221 29.901 28.258 31.317 29.729 32.485 33.042 31.748 29.161 26.229 22.950 19.993 16.972 13.986 11.367  8.842  6.628  3.845  0.000  3.811
