  0.000  3.832  6.775 10.358 13.269 16.744 19.750 23.310 24.783 22.476 19.813 16.137 13.874 10.363  8.337  5.541  5.456  5.876  7.626 10.804 10.748 13.739 14.515 16.809 14.174 12.420 16.038 16.612 13.908 15.759 18.939 18.072 17.197 19.921 22.356 22.499 23.560 21.484 24.628 25.074 21.708 21.132 17.931 18.676 16.901 19.151 22.222 21.742 21.223 18.523 20.092 19.232 19.391 17.270 13.674 10.926 11.886 15.484 15.144 13.230 10.438  8.346  5.657  7.684  9.966 12.613 13.914 17.397 18.763 22.448 24.456 27.431 30.065 31.761 33.512 34.836
  3.832  0.000  3.827  6.869 10.061 13.339 16.410 19.924 21.199 18.795 16.105 12.403 10.352  6.823  5.724  4.620  6.223  8.399  9.969 13.136 12.198 14.474 14.271 16.531 14.144 11.536 14.705 15.640 12.570 13.623 17.108 16.390 14.842 17.246 20.068 20.226 21.785 20.055 23.212 23.130 19.701 19.256 16.059 16.772 15.239 17.583 20.488 20.432 19.934 17.695 19.733 19.012 19.914 17.994 14.788 11.737 13.560 16.748 15.624 14.117 10.656  8.827  5.626  5.511  7.919  9.814 11.406 14.648 16.065 19.837 21.889 25.111 27.695 29.497 31.319 32.680
  6.775  3.827  0.000  3.818  6.720 10.065 13.255 16.780 18.405 16.164 13.815 10.157  8.512  6.004  5.443  6.424  7.139  9.620 10.259 13.292 11.901 13.221 12.119 14.678 13.033  9.790 12.550 14.312 11.629 11.825 15.562 15.660 13.958 15.659 18.487 18.050 19.624 17.750 20.611 20.248 16.657 15.891 12.556 13.068 11.661 14.178 16.886 16.924 16.454 14.548 16.968 16.638 18.071 16.154 13.443 10.211 12.699 15.269 13.492 12.601  8.834  8.055  5.977  4.812  5.301  6.382  7.608 10.888 12.513 16.281 18.595 21.826 24.489 26.379 28.218 29.592
 10.358  6.869  3.818  0.000  3.822  6.555  9.914 13.344 14.761 12.420 10.172  6.534  5.767  4.709  6.259  8.868 10.260 13.171 13.792 16.591 14.752 15.384 13.441 15.706 14.529 10.834 12.584 14.695 11.994 10.992 14.809 15.227 12.842 13.800 16.979 16.455 18.583 17.202 19.891 18.850 15.305 14.702 11.597 11.980 11.116 13.564 15.823 16.422 16.003 14.856 17.654 17.525 19.636 18.044 15.912 12.830 15.675 17.720 15.401 14.992 11.204 10.847  9.027  6.407  6.034  4.723  6.108  8.523 10.214 13.965 16.333 19.821 22.377 24.374 26.268 27.665
 13.269 10.061  6.720  3.822  0.000  3.826  6.606 10.221 12.139 10.445  8.486  5.694  5.062  6.365  7.531 10.822 11.745 14.825 15.300 17.493 15.087 14.820 12.128 13.972 13.480  9.645 10.293 12.884 10.788  8.771 12.441 13.652 11.355 11.428 14.371 13.311 15.476 14.239 16.665 15.287 11.787 11.360  8.677  9.580  9.892 12.798 14.235 14.654 13.718 12.976 15.736 15.590 18.272 17.204 15.804 13.270 16.626 17.984 15.527 16.039 12.499 13.202 12.156  9.913  8.415  5.737  4.759  5.680  6.547 10.286 12.539 16.062 18.620 20.668 22.635 24.121
 16.744 13.339 10.065  6.555  3.826  0.000  3.835  7.022  8.845  7.136  6.098  4.650  6.363  8.885 10.944 14.400 15.544 18.602 18.889 21.102 18.710 18.088 15.024 16.690 16.691 12.921 12.750 15.496 13.693 10.909 14.131 15.663 12.971 12.024 15.048 13.766 16.345 15.635 17.533 15.394 12.188 11.717  9.625  9.860 10.613 12.888 13.692 14.844 14.259 14.511 17.540 17.814 20.870 19.924 18.953 16.458 19.744 20.739 17.890 18.564 15.186 15.931 15.026 12.244 10.476  6.917  6.153  4.885  5.910  8.955 11.393 15.056 17.410 19.563 21.514 22.957
 19.750 16.410 13.255  9.914  6.606  3.835  0.000  3.846  6.180  6.032  5.631  6.392  7.810 11.190 13.018 16.687 17.807 21.023 21.481 23.249 20.464 19.369 16.028 16.969 17.350 13.866 12.635 15.238 13.963 10.510 12.955 14.933 12.338 10.349 12.989 11.447 14.272 14.233 15.769 13.079 10.471 10.748  9.908 10.794 12.648 15.026 14.956 15.892 14.770 15.412 18.063 18.110 21.515 21.178 20.729 18.756 22.276 22.913 20.189 21.382 18.190 19.316 18.528 15.904 14.102 10.549  8.976  6.379  5.243  7.017  8.622 12.328 14.396 16.547 18.582 20.134
 23.310 19.924 16.780 13.344 10.221  7.022  3.846  0.000  3.855  5.635  6.909  9.067 11.057 14.564 16.585 20.270 21.424 24.613 24.961 26.664 23.865 22.518 19.025 19.761 20.482 17.176 15.510 18.054 17.109 13.466 15.287 17.437 14.873 12.227 14.449 12.780 15.645 16.110 17.025 13.818 11.941 12.289 12.208 12.696 14.832 16.701 15.983 17.271 16.329 17.632 20.245 20.528 24.108 23.945 23.837 21.986 25.463 25.819 22.944 24.306 21.284 22.503 21.845 19.073 17.145 13.450 11.959  8.779  7.582  7.604  8.658 11.945 13.449 15.537 17.460 18.950
 24.783 21.199 18.405 14.761 12.139  8.845  6.180  3.855  0.000  3.840  6.026  9.258 11.710 15.303 17.838 21.577 23.238 26.619 27.280 29.158 26.333 25.288 21.940 22.563 22.916 19.578 18.020 20.155 18.825 15.207 16.874 18.501 15.536 12.850 15.316 14.370 17.645 18.629 19.742 16.453 14.896 15.624 15.511 16.011 17.849 19.539 19.024 20.563 19.767 20.983 23.602 23.709 27.242 27.082 26.734 24.720 28.171 28.807 25.935 27.010 23.797 24.599 23.509 20.419 18.991 15.353 14.526 11.737 10.797 10.980 11.511 14.619 15.735 17.652 19.437 20.796
 22.476 18.795 16.164 12.420 10.445  7.136  6.032  5.635  3.840  0.000  3.809  6.740  9.814 13.074 16.000 19.636 21.536 24.890 25.584 27.797 25.207 24.577 21.437 22.470 22.439 18.874 17.960 20.112 18.260 14.955 17.228 18.437 15.159 13.167 16.216 15.583 18.929 19.525 21.078 18.106 15.973 16.362 15.460 15.669 16.842 18.413 18.516 20.273 19.813 20.740 23.622 23.785 27.110 26.558 25.781 23.400 26.682 27.658 24.732 25.368 21.995 22.374 21.021 17.724 16.612 13.104 13.015 10.901 10.869 12.078 13.314 16.737 18.231 20.226 22.023 23.334
 19.813 16.105 13.815 10.172  8.486  6.098  5.631  6.909  6.026  3.809  0.000  3.833  6.574  9.930 12.956 16.610 18.793 22.302 23.380 25.588 22.918 22.635 19.779 20.703 20.181 16.630 16.027 17.807 15.539 12.488 14.975 15.698 12.221 10.787 14.232 14.120 17.588 18.153 20.256 17.662 15.323 16.052 14.869 15.626 16.645 18.706 19.288 20.642 19.869 20.165 22.868 22.601 25.729 25.205 24.095 21.706 25.038 26.369 23.726 24.180 20.608 20.753 19.017 15.813 15.204 12.030 12.098 10.716 10.487 12.508 13.593 17.234 18.898 20.858 22.768 24.179
 16.137 12.403 10.157  6.534  5.694  4.650  6.392  9.067  9.258  6.740  3.833  0.000  3.823  6.552  9.766 13.288 15.491 18.911 19.979 22.411 19.981 20.085 17.531 18.875 18.001 14.313 14.509 16.350 13.692 11.241 14.406 14.860 11.484 11.116 14.750 14.639 17.773 17.679 20.148 18.091 15.201 15.526 13.578 14.256 14.640 16.851 18.080 19.258 18.611 18.396 21.180 20.900 23.707 22.827 21.310 18.665 21.842 23.484 20.947 21.054 17.368 17.231 15.316 12.147 11.816  9.024  9.638  9.410  9.933 12.886 14.535 18.275 20.326 22.334 24.277 25.702
 13.874 10.352  8.512  5.767  5.062  6.363  7.810 11.057 11.710  9.814  6.574  3.823  0.000  3.842  6.461 10.152 12.467 16.101 17.650 19.789 17.114 17.454 15.257 16.257 14.888 11.388 11.851 13.163 10.172  8.203 11.518 11.534  8.320  8.894 12.495 12.777 15.692 15.484 18.433 16.935 14.050 14.822 12.906 14.404 14.927 17.728 19.129 19.616 18.426 17.499 19.808 18.936 21.494 20.851 19.146 16.796 20.100 21.957 19.921 20.099 16.391 16.329 14.240 11.715 11.763  9.692  9.759 10.222 10.043 13.312 14.521 18.149 20.280 22.169 24.163 25.677
 10.363  6.823  6.004  4.709  6.365  8.885 11.190 14.564 15.303 13.074  9.930  6.552  3.842  0.000  3.818  6.945  9.756 13.293 15.133 17.584 15.319 16.445 14.965 16.334 14.322 11.012 12.640 13.592 10.145  9.581 13.074 12.418  9.695 11.479 14.859 15.380 17.847 17.143 20.358 19.435 16.336 16.772 14.307 15.625 15.373 18.107 20.141 20.463 19.476 17.982 20.203 19.235 21.223 20.188 17.869 15.257 18.182 20.584 18.869 18.449 14.686 13.973 11.352  9.158 10.208  9.398 10.280 12.001 12.482 16.079 17.565 21.087 23.371 25.212 27.152 28.614
  8.337  5.724  5.443  6.259  7.531 10.944 13.018 16.585 17.838 16.000 12.956  9.766  6.461  3.818  0.000  3.814  6.272 10.000 12.223 14.270 11.826 13.236 12.317 13.519 11.037  8.129 10.461 10.976  7.508  8.249 11.635 10.842  9.194 11.688 14.416 14.853 16.630 15.447 18.868 18.643 15.569 16.057 13.617 15.431 15.234 18.334 20.423 20.072 18.689 16.545 18.223 16.811 18.373 17.470 14.978 12.767 15.720 18.226 17.099 16.835 13.303 12.927 10.619  9.707 10.612 10.572 10.689 12.854 12.956 16.543 17.831 21.042 23.427 25.144 27.056 28.545
  5.541  4.620  6.424  8.868 10.822 14.400 16.687 20.270 21.577 19.636 16.610 13.288 10.152  6.945  3.814  0.000  3.825  7.169 10.086 12.154 10.298 12.709 12.891 14.197 11.142  9.177 12.306 12.253  9.016 11.002 13.959 12.703 11.839 14.831 17.171 17.756 19.042 17.524 21.002 21.326 18.290 18.589 15.991 17.689 17.008 19.970 22.416 21.789 20.499 17.867 19.183 17.600 18.393 17.244 14.205 12.113 14.418 17.431 16.953 16.181 12.978 12.095  9.602  9.914 11.528 12.641 13.068 15.791 16.144 19.730 21.068 24.081 26.514 28.130 29.965 31.400
  5.456  6.223  7.139 10.260 11.745 15.544 17.807 21.424 23.238 21.536 18.793 15.491 12.467  9.756  6.272  3.825  0.000  3.823  6.678  8.396  6.608  9.354 10.211 11.816  8.853  7.543 11.233 11.410  9.116 11.559 14.325 13.700 13.649 16.396 18.199 18.199 18.769 16.583 19.830 20.680 17.603 17.502 14.851 16.558 15.772 18.801 21.236 20.086 18.677 15.618 16.521 14.911 15.183 13.857 10.643  8.906 11.098 14.064 14.100 13.547 10.840 10.636  9.220 10.671 11.483 13.010 12.813 15.768 16.125 19.546 20.989 23.652 26.215 27.765 29.524 30.931
  5.876  8.399  9.620 13.171 14.825 18.602 21.023 24.613 26.619 24.890 22.302 18.911 16.101 13.293 10.000  7.169  3.823  0.000  3.877  5.461  5.418  9.001 10.995 12.881 10.179  9.862 13.660 13.833 12.233 14.903 17.417 16.918 17.265 19.995 21.535 21.323 21.430 18.842 21.816 23.085 20.032 19.522 16.780 18.150 16.925 19.635 22.268 20.824 19.629 16.275 16.797 15.364 14.728 12.953  9.313  7.963  8.921 12.235 13.105 12.141 10.328 10.068  9.451 12.062 12.825 15.074 14.946 18.177 18.813 22.105 23.711 26.117 28.743 30.220 31.875 33.203
  7.626  9.969 10.259 13.792 15.300 18.889 21.481 24.961 27.280 25.584 23.380 19.979 17.650 15.133 12.223 10.086  6.678  3.877  0.000  3.840  5.541  8.326 10.289 12.975 11.272 10.834 14.504 15.474 14.430 16.592 19.259 19.421 19.698 21.971 23.483 22.689 22.563 19.540 22.039 23.341 20.128 18.925 15.953 16.717 15.036 17.367 20.097 18.500 17.690 14.337 14.951 14.253 13.324 10.748  6.930  5.196  5.148  8.685  9.749  8.588  7.565  7.963  8.834 11.954 11.902 14.464 14.196 17.577 18.647 21.768 23.765 25.981 28.730 30.245 31.823 33.076
 10.804 13.136 13.292 16.591 17.493 21.102 23.249 26.664 29.158 27.797 25.588 22.411 19.789 17.584 14.270 12.154  8.396  5.461  3.840  0.000  3.838  6.536  9.654 11.624 10.085 10.953 14.305 14.811 14.585 17.142 19.185 19.466 20.459 22.727 23.645 22.754 22.010 18.800 21.111 22.986 20.157 19.157 16.728 17.964 16.837 19.374 21.667 19.495 18.168 14.502 14.115 12.868 11.097  9.043  5.552  6.228  6.025  8.434 10.665 10.517 10.342 11.517 12.615 15.583 15.240 17.390 16.456 19.451 19.946 22.706 24.297 26.083 28.733 30.045 31.525 32.761
 10.748 12.198 11.901 14.752 15.087 18.710 20.464 23.865 26.333 25.207 22.918 19.981 17.114 15.319 11.826 10.298  6.608  5.418  5.541  3.838  0.000  3.841  6.832  8.283  6.308  7.381 10.663 10.994 10.937 13.546 15.407 15.804 16.980 19.158 19.895 19.036 18.283 15.194 17.745 19.598 16.885 16.352 14.241 16.135 15.708 18.774 20.711 18.510 16.622 12.941 12.480 10.533  9.507  8.374  5.397  6.233  8.098  9.948 11.375 12.016 10.913 12.434 13.000 15.222 14.695 16.119 14.693 17.294 17.219 19.917 21.156 22.963 25.546 26.845 28.402 29.732
 13.739 14.474 13.221 15.384 14.820 18.088 19.369 22.518 25.288 24.577 22.635 20.085 17.454 16.445 13.236 12.709  9.354  9.001  8.326  6.536  3.841  0.000  3.833  5.239  5.130  6.563  8.834  9.852 10.917 12.853 14.362 15.638 17.032 18.546 18.855 17.359 16.113 12.639 14.671 16.751 14.217 13.488 11.866 14.001 14.213 17.420 18.762 16.142 13.792 10.058  8.962  6.744  5.910  5.428  4.111  6.304  8.854  9.223 10.403 12.243 11.446 13.918 15.034 16.807 15.451 16.193 13.956 15.948 15.452 17.620 18.700 20.086 22.659 23.888 25.387 26.720
 14.515 14.271 12.119 13.441 12.128 15.024 16.028 19.025 21.940 21.437 19.779 17.531 15.257 14.965 12.317 12.891 10.211 10.995 10.289  9.654  6.832  3.833  0.000  3.846  5.383  4.984  6.319  8.689  9.878 10.692 12.462 14.455 15.406 16.263 16.697 14.706 13.694 10.127 11.998 13.567 10.717  9.731  8.099 10.528 11.356 14.830 15.768 13.251 10.595  7.097  6.693  4.806  6.327  6.065  5.940  6.799 10.244 10.142  9.966 12.348 10.995 13.840 14.945 15.934 13.985 13.910 11.097 12.546 11.808 13.829 15.035 16.526 19.212 20.613 22.220 23.635
 16.809 16.531 14.678 15.706 13.972 16.690 16.969 19.761 22.563 22.470 20.703 18.875 16.257 16.334 13.519 14.197 11.816 12.881 12.975 11.624  8.283  5.239  3.846  0.000  3.848  5.426  5.061  6.291  8.808  9.887 10.472 12.622 14.400 15.169 14.777 12.867 11.127  7.542  9.596 11.892  9.888 10.100  9.811 12.974 14.547 18.115 18.593 15.964 12.779  9.679  8.219  4.780  6.372  8.112  8.705 10.329 13.536 13.338 13.614 16.076 14.747 17.385 18.100 18.931 17.264 16.847 13.876 14.675 12.987 14.471 14.700 15.740 18.133 19.262 20.839 22.331
 14.174 14.144 13.033 14.529 13.480 16.691 17.350 20.482 22.916 22.439 20.181 18.001 14.888 14.322 11.037 11.142  8.853 10.179 11.272 10.085  6.308  5.130  5.383  3.848  0.000  3.859  5.383  4.941  6.369  8.790  9.680 10.698 12.570 14.252 14.237 13.272 12.175  9.314 12.265 14.233 12.085 12.733 11.813 14.903 15.935 19.564 20.621 18.373 15.551 12.309 11.474  8.338  9.012  9.988  9.093 10.148 13.267 14.114 14.623 16.280 14.512 16.436 16.490 17.464 16.550 16.560 14.229 15.618 14.200 16.367 16.650 18.234 20.574 21.751 23.406 24.904
 12.420 11.536  9.790 10.834  9.645 12.921 13.866 17.176 19.578 18.874 16.630 14.313 11.388 11.012  8.129  9.177  7.543  9.862 10.834 10.953  7.381  6.563  4.984  5.426  3.859  0.000  3.847  5.401  5.123  6.459  8.754 10.025 10.732 12.188 13.060 11.953 11.857  9.222 12.341 13.322 10.440 10.805  9.181 12.137 13.066 16.764 17.975 16.244 13.733 10.866 11.256  9.034 10.732 10.801  9.532  9.174 12.801 13.924 13.460 14.888 12.439 14.214 14.009 14.370 13.289 12.922 10.644 12.107 10.969 13.650 14.447 16.656 19.197 20.690 22.506 24.056
 16.038 14.705 12.550 12.584 10.293 12.750 12.635 15.510 18.020 17.960 16.027 14.509 11.851 12.640 10.461 12.306 11.233 13.660 14.504 14.305 10.663  8.834  6.319  5.061  5.383  3.847  0.000  3.840  5.395  5.026  6.246  8.809  9.857 10.277 10.400  8.630  8.163  5.498  8.761  9.644  7.142  8.475  8.182 11.802 13.787 17.550 17.993 16.188 13.150 10.901 10.972  8.515 11.136 12.163 12.011 12.142 15.863 16.309 15.600 17.617 15.295 17.402 17.304 17.158 15.688 14.472 11.583 11.820  9.560 11.443 11.446 13.358 15.764 17.199 19.093 20.776
 16.612 15.640 14.312 14.695 12.884 15.496 15.238 18.054 20.155 20.112 17.807 16.350 13.163 13.592 10.976 12.253 11.410 13.833 15.474 14.811 10.994  9.852  8.689  6.291  4.941  5.401  3.840  0.000  3.844  5.403  4.907  6.406  8.769 10.013  9.433  8.831  8.033  6.357 10.030 11.455  9.947 11.983 12.002 15.613 17.435 21.200 21.791 19.930 16.842 14.372 13.877 10.760 12.569 14.092 13.660 14.205 17.669 18.466 18.348 20.101 17.806 19.527 19.006 19.079 18.245 17.356 14.881 15.315 12.967 14.753 14.132 15.800 17.804 18.928 20.729 22.381
 13.908 12.570 11.629 11.994 10.788 13.693 13.963 17.109 18.825 18.260 15.539 13.692 10.172 10.145  7.508  9.016  9.116 12.233 14.430 14.585 10.937 10.917  9.878  8.808  6.369  5.123  5.395  3.844  0.000  3.855  5.341  5.131  6.302  8.627  9.408  9.727 10.376  9.338 13.100 13.718 11.621 13.393 12.557 15.800 17.090 20.781 21.857 20.518 17.905 15.494 15.803 13.166 14.915 15.611 14.312 13.929 17.376 18.872 18.454 19.551 16.746 17.798 16.625 16.393 16.135 15.381 13.597 14.480 12.670 15.198 15.077 17.459 19.554 20.896 22.783 24.403
 15.759 13.623 11.825 10.992  8.771 10.909 10.510 13.466 15.207 14.955 12.488 11.241  8.203  9.581  8.249 11.002 11.559 14.903 16.592 17.142 13.546 12.853 10.692  9.887  8.790  6.459  5.026  5.403  3.855  0.000  3.849  5.435  5.047  5.751  7.104  6.808  8.480  8.047 11.576 11.201  8.993 11.106 10.637 13.909 15.717 19.353 20.007 19.030 16.439 14.756 15.583 13.470 16.042 16.724 15.892 15.161 18.880 20.016 18.928 20.282 17.278 18.530 17.443 16.472 15.723 14.087 11.993 11.982  9.659 11.977 11.691 14.387 16.469 18.001 20.034 21.748
 18.939 17.108 15.562 14.809 12.441 14.131 12.955 15.287 16.874 17.228 14.975 14.406 11.518 13.074 11.635 13.959 14.325 17.417 19.259 19.185 15.407 14.362 12.462 10.472  9.680  8.754  6.246  4.907  5.341  3.849  0.000  3.841  5.557  5.569  4.585  4.797  5.803  6.610 10.146 10.158  9.261 12.279 12.880 16.472 18.746 22.418 22.668 21.391 18.394 16.762 16.880 14.257 16.756 18.222 17.886 17.843 21.518 22.364 21.625 23.311 20.572 22.033 21.052 20.255 19.497 17.817 15.476 15.014 12.090 13.486 12.122 14.093 15.691 16.866 18.836 20.600
 18.072 16.390 15.660 15.227 13.652 15.663 14.933 17.437 18.501 18.437 15.698 14.860 11.534 12.418 10.842 12.703 13.700 16.918 19.421 19.466 15.804 15.638 14.455 12.622 10.698 10.025  8.809  6.406  5.131  5.435  3.841  0.000  3.846  6.044  5.811  7.957  9.264 10.190 13.795 13.953 12.973 15.770 15.836 19.252 21.053 24.704 25.388 24.263 21.472 19.546 19.723 16.928 18.927 20.182 19.243 19.011 22.479 23.875 23.373 24.568 21.649 22.543 21.017 20.275 20.236 18.956 17.245 17.320 14.854 16.728 15.595 17.770 19.245 20.327 22.196 23.838
 17.197 14.842 13.958 12.842 11.355 12.971 12.338 14.873 15.536 15.159 12.221 11.484  8.320  9.695  9.194 11.839 13.649 17.265 19.698 20.459 16.980 17.032 15.406 14.400 12.570 10.732  9.857  8.769  6.302  5.047  5.557  3.846  0.000  3.835  6.071  8.295 10.891 11.902 15.374 14.669 13.179 15.696 15.327 18.335 19.930 23.387 24.200 23.626 21.240 19.696 20.589 18.336 20.670 21.385 20.175 19.230 22.761 24.370 23.346 24.235 20.960 21.502 19.634 18.274 18.392 16.795 15.545 15.503 13.371 15.574 14.851 17.622 19.181 20.526 22.486 24.118
 19.921 17.246 15.659 13.800 11.428 12.024 10.349 12.227 12.850 13.167 10.787 11.116  8.894 11.479 11.688 14.831 16.396 19.995 21.971 22.727 19.158 18.546 16.263 15.169 14.252 12.188 10.277 10.013  8.627  5.751  5.569  6.044  3.835  0.000  3.854  5.703  9.170 10.942 13.853 12.368 11.327 14.190 14.482 17.462 19.600 22.946 23.217 22.813 20.362 19.434 20.456 18.508 21.355 22.265 21.587 20.686 24.405 25.567 24.180 25.446 22.215 23.122 21.566 19.842 19.389 17.124 15.468 14.496 11.813 13.296 12.039 14.759 16.067 17.453 19.494 21.205
 22.356 20.068 18.487 16.979 14.371 15.048 12.989 14.449 15.316 16.216 14.232 14.750 12.495 14.859 14.416 17.171 18.199 21.535 23.483 23.645 19.895 18.855 16.697 14.777 14.237 13.060 10.400  9.433  9.408  7.104  4.585  5.811  6.071  3.854  0.000  3.825  6.585  9.327 11.965 10.891 10.957 14.411 15.529 18.893 21.450 24.925 24.842 23.993 21.110 20.112 20.483 18.146 20.929 22.469 22.268 22.006 25.745 26.564 25.507 27.176 24.244 25.534 24.283 22.923 22.246 20.052 17.907 16.727 13.528 14.262 12.146 14.018 14.920 15.948 17.922 19.684
 22.499 20.226 18.050 16.455 13.311 13.766 11.447 12.780 14.370 15.583 14.120 14.639 12.777 15.380 14.853 17.756 18.199 21.323 22.689 22.754 19.036 17.359 14.706 12.867 13.272 11.953  8.630  8.831  9.727  6.808  4.797  7.957  8.295  5.703  3.825  0.000  3.898  6.509  8.654  7.153  7.367 10.974 12.630 16.039 18.965 22.397 21.933 20.917 17.896 17.203 17.541 15.506 18.636 20.248 20.542 20.433 24.236 24.576 23.346 25.402 22.709 24.473 23.747 22.464 21.172 18.761 16.084 14.482 10.940 11.096  8.727 10.393 11.576 12.826 14.992 16.939
 23.560 21.785 19.624 18.583 15.476 16.345 14.272 15.645 17.645 18.929 17.588 17.773 15.692 17.847 16.630 19.042 18.769 21.430 22.563 22.010 18.283 16.113 13.694 11.127 12.175 11.857  8.163  8.033 10.376  8.480  5.803  9.264 10.891  9.170  6.585  3.898  0.000  3.894  5.629  5.656  6.944 10.584 12.823 16.471 19.562 23.070 22.408 20.790 17.382 16.421 15.941 13.528 16.457 18.656 19.481 20.078 23.760 23.690 22.887 25.324 23.079 25.248 24.954 24.187 22.664 20.557 17.492 16.074 12.485 12.224  9.683 10.208 11.339 12.208 14.195 16.159
 21.484 20.055 17.750 17.202 14.239 15.635 14.233 16.110 18.629 19.525 18.153 17.679 15.484 17.143 15.447 17.524 16.583 18.842 19.540 18.800 15.194 12.639 10.127  7.542  9.314  9.222  5.498  6.357  9.338  8.047  6.610 10.190 11.902 10.942  9.327  6.509  3.894  0.000  3.843  5.487  5.346  8.219 10.204 13.951 16.888 20.458 19.938 17.915 14.377 12.986 12.217  9.679 12.656 14.838 15.866 16.717 20.315 20.013 19.366 21.976 20.031 22.494 22.624 22.272 20.490 18.725 15.428 14.454 11.205 11.309  9.694 10.276 12.136 13.190 15.071 16.938
 24.628 23.212 20.611 19.891 16.665 17.533 15.769 17.025 19.742 21.078 20.256 20.148 18.433 20.358 18.868 21.002 19.830 21.816 22.039 21.111 17.745 14.671 11.998  9.596 12.265 12.341  8.761 10.030 13.100 11.576 10.146 13.795 15.374 13.853 11.965  8.654  5.629  3.843  0.000  3.840  5.569  7.945 10.980 14.359 17.686 20.960 19.799 17.570 13.893 13.168 11.996 10.039 13.151 15.647 17.458 18.621 22.060 21.124 20.399 23.430 21.879 24.710 25.261 24.906 22.703 20.735 17.159 15.657 12.327 11.286  9.237  8.416  9.995 10.758 12.498 14.447
 25.074 23.130 20.248 18.850 15.287 15.394 13.079 13.818 16.453 18.106 17.662 18.091 16.935 19.435 18.643 21.326 20.680 23.085 23.341 22.986 19.598 16.751 13.567 11.892 14.233 13.322  9.644 11.455 13.718 11.201 10.158 13.953 14.669 12.368 10.891  7.153  5.656  5.487  3.840  0.000  3.834  6.845 10.213 13.329 16.923 20.029 18.611 16.997 13.621 13.704 13.513 12.286 15.812 17.741 19.276 19.773 23.389 22.607 21.274 24.149 22.246 24.909 25.257 24.346 22.047 19.550 16.046 13.849 10.226  8.521  5.764  5.084  6.937  8.374 10.647 12.867
 21.708 19.701 16.657 15.305 11.787 12.188 10.471 11.941 14.896 15.973 15.323 15.201 14.050 16.336 15.569 18.290 17.603 20.032 20.128 20.157 16.885 14.217 10.717  9.888 12.085 10.440  7.142  9.947 11.621  8.993  9.261 12.973 13.179 11.327 10.957  7.367  6.944  5.346  5.569  3.834  0.000  3.818  6.592  9.927 13.370 16.645 15.629 14.127 10.876 10.723 11.250 10.329 14.049 15.315 16.442 16.474 20.159 19.598 17.998 20.680 18.603 21.201 21.571 20.646 18.267 15.830 12.290 10.335  6.845  6.091  4.952  6.316  9.046 10.897 13.089 15.062
 21.132 19.256 15.891 14.702 11.360 11.717 10.748 12.289 15.624 16.362 16.052 15.526 14.822 16.772 16.057 18.589 17.502 19.522 18.925 19.157 16.352 13.488  9.731 10.100 12.733 10.805  8.475 11.983 13.393 11.106 12.279 15.770 15.696 14.190 14.411 10.974 10.584  8.219  7.945  6.845  3.818  0.000  3.828  6.624 10.232 13.317 12.101 10.403  7.160  7.555  8.761  9.078 12.873 13.470 14.823 14.647 18.124 17.171 15.197 18.067 16.314 19.230 20.148 19.369 16.491 14.148 10.388  8.471  5.914  5.165  6.219  7.437 10.441 12.395 14.347 16.064
 17.931 16.059 12.556 11.597  8.677  9.625  9.908 12.208 15.511 15.460 14.869 13.578 12.906 14.307 13.617 15.991 14.851 16.780 15.953 16.728 14.241 11.866  8.099  9.811 11.813  9.181  8.182 12.002 12.557 10.637 12.880 15.836 15.327 14.482 15.529 12.630 12.823 10.204 10.980 10.213  6.592  3.828  0.000  3.823  6.874 10.352 10.043  8.595  6.003  5.703  8.231  9.010 12.434 12.006 12.605 11.662 15.143 14.582 12.226 14.724 12.698 15.515 16.493 15.758 12.762 10.643  6.847  5.842  4.790  6.292  8.746 10.846 13.819 15.799 17.652 19.178
 18.676 16.772 13.068 11.980  9.580  9.860 10.794 12.696 16.011 15.669 15.626 14.256 14.404 15.625 15.431 17.689 16.558 18.150 16.717 17.964 16.135 14.001 10.528 12.974 14.903 12.137 11.802 15.613 15.800 13.909 16.472 19.252 18.335 17.462 18.893 16.039 16.471 13.951 14.359 13.329  9.927  6.624  3.823  0.000  3.825  6.781  6.304  5.502  4.533  5.815  9.361 11.356 14.377 13.143 13.667 12.148 15.101 14.296 11.217 13.533 11.785 14.636 16.085 15.199 11.688  9.513  6.065  5.063  6.249  7.454 10.806 12.804 15.678 17.707 19.386 20.695
 16.901 15.239 11.661 11.116  9.892 10.613 12.648 14.832 17.849 16.842 16.645 14.640 14.927 15.373 15.234 17.008 15.772 16.925 15.036 16.837 15.708 14.213 11.356 14.547 15.935 13.066 13.787 17.435 17.090 15.717 18.746 21.053 19.930 19.600 21.450 18.965 19.562 16.888 17.686 16.923 13.370 10.232  6.874  3.825  0.000  3.847  5.544  5.517  6.508  6.951 10.744 12.995 15.307 13.164 12.972 10.686 13.060 12.575  9.022 10.625  8.909 11.606 13.453 12.782  9.028  7.646  5.273  6.310  8.963 10.902 14.390 16.574 19.417 21.409 22.999 24.177
 19.151 17.583 14.178 13.564 12.798 12.888 15.026 16.701 19.539 18.413 18.706 16.851 17.728 18.107 18.334 19.970 18.801 19.635 17.367 19.374 18.774 17.420 14.830 18.115 19.564 16.764 17.550 21.200 20.781 19.353 22.418 24.704 23.387 22.946 24.925 22.397 23.070 20.458 20.960 20.029 16.645 13.317 10.352  6.781  3.847  0.000  3.850  5.612  8.412  9.701 13.351 16.114 18.150 15.696 15.582 13.196 14.772 14.027 10.244 11.337 10.356 12.671 14.879 14.140 10.360  9.298  8.155  8.872 11.939 13.384 17.043 19.030 21.729 23.701 25.137 26.145
 22.222 20.488 16.886 15.823 14.235 13.692 14.956 15.983 19.024 18.516 19.288 18.080 19.129 20.141 20.423 22.416 21.236 22.268 20.097 21.667 20.711 18.762 15.768 18.593 20.621 17.975 17.993 21.791 21.857 20.007 22.668 25.388 24.200 23.217 24.842 21.933 22.408 19.938 19.799 18.611 15.629 12.101 10.043  6.304  5.544  3.850  0.000  3.821  6.947  9.611 13.038 16.080 18.508 16.608 17.275 15.497 17.344 16.009 12.428 14.292 13.546 16.178 18.311 17.409 13.611 11.871  9.941  9.218 11.560 11.908 15.448 16.919 19.457 21.375 22.708 23.662
 21.742 20.432 16.924 16.422 14.654 14.844 15.892 17.271 20.563 20.273 20.642 19.258 19.616 20.463 20.072 21.789 20.086 20.824 18.500 19.495 18.510 16.142 13.251 15.964 18.373 16.244 16.188 19.930 20.518 19.030 21.391 24.263 23.626 22.813 23.993 20.917 20.790 17.915 17.570 16.997 14.127 10.403  8.595  5.502  5.517  5.612  3.821  0.000  3.825  6.488  9.579 12.892 15.159 13.417 14.630 13.527 15.410 13.530 10.330 13.014 12.736 15.975 18.409 18.128 14.360 13.039 10.409 10.030 11.549 11.785 14.933 15.961 18.593 20.353 21.647 22.634
 21.223 19.934 16.454 16.003 13.718 14.259 14.770 16.329 19.767 19.813 19.869 18.611 18.426 19.476 18.689 20.499 18.677 19.629 17.690 18.168 16.622 13.792 10.595 12.779 15.551 13.733 13.150 16.842 17.905 16.439 18.394 21.472 21.240 20.362 21.110 17.896 17.382 14.377 13.893 13.621 10.876  7.160  6.003  4.533  6.508  8.412  6.947  3.825  0.000  3.826  6.583  9.626 12.371 11.377 13.058 12.611 15.091 13.192 10.596 13.801 13.217 16.669 18.793 18.619 15.062 13.555 10.208  9.514  9.824  9.815 12.424 13.203 15.929 17.633 19.026 20.180
 18.523 17.695 14.548 14.856 12.976 14.511 15.412 17.632 20.983 20.740 20.165 18.396 17.499 17.982 16.545 17.867 15.618 16.275 14.337 14.502 12.941 10.058  7.097  9.679 12.309 10.866 10.901 14.372 15.494 14.756 16.762 19.546 19.696 19.434 20.112 17.203 16.421 12.986 13.168 13.704 10.723  7.555  5.703  5.815  6.951  9.701  9.611  6.488  3.826  0.000  3.837  6.608  9.045  7.786  9.341  9.257 11.927 10.175  8.155 11.554 10.988 14.596 16.726 17.131 13.910 13.097  9.788 10.229 10.370 11.316 13.570 14.604 17.421 19.017 20.466 21.694
 20.092 19.733 16.968 17.654 15.736 17.540 18.063 20.245 23.602 23.622 22.868 21.180 19.808 20.203 18.223 19.183 16.521 16.797 14.951 14.115 12.480  8.962  6.693  8.219 11.474 11.256 10.972 13.877 15.803 15.583 16.880 19.723 20.589 20.456 20.483 17.541 15.941 12.217 11.996 13.513 11.250  8.761  8.231  9.361 10.744 13.351 13.038  9.579  6.583  3.837  0.000  3.837  5.926  5.852  8.720 10.163 12.537 10.286  9.629 13.291 13.286 16.941 19.095 19.947 17.034 16.495 13.166 13.555 12.947 13.465 14.880 15.214 17.817 19.058 20.336 21.525
 19.232 19.012 16.638 17.525 15.590 17.814 18.110 20.528 23.709 23.785 22.601 20.900 18.936 19.235 16.811 17.600 14.911 15.364 14.253 12.868 10.533  6.744  4.806  4.780  8.338  9.034  8.515 10.760 13.166 13.470 14.257 16.928 18.336 18.508 18.146 15.506 13.528  9.679 10.039 12.286 10.329  9.078  9.010 11.356 12.995 16.114 16.080 12.892  9.626  6.608  3.837  0.000  3.852  5.695  8.187 10.263 13.007 11.490 11.591 14.852 14.386 17.711 19.318 20.266 17.865 17.388 14.082 14.586 13.299 14.075 14.771 15.167 17.653 18.747 20.112 21.440
 19.391 19.914 18.071 19.636 18.272 20.870 21.515 24.108 27.242 27.110 25.729 23.707 21.494 21.223 18.373 18.393 15.183 14.728 13.324 11.097  9.507  5.910  6.327  6.372  9.012 10.732 11.136 12.569 14.915 16.042 16.756 18.927 20.670 21.355 20.929 18.636 16.457 12.656 13.151 15.812 14.049 12.873 12.434 14.377 15.307 18.150 18.508 15.159 12.371  9.045  5.926  3.852  0.000  3.812  6.767  9.988 11.823 10.090 11.439 14.499 14.753 17.989 19.843 21.453 19.342 19.555 16.624 17.719 16.802 17.824 18.573 18.893 21.269 22.187 23.394 24.586
 17.270 17.994 16.154 18.044 17.204 19.924 21.178 23.945 27.082 26.558 25.205 22.827 20.851 20.188 17.470 17.244 13.857 12.953 10.748  9.043  8.374  5.428  6.065  8.112  9.988 10.801 12.163 14.092 15.611 16.724 18.222 20.182 21.385 22.265 22.469 20.248 18.656 14.838 15.647 17.741 15.315 13.470 12.006 13.143 13.164 15.696 16.608 13.417 11.377  7.786  5.852  5.695  3.812  0.000  3.835  6.930  8.319  6.323  7.810 10.797 11.455 14.782 17.047 18.933 16.745 17.443 14.906 16.595 16.506 18.005 19.477 20.271 22.874 24.039 25.313 26.463
 13.674 14.788 13.443 15.912 15.804 18.953 20.729 23.837 26.734 25.781 24.095 21.310 19.146 17.869 14.978 14.205 10.643  9.313  6.930  5.552  5.397  4.111  5.940  8.705  9.093  9.532 12.011 13.660 14.312 15.892 17.886 19.243 20.175 21.587 22.268 20.542 19.481 15.866 17.458 19.276 16.442 14.823 12.605 13.667 12.972 15.582 17.275 14.630 13.058  9.341  8.720  8.187  6.767  3.835  0.000  3.824  5.282  5.155  6.918  8.727  8.940 11.767 13.787 16.046 14.386 15.709 13.816 16.241 16.592 18.808 20.527 21.928 24.635 25.960 27.378 28.586
 10.926 11.737 10.211 12.830 13.270 16.458 18.756 21.986 24.720 23.400 21.706 18.665 16.796 15.257 12.767 12.113  8.906  7.963  5.196  6.228  6.233  6.304  6.799 10.329 10.148  9.174 12.142 14.205 13.929 15.161 17.843 19.011 19.230 20.686 22.006 20.433 20.078 16.717 18.621 19.773 16.474 14.647 11.662 12.148 10.686 13.196 15.497 13.527 12.611  9.257 10.163 10.263  9.988  6.930  3.824  0.000  3.853  5.483  5.456  6.184  5.312  8.085 10.158 12.355 10.680 12.363 11.050 14.027 15.080 17.793 20.004 21.946 24.772 26.334 27.874 29.111
 11.886 13.560 12.699 15.675 16.626 19.744 22.276 25.463 28.171 26.682 25.038 21.842 20.100 18.182 15.720 14.418 11.098  8.921  5.148  6.025  8.098  8.854 10.244 13.536 13.267 12.801 15.863 17.669 17.376 18.880 21.518 22.479 22.761 24.405 25.745 24.236 23.760 20.315 22.060 23.389 20.159 18.124 15.143 15.101 13.060 14.772 17.344 15.410 15.091 11.927 12.537 13.007 11.823  8.319  5.282  3.853  0.000  3.857  5.421  4.671  5.925  8.049 10.785 13.742 12.418 14.816 14.083 17.241 18.654 21.298 23.650 25.468 28.284 29.789 31.226 32.362
 15.484 16.748 15.269 17.720 17.984 20.739 22.913 25.819 28.807 27.658 26.369 23.484 21.957 20.584 18.226 17.431 14.064 12.235  8.685  8.434  9.948  9.223 10.142 13.338 14.114 13.924 16.309 18.466 18.872 20.016 22.364 23.875 24.370 25.567 26.564 24.576 23.690 20.013 21.124 22.607 19.598 17.171 14.582 14.296 12.575 14.027 16.009 13.530 13.192 10.175 10.286 11.490 10.090  6.323  5.155  5.483  3.857  0.000  3.836  5.460  7.811 10.846 13.965 16.498 14.452 16.253 14.852 17.462 18.692 20.769 23.093 24.433 27.204 28.606 29.905 30.957
 15.144 15.624 13.492 15.401 15.527 17.890 20.189 22.944 25.935 24.732 23.726 20.947 19.921 18.869 17.099 16.953 14.100 13.105  9.749 10.665 11.375 10.403  9.966 13.614 14.623 13.460 15.600 18.348 18.454 18.928 21.625 23.373 23.346 24.180 25.507 23.346 22.887 19.366 20.399 21.274 17.998 15.197 12.226 11.217  9.022 10.244 12.428 10.330 10.596  8.155  9.629 11.591 11.439  7.810  6.918  5.456  5.421  3.836  0.000  3.854  5.617  9.215 12.522 14.401 11.749 13.206 11.823 14.369 16.071 18.170 20.895 22.468 25.310 26.895 28.263 29.327
 13.230 14.117 12.601 14.992 16.039 18.564 21.382 24.306 27.010 25.368 24.180 21.054 20.099 18.449 16.835 16.181 13.547 12.141  8.588 10.517 12.016 12.243 12.348 16.076 16.280 14.888 17.617 20.101 19.551 20.282 23.311 24.568 24.235 25.446 27.176 25.402 25.324 21.976 23.430 24.149 20.680 18.067 14.724 13.533 10.625 11.337 14.292 13.014 13.801 11.554 13.291 14.852 14.499 10.797  8.727  6.184  4.671  5.460  3.854  0.000  3.842  6.372 10.032 12.436 10.393 12.828 12.558 15.714 17.923 20.488 23.395 25.354 28.226 29.897 31.324 32.390
 10.438 10.656  8.834 11.204 12.499 15.186 18.190 21.284 23.797 21.995 20.608 17.368 16.391 14.686 13.303 12.978 10.840 10.328  7.565 10.342 10.913 11.446 10.995 14.747 14.512 12.439 15.295 17.806 16.746 17.278 20.572 21.649 20.960 22.215 24.244 22.709 23.079 20.031 21.879 22.246 18.603 16.314 12.698 11.785  8.909 10.356 13.546 12.736 13.217 10.988 13.286 14.386 14.753 11.455  8.940  5.312  5.925  7.811  5.617  3.842  0.000  3.830  6.989  8.952  6.849  9.382  9.425 12.925 15.223 18.201 21.114 23.485 26.373 28.162 29.736 30.907
  8.346  8.827  8.055 10.847 13.202 15.931 19.316 22.503 24.599 22.374 20.753 17.231 16.329 13.973 12.927 12.095 10.636 10.068  7.963 11.517 12.434 13.918 13.840 17.385 16.436 14.214 17.402 19.527 17.798 18.530 22.033 22.543 21.502 23.122 25.534 24.473 25.248 22.494 24.710 24.909 21.201 19.230 15.515 14.636 11.606 12.671 16.178 15.975 16.669 14.596 16.941 17.711 17.989 14.782 11.767  8.085  8.049 10.846  9.215  6.372  3.830  0.000  3.837  6.567  5.987  9.558 10.939 14.694 17.242 20.548 23.477 26.174 29.026 30.868 32.492 33.670
  5.657  5.626  5.977  9.027 12.156 15.026 18.528 21.845 23.509 21.021 19.017 15.316 14.240 11.352 10.619  9.602  9.220  9.451  8.834 12.615 13.000 15.034 14.945 18.100 16.490 14.009 17.304 19.006 16.625 17.443 21.052 21.017 19.634 21.566 24.283 23.747 24.954 22.624 25.261 25.257 21.571 20.148 16.493 16.085 13.453 14.879 18.311 18.409 18.793 16.726 19.095 19.318 19.843 17.047 13.787 10.158 10.785 13.965 12.522 10.032  6.989  3.837  0.000  3.844  5.583  9.146 11.239 14.986 17.357 20.964 23.679 26.699 29.469 31.337 33.050 34.290
  7.684  5.511  4.812  6.407  9.913 12.244 15.904 19.073 20.419 17.724 15.813 12.147 11.715  9.158  9.707  9.914 10.671 12.062 11.954 15.583 15.222 16.807 15.934 18.931 17.464 14.370 17.158 19.079 16.393 16.472 20.255 20.275 18.274 19.842 22.923 22.464 24.187 22.272 24.906 24.346 20.646 19.369 15.758 15.199 12.782 14.140 17.409 18.128 18.619 17.131 19.947 20.266 21.453 18.933 16.046 12.355 13.742 16.498 14.401 12.436  8.952  6.567  3.844  0.000  3.844  6.635  9.596 13.026 15.608 19.265 22.051 25.335 28.019 29.987 31.755 33.013
  9.966  7.919  5.301  6.034  8.415 10.476 14.102 17.145 18.991 16.612 15.204 11.816 11.763 10.208 10.612 11.528 11.483 12.825 11.902 15.240 14.695 15.451 13.985 17.264 16.550 13.289 15.688 18.245 16.135 15.723 19.497 20.236 18.392 19.389 22.246 21.172 22.664 20.490 22.703 22.047 18.267 16.491 12.762 11.688  9.028 10.360 13.611 14.360 15.062 13.910 17.034 17.865 19.342 16.745 14.386 10.680 12.418 14.452 11.749 10.393  6.849  5.987  5.583  3.844  0.000  3.829  6.487 10.047 13.003 16.457 19.545 22.654 25.418 27.432 29.169 30.408
 12.613  9.814  6.382  4.723  5.737  6.917 10.549 13.450 15.353 13.104 12.030  9.024  9.692  9.398 10.572 12.641 13.010 15.074 14.464 17.390 16.119 16.193 13.910 16.847 16.560 12.922 14.472 17.356 15.381 14.087 17.817 18.956 16.795 17.124 20.052 18.761 20.557 18.725 20.735 19.550 15.830 14.148 10.643  9.513  7.646  9.298 11.871 13.039 13.555 13.097 16.495 17.388 19.555 17.443 15.709 12.363 14.816 16.253 13.206 12.828  9.382  9.558  9.146  6.635  3.829  0.000  3.820  6.708  9.866 13.246 16.410 19.665 22.356 24.452 26.238 27.516
 13.914 11.406  7.608  6.108  4.759  6.153  8.976 11.959 14.526 13.015 12.098  9.638  9.759 10.280 10.689 13.068 12.813 14.946 14.196 16.456 14.693 13.956 11.097 13.876 14.229 10.644 11.583 14.881 13.597 11.993 15.476 17.245 15.545 15.468 17.907 16.084 17.492 15.428 17.159 16.046 12.290 10.388  6.847  6.065  5.273  8.155  9.941 10.409 10.208  9.788 13.166 14.082 16.624 14.906 13.816 11.050 14.083 14.852 11.823 12.558  9.425 10.939 11.239  9.596  6.487  3.820  0.000  3.830  6.682 10.021 13.199 16.256 19.052 21.140 22.958 24.312
 17.397 14.648 10.888  8.523  5.680  4.885  6.379  8.779 11.737 10.901 10.716  9.410 10.222 12.001 12.854 15.791 15.768 18.177 17.577 19.451 17.294 15.948 12.546 14.675 15.618 12.107 11.820 15.315 14.480 11.982 15.014 17.320 15.503 14.496 16.727 14.482 16.074 14.454 15.657 13.849 10.335  8.471  5.842  5.063  6.310  8.872  9.218 10.030  9.514 10.229 13.555 14.586 17.719 16.595 16.241 14.027 17.241 17.462 14.369 15.714 12.925 14.694 14.986 13.026 10.047  6.708  3.830  0.000  3.821  6.651 10.083 13.209 15.921 18.122 19.999 21.406
 18.763 16.065 12.513 10.214  6.547  5.910  5.243  7.582 10.797 10.869 10.487  9.933 10.043 12.482 12.956 16.144 16.125 18.813 18.647 19.946 17.219 15.452 11.808 12.987 14.200 10.969  9.560 12.967 12.670  9.659 12.090 14.854 13.371 11.813 13.528 10.940 12.485 11.205 12.327 10.226  6.845  5.914  4.790  6.249  8.963 11.939 11.560 11.549  9.824 10.370 12.947 13.299 16.802 16.506 16.592 15.080 18.654 18.692 16.071 17.923 15.223 17.242 17.357 15.608 13.003  9.866  6.682  3.821  0.000  3.823  6.603  9.932 12.685 14.912 16.976 18.602
 22.448 19.837 16.281 13.965 10.286  8.955  7.017  7.604 10.980 12.078 12.508 12.886 13.312 16.079 16.543 19.730 19.546 22.105 21.768 22.706 19.917 17.620 13.829 14.471 16.367 13.650 11.443 14.753 15.198 11.977 13.486 16.728 15.574 13.296 14.262 11.096 12.224 11.309 11.286  8.521  6.091  5.165  6.292  7.454 10.902 13.384 11.908 11.785  9.815 11.316 13.465 14.075 17.824 18.005 18.808 17.793 21.298 20.769 18.170 20.488 18.201 20.548 20.964 19.265 16.457 13.246 10.021  6.651  3.823  0.000  3.822  6.710  9.475 11.859 13.988 15.712
 24.456 21.889 18.595 16.333 12.539 11.393  8.622  8.658 11.511 13.314 13.593 14.535 14.521 17.565 17.831 21.068 20.989 23.711 23.765 24.297 21.156 18.700 15.035 14.700 16.650 14.447 11.446 14.132 15.077 11.691 12.122 15.595 14.851 12.039 12.146  8.727  9.683  9.694  9.237  5.764  4.952  6.219  8.746 10.806 14.390 17.043 15.448 14.933 12.424 13.570 14.880 14.771 18.573 19.477 20.527 20.004 23.650 23.093 20.895 23.395 21.114 23.477 23.679 22.051 19.545 16.410 13.199 10.083  6.603  3.822  0.000  3.825  6.486  8.919 11.368 13.423
 27.431 25.111 21.826 19.821 16.062 15.056 12.328 11.945 14.619 16.737 17.234 18.275 18.149 21.087 21.042 24.081 23.652 26.117 25.981 26.083 22.963 20.086 16.526 15.740 18.234 16.656 13.358 15.800 17.459 14.387 14.093 17.770 17.622 14.759 14.018 10.393 10.208 10.276  8.416  5.084  6.316  7.437 10.846 12.804 16.574 19.030 16.919 15.961 13.203 14.604 15.214 15.167 18.893 20.271 21.928 21.946 25.468 24.433 22.468 25.354 23.485 26.174 26.699 25.335 22.654 19.665 16.256 13.209  9.932  6.710  3.825  0.000  3.832  6.303  8.843 11.109
 30.065 27.695 24.489 22.377 18.620 17.410 14.396 13.449 15.735 18.231 18.898 20.326 20.280 23.371 23.427 26.514 26.215 28.743 28.730 28.733 25.546 22.659 19.212 18.133 20.574 19.197 15.764 17.804 19.554 16.469 15.691 19.245 19.181 16.067 14.920 11.576 11.339 12.136  9.995  6.937  9.046 10.441 13.819 15.678 19.417 21.729 19.457 18.593 15.929 17.421 17.817 17.653 21.269 22.874 24.635 24.772 28.284 27.204 25.310 28.226 26.373 29.026 29.469 28.019 25.418 22.356 19.052 15.921 12.685  9.475  6.486  3.832  0.000  3.833  6.631  9.168
 31.761 29.497 26.379 24.374 20.668 19.563 16.547 15.537 17.652 20.226 20.858 22.334 22.169 25.212 25.144 28.130 27.765 30.220 30.245 30.045 26.845 23.888 20.613 19.262 21.751 20.690 17.199 18.928 20.896 18.001 16.866 20.327 20.526 17.453 15.948 12.826 12.208 13.190 10.758  8.374 10.897 12.395 15.799 17.707 21.409 23.701 21.375 20.353 17.633 19.017 19.058 18.747 22.187 24.039 25.960 26.334 29.789 28.606 26.895 29.897 28.162 30.868 31.337 29.987 27.432 24.452 21.140 18.122 14.912 11.859  8.919  6.303  3.833  0.000  3.845  6.765
 33.512 31.319 28.218 26.268 22.635 21.514 18.582 17.460 19.437 22.023 22.768 24.277 24.163 27.152 27.056 29.965 29.524 31.875 31.823 31.525 28.402 25.387 22.220 20.839 23.406 22.506 19.093 20.729 22.783 20.034 18.836 22.196 22.486 19.494 17.922 14.992 14.195 15.071 12.498 10.647 13.089 14.347 17.652 19.386 22.999 25.137 22.708 21.647 19.026 20.466 20.336 20.112 23.394 25.313 27.378 27.874 31.226 29.905 28.263 31.324 29.736 32.492 33.050 31.755 29.169 26.238 22.958 19.999 16.976 13.988 11.368  8.843  6.631  3.845  0.000  3.810
