  0.000  3.841  6.774 10.351 13.271 16.750 19.790 23.304 24.868 22.482 19.825 16.143 13.879 10.384  8.363  5.553  5.462  5.849  7.628 10.793 10.767 13.745 14.490 16.796 14.150 12.449 16.084 16.645 13.974 15.790 18.984 18.176 17.277 19.968 22.416 22.507 23.679 21.559 24.656 25.091 21.710 21.082 17.919 18.693 16.919 19.181 22.262 21.750 21.194 18.471 20.061 19.245 19.449 17.284 13.708 10.937 11.941 15.527 15.144 13.186 10.418  8.347  5.616  7.631  9.930 12.562 13.878 17.384 18.778 22.449 24.485 27.450 30.101 31.947 33.845 35.110
  3.841  0.000  3.828  6.858 10.058 13.342 16.445 19.913 21.274 18.797 16.108 12.401 10.353  6.838  5.742  4.620  6.218  8.385  9.983 13.146 12.229 14.485 14.252 16.509 14.107 11.540 14.739 15.663 12.617 13.636 17.133 16.473 14.908 17.274 20.102 20.206 21.870 20.105 23.223 23.132 19.691 19.205 16.050 16.795 15.263 17.635 20.539 20.446 19.915 17.649 19.700 19.026 19.972 18.010 14.834 11.768 13.629 16.800 15.636 14.101 10.654  8.842  5.613  5.468  7.889  9.758 11.376 14.640 16.082 19.841 21.901 25.112 27.708 29.643 31.593 32.888
  6.774  3.828  0.000  3.821  6.718 10.067 13.278 16.758 18.457 16.158 13.811 10.155  8.515  6.031  5.463  6.414  7.107  9.591 10.255 13.296 11.913 13.213 12.083 14.626 12.961  9.752 12.554 14.300 11.640 11.803 15.545 15.700 14.000 15.668 18.482 17.994 19.663 17.766 20.590 20.220 16.623 15.823 12.527 13.083 11.683 14.242 16.940 16.933 16.425 14.488 16.914 16.630 18.100 16.146 13.473 10.235 12.753 15.306 13.498 12.594  8.835  8.079  5.978  4.818  5.297  6.336  7.574 10.873 12.513 16.268 18.586 21.804 24.476 26.504 28.486 29.795
 10.351  6.858  3.821  0.000  3.817  6.563  9.936 13.324 14.798 12.410 10.160  6.521  5.756  4.707  6.246  8.840 10.220 13.142 13.793 16.602 14.768 15.382 13.422 15.652 14.449 10.771 12.574 14.668 11.970 10.938 14.761 15.228 12.850 13.778 16.935 16.365 18.578 17.189 19.856 18.812 15.268 14.651 11.589 12.023 11.166 13.678 15.916 16.460 16.006 14.826 17.614 17.526 19.669 18.047 15.953 12.869 15.738 17.769 15.432 15.019 11.231 10.883  9.041  6.438  6.064  4.707  6.114  8.538 10.229 13.972 16.315 19.792 22.347 24.461 26.477 27.804
 13.271 10.058  6.718  3.817  0.000  3.830  6.633 10.220 12.182 10.422  8.456  5.662  5.056  6.379  7.538 10.811 11.718 14.812 15.308 17.521 15.115 14.827 12.126 13.925 13.410  9.574 10.281 12.858 10.758  8.708 12.381 13.634 11.357 11.408 14.312 13.211 15.454 14.216 16.629 15.250 11.753 11.324  8.692  9.646  9.960 12.925 14.340 14.697 13.738 12.963 15.700 15.598 18.307 17.210 15.850 13.314 16.683 18.030 15.564 16.072 12.527 13.232 12.159  9.939  8.446  5.736  4.785  5.723  6.581 10.308 12.526 16.037 18.592 20.747 22.823 24.232
 16.750 13.342 10.067  6.563  3.830  0.000  3.835  6.994  8.839  7.103  6.080  4.651  6.403  8.918 10.964 14.403 15.524 18.590 18.888 21.124 18.734 18.088 15.015 16.636 16.623 12.847 12.731 15.478 13.671 10.856 14.075 15.653 12.991 12.016 14.984 13.650 16.281 15.586 17.474 15.330 12.134 11.672  9.611  9.882 10.631 12.985 13.759 14.849 14.254 14.477 17.480 17.804 20.881 19.907 18.981 16.485 19.779 20.757 17.898 18.580 15.193 15.941 15.028 12.273 10.491  6.913  6.166  4.908  5.919  8.960 11.336 14.991 17.340 19.589 21.640 23.010
 19.790 16.445 13.278  9.936  6.633  3.835  0.000  3.843  6.188  5.992  5.621  6.404  7.895 11.263 13.087 16.740 17.832 21.053 21.506 23.304 20.526 19.402 16.056 16.956 17.337 13.836 12.656 15.277 13.993 10.519 12.956 14.973 12.418 10.411 12.976 11.377 14.223 14.203 15.731 13.036 10.441 10.722  9.913 10.803 12.647 15.090 14.984 15.866 14.755 15.387 18.007 18.117 21.544 21.175 20.775 18.796 22.316 22.930 20.192 21.393 18.195 19.326 18.536 15.938 14.114 10.540  8.986  6.396  5.279  7.036  8.563 12.262 14.322 16.528 18.621 20.078
 23.304 19.913 16.758 13.324 10.220  6.994  3.843  0.000  3.864  5.661  6.919  9.059 11.120 14.605 16.629 20.294 21.423 24.612 24.948 26.691 23.911 22.546 19.056 19.767 20.484 17.151 15.550 18.124 17.153 13.502 15.331 17.506 14.976 12.331 14.486 12.776 15.624 16.114 17.033 13.840 11.967 12.312 12.216 12.675 14.775 16.702 15.956 17.206 16.306 17.600 20.191 20.544 24.136 23.930 23.861 21.990 25.459 25.795 22.899 24.266 21.233 22.447 21.795 19.047 17.093 13.387 11.931  8.760  7.619  7.673  8.658 11.954 13.454 15.557 17.503 18.895
 24.868 21.274 18.457 14.798 12.182  8.839  6.188  3.864  0.000  3.838  6.093  9.321 11.874 15.436 17.973 21.704 23.329 26.702 27.336 29.252 26.450 25.369 22.011 22.618 22.989 19.618 18.119 20.305 18.959 15.331 17.014 18.686 15.759 13.061 15.461 14.445 17.683 18.677 19.775 16.485 14.930 15.634 15.523 15.974 17.782 19.508 18.947 20.463 19.717 20.949 23.552 23.747 27.305 27.096 26.804 24.773 28.217 28.816 25.911 26.996 23.785 24.591 23.521 20.445 18.975 15.310 14.517 11.723 10.840 11.008 11.474 14.573 15.677 17.589 19.315 20.575
 22.482 18.797 16.158 12.410 10.422  7.103  5.992  5.661  3.838  0.000  3.808  6.761  9.875 13.108 16.017 19.650 21.516 24.871 25.564 27.798 25.217 24.551 21.403 22.396 22.365 18.784 17.919 20.092 18.230 14.908 17.183 18.438 15.200 13.170 16.159 15.465 18.816 19.434 20.984 18.015 15.890 16.294 15.414 15.630 16.792 18.438 18.506 20.207 19.754 20.665 23.515 23.736 27.087 26.502 25.778 23.396 26.683 27.631 24.687 25.338 21.964 22.352 21.009 17.730 16.589 13.059 12.988 10.884 10.857 12.064 13.199 16.624 18.096 20.128 21.910 23.145
 19.825 16.108 13.811 10.160  8.456  6.080  5.621  6.919  6.093  3.808  0.000  3.838  6.610  9.945 12.952 16.607 18.768 22.285 23.371 25.594 22.930 22.613 19.748 20.626 20.097 16.534 15.976 17.770 15.488 12.417 14.907 15.674 12.222 10.739 14.146 13.979 17.478 18.056 20.162 17.572 15.238 15.983 14.841 15.624 16.639 18.784 19.331 20.621 19.840 20.107 22.777 22.559 25.720 25.166 24.106 21.717 25.065 26.371 23.713 24.176 20.604 20.758 19.022 15.832 15.202 12.001 12.087 10.721 10.492 12.513 13.498 17.128 18.778 20.774 22.670 23.999
 16.143 12.401 10.155  6.521  5.662  4.651  6.404  9.059  9.321  6.761  3.838  0.000  3.828  6.547  9.744 13.269 15.456 18.888 19.975 22.418 19.992 20.066 17.502 18.799 17.911 14.217 14.464 16.306 13.635 11.158 14.331 14.827 11.467 11.055 14.662 14.502 17.693 17.601 20.070 18.016 15.129 15.464 13.561 14.280 14.663 16.958 18.158 19.270 18.602 18.353 21.109 20.873 23.714 22.804 21.332 18.688 21.887 23.509 20.956 21.068 17.379 17.253 15.330 12.179 11.829  9.006  9.639  9.429  9.947 12.899 14.470 18.198 20.239 22.317 24.292 25.636
 13.879 10.353  8.515  5.756  5.056  6.403  7.895 11.120 11.874  9.875  6.610  3.828  0.000  3.838  6.434 10.131 12.434 16.082 17.653 19.800 17.133 17.446 15.246 16.201 14.812 11.313 11.833 13.138 10.126  8.147 11.476 11.523  8.317  8.863 12.450 12.692 15.676 15.449 18.398 16.913 14.024 14.792 12.935 14.472 14.989 17.856 19.237 19.658 18.446 17.482 19.761 18.929 21.526 20.848 19.180 16.828 20.154 21.996 19.949 20.117 16.413 16.360 14.246 11.735 11.783  9.680  9.777 10.277 10.107 13.371 14.525 18.133 20.263 22.216 24.231 25.653
 10.384  6.838  6.031  4.707  6.379  8.918 11.263 14.605 15.436 13.108  9.945  6.547  3.838  0.000  3.812  6.942  9.754 13.300 15.166 17.622 15.374 16.475 14.985 16.323 14.290 10.996 12.675 13.616 10.161  9.585 13.089 12.472  9.741 11.489 14.871 15.348 17.902 17.171 20.370 19.450 16.343 16.760 14.351 15.704 15.448 18.232 20.252 20.522 19.510 17.985 20.192 19.269 21.302 20.226 17.940 15.321 18.271 20.660 18.922 18.481 14.727 14.021 11.370  9.170 10.229  9.380 10.303 12.051 12.551 16.138 17.594 21.100 23.385 25.310 27.297 28.672
  8.363  5.742  5.463  6.246  7.538 10.964 13.087 16.629 17.973 16.017 12.952  9.744  6.434  3.812  0.000  3.813  6.278 10.017 12.267 14.316 11.888 13.272 12.342 13.515 11.012  8.136 10.506 11.002  7.535  8.265 11.657 10.898  9.236 11.707 14.443 14.842 16.720 15.499 18.894 18.671 15.585 16.042 13.668 15.518 15.322 18.458 20.538 20.137 18.725 16.553 18.221 16.850 18.463 17.518 15.056 12.835 15.816 18.311 17.162 16.866 13.349 12.986 10.631  9.710 10.635 10.552 10.702 12.898 13.021 16.596 17.876 21.071 23.465 25.277 27.253 28.660
  5.553  4.620  6.414  8.840 10.811 14.403 16.740 20.294 21.704 19.650 16.607 13.269 10.131  6.942  3.813  0.000  3.830  7.171 10.107 12.172 10.341 12.727 12.888 14.190 11.123  9.202 12.353 12.291  9.074 11.038 14.009 12.802 11.909 14.873 17.233 17.773 19.167 17.595 21.037 21.359 18.301 18.553 16.012 17.740 17.059 20.045 22.491 21.822 20.499 17.841 19.161 17.621 18.470 17.273 14.256 12.145 14.486 17.489 16.979 16.167 12.983 12.121  9.580  9.877 11.510 12.590 13.043 15.800 16.181 19.759 21.113 24.112 26.566 28.297 30.216 31.579
  5.462  6.218  7.107 10.220 11.718 15.524 17.832 21.423 23.329 21.516 18.768 15.456 12.434  9.754  6.278  3.830  0.000  3.830  6.695  8.411  6.637  9.354 10.181 11.794  8.820  7.567 11.264 11.426  9.165 11.575 14.351 13.773 13.697 16.427 18.243 18.203 18.889 16.651 19.852 20.693 17.596 17.439 14.843 16.580 15.803 18.845 21.285 20.094 18.647 15.567 16.481 14.913 15.243 13.870 10.675  8.913 11.149 14.107 14.109 13.513 10.825 10.652  9.180 10.628 11.454 12.948 12.760 15.746 16.127 19.537 21.017 23.669 26.258 27.945 29.830 31.169
  5.849  8.385  9.591 13.142 14.812 18.590 21.053 24.612 26.702 24.871 22.285 18.888 16.082 13.300 10.017  7.171  3.830  0.000  3.882  5.465  5.446  9.017 10.975 12.890 10.184  9.925 13.714 13.871 12.307 14.940 17.465 17.011 17.330 20.046 21.602 21.353 21.582 18.946 21.867 23.120 20.047 19.474 16.775 18.169 16.950 19.656 22.307 20.833 19.599 16.229 16.778 15.384 14.803 12.979  9.345  7.955  8.958 12.276 13.106 12.081 10.295 10.060  9.386 12.005 12.789 15.017 14.896 18.154 18.818 22.098 23.759 26.158 28.813 30.448 32.264 33.535
  7.628  9.983 10.255 13.793 15.308 18.888 21.506 24.948 27.336 25.564 23.371 19.975 17.653 15.166 12.267 10.107  6.695  3.882  0.000  3.843  5.545  8.334 10.257 12.975 11.265 10.894 14.551 15.496 14.498 16.621 19.288 19.498 19.763 22.023 23.533 22.702 22.690 19.633 22.073 23.357 20.133 18.869 15.932 16.725 15.058 17.376 20.127 18.504 17.649 14.281 14.928 14.265 13.373 10.760  6.951  5.181  5.185  8.719  9.743  8.526  7.539  7.973  8.797 11.932 11.892 14.437 14.158 17.552 18.641 21.744 23.803 26.014 28.789 30.483 32.273 33.483
 10.793 13.146 13.296 16.602 17.521 21.124 23.304 26.691 29.252 27.798 25.594 22.418 19.800 17.622 14.316 12.172  8.411  5.465  3.843  0.000  3.843  6.578  9.664 11.668 10.120 11.050 14.380 14.850 14.665 17.196 19.236 19.547 20.529 22.799 23.719 22.808 22.183 18.938 21.191 23.049 20.206 19.145 16.755 18.018 16.907 19.422 21.739 19.544 18.175 14.501 14.145 12.921 11.191  9.104  5.598  6.232  6.051  8.493 10.701 10.484 10.346 11.540 12.580 15.568 15.254 17.387 16.449 19.462 19.974 22.719 24.383 26.168 28.848 30.338 32.029 33.223
 10.767 12.229 11.913 14.768 15.115 18.734 20.526 23.911 26.450 25.217 22.930 19.992 17.133 15.374 11.888 10.341  6.637  5.446  5.545  3.843  0.000  3.839  6.821  8.302  6.331  7.480 10.732 11.031 11.021 13.605 15.459 15.886 17.055 19.238 19.972 19.092 18.451 15.318 17.808 19.651 16.924 16.326 14.268 16.188 15.777 18.831 20.780 18.542 16.613 12.920 12.468 10.549  9.567  8.386  5.402  6.217  8.103  9.968 11.389 11.977 10.912 12.465 12.978 15.225 14.717 16.118 14.684 17.309 17.250 19.931 21.240 23.036 25.651 27.107 28.840 30.118
 13.745 14.485 13.213 15.382 14.827 18.088 19.402 22.546 25.369 24.551 22.613 20.066 17.446 16.475 13.272 12.727  9.354  9.017  8.334  6.578  3.839  0.000  3.825  5.250  5.127  6.623  8.870  9.845 10.952 12.871 14.363 15.659 17.061 18.591 18.884 17.381 16.241 12.740 14.714 16.781 14.238 13.452 11.886 14.051 14.287 17.484 18.834 16.180 13.789 10.051  8.959  6.763  5.982  5.455  4.129  6.298  8.861  9.252 10.437 12.232 11.455 13.951 15.009 16.808 15.473 16.188 13.939 15.948 15.457 17.611 18.768 20.147 22.754 24.144 25.829 27.108
 14.490 14.252 12.083 13.422 12.126 15.015 16.056 19.056 22.011 21.403 19.748 17.502 15.246 14.985 12.342 12.888 10.181 10.975 10.257  9.664  6.821  3.825  0.000  3.852  5.359  5.006  6.361  8.688  9.903 10.704 12.459 14.470 15.437 16.316 16.723 14.728 13.815 10.238 12.053 13.609 10.753  9.708  8.126 10.579 11.419 14.887 15.837 13.282 10.597  7.089  6.677  4.843  6.381  6.058  5.931  6.767 10.215 10.131  9.967 12.311 10.969 13.834 14.889 15.911 13.981 13.888 11.067 12.541 11.813 13.827 15.113 16.599 19.313 20.867 22.648 23.994
 16.796 16.509 14.626 15.652 13.925 16.636 16.956 19.767 22.618 22.396 20.626 18.799 16.201 16.323 13.515 14.190 11.794 12.890 12.975 11.668  8.302  5.250  3.852  0.000  3.842  5.418  5.042  6.253  8.795  9.865 10.434 12.592 14.384 15.182 14.772 12.870 11.236  7.630  9.629 11.909  9.883 10.037  9.812 12.995 14.585 18.155 18.636 15.967 12.758  9.661  8.184  4.783  6.444  8.119  8.714 10.311 13.529 13.344 13.622 16.049 14.726 17.389 18.046 18.896 17.245 16.796 13.816 14.637 12.955 14.434 14.746 15.783 18.211 19.461 21.157 22.566
 14.150 14.107 12.961 14.449 13.410 16.623 17.337 20.484 22.989 22.365 20.097 17.911 14.812 14.290 11.012 11.123  8.820 10.184 11.265 10.120  6.331  5.127  5.359  3.842  0.000  3.857  5.381  4.933  6.370  8.778  9.677 10.706 12.563 14.268 14.263 13.292 12.321  9.409 12.307 14.260 12.077 12.661 11.805 14.911 15.953 19.586 20.649 18.361 15.513 12.266 11.429  8.334  9.089  9.994  9.100 10.117 13.263 14.121 14.616 16.230 14.471 16.422 16.417 17.402 16.503 16.477 14.146 15.567 14.168 16.334 16.689 18.268 20.646 21.940 23.690 25.104
 12.449 11.540  9.752 10.771  9.574 12.847 13.836 17.151 19.618 18.784 16.534 14.217 11.313 10.996  8.136  9.202  7.567  9.925 10.894 11.050  7.480  6.623  5.006  5.418  3.857  0.000  3.842  5.391  5.131  6.418  8.714 10.022 10.721 12.177 13.039 11.908 11.931  9.261 12.332 13.297 10.393 10.709  9.165 12.151 13.102 16.817 18.018 16.244 13.703 10.833 11.218  9.050 10.821 10.842  9.608  9.219 12.868 13.987 13.499 14.896 12.451 14.250 13.989 14.350 13.277 12.857 10.572 12.054 10.924 13.596 14.439 16.638 19.208 20.817 22.732 24.197
 16.084 14.739 12.554 12.574 10.281 12.731 12.656 15.550 18.119 17.919 15.976 14.464 11.833 12.675 10.506 12.353 11.264 13.714 14.551 14.380 10.732  8.870  6.361  5.042  5.381  3.842  0.000  3.823  5.400  5.019  6.200  8.786  9.862 10.302 10.385  8.608  8.229  5.522  8.742  9.634  7.121  8.414  8.226 11.862 13.860 17.641 18.072 16.211 13.154 10.902 10.930  8.513 11.190 12.181 12.062 12.183 15.913 16.352 15.642 17.637 15.324 17.455 17.309 17.180 15.718 14.462 11.570 11.828  9.570 11.439 11.479 13.368 15.800 17.310 19.248 20.821
 16.645 15.663 14.300 14.668 12.858 15.478 15.277 18.124 20.305 20.092 17.770 16.306 13.138 13.616 11.002 12.291 11.426 13.871 15.496 14.850 11.031  9.845  8.688  6.253  4.933  5.391  3.823  0.000  3.849  5.434  4.925  6.413  8.787 10.065  9.482  8.880  8.178  6.404 10.039 11.483  9.944 11.927 12.034 15.657 17.487 21.269 21.851 19.931 16.824 14.346 13.811 10.724 12.599 14.078 13.671 14.205 17.686 18.477 18.357 20.082 17.804 19.556 18.989 19.077 18.250 17.322 14.851 15.318 12.987 14.767 14.190 15.832 17.871 19.048 20.847 22.390
 13.974 12.617 11.640 11.970 10.758 13.671 13.993 17.153 18.959 18.230 15.488 13.635 10.126 10.161  7.535  9.074  9.165 12.307 14.498 14.665 11.021 10.952  9.903  8.795  6.370  5.131  5.400  3.849  0.000  3.858  5.327  5.127  6.287  8.624  9.410  9.711 10.461  9.354 13.093 13.720 11.599 13.336 12.595 15.860 17.161 20.880 21.940 20.543 17.906 15.487 15.765 13.168 14.987 15.642 14.376 13.980 17.454 18.938 18.506 19.575 16.782 17.863 16.644 16.414 16.162 15.356 13.581 14.490 12.694 15.211 15.102 17.460 19.581 20.982 22.871 24.390
 15.790 13.636 11.803 10.938  8.708 10.856 10.519 13.502 15.331 14.908 12.417 11.158  8.147  9.585  8.265 11.038 11.575 14.940 16.621 17.196 13.605 12.871 10.704  9.865  8.778  6.418  5.019  5.434  3.858  0.000  3.852  5.461  5.078  5.781  7.117  6.784  8.540  8.044 11.562 11.196  8.959 11.039 10.656 13.938 15.747 19.418 20.055 19.018 16.418 14.725 15.521 13.460 16.090 16.726 15.929 15.181 18.919 20.043 18.939 20.272 17.275 18.550 17.425 16.462 15.711 14.028 11.947 11.967  9.665 11.981 11.699 14.372 16.477 18.055 20.071 21.668
 18.984 17.133 15.545 14.761 12.381 14.075 12.956 15.331 17.014 17.183 14.907 14.331 11.476 13.089 11.657 14.009 14.351 17.465 19.288 19.236 15.459 14.363 12.459 10.434  9.677  8.714  6.200  4.925  5.327  3.852  0.000  3.844  5.571  5.601  4.615  4.795  5.850  6.550 10.098 10.131  9.198 12.190 12.882 16.479 18.759 22.462 22.691 21.351 18.347 16.712 16.787 14.210 16.775 18.200 17.901 17.845 21.539 22.368 21.619 23.288 20.559 22.051 21.036 20.247 19.484 17.757 15.422 14.987 12.076 13.468 12.112 14.055 15.685 16.860 18.748 20.381
 18.176 16.473 15.700 15.228 13.634 15.653 14.973 17.506 18.686 18.438 15.674 14.827 11.523 12.472 10.898 12.802 13.773 17.011 19.498 19.547 15.886 15.659 14.470 12.592 10.706 10.022  8.786  6.413  5.127  5.461  3.844  0.000  3.844  6.037  5.815  7.936  9.290 10.134 13.744 13.926 12.926 15.703 15.870 19.300 21.113 24.798 25.455 24.264 21.456 19.524 19.655 16.896 18.968 20.190 19.293 19.056 22.553 23.928 23.414 24.592 21.689 22.621 21.062 20.323 20.276 18.943 17.239 17.337 14.881 16.742 15.596 17.736 19.236 20.311 22.083 23.608
 17.277 14.908 14.000 12.850 11.357 12.991 12.418 14.976 15.759 15.200 12.222 11.467  8.317  9.741  9.236 11.909 13.697 17.330 19.763 20.529 17.055 17.061 15.437 14.384 12.563 10.721  9.862  8.787  6.287  5.078  5.571  3.844  0.000  3.830  6.072  8.276 10.916 11.875 15.359 14.679 13.172 15.676 15.395 18.418 20.015 23.515 24.305 23.664 21.264 19.703 20.553 18.338 20.731 21.411 20.240 19.289 22.845 24.438 23.403 24.274 21.010 21.578 19.677 18.321 18.439 16.796 15.567 15.558 13.445 15.642 14.886 17.623 19.200 20.542 22.407 23.920
 19.968 17.274 15.668 13.778 11.408 12.016 10.411 12.331 13.061 13.170 10.739 11.055  8.863 11.489 11.707 14.873 16.427 20.046 22.023 22.799 19.238 18.591 16.316 15.182 14.268 12.177 10.302 10.065  8.624  5.781  5.601  6.037  3.830  0.000  3.851  5.704  9.190 10.932 13.872 12.409 11.349 14.203 14.564 17.545 19.672 23.063 23.315 22.849 20.403 19.459 20.440 18.539 21.433 22.303 21.657 20.742 24.478 25.628 24.232 25.478 22.249 23.170 21.578 19.858 19.409 17.103 15.480 14.545 11.890 13.383 12.086 14.778 16.099 17.457 19.370 20.941
 22.416 20.102 18.482 16.935 14.312 14.984 12.976 14.486 15.461 16.159 14.146 14.662 12.450 14.871 14.443 17.233 18.243 21.602 23.533 23.719 19.972 18.884 16.723 14.772 14.263 13.039 10.385  9.482  9.410  7.117  4.615  5.815  6.072  3.851  0.000  3.811  6.557  9.259 11.928 10.868 10.908 14.354 15.550 18.909 21.467 24.978 24.867 23.959 21.084 20.088 20.416 18.130 20.974 22.472 22.309 22.033 25.790 26.589 25.519 27.174 24.247 25.563 24.282 22.925 22.239 19.995 17.867 16.709 13.524 14.261 12.115 13.960 14.889 15.848 17.646 19.261
 22.507 20.206 17.994 16.365 13.211 13.650 11.377 12.776 14.445 15.465 13.979 14.502 12.692 15.348 14.842 17.773 18.203 21.353 22.702 22.808 19.092 17.381 14.728 12.870 13.292 11.908  8.608  8.880  9.711  6.784  4.795  7.936  8.276  5.704  3.811  0.000  3.898  6.465  8.654  7.156  7.322 10.915 12.629 16.025 18.946 22.410 21.925 20.857 17.857 17.170 17.473 15.500 18.680 20.242 20.564 20.431 24.243 24.572 23.328 25.366 22.672 24.453 23.692 22.415 21.118 18.661 16.002 14.421 10.892 11.064  8.693 10.348 11.567 12.766 14.795 16.580
 23.679 21.870 19.663 18.578 15.454 16.281 14.223 15.624 17.683 18.816 17.478 17.693 15.676 17.902 16.720 19.167 18.889 21.582 22.690 22.183 18.451 16.241 13.815 11.236 12.321 11.931  8.229  8.178 10.461  8.540  5.850  9.290 10.916  9.190  6.557  3.898  0.000  3.892  5.616  5.602  6.906 10.541 12.870 16.501 19.608 23.130 22.434 20.771 17.380 16.455 15.938 13.589 16.579 18.738 19.599 20.173 23.864 23.776 22.958 25.383 23.137 25.331 24.999 24.231 22.701 20.536 17.478 16.053 12.459 12.169  9.624 10.116 11.266 12.078 13.944 15.760
 21.559 20.105 17.766 17.189 14.216 15.586 14.203 16.114 18.677 19.434 18.056 17.601 15.449 17.171 15.499 17.595 16.651 18.946 19.633 18.938 15.318 12.740 10.238  7.630  9.409  9.261  5.522  6.404  9.354  8.044  6.550 10.134 11.875 10.932  9.259  6.465  3.892  0.000  3.837  5.459  5.326  8.195 10.269 14.012 16.963 20.547 20.008 17.940 14.409 13.043 12.231  9.742 12.767 14.914 15.966 16.798 20.401 20.095 19.445 22.036 20.088 22.567 22.648 22.303 20.528 18.715 15.422 14.452 11.193 11.281  9.695 10.260 12.140 13.202 15.072 16.811
 24.656 23.223 20.590 19.856 16.629 17.474 15.731 17.033 19.775 20.984 20.162 20.070 18.398 20.370 18.894 21.037 19.852 21.867 22.073 21.191 17.808 14.714 12.053  9.629 12.307 12.332  8.742 10.039 13.093 11.562 10.098 13.744 15.359 13.872 11.928  8.654  5.616  3.837  0.000  3.836  5.562  7.923 11.008 14.376 17.713 20.999 19.822 17.547 13.889 13.188 11.967 10.048 13.190 15.662 17.492 18.641 22.076 21.136 20.417 23.435 21.882 24.729 25.238 24.902 22.704 20.702 17.125 15.631 12.291 11.243  9.255  8.434 10.049 10.814 12.548 14.368
 25.091 23.132 20.220 18.812 15.250 15.330 13.036 13.840 16.485 18.015 17.572 18.016 16.913 19.450 18.671 21.359 20.693 23.120 23.357 23.049 19.651 16.781 13.609 11.909 14.260 13.297  9.634 11.483 13.720 11.196 10.131 13.926 14.679 12.409 10.868  7.156  5.602  5.459  3.836  0.000  3.829  6.830 10.233 13.329 16.925 20.052 18.612 16.948 13.601 13.702 13.461 12.286 15.834 17.733 19.296 19.780 23.390 22.597 21.268 24.137 22.231 24.908 25.224 24.336 22.034 19.508 16.007 13.818 10.188  8.482  5.779  5.095  7.002  8.412 10.656 12.733
 21.710 19.691 16.623 15.268 11.753 12.134 10.441 11.967 14.930 15.890 15.238 15.129 14.024 16.343 15.585 18.301 17.596 20.047 20.133 20.206 16.924 14.238 10.753  9.883 12.077 10.393  7.121  9.944 11.599  8.959  9.198 12.926 13.172 11.349 10.908  7.322  6.906  5.326  5.562  3.829  0.000  3.809  6.631  9.959 13.399 16.702 15.674 14.118 10.885 10.736 11.210 10.339 14.075 15.311 16.466 16.486 20.164 19.599 18.004 20.678 18.594 21.201 21.536 20.635 18.260 15.796 12.259 10.318  6.816  6.074  4.999  6.346  9.103 10.985 13.211 15.040
 21.082 19.205 15.823 14.651 11.324 11.672 10.722 12.312 15.634 16.294 15.983 15.464 14.792 16.760 16.042 18.553 17.439 19.474 18.869 19.145 16.326 13.452  9.708 10.037 12.661 10.709  8.414 11.927 13.336 11.039 12.190 15.703 15.676 14.203 14.354 10.915 10.541  8.195  7.923  6.830  3.809  0.000  3.823  6.646 10.248 13.365 12.154 10.397  7.165  7.536  8.686  9.047 12.837 13.412 14.791 14.608 18.074 17.119 15.162 18.030 16.266 19.188 20.074 19.333 16.463 14.113 10.346  8.449  5.868  5.147  6.282  7.505 10.532 12.594 14.694 16.297
 17.919 16.050 12.527 11.589  8.692  9.611  9.913 12.216 15.523 15.414 14.841 13.561 12.935 14.351 13.668 16.012 14.843 16.775 15.932 16.755 14.268 11.886  8.126  9.812 11.805  9.165  8.226 12.034 12.595 10.656 12.882 15.870 15.395 14.564 15.550 12.629 12.870 10.269 11.008 10.233  6.631  3.823  0.000  3.826  6.870 10.370 10.055  8.551  5.966  5.661  8.171  9.030 12.444 11.978 12.613 11.656 15.117 14.546 12.188 14.688 12.658 15.484 16.442 15.743 12.745 10.617  6.811  5.812  4.773  6.273  8.801 10.888 13.875 15.994 18.031 19.469
 18.693 16.795 13.083 12.023  9.646  9.882 10.803 12.675 15.974 15.630 15.624 14.280 14.472 15.704 15.518 17.740 16.580 18.169 16.725 18.018 16.188 14.051 10.579 12.995 14.911 12.151 11.862 15.657 15.860 13.938 16.479 19.300 18.418 17.545 18.909 16.025 16.501 14.012 14.376 13.329  9.959  6.646  3.826  0.000  3.824  6.797  6.302  5.451  4.511  5.809  9.340 11.402 14.398 13.140 13.706 12.182 15.104 14.284 11.203 13.536 11.781 14.632 16.073 15.227 11.712  9.546  6.091  5.058  6.245  7.424 10.834 12.821 15.695 17.885 19.811 21.061
 16.919 15.263 11.683 11.166  9.960 10.631 12.647 14.775 17.782 16.792 16.639 14.663 14.989 15.448 15.322 17.059 15.803 16.950 15.058 16.907 15.777 14.287 11.419 14.585 15.953 13.102 13.860 17.487 17.161 15.747 18.759 21.113 20.015 19.672 21.467 18.946 19.608 16.963 17.713 16.925 13.399 10.248  6.870  3.824  0.000  3.853  5.539  5.512  6.515  6.967 10.767 13.071 15.361 13.200 13.045 10.751 13.093 12.600  9.037 10.654  8.925 11.607 13.448 12.812  9.057  7.687  5.305  6.289  8.955 10.871 14.407 16.588 19.429 21.606 23.467 24.608
 19.181 17.635 14.242 13.678 12.925 12.985 15.090 16.702 19.508 18.438 18.784 16.958 17.856 18.232 18.458 20.045 18.845 19.656 17.376 19.422 18.831 17.484 14.887 18.155 19.586 16.817 17.641 21.269 20.880 19.418 22.462 24.798 23.515 23.063 24.978 22.410 23.130 20.547 20.999 20.052 16.702 13.365 10.370  6.797  3.853  0.000  3.842  5.614  8.428  9.714 13.366 16.181 18.175 15.706 15.630 13.247 14.775 14.012 10.222 11.351 10.369 12.668 14.897 14.212 10.432  9.419  8.257  8.928 11.985 13.401 17.094 19.074 21.755 23.917 25.656 26.646
 22.262 20.539 16.940 15.916 14.340 13.759 14.984 15.956 18.947 18.506 19.331 18.158 19.237 20.252 20.538 22.491 21.285 22.307 20.127 21.739 20.780 18.834 15.837 18.636 20.649 18.018 18.072 21.851 21.940 20.055 22.691 25.455 24.305 23.315 24.867 21.925 22.434 20.008 19.822 18.612 15.674 12.154 10.055  6.302  5.539  3.842  0.000  3.829  6.986  9.648 13.063 16.150 18.534 16.628 17.336 15.560 17.367 16.015 12.435 14.337 13.579 16.197 18.337 17.479 13.677 11.969 10.022  9.253 11.578 11.900 15.477 16.942 19.463 21.571 23.225 24.168
 21.750 20.446 16.933 16.460 14.697 14.849 15.866 17.206 20.463 20.207 20.621 19.270 19.658 20.522 20.137 21.822 20.094 20.833 18.504 19.544 18.542 16.180 13.282 15.967 18.361 16.244 16.211 19.931 20.543 19.018 21.351 24.264 23.664 22.849 23.959 20.857 20.771 17.940 17.547 16.948 14.118 10.397  8.551  5.451  5.512  5.614  3.829  0.000  3.828  6.510  9.584 12.927 15.150 13.414 14.663 13.560 15.410 13.522 10.336 13.055 12.754 15.983 18.407 18.165 14.399 13.090 10.430 10.002 11.497 11.706 14.921 15.949 18.578 20.542 22.170 23.142
 21.194 19.915 16.425 16.006 13.738 14.254 14.755 16.306 19.717 19.754 19.840 18.602 18.446 19.510 18.725 20.499 18.647 19.599 17.649 18.175 16.613 13.789 10.597 12.758 15.513 13.703 13.154 16.824 17.906 16.418 18.347 21.456 21.264 20.403 21.084 17.857 17.380 14.409 13.889 13.601 10.885  7.165  5.966  4.511  6.515  8.428  6.986  3.828  0.000  3.826  6.552  9.631 12.328 11.326 13.037 12.588 15.037 13.132 10.556 13.783 13.185 16.639 18.745 18.616 15.065 13.568 10.200  9.490  9.781  9.760 12.456 13.238 15.971 17.867 19.572 20.688
 18.471 17.649 14.488 14.826 12.963 14.477 15.387 17.600 20.949 20.665 20.107 18.353 17.482 17.985 16.553 17.841 15.567 16.229 14.281 14.501 12.920 10.051  7.089  9.661 12.266 10.833 10.902 14.346 15.487 14.725 16.712 19.524 19.703 19.459 20.088 17.170 16.455 13.043 13.188 13.702 10.736  7.536  5.661  5.809  6.967  9.714  9.648  6.510  3.826  0.000  3.840  6.638  9.035  7.752  9.319  9.217 11.864 10.124  8.118 11.517 10.937 14.550 16.649 17.094 13.884 13.073  9.742 10.183 10.319 11.263 13.610 14.656 17.493 19.281 21.011 22.199
 20.061 19.700 16.914 17.614 15.700 17.480 18.007 20.191 23.552 23.515 22.777 21.109 19.761 20.192 18.221 19.161 16.481 16.778 14.928 14.145 12.468  8.959  6.677  8.184 11.429 11.218 10.930 13.811 15.765 15.521 16.787 19.655 20.553 20.440 20.416 17.473 15.938 12.231 11.967 13.461 11.210  8.686  8.171  9.340 10.767 13.366 13.063  9.584  6.552  3.840  0.000  3.834  5.901  5.839  8.711 10.142 12.506 10.273  9.641 13.294 13.271 16.934 19.042 19.922 17.025 16.468 13.113 13.491 12.863 13.367 14.881 15.228 17.859 19.290 20.843 21.990
 19.245 19.026 16.630 17.526 15.598 17.804 18.117 20.544 23.747 23.736 22.559 20.873 18.929 19.269 16.850 17.621 14.913 15.384 14.265 12.921 10.549  6.763  4.843  4.783  8.334  9.050  8.513 10.724 13.168 13.460 14.210 16.896 18.338 18.539 18.130 15.500 13.589  9.742 10.048 12.286 10.339  9.047  9.030 11.402 13.071 16.181 16.150 12.927  9.631  6.638  3.834  0.000  3.855  5.697  8.197 10.271 13.003 11.498 11.628 14.868 14.405 17.747 19.304 20.281 17.897 17.398 14.074 14.583 13.282 14.042 14.830 15.224 17.742 18.996 20.562 21.828
 19.449 19.972 18.100 19.669 18.307 20.881 21.544 24.136 27.305 27.087 25.720 23.714 21.526 21.302 18.463 18.470 15.243 14.803 13.373 11.191  9.567  5.982  6.381  6.444  9.089 10.821 11.190 12.599 14.987 16.090 16.775 18.968 20.731 21.433 20.974 18.680 16.579 12.767 13.190 15.834 14.075 12.837 12.444 14.398 15.361 18.175 18.534 15.150 12.328  9.035  5.901  3.855  0.000  3.811  6.781 10.001 11.817 10.080 11.456 14.500 14.777 18.040 19.854 21.491 19.389 19.578 16.622 17.714 16.795 17.788 18.639 18.950 21.360 22.448 23.881 25.031
 17.284 18.010 16.146 18.047 17.210 19.907 21.175 23.930 27.096 26.502 25.166 22.804 20.848 20.226 17.518 17.273 13.870 12.979 10.760  9.104  8.386  5.455  6.058  8.119  9.994 10.842 12.181 14.078 15.642 16.726 18.200 20.190 21.411 22.303 22.472 20.242 18.738 14.914 15.662 17.733 15.311 13.412 11.978 13.140 13.200 15.706 16.628 13.414 11.326  7.752  5.839  5.697  3.811  0.000  3.831  6.917  8.295  6.315  7.823 10.789 11.459 14.807 17.027 18.940 16.765 17.442 14.876 16.562 16.468 17.943 19.510 20.303 22.937 24.296 25.838 26.957
 13.708 14.834 13.473 15.953 15.850 18.981 20.775 23.861 26.804 25.778 24.106 21.332 19.180 17.940 15.056 14.256 10.675  9.345  6.951  5.598  5.402  4.129  5.931  8.714  9.100  9.608 12.062 13.671 14.376 15.929 17.901 19.293 20.240 21.657 22.309 20.564 19.599 15.966 17.492 19.296 16.466 14.791 12.613 13.706 13.045 15.630 17.336 14.663 13.037  9.319  8.711  8.197  6.781  3.831  0.000  3.829  5.275  5.167  6.948  8.721  8.969 11.822 13.794 16.083 14.440 15.742 13.822 16.249 16.602 18.794 20.592 21.984 24.717 26.230 27.894 29.067
 10.937 11.768 10.235 12.869 13.314 16.485 18.796 21.990 24.773 23.396 21.717 18.688 16.828 15.321 12.835 12.145  8.913  7.955  5.181  6.232  6.217  6.298  6.767 10.311 10.117  9.219 12.183 14.205 13.980 15.181 17.845 19.056 19.289 20.742 22.033 20.431 20.173 16.798 18.641 19.780 16.486 14.608 11.656 12.182 10.751 13.247 15.560 13.560 12.588  9.217 10.142 10.271 10.001  6.917  3.829  0.000  3.856  5.500  5.475  6.166  5.334  8.132 10.156 12.385 10.728 12.392 11.052 14.030 15.087 17.777 20.052 21.985 24.830 26.579 28.366 29.565
 11.941 13.629 12.753 15.738 16.683 19.779 22.316 25.459 28.217 26.683 25.065 21.887 20.154 18.271 15.816 14.486 11.149  8.958  5.185  6.051  8.103  8.861 10.215 13.529 13.263 12.868 15.913 17.686 17.454 18.919 21.539 22.553 22.845 24.478 25.790 24.243 23.864 20.401 22.076 23.390 20.164 18.074 15.117 15.104 13.093 14.775 17.367 15.410 15.037 11.864 12.506 13.003 11.817  8.295  5.275  3.856  0.000  3.849  5.404  4.634  5.955  8.117 10.819 13.798 12.478 14.856 14.085 17.235 18.651 21.266 23.689 25.498 28.335 30.043 31.753 32.863
 15.527 16.800 15.306 17.769 18.030 20.757 22.930 25.795 28.816 27.631 26.371 23.509 21.996 20.660 18.311 17.489 14.107 12.276  8.719  8.493  9.968  9.252 10.131 13.344 14.121 13.987 16.352 18.477 18.938 20.043 22.368 23.928 24.438 25.628 26.589 24.572 23.776 20.095 21.136 22.597 19.599 17.119 14.546 14.284 12.600 14.012 16.015 13.522 13.132 10.124 10.273 11.498 10.080  6.315  5.167  5.500  3.849  0.000  3.846  5.471  7.845 10.899 13.986 16.544 14.506 16.289 14.848 17.441 18.668 20.714 23.121 24.456 27.248 28.864 30.472 31.509
 15.144 15.636 13.498 15.432 15.564 17.898 20.192 22.899 25.911 24.687 23.713 20.956 19.949 18.922 17.162 16.979 14.109 13.106  9.743 10.701 11.389 10.437  9.967 13.622 14.616 13.499 15.642 18.357 18.506 18.939 21.619 23.414 23.403 24.232 25.519 23.328 22.958 19.445 20.417 21.268 18.004 15.162 12.188 11.203  9.037 10.222 12.435 10.336 10.556  8.118  9.641 11.628 11.456  7.823  6.948  5.475  5.404  3.846  0.000  3.857  5.622  9.223 12.506 14.417 11.775 13.229 11.812 14.338 16.042 18.118 20.920 22.495 25.348 27.147 28.826 29.874
 13.186 14.101 12.594 15.019 16.072 18.580 21.393 24.266 26.996 25.338 24.176 21.068 20.117 18.481 16.866 16.167 13.513 12.081  8.526 10.484 11.977 12.232 12.311 16.049 16.230 14.896 17.637 20.082 19.575 20.272 23.288 24.592 24.274 25.478 27.174 25.366 25.383 22.036 23.435 24.137 20.678 18.030 14.688 13.536 10.654 11.351 14.337 13.055 13.783 11.517 13.294 14.868 14.500 10.789  8.721  6.166  4.634  5.471  3.857  0.000  3.838  6.365 10.000 12.442 10.419 12.857 12.552 15.696 17.906 20.452 23.418 25.378 28.260 30.144 31.877 32.932
 10.418 10.654  8.835 11.231 12.527 15.193 18.195 21.233 23.785 21.964 20.604 17.379 16.413 14.727 13.349 12.983 10.825 10.295  7.539 10.346 10.912 11.455 10.969 14.726 14.471 12.451 15.324 17.804 16.782 17.275 20.559 21.689 21.010 22.249 24.247 22.672 23.137 20.088 21.882 22.231 18.594 16.266 12.658 11.781  8.925 10.369 13.579 12.754 13.185 10.937 13.271 14.405 14.777 11.459  8.969  5.334  5.955  7.845  5.622  3.838  0.000  3.836  6.965  8.961  6.870  9.392  9.406 12.897 15.203 18.162 21.125 23.493 26.388 28.377 30.216 31.361
  8.347  8.842  8.079 10.883 13.232 15.941 19.326 22.447 24.591 22.352 20.758 17.253 16.360 14.021 12.986 12.121 10.652 10.060  7.973 11.540 12.465 13.951 13.834 17.389 16.422 14.250 17.455 19.556 17.863 18.550 22.051 22.621 21.578 23.170 25.563 24.453 25.331 22.567 24.729 24.908 21.201 19.188 15.484 14.632 11.607 12.668 16.197 15.983 16.639 14.550 16.934 17.747 18.040 14.807 11.822  8.132  8.117 10.899  9.223  6.365  3.836  0.000  3.831  6.570  5.985  9.552 10.920 14.666 17.234 20.522 23.488 26.183 29.039 31.075 32.946 34.095
  5.616  5.613  5.978  9.041 12.159 15.028 18.536 21.795 23.521 21.009 19.022 15.330 14.246 11.370 10.631  9.580  9.180  9.386  8.797 12.580 12.978 15.009 14.889 18.046 16.417 13.989 17.309 18.989 16.644 17.425 21.036 21.062 19.677 21.578 24.282 23.692 24.999 22.648 25.238 25.224 21.536 20.074 16.442 16.073 13.448 14.897 18.337 18.407 18.745 16.649 19.042 19.304 19.854 17.027 13.794 10.156 10.819 13.986 12.506 10.000  6.965  3.831  0.000  3.839  5.565  9.119 11.202 14.955 17.341 20.931 23.666 26.678 29.452 31.491 33.404 34.600
  7.631  5.468  4.818  6.438  9.939 12.273 15.938 19.047 20.445 17.730 15.832 12.179 11.735  9.170  9.710  9.877 10.628 12.005 11.932 15.568 15.225 16.808 15.911 18.896 17.402 14.350 17.180 19.077 16.414 16.462 20.247 20.323 18.321 19.858 22.925 22.415 24.231 22.303 24.902 24.336 20.635 19.333 15.743 15.227 12.812 14.212 17.479 18.165 18.616 17.094 19.922 20.281 21.491 18.940 16.083 12.385 13.798 16.544 14.417 12.442  8.961  6.570  3.839  0.000  3.844  6.631  9.599 13.034 15.627 19.272 22.057 25.334 28.016 30.140 32.081 33.288
  9.930  7.889  5.297  6.064  8.446 10.491 14.114 17.093 18.975 16.589 15.202 11.829 11.783 10.229 10.635 11.510 11.454 12.789 11.892 15.254 14.717 15.473 13.981 17.245 16.503 13.277 15.718 18.250 16.162 15.711 19.484 20.276 18.439 19.409 22.239 21.118 22.701 20.528 22.704 22.034 18.260 16.463 12.745 11.712  9.057 10.432 13.677 14.399 15.065 13.884 17.025 17.897 19.389 16.765 14.440 10.728 12.478 14.506 11.775 10.419  6.870  5.985  5.565  3.844  0.000  3.829  6.491 10.041 13.009 16.452 19.545 22.651 25.413 27.595 29.536 30.728
 12.562  9.758  6.336  4.707  5.736  6.913 10.540 13.387 15.310 13.059 12.001  9.006  9.680  9.380 10.552 12.590 12.948 15.017 14.437 17.387 16.118 16.188 13.888 16.796 16.477 12.857 14.462 17.322 15.356 14.028 17.757 18.943 16.796 17.103 19.995 18.661 20.536 18.715 20.702 19.508 15.796 14.113 10.617  9.546  7.687  9.419 11.969 13.090 13.568 13.073 16.468 17.398 19.578 17.442 15.742 12.392 14.856 16.289 13.229 12.857  9.392  9.552  9.119  6.631  3.829  0.000  3.831  6.705  9.860 13.239 16.386 19.638 22.325 24.568 26.537 27.762
 13.878 11.376  7.574  6.114  4.785  6.166  8.986 11.931 14.517 12.988 12.087  9.639  9.777 10.303 10.702 13.043 12.760 14.896 14.158 16.449 14.684 13.939 11.067 13.816 14.146 10.572 11.570 14.851 13.581 11.947 15.422 17.239 15.567 15.480 17.867 16.002 17.478 15.422 17.125 16.007 12.259 10.346  6.811  6.091  5.305  8.257 10.022 10.430 10.200  9.742 13.113 14.074 16.622 14.876 13.822 11.052 14.085 14.848 11.812 12.552  9.406 10.920 11.202  9.599  6.491  3.831  0.000  3.830  6.675 10.010 13.191 16.240 19.041 21.273 23.283 24.575
 17.384 14.640 10.873  8.538  5.723  4.908  6.396  8.760 11.723 10.884 10.721  9.429 10.277 12.051 12.898 15.800 15.746 18.154 17.552 19.462 17.309 15.948 12.541 14.637 15.567 12.054 11.828 15.318 14.490 11.967 14.987 17.337 15.558 14.545 16.709 14.421 16.053 14.452 15.631 13.818 10.318  8.449  5.812  5.058  6.289  8.928  9.253 10.002  9.490 10.183 13.491 14.583 17.714 16.562 16.249 14.030 17.235 17.441 14.338 15.696 12.897 14.666 14.955 13.034 10.041  6.705  3.830  0.000  3.827  6.651 10.075 13.189 15.900 18.227 20.270 21.603
 18.778 16.082 12.513 10.229  6.581  5.919  5.279  7.619 10.840 10.857 10.492  9.947 10.107 12.551 13.021 16.181 16.127 18.818 18.641 19.974 17.250 15.457 11.813 12.955 14.168 10.924  9.570 12.987 12.694  9.665 12.076 14.881 13.445 11.890 13.524 10.892 12.459 11.193 12.291 10.188  6.816  5.868  4.773  6.245  8.955 11.985 11.578 11.497  9.781 10.319 12.863 13.282 16.795 16.468 16.602 15.087 18.651 18.668 16.042 17.906 15.203 17.234 17.341 15.627 13.009  9.860  6.675  3.827  0.000  3.808  6.589  9.899 12.662 14.979 17.138 18.658
 22.449 19.841 16.268 13.972 10.308  8.960  7.036  7.673 11.008 12.064 12.513 12.899 13.371 16.138 16.596 19.759 19.537 22.098 21.744 22.719 19.931 17.611 13.827 14.434 16.334 13.596 11.439 14.767 15.211 11.981 13.468 16.742 15.642 13.383 14.261 11.064 12.169 11.281 11.243  8.482  6.074  5.147  6.273  7.424 10.871 13.401 11.900 11.706  9.760 11.263 13.367 14.042 17.788 17.943 18.794 17.777 21.266 20.714 18.118 20.452 18.162 20.522 20.931 19.272 16.452 13.239 10.010  6.651  3.808  0.000  3.830  6.682  9.460 11.919 14.137 15.748
 24.485 21.901 18.586 16.315 12.526 11.336  8.563  8.658 11.474 13.199 13.498 14.470 14.525 17.594 17.876 21.113 21.017 23.759 23.803 24.383 21.240 18.768 15.113 14.746 16.689 14.439 11.479 14.190 15.102 11.699 12.112 15.596 14.886 12.086 12.115  8.693  9.624  9.695  9.255  5.779  4.999  6.282  8.801 10.834 14.407 17.094 15.477 14.921 12.456 13.610 14.881 14.830 18.639 19.510 20.592 20.052 23.689 23.121 20.920 23.418 21.125 23.488 23.666 22.057 19.545 16.386 13.191 10.075  6.589  3.830  0.000  3.819  6.487  8.931 11.389 13.309
 27.450 25.112 21.804 19.792 16.037 14.991 12.262 11.954 14.573 16.624 17.128 18.198 18.133 21.100 21.071 24.112 23.669 26.158 26.014 26.168 23.036 20.147 16.599 15.783 18.268 16.638 13.368 15.832 17.460 14.372 14.055 17.736 17.623 14.778 13.960 10.348 10.116 10.260  8.434  5.095  6.346  7.505 10.888 12.821 16.588 19.074 16.942 15.949 13.238 14.656 15.228 15.224 18.950 20.303 21.984 21.985 25.498 24.456 22.495 25.378 23.493 26.183 26.678 25.334 22.651 19.638 16.240 13.189  9.899  6.682  3.819  0.000  3.830  6.306  8.868 10.993
 30.101 27.708 24.476 22.347 18.592 17.340 14.322 13.454 15.677 18.096 18.778 20.239 20.263 23.385 23.465 26.566 26.258 28.813 28.789 28.848 25.651 22.754 19.313 18.211 20.646 19.208 15.800 17.871 19.581 16.477 15.685 19.236 19.200 16.099 14.889 11.567 11.266 12.140 10.049  7.002  9.103 10.532 13.875 15.695 19.429 21.755 19.463 18.578 15.971 17.493 17.859 17.742 21.360 22.937 24.717 24.830 28.335 27.248 25.348 28.260 26.388 29.039 29.452 28.016 25.413 22.325 19.041 15.900 12.662  9.460  6.487  3.830  0.000  3.837  6.648  8.981
 31.947 29.643 26.504 24.461 20.747 19.589 16.528 15.557 17.589 20.128 20.774 22.317 22.216 25.310 25.277 28.297 27.945 30.448 30.483 30.338 27.107 24.144 20.867 19.461 21.940 20.817 17.310 19.048 20.982 18.055 16.860 20.311 20.542 17.457 15.848 12.766 12.078 13.202 10.814  8.412 10.985 12.594 15.994 17.885 21.606 23.917 21.571 20.542 17.867 19.281 19.290 18.996 22.448 24.296 26.230 26.579 30.043 28.864 27.147 30.144 28.377 31.075 31.491 30.140 27.595 24.568 21.273 18.227 14.979 11.919  8.931  6.306  3.837  0.000  3.841  6.697
 33.845 31.593 28.486 26.477 22.823 21.640 18.621 17.503 19.315 21.910 22.670 24.292 24.231 27.297 27.253 30.216 29.830 32.264 32.273 32.029 28.840 25.829 22.648 21.157 23.690 22.732 19.248 20.847 22.871 20.071 18.748 22.083 22.407 19.370 17.646 14.795 13.944 15.072 12.548 10.656 13.211 14.694 18.031 19.811 23.467 25.656 23.225 22.170 19.572 21.011 20.843 20.562 23.881 25.838 27.894 28.366 31.753 30.472 28.826 31.877 30.216 32.946 33.404 32.081 29.536 26.537 23.283 20.270 17.138 14.137 11.389  8.868  6.648  3.841  0.000  3.815
