  0.000  3.833  6.766 10.351 13.271 16.751 19.764 23.290 24.815 22.462 19.826 16.148 13.867 10.363  8.342  5.544  5.460  5.849  7.619 10.780 10.725 13.714 14.477 16.766 14.113 12.407 16.035 16.599 13.936 15.788 18.961 18.119 17.253 19.956 22.391 22.517 23.615 21.504 24.636 25.074 21.697 21.100 17.922 18.677 16.899 19.170 22.243 21.725 21.185 18.452 20.041 19.219 19.397 17.263 13.677 10.919 11.920 15.507 15.141 13.203 10.437  8.367  5.640  7.621  9.925 12.568 13.898 17.382 18.759 22.437 24.474 27.426 30.084 31.815 33.617 34.797
  3.833  0.000  3.826  6.868 10.070 13.354 16.431 19.912 21.233 18.785 16.120 12.417 10.351  6.825  5.735  4.627  6.231  8.386  9.987 13.134 12.196 14.465 14.249 16.499 14.084 11.515 14.705 15.633 12.589 13.649 17.131 16.433 14.895 17.277 20.099 20.243 21.839 20.075 23.221 23.132 19.696 19.235 16.062 16.787 15.248 17.625 20.531 20.436 19.921 17.643 19.695 19.013 19.932 18.002 14.809 11.756 13.617 16.791 15.646 14.125 10.681  8.858  5.650  5.470  7.887  9.772 11.400 14.644 16.072 19.837 21.915 25.117 27.723 29.552 31.425 32.653
  6.766  3.826  0.000  3.820  6.728 10.077 13.271 16.763 18.423 16.142 13.820 10.166  8.509  6.003  5.452  6.425  7.129  9.603 10.282 13.295 11.900 13.212 12.096 14.642 12.962  9.748 12.539 14.294 11.632 11.834 15.569 15.686 14.000 15.679 18.502 18.055 19.664 17.758 20.608 20.240 16.645 15.865 12.554 13.082 11.671 14.226 16.934 16.933 16.445 14.498 16.927 16.635 18.082 16.158 13.464 10.236 12.758 15.312 13.520 12.625  8.866  8.086  6.010  4.807  5.284  6.346  7.603 10.883 12.516 16.275 18.610 21.821 24.496 26.417 28.308 29.555
 10.351  6.868  3.820  0.000  3.817  6.567  9.924 13.329 14.767 12.397 10.170  6.536  5.752  4.694  6.248  8.857 10.238 13.150 13.816 16.593 14.747 15.368 13.414 15.657 14.441 10.761 12.547 14.655 11.956 10.962 14.786 15.219 12.850 13.790 16.961 16.432 18.591 17.181 19.862 18.819 15.277 14.668 11.590 11.998 11.130 13.636 15.892 16.447 16.009 14.815 17.609 17.511 19.635 18.043 15.928 12.857 15.735 17.766 15.442 15.040 11.250 10.883  9.079  6.454  6.049  4.707  6.108  8.522 10.212 13.956 16.339 19.810 22.371 24.389 26.335 27.619
 13.271 10.070  6.728  3.817  0.000  3.829  6.618 10.209 12.153 10.413  8.464  5.676  5.059  6.368  7.544 10.833 11.739 14.824 15.339 17.516 15.106 14.822 12.123 13.946 13.417  9.584 10.270 12.866 10.764  8.750 12.431 13.655 11.377 11.432 14.363 13.299 15.493 14.227 16.644 15.265 11.767 11.335  8.681  9.603  9.905 12.861 14.297 14.675 13.735 12.949 15.699 15.587 18.278 17.210 15.829 13.307 16.684 18.028 15.572 16.087 12.541 13.229 12.196  9.951  8.428  5.729  4.765  5.682  6.552 10.282 12.551 16.061 18.621 20.688 22.705 24.081
 16.751 13.354 10.077  6.567  3.829  0.000  3.838  7.009  8.834  7.098  6.081  4.652  6.392  8.905 10.965 14.419 15.542 18.602 18.925 21.122 18.728 18.087 15.017 16.662 16.629 12.858 12.721 15.481 13.666 10.879 14.117 15.665 12.992 12.023 15.031 13.743 16.342 15.608 17.493 15.351 12.156 11.683  9.610  9.859 10.602 12.940 13.742 14.857 14.274 14.482 17.493 17.800 20.863 19.919 18.970 16.488 19.794 20.772 17.926 18.612 15.220 15.947 15.071 12.299 10.494  6.923  6.150  4.874  5.902  8.935 11.386 15.041 17.384 19.552 21.553 22.909
 19.764 16.431 13.271  9.924  6.618  3.838  0.000  3.835  6.179  5.991  5.602  6.385  7.849 11.219 13.052 16.718 17.817 21.039 21.528 23.285 20.501 19.384 16.041 16.965 17.317 13.825 12.627 15.250 13.952 10.496 12.962 14.950 12.373 10.368 12.990 11.445 14.281 14.218 15.739 13.049 10.455 10.729  9.907 10.796 12.637 15.067 14.993 15.899 14.793 15.398 18.024 18.106 21.515 21.179 20.753 18.793 22.325 22.944 20.224 21.427 18.223 19.332 18.570 15.955 14.117 10.555  8.980  6.377  5.250  7.012  8.632 12.336 14.391 16.534 18.610 20.079
 23.290 19.912 16.763 13.329 10.209  7.009  3.835  0.000  3.857  5.653  6.901  9.055 11.076 14.567 16.587 20.267 21.399 24.593 24.972 26.664 23.869 22.505 19.015 19.738 20.427 17.110 15.479 18.046 17.071 13.425 15.270 17.429 14.881 12.221 14.425 12.758 15.622 16.069 16.972 13.779 11.917 12.266 12.189 12.676 14.791 16.715 16.002 17.262 16.346 17.604 20.190 20.503 24.084 23.920 23.830 21.989 25.476 25.816 22.946 24.320 21.280 22.478 21.852 19.096 17.132 13.434 11.937  8.759  7.573  7.612  8.672 11.976 13.454 15.513 17.469 18.907
 24.815 21.233 18.423 14.767 12.153  8.834  6.179  3.857  0.000  3.839  6.053  9.278 11.802 15.369 17.907 21.644 23.279 26.656 27.334 29.207 26.394 25.324 21.971 22.594 22.929 19.573 18.056 20.231 18.870 15.251 16.958 18.602 15.649 12.953 15.406 14.444 17.709 18.660 19.747 16.466 14.913 15.619 15.506 15.976 17.786 19.507 18.991 20.521 19.766 20.959 23.562 23.718 27.256 27.084 26.762 24.752 28.211 28.822 25.942 27.028 23.804 24.585 23.540 20.454 18.974 15.321 14.500 11.707 10.803 10.983 11.552 14.676 15.786 17.653 19.445 20.763
 22.462 18.785 16.142 12.397 10.413  7.098  5.991  5.653  3.839  0.000  3.811  6.742  9.850 13.087 15.999 19.635 21.509 24.860 25.583 27.780 25.192 24.535 21.391 22.408 22.350 18.780 17.899 20.076 18.201 14.895 17.197 18.423 15.164 13.149 16.183 15.541 18.889 19.460 20.996 18.034 15.907 16.294 15.406 15.614 16.772 18.402 18.509 20.232 19.784 20.673 23.530 23.727 27.057 26.503 25.752 23.385 26.685 27.639 24.712 25.367 21.982 22.346 21.038 17.748 16.586 13.062 12.963 10.849 10.828 12.032 13.286 16.725 18.212 20.181 22.004 23.283
 19.826 16.120 13.820 10.170  8.464  6.081  5.602  6.901  6.053  3.811  0.000  3.836  6.600  9.950 12.962 16.620 18.783 22.294 23.406 25.593 22.919 22.606 19.743 20.641 20.091 16.540 15.959 17.758 15.469 12.414 14.924 15.666 12.201 10.734 14.170 14.050 17.533 18.077 20.164 17.573 15.246 15.983 14.831 15.603 16.617 18.747 19.324 20.635 19.861 20.111 22.789 22.551 25.691 25.174 24.091 21.720 25.078 26.386 23.746 24.216 20.638 20.773 19.073 15.872 15.213 12.019 12.076 10.688 10.452 12.466 13.559 17.202 18.875 20.804 22.746 24.098
 16.148 12.417 10.166  6.536  5.676  4.652  6.385  9.055  9.278  6.742  3.836  0.000  3.828  6.558  9.764 13.291 15.481 18.904 20.011 22.420 19.984 20.064 17.504 18.820 17.911 14.227 14.451 16.302 13.626 11.174 14.360 14.828 11.465 11.068 14.697 14.581 17.739 17.620 20.080 18.024 15.144 15.475 13.559 14.259 14.637 16.920 18.145 19.275 18.620 18.356 21.121 20.868 23.688 22.813 21.320 18.692 21.898 23.521 20.985 21.105 17.412 17.266 15.379 12.212 11.834  9.022  9.631  9.400  9.915 12.864 14.523 18.257 20.318 22.317 24.304 25.647
 13.867 10.351  8.509  5.752  5.059  6.392  7.849 11.076 11.802  9.850  6.600  3.828  0.000  3.837  6.446 10.142 12.444 16.082 17.671 19.787 17.110 17.427 15.229 16.204 14.798 11.307 11.805 13.122 10.109  8.158 11.496 11.520  8.322  8.885 12.479 12.756 15.694 15.450 18.394 16.906 14.021 14.791 12.910 14.426 14.937 17.795 19.196 19.635 18.438 17.460 19.752 18.907 21.478 20.835 19.148 16.813 20.142 21.984 19.951 20.128 16.425 16.355 14.280 11.746 11.763  9.676  9.762 10.231 10.052 13.324 14.552 18.169 20.328 22.202 24.239 25.652
 10.363  6.825  6.003  4.694  6.368  8.905 11.219 14.567 15.369 13.087  9.950  6.558  3.837  0.000  3.810  6.942  9.747 13.283 15.160 17.588 15.323 16.429 14.943 16.292 14.245 10.955 12.617 13.570 10.118  9.574 13.078 12.436  9.728 11.492 14.870 15.381 17.876 17.136 20.341 19.422 16.318 16.746 14.314 15.647 15.385 18.168 20.201 20.478 19.480 17.940 20.156 19.221 21.226 20.186 17.883 15.281 18.234 20.621 18.900 18.474 14.721 14.005 11.393  9.172 10.198  9.367 10.280 12.003 12.491 16.087 17.597 21.105 23.417 25.253 27.236 28.584
  8.342  5.735  5.452  6.248  7.544 10.965 13.052 16.587 17.907 15.999 12.962  9.764  6.446  3.810  0.000  3.816  6.269 10.000 12.262 14.284 11.838 13.226 12.302 13.481 10.967  8.093 10.451 10.957  7.498  8.265 11.647 10.867  9.235 11.714 14.440 14.866 16.676 15.455 18.868 18.646 15.563 16.039 13.638 15.467 15.263 18.399 20.485 20.091 18.693 16.509 18.184 16.804 18.385 17.476 14.998 12.798 15.777 18.270 17.136 16.857 13.346 12.974 10.655  9.708 10.608 10.549 10.701 12.865 12.972 16.558 17.871 21.065 23.487 25.205 27.162 28.527
  5.544  4.627  6.425  8.857 10.833 14.419 16.718 20.267 21.644 19.635 16.620 13.291 10.142  6.942  3.816  0.000  3.833  7.166 10.113 12.157 10.302 12.696 12.871 14.163 11.084  9.169 12.310 12.246  9.039 11.040 13.988 12.751 11.896 14.872 17.214 17.783 19.105 17.548 21.017 21.340 18.291 18.573 16.009 17.719 17.033 20.020 22.466 21.798 20.491 17.822 19.144 17.595 18.408 17.248 14.219 12.131 14.464 17.467 16.975 16.181 13.006 12.138  9.618  9.886 11.509 12.609 13.072 15.797 16.158 19.744 21.111 24.105 26.578 28.204 30.082 31.381
  5.460  6.231  7.129 10.238 11.739 15.542 17.817 21.399 23.279 21.509 18.783 15.481 12.444  9.747  6.269  3.833  0.000  3.828  6.707  8.396  6.595  9.321 10.166 11.763  8.784  7.532 11.224 11.389  9.144 11.588 14.339 13.737 13.696 16.428 18.230 18.212 18.820 16.596 19.834 20.678 17.586 17.463 14.844 16.563 15.779 18.823 21.256 20.065 18.634 15.545 16.460 14.886 15.180 13.841 10.637  8.900 11.125 14.079 14.098 13.520 10.847 10.671  9.217 10.633 11.456 12.968 12.798 15.752 16.115 19.533 21.003 23.643 26.247 27.825 29.630 30.891
  5.849  8.386  9.603 13.150 14.824 18.602 21.039 24.593 26.656 24.860 22.294 18.904 16.082 13.283 10.000  7.166  3.828  0.000  3.883  5.459  5.413  8.994 10.971 12.862 10.159  9.895 13.683 13.842 12.293 14.954 17.455 16.977 17.328 20.044 21.588 21.360 21.510 18.889 21.854 23.110 20.040 19.504 16.784 18.159 16.933 19.643 22.280 20.802 19.585 16.211 16.759 15.367 14.754 12.957  9.319  7.948  8.934 12.250 13.094 12.085 10.311 10.079  9.403 11.994 12.785 15.029 14.933 18.165 18.813 22.102 23.738 26.120 28.784 30.304 32.011 33.189
  7.619  9.987 10.282 13.816 15.339 18.925 21.528 24.972 27.334 25.583 23.406 20.011 17.671 15.160 12.262 10.113  6.707  3.883  0.000  3.837  5.548  8.351 10.298 12.990 11.284 10.901 14.561 15.510 14.516 16.671 19.321 19.500 19.787 22.049 23.559 22.754 22.667 19.618 22.107 23.395 20.170 18.940 15.986 16.755 15.076 17.394 20.129 18.502 17.671 14.302 14.946 14.290 13.372 10.775  6.961  5.203  5.168  8.710  9.749  8.534  7.563  7.986  8.796 11.917 11.900 14.464 14.222 17.601 18.682 21.794 23.816 26.004 28.776 30.351 31.984 33.085
 10.780 13.134 13.295 16.593 17.516 21.122 23.285 26.664 29.207 27.780 25.593 22.420 19.787 17.588 14.284 12.157  8.396  5.459  3.837  0.000  3.837  6.565  9.664 11.644 10.113 11.025 14.359 14.840 14.662 17.211 19.236 19.528 20.529 22.793 23.711 22.813 22.112 18.880 21.186 23.045 20.198 19.172 16.761 18.003 16.881 19.397 21.695 19.497 18.148 14.476 14.120 12.909 11.158  9.080  5.579  6.221  6.011  8.451 10.664 10.457 10.332 11.533 12.568 15.533 15.231 17.379 16.473 19.468 19.972 22.729 24.344 26.103 28.784 30.157 31.690 32.767
 10.725 12.196 11.900 14.747 15.106 18.728 20.501 23.869 26.394 25.192 22.919 19.984 17.110 15.323 11.838 10.302  6.595  5.413  5.548  3.837  0.000  3.843  6.831  8.291  6.332  7.457 10.716 11.024 11.016 13.617 15.459 15.867 17.051 19.227 19.963 19.095 18.385 15.270 17.814 19.654 16.921 16.362 14.274 16.172 15.745 18.797 20.737 18.505 16.597 12.905 12.462 10.554  9.544  8.380  5.388  6.213  8.078  9.943 11.365 11.959 10.902 12.449 12.962 15.179 14.682 16.103 14.707 17.308 17.243 19.941 21.206 22.987 25.611 26.958 28.566 29.742
 13.714 14.465 13.212 15.368 14.822 18.087 19.384 22.505 25.324 24.535 22.606 20.064 17.427 16.429 13.226 12.696  9.321  8.994  8.351  6.565  3.843  0.000  3.828  5.233  5.130  6.607  8.858  9.841 10.950 12.883 14.368 15.649 17.059 18.577 18.879 17.382 16.177 12.687 14.720 16.785 14.234 13.487 11.892 14.039 14.259 17.449 18.790 16.144 13.771 10.035  8.951  6.762  5.949  5.443  4.112  6.303  8.850  9.235 10.417 12.219 11.452 13.943 15.008 16.778 15.450 16.182 13.967 15.955 15.459 17.630 18.725 20.085 22.696 23.980 25.526 26.704
 14.477 14.249 12.096 13.414 12.123 15.017 16.041 19.015 21.971 21.391 19.743 17.504 15.229 14.943 12.302 12.871 10.166 10.971 10.298  9.664  6.831  3.828  0.000  3.847  5.362  4.997  6.342  8.683  9.899 10.715 12.468 14.463 15.432 16.296 16.720 14.732 13.761 10.181 12.050 13.606 10.742  9.736  8.128 10.567 11.394 14.855 15.797 13.254 10.582  7.074  6.672  4.829  6.349  6.063  5.928  6.788 10.231 10.139  9.972 12.324 10.988 13.842 14.912 15.902 13.974 13.893 11.100 12.550 11.816 13.842 15.064 16.531 19.248 20.703 22.355 23.621
 16.766 16.499 14.642 15.657 13.946 16.662 16.965 19.738 22.594 22.408 20.641 18.820 16.204 16.292 13.481 14.163 11.763 12.862 12.990 11.644  8.291  5.233  3.847  0.000  3.841  5.430  5.065  6.266  8.805  9.888 10.457 12.602 14.397 15.182 14.785 12.881 11.186  7.593  9.654 11.933  9.903 10.096  9.833 13.003 14.575 18.133 18.613 15.959 12.764  9.665  8.198  4.784  6.390  8.107  8.691 10.318 13.523 13.334 13.619 16.050 14.739 17.389 18.063 18.889 17.241 16.814 13.866 14.665 12.978 14.478 14.725 15.749 18.193 19.358 20.975 22.316
 14.113 14.084 12.962 14.441 13.417 16.629 17.317 20.427 22.929 22.350 20.091 17.911 14.798 14.245 10.967 11.084  8.784 10.159 11.284 10.113  6.332  5.130  5.362  3.841  0.000  3.855  5.378  4.926  6.368  8.785  9.675 10.693 12.560 14.254 14.251 13.284 12.246  9.364 12.316 14.263 12.079 12.702 11.808 14.901 15.928 19.554 20.615 18.342 15.511 12.262 11.440  8.341  9.052  9.993  9.087 10.127 13.257 14.114 14.614 16.233 14.484 16.420 16.427 17.380 16.485 16.480 14.180 15.571 14.161 16.347 16.662 18.236 20.638 21.843 23.540 24.886
 12.407 11.515  9.748 10.761  9.584 12.858 13.825 17.110 19.573 18.780 16.540 14.227 11.307 10.955  8.093  9.169  7.532  9.895 10.901 11.025  7.457  6.607  4.997  5.430  3.855  0.000  3.840  5.400  5.139  6.454  8.746 10.030 10.735 12.185 13.060 11.945 11.904  9.246 12.356 13.318 10.412 10.756  9.169 12.134 13.064 16.770 17.979 16.222 13.700 10.820 11.221  9.044 10.778 10.829  9.573  9.207 12.846 13.965 13.485 14.888 12.451 14.233 13.994 14.325 13.248 12.854 10.600 12.055 10.921 13.613 14.437 16.633 19.224 20.743 22.602 24.009
 16.035 14.705 12.539 12.547 10.270 12.721 12.627 15.479 18.056 17.899 15.959 14.451 11.805 12.617 10.451 12.310 11.224 13.683 14.561 14.359 10.716  8.858  6.342  5.065  5.378  3.840  0.000  3.837  5.392  5.023  6.232  8.798  9.861 10.287 10.401  8.631  8.209  5.516  8.770  9.651  7.130  8.448  8.205 11.829 13.811 17.582 18.022 16.186 13.145 10.885 10.938  8.511 11.154 12.174 12.033 12.172 15.897 16.337 15.631 17.628 15.320 17.432 17.310 17.149 15.681 14.446 11.577 11.806  9.543 11.439 11.461 13.359 15.823 17.265 19.190 20.727
 16.599 15.633 14.294 14.655 12.866 15.481 15.250 18.046 20.231 20.076 17.758 16.302 13.122 13.570 10.957 12.246 11.389 13.842 15.510 14.840 11.024  9.841  8.683  6.266  4.926  5.400  3.837  0.000  3.843  5.426  4.922  6.409  8.782 10.048  9.471  8.865  8.109  6.387 10.053 11.486  9.950 11.964 12.026 15.640 17.455 21.228 21.817 19.921 16.828 14.343 13.829 10.731 12.563 14.076 13.652 14.209 17.677 18.469 18.357 20.086 17.815 19.548 19.000 19.056 18.227 17.323 14.875 15.308 12.964 14.769 14.177 15.831 17.913 19.027 20.852 22.357
 13.936 12.589 11.632 11.956 10.764 13.666 13.952 17.071 18.870 18.201 15.469 13.626 10.109 10.118  7.498  9.039  9.144 12.293 14.516 14.662 11.016 10.950  9.899  8.805  6.368  5.139  5.392  3.843  0.000  3.857  5.328  5.120  6.286  8.616  9.402  9.713 10.410  9.341 13.099 13.714 11.599 13.363 12.580 15.831 17.119 20.828 21.898 20.525 17.903 15.476 15.774 13.167 14.949 15.638 14.356 13.982 17.443 18.928 18.504 19.580 16.795 17.857 16.658 16.392 16.133 15.350 13.595 14.467 12.655 15.193 15.096 17.466 19.629 20.959 22.877 24.363
 15.788 13.649 11.834 10.962  8.750 10.879 10.496 13.425 15.251 14.895 12.414 11.174  8.158  9.574  8.265 11.040 11.588 14.954 16.671 17.211 13.617 12.883 10.715  9.888  8.785  6.454  5.023  5.426  3.857  0.000  3.852  5.449  5.062  5.752  7.101  6.793  8.506  8.039 11.557 11.182  8.962 11.069 10.655 13.930 15.734 19.394 20.041 19.030 16.439 14.737 15.547 13.465 16.063 16.741 15.930 15.210 18.941 20.063 18.972 20.313 17.323 18.579 17.482 16.486 15.724 14.059 11.989 11.964  9.638 11.967 11.705 14.392 16.539 18.049 20.109 21.696
 18.961 17.131 15.569 14.786 12.431 14.117 12.962 15.270 16.958 17.197 14.924 14.360 11.496 13.078 11.647 13.988 14.339 17.455 19.321 19.236 15.459 14.368 12.468 10.457  9.675  8.746  6.232  4.922  5.328  3.852  0.000  3.840  5.566  5.593  4.603  4.794  5.820  6.579 10.113 10.144  9.231 12.243 12.898 16.492 18.760 22.452 22.695 21.382 18.385 16.737 16.825 14.225 16.747 18.212 17.896 17.869 21.552 22.383 21.649 23.322 20.602 22.073 21.081 20.266 19.497 17.796 15.475 15.005 12.078 13.489 12.149 14.112 15.797 16.926 18.908 20.540
 18.119 16.433 15.686 15.219 13.655 15.665 14.950 17.429 18.602 18.423 15.666 14.828 11.520 12.436 10.867 12.751 13.737 16.977 19.500 19.528 15.867 15.649 14.463 12.602 10.693 10.030  8.798  6.409  5.120  5.449  3.840  0.000  3.845  6.052  5.816  7.944  9.269 10.162 13.764 13.937 12.947 15.741 15.864 19.284 21.082 24.757 25.431 24.267 21.470 19.524 19.675 16.901 18.928 20.184 19.266 19.052 22.534 23.913 23.414 24.594 21.699 22.608 21.069 20.302 20.250 18.946 17.258 17.323 14.853 16.739 15.628 17.793 19.354 20.384 22.263 23.782
 17.253 14.895 14.000 12.850 11.377 12.992 12.373 14.881 15.649 15.164 12.201 11.465  8.322  9.728  9.235 11.896 13.696 17.328 19.787 20.529 17.051 17.059 15.432 14.397 12.560 10.735  9.861  8.782  6.286  5.062  5.566  3.845  0.000  3.836  6.064  8.287 10.902 11.887 15.356 14.662 13.170 15.689 15.375 18.387 19.976 23.466 24.272 23.658 21.269 19.696 20.564 18.335 20.692 21.409 20.221 19.293 22.841 24.434 23.411 24.289 21.032 21.581 19.708 18.321 18.422 16.801 15.577 15.527 13.393 15.605 14.904 17.665 19.299 20.590 22.562 24.083
 19.956 17.277 15.679 13.790 11.432 12.023 10.368 12.221 12.953 13.149 10.734 11.068  8.885 11.492 11.714 14.872 16.428 20.044 22.049 22.793 19.227 18.577 16.296 15.182 14.254 12.185 10.287 10.048  8.616  5.752  5.593  6.052  3.836  0.000  3.855  5.710  9.188 10.934 13.840 12.367 11.326 14.188 14.524 17.503 19.629 23.008 23.276 22.837 20.395 19.440 20.435 18.514 21.379 22.288 21.628 20.741 24.473 25.619 24.236 25.492 22.271 23.176 21.619 19.875 19.403 17.115 15.485 14.507 11.827 13.326 12.095 14.814 16.197 17.513 19.559 21.162
 22.391 20.099 18.502 16.961 14.363 15.031 12.990 14.425 15.406 16.183 14.170 14.697 12.479 14.870 14.440 17.214 18.230 21.588 23.559 23.711 19.963 18.879 16.720 14.785 14.251 13.060 10.401  9.471  9.402  7.101  4.603  5.816  6.064  3.855  0.000  3.815  6.579  9.298 11.931 10.872 10.934 14.388 15.554 18.915 21.464 24.964 24.872 23.991 21.119 20.105 20.445 18.132 20.936 22.475 22.294 22.047 25.795 26.597 25.544 27.204 24.285 25.580 24.327 22.947 22.251 20.034 17.910 16.719 13.519 14.270 12.175 14.050 15.047 15.988 17.953 19.606
 22.517 20.243 18.055 16.432 13.299 13.743 11.445 12.758 14.444 15.541 14.050 14.581 12.756 15.381 14.866 17.783 18.212 21.360 22.754 22.813 19.095 17.382 14.732 12.881 13.284 11.945  8.631  8.865  9.713  6.793  4.794  7.944  8.287  5.710  3.815  0.000  3.898  6.481  8.625  7.144  7.352 10.959 12.656 16.062 18.978 22.432 21.961 20.916 17.911 17.204 17.507 15.497 18.642 20.252 20.563 20.468 24.274 24.601 23.378 25.424 22.741 24.505 23.775 22.481 21.175 18.745 16.086 14.476 10.932 11.108  8.760 10.431 11.702 12.869 15.024 16.842
 23.615 21.839 19.664 18.591 15.493 16.342 14.281 15.622 17.709 18.889 17.533 17.739 15.694 17.876 16.676 19.105 18.820 21.510 22.667 22.112 18.385 16.177 13.761 11.186 12.246 11.904  8.209  8.109 10.410  8.506  5.820  9.269 10.902  9.188  6.579  3.898  0.000  3.893  5.605  5.650  6.945 10.584 12.872 16.515 19.606 23.122 22.446 20.802 17.407 16.451 15.935 13.544 16.489 18.690 19.534 20.146 23.827 23.742 22.947 25.374 23.141 25.318 25.013 24.233 22.701 20.572 17.523 16.088 12.492 12.238  9.699 10.219 11.437 12.229 14.205 16.021
 21.504 20.075 17.758 17.181 14.227 15.608 14.218 16.069 18.660 19.460 18.077 17.620 15.450 17.136 15.455 17.548 16.596 18.889 19.618 18.880 15.270 12.687 10.181  7.593  9.364  9.246  5.516  6.387  9.341  8.039  6.579 10.162 11.887 10.934  9.298  6.481  3.893  0.000  3.845  5.486  5.334  8.210 10.240 13.986 16.924 20.496 19.967 17.921 14.392 13.010 12.208  9.691 12.682 14.863 15.903 16.765 20.361 20.052 19.412 22.008 20.072 22.539 22.649 22.286 20.504 18.719 15.439 14.450 11.191 11.308  9.693 10.270 12.200 13.223 15.120 16.836
 24.636 23.221 20.608 19.862 16.644 17.493 15.739 16.972 19.747 20.996 20.164 20.080 18.394 20.341 18.868 21.017 19.834 21.854 22.107 21.186 17.814 14.720 12.050  9.654 12.316 12.356  8.770 10.053 13.099 11.557 10.113 13.764 15.356 13.840 11.931  8.625  5.605  3.845  0.000  3.838  5.558  7.938 11.001 14.378 17.706 20.977 19.805 17.563 13.903 13.200 11.996 10.057 13.176 15.671 17.489 18.659 22.092 21.152 20.436 23.455 21.906 24.739 25.272 24.911 22.709 20.723 17.159 15.641 12.300 11.270  9.207  8.386 10.041 10.782 12.541 14.338
 25.074 23.132 20.240 18.819 15.265 15.351 13.049 13.779 16.466 18.034 17.573 18.024 16.906 19.422 18.646 21.340 20.678 23.110 23.395 23.045 19.654 16.785 13.606 11.933 14.263 13.318  9.651 11.486 13.714 11.182 10.144 13.937 14.662 12.367 10.872  7.144  5.650  5.486  3.838  0.000  3.831  6.839 10.226 13.336 16.925 20.036 18.609 16.981 13.631 13.723 13.497 12.293 15.823 17.749 19.295 19.800 23.412 22.621 21.298 24.167 22.262 24.922 25.264 24.352 22.045 19.534 16.038 13.829 10.198  8.509  5.739  5.078  7.012  8.410 10.688 12.776
 21.697 19.696 16.645 15.277 11.767 12.156 10.455 11.917 14.913 15.907 15.246 15.144 14.021 16.318 15.563 18.291 17.586 20.040 20.170 20.198 16.921 14.234 10.742  9.903 12.079 10.412  7.130  9.950 11.599  8.962  9.231 12.947 13.170 11.326 10.934  7.352  6.945  5.334  5.558  3.831  0.000  3.815  6.615  9.952 13.385 16.670 15.654 14.131 10.899 10.741 11.227 10.329 14.050 15.315 16.455 16.498 20.180 19.613 18.025 20.701 18.620 21.212 21.576 20.651 18.268 15.819 12.288 10.328  6.827  6.097  4.957  6.320  9.092 10.931 13.140 14.976
 21.100 19.235 15.865 14.668 11.335 11.683 10.729 12.266 15.619 16.294 15.983 15.475 14.791 16.746 16.039 18.573 17.463 19.504 18.940 19.172 16.362 13.487  9.736 10.096 12.702 10.756  8.448 11.964 13.363 11.069 12.243 15.741 15.689 14.188 14.388 10.959 10.584  8.210  7.938  6.839  3.815  0.000  3.824  6.639 10.238 13.333 12.123 10.405  7.182  7.565  8.729  9.071 12.857 13.455 14.817 14.650 18.125 17.168 15.210 18.077 16.311 19.217 20.133 19.365 16.485 14.138 10.379  8.460  5.891  5.161  6.205  7.416 10.428 12.427 14.410 16.001
 17.922 16.062 12.554 11.590  8.681  9.610  9.907 12.189 15.506 15.406 14.831 13.559 12.910 14.314 13.638 16.009 14.844 16.784 15.986 16.761 14.274 11.892  8.128  9.833 11.808  9.169  8.205 12.026 12.580 10.655 12.898 15.864 15.375 14.524 15.554 12.656 12.872 10.240 11.001 10.226  6.615  3.824  0.000  3.825  6.867 10.351 10.042  8.572  5.995  5.687  8.198  9.028 12.443 12.008 12.622 11.683 15.159 14.589 12.240 14.737 12.702 15.510 16.491 15.766 12.763 10.638  6.843  5.829  4.788  6.280  8.746 10.823 13.793 15.830 17.725 19.126
 18.677 16.787 13.082 11.998  9.603  9.859 10.796 12.676 15.976 15.614 15.603 14.259 14.426 15.647 15.467 17.719 16.563 18.159 16.755 18.003 16.172 14.039 10.567 13.003 14.901 12.134 11.829 15.640 15.831 13.930 16.492 19.284 18.387 17.503 18.915 16.062 16.515 13.986 14.378 13.336  9.952  6.639  3.825  0.000  3.819  6.777  6.299  5.487  4.554  5.829  9.358 11.393 14.399 13.161 13.701 12.185 15.133 14.319 11.248 13.572 11.800 14.634 16.096 15.229 11.712  9.539  6.083  5.070  6.264  7.439 10.796 12.768 15.607 17.713 19.437 20.628
 16.899 15.248 11.671 11.130  9.905 10.602 12.637 14.791 17.786 16.772 16.617 14.637 14.937 15.385 15.263 17.033 15.779 16.933 15.076 16.881 15.745 14.259 11.394 14.575 15.928 13.064 13.811 17.455 17.119 15.734 18.760 21.082 19.976 19.629 21.464 18.978 19.606 16.924 17.706 16.925 13.385 10.238  6.867  3.819  0.000  3.849  5.555  5.534  6.530  6.964 10.761 13.047 15.349 13.207 13.027 10.738 13.116 12.628  9.079 10.691  8.935 11.603 13.461 12.806  9.052  7.667  5.278  6.299  8.966 10.878 14.374 16.536 19.337 21.414 23.055 24.114
 19.170 17.625 14.226 13.636 12.861 12.940 15.067 16.715 19.507 18.402 18.747 16.920 17.795 18.168 18.399 20.020 18.823 19.643 17.394 19.397 18.797 17.449 14.855 18.133 19.554 16.770 17.582 21.228 20.828 19.394 22.452 24.757 23.466 23.008 24.964 22.432 23.122 20.496 20.977 20.036 16.670 13.333 10.351  6.777  3.849  0.000  3.848  5.615  8.417  9.695 13.343 16.144 18.160 15.706 15.611 13.228 14.803 14.043 10.262 11.391 10.374 12.669 14.910 14.210 10.431  9.387  8.207  8.916 11.979 13.387 17.043 19.000 21.635 23.696 25.175 26.064
 22.243 20.531 16.934 15.892 14.297 13.742 14.993 16.002 18.991 18.509 19.324 18.145 19.196 20.201 20.485 22.466 21.256 22.280 20.129 21.695 20.737 18.790 15.797 18.613 20.615 17.979 18.022 21.817 21.898 20.041 22.695 25.431 24.272 23.276 24.872 21.961 22.446 19.967 19.805 18.609 15.654 12.123 10.042  6.299  5.555  3.848  0.000  3.826  6.966  9.625 13.032 16.104 18.508 16.611 17.300 15.530 17.371 16.020 12.448 14.347 13.570 16.185 18.347 17.483 13.684 11.962  9.996  9.269 11.601 11.912 15.439 16.877 19.340 21.357 22.732 23.584
 21.725 20.436 16.933 16.447 14.675 14.857 15.899 17.262 20.521 20.232 20.635 19.275 19.635 20.478 20.091 21.798 20.065 20.802 18.502 19.497 18.505 16.144 13.254 15.959 18.342 16.222 16.186 19.921 20.525 19.030 21.382 24.267 23.658 22.837 23.991 20.916 20.802 17.921 17.563 16.981 14.131 10.405  8.572  5.487  5.534  5.615  3.826  0.000  3.827  6.498  9.565 12.898 15.138 13.400 14.628 13.530 15.406 13.518 10.332 13.044 12.734 15.962 18.408 18.159 14.399 13.090 10.433 10.049 11.558 11.767 14.905 15.900 18.470 20.337 21.674 22.545
 21.185 19.921 16.445 16.009 13.735 14.274 14.793 16.346 19.766 19.784 19.861 18.620 18.438 19.480 18.693 20.491 18.634 19.585 17.671 18.148 16.597 13.771 10.582 12.764 15.511 13.700 13.145 16.828 17.903 16.439 18.385 21.470 21.269 20.395 21.119 17.911 17.407 14.392 13.903 13.631 10.899  7.182  5.995  4.554  6.530  8.417  6.966  3.827  0.000  3.825  6.542  9.612 12.325 11.327 13.022 12.585 15.052 13.143 10.569 13.791 13.190 16.639 18.769 18.627 15.078 13.586 10.227  9.542  9.848  9.830 12.428 13.174 15.857 17.661 19.096 20.131
 18.452 17.643 14.498 14.815 12.949 14.482 15.398 17.604 20.959 20.673 20.111 18.356 17.460 17.940 16.509 17.822 15.545 16.211 14.302 14.476 12.905 10.035  7.074  9.665 12.262 10.820 10.885 14.343 15.476 14.737 16.737 19.524 19.696 19.440 20.105 17.204 16.451 13.010 13.200 13.723 10.741  7.565  5.687  5.829  6.964  9.695  9.625  6.498  3.825  0.000  3.837  6.625  9.035  7.760  9.306  9.215 11.879 10.138  8.131 11.525 10.939 14.546 16.663 17.088 13.882 13.075  9.766 10.216 10.361 11.312 13.569 14.585 17.388 19.077 20.578 21.676
 20.041 19.695 16.927 17.609 15.699 17.493 18.024 20.190 23.562 23.530 22.789 21.121 19.752 20.156 18.184 19.144 16.460 16.759 14.946 14.120 12.462  8.951  6.672  8.198 11.440 11.221 10.938 13.829 15.774 15.547 16.825 19.675 20.564 20.435 20.445 17.507 15.935 12.208 11.996 13.497 11.227  8.729  8.198  9.358 10.761 13.343 13.032  9.565  6.542  3.837  0.000  3.836  5.911  5.837  8.699 10.141 12.510 10.271  9.630 13.281 13.265 16.926 19.050 19.912 17.020 16.473 13.144 13.526 12.908 13.427 14.840 15.152 17.756 19.088 20.414 21.464
 19.219 19.013 16.635 17.511 15.587 17.800 18.106 20.503 23.718 23.727 22.551 20.868 18.907 19.221 16.804 17.595 14.886 15.367 14.290 12.909 10.554  6.762  4.829  4.784  8.341  9.044  8.511 10.731 13.167 13.465 14.225 16.901 18.335 18.514 18.132 15.497 13.544  9.691 10.057 12.293 10.329  9.071  9.028 11.393 13.047 16.144 16.104 12.898  9.612  6.625  3.836  0.000  3.851  5.703  8.194 10.279 13.012 11.502 11.622 14.863 14.405 17.741 19.313 20.263 17.882 17.394 14.097 14.592 13.292 14.069 14.764 15.134 17.643 18.805 20.216 21.400
 19.397 19.932 18.082 19.635 18.278 20.863 21.515 24.084 27.256 27.057 25.691 23.688 21.478 21.226 18.385 18.408 15.180 14.754 13.372 11.158  9.544  5.949  6.349  6.390  9.052 10.778 11.154 12.563 14.949 16.063 16.747 18.928 20.692 21.379 20.936 18.642 16.489 12.682 13.176 15.823 14.050 12.857 12.443 14.399 15.349 18.160 18.508 15.138 12.325  9.035  5.911  3.851  0.000  3.813  6.773 10.000 11.820 10.088 11.452 14.493 14.769 18.027 19.841 21.453 19.363 19.563 16.640 17.720 16.795 17.811 18.564 18.851 21.255 22.244 23.496 24.536
 17.263 18.002 16.158 18.043 17.210 19.919 21.179 23.920 27.084 26.503 25.174 22.813 20.835 20.186 17.476 17.248 13.841 12.957 10.775  9.080  8.380  5.443  6.063  8.107  9.993 10.829 12.174 14.076 15.638 16.741 18.212 20.184 21.409 22.288 22.475 20.252 18.690 14.863 15.671 17.749 15.315 13.455 12.008 13.161 13.207 15.706 16.611 13.400 11.327  7.760  5.837  5.703  3.813  0.000  3.833  6.930  8.305  6.319  7.818 10.785 11.461 14.810 17.032 18.925 16.764 17.452 14.919 16.597 16.501 17.990 19.467 20.227 22.844 24.091 25.415 26.412
 13.677 14.809 13.464 15.928 15.829 18.970 20.753 23.830 26.762 25.752 24.091 21.320 19.148 17.883 14.998 14.219 10.637  9.319  6.961  5.579  5.388  4.112  5.928  8.691  9.087  9.573 12.033 13.652 14.356 15.930 17.896 19.266 20.221 21.628 22.294 20.563 19.534 15.903 17.489 19.295 16.455 14.817 12.622 13.701 13.027 15.611 17.300 14.628 13.022  9.306  8.699  8.194  6.773  3.833  0.000  3.830  5.279  5.165  6.932  8.711  8.959 11.812 13.782 16.046 14.416 15.728 13.844 16.258 16.606 18.812 20.540 21.906 24.629 26.027 27.498 28.553
 10.919 11.756 10.236 12.857 13.307 16.488 18.793 21.989 24.752 23.385 21.720 18.692 16.813 15.281 12.798 12.131  8.900  7.948  5.203  6.221  6.213  6.303  6.788 10.318 10.127  9.207 12.172 14.209 13.982 15.210 17.869 19.052 19.293 20.741 22.047 20.468 20.146 16.765 18.659 19.800 16.498 14.650 11.683 12.185 10.738 13.228 15.530 13.530 12.585  9.215 10.141 10.279 10.000  6.930  3.830  0.000  3.857  5.495  5.463  6.157  5.323  8.118 10.146 12.352 10.707 12.384 11.082 14.052 15.107 17.806 20.031 21.940 24.774 26.407 28.004 29.093
 11.920 13.617 12.758 15.735 16.684 19.794 22.325 25.476 28.211 26.685 25.078 21.898 20.142 18.234 15.777 14.464 11.125  8.934  5.168  6.011  8.078  8.850 10.231 13.523 13.257 12.846 15.897 17.677 17.443 18.941 21.552 22.534 22.841 24.473 25.795 24.274 23.827 20.361 22.092 23.412 20.180 18.125 15.159 15.133 13.116 14.803 17.371 15.406 15.052 11.879 12.510 13.012 11.820  8.305  5.279  3.857  0.000  3.853  5.412  4.639  5.956  8.119 10.804 13.772 12.478 14.866 14.131 17.277 18.687 21.310 23.673 25.452 28.271 29.855 31.348 32.330
 15.507 16.791 15.312 17.766 18.028 20.772 22.944 25.816 28.822 27.639 26.386 23.521 21.984 20.621 18.270 17.467 14.079 12.250  8.710  8.451  9.943  9.235 10.139 13.334 14.114 13.965 16.337 18.469 18.928 20.063 22.383 23.913 24.434 25.619 26.597 24.601 23.742 20.052 21.152 22.621 19.613 17.168 14.589 14.319 12.628 14.043 16.020 13.518 13.143 10.138 10.271 11.502 10.088  6.319  5.165  5.495  3.853  0.000  3.837  5.457  7.834 10.897 13.976 16.523 14.507 16.299 14.891 17.487 18.711 20.767 23.097 24.397 27.161 28.655 30.010 30.910
 15.141 15.646 13.520 15.442 15.572 17.926 20.224 22.946 25.942 24.712 23.746 20.985 19.951 18.900 17.136 16.975 14.098 13.094  9.749 10.664 11.365 10.417  9.972 13.619 14.614 13.485 15.631 18.357 18.504 18.972 21.649 23.414 23.411 24.236 25.544 23.378 22.947 19.412 20.436 21.298 18.025 15.210 12.240 11.248  9.079 10.262 12.448 10.332 10.569  8.131  9.630 11.622 11.452  7.818  6.932  5.463  5.412  3.837  0.000  3.855  5.619  9.228 12.513 14.417 11.794 13.253 11.864 14.400 16.100 18.179 20.909 22.447 25.268 26.949 28.371 29.292
 13.203 14.125 12.625 15.040 16.087 18.612 21.427 24.320 27.028 25.367 24.216 21.105 20.128 18.474 16.857 16.181 13.520 12.085  8.534 10.457 11.959 12.219 12.324 16.050 16.233 14.888 17.628 20.086 19.580 20.313 23.322 24.594 24.289 25.492 27.204 25.424 25.374 22.008 23.455 24.167 20.701 18.077 14.737 13.572 10.691 11.391 14.347 13.044 13.791 11.525 13.281 14.863 14.493 10.785  8.711  6.157  4.639  5.457  3.855  0.000  3.840  6.383 10.012 12.451 10.449 12.886 12.605 15.756 17.959 20.505 23.416 25.340 28.192 29.953 31.438 32.363
 10.437 10.681  8.866 11.250 12.541 15.220 18.223 21.280 23.804 21.982 20.638 17.412 16.425 14.721 13.346 13.006 10.847 10.311  7.563 10.332 10.902 11.452 10.988 14.739 14.484 12.451 15.320 17.815 16.795 17.323 20.602 21.699 21.032 22.271 24.285 22.741 23.141 20.072 21.906 22.262 18.620 16.311 12.702 11.800  8.935 10.374 13.570 12.734 13.190 10.939 13.265 14.405 14.769 11.461  8.959  5.323  5.956  7.834  5.619  3.840  0.000  3.838  6.980  8.962  6.884  9.411  9.452 12.943 15.247 18.203 21.130 23.470 26.344 28.212 29.844 30.879
  8.367  8.858  8.086 10.883 13.229 15.947 19.332 22.478 24.585 22.346 20.773 17.266 16.355 14.005 12.974 12.138 10.671 10.079  7.986 11.533 12.449 13.943 13.842 17.389 16.420 14.233 17.432 19.548 17.857 18.579 22.073 22.608 21.581 23.176 25.580 24.505 25.318 22.539 24.739 24.922 21.212 19.217 15.510 14.634 11.603 12.669 16.185 15.962 16.639 14.546 16.926 17.741 18.027 14.810 11.812  8.118  8.119 10.897  9.228  6.383  3.838  0.000  3.829  6.553  5.981  9.551 10.940 14.688 17.251 20.537 23.486 26.156 28.998 30.911 32.595 33.638
  5.640  5.650  6.010  9.079 12.196 15.071 18.570 21.852 23.540 21.038 19.073 15.379 14.280 11.393 10.655  9.618  9.217  9.403  8.796 12.568 12.962 15.008 14.912 18.063 16.427 13.994 17.310 19.000 16.658 17.482 21.081 21.069 19.708 21.619 24.327 23.775 25.013 22.649 25.272 25.264 21.576 20.133 16.491 16.096 13.461 14.910 18.347 18.408 18.769 16.663 19.050 19.313 19.841 17.032 13.782 10.146 10.804 13.976 12.513 10.012  6.980  3.829  0.000  3.840  5.584  9.151 11.252 15.000 17.380 20.971 23.706 26.699 29.467 31.388 33.156 34.263
  7.621  5.470  4.807  6.454  9.951 12.299 15.955 19.096 20.454 17.748 15.872 12.212 11.746  9.172  9.708  9.886 10.633 11.994 11.917 15.533 15.179 16.778 15.902 18.889 17.380 14.325 17.149 19.056 16.392 16.486 20.266 20.302 18.321 19.875 22.947 22.481 24.233 22.286 24.911 24.352 20.651 19.365 15.766 15.229 12.806 14.210 17.483 18.159 18.627 17.088 19.912 20.263 21.453 18.925 16.046 12.352 13.772 16.523 14.417 12.451  8.962  6.553  3.840  0.000  3.843  6.649  9.617 13.056 15.641 19.285 22.088 25.350 28.028 30.039 31.864 33.001
  9.925  7.887  5.284  6.049  8.428 10.494 14.117 17.132 18.974 16.586 15.213 11.834 11.763 10.198 10.608 11.509 11.456 12.785 11.900 15.231 14.682 15.450 13.974 17.241 16.485 13.248 15.681 18.227 16.133 15.724 19.497 20.250 18.422 19.403 22.251 21.175 22.701 20.504 22.709 22.045 18.268 16.485 12.763 11.712  9.052 10.431 13.684 14.399 15.078 13.882 17.020 17.882 19.363 16.764 14.416 10.707 12.478 14.507 11.794 10.449  6.884  5.981  5.584  3.843  0.000  3.828  6.497 10.057 13.018 16.458 19.558 22.649 25.397 27.469 29.267 30.388
 12.568  9.772  6.346  4.707  5.729  6.923 10.555 13.434 15.321 13.062 12.019  9.022  9.676  9.367 10.549 12.609 12.968 15.029 14.464 17.379 16.103 16.182 13.893 16.814 16.480 12.854 14.446 17.323 15.350 14.059 17.796 18.946 16.801 17.115 20.034 18.745 20.572 18.719 20.723 19.534 15.819 14.138 10.638  9.539  7.667  9.387 11.962 13.090 13.586 13.075 16.473 17.394 19.563 17.452 15.728 12.384 14.866 16.299 13.253 12.886  9.411  9.551  9.151  6.649  3.828  0.000  3.822  6.718  9.876 13.245 16.416 19.657 22.328 24.473 26.318 27.490
 13.898 11.400  7.603  6.108  4.765  6.150  8.980 11.937 14.500 12.963 12.076  9.631  9.762 10.280 10.701 13.072 12.798 14.933 14.222 16.473 14.707 13.967 11.100 13.866 14.180 10.600 11.577 14.875 13.595 11.989 15.475 17.258 15.577 15.485 17.910 16.086 17.523 15.439 17.159 16.038 12.288 10.379  6.843  6.083  5.278  8.207  9.996 10.433 10.227  9.766 13.144 14.097 16.640 14.919 13.844 11.082 14.131 14.891 11.864 12.605  9.452 10.940 11.252  9.617  6.497  3.822  0.000  3.829  6.691 10.014 13.204 16.242 19.021 21.157 23.029 24.267
 17.382 14.644 10.883  8.522  5.682  4.874  6.377  8.759 11.707 10.849 10.688  9.400 10.231 12.003 12.865 15.797 15.752 18.165 17.601 19.468 17.308 15.955 12.550 14.665 15.571 12.055 11.806 15.308 14.467 11.964 15.005 17.323 15.527 14.507 16.719 14.476 16.088 14.450 15.641 13.829 10.328  8.460  5.829  5.070  6.299  8.916  9.269 10.049  9.542 10.216 13.526 14.592 17.720 16.597 16.258 14.052 17.277 17.487 14.400 15.756 12.943 14.688 15.000 13.056 10.057  6.718  3.829  0.000  3.830  6.641 10.079 13.192 15.875 18.118 20.039 21.341
 18.759 16.072 12.516 10.212  6.552  5.902  5.250  7.573 10.803 10.828 10.452  9.915 10.052 12.491 12.972 16.158 16.115 18.813 18.682 19.972 17.243 15.459 11.816 12.978 14.161 10.921  9.543 12.964 12.655  9.638 12.078 14.853 13.393 11.827 13.519 10.932 12.492 11.191 12.300 10.198  6.827  5.891  4.788  6.264  8.966 11.979 11.601 11.558  9.848 10.361 12.908 13.292 16.795 16.501 16.606 15.107 18.687 18.711 16.100 17.959 15.247 17.251 17.380 15.641 13.018  9.876  6.691  3.830  0.000  3.815  6.601  9.919 12.660 14.910 17.005 18.522
 22.437 19.837 16.275 13.956 10.282  8.935  7.012  7.612 10.983 12.032 12.466 12.864 13.324 16.087 16.558 19.744 19.533 22.102 21.794 22.729 19.941 17.630 13.842 14.478 16.347 13.613 11.439 14.769 15.193 11.967 13.489 16.739 15.605 13.326 14.270 11.108 12.238 11.308 11.270  8.509  6.097  5.161  6.280  7.439 10.878 13.387 11.912 11.767  9.830 11.312 13.427 14.069 17.811 17.990 18.812 17.806 21.310 20.767 18.179 20.505 18.203 20.537 20.971 19.285 16.458 13.245 10.014  6.641  3.815  0.000  3.826  6.709  9.453 11.864 14.016 15.635
 24.474 21.915 18.610 16.339 12.551 11.386  8.632  8.672 11.552 13.286 13.559 14.523 14.552 17.597 17.871 21.111 21.003 23.738 23.816 24.344 21.206 18.725 15.064 14.725 16.662 14.437 11.461 14.177 15.096 11.705 12.149 15.628 14.904 12.095 12.175  8.760  9.699  9.693  9.207  5.739  4.957  6.205  8.746 10.796 14.374 17.043 15.439 14.905 12.428 13.569 14.840 14.764 18.564 19.467 20.540 20.031 23.673 23.097 20.909 23.416 21.130 23.486 23.706 22.088 19.558 16.416 13.204 10.079  6.601  3.826  0.000  3.820  6.493  8.910 11.368 13.326
 27.426 25.117 21.821 19.810 16.061 15.041 12.336 11.976 14.676 16.725 17.202 18.257 18.169 21.105 21.065 24.105 23.643 26.120 26.004 26.103 22.987 20.085 16.531 15.749 18.236 16.633 13.359 15.831 17.466 14.392 14.112 17.793 17.665 14.814 14.050 10.431 10.219 10.270  8.386  5.078  6.320  7.416 10.823 12.768 16.536 19.000 16.877 15.900 13.174 14.585 15.152 15.134 18.851 20.227 21.906 21.940 25.452 24.397 22.447 25.340 23.470 26.156 26.699 25.350 22.649 19.657 16.242 13.192  9.919  6.709  3.820  0.000  3.826  6.304  8.826 11.005
 30.084 27.723 24.496 22.371 18.621 17.384 14.391 13.454 15.786 18.212 18.875 20.318 20.328 23.417 23.487 26.578 26.247 28.784 28.776 28.784 25.611 22.696 19.248 18.193 20.638 19.224 15.823 17.913 19.629 16.539 15.797 19.354 19.299 16.197 15.047 11.702 11.437 12.200 10.041  7.012  9.092 10.428 13.793 15.607 19.337 21.635 19.340 18.470 15.857 17.388 17.756 17.643 21.255 22.844 24.629 24.774 28.271 27.161 25.268 28.192 26.344 28.998 29.467 28.028 25.397 22.328 19.021 15.875 12.660  9.453  6.493  3.826  0.000  3.837  6.620  9.071
 31.815 29.552 26.417 24.389 20.688 19.552 16.534 15.513 17.653 20.181 20.804 22.317 22.202 25.253 25.205 28.204 27.825 30.304 30.351 30.157 26.958 23.980 20.703 19.358 21.843 20.743 17.265 19.027 20.959 18.049 16.926 20.384 20.590 17.513 15.988 12.869 12.229 13.223 10.782  8.410 10.931 12.427 15.830 17.713 21.414 23.696 21.357 20.337 17.661 19.077 19.088 18.805 22.244 24.091 26.027 26.407 29.855 28.655 26.949 29.953 28.212 30.911 31.388 30.039 27.469 24.473 21.157 18.118 14.910 11.864  8.910  6.304  3.837  0.000  3.844  6.738
 33.617 31.425 28.308 26.335 22.705 21.553 18.610 17.469 19.445 22.004 22.746 24.304 24.239 27.236 27.162 30.082 29.630 32.011 31.984 31.690 28.566 25.526 22.355 20.975 23.540 22.602 19.190 20.852 22.877 20.109 18.908 22.263 22.562 19.559 17.953 15.024 14.205 15.120 12.541 10.688 13.140 14.410 17.725 19.437 23.055 25.175 22.732 21.674 19.096 20.578 20.414 20.216 23.496 25.415 27.498 28.004 31.348 30.010 28.371 31.438 29.844 32.595 33.156 31.864 29.267 26.318 23.029 20.039 17.005 14.016 11.368  8.826  6.620  3.844  0.000  3.814
