  0.000  3.833  6.748 10.331 13.334 16.803 19.840 23.385 24.866 22.611 19.836 16.179 13.898 10.419  8.371  5.597  5.485  5.882  7.594 10.765 10.644 13.636 14.491 16.771 14.135 12.467 16.126 16.685 14.022 15.847 19.040 18.318 17.277 19.800 22.363 22.461 23.871 21.718 24.722 25.124 21.658 21.097 17.908 18.702 16.948 19.143 22.314 21.873 21.197 18.432 19.975 19.206 19.371 17.304 13.725 10.974 11.908 15.501 15.153 13.235 10.521  8.534  5.714  7.594 10.030 12.702 13.880 17.408 18.807 22.491 24.640 27.407 30.308 32.252 35.013 36.655
  3.833  0.000  3.813  6.858 10.138 13.407 16.505 20.001 21.286 18.934 16.129 12.446 10.367  6.881  5.764  4.706  6.301  8.437  9.945 13.115 12.097 14.361 14.225 16.491 14.089 11.553 14.778 15.683 12.650 13.679 17.173 16.622 14.942 17.099 20.018 20.098 21.978 20.206 23.249 23.136 19.641 19.234 16.040 16.811 15.304 17.576 20.578 20.556 19.917 17.610 19.609 18.992 19.903 18.020 14.837 11.758 13.555 16.734 15.597 14.092 10.685  9.009  5.727  5.440  7.984  9.910 11.396 14.685 16.116 19.905 22.053 25.103 27.956 29.946 32.674 34.398
  6.748  3.813  0.000  3.805  6.801 10.144 13.351 16.869 18.502 16.337 13.888 10.209  8.531  6.099  5.521  6.491  7.229  9.647 10.198 13.256 11.783 13.081 12.051 14.643 12.974  9.786 12.629 14.355 11.705 11.890 15.628 15.903 14.155 15.591 18.458 17.919 19.777 17.900 20.636 20.236 16.605 15.870 12.527 13.096 11.703 14.144 16.952 17.015 16.419 14.443 16.825 16.624 18.046 16.132 13.444 10.155 12.608 15.174 13.384 12.492  8.757  8.147  5.962  4.698  5.319  6.471  7.593 10.920 12.563 16.342 18.749 21.813 24.733 26.861 29.587 31.387
 10.331  6.858  3.805  0.000  3.849  6.612  9.978 13.410 14.837 12.592 10.257  6.581  5.749  4.791  6.275  8.895 10.315 13.176 13.706 16.529 14.598 15.192 13.292 15.609 14.406 10.727 12.571 14.647 11.971 10.952 14.779 15.402 13.045 13.699 16.853 16.174 18.534 17.189 19.789 18.726 15.187 14.632 11.501 11.958 11.111 13.482 15.827 16.433 15.911 14.697 17.445 17.451 19.556 17.951 15.852 12.700 15.528 17.553 15.211 14.828 11.047 10.897  9.028  6.370  5.996  4.754  6.076  8.540 10.208 14.003 16.404 19.772 22.582 24.762 27.407 29.304
 13.334 10.138  6.801  3.849  0.000  3.850  6.624 10.246 12.147 10.505  8.541  5.695  5.042  6.462  7.638 10.926 11.904 14.943 15.315 17.545 15.053 14.726 12.037 13.955 13.452  9.602 10.326 12.893 10.819  8.769 12.438 13.857 11.666 11.430 14.282 13.032 15.386 14.213 16.557 15.145 11.672 11.291  8.589  9.547  9.880 12.696 14.196 14.627 13.625 12.842 15.552 15.567 18.262 17.167 15.814 13.194 16.537 17.856 15.356 15.913 12.383 13.288 12.187  9.904  8.387  5.712  4.713  5.672  6.511 10.293 12.580 15.993 18.795 21.005 23.639 25.597
 16.803 13.407 10.144  6.612  3.850  0.000  3.831  7.028  8.827  7.224  6.197  4.621  6.366  8.977 11.060 14.519 15.725 18.736 18.918 21.184 18.720 18.054 15.000 16.755 16.730 12.934 12.849 15.567 13.768 10.957 14.180 15.913 13.374 12.141 15.004 13.487 16.187 15.613 17.456 15.275 12.174 11.753  9.612  9.868 10.605 12.762 13.611 14.795 14.212 14.448 17.430 17.876 20.927 19.922 18.993 16.399 19.659 20.617 17.719 18.427 15.042 15.975 15.041 12.239 10.407  6.837  6.193  4.949  5.937  9.057 11.435 15.085 17.676 19.965 22.394 24.453
 19.840 16.505 13.351  9.978  6.624  3.831  0.000  3.843  6.158  6.073  5.771  6.406  7.851 11.288 13.155 16.823 18.007 21.182 21.528 23.354 20.504 19.359 15.995 17.040 17.415 13.886 12.724 15.321 14.048 10.574 13.013 15.185 12.806 10.595 12.983 11.153 14.006 14.121 15.630 12.911 10.442 10.758  9.877 10.751 12.604 14.885 14.817 15.773 14.679 15.324 17.920 18.145 21.570 21.166 20.766 18.692 22.192 22.777 19.999 21.241 18.048 19.368 18.557 15.913 14.039 10.474  8.983  6.413  5.225  7.109  8.611 12.371 14.688 16.853 19.188 21.357
 23.385 20.001 16.869 13.410 10.246  7.028  3.843  0.000  3.875  5.784  7.045  9.047 11.060 14.627 16.704 20.387 21.619 24.768 25.020 26.788 23.930 22.560 19.056 19.904 20.596 17.230 15.651 18.177 17.200 13.544 15.361 17.668 15.310 12.508 14.461 12.526 15.333 16.010 16.943 13.709 12.043 12.432 12.283 12.739 14.844 16.611 15.869 17.188 16.326 17.634 20.197 20.648 24.240 23.987 23.914 21.947 25.395 25.708 22.776 24.177 21.145 22.541 21.860 19.083 17.079 13.384 12.013  8.879  7.669  7.859  8.725 12.173 14.016 16.040 18.026 20.276
 24.866 21.286 18.502 14.837 12.147  8.827  6.158  3.875  0.000  3.850  6.110  9.241 11.727 15.352 17.927 21.693 23.415 26.766 27.328 29.262 26.363 25.286 21.919 22.640 22.971 19.576 18.079 20.201 18.860 15.208 16.868 18.672 15.917 13.040 15.217 13.977 17.189 18.397 19.536 16.237 14.903 15.688 15.520 16.018 17.853 19.431 18.910 20.468 19.728 20.942 23.506 23.766 27.325 27.093 26.787 24.672 28.105 28.692 25.767 26.899 23.667 24.668 23.569 20.466 18.955 15.305 14.595 11.832 10.826 11.135 11.425 14.725 16.152 17.893 19.553 21.654
 22.611 18.934 16.337 12.592 10.505  7.224  6.073  5.784  3.850  0.000  3.814  6.779  9.818 13.151 16.071 19.752 21.700 25.042 25.664 27.897 25.200 24.519 21.379 22.456 22.379 18.789 17.899 19.992 18.150 14.779 17.009 18.410 15.337 13.019 15.810 14.919 18.310 19.166 20.749 17.755 15.855 16.384 15.482 15.777 16.987 18.464 18.584 20.320 19.846 20.740 23.533 23.807 27.144 26.572 25.847 23.401 26.680 27.613 24.662 25.370 21.974 22.568 21.217 17.922 16.737 13.213 13.210 11.114 10.917 12.206 13.115 16.649 18.385 20.280 22.083 23.999
 19.836 16.129 13.888 10.257  8.541  6.197  5.771  7.045  6.110  3.814  0.000  3.840  6.524  9.901 12.964 16.638 18.900 22.394 23.405 25.654 22.898 22.590 19.738 20.730 20.163 16.580 16.044 17.773 15.482 12.388 14.889 15.788 12.441 10.683 13.973 13.632 17.208 17.938 20.090 17.515 15.313 16.146 14.929 15.745 16.765 18.728 19.356 20.725 19.937 20.177 22.796 22.649 25.800 25.246 24.165 21.685 25.003 26.313 23.641 24.128 20.538 20.869 19.097 15.856 15.211 12.059 12.224 10.917 10.601 12.756 13.655 17.361 19.260 21.100 23.208 25.163
 16.179 12.446 10.209  6.581  5.695  4.621  6.406  9.047  9.241  6.779  3.840  0.000  3.842  6.604  9.832 13.385 15.636 19.018 19.981 22.456 19.948 20.006 17.450 18.872 17.985 14.275 14.541 16.365 13.719 11.214 14.406 15.087 11.812 11.071 14.602 14.247 17.546 17.547 20.001 17.934 15.119 15.507 13.525 14.239 14.624 16.724 18.003 19.214 18.541 18.291 21.020 20.891 23.725 22.811 21.335 18.599 21.759 23.364 20.779 20.920 17.232 17.300 15.365 12.143 11.741  8.955  9.636  9.448  9.925 12.979 14.554 18.295 20.599 22.601 24.961 26.924
 13.898 10.367  8.531  5.749  5.042  6.366  7.851 11.060 11.727  9.818  6.524  3.842  0.000  3.842  6.494 10.213 12.577 16.186 17.635 19.808 17.057 17.344 15.128 16.201 14.834 11.316 11.842 13.150 10.172  8.151 11.513 11.763  8.606  8.776 12.351 12.424 15.548 15.349 18.284 16.800 13.921 14.748 12.819 14.359 14.896 17.603 19.066 19.581 18.329 17.349 19.592 18.857 21.473 20.820 19.153 16.716 20.013 21.833 19.749 19.964 16.271 16.413 14.276 11.663 11.691  9.633  9.691 10.228 10.015 13.373 14.587 18.141 20.535 22.383 24.916 26.801
 10.419  6.881  6.099  4.791  6.462  8.977 11.288 14.627 15.352 13.151  9.901  6.604  3.842  0.000  3.815  7.005  9.867 13.387 15.161 17.620 15.264 16.351 14.881 16.277 14.250 10.964 12.642 13.554 10.121  9.520 13.031 12.569  9.772 11.227 14.667 15.064 17.797 17.083 20.260 19.347 16.234 16.746 14.292 15.681 15.463 18.115 20.222 20.567 19.471 17.908 20.055 19.192 21.232 20.224 17.938 15.270 18.188 20.564 18.822 18.434 14.699 14.180 11.498  9.197 10.278  9.502 10.318 12.093 12.533 16.182 17.693 21.101 23.639 25.503 28.127 29.940
  8.371  5.764  5.521  6.275  7.638 11.060 13.155 16.704 17.927 16.071 12.964  9.832  6.494  3.815  0.000  3.830  6.364 10.081 12.244 14.303 11.772 13.150 12.248 13.465 10.970  8.111 10.497 10.973  7.527  8.266 11.658 11.025  9.255 11.510 14.333 14.701 16.767 15.503 18.854 18.644 15.498 16.040 13.628 15.502 15.336 18.367 20.542 20.213 18.701 16.477 18.082 16.762 18.386 17.527 15.055 12.796 15.741 18.227 17.078 16.840 13.359 13.145 10.726  9.685 10.693 10.684 10.705 12.947 13.040 16.653 18.037 21.065 23.702 25.471 28.194 29.907
  5.597  4.706  6.491  8.895 10.926 14.519 16.823 20.387 21.693 19.752 16.638 13.385 10.213  7.005  3.830  0.000  3.830  7.191 10.072 12.118 10.169 12.561 12.783 14.075 11.011  9.140 12.311 12.227  9.038 11.031 13.990 12.874 11.839 14.653 17.119 17.669 19.269 17.621 21.000 21.338 18.194 18.529 15.971 17.734 17.093 20.003 22.537 21.928 20.478 17.759 19.000 17.485 18.332 17.257 14.239 12.136 14.437 17.429 16.942 16.200 13.072 12.342  9.738  9.913 11.644 12.778 13.065 15.859 16.209 19.805 21.270 24.066 26.754 28.466 31.209 32.831
  5.485  6.301  7.229 10.315 11.904 15.725 18.007 21.619 23.415 21.700 18.900 15.636 12.577  9.867  6.364  3.830  0.000  3.819  6.665  8.347  6.474  9.238 10.188 11.762  8.785  7.620 11.340 11.481  9.244 11.706 14.455 13.926 13.738 16.359 18.283 18.285 19.180 16.861 19.963 20.808 17.601 17.512 14.911 16.666 15.911 18.900 21.434 20.299 18.719 15.570 16.402 14.854 15.153 13.910 10.703  8.978 11.137 14.093 14.144 13.601 10.998 10.883  9.299 10.661 11.643 13.197 12.854 15.884 16.264 19.664 21.279 23.685 26.496 28.230 30.998 32.547
  5.882  8.437  9.647 13.176 14.943 18.736 21.182 24.768 26.766 25.042 22.394 19.018 16.186 13.387 10.081  7.191  3.819  0.000  3.876  5.412  5.346  8.948 11.039 12.888 10.205 10.003 13.815 13.983 12.423 15.089 17.602 17.188 17.383 20.003 21.686 21.490 21.952 19.233 22.033 23.259 20.053 19.529 16.827 18.224 17.018 19.694 22.436 21.021 19.652 16.226 16.714 15.348 14.724 13.035  9.398  8.079  8.994 12.299 13.178 12.202 10.503 10.253  9.447 11.995 12.940 15.211 14.940 18.236 18.925 22.183 23.996 26.132 29.001 30.750 33.513 34.990
  7.594  9.945 10.198 13.706 15.315 18.918 21.528 25.020 27.328 25.664 23.405 19.981 17.635 15.161 12.244 10.072  6.665  3.876  0.000  3.843  5.480  8.262 10.327 12.976 11.287 10.923 14.614 15.585 14.561 16.712 19.381 19.635 19.798 21.946 23.575 22.796 23.026 19.930 22.234 23.450 20.095 18.869 15.925 16.714 15.048 17.363 20.200 18.637 17.651 14.246 14.868 14.252 13.309 10.803  6.995  5.301  5.222  8.753  9.818  8.637  7.720  8.047  8.707 11.815 11.941 14.512 14.104 17.528 18.665 21.736 23.950 25.898 28.880 30.779 33.518 35.004
 10.765 13.115 13.256 16.529 17.545 21.184 23.354 26.788 29.262 27.897 25.654 22.456 19.808 17.620 14.303 12.118  8.347  5.412  3.843  0.000  3.864  6.568  9.759 11.674 10.159 11.097 14.457 14.970 14.748 17.315 19.359 19.681 20.566 22.771 23.824 22.997 22.613 19.295 21.408 23.195 20.189 19.151 16.766 18.012 16.898 19.429 21.834 19.695 18.193 14.475 14.092 12.899 11.133  9.183  5.683  6.370  6.146  8.573 10.800 10.607 10.521 11.590 12.498 15.454 15.303 17.469 16.399 19.450 20.019 22.717 24.562 26.055 28.927 30.623 33.316 34.657
 10.644 12.097 11.783 14.598 15.053 18.720 20.504 23.930 26.363 25.200 22.898 19.948 17.057 15.264 11.772 10.169  6.474  5.346  5.480  3.864  0.000  3.838  6.858  8.297  6.358  7.465 10.764 11.122 11.047 13.663 15.540 15.970 17.033 19.158 20.039 19.246 18.856 15.639 17.996 19.771 16.862 16.289 14.218 16.115 15.697 18.752 20.803 18.638 16.589 12.845 12.376 10.504  9.547  8.491  5.484  6.246  8.109  9.986 11.390 12.003 10.970 12.456 12.823 15.006 14.659 16.102 14.545 17.229 17.230 19.881 21.387 22.906 25.716 27.334 30.050 31.424
 13.636 14.361 13.081 15.192 14.726 18.054 19.359 22.560 25.286 24.519 22.590 20.006 17.344 16.351 13.150 12.561  9.238  8.948  8.262  6.568  3.838  0.000  3.838  5.269  5.166  6.577  8.894  9.937 10.959 12.924 14.446 15.733 17.082 18.568 18.986 17.579 16.671 13.110 14.941 16.919 14.179 13.397 11.818 13.950 14.169 17.389 18.839 16.246 13.744  9.946  8.843  6.714  5.982  5.551  4.146  6.231  8.806  9.210 10.376 12.197 11.449 13.892 14.829 16.575 15.378 16.128 13.763 15.836 15.420 17.533 18.904 19.992 22.760 24.375 27.046 28.392
 14.491 14.225 12.051 13.292 12.037 15.000 15.995 19.056 21.919 21.379 19.738 17.450 15.128 14.881 12.248 12.783 10.188 11.039 10.327  9.759  6.858  3.838  0.000  3.842  5.345  4.925  6.305  8.659  9.827 10.681 12.428 14.457 15.445 16.252 16.719 14.797 14.059 10.476 12.147 13.630 10.623  9.622  8.069 10.532 11.399 14.890 15.913 13.419 10.609  7.058  6.595  4.816  6.418  6.203  6.047  6.804 10.270 10.181 10.001 12.387 11.063 13.919 14.843 15.792 13.985 13.897 10.960 12.465 11.766 13.721 15.184 16.382 19.260 21.051 23.753 25.243
 16.771 16.491 14.643 15.609 13.955 16.755 17.040 19.904 22.640 22.456 20.730 18.872 16.201 16.277 13.465 14.075 11.762 12.888 12.976 11.674  8.297  5.269  3.842  0.000  3.815  5.410  5.084  6.283  8.770  9.947 10.509 12.612 14.455 15.259 14.920 13.156 11.690  8.015  9.864 12.113  9.898 10.082  9.882 13.041 14.630 18.211 18.780 16.158 12.852  9.685  8.134  4.719  6.463  8.229  8.760 10.317 13.540 13.354 13.637 16.095 14.808 17.474 18.012 18.807 17.286 16.879 13.806 14.691 13.055 14.482 14.995 15.717 18.273 19.651 22.302 23.650
 14.135 14.089 12.974 14.406 13.452 16.730 17.415 20.596 22.971 22.379 20.163 17.985 14.834 14.250 10.970 11.011  8.785 10.205 11.287 10.159  6.358  5.166  5.345  3.815  0.000  3.873  5.424  5.015  6.389  8.873  9.774 10.765 12.593 14.283 14.389 13.528 12.760  9.711 12.481 14.424 12.052 12.676 11.830 14.916 15.967 19.585 20.739 18.509 15.549 12.239 11.334  8.238  9.077 10.114  9.187 10.163 13.297 14.146 14.631 16.289 14.572 16.535 16.407 17.309 16.546 16.563 14.115 15.601 14.237 16.371 16.925 18.206 20.744 22.084 24.782 26.132
 12.467 11.553  9.786 10.727  9.602 12.934 13.886 17.230 19.576 18.789 16.580 14.275 11.316 10.964  8.111  9.140  7.620 10.003 10.923 11.097  7.465  6.577  4.925  5.410  3.873  0.000  3.867  5.429  5.146  6.496  8.774 10.122 10.805 12.161 13.091 12.004 12.198  9.451 12.401 13.362 10.321 10.699  9.151 12.134 13.102 16.771 18.061 16.350 13.701 10.772 11.088  8.961 10.786 10.903  9.657  9.217 12.852 13.951 13.454 14.912 12.510 14.370 14.001 14.271 13.312 12.933 10.531 12.072 10.960 13.610 14.624 16.553 19.311 20.972 23.744 25.312
 16.126 14.778 12.629 12.571 10.326 12.849 12.724 15.651 18.079 17.899 16.044 14.541 11.842 12.642 10.497 12.311 11.340 13.815 14.614 14.457 10.764  8.894  6.305  5.084  5.424  3.867  0.000  3.800  5.366  5.073  6.220  8.823  9.973 10.351 10.449  8.737  8.459  5.655  8.766  9.691  7.043  8.420  8.253 11.883 13.902 17.640 18.147 16.342 13.197 10.889 10.838  8.454 11.216 12.277 12.137 12.196 15.928 16.347 15.620 17.672 15.389 17.599 17.352 17.138 15.774 14.553 11.575 11.888  9.632 11.467 11.681 13.288 15.875 17.368 20.128 21.707
 16.685 15.683 14.355 14.647 12.893 15.567 15.321 18.177 20.201 19.992 17.773 16.365 13.150 13.554 10.973 12.227 11.481 13.983 15.585 14.970 11.122  9.937  8.659  6.283  5.015  5.429  3.800  0.000  3.817  5.453  4.938  6.386  8.773 10.041  9.540  9.044  8.498  6.491 10.069 11.566  9.854 11.908 12.035 15.652 17.508 21.244 21.904 20.054 16.857 14.327 13.727 10.653 12.655 14.229 13.798 14.266 17.751 18.523 18.368 20.151 17.897 19.719 19.042 19.018 18.296 17.399 14.828 15.351 13.013 14.778 14.385 15.759 17.928 18.984 21.643 23.022
 14.022 12.650 11.705 11.971 10.819 13.768 14.048 17.200 18.860 18.150 15.482 13.719 10.172 10.121  7.527  9.038  9.244 12.423 14.561 14.748 11.047 10.959  9.827  8.770  6.389  5.146  5.366  3.817  0.000  3.870  5.337  5.206  6.264  8.508  9.387  9.726 10.633  9.349 13.067 13.745 11.492 13.308 12.565 15.834 17.167 20.811 21.956 20.633 17.899 15.427 15.636 13.065 14.975 15.735 14.459 14.008 17.473 18.933 18.472 19.608 16.848 18.034 16.721 16.369 16.209 15.445 13.558 14.524 12.706 15.235 15.285 17.412 19.708 20.964 23.654 25.154
 15.847 13.679 11.890 10.952  8.769 10.957 10.574 13.544 15.208 14.779 12.388 11.214  8.151  9.520  8.266 11.031 11.706 15.089 16.712 17.315 13.663 12.924 10.681  9.947  8.873  6.496  5.073  5.453  3.870  0.000  3.851  5.562  5.206  5.694  7.046  6.691  8.569  7.983 11.522 11.208  8.903 11.073 10.674 13.957 15.793 19.367 20.083 19.129 16.460 14.726 15.464 13.456 16.165 16.861 16.046 15.217 18.947 20.053 18.914 20.302 17.323 18.720 17.505 16.426 15.750 14.106 11.962 12.035  9.702 12.048 11.900 14.385 16.666 18.078 20.776 22.457
 19.040 17.173 15.628 14.779 12.438 14.180 13.013 15.361 16.868 17.009 14.889 14.406 11.513 13.031 11.658 13.990 14.455 17.602 19.381 19.359 15.540 14.446 12.428 10.509  9.774  8.774  6.220  4.938  5.337  3.851  0.000  3.856  5.643  5.627  4.647  4.862  5.927  6.393 10.029 10.173  9.142 12.206 12.895 16.486 18.792 22.413 22.715 21.451 18.386 16.707 16.723 14.182 16.862 18.345 18.021 17.885 21.580 22.389 21.596 23.323 20.614 22.216 21.112 20.211 19.520 17.827 15.426 15.049 12.110 13.526 12.328 14.079 15.843 16.738 19.316 20.812
 18.318 16.622 15.903 15.402 13.857 15.913 15.185 17.668 18.672 18.410 15.788 15.087 11.763 12.569 11.025 12.874 13.926 17.188 19.635 19.681 15.970 15.733 14.457 12.612 10.765 10.122  8.823  6.386  5.206  5.562  3.856  0.000  3.853  6.022  5.785  7.970  9.343  9.980 13.657 13.977 12.903 15.766 15.952 19.394 21.247 24.847 25.576 24.447 21.549 19.558 19.594 16.838 19.004 20.340 19.436 19.161 22.648 23.993 23.459 24.709 21.845 22.904 21.268 20.423 20.449 19.167 17.365 17.525 15.022 16.899 15.878 17.820 19.473 20.212 22.663 24.020
 17.277 14.942 14.155 13.045 11.666 13.374 12.806 15.310 15.917 15.337 12.441 11.812  8.606  9.772  9.255 11.839 13.738 17.383 19.798 20.566 17.033 17.082 15.445 14.455 12.593 10.805  9.973  8.773  6.264  5.206  5.643  3.853  0.000  3.827  6.050  8.310 10.997 11.840 15.421 14.883 13.338 15.917 15.604 18.643 20.247 23.635 24.532 23.957 21.483 19.834 20.584 18.377 20.804 21.567 20.352 19.349 22.872 24.473 23.442 24.351 21.117 21.806 19.817 18.381 18.598 17.060 15.783 15.887 13.745 16.017 15.370 17.980 19.753 20.765 23.210 24.754
 19.800 17.099 15.591 13.699 11.430 12.141 10.595 12.508 13.040 13.019 10.683 11.071  8.776 11.227 11.510 14.653 16.359 20.003 21.946 22.771 19.158 18.568 16.252 15.259 14.283 12.161 10.351 10.041  8.508  5.694  5.627  6.022  3.827  0.000  3.835  5.664  9.180 10.852 13.945 12.619 11.511 14.395 14.657 17.632 19.731 23.000 23.372 22.995 20.525 19.502 20.434 18.579 21.520 22.402 21.688 20.662 24.375 25.550 24.123 25.382 22.153 23.185 21.491 19.672 19.312 17.092 15.486 14.684 12.036 13.682 12.532 15.181 16.710 17.716 20.093 21.744
 22.363 20.018 18.458 16.853 14.282 15.004 12.983 14.461 15.217 15.810 13.973 14.602 12.351 14.667 14.333 17.119 18.283 21.686 23.575 23.824 20.039 18.986 16.719 14.920 14.389 13.091 10.449  9.540  9.387  7.046  4.647  5.785  6.050  3.835  0.000  3.820  6.526  9.125 11.960 11.015 10.979 14.456 15.590 18.924 21.478 24.879 24.856 24.050 21.162 20.123 20.426 18.200 21.146 22.651 22.434 22.036 25.790 26.594 25.463 27.147 24.217 25.639 24.259 22.777 22.161 19.955 17.823 16.744 13.549 14.387 12.391 14.198 15.278 15.815 18.102 19.565
 22.461 20.098 17.919 16.174 13.032 13.487 11.153 12.526 13.977 14.919 13.632 14.247 12.424 15.064 14.701 17.669 18.285 21.490 22.796 22.997 19.246 17.579 14.797 13.156 13.528 12.004  8.737  9.044  9.726  6.691  4.862  7.970  8.310  5.664  3.820  0.000  3.919  6.447  8.793  7.328  7.398 11.001 12.632 15.973 18.889 22.239 21.830 20.896 17.919 17.228 17.558 15.692 18.986 20.500 20.755 20.459 24.283 24.620 23.283 25.340 22.621 24.488 23.619 22.196 20.962 18.503 15.863 14.317 10.785 11.041  8.836 10.498 11.835 12.719 15.257 16.965
 23.871 21.978 19.777 18.534 15.386 16.187 14.006 15.333 17.189 18.310 17.208 17.546 15.548 17.797 16.767 19.269 19.180 21.952 23.026 22.613 18.856 16.671 14.059 11.690 12.760 12.198  8.459  8.498 10.633  8.569  5.927  9.343 10.997  9.180  6.526  3.919  0.000  3.893  5.670  5.554  6.827 10.554 12.911 16.483 19.631 23.062 22.390 20.859 17.475 16.596 16.115 13.889 17.058 19.175 19.994 20.410 24.135 24.031 23.096 25.567 23.296 25.569 25.128 24.200 22.726 20.518 17.439 15.985 12.349 12.003  9.537  9.879 11.019 11.533 14.107 15.617
 21.718 20.206 17.900 17.189 14.213 15.613 14.121 16.010 18.397 19.166 17.938 17.547 15.349 17.083 15.503 17.621 16.861 19.233 19.930 19.295 15.639 13.110 10.476  8.015  9.711  9.451  5.655  6.491  9.349  7.983  6.393  9.980 11.840 10.852  9.125  6.447  3.893  0.000  3.827  5.415  5.226  8.275 10.409 14.125 17.114 20.653 20.156 18.191 14.630 13.270 12.451 10.028 13.194 15.340 16.335 17.043 20.682 20.375 19.654 22.283 20.314 22.846 22.796 22.323 20.642 18.809 15.477 14.505 11.205 11.223  9.726 10.028 11.939 12.902 15.601 17.134
 24.722 23.249 20.636 19.789 16.557 17.456 15.630 16.943 19.536 20.749 20.090 20.001 18.284 20.260 18.854 21.000 19.963 22.033 22.234 21.408 17.996 14.941 12.147  9.864 12.481 12.401  8.766 10.069 13.067 11.522 10.029 13.657 15.421 13.945 11.960  8.793  5.670  3.827  0.000  3.812  5.465  7.904 11.042 14.377 17.739 21.003 19.864 17.660 13.991 13.281 12.064 10.218 13.495 15.912 17.688 18.722 22.200 21.253 20.469 23.526 21.957 24.860 25.263 24.833 22.710 20.692 17.084 15.599 12.251 11.115  9.232  8.118  9.715 10.464 13.033 14.558
 25.124 23.136 20.236 18.726 15.145 15.275 12.911 13.709 16.237 17.755 17.515 17.934 16.800 19.347 18.644 21.338 20.808 23.259 23.450 23.195 19.771 16.919 13.630 12.113 14.424 13.362  9.691 11.566 13.745 11.208 10.173 13.977 14.883 12.619 11.015  7.328  5.554  5.415  3.812  0.000  3.827  6.791 10.201 13.239 16.853 19.924 18.510 16.913 13.583 13.694 13.467 12.406 16.049 17.869 19.396 19.758 23.391 22.575 21.176 24.088 22.180 24.950 25.191 24.220 21.957 19.417 15.910 13.727 10.095  8.315  5.726  4.857  6.828  8.172 10.973 12.920
 21.658 19.641 16.605 15.187 11.672 12.174 10.442 12.043 14.903 15.855 15.313 15.119 13.921 16.234 15.498 18.194 17.601 20.053 20.095 20.189 16.862 14.179 10.623  9.898 12.052 10.321  7.043  9.854 11.492  8.903  9.142 12.903 13.338 11.511 10.979  7.398  6.827  5.226  5.465  3.827  0.000  3.814  6.615  9.932 13.370 16.637 15.676 14.152 10.894 10.682 11.108 10.308 14.093 15.295 16.418 16.350 20.046 19.465 17.845 20.563 18.487 21.200 21.459 20.510 18.188 15.750 12.195 10.320  6.834  6.098  5.236  6.339  9.207 11.115 13.922 15.889
 21.097 19.234 15.870 14.632 11.291 11.753 10.758 12.432 15.688 16.384 16.146 15.507 14.748 16.746 16.040 18.529 17.512 19.529 18.869 19.151 16.289 13.397  9.622 10.082 12.676 10.699  8.420 11.908 13.308 11.073 12.206 15.766 15.917 14.395 14.456 11.001 10.554  8.275  7.904  6.791  3.814  0.000  3.846  6.632 10.233 13.340 12.173 10.409  7.131  7.468  8.568  9.050 12.834 13.356 14.732 14.480 17.959 16.969 14.996 17.921 16.177 19.205 20.035 19.274 16.441 14.110 10.328  8.465  5.920  5.110  6.392  7.360 10.557 12.856 15.523 17.468
 17.908 16.040 12.527 11.501  8.589  9.612  9.877 12.283 15.520 15.482 14.929 13.525 12.819 14.292 13.628 15.971 14.911 16.827 15.925 16.766 14.218 11.818  8.069  9.882 11.830  9.151  8.253 12.035 12.565 10.674 12.895 15.952 15.604 14.657 15.590 12.632 12.911 10.409 11.042 10.201  6.615  3.846  0.000  3.797  6.838 10.311 10.069  8.597  5.958  5.625  8.112  9.102 12.471 11.950 12.570 11.521 14.994 14.404 12.025 14.569 12.547 15.476 16.367 15.640 12.685 10.569  6.743  5.762  4.766  6.210  8.875 10.764 13.941 16.343 19.028 20.949
 18.702 16.811 13.096 11.958  9.547  9.868 10.751 12.739 16.018 15.777 15.745 14.239 14.359 15.681 15.502 17.734 16.666 18.224 16.714 18.012 16.115 13.950 10.532 13.041 14.916 12.134 11.883 15.652 15.834 13.957 16.486 19.394 18.643 17.632 18.924 15.973 16.483 14.125 14.377 13.239  9.932  6.632  3.797  0.000  3.817  6.773  6.344  5.476  4.466  5.772  9.292 11.476 14.392 13.055 13.626 12.026 14.952 14.104 11.013 13.387 11.637 14.602 16.003 15.164 11.668  9.495  6.065  4.993  6.224  7.331 10.819 12.666 15.731 18.301 20.814 22.748
 16.948 15.304 11.703 11.111  9.880 10.605 12.604 14.844 17.853 16.987 16.765 14.624 14.896 15.463 15.336 17.093 15.911 17.018 15.048 16.898 15.697 14.169 11.399 14.630 15.967 13.102 13.902 17.508 17.167 15.793 18.792 21.247 20.247 19.731 21.478 18.889 19.631 17.114 17.739 16.853 13.370 10.233  6.838  3.817  0.000  3.837  5.571  5.522  6.447  6.925 10.722 13.145 15.332 13.095 12.953 10.592 12.921 12.397  8.829 10.475  8.755 11.559 13.376 12.771  9.029  7.651  5.297  6.216  8.936 10.794 14.394 16.432 19.449 22.022 24.520 26.395
 19.143 17.576 14.144 13.482 12.696 12.762 14.885 16.611 19.431 18.464 18.728 16.724 17.603 18.115 18.367 20.003 18.900 19.694 17.363 19.429 18.752 17.389 14.890 18.211 19.585 16.771 17.640 21.244 20.811 19.367 22.413 24.847 23.635 23.000 24.879 22.239 23.062 20.653 21.003 19.924 16.637 13.340 10.311  6.773  3.837  0.000  3.856  5.652  8.437  9.765 13.422 16.316 18.217 15.662 15.586 13.118 14.645 13.897 10.118 11.205 10.182 12.548 14.749 14.082 10.291  9.207  8.131  8.711 11.855 13.243 16.972 18.879 21.726 24.330 26.668 28.520
 22.314 20.578 16.952 15.827 14.196 13.611 14.817 15.869 18.910 18.584 19.356 18.003 19.066 20.222 20.542 22.537 21.434 22.436 20.200 21.834 20.803 18.839 15.913 18.780 20.739 18.061 18.147 21.904 21.956 20.083 22.715 25.576 24.532 23.372 24.856 21.830 22.390 20.156 19.864 18.510 15.676 12.173 10.069  6.344  5.571  3.856  0.000  3.813  7.034  9.767 13.193 16.364 18.661 16.648 17.363 15.505 17.311 15.957 12.376 14.251 13.471 16.160 18.276 17.434 13.613 11.845  9.994  9.106 11.499 11.740 15.329 16.736 19.387 22.018 24.166 26.004
 21.873 20.556 17.015 16.433 14.627 14.795 15.773 17.188 20.468 20.320 20.725 19.214 19.581 20.567 20.213 21.928 20.299 21.021 18.637 19.695 18.638 16.246 13.419 16.158 18.509 16.350 16.342 20.054 20.633 19.129 21.451 24.447 23.957 22.995 24.050 20.896 20.859 18.191 17.660 16.913 14.152 10.409  8.597  5.476  5.522  5.652  3.813  0.000  3.852  6.653  9.744 13.180 15.305 13.456 14.725 13.556 15.407 13.491 10.300 13.015 12.719 16.002 18.399 18.165 14.405 13.043 10.429  9.896 11.472 11.549 14.834 15.711 18.475 21.005 23.230 24.958
 21.197 19.917 16.419 15.911 13.625 14.212 14.679 16.326 19.728 19.846 19.937 18.541 18.329 19.471 18.701 20.478 18.719 19.652 17.651 18.193 16.589 13.744 10.609 12.852 15.549 13.701 13.197 16.857 17.899 16.460 18.386 21.549 21.483 20.525 21.162 17.919 17.475 14.630 13.991 13.583 10.894  7.131  5.958  4.466  6.447  8.437  7.034  3.852  0.000  3.861  6.608  9.787 12.385 11.266 12.976 12.456 14.918 12.986 10.400 13.653 13.065 16.579 18.641 18.517 15.000 13.490 10.130  9.383  9.747  9.611 12.425 13.013 15.918 18.333 20.675 22.383
 18.432 17.610 14.443 14.697 12.842 14.448 15.324 17.634 20.942 20.740 20.177 18.291 17.349 17.908 16.477 17.759 15.570 16.226 14.246 14.475 12.845  9.946  7.058  9.685 12.239 10.772 10.889 14.327 15.427 14.726 16.707 19.558 19.834 19.502 20.123 17.228 16.596 13.270 13.281 13.694 10.682  7.468  5.625  5.772  6.925  9.765  9.767  6.653  3.861  0.000  3.834  6.736  9.027  7.661  9.218  9.059 11.738  9.978  7.985 11.422 10.856 14.499 16.523 16.967 13.832 13.023  9.644 10.086 10.284 11.136 13.629 14.426 17.432 19.656 22.177 23.798
 19.975 19.609 16.825 17.445 15.552 17.430 17.920 20.197 23.506 23.533 22.796 21.020 19.592 20.055 18.082 19.000 16.402 16.714 14.868 14.092 12.376  8.843  6.595  8.134 11.334 11.088 10.838 13.727 15.636 15.464 16.723 19.594 20.584 20.434 20.426 17.558 16.115 12.451 12.064 13.467 11.108  8.568  8.112  9.292 10.722 13.422 13.193  9.744  6.608  3.834  0.000  3.870  5.872  5.748  8.600 10.000 12.418 10.194  9.588 13.254 13.232 16.876 18.887 19.757 16.960 16.406 12.983 13.382 12.805 13.218 14.889 14.950 17.710 19.580 22.020 23.420
 19.206 18.992 16.624 17.451 15.567 17.876 18.145 20.648 23.766 23.807 22.649 20.891 18.857 19.192 16.762 17.485 14.854 15.348 14.252 12.899 10.504  6.714  4.816  4.719  8.238  8.961  8.454 10.653 13.065 13.456 14.182 16.838 18.377 18.579 18.200 15.692 13.889 10.028 10.218 12.406 10.308  9.050  9.102 11.476 13.145 16.316 16.364 13.180  9.787  6.736  3.870  0.000  3.858  5.763  8.186 10.242 13.009 11.519 11.678 14.932 14.484 17.801 19.242 20.192 17.935 17.459 14.055 14.608 13.346 14.029 14.981 15.056 17.685 19.235 21.722 23.028
 19.371 19.903 18.046 19.556 18.262 20.927 21.570 24.240 27.325 27.144 25.800 23.725 21.473 21.232 18.386 18.332 15.153 14.724 13.309 11.133  9.547  5.982  6.418  6.463  9.077 10.786 11.216 12.655 14.975 16.165 16.862 19.004 20.804 21.520 21.146 18.986 17.058 13.194 13.495 16.049 14.093 12.834 12.471 14.392 15.332 18.217 18.661 15.305 12.385  9.027  5.872  3.858  0.000  3.831  6.710  9.938 11.773 10.048 11.448 14.496 14.803 17.999 19.713 21.334 19.362 19.581 16.538 17.685 16.841 17.761 18.816 18.809 21.322 22.732 25.152 26.300
 17.304 18.020 16.132 17.951 17.167 19.922 21.166 23.987 27.093 26.572 25.246 22.811 20.820 20.224 17.527 17.257 13.910 13.035 10.803  9.183  8.491  5.551  6.203  8.229 10.114 10.903 12.277 14.229 15.735 16.861 18.345 20.340 21.567 22.402 22.651 20.500 19.175 15.340 15.912 17.869 15.295 13.356 11.950 13.055 13.095 15.662 16.648 13.456 11.266  7.661  5.748  5.763  3.831  0.000  3.825  6.903  8.282  6.260  7.788 10.775 11.496 14.769 16.916 18.816 16.745 17.432 14.767 16.474 16.468 17.847 19.611 20.087 22.850 24.580 27.104 28.397
 13.725 14.837 13.444 15.852 15.814 18.993 20.766 23.914 26.787 25.847 24.165 21.335 19.153 17.938 15.055 14.239 10.703  9.398  6.995  5.683  5.484  4.146  6.047  8.760  9.187  9.657 12.137 13.798 14.459 16.046 18.021 19.436 20.352 21.688 22.434 20.755 19.994 16.335 17.688 19.396 16.418 14.732 12.570 13.626 12.953 15.586 17.363 14.725 12.976  9.218  8.600  8.186  6.710  3.825  0.000  3.853  5.271  5.117  6.934  8.740  9.047 11.807 13.687 15.957 14.436 15.752 13.713 16.168 16.594 18.709 20.696 21.785 24.680 26.500 29.140 30.519
 10.974 11.758 10.155 12.700 13.194 16.399 18.692 21.947 24.672 23.401 21.685 18.599 16.716 15.270 12.796 12.136  8.978  8.079  5.301  6.370  6.246  6.231  6.804 10.317 10.163  9.217 12.196 14.266 14.008 15.217 17.885 19.161 19.349 20.662 22.036 20.459 20.410 17.043 18.722 19.758 16.350 14.480 11.521 12.026 10.592 13.118 15.505 13.556 12.456  9.059 10.000 10.242  9.938  6.903  3.853  0.000  3.853  5.448  5.419  6.183  5.395  8.125 10.041 12.232 10.679 12.338 10.863 13.860 14.982 17.613 20.053 21.724 24.770 26.818 29.520 31.057
 11.908 13.555 12.608 15.528 16.537 19.659 22.192 25.395 28.105 26.680 25.003 21.759 20.013 18.188 15.741 14.437 11.137  8.994  5.222  6.146  8.109  8.806 10.270 13.540 13.297 12.852 15.928 17.751 17.473 18.947 21.580 22.648 22.872 24.375 25.790 24.283 24.135 20.682 22.200 23.391 20.046 17.959 14.994 14.952 12.921 14.645 17.311 15.407 14.918 11.738 12.418 13.009 11.773  8.282  5.271  3.853  0.000  3.846  5.407  4.643  5.978  7.974 10.603 13.585 12.377 14.758 13.880 17.043 18.538 21.095 23.684 25.234 28.261 30.313 32.977 34.451
 15.501 16.734 15.174 17.553 17.856 20.617 22.777 25.708 28.692 27.613 26.313 23.364 21.833 20.564 18.227 17.429 14.093 12.299  8.753  8.573  9.986  9.210 10.181 13.354 14.146 13.951 16.347 18.523 18.933 20.053 22.389 23.993 24.473 25.550 26.594 24.620 24.031 20.375 21.253 22.575 19.465 16.969 14.404 14.104 12.397 13.897 15.957 13.491 12.986  9.978 10.194 11.519 10.048  6.260  5.117  5.448  3.846  0.000  3.839  5.456  7.832 10.749 13.782 16.344 14.396 16.165 14.626 17.217 18.531 20.494 23.067 24.131 27.083 29.128 31.691 33.098
 15.153 15.597 13.384 15.211 15.356 17.719 19.999 22.776 25.767 24.662 23.641 20.779 19.749 18.822 17.078 16.942 14.144 13.178  9.818 10.800 11.390 10.376 10.001 13.637 14.631 13.454 15.620 18.368 18.472 18.914 21.596 23.459 23.442 24.123 25.463 23.283 23.096 19.654 20.469 21.176 17.845 14.996 12.025 11.013  8.829 10.118 12.376 10.300 10.400  7.985  9.588 11.678 11.448  7.788  6.934  5.419  5.407  3.839  0.000  3.872  5.595  9.118 12.342 14.251 11.671 13.086 11.581 14.086 15.871 17.866 20.807 22.146 25.187 27.450 30.001 31.542
 13.235 14.092 12.492 14.828 15.913 18.427 21.241 24.177 26.899 25.370 24.128 20.920 19.964 18.434 16.840 16.200 13.601 12.202  8.637 10.607 12.003 12.197 12.387 16.095 16.289 14.912 17.672 20.151 19.608 20.302 23.323 24.709 24.351 25.382 27.147 25.340 25.567 22.283 23.526 24.088 20.563 17.921 14.569 13.387 10.475 11.205 14.251 13.015 13.653 11.422 13.254 14.932 14.496 10.775  8.740  6.183  4.643  5.456  3.872  0.000  3.828  6.209  9.827 12.285 10.317 12.733 12.358 15.480 17.775 20.258 23.356 25.097 28.174 30.476 33.078 34.663
 10.521 10.685  8.757 11.047 12.383 15.042 18.048 21.145 23.667 21.974 20.538 17.232 16.271 14.699 13.359 13.072 10.998 10.503  7.720 10.521 10.970 11.449 11.063 14.808 14.572 12.510 15.389 17.897 16.848 17.323 20.614 21.845 21.117 22.153 24.217 22.621 23.296 20.314 21.957 22.180 18.487 16.177 12.547 11.637  8.755 10.182 13.471 12.719 13.065 10.856 13.232 14.484 14.803 11.496  9.047  5.395  5.978  7.832  5.595  3.828  0.000  3.813  6.847  8.807  6.764  9.268  9.208 12.691 15.078 17.993 21.082 23.255 26.381 28.699 31.348 33.022
  8.534  9.009  8.147 10.897 13.288 15.975 19.368 22.541 24.668 22.568 20.869 17.300 16.413 14.180 13.145 12.342 10.883 10.253  8.047 11.590 12.456 13.892 13.919 17.474 16.535 14.370 17.599 19.719 18.034 18.720 22.216 22.904 21.806 23.185 25.639 24.488 25.569 22.846 24.860 24.950 21.200 19.205 15.476 14.602 11.559 12.548 16.160 16.002 16.579 14.499 16.876 17.801 17.999 14.769 11.807  8.125  7.974 10.749  9.118  6.209  3.813  0.000  3.823  6.587  6.069  9.631 10.910 14.639 17.263 20.515 23.590 26.092 29.180 31.503 34.192 35.913
  5.714  5.727  5.962  9.028 12.187 15.041 18.557 21.860 23.569 21.217 19.097 15.365 14.276 11.498 10.726  9.738  9.299  9.447  8.707 12.498 12.823 14.829 14.843 18.012 16.407 14.001 17.352 19.042 16.721 17.505 21.112 21.268 19.817 21.491 24.259 23.619 25.128 22.796 25.263 25.191 21.459 20.035 16.367 16.003 13.376 14.749 18.276 18.399 18.641 16.523 18.887 19.242 19.713 16.916 13.687 10.041 10.603 13.782 12.342  9.827  6.847  3.823  0.000  3.835  5.599  9.194 11.155 14.910 17.321 20.907 23.738 26.574 29.600 31.840 34.554 36.304
  7.594  5.440  4.698  6.370  9.904 12.239 15.913 19.083 20.466 17.922 15.856 12.143 11.663  9.197  9.685  9.913 10.661 11.995 11.815 15.454 15.006 16.575 15.792 18.807 17.309 14.271 17.138 19.018 16.369 16.426 20.211 20.423 18.381 19.672 22.777 22.196 24.200 22.323 24.833 24.220 20.510 19.274 15.640 15.164 12.771 14.082 17.434 18.165 18.517 16.967 19.757 20.192 21.334 18.816 15.957 12.232 13.585 16.344 14.251 12.285  8.807  6.587  3.835  0.000  3.849  6.701  9.555 12.988 15.567 19.241 22.081 25.232 28.176 30.459 33.103 34.933
 10.030  7.984  5.319  5.996  8.387 10.407 14.039 17.079 18.955 16.737 15.211 11.741 11.691 10.278 10.693 11.644 11.643 12.940 11.941 15.303 14.659 15.378 13.985 17.286 16.546 13.312 15.774 18.296 16.209 15.750 19.520 20.449 18.598 19.312 22.161 20.962 22.726 20.642 22.710 21.957 18.188 16.441 12.685 11.668  9.029 10.291 13.613 14.405 15.000 13.832 16.960 17.935 19.362 16.745 14.436 10.679 12.377 14.396 11.671 10.317  6.764  6.069  5.599  3.849  0.000  3.832  6.446  9.960 12.950 16.401 19.554 22.542 25.546 27.950 30.558 32.423
 12.702  9.910  6.471  4.754  5.712  6.837 10.474 13.384 15.305 13.213 12.059  8.955  9.633  9.502 10.684 12.778 13.197 15.211 14.512 17.469 16.102 16.128 13.897 16.879 16.563 12.933 14.553 17.399 15.445 14.106 17.827 19.167 17.060 17.092 19.955 18.503 20.518 18.809 20.692 19.417 15.750 14.110 10.569  9.495  7.651  9.207 11.845 13.043 13.490 13.023 16.406 17.459 19.581 17.432 15.752 12.338 14.758 16.165 13.086 12.733  9.268  9.631  9.194  6.701  3.832  0.000  3.848  6.635  9.809 13.200 16.386 19.554 22.477 24.913 27.451 29.386
 13.880 11.396  7.593  6.076  4.713  6.193  8.983 12.013 14.595 13.210 12.224  9.636  9.691 10.318 10.705 13.065 12.854 14.940 14.104 16.399 14.545 13.763 10.960 13.806 14.115 10.531 11.575 14.828 13.558 11.962 15.426 17.365 15.783 15.486 17.823 15.863 17.439 15.477 17.084 15.910 12.195 10.328  6.743  6.065  5.297  8.131  9.994 10.429 10.130  9.644 12.983 14.055 16.538 14.767 13.713 10.863 13.880 14.626 11.581 12.358  9.208 10.910 11.155  9.555  6.446  3.848  0.000  3.821  6.661 10.003 13.233 16.160 19.183 21.626 24.233 26.173
 17.408 14.685 10.920  8.540  5.672  4.949  6.413  8.879 11.832 11.114 10.917  9.448 10.228 12.093 12.947 15.859 15.884 18.236 17.528 19.450 17.229 15.836 12.465 14.691 15.601 12.072 11.888 15.351 14.524 12.035 15.049 17.525 15.887 14.684 16.744 14.317 15.985 14.505 15.599 13.727 10.320  8.465  5.762  4.993  6.216  8.711  9.106  9.896  9.383 10.086 13.382 14.608 17.685 16.474 16.168 13.860 17.043 17.217 14.086 15.480 12.691 14.639 14.910 12.988  9.960  6.635  3.821  0.000  3.833  6.666 10.118 13.164 16.100 18.636 21.147 23.201
 18.807 16.116 12.563 10.208  6.511  5.937  5.225  7.669 10.826 10.917 10.601  9.925 10.015 12.533 13.040 16.209 16.264 18.925 18.665 20.019 17.230 15.420 11.766 13.055 14.237 10.960  9.632 13.013 12.706  9.702 12.110 15.022 13.745 12.036 13.549 10.785 12.349 11.205 12.251 10.095  6.834  5.920  4.766  6.224  8.936 11.855 11.499 11.472  9.747 10.284 12.805 13.346 16.841 16.468 16.594 14.982 18.538 18.531 15.871 17.775 15.078 17.263 17.321 15.567 12.950  9.809  6.661  3.833  0.000  3.840  6.662  9.890 12.870 15.303 17.896 19.992
 22.491 19.905 16.342 14.003 10.293  9.057  7.109  7.859 11.135 12.206 12.756 12.979 13.373 16.182 16.653 19.805 19.664 22.183 21.736 22.717 19.881 17.533 13.721 14.482 16.371 13.610 11.467 14.778 15.235 12.048 13.526 16.899 16.017 13.682 14.387 11.041 12.003 11.223 11.115  8.315  6.098  5.110  6.210  7.331 10.794 13.243 11.740 11.549  9.611 11.136 13.218 14.029 17.761 17.847 18.709 17.613 21.095 20.494 17.866 20.258 17.993 20.515 20.907 19.241 16.401 13.200 10.003  6.666  3.840  0.000  3.849  6.655  9.648 12.245 14.712 16.919
 24.640 22.053 18.749 16.404 12.580 11.435  8.611  8.725 11.425 13.115 13.655 14.554 14.587 17.693 18.037 21.270 21.279 23.996 23.950 24.562 21.387 18.904 15.184 14.995 16.925 14.624 11.681 14.385 15.285 11.900 12.328 15.878 15.370 12.532 12.391  8.836  9.537  9.726  9.232  5.726  5.236  6.392  8.875 10.819 14.394 16.972 15.329 14.834 12.425 13.629 14.889 14.981 18.816 19.611 20.696 20.053 23.684 23.067 20.807 23.356 21.082 23.590 23.738 22.081 19.554 16.386 13.233 10.118  6.662  3.849  0.000  3.833  6.678  9.032 11.575 13.896
 27.407 25.103 21.813 19.772 15.993 15.085 12.371 12.173 14.725 16.649 17.361 18.295 18.141 21.101 21.065 24.066 23.685 26.132 25.898 26.055 22.906 19.992 16.382 15.717 18.206 16.553 13.288 15.759 17.412 14.385 14.079 17.820 17.980 15.181 14.198 10.498  9.879 10.028  8.118  4.857  6.339  7.360 10.764 12.666 16.432 18.879 16.736 15.711 13.013 14.426 14.950 15.056 18.809 20.087 21.785 21.724 25.234 24.131 22.146 25.097 23.255 26.092 26.574 25.232 22.542 19.554 16.160 13.164  9.890  6.655  3.833  0.000  3.841  6.327  8.864 11.231
 30.308 27.956 24.733 22.582 18.795 17.676 14.688 14.016 16.152 18.385 19.260 20.599 20.535 23.639 23.702 26.754 26.496 29.001 28.880 28.927 25.716 22.760 19.260 18.273 20.744 19.311 15.875 17.928 19.708 16.666 15.843 19.473 19.753 16.710 15.278 11.835 11.019 11.939  9.715  6.828  9.207 10.557 13.941 15.731 19.449 21.726 19.387 18.475 15.918 17.432 17.710 17.685 21.322 22.850 24.680 24.770 28.261 27.083 25.187 28.174 26.381 29.180 29.600 28.176 25.546 22.477 19.183 16.100 12.870  9.648  6.678  3.841  0.000  3.830  6.621  9.364
 32.252 29.946 26.861 24.762 21.005 19.965 16.853 16.040 17.893 20.280 21.100 22.601 22.383 25.503 25.471 28.466 28.230 30.750 30.779 30.623 27.334 24.375 21.051 19.651 22.084 20.972 17.368 18.984 20.964 18.078 16.738 20.212 20.765 17.716 15.815 12.719 11.533 12.902 10.464  8.172 11.115 12.856 16.343 18.301 22.022 24.330 22.018 21.005 18.333 19.656 19.580 19.235 22.732 24.580 26.500 26.818 30.313 29.128 27.450 30.476 28.699 31.503 31.840 30.459 27.950 24.913 21.626 18.636 15.303 12.245  9.032  6.327  3.830  0.000  3.851  6.817
 35.013 32.674 29.587 27.407 23.639 22.394 19.188 18.026 19.553 22.083 23.208 24.961 24.916 28.127 28.194 31.209 30.998 33.513 33.518 33.316 30.050 27.046 23.753 22.302 24.782 23.744 20.128 21.643 23.654 20.776 19.316 22.663 23.210 20.093 18.102 15.257 14.107 15.601 13.033 10.973 13.922 15.523 19.028 20.814 24.520 26.668 24.166 23.230 20.675 22.177 22.020 21.722 25.152 27.104 29.140 29.520 32.977 31.691 30.001 33.078 31.348 34.192 34.554 33.103 30.558 27.451 24.233 21.147 17.896 14.712 11.575  8.864  6.621  3.851  0.000  3.772
