  0.000  3.835  6.777 10.363 13.272 16.747 19.751 23.298 24.776 22.461 19.801 16.126 13.863 10.360  8.336  5.536  5.456  5.865  7.631 10.793 10.742 13.734 14.510 16.798 14.169 12.410 16.025 16.600 13.896 15.743 18.926 18.064 17.196 19.903 22.346 22.482 23.547 21.463 24.605 25.058 21.700 21.130 17.936 18.680 16.897 19.152 22.232 21.732 21.220 18.516 20.088 19.236 19.404 17.268 13.674 10.927 11.887 15.487 15.140 13.223 10.440  8.355  5.658  7.676  9.963 12.609 13.911 17.395 18.772 22.455 24.460 27.433 30.060 31.762 33.505 34.760
  3.835  0.000  3.828  6.874 10.067 13.344 16.414 19.916 21.194 18.781 16.093 12.391 10.343  6.822  5.728  4.621  6.228  8.395  9.976 13.135 12.202 14.479 14.276 16.531 14.149 11.536 14.699 15.635 12.565 13.612 17.100 16.388 14.846 17.231 20.062 20.212 21.777 20.039 23.195 23.120 19.698 19.260 16.070 16.782 15.240 17.585 20.504 20.430 19.940 17.694 19.733 19.025 19.934 17.999 14.795 11.744 13.566 16.757 15.627 14.117 10.661  8.829  5.626  5.499  7.916  9.810 11.407 14.651 16.079 19.850 21.899 25.119 27.695 29.501 31.314 32.606
  6.777  3.828  0.000  3.819  6.723 10.065 13.255 16.769 18.394 16.143 13.797 10.137  8.498  6.003  5.448  6.428  7.142  9.618 10.265 13.301 11.913 13.234 12.132 14.686 13.044  9.798 12.550 14.313 11.631 11.819 15.560 15.664 13.970 15.649 18.484 18.040 19.620 17.739 20.599 20.243 16.658 15.897 12.570 13.080 11.662 14.179 16.902 16.925 16.463 14.551 16.972 16.657 18.095 16.165 13.457 10.223 12.707 15.282 13.499 12.606  8.840  8.053  5.976  4.799  5.297  6.375  7.608 10.889 12.527 16.294 18.604 21.835 24.489 26.385 28.215 29.522
 10.363  6.874  3.819  0.000  3.820  6.552  9.908 13.330 14.747 12.398 10.151  6.509  5.747  4.712  6.260  8.870 10.255 13.164 13.792 16.594 14.754 15.388 13.445 15.704 14.529 10.833 12.572 14.683 11.985 10.974 14.793 15.222 12.845 13.780 16.961 16.432 18.564 17.177 19.866 18.833 15.295 14.698 11.603 11.989 11.117 13.563 15.842 16.425 16.010 14.852 17.646 17.533 19.647 18.046 15.917 12.834 15.679 17.729 15.407 15.001 11.210 10.846  9.036  6.414  6.044  4.724  6.108  8.524 10.220 13.972 16.335 19.822 22.368 24.368 26.253 27.585
 13.272 10.067  6.723  3.820  0.000  3.827  6.606 10.213 12.133 10.429  8.471  5.679  5.056  6.378  7.538 10.829 11.739 14.816 15.293 17.494 15.088 14.822 12.131 13.971 13.482  9.648 10.286 12.878 10.790  8.765 12.436 13.660 11.376 11.425 14.365 13.297 15.464 14.217 16.643 15.274 11.778 11.354  8.678  9.582  9.884 12.786 14.245 14.650 13.721 12.964 15.719 15.593 18.276 17.199 15.803 13.266 16.620 17.983 15.524 16.038 12.494 13.192 12.158  9.915  8.418  5.736  4.757  5.678  6.554 10.292 12.543 16.066 18.612 20.663 22.621 24.043
 16.747 13.344 10.065  6.552  3.827  0.000  3.836  7.020  8.839  7.117  6.086  4.640  6.367  8.900 10.952 14.408 15.540 18.595 18.882 21.105 18.714 18.093 15.031 16.696 16.696 12.929 12.750 15.497 13.701 10.911 14.134 15.679 12.999 12.031 15.048 13.758 16.338 15.621 17.519 15.387 12.185 11.715  9.627  9.863 10.604 12.871 13.701 14.845 14.266 14.501 17.524 17.819 20.875 19.922 18.953 16.454 19.737 20.738 17.887 18.565 15.179 15.916 15.026 12.247 10.478  6.915  6.151  4.886  5.915  8.965 11.402 15.065 17.405 19.558 21.500 22.880
 19.751 16.414 13.255  9.908  6.606  3.836  0.000  3.843  6.177  6.018  5.620  6.388  7.816 11.200 13.025 16.696 17.803 21.018 21.474 23.254 20.470 19.378 16.039 16.981 17.361 13.879 12.642 15.247 13.978 10.520 12.966 14.956 12.372 10.368 12.997 11.449 14.273 14.226 15.762 13.079 10.474 10.747  9.910 10.796 12.640 15.007 14.964 15.896 14.781 15.404 18.048 18.118 21.522 21.178 20.730 18.752 22.269 22.912 20.187 21.382 18.183 19.301 18.526 15.904 14.102 10.547  8.977  6.381  5.247  7.027  8.637 12.343 14.393 16.540 18.564 20.055
 23.298 19.916 16.769 13.330 10.213  7.020  3.843  0.000  3.858  5.643  6.908  9.064 11.055 14.564 16.578 20.264 21.405 24.592 24.940 26.654 23.854 22.511 19.023 19.758 20.475 17.173 15.502 18.046 17.107 13.461 15.281 17.444 14.890 12.232 14.440 12.769 15.630 16.089 17.006 13.811 11.933 12.278 12.198 12.692 14.818 16.677 15.989 17.272 16.334 17.614 20.218 20.522 24.099 23.931 23.824 21.968 25.443 25.806 22.931 24.297 21.267 22.476 21.834 19.067 17.139 13.444 11.953  8.777  7.573  7.608  8.670 11.961 13.449 15.525 17.431 18.866
 24.776 21.194 18.394 14.747 12.133  8.839  6.177  3.858  0.000  3.840  6.032  9.260 11.717 15.310 17.841 21.580 23.227 26.603 27.262 29.151 26.327 25.285 21.941 22.565 22.916 19.580 18.018 20.155 18.831 15.209 16.878 18.521 15.564 12.869 15.319 14.369 17.641 18.616 19.730 16.447 14.889 15.613 15.501 16.001 17.830 19.505 19.019 20.557 19.767 20.964 23.575 23.704 27.237 27.069 26.723 24.705 28.153 28.794 25.920 26.999 23.778 24.569 23.497 20.410 18.980 15.340 14.516 11.731 10.790 10.981 11.520 14.632 15.735 17.635 19.399 20.702
 22.461 18.781 16.143 12.398 10.429  7.117  6.018  5.643  3.840  0.000  3.809  6.736  9.811 13.073 15.992 19.628 21.513 24.863 25.556 27.778 25.189 24.561 21.424 22.456 22.424 18.861 17.941 20.095 18.248 14.937 17.214 18.438 15.170 13.164 16.201 15.565 18.909 19.497 21.051 18.087 15.955 16.342 15.442 15.654 16.817 18.378 18.511 20.261 19.805 20.713 23.586 23.771 27.095 26.535 25.761 23.376 26.655 27.637 24.710 25.350 21.970 22.340 21.004 17.709 16.595 13.084 12.996 10.886 10.855 12.074 13.316 16.741 18.224 20.210 21.992 23.249
 19.801 16.093 13.797 10.151  8.471  6.086  5.620  6.908  6.032  3.809  0.000  3.834  6.572  9.926 12.947 16.601 18.773 22.280 23.360 25.572 22.903 22.623 19.770 20.692 20.168 16.618 16.007 17.788 15.524 12.465 14.955 15.694 12.224 10.772 14.210 14.094 17.565 18.122 20.226 17.638 15.304 16.034 14.857 15.618 16.628 18.682 19.293 20.636 19.868 20.142 22.837 22.591 25.719 25.188 24.080 21.688 25.019 26.355 23.711 24.168 20.590 20.727 19.005 15.801 15.192 12.015 12.084 10.708 10.480 12.509 13.595 17.234 18.885 20.836 22.729 24.081
 16.126 12.391 10.137  6.509  5.679  4.640  6.388  9.064  9.260  6.736  3.834  0.000  3.825  6.554  9.762 13.282 15.474 18.890 19.959 22.395 19.967 20.073 17.522 18.864 17.991 14.302 14.491 16.335 13.683 11.223 14.394 14.863 11.498 11.109 14.738 14.620 17.756 17.650 20.121 18.071 15.185 15.510 13.566 14.246 14.618 16.823 18.080 19.245 18.605 18.371 21.150 20.891 23.700 22.808 21.294 18.645 21.821 23.468 20.928 21.038 17.346 17.202 15.301 12.132 11.798  9.002  9.618  9.399  9.929 12.888 14.539 18.277 20.316 22.320 24.249 25.613
 13.863 10.343  8.498  5.747  5.056  6.367  7.816 11.055 11.717  9.811  6.572  3.825  0.000  3.839  6.454 10.146 12.450 16.082 17.634 19.773 17.100 17.442 15.249 16.245 14.877 11.376 11.832 13.146 10.159  8.181 11.502 11.534  8.330  8.881 12.481 12.755 15.673 15.453 18.404 16.913 14.035 14.808 12.900 14.400 14.912 17.710 19.136 19.607 18.424 17.478 19.781 18.928 21.490 20.835 19.131 16.780 20.083 21.944 19.907 20.087 16.377 16.309 14.229 11.703 11.753  9.680  9.750 10.219 10.047 13.318 14.527 18.150 20.274 22.159 24.137 25.589
 10.360  6.822  6.003  4.712  6.378  8.900 11.200 14.564 15.310 13.073  9.926  6.554  3.839  0.000  3.816  6.940  9.747 13.283 15.132 17.577 15.314 16.443 14.967 16.329 14.317 11.006 12.627 13.577 10.130  9.560 13.056 12.409  9.693 11.459 14.842 15.359 17.830 17.118 20.334 19.418 16.328 16.771 14.316 15.637 15.376 18.109 20.164 20.468 19.486 17.977 20.192 19.239 21.234 20.186 17.868 15.258 18.181 20.588 18.871 18.452 14.689 13.971 11.355  9.157 10.214  9.403 10.288 12.011 12.500 16.094 17.576 21.094 23.369 25.207 27.133 28.530
  8.336  5.728  5.448  6.260  7.538 10.952 13.025 16.578 17.841 15.992 12.947  9.762  6.454  3.816  0.000  3.816  6.265  9.991 12.222 14.261 11.818 13.230 12.314 13.508 11.031  8.119 10.444 10.960  7.492  8.229 11.618 10.835  9.197 11.671 14.405 14.833 16.613 15.420 18.840 18.622 15.557 16.050 13.620 15.435 15.229 18.331 20.436 20.067 18.690 16.532 18.208 16.810 18.381 17.463 14.971 12.763 15.715 18.225 17.094 16.830 13.303 12.927 10.621  9.702 10.614 10.571 10.691 12.857 12.968 16.551 17.835 21.042 23.421 25.138 27.037 28.462
  5.536  4.621  6.428  8.870 10.829 14.408 16.696 20.264 21.580 19.628 16.601 13.282 10.146  6.940  3.816  0.000  3.827  7.164 10.089 12.144 10.293 12.707 12.891 14.191 11.141  9.172 12.296 12.245  9.007 10.991 13.950 12.700 11.843 14.819 17.167 17.744 19.034 17.506 20.982 21.312 18.285 18.588 16.000 17.696 17.005 19.969 22.429 21.784 20.502 17.860 19.175 17.605 18.407 17.241 14.202 12.113 14.415 17.432 16.948 16.174 12.980 12.099  9.600  9.904 11.526 12.639 13.070 15.794 16.159 19.742 21.078 24.087 26.514 28.133 29.954 31.324
  5.456  6.228  7.142 10.255 11.739 15.540 17.803 21.405 23.227 21.513 18.773 15.474 12.450  9.747  6.265  3.827  0.000  3.822  6.680  8.386  6.599  9.344 10.200 11.800  8.845  7.526 11.214 11.396  9.104 11.543 14.312 13.693 13.649 16.380 18.192 18.180 18.753 16.557 19.801 20.657 17.588 17.490 14.847 16.551 15.759 18.791 21.235 20.067 18.665 15.601 16.506 14.907 15.191 13.847 10.633  8.898 11.091 14.058 14.087 13.532 10.836 10.641  9.218 10.661 11.477 13.000 12.804 15.757 16.127 19.544 20.984 23.644 26.204 27.760 29.508 30.851
  5.865  8.395  9.618 13.164 14.816 18.595 21.018 24.592 26.603 24.863 22.280 18.890 16.082 13.283  9.991  7.164  3.822  0.000  3.879  5.449  5.414  8.996 10.985 12.870 10.178  9.851 13.648 13.826 12.227 14.893 17.410 16.915 17.268 19.983 21.534 21.310 21.421 18.825 21.795 23.069 20.022 19.514 16.778 18.141 16.909 19.624 22.263 20.801 19.614 16.260 16.789 15.366 14.743 12.947  9.306  7.955  8.912 12.229 13.090 12.118 10.320 10.069  9.439 12.044 12.812 15.060 14.935 18.164 18.814 22.103 23.709 26.112 28.737 30.224 31.871 33.135
  7.631  9.976 10.265 13.792 15.293 18.882 21.474 24.940 27.262 25.556 23.360 19.959 17.634 15.132 12.222 10.089  6.680  3.879  0.000  3.839  5.542  8.318 10.274 12.961 11.270 10.825 14.492 15.467 14.427 16.585 19.254 19.421 19.706 21.962 23.483 22.677 22.552 19.521 22.015 23.324 20.115 18.914 15.946 16.704 15.018 17.356 20.087 18.470 17.667 14.318 14.941 14.250 13.331 10.737  6.921  5.185  5.137  8.674  9.729  8.562  7.558  7.972  8.831 11.947 11.894 14.454 14.185 17.562 18.645 21.762 23.758 25.972 28.720 30.247 31.821 33.011
 10.793 13.135 13.301 16.594 17.494 21.105 23.254 26.654 29.151 27.778 25.572 22.395 19.773 17.577 14.261 12.144  8.386  5.449  3.839  0.000  3.838  6.540  9.654 11.620 10.085 10.949 14.303 14.807 14.581 17.140 19.183 19.461 20.463 22.721 23.648 22.750 22.008 18.795 21.102 22.984 20.159 19.165 16.740 17.973 16.843 19.388 21.681 19.493 18.171 14.510 14.132 12.884 11.125  9.057  5.564  6.241  6.037  8.450 10.673 10.515 10.356 11.537 12.613 15.578 15.244 17.393 16.462 19.452 19.959 22.716 24.304 26.089 28.739 30.065 31.543 32.718
 10.742 12.202 11.913 14.754 15.088 18.714 20.470 23.854 26.327 25.189 22.903 19.967 17.100 15.314 11.818 10.293  6.599  5.414  5.542  3.838  0.000  3.841  6.831  8.276  6.308  7.375 10.659 10.990 10.935 13.545 15.405 15.801 16.986 19.153 19.899 19.030 18.279 15.185 17.731 19.591 16.884 16.356 14.251 16.141 15.710 18.782 20.722 18.506 16.623 12.943 12.487 10.544  9.531  8.380  5.399  6.238  8.099  9.955 11.377 12.011 10.923 12.451 13.001 15.219 14.701 16.122 14.700 17.295 17.231 19.925 21.161 22.966 25.549 26.861 28.412 29.682
 13.734 14.479 13.234 15.388 14.822 18.093 19.378 22.511 25.285 24.561 22.623 20.073 17.442 16.443 13.230 12.707  9.344  8.996  8.318  6.540  3.841  0.000  3.832  5.234  5.132  6.564  8.836  9.852 10.922 12.860 14.367 15.640 17.044 18.548 18.865 17.359 16.113 12.636 14.662 16.749 14.219 13.494 11.877 14.007 14.217 17.429 18.773 16.139 13.794 10.061  8.969  6.755  5.932  5.430  4.105  6.303  8.848  9.224 10.403 12.239 11.455 13.931 15.036 16.808 15.460 16.199 13.966 15.950 15.465 17.629 18.706 20.091 22.664 23.908 25.403 26.677
 14.510 14.276 12.132 13.445 12.131 15.031 16.039 19.023 21.941 21.424 19.770 17.522 15.249 14.967 12.314 12.891 10.200 10.985 10.274  9.654  6.831  3.832  0.000  3.846  5.388  4.993  6.327  8.695  9.890 10.706 12.473 14.465 15.427 16.273 16.711 14.710 13.697 10.126 11.988 13.568 10.722  9.738  8.110 10.533 11.357 14.833 15.777 13.246 10.596  7.093  6.686  4.813  6.335  6.057  5.927  6.788 10.230 10.134  9.959 12.340 10.996 13.844 14.945 15.935 13.993 13.917 11.108 12.549 11.822 13.839 15.042 16.533 19.220 20.634 22.236 23.592
 16.798 16.531 14.686 15.704 13.971 16.696 16.981 19.758 22.565 22.456 20.692 18.864 16.245 16.329 13.508 14.191 11.800 12.870 12.961 11.620  8.276  5.234  3.846  0.000  3.843  5.427  5.069  6.295  8.817  9.900 10.482 12.626 14.415 15.177 14.791 12.873 11.131  7.545  9.590 11.894  9.894 10.108  9.822 12.979 14.549 18.119 18.604 15.965 12.785  9.677  8.213  4.784  6.380  8.105  8.692 10.318 13.522 13.331 13.608 16.067 14.747 17.388 18.096 18.927 17.269 16.851 13.887 14.679 13.001 14.481 14.709 15.747 18.145 19.287 20.858 22.295
 14.169 14.149 13.044 14.529 13.482 16.696 17.361 20.475 22.916 22.424 20.168 17.991 14.877 14.317 11.031 11.141  8.845 10.178 11.270 10.085  6.308  5.132  5.388  3.843  0.000  3.859  5.383  4.940  6.376  8.797  9.682 10.699 12.580 14.252 14.245 13.270 12.172  9.306 12.249 14.225 12.084 12.736 11.824 14.908 15.936 19.568 20.633 18.372 15.555 12.306 11.470  8.343  9.029  9.988  9.088 10.147 13.263 14.115 14.622 16.276 14.518 16.446 16.491 17.461 16.556 16.564 14.239 15.622 14.214 16.375 16.656 18.236 20.579 21.766 23.411 24.853
 12.410 11.536  9.798 10.833  9.648 12.929 13.879 17.173 19.580 18.861 16.618 14.302 11.376 11.006  8.119  9.172  7.526  9.851 10.825 10.949  7.375  6.564  4.993  5.427  3.859  0.000  3.845  5.396  5.124  6.463  8.754 10.025 10.744 12.188 13.065 11.950 11.855  9.212 12.327 13.317 10.443 10.812  9.197 12.148 13.070 16.770 17.992 16.247 13.743 10.865 11.252  9.043 10.747 10.800  9.527  9.170 12.794 13.925 13.459 14.884 12.443 14.217 14.007 14.366 13.294 12.927 10.657 12.114 10.989 13.665 14.459 16.666 19.207 20.707 22.514 24.004
 16.025 14.699 12.550 12.572 10.286 12.750 12.642 15.502 18.018 17.941 16.007 14.491 11.832 12.627 10.444 12.296 11.214 13.648 14.492 14.303 10.659  8.836  6.327  5.069  5.383  3.845  0.000  3.837  5.396  5.031  6.248  8.809  9.866 10.277 10.406  8.628  8.162  5.489  8.751  9.639  7.144  8.479  8.192 11.807 13.786 17.548 18.007 16.191 13.162 10.898 10.963  8.522 11.149 12.163 12.005 12.133 15.853 16.308 15.597 17.611 15.292 17.398 17.297 17.148 15.687 14.470 11.589 11.822  9.572 11.453 11.455 13.366 15.776 17.216 19.100 20.727
 16.600 15.635 14.313 14.683 12.878 15.497 15.247 18.046 20.155 20.095 17.788 16.335 13.146 13.577 10.960 12.245 11.396 13.826 15.467 14.807 10.990  9.852  8.695  6.295  4.940  5.396  3.837  0.000  3.846  5.407  4.909  6.404  8.773 10.012  9.442  8.829  8.033  6.348 10.018 11.446  9.946 11.983 12.009 15.616 17.432 21.196 21.801 19.930 16.850 14.366 13.867 10.764 12.583 14.090 13.652 14.198 17.659 18.464 18.343 20.094 17.804 19.526 18.999 19.067 18.243 17.352 14.886 15.316 12.980 14.761 14.141 15.804 17.813 18.941 20.728 22.328
 13.896 12.565 11.631 11.985 10.790 13.701 13.978 17.107 18.831 18.248 15.524 13.683 10.159 10.130  7.492  9.007  9.104 12.227 14.427 14.581 10.935 10.922  9.890  8.817  6.376  5.124  5.396  3.846  0.000  3.856  5.341  5.130  6.306  8.622  9.413  9.724 10.376  9.330 13.091 13.713 11.625 13.400 12.572 15.812 17.092 20.783 21.876 20.524 17.919 15.494 15.799 13.178 14.935 15.614 14.310 13.928 17.372 18.875 18.455 19.548 16.748 17.798 16.620 16.382 16.136 15.380 13.607 14.488 12.692 15.216 15.094 17.470 19.565 20.907 22.778 24.340
 15.743 13.612 11.819 10.974  8.765 10.911 10.520 13.461 15.209 14.937 12.465 11.223  8.181  9.560  8.229 10.991 11.543 14.893 16.585 17.140 13.545 12.860 10.706  9.900  8.797  6.463  5.031  5.407  3.856  0.000  3.852  5.439  5.056  5.747  7.108  6.806  8.483  8.043 11.573 11.199  9.001 11.115 10.652 13.920 15.718 19.350 20.025 19.039 16.458 14.756 15.579 13.483 16.061 16.728 15.891 15.157 18.874 20.019 18.928 20.279 17.276 18.522 17.433 16.457 15.719 14.081 11.999 11.988  9.680 11.996 11.712 14.404 16.485 18.015 20.030 21.688
 18.926 17.100 15.560 14.793 12.436 14.134 12.966 15.281 16.878 17.214 14.955 14.394 11.502 13.056 11.618 13.950 14.312 17.410 19.254 19.183 15.405 14.367 12.473 10.482  9.682  8.754  6.248  4.909  5.341  3.852  0.000  3.840  5.556  5.567  4.592  4.795  5.802  6.604 10.141 10.151  9.265 12.283 12.891 16.480 18.746 22.415 22.685 21.400 18.411 16.760 16.871 14.264 16.771 18.223 17.882 17.839 21.511 22.365 21.625 23.307 20.571 22.029 21.045 20.242 19.495 17.814 15.483 15.019 12.105 13.499 12.138 14.105 15.705 16.874 18.824 20.539
 18.064 16.388 15.664 15.222 13.660 15.679 14.956 17.444 18.521 18.438 15.694 14.863 11.534 12.409 10.835 12.700 13.693 16.915 19.421 19.461 15.801 15.640 14.465 12.626 10.699 10.025  8.809  6.404  5.130  5.439  3.840  0.000  3.845  6.045  5.820  7.956  9.262 10.182 13.786 13.946 12.979 15.777 15.853 19.266 21.058 24.707 25.410 24.274 21.489 19.545 19.715 16.933 18.941 20.182 19.239 19.009 22.475 23.877 23.374 24.566 21.653 22.545 21.015 20.268 20.240 18.960 17.259 17.333 14.879 16.749 15.618 17.784 19.258 20.332 22.175 23.765
 17.196 14.846 13.970 12.845 11.376 12.999 12.372 14.890 15.564 15.170 12.224 11.498  8.330  9.693  9.197 11.843 13.649 17.268 19.706 20.463 16.986 17.044 15.427 14.415 12.580 10.744  9.866  8.773  6.306  5.056  5.556  3.845  0.000  3.832  6.067  8.293 10.890 11.898 15.372 14.669 13.195 15.715 15.356 18.363 19.948 23.402 24.236 23.651 21.272 19.708 20.593 18.354 20.694 21.396 20.183 19.240 22.767 24.384 23.360 24.246 20.974 21.512 19.642 18.276 18.406 16.809 15.570 15.531 13.410 15.609 14.886 17.646 19.200 20.533 22.466 24.041
 19.903 17.231 15.649 13.780 11.425 12.031 10.368 12.232 12.869 13.164 10.772 11.109  8.881 11.459 11.671 14.819 16.380 19.983 21.962 22.721 19.153 18.548 16.273 15.177 14.252 12.188 10.277 10.012  8.622  5.747  5.567  6.045  3.832  0.000  3.852  5.705  9.172 10.937 13.853 12.369 11.339 14.200 14.496 17.476 19.601 22.942 23.239 22.827 20.384 19.433 20.448 18.517 21.369 22.266 21.583 20.680 24.396 25.567 24.180 25.443 22.211 23.111 21.554 19.826 19.384 17.119 15.475 14.507 11.835 13.320 12.070 14.783 16.087 17.459 19.473 21.129
 22.346 20.062 18.484 16.961 14.365 15.048 12.997 14.440 15.319 16.201 14.210 14.738 12.481 14.842 14.405 17.167 18.192 21.534 23.483 23.648 19.899 18.865 16.711 14.791 14.245 13.065 10.406  9.442  9.413  7.108  4.592  5.820  6.067  3.852  0.000  3.824  6.589  9.328 11.966 10.886 10.963 14.416 15.539 18.902 21.450 24.919 24.858 24.004 21.129 20.112 20.476 18.156 20.947 22.475 22.269 22.005 25.742 26.569 25.510 27.177 24.244 25.529 24.277 22.911 22.244 20.047 17.913 16.732 13.541 14.274 12.163 14.030 14.932 15.945 17.893 19.610
 22.482 20.212 18.040 16.432 13.297 13.758 11.449 12.769 14.369 15.565 14.094 14.620 12.755 15.359 14.833 17.744 18.180 21.310 22.677 22.750 19.030 17.359 14.710 12.873 13.270 11.950  8.628  8.829  9.724  6.806  4.795  7.956  8.293  5.705  3.824  0.000  3.899  6.504  8.653  7.148  7.369 10.973 12.631 16.041 18.959 22.385 21.943 20.923 17.910 17.196 17.525 15.508 18.643 20.245 20.534 20.422 24.223 24.572 23.341 25.395 22.701 24.459 23.734 22.447 21.164 18.751 16.084 14.481 10.944 11.101  8.741 10.404 11.591 12.829 14.975 16.880
 23.547 21.777 19.620 18.564 15.464 16.338 14.273 15.630 17.641 18.909 17.565 17.756 15.673 17.830 16.613 19.034 18.753 21.421 22.552 22.008 18.279 16.113 13.697 11.131 12.172 11.855  8.162  8.033 10.376  8.483  5.802  9.262 10.890  9.172  6.589  3.899  0.000  3.891  5.623  5.642  6.938 10.577 12.820 16.469 19.555 23.058 22.413 20.791 17.390 16.411 15.922 13.524 16.461 18.651 19.471 20.067 23.747 23.685 22.881 25.317 23.072 25.240 24.945 24.174 22.660 20.550 17.493 16.070 12.485 12.221  9.684 10.209 11.347 12.212 14.180 16.107
 21.463 20.039 17.739 17.177 14.217 15.621 14.226 16.089 18.616 19.497 18.122 17.650 15.453 17.118 15.420 17.506 16.557 18.825 19.521 18.795 15.185 12.636 10.126  7.545  9.306  9.212  5.489  6.348  9.330  8.043  6.604 10.182 11.898 10.937  9.328  6.504  3.891  0.000  3.842  5.480  5.338  8.213 10.198 13.944 16.878 20.445 19.940 17.914 14.384 12.977 12.201  9.678 12.660 14.833 15.853 16.701 20.298 20.005 19.356 21.964 20.020 22.480 22.607 22.252 20.479 18.712 15.423 14.444 11.200 11.304  9.692 10.280 12.148 13.208 15.077 16.899
 24.605 23.195 20.599 19.866 16.643 17.519 15.762 17.006 19.730 21.051 20.226 20.121 18.404 20.334 18.840 20.982 19.801 21.795 22.015 21.102 17.731 14.662 11.988  9.590 12.249 12.327  8.751 10.018 13.091 11.573 10.141 13.786 15.372 13.853 11.966  8.653  5.623  3.842  0.000  3.837  5.559  7.934 10.967 14.348 17.673 20.945 19.798 17.569 13.897 13.154 11.973 10.026 13.142 15.636 17.440 18.600 22.038 21.111 20.385 23.416 21.864 24.694 25.243 24.886 22.692 20.723 17.153 15.645 12.316 11.275  9.227  8.416 10.012 10.789 12.523 14.432
 25.058 23.120 20.243 18.833 15.274 15.387 13.079 13.811 16.447 18.087 17.638 18.071 16.913 19.418 18.622 21.312 20.657 23.069 23.324 22.984 19.591 16.749 13.568 11.894 14.225 13.317  9.639 11.446 13.713 11.199 10.151 13.946 14.669 12.369 10.886  7.148  5.642  5.480  3.837  0.000  3.832  6.844 10.211 13.331 16.922 20.024 18.625 17.011 13.640 13.700 13.497 12.282 15.810 17.738 19.267 19.761 23.376 22.603 21.272 24.148 22.241 24.899 25.248 24.337 22.046 19.549 16.050 13.849 10.222  8.519  5.760  5.094  6.961  8.400 10.664 12.848
 21.700 19.698 16.658 15.295 11.778 12.185 10.474 11.933 14.889 15.955 15.304 15.185 14.035 16.328 15.557 18.285 17.588 20.022 20.115 20.159 16.884 14.219 10.722  9.894 12.084 10.443  7.144  9.946 11.625  9.001  9.265 12.979 13.195 11.339 10.963  7.369  6.938  5.338  5.559  3.832  0.000  3.816  6.591  9.929 13.369 16.638 15.640 14.136 10.890 10.717 11.231 10.329 14.049 15.312 16.437 16.465 20.148 19.596 17.996 20.680 18.600 21.194 21.568 20.642 18.270 15.832 12.297 10.336  6.845  6.091  4.954  6.326  9.060 10.915 13.101 15.025
 21.130 19.260 15.897 14.698 11.354 11.715 10.747 12.278 15.613 16.342 16.034 15.510 14.808 16.771 16.050 18.588 17.490 19.514 18.914 19.165 16.356 13.494  9.738 10.108 12.736 10.812  8.479 11.983 13.400 11.115 12.283 15.777 15.715 14.200 14.416 10.973 10.577  8.213  7.934  6.844  3.816  0.000  3.825  6.627 10.235 13.316 12.113 10.414  7.178  7.552  8.745  9.082 12.872 13.471 14.823 14.643 18.118 17.172 15.201 18.073 16.315 19.227 20.150 19.373 16.500 14.156 10.399  8.472  5.909  5.160  6.210  7.440 10.444 12.409 14.360 16.027
 17.936 16.070 12.570 11.603  8.678  9.627  9.910 12.198 15.501 15.442 14.857 13.566 12.900 14.316 13.620 16.000 14.847 16.778 15.946 16.740 14.251 11.877  8.110  9.822 11.824  9.197  8.192 12.009 12.572 10.652 12.891 15.853 15.356 14.496 15.539 12.631 12.820 10.198 10.967 10.211  6.591  3.825  0.000  3.821  6.872 10.345 10.047  8.593  6.008  5.694  8.214  9.018 12.437 12.007 12.610 11.661 15.138 14.583 12.227 14.730 12.701 15.515 16.500 15.767 12.775 10.655  6.861  5.842  4.790  6.290  8.742 10.847 13.817 15.809 17.661 19.131
 18.680 16.782 13.080 11.989  9.582  9.863 10.796 12.692 16.001 15.654 15.618 14.246 14.400 15.637 15.435 17.696 16.551 18.141 16.704 17.973 16.141 14.007 10.533 12.979 14.908 12.148 11.807 15.616 15.812 13.920 16.480 19.266 18.363 17.476 18.902 16.041 16.469 13.944 14.348 13.331  9.929  6.627  3.821  0.000  3.825  6.775  6.308  5.497  4.535  5.808  9.346 11.361 14.374 13.139 13.669 12.144 15.093 14.293 11.216 13.538 11.783 14.631 16.091 15.212 11.703  9.529  6.078  5.065  6.248  7.455 10.804 12.809 15.676 17.718 19.402 20.653
 16.897 15.240 11.662 11.117  9.884 10.604 12.640 14.818 17.830 16.817 16.628 14.618 14.912 15.376 15.229 17.005 15.759 16.909 15.018 16.843 15.710 14.217 11.357 14.549 15.936 13.070 13.786 17.432 17.092 15.718 18.746 21.058 19.948 19.601 21.450 18.959 19.555 16.878 17.673 16.922 13.369 10.235  6.872  3.825  0.000  3.848  5.553  5.514  6.511  6.951 10.740 13.004 15.308 13.165 12.976 10.680 13.052 12.575  9.023 10.631  8.903 11.593 13.452 12.789  9.035  7.652  5.270  6.300  8.956 10.903 14.388 16.580 19.414 21.418 23.014 24.133
 19.152 17.585 14.179 13.563 12.786 12.871 15.007 16.677 19.505 18.378 18.682 16.823 17.710 18.109 18.331 19.969 18.791 19.624 17.356 19.388 18.782 17.429 14.833 18.119 19.568 16.770 17.548 21.196 20.783 19.350 22.415 24.707 23.402 22.942 24.919 22.385 23.058 20.445 20.945 20.024 16.638 13.316 10.345  6.775  3.848  0.000  3.851  5.613  8.413  9.705 13.352 16.126 18.154 15.704 15.595 13.200 14.775 14.037 10.256 11.357 10.357 12.663 14.884 14.150 10.367  9.299  8.144  8.853 11.922 13.374 17.030 19.028 21.717 23.701 25.146 26.098
 22.232 20.504 16.902 15.842 14.245 13.701 14.964 15.989 19.019 18.511 19.293 18.080 19.136 20.164 20.436 22.429 21.235 22.263 20.087 21.681 20.722 18.773 15.777 18.604 20.633 17.992 18.007 21.801 21.876 20.025 22.685 25.410 24.236 23.239 24.858 21.943 22.413 19.940 19.798 18.625 15.640 12.113 10.047  6.308  5.553  3.851  0.000  3.822  6.951  9.615 13.034 16.091 18.505 16.609 17.283 15.498 17.340 16.008 12.429 14.303 13.546 16.173 18.323 17.431 13.631 11.894  9.954  9.226 11.563 11.916 15.453 16.932 19.463 21.395 22.743 23.648
 21.732 20.430 16.925 16.425 14.650 14.845 15.896 17.272 20.557 20.261 20.636 19.245 19.607 20.468 20.067 21.784 20.067 20.801 18.470 19.493 18.506 16.139 13.246 15.965 18.372 16.247 16.191 19.930 20.524 19.039 21.400 24.274 23.651 22.827 24.004 20.923 20.791 17.914 17.569 17.011 14.136 10.414  8.593  5.497  5.514  5.613  3.822  0.000  3.826  6.487  9.571 12.895 15.146 13.407 14.623 13.510 15.388 13.513 10.316 13.007 12.721 15.956 18.402 18.131 14.363 13.047 10.412 10.028 11.548 11.792 14.937 15.975 18.603 20.379 21.686 22.622
 21.220 19.940 16.463 16.010 13.721 14.266 14.781 16.334 19.767 19.805 19.868 18.605 18.424 19.486 18.690 20.502 18.665 19.614 17.667 18.171 16.623 13.794 10.596 12.785 15.555 13.743 13.162 16.850 17.919 16.458 18.411 21.489 21.272 20.384 21.129 17.910 17.390 14.384 13.897 13.640 10.890  7.178  6.008  4.535  6.511  8.413  6.951  3.826  0.000  3.822  6.570  9.630 12.359 11.368 13.051 12.597 15.072 13.176 10.584 13.796 13.208 16.659 18.793 18.627 15.072 13.568 10.220  9.519  9.829  9.825 12.432 13.218 15.940 17.660 19.062 20.166
 18.516 17.694 14.551 14.852 12.964 14.501 15.404 17.614 20.964 20.713 20.142 18.371 17.478 17.977 16.532 17.860 15.601 16.260 14.318 14.510 12.943 10.061  7.093  9.677 12.306 10.865 10.898 14.366 15.494 14.756 16.760 19.545 19.708 19.433 20.112 17.196 16.411 12.977 13.154 13.700 10.717  7.552  5.694  5.808  6.951  9.705  9.615  6.487  3.822  0.000  3.835  6.613  9.043  7.787  9.342  9.249 11.917 10.175  8.156 11.557 10.986 14.593 16.725 17.132 13.915 13.100  9.789 10.218 10.360 11.308 13.558 14.600 17.415 19.029 20.484 21.656
 20.088 19.733 16.972 17.646 15.719 17.524 18.048 20.218 23.575 23.586 22.837 21.150 19.781 20.192 18.208 19.175 16.506 16.789 14.941 14.132 12.487  8.969  6.686  8.213 11.470 11.252 10.963 13.867 15.799 15.579 16.871 19.715 20.593 20.448 20.476 17.525 15.922 12.201 11.973 13.497 11.231  8.745  8.214  9.346 10.740 13.352 13.034  9.571  6.570  3.835  0.000  3.836  5.924  5.863  8.727 10.161 12.537 10.296  9.638 13.300 13.291 16.947 19.096 19.947 17.040 16.494 13.164 13.538 12.929 13.444 14.855 15.194 17.800 19.060 20.343 21.477
 19.236 19.025 16.657 17.533 15.593 17.819 18.118 20.522 23.704 23.771 22.591 20.891 18.928 19.239 16.810 17.605 14.907 15.366 14.250 12.884 10.544  6.755  4.813  4.784  8.343  9.043  8.522 10.764 13.178 13.483 14.264 16.933 18.354 18.517 18.156 15.508 13.524  9.678 10.026 12.282 10.329  9.082  9.018 11.361 13.004 16.126 16.091 12.895  9.630  6.613  3.836  0.000  3.850  5.699  8.190 10.267 13.007 11.495 11.598 14.860 14.399 17.727 19.329 20.276 17.882 17.402 14.098 14.591 13.305 14.076 14.768 15.164 17.653 18.763 20.128 21.403
 19.404 19.934 18.095 19.647 18.276 20.875 21.522 24.099 27.237 27.095 25.719 23.700 21.490 21.234 18.381 18.407 15.191 14.743 13.331 11.125  9.531  5.932  6.335  6.380  9.029 10.747 11.149 12.583 14.935 16.061 16.771 18.941 20.694 21.369 20.947 18.643 16.461 12.660 13.142 15.810 14.049 12.872 12.437 14.374 15.308 18.154 18.505 15.146 12.359  9.043  5.924  3.850  0.000  3.814  6.774  9.995 11.826 10.091 11.439 14.502 14.767 18.010 19.857 21.465 19.358 19.567 16.637 17.718 16.808 17.821 18.568 18.884 21.266 22.203 23.411 24.550
 17.268 17.999 16.165 18.046 17.199 19.922 21.178 23.931 27.069 26.535 25.188 22.808 20.835 20.186 17.463 17.241 13.847 12.947 10.737  9.057  8.380  5.430  6.057  8.105  9.988 10.800 12.163 14.090 15.614 16.728 18.223 20.182 21.396 22.266 22.475 20.245 18.651 14.833 15.636 17.738 15.312 13.471 12.007 13.139 13.165 15.704 16.609 13.407 11.368  7.787  5.863  5.699  3.814  0.000  3.834  6.927  8.313  6.323  7.809 10.795 11.461 14.795 17.050 18.936 16.753 17.448 14.911 16.590 16.507 18.003 19.471 20.266 22.871 24.055 25.332 26.427
 13.674 14.795 13.457 15.917 15.803 18.953 20.730 23.824 26.723 25.761 24.080 21.294 19.131 17.868 14.971 14.202 10.633  9.306  6.921  5.564  5.399  4.105  5.927  8.692  9.088  9.527 12.005 13.652 14.310 15.891 17.882 19.239 20.183 21.583 22.269 20.534 19.471 15.853 17.440 19.267 16.437 14.823 12.610 13.669 12.976 15.595 17.283 14.623 13.051  9.342  8.727  8.190  6.774  3.834  0.000  3.828  5.282  5.162  6.923  8.729  8.954 11.787 13.794 16.052 14.398 15.716 13.823 16.238 16.597 18.810 20.524 21.925 24.631 25.973 27.392 28.541
 10.927 11.744 10.223 12.834 13.266 16.454 18.752 21.968 24.705 23.376 21.688 18.645 16.780 15.258 12.763 12.113  8.898  7.955  5.185  6.241  6.238  6.303  6.788 10.318 10.147  9.170 12.133 14.198 13.928 15.157 17.839 19.009 19.240 20.680 22.005 20.422 20.067 16.701 18.600 19.761 16.465 14.643 11.661 12.144 10.680 13.200 15.498 13.510 12.597  9.249 10.161 10.267  9.995  6.927  3.828  0.000  3.850  5.485  5.452  6.180  5.321  8.101 10.164 12.359 10.687 12.365 11.048 14.018 15.080 17.791 19.998 21.940 24.764 26.342 27.882 29.058
 11.887 13.566 12.707 15.679 16.620 19.737 22.269 25.443 28.153 26.655 25.019 21.821 20.083 18.181 15.715 14.415 11.091  8.912  5.137  6.037  8.099  8.848 10.230 13.522 13.263 12.794 15.853 17.659 17.372 18.874 21.511 22.475 22.767 24.396 25.742 24.223 23.747 20.298 22.038 23.376 20.148 18.118 15.138 15.093 13.052 14.775 17.340 15.388 15.072 11.917 12.537 13.007 11.826  8.313  5.282  3.850  0.000  3.856  5.411  4.659  5.930  8.068 10.788 13.745 12.421 14.815 14.077 17.229 18.651 21.293 23.641 25.459 28.273 29.796 31.235 32.309
 15.487 16.757 15.282 17.729 17.983 20.738 22.912 25.806 28.794 27.637 26.355 23.468 21.944 20.588 18.225 17.432 14.058 12.229  8.674  8.450  9.955  9.224 10.134 13.331 14.115 13.925 16.308 18.464 18.875 20.019 22.365 23.877 24.384 25.567 26.569 24.572 23.685 20.005 21.111 22.603 19.596 17.172 14.583 14.293 12.575 14.037 16.008 13.513 13.176 10.175 10.296 11.495 10.091  6.323  5.162  5.485  3.856  0.000  3.834  5.459  7.821 10.863 13.971 16.506 14.462 16.259 14.854 17.457 18.694 20.768 23.088 24.430 27.200 28.622 29.926 30.920
 15.140 15.627 13.499 15.407 15.524 17.887 20.187 22.931 25.920 24.710 23.711 20.928 19.907 18.871 17.094 16.948 14.087 13.090  9.729 10.673 11.377 10.403  9.959 13.608 14.622 13.459 15.597 18.343 18.455 18.928 21.625 23.374 23.360 24.180 25.510 23.341 22.881 19.356 20.385 21.272 17.996 15.201 12.227 11.216  9.023 10.256 12.429 10.316 10.584  8.156  9.638 11.598 11.439  7.809  6.923  5.452  5.411  3.834  0.000  3.856  5.619  9.220 12.524 14.408 11.757 13.212 11.824 14.363 16.071 18.171 20.892 22.469 25.306 26.910 28.283 29.286
 13.223 14.117 12.606 15.001 16.038 18.565 21.382 24.297 26.999 25.350 24.168 21.038 20.087 18.452 16.830 16.174 13.532 12.118  8.562 10.515 12.011 12.239 12.340 16.067 16.276 14.884 17.611 20.094 19.548 20.279 23.307 24.566 24.246 25.443 27.177 25.395 25.317 21.964 23.416 24.148 20.680 18.073 14.730 13.538 10.631 11.357 14.303 13.007 13.796 11.557 13.300 14.860 14.502 10.795  8.729  6.180  4.659  5.459  3.856  0.000  3.844  6.378 10.031 12.443 10.401 12.836 12.559 15.713 17.929 20.495 23.397 25.358 28.225 29.914 31.346 32.349
 10.440 10.661  8.840 11.210 12.494 15.179 18.183 21.267 23.778 21.970 20.590 17.346 16.377 14.689 13.303 12.980 10.836 10.320  7.558 10.356 10.923 11.455 10.996 14.747 14.518 12.443 15.292 17.804 16.748 17.276 20.571 21.653 20.974 22.211 24.244 22.701 23.072 20.020 21.864 22.241 18.600 16.315 12.701 11.783  8.903 10.357 13.546 12.721 13.208 10.986 13.291 14.399 14.767 11.461  8.954  5.321  5.930  7.821  5.619  3.844  0.000  3.833  6.991  8.956  6.849  9.379  9.417 12.914 15.223 18.202 21.112 23.486 26.367 28.172 29.747 30.854
  8.355  8.829  8.053 10.846 13.192 15.916 19.301 22.476 24.569 22.340 20.727 17.202 16.309 13.971 12.927 12.099 10.641 10.069  7.972 11.537 12.451 13.931 13.844 17.388 16.446 14.217 17.398 19.526 17.798 18.522 22.029 22.545 21.512 23.111 25.529 24.459 25.240 22.480 24.694 24.899 21.194 19.227 15.515 14.631 11.593 12.663 16.173 15.956 16.659 14.593 16.947 17.727 18.010 14.795 11.787  8.101  8.068 10.863  9.220  6.378  3.833  0.000  3.836  6.561  5.970  9.543 10.923 14.676 17.238 20.545 23.472 26.172 29.016 30.871 32.496 33.607
  5.658  5.626  5.976  9.036 12.158 15.026 18.526 21.834 23.497 21.004 19.005 15.301 14.229 11.355 10.621  9.600  9.218  9.439  8.831 12.613 13.001 15.036 14.945 18.096 16.491 14.007 17.297 18.999 16.620 17.433 21.045 21.015 19.642 21.554 24.277 23.734 24.945 22.607 25.243 25.248 21.568 20.150 16.500 16.091 13.452 14.884 18.323 18.402 18.793 16.725 19.096 19.329 19.857 17.050 13.794 10.164 10.788 13.971 12.524 10.031  6.991  3.836  0.000  3.842  5.578  9.143 11.235 14.984 17.366 20.973 23.684 26.705 29.466 31.343 33.052 34.223
  7.676  5.499  4.799  6.414  9.915 12.247 15.904 19.067 20.410 17.709 15.801 12.132 11.703  9.157  9.702  9.904 10.661 12.044 11.947 15.578 15.219 16.808 15.935 18.927 17.461 14.366 17.148 19.067 16.382 16.457 20.242 20.268 18.276 19.826 22.911 22.447 24.174 22.252 24.886 24.337 20.642 19.373 15.767 15.212 12.789 14.150 17.431 18.131 18.627 17.132 19.947 20.276 21.465 18.936 16.052 12.359 13.745 16.506 14.408 12.443  8.956  6.561  3.842  0.000  3.845  6.637  9.595 13.030 15.619 19.278 22.060 25.344 28.017 29.991 31.754 32.943
  9.963  7.916  5.297  6.044  8.418 10.478 14.102 17.139 18.980 16.595 15.192 11.798 11.753 10.214 10.614 11.526 11.477 12.812 11.894 15.244 14.701 15.460 13.993 17.269 16.556 13.294 15.687 18.243 16.136 15.719 19.495 20.240 18.406 19.384 22.244 21.164 22.660 20.479 22.692 22.046 18.270 16.500 12.775 11.703  9.035 10.367 13.631 14.363 15.072 13.915 17.040 17.882 19.358 16.753 14.398 10.687 12.421 14.462 11.757 10.401  6.849  5.970  5.578  3.845  0.000  3.830  6.487 10.050 13.015 16.472 19.556 22.668 25.422 27.443 29.179 30.351
 12.609  9.810  6.375  4.724  5.736  6.915 10.547 13.444 15.340 13.084 12.015  9.002  9.680  9.403 10.571 12.639 13.000 15.060 14.454 17.393 16.122 16.199 13.917 16.851 16.564 12.927 14.470 17.352 15.380 14.081 17.814 18.960 16.809 17.119 20.047 18.751 20.550 18.712 20.723 19.549 15.832 14.156 10.655  9.529  7.652  9.299 11.894 13.047 13.568 13.100 16.494 17.402 19.567 17.448 15.716 12.365 14.815 16.259 13.212 12.836  9.379  9.543  9.143  6.637  3.830  0.000  3.819  6.713  9.876 13.261 16.421 19.679 22.358 24.461 26.246 27.460
 13.911 11.407  7.608  6.108  4.757  6.151  8.977 11.953 14.516 12.996 12.084  9.618  9.750 10.288 10.691 13.070 12.804 14.935 14.185 16.462 14.700 13.966 11.108 13.887 14.239 10.657 11.589 14.886 13.607 11.999 15.483 17.259 15.570 15.475 17.913 16.084 17.493 15.423 17.153 16.050 12.297 10.399  6.861  6.078  5.270  8.144  9.954 10.412 10.220  9.789 13.164 14.098 16.637 14.911 13.823 11.048 14.077 14.854 11.824 12.559  9.417 10.923 11.235  9.595  6.487  3.819  0.000  3.832  6.695 10.036 13.211 16.272 19.058 21.153 22.969 24.258
 17.395 14.651 10.889  8.524  5.678  4.886  6.381  8.777 11.731 10.886 10.708  9.399 10.219 12.011 12.857 15.794 15.757 18.164 17.562 19.452 17.295 15.950 12.549 14.679 15.622 12.114 11.822 15.316 14.488 11.988 15.019 17.333 15.531 14.507 16.732 14.481 16.070 14.444 15.645 13.849 10.336  8.472  5.842  5.065  6.300  8.853  9.226 10.028  9.519 10.218 13.538 14.591 17.718 16.590 16.238 14.018 17.229 17.457 14.363 15.713 12.914 14.676 14.984 13.030 10.050  6.713  3.832  0.000  3.823  6.662 10.091 13.222 15.923 18.129 20.004 21.350
 18.772 16.079 12.527 10.220  6.554  5.915  5.247  7.573 10.790 10.855 10.480  9.929 10.047 12.500 12.968 16.159 16.127 18.814 18.645 19.959 17.231 15.465 11.822 13.001 14.214 10.989  9.572 12.980 12.692  9.680 12.105 14.879 13.410 11.835 13.541 10.944 12.485 11.200 12.316 10.222  6.845  5.909  4.790  6.248  8.956 11.922 11.563 11.548  9.829 10.360 12.929 13.305 16.808 16.507 16.597 15.080 18.651 18.694 16.071 17.929 15.223 17.238 17.366 15.619 13.015  9.876  6.695  3.823  0.000  3.822  6.604  9.937 12.679 14.908 16.967 18.535
 22.455 19.850 16.294 13.972 10.292  8.965  7.027  7.608 10.981 12.074 12.509 12.888 13.318 16.094 16.551 19.742 19.544 22.103 21.762 22.716 19.925 17.629 13.839 14.481 16.375 13.665 11.453 14.761 15.216 11.996 13.499 16.749 15.609 13.320 14.274 11.101 12.221 11.304 11.275  8.519  6.091  5.160  6.290  7.455 10.903 13.374 11.916 11.792  9.825 11.308 13.444 14.076 17.821 18.003 18.810 17.791 21.293 20.768 18.171 20.495 18.202 20.545 20.973 19.278 16.472 13.261 10.036  6.662  3.822  0.000  3.821  6.716  9.470 11.855 13.984 15.661
 24.460 21.899 18.604 16.335 12.543 11.402  8.637  8.670 11.520 13.316 13.595 14.539 14.527 17.576 17.835 21.078 20.984 23.709 23.758 24.304 21.161 18.706 15.042 14.709 16.656 14.459 11.455 14.141 15.094 11.712 12.138 15.618 14.886 12.070 12.163  8.741  9.684  9.692  9.227  5.760  4.954  6.210  8.742 10.804 14.388 17.030 15.453 14.937 12.432 13.558 14.855 14.768 18.568 19.471 20.524 19.998 23.641 23.088 20.892 23.397 21.112 23.472 23.684 22.060 19.556 16.421 13.211 10.091  6.604  3.821  0.000  3.824  6.481  8.911 11.357 13.376
 27.433 25.119 21.835 19.822 16.066 15.065 12.343 11.961 14.632 16.741 17.234 18.277 18.150 21.094 21.042 24.087 23.644 26.112 25.972 26.089 22.966 20.091 16.533 15.747 18.236 16.666 13.366 15.804 17.470 14.404 14.105 17.784 17.646 14.783 14.030 10.404 10.209 10.280  8.416  5.094  6.326  7.440 10.847 12.809 16.580 19.028 16.932 15.975 13.218 14.600 15.194 15.164 18.884 20.266 21.925 21.940 25.459 24.430 22.469 25.358 23.486 26.172 26.705 25.344 22.668 19.679 16.272 13.222  9.937  6.716  3.824  0.000  3.830  6.298  8.836 11.080
 30.060 27.695 24.489 22.368 18.612 17.405 14.393 13.449 15.735 18.224 18.885 20.316 20.274 23.369 23.421 26.514 26.204 28.737 28.720 28.739 25.549 22.664 19.220 18.145 20.579 19.207 15.776 17.813 19.565 16.485 15.705 19.258 19.200 16.087 14.932 11.591 11.347 12.148 10.012  6.961  9.060 10.444 13.817 15.676 19.414 21.717 19.463 18.603 15.940 17.415 17.800 17.653 21.266 22.871 24.631 24.764 28.273 27.200 25.306 28.225 26.367 29.016 29.466 28.017 25.422 22.358 19.058 15.923 12.679  9.470  6.481  3.830  0.000  3.832  6.627  9.155
 31.762 29.501 26.385 24.368 20.663 19.558 16.540 15.525 17.635 20.210 20.836 22.320 22.159 25.207 25.138 28.133 27.760 30.224 30.247 30.065 26.861 23.908 20.634 19.287 21.766 20.707 17.216 18.941 20.907 18.015 16.874 20.332 20.533 17.459 15.945 12.829 12.212 13.208 10.789  8.400 10.915 12.409 15.809 17.718 21.418 23.701 21.395 20.379 17.660 19.029 19.060 18.763 22.203 24.055 25.973 26.342 29.796 28.622 26.910 29.914 28.172 30.871 31.343 29.991 27.443 24.461 21.153 18.129 14.908 11.855  8.911  6.298  3.832  0.000  3.845  6.769
 33.505 31.314 28.215 26.253 22.621 21.500 18.564 17.431 19.399 21.992 22.729 24.249 24.137 27.133 27.037 29.954 29.508 31.871 31.821 31.543 28.412 25.403 22.236 20.858 23.411 22.514 19.100 20.728 22.778 20.030 18.824 22.175 22.466 19.473 17.893 14.975 14.180 15.077 12.523 10.664 13.101 14.360 17.661 19.402 23.014 25.146 22.743 21.686 19.062 20.484 20.343 20.128 23.411 25.332 27.392 27.882 31.235 29.926 28.283 31.346 29.747 32.496 33.052 31.754 29.179 26.246 22.969 20.004 16.967 13.984 11.357  8.836  6.627  3.845  0.000  3.810
