  0.000  3.821  6.755 10.324 13.312 16.778 19.776 23.347 24.860 22.544 19.871 16.180 13.905 10.374  8.394  5.593  5.502  5.892  7.639 10.826 10.732 13.691 14.478 16.788 14.108 12.467 16.120 16.720 14.105 15.872 19.109 18.410 17.370 19.977 22.454 22.555 23.899 21.771 24.705 25.160 21.732 21.102 17.931 18.746 16.965 19.188 22.269 21.789 21.272 18.557 20.115 19.251 19.457 17.372 13.804 10.993 11.944 15.555 15.158 13.182 10.468  8.438  5.650  7.610  9.959 12.580 13.910 17.421 18.823 22.489 24.611 27.450 30.200 32.185 34.343 35.605
  3.821  0.000  3.823  6.841 10.107 13.381 16.439 19.969 21.284 18.873 16.161 12.449 10.371  6.841  5.791  4.687  6.277  8.409  9.965 13.156 12.166 14.394 14.196 16.483 14.030 11.521 14.755 15.707 12.712 13.693 17.222 16.669 14.989 17.257 20.098 20.197 22.007 20.258 23.246 23.198 19.718 19.236 16.057 16.840 15.305 17.643 20.541 20.474 19.981 17.724 19.732 18.989 19.938 18.063 14.904 11.789 13.599 16.808 15.632 14.065 10.652  8.932  5.676  5.484  7.919  9.770 11.405 14.679 16.133 19.894 22.044 25.145 27.844 29.932 32.097 33.386
  6.755  3.823  0.000  3.815  6.779 10.115 13.285 16.825 18.485 16.242 13.874 10.200  8.554  6.051  5.526  6.460  7.177  9.615 10.226 13.309 11.850 13.108 12.004 14.599 12.874  9.703 12.558 14.325 11.708 11.847 15.599 15.852 14.070 15.644 18.457 17.958 19.751 17.912 20.610 20.271 16.648 15.859 12.532 13.125 11.717 14.239 16.938 16.951 16.485 14.557 16.938 16.580 18.051 16.179 13.530 10.231 12.699 15.299 13.471 12.519  8.765  8.114  5.971  4.780  5.273  6.346  7.606 10.918 12.568 16.319 18.716 21.820 24.597 26.812 28.954 30.284
 10.324  6.841  3.815  0.000  3.835  6.598  9.916 13.381 14.821 12.490 10.197  6.544  5.731  4.702  6.242  8.841 10.255 13.141 13.746 16.590 14.669 15.234 13.280 15.574 14.301 10.640 12.501 14.604 11.927 10.878 14.702 15.259 12.838 13.665 16.800 16.201 18.508 17.211 19.805 18.813 15.258 14.666 11.556 12.034 11.186 13.679 15.904 16.456 16.034 14.861 17.595 17.411 19.562 18.029 15.971 12.830 15.668 17.747 15.391 14.938 11.136 10.931  9.068  6.463  6.046  4.698  6.119  8.561 10.254 14.006 16.425 19.812 22.475 24.803 26.925 28.274
 13.312 10.107  6.779  3.835  0.000  3.840  6.574 10.207 12.134 10.447  8.478  5.661  5.098  6.420  7.593 10.868 11.824 14.880 15.317 17.574 15.091 14.742 12.022 13.897 13.323  9.486 10.233 12.816 10.726  8.653 12.303 13.640 11.352 11.302 14.170 13.027 15.341 14.225 16.582 15.249 11.751 11.352  8.673  9.647  9.973 12.909 14.308 14.677 13.753 13.006 15.692 15.495 18.224 17.216 15.903 13.299 16.648 18.036 15.525 16.002 12.434 13.292 12.205  9.968  8.410  5.704  4.772  5.718  6.587 10.327 12.620 16.054 18.702 21.078 23.240 24.665
 16.778 13.381 10.115  6.598  3.840  0.000  3.816  7.027  8.836  7.117  6.080  4.617  6.438  8.980 11.037 14.475 15.640 18.661 18.897 21.185 18.729 18.028 14.935 16.652 16.578 12.795 12.724 15.472 13.664 10.832 14.011 15.662 13.015 11.934 14.852 13.446 16.107 15.586 17.460 15.365 12.193 11.753  9.612  9.865 10.611 12.930 13.686 14.801 14.259 14.520 17.487 17.724 20.819 19.916 19.039 16.472 19.739 20.761 17.857 18.491 15.073 15.968 15.048 12.279 10.424  6.840  6.135  4.888  5.961  9.021 11.472 15.084 17.544 20.064 22.084 23.492
 19.776 16.439 13.285  9.916  6.574  3.816  0.000  3.848  6.159  6.048  5.622  6.343  7.872 11.251 13.077 16.737 17.885 21.072 21.476 23.324 20.480 19.311 15.941 16.927 17.242 13.729 12.584 15.183 13.875 10.390 12.767 14.832 12.326 10.239 12.736 11.054 13.902 14.078 15.667 13.055 10.488 10.822  9.923 10.799 12.647 15.080 14.964 15.845 14.764 15.416 17.986 17.989 21.436 21.146 20.791 18.742 22.250 22.915 20.133 21.297 18.057 19.338 18.534 15.926 14.037 10.471  8.944  6.382  5.306  7.147  8.729 12.440 14.597 17.065 19.105 20.585
 23.347 19.969 16.825 13.381 10.207  7.027  3.848  0.000  3.872  5.702  6.910  9.049 11.108 14.637 16.647 20.327 21.500 24.658 24.958 26.730 23.869 22.449 18.927 19.700 20.368 17.030 15.428 17.967 16.991 13.322 15.037 17.265 14.817 12.062 14.111 12.282 15.084 15.838 16.843 13.712 11.915 12.347 12.198 12.674 14.824 16.766 15.977 17.198 16.288 17.606 20.131 20.367 23.993 23.881 23.879 21.963 25.426 25.803 22.875 24.225 21.153 22.535 21.875 19.132 17.108 13.415 11.945  8.778  7.580  7.694  8.661 12.031 13.671 16.066 17.838 19.280
 24.860 21.284 18.485 14.821 12.134  8.836  6.159  3.872  0.000  3.834  6.025  9.278 11.788 15.412 17.928 21.679 23.356 26.704 27.310 29.255 26.369 25.245 21.863 22.530 22.831 19.463 17.969 20.108 18.743 15.092 16.668 18.364 15.512 12.694 14.992 13.884 17.092 18.353 19.574 16.381 14.894 15.686 15.511 15.981 17.831 19.568 18.987 20.478 19.724 20.964 23.504 23.567 27.151 27.044 26.807 24.727 28.166 28.817 25.889 26.952 23.689 24.663 23.582 20.510 18.980 15.313 14.522 11.741 10.822 11.075 11.531 14.724 15.932 18.078 19.635 20.963
 22.544 18.873 16.242 12.490 10.447  7.117  6.048  5.702  3.834  0.000  3.811  6.800  9.917 13.215 16.118 19.763 21.662 24.973 25.603 27.885 25.240 24.524 21.351 22.447 22.353 18.763 17.932 20.103 18.231 14.879 17.102 18.407 15.223 13.062 15.967 15.166 18.503 19.340 20.957 18.072 15.988 16.409 15.438 15.612 16.777 18.371 18.420 20.152 19.754 20.707 23.530 23.664 27.034 26.526 25.855 23.403 26.663 27.652 24.669 25.277 21.863 22.409 21.082 17.795 16.574 13.020 12.985 10.879 10.904 12.158 13.354 16.801 18.372 20.637 22.267 23.515
 19.871 16.161 13.874 10.197  8.478  6.080  5.622  6.910  6.025  3.811  0.000  3.832  6.620 10.025 13.051 16.718 18.922 22.397 23.418 25.699 22.979 22.620 19.732 20.718 20.131 16.561 16.052 17.850 15.541 12.445 14.920 15.732 12.302 10.696 14.048 13.791 17.316 18.051 20.224 17.741 15.405 16.152 14.905 15.633 16.635 18.726 19.258 20.596 19.880 20.194 22.830 22.529 25.711 25.232 24.215 21.739 25.058 26.412 23.705 24.119 20.512 20.812 19.075 15.859 15.153 11.917 12.071 10.717 10.577 12.663 13.769 17.422 19.158 21.357 23.229 24.531
 16.180 12.449 10.200  6.544  5.661  4.617  6.343  9.049  9.278  6.800  3.832  0.000  3.828  6.640  9.837 13.376 15.593 18.977 19.991 22.485 19.996 20.017 17.432 18.826 17.885 14.197 14.487 16.345 13.673 11.164 14.332 14.908 11.551 11.000 14.562 14.317 17.567 17.598 20.075 18.108 15.211 15.550 13.560 14.246 14.623 16.874 18.055 19.206 18.597 18.390 21.111 20.793 23.657 22.826 21.402 18.680 21.849 23.511 20.912 20.982 17.269 17.294 15.372 12.196 11.762  8.893  9.587  9.385  9.974 12.969 14.658 18.371 20.510 22.799 24.807 26.133
 13.905 10.371  8.554  5.731  5.098  6.438  7.872 11.108 11.788  9.917  6.620  3.828  0.000  3.841  6.508 10.214 12.584 16.191 17.699 19.905 17.187 17.470 15.259 16.304 14.855 11.374 11.945 13.256 10.224  8.231 11.573 11.672  8.438  8.862 12.432 12.636 15.716 15.553 18.504 17.123 14.196 14.966 13.033 14.538 15.036 17.852 19.231 19.696 18.543 17.615 19.852 18.937 21.551 20.957 19.318 16.870 20.166 22.060 19.958 20.081 16.355 16.429 14.289 11.730 11.731  9.604  9.787 10.316 10.219 13.532 14.815 18.396 20.596 22.706 24.881 26.247
 10.374  6.841  6.051  4.702  6.420  8.980 11.251 14.637 15.412 13.215 10.025  6.640  3.841  0.000  3.811  6.965  9.812 13.322 15.138 17.626 15.307 16.375 14.890 16.285 14.189 10.937 12.658 13.608 10.164  9.569 13.101 12.567  9.775 11.417 14.789 15.242 17.908 17.203 20.364 19.547 16.396 16.828 14.370 15.739 15.483 18.236 20.249 20.537 19.560 18.049 20.196 19.176 21.221 20.246 17.989 15.300 18.223 20.656 18.888 18.422 14.666 14.097 11.431  9.212 10.224  9.360 10.315 12.088 12.613 16.233 17.798 21.246 23.612 25.683 27.875 29.206
  8.394  5.791  5.526  6.242  7.593 11.037 13.077 16.647 17.928 16.118 13.051  9.837  6.508  3.811  0.000  3.825  6.342 10.053 12.256 14.330 11.830 13.183 12.269 13.472 10.906  8.097 10.497 10.996  7.557  8.279 11.699 11.023  9.269 11.670 14.404 14.811 16.821 15.582 18.899 18.770 15.626 16.103 13.708 15.585 15.393 18.497 20.572 20.185 18.797 16.634 18.236 16.771 18.391 17.557 15.116 12.827 15.788 18.322 17.138 16.837 13.330 13.091 10.717  9.770 10.663 10.577 10.746 12.957 13.091 16.688 18.066 21.174 23.630 25.548 27.808 29.154
  5.593  4.687  6.460  8.841 10.868 14.475 16.737 20.327 21.679 19.763 16.718 13.376 10.214  6.965  3.825  0.000  3.830  7.161 10.062 12.135 10.231 12.600 12.801 14.109 10.990  9.162 12.335 12.290  9.133 11.079 14.092 12.985 11.975 14.875 17.243 17.797 19.339 17.708 21.033 21.435 18.312 18.571 16.025 17.792 17.116 20.071 22.513 21.855 20.552 17.896 19.149 17.530 18.376 17.286 14.281 12.115 14.432 17.466 16.933 16.128 12.980 12.225  9.668  9.941 11.555 12.628 13.083 15.853 16.236 19.824 21.273 24.164 26.686 28.501 30.743 32.050
  5.502  6.277  7.177 10.255 11.824 15.640 17.885 21.500 23.356 21.662 18.922 15.593 12.584  9.812  6.342  3.830  0.000  3.802  6.643  8.369  6.536  9.257 10.162 11.761  8.741  7.608 11.314 11.492  9.305 11.703 14.505 14.011 13.819 16.511 18.344 18.339 19.180 16.887 19.914 20.806 17.649 17.494 14.910 16.689 15.906 18.909 21.357 20.177 18.749 15.664 16.516 14.886 15.193 13.917 10.719  8.902 11.097 14.089 14.074 13.479 10.845 10.731  9.226 10.669 11.512 13.033 12.851 15.851 16.232 19.637 21.194 23.711 26.364 28.133 30.347 31.647
  5.892  8.409  9.615 13.141 14.880 18.661 21.072 24.658 26.704 24.973 22.397 18.977 16.191 13.322 10.053  7.161  3.802  0.000  3.864  5.449  5.391  8.964 10.998 12.874 10.152  9.981 13.768 13.956 12.456 15.063 17.625 17.260 17.447 20.125 21.715 21.507 21.913 19.225 21.937 23.199 20.069 19.492 16.817 18.258 17.031 19.699 22.362 20.906 19.692 16.317 16.827 15.403 14.803 13.060  9.414  7.982  8.937 12.274 13.085 12.070 10.352 10.114  9.392 12.002 12.826 15.079 14.960 18.226 18.887 22.153 23.880 26.127 28.847 30.565 32.717 33.972
  7.639  9.965 10.226 13.746 15.317 18.897 21.476 24.958 27.310 25.603 23.418 19.991 17.699 15.138 12.256 10.062  6.643  3.864  0.000  3.857  5.473  8.246 10.246 12.914 11.186 10.873 14.537 15.511 14.570 16.674 19.364 19.661 19.810 22.029 23.569 22.782 22.943 19.881 22.094 23.344 20.081 18.821 15.916 16.773 15.104 17.391 20.157 18.549 17.708 14.333 14.959 14.273 13.371 10.830  7.010  5.222  5.192  8.734  9.733  8.534  7.612  7.981  8.741 11.878 11.894 14.470 14.181 17.575 18.648 21.725 23.826 25.865 28.710 30.515 32.567 33.810
 10.826 13.156 13.309 16.590 17.574 21.185 23.324 26.730 29.255 27.885 25.699 22.485 19.905 17.626 14.330 12.135  8.369  5.449  3.857  0.000  3.846  6.586  9.748 11.662 10.114 11.110 14.428 14.915 14.779 17.308 19.372 19.744 20.616 22.876 23.837 22.994 22.552 19.269 21.280 23.098 20.208 19.149 16.808 18.129 17.010 19.492 21.831 19.649 18.289 14.604 14.228 13.004 11.253  9.236  5.694  6.289  6.081  8.528 10.705 10.513 10.429 11.547 12.544 15.541 15.282 17.461 16.520 19.538 20.036 22.755 24.455 26.065 28.793 30.348 32.366 33.581
 10.732 12.166 11.850 14.669 15.091 18.729 20.480 23.869 26.369 25.240 22.979 19.996 17.187 15.307 11.830 10.231  6.536  5.391  5.473  3.846  0.000  3.849  6.878  8.299  6.326  7.517 10.760 11.088 11.103 13.683 15.575 16.054 17.107 19.290 20.074 19.267 18.817 15.635 17.891 19.705 16.907 16.308 14.281 16.240 15.808 18.827 20.803 18.586 16.677 12.979 12.515 10.600  9.610  8.490  5.461  6.149  8.041  9.943 11.293 11.901 10.861 12.399 12.870 15.114 14.638 16.093 14.671 17.316 17.259 19.933 21.296 22.942 25.600 27.112 29.212 30.490
 13.691 14.394 13.108 15.234 14.742 18.028 19.311 22.449 25.245 24.524 22.620 20.017 17.470 16.375 13.183 12.600  9.257  8.964  8.246  6.586  3.849  0.000  3.851  5.232  5.116  6.599  8.855  9.860 10.975 12.906 14.425 15.762 17.077 18.620 18.960 17.537 16.575 13.063 14.787 16.784 14.170 13.377 11.848 14.046 14.254 17.421 18.811 16.174 13.800 10.047  8.965  6.803  6.016  5.513  4.099  6.131  8.743  9.175 10.257 12.085 11.312 13.817 14.853 16.647 15.322 16.104 13.857 15.894 15.406 17.554 18.753 19.977 22.617 24.074 26.118 27.424
 14.478 14.196 12.004 13.280 12.022 14.935 15.941 18.927 21.863 21.351 19.732 17.432 15.259 14.890 12.269 12.801 10.162 10.998 10.246  9.748  6.878  3.851  0.000  3.859  5.339  4.939  6.304  8.655  9.881 10.694 12.443 14.500 15.414 16.295 16.726 14.799 14.026 10.506 12.083 13.560 10.645  9.607  8.066 10.562 11.387 14.834 15.812 13.274 10.603  7.102  6.697  4.853  6.399  6.131  5.988  6.671 10.162 10.123  9.832 12.201 10.833 13.747 14.777 15.778 13.836 13.801 10.972 12.467 11.728 13.733 15.049 16.385 19.147 20.814 22.896 24.298
 16.788 16.483 14.599 15.574 13.897 16.652 16.927 19.700 22.530 22.447 20.718 18.826 16.304 16.285 13.472 14.109 11.761 12.874 12.914 11.662  8.299  5.232  3.859  0.000  3.840  5.426  5.057  6.236  8.783  9.926 10.488 12.642 14.419 15.272 14.887 13.094 11.603  7.987  9.726 11.975  9.866 10.028  9.852 13.043 14.608 18.151 18.670 16.001 12.796  9.682  8.165  4.719  6.344  8.092  8.668 10.183 13.432 13.278 13.470 15.929 14.602 17.323 17.966 18.815 17.149 16.769 13.793 14.647 12.966 14.451 14.795 15.695 18.124 19.400 21.533 22.951
 14.108 14.030 12.874 14.301 13.323 16.578 17.242 20.368 22.831 22.353 20.131 17.885 14.855 14.189 10.906 10.990  8.741 10.152 11.186 10.114  6.326  5.116  5.339  3.840  0.000  3.857  5.385  4.975  6.378  8.823  9.777 10.817 12.589 14.333 14.381 13.498 12.716  9.712 12.397 14.356 12.057 12.635 11.796 14.909 15.926 19.525 20.622 18.350 15.519 12.271 11.410  8.286  9.042 10.015  9.088  9.985 13.163 14.058 14.457 16.096 14.332 16.339 16.305 17.271 16.361 16.382 14.064 15.518 14.135 16.325 16.755 18.220 20.609 21.923 24.139 25.498
 12.467 11.521  9.703 10.640  9.486 12.795 13.729 17.030 19.463 18.763 16.561 14.197 11.374 10.937  8.097  9.162  7.608  9.981 10.873 11.110  7.517  6.599  4.939  5.426  3.857  0.000  3.846  5.448  5.199  6.478  8.792 10.158 10.777 12.223 13.103 12.019 12.184  9.489 12.371 13.354 10.357 10.672  9.127 12.120 13.055 16.732 17.953 16.198 13.682 10.828 11.182  8.962 10.756 10.859  9.641  9.126 12.794 13.943 13.355 14.771 12.313 14.205 13.924 14.254 13.144 12.758 10.477 11.985 10.873 13.565 14.492 16.574 19.175 20.866 23.138 24.559
 16.120 14.755 12.558 12.501 10.233 12.724 12.584 15.428 17.969 17.932 16.052 14.487 11.945 12.658 10.497 12.335 11.314 13.768 14.537 14.428 10.760  8.855  6.304  5.057  5.385  3.846  0.000  3.811  5.379  5.072  6.226  8.830  9.908 10.380 10.453  8.751  8.460  5.720  8.770  9.717  7.099  8.408  8.234 11.861 13.850 17.600 18.047 16.190 13.141 10.901 10.877  8.381 11.086 12.166 12.072 12.093 15.845 16.311 15.508 17.527 15.197 17.437 17.280 17.130 15.623 14.405 11.517 11.796  9.545 11.440 11.552 13.339 15.764 17.326 19.672 21.181
 16.720 15.707 14.325 14.604 12.816 15.472 15.183 17.967 20.108 20.103 17.850 16.345 13.256 13.608 10.996 12.290 11.492 13.956 15.511 14.915 11.088  9.860  8.655  6.236  4.975  5.448  3.811  0.000  3.839  5.483  5.005  6.488  8.843 10.167  9.592  9.066  8.497  6.506 10.019 11.566  9.896 11.894 12.031 15.649 17.482 21.230 21.819 19.906 16.798 14.336 13.741 10.586 12.489 14.074 13.692 14.136 17.645 18.449 18.236 20.001 17.718 19.580 19.002 19.062 18.185 17.277 14.806 15.282 12.950 14.757 14.260 15.823 17.820 18.963 21.295 22.696
 14.105 12.712 11.708 11.927 10.726 13.664 13.875 16.991 18.743 18.231 15.541 13.673 10.224 10.164  7.557  9.133  9.305 12.456 14.570 14.779 11.103 10.975  9.881  8.783  6.378  5.199  5.379  3.839  0.000  3.849  5.348  5.204  6.289  8.624  9.395  9.744 10.630  9.381 13.054 13.790 11.561 13.324 12.601 15.868 17.185 20.865 21.921 20.542 17.911 15.520 15.737 13.060 14.914 15.691 14.462 13.976 17.470 18.968 18.450 19.554 16.757 17.963 16.730 16.454 16.146 15.332 13.559 14.463 12.661 15.210 15.195 17.482 19.581 20.986 23.329 24.706
 15.872 13.693 11.847 10.878  8.653 10.832 10.390 13.322 15.092 14.879 12.445 11.164  8.231  9.569  8.279 11.079 11.703 15.063 16.674 17.308 13.683 12.906 10.694  9.926  8.823  6.478  5.072  5.483  3.849  0.000  3.850  5.483  5.090  5.778  7.076  6.774  8.623  8.065 11.583 11.337  9.001 11.097 10.692 13.950 15.763 19.393 20.028 19.018 16.438 14.779 15.526 13.383 16.050 16.785 16.023 15.172 18.920 20.075 18.882 20.224 17.204 18.611 17.469 16.462 15.653 13.967 11.908 11.931  9.648 12.019 11.855 14.485 16.571 18.199 20.592 22.054
 19.109 17.222 15.599 14.702 12.303 14.011 12.767 15.037 16.668 17.102 14.920 14.332 11.573 13.101 11.699 14.092 14.505 17.625 19.364 19.372 15.575 14.425 12.443 10.488  9.777  8.792  6.226  5.005  5.348  3.850  0.000  3.853  5.619  5.663  4.634  4.825  5.932  6.428 10.039 10.214  9.142 12.152 12.850 16.415 18.716 22.381 22.594 21.275 18.278 16.692 16.720 14.082 16.705 18.228 17.975 17.819 21.538 22.378 21.521 23.221 20.475 22.108 21.093 20.258 19.413 17.673 15.339 14.886 11.973 13.409 12.161 14.098 15.667 16.822 19.223 20.644
 18.410 16.669 15.852 15.259 13.640 15.662 14.832 17.265 18.364 18.407 15.732 14.908 11.672 12.567 11.023 12.985 14.011 17.260 19.661 19.744 16.054 15.762 14.500 12.642 10.817 10.158  8.830  6.488  5.204  5.483  3.853  0.000  3.857  6.032  5.724  7.901  9.354 10.022 13.672 14.008 12.895 15.703 15.894 19.305 21.152 24.798 25.423 24.252 21.448 19.566 19.632 16.801 18.926 20.277 19.435 19.116 22.640 24.013 23.403 24.627 21.718 22.801 21.245 20.452 20.320 18.951 17.242 17.310 14.838 16.730 15.686 17.813 19.245 20.274 22.573 23.855
 17.370 14.989 14.070 12.838 11.352 13.015 12.326 14.817 15.512 15.223 12.302 11.551  8.438  9.775  9.269 11.975 13.819 17.447 19.810 20.616 17.107 17.077 15.414 14.419 12.589 10.777  9.908  8.843  6.289  5.090  5.619  3.857  0.000  3.830  6.015  8.245 10.976 11.832 15.386 14.876 13.251 15.756 15.442 18.437 20.041 23.498 24.275 23.661 21.284 19.756 20.544 18.245 20.670 21.460 20.323 19.281 22.843 24.462 23.351 24.233 20.958 21.672 19.766 18.372 18.419 16.759 15.553 15.549 13.458 15.724 15.117 17.871 19.430 20.797 23.072 24.386
 19.977 17.257 15.644 13.665 11.302 11.934 10.239 12.062 12.694 13.062 10.696 11.000  8.862 11.417 11.670 14.875 16.511 20.125 22.029 22.876 19.290 18.620 16.295 15.272 14.333 12.223 10.380 10.167  8.624  5.778  5.663  6.032  3.830  0.000  3.835  5.662  9.200 10.894 13.969 12.680 11.482 14.307 14.586 17.506 19.624 22.970 23.220 22.796 20.390 19.487 20.436 18.467 21.401 22.346 21.726 20.694 24.431 25.622 24.131 25.367 22.107 23.166 21.559 19.790 19.272 16.951 15.376 14.452 11.849 13.450 12.343 15.110 16.421 17.833 20.109 21.477
 22.454 20.098 18.457 16.800 14.170 14.852 12.736 14.111 14.992 15.967 14.048 14.562 12.432 14.789 14.404 17.243 18.344 21.715 23.569 23.837 20.074 18.960 16.726 14.887 14.381 13.103 10.453  9.592  9.395  7.076  4.634  5.724  6.015  3.835  0.000  3.807  6.573  9.154 12.006 11.111 10.976 14.401 15.540 18.833 21.392 24.860 24.740 23.874 21.032 20.089 20.397 18.063 20.960 22.526 22.391 21.990 25.763 26.595 25.411 27.070 24.109 25.560 24.266 22.851 22.089 19.825 17.732 16.566 13.412 14.240 12.255 14.215 15.083 16.032 18.317 19.649
 22.555 20.197 17.958 16.201 13.027 13.446 11.054 12.282 13.884 15.166 13.791 14.317 12.636 15.242 14.811 17.797 18.339 21.507 22.782 22.994 19.267 17.537 14.799 13.094 13.498 12.019  8.751  9.066  9.744  6.774  4.825  7.901  8.245  5.662  3.807  0.000  3.921  6.471  8.834  7.441  7.423 10.981 12.625 15.933 18.854 22.269 21.779 20.771 17.811 17.199 17.513 15.518 18.758 20.358 20.704 20.427 24.257 24.625 23.247 25.280 22.536 24.436 23.656 22.308 20.936 18.458 15.838 14.227 10.727 10.978  8.747 10.540 11.674 12.893 15.356 16.892
 23.899 22.007 19.751 18.508 15.341 16.107 13.902 15.084 17.092 18.503 17.316 17.567 15.716 17.908 16.821 19.339 19.180 21.913 22.943 22.552 18.817 16.575 14.026 11.603 12.716 12.184  8.460  8.497 10.630  8.623  5.932  9.354 10.976  9.200  6.573  3.921  0.000  3.872  5.705  5.624  6.815 10.500 12.859 16.410 19.551 23.021 22.288 20.681 17.315 16.508 16.016 13.696 16.779 18.967 19.872 20.299 24.026 23.953 22.970 25.420 23.124 25.436 25.091 24.238 22.620 20.419 17.372 15.873 12.259 11.944  9.390  9.942 10.942 11.713 14.225 15.789
 21.771 20.258 17.912 17.211 14.225 15.586 14.078 15.838 18.353 19.340 18.051 17.598 15.553 17.203 15.582 17.708 16.887 19.225 19.881 19.269 15.635 13.063 10.506  7.987  9.712  9.489  5.720  6.506  9.381  8.065  6.428 10.022 11.832 10.894  9.154  6.471  3.872  0.000  3.850  5.462  5.305  8.307 10.439 14.143 17.114 20.665 20.119 18.085 14.559 13.261 12.433  9.918 12.980 15.190 16.259 16.975 20.615 20.345 19.571 22.180 20.184 22.753 22.798 22.395 20.577 18.767 15.488 14.483 11.196 11.268  9.630 10.145 11.895 12.930 15.401 17.044
 24.705 23.246 20.610 19.805 16.582 17.460 15.667 16.843 19.574 20.957 20.224 20.075 18.504 20.364 18.899 21.033 19.914 21.937 22.094 21.280 17.891 14.787 12.083  9.726 12.397 12.371  8.770 10.019 13.054 11.583 10.039 13.672 15.386 13.969 12.006  8.834  5.705  3.850  0.000  3.818  5.511  7.922 11.044 14.373 17.708 20.967 19.814 17.536 13.863 13.176 11.918  9.975 13.138 15.648 17.508 18.575 22.040 21.123 20.302 23.345 21.762 24.709 25.214 24.861 22.612 20.658 17.081 15.597 12.257 11.213  9.177  8.287  9.778 10.499 12.892 14.647
 25.160 23.198 20.271 18.813 15.249 15.365 13.055 13.712 16.381 18.072 17.741 18.108 17.123 19.547 18.770 21.435 20.806 23.199 23.344 23.098 19.705 16.784 13.560 11.975 14.356 13.354  9.717 11.566 13.790 11.337 10.214 14.008 14.876 12.680 11.111  7.441  5.624  5.462  3.818  0.000  3.831  6.755 10.188 13.204 16.807 19.887 18.444 16.751 13.393 13.541 13.255 12.087 15.667 17.599 19.238 19.652 23.263 22.464 21.035 23.936 22.026 24.842 25.193 24.306 21.918 19.446 15.929 13.755 10.141  8.428  5.726  5.027  6.878  8.363 11.028 12.972
 21.732 19.718 16.648 15.258 11.751 12.193 10.488 11.915 14.894 15.988 15.405 15.211 14.196 16.396 15.626 18.312 17.649 20.069 20.081 20.208 16.907 14.170 10.645  9.866 12.057 10.357  7.099  9.896 11.561  9.001  9.142 12.895 13.251 11.482 10.976  7.423  6.815  5.305  5.511  3.831  0.000  3.802  6.620  9.904 13.342 16.624 15.608 14.021 10.769 10.629 11.047 10.118 13.886 15.180 16.395 16.347 20.031 19.483 17.807 20.498 18.397 21.139 21.490 20.596 18.154 15.758 12.208 10.309  6.824  6.117  5.068  6.330  9.079 11.104 13.604 15.416
 21.102 19.236 15.859 14.666 11.352 11.753 10.822 12.347 15.686 16.409 16.152 15.550 14.966 16.828 16.103 18.571 17.494 19.492 18.821 19.149 16.308 13.377  9.607 10.028 12.635 10.672  8.408 11.894 13.324 11.097 12.152 15.703 15.756 14.307 14.401 10.981 10.500  8.307  7.922  6.755  3.802  0.000  3.842  6.614 10.201 13.307 12.115 10.299  7.044  7.419  8.533  8.860 12.665 13.272 14.717 14.477 17.938 17.002 14.969 17.845 16.067 19.112 20.019 19.295 16.367 14.108 10.323  8.481  5.914  5.178  6.269  7.336 10.456 12.744 14.946 16.661
 17.931 16.057 12.532 11.556  8.673  9.612  9.923 12.198 15.511 15.438 14.905 13.560 13.033 14.370 13.708 16.025 14.910 16.817 15.916 16.808 14.281 11.848  8.066  9.852 11.796  9.127  8.234 12.031 12.601 10.692 12.850 15.894 15.442 14.586 15.540 12.625 12.859 10.439 11.044 10.188  6.620  3.842  0.000  3.796  6.814 10.301 10.005  8.489  5.940  5.652  8.154  8.965 12.383 11.942 12.620 11.578 15.030 14.499 12.056 14.538 12.470 15.408 16.369 15.667 12.618 10.570  6.753  5.792  4.761  6.227  8.771 10.721 13.816 16.206 18.303 19.848
 18.746 16.840 13.125 12.034  9.647  9.865 10.799 12.674 15.981 15.612 15.633 14.246 14.538 15.739 15.585 17.792 16.689 18.258 16.773 18.129 16.240 14.046 10.562 13.043 14.909 12.120 11.861 15.649 15.868 13.950 16.415 19.305 18.437 17.506 18.833 15.933 16.410 14.143 14.373 13.204  9.904  6.614  3.796  0.000  3.821  6.782  6.290  5.437  4.543  5.867  9.389 11.397 14.396 13.163 13.780 12.199 15.100 14.325 11.187 13.471 11.670 14.610 16.048 15.194 11.645  9.555  6.092  5.051  6.213  7.305 10.709 12.552 15.570 18.113 19.972 21.382
 16.965 15.305 11.717 11.186  9.973 10.611 12.647 14.824 17.831 16.777 16.635 14.623 15.036 15.483 15.393 17.116 15.906 17.031 15.104 17.010 15.808 14.254 11.387 14.608 15.926 13.055 13.850 17.482 17.185 15.763 18.716 21.152 20.041 19.624 21.392 18.854 19.551 17.114 17.708 16.807 13.342 10.201  6.814  3.821  0.000  3.839  5.513  5.492  6.549  7.023 10.821 13.075 15.365 13.226 13.121 10.790 13.095 12.648  9.057 10.596  8.824 11.574 13.410 12.770  9.000  7.721  5.327  6.294  8.936 10.772 14.307 16.333 19.313 21.834 23.624 24.932
 19.188 17.643 14.239 13.679 12.909 12.930 15.080 16.766 19.568 18.371 18.726 16.874 17.852 18.236 18.497 20.071 18.909 19.699 17.391 19.492 18.827 17.421 14.834 18.151 19.525 16.732 17.600 21.230 20.865 19.393 22.381 24.798 23.498 22.970 24.860 22.269 23.021 20.665 20.967 19.887 16.624 13.307 10.301  6.782  3.839  0.000  3.848  5.609  8.464  9.746 13.412 16.178 18.172 15.709 15.680 13.275 14.767 14.056 10.275 11.303 10.280 12.610 14.835 14.153 10.386  9.451  8.264  8.917 11.947 13.287 16.955 18.793 21.630 24.172 25.775 26.981
 22.269 20.541 16.938 15.904 14.308 13.686 14.964 15.977 18.987 18.420 19.258 18.055 19.231 20.249 20.572 22.513 21.357 22.362 20.157 21.831 20.803 18.811 15.812 18.670 20.622 17.953 18.047 21.819 21.921 20.028 22.594 25.423 24.275 23.220 24.740 21.779 22.288 20.119 19.814 18.444 15.608 12.115 10.005  6.290  5.513  3.848  0.000  3.827  7.033  9.693 13.142 16.181 18.567 16.653 17.400 15.587 17.371 16.077 12.484 14.287 13.472 16.127 18.264 17.403 13.595 11.965 10.007  9.224 11.526 11.761 15.293 16.627 19.321 21.869 23.334 24.536
 21.789 20.474 16.951 16.456 14.677 14.801 15.845 17.198 20.478 20.152 20.596 19.206 19.696 20.537 20.185 21.855 20.177 20.906 18.549 19.649 18.586 16.174 13.274 16.001 18.350 16.198 16.190 19.906 20.542 19.018 21.275 24.252 23.661 22.796 23.874 20.771 20.681 18.085 17.536 16.751 14.021 10.299  8.489  5.437  5.492  5.609  3.827  0.000  3.849  6.529  9.655 12.970 15.187 13.433 14.722 13.583 15.421 13.580 10.355 13.003 12.655 15.924 18.350 18.106 14.329 13.099 10.422  9.976 11.436 11.540 14.703 15.556 18.346 20.713 22.205 23.414
 21.272 19.981 16.485 16.034 13.753 14.259 14.764 16.288 19.724 19.754 19.880 18.597 18.543 19.560 18.797 20.552 18.749 19.692 17.708 18.289 16.677 13.800 10.603 12.796 15.519 13.682 13.141 16.798 17.911 16.438 18.278 21.448 21.284 20.390 21.032 17.811 17.315 14.559 13.863 13.393 10.769  7.044  5.940  4.543  6.549  8.464  7.033  3.849  0.000  3.838  6.588  9.643 12.326 11.325 13.087 12.602 15.046 13.174 10.537 13.738 13.105 16.621 18.732 18.603 15.032 13.619 10.230  9.507  9.743  9.610 12.238 12.820 15.695 17.912 19.545 20.879
 18.557 17.724 14.557 14.861 13.006 14.520 15.416 17.606 20.964 20.707 20.194 18.390 17.615 18.049 16.634 17.896 15.664 16.317 14.333 14.604 12.979 10.047  7.102  9.682 12.271 10.828 10.901 14.336 15.520 14.779 16.692 19.566 19.756 19.487 20.089 17.199 16.508 13.261 13.176 13.541 10.629  7.419  5.652  5.867  7.023  9.746  9.693  6.529  3.838  0.000  3.834  6.629  8.992  7.717  9.346  9.211 11.850 10.124  8.038 11.450 10.861 14.532 16.637 17.090 13.867 13.146  9.792 10.228 10.314 11.166 13.470 14.303 17.247 19.264 21.044 22.412
 20.115 19.732 16.938 17.595 15.692 17.487 17.986 20.131 23.504 23.530 22.830 21.111 19.852 20.196 18.236 19.149 16.516 16.827 14.959 14.228 12.515  8.965  6.697  8.165 11.410 11.182 10.877 13.741 15.737 15.526 16.720 19.632 20.544 20.436 20.397 17.513 16.016 12.433 11.918 13.255 11.047  8.533  8.154  9.389 10.821 13.412 13.142  9.655  6.588  3.834  0.000  3.840  5.850  5.797  8.711 10.109 12.498 10.290  9.573 13.253 13.211 16.904 19.005 19.889 16.988 16.510 13.127 13.506 12.823 13.256 14.703 14.832 17.518 19.089 20.781 22.111
 19.251 18.989 16.580 17.411 15.495 17.724 17.989 20.367 23.567 23.664 22.529 20.793 18.937 19.176 16.771 17.530 14.886 15.403 14.273 13.004 10.600  6.803  4.853  4.719  8.286  8.962  8.381 10.586 13.060 13.383 14.082 16.801 18.245 18.467 18.063 15.518 13.696  9.918  9.975 12.087 10.118  8.860  8.965 11.397 13.075 16.178 16.181 12.970  9.643  6.629  3.840  0.000  3.862  5.744  8.220 10.208 12.998 11.536 11.547 14.820 14.316 17.692 19.225 20.185 17.793 17.352 14.006 14.516 13.166 13.892 14.638 14.856 17.392 18.712 20.577 21.969
 19.457 19.938 18.051 19.562 18.224 20.819 21.436 23.993 27.151 27.034 25.711 23.657 21.551 21.221 18.391 18.376 15.193 14.803 13.371 11.253  9.610  6.016  6.399  6.344  9.042 10.756 11.086 12.489 14.914 16.050 16.705 18.926 20.670 21.401 20.960 18.758 16.779 12.980 13.138 15.667 13.886 12.665 12.383 14.396 15.365 18.172 18.567 15.187 12.326  8.992  5.850  3.862  0.000  3.811  6.741  9.922 11.802 10.087 11.356 14.453 14.709 17.975 19.770 21.398 19.299 19.546 16.567 17.663 16.703 17.657 18.474 18.593 21.011 22.129 23.895 25.148
 17.372 18.063 16.179 18.029 17.216 19.916 21.146 23.881 27.044 26.526 25.232 22.826 20.957 20.246 17.557 17.286 13.917 13.060 10.830  9.236  8.490  5.513  6.131  8.092 10.015 10.859 12.166 14.074 15.691 16.785 18.228 20.277 21.460 22.346 22.526 20.358 18.967 15.190 15.648 17.599 15.180 13.272 11.942 13.163 13.226 15.709 16.653 13.433 11.325  7.717  5.797  5.744  3.811  0.000  3.839  6.906  8.311  6.313  7.724 10.760 11.445 14.780 16.999 18.914 16.745 17.485 14.888 16.567 16.436 17.846 19.390 19.966 22.640 24.091 25.879 27.117
 13.804 14.904 13.530 15.971 15.903 19.039 20.791 23.879 26.807 25.855 24.215 21.402 19.318 17.989 15.116 14.281 10.719  9.414  7.010  5.694  5.461  4.099  5.988  8.668  9.088  9.641 12.072 13.692 14.462 16.023 17.975 19.435 20.323 21.726 22.391 20.704 19.872 16.259 17.508 19.238 16.395 14.717 12.620 13.780 13.121 15.680 17.400 14.722 13.087  9.346  8.711  8.220  6.741  3.839  0.000  3.838  5.267  5.128  6.867  8.705  9.002 11.823 13.788 16.086 14.466 15.829 13.885 16.308 16.628 18.765 20.565 21.752 24.537 26.147 28.071 29.327
 10.993 11.789 10.231 12.830 13.299 16.472 18.742 21.963 24.727 23.403 21.739 18.680 16.870 15.300 12.827 12.115  8.902  7.982  5.222  6.289  6.149  6.131  6.671 10.183  9.985  9.126 12.093 14.136 13.976 15.172 17.819 19.116 19.281 20.694 21.990 20.427 20.299 16.975 18.575 19.652 16.347 14.477 11.578 12.199 10.790 13.275 15.587 13.583 12.602  9.211 10.109 10.208  9.922  6.906  3.838  0.000  3.862  5.511  5.433  6.174  5.374  8.144 10.132 12.359 10.731 12.439 11.060 14.028 15.042 17.684 19.969 21.714 24.645 26.544 28.531 29.819
 11.944 13.599 12.699 15.668 16.648 19.739 22.250 25.426 28.166 26.663 25.058 21.849 20.166 18.223 15.788 14.432 11.097  8.937  5.192  6.081  8.041  8.743 10.162 13.432 13.163 12.794 15.845 17.645 17.470 18.920 21.538 22.640 22.843 24.431 25.763 24.257 24.026 20.615 22.040 23.263 20.031 17.938 15.030 15.100 13.095 14.767 17.371 15.421 15.046 11.850 12.498 12.998 11.802  8.311  5.267  3.862  0.000  3.851  5.380  4.636  5.993  8.033 10.717 13.711 12.443 14.869 14.066 17.210 18.594 21.156 23.591 25.203 28.132 29.994 31.892 33.100
 15.555 16.808 15.299 17.747 18.036 20.761 22.915 25.803 28.817 27.652 26.412 23.511 22.060 20.656 18.322 17.466 14.089 12.274  8.734  8.528  9.943  9.175 10.123 13.278 14.058 13.943 16.311 18.449 18.968 20.075 22.378 24.013 24.462 25.622 26.595 24.625 23.953 20.345 21.123 22.464 19.483 17.002 14.499 14.325 12.648 14.056 16.077 13.580 13.174 10.124 10.290 11.536 10.087  6.313  5.128  5.511  3.851  0.000  3.837  5.482  7.879 10.824 13.911 16.491 14.500 16.351 14.875 17.462 18.647 20.626 23.016 24.136 27.014 28.796 30.557 31.727
 15.158 15.632 13.471 15.391 15.525 17.857 20.133 22.875 25.889 24.669 23.705 20.912 19.958 18.888 17.138 16.933 14.074 13.085  9.733 10.705 11.293 10.257  9.832 13.470 14.457 13.355 15.508 18.236 18.450 18.882 21.521 23.403 23.351 24.131 25.411 23.247 22.970 19.571 20.302 21.035 17.807 14.969 12.056 11.187  9.057 10.275 12.484 10.355 10.537  8.038  9.573 11.547 11.356  7.724  6.867  5.433  5.380  3.837  0.000  3.880  5.625  9.169 12.442 14.372 11.768 13.283 11.807 14.316 15.956 17.958 20.733 22.098 25.071 27.101 28.854 30.061
 13.182 14.065 12.519 14.938 16.002 18.491 21.297 24.225 26.952 25.277 24.119 20.982 20.081 18.422 16.837 16.128 13.479 12.070  8.534 10.513 11.901 12.085 12.201 15.929 16.096 14.771 17.527 20.001 19.554 20.224 23.221 24.627 24.233 25.367 27.070 25.280 25.420 22.180 23.345 23.936 20.498 17.845 14.538 13.471 10.596 11.303 14.287 13.003 13.738 11.450 13.253 14.820 14.453 10.760  8.705  6.174  4.636  5.482  3.880  0.000  3.843  6.237  9.883 12.340 10.361 12.848 12.493 15.624 17.797 20.279 23.248 25.012 28.023 30.148 31.964 33.164
 10.468 10.652  8.765 11.136 12.434 15.073 18.057 21.153 23.689 21.863 20.512 17.269 16.355 14.666 13.330 12.980 10.845 10.352  7.612 10.429 10.861 11.312 10.833 14.602 14.332 12.313 15.197 17.718 16.757 17.204 20.475 21.718 20.958 22.107 24.109 22.536 23.124 20.184 21.762 22.026 18.397 16.067 12.470 11.670  8.824 10.280 13.472 12.655 13.105 10.861 13.211 14.316 14.709 11.445  9.002  5.374  5.993  7.879  5.625  3.843  0.000  3.831  6.912  8.879  6.802  9.347  9.303 12.781 15.061 17.965 20.953 23.147 26.180 28.400 30.320 31.578
  8.438  8.932  8.114 10.931 13.292 15.968 19.338 22.535 24.663 22.409 20.812 17.294 16.429 14.097 13.091 12.225 10.731 10.114  7.981 11.547 12.399 13.817 13.747 17.323 16.339 14.205 17.437 19.580 17.963 18.611 22.108 22.801 21.672 23.166 25.560 24.436 25.436 22.753 24.709 24.842 21.139 19.112 15.408 14.610 11.574 12.610 16.127 15.924 16.621 14.532 16.904 17.692 17.975 14.780 11.823  8.144  8.033 10.824  9.169  6.237  3.831  0.000  3.831  6.583  6.051  9.622 10.942 14.678 17.236 20.468 23.480 26.002 28.995 31.266 33.232 34.481
  5.650  5.676  5.971  9.068 12.205 15.048 18.534 21.875 23.582 21.082 19.075 15.372 14.289 11.431 10.717  9.668  9.226  9.392  8.741 12.544 12.870 14.853 14.777 17.966 16.305 13.924 17.280 19.002 16.730 17.469 21.093 21.245 19.766 21.559 24.266 23.656 25.091 22.798 25.214 25.193 21.490 20.019 16.369 16.048 13.410 14.835 18.264 18.350 18.732 16.637 19.005 19.225 19.770 16.999 13.788 10.132 10.717 13.911 12.442  9.883  6.912  3.831  0.000  3.839  5.592  9.145 11.202 14.956 17.343 20.902 23.704 26.568 29.476 31.732 33.776 35.035
  7.610  5.484  4.780  6.463  9.968 12.279 15.926 19.132 20.510 17.795 15.859 12.196 11.730  9.212  9.770  9.941 10.669 12.002 11.878 15.541 15.114 16.647 15.778 18.815 17.271 14.254 17.130 19.062 16.454 16.462 20.258 20.452 18.372 19.790 22.851 22.308 24.238 22.395 24.861 24.306 20.596 19.295 15.667 15.194 12.770 14.153 17.403 18.106 18.603 17.090 19.889 20.185 21.398 18.914 16.086 12.359 13.711 16.491 14.372 12.340  8.879  6.583  3.839  0.000  3.847  6.627  9.584 13.025 15.626 19.251 22.109 25.262 28.086 30.448 32.472 33.737
  9.959  7.919  5.273  6.046  8.410 10.424 14.037 17.108 18.980 16.574 15.153 11.762 11.731 10.224 10.663 11.555 11.512 12.826 11.894 15.282 14.638 15.322 13.836 17.149 16.361 13.144 15.623 18.185 16.146 15.653 19.413 20.320 18.419 19.272 22.089 20.936 22.620 20.577 22.612 21.918 18.154 16.367 12.618 11.645  9.000 10.386 13.595 14.329 15.032 13.867 16.988 17.793 19.299 16.745 14.466 10.731 12.443 14.500 11.768 10.361  6.802  6.051  5.592  3.847  0.000  3.813  6.432  9.978 12.940 16.352 19.495 22.471 25.377 27.821 29.784 31.066
 12.580  9.770  6.346  4.698  5.704  6.840 10.471 13.415 15.313 13.020 11.917  8.893  9.604  9.360 10.577 12.628 13.033 15.079 14.470 17.461 16.093 16.104 13.801 16.769 16.382 12.758 14.405 17.277 15.332 13.967 17.673 18.951 16.759 16.951 19.825 18.458 20.419 18.767 20.658 19.446 15.758 14.108 10.570  9.555  7.721  9.451 11.965 13.099 13.619 13.146 16.510 17.352 19.546 17.485 15.829 12.439 14.869 16.351 13.283 12.848  9.347  9.622  9.145  6.627  3.813  0.000  3.839  6.688  9.841 13.199 16.388 19.540 22.361 24.890 26.842 28.156
 13.910 11.405  7.606  6.119  4.772  6.135  8.944 11.945 14.522 12.985 12.071  9.587  9.787 10.315 10.746 13.083 12.851 14.960 14.181 16.520 14.671 13.857 10.972 13.793 14.064 10.477 11.517 14.806 13.559 11.908 15.339 17.242 15.553 15.376 17.732 15.838 17.372 15.488 17.081 15.929 12.208 10.323  6.753  6.092  5.327  8.264 10.007 10.422 10.230  9.792 13.127 14.006 16.567 14.888 13.885 11.060 14.066 14.875 11.807 12.493  9.303 10.942 11.202  9.584  6.432  3.839  0.000  3.818  6.651  9.955 13.173 16.104 19.032 21.549 23.557 24.937
 17.421 14.679 10.918  8.561  5.718  4.888  6.382  8.778 11.741 10.879 10.717  9.385 10.316 12.088 12.957 15.853 15.851 18.226 17.575 19.538 17.316 15.894 12.467 14.647 15.518 11.985 11.796 15.282 14.463 11.931 14.886 17.310 15.549 14.452 16.566 14.227 15.873 14.483 15.597 13.755 10.309  8.481  5.792  5.051  6.294  8.917  9.224  9.976  9.507 10.228 13.506 14.516 17.663 16.567 16.308 14.028 17.210 17.462 14.316 15.624 12.781 14.678 14.956 13.025  9.978  6.688  3.818  0.000  3.829  6.614 10.064 13.092 15.933 18.591 20.565 21.991
 18.823 16.133 12.568 10.254  6.587  5.961  5.306  7.580 10.822 10.904 10.577  9.974 10.219 12.613 13.091 16.236 16.232 18.887 18.648 20.036 17.259 15.406 11.728 12.966 14.135 10.873  9.545 12.950 12.661  9.648 11.973 14.838 13.458 11.849 13.412 10.727 12.259 11.196 12.257 10.141  6.824  5.914  4.761  6.213  8.936 11.947 11.526 11.436  9.743 10.314 12.823 13.166 16.703 16.436 16.628 15.042 18.594 18.647 15.956 17.797 15.061 17.236 17.343 15.626 12.940  9.841  6.651  3.829  0.000  3.809  6.618  9.857 12.726 15.327 17.470 19.038
 22.489 19.894 16.319 14.006 10.327  9.021  7.147  7.694 11.075 12.158 12.663 12.969 13.532 16.233 16.688 19.824 19.637 22.153 21.725 22.755 19.933 17.554 13.733 14.451 16.325 13.565 11.440 14.757 15.210 12.019 13.409 16.730 15.724 13.450 14.240 10.978 11.944 11.268 11.213  8.428  6.117  5.178  6.227  7.305 10.772 13.287 11.761 11.540  9.610 11.166 13.256 13.892 17.657 17.846 18.765 17.684 21.156 20.626 17.958 20.279 17.965 20.468 20.902 19.251 16.352 13.199  9.955  6.614  3.809  0.000  3.828  6.632  9.551 12.331 14.417 16.081
 24.611 22.044 18.716 16.425 12.620 11.472  8.729  8.661 11.531 13.354 13.769 14.658 14.815 17.798 18.066 21.273 21.194 23.880 23.826 24.455 21.296 18.753 15.049 14.795 16.755 14.492 11.552 14.260 15.195 11.855 12.161 15.686 15.117 12.343 12.255  8.747  9.390  9.630  9.177  5.726  5.068  6.269  8.771 10.709 14.307 16.955 15.293 14.703 12.238 13.470 14.703 14.638 18.474 19.390 20.565 19.969 23.591 23.016 20.733 23.248 20.953 23.480 23.704 22.109 19.495 16.388 13.173 10.064  6.618  3.828  0.000  3.817  6.566  9.255 11.634 13.521
 27.450 25.145 21.820 19.812 16.054 15.084 12.440 12.031 14.724 16.801 17.422 18.371 18.396 21.246 21.174 24.164 23.711 26.127 25.865 26.065 22.942 19.977 16.385 15.695 18.220 16.574 13.339 15.823 17.482 14.485 14.098 17.813 17.871 15.110 14.215 10.540  9.942 10.145  8.287  5.027  6.330  7.336 10.721 12.552 16.333 18.793 16.627 15.556 12.820 14.303 14.832 14.856 18.593 19.966 21.752 21.714 25.203 24.136 22.098 25.012 23.147 26.002 26.568 25.262 22.471 19.540 16.104 13.092  9.857  6.632  3.817  0.000  3.830  6.540  8.944 11.018
 30.200 27.844 24.597 22.475 18.702 17.544 14.597 13.671 15.932 18.372 19.158 20.510 20.596 23.612 23.630 26.686 26.364 28.847 28.710 28.793 25.600 22.617 19.147 18.124 20.609 19.175 15.764 17.820 19.581 16.571 15.667 19.245 19.430 16.421 15.083 11.674 10.942 11.895  9.778  6.878  9.079 10.456 13.816 15.570 19.313 21.630 19.321 18.346 15.695 17.247 17.518 17.392 21.011 22.640 24.537 24.645 28.132 27.014 25.071 28.023 26.180 28.995 29.476 28.086 25.377 22.361 19.032 15.933 12.726  9.551  6.566  3.830  0.000  3.840  6.536  8.877
 32.185 29.932 26.812 24.803 21.078 20.064 17.065 16.066 18.078 20.637 21.357 22.799 22.706 25.683 25.548 28.501 28.133 30.565 30.515 30.348 27.112 24.074 20.814 19.400 21.923 20.866 17.326 18.963 20.986 18.199 16.822 20.274 20.797 17.833 16.032 12.893 11.713 12.930 10.499  8.363 11.104 12.744 16.206 18.113 21.834 24.172 21.869 20.713 17.912 19.264 19.089 18.712 22.129 24.091 26.147 26.544 29.994 28.796 27.101 30.148 28.400 31.266 31.732 30.448 27.821 24.890 21.549 18.591 15.327 12.331  9.255  6.540  3.840  0.000  3.837  6.562
 34.343 32.097 28.954 26.925 23.240 22.084 19.105 17.838 19.635 22.267 23.229 24.807 24.881 27.875 27.808 30.743 30.347 32.717 32.567 32.366 29.212 26.118 22.896 21.533 24.139 23.138 19.672 21.295 23.329 20.592 19.223 22.573 23.072 20.109 18.317 15.356 14.225 15.401 12.892 11.028 13.604 14.946 18.303 19.972 23.624 25.775 23.334 22.205 19.545 21.044 20.781 20.577 23.895 25.879 28.071 28.531 31.892 30.557 28.854 31.964 30.320 33.232 33.776 32.472 29.784 26.842 23.557 20.565 17.470 14.417 11.634  8.944  6.536  3.837  0.000  3.774
