  0.000  3.833  6.771 10.357 13.262 16.739 19.748 23.303 24.782 22.464 19.811 16.132 13.871 10.367  8.334  5.540  5.455  5.868  7.628 10.804 10.752 13.742 14.514 16.809 14.177 12.419 16.039 16.614 13.911 15.757 18.941 18.074 17.190 19.913 22.350 22.486 23.555 21.479 24.617 25.069 21.701 21.125 17.922 18.673 16.894 19.144 22.220 21.728 21.210 18.512 20.086 19.236 19.401 17.276 13.681 10.927 11.889 15.487 15.136 13.221 10.433  8.347  5.659  7.689  9.968 12.610 13.909 17.395 18.762 22.446 24.454 27.432 30.057 31.755 33.495 34.803
  3.833  0.000  3.827  6.871 10.060 13.338 16.414 19.922 21.201 18.787 16.106 12.400 10.354  6.831  5.726  4.625  6.227  8.398  9.980 13.146 12.213 14.490 14.283 16.543 14.158 11.546 14.717 15.653 12.583 13.631 17.118 16.398 14.841 17.244 20.069 20.219 21.786 20.058 23.212 23.135 19.704 19.259 16.060 16.777 15.238 17.582 20.493 20.427 19.931 17.694 19.738 19.027 19.935 18.011 14.806 11.751 13.573 16.759 15.624 14.117 10.659  8.827  5.623  5.512  7.922  9.814 11.407 14.654 16.072 19.844 21.896 25.121 27.694 29.497 31.306 32.652
  6.771  3.827  0.000  3.819  6.719 10.064 13.258 16.777 18.403 16.150 13.814 10.153  8.514  6.014  5.446  6.427  7.139  9.618 10.270 13.303 11.917 13.239 12.134 14.689 13.047  9.801 12.564 14.325 11.644 11.835 15.574 15.670 13.960 15.661 18.489 18.044 19.625 17.756 20.614 20.254 16.661 15.894 12.558 13.073 11.658 14.175 16.889 16.918 16.451 14.548 16.973 16.654 18.093 16.171 13.462 10.227 12.712 15.279 13.491 12.601  8.835  8.050  5.966  4.805  5.299  6.379  7.608 10.892 12.520 16.288 18.601 21.835 24.486 26.379 28.207 29.568
 10.357  6.871  3.819  0.000  3.822  6.553  9.916 13.339 14.756 12.406 10.168  6.528  5.766  4.716  6.257  8.867 10.255 13.166 13.801 16.600 14.763 15.398 13.454 15.711 14.536 10.839 12.592 14.702 12.003 10.996 14.814 15.230 12.839 13.796 16.973 16.441 18.574 17.201 19.889 18.851 15.306 14.703 11.598 11.984 11.113 13.564 15.829 16.419 15.999 14.856 17.658 17.537 19.653 18.059 15.929 12.845 15.689 17.730 15.401 14.997 11.208 10.844  9.021  6.404  6.036  4.721  6.108  8.528 10.219 13.969 16.337 19.826 22.368 24.368 26.251 27.638
 13.262 10.060  6.719  3.822  0.000  3.826  6.611 10.221 12.141 10.434  8.487  5.693  5.060  6.369  7.526 10.816 11.732 14.814 15.301 17.495 15.090 14.826 12.135 13.969 13.478  9.641 10.294 12.883 10.790  8.771 12.441 13.651 11.351 11.426 14.364 13.295 15.464 14.233 16.661 15.287 11.785 11.360  8.676  9.583  9.888 12.798 14.242 14.650 13.714 12.972 15.734 15.595 18.281 17.211 15.813 13.277 16.632 17.987 15.522 16.039 12.497 13.194 12.145  9.908  8.414  5.736  4.758  5.688  6.553 10.291 12.543 16.067 18.612 20.661 22.617 24.093
 16.739 13.338 10.064  6.553  3.826  0.000  3.834  7.017  8.836  7.116  6.090  4.643  6.356  8.884 10.937 14.394 15.532 18.593 18.893 21.106 18.714 18.095 15.032 16.685 16.686 12.915 12.747 15.491 13.690 10.904 14.125 15.655 12.962 12.015 15.033 13.741 16.323 15.625 17.527 15.390 12.185 11.717  9.626  9.865 10.611 12.894 13.704 14.847 14.259 14.511 17.540 17.818 20.879 19.932 18.964 16.468 19.754 20.745 17.890 18.570 15.189 15.926 15.017 12.240 10.476  6.918  6.155  4.895  5.912  8.959 11.394 15.056 17.394 19.549 21.491 22.927
 19.748 16.414 13.258  9.916  6.611  3.834  0.000  3.847  6.180  6.023  5.630  6.392  7.809 11.192 13.017 16.685 17.798 21.017 21.487 23.254 20.469 19.377 16.038 16.965 17.347 13.863 12.633 15.235 13.963 10.508 12.951 14.928 12.336 10.347 12.977 11.423 14.249 14.223 15.764 13.076 10.469 10.749  9.910 10.797 12.646 15.031 14.966 15.894 14.771 15.413 18.063 18.115 21.523 21.185 20.739 18.765 22.285 22.918 20.189 21.388 18.193 19.313 18.522 15.903 14.103 10.550  8.978  6.387  5.248  7.021  8.623 12.327 14.378 16.531 18.555 20.101
 23.303 19.922 16.777 13.339 10.221  7.017  3.847  0.000  3.857  5.634  6.912  9.068 11.058 14.564 16.582 20.266 21.412 24.602 24.960 26.663 23.865 22.521 19.030 19.754 20.477 17.170 15.508 18.054 17.111 13.469 15.289 17.439 14.879 12.234 14.446 12.768 15.628 16.104 17.025 13.821 11.944 12.288 12.204 12.688 14.816 16.690 15.978 17.260 16.320 17.625 20.238 20.527 24.110 23.945 23.840 21.987 25.464 25.814 22.932 24.303 21.276 22.488 21.830 19.062 17.135 13.439 11.950  8.774  7.582  7.604  8.664 11.944 13.431 15.521 17.434 18.921
 24.782 21.201 18.403 14.756 12.141  8.836  6.180  3.857  0.000  3.841  6.027  9.259 11.718 15.308 17.844 21.582 23.235 26.616 27.285 29.165 26.343 25.301 21.954 22.568 22.926 19.584 18.031 20.170 18.842 15.225 16.892 18.521 15.560 12.875 15.332 14.374 17.644 18.636 19.754 16.469 14.907 15.628 15.511 16.001 17.830 19.521 19.011 20.549 19.758 20.979 23.600 23.716 27.254 27.088 26.744 24.727 28.176 28.805 25.924 27.006 23.790 24.584 23.494 20.406 18.977 15.337 14.516 11.731 10.799 10.983 11.524 14.625 15.724 17.645 19.415 20.770
 22.464 18.787 16.150 12.406 10.434  7.116  6.023  5.634  3.841  0.000  3.810  6.737  9.814 13.070 15.994 19.629 21.520 24.873 25.575 27.789 25.202 24.574 21.435 22.459 22.433 18.865 17.956 20.111 18.262 14.957 17.231 18.441 15.167 13.175 16.216 15.570 18.911 19.514 21.074 18.107 15.969 16.352 15.446 15.650 16.813 18.389 18.497 20.250 19.792 20.723 23.606 23.778 27.107 26.550 25.777 23.394 26.674 27.644 24.709 25.352 21.977 22.349 20.998 17.703 16.589 13.080 12.994 10.884 10.859 12.070 13.316 16.733 18.213 20.210 21.994 23.299
 19.811 16.106 13.814 10.168  8.487  6.090  5.630  6.912  6.027  3.810  0.000  3.835  6.579  9.929 12.956 16.609 18.786 22.296 23.385 25.593 22.925 22.646 19.791 20.705 20.184 16.632 16.032 17.813 15.547 12.495 14.980 15.703 12.227 10.789 14.229 14.105 17.574 18.149 20.257 17.669 15.328 16.054 14.870 15.625 16.636 18.702 19.290 20.637 19.866 20.163 22.868 22.609 25.741 25.214 24.107 21.715 25.046 26.372 23.722 24.181 20.607 20.744 19.007 15.805 15.198 12.023 12.094 10.718 10.492 12.514 13.603 17.240 18.887 20.848 22.742 24.145
 16.132 12.400 10.153  6.528  5.693  4.643  6.392  9.068  9.259  6.737  3.835  0.000  3.823  6.548  9.759 13.281 15.479 18.901 19.981 22.412 19.983 20.090 17.538 18.872 17.999 14.308 14.507 16.348 13.693 11.240 14.403 14.855 11.479 11.107 14.737 14.616 17.754 17.668 20.142 18.091 15.199 15.524 13.575 14.256 14.632 16.850 18.085 19.253 18.606 18.391 21.177 20.903 23.716 22.832 21.318 18.672 21.849 23.487 20.942 21.055 17.367 17.224 15.306 12.141 11.812  9.020  9.634  9.414  9.936 12.890 14.539 18.277 20.312 22.321 24.249 25.665
 13.871 10.354  8.514  5.766  5.060  6.356  7.809 11.058 11.718  9.814  6.579  3.823  0.000  3.841  6.457 10.148 12.456 16.092 17.652 19.789 17.116 17.458 15.263 16.253 14.886 11.384 11.849 13.160 10.172  8.200 11.514 11.529  8.313  8.883 12.482 12.754 15.673 15.471 18.423 16.934 14.046 14.818 12.902 14.403 14.921 17.727 19.135 19.610 18.420 17.493 19.804 18.938 21.501 20.856 19.154 16.802 20.105 21.959 19.915 20.099 16.391 16.325 14.233 11.714 11.764  9.690  9.757 10.227 10.047 13.316 14.524 18.152 20.268 22.157 24.133 25.633
 10.367  6.831  6.014  4.716  6.369  8.884 11.192 14.564 15.308 13.070  9.929  6.548  3.841  0.000  3.817  6.945  9.754 13.292 15.146 17.594 15.332 16.460 14.980 16.341 14.329 11.018 12.647 13.597 10.151  9.583 13.074 12.415  9.686 11.468 14.849 15.363 17.836 17.139 20.354 19.439 16.338 16.776 14.310 15.633 15.377 18.114 20.154 20.465 19.478 17.985 20.209 19.248 21.243 20.204 17.888 15.275 18.198 20.598 18.874 18.458 14.696 13.979 11.355  9.165 10.219  9.405 10.287 12.012 12.493 16.088 17.573 21.096 23.365 25.207 27.129 28.576
  8.334  5.726  5.446  6.257  7.526 10.937 13.017 16.582 17.844 15.994 12.956  9.759  6.457  3.817  0.000  3.813  6.267  9.995 12.228 14.275 11.835 13.247 12.327 13.525 11.046  8.134 10.469 10.985  7.518  8.254 11.641 10.847  9.191 11.684 14.414 14.843 16.626 15.445 18.863 18.647 15.568 16.056 13.614 15.432 15.230 18.333 20.427 20.066 18.684 16.541 18.224 16.821 18.390 17.481 14.990 12.774 15.726 18.231 17.094 16.832 13.301 12.925 10.613  9.705 10.612 10.568 10.686 12.858 12.962 16.549 17.836 21.051 23.425 25.142 27.037 28.509
  5.540  4.625  6.427  8.867 10.816 14.394 16.685 20.266 21.582 19.629 16.609 13.281 10.148  6.945  3.813  0.000  3.824  7.165 10.089 12.158 10.305 12.717 12.897 14.202 11.149  9.181 12.311 12.259  9.022 11.003 13.963 12.706 11.833 14.825 17.168 17.746 19.040 17.520 20.995 21.327 18.287 18.586 15.986 17.689 17.005 19.967 22.419 21.781 20.492 17.861 19.181 17.607 18.407 17.253 14.215 12.118 14.422 17.436 16.947 16.177 12.976 12.097  9.601  9.917 11.531 12.639 13.065 15.793 16.147 19.734 21.071 24.088 26.511 28.128 29.946 31.363
  5.455  6.227  7.139 10.255 11.732 15.532 17.798 21.412 23.235 21.520 18.786 15.479 12.456  9.754  6.267  3.824  0.000  3.823  6.682  8.401  6.614  9.359 10.210 11.817  8.857  7.541 11.232 11.410  9.116 11.553 14.324 13.699 13.638 16.387 18.193 18.186 18.764 16.575 19.816 20.672 17.592 17.491 14.839 16.551 15.764 18.794 21.233 20.072 18.663 15.606 16.515 14.914 15.195 13.863 10.650  8.905 11.099 14.067 14.091 13.538 10.834 10.638  9.219 10.673 11.483 13.003 12.804 15.763 16.120 19.541 20.982 23.651 26.207 27.758 29.505 30.894
  5.868  8.398  9.618 13.166 14.814 18.593 21.017 24.602 26.616 24.873 22.296 18.901 16.092 13.292  9.995  7.165  3.823  0.000  3.876  5.466  5.424  9.006 10.993 12.885 10.184  9.862 13.661 13.834 12.233 14.898 17.418 16.919 17.256 19.988 21.531 21.314 21.430 18.839 21.806 23.079 20.024 19.514 16.771 18.145 16.920 19.629 22.266 20.812 19.616 16.264 16.793 15.370 14.742 12.961  9.321  7.960  8.920 12.239 13.098 12.130 10.321 10.070  9.450 12.064 12.825 15.069 14.939 18.172 18.809 22.102 23.706 26.118 28.740 30.218 31.863 33.174
  7.628  9.980 10.270 13.801 15.301 18.893 21.487 24.960 27.285 25.575 23.385 19.981 17.652 15.146 12.228 10.089  6.682  3.876  0.000  3.839  5.543  8.328 10.286 12.978 11.276 10.839 14.509 15.476 14.434 16.594 19.266 19.427 19.695 21.973 23.485 22.686 22.566 19.542 22.033 23.337 20.124 18.922 15.950 16.721 15.041 17.371 20.103 18.494 17.682 14.330 14.949 14.258 13.334 10.754  6.936  5.196  5.148  8.689  9.745  8.580  7.567  7.976  8.845 11.968 11.915 14.472 14.201 17.582 18.652 21.772 23.765 25.986 28.731 30.247 31.819 33.058
 10.804 13.146 13.303 16.600 17.495 21.106 23.254 26.663 29.165 27.789 25.593 22.412 19.789 17.594 14.275 12.158  8.401  5.466  3.839  0.000  3.838  6.538  9.652 11.630 10.090 10.959 14.311 14.813 14.587 17.143 19.191 19.471 20.457 22.730 23.647 22.754 22.017 18.805 21.106 22.984 20.155 19.156 16.728 17.970 16.847 19.382 21.677 19.495 18.166 14.500 14.117 12.876 11.110  9.053  5.558  6.227  6.023  8.442 10.667 10.514 10.346 11.532 12.625 15.596 15.254 17.399 16.463 19.457 19.952 22.712 24.298 26.090 28.739 30.052 31.528 32.747
 10.752 12.213 11.917 14.763 15.090 18.714 20.469 23.865 26.343 25.202 22.925 19.983 17.116 15.332 11.835 10.305  6.614  5.424  5.543  3.838  0.000  3.841  6.830  8.286  6.312  7.387 10.668 10.996 10.940 13.548 15.413 15.810 16.979 19.163 19.898 19.036 18.289 15.197 17.737 19.595 16.881 16.351 14.241 16.140 15.717 18.782 20.720 18.509 16.619 12.938 12.480 10.538  9.517  8.379  5.401  6.231  8.095  9.952 11.372 12.013 10.917 12.448 13.010 15.238 14.710 16.129 14.701 17.302 17.225 19.923 21.157 22.971 25.552 26.851 28.401 29.714
 13.742 14.490 13.239 15.398 14.826 18.095 19.377 22.521 25.301 24.574 22.646 20.090 17.458 16.460 13.247 12.717  9.359  9.006  8.328  6.538  3.841  0.000  3.832  5.243  5.133  6.572  8.842  9.855 10.922 12.858 14.372 15.647 17.036 18.556 18.862 17.364 16.123 12.646 14.667 16.749 14.216 13.488 11.869 14.008 14.225 17.431 18.773 16.144 13.792 10.057  8.963  6.749  5.919  5.430  4.112  6.302  8.850  9.224 10.401 12.241 11.450 13.930 15.042 16.822 15.467 16.205 13.966 15.957 15.460 17.629 18.703 20.095 22.668 23.899 25.393 26.707
 14.514 14.283 12.134 13.454 12.135 15.032 16.038 19.030 21.954 21.435 19.791 17.538 15.263 14.980 12.327 12.897 10.210 10.993 10.286  9.652  6.830  3.832  0.000  3.845  5.383  4.991  6.329  8.694  9.885 10.700 12.475 14.467 15.414 16.278 16.707 14.713 13.705 10.138 11.996 13.567 10.719  9.733  8.103 10.534 11.365 14.837 15.777 13.250 10.592  7.093  6.688  4.808  6.330  6.061  5.936  6.792 10.236 10.134  9.956 12.341 10.992 13.843 14.946 15.943 13.995 13.919 11.106 12.555 11.817 13.838 15.039 16.536 19.222 20.624 22.226 23.623
 16.809 16.543 14.689 15.711 13.969 16.685 16.965 19.754 22.568 22.459 20.705 18.872 16.253 16.341 13.525 14.202 11.817 12.885 12.978 11.630  8.286  5.243  3.845  0.000  3.849  5.427  5.060  6.292  8.810  9.887 10.478 12.629 14.402 15.176 14.782 12.870 11.134  7.545  9.585 11.883  9.878 10.091  9.803 12.969 14.548 18.116 18.595 15.958 12.771  9.671  8.212  4.779  6.378  8.110  8.705 10.323 13.532 13.335 13.605 16.070 14.744 17.389 18.100 18.937 17.269 16.848 13.875 14.674 12.985 14.469 14.693 15.741 18.137 19.266 20.836 22.306
 14.177 14.158 13.047 14.536 13.478 16.686 17.347 20.477 22.926 22.433 20.184 17.999 14.886 14.329 11.046 11.149  8.857 10.184 11.276 10.090  6.312  5.133  5.383  3.849  0.000  3.861  5.382  4.939  6.369  8.788  9.683 10.703 12.570 14.255 14.239 13.271 12.178  9.311 12.250 14.227 12.076 12.726 11.807 14.901 15.937 19.566 20.626 18.369 15.544 12.302 11.469  8.339  9.020  9.989  9.096 10.146 13.265 14.114 14.616 16.276 14.512 16.443 16.494 17.473 16.558 16.563 14.230 15.621 14.201 16.367 16.646 18.237 20.576 21.753 23.396 24.872
 12.419 11.546  9.801 10.839  9.641 12.915 13.863 17.170 19.584 18.865 16.632 14.308 11.384 11.018  8.134  9.181  7.541  9.862 10.839 10.959  7.387  6.572  4.991  5.427  3.861  0.000  3.847  5.401  5.123  6.456  8.757 10.029 10.730 12.190 13.059 11.946 11.856  9.218 12.330 13.316 10.432 10.799  9.175 12.135 13.066 16.765 17.979 16.239 13.726 10.860 11.253  9.039 10.743 10.806  9.540  9.176 12.803 13.927 13.454 14.885 12.438 14.218 14.009 14.376 13.295 12.923 10.644 12.108 10.970 13.651 14.444 16.659 19.196 20.688 22.493 24.023
 16.039 14.717 12.564 12.592 10.294 12.747 12.633 15.508 18.031 17.956 16.032 14.507 11.849 12.647 10.469 12.311 11.232 13.661 14.509 14.311 10.668  8.842  6.329  5.060  5.382  3.847  0.000  3.838  5.396  5.025  6.250  8.814  9.859 10.284 10.401  8.628  8.161  5.492  8.749  9.639  7.136  8.471  8.181 11.802 13.789 17.554 18.001 16.187 13.148 10.899 10.970  8.518 11.145 12.168 12.018 12.144 15.866 16.311 15.595 17.617 15.295 17.406 17.305 17.165 15.695 14.475 11.586 11.825  9.564 11.447 11.444 13.363 15.766 17.199 19.079 20.740
 16.614 15.653 14.325 14.702 12.883 15.491 15.235 18.054 20.170 20.111 17.813 16.348 13.160 13.597 10.985 12.259 11.410 13.834 15.476 14.813 10.996  9.855  8.694  6.292  4.939  5.401  3.838  0.000  3.843  5.402  4.911  6.413  8.773 10.020  9.437  8.833  8.035  6.349 10.015 11.453  9.941 11.979 11.999 15.612 17.436 21.202 21.797 19.927 16.838 14.368 13.873 10.761 12.576 14.093 13.664 14.204 17.667 18.465 18.341 20.098 17.805 19.531 19.007 19.085 18.251 17.358 14.882 15.320 12.972 14.758 14.133 15.807 17.809 18.930 20.713 22.339
 13.911 12.583 11.644 12.003 10.790 13.690 13.963 17.111 18.842 18.262 15.547 13.693 10.172 10.151  7.518  9.022  9.116 12.233 14.434 14.587 10.940 10.922  9.885  8.810  6.369  5.123  5.396  3.843  0.000  3.854  5.341  5.133  6.301  8.628  9.406  9.720 10.371  9.328 13.087 13.719 11.617 13.391 12.556 15.802 17.092 20.786 21.866 20.516 17.902 15.491 15.801 13.170 14.924 15.615 14.319 13.933 17.378 18.875 18.450 19.550 16.747 17.803 16.628 16.402 16.145 15.386 13.601 14.489 12.678 15.206 15.081 17.468 19.557 20.895 22.762 24.358
 15.757 13.631 11.835 10.996  8.771 10.904 10.508 13.469 15.225 14.957 12.495 11.240  8.200  9.583  8.254 11.003 11.553 14.898 16.594 17.143 13.548 12.858 10.700  9.887  8.788  6.456  5.025  5.402  3.854  0.000  3.850  5.436  5.050  5.756  7.102  6.797  8.471  8.037 11.566 11.205  8.992 11.106 10.637 13.910 15.717 19.355 20.014 19.028 16.437 14.753 15.581 13.473 16.050 16.727 15.898 15.163 18.882 20.017 18.921 20.280 17.277 18.530 17.440 16.475 15.727 14.088 11.994 11.989  9.667 11.985 11.697 14.398 16.471 17.999 20.011 21.703
 18.941 17.118 15.574 14.814 12.441 14.125 12.951 15.289 16.892 17.231 14.980 14.403 11.514 13.074 11.641 13.963 14.324 17.418 19.266 19.191 15.413 14.372 12.475 10.478  9.683  8.757  6.250  4.911  5.341  3.850  0.000  3.841  5.560  5.574  4.584  4.795  5.798  6.602 10.139 10.166  9.264 12.283 12.884 16.475 18.749 22.423 22.679 21.394 18.398 16.766 16.883 14.265 16.769 18.230 17.896 17.848 21.523 22.369 21.624 23.313 20.575 22.037 21.052 20.260 19.503 17.819 15.479 15.022 12.098 13.495 12.129 14.107 15.698 16.866 18.812 20.546
 18.074 16.398 15.670 15.230 13.651 15.655 14.928 17.439 18.521 18.441 15.703 14.855 11.529 12.415 10.847 12.706 13.699 16.919 19.427 19.471 15.810 15.647 14.467 12.629 10.703 10.029  8.814  6.413  5.133  5.436  3.841  0.000  3.845  6.042  5.810  7.955  9.263 10.185 13.789 13.963 12.977 15.774 15.839 19.255 21.055 24.709 25.398 24.265 21.474 19.548 19.726 16.936 18.941 20.191 19.253 19.016 22.484 23.881 23.371 24.568 21.651 22.547 21.017 20.280 20.242 18.957 17.247 17.328 14.863 16.738 15.604 17.786 19.254 20.330 22.173 23.786
 17.190 14.841 13.960 12.839 11.351 12.962 12.336 14.879 15.560 15.167 12.227 11.479  8.313  9.686  9.191 11.833 13.638 17.256 19.695 20.457 16.979 17.036 15.414 14.402 12.570 10.730  9.859  8.773  6.301  5.050  5.560  3.845  0.000  3.834  6.072  8.290 10.887 11.897 15.372 14.683 13.185 15.701 15.328 18.335 19.927 23.387 24.207 23.624 21.239 19.695 20.589 18.342 20.680 21.389 20.180 19.230 22.760 24.370 23.338 24.229 20.955 21.497 19.625 18.270 18.390 16.790 15.543 15.510 13.381 15.586 14.865 17.641 19.191 20.531 22.465 24.072
 19.913 17.244 15.661 13.796 11.426 12.015 10.347 12.234 12.875 13.175 10.789 11.107  8.883 11.468 11.684 14.825 16.387 19.988 21.973 22.730 19.163 18.556 16.278 15.176 14.255 12.190 10.284 10.020  8.628  5.756  5.574  6.042  3.834  0.000  3.854  5.701  9.168 10.943 13.860 12.391 11.342 14.203 14.490 17.468 19.600 22.950 23.230 22.818 20.369 19.440 20.464 18.521 21.371 22.276 21.598 20.692 24.410 25.572 24.178 25.446 22.215 23.118 21.556 19.837 19.388 17.120 15.469 14.506 11.827 13.313 12.060 14.784 16.081 17.462 19.475 21.161
 22.350 20.069 18.489 16.973 14.364 15.033 12.977 14.446 15.332 16.216 14.229 14.737 12.482 14.849 14.414 17.168 18.193 21.531 23.485 23.647 19.898 18.862 16.707 14.782 14.239 13.059 10.401  9.437  9.406  7.102  4.584  5.810  6.072  3.854  0.000  3.824  6.580  9.323 11.966 10.907 10.963 14.415 15.530 18.891 21.445 24.924 24.847 23.992 21.111 20.114 20.486 18.153 20.941 22.475 22.276 22.008 25.747 26.566 25.501 27.174 24.240 25.530 24.274 22.918 22.243 20.044 17.902 16.728 13.532 14.269 12.155 14.035 14.930 15.949 17.893 19.624
 22.486 20.219 18.044 16.441 13.295 13.741 11.423 12.768 14.374 15.570 14.105 14.616 12.754 15.363 14.843 17.746 18.186 21.314 22.686 22.754 19.036 17.364 14.713 12.870 13.271 11.946  8.628  8.833  9.720  6.797  4.795  7.955  8.290  5.701  3.824  0.000  3.898  6.510  8.662  7.172  7.371 10.975 12.625 16.031 18.954 22.388 21.932 20.912 17.895 17.202 17.542 15.513 18.648 20.252 20.546 20.430 24.233 24.574 23.336 25.394 22.699 24.460 23.729 22.449 21.159 18.744 16.071 14.474 10.934 11.095  8.730 10.407 11.585 12.829 14.970 16.886
 23.555 21.786 19.625 18.574 15.464 16.323 14.249 15.628 17.644 18.911 17.574 17.754 15.673 17.836 16.626 19.040 18.764 21.430 22.566 22.017 18.289 16.123 13.705 11.134 12.178 11.856  8.161  8.035 10.371  8.471  5.798  9.263 10.887  9.168  6.580  3.898  0.000  3.894  5.632  5.662  6.940 10.582 12.819 16.465 19.557 23.065 22.408 20.788 17.383 16.423 15.946 13.537 16.472 18.663 19.489 20.079 23.762 23.692 22.882 25.322 23.074 25.243 24.944 24.179 22.658 20.545 17.483 16.066 12.478 12.217  9.673 10.211 11.343 12.204 14.170 16.099
 21.479 20.058 17.756 17.201 14.233 15.625 14.223 16.104 18.636 19.514 18.149 17.668 15.471 17.139 15.445 17.520 16.575 18.839 19.542 18.805 15.197 12.646 10.138  7.545  9.311  9.218  5.492  6.349  9.328  8.037  6.602 10.185 11.897 10.943  9.323  6.510  3.894  0.000  3.842  5.489  5.345  8.224 10.208 13.953 16.893 20.464 19.949 17.923 14.386 12.994 12.226  9.689 12.669 14.846 15.873 16.719 20.318 20.017 19.365 21.978 20.030 22.494 22.618 22.270 20.490 18.722 15.428 14.457 11.206 11.313  9.692 10.286 12.148 13.197 15.062 16.900
 24.617 23.212 20.614 19.889 16.661 17.527 15.764 17.025 19.754 21.074 20.257 20.142 18.423 20.354 18.863 20.995 19.816 21.806 22.033 21.106 17.737 14.667 11.996  9.585 12.250 12.330  8.749 10.015 13.087 11.566 10.139 13.789 15.372 13.860 11.966  8.662  5.632  3.842  0.000  3.839  5.568  7.948 10.982 14.359 17.688 20.964 19.809 17.576 13.901 13.171 11.996 10.034 13.148 15.642 17.454 18.614 22.053 21.118 20.390 23.425 21.872 24.704 25.250 24.901 22.701 20.731 17.158 15.659 12.328 11.292  9.236  8.428 10.016 10.773 12.503 14.423
 25.069 23.135 20.254 18.851 15.287 15.390 13.076 13.821 16.469 18.107 17.669 18.091 16.934 19.439 18.647 21.327 20.672 23.079 23.337 22.984 19.595 16.749 13.567 11.883 14.227 13.316  9.639 11.453 13.719 11.205 10.166 13.963 14.683 12.391 10.907  7.172  5.662  5.489  3.839  0.000  3.832  6.840 10.210 13.320 16.916 20.023 18.609 16.990 13.616 13.697 13.502 12.277 15.806 17.732 19.271 19.766 23.381 22.596 21.259 24.141 22.237 24.900 25.248 24.343 22.043 19.545 16.042 13.848 10.225  8.521  5.761  5.090  6.951  8.381 10.639 12.832
 21.701 19.704 16.661 15.306 11.785 12.185 10.469 11.944 14.907 15.969 15.328 15.199 14.046 16.338 15.568 18.287 17.592 20.024 20.124 20.155 16.881 14.216 10.719  9.878 12.076 10.432  7.136  9.941 11.617  8.992  9.264 12.977 13.185 11.342 10.963  7.371  6.940  5.345  5.568  3.832  0.000  3.817  6.590  9.922 13.366 16.643 15.632 14.125 10.874 10.719 11.243 10.325 14.048 15.310 16.440 16.470 20.153 19.590 17.986 20.674 18.595 21.193 21.561 20.642 18.264 15.826 12.287 10.336  6.846  6.096  4.953  6.327  9.056 10.904 13.086 15.038
 21.125 19.259 15.894 14.703 11.360 11.717 10.749 12.288 15.628 16.352 16.054 15.524 14.818 16.776 16.056 18.586 17.491 19.514 18.922 19.156 16.351 13.488  9.733 10.091 12.726 10.799  8.471 11.979 13.391 11.106 12.283 15.774 15.701 14.203 14.415 10.975 10.582  8.224  7.948  6.840  3.817  0.000  3.828  6.620 10.230 13.316 12.104 10.401  7.159  7.552  8.755  9.075 12.872 13.467 14.822 14.644 18.121 17.164 15.187 18.063 16.307 19.221 20.137 19.365 16.487 14.145 10.387  8.470  5.912  5.168  6.215  7.441 10.447 12.401 14.352 16.054
 17.922 16.060 12.558 11.598  8.676  9.626  9.910 12.204 15.511 15.446 14.870 13.575 12.902 14.310 13.614 15.986 14.839 16.771 15.950 16.728 14.241 11.869  8.103  9.803 11.807  9.175  8.181 11.999 12.556 10.637 12.884 15.839 15.328 14.490 15.530 12.625 12.819 10.208 10.982 10.210  6.590  3.828  0.000  3.822  6.873 10.352 10.049  8.594  6.001  5.701  8.228  9.012 12.438 12.008 12.608 11.661 15.142 14.578 12.217 14.721 12.692 15.506 16.481 15.753 12.759 10.640  6.845  5.842  4.788  6.295  8.743 10.849 13.818 15.799 17.650 19.164
 18.673 16.777 13.073 11.984  9.583  9.865 10.797 12.688 16.001 15.650 15.625 14.256 14.403 15.633 15.432 17.689 16.551 18.145 16.721 17.970 16.140 14.008 10.534 12.969 14.901 12.135 11.802 15.612 15.802 13.910 16.475 19.255 18.335 17.468 18.891 16.031 16.465 13.953 14.359 13.320  9.922  6.620  3.822  0.000  3.827  6.784  6.309  5.498  4.527  5.815  9.359 11.359 14.383 13.148 13.675 12.155 15.107 14.297 11.215 13.538 11.784 14.631 16.078 15.198 11.688  9.515  6.068  5.059  6.243  7.448 10.797 12.797 15.666 17.698 19.381 20.682
 16.894 15.238 11.658 11.113  9.888 10.611 12.646 14.816 17.830 16.813 16.636 14.632 14.921 15.377 15.230 17.005 15.764 16.920 15.041 16.847 15.717 14.225 11.365 14.548 15.937 13.066 13.789 17.436 17.092 15.717 18.749 21.055 19.927 19.600 21.445 18.954 19.557 16.893 17.688 16.916 13.366 10.230  6.873  3.827  0.000  3.847  5.546  5.514  6.507  6.957 10.750 13.006 15.321 13.179 12.987 10.698 13.072 12.583  9.026 10.633  8.909 11.597 13.442 12.775  9.022  7.641  5.269  6.298  8.954 10.895 14.382 16.569 19.405 21.402 22.995 24.168
 19.144 17.582 14.175 13.564 12.798 12.894 15.031 16.690 19.521 18.389 18.702 16.850 17.727 18.114 18.333 19.967 18.794 19.629 17.371 19.382 18.782 17.431 14.837 18.116 19.566 16.765 17.554 21.202 20.786 19.355 22.423 24.709 23.387 22.950 24.924 22.388 23.065 20.464 20.964 20.023 16.643 13.316 10.352  6.784  3.847  0.000  3.850  5.610  8.410  9.705 13.356 16.123 18.161 15.708 15.594 13.206 14.783 14.032 10.247 11.344 10.354 12.659 14.868 14.133 10.354  9.297  8.155  8.864 11.933 13.379 17.036 19.023 21.716 23.693 25.136 26.145
 22.220 20.493 16.889 15.829 14.242 13.704 14.966 15.978 19.011 18.497 19.290 18.085 19.135 20.154 20.427 22.419 21.233 22.266 20.103 21.677 20.720 18.773 15.777 18.595 20.626 17.979 18.001 21.797 21.866 20.014 22.679 25.398 24.207 23.230 24.847 21.932 22.408 19.949 19.809 18.609 15.632 12.104 10.049  6.309  5.546  3.850  0.000  3.821  6.949  9.617 13.042 16.088 18.516 16.617 17.285 15.506 17.353 16.011 12.429 14.298 13.546 16.170 18.303 17.406 13.609 11.874  9.945  9.216 11.559 11.907 15.445 16.915 19.446 21.368 22.710 23.664
 21.728 20.427 16.918 16.419 14.650 14.847 15.894 17.260 20.549 20.250 20.637 19.253 19.610 20.465 20.066 21.781 20.072 20.812 18.494 19.495 18.509 16.144 13.250 15.958 18.369 16.239 16.187 19.927 20.516 19.028 21.394 24.265 23.624 22.818 23.992 20.912 20.788 17.923 17.576 16.990 14.125 10.401  8.594  5.498  5.514  5.610  3.821  0.000  3.825  6.490  9.580 12.895 15.162 13.418 14.631 13.524 15.407 13.522 10.321 13.009 12.725 15.958 18.392 18.117 14.350 13.034 10.405 10.020 11.541 11.779 14.925 15.956 18.586 20.351 21.656 22.639
 21.210 19.931 16.451 15.999 13.714 14.259 14.771 16.320 19.758 19.792 19.866 18.606 18.420 19.478 18.684 20.492 18.663 19.616 17.682 18.166 16.619 13.792 10.592 12.771 15.544 13.726 13.148 16.838 17.902 16.437 18.398 21.474 21.239 20.369 21.111 17.895 17.383 14.386 13.901 13.616 10.874  7.159  6.001  4.527  6.507  8.410  6.949  3.825  0.000  3.826  6.582  9.627 12.372 11.376 13.055 12.604 15.085 13.181 10.584 13.794 13.204 16.654 18.778 18.610 15.053 13.550 10.203  9.506  9.816  9.811 12.417 13.202 15.929 17.638 19.041 20.186
 18.512 17.694 14.548 14.856 12.972 14.511 15.413 17.625 20.979 20.723 20.163 18.391 17.493 17.985 16.541 17.861 15.606 16.264 14.330 14.500 12.938 10.057  7.093  9.671 12.302 10.860 10.899 14.368 15.491 14.753 16.766 19.548 19.695 19.440 20.114 17.202 16.423 12.994 13.171 13.697 10.719  7.552  5.701  5.815  6.957  9.705  9.617  6.490  3.826  0.000  3.838  6.610  9.047  7.786  9.339  9.250 11.921 10.167  8.144 11.548 10.979 14.586 16.714 17.127 13.906 13.096  9.787 10.225 10.366 11.315 13.563 14.604 17.423 19.023 20.479 21.694
 20.086 19.738 16.973 17.658 15.734 17.540 18.063 20.238 23.600 23.606 22.868 21.177 19.804 20.209 18.224 19.181 16.515 16.793 14.949 14.117 12.480  8.963  6.688  8.212 11.469 11.253 10.970 13.873 15.801 15.581 16.883 19.726 20.589 20.464 20.486 17.542 15.946 12.226 11.996 13.502 11.243  8.755  8.228  9.359 10.750 13.356 13.042  9.580  6.582  3.838  0.000  3.836  5.925  5.850  8.717 10.157 12.533 10.279  9.623 13.288 13.281 16.939 19.090 19.948 17.036 16.496 13.167 13.552 12.943 13.461 14.870 15.212 17.820 19.065 20.349 21.523
 19.236 19.027 16.654 17.537 15.595 17.818 18.115 20.527 23.716 23.778 22.609 20.903 18.938 19.248 16.821 17.607 14.914 15.370 14.258 12.876 10.538  6.749  4.808  4.779  8.339  9.039  8.518 10.761 13.170 13.473 14.265 16.936 18.342 18.521 18.153 15.513 13.537  9.689 10.034 12.277 10.325  9.075  9.012 11.359 13.006 16.123 16.088 12.895  9.627  6.610  3.836  0.000  3.853  5.694  8.189 10.263 13.006 11.489 11.589 14.853 14.389 17.719 19.323 20.276 17.875 17.397 14.090 14.592 13.302 14.077 14.766 15.169 17.659 18.754 20.118 21.430
 19.401 19.935 18.093 19.653 18.281 20.879 21.523 24.110 27.254 27.107 25.741 23.716 21.501 21.243 18.390 18.407 15.195 14.742 13.334 11.110  9.517  5.919  6.330  6.378  9.020 10.743 11.145 12.576 14.924 16.050 16.769 18.941 20.680 21.371 20.941 18.648 16.472 12.669 13.148 15.806 14.048 12.872 12.438 14.383 15.321 18.161 18.516 15.162 12.372  9.047  5.925  3.853  0.000  3.811  6.769  9.990 11.824 10.090 11.439 14.501 14.760 18.004 19.855 21.470 19.359 19.569 16.636 17.727 16.809 17.828 18.571 18.897 21.279 22.198 23.406 24.582
 17.276 18.011 16.171 18.059 17.211 19.932 21.185 23.945 27.088 26.550 25.214 22.832 20.856 20.204 17.481 17.253 13.863 12.961 10.754  9.053  8.379  5.430  6.061  8.110  9.989 10.806 12.168 14.093 15.615 16.727 18.230 20.191 21.389 22.276 22.475 20.252 18.663 14.846 15.642 17.732 15.310 13.467 12.008 13.148 13.179 15.708 16.617 13.418 11.376  7.786  5.850  5.694  3.811  0.000  3.836  6.931  8.320  6.325  7.812 10.800 11.461 14.796 17.057 18.949 16.761 17.456 14.916 16.602 16.510 18.007 19.472 20.272 22.878 24.046 25.323 26.459
 13.681 14.806 13.462 15.929 15.813 18.964 20.739 23.840 26.744 25.777 24.107 21.318 19.154 17.888 14.990 14.215 10.650  9.321  6.936  5.558  5.401  4.112  5.936  8.705  9.096  9.540 12.018 13.664 14.319 15.898 17.896 19.253 20.180 21.598 22.276 20.546 19.489 15.873 17.454 19.271 16.440 14.822 12.608 13.675 12.987 15.594 17.285 14.631 13.055  9.339  8.717  8.189  6.769  3.836  0.000  3.825  5.281  5.155  6.918  8.728  8.948 11.784 13.800 16.066 14.406 15.725 13.829 16.250 16.600 18.815 20.528 21.933 24.640 25.967 27.385 28.579
 10.927 11.751 10.227 12.845 13.277 16.468 18.765 21.987 24.727 23.394 21.715 18.672 16.802 15.275 12.774 12.118  8.905  7.960  5.196  6.227  6.231  6.302  6.792 10.323 10.146  9.176 12.144 14.204 13.933 15.163 17.848 19.016 19.230 20.692 22.008 20.430 20.079 16.719 18.614 19.766 16.470 14.644 11.661 12.155 10.698 13.206 15.506 13.524 12.604  9.250 10.157 10.263  9.990  6.931  3.825  0.000  3.853  5.482  5.452  6.183  5.320  8.100 10.169 12.373 10.699 12.379 11.062 14.035 15.086 17.798 20.003 21.948 24.771 26.335 27.874 29.098
 11.889 13.573 12.712 15.689 16.632 19.754 22.285 25.464 28.176 26.674 25.046 21.849 20.105 18.198 15.726 14.422 11.099  8.920  5.148  6.023  8.095  8.850 10.236 13.532 13.265 12.803 15.866 17.667 17.378 18.882 21.523 22.484 22.760 24.410 25.747 24.233 23.762 20.318 22.053 23.381 20.153 18.121 15.142 15.107 13.072 14.783 17.353 15.407 15.085 11.921 12.533 13.006 11.824  8.320  5.281  3.853  0.000  3.859  5.422  4.671  5.935  8.069 10.799 13.761 12.437 14.831 14.093 17.248 18.659 21.301 23.648 25.470 28.283 29.791 31.229 32.354
 15.487 16.759 15.279 17.730 17.987 20.745 22.918 25.814 28.805 27.644 26.372 23.487 21.959 20.598 18.231 17.436 14.067 12.239  8.689  8.442  9.952  9.224 10.134 13.335 14.114 13.927 16.311 18.465 18.875 20.017 22.369 23.881 24.370 25.572 26.566 24.574 23.692 20.017 21.118 22.596 19.590 17.164 14.578 14.297 12.583 14.032 16.011 13.522 13.181 10.167 10.279 11.489 10.090  6.325  5.155  5.482  3.859  0.000  3.837  5.460  7.816 10.858 13.974 16.511 14.465 16.262 14.857 17.463 18.691 20.766 23.085 24.429 27.200 28.606 29.910 30.953
 15.136 15.624 13.491 15.401 15.522 17.890 20.189 22.932 25.924 24.709 23.722 20.942 19.915 18.874 17.094 16.947 14.091 13.098  9.745 10.667 11.372 10.401  9.956 13.605 14.616 13.454 15.595 18.341 18.450 18.921 21.624 23.371 23.338 24.178 25.501 23.336 22.882 19.365 20.390 21.259 17.986 15.187 12.217 11.215  9.026 10.247 12.429 10.321 10.584  8.144  9.623 11.589 11.439  7.812  6.918  5.452  5.422  3.837  0.000  3.856  5.613  9.214 12.519 14.404 11.752 13.209 11.822 14.363 16.063 18.163 20.883 22.461 25.300 26.890 28.264 29.320
 13.221 14.117 12.601 14.997 16.039 18.570 21.388 24.303 27.006 25.352 24.181 21.055 20.099 18.458 16.832 16.177 13.538 12.130  8.580 10.514 12.013 12.241 12.341 16.070 16.276 14.885 17.617 20.098 19.550 20.280 23.313 24.568 24.229 25.446 27.174 25.394 25.322 21.978 23.425 24.141 20.674 18.063 14.721 13.538 10.633 11.344 14.298 13.009 13.794 11.548 13.288 14.853 14.501 10.800  8.728  6.183  4.671  5.460  3.856  0.000  3.842  6.373 10.031 12.442 10.401 12.837 12.563 15.716 17.923 20.489 23.390 25.353 28.221 29.896 31.327 32.385
 10.433 10.659  8.835 11.208 12.497 15.189 18.193 21.276 23.790 21.977 20.607 17.367 16.391 14.696 13.301 12.976 10.834 10.321  7.567 10.346 10.917 11.450 10.992 14.744 14.512 12.438 15.295 17.805 16.747 17.277 20.575 21.651 20.955 22.215 24.240 22.699 23.074 20.030 21.872 22.237 18.595 16.307 12.692 11.784  8.909 10.354 13.546 12.725 13.204 10.979 13.281 14.389 14.760 11.461  8.948  5.320  5.935  7.816  5.613  3.842  0.000  3.831  6.988  8.958  6.856  9.387  9.426 12.923 15.220 18.198 21.108 23.482 26.363 28.156 29.729 30.892
  8.347  8.827  8.050 10.844 13.194 15.926 19.313 22.488 24.584 22.349 20.744 17.224 16.325 13.979 12.925 12.097 10.638 10.070  7.976 11.532 12.448 13.930 13.843 17.389 16.443 14.218 17.406 19.531 17.803 18.530 22.037 22.547 21.497 23.118 25.530 24.460 25.243 22.494 24.704 24.900 21.193 19.221 15.506 14.631 11.597 12.659 16.170 15.958 16.654 14.586 16.939 17.719 18.004 14.796 11.784  8.100  8.069 10.858  9.214  6.373  3.831  0.000  3.835  6.567  5.984  9.554 10.933 14.685 17.235 20.541 23.468 26.169 29.012 30.858 32.480 33.649
  5.659  5.623  5.966  9.021 12.145 15.017 18.522 21.830 23.494 20.998 19.007 15.306 14.233 11.355 10.613  9.601  9.219  9.450  8.845 12.625 13.010 15.042 14.946 18.100 16.494 14.009 17.305 19.007 16.628 17.440 21.052 21.017 19.625 21.556 24.274 23.729 24.944 22.618 25.250 25.248 21.561 20.137 16.481 16.078 13.442 14.868 18.303 18.392 18.778 16.714 19.090 19.323 19.855 17.057 13.800 10.169 10.799 13.974 12.519 10.031  6.988  3.835  0.000  3.844  5.578  9.138 11.230 14.978 17.350 20.956 23.670 26.694 29.453 31.323 33.030 34.259
  7.689  5.512  4.805  6.404  9.908 12.240 15.903 19.062 20.406 17.703 15.805 12.141 11.714  9.165  9.705  9.917 10.673 12.064 11.968 15.596 15.238 16.822 15.943 18.937 17.473 14.376 17.165 19.085 16.402 16.475 20.260 20.280 18.270 19.837 22.918 22.449 24.179 22.270 24.901 24.343 20.642 19.365 15.753 15.198 12.775 14.133 17.406 18.117 18.610 17.127 19.948 20.276 21.470 18.949 16.066 12.373 13.761 16.511 14.404 12.442  8.958  6.567  3.844  0.000  3.843  6.631  9.591 13.023 15.606 19.263 22.049 25.334 28.005 29.976 31.736 32.984
  9.968  7.922  5.299  6.036  8.414 10.476 14.103 17.135 18.977 16.589 15.198 11.812 11.764 10.219 10.612 11.531 11.483 12.825 11.915 15.254 14.710 15.467 13.995 17.269 16.558 13.295 15.695 18.251 16.145 15.727 19.503 20.242 18.390 19.388 22.243 21.159 22.658 20.490 22.701 22.043 18.264 16.487 12.759 11.688  9.022 10.354 13.609 14.350 15.053 13.906 17.036 17.875 19.359 16.761 14.406 10.699 12.437 14.465 11.752 10.401  6.856  5.984  5.578  3.843  0.000  3.828  6.486 10.044 13.002 16.455 19.542 22.653 25.406 27.422 29.154 30.386
 12.610  9.814  6.379  4.721  5.736  6.918 10.550 13.439 15.337 13.080 12.023  9.020  9.690  9.405 10.568 12.639 13.003 15.069 14.472 17.399 16.129 16.205 13.919 16.848 16.563 12.923 14.475 17.358 15.386 14.088 17.819 18.957 16.790 17.120 20.044 18.744 20.545 18.722 20.731 19.545 15.826 14.145 10.640  9.515  7.641  9.297 11.874 13.034 13.550 13.096 16.496 17.397 19.569 17.456 15.725 12.379 14.831 16.262 13.209 12.837  9.387  9.554  9.138  6.631  3.828  0.000  3.819  6.706  9.865 13.245 16.407 19.663 22.341 24.440 26.221 27.492
 13.909 11.407  7.608  6.108  4.758  6.155  8.978 11.950 14.516 12.994 12.094  9.634  9.757 10.287 10.686 13.065 12.804 14.939 14.201 16.463 14.701 13.966 11.106 13.875 14.230 10.644 11.586 14.882 13.601 11.994 15.479 17.247 15.543 15.469 17.902 16.071 17.483 15.428 17.158 16.042 12.287 10.387  6.845  6.068  5.269  8.155  9.945 10.405 10.203  9.787 13.167 14.090 16.636 14.916 13.829 11.062 14.093 14.857 11.822 12.563  9.426 10.933 11.230  9.591  6.486  3.819  0.000  3.830  6.681 10.021 13.196 16.255 19.041 21.132 22.946 24.291
 17.395 14.654 10.892  8.528  5.688  4.895  6.387  8.774 11.731 10.884 10.718  9.414 10.227 12.012 12.858 15.793 15.763 18.172 17.582 19.457 17.302 15.957 12.555 14.674 15.621 12.108 11.825 15.320 14.489 11.989 15.022 17.328 15.510 14.506 16.728 14.474 16.066 14.457 15.659 13.848 10.336  8.470  5.842  5.059  6.298  8.864  9.216 10.020  9.506 10.225 13.552 14.592 17.727 16.602 16.250 14.035 17.248 17.463 14.363 15.716 12.923 14.685 14.978 13.023 10.044  6.706  3.830  0.000  3.821  6.651 10.083 13.208 15.909 18.114 19.986 21.385
 18.762 16.072 12.520 10.219  6.553  5.912  5.248  7.582 10.799 10.859 10.492  9.936 10.047 12.493 12.962 16.147 16.120 18.809 18.652 19.952 17.225 15.460 11.817 12.985 14.201 10.970  9.564 12.972 12.678  9.667 12.098 14.863 13.381 11.827 13.532 10.934 12.478 11.206 12.328 10.225  6.846  5.912  4.788  6.243  8.954 11.933 11.559 11.541  9.816 10.366 12.943 13.302 16.809 16.510 16.600 15.086 18.659 18.691 16.063 17.923 15.220 17.235 17.350 15.606 13.002  9.865  6.681  3.821  0.000  3.821  6.601  9.930 12.674 14.902 16.960 18.575
 22.446 19.844 16.288 13.969 10.291  8.959  7.021  7.604 10.983 12.070 12.514 12.890 13.316 16.088 16.549 19.734 19.541 22.102 21.772 22.712 19.923 17.629 13.838 14.469 16.367 13.651 11.447 14.758 15.206 11.985 13.495 16.738 15.586 13.313 14.269 11.095 12.217 11.313 11.292  8.521  6.096  5.168  6.295  7.448 10.895 13.379 11.907 11.779  9.811 11.315 13.461 14.077 17.828 18.007 18.815 17.798 21.301 20.766 18.163 20.489 18.198 20.541 20.956 19.263 16.455 13.245 10.021  6.651  3.821  0.000  3.821  6.708  9.465 11.851 13.977 15.690
 24.454 21.896 18.601 16.337 12.543 11.394  8.623  8.664 11.524 13.316 13.603 14.539 14.524 17.573 17.836 21.071 20.982 23.706 23.765 24.298 21.157 18.703 15.039 14.693 16.646 14.444 11.444 14.133 15.081 11.697 12.129 15.604 14.865 12.060 12.155  8.730  9.673  9.692  9.236  5.761  4.953  6.215  8.743 10.797 14.382 17.036 15.445 14.925 12.417 13.563 14.870 14.766 18.571 19.472 20.528 20.003 23.648 23.085 20.883 23.390 21.108 23.468 23.670 22.049 19.542 16.407 13.196 10.083  6.601  3.821  0.000  3.824  6.479  8.910 11.353 13.391
 27.432 25.121 21.835 19.826 16.067 15.056 12.327 11.944 14.625 16.733 17.240 18.277 18.152 21.096 21.051 24.088 23.651 26.118 25.986 26.090 22.971 20.095 16.536 15.741 18.237 16.659 13.363 15.807 17.468 14.398 14.107 17.786 17.641 14.784 14.035 10.407 10.211 10.286  8.428  5.090  6.327  7.441 10.849 12.797 16.569 19.023 16.915 15.956 13.202 14.604 15.212 15.169 18.897 20.272 21.933 21.948 25.470 24.429 22.461 25.353 23.482 26.169 26.694 25.334 22.653 19.663 16.255 13.208  9.930  6.708  3.824  0.000  3.831  6.303  8.841 11.086
 30.057 27.694 24.486 22.368 18.612 17.394 14.378 13.431 15.724 18.213 18.887 20.312 20.268 23.365 23.425 26.511 26.207 28.740 28.731 28.739 25.552 22.668 19.222 18.137 20.576 19.196 15.766 17.809 19.557 16.471 15.698 19.254 19.191 16.081 14.930 11.585 11.343 12.148 10.016  6.951  9.056 10.447 13.818 15.666 19.405 21.716 19.446 18.586 15.929 17.423 17.820 17.659 21.279 22.878 24.640 24.771 28.283 27.200 25.300 28.221 26.363 29.012 29.453 28.005 25.406 22.341 19.041 15.909 12.674  9.465  6.479  3.831  0.000  3.833  6.636  9.161
 31.755 29.497 26.379 24.368 20.661 19.549 16.531 15.521 17.645 20.210 20.848 22.321 22.157 25.207 25.142 28.128 27.758 30.218 30.247 30.052 26.851 23.899 20.624 19.266 21.753 20.688 17.199 18.930 20.895 17.999 16.866 20.330 20.531 17.462 15.949 12.829 12.204 13.197 10.773  8.381 10.904 12.401 15.799 17.698 21.402 23.693 21.368 20.351 17.638 19.023 19.065 18.754 22.198 24.046 25.967 26.335 29.791 28.606 26.890 29.896 28.156 30.858 31.323 29.976 27.422 24.440 21.132 18.114 14.902 11.851  8.910  6.303  3.833  0.000  3.844  6.761
 33.495 31.306 28.207 26.251 22.617 21.491 18.555 17.434 19.415 21.994 22.742 24.249 24.133 27.129 27.037 29.946 29.505 31.863 31.819 31.528 28.401 25.393 22.226 20.836 23.396 22.493 19.079 20.713 22.762 20.011 18.812 22.173 22.465 19.475 17.893 14.970 14.170 15.062 12.503 10.639 13.086 14.352 17.650 19.381 22.995 25.136 22.710 21.656 19.041 20.479 20.349 20.118 23.406 25.323 27.385 27.874 31.229 29.910 28.264 31.327 29.729 32.480 33.030 31.736 29.154 26.221 22.946 19.986 16.960 13.977 11.353  8.841  6.636  3.844  0.000  3.809
