  0.000  3.832  6.773 10.357 13.271 16.745 19.752 23.312 24.785 22.474 19.812 16.137 13.875 10.366  8.339  5.542  5.458  5.879  7.629 10.807 10.751 13.742 14.517 16.812 14.179 12.422 16.041 16.614 13.909 15.759 18.940 18.074 17.201 19.924 22.360 22.504 23.563 21.484 24.628 25.075 21.709 21.137 17.936 18.678 16.897 19.143 22.217 21.741 21.225 18.523 20.096 19.235 19.398 17.275 13.679 10.930 11.890 15.487 15.147 13.232 10.439  8.346  5.657  7.680  9.964 12.610 13.915 17.400 18.765 22.450 24.456 27.431 30.061 31.759 33.512 34.826
  3.832  0.000  3.827  6.869 10.065 13.342 16.413 19.927 21.202 18.795 16.106 12.403 10.355  6.827  5.725  4.619  6.224  8.402  9.972 13.140 12.201 14.477 14.273 16.534 14.149 11.539 14.708 15.642 12.570 13.624 17.109 16.391 14.846 17.249 20.073 20.232 21.787 20.055 23.212 23.132 19.702 19.262 16.065 16.776 15.239 17.580 20.488 20.435 19.938 17.697 19.738 19.016 19.920 18.000 14.793 11.742 13.564 16.753 15.629 14.121 10.659  8.829  5.629  5.510  7.920  9.813 11.410 14.653 16.069 19.841 21.890 25.112 27.693 29.496 31.319 32.670
  6.773  3.827  0.000  3.818  6.723 10.068 13.258 16.783 18.408 16.164 13.816 10.158  8.514  6.007  5.443  6.420  7.136  9.621 10.261 13.294 11.901 13.221 12.119 14.678 13.034  9.790 12.550 14.311 11.626 11.824 15.561 15.659 13.960 15.660 18.490 18.055 19.626 17.748 20.609 20.248 16.657 15.895 12.562 13.072 11.661 14.178 16.887 16.927 16.458 14.549 16.971 16.639 18.075 16.158 13.446 10.214 12.701 15.272 13.496 12.602  8.835  8.056  5.977  4.810  5.302  6.381  7.612 10.893 12.517 16.284 18.595 21.826 24.486 26.377 28.217 29.581
 10.357  6.869  3.818  0.000  3.823  6.557  9.915 13.345 14.763 12.421 10.173  6.533  5.765  4.709  6.255  8.864 10.256 13.170 13.792 16.590 14.749 15.381 13.437 15.699 14.526 10.830 12.578 14.689 11.986 10.984 14.802 15.221 12.839 13.797 16.977 16.455 18.579 17.194 19.883 18.844 15.300 14.700 11.597 11.981 11.115 13.567 15.826 16.423 16.002 14.853 17.653 17.521 19.635 18.045 15.911 12.829 15.675 17.720 15.401 14.992 11.203 10.849  9.029  6.409  6.036  4.722  6.109  8.525 10.212 13.963 16.328 19.816 22.369 24.367 26.263 27.650
 13.271 10.065  6.723  3.823  0.000  3.826  6.607 10.221 12.141 10.446  8.486  5.695  5.062  6.368  7.532 10.822 11.744 14.826 15.301 17.494 15.086 14.817 12.125 13.965 13.478  9.643 10.287 12.879 10.783  8.766 12.436 13.648 11.354 11.427 14.370 13.312 15.473 14.230 16.657 15.281 11.781 11.357  8.676  9.581  9.891 12.803 14.240 14.653 13.716 12.972 15.734 15.586 18.270 17.205 15.804 13.270 16.626 17.984 15.527 16.037 12.497 13.202 12.157  9.915  8.416  5.735  4.758  5.681  6.545 10.283 12.534 16.056 18.612 20.661 22.628 24.105
 16.745 13.342 10.068  6.557  3.826  0.000  3.833  7.019  8.845  7.136  6.100  4.649  6.360  8.886 10.944 14.400 15.544 18.604 18.892 21.104 18.710 18.086 15.022 16.684 16.688 12.919 12.745 15.491 13.687 10.903 14.125 15.658 12.967 12.020 15.045 13.765 16.341 15.626 17.524 15.386 12.182 11.714  9.624  9.862 10.615 12.901 13.703 14.847 14.260 14.509 17.539 17.810 20.869 19.927 18.954 16.459 19.744 20.740 17.891 18.563 15.186 15.933 15.027 12.247 10.478  6.917  6.154  4.887  5.906  8.951 11.387 15.049 17.402 19.554 21.506 22.940
 19.752 16.413 13.258  9.915  6.607  3.833  0.000  3.845  6.181  6.031  5.629  6.391  7.808 11.189 13.019 16.688 17.808 21.027 21.485 23.253 20.466 19.371 16.031 16.967 17.351 13.869 12.634 15.237 13.961 10.509 12.953 14.930 12.337 10.348 12.989 11.450 14.273 14.229 15.766 13.076 10.470 10.749  9.912 10.800 12.653 15.042 14.972 15.898 14.774 15.415 18.067 18.111 21.518 21.184 20.733 18.758 22.278 22.916 20.192 21.382 18.190 19.319 18.529 15.906 14.103 10.549  8.978  6.383  5.244  7.016  8.619 12.325 14.393 16.543 18.579 20.123
 23.312 19.927 16.783 13.345 10.221  7.019  3.845  0.000  3.856  5.634  6.909  9.066 11.056 14.565 16.587 20.272 21.426 24.617 24.965 26.668 23.867 22.519 19.027 19.759 20.484 17.179 15.510 18.056 17.110 13.469 15.290 17.439 14.875 12.230 14.453 12.787 15.649 16.109 17.023 13.817 11.942 12.288 12.209 12.700 14.834 16.716 15.998 17.273 16.329 17.632 20.247 20.528 24.110 23.950 23.840 21.987 25.464 25.820 22.944 24.305 21.283 22.504 21.846 19.073 17.145 13.448 11.958  8.778  7.580  7.601  8.657 11.942 13.449 15.535 17.458 18.939
 24.785 21.202 18.408 14.763 12.141  8.845  6.181  3.856  0.000  3.839  6.027  9.258 11.709 15.303 17.839 21.578 23.240 26.622 27.283 29.161 26.335 25.288 21.941 22.559 22.917 19.580 18.018 20.153 18.824 15.207 16.873 18.500 15.534 12.850 15.316 14.373 17.646 18.626 19.739 16.450 14.894 15.623 15.513 16.015 17.853 19.556 19.042 20.568 19.769 20.984 23.604 23.708 27.243 27.086 26.737 24.722 28.173 28.809 25.936 27.010 23.797 24.601 23.511 20.422 18.992 15.353 14.528 11.739 10.796 10.977 11.508 14.616 15.733 17.647 19.430 20.782
 22.474 18.795 16.164 12.421 10.446  7.136  6.031  5.634  3.839  0.000  3.810  6.739  9.809 13.070 15.997 19.633 21.534 24.890 25.584 27.797 25.205 24.574 21.436 22.463 22.436 18.872 17.955 20.106 18.253 14.948 17.222 18.430 15.152 13.161 16.210 15.582 18.925 19.518 21.072 18.101 15.969 16.360 15.461 15.674 16.846 18.432 18.534 20.280 19.816 20.741 23.623 23.783 27.110 26.561 25.782 23.400 26.682 27.659 24.733 25.368 21.994 22.376 21.022 17.725 16.613 13.105 13.018 10.903 10.868 12.075 13.311 16.733 18.227 20.219 22.016 23.321
 19.812 16.106 13.816 10.173  8.486  6.100  5.629  6.909  6.027  3.810  0.000  3.834  6.570  9.926 12.953 16.607 18.791 22.302 23.381 25.587 22.916 22.632 19.777 20.696 20.176 16.628 16.021 17.799 15.531 12.479 14.967 15.690 12.213 10.780 14.226 14.117 17.583 18.145 20.248 17.655 15.318 16.049 14.870 15.630 16.648 18.722 19.304 20.646 19.871 20.164 22.868 22.597 25.727 25.207 24.096 21.706 25.038 26.369 23.728 24.179 20.608 20.755 19.019 15.815 15.206 12.031 12.100 10.719 10.486 12.506 13.588 17.227 18.891 20.849 22.759 24.163
 16.137 12.403 10.158  6.533  5.695  4.649  6.391  9.066  9.258  6.739  3.834  0.000  3.822  6.551  9.766 13.287 15.491 18.912 19.980 22.412 19.980 20.083 17.530 18.871 18.000 14.312 14.505 16.346 13.688 11.237 14.403 14.857 11.484 11.116 14.750 14.641 17.773 17.673 20.143 18.087 15.198 15.524 13.578 14.257 14.639 16.860 18.088 19.259 18.611 18.393 21.180 20.897 23.707 22.829 21.310 18.665 21.842 23.484 20.947 21.052 17.366 17.231 15.316 12.148 11.815  9.022  9.638  9.411  9.931 12.884 14.531 18.270 20.320 22.327 24.270 25.687
 13.875 10.355  8.514  5.765  5.062  6.360  7.808 11.056 11.709  9.809  6.570  3.822  0.000  3.842  6.462 10.154 12.468 16.103 17.652 19.790 17.114 17.452 15.255 16.253 14.887 11.388 11.847 13.159 10.168  8.197 11.514 11.531  8.319  8.893 12.494 12.778 15.690 15.478 18.427 16.931 14.046 14.821 12.907 14.405 14.925 17.733 19.134 19.615 18.424 17.496 19.808 18.933 21.494 20.853 19.147 16.795 20.100 21.956 19.921 20.098 16.390 16.330 14.242 11.717 11.763  9.688  9.758 10.223 10.040 13.309 14.516 18.143 20.273 22.162 24.157 25.664
 10.366  6.827  6.007  4.709  6.368  8.886 11.189 14.565 15.303 13.070  9.926  6.551  3.842  0.000  3.818  6.946  9.758 13.297 15.138 17.587 15.322 16.446 14.966 16.333 14.323 11.013 12.639 13.589 10.141  9.576 13.070 12.414  9.693 11.477 14.858 15.382 17.846 17.140 20.354 19.433 16.334 16.775 14.311 15.629 15.374 18.112 20.147 20.465 19.478 17.983 20.206 19.236 21.227 20.193 17.873 15.261 18.186 20.588 18.874 18.453 14.689 13.977 11.357  9.163 10.212  9.398 10.283 12.005 12.483 16.079 17.562 21.084 23.366 25.207 27.148 28.602
  8.339  5.725  5.443  6.255  7.532 10.944 13.019 16.587 17.839 15.997 12.953  9.766  6.462  3.818  0.000  3.814  6.273 10.001 12.225 14.272 11.827 13.237 12.318 13.518 11.039  8.130 10.462 10.975  7.505  8.247 11.634 10.841  9.197 11.690 14.419 14.857 16.631 15.446 18.866 18.643 15.568 16.061 13.622 15.435 15.233 18.334 20.425 20.073 18.690 16.545 18.227 16.812 18.377 17.474 14.980 12.769 15.722 18.228 17.102 16.836 13.302 12.927 10.621  9.707 10.611 10.568 10.689 12.858 12.958 16.545 17.830 21.041 23.424 25.141 27.055 28.537
  5.542  4.619  6.420  8.864 10.822 14.400 16.688 20.272 21.578 19.633 16.607 13.287 10.154  6.946  3.814  0.000  3.825  7.169 10.085 12.154 10.298 12.708 12.890 14.197 11.144  9.178 12.307 12.253  9.015 11.001 13.959 12.704 11.843 14.834 17.175 17.761 19.043 17.523 21.001 21.326 18.289 18.592 15.995 17.691 17.004 19.964 22.413 21.788 20.499 17.865 19.184 17.600 18.396 17.246 14.205 12.113 14.418 17.431 16.953 16.181 12.976 12.093  9.601  9.912 11.525 12.636 13.067 15.793 16.145 19.732 21.067 24.080 26.509 28.128 29.963 31.391
  5.458  6.224  7.136 10.256 11.744 15.544 17.808 21.426 23.240 21.534 18.791 15.491 12.468  9.758  6.273  3.825  0.000  3.822  6.676  8.396  6.607  9.354 10.211 11.817  8.856  7.543 11.235 11.411  9.116 11.560 14.326 13.701 13.653 16.399 18.204 18.203 18.770 16.582 19.828 20.681 17.603 17.506 14.855 16.559 15.768 18.793 21.231 20.083 18.676 15.616 16.523 14.912 15.187 13.859 10.643  8.905 11.097 14.063 14.100 13.546 10.836 10.632  9.218 10.668 11.480 13.005 12.811 15.770 16.127 19.548 20.988 23.652 26.211 27.763 29.524 30.923
  5.879  8.402  9.621 13.170 14.826 18.604 21.027 24.617 26.622 24.890 22.302 18.912 16.103 13.297 10.001  7.169  3.822  0.000  3.878  5.461  5.418  9.003 10.996 12.884 10.182  9.863 13.662 13.833 12.233 14.904 17.417 16.918 17.269 19.997 21.539 21.327 21.431 18.841 21.815 23.086 20.033 19.529 16.787 18.153 16.923 19.626 22.264 20.824 19.630 16.275 16.801 15.367 14.733 12.956  9.316  7.966  8.923 12.238 13.109 12.144 10.329 10.067  9.452 12.062 12.826 15.073 14.948 18.181 18.817 22.110 23.713 26.118 28.741 30.219 31.876 33.196
  7.629  9.972 10.261 13.792 15.301 18.892 21.485 24.965 27.283 25.584 23.381 19.980 17.652 15.138 12.225 10.085  6.676  3.878  0.000  3.840  5.540  8.327 10.288 12.977 11.274 10.834 14.505 15.473 14.429 16.592 19.259 19.421 19.700 21.972 23.486 22.693 22.562 19.538 22.037 23.341 20.128 18.930 15.957 16.719 15.034 17.356 20.090 18.499 17.691 14.336 14.953 14.254 13.328 10.749  6.932  5.199  5.150  8.687  9.752  8.591  7.566  7.962  8.834 11.954 11.902 14.463 14.198 17.580 18.651 21.772 23.766 25.982 28.727 30.244 31.824 33.067
 10.807 13.140 13.294 16.590 17.494 21.104 23.253 26.668 29.161 27.797 25.587 22.412 19.790 17.587 14.272 12.154  8.396  5.461  3.840  0.000  3.837  6.538  9.654 11.628 10.087 10.952 14.307 14.811 14.584 17.142 19.184 19.465 20.461 22.728 23.647 22.757 22.009 18.799 21.110 22.987 20.158 19.163 16.733 17.968 16.836 19.364 21.661 19.495 18.170 14.503 14.118 12.870 11.102  9.046  5.555  6.231  6.029  8.438 10.670 10.522 10.343 11.516 12.615 15.583 15.241 17.389 16.457 19.455 19.950 22.711 24.298 26.085 28.731 30.045 31.528 32.756
 10.751 12.201 11.901 14.749 15.086 18.710 20.466 23.867 26.335 25.205 22.916 19.980 17.114 15.322 11.827 10.298  6.607  5.418  5.540  3.837  0.000  3.841  6.832  8.286  6.310  7.380 10.665 10.995 10.937 13.547 15.407 15.804 16.983 19.159 19.898 19.039 18.283 15.193 17.744 19.599 16.885 16.358 14.246 16.137 15.705 18.764 20.706 18.508 16.621 12.941 12.483 10.535  9.511  8.375  5.397  6.231  8.097  9.948 11.375 12.016 10.910 12.431 12.998 15.221 14.693 16.116 14.692 17.297 17.222 19.921 21.157 22.965 25.543 26.844 28.404 29.728
 13.742 14.477 13.221 15.381 14.817 18.086 19.371 22.519 25.288 24.574 22.632 20.083 17.452 16.446 13.237 12.708  9.354  9.003  8.327  6.538  3.841  0.000  3.832  5.240  5.129  6.560  8.834  9.850 10.915 12.852 14.360 15.636 17.032 18.544 18.855 17.359 16.110 12.635 14.668 16.750 14.215 13.492 11.869 14.003 14.211 17.411 18.757 16.139 13.791 10.058  8.965  6.745  5.914  5.430  4.112  6.302  8.854  9.224 10.404 12.244 11.444 13.915 15.033 16.806 15.449 16.189 13.953 15.949 15.454 17.624 18.700 20.086 22.656 23.887 25.390 26.716
 14.517 14.273 12.119 13.437 12.125 15.022 16.031 19.027 21.941 21.436 19.777 17.530 15.255 14.966 12.318 12.890 10.211 10.996 10.288  9.654  6.832  3.832  0.000  3.846  5.384  4.983  6.320  8.690  9.877 10.693 12.462 14.454 15.407 16.263 16.699 14.709 13.695 10.125 11.996 13.568 10.718  9.737  8.103 10.530 11.354 14.822 15.766 13.248 10.593  7.097  6.696  4.807  6.330  6.068  5.938  6.794 10.241 10.140  9.964 12.345 10.989 13.835 14.942 15.931 13.981 13.904 11.093 12.547 11.811 13.834 15.037 16.529 19.211 20.615 22.225 23.632
 16.812 16.534 14.678 15.699 13.965 16.684 16.967 19.759 22.559 22.463 20.696 18.871 16.253 16.333 13.518 14.197 11.817 12.884 12.977 11.628  8.286  5.240  3.846  0.000  3.848  5.424  5.059  6.290  8.807  9.886 10.469 12.619 14.399 15.164 14.775 12.865 11.122  7.536  9.591 11.889  9.884 10.102  9.811 12.974 14.544 18.108 18.590 15.958 12.773  9.677  8.221  4.781  6.375  8.114  8.705 10.325 13.536 13.337 13.612 16.074 14.742 17.382 18.098 18.929 17.259 16.840 13.870 14.673 12.986 14.471 14.697 15.738 18.128 19.260 20.841 22.330
 14.179 14.149 13.034 14.526 13.478 16.688 17.351 20.484 22.917 22.436 20.176 18.000 14.887 14.323 11.039 11.144  8.856 10.182 11.274 10.087  6.310  5.129  5.384  3.848  0.000  3.859  5.384  4.939  6.369  8.791  9.678 10.696 12.571 14.250 14.237 13.272 12.172  9.312 12.261 14.233 12.084 12.738 11.818 14.906 15.933 19.559 20.620 18.371 15.548 12.308 11.477  8.340  9.014  9.989  9.093 10.146 13.267 14.114 14.623 16.280 14.510 16.435 16.490 17.464 16.548 16.556 14.227 15.620 14.202 16.370 16.650 18.233 20.570 21.750 23.407 24.903
 12.422 11.539  9.790 10.830  9.643 12.919 13.869 17.179 19.580 18.872 16.628 14.312 11.388 11.013  8.130  9.178  7.543  9.863 10.834 10.952  7.380  6.560  4.983  5.424  3.859  0.000  3.848  5.401  5.122  6.461  8.754 10.025 10.735 12.189 13.063 11.957 11.858  9.220 12.339 13.323 10.440 10.811  9.186 12.140 13.064 16.760 17.975 16.242 13.731 10.865 11.258  9.034 10.732 10.801  9.530  9.170 12.798 13.922 13.458 14.885 12.434 14.211 14.008 14.368 13.286 12.917 10.642 12.109 10.972 13.654 14.448 16.657 19.196 20.690 22.509 24.054
 16.041 14.708 12.550 12.578 10.287 12.745 12.634 15.510 18.018 17.955 16.021 14.505 11.847 12.639 10.462 12.307 11.235 13.662 14.505 14.307 10.665  8.834  6.320  5.059  5.384  3.848  0.000  3.841  5.396  5.027  6.245  8.808  9.858 10.275 10.402  8.632  8.163  5.495  8.759  9.643  7.141  8.479  8.186 11.804 13.785 17.548 17.995 16.184 13.146 10.900 10.974  8.516 11.138 12.165 12.011 12.139 15.862 16.308 15.598 17.614 15.290 17.399 17.302 17.156 15.684 14.465 11.577 11.820  9.560 11.445 11.445 13.357 15.761 17.198 19.094 20.775
 16.614 15.642 14.311 14.689 12.879 15.491 15.237 18.056 20.153 20.106 17.799 16.346 13.159 13.589 10.975 12.253 11.411 13.833 15.473 14.811 10.995  9.850  8.690  6.290  4.939  5.401  3.841  0.000  3.844  5.404  4.906  6.404  8.769 10.012  9.434  8.832  8.033  6.358 10.030 11.457  9.947 11.987 12.006 15.616 17.433 21.198 21.793 19.927 16.839 14.371 13.880 10.762 12.571 14.093 13.659 14.202 17.667 18.465 18.346 20.099 17.801 19.524 19.004 19.076 18.240 17.349 14.876 15.316 12.968 14.756 14.133 15.800 17.802 18.929 20.733 22.385
 13.909 12.570 11.626 11.986 10.783 13.687 13.961 17.110 18.824 18.253 15.531 13.688 10.168 10.141  7.505  9.015  9.116 12.233 14.429 14.584 10.937 10.915  9.877  8.807  6.369  5.122  5.396  3.844  0.000  3.854  5.341  5.132  6.303  8.627  9.411  9.730 10.377  9.339 13.100 13.720 11.620 13.396 12.560 15.802 17.086 20.778 21.858 20.514 17.901 15.492 15.805 13.167 14.917 15.612 14.311 13.926 17.374 18.870 18.452 19.548 16.740 17.793 16.622 16.390 16.130 15.373 13.592 14.480 12.670 15.200 15.076 17.458 19.551 20.895 22.784 24.404
 15.759 13.624 11.824 10.984  8.766 10.903 10.509 13.469 15.207 14.948 12.479 11.237  8.197  9.576  8.247 11.001 11.560 14.904 16.592 17.142 13.547 12.852 10.693  9.886  8.791  6.461  5.027  5.404  3.854  0.000  3.850  5.434  5.047  5.750  7.107  6.812  8.483  8.049 11.577 11.204  8.995 11.111 10.643 13.913 15.717 19.355 20.013 19.029 16.439 14.756 15.587 13.472 16.045 16.727 15.893 15.159 18.880 20.017 18.927 20.280 17.274 18.527 17.441 16.470 15.719 14.079 11.989 11.983  9.660 11.980 11.691 14.388 16.468 18.001 20.035 21.749
 18.940 17.109 15.561 14.802 12.436 14.125 12.953 15.290 16.873 17.222 14.967 14.403 11.514 13.070 11.634 13.959 14.326 17.417 19.259 19.184 15.407 14.360 12.462 10.469  9.678  8.754  6.245  4.906  5.341  3.850  0.000  3.840  5.556  5.567  4.588  4.798  5.804  6.611 10.146 10.160  9.261 12.282 12.883 16.475 18.744 22.419 22.674 21.389 18.391 16.761 16.881 14.257 16.756 18.222 17.885 17.839 21.516 22.362 21.623 23.308 20.567 22.030 21.050 20.252 19.493 17.810 15.471 15.014 12.089 13.487 12.121 14.092 15.689 16.866 18.838 20.604
 18.074 16.391 15.659 15.221 13.648 15.658 14.930 17.439 18.500 18.430 15.690 14.857 11.531 12.414 10.841 12.704 13.701 16.918 19.421 19.465 15.804 15.636 14.454 12.619 10.696 10.025  8.808  6.404  5.132  5.434  3.840  0.000  3.846  6.043  5.812  7.956  9.263 10.191 13.794 13.954 12.973 15.773 15.840 19.255 21.051 24.705 25.392 24.261 21.469 19.545 19.724 16.928 18.928 20.183 19.242 19.008 22.478 23.874 23.372 24.566 21.644 22.541 21.016 20.274 20.233 18.950 17.241 17.320 14.854 16.729 15.594 17.768 19.241 20.325 22.196 23.841
 17.201 14.846 13.960 12.839 11.354 12.967 12.337 14.875 15.534 15.152 12.213 11.484  8.319  9.693  9.197 11.843 13.653 17.269 19.700 20.461 16.983 17.032 15.407 14.399 12.571 10.735  9.858  8.769  6.303  5.047  5.556  3.846  0.000  3.835  6.071  8.296 10.891 11.902 15.373 14.670 13.178 15.700 15.332 18.339 19.930 23.392 24.207 23.626 21.239 19.697 20.592 18.338 20.672 21.388 20.177 19.231 22.762 24.372 23.347 24.235 20.959 21.503 19.637 18.275 18.392 16.790 15.544 15.506 13.372 15.575 14.849 17.619 19.177 20.522 22.484 24.116
 19.924 17.249 15.660 13.797 11.427 12.020 10.348 12.230 12.850 13.161 10.780 11.116  8.893 11.477 11.690 14.834 16.399 19.997 21.972 22.728 19.159 18.544 16.263 15.164 14.250 12.189 10.275 10.012  8.627  5.750  5.567  6.043  3.835  0.000  3.854  5.703  9.169 10.939 13.850 12.366 11.325 14.191 14.485 17.466 19.600 22.952 23.226 22.812 20.360 19.433 20.457 18.507 21.354 22.267 21.587 20.685 24.405 25.567 24.180 25.445 22.213 23.122 21.567 19.843 19.389 17.120 15.467 14.498 11.813 13.296 12.036 14.754 16.062 17.447 19.489 21.202
 22.360 20.073 18.490 16.977 14.370 15.045 12.989 14.453 15.316 16.210 14.226 14.750 12.494 14.858 14.419 17.175 18.204 21.539 23.486 23.647 19.898 18.855 16.699 14.775 14.237 13.063 10.402  9.434  9.411  7.107  4.588  5.812  6.071  3.854  0.000  3.824  6.586  9.329 11.966 10.893 10.959 14.415 15.535 18.899 21.452 24.933 24.853 23.994 21.109 20.114 20.487 18.148 20.931 22.472 22.270 22.006 25.747 26.565 25.508 27.177 24.243 25.535 24.286 22.925 22.246 20.049 17.906 16.730 13.530 14.265 12.147 14.017 14.918 15.946 17.921 19.687
 22.504 20.232 18.055 16.455 13.312 13.765 11.450 12.787 14.373 15.582 14.117 14.641 12.778 15.382 14.857 17.761 18.203 21.327 22.693 22.757 19.039 17.359 14.709 12.865 13.272 11.957  8.632  8.832  9.730  6.812  4.798  7.956  8.296  5.703  3.824  0.000  3.897  6.509  8.653  7.155  7.370 10.979 12.636 16.047 18.970 22.407 21.947 20.919 17.897 17.207 17.545 15.508 18.637 20.252 20.544 20.434 24.238 24.578 23.348 25.403 22.709 24.475 23.750 22.467 21.174 18.760 16.085 14.487 10.945 11.101  8.731 10.392 11.575 12.825 14.992 16.941
 23.563 21.787 19.626 18.579 15.473 16.341 14.273 15.649 17.646 18.925 17.583 17.773 15.690 17.846 16.631 19.043 18.770 21.431 22.562 22.009 18.283 16.110 13.695 11.122 12.172 11.858  8.163  8.033 10.377  8.483  5.804  9.263 10.891  9.169  6.586  3.897  0.000  3.895  5.630  5.660  6.947 10.587 12.826 16.476 19.563 23.074 22.418 20.788 17.379 16.421 15.942 13.528 16.456 18.656 19.479 20.074 23.758 23.688 22.885 25.321 23.074 25.246 24.953 24.186 22.662 20.552 17.488 16.075 12.487 12.228  9.686 10.210 11.341 12.212 14.200 16.168
 21.484 20.055 17.748 17.194 14.230 15.626 14.229 16.109 18.626 19.518 18.145 17.673 15.478 17.140 15.446 17.523 16.582 18.841 19.538 18.799 15.193 12.635 10.125  7.536  9.312  9.220  5.495  6.358  9.339  8.049  6.611 10.191 11.902 10.939  9.329  6.509  3.895  0.000  3.843  5.487  5.343  8.218 10.202 13.949 16.883 20.455 19.939 17.908 14.369 12.982 12.215  9.677 12.653 14.836 15.862 16.711 20.311 20.008 19.359 21.969 20.022 22.487 22.619 22.267 20.482 18.714 15.419 14.450 11.202 11.308  9.692 10.274 12.134 13.190 15.074 16.942
 24.628 23.212 20.609 19.883 16.657 17.524 15.766 17.023 19.739 21.072 20.248 20.143 18.427 20.354 18.866 21.001 19.828 21.815 22.037 21.110 17.744 14.668 11.996  9.591 12.261 12.339  8.759 10.030 13.100 11.577 10.146 13.794 15.373 13.850 11.966  8.653  5.630  3.843  0.000  3.840  5.567  7.942 10.977 14.357 17.681 20.957 19.801 17.562 13.884 13.164 11.994 10.036 13.148 15.646 17.454 18.614 22.055 21.119 20.392 23.422 21.870 24.703 25.255 24.900 22.695 20.725 17.149 15.652 12.324 11.285  9.236  8.417  9.997 10.763 12.505 14.454
 25.075 23.132 20.248 18.844 15.281 15.386 13.076 13.817 16.450 18.101 17.655 18.087 16.931 19.433 18.643 21.326 20.681 23.086 23.341 22.987 19.599 16.750 13.568 11.889 14.233 13.323  9.643 11.457 13.720 11.204 10.160 13.954 14.670 12.366 10.893  7.155  5.660  5.487  3.840  0.000  3.834  6.843 10.212 13.329 16.921 20.031 18.618 16.992 13.615 13.703 13.513 12.285 15.811 17.742 19.275 19.769 23.386 22.604 21.270 24.144 22.240 24.904 25.254 24.343 22.041 19.542 16.038 13.845 10.223  8.520  5.763  5.082  6.938  8.376 10.650 12.871
 21.709 19.702 16.657 15.300 11.781 12.182 10.470 11.942 14.894 15.969 15.318 15.198 14.046 16.334 15.568 18.289 17.603 20.033 20.128 20.158 16.885 14.215 10.718  9.884 12.084 10.440  7.141  9.947 11.620  8.995  9.261 12.973 13.178 11.325 10.959  7.370  6.947  5.343  5.567  3.834  0.000  3.819  6.591  9.929 13.369 16.648 15.636 14.124 10.871 10.723 11.251 10.328 14.049 15.316 16.442 16.470 20.156 19.596 17.995 20.675 18.597 21.197 21.568 20.642 18.262 15.822 12.283 10.333  6.844  6.093  4.952  6.317  9.047 10.898 13.092 15.061
 21.137 19.262 15.895 14.700 11.357 11.714 10.749 12.288 15.623 16.360 16.049 15.524 14.821 16.775 16.061 18.592 17.506 19.529 18.930 19.163 16.358 13.492  9.737 10.102 12.738 10.811  8.479 11.987 13.396 11.111 12.282 15.773 15.700 14.191 14.415 10.979 10.587  8.218  7.942  6.843  3.819  0.000  3.828  6.626 10.233 13.320 12.107 10.400  7.156  7.557  8.764  9.080 12.876 13.476 14.827 14.648 18.126 17.172 15.197 18.065 16.311 19.229 20.148 19.369 16.489 14.144 10.384  8.469  5.914  5.165  6.217  7.435 10.439 12.393 14.347 16.054
 17.936 16.065 12.562 11.597  8.676  9.624  9.912 12.209 15.513 15.461 14.870 13.578 12.907 14.311 13.622 15.995 14.855 16.787 15.957 16.733 14.246 11.869  8.103  9.811 11.818  9.186  8.186 12.006 12.560 10.643 12.883 15.840 15.332 14.485 15.535 12.636 12.826 10.202 10.977 10.212  6.591  3.828  0.000  3.823  6.873 10.352 10.045  8.591  5.999  5.702  8.231  9.010 12.436 12.011 12.608 11.662 15.143 14.582 12.224 14.721 12.695 15.514 16.493 15.758 12.760 10.640  6.842  5.841  4.793  6.293  8.745 10.844 13.816 15.796 17.650 19.166
 18.678 16.776 13.072 11.981  9.581  9.862 10.800 12.700 16.015 15.674 15.630 14.257 14.405 15.629 15.435 17.691 16.559 18.153 16.719 17.968 16.137 14.003 10.530 12.974 14.906 12.140 11.804 15.616 15.802 13.913 16.475 19.255 18.339 17.466 18.899 16.047 16.476 13.949 14.357 13.329  9.929  6.626  3.823  0.000  3.825  6.783  6.305  5.499  4.533  5.815  9.361 11.355 14.379 13.146 13.668 12.147 15.099 14.294 11.214 13.527 11.780 14.633 16.083 15.198 11.685  9.511  6.062  5.064  6.254  7.458 10.809 12.806 15.677 17.707 19.387 20.681
 16.897 15.239 11.661 11.115  9.891 10.615 12.653 14.834 17.853 16.846 16.648 14.639 14.925 15.374 15.233 17.004 15.768 16.923 15.034 16.836 15.705 14.211 11.354 14.544 15.933 13.064 13.785 17.433 17.086 15.717 18.744 21.051 19.930 19.600 21.452 18.970 19.563 16.883 17.681 16.921 13.369 10.233  6.873  3.825  0.000  3.848  5.543  5.521  6.513  6.950 10.743 12.992 15.306 13.166 12.970 10.682 13.055 12.572  9.018 10.617  8.901 11.599 13.446 12.778  9.023  7.644  5.271  6.311  8.965 10.905 14.391 16.576 19.416 21.407 22.998 24.162
 19.143 17.580 14.178 13.567 12.803 12.901 15.042 16.716 19.556 18.432 18.722 16.860 17.733 18.112 18.334 19.964 18.793 19.626 17.356 19.364 18.764 17.411 14.822 18.108 19.559 16.760 17.548 21.198 20.778 19.355 22.419 24.705 23.392 22.952 24.933 22.407 23.074 20.455 20.957 20.031 16.648 13.320 10.352  6.783  3.848  0.000  3.849  5.614  8.415  9.694 13.343 16.105 18.141 15.688 15.571 13.183 14.755 14.010 10.226 11.316 10.340 12.658 14.868 14.135 10.355  9.303  8.159  8.882 11.949 13.395 17.052 19.038 21.735 23.706 25.142 26.132
 22.217 20.488 16.887 15.826 14.240 13.703 14.972 15.998 19.042 18.534 19.304 18.088 19.134 20.147 20.425 22.413 21.231 22.264 20.090 21.661 20.706 18.757 15.766 18.590 20.620 17.975 17.995 21.793 21.858 20.013 22.674 25.392 24.207 23.226 24.853 21.947 22.418 19.939 19.801 18.618 15.636 12.107 10.045  6.305  5.543  3.849  0.000  3.820  6.952  9.607 13.034 16.075 18.503 16.603 17.267 15.487 17.331 15.996 12.413 14.273 13.533 16.166 18.301 17.404 13.605 11.873  9.943  9.226 11.571 11.922 15.461 16.932 19.467 21.385 22.719 23.655
 21.741 20.435 16.927 16.423 14.653 14.847 15.898 17.273 20.568 20.280 20.646 19.259 19.615 20.465 20.073 21.788 20.083 20.824 18.499 19.495 18.508 16.139 13.248 15.958 18.371 16.242 16.184 19.927 20.514 19.029 21.389 24.261 23.626 22.812 23.994 20.919 20.788 17.908 17.562 16.992 14.124 10.400  8.591  5.499  5.521  5.614  3.820  0.000  3.826  6.484  9.572 12.885 15.154 13.415 14.628 13.523 15.406 13.525 10.324 13.007 12.732 15.972 18.406 18.127 14.359 13.041 10.409 10.031 11.552 11.787 14.933 15.961 18.589 20.350 21.645 22.615
 21.225 19.938 16.458 16.002 13.716 14.260 14.774 16.329 19.769 19.816 19.871 18.611 18.424 19.478 18.690 20.499 18.676 19.630 17.691 18.170 16.621 13.791 10.593 12.773 15.548 13.731 13.146 16.839 17.901 16.439 18.391 21.469 21.239 20.360 21.109 17.897 17.379 14.369 13.884 13.615 10.871  7.156  5.999  4.533  6.513  8.415  6.952  3.826  0.000  3.826  6.579  9.620 12.368 11.379 13.057 12.608 15.090 13.191 10.595 13.798 13.214 16.668 18.792 18.620 15.062 13.555 10.207  9.514  9.825  9.816 12.423 13.201 15.924 17.628 19.023 20.163
 18.523 17.697 14.549 14.853 12.972 14.509 15.415 17.632 20.984 20.741 20.164 18.393 17.496 17.983 16.545 17.865 15.616 16.275 14.336 14.503 12.941 10.058  7.097  9.677 12.308 10.865 10.900 14.371 15.492 14.756 16.761 19.545 19.697 19.433 20.114 17.207 16.421 12.982 13.164 13.703 10.723  7.557  5.702  5.815  6.950  9.694  9.607  6.484  3.826  0.000  3.838  6.605  9.045  7.789  9.340  9.253 11.923 10.172  8.150 11.547 10.982 14.590 16.721 17.128 13.905 13.093  9.783 10.228 10.372 11.320 13.571 14.606 17.420 19.017 20.468 21.683
 20.096 19.738 16.971 17.653 15.734 17.539 18.067 20.247 23.604 23.623 22.868 21.180 19.808 20.206 18.227 19.184 16.523 16.801 14.953 14.118 12.483  8.965  6.696  8.221 11.477 11.258 10.974 13.880 15.805 15.587 16.881 19.724 20.592 20.457 20.487 17.545 15.942 12.215 11.994 13.513 11.251  8.764  8.231  9.361 10.743 13.343 13.034  9.572  6.579  3.838  0.000  3.837  5.927  5.855  8.720 10.160 12.536 10.283  9.625 13.287 13.281 16.938 19.093 19.946 17.032 16.492 13.163 13.555 12.951 13.469 14.882 15.217 17.816 19.058 20.338 21.517
 19.235 19.016 16.639 17.521 15.586 17.810 18.111 20.528 23.708 23.783 22.597 20.897 18.933 19.236 16.812 17.600 14.912 15.367 14.254 12.870 10.535  6.745  4.807  4.781  8.340  9.034  8.516 10.762 13.167 13.472 14.257 16.928 18.338 18.507 18.148 15.508 13.528  9.677 10.036 12.285 10.328  9.080  9.010 11.355 12.992 16.105 16.075 12.885  9.620  6.605  3.837  0.000  3.852  5.696  8.186 10.259 13.004 11.487 11.586 14.848 14.380 17.706 19.315 20.263 17.860 17.382 14.076 14.585 13.299 14.077 14.771 15.168 17.651 18.747 20.115 21.437
 19.398 19.920 18.075 19.635 18.270 20.869 21.518 24.110 27.243 27.110 25.727 23.707 21.494 21.227 18.377 18.396 15.187 14.733 13.328 11.102  9.511  5.914  6.330  6.375  9.014 10.732 11.138 12.571 14.917 16.045 16.756 18.928 20.672 21.354 20.931 18.637 16.456 12.653 13.148 15.811 14.049 12.876 12.436 14.379 15.306 18.141 18.503 15.154 12.368  9.045  5.927  3.852  0.000  3.812  6.768  9.987 11.824 10.090 11.438 14.499 14.751 17.988 19.844 21.454 19.341 19.553 16.622 17.720 16.805 17.828 18.574 18.894 21.267 22.187 23.397 24.583
 17.275 18.000 16.158 18.045 17.205 19.927 21.184 23.950 27.086 26.561 25.207 22.829 20.853 20.193 17.474 17.246 13.859 12.956 10.749  9.046  8.375  5.430  6.068  8.114  9.989 10.801 12.165 14.093 15.612 16.727 18.222 20.183 21.388 22.267 22.472 20.252 18.656 14.836 15.646 17.742 15.316 13.476 12.011 13.146 13.166 15.688 16.603 13.415 11.379  7.789  5.855  5.696  3.812  0.000  3.835  6.929  8.319  6.323  7.811 10.798 11.454 14.781 17.047 18.935 16.746 17.444 14.907 16.600 16.512 18.012 19.480 20.275 22.874 24.041 25.318 26.459
 13.679 14.793 13.446 15.911 15.804 18.954 20.733 23.840 26.737 25.782 24.096 21.310 19.147 17.873 14.980 14.205 10.643  9.316  6.932  5.555  5.397  4.112  5.938  8.705  9.093  9.530 12.011 13.659 14.311 15.893 17.885 19.242 20.177 21.587 22.270 20.544 19.479 15.862 17.454 19.275 16.442 14.827 12.608 13.668 12.970 15.571 17.267 14.628 13.057  9.340  8.720  8.186  6.768  3.835  0.000  3.824  5.283  5.156  6.920  8.729  8.939 11.766 13.787 16.047 14.387 15.708 13.816 16.243 16.596 18.812 20.528 21.929 24.631 25.959 27.379 28.579
 10.930 11.742 10.214 12.829 13.270 16.459 18.758 21.987 24.722 23.400 21.706 18.665 16.795 15.261 12.769 12.113  8.905  7.966  5.199  6.231  6.231  6.302  6.794 10.325 10.146  9.170 12.139 14.202 13.926 15.159 17.839 19.008 19.231 20.685 22.006 20.434 20.074 16.711 18.614 19.769 16.470 14.648 11.662 12.147 10.682 13.183 15.487 13.523 12.608  9.253 10.160 10.259  9.987  6.929  3.824  0.000  3.854  5.484  5.458  6.186  5.312  8.085 10.159 12.356 10.681 12.362 11.049 14.028 15.082 17.794 20.002 21.944 24.765 26.329 27.871 29.097
 11.890 13.564 12.701 15.675 16.626 19.744 22.278 25.464 28.173 26.682 25.038 21.842 20.100 18.186 15.722 14.418 11.097  8.923  5.150  6.029  8.097  8.854 10.241 13.536 13.267 12.798 15.862 17.667 17.374 18.880 21.516 22.478 22.762 24.405 25.747 24.238 23.758 20.311 22.055 23.386 20.156 18.126 15.143 15.099 13.055 14.755 17.331 15.406 15.090 11.923 12.536 13.004 11.824  8.319  5.283  3.854  0.000  3.858  5.422  4.673  5.924  8.047 10.784 13.742 12.417 14.815 14.082 17.242 18.656 21.299 23.649 25.467 28.279 29.785 31.225 32.348
 15.487 16.753 15.272 17.720 17.984 20.740 22.916 25.820 28.809 27.659 26.369 23.484 21.956 20.588 18.228 17.431 14.063 12.238  8.687  8.438  9.948  9.224 10.140 13.337 14.114 13.922 16.308 18.465 18.870 20.017 22.362 23.874 24.372 25.567 26.565 24.578 23.688 20.008 21.119 22.604 19.596 17.172 14.582 14.294 12.572 14.010 15.996 13.525 13.191 10.172 10.283 11.487 10.090  6.323  5.156  5.484  3.858  0.000  3.837  5.461  7.811 10.844 13.964 16.498 14.452 16.252 14.851 17.463 18.694 20.770 23.092 24.432 27.199 28.602 29.904 30.943
 15.147 15.629 13.496 15.401 15.527 17.891 20.192 22.944 25.936 24.733 23.728 20.947 19.921 18.874 17.102 16.953 14.100 13.109  9.752 10.670 11.375 10.404  9.964 13.612 14.623 13.458 15.598 18.346 18.452 18.927 21.623 23.372 23.347 24.180 25.508 23.348 22.885 19.359 20.392 21.270 17.995 15.197 12.224 11.214  9.018 10.226 12.413 10.324 10.595  8.150  9.625 11.586 11.438  7.811  6.920  5.458  5.422  3.837  0.000  3.854  5.616  9.214 12.522 14.402 11.749 13.207 11.822 14.369 16.072 18.171 20.893 22.467 25.303 26.890 28.260 29.309
 13.232 14.121 12.602 14.992 16.037 18.563 21.382 24.305 27.010 25.368 24.179 21.052 20.098 18.453 16.836 16.181 13.546 12.144  8.591 10.522 12.016 12.244 12.345 16.074 16.280 14.885 17.614 20.099 19.548 20.280 23.308 24.566 24.235 25.445 27.177 25.403 25.321 21.969 23.422 24.144 20.675 18.065 14.721 13.527 10.617 11.316 14.273 13.007 13.798 11.547 13.287 14.848 14.499 10.798  8.729  6.186  4.673  5.461  3.854  0.000  3.842  6.370 10.030 12.436 10.391 12.826 12.556 15.712 17.922 20.486 23.390 25.350 28.217 29.890 31.319 32.370
 10.439 10.659  8.835 11.203 12.497 15.186 18.190 21.283 23.797 21.994 20.608 17.366 16.390 14.689 13.302 12.976 10.836 10.329  7.566 10.343 10.910 11.444 10.989 14.742 14.510 12.434 15.290 17.801 16.740 17.274 20.567 21.644 20.959 22.213 24.243 22.709 23.074 20.022 21.870 22.240 18.597 16.311 12.695 11.780  8.901 10.340 13.533 12.732 13.214 10.982 13.281 14.380 14.751 11.454  8.939  5.312  5.924  7.811  5.616  3.842  0.000  3.830  6.988  8.952  6.848  9.380  9.423 12.923 15.221 18.198 21.109 23.480 26.364 28.155 29.730 30.887
  8.346  8.829  8.056 10.849 13.202 15.933 19.319 22.504 24.601 22.376 20.755 17.231 16.330 13.977 12.927 12.093 10.632 10.067  7.962 11.516 12.431 13.915 13.835 17.382 16.435 14.211 17.399 19.524 17.793 18.527 22.030 22.541 21.503 23.122 25.535 24.475 25.246 22.487 24.703 24.904 21.197 19.229 15.514 14.633 11.599 12.658 16.166 15.972 16.668 14.590 16.938 17.706 17.988 14.781 11.766  8.085  8.047 10.844  9.214  6.370  3.830  0.000  3.836  6.568  5.988  9.559 10.940 14.694 17.242 20.547 23.473 26.171 29.019 30.861 32.487 33.651
  5.657  5.629  5.977  9.029 12.157 15.027 18.529 21.846 23.511 21.022 19.019 15.316 14.242 11.357 10.621  9.601  9.218  9.452  8.834 12.615 12.998 15.033 14.942 18.098 16.490 14.008 17.302 19.004 16.622 17.441 21.050 21.016 19.637 21.567 24.286 23.750 24.953 22.619 25.255 25.254 21.568 20.148 16.493 16.083 13.446 14.868 18.301 18.406 18.792 16.721 19.093 19.315 19.844 17.047 13.787 10.159 10.784 13.964 12.522 10.030  6.988  3.836  0.000  3.843  5.582  9.145 11.240 14.987 17.357 20.963 23.676 26.696 29.462 31.330 33.045 34.272
  7.680  5.510  4.810  6.409  9.915 12.247 15.906 19.073 20.422 17.725 15.815 12.148 11.717  9.163  9.707  9.912 10.668 12.062 11.954 15.583 15.221 16.806 15.931 18.929 17.464 14.368 17.156 19.076 16.390 16.470 20.252 20.274 18.275 19.843 22.925 22.467 24.186 22.267 24.900 24.343 20.642 19.369 15.758 15.198 12.778 14.135 17.404 18.127 18.620 17.128 19.946 20.263 21.454 18.935 16.047 12.356 13.742 16.498 14.402 12.436  8.952  6.568  3.843  0.000  3.844  6.635  9.598 13.027 15.608 19.264 22.048 25.332 28.012 29.981 31.750 32.995
  9.964  7.920  5.302  6.036  8.416 10.478 14.103 17.145 18.992 16.613 15.206 11.815 11.763 10.212 10.611 11.525 11.480 12.826 11.902 15.241 14.693 15.449 13.981 17.259 16.548 13.286 15.684 18.240 16.130 15.719 19.493 20.233 18.392 19.389 22.246 21.174 22.662 20.482 22.695 22.041 18.262 16.489 12.760 11.685  9.023 10.355 13.605 14.359 15.062 13.905 17.032 17.860 19.341 16.746 14.387 10.681 12.417 14.452 11.749 10.391  6.848  5.988  5.582  3.844  0.000  3.829  6.488 10.047 13.002 16.455 19.540 22.650 25.411 27.424 29.163 30.388
 12.610  9.813  6.381  4.722  5.735  6.917 10.549 13.448 15.353 13.105 12.031  9.022  9.688  9.398 10.568 12.636 13.005 15.073 14.463 17.389 16.116 16.189 13.904 16.840 16.556 12.917 14.465 17.349 15.373 14.079 17.810 18.950 16.790 17.120 20.049 18.760 20.552 18.714 20.725 19.542 15.822 14.144 10.640  9.511  7.644  9.303 11.873 13.041 13.555 13.093 16.492 17.382 19.553 17.444 15.708 12.362 14.815 16.252 13.207 12.826  9.380  9.559  9.145  6.635  3.829  0.000  3.820  6.706  9.862 13.242 16.404 19.659 22.347 24.444 26.231 27.497
 13.915 11.410  7.612  6.109  4.758  6.154  8.978 11.958 14.528 13.018 12.100  9.638  9.758 10.283 10.689 13.067 12.811 14.948 14.198 16.457 14.692 13.953 11.093 13.870 14.227 10.642 11.577 14.876 13.592 11.989 15.471 17.241 15.544 15.467 17.906 16.085 17.488 15.419 17.149 16.038 12.283 10.384  6.842  6.062  5.271  8.159  9.943 10.409 10.207  9.783 13.163 14.076 16.622 14.907 13.816 11.049 14.082 14.851 11.822 12.556  9.423 10.940 11.240  9.598  6.488  3.820  0.000  3.829  6.679 10.017 13.193 16.250 19.044 21.133 22.953 24.294
 17.400 14.653 10.893  8.525  5.681  4.887  6.383  8.778 11.739 10.903 10.719  9.411 10.223 12.005 12.858 15.793 15.770 18.181 17.580 19.455 17.297 15.949 12.547 14.673 15.620 12.109 11.820 15.316 14.480 11.983 15.014 17.320 15.506 14.498 16.730 14.487 16.075 14.450 15.652 13.845 10.333  8.469  5.841  5.064  6.311  8.882  9.226 10.031  9.514 10.228 13.555 14.585 17.720 16.600 16.243 14.028 17.242 17.463 14.369 15.712 12.923 14.694 14.987 13.027 10.047  6.706  3.829  0.000  3.820  6.650 10.081 13.206 15.917 18.118 19.995 21.390
 18.765 16.069 12.517 10.212  6.545  5.906  5.244  7.580 10.796 10.868 10.486  9.931 10.040 12.483 12.958 16.145 16.127 18.817 18.651 19.950 17.222 15.454 11.811 12.986 14.202 10.972  9.560 12.968 12.670  9.660 12.089 14.854 13.372 11.813 13.530 10.945 12.487 11.202 12.324 10.223  6.844  5.914  4.793  6.254  8.965 11.949 11.571 11.552  9.825 10.372 12.951 13.299 16.805 16.512 16.596 15.082 18.656 18.694 16.072 17.922 15.221 17.242 17.357 15.608 13.002  9.862  6.679  3.820  0.000  3.823  6.601  9.929 12.682 14.909 16.974 18.591
 22.450 19.841 16.284 13.963 10.283  8.951  7.016  7.601 10.977 12.075 12.506 12.884 13.309 16.079 16.545 19.732 19.548 22.110 21.772 22.711 19.921 17.624 13.834 14.471 16.370 13.654 11.445 14.756 15.200 11.980 13.487 16.729 15.575 13.296 14.265 11.101 12.228 11.308 11.285  8.520  6.093  5.165  6.293  7.458 10.905 13.395 11.922 11.787  9.816 11.320 13.469 14.077 17.828 18.012 18.812 17.794 21.299 20.770 18.171 20.486 18.198 20.547 20.963 19.264 16.455 13.242 10.017  6.650  3.823  0.000  3.821  6.709  9.476 11.857 13.987 15.701
 24.456 21.890 18.595 16.328 12.534 11.387  8.619  8.657 11.508 13.311 13.588 14.531 14.516 17.562 17.830 21.067 20.988 23.713 23.766 24.298 21.157 18.700 15.037 14.697 16.650 14.448 11.445 14.133 15.076 11.691 12.121 15.594 14.849 12.036 12.147  8.731  9.686  9.692  9.236  5.763  4.952  6.217  8.745 10.809 14.391 17.052 15.461 14.933 12.423 13.571 14.882 14.771 18.574 19.480 20.528 20.002 23.649 23.092 20.893 23.390 21.109 23.473 23.676 22.048 19.540 16.404 13.193 10.081  6.601  3.821  0.000  3.824  6.489  8.918 11.369 13.418
 27.431 25.112 21.826 19.816 16.056 15.049 12.325 11.942 14.616 16.733 17.227 18.270 18.143 21.084 21.041 24.080 23.652 26.118 25.982 26.085 22.965 20.086 16.529 15.738 18.233 16.657 13.357 15.800 17.458 14.388 14.092 17.768 17.619 14.754 14.017 10.392 10.210 10.274  8.417  5.082  6.317  7.435 10.844 12.806 16.576 19.038 16.932 15.961 13.201 14.606 15.217 15.168 18.894 20.275 21.929 21.944 25.467 24.432 22.467 25.350 23.480 26.171 26.696 25.332 22.650 19.659 16.250 13.206  9.929  6.709  3.824  0.000  3.832  6.302  8.843 11.105
 30.061 27.693 24.486 22.369 18.612 17.402 14.393 13.449 15.733 18.227 18.891 20.320 20.273 23.366 23.424 26.509 26.211 28.741 28.727 28.731 25.543 22.656 19.211 18.128 20.570 19.196 15.761 17.802 19.551 16.468 15.689 19.241 19.177 16.062 14.918 11.575 11.341 12.134  9.997  6.938  9.047 10.439 13.816 15.677 19.416 21.735 19.467 18.589 15.924 17.420 17.816 17.651 21.267 22.874 24.631 24.765 28.279 27.199 25.303 28.217 26.364 29.019 29.462 28.012 25.411 22.347 19.044 15.917 12.682  9.476  6.489  3.832  0.000  3.833  6.629  9.165
 31.759 29.496 26.377 24.367 20.661 19.554 16.543 15.535 17.647 20.219 20.849 22.327 22.162 25.207 25.141 28.128 27.763 30.219 30.244 30.045 26.844 23.887 20.615 19.260 21.750 20.690 17.198 18.929 20.895 18.001 16.866 20.325 20.522 17.447 15.946 12.825 12.212 13.190 10.763  8.376 10.898 12.393 15.796 17.707 21.407 23.706 21.385 20.350 17.628 19.017 19.058 18.747 22.187 24.041 25.959 26.329 29.785 28.602 26.890 29.890 28.155 30.861 31.330 29.981 27.424 24.444 21.133 18.118 14.909 11.857  8.918  6.302  3.833  0.000  3.845  6.766
 33.512 31.319 28.217 26.263 22.628 21.506 18.579 17.458 19.430 22.016 22.759 24.270 24.157 27.148 27.055 29.963 29.524 31.876 31.824 31.528 28.404 25.390 22.225 20.841 23.407 22.509 19.094 20.733 22.784 20.035 18.838 22.196 22.484 19.489 17.921 14.992 14.200 15.074 12.505 10.650 13.092 14.347 17.650 19.387 22.998 25.142 22.719 21.645 19.023 20.468 20.338 20.115 23.397 25.318 27.379 27.871 31.225 29.904 28.260 31.319 29.730 32.487 33.045 31.750 29.163 26.231 22.953 19.995 16.974 13.987 11.369  8.843  6.629  3.845  0.000  3.811
