  0.000  3.832  6.774 10.356 13.271 16.746 19.751 23.312 24.785 22.475 19.813 16.137 13.874 10.366  8.339  5.542  5.457  5.879  7.629 10.807 10.751 13.743 14.518 16.812 14.179 12.422 16.041 16.615 13.910 15.760 18.941 18.075 17.201 19.924 22.360 22.503 23.563 21.483 24.625 25.075 21.709 21.138 17.937 18.681 16.901 19.147 22.221 21.744 21.227 18.526 20.097 19.238 19.400 17.276 13.679 10.930 11.888 15.487 15.146 13.230 10.438  8.345  5.655  7.681  9.964 12.611 13.915 17.399 18.765 22.450 24.457 27.433 30.062 31.760 33.511 34.830
  3.832  0.000  3.827  6.868 10.064 13.342 16.411 19.926 21.202 18.795 16.106 12.403 10.353  6.827  5.725  4.619  6.222  8.400  9.970 13.137 12.199 14.476 14.273 16.533 14.148 11.538 14.707 15.642 12.571 13.625 17.110 16.391 14.845 17.249 20.072 20.230 21.787 20.053 23.208 23.130 19.701 19.261 16.065 16.777 15.240 17.583 20.491 20.435 19.938 17.697 19.737 19.017 19.921 17.999 14.791 11.739 13.561 16.750 15.626 14.118 10.656  8.826  5.626  5.510  7.918  9.812 11.408 14.650 16.067 19.839 21.890 25.112 27.693 29.496 31.317 32.673
  6.774  3.827  0.000  3.818  6.722 10.068 13.257 16.782 18.408 16.165 13.817 10.158  8.512  6.008  5.443  6.421  7.136  9.619 10.259 13.292 11.900 13.221 12.118 14.676 13.033  9.789 12.550 14.311 11.627 11.825 15.562 15.659 13.959 15.661 18.490 18.053 19.625 17.746 20.606 20.247 16.655 15.894 12.561 13.073 11.661 14.180 16.889 16.926 16.457 14.549 16.970 16.639 18.075 16.156 13.444 10.212 12.698 15.269 13.493 12.600  8.832  8.053  5.976  4.812  5.301  6.381  7.609 10.890 12.515 16.283 18.594 21.825 24.485 26.377 28.215 29.583
 10.356  6.868  3.818  0.000  3.823  6.558  9.915 13.345 14.763 12.423 10.174  6.533  5.764  4.710  6.255  8.863 10.255 13.168 13.791 16.589 14.748 15.382 13.439 15.700 14.526 10.831 12.580 14.691 11.989 10.988 14.805 15.223 12.839 13.799 16.978 16.456 18.580 17.195 19.883 18.846 15.302 14.702 11.599 11.983 11.116 13.571 15.830 16.425 16.004 14.855 17.655 17.524 19.637 18.045 15.911 12.828 15.674 17.720 15.401 14.992 11.202 10.846  9.028  6.409  6.035  4.723  6.109  8.524 10.213 13.964 16.331 19.818 22.371 24.369 26.263 27.655
 13.271 10.064  6.722  3.823  0.000  3.826  6.607 10.221 12.141 10.446  8.487  5.694  5.062  6.369  7.533 10.823 11.745 14.826 15.301 17.494 15.086 14.819 12.127 13.967 13.480  9.645 10.290 12.883 10.788  8.771 12.441 13.652 11.357 11.431 14.374 13.314 15.477 14.233 16.658 15.284 11.783 11.359  8.677  9.582  9.890 12.804 14.241 14.654 13.717 12.973 15.736 15.589 18.273 17.206 15.804 13.269 16.624 17.983 15.526 16.036 12.495 13.199 12.156  9.914  8.414  5.734  4.756  5.678  6.545 10.283 12.536 16.059 18.614 20.663 22.629 24.111
 16.746 13.342 10.068  6.558  3.826  0.000  3.833  7.020  8.845  7.136  6.101  4.648  6.360  8.887 10.944 14.400 15.545 18.604 18.892 21.104 18.710 18.088 15.025 16.686 16.690 12.921 12.747 15.494 13.691 10.907 14.130 15.661 12.969 12.024 15.048 13.767 16.344 15.630 17.527 15.390 12.185 11.716  9.625  9.863 10.614 12.902 13.705 14.848 14.261 14.510 17.541 17.813 20.872 19.928 18.954 16.458 19.744 20.740 17.891 18.564 15.185 15.931 15.027 12.247 10.478  6.917  6.154  4.886  5.908  8.952 11.390 15.052 17.404 19.556 21.508 22.945
 19.751 16.411 13.257  9.915  6.607  3.833  0.000  3.846  6.180  6.031  5.629  6.389  7.808 11.189 13.018 16.687 17.808 21.025 21.484 23.252 20.465 19.371 16.032 16.967 17.352 13.868 12.634 15.239 13.963 10.511 12.956 14.932 12.337 10.350 12.991 11.451 14.275 14.231 15.767 13.079 10.473 10.750  9.912 10.800 12.651 15.042 14.973 15.899 14.774 15.414 18.068 18.113 21.518 21.183 20.731 18.757 22.277 22.915 20.192 21.383 18.189 19.316 18.528 15.906 14.102 10.549  8.978  6.382  5.245  7.017  8.622 12.327 14.395 16.545 18.579 20.126
 23.312 19.926 16.782 13.345 10.221  7.020  3.846  0.000  3.856  5.635  6.912  9.066 11.058 14.565 16.587 20.271 21.426 24.615 24.964 26.665 23.865 22.518 19.027 19.757 20.483 17.177 15.508 18.056 17.111 13.469 15.291 17.440 14.875 12.232 14.454 12.787 15.649 16.109 17.023 13.817 11.942 12.287 12.206 12.697 14.830 16.714 15.997 17.272 16.328 17.630 20.245 20.527 24.109 23.948 23.837 21.985 25.462 25.818 22.943 24.305 21.281 22.501 21.846 19.074 17.144 13.448 11.958  8.777  7.580  7.598  8.657 11.941 13.448 15.534 17.456 18.940
 24.785 21.202 18.408 14.763 12.141  8.845  6.180  3.856  0.000  3.839  6.027  9.258 11.710 15.303 17.839 21.577 23.239 26.621 27.283 29.160 26.333 25.289 21.942 22.558 22.917 19.579 18.017 20.154 18.824 15.208 16.874 18.500 15.535 12.851 15.316 14.373 17.647 18.627 19.739 16.451 14.896 15.623 15.511 16.013 17.851 19.556 19.041 20.568 19.768 20.983 23.605 23.708 27.243 27.085 26.736 24.721 28.172 28.808 25.936 27.011 23.797 24.600 23.511 20.422 18.992 15.353 14.528 11.738 10.796 10.976 11.509 14.616 15.733 17.646 19.429 20.783
 22.475 18.795 16.165 12.423 10.446  7.136  6.031  5.635  3.839  0.000  3.810  6.738  9.811 13.071 15.998 19.633 21.535 24.890 25.585 27.797 25.206 24.576 21.438 22.465 22.438 18.873 17.956 20.108 18.256 14.950 17.225 18.432 15.153 13.162 16.212 15.583 18.928 19.520 21.074 18.105 15.973 16.362 15.462 15.675 16.846 18.434 18.536 20.282 19.817 20.742 23.625 23.785 27.112 26.562 25.783 23.400 26.683 27.661 24.735 25.370 21.995 22.375 21.023 17.726 16.614 13.106 13.018 10.904 10.870 12.076 13.313 16.735 18.229 20.220 22.018 23.324
 19.813 16.106 13.817 10.174  8.487  6.101  5.629  6.912  6.027  3.810  0.000  3.834  6.571  9.926 12.953 16.606 18.791 22.301 23.381 25.587 22.915 22.633 19.779 20.696 20.177 16.628 16.021 17.800 15.532 12.481 14.969 15.690 12.213 10.781 14.226 14.117 17.584 18.146 20.250 17.658 15.321 16.051 14.871 15.631 16.648 18.724 19.307 20.649 19.873 20.165 22.870 22.600 25.729 25.208 24.095 21.705 25.038 26.370 23.728 24.181 20.608 20.754 19.019 15.816 15.206 12.033 12.101 10.719 10.488 12.507 13.591 17.230 18.893 20.850 22.760 24.167
 16.137 12.403 10.158  6.533  5.694  4.648  6.389  9.066  9.258  6.738  3.834  0.000  3.823  6.552  9.766 13.286 15.490 18.911 19.979 22.410 19.979 20.083 17.530 18.870 18.000 14.311 14.505 16.347 13.690 11.239 14.405 14.859 11.484 11.117 14.751 14.641 17.773 17.673 20.142 18.088 15.198 15.524 13.578 14.257 14.638 16.860 18.089 19.259 18.611 18.393 21.180 20.898 23.708 22.827 21.309 18.663 21.840 23.483 20.945 21.052 17.364 17.229 15.316 12.148 11.814  9.021  9.636  9.408  9.931 12.883 14.532 18.271 20.321 22.328 24.270 25.691
 13.874 10.353  8.512  5.764  5.062  6.360  7.808 11.058 11.710  9.811  6.571  3.823  0.000  3.841  6.461 10.151 12.465 16.100 17.649 19.787 17.111 17.451 15.255 16.252 14.886 11.387 11.847 13.159 10.169  8.199 11.516 11.533  8.320  8.895 12.496 12.778 15.691 15.478 18.427 16.932 14.047 14.821 12.907 14.405 14.924 17.734 19.136 19.615 18.424 17.495 19.808 18.934 21.494 20.851 19.144 16.792 20.097 21.954 19.919 20.096 16.387 16.326 14.239 11.715 11.761  9.687  9.756 10.220 10.040 13.309 14.518 18.145 20.275 22.164 24.157 25.668
 10.366  6.827  6.008  4.710  6.369  8.887 11.189 14.565 15.303 13.071  9.926  6.552  3.841  0.000  3.817  6.944  9.756 13.295 15.137 17.586 15.320 16.446 14.967 16.333 14.322 11.013 12.639 13.589 10.142  9.578 13.071 12.414  9.693 11.478 14.858 15.381 17.846 17.139 20.353 19.433 16.334 16.776 14.313 15.631 15.376 18.116 20.150 20.467 19.479 17.984 20.208 19.238 21.228 20.193 17.872 15.260 18.184 20.587 18.873 18.452 14.688 13.976 11.356  9.163 10.212  9.400 10.283 12.004 12.484 16.080 17.564 21.085 23.367 25.208 27.147 28.606
  8.339  5.725  5.443  6.255  7.533 10.944 13.018 16.587 17.839 15.998 12.953  9.766  6.461  3.817  0.000  3.814  6.272 10.000 12.224 14.270 11.826 13.236 12.318 13.517 11.038  8.130 10.461 10.976  7.506  8.248 11.635 10.842  9.196 11.690 14.419 14.855 16.630 15.444 18.863 18.642 15.567 16.060 13.623 15.436 15.235 18.338 20.428 20.073 18.691 16.545 18.227 16.814 18.378 17.473 14.978 12.767 15.720 18.226 17.100 16.834 13.301 12.925 10.619  9.707 10.611 10.569 10.688 12.856 12.957 16.544 17.830 21.041 23.424 25.141 27.052 28.539
  5.542  4.619  6.421  8.863 10.823 14.400 16.687 20.271 21.577 19.633 16.606 13.286 10.151  6.944  3.814  0.000  3.825  7.169 10.086 12.155 10.299 12.711 12.893 14.199 11.146  9.180 12.308 12.255  9.017 11.003 13.961 12.705 11.842 14.834 17.175 17.760 19.044 17.523 21.000 21.326 18.290 18.593 15.997 17.694 17.008 19.969 22.417 21.790 20.501 17.868 19.187 17.605 18.399 17.247 14.206 12.113 14.417 17.431 16.953 16.180 12.976 12.092  9.599  9.911 11.525 12.637 13.066 15.792 16.145 19.732 21.069 24.082 26.511 28.129 29.962 31.395
  5.457  6.222  7.136 10.255 11.745 15.545 17.808 21.426 23.239 21.535 18.791 15.490 12.465  9.756  6.272  3.825  0.000  3.822  6.677  8.396  6.608  9.356 10.213 11.819  8.857  7.545 11.236 11.412  9.117 11.561 14.327 13.701 13.651 16.399 18.203 18.202 18.771 16.581 19.827 20.680 17.603 17.507 14.858 16.563 15.773 18.798 21.236 20.086 18.679 15.620 16.525 14.917 15.190 13.860 10.644  8.905 11.097 14.064 14.100 13.545 10.836 10.632  9.216 10.669 11.480 13.007 12.812 15.769 16.126 19.549 20.989 23.654 26.213 27.765 29.523 30.928
  5.879  8.400  9.619 13.168 14.826 18.604 21.025 24.615 26.621 24.890 22.301 18.911 16.100 13.295 10.000  7.169  3.822  0.000  3.878  5.461  5.419  9.003 10.996 12.883 10.181  9.862 13.662 13.833 12.232 14.903 17.416 16.917 17.266 19.996 21.537 21.324 21.429 18.838 21.811 23.084 20.032 19.528 16.788 18.156 16.927 19.631 22.268 20.826 19.632 16.277 16.801 15.369 14.735 12.956  9.316  7.966  8.922 12.238 13.108 12.142 10.329 10.068  9.451 12.063 12.826 15.074 14.947 18.179 18.815 22.109 23.712 26.118 28.740 30.219 31.873 33.199
  7.629  9.970 10.259 13.791 15.301 18.892 21.484 24.964 27.283 25.585 23.381 19.979 17.649 15.137 12.224 10.086  6.677  3.878  0.000  3.840  5.541  8.328 10.288 12.977 11.273 10.833 14.505 15.473 14.429 16.592 19.259 19.421 19.698 21.972 23.485 22.691 22.562 19.536 22.034 23.339 20.127 18.929 15.958 16.722 15.038 17.361 20.094 18.500 17.693 14.339 14.954 14.256 13.330 10.750  6.933  5.199  5.149  8.686  9.751  8.588  7.566  7.962  8.834 11.955 11.903 14.464 14.198 17.579 18.650 21.772 23.766 25.982 28.727 30.244 31.822 33.072
 10.807 13.137 13.292 16.589 17.494 21.104 23.252 26.665 29.160 27.797 25.587 22.410 19.787 17.586 14.270 12.155  8.396  5.461  3.840  0.000  3.837  6.538  9.653 11.626 10.085 10.951 14.306 14.810 14.583 17.141 19.183 19.464 20.458 22.726 23.645 22.754 22.007 18.796 21.105 22.984 20.155 19.161 16.734 17.970 16.840 19.368 21.665 19.496 18.172 14.505 14.118 12.872 11.103  9.046  5.555  6.230  6.027  8.437 10.668 10.519 10.343 11.517 12.615 15.584 15.241 17.390 16.457 19.453 19.948 22.710 24.297 26.084 28.730 30.044 31.525 32.759
 10.751 12.199 11.900 14.748 15.086 18.710 20.465 23.865 26.333 25.206 22.915 19.979 17.111 15.320 11.826 10.299  6.608  5.419  5.541  3.837  0.000  3.841  6.832  8.285  6.308  7.379 10.664 10.994 10.936 13.546 15.406 15.803 16.979 19.158 19.896 19.035 18.281 15.190 17.739 19.596 16.882 16.357 14.247 16.140 15.710 18.769 20.709 18.509 16.623 12.943 12.484 10.537  9.513  8.375  5.397  6.230  8.097  9.948 11.375 12.015 10.911 12.432 12.998 15.222 14.694 16.118 14.693 17.296 17.220 19.920 21.156 22.964 25.543 26.844 28.401 29.731
 13.743 14.476 13.221 15.382 14.819 18.088 19.371 22.518 25.289 24.576 22.633 20.083 17.451 16.446 13.236 12.711  9.356  9.003  8.328  6.538  3.841  0.000  3.832  5.239  5.128  6.561  8.834  9.850 10.915 12.852 14.359 15.636 17.030 18.544 18.854 17.357 16.109 12.634 14.664 16.748 14.213 13.491 11.872 14.007 14.216 17.417 18.762 16.141 13.794 10.060  8.966  6.748  5.916  5.429  4.111  6.302  8.854  9.224 10.404 12.244 11.445 13.917 15.034 16.809 15.452 16.193 13.956 15.950 15.453 17.624 18.700 20.086 22.656 23.888 25.388 26.719
 14.518 14.273 12.118 13.439 12.127 15.025 16.032 19.027 21.942 21.438 19.779 17.530 15.255 14.967 12.318 12.893 10.213 10.996 10.288  9.653  6.832  3.832  0.000  3.846  5.385  4.984  6.322  8.691  9.879 10.695 12.463 14.456 15.407 16.264 16.700 14.708 13.695 10.125 11.993 13.567 10.716  9.737  8.106 10.534 11.357 14.826 15.768 13.249 10.595  7.098  6.696  4.809  6.330  6.065  5.936  6.793 10.240 10.138  9.962 12.344 10.989 13.836 14.943 15.934 13.983 13.908 11.096 12.548 11.810 13.834 15.037 16.529 19.212 20.616 22.223 23.636
 16.812 16.533 14.676 15.700 13.967 16.686 16.967 19.757 22.558 22.465 20.696 18.870 16.252 16.333 13.517 14.199 11.819 12.883 12.977 11.626  8.285  5.239  3.846  0.000  3.849  5.424  5.059  6.290  8.807  9.886 10.469 12.619 14.397 15.165 14.775 12.863 11.122  7.535  9.588 11.887  9.882 10.101  9.813 12.976 14.547 18.112 18.592 15.960 12.775  9.677  8.222  4.783  6.375  8.112  8.703 10.324 13.535 13.336 13.612 16.073 14.742 17.382 18.097 18.930 17.260 16.843 13.872 14.673 12.985 14.471 14.696 15.737 18.128 19.260 20.838 22.332
 14.179 14.148 13.033 14.526 13.480 16.690 17.352 20.483 22.917 22.438 20.177 18.000 14.886 14.322 11.038 11.146  8.857 10.181 11.273 10.085  6.308  5.128  5.385  3.849  0.000  3.859  5.384  4.940  6.369  8.790  9.678 10.697 12.570 14.250 14.237 13.271 12.172  9.310 12.259 14.231 12.082 12.738 11.820 14.909 15.937 19.563 20.623 18.372 15.550 12.309 11.478  8.342  9.015  9.987  9.090 10.144 13.265 14.112 14.621 16.278 14.509 16.434 16.489 17.465 16.549 16.558 14.228 15.620 14.201 16.370 16.650 18.234 20.571 21.751 23.405 24.905
 12.422 11.538  9.789 10.831  9.645 12.921 13.868 17.177 19.579 18.873 16.628 14.311 11.387 11.013  8.130  9.180  7.545  9.862 10.833 10.951  7.379  6.561  4.984  5.424  3.859  0.000  3.848  5.402  5.123  6.461  8.754 10.026 10.733 12.189 13.063 11.955 11.857  9.218 12.336 13.320 10.438 10.809  9.188 12.142 13.067 16.764 17.977 16.243 13.732 10.865 11.258  9.036 10.733 10.800  9.528  9.169 12.797 13.921 13.457 14.884 12.434 14.210 14.007 14.370 13.286 12.919 10.643 12.108 10.971 13.653 14.448 16.657 19.195 20.689 22.505 24.056
 16.041 14.707 12.550 12.580 10.290 12.747 12.634 15.508 18.017 17.956 16.021 14.505 11.847 12.639 10.461 12.308 11.236 13.662 14.505 14.306 10.664  8.834  6.322  5.059  5.384  3.848  0.000  3.841  5.395  5.026  6.245  8.808  9.855 10.275 10.401  8.629  8.162  5.493  8.756  9.641  7.139  8.479  8.189 11.807 13.788 17.552 17.999 16.187 13.149 10.902 10.976  8.518 11.139 12.165 12.010 12.138 15.862 16.308 15.599 17.615 15.290 17.400 17.303 17.158 15.685 14.469 11.580 11.820  9.559 11.445 11.445 13.357 15.762 17.198 19.091 20.776
 16.615 15.642 14.311 14.691 12.883 15.494 15.239 18.056 20.154 20.108 17.800 16.347 13.159 13.589 10.976 12.255 11.412 13.833 15.473 14.810 10.994  9.850  8.691  6.290  4.940  5.402  3.841  0.000  3.844  5.403  4.905  6.405  8.768 10.012  9.434  8.830  8.032  6.356 10.027 11.455  9.947 11.988 12.010 15.619 17.437 21.203 21.796 19.929 16.841 14.373 13.882 10.764 12.572 14.092 13.658 14.201 17.666 18.464 18.346 20.099 17.802 19.524 19.004 19.078 18.242 17.353 14.879 15.317 12.969 14.757 14.133 15.801 17.803 18.929 20.730 22.386
 13.910 12.571 11.627 11.989 10.788 13.691 13.963 17.111 18.824 18.256 15.532 13.690 10.169 10.142  7.506  9.017  9.117 12.232 14.429 14.583 10.936 10.915  9.879  8.807  6.369  5.123  5.395  3.844  0.000  3.854  5.341  5.132  6.302  8.627  9.410  9.728 10.376  9.336 13.097 13.719 11.620 13.397 12.564 15.806 17.091 20.784 21.862 20.517 17.904 15.494 15.806 13.169 14.918 15.611 14.309 13.926 17.374 18.870 18.452 19.548 16.741 17.794 16.623 16.392 16.132 15.377 13.595 14.481 12.672 15.201 15.077 17.459 19.552 20.896 22.782 24.405
 15.760 13.625 11.825 10.988  8.771 10.907 10.511 13.469 15.208 14.950 12.481 11.239  8.199  9.578  8.248 11.003 11.561 14.903 16.592 17.141 13.546 12.852 10.695  9.886  8.790  6.461  5.026  5.403  3.854  0.000  3.849  5.433  5.045  5.750  7.106  6.810  8.482  8.047 11.574 11.203  8.995 11.112 10.645 13.916 15.720 19.360 20.016 19.032 16.441 14.757 15.589 13.473 16.045 16.726 15.891 15.158 18.879 20.016 18.928 20.280 17.275 18.528 17.442 16.472 15.721 14.084 11.993 11.984  9.662 11.981 11.692 14.389 16.469 18.001 20.032 21.749
 18.941 17.110 15.562 14.805 12.441 14.130 12.956 15.291 16.874 17.225 14.969 14.405 11.516 13.071 11.635 13.961 14.327 17.416 19.259 19.183 15.406 14.359 12.463 10.469  9.678  8.754  6.245  4.905  5.341  3.849  0.000  3.840  5.556  5.568  4.588  4.797  5.804  6.609 10.145 10.160  9.262 12.283 12.887 16.478 18.747 22.424 22.677 21.391 18.393 16.762 16.883 14.258 16.756 18.221 17.883 17.839 21.516 22.362 21.623 23.308 20.568 22.030 21.051 20.255 19.495 17.814 15.475 15.016 12.091 13.489 12.123 14.094 15.691 16.867 18.835 20.604
 18.075 16.391 15.659 15.223 13.652 15.661 14.932 17.440 18.500 18.432 15.690 14.859 11.533 12.414 10.842 12.705 13.701 16.917 19.421 19.464 15.803 15.636 14.456 12.619 10.697 10.026  8.808  6.405  5.132  5.433  3.840  0.000  3.845  6.043  5.812  7.955  9.264 10.190 13.793 13.954 12.973 15.774 15.843 19.257 21.054 24.710 25.395 24.263 21.471 19.546 19.726 16.930 18.928 20.182 19.241 19.007 22.477 23.873 23.372 24.565 21.645 22.541 21.015 20.275 20.234 18.953 17.244 17.321 14.855 16.730 15.595 17.770 19.243 20.326 22.193 23.840
 17.201 14.845 13.959 12.839 11.357 12.969 12.337 14.875 15.535 15.153 12.213 11.484  8.320  9.693  9.196 11.842 13.651 17.266 19.698 20.458 16.979 17.030 15.407 14.397 12.570 10.733  9.855  8.768  6.302  5.045  5.556  3.845  0.000  3.835  6.071  8.294 10.891 11.900 15.371 14.669 13.178 15.699 15.333 18.340 19.931 23.394 24.208 23.627 21.240 19.696 20.592 18.338 20.671 21.385 20.174 19.228 22.759 24.369 23.345 24.233 20.957 21.501 19.635 18.275 18.391 16.792 15.544 15.504 13.372 15.574 14.850 17.620 19.178 20.522 22.480 24.116
 19.924 17.249 15.661 13.799 11.431 12.024 10.350 12.232 12.851 13.162 10.781 11.117  8.895 11.478 11.690 14.834 16.399 19.996 21.972 22.726 19.158 18.544 16.264 15.165 14.250 12.189 10.275 10.012  8.627  5.750  5.568  6.043  3.835  0.000  3.854  5.703  9.170 10.939 13.850 12.367 11.328 14.193 14.487 17.468 19.601 22.956 23.229 22.814 20.362 19.434 20.459 18.509 21.355 22.266 21.586 20.684 24.404 25.566 24.180 25.445 22.213 23.122 21.567 19.845 19.389 17.123 15.469 14.499 11.815 13.297 12.038 14.756 16.064 17.448 19.488 21.203
 22.360 20.072 18.490 16.978 14.374 15.048 12.991 14.454 15.316 16.212 14.226 14.751 12.496 14.858 14.419 17.175 18.203 21.537 23.485 23.645 19.896 18.854 16.700 14.775 14.237 13.063 10.401  9.434  9.410  7.106  4.588  5.812  6.071  3.854  0.000  3.824  6.587  9.329 11.966 10.894 10.960 14.416 15.537 18.900 21.453 24.936 24.855 23.995 21.111 20.114 20.488 18.148 20.931 22.471 22.268 22.005 25.745 26.564 25.508 27.176 24.242 25.534 24.285 22.926 22.247 20.051 17.908 16.730 13.531 14.265 12.148 14.018 14.920 15.947 17.919 19.687
 22.503 20.230 18.053 16.456 13.314 13.767 11.451 12.787 14.373 15.583 14.117 14.641 12.778 15.381 14.855 17.760 18.202 21.324 22.691 22.754 19.035 17.357 14.708 12.863 13.271 11.955  8.629  8.830  9.728  6.810  4.797  7.955  8.294  5.703  3.824  0.000  3.898  6.508  8.653  7.156  7.370 10.979 12.637 16.047 18.969 22.409 21.947 20.919 17.897 17.205 17.544 15.507 18.636 20.248 20.540 20.431 24.235 24.576 23.347 25.401 22.707 24.473 23.748 22.467 21.173 18.762 16.086 14.487 10.945 11.101  8.732 10.394 11.577 12.827 14.991 16.942
 23.563 21.787 19.625 18.580 15.477 16.344 14.275 15.649 17.647 18.928 17.584 17.773 15.691 17.846 16.630 19.044 18.771 21.429 22.562 22.007 18.281 16.109 13.695 11.122 12.172 11.857  8.162  8.032 10.376  8.482  5.804  9.264 10.891  9.170  6.587  3.898  0.000  3.895  5.629  5.660  6.947 10.588 12.828 16.477 19.564 23.076 22.418 20.789 17.380 16.420 15.943 13.527 16.454 18.653 19.476 20.073 23.757 23.686 22.884 25.321 23.073 25.245 24.953 24.187 22.663 20.555 17.491 16.077 12.488 12.228  9.686 10.211 11.342 12.212 14.197 16.166
 21.483 20.053 17.746 17.195 14.233 15.630 14.231 16.109 18.627 19.520 18.146 17.673 15.478 17.139 15.444 17.523 16.581 18.838 19.536 18.796 15.190 12.634 10.125  7.535  9.310  9.218  5.493  6.356  9.336  8.047  6.609 10.190 11.900 10.939  9.329  6.508  3.895  0.000  3.842  5.487  5.344  8.220 10.205 13.952 16.886 20.458 19.942 17.910 14.372 12.982 12.216  9.677 12.652 14.833 15.859 16.709 20.309 20.007 19.359 21.969 20.022 22.486 22.618 22.267 20.483 18.718 15.422 14.452 11.203 11.310  9.694 10.277 12.138 13.193 15.073 16.944
 24.625 23.208 20.606 19.883 16.658 17.527 15.767 17.023 19.739 21.074 20.250 20.142 18.427 20.353 18.863 21.000 19.827 21.811 22.034 21.105 17.739 14.664 11.993  9.588 12.259 12.336  8.756 10.027 13.097 11.574 10.145 13.793 15.371 13.850 11.966  8.653  5.629  3.842  0.000  3.840  5.565  7.942 10.977 14.357 17.681 20.958 19.801 17.562 13.884 13.161 11.992 10.032 13.144 15.641 17.449 18.611 22.052 21.116 20.390 23.421 21.867 24.701 25.253 24.900 22.695 20.727 17.151 15.653 12.323 11.286  9.236  8.419 10.001 10.766 12.505 14.458
 25.075 23.130 20.247 18.846 15.284 15.390 13.079 13.817 16.451 18.105 17.658 18.088 16.932 19.433 18.642 21.326 20.680 23.084 23.339 22.984 19.596 16.748 13.567 11.887 14.231 13.320  9.641 11.455 13.719 11.203 10.160 13.954 14.669 12.367 10.894  7.156  5.660  5.487  3.840  0.000  3.834  6.843 10.212 13.329 16.921 20.032 18.618 16.993 13.615 13.700 13.512 12.282 15.808 17.739 19.271 19.766 23.384 22.602 21.269 24.144 22.239 24.903 25.253 24.344 22.042 19.546 16.041 13.848 10.224  8.521  5.763  5.084  6.940  8.378 10.649 12.873
 21.709 19.701 16.655 15.302 11.783 12.185 10.473 11.942 14.896 15.973 15.321 15.198 14.047 16.334 15.567 18.290 17.603 20.032 20.127 20.155 16.882 14.213 10.716  9.882 12.082 10.438  7.139  9.947 11.620  8.995  9.262 12.973 13.178 11.328 10.960  7.370  6.947  5.344  5.565  3.834  0.000  3.819  6.592  9.929 13.369 16.649 15.636 14.124 10.871 10.720 11.249 10.326 14.046 15.313 16.438 16.468 20.154 19.594 17.993 20.675 18.596 21.196 21.568 20.644 18.263 15.826 12.286 10.335  6.845  6.094  4.953  6.318  9.049 10.898 13.090 15.063
 21.138 19.261 15.894 14.702 11.359 11.716 10.750 12.287 15.623 16.362 16.051 15.524 14.821 16.776 16.060 18.593 17.507 19.528 18.929 19.161 16.357 13.491  9.737 10.101 12.738 10.809  8.479 11.988 13.397 11.112 12.283 15.774 15.699 14.193 14.416 10.979 10.588  8.220  7.942  6.843  3.819  0.000  3.828  6.626 10.233 13.321 12.107 10.400  7.156  7.555  8.764  9.079 12.875 13.474 14.825 14.647 18.125 17.171 15.197 18.066 16.311 19.228 20.149 19.371 16.490 14.147 10.387  8.471  5.914  5.166  6.217  7.435 10.440 12.393 14.345 16.057
 17.937 16.065 12.561 11.599  8.677  9.625  9.912 12.206 15.511 15.462 14.871 13.578 12.907 14.313 13.623 15.997 14.858 16.788 15.958 16.734 14.247 11.872  8.106  9.813 11.820  9.188  8.189 12.010 12.564 10.645 12.887 15.843 15.333 14.487 15.537 12.637 12.828 10.205 10.977 10.212  6.592  3.828  0.000  3.823  6.872 10.352 10.044  8.590  5.999  5.701  8.233  9.012 12.438 12.012 12.609 11.663 15.144 14.582 12.225 14.722 12.695 15.514 16.494 15.760 12.761 10.642  6.845  5.841  4.791  6.292  8.744 10.844 13.816 15.797 17.650 19.170
 18.681 16.777 13.073 11.983  9.582  9.863 10.800 12.697 16.013 15.675 15.631 14.257 14.405 15.631 15.436 17.694 16.563 18.156 16.722 17.970 16.140 14.007 10.534 12.976 14.909 12.142 11.807 15.619 15.806 13.916 16.478 19.257 18.340 17.468 18.900 16.047 16.477 13.952 14.357 13.329  9.929  6.626  3.823  0.000  3.825  6.783  6.305  5.499  4.534  5.816  9.363 11.358 14.382 13.149 13.671 12.150 15.102 14.297 11.217 13.531 11.782 14.635 16.086 15.201 11.688  9.514  6.066  5.065  6.253  7.457 10.808 12.805 15.676 17.706 19.386 20.685
 16.901 15.240 11.661 11.116  9.890 10.614 12.651 14.830 17.851 16.846 16.648 14.638 14.924 15.376 15.235 17.008 15.773 16.927 15.038 16.840 15.710 14.216 11.357 14.547 15.937 13.067 13.788 17.437 17.091 15.720 18.747 21.054 19.931 19.601 21.453 18.969 19.564 16.886 17.681 16.921 13.369 10.233  6.872  3.825  0.000  3.847  5.543  5.521  6.514  6.953 10.746 12.996 15.311 13.170 12.975 10.687 13.060 12.576  9.022 10.623  8.906 11.603 13.451 12.781  9.026  7.645  5.273  6.310  8.963 10.903 14.390 16.575 19.414 21.407 22.997 24.165
 19.147 17.583 14.180 13.571 12.804 12.902 15.042 16.714 19.556 18.434 18.724 16.860 17.734 18.116 18.338 19.969 18.798 19.631 17.361 19.368 18.769 17.417 14.826 18.112 19.563 16.764 17.552 21.203 20.784 19.360 22.424 24.710 23.394 22.956 24.936 22.409 23.076 20.458 20.958 20.032 16.649 13.321 10.352  6.783  3.847  0.000  3.850  5.614  8.416  9.697 13.345 16.109 18.145 15.692 15.576 13.189 14.761 14.015 10.231 11.323 10.345 12.662 14.875 14.140 10.360  9.306  8.162  8.883 11.949 13.395 17.052 19.038 21.733 23.706 25.141 26.136
 22.221 20.491 16.889 15.830 14.241 13.705 14.973 15.997 19.041 18.536 19.307 18.089 19.136 20.150 20.428 22.417 21.236 22.268 20.094 21.665 20.709 18.762 15.768 18.592 20.623 17.977 17.999 21.796 21.862 20.016 22.677 25.395 24.208 23.229 24.855 21.947 22.418 19.942 19.801 18.618 15.636 12.107 10.044  6.305  5.543  3.850  0.000  3.821  6.951  9.609 13.035 16.077 18.505 16.606 17.271 15.492 17.336 16.000 12.418 14.280 13.537 16.171 18.307 17.409 13.611 11.877  9.947  9.229 11.571 11.921 15.460 16.931 19.464 21.382 22.717 23.657
 21.744 20.435 16.926 16.425 14.654 14.848 15.899 17.272 20.568 20.282 20.649 19.259 19.615 20.467 20.073 21.790 20.086 20.826 18.500 19.496 18.509 16.141 13.249 15.960 18.372 16.243 16.187 19.929 20.517 19.032 21.391 24.263 23.627 22.814 23.995 20.919 20.789 17.910 17.562 16.993 14.124 10.400  8.590  5.499  5.521  5.614  3.821  0.000  3.826  6.484  9.573 12.886 15.155 13.417 14.629 13.525 15.408 13.526 10.327 13.011 12.734 15.974 18.410 18.130 14.362 13.044 10.412 10.033 11.551 11.787 14.932 15.961 18.588 20.350 21.645 22.619
 21.227 19.938 16.457 16.004 13.717 14.261 14.774 16.328 19.768 19.817 19.873 18.611 18.424 19.479 18.691 20.501 18.679 19.632 17.693 18.172 16.623 13.794 10.595 12.775 15.550 13.732 13.149 16.841 17.904 16.441 18.393 21.471 21.240 20.362 21.111 17.897 17.380 14.372 13.884 13.615 10.871  7.156  5.999  4.534  6.514  8.416  6.951  3.826  0.000  3.825  6.580  9.621 12.370 11.380 13.058 12.610 15.092 13.192 10.596 13.801 13.215 16.669 18.795 18.622 15.064 13.558 10.210  9.516  9.824  9.816 12.422 13.201 15.923 17.629 19.023 20.167
 18.526 17.697 14.549 14.855 12.973 14.510 15.414 17.630 20.983 20.742 20.165 18.393 17.495 17.984 16.545 17.868 15.620 16.277 14.339 14.505 12.943 10.060  7.098  9.677 12.309 10.865 10.902 14.373 15.494 14.757 16.762 19.546 19.696 19.434 20.114 17.205 16.420 12.982 13.161 13.700 10.720  7.555  5.701  5.816  6.953  9.697  9.609  6.484  3.825  0.000  3.838  6.605  9.047  7.790  9.342  9.256 11.926 10.174  8.153 11.551 10.984 14.593 16.725 17.131 13.908 13.097  9.787 10.229 10.370 11.318 13.568 14.604 17.417 19.015 20.465 21.686
 20.097 19.737 16.970 17.655 15.736 17.541 18.068 20.245 23.605 23.625 22.870 21.180 19.808 20.208 18.227 19.187 16.525 16.801 14.954 14.118 12.484  8.966  6.696  8.222 11.478 11.258 10.976 13.882 15.806 15.589 16.883 19.726 20.592 20.459 20.488 17.544 15.943 12.216 11.992 13.512 11.249  8.764  8.233  9.363 10.746 13.345 13.035  9.573  6.580  3.838  0.000  3.837  5.927  5.854  8.720 10.161 12.536 10.283  9.625 13.287 13.282 16.939 19.094 19.948 17.034 16.495 13.166 13.557 12.950 13.469 14.881 15.217 17.816 19.060 20.338 21.522
 19.238 19.017 16.639 17.524 15.589 17.813 18.113 20.527 23.708 23.785 22.600 20.898 18.934 19.238 16.814 17.605 14.917 15.369 14.256 12.872 10.537  6.748  4.809  4.783  8.342  9.036  8.518 10.764 13.169 13.473 14.258 16.930 18.338 18.509 18.148 15.507 13.527  9.677 10.032 12.282 10.326  9.079  9.012 11.358 12.996 16.109 16.077 12.886  9.621  6.605  3.837  0.000  3.853  5.695  8.186 10.261 13.006 11.488 11.588 14.849 14.382 17.709 19.318 20.267 17.863 17.386 14.080 14.586 13.299 14.076 14.770 15.167 17.650 18.746 20.112 21.439
 19.400 19.921 18.075 19.637 18.273 20.872 21.518 24.109 27.243 27.112 25.729 23.708 21.494 21.228 18.378 18.399 15.190 14.735 13.330 11.103  9.513  5.916  6.330  6.375  9.015 10.733 11.139 12.572 14.918 16.045 16.756 18.928 20.671 21.355 20.931 18.636 16.454 12.652 13.144 15.808 14.046 12.875 12.438 14.382 15.311 18.145 18.505 15.155 12.370  9.047  5.927  3.853  0.000  3.812  6.768  9.989 11.825 10.090 11.439 14.500 14.753 17.991 19.846 21.457 19.344 19.557 16.626 17.721 16.804 17.827 18.573 18.893 21.266 22.187 23.395 24.587
 17.276 17.999 16.156 18.045 17.206 19.928 21.183 23.948 27.085 26.562 25.208 22.827 20.851 20.193 17.473 17.247 13.860 12.956 10.750  9.046  8.375  5.429  6.065  8.112  9.987 10.800 12.165 14.092 15.611 16.726 18.221 20.182 21.385 22.266 22.471 20.248 18.653 14.833 15.641 17.739 15.313 13.474 12.012 13.149 13.170 15.692 16.606 13.417 11.380  7.790  5.854  5.695  3.812  0.000  3.835  6.930  8.320  6.323  7.812 10.798 11.455 14.783 17.048 18.937 16.748 17.446 14.909 16.600 16.510 18.011 19.478 20.273 22.873 24.041 25.316 26.463
 13.679 14.791 13.444 15.911 15.804 18.954 20.731 23.837 26.736 25.783 24.095 21.309 19.144 17.872 14.978 14.206 10.644  9.316  6.933  5.555  5.397  4.111  5.936  8.703  9.090  9.528 12.010 13.658 14.309 15.891 17.883 19.241 20.174 21.586 22.268 20.540 19.476 15.859 17.449 19.271 16.438 14.825 12.609 13.671 12.975 15.576 17.271 14.629 13.058  9.342  8.720  8.186  6.768  3.835  0.000  3.825  5.284  5.156  6.920  8.729  8.940 11.768 13.788 16.049 14.388 15.710 13.817 16.243 16.593 18.811 20.526 21.927 24.630 25.959 27.377 28.582
 10.930 11.739 10.212 12.828 13.269 16.458 18.757 21.985 24.721 23.400 21.705 18.663 16.792 15.260 12.767 12.113  8.905  7.966  5.199  6.230  6.230  6.302  6.793 10.324 10.144  9.169 12.138 14.201 13.926 15.158 17.839 19.007 19.228 20.684 22.005 20.431 20.073 16.709 18.611 19.766 16.468 14.647 11.663 12.150 10.687 13.189 15.492 13.525 12.610  9.256 10.161 10.261  9.989  6.930  3.825  0.000  3.855  5.484  5.458  6.186  5.312  8.087 10.160 12.357 10.682 12.364 11.050 14.027 15.079 17.793 20.001 21.943 24.765 26.329 27.870 29.102
 11.888 13.561 12.698 15.674 16.624 19.744 22.277 25.462 28.172 26.683 25.038 21.840 20.097 18.184 15.720 14.417 11.097  8.922  5.149  6.027  8.097  8.854 10.240 13.535 13.265 12.797 15.862 17.666 17.374 18.879 21.516 22.477 22.759 24.404 25.745 24.235 23.757 20.309 22.052 23.384 20.154 18.125 15.144 15.102 13.060 14.761 17.336 15.408 15.092 11.926 12.536 13.006 11.825  8.320  5.284  3.855  0.000  3.858  5.422  4.671  5.924  8.048 10.784 13.742 12.418 14.816 14.082 17.241 18.654 21.299 23.648 25.466 28.278 29.786 31.223 32.354
 15.487 16.750 15.269 17.720 17.983 20.740 22.915 25.818 28.808 27.661 26.370 23.483 21.954 20.587 18.226 17.431 14.064 12.238  8.686  8.437  9.948  9.224 10.138 13.336 14.112 13.921 16.308 18.464 18.870 20.016 22.362 23.873 24.369 25.566 26.564 24.576 23.686 20.007 21.116 22.602 19.594 17.171 14.582 14.297 12.576 14.015 16.000 13.526 13.192 10.174 10.283 11.488 10.090  6.323  5.156  5.484  3.858  0.000  3.836  5.460  7.811 10.845 13.965 16.499 14.453 16.254 14.852 17.463 18.692 20.770 23.091 24.432 27.199 28.603 29.903 30.949
 15.146 15.626 13.493 15.401 15.526 17.891 20.192 22.943 25.936 24.735 23.728 20.945 19.919 18.873 17.100 16.953 14.100 13.108  9.751 10.668 11.375 10.404  9.962 13.612 14.621 13.457 15.599 18.346 18.452 18.928 21.623 23.372 23.345 24.180 25.508 23.347 22.884 19.359 20.390 21.269 17.993 15.197 12.225 11.217  9.022 10.231 12.418 10.327 10.596  8.153  9.625 11.588 11.439  7.812  6.920  5.458  5.422  3.836  0.000  3.854  5.616  9.214 12.523 14.402 11.750 13.208 11.823 14.369 16.070 18.171 20.893 22.467 25.304 26.892 28.260 29.316
 13.230 14.118 12.600 14.992 16.036 18.564 21.383 24.305 27.011 25.370 24.181 21.052 20.096 18.452 16.834 16.180 13.545 12.142  8.588 10.519 12.015 12.244 12.344 16.073 16.278 14.884 17.615 20.099 19.548 20.280 23.308 24.565 24.233 25.445 27.176 25.401 25.321 21.969 23.421 24.144 20.675 18.066 14.722 13.531 10.623 11.323 14.280 13.011 13.801 11.551 13.287 14.849 14.500 10.798  8.729  6.186  4.671  5.460  3.854  0.000  3.842  6.371 10.031 12.436 10.393 12.828 12.557 15.713 17.922 20.488 23.391 25.351 28.219 29.892 31.320 32.378
 10.438 10.656  8.832 11.202 12.495 15.185 18.189 21.281 23.797 21.995 20.608 17.364 16.387 14.688 13.301 12.976 10.836 10.329  7.566 10.343 10.911 11.445 10.989 14.742 14.509 12.434 15.290 17.802 16.741 17.275 20.568 21.645 20.957 22.213 24.242 22.707 23.073 20.022 21.867 22.239 18.596 16.311 12.695 11.782  8.906 10.345 13.537 12.734 13.215 10.984 13.282 14.382 14.753 11.455  8.940  5.312  5.924  7.811  5.616  3.842  0.000  3.830  6.989  8.952  6.849  9.381  9.422 12.922 15.219 18.198 21.109 23.480 26.364 28.155 29.730 30.892
  8.345  8.826  8.053 10.846 13.199 15.931 19.316 22.501 24.600 22.375 20.754 17.229 16.326 13.976 12.925 12.092 10.632 10.068  7.962 11.517 12.432 13.917 13.836 17.382 16.434 14.210 17.400 19.524 17.794 18.528 22.030 22.541 21.501 23.122 25.534 24.473 25.245 22.486 24.701 24.903 21.196 19.228 15.514 14.635 11.603 12.662 16.171 15.974 16.669 14.593 16.939 17.709 17.991 14.783 11.768  8.087  8.048 10.845  9.214  6.371  3.830  0.000  3.836  6.566  5.986  9.558 10.938 14.692 17.240 20.546 23.473 26.171 29.019 30.862 32.486 33.656
  5.655  5.626  5.976  9.028 12.156 15.027 18.528 21.846 23.511 21.023 19.019 15.316 14.239 11.356 10.619  9.599  9.216  9.451  8.834 12.615 12.998 15.034 14.943 18.097 16.489 14.007 17.303 19.004 16.623 17.442 21.051 21.015 19.635 21.567 24.285 23.748 24.953 22.618 25.253 25.253 21.568 20.149 16.494 16.086 13.451 14.875 18.307 18.410 18.795 16.725 19.094 19.318 19.846 17.048 13.788 10.160 10.784 13.965 12.523 10.031  6.989  3.836  0.000  3.844  5.583  9.146 11.239 14.986 17.357 20.964 23.677 26.697 29.463 31.332 33.044 34.277
  7.681  5.510  4.812  6.409  9.914 12.247 15.906 19.074 20.422 17.726 15.816 12.148 11.715  9.163  9.707  9.911 10.669 12.063 11.955 15.584 15.222 16.809 15.934 18.930 17.465 14.370 17.158 19.078 16.392 16.472 20.255 20.275 18.275 19.845 22.926 22.467 24.187 22.267 24.900 24.344 20.644 19.371 15.760 15.201 12.781 14.140 17.409 18.130 18.622 17.131 19.948 20.267 21.457 18.937 16.049 12.357 13.742 16.499 14.402 12.436  8.952  6.566  3.844  0.000  3.844  6.635  9.597 13.027 15.608 19.265 22.050 25.334 28.014 29.983 31.750 33.001
  9.964  7.918  5.301  6.035  8.414 10.478 14.102 17.144 18.992 16.614 15.206 11.814 11.761 10.212 10.611 11.525 11.480 12.826 11.903 15.241 14.694 15.452 13.983 17.260 16.549 13.286 15.685 18.242 16.132 15.721 19.495 20.234 18.391 19.389 22.247 21.173 22.663 20.483 22.695 22.042 18.263 16.490 12.761 11.688  9.026 10.360 13.611 14.362 15.064 13.908 17.034 17.863 19.344 16.748 14.388 10.682 12.418 14.453 11.750 10.393  6.849  5.986  5.583  3.844  0.000  3.829  6.487 10.046 13.002 16.456 19.542 22.652 25.412 27.426 29.163 30.394
 12.611  9.812  6.381  4.723  5.734  6.917 10.549 13.448 15.353 13.106 12.033  9.021  9.687  9.400 10.569 12.637 13.007 15.074 14.464 17.390 16.118 16.193 13.908 16.843 16.558 12.919 14.469 17.353 15.377 14.084 17.814 18.953 16.792 17.123 20.051 18.762 20.555 18.718 20.727 19.546 15.826 14.147 10.642  9.514  7.645  9.306 11.877 13.044 13.558 13.097 16.495 17.386 19.557 17.446 15.710 12.364 14.816 16.254 13.208 12.828  9.381  9.558  9.146  6.635  3.829  0.000  3.821  6.707  9.864 13.244 16.407 19.662 22.350 24.446 26.233 27.503
 13.915 11.408  7.609  6.109  4.756  6.154  8.978 11.958 14.528 13.018 12.101  9.636  9.756 10.283 10.688 13.066 12.812 14.947 14.198 16.457 14.693 13.956 11.096 13.872 14.228 10.643 11.580 14.879 13.595 11.993 15.475 17.244 15.544 15.469 17.908 16.086 17.491 15.422 17.151 16.041 12.286 10.387  6.845  6.066  5.273  8.162  9.947 10.412 10.210  9.787 13.166 14.080 16.626 14.909 13.817 11.050 14.082 14.852 11.823 12.557  9.422 10.938 11.239  9.597  6.487  3.821  0.000  3.829  6.681 10.019 13.196 16.253 19.047 21.136 22.955 24.301
 17.399 14.650 10.890  8.524  5.678  4.886  6.382  8.777 11.738 10.904 10.719  9.408 10.220 12.004 12.856 15.792 15.769 18.179 17.579 19.453 17.296 15.950 12.548 14.673 15.620 12.108 11.820 15.317 14.481 11.984 15.016 17.321 15.504 14.499 16.730 14.487 16.077 14.452 15.653 13.848 10.335  8.471  5.841  5.065  6.310  8.883  9.229 10.033  9.516 10.229 13.557 14.586 17.721 16.600 16.243 14.027 17.241 17.463 14.369 15.713 12.922 14.692 14.986 13.027 10.046  6.707  3.829  0.000  3.821  6.651 10.083 13.208 15.918 18.119 19.997 21.395
 18.765 16.067 12.515 10.213  6.545  5.908  5.245  7.580 10.796 10.870 10.488  9.931 10.040 12.484 12.957 16.145 16.126 18.815 18.650 19.948 17.220 15.453 11.810 12.985 14.201 10.971  9.559 12.969 12.672  9.662 12.091 14.855 13.372 11.815 13.531 10.945 12.488 11.203 12.323 10.224  6.845  5.914  4.791  6.253  8.963 11.949 11.571 11.551  9.824 10.370 12.950 13.299 16.804 16.510 16.593 15.079 18.654 18.692 16.070 17.922 15.219 17.240 17.357 15.608 13.002  9.864  6.681  3.821  0.000  3.823  6.602  9.931 12.683 14.909 16.974 18.595
 22.450 19.839 16.283 13.964 10.283  8.952  7.017  7.598 10.976 12.076 12.507 12.883 13.309 16.080 16.544 19.732 19.549 22.109 21.772 22.710 19.920 17.624 13.834 14.471 16.370 13.653 11.445 14.757 15.201 11.981 13.489 16.730 15.574 13.297 14.265 11.101 12.228 11.310 11.286  8.521  6.094  5.166  6.292  7.457 10.903 13.395 11.921 11.787  9.816 11.318 13.469 14.076 17.827 18.011 18.811 17.793 21.299 20.770 18.171 20.488 18.198 20.546 20.964 19.265 16.456 13.244 10.019  6.651  3.823  0.000  3.822  6.710  9.475 11.856 13.986 15.704
 24.457 21.890 18.594 16.331 12.536 11.390  8.622  8.657 11.509 13.313 13.591 14.532 14.518 17.564 17.830 21.069 20.989 23.712 23.766 24.297 21.156 18.700 15.037 14.696 16.650 14.448 11.445 14.133 15.077 11.692 12.123 15.595 14.850 12.038 12.148  8.732  9.686  9.694  9.236  5.763  4.953  6.217  8.744 10.808 14.390 17.052 15.460 14.932 12.422 13.568 14.881 14.770 18.573 19.478 20.526 20.001 23.648 23.091 20.893 23.391 21.109 23.473 23.677 22.050 19.542 16.407 13.196 10.083  6.602  3.822  0.000  3.824  6.488  8.917 11.367 13.419
 27.433 25.112 21.825 19.818 16.059 15.052 12.327 11.941 14.616 16.735 17.230 18.271 18.145 21.085 21.041 24.082 23.654 26.118 25.982 26.084 22.964 20.086 16.529 15.737 18.234 16.657 13.357 15.801 17.459 14.389 14.094 17.770 17.620 14.756 14.018 10.394 10.211 10.277  8.419  5.084  6.318  7.435 10.844 12.805 16.575 19.038 16.931 15.961 13.201 14.604 15.217 15.167 18.893 20.273 21.927 21.943 25.466 24.432 22.467 25.351 23.480 26.171 26.697 25.334 22.652 19.662 16.253 13.208  9.931  6.710  3.824  0.000  3.832  6.302  8.843 11.107
 30.062 27.693 24.485 22.371 18.614 17.404 14.395 13.448 15.733 18.229 18.893 20.321 20.275 23.367 23.424 26.511 26.213 28.740 28.727 28.730 25.543 22.656 19.212 18.128 20.571 19.195 15.762 17.803 19.552 16.469 15.691 19.243 19.178 16.064 14.920 11.577 11.342 12.138 10.001  6.940  9.049 10.440 13.816 15.676 19.414 21.733 19.464 18.588 15.923 17.417 17.816 17.650 21.266 22.873 24.630 24.765 28.278 27.199 25.304 28.219 26.364 29.019 29.463 28.014 25.412 22.350 19.047 15.918 12.683  9.475  6.488  3.832  0.000  3.833  6.629  9.165
 31.760 29.496 26.377 24.369 20.663 19.556 16.545 15.534 17.646 20.220 20.850 22.328 22.164 25.208 25.141 28.129 27.765 30.219 30.244 30.044 26.844 23.888 20.616 19.260 21.751 20.689 17.198 18.929 20.896 18.001 16.867 20.326 20.522 17.448 15.947 12.827 12.212 13.193 10.766  8.378 10.898 12.393 15.797 17.706 21.407 23.706 21.382 20.350 17.629 19.015 19.060 18.746 22.187 24.041 25.959 26.329 29.786 28.603 26.892 29.892 28.155 30.862 31.332 29.983 27.426 24.446 21.136 18.119 14.909 11.856  8.917  6.302  3.833  0.000  3.845  6.766
 33.511 31.317 28.215 26.263 22.629 21.508 18.579 17.456 19.429 22.018 22.760 24.270 24.157 27.147 27.052 29.962 29.523 31.873 31.822 31.525 28.401 25.388 22.223 20.838 23.405 22.505 19.091 20.730 22.782 20.032 18.835 22.193 22.480 19.488 17.919 14.991 14.197 15.073 12.505 10.649 13.090 14.345 17.650 19.386 22.997 25.141 22.717 21.645 19.023 20.465 20.338 20.112 23.395 25.316 27.377 27.870 31.223 29.903 28.260 31.320 29.730 32.486 33.044 31.750 29.163 26.233 22.955 19.997 16.974 13.986 11.367  8.843  6.629  3.845  0.000  3.811
