  0.000  3.837  6.775 10.363 13.262 16.737 19.738 23.288 24.776 22.469 19.792 16.121 13.861 10.367  8.338  5.529  5.448  5.850  7.633 10.788 10.748 13.737 14.511 16.803 14.174 12.427 16.046 16.619 13.913 15.743 18.934 18.086 17.199 19.908 22.360 22.489 23.571 21.487 24.624 25.067 21.697 21.123 17.927 18.670 16.892 19.149 22.232 21.731 21.213 18.512 20.086 19.233 19.418 17.272 13.684 10.935 11.895 15.496 15.145 13.227 10.437  8.334  5.648  7.682  9.960 12.603 13.898 17.384 18.766 22.451 24.461 27.434 30.078 31.792 33.528 34.766
  3.837  0.000  3.829  6.875 10.062 13.336 16.405 19.909 21.195 18.787 16.085 12.387 10.344  6.830  5.736  4.617  6.224  8.389  9.978 13.140 12.220 14.493 14.288 16.550 14.166 11.561 14.732 15.668 12.597 13.624 17.119 16.417 14.856 17.242 20.081 20.225 21.806 20.071 23.222 23.136 19.704 19.260 16.070 16.779 15.242 17.586 20.510 20.433 19.938 17.697 19.739 19.031 19.958 18.011 14.815 11.758 13.576 16.769 15.632 14.121 10.662  8.813  5.607  5.495  7.913  9.805 11.400 14.646 16.080 19.852 21.905 25.126 27.718 29.536 31.338 32.610
  6.775  3.829  0.000  3.820  6.715 10.056 13.242 16.758 18.394 16.155 13.790 10.128  8.493  6.008  5.444  6.412  7.124  9.599 10.254 13.299 11.919 13.237 12.134 14.692 13.047  9.808 12.571 14.329 11.646 11.818 15.561 15.675 13.961 15.645 18.487 18.037 19.632 17.755 20.613 20.245 16.653 15.890 12.564 13.075 11.666 14.186 16.913 16.929 16.458 14.550 16.970 16.654 18.108 16.167 13.467 10.229 12.711 15.288 13.501 12.609  8.843  8.047  5.963  4.803  5.303  6.375  7.601 10.882 12.521 16.289 18.602 21.831 24.501 26.408 28.230 29.521
 10.363  6.875  3.820  0.000  3.818  6.543  9.899 13.322 14.748 12.409 10.147  6.501  5.750  4.721  6.261  8.862 10.243 13.150 13.780 16.595 14.766 15.397 13.454 15.719 14.540 10.846 12.601 14.709 12.012 10.985 14.804 15.238 12.844 13.783 16.970 16.434 18.579 17.196 19.886 18.840 15.297 14.695 11.602 11.987 11.124 13.572 15.855 16.428 16.006 14.855 17.648 17.535 19.665 18.050 15.930 12.839 15.679 17.732 15.404 14.998 11.210 10.840  9.017  6.403  6.043  4.720  6.106  8.519 10.219 13.971 16.336 19.822 22.383 24.395 26.269 27.583
 13.262 10.062  6.715  3.818  0.000  3.829  6.601 10.211 12.139 10.450  8.471  5.671  5.050  6.377  7.526 10.810 11.716 14.794 15.271 17.489 15.090 14.821 12.133 13.978 13.480  9.643 10.301 12.888 10.797  8.764 12.430 13.655 11.355 11.413 14.358 13.286 15.464 14.223 16.655 15.275 11.776 11.352  8.681  9.591  9.904 12.809 14.276 14.662 13.722 12.969 15.719 15.591 18.287 17.198 15.810 13.265 16.615 17.983 15.521 16.036 12.494 13.185 12.137  9.906  8.422  5.742  4.765  5.688  6.559 10.297 12.545 16.065 18.627 20.688 22.635 24.041
 16.737 13.336 10.056  6.543  3.829  0.000  3.837  7.021  8.851  7.147  6.098  4.631  6.368  8.899 10.945 14.394 15.520 18.573 18.857 21.100 18.717 18.093 15.034 16.705 16.699 12.926 12.768 15.514 13.717 10.921 14.138 15.681 12.988 12.027 15.047 13.751 16.339 15.627 17.531 15.388 12.186 11.711  9.627  9.864 10.614 12.884 13.724 14.845 14.259 14.501 17.521 17.818 20.884 19.916 18.957 16.448 19.725 20.729 17.873 18.551 15.171 15.905 15.000 12.228 10.470  6.907  6.153  4.891  5.919  8.967 11.403 15.063 17.420 19.583 21.515 22.881
 19.738 16.405 13.242  9.899  6.601  3.837  0.000  3.847  6.187  6.036  5.621  6.374  7.807 11.192 13.012 16.678 17.779 20.995 21.447 23.247 20.468 19.374 16.038 16.985 17.356 13.864 12.646 15.250 13.978 10.519 12.956 14.940 12.346 10.348 12.979 11.426 14.257 14.217 15.765 13.074 10.470 10.742  9.911 10.803 12.656 15.029 15.000 15.903 14.778 15.407 18.044 18.114 21.528 21.170 20.732 18.744 22.257 22.904 20.175 21.371 18.176 19.290 18.500 15.886 14.096 10.543  8.979  6.393  5.255  7.035  8.635 12.340 14.407 16.560 18.569 20.041
 23.288 19.909 16.758 13.322 10.211  7.021  3.847  0.000  3.862  5.658  6.910  9.051 11.048 14.556 16.566 20.249 21.384 24.571 24.915 26.650 23.856 22.509 19.024 19.764 20.472 17.159 15.504 18.048 17.107 13.461 15.271 17.426 14.865 12.212 14.419 12.744 15.607 16.074 17.005 13.801 11.930 12.273 12.198 12.697 14.833 16.699 16.026 17.278 16.331 17.619 20.216 20.520 24.105 23.925 23.828 21.962 25.433 25.799 22.919 24.287 21.262 22.470 21.811 19.049 17.132 13.439 11.956  8.787  7.581  7.612  8.664 11.954 13.455 15.541 17.436 18.851
 24.776 21.195 18.394 14.748 12.139  8.851  6.187  3.862  0.000  3.842  6.040  9.261 11.718 15.306 17.834 21.573 23.216 26.592 27.248 29.155 26.338 25.292 21.950 22.579 22.923 19.575 18.030 20.168 18.842 15.220 16.878 18.509 15.549 12.856 15.304 14.352 17.625 18.609 19.735 16.448 14.895 15.617 15.511 16.015 17.852 19.534 19.060 20.569 19.771 20.975 23.580 23.709 27.253 27.072 26.737 24.708 28.152 28.796 25.916 26.996 23.782 24.572 23.482 20.400 18.983 15.346 14.530 11.752 10.808 10.993 11.520 14.630 15.746 17.658 19.404 20.678
 22.469 18.787 16.155 12.409 10.450  7.147  6.036  5.658  3.842  0.000  3.810  6.735  9.811 13.067 15.990 19.625 21.512 24.862 25.559 27.798 25.217 24.588 21.454 22.490 22.445 18.873 17.973 20.122 18.271 14.959 17.224 18.432 15.155 13.153 16.192 15.559 18.911 19.512 21.081 18.110 15.980 16.372 15.479 15.699 16.870 18.438 18.582 20.307 19.841 20.752 23.618 23.799 27.135 26.563 25.796 23.402 26.676 27.665 24.732 25.371 21.997 22.362 21.002 17.709 16.617 13.111 13.036 10.934 10.894 12.111 13.338 16.763 18.257 20.257 22.017 23.247
 19.792 16.085 13.790 10.147  8.471  6.098  5.621  6.910  6.040  3.810  0.000  3.834  6.559  9.910 12.929 16.582 18.751 22.260 23.341 25.568 22.907 22.624 19.774 20.700 20.166 16.608 16.017 17.797 15.531 12.468 14.951 15.679 12.201 10.753 14.195 14.077 17.554 18.119 20.235 17.644 15.306 16.035 14.864 15.632 16.651 18.713 19.334 20.651 19.871 20.150 22.838 22.590 25.732 25.187 24.089 21.689 25.015 26.356 23.708 24.165 20.592 20.724 18.985 15.788 15.196 12.023 12.097 10.727 10.494 12.522 13.599 17.239 18.907 20.870 22.740 24.058
 16.121 12.387 10.128  6.501  5.671  4.631  6.374  9.051  9.261  6.735  3.834  0.000  3.826  6.550  9.752 13.271 15.456 18.873 19.939 22.390 19.972 20.072 17.522 18.872 17.994 14.299 14.508 16.354 13.703 11.235 14.401 14.869 11.494 11.108 14.741 14.613 17.757 17.655 20.131 18.073 15.181 15.500 13.560 14.241 14.622 16.831 18.095 19.241 18.592 18.367 21.142 20.884 23.709 22.802 21.298 18.641 21.813 23.461 20.915 21.026 17.339 17.191 15.277 12.115 11.793  8.996  9.615  9.396  9.928 12.885 14.534 18.272 20.329 22.346 24.255 25.590
 13.861 10.344  8.493  5.750  5.050  6.368  7.807 11.048 11.718  9.811  6.559  3.826  0.000  3.837  6.445 10.137 12.436 16.072 17.623 19.774 17.111 17.448 15.257 16.259 14.885 11.379 11.854 13.169 10.183  8.194 11.512 11.541  8.324  8.881 12.487 12.755 15.683 15.467 18.422 16.926 14.038 14.807 12.904 14.405 14.926 17.727 19.162 19.615 18.422 17.483 19.782 18.928 21.508 20.839 19.145 16.784 20.084 21.949 19.906 20.086 16.377 16.301 14.209 11.694 11.756  9.682  9.753 10.226 10.056 13.325 14.532 18.155 20.296 22.191 24.147 25.565
 10.367  6.830  6.008  4.721  6.377  8.899 11.192 14.556 15.306 13.067  9.910  6.550  3.837  0.000  3.816  6.940  9.746 13.284 15.135 17.590 15.338 16.463 14.987 16.355 14.338 11.028 12.663 13.612 10.167  9.578 13.076 12.430  9.698 11.465 14.857 15.369 17.855 17.147 20.363 19.439 16.339 16.778 14.327 15.647 15.395 18.128 20.190 20.482 19.493 17.991 20.205 19.252 21.265 20.204 17.896 15.277 18.196 20.607 18.884 18.463 14.700 13.969 11.343  9.155 10.223  9.409 10.294 12.019 12.511 16.105 17.586 21.105 23.396 25.247 27.152 28.516
  8.338  5.736  5.444  6.261  7.526 10.945 13.012 16.566 17.834 15.990 12.929  9.752  6.445  3.816  0.000  3.816  6.264  9.994 12.226 14.273 11.842 13.249 12.332 13.532 11.050  8.141 10.478 10.994  7.526  8.239 11.635 10.857  9.198 11.676 14.420 14.844 16.641 15.451 18.869 18.643 15.564 16.054 13.626 15.441 15.243 18.345 20.457 20.078 18.694 16.543 18.218 16.821 18.412 17.480 14.999 12.781 15.731 18.243 17.107 16.841 13.310 12.918 10.606  9.699 10.616 10.569 10.687 12.857 12.974 16.558 17.844 21.052 23.448 25.177 27.056 28.452
  5.529  4.617  6.412  8.862 10.810 14.394 16.678 20.249 21.573 19.625 16.582 13.271 10.137  6.940  3.816  0.000  3.824  7.165 10.091 12.149 10.311 12.719 12.900 14.208 11.157  9.192 12.325 12.277  9.037 10.997 13.969 12.732 11.853 14.830 17.190 17.759 19.067 17.539 21.010 21.332 18.288 18.585 15.995 17.688 17.002 19.966 22.433 21.783 20.495 17.858 19.176 17.608 18.432 17.252 14.221 12.121 14.423 17.442 16.952 16.175 12.972 12.071  9.575  9.892 11.515 12.624 13.051 15.783 16.155 19.742 21.083 24.094 26.540 28.173 29.978 31.323
  5.448  6.224  7.124 10.243 11.716 15.520 17.779 21.384 23.216 21.512 18.751 15.456 12.436  9.746  6.264  3.824  0.000  3.825  6.684  8.394  6.617  9.354 10.203 11.810  8.856  7.543 11.233 11.415  9.115 11.535 14.317 13.712 13.644 16.379 18.202 18.186 18.779 16.584 19.821 20.667 17.583 17.480 14.835 16.537 15.749 18.783 21.233 20.063 18.655 15.595 16.504 14.906 15.214 13.857 10.652  8.905 11.101 14.071 14.093 13.536 10.826 10.611  9.196 10.651 11.462 12.981 12.778 15.739 16.114 19.535 20.982 23.644 26.219 27.788 29.527 30.850
  5.850  8.389  9.599 13.150 14.794 18.573 20.995 24.571 26.592 24.862 22.260 18.873 16.072 13.284  9.994  7.165  3.825  0.000  3.877  5.448  5.422  8.999 10.980 12.874 10.187  9.866 13.662 13.844 12.237 14.886 17.417 16.940 17.269 19.986 21.549 21.319 21.450 18.853 21.814 23.076 20.015 19.501 16.759 18.118 16.886 19.601 22.246 20.786 19.596 16.244 16.780 15.359 14.757 12.949  9.312  7.949  8.912 12.231 13.085 12.110 10.294 10.024  9.413 12.032 12.788 15.035 14.902 18.138 18.797 22.090 23.704 26.109 28.750 30.247 31.891 33.139
  7.633  9.978 10.254 13.780 15.271 18.857 21.447 24.915 27.248 25.559 23.341 19.939 17.623 15.135 12.226 10.091  6.684  3.877  0.000  3.840  5.540  8.311 10.257 12.952 11.268 10.832 14.495 15.471 14.428 16.570 19.249 19.435 19.698 21.955 23.485 22.672 22.566 19.535 22.019 23.314 20.096 18.890 15.917 16.672 14.986 17.324 20.058 18.447 17.640 14.291 14.922 14.233 13.331 10.728  6.915  5.171  5.135  8.672  9.718  8.554  7.531  7.935  8.822 11.944 11.873 14.429 14.148 17.529 18.618 21.737 23.742 25.955 28.717 30.254 31.832 33.016
 10.788 13.140 13.299 16.595 17.489 21.100 23.247 26.650 29.155 27.798 25.568 22.390 19.774 17.590 14.273 12.149  8.394  5.448  3.840  0.000  3.837  6.548  9.656 11.626 10.094 10.969 14.319 14.819 14.585 17.136 19.189 19.483 20.464 22.727 23.664 22.765 22.042 18.829 21.127 22.997 20.163 19.166 16.737 17.967 16.836 19.381 21.678 19.495 18.171 14.508 14.137 12.889 11.144  9.071  5.577  6.246  6.048  8.466 10.688 10.524 10.347 11.511 12.608 15.582 15.238 17.385 16.447 19.444 19.955 22.716 24.312 26.098 28.761 30.097 31.580 32.751
 10.748 12.220 11.919 14.766 15.090 18.717 20.468 23.856 26.338 25.217 22.907 19.972 17.111 15.338 11.842 10.311  6.617  5.422  5.540  3.837  0.000  3.842  6.831  8.279  6.317  7.398 10.676 11.003 10.942 13.546 15.414 15.826 16.992 19.166 19.918 19.049 18.314 15.219 17.755 19.606 16.889 16.358 14.250 16.138 15.710 18.783 20.727 18.508 16.621 12.939 12.484 10.540  9.543  8.382  5.408  6.241  8.104  9.962 11.386 12.019 10.919 12.432 13.000 15.232 14.703 16.123 14.690 17.293 17.233 19.929 21.173 22.977 25.573 26.894 28.446 29.705
 13.737 14.493 13.237 15.397 14.821 18.093 19.374 22.509 25.292 24.588 22.624 20.072 17.448 16.463 13.249 12.719  9.354  8.999  8.311  6.548  3.842  0.000  3.830  5.232  5.134  6.574  8.843  9.855 10.918 12.854 14.365 15.654 17.041 18.552 18.874 17.370 16.139 12.662 14.679 16.756 14.220 13.493 11.874 14.004 14.217 17.431 18.779 16.142 13.792 10.057  8.966  6.751  5.946  5.434  4.117  6.303  8.853  9.232 10.414 12.247 11.451 13.916 15.033 16.816 15.461 16.197 13.954 15.946 15.462 17.629 18.713 20.096 22.681 23.932 25.430 26.694
 14.511 14.288 12.134 13.454 12.133 15.034 16.038 19.024 21.950 21.454 19.774 17.522 15.257 14.987 12.332 12.900 10.203 10.980 10.257  9.656  6.831  3.830  0.000  3.849  5.390  4.998  6.336  8.698  9.887 10.701 12.469 14.475 15.420 16.275 16.717 14.718 13.718 10.149 12.005 13.573 10.723  9.739  8.109 10.533 11.361 14.840 15.789 13.250 10.595  7.090  6.681  4.809  6.345  6.053  5.933  6.782 10.226 10.134  9.962 12.342 10.991 13.830 14.938 15.940 13.994 13.915 11.098 12.547 11.821 13.840 15.049 16.537 19.236 20.655 22.257 23.601
 16.803 16.550 14.692 15.719 13.978 16.705 16.985 19.764 22.579 22.490 20.700 18.872 16.259 16.355 13.532 14.208 11.810 12.874 12.952 11.626  8.279  5.232  3.849  0.000  3.844  5.427  5.071  6.293  8.810  9.900 10.481 12.638 14.414 15.186 14.803 12.890 11.160  7.575  9.610 11.907  9.901 10.113  9.826 12.985 14.558 18.130 18.623 15.971 12.786  9.676  8.204  4.774  6.387  8.100  8.699 10.315 13.522 13.332 13.613 16.072 14.745 17.377 18.092 18.936 17.274 16.855 13.882 14.685 13.009 14.490 14.723 15.758 18.167 19.313 20.875 22.295
 14.174 14.166 13.047 14.540 13.480 16.699 17.356 20.472 22.923 22.445 20.166 17.994 14.885 14.338 11.050 11.157  8.856 10.187 11.268 10.094  6.317  5.134  5.390  3.844  0.000  3.860  5.386  4.941  6.365  8.789  9.680 10.710 12.577 14.258 14.256 13.285 12.203  9.335 12.269 14.239 12.085 12.734 11.823 14.909 15.943 19.576 20.649 18.377 15.554 12.304 11.463  8.335  9.044  9.991  9.103 10.149 13.269 14.124 14.631 16.285 14.517 16.432 16.485 17.469 16.560 16.564 14.229 15.622 14.216 16.379 16.665 18.244 20.601 21.794 23.427 24.845
 12.427 11.561  9.808 10.846  9.643 12.926 13.864 17.159 19.575 18.873 16.608 14.299 11.379 11.028  8.141  9.192  7.543  9.866 10.832 10.969  7.398  6.574  4.998  5.427  3.860  0.000  3.844  5.393  5.115  6.442  8.737 10.024 10.726 12.177 13.058 11.941 11.861  9.219 12.329 13.310 10.426 10.797  9.187 12.144 13.079 16.782 18.008 16.250 13.736 10.862 11.243  9.033 10.762 10.807  9.551  9.185 12.811 13.942 13.474 14.902 12.452 14.217 14.011 14.381 13.306 12.930 10.648 12.109 10.980 13.655 14.450 16.654 19.210 20.716 22.511 23.978
 16.046 14.732 12.571 12.601 10.301 12.768 12.646 15.504 18.030 17.973 16.017 14.508 11.854 12.663 10.478 12.325 11.233 13.662 14.495 14.319 10.676  8.843  6.336  5.071  5.386  3.844  0.000  3.834  5.398  5.031  6.236  8.812  9.861 10.280 10.405  8.627  8.166  5.491  8.749  9.637  7.135  8.472  8.198 11.818 13.806 17.570 18.035 16.200 13.160 10.901 10.952  8.509 11.157 12.163 12.023 12.145 15.865 16.319 15.609 17.627 15.305 17.403 17.304 17.170 15.708 14.487 11.596 11.836  9.583 11.458 11.458 13.362 15.784 17.228 19.093 20.694
 16.619 15.668 14.329 14.709 12.888 15.514 15.250 18.048 20.168 20.122 17.797 16.354 13.169 13.612 10.994 12.277 11.415 13.844 15.471 14.819 11.003  9.855  8.698  6.293  4.941  5.393  3.834  0.000  3.845  5.411  4.910  6.419  8.781 10.027  9.456  8.846  8.057  6.364 10.025 11.459  9.945 11.979 12.014 15.623 17.448 21.214 21.826 19.935 16.846 14.365 13.854 10.749 12.590 14.089 13.668 14.205 17.669 18.473 18.352 20.106 17.811 19.523 19.002 19.086 18.259 17.365 14.889 15.328 12.991 14.771 14.151 15.810 17.832 18.964 20.728 22.294
 13.913 12.597 11.646 12.012 10.797 13.717 13.978 17.107 18.842 18.271 15.531 13.703 10.183 10.167  7.526  9.037  9.115 12.237 14.428 14.585 10.942 10.918  9.887  8.810  6.365  5.115  5.398  3.845  0.000  3.854  5.339  5.140  6.311  8.634  9.424  9.732 10.391  9.340 13.097 13.723 11.620 13.393 12.573 15.817 17.108 20.801 21.901 20.528 17.914 15.491 15.785 13.160 14.940 15.609 14.322 13.933 17.379 18.882 18.461 19.558 16.753 17.794 16.621 16.402 16.153 15.395 13.609 14.499 12.702 15.224 15.101 17.474 19.584 20.932 22.778 24.304
 15.743 13.624 11.818 10.985  8.764 10.921 10.519 13.461 15.220 14.959 12.468 11.235  8.194  9.578  8.239 10.997 11.535 14.886 16.570 17.136 13.546 12.854 10.701  9.900  8.789  6.442  5.031  5.411  3.854  0.000  3.851  5.437  5.048  5.756  7.117  6.813  8.496  8.051 11.584 11.215  9.000 11.110 10.653 13.924 15.729 19.364 20.050 19.040 16.450 14.752 15.566 13.470 16.067 16.721 15.898 15.152 18.870 20.017 18.924 20.277 17.271 18.508 17.417 16.457 15.722 14.084 11.996 11.997  9.690 12.006 11.721 14.412 16.509 18.045 20.036 21.656
 18.934 17.119 15.561 14.804 12.430 14.138 12.956 15.271 16.878 17.224 14.951 14.401 11.512 13.076 11.635 13.969 14.317 17.417 19.249 19.189 15.414 14.365 12.469 10.481  9.680  8.737  6.236  4.910  5.339  3.851  0.000  3.841  5.559  5.577  4.604  4.804  5.812  6.602 10.142 10.163  9.255 12.270 12.886 16.478 18.752 22.423 22.703 21.393 18.396 16.751 16.852 14.248 16.777 18.217 17.892 17.836 21.512 22.365 21.621 23.307 20.567 22.016 21.034 20.245 19.498 17.814 15.475 15.021 12.107 13.499 12.138 14.104 15.721 16.894 18.812 20.481
 18.086 16.417 15.675 15.238 13.655 15.681 14.940 17.426 18.509 18.432 15.679 14.869 11.541 12.430 10.857 12.732 13.712 16.940 19.435 19.483 15.826 15.654 14.475 12.638 10.710 10.024  8.812  6.419  5.140  5.437  3.841  0.000  3.846  6.043  5.818  7.956  9.271 10.189 13.793 13.959 12.972 15.770 15.854 19.270 21.072 24.724 25.435 24.277 21.484 19.548 19.709 16.929 18.963 20.193 19.266 19.024 22.494 23.896 23.387 24.582 21.662 22.544 21.016 20.282 20.254 18.967 17.257 17.338 14.883 16.750 15.615 17.783 19.275 20.353 22.164 23.703
 17.199 14.856 13.961 12.844 11.355 12.988 12.346 14.865 15.549 15.155 12.201 11.494  8.324  9.698  9.198 11.853 13.644 17.269 19.698 20.464 16.992 17.041 15.420 14.414 12.577 10.726  9.861  8.781  6.311  5.048  5.559  3.846  0.000  3.830  6.072  8.287 10.893 11.897 15.374 14.677 13.180 15.696 15.343 18.351 19.947 23.403 24.247 23.639 21.251 19.695 20.573 18.337 20.701 21.389 20.191 19.235 22.765 24.382 23.351 24.240 20.964 21.493 19.622 18.270 18.401 16.800 15.554 15.522 13.402 15.601 14.876 17.639 19.213 20.554 22.455 23.977
 19.908 17.242 15.645 13.783 11.413 12.027 10.348 12.212 12.856 13.153 10.753 11.108  8.881 11.465 11.676 14.830 16.379 19.986 21.955 22.727 19.166 18.552 16.275 15.186 14.258 12.177 10.280 10.027  8.634  5.756  5.577  6.043  3.830  0.000  3.855  5.700  9.172 10.936 13.860 12.382 11.333 14.190 14.492 17.473 19.608 22.951 23.259 22.821 20.371 19.428 20.437 18.510 21.382 22.265 21.597 20.680 24.398 25.569 24.175 25.441 22.207 23.099 21.538 19.820 19.383 17.114 15.467 14.507 11.836 13.320 12.066 14.782 16.105 17.486 19.464 21.066
 22.360 20.081 18.487 16.970 14.358 15.047 12.979 14.419 15.304 16.192 14.195 14.741 12.487 14.857 14.420 17.190 18.202 21.549 23.485 23.664 19.918 18.874 16.717 14.803 14.256 13.058 10.405  9.456  9.424  7.117  4.604  5.818  6.072  3.855  0.000  3.822  6.585  9.323 11.969 10.899 10.955 14.405 15.538 18.900 21.457 24.929 24.877 23.998 21.117 20.108 20.465 18.150 20.963 22.478 22.288 22.010 25.750 26.576 25.510 27.180 24.244 25.522 24.269 22.913 22.248 20.046 17.907 16.732 13.541 14.271 12.157 14.025 14.943 15.960 17.867 19.522
 22.489 20.225 18.037 16.434 13.286 13.751 11.426 12.744 14.352 15.559 14.077 14.613 12.755 15.369 14.844 17.759 18.186 21.319 22.672 22.765 19.049 17.370 14.718 12.890 13.285 11.941  8.627  8.846  9.732  6.813  4.804  7.956  8.287  5.700  3.822  0.000  3.901  6.503  8.664  7.166  7.364 10.964 12.629 16.037 18.962 22.389 21.958 20.913 17.897 17.192 17.516 15.507 18.662 20.248 20.551 20.424 24.226 24.575 23.337 25.393 22.697 24.448 23.718 22.441 21.160 18.743 16.072 14.476 10.939 11.095  8.733 10.400 11.602 12.844 14.953 16.805
 23.571 21.806 19.632 18.579 15.464 16.339 14.257 15.607 17.625 18.911 17.554 17.757 15.683 17.855 16.641 19.067 18.779 21.450 22.566 22.042 18.314 16.139 13.718 11.160 12.203 11.861  8.166  8.057 10.391  8.496  5.812  9.271 10.893  9.172  6.585  3.901  0.000  3.891  5.629  5.648  6.930 10.570 12.824 16.471 19.566 23.068 22.431 20.787 17.383 16.415 15.921 13.532 16.489 18.667 19.503 20.083 23.766 23.702 22.892 25.331 23.081 25.242 24.946 24.183 22.668 20.552 17.490 16.071 12.483 12.212  9.670 10.194 11.343 12.207 14.139 16.026
 21.487 20.071 17.755 17.196 14.223 15.627 14.217 16.074 18.609 19.512 18.119 17.655 15.467 17.147 15.451 17.539 16.584 18.853 19.535 18.829 15.219 12.662 10.149  7.575  9.335  9.219  5.491  6.364  9.340  8.051  6.602 10.189 11.897 10.936  9.323  6.503  3.891  0.000  3.841  5.473  5.327  8.206 10.205 13.950 16.892 20.460 19.962 17.915 14.381 12.982 12.199  9.685 12.687 14.849 15.885 16.719 20.319 20.025 19.372 21.983 20.033 22.486 22.614 22.267 20.492 18.719 15.424 14.449 11.201 11.298  9.682 10.265 12.144 13.206 15.050 16.845
 24.624 23.222 20.613 19.886 16.655 17.531 15.765 17.005 19.735 21.081 20.235 20.131 18.422 20.363 18.869 21.010 19.821 21.814 22.019 21.127 17.755 14.679 12.005  9.610 12.269 12.329  8.749 10.025 13.097 11.584 10.142 13.793 15.374 13.860 11.969  8.664  5.629  3.841  0.000  3.834  5.565  7.940 10.979 14.358 17.688 20.961 19.822 17.569 13.896 13.160 11.969 10.032 13.159 15.644 17.462 18.610 22.049 21.121 20.394 23.428 21.873 24.697 25.246 24.899 22.703 20.731 17.157 15.656 12.325 11.281  9.232  8.412 10.014 10.787 12.496 14.386
 25.067 23.136 20.245 18.840 15.275 15.388 13.074 13.801 16.448 18.110 17.644 18.073 16.926 19.439 18.643 21.332 20.667 23.076 23.314 22.997 19.606 16.756 13.573 11.907 14.239 13.310  9.637 11.459 13.723 11.215 10.163 13.959 14.677 12.382 10.899  7.166  5.648  5.473  3.834  0.000  3.829  6.832 10.207 13.322 16.919 20.020 18.630 16.990 13.616 13.688 13.478 12.277 15.815 17.731 19.275 19.756 23.370 22.595 21.259 24.139 22.233 24.888 25.236 24.334 22.042 19.541 16.040 13.845 10.219  8.511  5.756  5.083  6.967  8.399 10.637 12.801
 21.697 19.704 16.653 15.297 11.776 12.186 10.470 11.930 14.895 15.980 15.306 15.181 14.038 16.339 15.564 18.288 17.583 20.015 20.096 20.163 16.889 14.220 10.723  9.901 12.085 10.426  7.135  9.945 11.620  9.000  9.255 12.972 13.180 11.333 10.955  7.364  6.930  5.327  5.565  3.829  0.000  3.813  6.593  9.930 13.374 16.646 15.659 14.131 10.881 10.714 11.221 10.326 14.055 15.306 16.442 16.458 20.139 19.589 17.986 20.672 18.591 21.181 21.550 20.634 18.265 15.824 12.287 10.336  6.844  6.094  4.961  6.330  9.080 10.934 13.103 15.005
 21.123 19.260 15.890 14.695 11.352 11.711 10.742 12.273 15.617 16.372 16.035 15.500 14.807 16.778 16.054 18.585 17.480 19.501 18.890 19.166 16.358 13.493  9.739 10.113 12.734 10.797  8.472 11.979 13.393 11.110 12.270 15.770 15.696 14.190 14.405 10.964 10.570  8.206  7.940  6.832  3.813  0.000  3.827  6.628 10.240 13.323 12.133 10.411  7.171  7.551  8.740  9.082 12.876 13.464 14.825 14.633 18.106 17.163 15.189 18.064 16.306 19.215 20.131 19.362 16.492 14.147 10.389  8.469  5.901  5.156  6.210  7.436 10.455 12.423 14.376 16.034
 17.927 16.070 12.564 11.602  8.681  9.627  9.911 12.198 15.511 15.479 14.864 13.560 12.904 14.327 13.626 15.995 14.835 16.759 15.917 16.737 14.250 11.874  8.109  9.826 11.823  9.187  8.198 12.014 12.573 10.653 12.886 15.854 15.343 14.492 15.538 12.629 12.824 10.205 10.979 10.207  6.593  3.827  0.000  3.821  6.877 10.353 10.067  8.591  6.000  5.691  8.208  9.016 12.439 11.996 12.606 11.648 15.121 14.569 12.211 14.716 12.689 15.501 16.480 15.757 12.766 10.647  6.852  5.839  4.785  6.289  8.746 10.846 13.826 15.821 17.675 19.140
 18.670 16.779 13.075 11.987  9.591  9.864 10.803 12.697 16.015 15.699 15.632 14.241 14.405 15.647 15.441 17.688 16.537 18.118 16.672 17.967 16.138 14.004 10.533 12.985 14.909 12.144 11.818 15.623 15.817 13.924 16.478 19.270 18.351 17.473 18.900 16.037 16.471 13.950 14.358 13.322  9.930  6.628  3.821  0.000  3.828  6.781  6.328  5.495  4.527  5.807  9.345 11.362 14.373 13.127 13.661 12.129 15.071 14.274 11.193 13.519 11.771 14.621 16.072 15.201 11.692  9.521  6.075  5.061  6.243  7.453 10.807 12.804 15.680 17.725 19.422 20.682
 16.892 15.242 11.666 11.124  9.904 10.614 12.656 14.833 17.852 16.870 16.651 14.622 14.926 15.395 15.243 17.002 15.749 16.886 14.986 16.836 15.710 14.217 11.361 14.558 15.943 13.079 13.806 17.448 17.108 15.729 18.752 21.072 19.947 19.608 21.457 18.962 19.566 16.892 17.688 16.919 13.374 10.240  6.877  3.828  0.000  3.849  5.558  5.512  6.507  6.953 10.742 13.008 15.308 13.153 12.968 10.668 13.028 12.552  8.995 10.607  8.892 11.588 13.440 12.784  9.030  7.655  5.281  6.303  8.960 10.905 14.394 16.580 19.423 21.433 23.042 24.171
 19.149 17.586 14.186 13.572 12.809 12.884 15.029 16.699 19.534 18.438 18.713 16.831 17.727 18.128 18.345 19.966 18.783 19.601 17.324 19.381 18.783 17.431 14.840 18.130 19.576 16.782 17.570 21.214 20.801 19.364 22.423 24.724 23.403 22.951 24.929 22.389 23.068 20.460 20.961 20.020 16.646 13.323 10.353  6.781  3.849  0.000  3.851  5.619  8.416  9.712 13.360 16.133 18.154 15.694 15.586 13.189 14.749 14.012 10.226 11.329 10.350 12.665 14.876 14.148 10.365  9.307  8.161  8.861 11.929 13.378 17.037 19.027 21.724 23.715 25.183 26.162
 22.232 20.510 16.913 15.855 14.276 13.724 15.000 16.026 19.060 18.582 19.334 18.095 19.162 20.190 20.457 22.433 21.233 22.246 20.058 21.678 20.727 18.779 15.789 18.623 20.649 18.008 18.035 21.826 21.901 20.050 22.703 25.435 24.247 23.259 24.877 21.958 22.431 19.962 19.822 18.630 15.659 12.133 10.067  6.328  5.558  3.851  0.000  3.823  6.961  9.627 13.047 16.105 18.507 16.601 17.276 15.488 17.314 15.980 12.399 14.274 13.540 16.175 18.315 17.429 13.629 11.902  9.976  9.244 11.581 11.932 15.474 16.944 19.481 21.419 22.796 23.730
 21.731 20.433 16.929 16.428 14.662 14.845 15.903 17.278 20.569 20.307 20.651 19.241 19.615 20.482 20.078 21.783 20.063 20.786 18.447 19.495 18.508 16.142 13.250 15.971 18.377 16.250 16.200 19.935 20.528 19.040 21.393 24.277 23.639 22.821 23.998 20.913 20.787 17.915 17.569 16.990 14.131 10.411  8.591  5.495  5.512  5.619  3.823  0.000  3.827  6.493  9.579 12.902 15.144 13.400 14.618 13.503 15.372 13.497 10.299 12.995 12.720 15.961 18.399 18.131 14.362 13.047 10.415 10.023 11.539 11.780 14.931 15.960 18.593 20.375 21.712 22.673
 21.213 19.938 16.458 16.006 13.722 14.259 14.778 16.331 19.771 19.841 19.871 18.592 18.422 19.493 18.694 20.495 18.655 19.596 17.640 18.171 16.621 13.792 10.595 12.786 15.554 13.736 13.160 16.846 17.914 16.450 18.396 21.484 21.251 20.371 21.117 17.897 17.383 14.381 13.896 13.616 10.881  7.171  6.000  4.527  6.507  8.416  6.961  3.827  0.000  3.825  6.575  9.634 12.356 11.358 13.045 12.585 15.055 13.162 10.569 13.785 13.200 16.653 18.780 18.618 15.062 13.558 10.211  9.507  9.813  9.809 12.422 13.202 15.928 17.650 19.078 20.197
 18.512 17.697 14.550 14.855 12.969 14.501 15.407 17.619 20.975 20.752 20.150 18.367 17.483 17.991 16.543 17.858 15.595 16.244 14.291 14.508 12.939 10.057  7.090  9.676 12.304 10.862 10.901 14.365 15.491 14.752 16.751 19.548 19.695 19.428 20.108 17.192 16.415 12.982 13.160 13.688 10.714  7.551  5.691  5.807  6.953  9.712  9.627  6.493  3.825  0.000  3.836  6.614  9.038  7.774  9.334  9.236 11.901 10.161  8.145 11.549 10.980 14.585 16.715 17.131 13.911 13.097  9.783 10.214 10.354 11.302 13.559 14.595 17.417 19.035 20.507 21.687
 20.086 19.739 16.970 17.648 15.719 17.521 18.044 20.216 23.580 23.618 22.838 21.142 19.782 20.205 18.218 19.176 16.504 16.780 14.922 14.137 12.484  8.966  6.681  8.204 11.463 11.243 10.952 13.854 15.785 15.566 16.852 19.709 20.573 20.437 20.465 17.516 15.921 12.199 11.969 13.478 11.221  8.740  8.208  9.345 10.742 13.360 13.047  9.579  6.575  3.836  0.000  3.833  5.915  5.856  8.724 10.154 12.531 10.293  9.641 13.304 13.290 16.941 19.090 19.949 17.037 16.490 13.155 13.531 12.919 13.435 14.850 15.185 17.796 19.060 20.359 21.500
 19.233 19.031 16.654 17.535 15.591 17.818 18.114 20.520 23.709 23.799 22.590 20.884 18.928 19.252 16.821 17.608 14.906 15.359 14.233 12.889 10.540  6.751  4.809  4.774  8.335  9.033  8.509 10.749 13.160 13.470 14.248 16.929 18.337 18.510 18.150 15.507 13.532  9.685 10.032 12.277 10.326  9.082  9.016 11.362 13.008 16.133 16.105 12.902  9.634  6.614  3.833  0.000  3.853  5.696  8.191 10.259 13.002 11.494 11.603 14.863 14.394 17.714 19.319 20.276 17.878 17.396 14.086 14.586 13.300 14.074 14.771 15.164 17.661 18.775 20.145 21.415
 19.418 19.958 18.108 19.665 18.287 20.884 21.528 24.105 27.253 27.135 25.732 23.709 21.508 21.265 18.412 18.432 15.214 14.757 13.331 11.144  9.543  5.946  6.345  6.387  9.044 10.762 11.157 12.590 14.940 16.067 16.777 18.963 20.701 21.382 20.963 18.662 16.489 12.687 13.159 15.815 14.055 12.876 12.439 14.373 15.308 18.154 18.507 15.144 12.356  9.038  5.915  3.853  0.000  3.814  6.780  9.997 11.828 10.091 11.446 14.509 14.767 18.004 19.862 21.480 19.364 19.571 16.632 17.719 16.811 17.824 18.578 18.890 21.278 22.219 23.439 24.581
 17.272 18.011 16.167 18.050 17.198 19.916 21.170 23.925 27.072 26.563 25.187 22.802 20.839 20.204 17.480 17.252 13.857 12.949 10.728  9.071  8.382  5.434  6.053  8.100  9.991 10.807 12.163 14.089 15.609 16.721 18.217 20.193 21.389 22.265 22.478 20.248 18.667 14.849 15.644 17.731 15.306 13.464 11.996 13.127 13.153 15.694 16.601 13.400 11.358  7.774  5.856  5.696  3.814  0.000  3.833  6.923  8.312  6.324  7.815 10.800 11.456 14.784 17.049 18.942 16.749 17.441 14.894 16.577 16.496 17.992 19.468 20.260 22.872 24.061 25.354 26.455
 13.684 14.815 13.467 15.930 15.810 18.957 20.732 23.828 26.737 25.796 24.089 21.298 19.145 17.896 14.999 14.221 10.652  9.312  6.915  5.577  5.408  4.117  5.933  8.699  9.103  9.551 12.023 13.668 14.322 15.898 17.892 19.266 20.191 21.597 22.288 20.551 19.503 15.885 17.462 19.275 16.442 14.825 12.606 13.661 12.968 15.586 17.276 14.618 13.045  9.334  8.724  8.191  6.780  3.833  0.000  3.827  5.279  5.158  6.926  8.731  8.948 11.774 13.797 16.065 14.399 15.716 13.813 16.233 16.596 18.810 20.532 21.929 24.646 25.996 27.424 28.575
 10.935 11.758 10.229 12.839 13.265 16.448 18.744 21.962 24.708 23.402 21.689 18.641 16.784 15.277 12.781 12.121  8.905  7.949  5.171  6.246  6.241  6.303  6.782 10.315 10.149  9.185 12.145 14.205 13.933 15.152 17.836 19.024 19.235 20.680 22.010 20.424 20.083 16.719 18.610 19.756 16.458 14.633 11.648 12.129 10.668 13.189 15.488 13.503 12.585  9.236 10.154 10.259  9.997  6.923  3.827  0.000  3.850  5.487  5.455  6.186  5.316  8.091 10.168 12.370 10.686 12.360 11.032 14.004 15.069 17.780 19.994 21.933 24.768 26.353 27.902 29.077
 11.895 13.576 12.711 15.679 16.615 19.725 22.257 25.433 28.152 26.676 25.015 21.813 20.084 18.196 15.731 14.423 11.101  8.912  5.135  6.048  8.104  8.853 10.226 13.522 13.269 12.811 15.865 17.669 17.379 18.870 21.512 22.494 22.765 24.398 25.750 24.226 23.766 20.319 22.049 23.370 20.139 18.106 15.121 15.071 13.028 14.749 17.314 15.372 15.055 11.901 12.531 13.002 11.828  8.312  5.279  3.850  0.000  3.855  5.409  4.657  5.917  8.053 10.794 13.752 12.412 14.803 14.056 17.208 18.635 21.278 23.635 25.450 28.275 29.805 31.257 32.337
 15.496 16.769 15.288 17.732 17.983 20.729 22.904 25.799 28.796 27.665 26.356 23.461 21.949 20.607 18.243 17.442 14.071 12.231  8.672  8.466  9.962  9.232 10.134 13.332 14.124 13.942 16.319 18.473 18.882 20.017 22.365 23.896 24.382 25.569 26.576 24.575 23.702 20.025 21.121 22.595 19.589 17.163 14.569 14.274 12.552 14.012 15.980 13.497 13.162 10.161 10.293 11.494 10.091  6.324  5.158  5.487  3.855  0.000  3.839  5.462  7.816 10.857 13.979 16.515 14.457 16.251 14.837 17.438 18.679 20.753 23.083 24.420 27.199 28.627 29.953 30.960
 15.145 15.632 13.501 15.404 15.521 17.873 20.175 22.919 25.916 24.732 23.708 20.915 19.906 18.884 17.107 16.952 14.093 13.085  9.718 10.688 11.386 10.414  9.962 13.613 14.631 13.474 15.609 18.352 18.461 18.924 21.621 23.387 23.351 24.175 25.510 23.337 22.892 19.372 20.394 21.259 17.986 15.189 12.211 11.193  8.995 10.226 12.399 10.299 10.569  8.145  9.641 11.603 11.446  7.815  6.926  5.455  5.409  3.839  0.000  3.856  5.615  9.217 12.526 14.410 11.746 13.199 11.804 14.339 16.051 18.151 20.881 22.454 25.300 26.911 28.303 29.321
 13.227 14.121 12.609 14.998 16.036 18.551 21.371 24.287 26.996 25.371 24.165 21.026 20.086 18.463 16.841 16.175 13.536 12.110  8.554 10.524 12.019 12.247 12.342 16.072 16.285 14.902 17.627 20.106 19.558 20.277 23.307 24.582 24.240 25.441 27.180 25.393 25.331 21.983 23.428 24.139 20.672 18.064 14.716 13.519 10.607 11.329 14.274 12.995 13.785 11.549 13.304 14.863 14.509 10.800  8.731  6.186  4.657  5.462  3.856  0.000  3.841  6.379 10.038 12.447 10.391 12.823 12.542 15.691 17.912 20.479 23.389 25.347 28.224 29.920 31.370 32.386
 10.437 10.662  8.843 11.210 12.494 15.171 18.176 21.262 23.782 21.997 20.592 17.339 16.377 14.700 13.310 12.972 10.826 10.294  7.531 10.347 10.919 11.451 10.991 14.745 14.517 12.452 15.305 17.811 16.753 17.271 20.567 21.662 20.964 22.207 24.244 22.697 23.081 20.033 21.873 22.233 18.591 16.306 12.689 11.771  8.892 10.350 13.540 12.720 13.200 10.980 13.290 14.394 14.767 11.456  8.948  5.316  5.917  7.816  5.615  3.841  0.000  3.831  6.994  8.964  6.848  9.376  9.406 12.901 15.211 18.191 21.107 23.478 26.371 28.183 29.768 30.878
  8.334  8.813  8.047 10.840 13.185 15.905 19.290 22.470 24.572 22.362 20.724 17.191 16.301 13.969 12.918 12.071 10.611 10.024  7.935 11.511 12.432 13.916 13.830 17.377 16.432 14.217 17.403 19.523 17.794 18.508 22.016 22.544 21.493 23.099 25.522 24.448 25.242 22.486 24.697 24.888 21.181 19.215 15.501 14.621 11.588 12.665 16.175 15.961 16.653 14.585 16.941 17.714 18.004 14.784 11.774  8.091  8.053 10.857  9.217  6.379  3.831  0.000  3.836  6.568  5.971  9.541 10.912 14.664 17.225 20.534 23.464 26.162 29.019 30.883 32.514 33.625
  5.648  5.607  5.963  9.017 12.137 15.000 18.500 21.811 23.482 21.002 18.985 15.277 14.209 11.343 10.606  9.575  9.196  9.413  8.822 12.608 13.000 15.033 14.938 18.092 16.485 14.011 17.304 19.002 16.621 17.417 21.034 21.016 19.622 21.538 24.269 23.718 24.946 22.614 25.246 25.236 21.550 20.131 16.480 16.072 13.440 14.876 18.315 18.399 18.780 16.715 19.090 19.319 19.862 17.049 13.797 10.168 10.794 13.979 12.526 10.038  6.994  3.836  0.000  3.841  5.568  9.127 11.213 14.960 17.344 20.953 23.668 26.689 29.464 31.351 33.060 34.223
  7.682  5.495  4.803  6.403  9.906 12.228 15.886 19.049 20.400 17.709 15.788 12.115 11.694  9.155  9.699  9.892 10.651 12.032 11.944 15.582 15.232 16.816 15.940 18.936 17.469 14.381 17.170 19.086 16.402 16.457 20.245 20.282 18.270 19.820 22.913 22.441 24.183 22.267 24.899 24.334 20.634 19.362 15.757 15.201 12.784 14.148 17.429 18.131 18.618 17.131 19.949 20.276 21.480 18.942 16.065 12.370 13.752 16.515 14.410 12.447  8.964  6.568  3.841  0.000  3.844  6.627  9.585 13.013 15.606 19.265 22.051 25.335 28.022 30.008 31.766 32.945
  9.960  7.913  5.303  6.043  8.422 10.470 14.096 17.132 18.983 16.617 15.196 11.793 11.756 10.223 10.616 11.515 11.462 12.788 11.873 15.238 14.703 15.461 13.994 17.274 16.560 13.306 15.708 18.259 16.153 15.722 19.498 20.254 18.401 19.383 22.248 21.160 22.668 20.492 22.703 22.042 18.265 16.492 12.766 11.692  9.030 10.365 13.629 14.362 15.062 13.911 17.037 17.878 19.364 16.749 14.399 10.686 12.412 14.457 11.746 10.391  6.848  5.971  5.568  3.844  0.000  3.829  6.483 10.038 13.006 16.464 19.550 22.660 25.427 27.458 29.193 30.361
 12.603  9.805  6.375  4.720  5.742  6.907 10.543 13.439 15.346 13.111 12.023  8.996  9.682  9.409 10.569 12.624 12.981 15.035 14.429 17.385 16.123 16.197 13.915 16.855 16.564 12.930 14.487 17.365 15.395 14.084 17.814 18.967 16.800 17.114 20.046 18.743 20.552 18.719 20.731 19.541 15.824 14.147 10.647  9.521  7.655  9.307 11.902 13.047 13.558 13.097 16.490 17.396 19.571 17.441 15.716 12.360 14.803 16.251 13.199 12.823  9.376  9.541  9.127  6.627  3.829  0.000  3.820  6.703  9.868 13.253 16.414 19.668 22.361 24.474 26.256 27.465
 13.898 11.400  7.601  6.106  4.765  6.153  8.979 11.956 14.530 13.036 12.097  9.615  9.753 10.294 10.687 13.051 12.778 14.902 14.148 16.447 14.690 13.954 11.098 13.882 14.229 10.648 11.596 14.889 13.609 11.996 15.475 17.257 15.554 15.467 17.907 16.072 17.490 15.424 17.157 16.040 12.287 10.389  6.852  6.075  5.281  8.161  9.976 10.415 10.211  9.783 13.155 14.086 16.632 14.894 13.813 11.032 14.056 14.837 11.804 12.542  9.406 10.912 11.213  9.585  6.483  3.820  0.000  3.830  6.689 10.032 13.207 16.264 19.063 21.166 22.982 24.269
 17.384 14.646 10.882  8.519  5.688  4.891  6.393  8.787 11.752 10.934 10.727  9.396 10.226 12.019 12.857 15.783 15.739 18.138 17.529 19.444 17.293 15.946 12.547 14.685 15.622 12.109 11.836 15.328 14.499 11.997 15.021 17.338 15.522 14.507 16.732 14.476 16.071 14.449 15.656 13.845 10.336  8.469  5.839  5.061  6.303  8.861  9.244 10.023  9.507 10.214 13.531 14.586 17.719 16.577 16.233 14.004 17.208 17.438 14.339 15.691 12.901 14.664 14.960 13.013 10.038  6.703  3.830  0.000  3.823  6.662 10.093 13.218 15.933 18.147 20.021 21.365
 18.766 16.080 12.521 10.219  6.559  5.919  5.255  7.581 10.808 10.894 10.494  9.928 10.056 12.511 12.974 16.155 16.114 18.797 18.618 19.955 17.233 15.462 11.821 13.009 14.216 10.980  9.583 12.991 12.702  9.690 12.107 14.883 13.402 11.836 13.541 10.939 12.483 11.201 12.325 10.219  6.844  5.901  4.785  6.243  8.960 11.929 11.581 11.539  9.813 10.354 12.919 13.300 16.811 16.496 16.596 15.069 18.635 18.679 16.051 17.912 15.211 17.225 17.344 15.606 13.006  9.868  6.689  3.823  0.000  3.820  6.604  9.931 12.690 14.924 16.973 18.530
 22.451 19.852 16.289 13.971 10.297  8.967  7.035  7.612 10.993 12.111 12.522 12.885 13.325 16.105 16.558 19.742 19.535 22.090 21.737 22.716 19.929 17.629 13.840 14.490 16.379 13.655 11.458 14.771 15.224 12.006 13.499 16.750 15.601 13.320 14.271 11.095 12.212 11.298 11.281  8.511  6.094  5.156  6.289  7.453 10.905 13.378 11.932 11.780  9.809 11.302 13.435 14.074 17.824 17.992 18.810 17.780 21.278 20.753 18.151 20.479 18.191 20.534 20.953 19.265 16.464 13.253 10.032  6.662  3.820  0.000  3.823  6.710  9.478 11.866 13.984 15.655
 24.461 21.905 18.602 16.336 12.545 11.403  8.635  8.664 11.520 13.338 13.599 14.534 14.532 17.586 17.844 21.083 20.982 23.704 23.742 24.312 21.173 18.713 15.049 14.723 16.665 14.450 11.458 14.151 15.101 11.721 12.138 15.615 14.876 12.066 12.157  8.733  9.670  9.682  9.232  5.756  4.961  6.210  8.746 10.807 14.394 17.037 15.474 14.931 12.422 13.559 14.850 14.771 18.578 19.468 20.532 19.994 23.635 23.083 20.881 23.389 21.107 23.464 23.668 22.051 19.550 16.414 13.207 10.093  6.604  3.823  0.000  3.824  6.490  8.915 11.345 13.348
 27.434 25.126 21.831 19.822 16.065 15.063 12.340 11.954 14.630 16.763 17.239 18.272 18.155 21.105 21.052 24.094 23.644 26.109 25.955 26.098 22.977 20.096 16.537 15.758 18.244 16.654 13.362 15.810 17.474 14.412 14.104 17.783 17.639 14.782 14.025 10.400 10.194 10.265  8.412  5.083  6.330  7.436 10.846 12.804 16.580 19.027 16.944 15.960 13.202 14.595 15.185 15.164 18.890 20.260 21.929 21.933 25.450 24.420 22.454 25.347 23.478 26.162 26.689 25.335 22.660 19.668 16.264 13.218  9.931  6.710  3.824  0.000  3.831  6.290  8.822 11.052
 30.078 27.718 24.501 22.383 18.627 17.420 14.407 13.455 15.746 18.257 18.907 20.329 20.296 23.396 23.448 26.540 26.219 28.750 28.717 28.761 25.573 22.681 19.236 18.167 20.601 19.210 15.784 17.832 19.584 16.509 15.721 19.275 19.213 16.105 14.943 11.602 11.343 12.144 10.014  6.967  9.080 10.455 13.826 15.680 19.423 21.724 19.481 18.593 15.928 17.417 17.796 17.661 21.278 22.872 24.646 24.768 28.275 27.199 25.300 28.224 26.371 29.019 29.464 28.022 25.427 22.361 19.063 15.933 12.690  9.478  6.490  3.831  0.000  3.830  6.618  9.131
 31.792 29.536 26.408 24.395 20.688 19.583 16.560 15.541 17.658 20.257 20.870 22.346 22.191 25.247 25.177 28.173 27.788 30.247 30.254 30.097 26.894 23.932 20.655 19.313 21.794 20.716 17.228 18.964 20.932 18.045 16.894 20.353 20.554 17.486 15.960 12.844 12.207 13.206 10.787  8.399 10.934 12.423 15.821 17.725 21.433 23.715 21.419 20.375 17.650 19.035 19.060 18.775 22.219 24.061 25.996 26.353 29.805 28.627 26.911 29.920 28.183 30.883 31.351 30.008 27.458 24.474 21.166 18.147 14.924 11.866  8.915  6.290  3.830  0.000  3.846  6.754
 33.528 31.338 28.230 26.269 22.635 21.515 18.569 17.436 19.404 22.017 22.740 24.255 24.147 27.152 27.056 29.978 29.527 31.891 31.832 31.580 28.446 25.430 22.257 20.875 23.427 22.511 19.093 20.728 22.778 20.036 18.812 22.164 22.455 19.464 17.867 14.953 14.139 15.050 12.496 10.637 13.103 14.376 17.675 19.422 23.042 25.183 22.796 21.712 19.078 20.507 20.359 20.145 23.439 25.354 27.424 27.902 31.257 29.953 28.303 31.370 29.768 32.514 33.060 31.766 29.193 26.256 22.982 20.021 16.973 13.984 11.345  8.822  6.618  3.846  0.000  3.809
