  0.000  3.832  6.773 10.358 13.271 16.746 19.752 23.313 24.785 22.475 19.812 16.137 13.876 10.367  8.339  5.541  5.457  5.879  7.629 10.807 10.752 13.743 14.518 16.812 14.178 12.422 16.041 16.614 13.909 15.760 18.941 18.074 17.201 19.924 22.360 22.504 23.564 21.485 24.628 25.076 21.710 21.137 17.937 18.679 16.900 19.145 22.219 21.744 21.227 18.525 20.098 19.237 19.398 17.276 13.680 10.931 11.891 15.488 15.148 13.233 10.439  8.346  5.657  7.680  9.964 12.610 13.915 17.400 18.765 22.450 24.456 27.432 30.062 31.760 33.511 34.828
  3.832  0.000  3.827  6.870 10.065 13.342 16.413 19.928 21.202 18.795 16.105 12.403 10.355  6.827  5.725  4.619  6.223  8.401  9.972 13.139 12.202 14.478 14.274 16.534 14.148 11.539 14.708 15.642 12.571 13.625 17.110 16.391 14.846 17.249 20.073 20.232 21.789 20.056 23.212 23.132 19.703 19.262 16.066 16.777 15.240 17.582 20.490 20.437 19.940 17.698 19.739 19.017 19.921 18.001 14.794 11.743 13.565 16.753 15.629 14.122 10.659  8.830  5.630  5.510  7.920  9.813 11.410 14.653 16.068 19.840 21.890 25.112 27.693 29.496 31.317 32.671
  6.773  3.827  0.000  3.818  6.723 10.068 13.258 16.783 18.408 16.164 13.815 10.156  8.513  6.007  5.443  6.420  7.136  9.620 10.261 13.294 11.902 13.222 12.120 14.678 13.034  9.790 12.551 14.312 11.627 11.825 15.563 15.659 13.960 15.660 18.491 18.056 19.628 17.749 20.610 20.249 16.658 15.896 12.563 13.073 11.662 14.179 16.889 16.929 16.460 14.550 16.972 16.641 18.076 16.159 13.447 10.215 12.702 15.272 13.496 12.603  8.836  8.057  5.978  4.810  5.301  6.381  7.612 10.892 12.516 16.284 18.595 21.826 24.486 26.377 28.216 29.582
 10.358  6.870  3.818  0.000  3.823  6.557  9.915 13.345 14.762 12.421 10.172  6.532  5.765  4.710  6.256  8.864 10.255 13.169 13.792 16.589 14.749 15.381 13.438 15.700 14.526 10.830 12.579 14.690 11.987 10.986 14.804 15.222 12.839 13.797 16.978 16.456 18.581 17.195 19.883 18.845 15.301 14.701 11.599 11.982 11.115 13.569 15.827 16.425 16.004 14.854 17.654 17.522 19.636 18.046 15.912 12.830 15.675 17.720 15.402 14.992 11.203 10.849  9.030  6.409  6.036  4.721  6.109  8.524 10.212 13.963 16.329 19.816 22.370 24.367 26.261 27.652
 13.271 10.065  6.723  3.823  0.000  3.826  6.607 10.222 12.142 10.447  8.486  5.695  5.062  6.368  7.532 10.821 11.743 14.824 15.300 17.492 15.085 14.816 12.124 13.965 13.477  9.642 10.288 12.879 10.783  8.767 12.437 13.648 11.354 11.427 14.371 13.314 15.476 14.232 16.657 15.283 11.782 11.358  8.677  9.581  9.891 12.804 14.241 14.655 13.718 12.972 15.735 15.586 18.270 17.205 15.804 13.269 16.625 17.983 15.527 16.037 12.497 13.203 12.158  9.915  8.415  5.734  4.758  5.680  6.545 10.283 12.534 16.057 18.612 20.661 22.627 24.107
 16.746 13.342 10.068  6.557  3.826  0.000  3.834  7.019  8.846  7.137  6.100  4.649  6.360  8.886 10.944 14.400 15.542 18.603 18.890 21.102 18.708 18.085 15.021 16.683 16.687 12.918 12.744 15.491 13.688 10.904 14.127 15.658 12.968 12.020 15.046 13.766 16.343 15.627 17.524 15.387 12.182 11.714  9.624  9.861 10.614 12.901 13.703 14.847 14.260 14.508 17.538 17.809 20.868 19.926 18.953 16.458 19.743 20.739 17.890 18.563 15.186 15.933 15.029 12.247 10.478  6.917  6.154  4.886  5.905  8.950 11.387 15.049 17.402 19.553 21.505 22.941
 19.752 16.413 13.258  9.915  6.607  3.834  0.000  3.846  6.181  6.032  5.629  6.391  7.808 11.189 13.019 16.688 17.807 21.025 21.484 23.251 20.464 19.369 16.029 16.965 17.350 13.867 12.632 15.237 13.961 10.509 12.954 14.930 12.336 10.347 12.989 11.450 14.274 14.229 15.765 13.076 10.470 10.748  9.911 10.799 12.652 15.042 14.972 15.898 14.773 15.413 18.065 18.110 21.516 21.182 20.732 18.757 22.277 22.915 20.191 21.382 18.190 19.319 18.531 15.907 14.103 10.549  8.978  6.382  5.243  7.014  8.618 12.324 14.391 16.541 18.576 20.123
 23.313 19.928 16.783 13.345 10.222  7.019  3.846  0.000  3.856  5.634  6.909  9.066 11.056 14.564 16.587 20.272 21.425 24.615 24.964 26.666 23.866 22.518 19.026 19.758 20.483 17.178 15.509 18.055 17.110 13.469 15.290 17.439 14.874 12.229 14.452 12.788 15.650 16.109 17.023 13.817 11.942 12.288 12.209 12.699 14.834 16.716 15.998 17.273 16.329 17.632 20.246 20.527 24.109 23.949 23.840 21.987 25.464 25.819 22.944 24.306 21.284 22.505 21.848 19.074 17.146 13.449 11.959  8.779  7.581  7.600  8.657 11.941 13.446 15.533 17.455 18.939
 24.785 21.202 18.408 14.762 12.142  8.846  6.181  3.856  0.000  3.839  6.026  9.258 11.708 15.302 17.839 21.577 23.238 26.620 27.283 29.160 26.333 25.288 21.940 22.558 22.916 19.578 18.017 20.153 18.823 15.206 16.872 18.498 15.533 12.848 15.314 14.373 17.647 18.626 19.738 16.450 14.895 15.624 15.513 16.016 17.854 19.558 19.043 20.569 19.769 20.984 23.604 23.708 27.243 27.085 26.737 24.722 28.173 28.809 25.937 27.011 23.798 24.602 23.513 20.423 18.993 15.354 14.529 11.740 10.796 10.977 11.509 14.616 15.731 17.645 19.428 20.782
 22.475 18.795 16.164 12.421 10.447  7.137  6.032  5.634  3.839  0.000  3.810  6.739  9.809 13.070 15.997 19.633 21.533 24.889 25.584 27.796 25.205 24.574 21.436 22.463 22.436 18.872 17.955 20.106 18.254 14.949 17.223 18.430 15.151 13.160 16.211 15.583 18.927 19.519 21.072 18.102 15.971 16.362 15.462 15.675 16.847 18.433 18.535 20.281 19.817 20.741 23.623 23.783 27.110 26.561 25.783 23.400 26.682 27.660 24.734 25.369 21.996 22.377 21.024 17.726 16.614 13.106 13.019 10.904 10.869 12.076 13.312 16.733 18.227 20.218 22.015 23.321
 19.812 16.105 13.815 10.172  8.486  6.100  5.629  6.909  6.026  3.810  0.000  3.834  6.569  9.925 12.952 16.606 18.789 22.300 23.379 25.586 22.915 22.631 19.776 20.695 20.175 16.627 16.020 17.799 15.531 12.480 14.968 15.690 12.213 10.780 14.226 14.118 17.584 18.146 20.248 17.656 15.319 16.050 14.870 15.629 16.648 18.722 19.304 20.647 19.871 20.163 22.867 22.597 25.727 25.206 24.095 21.705 25.037 26.368 23.727 24.179 20.608 20.755 19.019 15.815 15.206 12.031 12.101 10.719 10.486 12.506 13.589 17.227 18.890 20.848 22.757 24.164
 16.137 12.403 10.156  6.532  5.695  4.649  6.391  9.066  9.258  6.739  3.834  0.000  3.822  6.551  9.765 13.286 15.489 18.911 19.978 22.410 19.979 20.082 17.529 18.870 18.000 14.311 14.505 16.347 13.689 11.238 14.406 14.859 11.484 11.117 14.752 14.643 17.775 17.675 20.143 18.088 15.199 15.525 13.578 14.257 14.638 16.860 18.088 19.259 18.611 18.393 21.180 20.897 23.707 22.828 21.310 18.664 21.841 23.483 20.946 21.052 17.365 17.231 15.317 12.147 11.814  9.021  9.637  9.410  9.931 12.883 14.531 18.270 20.320 22.327 24.269 25.689
 13.876 10.355  8.513  5.765  5.062  6.360  7.808 11.056 11.708  9.809  6.569  3.822  0.000  3.842  6.462 10.153 12.466 16.102 17.651 19.789 17.113 17.452 15.256 16.253 14.887 11.388 11.848 13.160 10.169  8.199 11.516 11.532  8.319  8.894 12.495 12.779 15.692 15.480 18.428 16.932 14.047 14.821 12.908 14.405 14.925 17.734 19.135 19.616 18.426 17.496 19.808 18.934 21.494 20.853 19.147 16.796 20.100 21.956 19.921 20.099 16.390 16.330 14.242 11.716 11.763  9.687  9.758 10.222 10.040 13.309 14.516 18.143 20.273 22.162 24.155 25.665
 10.367  6.827  6.007  4.710  6.368  8.886 11.189 14.564 15.302 13.070  9.925  6.551  3.842  0.000  3.818  6.946  9.757 13.297 15.138 17.587 15.322 16.447 14.967 16.333 14.323 11.013 12.640 13.590 10.142  9.578 13.072 12.415  9.693 11.478 14.859 15.382 17.848 17.141 20.354 19.434 16.335 16.776 14.312 15.630 15.375 18.114 20.148 20.467 19.480 17.984 20.208 19.237 21.228 20.194 17.874 15.263 18.187 20.589 18.875 18.454 14.689 13.978 11.358  9.163 10.212  9.398 10.283 12.004 12.483 16.079 17.562 21.084 23.366 25.207 27.146 28.604
  8.339  5.725  5.443  6.256  7.532 10.944 13.019 16.587 17.839 15.997 12.952  9.765  6.462  3.818  0.000  3.814  6.273 10.001 12.225 14.272 11.828 13.238 12.319 13.519 11.040  8.131 10.463 10.976  7.506  8.249 11.635 10.842  9.197 11.690 14.420 14.857 16.633 15.447 18.867 18.644 15.569 16.061 13.623 15.436 15.234 18.336 20.427 20.075 18.692 16.546 18.228 16.814 18.378 17.476 14.982 12.770 15.723 18.229 17.103 16.837 13.303 12.928 10.621  9.706 10.611 10.568 10.689 12.857 12.958 16.545 17.830 21.041 23.424 25.141 27.053 28.539
  5.541  4.619  6.420  8.864 10.821 14.400 16.688 20.272 21.577 19.633 16.606 13.286 10.153  6.946  3.814  0.000  3.825  7.169 10.085 12.155 10.300 12.711 12.893 14.199 11.145  9.179 12.308 12.254  9.016 11.002 13.960 12.705 11.843 14.834 17.176 17.761 19.045 17.525 21.001 21.327 18.290 18.593 15.996 17.692 17.006 19.966 22.415 21.790 20.501 17.867 19.186 17.603 18.397 17.248 14.207 12.115 14.419 17.432 16.954 16.182 12.976 12.094  9.602  9.911 11.525 12.635 13.066 15.792 16.144 19.732 21.067 24.080 26.510 28.128 29.962 31.392
  5.457  6.223  7.136 10.255 11.743 15.542 17.807 21.425 23.238 21.533 18.789 15.489 12.466  9.757  6.273  3.825  0.000  3.822  6.676  8.397  6.609  9.356 10.212 11.818  8.856  7.544 11.235 11.411  9.116 11.560 14.326 13.701 13.652 16.398 18.203 18.203 18.771 16.582 19.828 20.681 17.603 17.505 14.855 16.559 15.769 18.793 21.232 20.084 18.678 15.617 16.524 14.914 15.188 13.860 10.645  8.906 11.098 14.064 14.100 13.546 10.836 10.632  9.217 10.666 11.478 13.003 12.809 15.768 16.125 19.547 20.987 23.651 26.211 27.763 29.522 30.924
  5.879  8.401  9.620 13.169 14.824 18.603 21.025 24.615 26.620 24.889 22.300 18.911 16.102 13.297 10.001  7.169  3.822  0.000  3.878  5.462  5.419  9.003 10.996 12.883 10.180  9.862 13.661 13.832 12.231 14.903 17.416 16.917 17.267 19.996 21.538 21.325 21.430 18.840 21.814 23.085 20.032 19.526 16.786 18.153 16.924 19.627 22.264 20.825 19.631 16.275 16.801 15.367 14.732 12.956  9.317  7.967  8.924 12.239 13.109 12.145 10.328 10.067  9.452 12.061 12.824 15.071 14.946 18.179 18.814 22.108 23.711 26.116 28.739 30.218 31.873 33.196
  7.629  9.972 10.261 13.792 15.300 18.890 21.484 24.964 27.283 25.584 23.379 19.978 17.651 15.138 12.225 10.085  6.676  3.878  0.000  3.840  5.541  8.328 10.289 12.976 11.272 10.833 14.505 15.472 14.428 16.592 19.258 19.420 19.699 21.971 23.486 22.692 22.563 19.538 22.036 23.341 20.128 18.929 15.957 16.719 15.035 17.357 20.091 18.500 17.692 14.337 14.954 14.255 13.328 10.751  6.934  5.200  5.152  8.688  9.752  8.592  7.566  7.962  8.834 11.953 11.901 14.462 14.196 17.579 18.649 21.771 23.765 25.982 28.727 30.243 31.822 33.068
 10.807 13.139 13.294 16.589 17.492 21.102 23.251 26.666 29.160 27.796 25.586 22.410 19.789 17.587 14.272 12.155  8.397  5.462  3.840  0.000  3.837  6.538  9.654 11.626 10.085 10.952 14.306 14.809 14.583 17.141 19.184 19.465 20.460 22.726 23.646 22.755 22.009 18.798 21.108 22.986 20.156 19.160 16.732 17.966 16.836 19.363 21.661 19.495 18.170 14.502 14.118 12.870 11.101  9.046  5.555  6.230  6.029  8.438 10.669 10.521 10.342 11.515 12.615 15.582 15.239 17.387 16.455 19.452 19.948 22.709 24.296 26.083 28.730 30.043 31.525 32.755
 10.752 12.202 11.902 14.749 15.085 18.708 20.464 23.866 26.333 25.205 22.915 19.979 17.113 15.322 11.828 10.300  6.609  5.419  5.541  3.837  0.000  3.841  6.831  8.284  6.309  7.379 10.664 10.993 10.936 13.546 15.406 15.804 16.982 19.158 19.897 19.037 18.282 15.192 17.742 19.597 16.883 16.355 14.244 16.136 15.705 18.764 20.705 18.507 16.621 12.940 12.482 10.535  9.510  8.375  5.397  6.230  8.097  9.948 11.375 12.016 10.910 12.431 12.999 15.220 14.691 16.114 14.689 17.294 17.219 19.918 21.154 22.963 25.542 26.843 28.401 29.727
 13.743 14.478 13.222 15.381 14.816 18.085 19.369 22.518 25.288 24.574 22.631 20.082 17.452 16.447 13.238 12.711  9.356  9.003  8.328  6.538  3.841  0.000  3.832  5.239  5.129  6.561  8.834  9.850 10.915 12.852 14.360 15.636 17.032 18.543 18.855 17.358 16.111 12.635 14.667 16.749 14.214 13.489 11.868 14.002 14.211 17.411 18.757 16.139 13.791 10.057  8.965  6.745  5.913  5.429  4.111  6.302  8.854  9.224 10.404 12.244 11.444 13.916 15.034 16.806 15.448 16.187 13.951 15.947 15.451 17.621 18.698 20.085 22.655 23.886 25.387 26.716
 14.518 14.274 12.120 13.438 12.124 15.021 16.029 19.026 21.940 21.436 19.776 17.529 15.256 14.967 12.319 12.893 10.212 10.996 10.289  9.654  6.831  3.832  0.000  3.846  5.385  4.984  6.320  8.690  9.878 10.693 12.462 14.455 15.407 16.262 16.699 14.708 13.696 10.126 11.995 13.567 10.717  9.734  8.102 10.529 11.353 14.822 15.765 13.247 10.593  7.096  6.696  4.808  6.330  6.067  5.938  6.794 10.241 10.140  9.964 12.345 10.990 13.836 14.943 15.931 13.980 13.903 11.091 12.545 11.809 13.832 15.035 16.527 19.211 20.614 22.222 23.633
 16.812 16.534 14.678 15.700 13.965 16.683 16.965 19.758 22.558 22.463 20.695 18.870 16.253 16.333 13.519 14.199 11.818 12.883 12.976 11.626  8.284  5.239  3.846  0.000  3.849  5.424  5.059  6.290  8.807  9.886 10.469 12.620 14.398 15.164 14.776 12.864 11.123  7.537  9.591 11.889  9.884 10.099  9.810 12.973 14.543 18.108 18.590 15.958 12.774  9.676  8.221  4.782  6.375  8.113  8.704 10.325 13.535 13.337 13.612 16.074 14.743 17.382 18.098 18.928 17.258 16.838 13.868 14.671 12.984 14.469 14.696 15.736 18.128 19.260 20.839 22.330
 14.178 14.148 13.034 14.526 13.477 16.687 17.350 20.483 22.916 22.436 20.175 18.000 14.887 14.323 11.040 11.145  8.856 10.180 11.272 10.085  6.309  5.129  5.385  3.849  0.000  3.859  5.384  4.939  6.369  8.790  9.678 10.697 12.571 14.250 14.238 13.271 12.173  9.312 12.261 14.233 12.083 12.736 11.817 14.905 15.933 19.559 20.620 18.371 15.549 12.308 11.477  8.340  9.014  9.989  9.092 10.145 13.267 14.114 14.622 16.280 14.509 16.434 16.490 17.463 16.546 16.554 14.224 15.618 14.200 16.368 16.648 18.232 20.570 21.750 23.405 24.903
 12.422 11.539  9.790 10.830  9.642 12.918 13.867 17.178 19.578 18.872 16.627 14.311 11.388 11.013  8.131  9.179  7.544  9.862 10.833 10.952  7.379  6.561  4.984  5.424  3.859  0.000  3.848  5.401  5.122  6.461  8.754 10.025 10.734 12.188 13.063 11.956 11.859  9.221 12.338 13.322 10.440 10.809  9.186 12.139 13.064 16.761 17.975 16.243 13.732 10.865 11.258  9.035 10.733 10.802  9.531  9.171 12.799 13.923 13.459 14.886 12.435 14.211 14.008 14.368 13.284 12.915 10.640 12.107 10.970 13.652 14.447 16.656 19.195 20.689 22.506 24.055
 16.041 14.708 12.551 12.579 10.288 12.744 12.632 15.509 18.017 17.955 16.020 14.505 11.848 12.640 10.463 12.308 11.235 13.661 14.505 14.306 10.664  8.834  6.320  5.059  5.384  3.848  0.000  3.841  5.396  5.026  6.245  8.809  9.857 10.274 10.401  8.631  8.164  5.495  8.758  9.642  7.140  8.477  8.185 11.803 13.785 17.549 17.996 16.185 13.147 10.900 10.974  8.516 11.138 12.165 12.011 12.139 15.863 16.309 15.599 17.615 15.291 17.400 17.304 17.156 15.683 14.464 11.576 11.819  9.558 11.443 11.443 13.355 15.760 17.197 19.092 20.775
 16.614 15.642 14.312 14.690 12.879 15.491 15.237 18.055 20.153 20.106 17.799 16.347 13.160 13.590 10.976 12.254 11.411 13.832 15.472 14.809 10.993  9.850  8.690  6.290  4.939  5.401  3.841  0.000  3.845  5.403  4.906  6.405  8.769 10.012  9.435  8.831  8.033  6.358 10.029 11.456  9.947 11.986 12.006 15.615 17.434 21.199 21.793 19.928 16.840 14.371 13.880 10.762 12.570 14.093 13.659 14.201 17.667 18.465 18.346 20.099 17.801 19.524 19.005 19.076 18.240 17.348 14.875 15.314 12.967 14.755 14.131 15.798 17.801 18.929 20.731 22.385
 13.909 12.571 11.627 11.987 10.783 13.688 13.961 17.110 18.823 18.254 15.531 13.689 10.169 10.142  7.506  9.016  9.116 12.231 14.428 14.583 10.936 10.915  9.878  8.807  6.369  5.122  5.396  3.845  0.000  3.854  5.342  5.132  6.303  8.627  9.411  9.729 10.378  9.338 13.099 13.719 11.620 13.395 12.560 15.802 17.087 20.780 21.859 20.515 17.903 15.493 15.805 13.168 14.917 15.612 14.311 13.926 17.374 18.870 18.453 19.549 16.741 17.794 16.623 16.390 16.130 15.372 13.591 14.479 12.669 15.199 15.075 17.456 19.551 20.895 22.782 24.404
 15.760 13.625 11.825 10.986  8.767 10.904 10.509 13.469 15.206 14.949 12.480 11.238  8.199  9.578  8.249 11.002 11.560 14.903 16.592 17.141 13.546 12.852 10.693  9.886  8.790  6.461  5.026  5.403  3.854  0.000  3.850  5.433  5.047  5.750  7.107  6.811  8.484  8.048 11.575 11.203  8.994 11.110 10.643 13.913 15.717 19.357 20.014 19.031 16.440 14.756 15.587 13.472 16.044 16.727 15.893 15.159 18.880 20.017 18.928 20.281 17.275 18.529 17.443 16.470 15.719 14.080 11.989 11.983  9.660 11.979 11.690 14.386 16.467 18.000 20.033 21.749
 18.941 17.110 15.563 14.804 12.437 14.127 12.954 15.290 16.872 17.223 14.968 14.406 11.516 13.072 11.635 13.960 14.326 17.416 19.258 19.184 15.406 14.360 12.462 10.469  9.678  8.754  6.245  4.906  5.342  3.850  0.000  3.840  5.557  5.568  4.588  4.797  5.804  6.610 10.145 10.160  9.261 12.281 12.884 16.475 18.745 22.421 22.675 21.390 18.392 16.761 16.881 14.257 16.756 18.222 17.885 17.840 21.517 22.363 21.624 23.309 20.568 22.031 21.052 20.253 19.493 17.811 15.471 15.014 12.089 13.487 12.121 14.091 15.688 16.865 18.836 20.604
 18.074 16.391 15.659 15.222 13.648 15.658 14.930 17.439 18.498 18.430 15.690 14.859 11.532 12.415 10.842 12.705 13.701 16.917 19.420 19.465 15.804 15.636 14.455 12.620 10.697 10.025  8.809  6.405  5.132  5.433  3.840  0.000  3.845  6.043  5.812  7.956  9.264 10.190 13.794 13.954 12.972 15.772 15.840 19.255 21.051 24.706 25.393 24.262 21.470 19.545 19.725 16.929 18.928 20.183 19.243 19.008 22.479 23.875 23.373 24.567 21.645 22.542 21.017 20.274 20.233 18.949 17.241 17.320 14.852 16.728 15.593 17.767 19.240 20.324 22.194 23.840
 17.201 14.846 13.960 12.839 11.354 12.968 12.336 14.874 15.533 15.151 12.213 11.484  8.319  9.693  9.197 11.843 13.652 17.267 19.699 20.460 16.982 17.032 15.407 14.398 12.571 10.734  9.857  8.769  6.303  5.047  5.557  3.845  0.000  3.835  6.071  8.295 10.891 11.901 15.372 14.669 13.178 15.698 15.332 18.339 19.930 23.393 24.207 23.627 21.240 19.696 20.592 18.338 20.672 21.388 20.177 19.231 22.762 24.371 23.347 24.236 20.959 21.504 19.638 18.275 18.391 16.790 15.543 15.504 13.370 15.574 14.848 17.617 19.176 20.520 22.481 24.115
 19.924 17.249 15.660 13.797 11.427 12.020 10.347 12.229 12.848 13.160 10.780 11.117  8.894 11.478 11.690 14.834 16.398 19.996 21.971 22.726 19.158 18.543 16.262 15.164 14.250 12.188 10.274 10.012  8.627  5.750  5.568  6.043  3.835  0.000  3.854  5.703  9.169 10.938 13.849 12.365 11.325 14.190 14.484 17.465 19.599 22.952 23.226 22.812 20.360 19.432 20.457 18.507 21.354 22.266 21.587 20.684 24.405 25.566 24.180 25.445 22.213 23.123 21.568 19.843 19.388 17.119 15.466 14.497 11.811 13.294 12.034 14.752 16.060 17.445 19.486 21.200
 22.360 20.073 18.491 16.978 14.371 15.046 12.989 14.452 15.314 16.211 14.226 14.752 12.495 14.859 14.420 17.176 18.203 21.538 23.486 23.646 19.897 18.855 16.699 14.776 14.238 13.063 10.401  9.435  9.411  7.107  4.588  5.812  6.071  3.854  0.000  3.824  6.587  9.329 11.966 10.893 10.959 14.415 15.535 18.899 21.452 24.934 24.853 23.995 21.110 20.114 20.487 18.148 20.931 22.472 22.270 22.007 25.747 26.565 25.509 27.178 24.244 25.536 24.287 22.925 22.246 20.049 17.906 16.730 13.530 14.265 12.146 14.015 14.917 15.945 17.919 19.686
 22.504 20.232 18.056 16.456 13.314 13.766 11.450 12.788 14.373 15.583 14.118 14.643 12.779 15.382 14.857 17.761 18.203 21.325 22.692 22.755 19.037 17.358 14.708 12.864 13.271 11.956  8.631  8.831  9.729  6.811  4.797  7.956  8.295  5.703  3.824  0.000  3.897  6.507  8.652  7.155  7.370 10.979 12.636 16.047 18.970 22.408 21.947 20.920 17.897 17.206 17.544 15.507 18.636 20.250 20.543 20.434 24.238 24.578 23.349 25.403 22.710 24.476 23.751 22.468 21.174 18.760 16.085 14.488 10.945 11.101  8.731 10.391 11.574 12.824 14.990 16.941
 23.564 21.789 19.628 18.581 15.476 16.343 14.274 15.650 17.647 18.927 17.584 17.775 15.692 17.848 16.633 19.045 18.771 21.430 22.563 22.009 18.282 16.111 13.696 11.123 12.173 11.859  8.164  8.033 10.378  8.484  5.804  9.264 10.891  9.169  6.587  3.897  0.000  3.895  5.630  5.661  6.948 10.588 12.827 16.477 19.565 23.076 22.419 20.790 17.381 16.422 15.943 13.528 16.456 18.656 19.480 20.076 23.759 23.689 22.887 25.323 23.076 25.248 24.956 24.188 22.663 20.553 17.490 16.077 12.488 12.229  9.687 10.209 11.341 12.211 14.198 16.167
 21.485 20.056 17.749 17.195 14.232 15.627 14.229 16.109 18.626 19.519 18.146 17.675 15.480 17.141 15.447 17.525 16.582 18.840 19.538 18.798 15.192 12.635 10.126  7.537  9.312  9.221  5.495  6.358  9.338  8.048  6.610 10.190 11.901 10.938  9.329  6.507  3.895  0.000  3.843  5.487  5.344  8.218 10.203 13.950 16.885 20.457 19.941 17.910 14.371 12.983 12.216  9.678 12.653 14.836 15.862 16.712 20.312 20.009 19.361 21.971 20.024 22.489 22.621 22.268 20.483 18.715 15.420 14.451 11.202 11.309  9.692 10.274 12.135 13.191 15.072 16.943
 24.628 23.212 20.610 19.883 16.657 17.524 15.765 17.023 19.738 21.072 20.248 20.143 18.428 20.354 18.867 21.001 19.828 21.814 22.036 21.108 17.742 14.667 11.995  9.591 12.261 12.338  8.758 10.029 13.099 11.575 10.145 13.794 15.372 13.849 11.966  8.652  5.630  3.843  0.000  3.840  5.566  7.942 10.976 14.357 17.681 20.958 19.801 17.563 13.885 13.164 11.994 10.036 13.147 15.645 17.453 18.614 22.055 21.119 20.393 23.424 21.871 24.704 25.256 24.900 22.695 20.725 17.149 15.652 12.323 11.285  9.235  8.416  9.998 10.763 12.503 14.455
 25.076 23.132 20.249 18.845 15.283 15.387 13.076 13.817 16.450 18.102 17.656 18.088 16.932 19.434 18.644 21.327 20.681 23.085 23.341 22.986 19.597 16.749 13.567 11.889 14.233 13.322  9.642 11.456 13.719 11.203 10.160 13.954 14.669 12.365 10.893  7.155  5.661  5.487  3.840  0.000  3.834  6.842 10.212 13.329 16.921 20.032 18.618 16.993 13.615 13.702 13.513 12.284 15.810 17.741 19.274 19.768 23.386 22.604 21.270 24.145 22.241 24.906 25.255 24.344 22.042 19.543 16.039 13.846 10.224  8.520  5.763  5.082  6.939  8.376 10.649 12.872
 21.710 19.703 16.658 15.301 11.782 12.182 10.470 11.942 14.895 15.971 15.319 15.199 14.047 16.335 15.569 18.290 17.603 20.032 20.128 20.156 16.883 14.214 10.717  9.884 12.083 10.440  7.140  9.947 11.620  8.994  9.261 12.972 13.178 11.325 10.959  7.370  6.948  5.344  5.566  3.834  0.000  3.818  6.591  9.929 13.369 16.649 15.636 14.125 10.872 10.722 11.250 10.328 14.048 15.315 16.441 16.470 20.156 19.596 17.995 20.676 18.599 21.198 21.570 20.643 18.263 15.823 12.283 10.333  6.844  6.093  4.952  6.317  9.047 10.897 13.090 15.062
 21.137 19.262 15.896 14.701 11.358 11.714 10.748 12.288 15.624 16.362 16.050 15.525 14.821 16.776 16.061 18.593 17.505 19.526 18.929 19.160 16.355 13.489  9.734 10.099 12.736 10.809  8.477 11.986 13.395 11.110 12.281 15.772 15.698 14.190 14.415 10.979 10.588  8.218  7.942  6.842  3.818  0.000  3.828  6.626 10.233 13.321 12.108 10.401  7.157  7.556  8.763  9.078 12.874 13.474 14.825 14.647 18.125 17.171 15.197 18.065 16.312 19.230 20.149 19.369 16.489 14.144 10.384  8.470  5.915  5.166  6.217  7.436 10.440 12.393 14.346 16.056
 17.937 16.066 12.563 11.599  8.677  9.624  9.911 12.209 15.513 15.462 14.870 13.578 12.908 14.312 13.623 15.996 14.855 16.786 15.957 16.732 14.244 11.868  8.102  9.810 11.817  9.186  8.185 12.006 12.560 10.643 12.884 15.840 15.332 14.484 15.535 12.636 12.827 10.203 10.976 10.212  6.591  3.828  0.000  3.823  6.873 10.353 10.045  8.591  6.000  5.701  8.231  9.009 12.435 12.010 12.608 11.662 15.143 14.581 12.225 14.722 12.697 15.515 16.495 15.759 12.760 10.640  6.843  5.841  4.792  6.292  8.744 10.844 13.816 15.796 17.649 19.168
 18.679 16.777 13.073 11.982  9.581  9.861 10.799 12.699 16.016 15.675 15.629 14.257 14.405 15.630 15.436 17.692 16.559 18.153 16.719 17.966 16.136 14.002 10.529 12.973 14.905 12.139 11.803 15.615 15.802 13.913 16.475 19.255 18.339 17.465 18.899 16.047 16.477 13.950 14.357 13.329  9.929  6.626  3.823  0.000  3.825  6.783  6.306  5.499  4.534  5.814  9.360 11.355 14.378 13.145 13.668 12.147 15.099 14.294 11.214 13.528 11.782 14.635 16.085 15.199 11.686  9.511  6.063  5.064  6.254  7.457 10.808 12.806 15.677 17.706 19.386 20.683
 16.900 15.240 11.662 11.115  9.891 10.614 12.652 14.834 17.854 16.847 16.648 14.638 14.925 15.375 15.234 17.006 15.769 16.924 15.035 16.836 15.705 14.211 11.353 14.543 15.933 13.064 13.785 17.434 17.087 15.717 18.745 21.051 19.930 19.599 21.452 18.970 19.565 16.885 17.681 16.921 13.369 10.233  6.873  3.825  0.000  3.848  5.543  5.521  6.514  6.950 10.743 12.992 15.307 13.166 12.971 10.682 13.056 12.572  9.018 10.618  8.904 11.602 13.449 12.779  9.024  7.644  5.272  6.311  8.965 10.904 14.391 16.576 19.416 21.407 22.997 24.164
 19.145 17.582 14.179 13.569 12.804 12.901 15.042 16.716 19.558 18.433 18.722 16.860 17.734 18.114 18.336 19.966 18.793 19.627 17.357 19.363 18.764 17.411 14.822 18.108 19.559 16.761 17.549 21.199 20.780 19.357 22.421 24.706 23.393 22.952 24.934 22.408 23.076 20.457 20.958 20.032 16.649 13.321 10.353  6.783  3.848  0.000  3.849  5.614  8.416  9.694 13.343 16.106 18.141 15.687 15.571 13.184 14.755 14.010 10.226 11.317 10.342 12.660 14.871 14.137 10.357  9.304  8.161  8.883 11.950 13.395 17.052 19.039 21.735 23.706 25.141 26.135
 22.219 20.490 16.889 15.827 14.241 13.703 14.972 15.998 19.043 18.535 19.304 18.088 19.135 20.148 20.427 22.415 21.232 22.264 20.091 21.661 20.705 18.757 15.765 18.590 20.620 17.975 17.996 21.793 21.859 20.014 22.675 25.393 24.207 23.226 24.853 21.947 22.419 19.941 19.801 18.618 15.636 12.108 10.045  6.306  5.543  3.849  0.000  3.820  6.952  9.607 13.034 16.075 18.503 16.603 17.268 15.488 17.331 15.996 12.414 14.275 13.535 16.169 18.304 17.406 13.607 11.874  9.944  9.227 11.572 11.922 15.461 16.933 19.467 21.384 22.718 23.657
 21.744 20.437 16.929 16.425 14.655 14.847 15.898 17.273 20.569 20.281 20.647 19.259 19.616 20.467 20.075 21.790 20.084 20.825 18.500 19.495 18.507 16.139 13.247 15.958 18.371 16.243 16.185 19.928 20.515 19.031 21.390 24.262 23.627 22.812 23.995 20.920 20.790 17.910 17.563 16.993 14.125 10.401  8.591  5.499  5.521  5.614  3.820  0.000  3.826  6.484  9.572 12.885 15.154 13.415 14.628 13.523 15.406 13.525 10.326 13.009 12.735 15.974 18.409 18.129 14.360 13.042 10.410 10.032 11.552 11.787 14.933 15.961 18.590 20.350 21.644 22.617
 21.227 19.940 16.460 16.004 13.718 14.260 14.773 16.329 19.769 19.817 19.871 18.611 18.426 19.480 18.692 20.501 18.678 19.631 17.692 18.170 16.621 13.791 10.593 12.774 15.549 13.732 13.147 16.840 17.903 16.440 18.392 21.470 21.240 20.360 21.110 17.897 17.381 14.371 13.885 13.615 10.872  7.157  6.000  4.534  6.514  8.416  6.952  3.826  0.000  3.826  6.579  9.620 12.368 11.378 13.057 12.609 15.091 13.191 10.596 13.800 13.217 16.670 18.795 18.621 15.063 13.556 10.208  9.515  9.826  9.816 12.422 13.201 15.925 17.629 19.022 20.165
 18.525 17.698 14.550 14.854 12.972 14.508 15.413 17.632 20.984 20.741 20.163 18.393 17.496 17.984 16.546 17.867 15.617 16.275 14.337 14.502 12.940 10.057  7.096  9.676 12.308 10.865 10.900 14.371 15.493 14.756 16.761 19.545 19.696 19.432 20.114 17.206 16.422 12.983 13.164 13.702 10.722  7.556  5.701  5.814  6.950  9.694  9.607  6.484  3.826  0.000  3.838  6.605  9.045  7.789  9.340  9.254 11.924 10.173  8.152 11.549 10.984 14.592 16.724 17.129 13.905 13.093  9.783 10.227 10.371 11.318 13.569 14.606 17.420 19.016 20.466 21.684
 20.098 19.739 16.972 17.654 15.735 17.538 18.065 20.246 23.604 23.623 22.867 21.180 19.808 20.208 18.228 19.186 16.524 16.801 14.954 14.118 12.482  8.965  6.696  8.221 11.477 11.258 10.974 13.880 15.805 15.587 16.881 19.725 20.592 20.457 20.487 17.544 15.943 12.216 11.994 13.513 11.250  8.763  8.231  9.360 10.743 13.343 13.034  9.572  6.579  3.838  0.000  3.837  5.927  5.854  8.720 10.160 12.536 10.284  9.626 13.288 13.283 16.939 19.095 19.947 17.032 16.491 13.162 13.554 12.949 13.468 14.881 15.216 17.816 19.059 20.337 21.518
 19.237 19.017 16.641 17.522 15.586 17.809 18.110 20.527 23.708 23.783 22.597 20.897 18.934 19.237 16.814 17.603 14.914 15.367 14.255 12.870 10.535  6.745  4.808  4.782  8.340  9.035  8.516 10.762 13.168 13.472 14.257 16.929 18.338 18.507 18.148 15.507 13.528  9.678 10.036 12.284 10.328  9.078  9.009 11.355 12.992 16.106 16.075 12.885  9.620  6.605  3.837  0.000  3.853  5.695  8.186 10.259 13.005 11.487 11.588 14.849 14.381 17.708 19.317 20.264 17.860 17.382 14.075 14.584 13.298 14.075 14.770 15.167 17.651 18.747 20.113 21.438
 19.398 19.921 18.076 19.636 18.270 20.868 21.516 24.109 27.243 27.110 25.727 23.707 21.494 21.228 18.378 18.397 15.188 14.732 13.328 11.101  9.510  5.913  6.330  6.375  9.014 10.733 11.138 12.570 14.917 16.044 16.756 18.928 20.672 21.354 20.931 18.636 16.456 12.653 13.147 15.810 14.048 12.874 12.435 14.378 15.307 18.141 18.503 15.154 12.368  9.045  5.927  3.853  0.000  3.812  6.767  9.987 11.824 10.090 11.439 14.500 14.752 17.989 19.844 21.453 19.340 19.552 16.621 17.719 16.804 17.826 18.572 18.893 21.267 22.188 23.396 24.585
 17.276 18.001 16.159 18.046 17.205 19.926 21.182 23.949 27.085 26.561 25.206 22.828 20.853 20.194 17.476 17.248 13.860 12.956 10.751  9.046  8.375  5.429  6.067  8.113  9.989 10.802 12.165 14.093 15.612 16.727 18.222 20.183 21.388 22.266 22.472 20.250 18.656 14.836 15.645 17.741 15.315 13.474 12.010 13.145 13.166 15.687 16.603 13.415 11.378  7.789  5.854  5.695  3.812  0.000  3.835  6.929  8.319  6.323  7.811 10.798 11.455 14.782 17.048 18.935 16.745 17.443 14.905 16.598 16.510 18.010 19.478 20.274 22.874 24.041 25.316 26.460
 13.680 14.794 13.447 15.912 15.804 18.953 20.732 23.840 26.737 25.783 24.095 21.310 19.147 17.874 14.982 14.207 10.645  9.317  6.934  5.555  5.397  4.111  5.938  8.704  9.092  9.531 12.011 13.659 14.311 15.893 17.885 19.243 20.177 21.587 22.270 20.543 19.480 15.862 17.453 19.274 16.441 14.825 12.608 13.668 12.971 15.571 17.268 14.628 13.057  9.340  8.720  8.186  6.767  3.835  0.000  3.824  5.284  5.156  6.920  8.730  8.940 11.767 13.788 16.047 14.386 15.707 13.814 16.242 16.594 18.811 20.526 21.928 24.631 25.959 27.377 28.580
 10.931 11.743 10.215 12.830 13.269 16.458 18.757 21.987 24.722 23.400 21.705 18.664 16.796 15.263 12.770 12.115  8.906  7.967  5.200  6.230  6.230  6.302  6.794 10.325 10.145  9.171 12.139 14.201 13.926 15.159 17.840 19.008 19.231 20.684 22.007 20.434 20.076 16.712 18.614 19.768 16.470 14.647 11.662 12.147 10.682 13.184 15.488 13.523 12.609  9.254 10.160 10.259  9.987  6.929  3.824  0.000  3.854  5.483  5.458  6.187  5.312  8.086 10.160 12.356 10.680 12.361 11.048 14.027 15.080 17.793 20.000 21.943 24.766 26.329 27.870 29.099
 11.891 13.565 12.702 15.675 16.625 19.743 22.277 25.464 28.173 26.682 25.037 21.841 20.100 18.187 15.723 14.419 11.098  8.924  5.152  6.029  8.097  8.854 10.241 13.535 13.267 12.799 15.863 17.667 17.374 18.880 21.517 22.479 22.762 24.405 25.747 24.238 23.759 20.312 22.055 23.386 20.156 18.125 15.143 15.099 13.056 14.755 17.331 15.406 15.091 11.924 12.536 13.005 11.824  8.319  5.284  3.854  0.000  3.858  5.421  4.672  5.923  8.047 10.784 13.741 12.416 14.813 14.081 17.241 18.654 21.298 23.647 25.466 28.279 29.785 31.223 32.350
 15.488 16.753 15.272 17.720 17.983 20.739 22.915 25.819 28.809 27.660 26.368 23.483 21.956 20.589 18.229 17.432 14.064 12.239  8.688  8.438  9.948  9.224 10.140 13.337 14.114 13.923 16.309 18.465 18.870 20.017 22.363 23.875 24.371 25.566 26.565 24.578 23.689 20.009 21.119 22.604 19.596 17.171 14.581 14.294 12.572 14.010 15.996 13.525 13.191 10.173 10.284 11.487 10.090  6.323  5.156  5.483  3.858  0.000  3.836  5.461  7.811 10.844 13.965 16.497 14.451 16.251 14.850 17.462 18.692 20.769 23.091 24.432 27.199 28.602 29.903 30.945
 15.148 15.629 13.496 15.402 15.527 17.890 20.191 22.944 25.937 24.734 23.727 20.946 19.921 18.875 17.103 16.954 14.100 13.109  9.752 10.669 11.375 10.404  9.964 13.612 14.622 13.459 15.599 18.346 18.453 18.928 21.624 23.373 23.347 24.180 25.509 23.349 22.887 19.361 20.393 21.270 17.995 15.197 12.225 11.214  9.018 10.226 12.414 10.326 10.596  8.152  9.626 11.588 11.439  7.811  6.920  5.458  5.421  3.836  0.000  3.854  5.617  9.214 12.523 14.401 11.748 13.205 11.821 14.368 16.071 18.170 20.893 22.467 25.305 26.891 28.260 29.312
 13.233 14.122 12.603 14.992 16.037 18.563 21.382 24.306 27.011 25.369 24.179 21.052 20.099 18.454 16.837 16.182 13.546 12.145  8.592 10.521 12.016 12.244 12.345 16.074 16.280 14.886 17.615 20.099 19.549 20.281 23.309 24.567 24.236 25.445 27.178 25.403 25.323 21.971 23.424 24.145 20.676 18.065 14.722 13.528 10.618 11.317 14.275 13.009 13.800 11.549 13.288 14.849 14.500 10.798  8.730  6.187  4.672  5.461  3.854  0.000  3.842  6.371 10.031 12.436 10.391 12.826 12.555 15.712 17.922 20.487 23.391 25.351 28.219 29.891 31.319 32.374
 10.439 10.659  8.836 11.203 12.497 15.186 18.190 21.284 23.798 21.996 20.608 17.365 16.390 14.689 13.303 12.976 10.836 10.328  7.566 10.342 10.910 11.444 10.990 14.743 14.509 12.435 15.291 17.801 16.741 17.275 20.568 21.645 20.959 22.213 24.244 22.710 23.076 20.024 21.871 22.241 18.599 16.312 12.697 11.782  8.904 10.342 13.535 12.735 13.217 10.984 13.283 14.381 14.752 11.455  8.940  5.312  5.923  7.811  5.617  3.842  0.000  3.830  6.988  8.951  6.847  9.380  9.423 12.923 15.221 18.199 21.110 23.482 26.366 28.156 29.731 30.891
  8.346  8.830  8.057 10.849 13.203 15.933 19.319 22.505 24.602 22.377 20.755 17.231 16.330 13.978 12.928 12.094 10.632 10.067  7.962 11.515 12.431 13.916 13.836 17.382 16.434 14.211 17.400 19.524 17.794 18.529 22.031 22.542 21.504 23.123 25.536 24.476 25.248 22.489 24.704 24.906 21.198 19.230 15.515 14.635 11.602 12.660 16.169 15.974 16.670 14.592 16.939 17.708 17.989 14.782 11.767  8.086  8.047 10.844  9.214  6.371  3.830  0.000  3.836  6.567  5.987  9.559 10.940 14.694 17.242 20.548 23.474 26.172 29.021 30.863 32.488 33.655
  5.657  5.630  5.978  9.030 12.158 15.029 18.531 21.848 23.513 21.024 19.019 15.317 14.242 11.358 10.621  9.602  9.217  9.452  8.834 12.615 12.999 15.034 14.943 18.098 16.490 14.008 17.304 19.005 16.623 17.443 21.052 21.017 19.638 21.568 24.287 23.751 24.956 22.621 25.256 25.255 21.570 20.149 16.495 16.085 13.449 14.871 18.304 18.409 18.795 16.724 19.095 19.317 19.844 17.048 13.788 10.160 10.784 13.965 12.523 10.031  6.988  3.836  0.000  3.843  5.583  9.145 11.241 14.988 17.358 20.964 23.677 26.697 29.464 31.332 33.045 34.275
  7.680  5.510  4.810  6.409  9.915 12.247 15.907 19.074 20.423 17.726 15.815 12.147 11.716  9.163  9.706  9.911 10.666 12.061 11.953 15.582 15.220 16.806 15.931 18.928 17.463 14.368 17.156 19.076 16.390 16.470 20.253 20.274 18.275 19.843 22.925 22.468 24.188 22.268 24.900 24.344 20.643 19.369 15.759 15.199 12.779 14.137 17.406 18.129 18.621 17.129 19.947 20.264 21.453 18.935 16.047 12.356 13.741 16.497 14.401 12.436  8.951  6.567  3.843  0.000  3.844  6.635  9.598 13.027 15.608 19.264 22.048 25.333 28.013 29.981 31.749 32.997
  9.964  7.920  5.301  6.036  8.415 10.478 14.103 17.146 18.993 16.614 15.206 11.814 11.763 10.212 10.611 11.525 11.478 12.824 11.901 15.239 14.691 15.448 13.980 17.258 16.546 13.284 15.683 18.240 16.130 15.719 19.493 20.233 18.391 19.388 22.246 21.174 22.663 20.483 22.695 22.042 18.263 16.489 12.760 11.686  9.024 10.357 13.607 14.360 15.063 13.905 17.032 17.860 19.340 16.745 14.386 10.680 12.416 14.451 11.748 10.391  6.847  5.987  5.583  3.844  0.000  3.829  6.488 10.046 13.001 16.455 19.540 22.650 25.411 27.424 29.162 30.391
 12.610  9.813  6.381  4.721  5.734  6.917 10.549 13.449 15.354 13.106 12.031  9.021  9.687  9.398 10.568 12.635 13.003 15.071 14.462 17.387 16.114 16.187 13.903 16.838 16.554 12.915 14.464 17.348 15.372 14.080 17.811 18.949 16.790 17.119 20.049 18.760 20.553 18.715 20.725 19.543 15.823 14.144 10.640  9.511  7.644  9.304 11.874 13.042 13.556 13.093 16.491 17.382 19.552 17.443 15.707 12.361 14.813 16.251 13.205 12.826  9.380  9.559  9.145  6.635  3.829  0.000  3.821  6.706  9.862 13.242 16.404 19.659 22.347 24.443 26.230 27.499
 13.915 11.410  7.612  6.109  4.758  6.154  8.978 11.959 14.529 13.019 12.101  9.637  9.758 10.283 10.689 13.066 12.809 14.946 14.196 16.455 14.689 13.951 11.091 13.868 14.224 10.640 11.576 14.875 13.591 11.989 15.471 17.241 15.543 15.466 17.906 16.085 17.490 15.420 17.149 16.039 12.283 10.384  6.843  6.063  5.272  8.161  9.944 10.410 10.208  9.783 13.162 14.075 16.621 14.905 13.814 11.048 14.081 14.850 11.821 12.555  9.423 10.940 11.241  9.598  6.488  3.821  0.000  3.830  6.679 10.017 13.193 16.250 19.044 21.132 22.952 24.296
 17.400 14.653 10.892  8.524  5.680  4.886  6.382  8.779 11.740 10.904 10.719  9.410 10.222 12.004 12.857 15.792 15.768 18.179 17.579 19.452 17.294 15.947 12.545 14.671 15.618 12.107 11.819 15.314 14.479 11.983 15.014 17.320 15.504 14.497 16.730 14.488 16.077 14.451 15.652 13.846 10.333  8.470  5.841  5.064  6.311  8.883  9.227 10.032  9.515 10.227 13.554 14.584 17.719 16.598 16.242 14.027 17.241 17.462 14.368 15.712 12.923 14.694 14.988 13.027 10.046  6.706  3.830  0.000  3.821  6.649 10.081 13.206 15.917 18.117 19.994 21.392
 18.765 16.068 12.516 10.212  6.545  5.905  5.243  7.581 10.796 10.869 10.486  9.931 10.040 12.483 12.958 16.144 16.125 18.814 18.649 19.948 17.219 15.451 11.809 12.984 14.200 10.970  9.558 12.967 12.669  9.660 12.089 14.852 13.370 11.811 13.530 10.945 12.488 11.202 12.323 10.224  6.844  5.915  4.792  6.254  8.965 11.950 11.572 11.552  9.826 10.371 12.949 13.298 16.804 16.510 16.594 15.080 18.654 18.692 16.071 17.922 15.221 17.242 17.358 15.608 13.001  9.862  6.679  3.821  0.000  3.823  6.601  9.930 12.682 14.908 16.973 18.593
 22.450 19.840 16.284 13.963 10.283  8.950  7.014  7.600 10.977 12.076 12.506 12.883 13.309 16.079 16.545 19.732 19.547 22.108 21.771 22.709 19.918 17.621 13.832 14.469 16.368 13.652 11.443 14.755 15.199 11.979 13.487 16.728 15.574 13.294 14.265 11.101 12.229 11.309 11.285  8.520  6.093  5.166  6.292  7.457 10.904 13.395 11.922 11.787  9.816 11.318 13.468 14.075 17.826 18.010 18.811 17.793 21.298 20.769 18.170 20.487 18.199 20.548 20.964 19.264 16.455 13.242 10.017  6.649  3.823  0.000  3.822  6.710  9.476 11.856 13.986 15.703
 24.456 21.890 18.595 16.329 12.534 11.387  8.618  8.657 11.509 13.312 13.589 14.531 14.516 17.562 17.830 21.067 20.987 23.711 23.765 24.296 21.154 18.698 15.035 14.696 16.648 14.447 11.443 14.131 15.075 11.690 12.121 15.593 14.848 12.034 12.146  8.731  9.687  9.692  9.235  5.763  4.952  6.217  8.744 10.808 14.391 17.052 15.461 14.933 12.422 13.569 14.881 14.770 18.572 19.478 20.526 20.000 23.647 23.091 20.893 23.391 21.110 23.474 23.677 22.048 19.540 16.404 13.193 10.081  6.601  3.822  0.000  3.824  6.488  8.918 11.367 13.419
 27.432 25.112 21.826 19.816 16.057 15.049 12.324 11.941 14.616 16.733 17.227 18.270 18.143 21.084 21.041 24.080 23.651 26.116 25.982 26.083 22.963 20.085 16.527 15.736 18.232 16.656 13.355 15.798 17.456 14.386 14.091 17.767 17.617 14.752 14.015 10.391 10.209 10.274  8.416  5.082  6.317  7.436 10.844 12.806 16.576 19.039 16.933 15.961 13.201 14.606 15.216 15.167 18.893 20.274 21.928 21.943 25.466 24.432 22.467 25.351 23.482 26.172 26.697 25.333 22.650 19.659 16.250 13.206  9.930  6.710  3.824  0.000  3.833  6.302  8.843 11.107
 30.062 27.693 24.486 22.370 18.612 17.402 14.391 13.446 15.731 18.227 18.890 20.320 20.273 23.366 23.424 26.510 26.211 28.739 28.727 28.730 25.542 22.655 19.211 18.128 20.570 19.195 15.760 17.801 19.551 16.467 15.688 19.240 19.176 16.060 14.917 11.574 11.341 12.135  9.998  6.939  9.047 10.440 13.816 15.677 19.416 21.735 19.467 18.590 15.925 17.420 17.816 17.651 21.267 22.874 24.631 24.766 28.279 27.199 25.305 28.219 26.366 29.021 29.464 28.013 25.411 22.347 19.044 15.917 12.682  9.476  6.488  3.833  0.000  3.833  6.629  9.166
 31.760 29.496 26.377 24.367 20.661 19.553 16.541 15.533 17.645 20.218 20.848 22.327 22.162 25.207 25.141 28.128 27.763 30.218 30.243 30.043 26.843 23.886 20.614 19.260 21.750 20.689 17.197 18.929 20.895 18.000 16.865 20.324 20.520 17.445 15.945 12.824 12.211 13.191 10.763  8.376 10.897 12.393 15.796 17.706 21.407 23.706 21.384 20.350 17.629 19.016 19.059 18.747 22.188 24.041 25.959 26.329 29.785 28.602 26.891 29.891 28.156 30.863 31.332 29.981 27.424 24.443 21.132 18.117 14.908 11.856  8.918  6.302  3.833  0.000  3.845  6.767
 33.511 31.317 28.216 26.261 22.627 21.505 18.576 17.455 19.428 22.015 22.757 24.269 24.155 27.146 27.053 29.962 29.522 31.873 31.822 31.525 28.401 25.387 22.222 20.839 23.405 22.506 19.092 20.731 22.782 20.033 18.836 22.194 22.481 19.486 17.919 14.990 14.198 15.072 12.503 10.649 13.090 14.346 17.649 19.386 22.997 25.141 22.718 21.644 19.022 20.466 20.337 20.113 23.396 25.316 27.377 27.870 31.223 29.903 28.260 31.319 29.731 32.488 33.045 31.749 29.162 26.230 22.952 19.994 16.973 13.986 11.367  8.843  6.629  3.845  0.000  3.811
