  1.000  0.805  0.511  0.234 -0.094 -0.265 -0.273 -0.240 -0.217 -0.236 -0.234 -0.102  0.031  0.276  0.380  0.669  0.650  0.620  0.441  0.268  0.210 -0.083 -0.230 -0.267 -0.130 -0.126 -0.239 -0.226 -0.181 -0.251 -0.269 -0.153  0.014  0.036 -0.050 -0.121 -0.099 -0.105 -0.153 -0.250 -0.340 -0.330 -0.431 -0.437 -0.307 -0.266 -0.349 -0.348 -0.430 -0.419 -0.449 -0.395 -0.318 -0.266 -0.058  0.087  0.171 -0.049 -0.115  0.098  0.168  0.405  0.614  0.512  0.241 -0.005 -0.224 -0.407 -0.458 -0.371 -0.222 -0.016  0.201  0.385  0.357  0.337
  0.805  1.000  0.723  0.469  0.138 -0.068 -0.145 -0.215 -0.202 -0.200 -0.061  0.119  0.249  0.501  0.579  0.700  0.560  0.441  0.256  0.068  0.031 -0.228 -0.283 -0.312 -0.218 -0.165 -0.216 -0.261 -0.237 -0.197 -0.322 -0.253 -0.040 -0.063 -0.095 -0.154 -0.140 -0.143 -0.182 -0.228 -0.292 -0.259 -0.313 -0.329 -0.207 -0.153 -0.265 -0.216 -0.329 -0.360 -0.445 -0.427 -0.414 -0.391 -0.221 -0.051  0.004 -0.202 -0.176  0.026  0.144  0.369  0.587  0.617  0.363  0.169 -0.047 -0.247 -0.346 -0.317 -0.235 -0.010  0.136  0.342  0.333  0.323
  0.511  0.723  1.000  0.772  0.424  0.191  0.052 -0.116 -0.060 -0.042  0.141  0.350  0.454  0.651  0.649  0.556  0.401  0.196  0.030 -0.136 -0.118 -0.288 -0.255 -0.268 -0.265 -0.207 -0.169 -0.248 -0.280 -0.153 -0.227 -0.118  0.094 -0.039 -0.303 -0.309 -0.309 -0.333 -0.229 -0.183 -0.302 -0.199 -0.175 -0.164 -0.067  0.037 -0.065  0.022 -0.106 -0.169 -0.258 -0.296 -0.343 -0.345 -0.279 -0.150 -0.141 -0.222 -0.115 -0.028  0.080  0.258  0.460  0.606  0.458  0.426  0.254 -0.042 -0.216 -0.299 -0.311 -0.060 -0.006  0.186  0.171  0.172
  0.234  0.469  0.772  1.000  0.736  0.515  0.306  0.075  0.119  0.164  0.432  0.630  0.657  0.708  0.524  0.353  0.148 -0.086 -0.225 -0.387 -0.344 -0.424 -0.281 -0.280 -0.349 -0.268 -0.141 -0.251 -0.300 -0.074 -0.137 -0.129  0.031 -0.169 -0.377 -0.351 -0.376 -0.396 -0.266 -0.125 -0.173 -0.048  0.045  0.044  0.088  0.176  0.069  0.186  0.074 -0.038 -0.166 -0.251 -0.376 -0.415 -0.433 -0.314 -0.348 -0.362 -0.169 -0.141 -0.024  0.095  0.264  0.521  0.485  0.632  0.506  0.241  0.024 -0.150 -0.221 -0.015 -0.091  0.083  0.086  0.094
 -0.094  0.138  0.424  0.736  1.000  0.807  0.597  0.317  0.282  0.312  0.604  0.706  0.705  0.531  0.336  0.114 -0.061 -0.276 -0.368 -0.446 -0.355 -0.294 -0.082 -0.076 -0.226 -0.152  0.011 -0.134 -0.196  0.092 -0.045 -0.199 -0.127 -0.318 -0.376 -0.306 -0.331 -0.338 -0.173  0.044  0.057  0.168  0.339  0.311  0.255  0.271  0.221  0.345  0.311  0.203  0.094  0.002 -0.157 -0.222 -0.340 -0.310 -0.410 -0.331 -0.135 -0.216 -0.135 -0.149 -0.096  0.143  0.236  0.506  0.642  0.540  0.381  0.129 -0.054  0.038 -0.216 -0.173 -0.163 -0.133
 -0.265 -0.068  0.191  0.515  0.807  1.000  0.765  0.439  0.420  0.465  0.702  0.699  0.553  0.312  0.131 -0.080 -0.227 -0.403 -0.437 -0.487 -0.391 -0.256 -0.031 -0.032 -0.199 -0.139 -0.007 -0.139 -0.181  0.054 -0.094 -0.221 -0.106 -0.251 -0.303 -0.204 -0.225 -0.242 -0.064  0.107  0.139  0.236  0.428  0.403  0.332  0.295  0.250  0.353  0.364  0.272  0.182  0.082 -0.079 -0.143 -0.299 -0.289 -0.400 -0.281 -0.086 -0.199 -0.149 -0.214 -0.219  0.007  0.167  0.489  0.641  0.673  0.484  0.197 -0.038 -0.027 -0.271 -0.255 -0.244 -0.206
 -0.273 -0.145  0.052  0.306  0.597  0.765  1.000  0.683  0.608  0.477  0.616  0.497  0.422  0.180  0.031 -0.122 -0.241 -0.346 -0.361 -0.376 -0.312 -0.202 -0.054 -0.063 -0.202 -0.179 -0.097 -0.193 -0.195 -0.021 -0.102 -0.172 -0.065 -0.178 -0.284 -0.214 -0.246 -0.255 -0.089  0.059  0.132  0.235  0.382  0.332  0.232  0.220  0.209  0.297  0.284  0.207  0.141  0.053 -0.047 -0.084 -0.220 -0.239 -0.308 -0.201 -0.066 -0.158 -0.163 -0.247 -0.276 -0.131 -0.022  0.249  0.429  0.532  0.441  0.195  0.009  0.019 -0.153 -0.202 -0.214 -0.190
 -0.240 -0.215 -0.116  0.075  0.317  0.439  0.683  1.000  0.748  0.580  0.422  0.270  0.152 -0.038 -0.148 -0.200 -0.247 -0.260 -0.238 -0.261 -0.280 -0.223 -0.070 -0.072 -0.207 -0.210 -0.064 -0.099 -0.159 -0.083  0.222 -0.010 -0.136 -0.288 -0.306 -0.262 -0.264 -0.252 -0.153  0.101  0.147  0.195  0.288  0.255  0.189  0.092  0.053  0.129  0.231  0.177  0.120  0.025 -0.060 -0.083 -0.194 -0.189 -0.199 -0.121 -0.002 -0.082 -0.087 -0.173 -0.219 -0.173 -0.106  0.026  0.212  0.360  0.377  0.261  0.238  0.243 -0.059 -0.153 -0.179 -0.186
 -0.217 -0.202 -0.060  0.119  0.282  0.420  0.608  0.748  1.000  0.801  0.597  0.338  0.175 -0.014 -0.107 -0.166 -0.240 -0.247 -0.227 -0.245 -0.274 -0.233 -0.160 -0.172 -0.257 -0.277 -0.233 -0.235 -0.189 -0.172  0.066  0.063  0.117 -0.026 -0.336 -0.318 -0.292 -0.276 -0.112  0.001  0.003  0.096  0.153  0.116  0.081  0.028 -0.013  0.049  0.100  0.065  0.031 -0.059 -0.096 -0.100 -0.194 -0.201 -0.185 -0.116 -0.040 -0.078 -0.119 -0.181 -0.204 -0.138 -0.107  0.061  0.168  0.240  0.203  0.086  0.044  0.081 -0.053 -0.062 -0.101 -0.110
 -0.236 -0.200 -0.042  0.164  0.312  0.465  0.477  0.580  0.801  1.000  0.658  0.414  0.197  0.015 -0.090 -0.171 -0.244 -0.278 -0.266 -0.289 -0.303 -0.254 -0.163 -0.153 -0.232 -0.254 -0.192 -0.176 -0.151 -0.141  0.097  0.081  0.116 -0.016 -0.304 -0.265 -0.230 -0.231 -0.063  0.044  0.011  0.070  0.132  0.106  0.074  0.026 -0.012  0.030  0.088  0.050  0.022 -0.056 -0.115 -0.139 -0.235 -0.242 -0.241 -0.172 -0.088 -0.131 -0.149 -0.192 -0.196 -0.102 -0.055  0.129  0.198  0.247  0.191  0.086  0.017  0.023 -0.108 -0.083 -0.095 -0.095
 -0.234 -0.061  0.141  0.432  0.604  0.702  0.616  0.422  0.597  0.658  1.000  0.808  0.623  0.372  0.166 -0.019 -0.167 -0.344 -0.411 -0.467 -0.371 -0.280 -0.080 -0.055 -0.182 -0.133 -0.006 -0.105 -0.151  0.048 -0.040 -0.166 -0.081 -0.271 -0.372 -0.307 -0.314 -0.307 -0.144  0.041  0.041  0.129  0.289  0.228  0.169  0.200  0.163  0.256  0.238  0.148  0.069  0.007 -0.144 -0.226 -0.351 -0.340 -0.446 -0.368 -0.191 -0.278 -0.227 -0.248 -0.226 -0.014  0.074  0.322  0.386  0.434  0.328  0.083 -0.078 -0.020 -0.221 -0.128 -0.090 -0.063
 -0.102  0.119  0.350  0.630  0.706  0.699  0.497  0.270  0.338  0.414  0.808  1.000  0.790  0.577  0.324  0.116 -0.067 -0.298 -0.404 -0.514 -0.410 -0.366 -0.129 -0.100 -0.223 -0.141  0.027 -0.095 -0.175  0.066 -0.031 -0.159 -0.079 -0.305 -0.384 -0.326 -0.341 -0.344 -0.203  0.005 -0.007  0.081  0.244  0.199  0.178  0.227  0.147  0.264  0.227  0.112 -0.000 -0.067 -0.249 -0.344 -0.443 -0.379 -0.491 -0.447 -0.225 -0.291 -0.185 -0.148 -0.074  0.175  0.232  0.441  0.445  0.415  0.254  0.009 -0.132 -0.020 -0.209 -0.061 -0.026 -0.004
  0.031  0.249  0.454  0.657  0.705  0.553  0.422  0.152  0.175  0.197  0.623  0.790  1.000  0.790  0.527  0.311  0.117 -0.141 -0.312 -0.400 -0.269 -0.283 -0.128 -0.064 -0.138 -0.076  0.071 -0.027 -0.099  0.150  0.020 -0.100 -0.082 -0.303 -0.433 -0.398 -0.409 -0.394 -0.249 -0.088 -0.112 -0.030  0.114  0.056  0.017  0.146  0.114  0.212  0.115  0.002 -0.083 -0.090 -0.235 -0.346 -0.404 -0.380 -0.489 -0.481 -0.327 -0.369 -0.266 -0.189 -0.058  0.164  0.128  0.304  0.302  0.240  0.151 -0.069 -0.193 -0.027 -0.101  0.026  0.070  0.086
  0.276  0.501  0.651  0.708  0.531  0.312  0.180 -0.038 -0.014  0.015  0.372  0.577  0.790  1.000  0.732  0.530  0.328  0.055 -0.146 -0.277 -0.181 -0.292 -0.207 -0.153 -0.165 -0.101 -0.004 -0.082 -0.133  0.053 -0.083 -0.129 -0.052 -0.224 -0.359 -0.351 -0.364 -0.361 -0.270 -0.174 -0.224 -0.149 -0.069 -0.119 -0.100  0.051 -0.007  0.083 -0.050 -0.152 -0.239 -0.226 -0.331 -0.417 -0.395 -0.325 -0.388 -0.461 -0.343 -0.305 -0.180 -0.026  0.173  0.368  0.234  0.301  0.175  0.026 -0.065 -0.205 -0.258 -0.047  0.004  0.178  0.211  0.213
  0.380  0.579  0.649  0.524  0.336  0.131  0.031 -0.148 -0.107 -0.090  0.166  0.324  0.527  0.732  1.000  0.770  0.555  0.278  0.058 -0.013  0.088 -0.055 -0.051 -0.002  0.028  0.048  0.074  0.036 -0.013  0.062 -0.156 -0.147 -0.032 -0.105 -0.292 -0.281 -0.217 -0.224 -0.098 -0.115 -0.299 -0.263 -0.212 -0.214 -0.178 -0.061 -0.072 -0.055 -0.135 -0.170 -0.180 -0.107 -0.149 -0.217 -0.155 -0.138 -0.194 -0.280 -0.286 -0.261 -0.172 -0.021  0.190  0.303  0.127  0.139  0.039 -0.119 -0.197 -0.261 -0.364 -0.102 -0.038  0.102  0.130  0.150
  0.669  0.700  0.556  0.353  0.114 -0.080 -0.122 -0.200 -0.166 -0.171 -0.019  0.116  0.311  0.530  0.770  1.000  0.779  0.547  0.301  0.206  0.268  0.037 -0.059 -0.035  0.068  0.066  0.002 -0.001 -0.005 -0.032 -0.199 -0.157 -0.047 -0.065 -0.225 -0.251 -0.188 -0.191 -0.124 -0.202 -0.373 -0.360 -0.377 -0.377 -0.320 -0.216 -0.219 -0.242 -0.315 -0.318 -0.304 -0.192 -0.165 -0.195 -0.046 -0.001 -0.015 -0.180 -0.272 -0.174 -0.093  0.109  0.363  0.351  0.073 -0.031 -0.170 -0.314 -0.368 -0.344 -0.343 -0.052  0.087  0.230  0.237  0.243
  0.650  0.560  0.401  0.148 -0.061 -0.227 -0.241 -0.247 -0.240 -0.244 -0.167 -0.067  0.117  0.328  0.555  0.779  1.000  0.811  0.526  0.438  0.534  0.266  0.110  0.120  0.237  0.177  0.079  0.110  0.067 -0.053 -0.167 -0.161 -0.111 -0.068 -0.152 -0.179 -0.111 -0.112 -0.066 -0.177 -0.360 -0.374 -0.402 -0.376 -0.328 -0.255 -0.214 -0.288 -0.314 -0.274 -0.202 -0.052  0.019  0.013  0.198  0.217  0.180  0.010 -0.158 -0.084 -0.025  0.119  0.317  0.214 -0.016 -0.168 -0.273 -0.374 -0.398 -0.319 -0.296 -0.061  0.065  0.156  0.153  0.169
  0.620  0.441  0.196 -0.086 -0.276 -0.403 -0.346 -0.260 -0.247 -0.278 -0.344 -0.298 -0.141  0.055  0.278  0.547  0.811  1.000  0.775  0.672  0.650  0.338  0.086  0.059  0.230  0.129 -0.051  0.038  0.056 -0.166 -0.178 -0.116 -0.069  0.044 -0.028 -0.085 -0.023 -0.021 -0.034 -0.210 -0.360 -0.385 -0.477 -0.438 -0.364 -0.334 -0.291 -0.403 -0.413 -0.338 -0.247 -0.103  0.045  0.106  0.352  0.395  0.435  0.234  0.005  0.130  0.119  0.201  0.320  0.130 -0.080 -0.305 -0.400 -0.482 -0.463 -0.313 -0.210 -0.040  0.138  0.206  0.187  0.191
  0.441  0.256  0.030 -0.225 -0.368 -0.437 -0.361 -0.238 -0.227 -0.266 -0.411 -0.404 -0.312 -0.146  0.058  0.301  0.526  0.775  1.000  0.789  0.605  0.335  0.090  0.017  0.146  0.044 -0.120 -0.029 -0.002 -0.225 -0.168 -0.082 -0.026  0.118  0.075  0.018  0.069  0.054  0.015 -0.166 -0.294 -0.315 -0.413 -0.353 -0.253 -0.286 -0.255 -0.359 -0.334 -0.237 -0.148 -0.062  0.109  0.239  0.498  0.603  0.667  0.476  0.251  0.364  0.306  0.281  0.270  0.064 -0.040 -0.280 -0.362 -0.432 -0.421 -0.260 -0.146 -0.049  0.094  0.129  0.090  0.092
  0.268  0.068 -0.136 -0.387 -0.446 -0.487 -0.376 -0.261 -0.245 -0.289 -0.467 -0.514 -0.400 -0.277 -0.013  0.206  0.438  0.672  0.789  1.000  0.823  0.591  0.291  0.244  0.378  0.229  0.035  0.162  0.184 -0.102 -0.072 -0.008 -0.033  0.152  0.077  0.046  0.118  0.115  0.118 -0.110 -0.270 -0.315 -0.392 -0.319 -0.277 -0.314 -0.202 -0.355 -0.289 -0.155  0.010  0.151  0.352  0.463  0.683  0.634  0.680  0.557  0.256  0.299  0.193  0.112  0.077 -0.154 -0.235 -0.429 -0.423 -0.438 -0.376 -0.207 -0.147 -0.086  0.059  0.008 -0.019 -0.002
  0.210  0.031 -0.118 -0.344 -0.355 -0.391 -0.312 -0.280 -0.274 -0.303 -0.371 -0.410 -0.269 -0.181  0.088  0.268  0.534  0.650  0.605  0.823  1.000  0.817  0.537  0.511  0.630  0.476  0.282  0.373  0.343  0.076 -0.061 -0.065 -0.118  0.046  0.004  0.007  0.103  0.112  0.174 -0.036 -0.227 -0.281 -0.304 -0.232 -0.253 -0.272 -0.104 -0.268 -0.180 -0.040  0.164  0.371  0.528  0.567  0.716  0.565  0.489  0.419  0.105  0.061 -0.005 -0.064 -0.056 -0.240 -0.320 -0.430 -0.375 -0.346 -0.290 -0.154 -0.195 -0.110 -0.025 -0.128 -0.140 -0.103
 -0.083 -0.228 -0.288 -0.424 -0.294 -0.256 -0.202 -0.223 -0.233 -0.254 -0.280 -0.366 -0.283 -0.292 -0.055  0.037  0.266  0.338  0.335  0.591  0.817  1.000  0.811  0.770  0.808  0.692  0.496  0.525  0.472  0.246  0.002 -0.078 -0.165 -0.007  0.020  0.075  0.178  0.188  0.296  0.127 -0.052 -0.114 -0.047  0.024 -0.054 -0.133  0.071 -0.069  0.087  0.252  0.481  0.684  0.783  0.781  0.765  0.530  0.374  0.442  0.166  0.001 -0.074 -0.208 -0.280 -0.415 -0.379 -0.379 -0.225 -0.114 -0.061  0.010 -0.137 -0.140 -0.180 -0.377 -0.388 -0.330
 -0.230 -0.283 -0.255 -0.281 -0.082 -0.031 -0.054 -0.070 -0.160 -0.163 -0.080 -0.129 -0.128 -0.207 -0.051 -0.059  0.110  0.086  0.090  0.291  0.537  0.811  1.000  0.891  0.764  0.737  0.691  0.592  0.408  0.317  0.053 -0.168 -0.277 -0.211 -0.045  0.055  0.146  0.143  0.275  0.296  0.129  0.083  0.248  0.298  0.204  0.075  0.226  0.182  0.398  0.541  0.699  0.834  0.777  0.722  0.595  0.408  0.179  0.318  0.204 -0.055 -0.079 -0.238 -0.344 -0.383 -0.258 -0.184  0.022  0.172  0.182  0.162 -0.057 -0.059 -0.336 -0.555 -0.576 -0.509
 -0.267 -0.312 -0.268 -0.280 -0.076 -0.032 -0.063 -0.072 -0.172 -0.153 -0.055 -0.100 -0.064 -0.153 -0.002 -0.035  0.120  0.059  0.017  0.244  0.511  0.770  0.891  1.000  0.887  0.794  0.796  0.766  0.568  0.441  0.189 -0.073 -0.282 -0.225 -0.105  0.010  0.124  0.125  0.295  0.305  0.083 -0.017  0.157  0.226  0.117  0.031  0.224  0.120  0.326  0.449  0.651  0.843  0.789  0.650  0.514  0.272  0.041  0.194  0.055 -0.231 -0.238 -0.348 -0.410 -0.433 -0.333 -0.231 -0.031  0.125  0.160  0.129 -0.102 -0.096 -0.316 -0.532 -0.510 -0.444
 -0.130 -0.218 -0.265 -0.349 -0.226 -0.199 -0.202 -0.207 -0.257 -0.232 -0.182 -0.223 -0.138 -0.165  0.028  0.068  0.237  0.230  0.146  0.378  0.630  0.808  0.764  0.887  1.000  0.867  0.717  0.786  0.695  0.438  0.164 -0.024 -0.233 -0.120 -0.066  0.011  0.144  0.164  0.296  0.168 -0.055 -0.174 -0.073  0.004 -0.084 -0.132  0.084 -0.093  0.066  0.191  0.417  0.671  0.694  0.563  0.518  0.278  0.098  0.169 -0.060 -0.253 -0.268 -0.320 -0.327 -0.397 -0.384 -0.348 -0.222 -0.092 -0.034  0.004 -0.166 -0.134 -0.188 -0.352 -0.317 -0.262
 -0.126 -0.165 -0.207 -0.268 -0.152 -0.139 -0.179 -0.210 -0.277 -0.254 -0.133 -0.141 -0.076 -0.101  0.048  0.066  0.177  0.129  0.044  0.229  0.476  0.692  0.737  0.794  0.867  1.000  0.802  0.724  0.656  0.499  0.122 -0.090 -0.254 -0.185 -0.055  0.012  0.125  0.148  0.244  0.197  0.020 -0.076  0.041  0.087  0.004 -0.056  0.114  0.011  0.150  0.247  0.396  0.611  0.583  0.460  0.384  0.204  0.022  0.092 -0.049 -0.230 -0.219 -0.271 -0.288 -0.311 -0.277 -0.239 -0.128 -0.008  0.022  0.035 -0.135 -0.090 -0.204 -0.347 -0.328 -0.277
 -0.239 -0.216 -0.169 -0.141  0.011 -0.007 -0.097 -0.064 -0.233 -0.192 -0.006  0.027  0.071 -0.004  0.074  0.002  0.079 -0.051 -0.120  0.035  0.282  0.496  0.691  0.796  0.717  0.802  1.000  0.852  0.581  0.588  0.316 -0.039 -0.338 -0.358 -0.133 -0.033  0.068  0.086  0.188  0.312  0.123  0.011  0.184  0.242  0.152  0.097  0.240  0.184  0.353  0.406  0.519  0.675  0.546  0.383  0.249  0.082 -0.138 -0.007 -0.038 -0.300 -0.251 -0.303 -0.332 -0.290 -0.199 -0.114  0.034  0.159  0.178  0.132 -0.069 -0.011 -0.297 -0.456 -0.423 -0.374
 -0.226 -0.261 -0.248 -0.251 -0.134 -0.139 -0.193 -0.099 -0.235 -0.176 -0.105 -0.095 -0.027 -0.082  0.036 -0.001  0.110  0.038 -0.029  0.162  0.373  0.525  0.592  0.766  0.786  0.724  0.852  1.000  0.788  0.570  0.437  0.126 -0.258 -0.237 -0.150 -0.053  0.070  0.085  0.212  0.240 -0.010 -0.155 -0.031  0.052 -0.031 -0.052  0.140 -0.016  0.147  0.216  0.392  0.595  0.545  0.374  0.291  0.083 -0.087  0.011 -0.118 -0.345 -0.319 -0.339 -0.332 -0.344 -0.312 -0.256 -0.145 -0.030  0.044  0.039 -0.109 -0.061 -0.206 -0.350 -0.293 -0.249
 -0.181 -0.237 -0.280 -0.300 -0.196 -0.181 -0.195 -0.159 -0.189 -0.151 -0.151 -0.175 -0.099 -0.133 -0.013 -0.005  0.067  0.056 -0.002  0.184  0.343  0.472  0.408  0.568  0.695  0.656  0.581  0.788  1.000  0.683  0.388  0.207 -0.082 -0.038 -0.103 -0.057  0.072  0.104  0.212  0.072 -0.123 -0.246 -0.178 -0.122 -0.181 -0.189 -0.008 -0.174 -0.062  0.008  0.191  0.402  0.427  0.290  0.244  0.044 -0.059 -0.006 -0.188 -0.318 -0.329 -0.333 -0.311 -0.341 -0.354 -0.302 -0.242 -0.159 -0.093 -0.089 -0.186 -0.145 -0.079 -0.178 -0.129 -0.090
 -0.251 -0.197 -0.153 -0.074  0.092  0.054 -0.021 -0.083 -0.172 -0.141  0.048  0.066  0.150  0.053  0.062 -0.032 -0.053 -0.166 -0.225 -0.102  0.076  0.246  0.317  0.441  0.438  0.499  0.588  0.570  0.683  1.000  0.476  0.178 -0.112 -0.213 -0.126 -0.068 -0.009  0.008  0.072  0.071 -0.041 -0.114  0.035  0.062  0.001  0.041  0.142  0.097  0.147  0.144  0.236  0.359  0.279  0.141  0.036 -0.110 -0.242 -0.148 -0.183 -0.333 -0.311 -0.326 -0.324 -0.253 -0.195 -0.081  0.012  0.085  0.076 -0.035 -0.189 -0.142 -0.176 -0.243 -0.169 -0.124
 -0.269 -0.322 -0.227 -0.137 -0.045 -0.094 -0.102  0.222  0.066  0.097 -0.040 -0.031  0.020 -0.083 -0.156 -0.199 -0.167 -0.178 -0.168 -0.072 -0.061  0.002  0.053  0.189  0.164  0.122  0.316  0.437  0.388  0.476  1.000  0.593 -0.029 -0.195 -0.359 -0.288 -0.239 -0.216 -0.095  0.022 -0.098 -0.152 -0.076 -0.043 -0.084 -0.050  0.032 -0.025  0.055  0.038  0.108  0.159  0.110  0.015 -0.063 -0.174 -0.200 -0.117 -0.122 -0.231 -0.226 -0.229 -0.212 -0.219 -0.231 -0.194 -0.119 -0.068  0.041 -0.014  0.059  0.044  0.021 -0.064 -0.003 -0.005
 -0.153 -0.253 -0.118 -0.129 -0.199 -0.221 -0.172 -0.010  0.063  0.081 -0.166 -0.159 -0.100 -0.129 -0.147 -0.157 -0.161 -0.116 -0.082 -0.008 -0.065 -0.078 -0.168 -0.073 -0.024 -0.090 -0.039  0.126  0.207  0.178  0.593  1.000  0.636  0.480 -0.122 -0.187 -0.197 -0.244 -0.124 -0.149 -0.306 -0.290 -0.332 -0.284 -0.263 -0.136 -0.068 -0.130 -0.154 -0.158 -0.080 -0.057 -0.006 -0.036 -0.062 -0.154 -0.085 -0.028 -0.083 -0.115 -0.177 -0.129 -0.088 -0.118 -0.208 -0.183 -0.222 -0.329 -0.291 -0.282 -0.158 -0.048  0.122  0.088  0.047  0.030
  0.014 -0.040  0.094  0.031 -0.127 -0.106 -0.065 -0.136  0.117  0.116 -0.081 -0.079 -0.082 -0.052 -0.032 -0.047 -0.111 -0.069 -0.026 -0.033 -0.118 -0.165 -0.277 -0.282 -0.233 -0.254 -0.338 -0.258 -0.082 -0.112 -0.029  0.636  1.000  0.828  0.054 -0.034 -0.019 -0.131 -0.004 -0.167 -0.315 -0.247 -0.325 -0.305 -0.216 -0.137 -0.195 -0.155 -0.204 -0.190 -0.162 -0.205 -0.129 -0.088 -0.086 -0.093  0.018  0.033  0.002  0.043 -0.038  0.018  0.055  0.069 -0.017  0.018 -0.100 -0.295 -0.374 -0.382 -0.343 -0.237  0.031  0.118  0.048  0.041
  0.036 -0.063 -0.039 -0.169 -0.318 -0.251 -0.178 -0.288 -0.026 -0.016 -0.271 -0.305 -0.303 -0.224 -0.105 -0.065 -0.068  0.044  0.118  0.152  0.046 -0.007 -0.211 -0.225 -0.120 -0.185 -0.358 -0.237 -0.038 -0.213 -0.195  0.480  0.828  1.000  0.378  0.281  0.300  0.163  0.210 -0.130 -0.256 -0.246 -0.387 -0.338 -0.248 -0.238 -0.265 -0.298 -0.311 -0.240 -0.160 -0.164 -0.022  0.046  0.086  0.050  0.183  0.175  0.045  0.116 -0.002  0.031  0.035 -0.019 -0.092 -0.102 -0.223 -0.370 -0.431 -0.332 -0.321 -0.294  0.036  0.090  0.017  0.013
 -0.050 -0.095 -0.303 -0.377 -0.376 -0.303 -0.284 -0.306 -0.336 -0.304 -0.372 -0.384 -0.433 -0.359 -0.292 -0.225 -0.152 -0.028  0.075  0.077  0.004  0.020 -0.045 -0.105 -0.066 -0.055 -0.133 -0.150 -0.103 -0.126 -0.359 -0.122  0.054  0.378  1.000  0.881  0.732  0.629  0.247  0.068  0.310  0.201  0.019  0.000  0.013 -0.070 -0.136 -0.116 -0.088 -0.050 -0.049 -0.080 -0.014  0.054  0.088  0.112  0.184  0.150  0.105  0.180  0.131  0.080 -0.033 -0.115 -0.032 -0.140 -0.169 -0.094 -0.048  0.170  0.188 -0.022 -0.024 -0.078 -0.107 -0.113
 -0.121 -0.154 -0.309 -0.351 -0.306 -0.204 -0.214 -0.262 -0.318 -0.265 -0.307 -0.326 -0.398 -0.351 -0.281 -0.251 -0.179 -0.085  0.018  0.046  0.007  0.075  0.055  0.010  0.011  0.012 -0.033 -0.053 -0.057 -0.068 -0.288 -0.187 -0.034  0.281  0.881  1.000  0.828  0.631  0.362  0.195  0.355  0.212  0.097  0.078  0.067 -0.039 -0.080 -0.065  0.005  0.054  0.073  0.049  0.082  0.123  0.115  0.110  0.146  0.153  0.121  0.136  0.092  0.022 -0.094 -0.150 -0.039 -0.097 -0.093  0.008  0.050  0.190  0.162 -0.084 -0.110 -0.205 -0.208 -0.198
 -0.099 -0.140 -0.309 -0.376 -0.331 -0.225 -0.246 -0.264 -0.292 -0.230 -0.314 -0.341 -0.409 -0.364 -0.217 -0.188 -0.111 -0.023  0.069  0.118  0.103  0.178  0.146  0.124  0.144  0.125  0.068  0.070  0.072 -0.009 -0.239 -0.197 -0.019  0.300  0.732  0.828  1.000  0.847  0.678  0.357  0.323  0.125  0.018  0.059  0.079 -0.126 -0.177 -0.201 -0.036  0.057  0.125  0.138  0.179  0.201  0.190  0.154  0.177  0.185  0.102  0.093  0.043 -0.022 -0.133 -0.185 -0.081 -0.131 -0.125 -0.014  0.003  0.181  0.036 -0.160 -0.203 -0.282 -0.275 -0.248
 -0.105 -0.143 -0.333 -0.396 -0.338 -0.242 -0.255 -0.252 -0.276 -0.231 -0.307 -0.344 -0.394 -0.361 -0.224 -0.191 -0.112 -0.021  0.054  0.115  0.112  0.188  0.143  0.125  0.164  0.148  0.086  0.085  0.104  0.008 -0.216 -0.244 -0.131  0.163  0.629  0.631  0.847  1.000  0.732  0.330  0.430  0.235  0.067  0.082  0.079 -0.145 -0.209 -0.224 -0.057  0.034  0.101  0.118  0.165  0.185  0.176  0.132  0.156  0.148  0.058  0.072  0.022 -0.044 -0.156 -0.215 -0.111 -0.160 -0.140 -0.002  0.056  0.271  0.128 -0.096 -0.135 -0.218 -0.216 -0.203
 -0.153 -0.182 -0.229 -0.266 -0.173 -0.064 -0.089 -0.153 -0.112 -0.063 -0.144 -0.203 -0.249 -0.270 -0.098 -0.124 -0.066 -0.034  0.015  0.118  0.174  0.296  0.275  0.295  0.296  0.244  0.188  0.212  0.212  0.072 -0.095 -0.124 -0.004  0.210  0.247  0.362  0.678  0.732  1.000  0.567  0.300  0.106  0.069  0.128  0.116 -0.135 -0.142 -0.180  0.044  0.157  0.268  0.313  0.326  0.308  0.245  0.141  0.109  0.170  0.069 -0.018 -0.074 -0.152 -0.235 -0.248 -0.158 -0.105 -0.038  0.076  0.094  0.186 -0.076 -0.199 -0.280 -0.391 -0.380 -0.325
 -0.250 -0.228 -0.183 -0.125  0.044  0.107  0.059  0.101  0.001  0.044  0.041  0.005 -0.088 -0.174 -0.115 -0.202 -0.177 -0.210 -0.166 -0.110 -0.036  0.127  0.296  0.305  0.168  0.197  0.312  0.240  0.072  0.071  0.022 -0.149 -0.167 -0.130  0.068  0.195  0.357  0.330  0.567  1.000  0.609  0.419  0.391  0.373  0.294  0.064  0.055  0.109  0.320  0.374  0.375  0.351  0.263  0.214  0.082  0.016 -0.065  0.049  0.101 -0.062 -0.063 -0.159 -0.248 -0.199 -0.067  0.024  0.165  0.312  0.409  0.449  0.264  0.151 -0.325 -0.467 -0.505 -0.464
 -0.340 -0.292 -0.302 -0.173  0.057  0.139  0.132  0.147  0.003  0.011  0.041 -0.007 -0.112 -0.224 -0.299 -0.373 -0.360 -0.360 -0.294 -0.270 -0.227 -0.052  0.129  0.083 -0.055  0.020  0.123 -0.010 -0.123 -0.041 -0.098 -0.306 -0.315 -0.256  0.310  0.355  0.323  0.430  0.300  0.609  1.000  0.826  0.668  0.523  0.349  0.162  0.114  0.255  0.369  0.359  0.263  0.164  0.067  0.059 -0.077 -0.095 -0.145 -0.058  0.071 -0.006 -0.006 -0.142 -0.276 -0.237 -0.057  0.036  0.218  0.448  0.615  0.722  0.636  0.326 -0.127 -0.339 -0.402 -0.413
 -0.330 -0.259 -0.199 -0.048  0.168  0.236  0.235  0.195  0.096  0.070  0.129  0.081 -0.030 -0.149 -0.263 -0.360 -0.374 -0.385 -0.315 -0.315 -0.281 -0.114  0.083 -0.017 -0.174 -0.076  0.011 -0.155 -0.246 -0.114 -0.152 -0.290 -0.247 -0.246  0.201  0.212  0.125  0.235  0.106  0.419  0.826  1.000  0.787  0.590  0.402  0.264  0.215  0.393  0.450  0.413  0.271  0.118  0.014  0.039 -0.105 -0.094 -0.141 -0.042  0.126  0.057  0.049 -0.094 -0.228 -0.168  0.011  0.137  0.330  0.517  0.662  0.728  0.644  0.411 -0.082 -0.298 -0.419 -0.442
 -0.431 -0.313 -0.175  0.045  0.339  0.428  0.382  0.288  0.153  0.132  0.289  0.244  0.114 -0.069 -0.212 -0.377 -0.402 -0.477 -0.413 -0.392 -0.304 -0.047  0.248  0.157 -0.073  0.041  0.184 -0.031 -0.178  0.035 -0.076 -0.332 -0.325 -0.387  0.019  0.097  0.018  0.067  0.069  0.391  0.668  0.787  1.000  0.833  0.614  0.418  0.394  0.583  0.685  0.641  0.484  0.328  0.146  0.135 -0.079 -0.097 -0.219 -0.054  0.164  0.000  0.018 -0.162 -0.308 -0.194  0.042  0.237  0.505  0.737  0.769  0.646  0.454  0.248 -0.266 -0.448 -0.511 -0.497
 -0.437 -0.329 -0.164  0.044  0.311  0.403  0.332  0.255  0.116  0.106  0.228  0.199  0.056 -0.119 -0.214 -0.377 -0.376 -0.438 -0.353 -0.319 -0.232  0.024  0.298  0.226  0.004  0.087  0.242  0.052 -0.122  0.062 -0.043 -0.284 -0.305 -0.338  0.000  0.078  0.059  0.082  0.128  0.373  0.523  0.590  0.833  1.000  0.815  0.523  0.529  0.636  0.747  0.671  0.545  0.400  0.233  0.223  0.010 -0.017 -0.141  0.047  0.236  0.045  0.066 -0.112 -0.268 -0.169  0.080  0.269  0.553  0.758  0.655  0.580  0.346  0.204 -0.353 -0.539 -0.596 -0.569
 -0.307 -0.207 -0.067  0.088  0.255  0.332  0.232  0.189  0.081  0.074  0.169  0.178  0.017 -0.100 -0.178 -0.320 -0.328 -0.364 -0.253 -0.277 -0.253 -0.054  0.204  0.117 -0.084  0.004  0.152 -0.031 -0.181  0.001 -0.084 -0.263 -0.216 -0.248  0.013  0.067  0.079  0.079  0.116  0.294  0.349  0.402  0.614  0.815  1.000  0.648  0.459  0.552  0.612  0.586  0.463  0.288  0.133  0.156 -0.008  0.032 -0.051  0.093  0.293  0.154  0.195  0.073 -0.092 -0.007  0.244  0.364  0.538  0.622  0.446  0.373  0.178  0.090 -0.376 -0.446 -0.499 -0.472
 -0.266 -0.153  0.037  0.176  0.271  0.295  0.220  0.092  0.028  0.026  0.200  0.227  0.146  0.051 -0.061 -0.216 -0.255 -0.334 -0.286 -0.314 -0.272 -0.133  0.075  0.031 -0.132 -0.056  0.097 -0.052 -0.189  0.041 -0.050 -0.136 -0.137 -0.238 -0.070 -0.039 -0.126 -0.145 -0.135  0.064  0.162  0.264  0.418  0.523  0.648  1.000  0.742  0.680  0.493  0.388  0.293  0.159  0.020  0.017 -0.108 -0.081 -0.169 -0.044  0.148  0.042  0.085  0.024 -0.076  0.013  0.173  0.293  0.429  0.446  0.302  0.196  0.084  0.060 -0.258 -0.296 -0.305 -0.287
 -0.349 -0.265 -0.065  0.069  0.221  0.250  0.209  0.053 -0.013 -0.012  0.163  0.147  0.114 -0.007 -0.072 -0.219 -0.214 -0.291 -0.255 -0.202 -0.104  0.071  0.226  0.224  0.084  0.114  0.240  0.140 -0.008  0.142  0.032 -0.068 -0.195 -0.265 -0.136 -0.080 -0.177 -0.209 -0.142  0.055  0.114  0.215  0.394  0.529  0.459  0.742  1.000  0.771  0.555  0.410  0.362  0.317  0.211  0.179  0.050 -0.004 -0.137  0.034  0.145 -0.023 -0.005 -0.100 -0.194 -0.139  0.009  0.151  0.334  0.408  0.309  0.221  0.107  0.122 -0.215 -0.381 -0.373 -0.346
 -0.348 -0.216  0.022  0.186  0.345  0.353  0.297  0.129  0.049  0.030  0.256  0.264  0.212  0.083 -0.055 -0.242 -0.288 -0.403 -0.359 -0.355 -0.268 -0.069  0.182  0.120 -0.093  0.011  0.184 -0.016 -0.174  0.097 -0.025 -0.130 -0.155 -0.298 -0.116 -0.065 -0.201 -0.224 -0.180  0.109  0.255  0.393  0.583  0.636  0.552  0.680  0.771  1.000  0.789  0.601  0.430  0.286  0.118  0.108 -0.069 -0.071 -0.204 -0.024  0.209  0.038  0.064 -0.060 -0.176 -0.067  0.113  0.283  0.472  0.514  0.433  0.288  0.162  0.137 -0.258 -0.392 -0.423 -0.403
 -0.430 -0.329 -0.106  0.074  0.311  0.364  0.284  0.231  0.100  0.088  0.238  0.227  0.115 -0.050 -0.135 -0.315 -0.314 -0.413 -0.334 -0.289 -0.180  0.087  0.398  0.326  0.066  0.150  0.353  0.147 -0.062  0.147  0.055 -0.154 -0.204 -0.311 -0.088  0.005 -0.036 -0.057  0.044  0.320  0.369  0.450  0.685  0.747  0.612  0.493  0.555  0.789  1.000  0.846  0.675  0.522  0.327  0.310  0.077  0.041 -0.122  0.107  0.321  0.062  0.073 -0.128 -0.289 -0.191  0.043  0.232  0.490  0.610  0.530  0.409  0.205  0.141 -0.381 -0.578 -0.635 -0.600
 -0.419 -0.360 -0.169 -0.038  0.203  0.272  0.207  0.177  0.065  0.050  0.148  0.112  0.002 -0.152 -0.170 -0.318 -0.274 -0.338 -0.237 -0.155 -0.040  0.252  0.541  0.449  0.191  0.247  0.406  0.216  0.008  0.144  0.038 -0.158 -0.190 -0.240 -0.050  0.054  0.057  0.034  0.157  0.374  0.359  0.413  0.641  0.671  0.586  0.388  0.410  0.601  0.846  1.000  0.858  0.674  0.485  0.489  0.247  0.179  0.010  0.251  0.416  0.130  0.114 -0.112 -0.305 -0.246 -0.003  0.165  0.418  0.526  0.471  0.359  0.136  0.060 -0.420 -0.624 -0.685 -0.636
 -0.449 -0.445 -0.258 -0.166  0.094  0.182  0.141  0.120  0.031  0.022  0.069 -0.000 -0.083 -0.239 -0.180 -0.304 -0.202 -0.247 -0.148  0.010  0.164  0.481  0.699  0.651  0.417  0.396  0.519  0.392  0.191  0.236  0.108 -0.080 -0.162 -0.160 -0.049  0.073  0.125  0.101  0.268  0.375  0.263  0.271  0.484  0.545  0.463  0.293  0.362  0.430  0.675  0.858  1.000  0.878  0.733  0.705  0.449  0.288  0.092  0.361  0.406  0.070  0.025 -0.206 -0.402 -0.385 -0.146  0.028  0.294  0.416  0.377  0.282  0.028 -0.049 -0.443 -0.684 -0.718 -0.651
 -0.395 -0.427 -0.296 -0.251  0.002  0.082  0.053  0.025 -0.059 -0.056  0.007 -0.067 -0.090 -0.226 -0.107 -0.192 -0.052 -0.103 -0.062  0.151  0.371  0.684  0.834  0.843  0.671  0.611  0.675  0.595  0.402  0.359  0.159 -0.057 -0.205 -0.164 -0.080  0.049  0.138  0.118  0.313  0.351  0.164  0.118  0.328  0.400  0.288  0.159  0.317  0.286  0.522  0.674  0.878  1.000  0.879  0.771  0.549  0.317  0.085  0.323  0.244 -0.098 -0.133 -0.316 -0.453 -0.457 -0.278 -0.121  0.131  0.279  0.273  0.199 -0.061 -0.101 -0.407 -0.654 -0.658 -0.584
 -0.318 -0.414 -0.343 -0.376 -0.157 -0.079 -0.047 -0.060 -0.096 -0.115 -0.144 -0.249 -0.235 -0.331 -0.149 -0.165  0.019  0.045  0.109  0.352  0.528  0.783  0.777  0.789  0.694  0.583  0.546  0.545  0.427  0.279  0.110 -0.006 -0.129 -0.022 -0.014  0.082  0.179  0.165  0.326  0.263  0.067  0.014  0.146  0.233  0.133  0.020  0.211  0.118  0.327  0.485  0.733  0.879  1.000  0.884  0.705  0.450  0.270  0.467  0.277 -0.007 -0.088 -0.272 -0.411 -0.489 -0.352 -0.256 -0.030  0.094  0.124  0.119 -0.083 -0.130 -0.304 -0.556 -0.568 -0.503
 -0.266 -0.391 -0.345 -0.415 -0.222 -0.143 -0.084 -0.083 -0.100 -0.139 -0.226 -0.344 -0.346 -0.417 -0.217 -0.195  0.013  0.106  0.239  0.463  0.567  0.781  0.722  0.650  0.563  0.460  0.383  0.374  0.290  0.141  0.015 -0.036 -0.088  0.046  0.054  0.123  0.201  0.185  0.308  0.214  0.059  0.039  0.135  0.223  0.156  0.017  0.179  0.108  0.310  0.489  0.705  0.771  0.884  1.000  0.850  0.626  0.479  0.663  0.458  0.213  0.098 -0.134 -0.316 -0.437 -0.290 -0.250 -0.040  0.060  0.080  0.108 -0.051 -0.115 -0.278 -0.524 -0.567 -0.507
 -0.058 -0.221 -0.279 -0.433 -0.340 -0.299 -0.220 -0.194 -0.194 -0.235 -0.351 -0.443 -0.404 -0.395 -0.155 -0.046  0.198  0.352  0.498  0.683  0.716  0.765  0.595  0.514  0.518  0.384  0.249  0.291  0.244  0.036 -0.063 -0.062 -0.086  0.086  0.088  0.115  0.190  0.176  0.245  0.082 -0.077 -0.105 -0.079  0.010 -0.008 -0.108  0.050 -0.069  0.077  0.247  0.449  0.549  0.705  0.850  1.000  0.823  0.685  0.750  0.476  0.335  0.220  0.006 -0.147 -0.326 -0.244 -0.316 -0.195 -0.141 -0.116 -0.024 -0.099 -0.115 -0.163 -0.345 -0.387 -0.338
  0.087 -0.051 -0.150 -0.314 -0.310 -0.289 -0.239 -0.189 -0.201 -0.242 -0.340 -0.379 -0.380 -0.325 -0.138 -0.001  0.217  0.395  0.603  0.634  0.565  0.530  0.408  0.272  0.278  0.204  0.082  0.083  0.044 -0.110 -0.174 -0.154 -0.093  0.050  0.112  0.110  0.154  0.132  0.141  0.016 -0.095 -0.094 -0.097 -0.017  0.032 -0.081 -0.004 -0.071  0.041  0.179  0.288  0.317  0.450  0.626  0.823  1.000  0.827  0.764  0.617  0.566  0.503  0.251  0.078 -0.106 -0.029 -0.180 -0.147 -0.141 -0.172 -0.068 -0.076 -0.063 -0.134 -0.231 -0.291 -0.255
  0.171  0.004 -0.141 -0.348 -0.410 -0.400 -0.308 -0.199 -0.185 -0.241 -0.446 -0.491 -0.489 -0.388 -0.194 -0.015  0.180  0.435  0.667  0.680  0.489  0.374  0.179  0.041  0.098  0.022 -0.138 -0.087 -0.059 -0.242 -0.200 -0.085  0.018  0.183  0.184  0.146  0.177  0.156  0.109 -0.065 -0.145 -0.141 -0.219 -0.141 -0.051 -0.169 -0.137 -0.204 -0.122  0.010  0.092  0.085  0.270  0.479  0.685  0.827  1.000  0.852  0.632  0.694  0.545  0.349  0.194 -0.024  0.007 -0.211 -0.229 -0.267 -0.275 -0.119 -0.045 -0.051 -0.012 -0.059 -0.129 -0.116
 -0.049 -0.202 -0.222 -0.362 -0.331 -0.281 -0.201 -0.121 -0.116 -0.172 -0.368 -0.447 -0.481 -0.461 -0.280 -0.180  0.010  0.234  0.476  0.557  0.419  0.442  0.318  0.194  0.169  0.092 -0.007  0.011 -0.006 -0.148 -0.117 -0.028  0.033  0.175  0.150  0.153  0.185  0.148  0.170  0.049 -0.058 -0.042 -0.054  0.047  0.093 -0.044  0.034 -0.024  0.107  0.251  0.361  0.323  0.467  0.663  0.750  0.764  0.852  1.000  0.800  0.672  0.484  0.238  0.038 -0.147 -0.038 -0.160 -0.091 -0.101 -0.118 -0.019 -0.022 -0.057 -0.133 -0.269 -0.344 -0.317
 -0.115 -0.176 -0.115 -0.169 -0.135 -0.086 -0.066 -0.002 -0.040 -0.088 -0.191 -0.225 -0.327 -0.343 -0.286 -0.272 -0.158  0.005  0.251  0.256  0.105  0.166  0.204  0.055 -0.060 -0.049 -0.038 -0.118 -0.188 -0.183 -0.122 -0.083  0.002  0.045  0.105  0.121  0.102  0.058  0.069  0.101  0.071  0.126  0.164  0.236  0.293  0.148  0.145  0.209  0.321  0.416  0.406  0.244  0.277  0.458  0.476  0.617  0.632  0.800  1.000  0.789  0.670  0.362  0.118 -0.005  0.165  0.071  0.136  0.115  0.046  0.068  0.061  0.015 -0.205 -0.309 -0.393 -0.370
  0.098  0.026 -0.028 -0.141 -0.216 -0.199 -0.158 -0.082 -0.078 -0.131 -0.278 -0.291 -0.369 -0.305 -0.261 -0.174 -0.084  0.130  0.364  0.299  0.061  0.001 -0.055 -0.231 -0.253 -0.230 -0.300 -0.345 -0.318 -0.333 -0.231 -0.115  0.043  0.116  0.180  0.136  0.093  0.072 -0.018 -0.062 -0.006  0.057  0.000  0.045  0.154  0.042 -0.023  0.038  0.062  0.130  0.070 -0.098 -0.007  0.213  0.335  0.566  0.694  0.672  0.789  1.000  0.829  0.554  0.336  0.172  0.263  0.069  0.024 -0.050 -0.118 -0.034  0.071  0.026 -0.036 -0.039 -0.122 -0.125
  0.168  0.144  0.080 -0.024 -0.135 -0.149 -0.163 -0.087 -0.119 -0.149 -0.227 -0.185 -0.266 -0.180 -0.172 -0.093 -0.025  0.119  0.306  0.193 -0.005 -0.074 -0.079 -0.238 -0.268 -0.219 -0.251 -0.319 -0.329 -0.311 -0.226 -0.177 -0.038 -0.002  0.131  0.092  0.043  0.022 -0.074 -0.063 -0.006  0.049  0.018  0.066  0.195  0.085 -0.005  0.064  0.073  0.114  0.025 -0.133 -0.088  0.098  0.220  0.503  0.545  0.484  0.670  0.829  1.000  0.747  0.489  0.316  0.422  0.182  0.092  0.001 -0.105 -0.040  0.070  0.052 -0.043 -0.018 -0.094 -0.095
  0.405  0.369  0.258  0.095 -0.149 -0.214 -0.247 -0.173 -0.181 -0.192 -0.248 -0.148 -0.189 -0.026 -0.021  0.109  0.119  0.201  0.281  0.112 -0.064 -0.208 -0.238 -0.348 -0.320 -0.271 -0.303 -0.339 -0.333 -0.326 -0.229 -0.129  0.018  0.031  0.080  0.022 -0.022 -0.044 -0.152 -0.159 -0.142 -0.094 -0.162 -0.112  0.073  0.024 -0.100 -0.060 -0.128 -0.112 -0.206 -0.316 -0.272 -0.134  0.006  0.251  0.349  0.238  0.362  0.554  0.747  1.000  0.767  0.540  0.546  0.238  0.021 -0.147 -0.264 -0.192 -0.030  0.023  0.073  0.193  0.129  0.108
  0.614  0.587  0.460  0.264 -0.096 -0.219 -0.276 -0.219 -0.204 -0.196 -0.226 -0.074 -0.058  0.173  0.190  0.363  0.317  0.320  0.270  0.077 -0.056 -0.280 -0.344 -0.410 -0.327 -0.288 -0.332 -0.332 -0.311 -0.324 -0.212 -0.088  0.055  0.035 -0.033 -0.094 -0.133 -0.156 -0.235 -0.248 -0.276 -0.228 -0.308 -0.268 -0.092 -0.076 -0.194 -0.176 -0.289 -0.305 -0.402 -0.453 -0.411 -0.316 -0.147  0.078  0.194  0.038  0.118  0.336  0.489  0.767  1.000  0.796  0.587  0.283 -0.034 -0.256 -0.377 -0.315 -0.130  0.006  0.163  0.348  0.304  0.276
  0.512  0.617  0.606  0.521  0.143  0.007 -0.131 -0.173 -0.138 -0.102 -0.014  0.175  0.164  0.368  0.303  0.351  0.214  0.130  0.064 -0.154 -0.240 -0.415 -0.383 -0.433 -0.397 -0.311 -0.290 -0.344 -0.341 -0.253 -0.219 -0.118  0.069 -0.019 -0.115 -0.150 -0.185 -0.215 -0.248 -0.199 -0.237 -0.168 -0.194 -0.169 -0.007  0.013 -0.139 -0.067 -0.191 -0.246 -0.385 -0.457 -0.489 -0.437 -0.326 -0.106 -0.024 -0.147 -0.005  0.172  0.316  0.540  0.796  1.000  0.778  0.542  0.182 -0.086 -0.268 -0.292 -0.182 -0.024  0.082  0.308  0.284  0.262
  0.241  0.363  0.458  0.485  0.236  0.167 -0.022 -0.106 -0.107 -0.055  0.074  0.232  0.128  0.234  0.127  0.073 -0.016 -0.080 -0.040 -0.235 -0.320 -0.379 -0.258 -0.333 -0.384 -0.277 -0.199 -0.312 -0.354 -0.195 -0.231 -0.208 -0.017 -0.092 -0.032 -0.039 -0.081 -0.111 -0.158 -0.067 -0.057  0.011  0.042  0.080  0.244  0.173  0.009  0.113  0.043 -0.003 -0.146 -0.278 -0.352 -0.290 -0.244 -0.029  0.007 -0.038  0.165  0.263  0.422  0.546  0.587  0.778  1.000  0.748  0.432  0.179 -0.054 -0.122 -0.094 -0.041 -0.078  0.091  0.060  0.055
 -0.005  0.169  0.426  0.632  0.506  0.489  0.249  0.026  0.061  0.129  0.322  0.441  0.304  0.301  0.139 -0.031 -0.168 -0.305 -0.280 -0.429 -0.430 -0.379 -0.184 -0.231 -0.348 -0.239 -0.114 -0.256 -0.302 -0.081 -0.194 -0.183  0.018 -0.102 -0.140 -0.097 -0.131 -0.160 -0.105  0.024  0.036  0.137  0.237  0.269  0.364  0.293  0.151  0.283  0.232  0.165  0.028 -0.121 -0.256 -0.250 -0.316 -0.180 -0.211 -0.160  0.071  0.069  0.182  0.238  0.283  0.542  0.748  1.000  0.739  0.444  0.159 -0.012 -0.118 -0.089 -0.206 -0.081 -0.092 -0.078
 -0.224 -0.047  0.254  0.506  0.642  0.641  0.429  0.212  0.168  0.198  0.386  0.445  0.302  0.175  0.039 -0.170 -0.273 -0.400 -0.362 -0.423 -0.375 -0.225  0.022 -0.031 -0.222 -0.128  0.034 -0.145 -0.242  0.012 -0.119 -0.222 -0.100 -0.223 -0.169 -0.093 -0.125 -0.140 -0.038  0.165  0.218  0.330  0.505  0.553  0.538  0.429  0.334  0.472  0.490  0.418  0.294  0.131 -0.030 -0.040 -0.195 -0.147 -0.229 -0.091  0.136  0.024  0.092  0.021 -0.034  0.182  0.432  0.739  1.000  0.746  0.459  0.246  0.040  0.020 -0.317 -0.335 -0.356 -0.321
 -0.407 -0.247 -0.042  0.241  0.540  0.673  0.532  0.360  0.240  0.247  0.434  0.415  0.240  0.026 -0.119 -0.314 -0.374 -0.482 -0.432 -0.438 -0.346 -0.114  0.172  0.125 -0.092 -0.008  0.159 -0.030 -0.159  0.085 -0.068 -0.329 -0.295 -0.370 -0.094  0.008 -0.014 -0.002  0.076  0.312  0.448  0.517  0.737  0.758  0.622  0.446  0.408  0.514  0.610  0.526  0.416  0.279  0.094  0.060 -0.141 -0.141 -0.267 -0.101  0.115 -0.050  0.001 -0.147 -0.256 -0.086  0.179  0.444  0.746  1.000  0.771  0.535  0.246  0.114 -0.370 -0.468 -0.478 -0.438
 -0.458 -0.346 -0.216  0.024  0.381  0.484  0.441  0.377  0.203  0.191  0.328  0.254  0.151 -0.065 -0.197 -0.368 -0.398 -0.463 -0.421 -0.376 -0.290 -0.061  0.182  0.160 -0.034  0.022  0.178  0.044 -0.093  0.076  0.041 -0.291 -0.374 -0.431 -0.048  0.050  0.003  0.056  0.094  0.409  0.615  0.662  0.769  0.655  0.446  0.302  0.309  0.433  0.530  0.471  0.377  0.273  0.124  0.080 -0.116 -0.172 -0.275 -0.118  0.046 -0.118 -0.105 -0.264 -0.377 -0.268 -0.054  0.159  0.459  0.771  1.000  0.770  0.507  0.267 -0.222 -0.409 -0.422 -0.403
 -0.371 -0.317 -0.299 -0.150  0.129  0.197  0.195  0.261  0.086  0.086  0.083  0.009 -0.069 -0.205 -0.261 -0.344 -0.319 -0.313 -0.260 -0.207 -0.154  0.010  0.162  0.129  0.004  0.035  0.132  0.039 -0.089 -0.035 -0.014 -0.282 -0.382 -0.332  0.170  0.190  0.181  0.271  0.186  0.449  0.722  0.728  0.646  0.580  0.373  0.196  0.221  0.288  0.409  0.359  0.282  0.199  0.119  0.108 -0.024 -0.068 -0.119 -0.019  0.068 -0.034 -0.040 -0.192 -0.315 -0.292 -0.122 -0.012  0.246  0.535  0.770  1.000  0.741  0.439 -0.136 -0.352 -0.434 -0.450
 -0.222 -0.235 -0.311 -0.221 -0.054 -0.038  0.009  0.238  0.044  0.017 -0.078 -0.132 -0.193 -0.258 -0.364 -0.343 -0.296 -0.210 -0.146 -0.147 -0.195 -0.137 -0.057 -0.102 -0.166 -0.135 -0.069 -0.109 -0.186 -0.189  0.059 -0.158 -0.343 -0.321  0.188  0.162  0.036  0.128 -0.076  0.264  0.636  0.644  0.454  0.346  0.178  0.084  0.107  0.162  0.205  0.136  0.028 -0.061 -0.083 -0.051 -0.099 -0.076 -0.045 -0.022  0.061  0.071  0.070 -0.030 -0.130 -0.182 -0.094 -0.118  0.040  0.246  0.507  0.741  1.000  0.708  0.234 -0.046 -0.183 -0.263
 -0.016 -0.010 -0.060 -0.015  0.038 -0.027  0.019  0.243  0.081  0.023 -0.020 -0.020 -0.027 -0.047 -0.102 -0.052 -0.061 -0.040 -0.049 -0.086 -0.110 -0.140 -0.059 -0.096 -0.134 -0.090 -0.011 -0.061 -0.145 -0.142  0.044 -0.048 -0.237 -0.294 -0.022 -0.084 -0.160 -0.096 -0.199  0.151  0.326  0.411  0.248  0.204  0.090  0.060  0.122  0.137  0.141  0.060 -0.049 -0.101 -0.130 -0.115 -0.115 -0.063 -0.051 -0.057  0.015  0.026  0.052  0.023  0.006 -0.024 -0.041 -0.089  0.020  0.114  0.267  0.439  0.708  1.000  0.329  0.042 -0.194 -0.295
  0.201  0.136 -0.006 -0.091 -0.216 -0.271 -0.153 -0.059 -0.053 -0.108 -0.221 -0.209 -0.101  0.004 -0.038  0.087  0.065  0.138  0.094  0.059 -0.025 -0.180 -0.336 -0.316 -0.188 -0.204 -0.297 -0.206 -0.079 -0.176  0.021  0.122  0.031  0.036 -0.024 -0.110 -0.203 -0.135 -0.280 -0.325 -0.127 -0.082 -0.266 -0.353 -0.376 -0.258 -0.215 -0.258 -0.381 -0.420 -0.443 -0.407 -0.304 -0.278 -0.163 -0.134 -0.012 -0.133 -0.205 -0.036 -0.043  0.073  0.163  0.082 -0.078 -0.206 -0.317 -0.370 -0.222 -0.136  0.234  0.329  1.000  0.641  0.367  0.194
  0.385  0.342  0.186  0.083 -0.173 -0.255 -0.202 -0.153 -0.062 -0.083 -0.128 -0.061  0.026  0.178  0.102  0.230  0.156  0.206  0.129  0.008 -0.128 -0.377 -0.555 -0.532 -0.352 -0.347 -0.456 -0.350 -0.178 -0.243 -0.064  0.088  0.118  0.090 -0.078 -0.205 -0.282 -0.218 -0.391 -0.467 -0.339 -0.298 -0.448 -0.539 -0.446 -0.296 -0.381 -0.392 -0.578 -0.624 -0.684 -0.654 -0.556 -0.524 -0.345 -0.231 -0.059 -0.269 -0.309 -0.039 -0.018  0.193  0.348  0.308  0.091 -0.081 -0.335 -0.468 -0.409 -0.352 -0.046  0.042  0.641  1.000  0.754  0.541
  0.357  0.333  0.171  0.086 -0.163 -0.244 -0.214 -0.179 -0.101 -0.095 -0.090 -0.026  0.070  0.211  0.130  0.237  0.153  0.187  0.090 -0.019 -0.140 -0.388 -0.576 -0.510 -0.317 -0.328 -0.423 -0.293 -0.129 -0.169 -0.003  0.047  0.048  0.017 -0.107 -0.208 -0.275 -0.216 -0.380 -0.505 -0.402 -0.419 -0.511 -0.596 -0.499 -0.305 -0.373 -0.423 -0.635 -0.685 -0.718 -0.658 -0.568 -0.567 -0.387 -0.291 -0.129 -0.344 -0.393 -0.122 -0.094  0.129  0.304  0.284  0.060 -0.092 -0.356 -0.478 -0.422 -0.434 -0.183 -0.194  0.367  0.754  1.000  0.879
