  0.000  3.834  6.714 10.330 13.136 16.728 19.275 22.929 24.506 22.424 19.837 16.219 13.869 10.402  8.372  5.516  5.445  5.910  7.679 10.843 10.783 13.793 14.423 16.782 14.332 12.104 15.504 16.593 13.894 14.642 17.920 20.489 22.804 25.656 25.126 25.501 24.460 21.429 23.757 25.503 22.619 21.050 17.787 18.562 16.818 19.203 22.268 21.880 21.176 18.510 20.100 19.159 19.431 17.313 13.696 10.963 11.937 15.534 15.216 13.207 10.540  8.485  5.722  7.695 10.075 12.672 13.922 17.333 18.805 22.501 25.255 27.386 29.808 32.038 33.480 34.628
  3.834  0.000  3.826  6.891 10.036 13.428 16.104 19.775 21.087 18.854 16.203 12.531 10.384  6.869  5.790  4.642  6.244  8.463 10.082 13.223 12.270 14.587 14.262 16.492 14.288 11.316 14.115 15.515 12.660 12.464 15.725 18.059 20.674 23.310 22.757 23.306 22.758 19.911 22.545 23.857 20.756 19.400 16.095 16.780 15.222 17.624 20.611 20.661 20.007 17.829 19.865 18.986 19.996 18.130 14.887 11.884 13.727 16.924 15.850 14.252 10.876  8.979  5.648  5.473  8.027  9.891 11.497 14.682 16.298 20.059 22.932 25.397 27.886 30.296 31.890 33.127
  6.714  3.826  0.000  3.824  6.657 10.124 12.959 16.596 18.220 16.020 13.777 10.180  8.492  5.979  5.478  6.303  6.951  9.531 10.269 13.250 11.790 13.162 11.939 14.366 12.892  9.388 11.667 13.818 11.573 10.732 14.010 16.458 19.129 21.448 20.582 20.737 20.306 17.319 19.818 20.803 17.520 15.967 12.552 13.075 11.677 14.259 17.054 17.169 16.507 14.646 17.012 16.432 17.986 16.189 13.430 10.294 12.850 15.435 13.761 12.822  9.099  8.220  5.953  4.801  5.464  6.513  7.712 10.924 12.710 16.438 19.463 21.918 24.383 26.842 28.465 29.728
 10.330  6.891  3.824  0.000  3.823  6.671  9.790 13.382 14.710 12.301 10.147  6.535  5.742  4.668  6.278  8.801 10.086 13.072 13.766 16.500 14.577 15.236 13.184 15.220 14.235 10.435 11.517 13.948 11.935  9.901 12.784 14.791 17.703 19.593 18.644 18.914 19.123 16.470 19.184 19.552 16.094 14.864 11.631 11.957 11.040 13.470 15.917 16.587 16.001 14.919 17.632 17.187 19.424 17.998 15.821 12.850 15.785 17.841 15.639 15.206 11.400 10.919  8.964  6.354  6.038  4.724  6.143  8.532 10.511 14.166 17.302 20.123 22.612 25.247 27.027 28.378
 13.136 10.036  6.657  3.823  0.000  3.822  6.373 10.003 11.871 10.059  8.330  5.663  5.137  6.380  7.524 10.658 11.415 14.542 15.088 17.185 14.680 14.434 11.696 13.201 12.873  9.121  8.990 11.782 10.582  7.955 10.419 12.417 15.183 16.726 15.493 15.426 15.777 13.220 15.921 15.969 12.481 11.564  8.735  9.616  9.890 12.750 14.410 14.862 13.745 13.032 15.622 15.057 17.824 16.969 15.514 13.136 16.579 17.964 15.691 16.177 12.599 13.188 12.005  9.836  8.383  5.751  4.784  5.664  6.868 10.554 13.562 16.481 19.022 21.703 23.579 25.036
 16.728 13.428 10.124  6.671  3.822  0.000  3.836  7.040  8.627  6.538  5.782  4.522  6.284  8.876 10.863 14.248 15.205 18.329 18.704 20.752 18.196 17.514 14.367 15.551 15.778 12.236 11.122 13.923 13.212  9.983 11.491 12.742 15.487 16.275 14.880 14.773 15.921 13.907 16.503 15.705 12.195 11.648  9.458  9.747 10.561 12.805 13.835 14.926 14.083 14.367 17.166 16.942 20.138 19.515 18.555 16.288 19.724 20.704 18.062 18.811 15.364 16.058 15.065 12.403 10.606  7.064  6.126  4.729  5.995  8.909 11.993 15.240 17.663 20.477 22.477 23.985
 19.275 16.104 12.959  9.790  6.373  3.836  0.000  3.844  6.005  5.714  5.407  6.319  7.431 10.821 12.401 15.975 16.888 20.164 20.790 22.309 19.314 18.186 14.908 15.182 15.667 12.638 10.467 12.799 12.701  9.218  9.633 10.339 12.785 13.053 11.514 11.399 13.056 11.715 14.429 13.236 10.088 10.674  9.706 10.893 12.801 15.244 15.506 16.213 14.729 15.203 17.451 16.792 20.234 20.314 19.847 18.195 21.866 22.541 20.164 21.417 18.153 19.234 18.300 15.878 14.143 10.710  8.965  6.450  5.309  7.331  9.530 13.036 15.499 18.323 20.475 22.133
 22.929 19.775 16.596 13.382 10.003  7.040  3.844  0.000  3.857  5.501  6.951  9.248 10.826 14.376 16.006 19.582 20.409 23.620 24.112 25.429 22.362 20.836 17.378 17.267 18.240 15.598 12.864 14.975 15.473 12.083 11.522 11.560 13.540 12.856 11.118 10.706 13.076 12.518 14.788 12.750 10.111 11.335 11.401 12.376 14.792 16.843 16.365 17.209 15.724 16.862 18.934 18.442 22.101 22.519 22.539 21.160 24.837 25.127 22.661 24.239 21.177 22.492 21.781 19.309 17.348 13.750 11.841  8.592  6.860  6.878  8.115 11.657 13.910 16.712 18.959 20.683
 24.506 21.087 18.220 14.710 11.871  8.627  6.005  3.857  0.000  3.841  5.863  9.252 11.379 15.086 17.305 21.026 22.407 25.823 26.601 28.150 25.089 23.892 20.581 20.456 21.028 18.276 15.757 17.472 17.455 13.836 13.081 12.326 14.444 13.461 12.144 12.638 15.535 15.494 17.981 15.950 13.598 14.975 14.869 15.603 17.615 19.360 19.082 20.343 19.162 20.326 22.510 21.944 25.539 25.890 25.653 24.041 27.675 28.243 25.703 26.965 23.703 24.575 23.452 20.586 19.058 15.418 14.270 11.348 10.280 10.430 11.415 14.871 16.858 19.543 21.754 23.402
 22.424 18.854 16.020 12.301 10.059  6.538  5.714  5.501  3.841  0.000  3.810  6.708  9.732 13.127 15.834 19.495 21.051 24.411 25.068 27.050 24.297 23.466 20.212 20.733 21.071 17.864 15.987 18.110 17.552 13.875 13.971 13.727 16.306 15.955 14.765 15.278 17.726 16.992 19.592 17.877 14.977 15.532 14.532 14.656 15.933 17.396 17.658 19.343 18.679 19.764 22.411 22.149 25.625 25.440 24.803 22.707 26.158 26.991 24.230 25.067 21.664 22.148 20.893 17.757 16.348 12.708 12.305  9.897 10.103 11.096 13.117 16.611 18.701 21.485 23.617 25.168
 19.837 16.203 13.777 10.147  8.330  5.782  5.407  6.951  5.863  3.810  0.000  3.833  6.467  9.961 12.822 16.535 18.491 22.036 23.142 25.174 22.362 21.983 19.082 19.544 19.256 15.989 14.520 16.258 15.077 11.365 11.815 11.559 14.451 14.734 13.919 15.013 17.171 16.314 19.362 18.255 15.318 15.959 14.579 15.241 16.249 18.177 19.000 20.358 19.432 19.838 22.334 21.626 24.850 24.635 23.575 21.415 24.876 26.146 23.675 24.214 20.608 20.749 19.005 15.883 15.115 11.834 11.787 10.239 10.399 12.376 14.445 18.012 20.350 23.143 25.271 26.842
 16.219 12.531 10.180  6.535  5.663  4.522  6.319  9.248  9.252  6.708  3.833  0.000  3.818  6.637  9.775 13.337 15.364 18.826 19.918 22.241 19.707 19.768 17.141 18.137 17.487 13.924 13.307 15.279 13.572 10.172 11.650 12.258 15.372 16.421 15.629 16.542 17.998 16.437 19.527 18.983 15.732 15.694 13.526 14.049 14.351 16.416 17.906 19.159 18.402 18.308 20.963 20.312 23.230 22.579 21.067 18.580 21.859 23.471 21.059 21.191 17.470 17.266 15.308 12.162 11.718  8.813  9.439  9.120 10.143 13.016 15.658 19.073 21.534 24.330 26.362 27.866
 13.869 10.384  8.492  5.742  5.137  6.284  7.431 10.826 11.379  9.732  6.467  3.818  0.000  3.837  6.435 10.149 12.378 16.042 17.655 19.722 16.992 17.379 15.213 15.918 14.657 11.265 11.069 12.475 10.228  7.089  9.073 10.117 13.293 15.043 14.487 15.621 16.525 14.839 18.164 18.286 15.244 15.398 13.226 14.566 14.973 17.636 19.295 19.907 18.637 17.813 19.999 18.771 21.357 20.885 19.123 16.901 20.238 22.126 20.239 20.340 16.627 16.423 14.189 11.632 11.735  9.618  9.821 10.200 10.527 13.850 16.186 19.444 22.033 24.727 26.719 28.245
 10.402  6.869  5.979  4.668  6.380  8.876 10.821 14.376 15.086 13.127  9.961  6.637  3.837  0.000  3.818  7.018  9.761 13.327 15.215 17.617 15.319 16.492 14.991 16.175 14.304 10.911 11.977 13.211 10.295  8.286 10.977 12.553 15.576 17.831 17.425 18.521 18.869 16.774 19.991 20.644 17.571 17.222 14.540 15.725 15.377 18.021 20.264 20.724 19.644 18.261 20.414 19.173 21.216 20.300 17.931 15.415 18.360 20.784 19.177 18.668 14.933 14.091 11.329  9.061 10.195  9.335 10.340 11.980 12.876 16.507 19.062 22.089 24.682 27.298 29.168 30.604
  8.372  5.790  5.478  6.278  7.524 10.863 12.401 16.006 17.305 15.834 12.822  9.775  6.435  3.818  0.000  3.816  6.349 10.087 12.407 14.404 11.955 13.461 12.582 13.625 11.221  8.193 10.097 10.873  7.681  7.026 10.208 12.427 15.035 17.743 17.348 18.212 17.831 15.456 18.522 19.805 16.996 16.576 13.972 15.717 15.488 18.546 20.770 20.583 19.091 17.059 18.670 17.009 18.581 17.774 15.219 13.112 16.034 18.585 17.586 17.188 13.722 13.209 10.686  9.692 10.778 10.684 10.910 12.922 13.312 17.020 19.323 21.995 24.594 27.029 28.785 30.192
  5.516  4.642  6.303  8.801 10.658 14.248 15.975 19.582 21.026 19.495 16.535 13.337 10.149  7.018  3.816  0.000  3.822  7.142 10.096 12.128 10.292 12.766 12.938 14.238 11.309  9.009 11.921 12.299  9.061  9.810 12.955 15.362 17.629 20.600 20.293 21.055 20.174 17.585 20.369 22.127 19.482 18.752 16.017 17.698 17.022 20.021 22.532 22.045 20.617 18.067 19.357 17.624 18.438 17.316 14.233 12.213 14.483 17.519 17.135 16.241 13.152 12.232  9.592  9.850 11.586 12.644 13.086 15.679 16.233 19.946 22.242 24.614 27.161 29.446 31.059 32.372
  5.445  6.244  6.951 10.086 11.415 15.205 16.888 20.409 22.407 21.051 18.491 15.364 12.378  9.761  6.349  3.822  0.000  3.820  6.671  8.381  6.612  9.394 10.182 11.847  9.033  7.249 10.847 11.480  9.070 10.648 13.861 16.699 18.627 21.570 20.970 21.139 19.681 16.675 18.944 21.040 18.535 17.380 14.659 16.419 15.712 18.838 21.255 20.248 18.674 15.689 16.595 14.891 15.212 13.884 10.639  8.947 11.115 14.095 14.193 13.524 10.929 10.737  9.154 10.552 11.477 12.930 12.700 15.503 15.942 19.504 21.736 23.658 26.102 28.190 29.635 30.862
  5.910  8.463  9.531 13.072 14.542 18.329 20.164 23.620 25.823 24.411 22.036 18.826 16.042 13.327 10.087  7.142  3.820  0.000  3.877  5.449  5.433  9.031 10.916 12.941 10.368  9.532 13.339 13.963 12.109 14.131 17.220 20.166 21.858 24.819 24.151 24.033 22.190 18.987 20.756 23.123 20.785 19.230 16.499 17.992 16.906 19.794 22.321 20.991 19.586 16.256 16.796 15.338 14.772 12.955  9.306  7.980  8.910 12.231 13.144 12.078 10.417 10.253  9.492 12.058 12.930 15.098 14.884 17.963 18.572 21.969 24.201 25.742 28.046 29.935 31.184 32.276
  7.679 10.082 10.269 13.766 15.088 18.704 20.790 24.112 26.601 25.068 23.142 19.918 17.655 15.215 12.407 10.096  6.671  3.877  0.000  3.841  5.546  8.336 10.119 12.949 11.390 10.487 14.123 15.496 14.344 16.046 19.140 22.243 23.946 26.659 25.683 25.071 23.119 19.610 20.867 23.095 20.664 18.495 15.607 16.545 15.051 17.627 20.176 18.657 17.595 14.212 14.852 14.154 13.344 10.727  6.906  5.171  5.128  8.664  9.745  8.513  7.644  8.182  8.901 12.014 12.074 14.571 14.183 17.438 18.394 21.553 23.961 25.173 27.313 29.092 30.182 31.151
 10.843 13.223 13.250 16.500 17.185 20.752 22.309 25.429 28.150 27.050 25.174 22.241 19.722 17.617 14.404 12.128  8.381  5.449  3.841  0.000  3.839  6.534  9.533 11.687 10.203 10.639 14.109 14.931 14.402 16.772 19.535 22.688 23.939 26.678 25.708 24.877 22.443 19.005 19.834 22.483 20.572 18.610 16.318 17.782 16.899 19.687 21.757 19.687 18.107 14.415 14.046 12.845 11.156  9.022  5.553  6.237  6.014  8.424 10.684 10.476 10.429 11.737 12.670 15.611 15.382 17.448 16.391 19.209 19.520 22.380 24.315 25.124 27.144 28.644 29.590 30.515
 10.783 12.270 11.790 14.577 14.680 18.196 19.314 22.362 25.089 24.297 22.362 19.707 16.992 15.319 11.955 10.292  6.612  5.433  5.546  3.839  0.000  3.843  6.768  8.363  6.432  7.083 10.514 11.120 10.755 13.263 15.904 19.044 20.209 22.932 21.969 21.200 18.776 15.425 16.519 19.225 17.384 15.859 13.833 15.931 15.728 18.968 20.744 18.689 16.588 12.949 12.497 10.536  9.546  8.369  5.395  6.276  8.115  9.972 11.452 12.008 10.997 12.594 12.976 15.157 14.733 16.060 14.538 16.923 16.704 19.579 21.280 22.249 24.389 25.979 27.081 28.153
 13.793 14.587 13.162 15.236 14.434 17.514 18.186 20.836 23.892 23.466 21.983 19.768 17.379 16.492 13.461 12.766  9.394  9.031  8.336  6.534  3.843  0.000  3.835  5.290  5.150  6.436  8.836  9.915 10.832 13.047 15.257 18.431 19.345 21.692 20.417 19.077 16.409 12.907 13.388 16.116 14.532 12.899 11.433 13.816 14.293 17.643 18.809 16.350 13.800 10.129  9.025  6.766  5.916  5.431  4.118  6.382  8.896  9.276 10.531 12.290 11.535 14.050 14.987 16.737 15.473 16.128 13.798 15.547 14.831 17.201 18.580 19.133 21.140 22.561 23.585 24.659
 14.423 14.262 11.939 13.184 11.696 14.367 14.908 17.378 20.581 20.212 19.082 17.141 15.213 14.991 12.582 12.938 10.182 10.916 10.119  9.533  6.768  3.835  0.000  3.844  5.448  5.061  6.350  8.715 10.081 11.282 13.384 16.538 17.674 19.650 18.089 16.475 14.172 10.452 11.025 13.199 11.150  9.226  7.627 10.227 11.234 14.769 15.632 13.300 10.525  7.134  6.780  4.800  6.306  6.000  5.763  6.638 10.080 10.009  9.895 12.175 10.810 13.659 14.629 15.629 13.732 13.626 10.760 12.021 11.155 13.429 14.979 15.688 17.813 19.469 20.664 21.864
 16.782 16.492 14.366 15.220 13.201 15.551 15.182 17.267 20.456 20.733 19.544 18.137 15.918 16.175 13.625 14.238 11.847 12.941 12.949 11.687  8.363  5.290  3.844  0.000  3.844  5.489  5.235  6.298  8.836 10.528 11.823 14.825 15.402 17.325 15.818 14.110 11.291  7.812  8.268 11.091  9.897  9.215  9.024 12.384 14.204 17.803 18.177 15.772 12.483  9.583  8.205  4.711  6.336  8.064  8.648 10.251 13.486 13.285 13.555 15.949 14.584 17.240 17.799 18.544 16.881 16.315 13.252 13.708 11.804 13.617 14.263 14.784 16.884 18.340 19.584 20.908
 14.332 14.288 12.892 14.235 12.873 15.778 15.667 18.240 21.028 21.071 19.256 17.487 14.657 14.304 11.221 11.309  9.033 10.368 11.390 10.203  6.432  5.150  5.448  3.844  0.000  3.857  5.444  5.028  6.230  8.962 10.754 13.802 14.543 17.071 16.019 15.167 12.569  9.490 10.981 13.859 12.496 12.177 11.307 14.558 15.815 19.493 20.450 18.406 15.444 12.376 11.526  8.279  8.913  9.956  9.105 10.240 13.354 14.173 14.740 16.333 14.600 16.559 16.447 17.325 16.441 16.286 13.863 14.904 13.336 15.813 16.713 17.782 20.026 21.644 22.977 24.298
 12.104 11.316  9.388 10.435  9.121 12.236 12.638 15.598 18.276 17.864 15.989 13.924 11.265 10.911  8.193  9.009  7.249  9.532 10.487 10.639  7.083  6.436  5.061  5.489  3.857  0.000  3.842  5.493  5.359  6.742  9.399 12.580 14.094 16.541 15.378 14.739 12.944  9.660 11.789 13.880 11.593 10.874  9.074 12.024 12.974 16.665 17.945 16.429 13.864 11.120 11.509  9.129 10.715 10.754  9.322  8.983 12.571 13.788 13.443 14.691 12.252 13.946 13.549 13.911 12.934 12.555 10.316 11.627 10.595 13.643 15.251 16.909 19.355 21.369 22.892 24.275
 15.504 14.115 11.667 11.517  8.990 11.122 10.467 12.864 15.757 15.987 14.520 13.307 11.069 11.977 10.097 11.921 10.847 13.339 14.123 14.109 10.514  8.836  6.350  5.235  5.444  3.842  0.000  3.838  5.621  5.740  7.249 10.347 11.656 13.626 12.136 11.105  9.418  6.148  8.633 10.367  8.151  8.311  7.578 11.126 13.115 16.812 17.391 15.919 12.950 10.944 11.218  8.697 11.285 12.183 11.830 11.809 15.557 16.114 15.378 17.201 14.759 16.747 16.440 16.164 14.714 13.357 10.490 10.475  8.308 10.846 11.902 13.650 16.176 18.260 19.952 21.505
 16.593 15.515 13.818 13.948 11.782 13.923 12.799 14.975 17.472 18.110 16.258 15.279 12.475 13.211 10.873 12.299 11.480 13.963 15.496 14.931 11.120  9.915  8.715  6.298  5.028  5.493  3.838  0.000  3.840  5.696  6.254  9.118  9.817 12.266 11.236 10.821  8.695  6.392  9.139 11.492 10.310 11.411 11.292 14.908 16.881 20.584 21.167 19.600 16.483 14.301 13.892 10.690 12.532 14.064 13.628 14.147 17.646 18.433 18.295 19.963 17.630 19.335 18.647 18.540 17.676 16.546 14.025 14.024 11.622 13.854 14.197 15.804 18.201 20.045 21.688 23.232
 13.894 12.660 11.573 11.935 10.582 13.212 12.701 15.473 17.455 17.552 15.077 13.572 10.228 10.295  7.681  9.061  9.070 12.109 14.344 14.402 10.755 10.832 10.081  8.836  6.230  5.359  5.621  3.840  0.000  3.843  5.892  8.656 10.093 13.052 12.535 13.049 11.682  9.666 12.722 14.762 13.047 13.790 12.769 15.972 17.282 20.924 22.087 20.937 18.250 15.962 16.160 13.274 14.838 15.622 14.256 14.024 17.398 18.940 18.712 19.672 16.942 17.928 16.574 16.323 16.171 15.355 13.616 14.250 12.588 15.488 16.442 18.545 21.046 23.107 24.809 26.315
 14.642 12.464 10.732  9.901  7.955  9.983  9.218 12.083 13.836 13.875 11.365 10.172  7.089  8.286  7.026  9.810 10.648 14.131 16.046 16.772 13.263 13.047 11.282 10.528  8.962  6.742  5.740  5.696  3.843  0.000  3.842  6.525  8.911 11.453 10.738 11.487 11.147  9.385 12.839 13.974 11.753 12.687 11.555 14.478 15.937 19.404 20.466 19.841 17.411 15.799 16.697 14.349 16.662 17.216 15.991 15.120 18.739 20.190 19.244 20.196 17.068 17.926 16.401 15.310 14.926 13.357 11.715 11.780 10.135 13.131 14.338 16.981 19.590 21.939 23.827 25.421
 17.920 15.725 14.010 12.784 10.419 11.491  9.633 11.522 13.081 13.971 11.815 11.650  9.073 10.977 10.208 12.955 13.861 17.220 19.140 19.535 15.904 15.257 13.384 11.823 10.754  9.399  7.249  6.254  5.892  3.842  0.000  3.834  6.453  8.788  8.065  9.125  9.155  8.470 12.050 12.892 11.315 13.201 12.985 16.106 18.107 21.512 22.112 21.468 18.798 17.538 18.113 15.571 18.072 19.197 18.468 17.986 21.647 22.791 21.875 23.136 20.119 21.151 19.692 18.449 17.936 16.001 14.120 13.391 11.016 13.258 13.644 16.256 18.758 21.022 22.980 24.650
 20.489 18.059 16.458 14.791 12.417 12.742 10.339 11.560 12.326 13.727 11.559 12.258 10.117 12.553 12.427 15.362 16.699 20.166 22.243 22.688 19.044 18.431 16.538 14.825 13.802 12.580 10.347  9.118  8.656  6.525  3.834  0.000  3.845  5.915  6.255  8.689  9.735 10.303 13.783 14.152 12.987 15.367 15.487 18.444 20.577 23.817 24.260 23.868 21.265 20.346 20.966 18.467 21.050 22.330 21.686 21.165 24.838 25.989 24.966 26.205 23.084 23.961 22.290 20.702 20.322 18.092 16.429 15.277 12.834 14.602 14.563 17.306 19.633 21.856 23.886 25.582
 22.804 20.674 19.129 17.703 15.183 15.487 12.785 13.540 14.444 16.306 14.451 15.372 13.293 15.576 15.035 17.629 18.627 21.858 23.946 23.939 20.209 19.345 17.674 15.402 14.543 14.094 11.656  9.817 10.093  8.911  6.453  3.845  0.000  3.836  5.787  8.199  8.901 10.344 13.406 13.928 13.529 16.318 17.026 20.240 22.670 25.989 26.178 25.480 22.604 21.644 21.785 19.027 21.435 23.172 22.860 22.814 26.450 27.376 26.628 28.123 25.226 26.351 24.860 23.521 23.032 20.852 18.881 17.553 14.702 15.980 15.282 17.624 19.742 21.656 23.598 25.279
 25.656 23.310 21.448 19.593 16.726 16.275 13.053 12.856 13.461 15.955 14.734 16.421 15.043 17.831 17.743 20.600 21.570 24.819 26.659 26.678 22.932 21.692 19.650 17.325 17.071 16.541 13.626 12.266 13.052 11.453  8.788  5.915  3.836  0.000  3.849  6.670  8.618 10.966 13.681 13.417 13.428 16.665 17.914 20.949 23.699 26.828 26.615 26.069 23.207 22.758 22.942 20.432 23.140 25.035 25.089 25.063 28.786 29.420 28.438 30.165 27.289 28.586 27.252 25.666 24.868 22.302 20.179 18.244 15.161 15.637 14.326 16.595 18.493 20.348 22.341 24.063
 25.126 22.757 20.582 18.644 15.493 14.880 11.514 11.118 12.144 14.765 13.919 15.629 14.487 17.425 17.348 20.293 20.970 24.151 25.683 25.708 21.969 20.417 18.089 15.818 16.019 15.378 12.136 11.236 12.535 10.738  8.065  6.255  5.787  3.849  0.000  3.819  6.515  8.884 11.664 11.057 11.014 14.369 15.848 18.866 21.784 24.864 24.474 23.865 20.983 20.714 20.931 18.596 21.512 23.404 23.676 23.674 27.444 27.852 26.742 28.648 25.859 27.383 26.317 24.758 23.628 20.946 18.570 16.408 13.140 13.348 11.898 14.153 16.146 18.079 20.123 21.917
 25.501 23.306 20.737 18.914 15.426 14.773 11.399 10.706 12.638 15.278 15.013 16.542 15.621 18.521 18.212 21.055 21.139 24.033 25.071 24.877 21.200 19.077 16.475 14.110 15.167 14.739 11.105 10.821 13.049 11.487  9.125  8.689  8.199  6.670  3.819  0.000  3.900  6.571  8.594  7.482  8.010 11.649 13.789 16.859 20.128 23.159 22.360 21.451 18.388 18.341 18.310 16.174 19.271 21.358 22.154 22.443 26.196 26.123 24.994 27.295 24.812 26.790 26.230 24.898 23.266 20.546 17.668 15.236 11.607 11.135  9.080 10.847 12.764 14.624 16.682 18.557
 24.460 22.758 20.306 19.123 15.777 15.921 13.056 13.076 15.535 17.726 17.171 17.998 16.525 18.869 17.831 20.174 19.681 22.190 23.119 22.443 18.776 16.409 14.172 11.291 12.569 12.944  9.418  8.695 11.682 11.147  9.155  9.735  8.901  8.618  6.515  3.900  0.000  3.886  5.529  6.000  7.277 10.679 12.964 16.435 19.676 22.955 22.239 20.758 17.344 16.719 16.023 13.443 16.199 18.655 19.685 20.509 24.129 23.886 23.215 25.697 23.549 25.787 25.493 24.698 23.037 20.762 17.622 15.699 12.042 11.918 10.044 11.027 12.891 14.395 16.233 18.035
 21.429 19.911 17.319 16.470 13.220 13.907 11.715 12.518 15.494 16.992 16.314 16.437 14.839 16.774 15.456 17.585 16.675 18.987 19.610 19.005 15.425 12.907 10.452  7.812  9.490  9.660  6.148  6.392  9.666  9.385  8.470 10.303 10.344 10.966  8.884  6.571  3.886  0.000  3.849  5.527  5.269  7.807  9.661 13.315 16.382 19.803 19.344 17.663 14.201 13.181 12.580  9.977 12.902 15.066 16.011 16.780 20.398 20.138 19.452 21.938 19.879 22.254 22.203 21.667 19.850 17.841 14.553 13.059  9.613 10.156  9.249 10.332 12.536 14.253 16.033 17.786
 23.757 22.545 19.818 19.184 15.921 16.503 14.429 14.788 17.981 19.592 19.362 19.527 18.164 19.991 18.522 20.369 18.944 20.756 20.867 19.834 16.519 13.388 11.025  8.268 10.981 11.789  8.633  9.139 12.722 12.839 12.050 13.783 13.406 13.681 11.664  8.594  5.529  3.849  0.000  3.842  5.499  7.613 10.369 13.793 17.091 20.305 19.334 17.169 13.487 12.657 11.257  8.867 11.701 14.374 16.170 17.528 20.897 19.972 19.486 22.441 20.925 23.743 24.219 23.989 21.815 19.924 16.348 14.756 11.369 11.010  9.491  9.191 10.882 11.999 13.551 15.284
 25.503 23.857 20.803 19.552 15.969 15.705 13.236 12.750 15.950 17.877 18.255 18.983 18.286 20.644 19.805 22.127 21.040 23.123 23.095 22.483 19.225 16.116 13.199 11.091 13.859 13.880 10.367 11.492 14.762 13.974 12.892 14.152 13.928 13.417 11.057  7.482  6.000  5.527  3.842  0.000  3.829  6.830 10.249 13.184 16.829 19.694 18.243 16.482 13.047 13.251 12.539 11.064 14.364 16.649 18.497 19.392 22.863 21.812 20.759 23.768 22.087 24.890 25.379 24.696 22.250 19.856 16.245 13.892 10.307  8.841  6.423  5.928  7.772  9.321 11.320 13.346
 22.619 20.756 17.520 16.094 12.481 12.195 10.088 10.111 13.598 14.977 15.318 15.732 15.244 17.571 16.996 19.482 18.535 20.785 20.664 20.572 17.384 14.532 11.150  9.897 12.496 11.593  8.151 10.310 13.047 11.753 11.315 12.987 13.529 13.428 11.014  8.010  7.277  5.269  5.499  3.829  0.000  3.824  6.868  9.847 13.453 16.403 15.268 13.826 10.579 10.858 11.108 10.022 13.713 15.249 16.604 16.873 20.480 19.710 18.227 20.992 19.016 21.672 22.097 21.224 18.694 16.189 12.592 10.194  6.625  5.650  4.606  5.753  8.391 10.679 12.745 14.673
 21.050 19.400 15.967 14.864 11.564 11.648 10.674 11.335 14.975 15.532 15.959 15.694 15.398 17.222 16.576 18.752 17.380 19.230 18.495 18.610 15.859 12.899  9.226  9.215 12.177 10.874  8.311 11.411 13.790 12.687 13.201 15.367 16.318 16.665 14.369 11.649 10.679  7.807  7.613  6.830  3.824  0.000  3.821  6.520 10.132 13.051 11.949 10.183  6.856  7.253  8.137  8.095 11.915 12.723 14.150 14.192 17.633 16.594 14.818 17.716 15.996 18.921 19.845 19.235 16.325 14.107 10.330  8.382  5.790  5.355  6.268  6.839  9.218 11.454 13.206 14.885
 17.787 16.095 12.552 11.631  8.735  9.458  9.706 11.401 14.869 14.532 14.579 13.526 13.226 14.540 13.972 16.017 14.659 16.499 15.607 16.318 13.833 11.433  7.627  9.024 11.307  9.074  7.578 11.292 12.769 11.555 12.985 15.487 17.026 17.914 15.848 13.789 12.964  9.661 10.369 10.249  6.868  3.821  0.000  3.830  6.879 10.252 10.102  8.681  5.970  5.631  7.938  8.312 11.829 11.571 12.136 11.332 14.841 14.278 12.090 14.564 12.483 15.250 16.167 15.560 12.573 10.562  6.765  5.749  4.657  6.353  8.879 10.217 12.529 14.855 16.470 17.913
 18.562 16.780 13.075 11.957  9.616  9.747 10.893 12.376 15.603 14.656 15.241 14.049 14.566 15.725 15.717 17.698 16.419 17.992 16.545 17.782 15.931 13.816 10.227 12.384 14.558 12.024 11.126 14.908 15.972 14.478 16.106 18.444 20.240 20.949 18.866 16.859 16.435 13.315 13.793 13.184  9.847  6.520  3.830  0.000  3.824  6.663  6.398  5.650  4.504  5.776  9.222 10.886 14.071 13.014 13.468 12.008 15.032 14.265 11.292 13.576 11.661 14.399 15.773 14.974 11.460  9.385  5.969  5.092  6.207  7.285 10.465 11.650 13.559 15.885 17.354 18.589
 16.818 15.222 11.677 11.040  9.890 10.561 12.801 14.792 17.615 15.933 16.249 14.351 14.973 15.377 15.488 17.022 15.712 16.906 15.051 16.899 15.728 14.293 11.234 14.204 15.815 12.974 13.115 16.881 17.282 15.937 18.107 20.577 22.670 23.699 21.784 20.128 19.676 16.382 17.091 16.829 13.453 10.132  6.879  3.824  0.000  3.845  5.705  5.773  6.557  7.021 10.818 12.799 15.339 13.364 13.067 10.766 13.247 12.851  9.364 10.890  8.905 11.401 13.147 12.514  8.760  7.481  5.210  6.428  9.009 10.725 14.123 15.401 17.201 19.429 20.738 21.775
 19.203 17.624 14.259 13.470 12.750 12.805 15.244 16.843 19.360 17.396 18.177 16.416 17.636 18.021 18.546 20.021 18.838 19.794 17.627 19.687 18.968 17.643 14.769 17.803 19.493 16.665 16.812 20.584 20.924 19.404 21.512 23.817 25.989 26.828 24.864 23.159 22.955 19.803 20.305 19.694 16.403 13.051 10.252  6.663  3.845  0.000  3.848  5.744  8.344  9.720 13.444 15.966 18.324 16.094 15.906 13.494 15.277 14.636 10.873 11.976 10.603 12.682 14.751 13.977 10.198  9.155  8.088  8.933 11.875 12.959 16.346 17.412 18.859 20.976 22.128 22.984
 22.268 20.611 17.054 15.917 14.410 13.835 15.506 16.365 19.082 17.658 19.000 17.906 19.295 20.264 20.770 22.532 21.255 22.321 20.176 21.757 20.744 18.809 15.632 18.177 20.450 17.945 17.391 21.167 22.087 20.466 22.112 24.260 26.178 26.615 24.474 22.360 22.239 19.344 19.334 18.243 15.268 11.949 10.102  6.398  5.705  3.848  0.000  3.822  6.870  9.551 12.967 15.779 18.437 16.736 17.349 15.592 17.561 16.270 12.725 14.623 13.616 16.098 18.173 17.340 13.541 11.911 10.040  9.517 11.674 11.657 14.637 15.188 16.276 18.258 19.326 20.147
 21.880 20.661 17.169 16.587 14.862 14.926 16.213 17.209 20.343 19.343 20.358 19.159 19.907 20.724 20.583 22.045 20.248 20.991 18.657 19.687 18.689 16.350 13.300 15.772 18.406 16.429 15.919 19.600 20.937 19.841 21.468 23.868 25.480 26.069 23.865 21.451 20.758 17.663 17.169 16.482 13.826 10.183  8.681  5.650  5.773  5.744  3.822  0.000  3.828  6.537  9.627 12.775 15.242 13.667 14.820 13.711 15.661 13.823 10.642 13.310 12.812 15.930 18.316 18.103 14.341 13.122 10.548 10.270 11.573 11.524 14.053 14.006 15.061 16.769 17.660 18.438
 21.176 20.007 16.507 16.001 13.745 14.083 14.729 15.724 19.162 18.679 19.432 18.402 18.637 19.644 19.091 20.617 18.674 19.586 17.595 18.107 16.588 13.800 10.525 12.483 15.444 13.864 12.950 16.483 18.250 17.411 18.798 21.265 22.604 23.207 20.983 18.388 17.344 14.201 13.487 13.047 10.579  6.856  5.970  4.504  6.557  8.344  6.870  3.828  0.000  3.822  6.552  9.394 12.264 11.386 12.987 12.542 15.043 13.172 10.610 13.785 13.050 16.426 18.499 18.405 14.854 13.441 10.133  9.477  9.613  9.501 11.584 11.342 12.683 14.404 15.425 16.427
 18.510 17.829 14.646 14.919 13.032 14.367 15.203 16.862 20.326 19.764 19.838 18.308 17.813 18.261 17.059 18.067 15.689 16.256 14.212 14.415 12.949 10.129  7.134  9.583 12.376 11.120 10.944 14.301 15.962 15.799 17.538 20.346 21.644 22.758 20.714 18.341 16.719 13.181 12.657 13.251 10.858  7.253  5.631  5.776  7.021  9.720  9.551  6.537  3.822  0.000  3.836  6.501  8.990  7.749  9.225  9.140 11.764  9.992  8.001 11.374 10.758 14.345 16.445 16.954 13.757 13.052  9.770 10.198 10.182 11.135 13.151 13.127 14.763 16.370 17.342 18.338
 20.100 19.865 17.012 17.632 15.622 17.166 17.451 18.934 22.510 22.411 22.334 20.963 19.999 20.414 18.670 19.357 16.595 16.796 14.852 14.046 12.497  9.025  6.780  8.205 11.526 11.509 11.218 13.892 16.160 16.697 18.113 20.966 21.785 22.942 20.931 18.310 16.023 12.580 11.257 12.539 11.108  8.137  7.938  9.222 10.818 13.444 12.967  9.627  6.552  3.836  0.000  3.834  5.863  5.775  8.614 10.076 12.398 10.115  9.512 13.154 13.123 16.787 18.869 19.787 16.913 16.409 13.055 13.317 12.449 13.046 14.157 13.452 14.870 15.950 16.661 17.586
 19.159 18.986 16.432 17.187 15.057 16.942 16.792 18.442 21.944 22.149 21.626 20.312 18.771 19.173 17.009 17.624 14.891 15.338 14.154 12.845 10.536  6.766  4.800  4.711  8.279  9.129  8.697 10.690 13.274 14.349 15.571 18.467 19.027 20.432 18.596 16.174 13.443  9.977  8.867 11.064 10.022  8.095  8.312 10.886 12.799 15.966 15.779 12.775  9.394  6.501  3.834  0.000  3.855  5.657  8.100 10.149 12.906 11.402 11.504 14.714 14.185 17.524 19.000 19.925 17.548 17.000 13.621 13.868 12.297 13.279 13.945 13.551 15.246 16.358 17.265 18.394
 19.431 19.996 17.986 19.424 17.824 20.138 20.234 22.101 25.539 25.625 24.850 23.230 21.357 21.216 18.581 18.438 15.212 14.772 13.344 11.156  9.546  5.916  6.306  6.336  8.913 10.715 11.285 12.532 14.838 16.662 18.072 21.050 21.435 23.140 21.512 19.271 16.199 12.902 11.701 14.364 13.713 11.915 11.829 14.071 15.339 18.324 18.437 15.242 12.264  8.990  5.863  3.855  0.000  3.816  6.798 10.016 11.869 10.148 11.510 14.540 14.756 18.045 19.737 21.319 19.270 19.392 16.357 17.181 15.910 17.085 17.722 17.146 18.624 19.413 20.043 20.946
 17.313 18.130 16.189 17.998 16.969 19.515 20.314 22.519 25.890 25.440 24.635 22.579 20.885 20.300 17.774 17.316 13.884 12.955 10.727  9.022  8.369  5.431  6.000  8.064  9.956 10.754 12.183 14.064 15.622 17.216 19.197 22.330 23.172 25.035 23.404 21.358 18.655 15.066 14.374 16.649 15.249 12.723 11.571 13.014 13.364 16.094 16.736 13.667 11.386  7.749  5.775  5.657  3.816  0.000  3.838  6.963  8.337  6.362  7.909 10.854 11.499 14.878 16.995 18.909 16.818 17.483 14.850 16.355 15.937 17.525 18.887 18.628 20.192 21.240 21.889 22.701
 13.696 14.887 13.430 15.821 15.514 18.555 19.847 22.539 25.653 24.803 23.575 21.067 19.123 17.931 15.219 14.233 10.639  9.306  6.906  5.553  5.395  4.118  5.763  8.648  9.105  9.322 11.830 13.628 14.256 15.991 18.468 21.686 22.860 25.089 23.676 22.154 19.685 16.011 16.170 18.497 16.604 14.150 12.136 13.468 13.067 15.906 17.349 14.820 12.987  9.225  8.614  8.100  6.798  3.838  0.000  3.827  5.301  5.193  6.977  8.736  8.973 11.872 13.731 16.005 14.450 15.724 13.722 15.976 16.075 18.378 20.212 20.582 22.423 23.803 24.652 25.542
 10.963 11.884 10.294 12.850 13.136 16.288 18.195 21.160 24.041 22.707 21.415 18.580 16.901 15.415 13.112 12.213  8.947  7.980  5.171  6.237  6.276  6.382  6.638 10.251 10.240  8.983 11.809 14.147 14.024 15.120 17.986 21.165 22.814 25.063 23.674 22.443 20.509 16.780 17.528 19.392 16.873 14.192 11.332 12.008 10.766 13.494 15.592 13.711 12.542  9.140 10.076 10.149 10.016  6.963  3.827  0.000  3.855  5.494  5.498  6.145  5.333  8.151 10.088 12.347 10.789 12.468 11.065 13.933 14.824 17.555 19.981 20.869 22.873 24.598 25.628 26.574
 11.937 13.727 12.850 15.785 16.579 19.724 21.866 24.837 27.675 26.158 24.876 21.859 20.238 18.360 16.034 14.483 11.115  8.910  5.128  6.014  8.115  8.896 10.080 13.486 13.354 12.571 15.557 17.646 17.398 18.739 21.647 24.838 26.450 28.786 27.444 26.196 24.129 20.398 20.897 22.863 20.480 17.633 14.841 15.032 13.247 15.277 17.561 15.661 15.043 11.764 12.398 12.906 11.869  8.337  5.301  3.855  0.000  3.855  5.422  4.652  6.026  8.256 10.853 13.878 12.693 15.079 14.218 17.290 18.473 21.082 23.538 24.202 26.043 27.598 28.441 29.227
 15.534 16.924 15.435 17.841 17.964 20.704 22.541 25.127 28.243 26.991 26.146 23.471 22.126 20.784 18.585 17.519 14.095 12.231  8.664  8.424  9.972  9.276 10.009 13.285 14.173 13.788 16.114 18.433 18.940 20.190 22.791 25.989 27.376 29.420 27.852 26.123 23.886 20.138 19.972 21.812 19.710 16.594 14.278 14.265 12.851 14.636 16.270 13.823 13.172  9.992 10.115 11.402 10.148  6.362  5.193  5.494  3.855  0.000  3.836  5.492  7.865 10.981 13.991 16.611 14.697 16.516 15.002 17.534 18.460 20.489 22.696 22.821 24.389 25.670 26.299 26.956
 15.216 15.850 13.761 15.639 15.691 18.062 20.164 22.661 25.703 24.230 23.675 21.059 20.239 19.177 17.586 17.135 14.193 13.144  9.745 10.684 11.452 10.531  9.895 13.555 14.740 13.443 15.378 18.295 18.712 19.244 21.875 24.966 26.628 28.438 26.742 24.994 23.215 19.452 19.486 20.759 18.227 14.818 12.090 11.292  9.364 10.873 12.725 10.642 10.610  8.001  9.512 11.504 11.510  7.909  6.977  5.498  5.422  3.836  0.000  3.855  5.617  9.231 12.495 14.517 11.998 13.550 12.101 14.632 16.070 18.055 20.637 20.991 22.593 24.116 24.876 25.582
 13.207 14.252 12.822 15.206 16.177 18.811 21.417 24.239 26.965 25.067 24.214 21.191 20.340 18.668 17.188 16.241 13.524 12.078  8.513 10.476 12.008 12.290 12.175 15.949 16.333 14.691 17.201 19.963 19.672 20.196 23.136 26.205 28.123 30.165 28.648 27.295 25.697 21.938 22.441 23.768 20.992 17.716 14.564 13.576 10.890 11.976 14.623 13.310 13.785 11.374 13.154 14.714 14.540 10.854  8.736  6.145  4.652  5.492  3.855  0.000  3.844  6.396 10.007 12.577 10.707 13.219 12.840 16.009 17.985 20.412 23.296 24.047 25.778 27.468 28.317 29.038
 10.540 10.876  9.099 11.400 12.599 15.364 18.153 21.177 23.703 21.664 20.608 17.470 16.627 14.933 13.722 13.152 10.929 10.417  7.644 10.429 10.997 11.535 10.810 14.584 14.600 12.252 14.759 17.630 16.942 17.068 20.119 23.084 25.226 27.289 25.859 24.812 23.549 19.879 20.925 22.087 19.016 15.996 12.483 11.661  8.905 10.603 13.616 12.812 13.050 10.758 13.123 14.185 14.756 11.499  8.973  5.333  6.026  7.865  5.617  3.844  0.000  3.831  6.964  9.062  7.087  9.659  9.594 13.081 15.260 18.089 21.179 22.437 24.414 26.396 27.502 28.400
  8.485  8.979  8.220 10.919 13.188 16.058 19.234 22.492 24.575 22.148 20.749 17.266 16.423 14.091 13.209 12.232 10.737 10.253  8.182 11.737 12.594 14.050 13.659 17.240 16.559 13.946 16.747 19.335 17.928 17.926 21.151 23.961 26.351 28.586 27.383 26.790 25.787 22.254 23.743 24.890 21.672 18.921 15.250 14.399 11.401 12.682 16.098 15.930 16.426 14.345 16.787 17.524 18.045 14.878 11.872  8.151  8.256 10.981  9.231  6.396  3.831  0.000  3.836  6.617  6.102  9.676 10.959 14.733 17.259 20.400 23.661 25.297 27.385 29.515 30.725 31.659
  5.722  5.648  5.953  8.964 12.005 15.065 18.300 21.781 23.452 20.893 19.005 15.308 14.189 11.329 10.686  9.592  9.154  9.492  8.901 12.670 12.976 14.987 14.629 17.799 16.447 13.549 16.440 18.647 16.574 16.401 19.692 22.290 24.860 27.252 26.317 26.230 25.493 22.203 24.219 25.379 22.097 19.845 16.167 15.773 13.147 14.751 18.173 18.316 18.499 16.445 18.869 19.000 19.737 16.995 13.731 10.088 10.853 13.991 12.495 10.007  6.964  3.836  0.000  3.842  5.589  9.133 11.130 14.893 17.330 20.807 24.055 26.118 28.392 30.693 32.081 33.137
  7.695  5.473  4.801  6.354  9.836 12.403 15.878 19.309 20.586 17.757 15.883 12.162 11.632  9.061  9.692  9.850 10.552 12.058 12.014 15.611 15.157 16.737 15.629 18.544 17.325 13.911 16.164 18.540 16.323 15.310 18.449 20.702 23.521 25.666 24.758 24.898 24.698 21.667 23.989 24.696 21.224 19.235 15.560 14.974 12.514 13.977 17.340 18.103 18.405 16.954 19.787 19.925 21.319 18.909 16.005 12.347 13.878 16.611 14.517 12.577  9.062  6.617  3.842  0.000  3.843  6.631  9.536 13.013 15.738 19.230 22.615 25.048 27.374 29.862 31.409 32.550
 10.075  8.027  5.464  6.038  8.383 10.606 14.143 17.348 19.058 16.348 15.115 11.718 11.735 10.195 10.778 11.586 11.477 12.930 12.074 15.382 14.733 15.473 13.732 16.881 16.441 12.934 14.714 17.676 16.171 14.926 17.936 20.322 23.032 24.868 23.628 23.266 23.037 19.850 21.815 22.250 18.694 16.325 12.573 11.460  8.760 10.198 13.541 14.341 14.854 13.757 16.913 17.548 19.270 16.818 14.450 10.789 12.693 14.697 11.998 10.707  7.087  6.102  5.589  3.843  0.000  3.831  6.442 10.057 13.107 16.344 19.865 22.090 24.302 26.755 28.249 29.359
 12.672  9.891  6.513  4.724  5.751  7.064 10.710 13.750 15.418 12.708 11.834  8.813  9.618  9.335 10.684 12.644 12.930 15.098 14.571 17.448 16.060 16.128 13.626 16.315 16.286 12.555 13.357 16.546 15.355 13.357 16.001 18.092 20.852 22.302 20.946 20.546 20.762 17.841 19.924 19.856 16.189 14.107 10.562  9.385  7.481  9.155 11.911 13.122 13.441 13.052 16.409 17.000 19.392 17.483 15.724 12.468 15.079 16.516 13.550 13.219  9.659  9.676  9.133  6.631  3.831  0.000  3.820  6.763 10.061 13.192 16.793 19.292 21.531 24.128 25.775 26.993
 13.922 11.497  7.712  6.143  4.784  6.126  8.965 11.841 14.270 12.305 11.787  9.439  9.821 10.340 10.910 13.086 12.700 14.884 14.183 16.391 14.538 13.798 10.760 13.252 13.863 10.316 10.490 14.025 13.616 11.715 14.120 16.429 18.881 20.179 18.570 17.668 17.622 14.553 16.348 16.245 12.592 10.330  6.765  5.969  5.210  8.088 10.040 10.548 10.133  9.770 13.055 13.621 16.357 14.850 13.722 11.065 14.218 15.002 12.101 12.840  9.594 10.959 11.130  9.536  6.442  3.820  0.000  3.836  6.795  9.946 13.481 15.772 18.050 20.610 22.264 23.550
 17.333 14.682 10.924  8.532  5.664  4.729  6.450  8.592 11.348  9.897 10.239  9.120 10.200 11.980 12.922 15.679 15.503 17.963 17.438 19.209 16.923 15.547 12.021 13.708 14.904 11.627 10.475 14.024 14.250 11.780 13.391 15.277 17.553 18.244 16.408 15.236 15.699 13.059 14.756 13.892 10.194  8.382  5.749  5.092  6.428  8.933  9.517 10.270  9.477 10.198 13.317 13.868 17.181 16.355 15.976 13.933 17.290 17.534 14.632 16.009 13.081 14.733 14.893 13.013 10.057  6.763  3.836  0.000  3.826  6.478 10.155 12.726 15.012 17.727 19.559 20.986
 18.805 16.298 12.710 10.511  6.868  5.995  5.309  6.860 10.280 10.103 10.399 10.143 10.527 12.876 13.312 16.233 15.942 18.572 18.394 19.520 16.704 14.831 11.155 11.804 13.336 10.595  8.308 11.622 12.588 10.135 11.016 12.834 14.702 15.161 13.140 11.607 12.042  9.613 11.369 10.307  6.625  5.790  4.657  6.207  9.009 11.875 11.674 11.573  9.613 10.182 12.449 12.297 15.910 15.937 16.075 14.824 18.473 18.460 16.070 17.985 15.260 17.259 17.330 15.738 13.107 10.061  6.795  3.826  0.000  3.832  6.971  9.796 12.358 15.118 17.119 18.755
 22.501 20.059 16.438 14.166 10.554  8.909  7.331  6.878 10.430 11.096 12.376 13.016 13.850 16.507 17.020 19.946 19.504 21.969 21.553 22.380 19.579 17.201 13.429 13.617 15.813 13.643 10.846 13.854 15.488 13.131 13.258 14.602 15.980 15.637 13.348 11.135 11.918 10.156 11.010  8.841  5.650  5.355  6.353  7.285 10.725 12.959 11.657 11.524  9.501 11.135 13.046 13.279 17.085 17.525 18.378 17.555 21.082 20.489 18.055 20.412 18.089 20.400 20.807 19.230 16.344 13.192  9.946  6.478  3.832  0.000  3.835  6.653  9.091 11.960 14.117 15.896
 25.255 22.932 19.463 17.302 13.562 11.993  9.530  8.115 11.415 13.117 14.445 15.658 16.186 19.062 19.323 22.242 21.736 24.201 23.961 24.315 21.280 18.580 14.979 14.263 16.713 15.251 11.902 14.197 16.442 14.338 13.644 14.563 15.282 14.326 11.898  9.080 10.044  9.249  9.491  6.423  4.606  6.268  8.879 10.465 14.123 16.346 14.637 14.053 11.584 13.151 14.157 13.945 17.722 18.887 20.212 19.981 23.538 22.696 20.637 23.296 21.179 23.661 24.055 22.615 19.865 16.793 13.481 10.155  6.971  3.835  0.000  3.839  6.479  9.341 11.758 13.815
 27.386 25.397 21.918 20.123 16.481 15.240 13.036 11.657 14.871 16.611 18.012 19.073 19.444 22.089 21.995 24.614 23.658 25.742 25.173 25.124 22.249 19.133 15.688 14.784 17.782 16.909 13.650 15.804 18.545 16.981 16.256 17.306 17.624 16.595 14.153 10.847 11.027 10.332  9.191  5.928  5.753  6.839 10.217 11.650 15.401 17.412 15.188 14.006 11.342 13.127 13.452 13.551 17.146 18.628 20.582 20.869 24.202 22.821 20.991 24.047 22.437 25.297 26.118 25.048 22.090 19.292 15.772 12.726  9.796  6.653  3.839  0.000  3.830  6.463  9.022 11.293
 29.808 27.886 24.383 22.612 19.022 17.663 15.499 13.910 16.858 18.701 20.350 21.534 22.033 24.682 24.594 27.161 26.102 28.046 27.313 27.144 24.389 21.140 17.813 16.884 20.026 19.355 16.176 18.201 21.046 19.590 18.758 19.633 19.742 18.493 16.146 12.764 12.891 12.536 10.882  7.772  8.391  9.218 12.529 13.559 17.201 18.859 16.276 15.061 12.683 14.763 14.870 15.246 18.624 20.192 22.423 22.873 26.043 24.389 22.593 25.778 24.414 27.385 28.392 27.374 24.302 21.531 18.050 15.012 12.358  9.091  6.479  3.830  0.000  3.833  6.624  9.121
 32.038 30.296 26.842 25.247 21.703 20.477 18.323 16.712 19.543 21.485 23.143 24.330 24.727 27.298 27.029 29.446 28.190 29.935 29.092 28.644 25.979 22.561 19.469 18.340 21.644 21.369 18.260 20.045 23.107 21.939 21.022 21.856 21.656 20.348 18.079 14.624 14.395 14.253 11.999  9.321 10.679 11.454 14.855 15.885 19.429 20.976 18.258 16.769 14.404 16.370 15.950 16.358 19.413 21.240 23.803 24.598 27.598 25.670 24.116 27.468 26.396 29.515 30.693 29.862 26.755 24.128 20.610 17.727 15.118 11.960  9.341  6.463  3.833  0.000  3.845  6.781
 33.480 31.890 28.465 27.027 23.579 22.477 20.475 18.959 21.754 23.617 25.271 26.362 26.719 29.168 28.785 31.059 29.635 31.184 30.182 29.590 27.081 23.585 20.664 19.584 22.977 22.892 19.952 21.688 24.809 23.827 22.980 23.886 23.598 22.341 20.123 16.682 16.233 16.033 13.551 11.320 12.745 13.206 16.470 17.354 20.738 22.128 19.326 17.660 15.425 17.342 16.661 17.265 20.043 21.889 24.652 25.628 28.441 26.299 24.876 28.317 27.502 30.725 32.081 31.409 28.249 25.775 22.264 19.559 17.119 14.117 11.758  9.022  6.624  3.845  0.000  3.811
