  1.000  0.747  0.461  0.176 -0.172 -0.333 -0.350 -0.309 -0.235 -0.240 -0.236 -0.155 -0.031  0.237  0.328  0.622  0.623  0.595  0.425  0.299  0.238 -0.022 -0.199 -0.232 -0.076 -0.140 -0.290 -0.203 -0.147 -0.285 -0.257 -0.213 -0.231 -0.253 -0.318 -0.300 -0.295 -0.273 -0.237 -0.230 -0.317 -0.368 -0.399 -0.391 -0.279 -0.219 -0.303 -0.321 -0.394 -0.343 -0.354 -0.327 -0.235 -0.164  0.017  0.128  0.197  0.017 -0.041  0.118  0.177  0.371  0.576  0.463  0.219 -0.030 -0.233 -0.388 -0.412 -0.380 -0.194 -0.115  0.215  0.364  0.352  0.324
  0.747  1.000  0.604  0.334 -0.035 -0.241 -0.299 -0.295 -0.233 -0.227 -0.172 -0.035  0.105  0.389  0.483  0.656  0.461  0.444  0.278  0.152  0.068 -0.178 -0.297 -0.321 -0.187 -0.194 -0.293 -0.235 -0.167 -0.239 -0.222 -0.190 -0.187 -0.207 -0.285 -0.292 -0.276 -0.238 -0.222 -0.234 -0.303 -0.352 -0.381 -0.387 -0.278 -0.220 -0.308 -0.332 -0.408 -0.378 -0.418 -0.406 -0.350 -0.299 -0.134  0.000  0.063 -0.124 -0.129  0.044  0.149  0.340  0.547  0.556  0.283  0.039 -0.187 -0.344 -0.385 -0.379 -0.229 -0.134  0.251  0.403  0.395  0.372
  0.461  0.604  1.000  0.676  0.295  0.029 -0.142 -0.226 -0.244 -0.203 -0.114  0.120  0.247  0.488  0.478  0.412  0.305  0.171  0.080 -0.032 -0.049 -0.163 -0.159 -0.198 -0.196 -0.154 -0.167 -0.217 -0.217 -0.217 -0.223 -0.256 -0.253 -0.240 -0.265 -0.264 -0.251 -0.228 -0.171 -0.122 -0.157 -0.154 -0.131 -0.087 -0.009 -0.012 -0.051 -0.052 -0.098 -0.103 -0.162 -0.191 -0.208 -0.181 -0.121 -0.023  0.005 -0.052  0.005  0.076  0.155  0.287  0.443  0.536  0.449  0.369  0.213 -0.020 -0.136 -0.174 -0.122 -0.092  0.002  0.148  0.134  0.125
  0.176  0.334  0.676  1.000  0.633  0.351  0.105 -0.047 -0.102 -0.031  0.139  0.403  0.471  0.587  0.394  0.220  0.073 -0.098 -0.176 -0.291 -0.276 -0.311 -0.207 -0.237 -0.295 -0.203 -0.144 -0.245 -0.255 -0.160 -0.179 -0.243 -0.221 -0.196 -0.190 -0.198 -0.190 -0.171 -0.123 -0.057 -0.037 -0.003  0.052  0.080  0.106  0.071  0.052  0.049  0.018 -0.040 -0.137 -0.184 -0.281 -0.296 -0.304 -0.211 -0.217 -0.228 -0.107 -0.073  0.014  0.102  0.232  0.444  0.461  0.583  0.427  0.215  0.059 -0.042 -0.099 -0.073 -0.045  0.087  0.078  0.070
 -0.172 -0.035  0.295  0.633  1.000  0.728  0.508  0.290  0.090  0.114  0.310  0.489  0.530  0.362  0.191 -0.078 -0.162 -0.303 -0.321 -0.375 -0.333 -0.247 -0.068 -0.084 -0.229 -0.128  0.006 -0.138 -0.178 -0.040 -0.099 -0.183 -0.164 -0.146 -0.090 -0.068 -0.045 -0.022  0.019  0.107  0.210  0.288  0.358  0.342  0.262  0.174  0.228  0.238  0.261  0.186  0.098  0.023 -0.105 -0.140 -0.244 -0.232 -0.275 -0.190 -0.068 -0.129 -0.098 -0.129 -0.121  0.067  0.211  0.459  0.576  0.519  0.472  0.298  0.058 -0.041 -0.232 -0.184 -0.203 -0.193
 -0.333 -0.241  0.029  0.351  0.728  1.000  0.770  0.547  0.329  0.361  0.513  0.525  0.367  0.123 -0.067 -0.288 -0.309 -0.402 -0.375 -0.403 -0.363 -0.233 -0.048 -0.061 -0.214 -0.128  0.007 -0.117 -0.153 -0.049 -0.071 -0.134 -0.140 -0.127 -0.028  0.044  0.033  0.035  0.085  0.179  0.289  0.367  0.421  0.409  0.290  0.201  0.279  0.274  0.313  0.214  0.143  0.067 -0.057 -0.093 -0.225 -0.232 -0.286 -0.169 -0.047 -0.129 -0.129 -0.216 -0.248 -0.092  0.088  0.384  0.517  0.638  0.570  0.419  0.132  0.005 -0.293 -0.269 -0.290 -0.277
 -0.350 -0.299 -0.142  0.105  0.508  0.770  1.000  0.834  0.513  0.399  0.575  0.389  0.279  0.021 -0.128 -0.301 -0.310 -0.359 -0.327 -0.329 -0.307 -0.187 -0.044 -0.049 -0.182 -0.130 -0.016 -0.107 -0.131 -0.050 -0.074 -0.106 -0.111 -0.115 -0.003  0.110  0.127  0.108  0.159  0.232  0.330  0.389  0.421  0.359  0.206  0.135  0.228  0.226  0.274  0.193  0.139  0.066 -0.021 -0.046 -0.173 -0.206 -0.241 -0.128 -0.046 -0.131 -0.172 -0.285 -0.332 -0.238 -0.114  0.129  0.304  0.519  0.600  0.455  0.154  0.028 -0.269 -0.290 -0.309 -0.297
 -0.309 -0.295 -0.226 -0.047  0.290  0.547  0.834  1.000  0.609  0.446  0.534  0.272  0.154 -0.066 -0.171 -0.275 -0.263 -0.273 -0.242 -0.226 -0.214 -0.121 -0.032 -0.030 -0.119 -0.096 -0.022 -0.067 -0.081 -0.056 -0.068 -0.063 -0.090 -0.108 -0.022  0.085  0.118  0.093  0.128  0.179  0.256  0.300  0.318  0.255  0.121  0.080  0.154  0.149  0.187  0.127  0.101  0.054  0.004 -0.014 -0.112 -0.154 -0.175 -0.088 -0.046 -0.113 -0.165 -0.270 -0.317 -0.272 -0.187 -0.009  0.137  0.356  0.449  0.361  0.111  0.028 -0.211 -0.234 -0.256 -0.244
 -0.235 -0.233 -0.244 -0.102  0.090  0.329  0.513  0.609  1.000  0.810  0.725  0.278  0.063 -0.090 -0.168 -0.217 -0.203 -0.188 -0.169 -0.156 -0.165 -0.122 -0.093 -0.087 -0.126 -0.135 -0.122 -0.125 -0.095 -0.119 -0.124 -0.087 -0.098 -0.130 -0.063  0.020  0.018  0.009  0.017  0.040  0.085  0.116  0.102  0.054 -0.017 -0.014  0.017  0.016  0.028 -0.009 -0.009 -0.034 -0.044 -0.052 -0.110 -0.141 -0.136 -0.093 -0.079 -0.102 -0.151 -0.216 -0.249 -0.230 -0.192 -0.089 -0.037  0.111  0.162  0.100 -0.008 -0.013 -0.062 -0.075 -0.089 -0.094
 -0.240 -0.227 -0.203 -0.031  0.114  0.361  0.399  0.446  0.810  1.000  0.737  0.377  0.093 -0.054 -0.143 -0.201 -0.195 -0.202 -0.197 -0.181 -0.167 -0.123 -0.089 -0.070 -0.095 -0.100 -0.086 -0.075 -0.034 -0.072 -0.065 -0.028 -0.057 -0.095 -0.049  0.026  0.007 -0.015 -0.007  0.009  0.032  0.065  0.051  0.013 -0.046 -0.034 -0.020 -0.023 -0.006 -0.044 -0.032 -0.034 -0.056 -0.084 -0.141 -0.172 -0.181 -0.142 -0.123 -0.146 -0.176 -0.225 -0.239 -0.201 -0.158 -0.038 -0.014  0.096  0.082  0.036 -0.046 -0.015 -0.048 -0.052 -0.056 -0.057
 -0.236 -0.172 -0.114  0.139  0.310  0.513  0.575  0.534  0.725  0.737  1.000  0.680  0.412  0.191 -0.008 -0.152 -0.196 -0.256 -0.278 -0.298 -0.278 -0.243 -0.159 -0.141 -0.188 -0.156 -0.118 -0.136 -0.101 -0.103 -0.108 -0.074 -0.098 -0.153 -0.103 -0.032 -0.031 -0.047 -0.024  0.010  0.050  0.107  0.110  0.045 -0.030 -0.025 -0.001 -0.007  0.004 -0.055 -0.083 -0.101 -0.163 -0.201 -0.266 -0.274 -0.291 -0.259 -0.203 -0.221 -0.233 -0.266 -0.259 -0.162 -0.124  0.033  0.043  0.157  0.165  0.070 -0.096 -0.041 -0.058 -0.014 -0.005 -0.012
 -0.155 -0.035  0.120  0.403  0.489  0.525  0.389  0.272  0.278  0.377  0.680  1.000  0.716  0.478  0.195 -0.025 -0.130 -0.272 -0.331 -0.388 -0.336 -0.309 -0.172 -0.146 -0.197 -0.121 -0.053 -0.094 -0.074 -0.029 -0.033 -0.037 -0.051 -0.084 -0.074 -0.060 -0.071 -0.086 -0.061 -0.025  0.009  0.078  0.104  0.050 -0.002 -0.011  0.001 -0.008  0.002 -0.068 -0.127 -0.132 -0.248 -0.314 -0.371 -0.347 -0.390 -0.374 -0.278 -0.290 -0.243 -0.212 -0.159  0.001  0.036  0.193  0.156  0.187  0.123  0.011 -0.155 -0.057 -0.058  0.035  0.065  0.061
 -0.031  0.105  0.247  0.471  0.530  0.367  0.279  0.154  0.063  0.093  0.412  0.716  1.000  0.743  0.444  0.174  0.021 -0.167 -0.277 -0.338 -0.267 -0.275 -0.167 -0.124 -0.148 -0.072 -0.020 -0.066 -0.040  0.034 -0.045 -0.050 -0.038 -0.094 -0.115 -0.140 -0.124 -0.124 -0.111 -0.069 -0.036  0.015  0.042 -0.020 -0.059 -0.046 -0.051 -0.057 -0.060 -0.122 -0.177 -0.156 -0.258 -0.336 -0.368 -0.351 -0.388 -0.405 -0.331 -0.326 -0.271 -0.209 -0.117  0.037  0.008  0.125  0.094  0.083  0.079 -0.029 -0.175 -0.063 -0.002  0.104  0.141  0.139
  0.237  0.389  0.488  0.587  0.362  0.123  0.021 -0.066 -0.090 -0.054  0.191  0.478  0.743  1.000  0.706  0.445  0.237  0.024 -0.123 -0.224 -0.182 -0.283 -0.236 -0.209 -0.180 -0.122 -0.119 -0.138 -0.098 -0.062 -0.109 -0.122 -0.123 -0.152 -0.195 -0.221 -0.206 -0.201 -0.181 -0.157 -0.176 -0.156 -0.138 -0.186 -0.158 -0.124 -0.172 -0.183 -0.214 -0.249 -0.307 -0.273 -0.344 -0.398 -0.360 -0.298 -0.305 -0.393 -0.340 -0.272 -0.183 -0.041  0.126  0.274  0.149  0.167  0.005 -0.105 -0.144 -0.225 -0.258 -0.098  0.105  0.267  0.302  0.290
  0.328  0.483  0.478  0.394  0.191 -0.067 -0.128 -0.171 -0.168 -0.143 -0.008  0.195  0.444  0.706  1.000  0.681  0.431  0.227  0.043 -0.002  0.060 -0.064 -0.088 -0.049  0.004  0.029 -0.015 -0.025 -0.008 -0.047 -0.115 -0.099 -0.095 -0.146 -0.211 -0.264 -0.245 -0.250 -0.238 -0.227 -0.268 -0.240 -0.229 -0.260 -0.227 -0.166 -0.220 -0.224 -0.245 -0.238 -0.232 -0.154 -0.166 -0.220 -0.164 -0.149 -0.164 -0.266 -0.286 -0.229 -0.148 -0.011  0.169  0.226  0.046 -0.005 -0.100 -0.221 -0.230 -0.271 -0.276 -0.131  0.116  0.229  0.269  0.265
  0.622  0.656  0.412  0.220 -0.078 -0.288 -0.301 -0.275 -0.217 -0.201 -0.152 -0.025  0.174  0.445  0.681  1.000  0.663  0.481  0.283  0.223  0.225  0.007 -0.124 -0.114  0.005 -0.034 -0.137 -0.095 -0.065 -0.156 -0.170 -0.147 -0.144 -0.168 -0.249 -0.288 -0.280 -0.279 -0.262 -0.272 -0.354 -0.370 -0.387 -0.406 -0.333 -0.253 -0.332 -0.342 -0.380 -0.338 -0.323 -0.243 -0.195 -0.188 -0.043  0.001  0.026 -0.143 -0.222 -0.112 -0.030  0.154  0.378  0.326  0.047 -0.118 -0.269 -0.402 -0.407 -0.391 -0.280 -0.125  0.222  0.340  0.359  0.343
  0.623  0.461  0.305  0.073 -0.162 -0.309 -0.310 -0.263 -0.203 -0.195 -0.196 -0.130  0.021  0.237  0.431  0.663  1.000  0.789  0.529  0.449  0.509  0.249  0.058  0.046  0.179  0.086 -0.076 -0.016 -0.013 -0.189 -0.201 -0.179 -0.214 -0.237 -0.304 -0.331 -0.330 -0.329 -0.291 -0.276 -0.364 -0.374 -0.382 -0.353 -0.276 -0.200 -0.264 -0.268 -0.304 -0.243 -0.185 -0.092  0.007  0.047  0.219  0.244  0.247  0.083 -0.050  0.028  0.069  0.171  0.334  0.191  0.016 -0.151 -0.253 -0.371 -0.378 -0.332 -0.229 -0.153  0.117  0.213  0.211  0.201
  0.595  0.444  0.171 -0.098 -0.303 -0.402 -0.359 -0.273 -0.188 -0.202 -0.256 -0.272 -0.167  0.024  0.227  0.481  0.789  1.000  0.766  0.675  0.629  0.328  0.065  0.031  0.207  0.075 -0.136 -0.035 -0.012 -0.228 -0.225 -0.167 -0.199 -0.229 -0.300 -0.315 -0.308 -0.305 -0.274 -0.279 -0.380 -0.416 -0.447 -0.397 -0.298 -0.217 -0.291 -0.300 -0.345 -0.263 -0.187 -0.107  0.060  0.151  0.371  0.417  0.467  0.278  0.108  0.214  0.207  0.247  0.340  0.163  0.006 -0.233 -0.330 -0.430 -0.421 -0.341 -0.183 -0.155  0.163  0.214  0.184  0.168
  0.425  0.278  0.080 -0.176 -0.321 -0.375 -0.327 -0.242 -0.169 -0.197 -0.278 -0.331 -0.277 -0.123  0.043  0.283  0.529  0.766  1.000  0.796  0.626  0.388  0.149  0.077  0.197  0.066 -0.121 -0.049 -0.051 -0.246 -0.233 -0.183 -0.213 -0.227 -0.274 -0.268 -0.252 -0.256 -0.217 -0.217 -0.306 -0.336 -0.349 -0.267 -0.162 -0.120 -0.171 -0.165 -0.200 -0.110 -0.033  0.007  0.187  0.319  0.543  0.628  0.682  0.506  0.333  0.415  0.370  0.311  0.286  0.109  0.057 -0.173 -0.240 -0.327 -0.332 -0.249 -0.099 -0.148  0.075  0.073  0.012  0.004
  0.299  0.152 -0.032 -0.291 -0.375 -0.403 -0.329 -0.226 -0.156 -0.181 -0.298 -0.388 -0.338 -0.224 -0.002  0.223  0.449  0.675  0.796  1.000  0.830  0.603  0.342  0.285  0.389  0.235  0.044  0.106  0.063 -0.155 -0.161 -0.115 -0.155 -0.174 -0.221 -0.243 -0.239 -0.266 -0.229 -0.232 -0.323 -0.328 -0.330 -0.237 -0.162 -0.119 -0.155 -0.130 -0.133 -0.023  0.104  0.183  0.379  0.491  0.684  0.657  0.695  0.564  0.353  0.388  0.315  0.209  0.151 -0.044 -0.072 -0.274 -0.263 -0.323 -0.311 -0.209 -0.091 -0.145  0.034 -0.034 -0.085 -0.080
  0.238  0.068 -0.049 -0.276 -0.333 -0.363 -0.307 -0.214 -0.165 -0.167 -0.278 -0.336 -0.267 -0.182  0.060  0.225  0.509  0.629  0.626  0.830  1.000  0.810  0.547  0.501  0.598  0.436  0.227  0.265  0.173 -0.058 -0.086 -0.065 -0.131 -0.157 -0.199 -0.257 -0.261 -0.299 -0.265 -0.260 -0.336 -0.297 -0.269 -0.179 -0.146 -0.111 -0.127 -0.084 -0.051  0.066  0.227  0.363  0.518  0.578  0.706  0.590  0.538  0.459  0.236  0.209  0.163  0.085  0.041 -0.142 -0.161 -0.293 -0.229 -0.277 -0.271 -0.181 -0.135 -0.159 -0.034 -0.123 -0.150 -0.134
 -0.022 -0.178 -0.163 -0.311 -0.247 -0.233 -0.187 -0.121 -0.122 -0.123 -0.243 -0.309 -0.275 -0.283 -0.064  0.007  0.249  0.328  0.388  0.603  0.810  1.000  0.824  0.752  0.763  0.645  0.437  0.389  0.253  0.061 -0.010 -0.023 -0.085 -0.111 -0.106 -0.173 -0.174 -0.217 -0.195 -0.185 -0.201 -0.113 -0.020  0.083  0.061  0.030  0.070  0.150  0.237  0.362  0.542  0.677  0.764  0.782  0.757  0.571  0.450  0.501  0.309  0.182  0.123 -0.013 -0.142 -0.292 -0.201 -0.223 -0.055 -0.055 -0.060 -0.001 -0.066 -0.153 -0.210 -0.368 -0.403 -0.364
 -0.199 -0.297 -0.159 -0.207 -0.068 -0.048 -0.044 -0.032 -0.093 -0.089 -0.159 -0.172 -0.167 -0.236 -0.088 -0.124  0.058  0.065  0.149  0.342  0.547  0.824  1.000  0.871  0.706  0.692  0.624  0.453  0.212  0.102  0.032 -0.028 -0.095 -0.104 -0.073 -0.124 -0.110 -0.138 -0.120 -0.101 -0.057  0.084  0.228  0.312  0.254  0.166  0.240  0.350  0.472  0.582  0.717  0.826  0.780  0.741  0.614  0.443  0.271  0.401  0.302  0.106  0.068 -0.079 -0.241 -0.318 -0.152 -0.072  0.141  0.163  0.140  0.135 -0.036 -0.150 -0.348 -0.511 -0.544 -0.494
 -0.232 -0.321 -0.198 -0.237 -0.084 -0.061 -0.049 -0.030 -0.087 -0.070 -0.141 -0.146 -0.124 -0.209 -0.049 -0.114  0.046  0.031  0.077  0.285  0.501  0.752  0.871  1.000  0.839  0.704  0.725  0.651  0.389  0.256  0.197  0.120  0.020  0.001  0.025 -0.081 -0.108 -0.158 -0.153 -0.144 -0.106  0.042  0.155  0.228  0.161  0.114  0.182  0.275  0.395  0.489  0.655  0.802  0.770  0.658  0.527  0.314  0.139  0.273  0.163 -0.049 -0.075 -0.185 -0.319 -0.390 -0.253 -0.153  0.072  0.107  0.102  0.097 -0.097 -0.152 -0.320 -0.479 -0.479 -0.424
 -0.076 -0.187 -0.196 -0.295 -0.229 -0.214 -0.182 -0.119 -0.126 -0.095 -0.188 -0.197 -0.148 -0.180  0.004  0.005  0.179  0.207  0.197  0.389  0.598  0.763  0.706  0.839  1.000  0.793  0.597  0.681  0.556  0.281  0.207  0.188  0.053 -0.013 -0.011 -0.130 -0.178 -0.222 -0.217 -0.216 -0.232 -0.129 -0.066 -0.017 -0.061 -0.052 -0.027  0.035  0.124  0.223  0.405  0.592  0.629  0.531  0.487  0.293  0.164  0.207  0.042 -0.088 -0.112 -0.171 -0.246 -0.348 -0.305 -0.288 -0.137 -0.114 -0.102 -0.056 -0.157 -0.135 -0.160 -0.272 -0.264 -0.223
 -0.140 -0.194 -0.154 -0.203 -0.128 -0.128 -0.130 -0.096 -0.135 -0.100 -0.156 -0.121 -0.072 -0.122  0.029 -0.034  0.086  0.075  0.066  0.235  0.436  0.645  0.692  0.704  0.793  1.000  0.733  0.583  0.492  0.323  0.176  0.156  0.078 -0.003  0.004 -0.123 -0.132 -0.153 -0.171 -0.166 -0.146 -0.047  0.033  0.077  0.022  0.000  0.037  0.099  0.185  0.251  0.381  0.540  0.525  0.431  0.345  0.198  0.071  0.129  0.024 -0.095 -0.108 -0.168 -0.250 -0.298 -0.234 -0.184 -0.049 -0.021 -0.032 -0.008 -0.139 -0.125 -0.183 -0.281 -0.279 -0.238
 -0.290 -0.293 -0.167 -0.144  0.006  0.007 -0.016 -0.022 -0.122 -0.086 -0.118 -0.053 -0.020 -0.119 -0.015 -0.137 -0.076 -0.136 -0.121  0.044  0.227  0.437  0.624  0.725  0.597  0.733  1.000  0.778  0.456  0.470  0.396  0.251  0.154  0.157  0.165 -0.018 -0.036 -0.058 -0.092 -0.097 -0.029  0.098  0.163  0.203  0.125  0.095  0.161  0.226  0.327  0.355  0.466  0.589  0.509  0.372  0.230  0.070 -0.082  0.039 -0.007 -0.183 -0.185 -0.242 -0.338 -0.336 -0.224 -0.091  0.092  0.136  0.131  0.106 -0.116 -0.127 -0.278 -0.405 -0.376 -0.320
 -0.203 -0.235 -0.217 -0.245 -0.138 -0.117 -0.107 -0.067 -0.125 -0.075 -0.136 -0.094 -0.066 -0.138 -0.025 -0.095 -0.016 -0.035 -0.049  0.106  0.265  0.389  0.453  0.651  0.681  0.583  0.778  1.000  0.753  0.542  0.551  0.458  0.239  0.204  0.180 -0.006 -0.082 -0.111 -0.133 -0.147 -0.132 -0.027 -0.012 -0.018 -0.082 -0.051 -0.023  0.018  0.103  0.146  0.284  0.432  0.416  0.271  0.193  0.022 -0.092 -0.028 -0.120 -0.252 -0.257 -0.272 -0.324 -0.357 -0.320 -0.249 -0.104 -0.061 -0.026 -0.017 -0.177 -0.108 -0.149 -0.242 -0.202 -0.158
 -0.147 -0.167 -0.217 -0.255 -0.178 -0.153 -0.131 -0.081 -0.095 -0.034 -0.101 -0.074 -0.040 -0.098 -0.008 -0.065 -0.013 -0.012 -0.051  0.063  0.173  0.253  0.212  0.389  0.556  0.492  0.456  0.753  1.000  0.691  0.542  0.559  0.387  0.235  0.240  0.053 -0.044 -0.082 -0.134 -0.168 -0.182 -0.137 -0.154 -0.191 -0.243 -0.173 -0.181 -0.174 -0.119 -0.091  0.044  0.194  0.222  0.096  0.058 -0.084 -0.137 -0.123 -0.229 -0.285 -0.304 -0.290 -0.295 -0.315 -0.337 -0.300 -0.234 -0.193 -0.150 -0.116 -0.200 -0.069 -0.004 -0.048 -0.012  0.015
 -0.285 -0.239 -0.217 -0.160 -0.040 -0.049 -0.050 -0.056 -0.119 -0.072 -0.103 -0.029  0.034 -0.062 -0.047 -0.156 -0.189 -0.228 -0.246 -0.155 -0.058  0.061  0.102  0.256  0.281  0.323  0.470  0.542  0.691  1.000  0.784  0.611  0.581  0.539  0.548  0.251  0.134  0.082 -0.008 -0.081 -0.069 -0.027 -0.060 -0.061 -0.125 -0.064 -0.039 -0.044  0.000 -0.036  0.052  0.156  0.132 -0.000 -0.091 -0.218 -0.266 -0.202 -0.245 -0.318 -0.338 -0.321 -0.346 -0.305 -0.280 -0.174 -0.094 -0.048 -0.026 -0.015 -0.155 -0.064 -0.052 -0.136 -0.096 -0.061
 -0.257 -0.222 -0.223 -0.179 -0.099 -0.071 -0.074 -0.068 -0.124 -0.065 -0.108 -0.033 -0.045 -0.109 -0.115 -0.170 -0.201 -0.225 -0.233 -0.161 -0.086 -0.010  0.032  0.197  0.207  0.176  0.396  0.551  0.542  0.784  1.000  0.801  0.592  0.671  0.557  0.286  0.157  0.087  0.040 -0.040 -0.068 -0.022 -0.080 -0.087 -0.137 -0.061 -0.044 -0.062 -0.025 -0.061  0.012  0.097  0.072 -0.047 -0.117 -0.223 -0.261 -0.210 -0.244 -0.309 -0.321 -0.284 -0.303 -0.274 -0.259 -0.172 -0.110 -0.071 -0.050 -0.035 -0.171 -0.069 -0.045 -0.115 -0.072 -0.043
 -0.213 -0.190 -0.256 -0.243 -0.183 -0.134 -0.106 -0.063 -0.087 -0.028 -0.074 -0.037 -0.050 -0.122 -0.099 -0.147 -0.179 -0.167 -0.183 -0.115 -0.065 -0.023 -0.028  0.120  0.188  0.156  0.251  0.458  0.559  0.611  0.801  1.000  0.778  0.638  0.424  0.209  0.111  0.027 -0.071 -0.158 -0.173 -0.142 -0.176 -0.195 -0.231 -0.126 -0.136 -0.172 -0.147 -0.168 -0.078  0.017  0.023 -0.084 -0.125 -0.222 -0.235 -0.216 -0.270 -0.303 -0.322 -0.281 -0.284 -0.270 -0.291 -0.247 -0.221 -0.184 -0.162 -0.144 -0.246 -0.092  0.038  0.015  0.075  0.093
 -0.231 -0.187 -0.253 -0.221 -0.164 -0.140 -0.111 -0.090 -0.098 -0.057 -0.098 -0.051 -0.038 -0.123 -0.095 -0.144 -0.214 -0.199 -0.213 -0.155 -0.131 -0.085 -0.095  0.020  0.053  0.078  0.154  0.239  0.387  0.581  0.592  0.778  1.000  0.814  0.622  0.342  0.225  0.091 -0.055 -0.174 -0.174 -0.175 -0.206 -0.199 -0.227 -0.121 -0.131 -0.168 -0.152 -0.183 -0.104 -0.032 -0.019 -0.111 -0.161 -0.244 -0.238 -0.212 -0.255 -0.279 -0.301 -0.266 -0.267 -0.239 -0.258 -0.216 -0.208 -0.183 -0.181 -0.166 -0.248 -0.098  0.058  0.043  0.110  0.128
 -0.253 -0.207 -0.240 -0.196 -0.146 -0.127 -0.115 -0.108 -0.130 -0.095 -0.153 -0.084 -0.094 -0.152 -0.146 -0.168 -0.237 -0.229 -0.227 -0.174 -0.157 -0.111 -0.104  0.001 -0.013 -0.003  0.157  0.204  0.235  0.539  0.671  0.638  0.814  1.000  0.775  0.461  0.304  0.157  0.060 -0.063 -0.084 -0.092 -0.151 -0.133 -0.159 -0.070 -0.068 -0.100 -0.085 -0.126 -0.069 -0.023 -0.022 -0.100 -0.155 -0.229 -0.221 -0.183 -0.210 -0.243 -0.265 -0.236 -0.250 -0.223 -0.221 -0.164 -0.141 -0.120 -0.120 -0.095 -0.168 -0.063  0.023 -0.018  0.031  0.049
 -0.318 -0.285 -0.265 -0.190 -0.090 -0.028 -0.003 -0.022 -0.063 -0.049 -0.103 -0.074 -0.115 -0.195 -0.211 -0.249 -0.304 -0.300 -0.274 -0.221 -0.199 -0.106 -0.073  0.025 -0.011  0.004  0.165  0.180  0.240  0.548  0.557  0.424  0.622  0.775  1.000  0.691  0.466  0.279  0.193  0.066  0.053  0.030 -0.036 -0.033 -0.091 -0.046 -0.008 -0.032  0.003 -0.051 -0.007  0.024  0.011 -0.071 -0.157 -0.236 -0.234 -0.164 -0.169 -0.225 -0.258 -0.258 -0.294 -0.258 -0.220 -0.125 -0.067 -0.009  0.007  0.033 -0.054  0.006 -0.042 -0.120 -0.088 -0.065
 -0.300 -0.292 -0.264 -0.198 -0.068  0.044  0.110  0.085  0.020  0.026 -0.032 -0.060 -0.140 -0.221 -0.264 -0.288 -0.331 -0.315 -0.268 -0.243 -0.257 -0.173 -0.124 -0.081 -0.130 -0.123 -0.018 -0.006  0.053  0.251  0.286  0.209  0.342  0.461  0.691  1.000  0.793  0.535  0.515  0.353  0.303  0.209  0.103  0.027 -0.058 -0.076 -0.023 -0.031  0.023 -0.009 -0.003 -0.030 -0.048 -0.087 -0.167 -0.220 -0.198 -0.116 -0.096 -0.154 -0.208 -0.237 -0.283 -0.253 -0.206 -0.110 -0.044  0.060  0.134  0.175  0.166  0.224 -0.025 -0.170 -0.176 -0.170
 -0.295 -0.276 -0.251 -0.190 -0.045  0.033  0.127  0.118  0.018  0.007 -0.031 -0.071 -0.124 -0.206 -0.245 -0.280 -0.330 -0.308 -0.252 -0.239 -0.261 -0.174 -0.110 -0.108 -0.178 -0.132 -0.036 -0.082 -0.044  0.134  0.157  0.111  0.225  0.304  0.466  0.793  1.000  0.797  0.721  0.480  0.443  0.328  0.203  0.103 -0.001 -0.044  0.025  0.024  0.076  0.041  0.023 -0.031 -0.054 -0.067 -0.144 -0.183 -0.159 -0.070 -0.045 -0.100 -0.165 -0.213 -0.275 -0.248 -0.201 -0.110 -0.026  0.101  0.207  0.257  0.249  0.262 -0.044 -0.239 -0.255 -0.234
 -0.273 -0.238 -0.228 -0.171 -0.022  0.035  0.108  0.093  0.009 -0.015 -0.047 -0.086 -0.124 -0.201 -0.250 -0.279 -0.329 -0.305 -0.256 -0.266 -0.299 -0.217 -0.138 -0.158 -0.222 -0.153 -0.058 -0.111 -0.082  0.082  0.087  0.027  0.091  0.157  0.279  0.535  0.797  1.000  0.807  0.560  0.593  0.442  0.296  0.167  0.051 -0.019  0.054  0.054  0.100  0.057  0.009 -0.067 -0.103 -0.099 -0.171 -0.187 -0.158 -0.076 -0.033 -0.067 -0.128 -0.177 -0.234 -0.193 -0.153 -0.070  0.007  0.147  0.265  0.335  0.368  0.325 -0.008 -0.202 -0.259 -0.252
 -0.237 -0.222 -0.171 -0.123  0.019  0.085  0.159  0.128  0.017 -0.007 -0.024 -0.061 -0.111 -0.181 -0.238 -0.262 -0.291 -0.274 -0.217 -0.229 -0.265 -0.195 -0.120 -0.153 -0.217 -0.171 -0.092 -0.133 -0.134 -0.008  0.040 -0.071 -0.055  0.060  0.193  0.515  0.721  0.807  1.000  0.812  0.680  0.545  0.372  0.214  0.092 -0.012  0.069  0.086  0.139  0.107  0.036 -0.061 -0.097 -0.072 -0.136 -0.140 -0.111 -0.023  0.030 -0.018 -0.085 -0.144 -0.202 -0.170 -0.117 -0.028  0.060  0.204  0.338  0.430  0.498  0.443 -0.065 -0.278 -0.345 -0.335
 -0.230 -0.234 -0.122 -0.057  0.107  0.179  0.232  0.179  0.040  0.009  0.010 -0.025 -0.069 -0.157 -0.227 -0.272 -0.276 -0.279 -0.217 -0.232 -0.260 -0.185 -0.101 -0.144 -0.216 -0.166 -0.097 -0.147 -0.168 -0.081 -0.040 -0.158 -0.174 -0.063  0.066  0.353  0.480  0.560  0.812  1.000  0.838  0.699  0.488  0.300  0.158  0.028  0.115  0.136  0.194  0.160  0.073 -0.038 -0.087 -0.055 -0.128 -0.128 -0.108 -0.006  0.068  0.007 -0.058 -0.130 -0.183 -0.143 -0.070  0.046  0.156  0.317  0.471  0.593  0.717  0.624 -0.089 -0.293 -0.400 -0.402
 -0.317 -0.303 -0.157 -0.037  0.210  0.289  0.330  0.256  0.085  0.032  0.050  0.009 -0.036 -0.176 -0.268 -0.354 -0.364 -0.380 -0.306 -0.323 -0.336 -0.201 -0.057 -0.106 -0.232 -0.146 -0.029 -0.132 -0.182 -0.069 -0.068 -0.173 -0.174 -0.084  0.053  0.303  0.443  0.593  0.680  0.838  1.000  0.843  0.635  0.447  0.266  0.107  0.226  0.249  0.320  0.265  0.165  0.040 -0.047 -0.031 -0.150 -0.158 -0.165 -0.028  0.079 -0.006 -0.061 -0.158 -0.233 -0.164 -0.047  0.113  0.273  0.472  0.640  0.727  0.725  0.536 -0.164 -0.344 -0.459 -0.456
 -0.368 -0.352 -0.154 -0.003  0.288  0.367  0.389  0.300  0.116  0.065  0.107  0.078  0.015 -0.156 -0.240 -0.370 -0.374 -0.416 -0.336 -0.328 -0.297 -0.113  0.084  0.042 -0.129 -0.047  0.098 -0.027 -0.137 -0.027 -0.022 -0.142 -0.175 -0.092  0.030  0.209  0.328  0.442  0.545  0.699  0.843  1.000  0.807  0.589  0.376  0.184  0.322  0.370  0.466  0.417  0.312  0.192  0.065  0.059 -0.098 -0.132 -0.180 -0.011  0.103 -0.033 -0.080 -0.191 -0.287 -0.208 -0.055  0.155  0.374  0.579  0.725  0.739  0.598  0.458 -0.247 -0.436 -0.550 -0.543
 -0.399 -0.381 -0.131  0.052  0.358  0.421  0.421  0.318  0.102  0.051  0.110  0.104  0.042 -0.138 -0.229 -0.387 -0.382 -0.447 -0.349 -0.330 -0.269 -0.020  0.228  0.155 -0.066  0.033  0.163 -0.012 -0.154 -0.060 -0.080 -0.176 -0.206 -0.151 -0.036  0.103  0.203  0.296  0.372  0.488  0.635  0.807  1.000  0.815  0.594  0.334  0.479  0.541  0.648  0.615  0.481  0.358  0.180  0.167 -0.022 -0.064 -0.154  0.046  0.181  0.010 -0.019 -0.149 -0.277 -0.191  0.018  0.252  0.516  0.693  0.752  0.642  0.400  0.217 -0.361 -0.490 -0.592 -0.572
 -0.391 -0.387 -0.087  0.080  0.342  0.409  0.359  0.255  0.054  0.013  0.045  0.050 -0.020 -0.186 -0.260 -0.406 -0.353 -0.397 -0.267 -0.237 -0.179  0.083  0.312  0.228 -0.017  0.077  0.203 -0.018 -0.191 -0.061 -0.087 -0.195 -0.199 -0.133 -0.033  0.027  0.103  0.167  0.214  0.300  0.447  0.589  0.815  1.000  0.837  0.556  0.695  0.744  0.772  0.692  0.572  0.449  0.294  0.291  0.100  0.058 -0.038  0.169  0.295  0.120  0.107 -0.031 -0.185 -0.119  0.137  0.357  0.618  0.747  0.671  0.569  0.301  0.045 -0.463 -0.558 -0.651 -0.622
 -0.279 -0.278 -0.009  0.106  0.262  0.290  0.206  0.121 -0.017 -0.046 -0.030 -0.002 -0.059 -0.158 -0.227 -0.333 -0.276 -0.298 -0.162 -0.162 -0.146  0.061  0.254  0.161 -0.061  0.022  0.125 -0.082 -0.243 -0.125 -0.137 -0.231 -0.227 -0.159 -0.091 -0.058 -0.001  0.051  0.092  0.158  0.266  0.376  0.594  0.837  1.000  0.746  0.709  0.730  0.659  0.619  0.501  0.366  0.233  0.256  0.118  0.123  0.049  0.208  0.335  0.210  0.227  0.135 -0.025  0.012  0.263  0.408  0.575  0.586  0.468  0.367  0.192 -0.047 -0.401 -0.439 -0.534 -0.514
 -0.219 -0.220 -0.012  0.071  0.174  0.201  0.135  0.080 -0.014 -0.034 -0.025 -0.011 -0.046 -0.124 -0.166 -0.253 -0.200 -0.217 -0.120 -0.119 -0.111  0.030  0.166  0.114 -0.052  0.000  0.095 -0.051 -0.173 -0.064 -0.061 -0.126 -0.121 -0.070 -0.046 -0.076 -0.044 -0.019 -0.012  0.028  0.107  0.184  0.334  0.556  0.746  1.000  0.753  0.584  0.456  0.403  0.348  0.260  0.170  0.174  0.071  0.072  0.021  0.127  0.210  0.132  0.150  0.094 -0.025 -0.007  0.167  0.267  0.398  0.405  0.290  0.210  0.081 -0.098 -0.316 -0.319 -0.376 -0.363
 -0.303 -0.308 -0.051  0.052  0.228  0.279  0.228  0.154  0.017 -0.020 -0.001  0.001 -0.051 -0.172 -0.220 -0.332 -0.264 -0.291 -0.171 -0.155 -0.127  0.070  0.240  0.182 -0.027  0.037  0.161 -0.023 -0.181 -0.039 -0.044 -0.136 -0.131 -0.068 -0.008 -0.023  0.025  0.054  0.069  0.115  0.226  0.322  0.479  0.695  0.709  0.753  1.000  0.786  0.644  0.519  0.439  0.352  0.246  0.249  0.108  0.089  0.018  0.172  0.270  0.144  0.143  0.037 -0.101 -0.072  0.136  0.278  0.462  0.528  0.433  0.361  0.158 -0.071 -0.412 -0.452 -0.514 -0.488
 -0.321 -0.332 -0.052  0.049  0.238  0.274  0.226  0.149  0.016 -0.023 -0.007 -0.008 -0.057 -0.183 -0.224 -0.342 -0.268 -0.300 -0.165 -0.130 -0.084  0.150  0.350  0.275  0.035  0.099  0.226  0.018 -0.174 -0.044 -0.062 -0.172 -0.168 -0.100 -0.032 -0.031  0.024  0.054  0.086  0.136  0.249  0.370  0.541  0.744  0.730  0.584  0.786  1.000  0.845  0.708  0.582  0.471  0.340  0.348  0.182  0.152  0.059  0.244  0.349  0.185  0.173  0.035 -0.126 -0.095  0.133  0.294  0.493  0.533  0.458  0.390  0.173 -0.085 -0.464 -0.527 -0.594 -0.558
 -0.394 -0.408 -0.098  0.018  0.261  0.313  0.274  0.187  0.028 -0.006  0.004  0.002 -0.060 -0.214 -0.245 -0.380 -0.304 -0.345 -0.200 -0.133 -0.051  0.237  0.472  0.395  0.124  0.185  0.327  0.103 -0.119  0.000 -0.025 -0.147 -0.152 -0.085  0.003  0.023  0.076  0.100  0.139  0.194  0.320  0.466  0.648  0.772  0.659  0.456  0.644  0.845  1.000  0.866  0.732  0.612  0.455  0.451  0.246  0.178  0.056  0.284  0.390  0.176  0.143 -0.038 -0.225 -0.191  0.068  0.274  0.524  0.594  0.543  0.472  0.210 -0.047 -0.509 -0.622 -0.685 -0.639
 -0.343 -0.378 -0.103 -0.040  0.186  0.214  0.193  0.127 -0.009 -0.044 -0.055 -0.068 -0.122 -0.249 -0.238 -0.338 -0.243 -0.263 -0.110 -0.023  0.066  0.362  0.582  0.489  0.223  0.251  0.355  0.146 -0.091 -0.036 -0.061 -0.168 -0.183 -0.126 -0.051 -0.009  0.041  0.057  0.107  0.160  0.265  0.417  0.615  0.692  0.619  0.403  0.519  0.708  0.866  1.000  0.877  0.719  0.563  0.580  0.377  0.294  0.161  0.391  0.477  0.247  0.207  0.013 -0.199 -0.202  0.055  0.219  0.474  0.502  0.478  0.401  0.177 -0.070 -0.474 -0.617 -0.693 -0.649
 -0.354 -0.418 -0.162 -0.137  0.098  0.143  0.139  0.101 -0.009 -0.032 -0.083 -0.127 -0.177 -0.307 -0.232 -0.323 -0.185 -0.187 -0.033  0.104  0.227  0.542  0.717  0.655  0.405  0.381  0.466  0.284  0.044  0.052  0.012 -0.078 -0.104 -0.069 -0.007 -0.003  0.023  0.009  0.036  0.073  0.165  0.312  0.481  0.572  0.501  0.348  0.439  0.582  0.732  0.877  1.000  0.887  0.767  0.747  0.528  0.382  0.226  0.467  0.478  0.223  0.166 -0.040 -0.269 -0.309 -0.046  0.109  0.380  0.413  0.389  0.345  0.125 -0.099 -0.463 -0.656 -0.712 -0.655
 -0.327 -0.406 -0.191 -0.184  0.023  0.067  0.066  0.054 -0.034 -0.034 -0.101 -0.132 -0.156 -0.273 -0.154 -0.243 -0.092 -0.107  0.007  0.183  0.363  0.677  0.826  0.802  0.592  0.540  0.589  0.432  0.194  0.156  0.097  0.017 -0.032 -0.023  0.024 -0.030 -0.031 -0.067 -0.061 -0.038  0.040  0.192  0.358  0.449  0.366  0.260  0.352  0.471  0.612  0.719  0.887  1.000  0.865  0.767  0.561  0.363  0.177  0.388  0.329  0.070  0.030 -0.136 -0.329 -0.375 -0.154 -0.001  0.263  0.300  0.271  0.242  0.016 -0.129 -0.423 -0.612 -0.638 -0.577
 -0.235 -0.350 -0.208 -0.281 -0.105 -0.057 -0.021  0.004 -0.044 -0.056 -0.163 -0.248 -0.258 -0.344 -0.166 -0.195  0.007  0.060  0.187  0.379  0.518  0.764  0.780  0.770  0.629  0.525  0.509  0.416  0.222  0.132  0.072  0.023 -0.019 -0.022  0.011 -0.048 -0.054 -0.103 -0.097 -0.087 -0.047  0.065  0.180  0.294  0.233  0.170  0.246  0.340  0.455  0.563  0.767  0.865  1.000  0.884  0.715  0.509  0.369  0.534  0.397  0.183  0.112 -0.066 -0.259 -0.365 -0.178 -0.110  0.130  0.158  0.149  0.170  0.019 -0.137 -0.342 -0.554 -0.588 -0.534
 -0.164 -0.299 -0.181 -0.296 -0.140 -0.093 -0.046 -0.014 -0.052 -0.084 -0.201 -0.314 -0.336 -0.398 -0.220 -0.188  0.047  0.151  0.319  0.491  0.578  0.782  0.741  0.658  0.531  0.431  0.372  0.271  0.096 -0.000 -0.047 -0.084 -0.111 -0.100 -0.071 -0.087 -0.067 -0.099 -0.072 -0.055 -0.031  0.059  0.167  0.291  0.256  0.174  0.249  0.348  0.451  0.580  0.747  0.767  0.884  1.000  0.861  0.678  0.560  0.713  0.562  0.370  0.278  0.061 -0.149 -0.282 -0.094 -0.085  0.130  0.144  0.138  0.172  0.074 -0.139 -0.328 -0.536 -0.606 -0.560
  0.017 -0.134 -0.121 -0.304 -0.244 -0.225 -0.173 -0.112 -0.110 -0.141 -0.266 -0.371 -0.368 -0.360 -0.164 -0.043  0.219  0.371  0.543  0.684  0.706  0.757  0.614  0.527  0.487  0.345  0.230  0.193  0.058 -0.091 -0.117 -0.125 -0.161 -0.155 -0.157 -0.167 -0.144 -0.171 -0.136 -0.128 -0.150 -0.098 -0.022  0.100  0.118  0.071  0.108  0.182  0.246  0.377  0.528  0.561  0.715  0.861  1.000  0.849  0.735  0.783  0.586  0.473  0.384  0.172 -0.006 -0.177 -0.045 -0.135 -0.003 -0.028 -0.035  0.025  0.014 -0.162 -0.213 -0.370 -0.450 -0.416
  0.128  0.000 -0.023 -0.211 -0.232 -0.232 -0.206 -0.154 -0.141 -0.172 -0.274 -0.347 -0.351 -0.298 -0.149  0.001  0.244  0.417  0.628  0.657  0.590  0.571  0.443  0.314  0.293  0.198  0.070  0.022 -0.084 -0.218 -0.223 -0.222 -0.244 -0.229 -0.236 -0.220 -0.183 -0.187 -0.140 -0.128 -0.158 -0.132 -0.064  0.058  0.123  0.072  0.089  0.152  0.178  0.294  0.382  0.363  0.509  0.678  0.849  1.000  0.851  0.793  0.688  0.647  0.601  0.355  0.173 -0.000  0.112 -0.043  0.004 -0.053 -0.088 -0.032  0.008 -0.175 -0.159 -0.261 -0.356 -0.335
  0.197  0.063  0.005 -0.217 -0.275 -0.286 -0.241 -0.175 -0.136 -0.181 -0.291 -0.390 -0.388 -0.305 -0.164  0.026  0.247  0.467  0.682  0.695  0.538  0.450  0.271  0.139  0.164  0.071 -0.082 -0.092 -0.137 -0.266 -0.261 -0.235 -0.238 -0.221 -0.234 -0.198 -0.159 -0.158 -0.111 -0.108 -0.165 -0.180 -0.154 -0.038  0.049  0.021  0.018  0.059  0.056  0.161  0.226  0.177  0.369  0.560  0.735  0.851  1.000  0.865  0.698  0.738  0.611  0.396  0.257  0.076  0.139 -0.060 -0.058 -0.132 -0.152 -0.077  0.034 -0.141 -0.068 -0.147 -0.248 -0.243
  0.017 -0.124 -0.052 -0.228 -0.190 -0.169 -0.128 -0.088 -0.093 -0.142 -0.259 -0.374 -0.405 -0.393 -0.266 -0.143  0.083  0.278  0.506  0.564  0.459  0.501  0.401  0.273  0.207  0.129  0.039 -0.028 -0.123 -0.202 -0.210 -0.216 -0.212 -0.183 -0.164 -0.116 -0.070 -0.076 -0.023 -0.006 -0.028 -0.011  0.046  0.169  0.208  0.127  0.172  0.244  0.284  0.391  0.467  0.388  0.534  0.713  0.783  0.793  0.865  1.000  0.849  0.739  0.575  0.324  0.138 -0.022  0.116  0.003  0.094  0.051  0.035  0.089  0.130 -0.098 -0.208 -0.354 -0.462 -0.438
 -0.041 -0.129  0.005 -0.107 -0.068 -0.047 -0.046 -0.046 -0.079 -0.123 -0.203 -0.278 -0.331 -0.340 -0.286 -0.222 -0.050  0.108  0.333  0.353  0.236  0.309  0.302  0.163  0.042  0.024 -0.007 -0.120 -0.229 -0.245 -0.244 -0.270 -0.255 -0.210 -0.169 -0.096 -0.045 -0.033  0.030  0.068  0.079  0.103  0.181  0.295  0.335  0.210  0.270  0.349  0.390  0.477  0.478  0.329  0.397  0.562  0.586  0.688  0.698  0.849  1.000  0.828  0.715  0.417  0.204  0.072  0.243  0.150  0.229  0.185  0.145  0.165  0.178 -0.079 -0.255 -0.374 -0.481 -0.460
  0.118  0.044  0.076 -0.073 -0.129 -0.129 -0.131 -0.113 -0.102 -0.146 -0.221 -0.290 -0.326 -0.272 -0.229 -0.112  0.028  0.214  0.415  0.388  0.209  0.182  0.106 -0.049 -0.088 -0.095 -0.183 -0.252 -0.285 -0.318 -0.309 -0.303 -0.279 -0.243 -0.225 -0.154 -0.100 -0.067 -0.018  0.007 -0.006 -0.033  0.010  0.120  0.210  0.132  0.144  0.185  0.176  0.247  0.223  0.070  0.183  0.370  0.473  0.647  0.738  0.739  0.828  1.000  0.838  0.549  0.369  0.223  0.318  0.142  0.119  0.044 -0.007  0.030  0.137 -0.084 -0.102 -0.164 -0.273 -0.273
  0.177  0.149  0.155  0.014 -0.098 -0.129 -0.172 -0.165 -0.151 -0.176 -0.233 -0.243 -0.271 -0.183 -0.148 -0.030  0.069  0.207  0.370  0.315  0.163  0.123  0.068 -0.075 -0.112 -0.108 -0.185 -0.257 -0.304 -0.338 -0.321 -0.322 -0.301 -0.265 -0.258 -0.208 -0.165 -0.128 -0.085 -0.058 -0.061 -0.080 -0.019  0.107  0.227  0.150  0.143  0.173  0.143  0.207  0.166  0.030  0.112  0.278  0.384  0.601  0.611  0.575  0.715  0.838  1.000  0.755  0.516  0.343  0.457  0.225  0.150  0.043 -0.049 -0.028  0.071 -0.128 -0.079 -0.105 -0.205 -0.206
  0.371  0.340  0.287  0.102 -0.129 -0.216 -0.285 -0.270 -0.216 -0.225 -0.266 -0.212 -0.209 -0.041 -0.011  0.154  0.171  0.247  0.311  0.209  0.085 -0.013 -0.079 -0.185 -0.171 -0.168 -0.242 -0.272 -0.290 -0.321 -0.284 -0.281 -0.266 -0.236 -0.258 -0.237 -0.213 -0.177 -0.144 -0.130 -0.158 -0.191 -0.149 -0.031  0.135  0.094  0.037  0.035 -0.038  0.013 -0.040 -0.136 -0.066  0.061  0.172  0.355  0.396  0.324  0.417  0.549  0.755  1.000  0.746  0.509  0.547  0.251  0.078 -0.081 -0.192 -0.172 -0.027 -0.128  0.034  0.088  0.012 -0.001
  0.576  0.547  0.443  0.232 -0.121 -0.248 -0.332 -0.317 -0.249 -0.239 -0.259 -0.159 -0.117  0.126  0.169  0.378  0.334  0.340  0.286  0.151  0.041 -0.142 -0.241 -0.319 -0.246 -0.250 -0.338 -0.324 -0.295 -0.346 -0.303 -0.284 -0.267 -0.250 -0.294 -0.283 -0.275 -0.234 -0.202 -0.183 -0.233 -0.287 -0.277 -0.185 -0.025 -0.025 -0.101 -0.126 -0.225 -0.199 -0.269 -0.329 -0.259 -0.149 -0.006  0.173  0.257  0.138  0.204  0.369  0.516  0.746  1.000  0.783  0.582  0.278 -0.009 -0.189 -0.302 -0.279 -0.097 -0.118  0.136  0.273  0.227  0.200
  0.463  0.556  0.536  0.444  0.067 -0.092 -0.238 -0.272 -0.230 -0.201 -0.162  0.001  0.037  0.274  0.226  0.326  0.191  0.163  0.109 -0.044 -0.142 -0.292 -0.318 -0.390 -0.348 -0.298 -0.336 -0.357 -0.315 -0.305 -0.274 -0.270 -0.239 -0.223 -0.258 -0.253 -0.248 -0.193 -0.170 -0.143 -0.164 -0.208 -0.191 -0.119  0.012 -0.007 -0.072 -0.095 -0.191 -0.202 -0.309 -0.375 -0.365 -0.282 -0.177 -0.000  0.076 -0.022  0.072  0.223  0.343  0.509  0.783  1.000  0.750  0.483  0.134 -0.070 -0.219 -0.232 -0.095 -0.097  0.125  0.287  0.248  0.221
  0.219  0.283  0.449  0.461  0.211  0.088 -0.114 -0.187 -0.192 -0.158 -0.124  0.036  0.008  0.149  0.046  0.047  0.016  0.006  0.057 -0.072 -0.161 -0.201 -0.152 -0.253 -0.305 -0.234 -0.224 -0.320 -0.337 -0.280 -0.259 -0.291 -0.258 -0.221 -0.220 -0.206 -0.201 -0.153 -0.117 -0.070 -0.047 -0.055  0.018  0.137  0.263  0.167  0.136  0.133  0.068  0.055 -0.046 -0.154 -0.178 -0.094 -0.045  0.112  0.139  0.116  0.243  0.318  0.457  0.547  0.582  0.750  1.000  0.727  0.426  0.195 -0.007 -0.049 -0.005 -0.122 -0.068  0.052 -0.012 -0.024
 -0.030  0.039  0.369  0.583  0.459  0.384  0.129 -0.009 -0.089 -0.038  0.033  0.193  0.125  0.167 -0.005 -0.118 -0.151 -0.233 -0.173 -0.274 -0.293 -0.223 -0.072 -0.153 -0.288 -0.184 -0.091 -0.249 -0.300 -0.174 -0.172 -0.247 -0.216 -0.164 -0.125 -0.110 -0.110 -0.070 -0.028  0.046  0.113  0.155  0.252  0.357  0.408  0.267  0.278  0.294  0.274  0.219  0.109 -0.001 -0.110 -0.085 -0.135 -0.043 -0.060  0.003  0.150  0.142  0.225  0.251  0.278  0.483  0.727  1.000  0.733  0.478  0.244  0.151  0.064 -0.067 -0.217 -0.120 -0.172 -0.173
 -0.233 -0.187  0.213  0.427  0.576  0.517  0.304  0.137 -0.037 -0.014  0.043  0.156  0.094  0.005 -0.100 -0.269 -0.253 -0.330 -0.240 -0.263 -0.229 -0.055  0.141  0.072 -0.137 -0.049  0.092 -0.104 -0.234 -0.094 -0.110 -0.221 -0.208 -0.141 -0.067 -0.044 -0.026  0.007  0.060  0.156  0.273  0.374  0.516  0.618  0.575  0.398  0.462  0.493  0.524  0.474  0.380  0.263  0.130  0.130 -0.003  0.004 -0.058  0.094  0.229  0.119  0.150  0.078 -0.009  0.134  0.426  0.733  1.000  0.761  0.546  0.399  0.179 -0.034 -0.390 -0.386 -0.438 -0.416
 -0.388 -0.344 -0.020  0.215  0.519  0.638  0.519  0.356  0.111  0.096  0.157  0.187  0.083 -0.105 -0.221 -0.402 -0.371 -0.430 -0.327 -0.323 -0.277 -0.055  0.163  0.107 -0.114 -0.021  0.136 -0.061 -0.193 -0.048 -0.071 -0.184 -0.183 -0.120 -0.009  0.060  0.101  0.147  0.204  0.317  0.472  0.579  0.693  0.747  0.586  0.405  0.528  0.533  0.594  0.502  0.413  0.300  0.158  0.144 -0.028 -0.053 -0.132  0.051  0.185  0.044  0.043 -0.081 -0.189 -0.070  0.195  0.478  0.761  1.000  0.811  0.649  0.329  0.067 -0.459 -0.507 -0.547 -0.512
 -0.412 -0.385 -0.136  0.059  0.472  0.570  0.600  0.449  0.162  0.082  0.165  0.123  0.079 -0.144 -0.230 -0.407 -0.378 -0.421 -0.332 -0.311 -0.271 -0.060  0.140  0.102 -0.102 -0.032  0.131 -0.026 -0.150 -0.026 -0.050 -0.162 -0.181 -0.120  0.007  0.134  0.207  0.265  0.338  0.471  0.640  0.725  0.752  0.671  0.468  0.290  0.433  0.458  0.543  0.478  0.389  0.271  0.149  0.138 -0.035 -0.088 -0.152  0.035  0.145 -0.007 -0.049 -0.192 -0.302 -0.219 -0.007  0.244  0.546  0.811  1.000  0.802  0.473  0.194 -0.403 -0.503 -0.561 -0.531
 -0.380 -0.379 -0.174 -0.042  0.298  0.419  0.455  0.361  0.100  0.036  0.070  0.011 -0.029 -0.225 -0.271 -0.391 -0.332 -0.341 -0.249 -0.209 -0.181 -0.001  0.135  0.097 -0.056 -0.008  0.106 -0.017 -0.116 -0.015 -0.035 -0.144 -0.166 -0.095  0.033  0.175  0.257  0.335  0.430  0.593  0.727  0.739  0.642  0.569  0.367  0.210  0.361  0.390  0.472  0.401  0.345  0.242  0.170  0.172  0.025 -0.032 -0.077  0.089  0.165  0.030 -0.028 -0.172 -0.279 -0.232 -0.049  0.151  0.399  0.649  0.802  1.000  0.712  0.376 -0.364 -0.502 -0.572 -0.544
 -0.194 -0.229 -0.122 -0.099  0.058  0.132  0.154  0.111 -0.008 -0.046 -0.096 -0.155 -0.175 -0.258 -0.276 -0.280 -0.229 -0.183 -0.099 -0.091 -0.135 -0.066 -0.036 -0.097 -0.157 -0.139 -0.116 -0.177 -0.200 -0.155 -0.171 -0.246 -0.248 -0.168 -0.054  0.166  0.249  0.368  0.498  0.717  0.725  0.598  0.400  0.301  0.192  0.081  0.158  0.173  0.210  0.177  0.125  0.016  0.019  0.074  0.014  0.008  0.034  0.130  0.178  0.137  0.071 -0.027 -0.097 -0.095 -0.005  0.064  0.179  0.329  0.473  0.712  1.000  0.732  0.046 -0.229 -0.400 -0.421
 -0.115 -0.134 -0.092 -0.073 -0.041  0.005  0.028  0.028 -0.013 -0.015 -0.041 -0.057 -0.063 -0.098 -0.131 -0.125 -0.153 -0.155 -0.148 -0.145 -0.159 -0.153 -0.150 -0.152 -0.135 -0.125 -0.127 -0.108 -0.069 -0.064 -0.069 -0.092 -0.098 -0.063  0.006  0.224  0.262  0.325  0.443  0.624  0.536  0.458  0.217  0.045 -0.047 -0.098 -0.071 -0.085 -0.047 -0.070 -0.099 -0.129 -0.137 -0.139 -0.162 -0.175 -0.141 -0.098 -0.079 -0.084 -0.128 -0.128 -0.118 -0.097 -0.122 -0.067 -0.034  0.067  0.194  0.376  0.732  1.000  0.332  0.034 -0.172 -0.245
  0.215  0.251  0.002 -0.045 -0.232 -0.293 -0.269 -0.211 -0.062 -0.048 -0.058 -0.058 -0.002  0.105  0.116  0.222  0.117  0.163  0.075  0.034 -0.034 -0.210 -0.348 -0.320 -0.160 -0.183 -0.278 -0.149 -0.004 -0.052 -0.045  0.038  0.058  0.023 -0.042 -0.025 -0.044 -0.008 -0.065 -0.089 -0.164 -0.247 -0.361 -0.463 -0.401 -0.316 -0.412 -0.464 -0.509 -0.474 -0.463 -0.423 -0.342 -0.328 -0.213 -0.159 -0.068 -0.208 -0.255 -0.102 -0.079  0.034  0.136  0.125 -0.068 -0.217 -0.390 -0.459 -0.403 -0.364  0.046  0.332  1.000  0.647  0.371  0.218
  0.364  0.403  0.148  0.087 -0.184 -0.269 -0.290 -0.234 -0.075 -0.052 -0.014  0.035  0.104  0.267  0.229  0.340  0.213  0.214  0.073 -0.034 -0.123 -0.368 -0.511 -0.479 -0.272 -0.281 -0.405 -0.242 -0.048 -0.136 -0.115  0.015  0.043 -0.018 -0.120 -0.170 -0.239 -0.202 -0.278 -0.293 -0.344 -0.436 -0.490 -0.558 -0.439 -0.319 -0.452 -0.527 -0.622 -0.617 -0.656 -0.612 -0.554 -0.536 -0.370 -0.261 -0.147 -0.354 -0.374 -0.164 -0.105  0.088  0.273  0.287  0.052 -0.120 -0.386 -0.507 -0.503 -0.502 -0.229  0.034  0.647  1.000  0.724  0.507
  0.352  0.395  0.134  0.078 -0.203 -0.290 -0.309 -0.256 -0.089 -0.056 -0.005  0.065  0.141  0.302  0.269  0.359  0.211  0.184  0.012 -0.085 -0.150 -0.403 -0.544 -0.479 -0.264 -0.279 -0.376 -0.202 -0.012 -0.096 -0.072  0.075  0.110  0.031 -0.088 -0.176 -0.255 -0.259 -0.345 -0.400 -0.459 -0.550 -0.592 -0.651 -0.534 -0.376 -0.514 -0.594 -0.685 -0.693 -0.712 -0.638 -0.588 -0.606 -0.450 -0.356 -0.248 -0.462 -0.481 -0.273 -0.205  0.012  0.227  0.248 -0.012 -0.172 -0.438 -0.547 -0.561 -0.572 -0.400 -0.172  0.371  0.724  1.000  0.871
