  0.000  3.833  6.754 10.351 13.135 16.718 19.316 23.038 24.882 22.688 19.831 16.181 13.804 10.323  8.243  5.490  5.464  5.924  7.652 10.830 10.761 13.757 14.466 16.831 14.293 12.262 15.765 16.493 13.636 15.276 18.433 17.140 16.354 19.896 19.658 22.133 23.170 21.803 25.262 25.968 22.605 21.081 17.669 18.371 16.618 18.946 22.000 21.459 21.000 18.417 20.048 19.110 19.414 17.253 13.641 10.871 11.824 15.422 15.075 13.061 10.328  8.309  5.643  7.667  9.919 12.584 13.858 17.224 18.542 22.275 25.295 27.209 30.216 32.264 33.742 34.842
  3.833  0.000  3.830  6.882 10.001 13.389 16.106 19.767 21.375 19.049 16.196 12.497 10.351  6.819  5.705  4.649  6.284  8.476 10.048 13.191 12.225 14.525 14.268 16.558 14.277 11.453 14.427 15.513 12.388 13.150 16.556 15.516 14.021 17.403 16.951 19.561 21.104 20.078 23.595 24.198 20.661 19.373 15.942 16.562 15.022 17.359 20.282 20.216 19.803 17.715 19.780 18.916 19.958 18.042 14.810 11.766 13.595 16.783 15.677 14.082 10.655  8.831  5.614  5.483  7.875  9.791 11.392 14.537 16.011 19.773 22.920 25.171 28.197 30.476 32.094 33.279
  6.754  3.830  0.000  3.822  6.643 10.081 12.978 16.741 18.623 16.327 13.803 10.170  8.502  5.972  5.420  6.485  7.194  9.695 10.352 13.352 11.904 13.248 12.083 14.627 13.092  9.688 12.209 14.112 11.470 11.442 15.168 15.012 13.368 16.247 15.014 17.168 18.832 17.574 20.904 21.109 17.456 15.974 12.451 12.870 11.475 13.974 16.691 16.733 16.335 14.595 17.016 16.489 18.077 16.211 13.472 10.274 12.795 15.360 13.622 12.674  8.916  8.114  6.005  4.832  5.278  6.376  7.595 10.774 12.457 16.167 19.447 21.642 24.688 27.021 28.671 29.898
 10.351  6.882  3.822  0.000  3.826  6.638  9.785 13.432 15.039 12.572 10.177  6.542  5.796  4.671  6.249  8.912 10.269 13.212 13.870 16.612 14.687 15.342 13.347 15.534 14.470 10.705 12.127 14.361 11.834 10.555 14.286 14.625 12.290 14.585 12.923 15.031 17.309 16.500 19.719 19.738 15.990 14.886 11.605 11.864 11.012 13.344 15.630 16.283 15.933 14.968 17.704 17.300 19.560 18.075 15.913 12.897 15.801 17.844 15.600 15.165 11.363 10.957  9.098  6.501  6.079  4.753  6.118  8.445 10.326 13.902 17.279 19.864 22.867 25.444 27.240 28.556
 13.135 10.001  6.643  3.826  0.000  3.822  6.387 10.190 12.397 10.560  8.365  5.621  5.110  6.341  7.446 10.768 11.575 14.662 15.160 17.270 14.771 14.524 11.813 13.535 13.146  9.340  9.639 12.338 10.550  8.401 12.022 13.276 11.146 12.649 10.232 11.728 14.019 13.164 16.202 16.091 12.345 11.563  8.690  9.512  9.866 12.654 14.100 14.574 13.659 13.049 15.658 15.156 17.946 17.020 15.579 13.145 16.564 17.934 15.616 16.106 12.547 13.215 12.142  9.979  8.440  5.856  4.812  5.571  6.668 10.280 13.541 16.266 19.283 21.916 23.806 25.219
 16.718 13.389 10.081  6.638  3.822  0.000  3.829  7.228  9.159  7.134  5.915  4.578  6.388  8.900 10.856 14.362 15.370 18.453 18.781 20.850 18.308 17.637 14.515 15.956 16.115 12.456 11.813 14.637 13.285 10.338 13.406 15.179 12.687 13.227 10.290 11.198 14.089 13.697 16.222 15.653 12.037 11.646  9.490  9.720 10.615 12.752 13.514 14.701 14.053 14.438 17.249 17.103 20.306 19.600 18.645 16.317 19.720 20.688 18.001 18.743 15.333 16.088 15.178 12.510 10.672  7.160  6.148  4.690  5.969  8.641 11.935 14.975 17.814 20.670 22.672 24.148
 19.316 16.106 12.978  9.785  6.387  3.829  0.000  3.855  6.692  6.347  5.331  6.178  7.439 10.836 12.446 16.141 17.092 20.341 20.912 22.458 19.478 18.359 15.049 15.619 16.078 12.845 11.094 13.634 12.909  9.374 11.589 13.988 11.736 11.217  7.806  7.948 11.097 11.292 13.531 13.181  9.933 10.697  9.751 10.886 12.867 15.230 15.196 16.048 14.715 15.276 17.538 16.978 20.447 20.439 19.979 18.255 21.903 22.566 20.134 21.385 18.153 19.294 18.454 16.018 14.227 10.827  9.037  6.430  5.331  7.070  9.517 13.021 15.712 18.634 20.780 22.372
 23.038 19.767 16.741 13.432 10.190  7.228  3.855  0.000  3.866  5.570  6.119  8.723 10.425 14.095 15.893 19.635 20.706 24.008 24.629 26.010 22.901 21.530 18.121 18.224 18.958 16.059 13.732 15.939 15.624 11.877 13.134 15.803 13.594 12.050  8.699  7.899 11.257 12.236 13.705 13.235 10.763 12.340 12.394 13.440 15.806 17.807 17.157 18.224 16.855 17.928 19.972 19.427 23.060 23.418 23.316 21.826 25.502 25.927 23.459 24.923 21.803 23.020 22.197 19.615 17.822 14.268 12.530  9.414  7.902  7.855  9.084 12.773 14.960 17.949 20.173 21.808
 24.882 21.375 18.623 15.039 12.397  9.159  6.692  3.866  0.000  3.840  5.673  9.257 11.637 15.301 17.710 21.477 23.040 26.485 27.305 28.937 25.889 24.809 21.508 21.672 22.106 19.104 16.995 18.900 18.166 14.393 15.463 17.668 14.984 13.275 10.595 10.406 14.017 15.551 16.983 16.649 14.402 15.978 15.861 16.542 18.519 20.119 19.610 21.138 20.141 21.343 23.553 23.043 26.635 26.876 26.557 24.815 28.414 29.063 26.469 27.633 24.351 25.153 23.981 21.017 19.601 16.001 14.995 12.156 11.344 11.284 12.380 15.952 17.786 20.763 22.927 24.475
 22.688 19.049 16.327 12.572 10.560  7.134  6.347  5.570  3.840  0.000  3.807  6.804 10.029 13.301 16.157 19.835 21.576 24.949 25.653 27.705 24.964 24.246 21.045 21.820 21.998 18.612 17.187 19.372 18.085 14.520 16.390 18.162 15.096 14.287 11.733 12.354 16.031 17.052 18.939 18.431 15.607 16.395 15.436 15.543 16.809 18.117 18.155 20.048 19.575 20.697 23.347 23.117 26.575 26.294 25.582 23.378 26.782 27.693 24.899 25.638 22.229 22.641 21.323 18.103 16.840 13.259 12.988 10.715 11.075 11.794 13.880 17.331 19.470 22.495 24.595 26.079
 19.831 16.196 13.803 10.177  8.365  5.915  5.331  6.119  5.673  3.807  0.000  3.828  6.544  9.980 12.854 16.551 18.550 22.086 23.194 25.205 22.367 22.002 19.109 19.761 19.411 16.033 14.890 16.690 14.963 11.525 13.542 14.870 11.611 11.261  9.099 10.690 14.401 15.524 18.012 18.123 15.072 15.951 14.621 15.344 16.480 18.369 18.908 20.329 19.505 19.943 22.390 21.691 24.930 24.678 23.624 21.441 24.894 26.166 23.695 24.245 20.663 20.878 19.186 16.104 15.334 12.104 11.941 10.357 10.434 12.180 14.431 18.026 20.458 23.429 25.543 27.044
 16.181 12.497 10.170  6.542  5.621  4.578  6.178  8.723  9.257  6.804  3.828  0.000  3.818  6.593  9.715 13.284 15.360 18.818 19.921 22.210 19.636 19.702 17.104 18.256 17.526 13.910 13.629 15.542 13.288 10.415 13.246 14.061 10.793 11.678  9.798 11.975 15.296 15.780 18.715 18.872 15.426 15.611 13.472 14.062 14.515 16.549 17.772 19.032 18.392 18.341 20.946 20.286 23.222 22.546 21.047 18.551 21.831 23.439 21.035 21.191 17.489 17.380 15.482 12.402 11.937  9.085  9.538  9.150 10.012 12.714 15.567 18.912 21.636 24.522 26.550 27.997
 13.804 10.351  8.502  5.796  5.110  6.388  7.439 10.425 11.637 10.029  6.544  3.818  0.000  3.838  6.385 10.079 12.289 15.944 17.540 19.562 16.792 17.168 15.005 15.860 14.554 11.120 11.199 12.542  9.845  7.420 10.442 10.715  7.583  9.354  8.115 10.968 13.786 14.194 17.567 18.334 14.934 15.254 13.025 14.419 14.950 17.603 19.031 19.607 18.460 17.662 19.803 18.570 21.187 20.687 18.945 16.716 20.061 21.934 20.051 20.192 16.491 16.414 14.301 11.850 11.846  9.808  9.847 10.136 10.262 13.517 16.145 19.392 22.238 24.955 26.945 28.384
 10.323  6.819  5.972  4.671  6.341  8.900 10.836 14.095 15.301 13.301  9.980  6.593  3.838  0.000  3.816  6.938  9.680 13.235 15.101 17.479 15.155 16.326 14.854 16.168 14.238 10.877 12.194 13.247  9.946  8.922 12.181 11.524  8.811 11.673 11.158 14.162 16.485 16.456 20.023 20.868 17.375 17.143 14.358 15.542 15.274 17.883 19.955 20.356 19.454 18.120 20.258 19.023 21.096 20.134 17.775 15.232 18.176 20.592 18.976 18.488 14.742 14.009 11.366  9.198 10.195  9.394 10.297 11.871 12.603 16.199 19.064 22.019 24.965 27.554 29.431 30.785
  8.243  5.705  5.420  6.249  7.446 10.856 12.446 15.893 17.710 16.157 12.854  9.715  6.385  3.816  0.000  3.813  6.160  9.886 12.121 14.111 11.644 13.131 12.256 13.451 11.031  8.032 10.144 10.764  7.323  7.712 10.981 10.019  8.488 11.836 11.565 14.357 15.848 15.314 19.000 20.132 16.795 16.413 13.625 15.340 15.144 18.189 20.290 20.002 18.695 16.693 18.310 16.677 18.289 17.411 14.862 12.705 15.639 18.177 17.155 16.785 13.297 12.919 10.590  9.709 10.583 10.593 10.739 12.694 12.917 16.663 19.308 21.914 24.902 27.243 29.011 30.319
  5.490  4.649  6.485  8.912 10.768 14.362 16.141 19.635 21.477 19.835 16.551 13.284 10.079  6.938  3.813  0.000  3.827  7.137 10.069 12.102 10.272 12.764 12.977 14.326 11.335  9.186 12.164 12.223  8.848 10.553 13.398 11.777 11.043 14.679 14.888 17.643 18.667 17.857 21.528 22.792 19.587 18.910 15.989 17.618 16.948 19.910 22.355 21.761 20.546 18.046 19.352 17.624 18.476 17.303 14.212 12.146 14.396 17.449 17.048 16.143 13.008 12.139  9.619  9.939 11.554 12.710 13.169 15.687 16.073 19.842 22.466 24.785 27.769 29.925 31.566 32.785
  5.464  6.284  7.194 10.269 11.575 15.370 17.092 20.706 23.040 21.576 18.550 15.360 12.289  9.680  6.160  3.827  0.000  3.818  6.672  8.356  6.583  9.391 10.252 11.905  8.997  7.433 11.055 11.328  8.820 11.172 13.983 12.916 13.027 16.378 16.147 18.300 18.703 17.183 20.637 21.740 18.692 17.583 14.676 16.393 15.685 18.805 21.185 20.031 18.649 15.702 16.618 14.897 15.247 13.887 10.639  8.926 11.074 14.070 14.172 13.502 10.869 10.737  9.303 10.738 11.535 13.082 12.872 15.576 15.814 19.470 21.980 23.803 26.767 28.657 30.143 31.290
  5.924  8.476  9.695 13.212 14.662 18.453 20.341 24.008 26.485 24.949 22.086 18.818 15.944 13.235  9.886  7.137  3.818  0.000  3.877  5.439  5.441  9.045 11.012 12.972 10.303  9.705 13.507 13.765 11.904 14.568 17.186 16.162 16.666 19.964 19.684 21.573 21.617 19.683 22.889 23.833 20.958 19.421 16.499 17.934 16.818 19.704 22.250 20.739 19.533 16.248 16.818 15.343 14.804 12.961  9.308  7.963  8.866 12.205 13.118 12.046 10.334 10.209  9.588 12.171 12.923 15.181 15.006 18.003 18.424 21.931 24.413 25.804 28.700 30.342 31.645 32.676
  7.652 10.048 10.352 13.870 15.160 18.781 20.912 24.629 27.305 25.653 23.194 19.921 17.540 15.101 12.121 10.069  6.672  3.877  0.000  3.840  5.543  8.321 10.228 12.977 11.305 10.623 14.318 15.358 14.111 16.355 19.211 18.825 19.234 22.267 21.402 22.839 22.813 20.383 23.248 23.639 20.772 18.617 15.574 16.452 14.918 17.506 20.109 18.372 17.508 14.179 14.862 14.142 13.345 10.711  6.891  5.159  5.081  8.627  9.715  8.488  7.575  8.159  9.012 12.107 12.051 14.616 14.260 17.442 18.214 21.480 24.067 25.009 27.848 29.329 30.482 31.430
 10.830 13.191 13.352 16.612 17.270 20.850 22.458 26.010 28.937 27.705 25.205 22.210 19.562 17.479 14.111 12.102  8.356  5.439  3.840  0.000  3.839  6.523  9.608 11.637 10.063 10.713 14.159 14.686 14.201 16.924 19.220 18.924 20.057 22.869 22.128 23.235 22.572 19.922 22.523 23.154 20.755 18.781 16.303 17.716 16.785 19.613 21.751 19.469 18.046 14.380 14.052 12.819 11.153  9.021  5.550  6.238  6.015  8.433 10.696 10.493 10.398 11.734 12.788 15.718 15.378 17.524 16.509 19.240 19.359 22.370 24.483 25.102 27.794 28.968 29.991 30.880
 10.761 12.225 11.904 14.687 14.771 18.308 19.478 22.901 25.889 24.964 22.367 19.636 16.792 15.155 11.644 10.272  6.583  5.441  5.543  3.839  0.000  3.845  6.805  8.314  6.297  7.130 10.512 10.869 10.560 13.338 15.470 15.358 16.671 19.290 18.550 19.593 18.832 16.300 19.054 19.974 17.594 16.064 13.821 15.874 15.634 18.922 20.718 18.491 16.537 12.910 12.491 10.508  9.570  8.375  5.398  6.244  8.093  9.968 11.442 12.000 10.948 12.588 13.108 15.286 14.744 16.166 14.685 16.965 16.546 19.586 21.499 22.370 25.109 26.408 27.580 28.581
 13.757 14.525 13.248 15.342 14.524 17.637 18.359 21.530 24.809 24.246 22.002 19.702 17.168 16.326 13.131 12.764  9.391  9.045  8.321  6.523  3.845  0.000  3.834  5.253  5.075  6.413  8.801  9.793 10.703 12.905 14.803 15.596 17.079 19.068 17.783 18.101 16.940 13.920 16.203 16.841 14.769 13.119 11.431 13.778 14.212 17.637 18.814 16.199 13.758 10.073  8.998  6.730  5.942  5.423  4.105  6.336  8.863  9.255 10.509 12.273 11.506 14.063 15.136 16.880 15.507 16.259 13.971 15.611 14.702 17.258 18.799 19.255 21.882 22.978 24.078 25.080
 14.466 14.268 12.083 13.347 11.813 14.515 15.049 18.121 21.508 21.045 19.109 17.104 15.005 14.854 12.256 12.977 10.252 11.012 10.228  9.608  6.805  3.834  0.000  3.846  5.396  4.966  6.359  8.711  9.871 10.968 13.170 14.732 15.727 17.271 15.358 15.299 14.426 11.231 13.475 13.662 11.248  9.392  7.652 10.276 11.306 14.926 15.722 13.262 10.555  7.169  6.779  4.731  6.310  6.054  5.872  6.753 10.195 10.119 10.024 12.321 10.968 13.854 14.933 15.910 13.927 13.888 11.044 12.146 11.028 13.461 15.101 15.662 18.428 19.759 21.024 22.163
 16.831 16.558 14.627 15.534 13.535 15.956 15.619 18.224 21.672 21.820 19.761 18.256 15.860 16.168 13.451 14.326 11.905 12.972 12.977 11.637  8.314  5.253  3.846  0.000  3.848  5.454  5.166  6.360  8.841 10.183 11.299 13.106 14.865 15.922 14.309 13.882 12.177  8.958 11.063 12.076 10.415  9.752  9.327 12.669 14.452 18.127 18.449 15.948 12.719  9.753  8.289  4.751  6.320  8.077  8.670 10.312 13.520 13.332 13.671 16.062 14.733 17.429 18.118 18.900 17.171 16.744 13.735 14.091 11.996 14.007 14.796 15.374 17.924 19.065 20.357 21.535
 14.293 14.277 13.092 14.470 13.146 16.115 16.078 18.958 22.106 21.998 19.411 17.526 14.554 14.238 11.031 11.335  8.997 10.303 11.305 10.063  6.297  5.075  5.396  3.848  0.000  3.860  5.371  4.918  6.268  8.859 10.081 10.810 12.783 14.551 13.722 14.251 12.909 10.506 13.361 14.965 12.983 12.630 11.478 14.691 15.902 19.631 20.552 18.396 15.544 12.424 11.545  8.291  8.923  9.916  9.038 10.169 13.261 14.108 14.714 16.297 14.575 16.582 16.621 17.554 16.580 16.581 14.214 15.165 13.421 16.092 17.254 18.416 21.065 22.433 23.810 24.981
 12.262 11.453  9.688 10.705  9.340 12.456 12.845 16.059 19.104 18.612 16.033 13.910 11.120 10.877  8.032  9.186  7.433  9.705 10.623 10.713  7.130  6.413  4.966  5.454  3.860  0.000  3.843  5.426  5.140  6.644  9.200 10.153 10.978 12.977 11.649 12.562 12.239 10.067 13.342 14.451 11.658 11.016  9.047 12.018 13.025 16.759 17.912 16.283 13.813 11.076 11.418  9.007 10.668 10.720  9.352  9.032 12.630 13.813 13.473 14.771 12.348 14.139 13.904 14.280 13.175 12.878 10.629 11.754 10.446 13.610 15.434 17.072 19.973 21.762 23.323 24.595
 15.765 14.427 12.209 12.127  9.639 11.813 11.094 13.732 16.995 17.187 14.890 13.629 11.199 12.194 10.144 12.164 11.055 13.507 14.318 14.159 10.512  8.801  6.359  5.166  5.371  3.843  0.000  3.843  5.446  5.290  7.013  9.310 10.306 11.182  9.304  9.357  8.625  6.303  9.667 11.039  8.462  8.815  8.022 11.614 13.656 17.399 17.807 16.234 13.290 11.219 11.294  8.647 11.217 12.219 11.935 12.027 15.750 16.287 15.653 17.518 15.145 17.213 17.039 16.840 15.343 14.138 11.299 11.135  8.690 11.271 12.440 14.239 17.052 18.894 20.594 21.991
 16.493 15.513 14.112 14.361 12.338 14.637 13.634 15.939 18.900 19.372 16.690 15.542 12.542 13.247 10.764 12.223 11.328 13.765 15.358 14.686 10.869  9.793  8.711  6.360  4.918  5.426  3.843  0.000  3.847  5.437  5.384  6.884  9.184 10.153  9.534 10.052  8.622  7.258 10.630 13.027 11.218 12.250 11.819 15.423 17.329 21.083 21.609 19.959 16.931 14.617 14.098 10.835 12.570 14.078 13.576 14.130 17.577 18.433 18.403 20.029 17.730 19.460 18.886 18.902 18.026 17.131 14.690 14.684 12.173 14.601 15.281 17.126 19.680 21.334 22.976 24.310
 13.636 12.388 11.470 11.834 10.550 13.285 12.909 15.624 18.166 18.085 14.963 13.288  9.845  9.946  7.323  8.848  8.820 11.904 14.111 14.201 10.560 10.703  9.871  8.841  6.268  5.140  5.446  3.847  0.000  3.855  5.349  5.127  6.585  8.856  8.835 10.698 10.551  9.947 13.632 15.754 13.317 14.013 12.672 15.836 17.117 20.768 21.849 20.656 18.128 15.817 16.042 13.202 14.827 15.499 14.084 13.755 17.135 18.719 18.464 19.398 16.634 17.670 16.449 16.249 15.999 15.336 13.636 14.213 12.431 15.500 16.880 19.188 21.928 23.886 25.613 26.953
 15.276 13.150 11.442 10.555  8.401 10.338  9.374 11.877 14.393 14.520 11.525 10.415  7.420  8.922  7.712 10.553 11.172 14.568 16.355 16.924 13.338 12.905 10.968 10.183  8.859  6.644  5.290  5.437  3.855  0.000  3.850  5.475  5.192  6.467  5.317  7.359  8.256  8.293 12.032 13.872 11.169 12.327 11.220 14.281 15.967 19.472 20.221 19.499 17.072 15.498 16.259 13.871 16.314 16.974 15.934 15.176 18.842 20.150 19.209 20.327 17.273 18.369 17.113 16.109 15.471 13.931 12.066 11.824  9.758 12.679 14.088 16.867 19.616 21.875 23.781 25.235
 18.433 16.556 15.168 14.286 12.022 13.406 11.589 13.134 15.463 16.390 13.542 13.246 10.442 12.181 10.981 13.398 13.983 17.186 19.211 19.220 15.470 14.803 13.170 11.299 10.081  9.200  7.013  5.384  5.349  3.850  0.000  3.850  5.371  4.955  5.070  6.542  6.385  7.607 11.039 13.725 11.922 13.976 13.782 17.155 19.268 22.804 23.192 22.287 19.502 17.976 18.121 15.276 17.581 18.948 18.311 18.155 21.769 22.877 22.262 23.631 20.777 21.999 20.750 19.844 19.284 17.670 15.642 14.925 12.253 14.452 14.941 17.656 20.062 22.125 24.018 25.471
 17.140 15.516 15.012 14.625 13.276 15.179 13.988 15.803 17.668 18.162 14.870 14.061 10.715 11.524 10.019 11.777 12.916 16.162 18.825 18.924 15.358 15.596 14.732 13.106 10.810 10.153  9.310  6.884  5.127  5.475  3.850  0.000  3.844  5.367  7.422  9.927 10.056 11.235 14.691 17.445 15.516 17.201 16.452 19.650 21.233 24.760 25.626 24.777 22.196 20.306 20.491 17.514 19.283 20.372 19.124 18.805 22.147 23.800 23.466 24.326 21.373 22.054 20.313 19.573 19.739 18.643 17.243 17.198 15.085 17.716 18.560 21.309 23.771 25.826 27.664 29.046
 16.354 14.021 13.368 12.290 11.146 12.687 11.736 13.594 14.984 15.096 11.611 10.793  7.583  8.811  8.488 11.043 13.027 16.666 19.234 20.057 16.671 17.079 15.727 14.865 12.783 10.978 10.306  9.184  6.585  5.192  5.371  3.844  0.000  3.847  5.857  9.348 10.896 12.351 15.894 18.132 15.704 17.233 16.085 18.815 20.156 23.423 24.442 24.138 21.978 20.490 21.356 18.875 21.033 21.630 20.142 19.120 22.533 24.375 23.509 24.078 20.765 21.068 18.980 17.602 17.937 16.526 15.625 15.533 13.923 16.721 18.036 21.180 23.748 26.118 28.071 29.502
 19.896 17.403 16.247 14.585 12.649 13.227 11.217 12.050 13.275 14.287 11.261 11.678  9.354 11.673 11.836 14.679 16.378 19.964 22.267 22.869 19.290 19.068 17.271 15.922 14.551 12.977 11.182 10.153  8.856  6.467  4.955  5.367  3.847  0.000  3.839  6.929  8.700 11.159 14.236 16.643 14.717 16.974 16.591 19.453 21.369 24.575 25.058 24.833 22.469 21.429 22.153 19.671 22.190 23.231 22.289 21.525 25.131 26.560 25.536 26.519 23.269 23.920 22.081 20.461 20.346 18.365 17.039 16.085 13.875 15.949 16.599 19.875 22.156 24.529 26.546 28.028
 19.658 16.951 15.014 12.923 10.232 10.290  7.806  8.699 10.595 11.733  9.099  9.798  8.115 11.158 11.565 14.888 16.147 19.684 21.402 22.128 18.550 17.783 15.358 14.309 13.722 11.649  9.304  9.534  8.835  5.317  5.070  7.422  5.857  3.839  0.000  3.819  6.647  8.738 11.752 13.588 11.367 13.614 13.394 16.149 18.345 21.471 21.654 21.519 19.191 18.544 19.517 17.432 20.375 21.323 20.716 19.854 23.611 24.668 23.291 24.565 21.367 22.385 20.970 19.200 18.441 16.030 14.267 12.788 10.331 12.200 12.937 16.310 18.696 21.205 23.294 24.848
 22.133 19.561 17.168 15.031 11.728 11.198  7.948  7.899 10.406 12.354 10.690 11.975 10.968 14.162 14.357 17.643 18.300 21.573 22.839 23.235 19.593 18.101 15.299 13.882 14.251 12.562  9.357 10.052 10.698  7.359  6.542  9.927  9.348  6.929  3.819  0.000  3.900  6.398  8.621 10.356  8.732 11.686 12.479 15.381 18.198 21.276 20.820 20.497 17.878 17.639 18.324 16.370 19.600 20.955 21.021 20.563 24.394 24.879 23.449 25.247 22.346 23.900 23.008 21.356 19.997 17.313 14.899 12.677  9.475 10.268 10.056 13.312 15.467 17.907 20.046 21.682
 23.170 21.104 18.832 17.309 14.019 14.089 11.097 11.257 14.017 16.031 14.401 15.296 13.786 16.485 15.848 18.667 18.703 21.617 22.813 22.572 18.832 16.940 14.426 12.177 12.909 12.239  8.625  8.622 10.551  8.256  6.385 10.056 10.896  8.700  6.647  3.900  0.000  3.862  5.773  8.637  8.080 11.382 12.853 16.241 19.306 22.610 21.959 21.001 17.896 17.291 17.164 14.743 17.726 19.688 20.198 20.446 24.205 24.377 23.423 25.574 23.056 24.991 24.428 23.309 21.824 19.489 16.664 14.638 11.050 11.544 10.538 13.011 14.928 16.901 18.903 20.502
 21.803 20.078 17.574 16.500 13.164 13.697 11.292 12.236 15.551 17.052 15.524 15.780 14.194 16.456 15.314 17.857 17.183 19.683 20.383 19.922 16.300 13.920 11.231  8.958 10.506 10.067  6.303  7.258  9.947  8.293  7.607 11.235 12.351 11.159  8.738  6.398  3.862  0.000  3.852  6.388  5.498  8.351 10.031 13.644 16.787 20.203 19.496 18.071 14.734 13.882 13.464 11.047 14.130 16.152 17.005 17.551 21.241 21.066 20.224 22.656 20.477 22.809 22.747 22.036 20.182 18.110 14.890 13.098  9.450 10.037  9.237 11.039 13.273 15.044 16.948 18.541
 25.262 23.595 20.904 19.719 16.202 16.222 13.531 13.705 16.983 18.939 18.012 18.715 17.567 20.023 19.000 21.528 20.637 22.889 23.248 22.523 19.054 16.203 13.475 11.063 13.361 13.342  9.667 10.630 13.632 12.032 11.039 14.691 15.894 14.236 11.752  8.621  5.773  3.852  0.000  3.852  5.536  8.804 11.626 14.935 18.440 21.589 20.257 18.675 15.190 14.884 14.009 11.965 15.049 17.493 19.050 19.968 23.524 22.798 21.964 24.792 22.960 25.608 25.890 25.203 23.023 20.786 17.331 15.080 11.332 10.638  8.535  9.401 10.966 12.326 14.215 15.887
 25.968 24.198 21.109 19.738 16.091 15.653 13.181 13.235 16.649 18.431 18.123 18.872 18.334 20.868 20.132 22.792 21.740 23.833 23.639 23.154 19.974 16.841 13.662 12.076 14.965 14.451 11.039 13.027 15.754 13.872 13.725 17.445 18.132 16.643 13.588 10.356  8.637  6.388  3.852  0.000  3.840  6.645 10.170 12.879 16.599 19.377 17.550 16.028 12.670 13.160 12.620 11.592 15.026 17.100 19.007 19.733 23.195 22.050 20.803 23.855 22.229 25.111 25.788 25.006 22.370 19.940 16.306 13.689 10.165  8.457  5.830  5.737  7.493  9.041 11.134 13.044
 22.605 20.661 17.456 15.990 12.345 12.037  9.933 10.763 14.402 15.607 15.072 15.426 14.934 17.375 16.795 19.587 18.692 20.958 20.772 20.755 17.594 14.769 11.248 10.415 12.983 11.658  8.462 11.218 13.317 11.169 11.922 15.516 15.704 14.717 11.367  8.732  8.080  5.498  5.536  3.840  0.000  3.822  6.769  9.680 13.318 16.286 14.894 13.640 10.451 10.809 11.158 10.285 14.028 15.421 16.760 16.903 20.514 19.739 18.159 20.922 18.965 21.661 22.199 21.270 18.646 16.167 12.565 10.016  6.437  5.494  4.570  6.024  8.943 11.105 13.202 15.005
 21.081 19.373 15.974 14.886 11.563 11.646 10.697 12.340 15.978 16.395 15.951 15.611 15.254 17.143 16.413 18.910 17.583 19.421 18.617 18.781 16.064 13.119  9.392  9.752 12.630 11.016  8.815 12.250 14.013 12.327 13.976 17.201 17.233 16.974 13.614 11.686 11.382  8.351  8.804  6.645  3.822  0.000  3.818  6.397 10.042 12.995 11.638  9.991  6.698  7.206  8.175  8.362 12.169 12.859 14.295 14.249 17.671 16.604 14.754 17.667 16.003 18.976 20.021 19.370 16.370 14.189 10.405  8.340  5.746  5.349  6.202  6.488  9.636 11.594 13.400 15.040
 17.669 15.942 12.451 11.605  8.690  9.490  9.751 12.394 15.861 15.436 14.621 13.472 13.025 14.358 13.625 15.989 14.676 16.499 15.574 16.303 13.821 11.431  7.652  9.327 11.478  9.047  8.022 11.819 12.672 11.220 13.782 16.452 16.085 16.591 13.394 12.479 12.853 10.031 11.626 10.170  6.769  3.818  0.000  3.831  6.896 10.333  9.988  8.574  5.958  5.642  7.961  8.406 11.902 11.572 12.129 11.274 14.774 14.210 12.002 14.482 12.450 15.265 16.277 15.655 12.617 10.676  6.883  5.805  4.566  6.347  8.860  9.815 12.925 14.996 16.668 18.109
 18.371 16.562 12.870 11.864  9.512  9.720 10.886 13.440 16.542 15.543 15.344 14.062 14.419 15.542 15.340 17.618 16.393 17.934 16.452 17.716 15.874 13.778 10.276 12.669 14.691 12.018 11.614 15.423 15.836 14.281 17.155 19.650 18.815 19.453 16.149 15.381 16.241 13.644 14.935 12.879  9.680  6.397  3.831  0.000  3.822  6.723  6.243  5.472  4.486  5.816  9.275 10.988 14.120 12.984 13.418 11.909 14.907 14.139 11.144 13.425 11.580 14.357 15.803 14.985 11.443  9.406  5.944  5.102  6.170  7.235 10.301 10.856 13.704 15.803 17.342 18.659
 16.618 15.022 11.475 11.012  9.866 10.615 12.867 15.806 18.519 16.809 16.480 14.515 14.950 15.274 15.144 16.948 15.685 16.818 14.918 16.785 15.634 14.212 11.306 14.452 15.902 13.025 13.656 17.329 17.117 15.967 19.268 21.233 20.156 21.369 18.345 18.198 19.306 16.787 18.440 16.599 13.318 10.042  6.896  3.822  0.000  3.849  5.563  5.468  6.500  7.044 10.846 12.857 15.324 13.272 12.962 10.634 13.061 12.648  9.143 10.671  8.795 11.345 13.166 12.535  8.768  7.530  5.196  6.505  8.998 10.668 13.975 14.566 17.274 19.265 20.626 21.761
 18.946 17.359 13.974 13.344 12.654 12.752 15.230 17.807 20.119 18.117 18.369 16.549 17.603 17.883 18.189 19.910 18.805 19.704 17.506 19.613 18.922 17.637 14.926 18.127 19.631 16.759 17.399 21.083 20.768 19.472 22.804 24.760 23.423 24.575 21.471 21.276 22.610 20.203 21.589 19.377 16.286 12.995 10.333  6.723  3.849  0.000  3.849  5.611  8.429  9.878 13.615 16.142 18.420 16.113 15.882 13.425 15.135 14.507 10.734 11.774 10.503 12.571 14.664 13.854 10.087  9.025  7.942  8.933 11.896 12.903 16.152 16.451 18.819 20.719 21.926 22.928
 22.000 20.282 16.691 15.630 14.100 13.514 15.196 17.157 19.610 18.155 18.908 17.772 19.031 19.955 20.290 22.355 21.185 22.250 20.109 21.751 20.718 18.814 15.722 18.449 20.552 17.912 17.807 21.609 21.849 20.221 23.192 25.626 24.442 25.058 21.654 20.820 21.959 19.496 20.257 17.550 14.894 11.638  9.988  6.243  5.563  3.849  0.000  3.822  6.884  9.661 13.134 15.939 18.570 16.822 17.387 15.564 17.529 16.281 12.708 14.559 13.578 16.040 18.100 17.174 13.375 11.656  9.728  9.247 11.475 11.346 14.105 13.854 15.908 17.697 18.865 19.890
 21.459 20.216 16.733 16.283 14.574 14.701 16.048 18.224 21.138 20.048 20.329 19.032 19.607 20.356 20.002 21.761 20.031 20.739 18.372 19.469 18.491 16.199 13.262 15.948 18.396 16.283 16.234 19.959 20.656 19.499 22.287 24.777 24.138 24.833 21.519 20.497 21.001 18.071 18.675 16.028 13.640  9.991  8.574  5.472  5.468  5.611  3.822  0.000  3.825  6.510  9.707 12.857 15.251 13.572 14.646 13.457 15.374 13.568 10.343 12.971 12.543 15.660 18.091 17.838 14.059 12.855 10.262 10.081 11.437 11.437 13.769 12.952 15.055 16.462 17.470 18.457
 21.000 19.803 16.335 15.933 13.659 14.053 14.715 16.855 20.141 19.575 19.505 18.392 18.460 19.454 18.695 20.546 18.649 19.533 17.508 18.046 16.537 13.758 10.555 12.719 15.544 13.813 13.290 16.931 18.128 17.072 19.502 22.196 21.978 22.469 19.191 17.878 17.896 14.734 15.190 12.670 10.451  6.698  5.958  4.486  6.500  8.429  6.884  3.825  0.000  3.823  6.607  9.495 12.300 11.352 12.935 12.454 14.935 13.055 10.483 13.660 13.006 16.402 18.547 18.425 14.838 13.457 10.128  9.474  9.573  9.522 11.370 10.409 12.781 14.135 15.275 16.435
 18.417 17.715 14.595 14.968 13.049 14.438 15.276 17.928 21.343 20.697 19.943 18.341 17.662 18.120 16.693 18.046 15.702 16.248 14.179 14.380 12.910 10.073  7.169  9.753 12.424 11.076 11.219 14.617 15.817 15.498 17.976 20.306 20.490 21.429 18.544 17.639 17.291 13.882 14.884 13.160 10.809  7.206  5.642  5.816  7.044  9.878  9.661  6.510  3.823  0.000  3.839  6.531  8.965  7.691  9.186  9.106 11.719  9.927  7.964 11.357 10.816 14.428 16.609 17.097 13.853 13.198  9.915 10.284 10.120 11.175 13.056 12.490 15.052 16.253 17.321 18.401
 20.048 19.780 17.016 17.704 15.658 17.249 17.538 19.972 23.553 23.347 22.390 20.946 19.803 20.258 18.310 19.352 16.618 16.818 14.862 14.052 12.491  8.998  6.779  8.289 11.545 11.418 11.294 14.098 16.042 16.259 18.121 20.491 21.356 22.153 19.517 18.324 17.164 13.464 14.009 12.620 11.158  8.175  7.961  9.275 10.846 13.615 13.134  9.707  6.607  3.839  0.000  3.842  5.845  5.776  8.630 10.095 12.425 10.145  9.572 13.214 13.222 16.900 19.068 19.959 17.024 16.575 13.231 13.409 12.386 13.145 14.136 13.064 15.316 15.940 16.763 17.740
 19.110 18.916 16.489 17.300 15.156 17.103 16.978 19.427 23.043 23.117 21.691 20.286 18.570 19.023 16.677 17.624 14.897 15.343 14.142 12.819 10.508  6.730  4.731  4.751  8.291  9.007  8.647 10.835 13.202 13.871 15.276 17.514 18.875 19.671 17.432 16.370 14.743 11.047 11.965 11.592 10.285  8.362  8.406 10.988 12.857 16.142 15.939 12.857  9.495  6.531  3.842  0.000  3.855  5.654  8.098 10.142 12.903 11.412 11.543 14.749 14.248 17.612 19.197 20.117 17.669 17.214 13.869 14.026 12.291 13.486 14.160 13.661 16.017 16.739 17.737 18.802
 19.414 19.958 18.077 19.560 17.946 20.306 20.447 23.060 26.635 26.575 24.930 23.222 21.187 21.096 18.289 18.476 15.247 14.804 13.345 11.153  9.570  5.942  6.310  6.320  8.923 10.668 11.217 12.570 14.827 16.314 17.581 19.283 21.033 22.190 20.375 19.600 17.726 14.130 15.049 15.026 14.028 12.169 11.902 14.120 15.324 18.420 18.570 15.251 12.300  8.965  5.845  3.855  0.000  3.816  6.805 10.018 11.866 10.148 11.532 14.560 14.799 18.109 19.924 21.499 19.360 19.577 16.581 17.316 15.889 17.278 17.959 17.279 19.411 19.796 20.527 21.377
 17.253 18.042 16.211 18.075 17.020 19.600 20.439 23.418 26.876 26.294 24.678 22.546 20.687 20.134 17.411 17.303 13.887 12.961 10.711  9.021  8.375  5.423  6.054  8.077  9.916 10.720 12.219 14.078 15.499 16.974 18.948 20.372 21.630 23.231 21.323 20.955 19.688 16.152 17.493 17.100 15.421 12.859 11.572 12.984 13.272 16.113 16.822 13.572 11.352  7.691  5.776  5.654  3.816  0.000  3.837  6.956  8.333  6.364  7.925 10.868 11.525 14.918 17.141 19.030 16.851 17.588 14.988 16.408 15.825 17.593 18.980 18.451 20.782 21.411 22.160 22.980
 13.641 14.810 13.472 15.913 15.579 18.645 19.979 23.316 26.557 25.582 23.624 21.047 18.945 17.775 14.862 14.212 10.639  9.308  6.891  5.550  5.398  4.105  5.872  8.670  9.038  9.352 11.935 13.576 14.084 15.934 18.311 19.124 20.142 22.289 20.716 21.021 20.198 17.005 19.050 19.007 16.760 14.295 12.129 13.418 12.962 15.882 17.387 14.646 12.935  9.186  8.630  8.098  6.805  3.837  0.000  3.825  5.291  5.188  6.989  8.749  8.982 11.904 13.876 16.125 14.473 15.820 13.854 16.020 15.935 18.397 20.320 20.416 23.007 24.014 24.947 25.830
 10.871 11.766 10.274 12.897 13.145 16.317 18.255 21.826 24.815 23.378 21.441 18.551 16.716 15.232 12.705 12.146  8.926  7.963  5.159  6.238  6.244  6.336  6.753 10.312 10.169  9.032 12.027 14.130 13.755 15.176 18.155 18.805 19.120 21.525 19.854 20.563 20.446 17.551 19.968 19.733 16.903 14.249 11.274 11.909 10.634 13.425 15.564 13.457 12.454  9.106 10.095 10.142 10.018  6.956  3.825  0.000  3.856  5.492  5.506  6.172  5.344  8.200 10.232 12.445 10.791 12.517 11.132 13.918 14.619 17.465 19.988 20.521 23.304 24.697 25.799 26.757
 11.824 13.595 12.795 15.801 16.564 19.720 21.903 25.502 28.414 26.782 24.894 21.831 20.061 18.176 15.639 14.396 11.074  8.866  5.081  6.015  8.093  8.863 10.195 13.520 13.261 12.630 15.750 17.577 17.135 18.842 21.769 22.147 22.533 25.131 23.611 24.394 24.205 21.241 23.524 23.195 20.514 17.671 14.774 14.907 13.061 15.135 17.529 15.374 14.935 11.719 12.425 12.903 11.866  8.333  5.291  3.856  0.000  3.856  5.425  4.664  5.993  8.238 10.913 13.896 12.622 15.051 14.222 17.241 18.260 20.979 23.516 23.776 26.435 27.628 28.549 29.372
 15.422 16.783 15.360 17.844 17.934 20.688 22.566 25.927 29.063 27.693 26.166 23.439 21.934 20.592 18.177 17.449 14.070 12.205  8.627  8.433  9.968  9.255 10.119 13.332 14.108 13.813 16.287 18.433 18.719 20.150 22.877 23.800 24.375 26.560 24.668 24.879 24.377 21.066 22.798 22.050 19.739 16.604 14.210 14.139 12.648 14.507 16.281 13.568 13.055  9.927 10.145 11.412 10.148  6.364  5.188  5.492  3.856  0.000  3.835  5.490  7.860 10.972 14.054 16.626 14.631 16.486 15.000 17.483 18.263 20.413 22.631 22.298 24.734 25.603 26.322 27.049
 15.075 15.677 13.622 15.600 15.616 18.001 20.134 23.459 26.469 24.899 23.695 21.035 20.051 18.976 17.155 17.048 14.172 13.118  9.715 10.696 11.442 10.509 10.024 13.671 14.714 13.473 15.653 18.403 18.464 19.209 22.262 23.466 23.509 25.536 23.291 23.449 23.423 20.224 21.964 20.803 18.159 14.754 12.002 11.144  9.143 10.734 12.708 10.343 10.483  7.964  9.572 11.543 11.532  7.925  6.989  5.506  5.425  3.835  0.000  3.853  5.642  9.246 12.556 14.516 11.927 13.488 12.047 14.548 15.856 17.920 20.478 20.278 22.790 23.928 24.771 25.573
 13.061 14.082 12.674 15.165 16.106 18.743 21.385 24.923 27.633 25.638 24.245 21.191 20.192 18.488 16.785 16.143 13.502 12.046  8.488 10.493 12.000 12.273 12.321 16.062 16.297 14.771 17.518 20.029 19.398 20.327 23.631 24.326 24.078 26.519 24.565 25.247 25.574 22.656 24.792 23.855 20.922 17.667 14.482 13.425 10.671 11.774 14.559 12.971 13.660 11.357 13.214 14.749 14.560 10.868  8.749  6.172  4.664  5.490  3.853  0.000  3.845  6.387 10.025 12.532 10.595 13.112 12.754 15.912 17.762 20.243 23.148 23.347 25.965 27.305 28.225 29.030
 10.328 10.655  8.916 11.363 12.547 15.333 18.153 21.803 24.351 22.229 20.663 17.489 16.491 14.742 13.297 13.008 10.869 10.334  7.575 10.398 10.948 11.506 10.968 14.733 14.575 12.348 15.145 17.730 16.634 17.273 20.777 21.373 20.765 23.269 21.367 22.346 23.056 20.477 22.960 22.229 18.965 16.003 12.450 11.580  8.795 10.503 13.578 12.543 13.006 10.816 13.222 14.248 14.799 11.525  8.982  5.344  5.993  7.860  5.642  3.845  0.000  3.832  6.985  9.033  7.007  9.603  9.557 13.037 15.071 17.945 21.101 21.863 24.674 26.368 27.533 28.486
  8.309  8.831  8.114 10.957 13.215 16.088 19.294 23.020 25.153 22.641 20.878 17.380 16.414 14.009 12.919 12.139 10.737 10.209  8.159 11.734 12.588 14.063 13.854 17.429 16.582 14.139 17.213 19.460 17.670 18.369 21.999 22.054 21.068 23.920 22.385 23.900 24.991 22.809 25.608 25.111 21.661 18.976 15.265 14.357 11.345 12.571 16.040 15.660 16.402 14.428 16.900 17.612 18.109 14.918 11.904  8.200  8.238 10.972  9.246  6.387  3.832  0.000  3.836  6.597  6.056  9.647 10.957 14.735 17.125 20.273 23.641 24.798 27.671 29.553 30.806 31.777
  5.643  5.614  6.005  9.098 12.142 15.178 18.454 22.197 23.981 21.323 19.186 15.482 14.301 11.366 10.590  9.619  9.303  9.588  9.012 12.788 13.108 15.136 14.933 18.118 16.621 13.904 17.039 18.886 16.449 17.113 20.750 20.313 18.980 22.081 20.970 23.008 24.428 22.747 25.890 25.788 22.199 20.021 16.277 15.803 13.166 14.664 18.100 18.091 18.547 16.609 19.068 19.197 19.924 17.141 13.876 10.232 10.913 14.054 12.556 10.025  6.985  3.836  0.000  3.843  5.584  9.162 11.212 14.966 17.281 20.745 24.170 25.846 28.813 30.923 32.343 33.402
  7.667  5.483  4.832  6.501  9.979 12.510 16.018 19.615 21.017 18.103 16.104 12.402 11.850  9.198  9.709  9.939 10.738 12.171 12.107 15.718 15.286 16.880 15.910 18.900 17.554 14.280 16.840 18.902 16.249 16.109 19.844 19.573 17.602 20.461 19.200 21.356 23.309 22.036 25.203 25.006 21.270 19.370 15.655 14.985 12.535 13.854 17.174 17.838 18.425 17.097 19.959 20.117 21.499 19.030 16.125 12.445 13.896 16.626 14.516 12.532  9.033  6.597  3.843  0.000  3.841  6.638  9.579 13.067 15.701 19.121 22.691 24.738 27.703 30.062 31.628 32.766
  9.919  7.875  5.278  6.079  8.440 10.672 14.227 17.822 19.601 16.840 15.334 11.937 11.846 10.195 10.583 11.554 11.535 12.923 12.051 15.378 14.744 15.507 13.927 17.171 16.580 13.175 15.343 18.026 15.999 15.471 19.284 19.739 17.937 20.346 18.441 19.997 21.824 20.182 23.023 22.370 18.646 16.370 12.617 11.443  8.768 10.087 13.375 14.059 14.838 13.853 17.024 17.669 19.360 16.851 14.473 10.791 12.622 14.631 11.927 10.595  7.007  6.056  5.584  3.841  0.000  3.830  6.431 10.087 13.035 16.202 19.841 21.596 24.522 26.821 28.340 29.474
 12.584  9.791  6.376  4.753  5.856  7.160 10.827 14.268 16.001 13.259 12.104  9.085  9.808  9.394 10.593 12.710 13.082 15.181 14.616 17.524 16.166 16.259 13.888 16.744 16.581 12.878 14.138 17.131 15.336 13.931 17.670 18.643 16.526 18.365 16.030 17.313 19.489 18.110 20.786 19.940 16.167 14.189 10.676  9.406  7.530  9.025 11.656 12.855 13.457 13.198 16.575 17.214 19.577 17.588 15.820 12.517 15.051 16.486 13.488 13.112  9.603  9.647  9.162  6.638  3.830  0.000  3.820  6.826 10.077 13.068 16.789 18.831 21.739 24.242 25.905 27.142
 13.858 11.392  7.595  6.118  4.812  6.148  9.037 12.530 14.995 12.988 11.941  9.538  9.847 10.297 10.739 13.169 12.872 15.006 14.260 16.509 14.685 13.971 11.044 13.735 14.214 10.629 11.299 14.690 13.636 12.066 15.642 17.243 15.625 17.039 14.267 14.899 16.664 14.890 17.331 16.306 12.565 10.405  6.883  5.944  5.196  7.942  9.728 10.262 10.128  9.915 13.231 13.869 16.581 14.988 13.854 11.132 14.222 15.000 12.047 12.754  9.557 10.957 11.212  9.579  6.431  3.820  0.000  3.833  6.763  9.803 13.450 15.298 18.289 20.722 22.408 23.711
 17.224 14.537 10.774  8.445  5.571  4.690  6.430  9.414 12.156 10.715 10.357  9.150 10.136 11.871 12.694 15.687 15.576 18.003 17.442 19.240 16.965 15.611 12.146 14.091 15.165 11.754 11.135 14.684 14.213 11.824 14.925 17.198 15.533 16.085 12.788 12.677 14.638 13.098 15.080 13.689 10.016  8.340  5.805  5.102  6.505  8.933  9.247 10.081  9.474 10.284 13.409 14.026 17.316 16.408 16.020 13.918 17.241 17.483 14.548 15.912 13.037 14.735 14.966 13.067 10.087  6.826  3.833  0.000  3.826  6.273 10.030 12.184 15.151 17.801 19.661 21.103
 18.542 16.011 12.457 10.326  6.668  5.969  5.331  7.902 11.344 11.075 10.434 10.012 10.262 12.603 12.917 16.073 15.814 18.424 18.214 19.359 16.546 14.702 11.028 11.996 13.421 10.446  8.690 12.173 12.431  9.758 12.253 15.085 13.923 13.875 10.331  9.475 11.050  9.450 11.332 10.165  6.437  5.746  4.566  6.170  8.998 11.896 11.475 11.437  9.573 10.120 12.386 12.291 15.889 15.825 15.935 14.619 18.260 18.263 15.856 17.762 15.071 17.125 17.281 15.701 13.035 10.077  6.763  3.826  0.000  3.828  7.082  9.653 12.773 15.438 17.457 19.053
 22.275 19.773 16.167 13.902 10.280  8.641  7.070  7.855 11.284 11.794 12.180 12.714 13.517 16.199 16.663 19.842 19.470 21.931 21.480 22.370 19.586 17.258 13.461 14.007 16.092 13.610 11.271 14.601 15.500 12.679 14.452 17.716 16.721 15.949 12.200 10.268 11.544 10.037 10.638  8.457  5.494  5.349  6.347  7.235 10.668 12.903 11.346 11.437  9.522 11.175 13.145 13.486 17.278 17.593 18.397 17.465 20.979 20.413 17.920 20.243 17.945 20.273 20.745 19.121 16.202 13.068  9.803  6.273  3.828  0.000  3.831  6.433  9.490 12.331 14.503 16.247
 25.295 22.920 19.447 17.279 13.541 11.935  9.517  9.084 12.380 13.880 14.431 15.567 16.145 19.064 19.308 22.466 21.980 24.413 24.067 24.483 21.499 18.799 15.101 14.796 17.254 15.434 12.440 15.281 16.880 14.088 14.941 18.560 18.036 16.599 12.937 10.056 10.538  9.237  8.535  5.830  4.570  6.202  8.860 10.301 13.975 16.152 14.105 13.769 11.370 13.056 14.136 14.160 17.959 18.980 20.320 19.988 23.516 22.631 20.478 23.148 21.101 23.641 24.170 22.691 19.841 16.789 13.450 10.030  7.082  3.831  0.000  3.840  6.613  9.519 11.927 13.895
 27.209 25.171 21.642 19.864 16.266 14.975 13.021 12.773 15.952 17.331 18.026 18.912 19.392 22.019 21.914 24.785 23.803 25.804 25.009 25.102 22.370 19.255 15.662 15.374 18.416 17.072 14.239 17.126 19.188 16.867 17.656 21.309 21.180 19.875 16.310 13.312 13.011 11.039  9.401  5.737  6.024  6.488  9.815 10.856 14.566 16.451 13.854 12.952 10.409 12.490 13.064 13.661 17.279 18.451 20.416 20.521 23.776 22.298 20.278 23.347 21.863 24.798 25.846 24.738 21.596 18.831 15.298 12.184  9.653  6.433  3.840  0.000  3.829  6.409  8.851 11.003
 30.216 28.197 24.688 22.867 19.283 17.814 15.712 14.960 17.786 19.470 20.458 21.636 22.238 24.965 24.902 27.769 26.767 28.700 27.848 27.794 25.109 21.882 18.428 17.924 21.065 19.973 17.052 19.680 21.928 19.616 20.062 23.771 23.748 22.156 18.696 15.467 14.928 13.273 10.966  7.493  8.943  9.636 12.925 13.704 17.274 18.819 15.908 15.055 12.781 15.052 15.316 16.017 19.411 20.782 23.007 23.304 26.435 24.734 22.790 25.965 24.674 27.671 28.813 27.703 24.522 21.739 18.289 15.151 12.773  9.490  6.613  3.829  0.000  3.833  6.613  9.027
 32.264 30.476 27.021 25.444 21.916 20.670 18.634 17.949 20.763 22.495 23.429 24.522 24.955 27.554 27.243 29.925 28.657 30.342 29.329 28.968 26.408 22.978 19.759 19.065 22.433 21.762 18.894 21.334 23.886 21.875 22.125 25.826 26.118 24.529 21.205 17.907 16.901 15.044 12.326  9.041 11.105 11.594 14.996 15.803 19.265 20.719 17.697 16.462 14.135 16.253 15.940 16.739 19.796 21.411 24.014 24.697 27.628 25.603 23.928 27.305 26.368 29.553 30.923 30.062 26.821 24.242 20.722 17.801 15.438 12.331  9.519  6.409  3.833  0.000  3.845  6.733
 33.742 32.094 28.671 27.240 23.806 22.672 20.780 20.173 22.927 24.595 25.543 26.550 26.945 29.431 29.011 31.566 30.143 31.645 30.482 29.991 27.580 24.078 21.024 20.357 23.810 23.323 20.594 22.976 25.613 23.781 24.018 27.664 28.071 26.546 23.294 20.046 18.903 16.948 14.215 11.134 13.202 13.400 16.668 17.342 20.626 21.926 18.865 17.470 15.275 17.321 16.763 17.737 20.527 22.160 24.947 25.799 28.549 26.322 24.771 28.225 27.533 30.806 32.343 31.628 28.340 25.905 22.408 19.661 17.457 14.503 11.927  8.851  6.613  3.845  0.000  3.811
