  1.000  0.863  0.670  0.399 -0.164 -0.431 -0.466 -0.477 -0.438 -0.364 -0.283 -0.027  0.109  0.473  0.502  0.747  0.739  0.729  0.541  0.345  0.271 -0.187 -0.329 -0.360 -0.171 -0.082 -0.156 -0.159 -0.234 -0.198 -0.048 -0.250 -0.328 -0.305 -0.342 -0.355 -0.392 -0.491 -0.433 -0.252 -0.468 -0.508 -0.607 -0.611 -0.484 -0.382 -0.463 -0.482 -0.580 -0.534 -0.574 -0.535 -0.482 -0.426 -0.156  0.080  0.164 -0.124 -0.158  0.081  0.150  0.185  0.609  0.501  0.318  0.018 -0.316 -0.607 -0.597 -0.594 -0.294  0.187  0.405  0.590  0.620  0.573
  0.863  1.000  0.789  0.554  0.011 -0.284 -0.348 -0.389 -0.356 -0.278 -0.138  0.143  0.264  0.606  0.634  0.768  0.664  0.610  0.404  0.194  0.125 -0.311 -0.399 -0.412 -0.223 -0.078 -0.144 -0.163 -0.185 -0.153 -0.045 -0.229 -0.276 -0.247 -0.305 -0.306 -0.370 -0.473 -0.394 -0.222 -0.426 -0.478 -0.557 -0.568 -0.461 -0.375 -0.456 -0.490 -0.584 -0.561 -0.623 -0.590 -0.570 -0.539 -0.298 -0.051  0.027 -0.257 -0.259 -0.024  0.080  0.172  0.522  0.518  0.364  0.100 -0.230 -0.509 -0.509 -0.518 -0.312  0.179  0.353  0.532  0.574  0.531
  0.670  0.789  1.000  0.746  0.194 -0.124 -0.259 -0.332 -0.306 -0.205 -0.045  0.284  0.366  0.654  0.626  0.613  0.522  0.397  0.232  0.020 -0.014 -0.345 -0.334 -0.328 -0.223 -0.066 -0.040 -0.088 -0.167 -0.078  0.055 -0.190 -0.253 -0.172 -0.263 -0.244 -0.291 -0.388 -0.292 -0.193 -0.325 -0.382 -0.433 -0.402 -0.289 -0.211 -0.297 -0.322 -0.410 -0.404 -0.476 -0.462 -0.489 -0.483 -0.326 -0.110 -0.054 -0.248 -0.215 -0.054  0.015  0.119  0.398  0.468  0.450  0.301  0.013 -0.343 -0.408 -0.390 -0.280  0.110  0.188  0.338  0.391  0.367
  0.399  0.554  0.746  1.000  0.590  0.275  0.086 -0.037 -0.029  0.062  0.289  0.564  0.568  0.692  0.581  0.456  0.308  0.128 -0.049 -0.242 -0.229 -0.438 -0.353 -0.315 -0.269 -0.073  0.009 -0.092 -0.103  0.063  0.099 -0.144 -0.106 -0.004 -0.125 -0.125 -0.190 -0.239 -0.123 -0.105 -0.139 -0.192 -0.190 -0.158 -0.124 -0.095 -0.161 -0.205 -0.259 -0.306 -0.392 -0.389 -0.482 -0.526 -0.474 -0.310 -0.290 -0.402 -0.314 -0.232 -0.156 -0.101  0.160  0.287  0.398  0.502  0.304  0.002 -0.094 -0.103 -0.212  0.054  0.043  0.079  0.129  0.130
 -0.164  0.011  0.194  0.590  1.000  0.784  0.654  0.503  0.430  0.397  0.633  0.669  0.644  0.404  0.300  0.045 -0.083 -0.276 -0.400 -0.470 -0.369 -0.278 -0.116 -0.066 -0.136  0.020  0.085 -0.052  0.074  0.206  0.002 -0.059  0.165  0.188  0.071  0.048 -0.066  0.003  0.078  0.134  0.240  0.280  0.358  0.304  0.147  0.024  0.017 -0.002  0.068  0.012 -0.022 -0.026 -0.158 -0.252 -0.388 -0.409 -0.471 -0.400 -0.306 -0.390 -0.359 -0.314 -0.304 -0.158 -0.008  0.333  0.529  0.537  0.544  0.438  0.072 -0.006 -0.213 -0.360 -0.325 -0.290
 -0.431 -0.284 -0.124  0.275  0.784  1.000  0.842  0.731  0.662  0.639  0.728  0.599  0.377  0.047 -0.075 -0.302 -0.392 -0.502 -0.488 -0.512 -0.454 -0.214 -0.044 -0.018 -0.144 -0.093 -0.043 -0.110  0.030  0.060 -0.126  0.014  0.170  0.132  0.051  0.067  0.042  0.206  0.220  0.262  0.438  0.434  0.541  0.522  0.349  0.200  0.224  0.186  0.275  0.212  0.183  0.128  0.020 -0.049 -0.249 -0.309 -0.379 -0.215 -0.115 -0.254 -0.288 -0.305 -0.399 -0.269 -0.059  0.339  0.590  0.766  0.725  0.599  0.246 -0.077 -0.323 -0.530 -0.516 -0.473
 -0.466 -0.348 -0.259  0.086  0.654  0.842  1.000  0.920  0.768  0.600  0.714  0.465  0.358  0.012 -0.076 -0.280 -0.352 -0.458 -0.482 -0.457 -0.364 -0.114  0.010  0.043 -0.050 -0.001 -0.014 -0.085  0.119  0.129 -0.156  0.016  0.259  0.197  0.113  0.099  0.027  0.190  0.183  0.241  0.386  0.444  0.552  0.471  0.244  0.094  0.147  0.125  0.238  0.174  0.176  0.157  0.066 -0.010 -0.209 -0.322 -0.393 -0.233 -0.169 -0.310 -0.342 -0.323 -0.464 -0.361 -0.269  0.093  0.394  0.693  0.746  0.592  0.214 -0.052 -0.312 -0.514 -0.485 -0.438
 -0.477 -0.389 -0.332 -0.037  0.503  0.731  0.920  1.000  0.842  0.647  0.663  0.350  0.218 -0.098 -0.168 -0.329 -0.373 -0.434 -0.425 -0.382 -0.312 -0.062  0.027  0.050 -0.035 -0.029 -0.062 -0.104  0.092  0.067 -0.199  0.008  0.224  0.154  0.086  0.084  0.034  0.204  0.177  0.200  0.342  0.403  0.508  0.436  0.232  0.099  0.156  0.134  0.235  0.180  0.195  0.172  0.112  0.055 -0.130 -0.248 -0.306 -0.147 -0.104 -0.236 -0.289 -0.284 -0.442 -0.363 -0.288  0.029  0.314  0.628  0.679  0.531  0.215 -0.070 -0.287 -0.472 -0.456 -0.416
 -0.438 -0.356 -0.306 -0.029  0.430  0.662  0.768  0.842  1.000  0.843  0.767  0.399  0.191 -0.095 -0.171 -0.312 -0.359 -0.409 -0.389 -0.356 -0.305 -0.086 -0.006  0.019 -0.056 -0.062 -0.087 -0.110  0.060  0.022 -0.194  0.006  0.174  0.113  0.048  0.065  0.030  0.192  0.155  0.179  0.307  0.332  0.423  0.364  0.190  0.085  0.139  0.111  0.191  0.145  0.159  0.135  0.083  0.031 -0.135 -0.232 -0.279 -0.139 -0.098 -0.212 -0.261 -0.247 -0.401 -0.320 -0.237  0.036  0.262  0.539  0.573  0.453  0.171 -0.078 -0.275 -0.433 -0.413 -0.375
 -0.364 -0.278 -0.205  0.062  0.397  0.639  0.600  0.647  0.843  1.000  0.747  0.453  0.151 -0.080 -0.165 -0.294 -0.347 -0.383 -0.340 -0.337 -0.321 -0.143 -0.058 -0.036 -0.107 -0.123 -0.123 -0.121 -0.005 -0.051 -0.169  0.012  0.087  0.047 -0.018  0.026  0.032  0.185  0.156  0.170  0.290  0.260  0.334  0.313  0.193  0.113  0.149  0.109  0.162  0.122  0.119  0.079  0.032 -0.007 -0.148 -0.202 -0.232 -0.112 -0.060 -0.153 -0.198 -0.197 -0.318 -0.229 -0.096  0.147  0.299  0.481  0.460  0.372  0.154 -0.085 -0.251 -0.377 -0.363 -0.331
 -0.283 -0.138 -0.045  0.289  0.633  0.728  0.714  0.663  0.767  0.747  1.000  0.778  0.565  0.275  0.130 -0.076 -0.191 -0.343 -0.425 -0.466 -0.376 -0.252 -0.123 -0.064 -0.106 -0.009  0.003 -0.068  0.101  0.137 -0.074 -0.004  0.191  0.183  0.054  0.062 -0.028  0.081  0.069  0.120  0.230  0.231  0.315  0.240  0.072 -0.009  0.032 -0.014  0.049 -0.018 -0.033 -0.023 -0.130 -0.224 -0.365 -0.403 -0.459 -0.382 -0.309 -0.380 -0.368 -0.280 -0.346 -0.210 -0.150  0.138  0.275  0.467  0.493  0.389  0.041 -0.038 -0.229 -0.362 -0.307 -0.267
 -0.027  0.143  0.284  0.564  0.669  0.599  0.465  0.350  0.399  0.453  0.778  1.000  0.776  0.570  0.388  0.172  0.019 -0.188 -0.334 -0.452 -0.365 -0.373 -0.222 -0.156 -0.155  0.017  0.067 -0.027  0.073  0.167  0.054 -0.022  0.109  0.148 -0.010 -0.005 -0.104 -0.072 -0.040  0.023  0.089  0.053  0.110  0.060 -0.038 -0.075 -0.069 -0.120 -0.100 -0.166 -0.217 -0.191 -0.323 -0.422 -0.495 -0.444 -0.484 -0.491 -0.399 -0.401 -0.334 -0.199 -0.151  0.010  0.048  0.261  0.256  0.277  0.258  0.197 -0.087  0.014 -0.131 -0.191 -0.114 -0.087
  0.109  0.264  0.366  0.568  0.644  0.377  0.358  0.218  0.191  0.151  0.565  0.776  1.000  0.803  0.648  0.424  0.269  0.001 -0.268 -0.362 -0.190 -0.270 -0.170 -0.065  0.000  0.211  0.239  0.101  0.217  0.381  0.171 -0.053  0.193  0.284  0.116  0.073 -0.111 -0.163 -0.098 -0.117 -0.091 -0.051 -0.009 -0.112 -0.232 -0.237 -0.224 -0.253 -0.236 -0.313 -0.326 -0.212 -0.346 -0.484 -0.519 -0.504 -0.563 -0.626 -0.573 -0.551 -0.445 -0.248 -0.149 -0.019 -0.124  0.034  0.044  0.076  0.141  0.101 -0.241  0.033 -0.058 -0.072  0.014  0.040
  0.473  0.606  0.654  0.692  0.404  0.047  0.012 -0.098 -0.095 -0.080  0.275  0.570  0.803  1.000  0.855  0.703  0.546  0.302  0.000 -0.163 -0.059 -0.334 -0.295 -0.217 -0.086  0.149  0.157  0.033  0.080  0.239  0.157 -0.141  0.012  0.108 -0.040 -0.085 -0.252 -0.361 -0.274 -0.225 -0.312 -0.303 -0.318 -0.400 -0.417 -0.357 -0.383 -0.413 -0.457 -0.501 -0.539 -0.429 -0.523 -0.615 -0.523 -0.401 -0.404 -0.591 -0.559 -0.426 -0.284 -0.074  0.159  0.261  0.088  0.073 -0.119 -0.261 -0.212 -0.230 -0.364  0.120  0.148  0.235  0.323  0.318
  0.502  0.634  0.626  0.581  0.300 -0.075 -0.076 -0.168 -0.171 -0.165  0.130  0.388  0.648  0.855  1.000  0.818  0.656  0.407  0.076 -0.044  0.077 -0.216 -0.225 -0.144  0.004  0.217  0.194  0.079  0.116  0.245  0.157 -0.147  0.000  0.101 -0.018 -0.058 -0.230 -0.351 -0.240 -0.254 -0.353 -0.325 -0.343 -0.434 -0.453 -0.387 -0.411 -0.429 -0.468 -0.500 -0.516 -0.384 -0.450 -0.538 -0.428 -0.345 -0.348 -0.545 -0.548 -0.421 -0.260 -0.057  0.153  0.228  0.030 -0.029 -0.189 -0.329 -0.257 -0.267 -0.392  0.100  0.151  0.257  0.335  0.333
  0.747  0.768  0.613  0.456  0.045 -0.302 -0.280 -0.329 -0.312 -0.294 -0.076  0.172  0.424  0.703  0.818  1.000  0.842  0.641  0.320  0.185  0.257 -0.143 -0.245 -0.202 -0.007  0.152  0.096  0.019  0.011  0.102  0.082 -0.213 -0.137 -0.073 -0.169 -0.213 -0.346 -0.473 -0.373 -0.313 -0.468 -0.452 -0.512 -0.591 -0.563 -0.468 -0.508 -0.521 -0.583 -0.579 -0.586 -0.455 -0.468 -0.505 -0.300 -0.165 -0.142 -0.408 -0.450 -0.260 -0.110  0.053  0.395  0.365  0.073 -0.108 -0.349 -0.533 -0.458 -0.460 -0.395  0.160  0.310  0.461  0.522  0.500
  0.739  0.664  0.522  0.308 -0.083 -0.392 -0.352 -0.373 -0.359 -0.347 -0.191  0.019  0.269  0.546  0.656  0.842  1.000  0.834  0.505  0.387  0.475  0.040 -0.130 -0.116  0.079  0.155  0.063  0.014 -0.027  0.024  0.017 -0.260 -0.203 -0.144 -0.201 -0.223 -0.334 -0.449 -0.380 -0.317 -0.478 -0.453 -0.520 -0.589 -0.552 -0.455 -0.496 -0.500 -0.551 -0.528 -0.502 -0.364 -0.326 -0.329 -0.084  0.024  0.039 -0.229 -0.318 -0.145 -0.034  0.063  0.381  0.290  0.034 -0.185 -0.398 -0.570 -0.486 -0.481 -0.361  0.124  0.310  0.467  0.503  0.475
  0.729  0.610  0.397  0.128 -0.276 -0.502 -0.458 -0.434 -0.409 -0.383 -0.343 -0.188  0.001  0.302  0.407  0.641  0.834  1.000  0.762  0.637  0.599  0.127 -0.130 -0.168  0.047  0.021 -0.131 -0.102 -0.156 -0.189 -0.128 -0.285 -0.308 -0.296 -0.295 -0.290 -0.342 -0.423 -0.394 -0.290 -0.483 -0.486 -0.570 -0.606 -0.525 -0.424 -0.470 -0.481 -0.542 -0.491 -0.459 -0.366 -0.247 -0.174  0.134  0.271  0.330  0.048 -0.075  0.120  0.156  0.144  0.441  0.296  0.086 -0.220 -0.446 -0.622 -0.550 -0.555 -0.281  0.110  0.361  0.545  0.551  0.512
  0.541  0.404  0.232 -0.049 -0.400 -0.488 -0.482 -0.425 -0.389 -0.340 -0.425 -0.334 -0.268  0.000  0.076  0.320  0.505  0.762  1.000  0.792  0.576  0.195 -0.048 -0.150 -0.023 -0.141 -0.265 -0.179 -0.299 -0.390 -0.222 -0.269 -0.409 -0.423 -0.361 -0.315 -0.270 -0.298 -0.298 -0.178 -0.336 -0.381 -0.463 -0.437 -0.308 -0.233 -0.280 -0.288 -0.341 -0.259 -0.234 -0.226 -0.059  0.090  0.404  0.581  0.645  0.404  0.274  0.424  0.354  0.189  0.388  0.223  0.178 -0.140 -0.336 -0.510 -0.493 -0.484 -0.122  0.036  0.282  0.442  0.411  0.368
  0.345  0.194  0.020 -0.242 -0.470 -0.512 -0.457 -0.382 -0.356 -0.337 -0.466 -0.452 -0.362 -0.163 -0.044  0.185  0.387  0.637  0.792  1.000  0.792  0.472  0.176  0.086  0.202  0.002 -0.140 -0.031 -0.160 -0.292 -0.174 -0.210 -0.339 -0.352 -0.286 -0.232 -0.187 -0.198 -0.201 -0.191 -0.284 -0.311 -0.372 -0.361 -0.275 -0.206 -0.220 -0.214 -0.231 -0.145 -0.063 -0.005  0.181  0.317  0.595  0.612  0.659  0.486  0.309  0.392  0.301  0.119  0.222  0.045  0.001 -0.281 -0.369 -0.462 -0.424 -0.398 -0.097 -0.041  0.202  0.339  0.291  0.260
  0.271  0.125 -0.014 -0.229 -0.369 -0.454 -0.364 -0.312 -0.305 -0.321 -0.376 -0.365 -0.190 -0.059  0.077  0.257  0.475  0.599  0.576  0.792  1.000  0.730  0.421  0.373  0.510  0.306  0.157  0.229  0.088 -0.033 -0.020 -0.169 -0.232 -0.202 -0.197 -0.144 -0.150 -0.175 -0.151 -0.246 -0.243 -0.245 -0.284 -0.319 -0.310 -0.247 -0.227 -0.206 -0.184 -0.116  0.018  0.187  0.317  0.366  0.569  0.456  0.401  0.274  0.078  0.095  0.055 -0.030  0.064 -0.094 -0.195 -0.387 -0.383 -0.407 -0.339 -0.281 -0.161 -0.091  0.103  0.206  0.174  0.168
 -0.187 -0.311 -0.345 -0.438 -0.278 -0.214 -0.114 -0.062 -0.086 -0.143 -0.252 -0.373 -0.270 -0.334 -0.216 -0.143  0.040  0.127  0.195  0.472  0.730  1.000  0.797  0.726  0.732  0.484  0.342  0.390  0.249  0.095  0.027 -0.046 -0.087 -0.070 -0.068 -0.005  0.024  0.068  0.077 -0.073  0.082  0.095  0.119  0.090  0.026  0.008  0.073  0.124  0.222  0.303  0.473  0.640  0.710  0.711  0.688  0.420  0.280  0.361  0.193  0.043 -0.039 -0.148 -0.260 -0.372 -0.356 -0.370 -0.160 -0.035  0.018  0.083  0.036 -0.213 -0.161 -0.185 -0.241 -0.216
 -0.329 -0.399 -0.334 -0.353 -0.116 -0.044  0.010  0.027 -0.006 -0.058 -0.123 -0.222 -0.170 -0.295 -0.225 -0.245 -0.130 -0.130 -0.048  0.176  0.421  0.797  1.000  0.860  0.697  0.559  0.536  0.499  0.285  0.183  0.148  0.023 -0.047 -0.027 -0.043  0.010  0.046  0.096  0.131  0.077  0.281  0.296  0.344  0.306  0.229  0.156  0.214  0.296  0.428  0.528  0.649  0.786  0.726  0.671  0.531  0.286  0.102  0.263  0.182 -0.034 -0.106 -0.197 -0.344 -0.401 -0.319 -0.221  0.036  0.154  0.188  0.249  0.125 -0.195 -0.267 -0.380 -0.431 -0.397
 -0.360 -0.412 -0.328 -0.315 -0.066 -0.018  0.043  0.050  0.019 -0.036 -0.064 -0.156 -0.065 -0.217 -0.144 -0.202 -0.116 -0.168 -0.150  0.086  0.373  0.726  0.860  1.000  0.831  0.612  0.666  0.679  0.452  0.345  0.297  0.144  0.070  0.103  0.043  0.088  0.100  0.139  0.179 -0.002  0.265  0.244  0.293  0.254  0.155  0.131  0.212  0.276  0.391  0.438  0.591  0.789  0.721  0.575  0.409  0.114 -0.074  0.099  0.016 -0.215 -0.259 -0.278 -0.407 -0.452 -0.409 -0.267  0.008  0.146  0.177  0.251  0.045 -0.225 -0.292 -0.397 -0.432 -0.385
 -0.171 -0.223 -0.223 -0.269 -0.136 -0.144 -0.050 -0.035 -0.056 -0.107 -0.106 -0.155  0.000 -0.086  0.004 -0.007  0.079  0.047 -0.023  0.202  0.510  0.732  0.697  0.831  1.000  0.765  0.609  0.700  0.574  0.367  0.263  0.135  0.066  0.091  0.000  0.061  0.044  0.060  0.082 -0.134  0.064  0.055  0.072  0.002 -0.101 -0.080 -0.005  0.030  0.119  0.144  0.306  0.550  0.529  0.393  0.327  0.071 -0.081 -0.015 -0.139 -0.276 -0.282 -0.228 -0.310 -0.353 -0.417 -0.371 -0.187 -0.057 -0.001  0.080 -0.098 -0.194 -0.187 -0.191 -0.199 -0.157
 -0.082 -0.078 -0.066 -0.073  0.020 -0.093 -0.001 -0.029 -0.062 -0.123 -0.009  0.017  0.211  0.149  0.217  0.152  0.155  0.021 -0.141  0.002  0.306  0.484  0.559  0.612  0.765  1.000  0.766  0.644  0.639  0.558  0.359  0.132  0.171  0.201  0.063  0.057 -0.040 -0.089 -0.014 -0.090  0.005  0.068  0.085 -0.023 -0.137 -0.154 -0.111 -0.070  0.014  0.028  0.114  0.342  0.254  0.106  0.029 -0.137 -0.269 -0.245 -0.302 -0.385 -0.313 -0.194 -0.235 -0.219 -0.343 -0.272 -0.153 -0.067  0.014  0.068 -0.162 -0.076 -0.129 -0.155 -0.130 -0.094
 -0.156 -0.144 -0.040  0.009  0.085 -0.043 -0.014 -0.062 -0.087 -0.123  0.003  0.067  0.239  0.157  0.194  0.096  0.063 -0.131 -0.265 -0.140  0.157  0.342  0.536  0.666  0.609  0.766  1.000  0.829  0.598  0.696  0.664  0.251  0.202  0.313  0.179  0.160  0.084 -0.006  0.129 -0.056  0.135  0.147  0.147  0.088  0.004  0.010  0.044  0.096  0.168  0.165  0.238  0.441  0.291  0.106 -0.026 -0.203 -0.357 -0.273 -0.283 -0.424 -0.374 -0.299 -0.273 -0.269 -0.310 -0.149 -0.001  0.013  0.037  0.159 -0.132 -0.102 -0.192 -0.297 -0.289 -0.248
 -0.159 -0.163 -0.088 -0.092 -0.052 -0.110 -0.085 -0.104 -0.110 -0.121 -0.068 -0.027  0.101  0.033  0.079  0.019  0.014 -0.102 -0.179 -0.031  0.229  0.390  0.499  0.679  0.700  0.644  0.829  1.000  0.720  0.574  0.671  0.443  0.190  0.223  0.084  0.112  0.094  0.056  0.147 -0.111  0.123  0.070  0.046  0.002 -0.065 -0.008  0.053  0.085  0.141  0.132  0.234  0.434  0.345  0.173  0.073 -0.118 -0.250 -0.172 -0.224 -0.358 -0.360 -0.291 -0.275 -0.293 -0.320 -0.218 -0.082 -0.059 -0.057  0.068 -0.145 -0.177 -0.198 -0.233 -0.219 -0.171
 -0.234 -0.185 -0.167 -0.103  0.074  0.030  0.119  0.092  0.060 -0.005  0.101  0.073  0.217  0.080  0.116  0.011 -0.027 -0.156 -0.299 -0.160  0.088  0.249  0.285  0.452  0.574  0.639  0.598  0.720  1.000  0.746  0.476  0.534  0.542  0.432  0.229  0.166  0.046  0.022  0.023 -0.105  0.038  0.015  0.056 -0.034 -0.164 -0.130 -0.046 -0.038  0.018 -0.043  0.054  0.252  0.181  0.006 -0.109 -0.300 -0.398 -0.333 -0.377 -0.468 -0.414 -0.246 -0.337 -0.283 -0.395 -0.268 -0.135  0.016  0.081  0.109 -0.197 -0.151 -0.209 -0.197 -0.139 -0.081
 -0.198 -0.153 -0.078  0.063  0.206  0.060  0.129  0.067  0.022 -0.051  0.137  0.167  0.381  0.239  0.245  0.102  0.024 -0.189 -0.390 -0.292 -0.033  0.095  0.183  0.345  0.367  0.558  0.696  0.574  0.746  1.000  0.710  0.417  0.621  0.687  0.482  0.350  0.154  0.015  0.105 -0.109  0.002  0.036  0.071  0.013 -0.105 -0.073 -0.024 -0.007  0.030 -0.061  0.001  0.182  0.058 -0.129 -0.262 -0.426 -0.521 -0.455 -0.447 -0.539 -0.446 -0.310 -0.315 -0.266 -0.363 -0.167 -0.043  0.046  0.101  0.184 -0.242 -0.096 -0.199 -0.261 -0.216 -0.167
 -0.048 -0.045  0.055  0.099  0.002 -0.126 -0.156 -0.199 -0.194 -0.169 -0.074  0.054  0.171  0.157  0.157  0.082  0.017 -0.128 -0.222 -0.174 -0.020  0.027  0.148  0.297  0.263  0.359  0.664  0.671  0.476  0.710  1.000  0.607  0.361  0.493  0.350  0.288  0.204  0.038  0.188 -0.077  0.024 -0.024 -0.081 -0.067 -0.068  0.022  0.037  0.056  0.046 -0.002  0.025  0.141  0.044 -0.093 -0.170 -0.253 -0.306 -0.268 -0.253 -0.320 -0.295 -0.261 -0.142 -0.150 -0.148 -0.044 -0.027 -0.124 -0.159  0.000 -0.240 -0.099 -0.142 -0.189 -0.160 -0.122
 -0.250 -0.229 -0.190 -0.144 -0.059  0.014  0.016  0.008  0.006  0.012 -0.004 -0.022 -0.053 -0.141 -0.147 -0.213 -0.260 -0.285 -0.269 -0.210 -0.169 -0.046  0.023  0.144  0.135  0.132  0.251  0.443  0.534  0.417  0.607  1.000  0.656  0.426  0.281  0.159  0.117  0.096  0.084  0.028  0.104  0.005  0.005  0.009 -0.016  0.047  0.104  0.102  0.096  0.046  0.072  0.111  0.081 -0.007 -0.116 -0.207 -0.215 -0.128 -0.120 -0.182 -0.197 -0.130 -0.192 -0.159 -0.161 -0.077 -0.033  0.021  0.006  0.017 -0.119 -0.138 -0.176 -0.173 -0.119 -0.077
 -0.328 -0.276 -0.253 -0.106  0.165  0.170  0.259  0.224  0.174  0.087  0.191  0.109  0.193  0.012  0.000 -0.137 -0.203 -0.308 -0.409 -0.339 -0.232 -0.087 -0.047  0.070  0.066  0.171  0.202  0.190  0.542  0.621  0.361  0.656  1.000  0.777  0.574  0.349  0.121  0.070  0.009  0.006  0.039  0.039  0.115  0.063 -0.054 -0.050  0.023  0.024  0.044 -0.046 -0.003  0.063  0.004 -0.109 -0.253 -0.389 -0.415 -0.322 -0.302 -0.372 -0.307 -0.169 -0.320 -0.238 -0.318 -0.153 -0.037  0.150  0.230  0.185 -0.147 -0.100 -0.213 -0.235 -0.160 -0.115
 -0.305 -0.247 -0.172 -0.004  0.188  0.132  0.197  0.154  0.113  0.047  0.183  0.148  0.284  0.108  0.101 -0.073 -0.144 -0.296 -0.423 -0.352 -0.202 -0.070 -0.027  0.103  0.091  0.201  0.313  0.223  0.432  0.687  0.493  0.426  0.777  1.000  0.800  0.677  0.411  0.251  0.245 -0.062 -0.028  0.004  0.082  0.071 -0.020  0.014  0.055  0.047  0.051 -0.065 -0.029  0.062 -0.022 -0.147 -0.284 -0.424 -0.457 -0.372 -0.346 -0.429 -0.349 -0.224 -0.377 -0.283 -0.297 -0.119 -0.007  0.137  0.172  0.225 -0.231 -0.158 -0.300 -0.328 -0.273 -0.219
 -0.342 -0.305 -0.263 -0.125  0.071  0.051  0.113  0.086  0.048 -0.018  0.054 -0.010  0.116 -0.040 -0.018 -0.169 -0.201 -0.295 -0.361 -0.286 -0.197 -0.068 -0.043  0.043  0.000  0.063  0.179  0.084  0.229  0.482  0.350  0.281  0.574  0.800  1.000  0.872  0.693  0.442  0.376  0.032  0.004  0.043  0.102  0.109  0.048  0.078  0.119  0.115  0.112  0.004  0.025  0.056  0.003 -0.071 -0.190 -0.319 -0.332 -0.247 -0.219 -0.297 -0.222 -0.146 -0.368 -0.287 -0.256 -0.125 -0.022  0.134  0.161  0.256 -0.142 -0.094 -0.262 -0.334 -0.337 -0.307
 -0.355 -0.306 -0.244 -0.125  0.048  0.067  0.099  0.084  0.065  0.026  0.062 -0.005  0.073 -0.085 -0.058 -0.213 -0.223 -0.290 -0.315 -0.232 -0.144 -0.005  0.010  0.088  0.061  0.057  0.160  0.112  0.166  0.350  0.288  0.159  0.349  0.677  0.872  1.000  0.851  0.608  0.534  0.041  0.046  0.058  0.115  0.143  0.096  0.131  0.163  0.145  0.145  0.034  0.057  0.094  0.053 -0.011 -0.117 -0.248 -0.265 -0.177 -0.165 -0.256 -0.218 -0.153 -0.410 -0.320 -0.218 -0.099  0.013  0.167  0.150  0.290 -0.105 -0.135 -0.328 -0.395 -0.410 -0.374
 -0.392 -0.370 -0.291 -0.190 -0.066  0.042  0.027  0.034  0.030  0.032 -0.028 -0.104 -0.111 -0.252 -0.230 -0.346 -0.334 -0.342 -0.270 -0.187 -0.150  0.024  0.046  0.100  0.044 -0.040  0.084  0.094  0.046  0.154  0.204  0.117  0.121  0.411  0.693  0.851  1.000  0.817  0.664  0.105  0.138  0.097  0.128  0.207  0.215  0.276  0.300  0.269  0.260  0.157  0.166  0.154  0.131  0.100 -0.005 -0.118 -0.130 -0.015  0.005 -0.098 -0.108 -0.111 -0.346 -0.288 -0.116 -0.009  0.081  0.191  0.098  0.271 -0.037 -0.171 -0.321 -0.407 -0.464 -0.438
 -0.491 -0.473 -0.388 -0.239  0.003  0.206  0.190  0.204  0.192  0.185  0.081 -0.072 -0.163 -0.361 -0.351 -0.473 -0.449 -0.423 -0.298 -0.198 -0.175  0.068  0.096  0.139  0.060 -0.089 -0.006  0.056  0.022  0.015  0.038  0.096  0.070  0.251  0.442  0.608  0.817  1.000  0.751  0.148  0.248  0.215  0.275  0.333  0.301  0.322  0.368  0.327  0.350  0.254  0.273  0.241  0.227  0.204  0.064 -0.075 -0.095  0.067  0.084 -0.060 -0.137 -0.193 -0.402 -0.372 -0.166  0.005  0.169  0.346  0.255  0.358  0.074 -0.250 -0.390 -0.480 -0.507 -0.472
 -0.433 -0.394 -0.292 -0.123  0.078  0.220  0.183  0.177  0.155  0.156  0.069 -0.040 -0.098 -0.274 -0.240 -0.373 -0.380 -0.394 -0.298 -0.201 -0.151  0.077  0.131  0.179  0.082 -0.014  0.129  0.147  0.023  0.105  0.188  0.084  0.009  0.245  0.376  0.534  0.664  0.751  1.000  0.110  0.262  0.247  0.298  0.362  0.324  0.329  0.344  0.309  0.347  0.270  0.276  0.257  0.221  0.186  0.046 -0.084 -0.124  0.038  0.064 -0.095 -0.169 -0.254 -0.407 -0.378 -0.150  0.038  0.226  0.364  0.260  0.384  0.101 -0.190 -0.324 -0.485 -0.546 -0.515
 -0.252 -0.222 -0.193 -0.105  0.134  0.262  0.241  0.200  0.179  0.170  0.120  0.023 -0.117 -0.225 -0.254 -0.313 -0.317 -0.290 -0.178 -0.191 -0.246 -0.073  0.077 -0.002 -0.134 -0.090 -0.056 -0.111 -0.105 -0.109 -0.077  0.028  0.006 -0.062  0.032  0.041  0.105  0.148  0.110  1.000  0.733  0.550  0.451  0.398  0.296  0.123  0.131  0.163  0.258  0.319  0.265  0.140  0.105  0.133  0.028  0.016  0.008  0.125  0.187  0.099  0.061 -0.000 -0.141 -0.090  0.035  0.153  0.269  0.351  0.427  0.464  0.490  0.334 -0.127 -0.384 -0.436 -0.423
 -0.468 -0.426 -0.325 -0.139  0.240  0.438  0.386  0.342  0.307  0.290  0.230  0.089 -0.091 -0.312 -0.353 -0.468 -0.478 -0.483 -0.336 -0.284 -0.243  0.082  0.281  0.265  0.064  0.005  0.135  0.123  0.038  0.002  0.024  0.104  0.039 -0.028  0.004  0.046  0.138  0.248  0.262  0.733  1.000  0.735  0.667  0.620  0.468  0.282  0.340  0.369  0.498  0.530  0.512  0.427  0.341  0.310  0.105 -0.003 -0.089  0.128  0.197 -0.008 -0.075 -0.170 -0.338 -0.287 -0.069  0.174  0.432  0.595  0.626  0.699  0.590  0.111 -0.269 -0.591 -0.667 -0.635
 -0.508 -0.478 -0.382 -0.192  0.280  0.434  0.444  0.403  0.332  0.260  0.231  0.053 -0.051 -0.303 -0.325 -0.452 -0.453 -0.486 -0.381 -0.311 -0.245  0.095  0.296  0.244  0.055  0.068  0.147  0.070  0.015  0.036 -0.024  0.005  0.039  0.004  0.043  0.058  0.097  0.215  0.247  0.550  0.735  1.000  0.861  0.709  0.481  0.210  0.202  0.273  0.463  0.520  0.501  0.405  0.308  0.288  0.076 -0.049 -0.139  0.086  0.159 -0.050 -0.118 -0.212 -0.405 -0.365 -0.199  0.071  0.415  0.638  0.712  0.768  0.588  0.137 -0.225 -0.539 -0.602 -0.579
 -0.607 -0.557 -0.433 -0.190  0.358  0.541  0.552  0.508  0.423  0.334  0.315  0.110 -0.009 -0.318 -0.343 -0.512 -0.520 -0.570 -0.463 -0.372 -0.284  0.119  0.344  0.293  0.072  0.085  0.147  0.046  0.056  0.071 -0.081  0.005  0.115  0.082  0.102  0.115  0.128  0.275  0.298  0.451  0.667  0.861  1.000  0.865  0.618  0.309  0.307  0.372  0.570  0.611  0.580  0.492  0.371  0.334  0.078 -0.083 -0.194  0.066  0.149 -0.093 -0.150 -0.236 -0.483 -0.415 -0.218  0.101  0.498  0.776  0.811  0.780  0.506 -0.007 -0.347 -0.634 -0.679 -0.642
 -0.611 -0.568 -0.402 -0.158  0.304  0.522  0.471  0.436  0.364  0.313  0.240  0.060 -0.112 -0.400 -0.434 -0.591 -0.589 -0.606 -0.437 -0.361 -0.319  0.090  0.306  0.254  0.002 -0.023  0.088  0.002 -0.034  0.013 -0.067  0.009  0.063  0.071  0.109  0.143  0.207  0.333  0.362  0.398  0.620  0.709  0.865  1.000  0.844  0.540  0.489  0.548  0.667  0.662  0.608  0.493  0.390  0.373  0.119 -0.014 -0.106  0.165  0.261  0.023 -0.051 -0.185 -0.417 -0.352 -0.063  0.248  0.615  0.812  0.723  0.716  0.462 -0.104 -0.397 -0.663 -0.727 -0.686
 -0.484 -0.461 -0.289 -0.124  0.147  0.349  0.244  0.232  0.190  0.193  0.072 -0.038 -0.232 -0.417 -0.453 -0.563 -0.552 -0.525 -0.308 -0.275 -0.310  0.026  0.229  0.155 -0.101 -0.137  0.004 -0.065 -0.164 -0.105 -0.068 -0.016 -0.054 -0.020  0.048  0.096  0.215  0.301  0.324  0.296  0.468  0.481  0.618  0.844  1.000  0.761  0.586  0.627  0.630  0.644  0.557  0.402  0.320  0.346  0.148  0.093  0.033  0.259  0.365  0.182  0.113 -0.049 -0.238 -0.193  0.141  0.363  0.591  0.628  0.469  0.485  0.345 -0.167 -0.355 -0.537 -0.603 -0.576
 -0.382 -0.375 -0.211 -0.095  0.024  0.200  0.094  0.099  0.085  0.113 -0.009 -0.075 -0.237 -0.357 -0.387 -0.468 -0.455 -0.424 -0.233 -0.206 -0.247  0.008  0.156  0.131 -0.080 -0.154  0.010 -0.008 -0.130 -0.073  0.022  0.047 -0.050  0.014  0.078  0.131  0.276  0.322  0.329  0.123  0.282  0.210  0.309  0.540  0.761  1.000  0.747  0.653  0.551  0.493  0.436  0.324  0.268  0.278  0.121  0.078  0.038  0.215  0.293  0.150  0.076 -0.066 -0.190 -0.173  0.118  0.271  0.417  0.410  0.220  0.259  0.150 -0.257 -0.327 -0.418 -0.471 -0.447
 -0.463 -0.456 -0.297 -0.161  0.017  0.224  0.147  0.156  0.139  0.149  0.032 -0.069 -0.224 -0.383 -0.411 -0.508 -0.496 -0.470 -0.280 -0.220 -0.227  0.073  0.214  0.212 -0.005 -0.111  0.044  0.053 -0.046 -0.024  0.037  0.104  0.023  0.055  0.119  0.163  0.300  0.368  0.344  0.131  0.340  0.202  0.307  0.489  0.586  0.747  1.000  0.878  0.751  0.567  0.504  0.410  0.355  0.350  0.152  0.060  0.005  0.213  0.281  0.102  0.003 -0.137 -0.280 -0.265 -0.005  0.172  0.335  0.408  0.255  0.277  0.129 -0.310 -0.377 -0.484 -0.522 -0.497
 -0.482 -0.490 -0.322 -0.205 -0.002  0.186  0.125  0.134  0.111  0.109 -0.014 -0.120 -0.253 -0.413 -0.429 -0.521 -0.500 -0.481 -0.288 -0.214 -0.206  0.124  0.296  0.276  0.030 -0.070  0.096  0.085 -0.038 -0.007  0.056  0.102  0.024  0.047  0.115  0.145  0.269  0.327  0.309  0.163  0.369  0.273  0.372  0.548  0.627  0.653  0.878  1.000  0.876  0.700  0.606  0.495  0.416  0.414  0.197  0.091  0.020  0.249  0.326  0.121  0.016 -0.144 -0.295 -0.293 -0.038  0.149  0.344  0.398  0.276  0.310  0.168 -0.290 -0.381 -0.502 -0.544 -0.520
 -0.580 -0.584 -0.410 -0.259  0.068  0.275  0.238  0.235  0.191  0.162  0.049 -0.100 -0.236 -0.457 -0.468 -0.583 -0.551 -0.542 -0.341 -0.231 -0.184  0.222  0.428  0.391  0.119  0.014  0.168  0.141  0.018  0.030  0.046  0.096  0.044  0.051  0.112  0.145  0.260  0.350  0.347  0.258  0.498  0.463  0.570  0.667  0.630  0.551  0.751  0.876  1.000  0.851  0.746  0.628  0.521  0.515  0.264  0.114  0.009  0.288  0.367  0.106 -0.016 -0.199 -0.398 -0.396 -0.126  0.114  0.397  0.519  0.434  0.469  0.273 -0.263 -0.428 -0.608 -0.655 -0.623
 -0.534 -0.561 -0.404 -0.306  0.012  0.212  0.174  0.180  0.145  0.122 -0.018 -0.166 -0.313 -0.501 -0.500 -0.579 -0.528 -0.491 -0.259 -0.145 -0.116  0.303  0.528  0.438  0.144  0.028  0.165  0.132 -0.043 -0.061 -0.002  0.046 -0.046 -0.065  0.004  0.034  0.157  0.254  0.270  0.319  0.530  0.520  0.611  0.662  0.644  0.493  0.567  0.700  0.851  1.000  0.891  0.716  0.599  0.627  0.384  0.242  0.129  0.411  0.487  0.218  0.088 -0.131 -0.342 -0.360 -0.085  0.115  0.398  0.473  0.421  0.448  0.355 -0.191 -0.358 -0.556 -0.627 -0.601
 -0.574 -0.623 -0.476 -0.392 -0.022  0.183  0.176  0.195  0.159  0.119 -0.033 -0.217 -0.326 -0.539 -0.516 -0.586 -0.502 -0.459 -0.234 -0.063  0.018  0.473  0.649  0.591  0.306  0.114  0.238  0.234  0.054  0.001  0.025  0.072 -0.003 -0.029  0.025  0.057  0.166  0.273  0.276  0.265  0.512  0.501  0.580  0.608  0.557  0.436  0.504  0.606  0.746  0.891  1.000  0.875  0.779  0.769  0.508  0.285  0.142  0.444  0.462  0.162  0.019 -0.189 -0.420 -0.463 -0.208 -0.005  0.324  0.446  0.421  0.454  0.340 -0.227 -0.366 -0.559 -0.636 -0.602
 -0.535 -0.590 -0.462 -0.389 -0.026  0.128  0.157  0.172  0.135  0.079 -0.023 -0.191 -0.212 -0.429 -0.384 -0.455 -0.364 -0.366 -0.226 -0.005  0.187  0.640  0.786  0.789  0.550  0.342  0.441  0.434  0.252  0.182  0.141  0.111  0.063  0.062  0.056  0.094  0.154  0.241  0.257  0.140  0.427  0.405  0.492  0.493  0.402  0.324  0.410  0.495  0.628  0.716  0.875  1.000  0.877  0.764  0.512  0.216  0.029  0.303  0.257 -0.045 -0.148 -0.271 -0.474 -0.518 -0.346 -0.142  0.200  0.359  0.359  0.405  0.217 -0.260 -0.371 -0.537 -0.596 -0.550
 -0.482 -0.570 -0.489 -0.482 -0.158  0.020  0.066  0.112  0.083  0.032 -0.130 -0.323 -0.346 -0.523 -0.450 -0.468 -0.326 -0.247 -0.059  0.181  0.317  0.710  0.726  0.721  0.529  0.254  0.291  0.345  0.181  0.058  0.044  0.081  0.004 -0.022  0.003  0.053  0.131  0.227  0.221  0.105  0.341  0.308  0.371  0.390  0.320  0.268  0.355  0.416  0.521  0.599  0.779  0.877  1.000  0.884  0.674  0.378  0.231  0.469  0.362  0.103 -0.039 -0.200 -0.401 -0.482 -0.324 -0.208  0.102  0.256  0.262  0.298  0.214 -0.265 -0.306 -0.422 -0.498 -0.461
 -0.426 -0.539 -0.483 -0.526 -0.252 -0.049 -0.010  0.055  0.031 -0.007 -0.224 -0.422 -0.484 -0.615 -0.538 -0.505 -0.329 -0.174  0.090  0.317  0.366  0.711  0.671  0.575  0.393  0.106  0.106  0.173  0.006 -0.129 -0.093 -0.007 -0.109 -0.147 -0.071 -0.011  0.100  0.204  0.186  0.133  0.310  0.288  0.334  0.373  0.346  0.278  0.350  0.414  0.515  0.627  0.769  0.764  0.884  1.000  0.838  0.579  0.458  0.679  0.559  0.323  0.146 -0.094 -0.306 -0.408 -0.214 -0.173  0.093  0.210  0.207  0.238  0.262 -0.248 -0.256 -0.350 -0.444 -0.423
 -0.156 -0.298 -0.326 -0.474 -0.388 -0.249 -0.209 -0.130 -0.135 -0.148 -0.365 -0.495 -0.519 -0.523 -0.428 -0.300 -0.084  0.134  0.404  0.595  0.569  0.688  0.531  0.409  0.327  0.029 -0.026  0.073 -0.109 -0.262 -0.170 -0.116 -0.253 -0.284 -0.190 -0.117 -0.005  0.064  0.046  0.028  0.105  0.076  0.078  0.119  0.148  0.121  0.152  0.197  0.264  0.384  0.508  0.512  0.674  0.838  1.000  0.811  0.694  0.772  0.603  0.473  0.304  0.025 -0.097 -0.241 -0.098 -0.207 -0.073 -0.041 -0.039 -0.001  0.159 -0.192 -0.098 -0.106 -0.197 -0.198
  0.080 -0.051 -0.110 -0.310 -0.409 -0.309 -0.322 -0.248 -0.232 -0.202 -0.403 -0.444 -0.504 -0.401 -0.345 -0.165  0.024  0.271  0.581  0.612  0.456  0.420  0.286  0.114  0.071 -0.137 -0.203 -0.118 -0.300 -0.426 -0.253 -0.207 -0.389 -0.424 -0.319 -0.248 -0.118 -0.075 -0.084  0.016 -0.003 -0.049 -0.083 -0.014  0.093  0.078  0.060  0.091  0.114  0.242  0.285  0.216  0.378  0.579  0.811  1.000  0.859  0.789  0.708  0.689  0.548  0.182  0.165  0.002  0.137 -0.071 -0.087 -0.162 -0.194 -0.164  0.127 -0.107  0.034  0.069 -0.015 -0.039
  0.164  0.027 -0.054 -0.290 -0.471 -0.379 -0.393 -0.306 -0.279 -0.232 -0.459 -0.484 -0.563 -0.404 -0.348 -0.142  0.039  0.330  0.645  0.659  0.401  0.280  0.102 -0.074 -0.081 -0.269 -0.357 -0.250 -0.398 -0.521 -0.306 -0.215 -0.415 -0.457 -0.332 -0.265 -0.130 -0.095 -0.124  0.008 -0.089 -0.139 -0.194 -0.106  0.033  0.038  0.005  0.020  0.009  0.129  0.142  0.029  0.231  0.458  0.694  0.859  1.000  0.862  0.733  0.794  0.600  0.263  0.268  0.115  0.228 -0.038 -0.127 -0.250 -0.288 -0.272  0.110 -0.055  0.119  0.197  0.120  0.083
 -0.124 -0.257 -0.248 -0.402 -0.400 -0.215 -0.233 -0.147 -0.139 -0.112 -0.382 -0.491 -0.626 -0.591 -0.545 -0.408 -0.229  0.048  0.404  0.486  0.274  0.361  0.263  0.099 -0.015 -0.245 -0.273 -0.172 -0.333 -0.455 -0.268 -0.128 -0.322 -0.372 -0.247 -0.177 -0.015  0.067  0.038  0.125  0.128  0.086  0.066  0.165  0.259  0.215  0.213  0.249  0.288  0.411  0.444  0.303  0.469  0.679  0.772  0.789  0.862  1.000  0.884  0.777  0.524  0.164  0.066 -0.065  0.135 -0.006  0.045 -0.005 -0.058 -0.034  0.249 -0.130 -0.049 -0.055 -0.151 -0.168
 -0.158 -0.259 -0.215 -0.314 -0.306 -0.115 -0.169 -0.104 -0.098 -0.060 -0.309 -0.399 -0.573 -0.559 -0.548 -0.450 -0.318 -0.075  0.274  0.309  0.078  0.193  0.182  0.016 -0.139 -0.302 -0.283 -0.224 -0.377 -0.447 -0.253 -0.120 -0.302 -0.346 -0.219 -0.165  0.005  0.084  0.064  0.187  0.197  0.159  0.149  0.261  0.365  0.293  0.281  0.326  0.367  0.487  0.462  0.257  0.362  0.559  0.603  0.708  0.733  0.884  1.000  0.841  0.631  0.204  0.103 -0.015  0.224  0.121  0.161  0.095  0.015  0.040  0.291 -0.107 -0.076 -0.123 -0.219 -0.234
  0.081 -0.024 -0.054 -0.232 -0.390 -0.254 -0.310 -0.236 -0.212 -0.153 -0.380 -0.401 -0.551 -0.426 -0.421 -0.260 -0.145  0.120  0.424  0.392  0.095  0.043 -0.034 -0.215 -0.276 -0.385 -0.424 -0.358 -0.468 -0.539 -0.320 -0.182 -0.372 -0.429 -0.297 -0.256 -0.098 -0.060 -0.095  0.099 -0.008 -0.050 -0.093  0.023  0.182  0.150  0.102  0.121  0.106  0.218  0.162 -0.045  0.103  0.323  0.473  0.689  0.794  0.777  0.841  1.000  0.799  0.405  0.380  0.255  0.361  0.142  0.024 -0.115 -0.193 -0.192  0.194 -0.002  0.104  0.125  0.044  0.006
  0.150  0.080  0.015 -0.156 -0.359 -0.288 -0.342 -0.289 -0.261 -0.198 -0.368 -0.334 -0.445 -0.284 -0.260 -0.110 -0.034  0.156  0.354  0.301  0.055 -0.039 -0.106 -0.259 -0.282 -0.313 -0.374 -0.360 -0.414 -0.446 -0.295 -0.197 -0.307 -0.349 -0.222 -0.218 -0.108 -0.137 -0.169  0.061 -0.075 -0.118 -0.150 -0.051  0.113  0.076  0.003  0.016 -0.016  0.088  0.019 -0.148 -0.039  0.146  0.304  0.548  0.600  0.524  0.631  0.799  1.000  0.716  0.531  0.466  0.487  0.214 -0.002 -0.163 -0.229 -0.239  0.120  0.084  0.156  0.164  0.095  0.050
  0.185  0.172  0.119 -0.101 -0.314 -0.305 -0.323 -0.284 -0.247 -0.197 -0.280 -0.199 -0.248 -0.074 -0.057  0.053  0.063  0.144  0.189  0.119 -0.030 -0.148 -0.197 -0.278 -0.228 -0.194 -0.299 -0.291 -0.246 -0.310 -0.261 -0.130 -0.169 -0.224 -0.146 -0.153 -0.111 -0.193 -0.254 -0.000 -0.170 -0.212 -0.236 -0.185 -0.049 -0.066 -0.137 -0.144 -0.199 -0.131 -0.189 -0.271 -0.200 -0.094  0.025  0.182  0.263  0.164  0.204  0.405  0.716  1.000  0.599  0.681  0.474  0.184 -0.116 -0.244 -0.267 -0.300  0.021  0.182  0.174  0.246  0.236  0.190
  0.609  0.522  0.398  0.160 -0.304 -0.399 -0.464 -0.442 -0.401 -0.318 -0.346 -0.151 -0.149  0.159  0.153  0.395  0.381  0.441  0.388  0.222  0.064 -0.260 -0.344 -0.407 -0.310 -0.235 -0.273 -0.275 -0.337 -0.315 -0.142 -0.192 -0.320 -0.377 -0.368 -0.410 -0.346 -0.402 -0.407 -0.141 -0.338 -0.405 -0.483 -0.417 -0.238 -0.190 -0.280 -0.295 -0.398 -0.342 -0.420 -0.474 -0.401 -0.306 -0.097  0.165  0.268  0.066  0.103  0.380  0.531  0.599  1.000  0.848  0.522  0.225 -0.178 -0.456 -0.505 -0.534 -0.105  0.226  0.394  0.482  0.493  0.439
  0.501  0.518  0.468  0.287 -0.158 -0.269 -0.361 -0.363 -0.320 -0.229 -0.210  0.010 -0.019  0.261  0.228  0.365  0.290  0.296  0.223  0.045 -0.094 -0.372 -0.401 -0.452 -0.353 -0.219 -0.269 -0.293 -0.283 -0.266 -0.150 -0.159 -0.238 -0.283 -0.287 -0.320 -0.288 -0.372 -0.378 -0.090 -0.287 -0.365 -0.415 -0.352 -0.193 -0.173 -0.265 -0.293 -0.396 -0.360 -0.463 -0.518 -0.482 -0.408 -0.241  0.002  0.115 -0.065 -0.015  0.255  0.466  0.681  0.848  1.000  0.675  0.392 -0.063 -0.344 -0.411 -0.450 -0.103  0.247  0.313  0.403  0.428  0.379
  0.318  0.364  0.450  0.398 -0.008 -0.059 -0.269 -0.288 -0.237 -0.096 -0.150  0.048 -0.124  0.088  0.030  0.073  0.034  0.086  0.178  0.001 -0.195 -0.356 -0.319 -0.409 -0.417 -0.343 -0.310 -0.320 -0.395 -0.363 -0.148 -0.161 -0.318 -0.297 -0.256 -0.218 -0.116 -0.166 -0.150  0.035 -0.069 -0.199 -0.218 -0.063  0.141  0.118 -0.005 -0.038 -0.126 -0.085 -0.208 -0.346 -0.324 -0.214 -0.098  0.137  0.228  0.135  0.224  0.361  0.487  0.474  0.522  0.675  1.000  0.725  0.316 -0.060 -0.246 -0.235  0.006  0.073  0.111  0.169  0.145  0.109
  0.018  0.100  0.301  0.502  0.333  0.339  0.093  0.029  0.036  0.147  0.138  0.261  0.034  0.073 -0.029 -0.108 -0.185 -0.220 -0.140 -0.281 -0.387 -0.370 -0.221 -0.267 -0.371 -0.272 -0.149 -0.218 -0.268 -0.167 -0.044 -0.077 -0.153 -0.119 -0.125 -0.099 -0.009  0.005  0.038  0.153  0.174  0.071  0.101  0.248  0.363  0.271  0.172  0.149  0.114  0.115 -0.005 -0.142 -0.208 -0.173 -0.207 -0.071 -0.038 -0.006  0.121  0.142  0.214  0.184  0.225  0.392  0.725  1.000  0.701  0.326  0.105  0.101  0.105  0.004 -0.102 -0.165 -0.180 -0.183
 -0.316 -0.230  0.013  0.304  0.529  0.590  0.394  0.314  0.262  0.299  0.275  0.256  0.044 -0.119 -0.189 -0.349 -0.398 -0.446 -0.336 -0.369 -0.383 -0.160  0.036  0.008 -0.187 -0.153 -0.001 -0.082 -0.135 -0.043 -0.027 -0.033 -0.037 -0.007 -0.022  0.013  0.081  0.169  0.226  0.269  0.432  0.415  0.498  0.615  0.591  0.417  0.335  0.344  0.397  0.398  0.324  0.200  0.102  0.093 -0.073 -0.087 -0.127  0.045  0.161  0.024 -0.002 -0.116 -0.178 -0.063  0.316  0.701  1.000  0.717  0.509  0.476  0.289 -0.079 -0.295 -0.477 -0.512 -0.486
 -0.607 -0.509 -0.343  0.002  0.537  0.766  0.693  0.628  0.539  0.481  0.467  0.277  0.076 -0.261 -0.329 -0.533 -0.570 -0.622 -0.510 -0.462 -0.407 -0.035  0.154  0.146 -0.057 -0.067  0.013 -0.059  0.016  0.046 -0.124  0.021  0.150  0.137  0.134  0.167  0.191  0.346  0.364  0.351  0.595  0.638  0.776  0.812  0.628  0.410  0.408  0.398  0.519  0.473  0.446  0.359  0.256  0.210 -0.041 -0.162 -0.250 -0.005  0.095 -0.115 -0.163 -0.244 -0.456 -0.344 -0.060  0.326  0.717  1.000  0.872  0.772  0.429 -0.117 -0.402 -0.665 -0.703 -0.658
 -0.597 -0.509 -0.408 -0.094  0.544  0.725  0.746  0.679  0.573  0.460  0.493  0.258  0.141 -0.212 -0.257 -0.458 -0.486 -0.550 -0.493 -0.424 -0.339  0.018  0.188  0.177 -0.001  0.014  0.037 -0.057  0.081  0.101 -0.159  0.006  0.230  0.172  0.161  0.150  0.098  0.255  0.260  0.427  0.626  0.712  0.811  0.723  0.469  0.220  0.255  0.276  0.434  0.421  0.421  0.359  0.262  0.207 -0.039 -0.194 -0.288 -0.058  0.015 -0.193 -0.229 -0.267 -0.505 -0.411 -0.246  0.105  0.509  0.872  1.000  0.843  0.495 -0.007 -0.342 -0.629 -0.650 -0.604
 -0.594 -0.518 -0.390 -0.103  0.438  0.599  0.592  0.531  0.453  0.372  0.389  0.197  0.101 -0.230 -0.267 -0.460 -0.481 -0.555 -0.484 -0.398 -0.281  0.083  0.249  0.251  0.080  0.068  0.159  0.068  0.109  0.184  0.000  0.017  0.185  0.225  0.256  0.290  0.271  0.358  0.384  0.464  0.699  0.768  0.780  0.716  0.485  0.259  0.277  0.310  0.469  0.448  0.454  0.405  0.298  0.238 -0.001 -0.164 -0.272 -0.034  0.040 -0.192 -0.239 -0.300 -0.534 -0.450 -0.235  0.101  0.476  0.772  0.843  1.000  0.580  0.008 -0.394 -0.697 -0.725 -0.668
 -0.294 -0.312 -0.280 -0.212  0.072  0.246  0.214  0.215  0.171  0.154  0.041 -0.087 -0.241 -0.364 -0.392 -0.395 -0.361 -0.281 -0.122 -0.097 -0.161  0.036  0.125  0.045 -0.098 -0.162 -0.132 -0.145 -0.197 -0.242 -0.240 -0.119 -0.147 -0.231 -0.142 -0.105 -0.037  0.074  0.101  0.490  0.590  0.588  0.506  0.462  0.345  0.150  0.129  0.168  0.273  0.355  0.340  0.217  0.214  0.262  0.159  0.127  0.110  0.249  0.291  0.194  0.120  0.021 -0.105 -0.103  0.006  0.105  0.289  0.429  0.495  0.580  1.000  0.475  0.144 -0.228 -0.416 -0.457
  0.187  0.179  0.110  0.054 -0.006 -0.077 -0.052 -0.070 -0.078 -0.085 -0.038  0.014  0.033  0.120  0.100  0.160  0.124  0.110  0.036 -0.041 -0.091 -0.213 -0.195 -0.225 -0.194 -0.076 -0.102 -0.177 -0.151 -0.096 -0.099 -0.138 -0.100 -0.158 -0.094 -0.135 -0.171 -0.250 -0.190  0.334  0.111  0.137 -0.007 -0.104 -0.167 -0.257 -0.310 -0.290 -0.263 -0.191 -0.227 -0.260 -0.265 -0.248 -0.192 -0.107 -0.055 -0.130 -0.107 -0.002  0.084  0.182  0.226  0.247  0.073  0.004 -0.079 -0.117 -0.007  0.008  0.475  1.000  0.588  0.248  0.053 -0.039
  0.405  0.353  0.188  0.043 -0.213 -0.323 -0.312 -0.287 -0.275 -0.251 -0.229 -0.131 -0.058  0.148  0.151  0.310  0.310  0.361  0.282  0.202  0.103 -0.161 -0.267 -0.292 -0.187 -0.129 -0.192 -0.198 -0.209 -0.199 -0.142 -0.176 -0.213 -0.300 -0.262 -0.328 -0.321 -0.390 -0.324 -0.127 -0.269 -0.225 -0.347 -0.397 -0.355 -0.327 -0.377 -0.381 -0.428 -0.358 -0.366 -0.371 -0.306 -0.256 -0.098  0.034  0.119 -0.049 -0.076  0.104  0.156  0.174  0.394  0.313  0.111 -0.102 -0.295 -0.402 -0.342 -0.394  0.144  0.588  1.000  0.675  0.393  0.229
  0.590  0.532  0.338  0.079 -0.360 -0.530 -0.514 -0.472 -0.433 -0.377 -0.362 -0.191 -0.072  0.235  0.257  0.461  0.467  0.545  0.442  0.339  0.206 -0.185 -0.380 -0.397 -0.191 -0.155 -0.297 -0.233 -0.197 -0.261 -0.189 -0.173 -0.235 -0.328 -0.334 -0.395 -0.407 -0.480 -0.485 -0.384 -0.591 -0.539 -0.634 -0.663 -0.537 -0.418 -0.484 -0.502 -0.608 -0.556 -0.559 -0.537 -0.422 -0.350 -0.106  0.069  0.197 -0.055 -0.123  0.125  0.164  0.246  0.482  0.403  0.169 -0.165 -0.477 -0.665 -0.629 -0.697 -0.228  0.248  0.675  1.000  0.817  0.645
  0.620  0.574  0.391  0.129 -0.325 -0.516 -0.485 -0.456 -0.413 -0.363 -0.307 -0.114  0.014  0.323  0.335  0.522  0.503  0.551  0.411  0.291  0.174 -0.241 -0.431 -0.432 -0.199 -0.130 -0.289 -0.219 -0.139 -0.216 -0.160 -0.119 -0.160 -0.273 -0.337 -0.410 -0.464 -0.507 -0.546 -0.436 -0.667 -0.602 -0.679 -0.727 -0.603 -0.471 -0.522 -0.544 -0.655 -0.627 -0.636 -0.596 -0.498 -0.444 -0.197 -0.015  0.120 -0.151 -0.219  0.044  0.095  0.236  0.493  0.428  0.145 -0.180 -0.512 -0.703 -0.650 -0.725 -0.416  0.053  0.393  0.817  1.000  0.905
