  1.000  0.777  0.552  0.254 -0.191 -0.313 -0.350 -0.337 -0.343 -0.104 -0.177 -0.104 -0.041  0.264  0.343  0.648  0.647  0.629  0.452  0.292  0.212 -0.117 -0.309 -0.381 -0.238 -0.285 -0.464 -0.434 -0.343 -0.428 -0.467 -0.377 -0.303 -0.336 -0.423 -0.453 -0.467 -0.458 -0.384 -0.446 -0.528 -0.440 -0.503 -0.503 -0.382 -0.257 -0.359 -0.391 -0.482 -0.443 -0.451 -0.433 -0.355 -0.262 -0.039  0.112  0.197  0.010 -0.031  0.165  0.237  0.448  0.641  0.562  0.327  0.054 -0.261 -0.484 -0.529 -0.444 -0.268 -0.002  0.317  0.513  0.528  0.491
  0.777  1.000  0.681  0.435 -0.007 -0.144 -0.249 -0.273 -0.283 -0.104 -0.063  0.051  0.131  0.438  0.519  0.669  0.499  0.438  0.259  0.086  0.001 -0.302 -0.416 -0.461 -0.336 -0.312 -0.444 -0.425 -0.301 -0.339 -0.396 -0.317 -0.224 -0.240 -0.336 -0.376 -0.406 -0.408 -0.342 -0.389 -0.466 -0.384 -0.456 -0.473 -0.369 -0.257 -0.348 -0.401 -0.486 -0.475 -0.521 -0.516 -0.484 -0.428 -0.233 -0.053  0.021 -0.167 -0.167  0.041  0.166  0.387  0.592  0.634  0.385  0.159 -0.171 -0.381 -0.435 -0.363 -0.214  0.054  0.278  0.474  0.496  0.459
  0.552  0.681  1.000  0.684  0.229  0.044 -0.198 -0.331 -0.324  0.040  0.014  0.182  0.250  0.518  0.550  0.508  0.378  0.251  0.106 -0.046 -0.107 -0.339 -0.388 -0.401 -0.346 -0.292 -0.339 -0.347 -0.245 -0.232 -0.278 -0.234 -0.145 -0.141 -0.222 -0.259 -0.295 -0.307 -0.279 -0.325 -0.366 -0.302 -0.336 -0.330 -0.267 -0.177 -0.255 -0.290 -0.355 -0.370 -0.410 -0.424 -0.415 -0.384 -0.263 -0.132 -0.055 -0.152 -0.112  0.015  0.086  0.256  0.476  0.587  0.425  0.360  0.085 -0.224 -0.308 -0.271 -0.192  0.020  0.179  0.337  0.342  0.315
  0.254  0.435  0.684  1.000  0.632  0.421  0.086 -0.173 -0.132  0.115  0.246  0.485  0.528  0.647  0.516  0.351  0.149 -0.039 -0.189 -0.335 -0.348 -0.486 -0.411 -0.378 -0.372 -0.240 -0.192 -0.224 -0.117 -0.025 -0.077 -0.076  0.012  0.047 -0.022 -0.068 -0.111 -0.126 -0.128 -0.159 -0.163 -0.111 -0.125 -0.135 -0.143 -0.106 -0.155 -0.191 -0.226 -0.300 -0.377 -0.401 -0.473 -0.510 -0.471 -0.361 -0.328 -0.377 -0.293 -0.213 -0.129  0.002  0.216  0.450  0.379  0.571  0.351  0.078 -0.033 -0.056 -0.100  0.056  0.017  0.134  0.144  0.128
 -0.191 -0.007  0.229  0.632  1.000  0.758  0.424  0.123  0.118  0.186  0.365  0.559  0.625  0.438  0.312  0.033 -0.131 -0.320 -0.420 -0.470 -0.401 -0.350 -0.163 -0.080 -0.153 -0.006  0.153  0.107  0.133  0.264  0.237  0.170  0.192  0.232  0.242  0.220  0.209  0.201  0.149  0.155  0.205  0.226  0.251  0.218  0.102  0.038  0.069  0.052  0.092 -0.016 -0.079 -0.100 -0.220 -0.327 -0.427 -0.437 -0.476 -0.424 -0.341 -0.385 -0.338 -0.315 -0.223 -0.014  0.042  0.396  0.539  0.452  0.403  0.282  0.082  0.046 -0.221 -0.257 -0.274 -0.263
 -0.313 -0.144  0.044  0.421  0.758  1.000  0.551  0.255  0.187  0.144  0.319  0.490  0.486  0.276  0.146 -0.102 -0.234 -0.404 -0.462 -0.487 -0.399 -0.287 -0.095 -0.017 -0.101  0.026  0.187  0.133  0.142  0.276  0.259  0.179  0.197  0.253  0.270  0.264  0.257  0.247  0.207  0.254  0.322  0.316  0.338  0.313  0.178  0.081  0.130  0.110  0.170  0.060  0.004 -0.019 -0.141 -0.249 -0.379 -0.403 -0.468 -0.389 -0.294 -0.368 -0.332 -0.352 -0.306 -0.118 -0.017  0.357  0.503  0.568  0.520  0.396  0.179  0.062 -0.277 -0.336 -0.344 -0.319
 -0.350 -0.249 -0.198  0.086  0.424  0.551  1.000  0.728  0.578  0.139  0.268  0.293  0.324  0.099 -0.011 -0.160 -0.233 -0.339 -0.377 -0.366 -0.280 -0.149 -0.014  0.041 -0.010  0.094  0.199  0.166  0.135  0.202  0.200  0.134  0.090  0.108  0.172  0.190  0.249  0.316  0.327  0.289  0.343  0.385  0.387  0.335  0.187  0.077  0.154  0.110  0.168  0.067  0.029  0.019 -0.052 -0.138 -0.254 -0.307 -0.367 -0.296 -0.243 -0.310 -0.302 -0.346 -0.363 -0.284 -0.211  0.017  0.218  0.522  0.480  0.361  0.088 -0.018 -0.324 -0.394 -0.400 -0.364
 -0.337 -0.273 -0.331 -0.173  0.123  0.255  0.728  1.000  0.736  0.118  0.138  0.017 -0.006 -0.169 -0.180 -0.237 -0.240 -0.233 -0.215 -0.166 -0.126 -0.005  0.037  0.074  0.034  0.034  0.094  0.084  0.016  0.036  0.069  0.021 -0.032 -0.019  0.045  0.098  0.165  0.215  0.254  0.252  0.282  0.295  0.281  0.248  0.144  0.063  0.135  0.088  0.141  0.099  0.099  0.086  0.084  0.042 -0.050 -0.118 -0.154 -0.086 -0.080 -0.142 -0.169 -0.241 -0.330 -0.327 -0.226 -0.132  0.084  0.377  0.357  0.268  0.115 -0.045 -0.257 -0.327 -0.326 -0.309
 -0.343 -0.283 -0.324 -0.132  0.118  0.187  0.578  0.736  1.000  0.314  0.342  0.220  0.126 -0.059 -0.137 -0.218 -0.235 -0.261 -0.252 -0.216 -0.170 -0.059  0.009  0.050  0.005  0.029  0.098  0.082  0.026  0.055  0.081  0.035 -0.017  0.002  0.064  0.096  0.162  0.212  0.231  0.201  0.225  0.256  0.241  0.198  0.112  0.045  0.105  0.074  0.114  0.073  0.061  0.050  0.030 -0.021 -0.115 -0.169 -0.211 -0.146 -0.123 -0.189 -0.204 -0.259 -0.337 -0.323 -0.237 -0.141  0.033  0.291  0.277  0.189  0.009 -0.054 -0.314 -0.330 -0.296 -0.273
 -0.104 -0.104  0.040  0.115  0.186  0.144  0.139  0.118  0.314  1.000  0.655  0.397  0.259  0.178  0.090  0.023 -0.057 -0.152 -0.200 -0.211 -0.175 -0.156 -0.075 -0.032 -0.058 -0.017  0.062  0.048  0.039  0.093  0.101  0.068  0.078  0.111  0.110  0.076  0.093  0.110  0.103  0.049  0.041  0.057  0.043 -0.007 -0.076 -0.068 -0.062 -0.026 -0.008 -0.041 -0.054 -0.050 -0.113 -0.169 -0.211 -0.256 -0.238 -0.213 -0.217 -0.250 -0.297 -0.258 -0.187 -0.111 -0.148  0.038  0.017 -0.009  0.030  0.025 -0.022  0.015 -0.099 -0.183 -0.176 -0.172
 -0.177 -0.063  0.014  0.246  0.365  0.319  0.268  0.138  0.342  0.655  1.000  0.729  0.571  0.390  0.205  0.041 -0.118 -0.269 -0.340 -0.374 -0.326 -0.299 -0.160 -0.087 -0.129 -0.030  0.090  0.073  0.101  0.191  0.188  0.153  0.181  0.231  0.224  0.165  0.149  0.145  0.104  0.052  0.060  0.067  0.066 -0.002 -0.086 -0.078 -0.062 -0.058 -0.026 -0.089 -0.131 -0.120 -0.226 -0.321 -0.381 -0.398 -0.407 -0.389 -0.370 -0.389 -0.382 -0.325 -0.268 -0.120 -0.149  0.057  0.036  0.082  0.109  0.061 -0.038  0.002 -0.152 -0.199 -0.171 -0.156
 -0.104  0.051  0.182  0.485  0.559  0.490  0.293  0.017  0.220  0.397  0.729  1.000  0.804  0.623  0.371  0.149 -0.043 -0.265 -0.388 -0.468 -0.399 -0.402 -0.230 -0.156 -0.183 -0.037  0.071  0.043  0.108  0.203  0.168  0.137  0.177  0.217  0.196  0.129  0.112  0.115  0.077  0.023  0.039  0.080  0.081  0.008 -0.062 -0.070 -0.070 -0.078 -0.066 -0.151 -0.223 -0.217 -0.351 -0.455 -0.501 -0.464 -0.500 -0.505 -0.435 -0.426 -0.359 -0.279 -0.167  0.015 -0.030  0.189  0.128  0.160  0.139  0.082 -0.070  0.031 -0.148 -0.130 -0.115 -0.105
 -0.041  0.131  0.250  0.528  0.625  0.486  0.324 -0.006  0.126  0.259  0.571  0.804  1.000  0.781  0.530  0.259  0.049 -0.197 -0.348 -0.431 -0.353 -0.381 -0.215 -0.135 -0.156 -0.002  0.099  0.075  0.135  0.217  0.174  0.148  0.175  0.198  0.194  0.121  0.115  0.129  0.077  0.011  0.029  0.067  0.064 -0.013 -0.088 -0.079 -0.075 -0.096 -0.086 -0.176 -0.246 -0.219 -0.345 -0.458 -0.494 -0.464 -0.503 -0.524 -0.466 -0.450 -0.378 -0.286 -0.157  0.028 -0.044  0.166  0.118  0.146  0.136  0.073 -0.091  0.021 -0.133 -0.120 -0.108 -0.093
  0.264  0.438  0.518  0.647  0.438  0.276  0.099 -0.169 -0.059  0.178  0.390  0.623  0.781  1.000  0.757  0.518  0.280  0.031 -0.157 -0.296 -0.269 -0.424 -0.334 -0.287 -0.257 -0.120 -0.092 -0.113 -0.021  0.031 -0.026 -0.028  0.033  0.055  0.008 -0.060 -0.074 -0.061 -0.068 -0.152 -0.181 -0.120 -0.158 -0.236 -0.243 -0.183 -0.223 -0.252 -0.280 -0.344 -0.418 -0.386 -0.476 -0.545 -0.488 -0.393 -0.387 -0.485 -0.442 -0.347 -0.248 -0.082  0.118  0.296  0.137  0.225 -0.003 -0.092 -0.116 -0.114 -0.171  0.054  0.028  0.121  0.140  0.136
  0.343  0.519  0.550  0.516  0.312  0.146 -0.011 -0.180 -0.137  0.090  0.205  0.371  0.530  0.757  1.000  0.693  0.435  0.182 -0.031 -0.147 -0.101 -0.275 -0.236 -0.200 -0.160 -0.060 -0.075 -0.096 -0.032 -0.023 -0.082 -0.074 -0.033 -0.036 -0.068 -0.112 -0.109 -0.096 -0.103 -0.170 -0.196 -0.151 -0.197 -0.266 -0.266 -0.181 -0.220 -0.250 -0.281 -0.323 -0.366 -0.308 -0.356 -0.415 -0.344 -0.274 -0.275 -0.379 -0.376 -0.287 -0.196 -0.034  0.177  0.293  0.103  0.136 -0.052 -0.168 -0.175 -0.161 -0.175  0.027  0.063  0.143  0.153  0.149
  0.648  0.669  0.508  0.351  0.033 -0.102 -0.160 -0.237 -0.218  0.023  0.041  0.149  0.259  0.518  0.693  1.000  0.713  0.484  0.257  0.127  0.128 -0.156 -0.247 -0.266 -0.166 -0.159 -0.253 -0.244 -0.186 -0.243 -0.288 -0.239 -0.193 -0.219 -0.274 -0.312 -0.301 -0.284 -0.250 -0.328 -0.384 -0.314 -0.368 -0.422 -0.375 -0.249 -0.320 -0.351 -0.403 -0.404 -0.429 -0.372 -0.363 -0.345 -0.173 -0.069 -0.035 -0.204 -0.256 -0.113 -0.020  0.176  0.410  0.406  0.133  0.017 -0.229 -0.366 -0.381 -0.332 -0.260 -0.001  0.183  0.326  0.343  0.328
  0.647  0.499  0.378  0.149 -0.131 -0.234 -0.233 -0.240 -0.235 -0.057 -0.118 -0.043  0.049  0.280  0.435  0.713  1.000  0.784  0.502  0.381  0.432  0.102 -0.070 -0.113 -0.022 -0.111 -0.232 -0.219 -0.225 -0.327 -0.344 -0.304 -0.293 -0.330 -0.359 -0.367 -0.323 -0.294 -0.248 -0.316 -0.379 -0.309 -0.366 -0.392 -0.331 -0.220 -0.277 -0.282 -0.332 -0.303 -0.275 -0.209 -0.138 -0.080  0.109  0.178  0.183  0.024 -0.066  0.033  0.089  0.217  0.379  0.277  0.089 -0.083 -0.277 -0.410 -0.414 -0.355 -0.261 -0.058  0.173  0.282  0.290  0.284
  0.629  0.438  0.251 -0.039 -0.320 -0.404 -0.339 -0.233 -0.261 -0.152 -0.269 -0.265 -0.197  0.031  0.182  0.484  0.784  1.000  0.767  0.640  0.597  0.234 -0.041 -0.129  0.009 -0.157 -0.352 -0.308 -0.319 -0.459 -0.461 -0.389 -0.381 -0.435 -0.471 -0.461 -0.420 -0.397 -0.321 -0.367 -0.446 -0.368 -0.439 -0.433 -0.332 -0.218 -0.287 -0.295 -0.353 -0.297 -0.247 -0.195 -0.049  0.076  0.320  0.401  0.455  0.281  0.158  0.277  0.272  0.337  0.419  0.258  0.117 -0.157 -0.336 -0.492 -0.497 -0.417 -0.258 -0.073  0.241  0.373  0.372  0.355
  0.452  0.259  0.106 -0.189 -0.420 -0.462 -0.377 -0.215 -0.252 -0.200 -0.340 -0.388 -0.348 -0.157 -0.031  0.257  0.502  0.767  1.000  0.788  0.607  0.310  0.029 -0.088  0.012 -0.175 -0.360 -0.316 -0.345 -0.483 -0.465 -0.393 -0.394 -0.440 -0.466 -0.441 -0.405 -0.385 -0.302 -0.326 -0.395 -0.329 -0.385 -0.353 -0.235 -0.161 -0.217 -0.217 -0.254 -0.179 -0.111 -0.095  0.084  0.257  0.506  0.616  0.679  0.517  0.383  0.478  0.423  0.387  0.352  0.181  0.145 -0.158 -0.304 -0.450 -0.459 -0.373 -0.202 -0.090  0.223  0.332  0.313  0.293
  0.292  0.086 -0.046 -0.335 -0.470 -0.487 -0.366 -0.166 -0.216 -0.211 -0.374 -0.468 -0.431 -0.296 -0.147  0.127  0.381  0.640  0.788  1.000  0.805  0.528  0.228  0.110  0.189 -0.046 -0.219 -0.174 -0.263 -0.422 -0.387 -0.337 -0.375 -0.428 -0.423 -0.382 -0.322 -0.299 -0.233 -0.247 -0.303 -0.259 -0.295 -0.265 -0.177 -0.119 -0.155 -0.129 -0.135 -0.043  0.053  0.091  0.282  0.453  0.668  0.660  0.714  0.603  0.440  0.479  0.380  0.279  0.207  0.007  0.006 -0.266 -0.304 -0.410 -0.388 -0.317 -0.167 -0.122  0.168  0.222  0.196  0.189
  0.212  0.001 -0.107 -0.348 -0.401 -0.399 -0.280 -0.126 -0.170 -0.175 -0.326 -0.399 -0.353 -0.269 -0.101  0.128  0.432  0.597  0.607  0.805  1.000  0.753  0.453  0.339  0.411  0.155 -0.006  0.023 -0.119 -0.291 -0.258 -0.243 -0.315 -0.370 -0.334 -0.288 -0.204 -0.175 -0.137 -0.152 -0.179 -0.169 -0.181 -0.168 -0.123 -0.089 -0.103 -0.047 -0.026  0.075  0.187  0.275  0.419  0.538  0.683  0.587  0.540  0.466  0.291  0.273  0.210  0.122  0.070 -0.115 -0.122 -0.309 -0.278 -0.325 -0.277 -0.225 -0.135 -0.137  0.079  0.058  0.028  0.039
 -0.117 -0.302 -0.339 -0.486 -0.350 -0.287 -0.149 -0.005 -0.059 -0.156 -0.299 -0.402 -0.381 -0.424 -0.275 -0.156  0.102  0.234  0.310  0.528  0.753  1.000  0.788  0.675  0.691  0.466  0.305  0.299  0.117 -0.055 -0.033 -0.060 -0.168 -0.223 -0.153 -0.092 -0.001  0.041  0.043  0.049  0.075  0.029  0.089  0.105  0.097  0.047  0.086  0.187  0.265  0.393  0.531  0.642  0.717  0.765  0.723  0.523  0.409  0.468  0.310  0.189  0.100 -0.062 -0.189 -0.355 -0.276 -0.336 -0.152 -0.094 -0.027 -0.019 -0.011 -0.163 -0.082 -0.227 -0.266 -0.239
 -0.309 -0.416 -0.388 -0.411 -0.163 -0.095 -0.014  0.037  0.009 -0.075 -0.160 -0.230 -0.215 -0.334 -0.236 -0.247 -0.070 -0.041  0.029  0.228  0.453  0.788  1.000  0.855  0.719  0.617  0.583  0.506  0.270  0.157  0.184  0.088 -0.045 -0.068  0.029  0.091  0.204  0.278  0.235  0.215  0.280  0.211  0.321  0.311  0.258  0.153  0.231  0.350  0.470  0.576  0.669  0.779  0.700  0.657  0.508  0.317  0.149  0.266  0.190  0.006 -0.057 -0.216 -0.346 -0.444 -0.337 -0.256 -0.010  0.120  0.187  0.158  0.076 -0.148 -0.222 -0.434 -0.482 -0.442
 -0.381 -0.461 -0.401 -0.378 -0.080 -0.017  0.041  0.074  0.050 -0.032 -0.087 -0.156 -0.135 -0.287 -0.200 -0.266 -0.113 -0.129 -0.088  0.110  0.339  0.675  0.855  1.000  0.828  0.643  0.709  0.677  0.417  0.308  0.356  0.255  0.107  0.076  0.183  0.221  0.306  0.355  0.255  0.251  0.344  0.201  0.323  0.326  0.250  0.177  0.260  0.367  0.471  0.542  0.650  0.801  0.714  0.578  0.393  0.164 -0.002  0.138  0.068 -0.139 -0.188 -0.322 -0.431 -0.507 -0.412 -0.268  0.020  0.172  0.255  0.182  0.068 -0.182 -0.286 -0.501 -0.541 -0.486
 -0.238 -0.336 -0.346 -0.372 -0.153 -0.101 -0.010  0.034  0.005 -0.058 -0.129 -0.183 -0.156 -0.257 -0.160 -0.166 -0.022  0.009  0.012  0.189  0.411  0.691  0.719  0.828  1.000  0.768  0.601  0.652  0.491  0.273  0.270  0.246  0.104  0.014  0.089  0.095  0.171  0.214  0.148  0.141  0.203  0.107  0.180  0.151  0.080  0.042  0.089  0.181  0.267  0.348  0.460  0.617  0.579  0.474  0.368  0.171  0.043  0.120  0.017 -0.120 -0.167 -0.262 -0.331 -0.421 -0.390 -0.313 -0.102  0.022  0.113  0.064 -0.005 -0.151 -0.181 -0.339 -0.370 -0.327
 -0.285 -0.312 -0.292 -0.240 -0.006  0.026  0.094  0.034  0.029 -0.017 -0.030 -0.037 -0.002 -0.120 -0.060 -0.159 -0.111 -0.157 -0.175 -0.046  0.155  0.466  0.617  0.643  0.768  1.000  0.749  0.663  0.631  0.486  0.375  0.332  0.233  0.139  0.182  0.168  0.232  0.320  0.238  0.185  0.258  0.199  0.274  0.207  0.112  0.051  0.111  0.174  0.257  0.284  0.329  0.470  0.383  0.254  0.110 -0.034 -0.148 -0.073 -0.119 -0.229 -0.255 -0.321 -0.362 -0.376 -0.352 -0.207 -0.026  0.120  0.182  0.113 -0.005 -0.114 -0.217 -0.363 -0.384 -0.342
 -0.464 -0.444 -0.339 -0.192  0.153  0.187  0.199  0.094  0.098  0.062  0.090  0.071  0.099 -0.092 -0.075 -0.253 -0.232 -0.352 -0.360 -0.219 -0.006  0.305  0.583  0.709  0.601  0.749  1.000  0.858  0.645  0.666  0.675  0.500  0.364  0.369  0.471  0.485  0.554  0.620  0.466  0.411  0.519  0.368  0.453  0.391  0.245  0.154  0.255  0.318  0.426  0.410  0.442  0.563  0.413  0.230  0.020 -0.160 -0.312 -0.174 -0.175 -0.362 -0.380 -0.464 -0.517 -0.489 -0.419 -0.151  0.127  0.327  0.411  0.321  0.135 -0.087 -0.350 -0.594 -0.640 -0.580
 -0.434 -0.425 -0.347 -0.224  0.107  0.133  0.166  0.084  0.082  0.048  0.073  0.043  0.075 -0.113 -0.096 -0.244 -0.219 -0.308 -0.316 -0.174  0.023  0.299  0.506  0.677  0.652  0.663  0.858  1.000  0.783  0.665  0.741  0.653  0.460  0.399  0.515  0.477  0.531  0.550  0.392  0.359  0.448  0.281  0.345  0.285  0.141  0.094  0.172  0.234  0.330  0.322  0.388  0.506  0.394  0.217  0.035 -0.150 -0.284 -0.160 -0.184 -0.356 -0.380 -0.454 -0.497 -0.489 -0.450 -0.218  0.052  0.234  0.339  0.243  0.082 -0.108 -0.316 -0.538 -0.575 -0.512
 -0.343 -0.301 -0.245 -0.117  0.133  0.142  0.135  0.016  0.026  0.039  0.101  0.108  0.135 -0.021 -0.032 -0.186 -0.225 -0.319 -0.345 -0.263 -0.119  0.117  0.270  0.417  0.491  0.631  0.645  0.783  1.000  0.815  0.682  0.757  0.682  0.508  0.504  0.371  0.303  0.322  0.175  0.161  0.279  0.106  0.176  0.123  0.012  0.021  0.061  0.090  0.140  0.107  0.157  0.282  0.191  0.013 -0.139 -0.270 -0.351 -0.273 -0.286 -0.381 -0.390 -0.401 -0.395 -0.345 -0.351 -0.150  0.013  0.142  0.212  0.084 -0.039 -0.132 -0.241 -0.335 -0.341 -0.289
 -0.428 -0.339 -0.232 -0.025  0.264  0.276  0.202  0.036  0.055  0.093  0.191  0.203  0.217  0.031 -0.023 -0.243 -0.327 -0.459 -0.483 -0.422 -0.291 -0.055  0.157  0.308  0.273  0.486  0.666  0.665  0.815  1.000  0.849  0.770  0.776  0.739  0.712  0.628  0.515  0.504  0.333  0.333  0.456  0.238  0.287  0.234  0.089  0.063  0.134  0.146  0.203  0.122  0.134  0.225  0.100 -0.089 -0.272 -0.392 -0.472 -0.369 -0.335 -0.449 -0.446 -0.457 -0.450 -0.346 -0.315 -0.046  0.132  0.294  0.368  0.265  0.113 -0.026 -0.286 -0.443 -0.471 -0.418
 -0.467 -0.396 -0.278 -0.077  0.237  0.259  0.200  0.069  0.081  0.101  0.188  0.168  0.174 -0.026 -0.082 -0.288 -0.344 -0.461 -0.465 -0.387 -0.258 -0.033  0.184  0.356  0.270  0.375  0.675  0.741  0.682  0.849  1.000  0.841  0.720  0.754  0.823  0.764  0.708  0.648  0.463  0.452  0.528  0.312  0.334  0.280  0.118  0.079  0.161  0.186  0.258  0.188  0.213  0.276  0.155 -0.020 -0.205 -0.339 -0.428 -0.305 -0.271 -0.417 -0.426 -0.468 -0.484 -0.401 -0.354 -0.083  0.136  0.314  0.416  0.344  0.186  0.005 -0.307 -0.538 -0.582 -0.523
 -0.377 -0.317 -0.234 -0.076  0.170  0.179  0.134  0.021  0.035  0.068  0.153  0.137  0.148 -0.028 -0.074 -0.239 -0.304 -0.389 -0.393 -0.337 -0.243 -0.060  0.088  0.255  0.246  0.332  0.500  0.653  0.757  0.770  0.841  1.000  0.865  0.729  0.752  0.578  0.434  0.380  0.214  0.225  0.325  0.116  0.162  0.137  0.024  0.049  0.093  0.100  0.133  0.066  0.103  0.182  0.096 -0.067 -0.213 -0.322 -0.378 -0.290 -0.276 -0.372 -0.381 -0.390 -0.386 -0.316 -0.310 -0.101  0.060  0.185  0.257  0.149  0.028 -0.090 -0.245 -0.360 -0.373 -0.323
 -0.303 -0.224 -0.145  0.012  0.192  0.197  0.090 -0.032 -0.017  0.078  0.181  0.177  0.175  0.033 -0.033 -0.193 -0.293 -0.381 -0.394 -0.375 -0.315 -0.168 -0.045  0.107  0.104  0.233  0.364  0.460  0.682  0.776  0.720  0.865  1.000  0.853  0.732  0.551  0.301  0.240  0.088  0.118  0.242  0.017  0.073  0.065 -0.022  0.022  0.049  0.038  0.048 -0.029 -0.007  0.068 -0.015 -0.169 -0.295 -0.369 -0.397 -0.335 -0.307 -0.363 -0.355 -0.330 -0.302 -0.203 -0.208 -0.021  0.069  0.151  0.199  0.097  0.013 -0.077 -0.192 -0.249 -0.253 -0.213
 -0.336 -0.240 -0.141  0.047  0.232  0.253  0.108 -0.019  0.002  0.111  0.231  0.217  0.198  0.055 -0.036 -0.219 -0.330 -0.435 -0.440 -0.428 -0.370 -0.223 -0.068  0.076  0.014  0.139  0.369  0.399  0.508  0.739  0.754  0.729  0.853  1.000  0.886  0.768  0.513  0.400  0.253  0.279  0.374  0.130  0.156  0.137  0.025  0.028  0.077  0.070  0.098  0.015  0.018  0.062 -0.046 -0.191 -0.326 -0.392 -0.428 -0.352 -0.301 -0.374 -0.358 -0.345 -0.323 -0.205 -0.180  0.029  0.125  0.230  0.298  0.248  0.163  0.032 -0.203 -0.341 -0.369 -0.328
 -0.423 -0.336 -0.222 -0.022  0.242  0.270  0.172  0.045  0.064  0.110  0.224  0.196  0.194  0.008 -0.068 -0.274 -0.359 -0.471 -0.466 -0.423 -0.334 -0.153  0.029  0.183  0.089  0.182  0.471  0.515  0.504  0.712  0.823  0.752  0.732  0.886  1.000  0.890  0.709  0.565  0.400  0.439  0.503  0.266  0.271  0.235  0.084  0.060  0.134  0.139  0.194  0.109  0.121  0.160  0.043 -0.108 -0.270 -0.370 -0.433 -0.325 -0.277 -0.396 -0.396 -0.417 -0.421 -0.317 -0.272 -0.028  0.144  0.305  0.409  0.367  0.250  0.074 -0.246 -0.468 -0.512 -0.465
 -0.453 -0.376 -0.259 -0.068  0.220  0.264  0.190  0.098  0.096  0.076  0.165  0.129  0.121 -0.060 -0.112 -0.312 -0.367 -0.461 -0.441 -0.382 -0.288 -0.092  0.091  0.221  0.095  0.168  0.485  0.477  0.371  0.628  0.764  0.578  0.551  0.768  0.890  1.000  0.844  0.662  0.503  0.558  0.593  0.386  0.368  0.325  0.160  0.086  0.181  0.198  0.273  0.198  0.202  0.213  0.105 -0.023 -0.192 -0.302 -0.376 -0.248 -0.198 -0.340 -0.352 -0.407 -0.438 -0.352 -0.270 -0.023  0.181  0.367  0.472  0.470  0.342  0.143 -0.248 -0.528 -0.591 -0.548
 -0.467 -0.406 -0.295 -0.111  0.209  0.257  0.249  0.165  0.162  0.093  0.149  0.112  0.115 -0.074 -0.109 -0.301 -0.323 -0.420 -0.405 -0.322 -0.204 -0.001  0.204  0.306  0.171  0.232  0.554  0.531  0.303  0.515  0.708  0.434  0.301  0.513  0.709  0.844  1.000  0.854  0.695  0.684  0.638  0.515  0.458  0.381  0.195  0.090  0.198  0.224  0.327  0.271  0.278  0.275  0.168  0.057 -0.114 -0.236 -0.330 -0.192 -0.149 -0.314 -0.339 -0.425 -0.477 -0.418 -0.327 -0.075  0.170  0.389  0.502  0.512  0.355  0.170 -0.273 -0.601 -0.663 -0.614
 -0.458 -0.408 -0.307 -0.126  0.201  0.247  0.316  0.215  0.212  0.110  0.145  0.115  0.129 -0.061 -0.096 -0.284 -0.294 -0.397 -0.385 -0.299 -0.175  0.041  0.278  0.355  0.214  0.320  0.620  0.550  0.322  0.504  0.648  0.380  0.240  0.400  0.565  0.662  0.854  1.000  0.831  0.647  0.637  0.564  0.518  0.425  0.246  0.120  0.231  0.260  0.365  0.313  0.306  0.305  0.194  0.085 -0.088 -0.209 -0.310 -0.174 -0.133 -0.295 -0.322 -0.414 -0.474 -0.431 -0.337 -0.087  0.165  0.399  0.478  0.479  0.280  0.089 -0.314 -0.625 -0.686 -0.630
 -0.384 -0.342 -0.279 -0.128  0.149  0.207  0.327  0.254  0.231  0.103  0.104  0.077  0.077 -0.068 -0.103 -0.250 -0.248 -0.321 -0.302 -0.233 -0.137  0.043  0.235  0.255  0.148  0.238  0.466  0.392  0.175  0.333  0.463  0.214  0.088  0.253  0.400  0.503  0.695  0.831  1.000  0.778  0.674  0.658  0.544  0.414  0.234  0.073  0.183  0.212  0.324  0.299  0.281  0.234  0.146  0.088 -0.049 -0.139 -0.224 -0.107 -0.066 -0.206 -0.236 -0.335 -0.403 -0.375 -0.273 -0.073  0.133  0.370  0.465  0.542  0.417  0.228 -0.233 -0.569 -0.657 -0.622
 -0.446 -0.389 -0.325 -0.159  0.155  0.254  0.289  0.252  0.201  0.049  0.052  0.023  0.011 -0.152 -0.170 -0.328 -0.316 -0.367 -0.326 -0.247 -0.152  0.049  0.215  0.251  0.141  0.185  0.411  0.359  0.161  0.333  0.452  0.225  0.118  0.279  0.439  0.558  0.684  0.647  0.778  1.000  0.823  0.735  0.587  0.460  0.256  0.076  0.204  0.241  0.367  0.332  0.315  0.265  0.186  0.126 -0.032 -0.138 -0.226 -0.090 -0.044 -0.208 -0.241 -0.359 -0.449 -0.405 -0.265 -0.052  0.182  0.437  0.589  0.687  0.624  0.419 -0.197 -0.559 -0.674 -0.660
 -0.528 -0.466 -0.366 -0.163  0.205  0.322  0.343  0.282  0.225  0.041  0.060  0.039  0.029 -0.181 -0.196 -0.384 -0.379 -0.446 -0.395 -0.303 -0.179  0.075  0.280  0.344  0.203  0.258  0.519  0.448  0.279  0.456  0.528  0.325  0.242  0.374  0.503  0.593  0.638  0.637  0.674  0.823  1.000  0.739  0.669  0.565  0.345  0.145  0.289  0.337  0.472  0.418  0.394  0.360  0.251  0.160 -0.038 -0.168 -0.279 -0.118 -0.062 -0.252 -0.277 -0.405 -0.504 -0.449 -0.288 -0.028  0.268  0.557  0.695  0.731  0.587  0.267 -0.304 -0.625 -0.737 -0.707
 -0.440 -0.384 -0.302 -0.111  0.226  0.316  0.385  0.295  0.256  0.057  0.067  0.080  0.067 -0.120 -0.151 -0.314 -0.309 -0.368 -0.329 -0.259 -0.169  0.029  0.211  0.201  0.107  0.199  0.368  0.281  0.106  0.238  0.312  0.116  0.017  0.130  0.266  0.386  0.515  0.564  0.658  0.735  0.739  1.000  0.804  0.594  0.343  0.090  0.223  0.270  0.430  0.394  0.327  0.218  0.143  0.118 -0.041 -0.126 -0.206 -0.066 -0.007 -0.160 -0.202 -0.340 -0.427 -0.382 -0.241 -0.008  0.262  0.547  0.673  0.766  0.547  0.348 -0.225 -0.541 -0.647 -0.632
 -0.503 -0.456 -0.336 -0.125  0.251  0.338  0.387  0.281  0.241  0.043  0.066  0.081  0.064 -0.158 -0.197 -0.368 -0.366 -0.439 -0.385 -0.295 -0.181  0.089  0.321  0.323  0.180  0.274  0.453  0.345  0.176  0.287  0.334  0.162  0.073  0.156  0.271  0.368  0.458  0.518  0.544  0.587  0.669  0.804  1.000  0.820  0.538  0.219  0.368  0.424  0.604  0.558  0.467  0.371  0.252  0.188 -0.020 -0.136 -0.237 -0.069 -0.002 -0.183 -0.215 -0.356 -0.449 -0.402 -0.253  0.017  0.362  0.667  0.705  0.673  0.419  0.147 -0.308 -0.586 -0.677 -0.652
 -0.503 -0.473 -0.330 -0.135  0.218  0.313  0.335  0.248  0.198 -0.007 -0.002  0.008 -0.013 -0.236 -0.266 -0.422 -0.392 -0.433 -0.353 -0.265 -0.168  0.105  0.311  0.326  0.151  0.207  0.391  0.285  0.123  0.234  0.280  0.137  0.065  0.137  0.235  0.325  0.381  0.425  0.414  0.460  0.565  0.594  0.820  1.000  0.785  0.432  0.579  0.631  0.686  0.571  0.490  0.408  0.304  0.238  0.019 -0.101 -0.193 -0.022  0.047 -0.131 -0.151 -0.282 -0.386 -0.353 -0.181  0.071  0.439  0.710  0.639  0.561  0.318  0.015 -0.346 -0.561 -0.633 -0.605
 -0.382 -0.369 -0.267 -0.143  0.102  0.178  0.187  0.144  0.112 -0.076 -0.086 -0.062 -0.088 -0.243 -0.266 -0.375 -0.331 -0.332 -0.235 -0.177 -0.123  0.097  0.258  0.250  0.080  0.112  0.245  0.141  0.012  0.089  0.118  0.024 -0.022  0.025  0.084  0.160  0.195  0.246  0.234  0.256  0.345  0.343  0.538  0.785  1.000  0.674  0.618  0.630  0.538  0.497  0.430  0.349  0.262  0.226  0.058 -0.017 -0.096  0.033  0.100 -0.030 -0.015 -0.097 -0.219 -0.221 -0.034  0.126  0.385  0.520  0.408  0.321  0.156 -0.085 -0.279 -0.382 -0.437 -0.419
 -0.257 -0.257 -0.177 -0.106  0.038  0.081  0.077  0.063  0.045 -0.068 -0.078 -0.070 -0.079 -0.183 -0.181 -0.249 -0.220 -0.218 -0.161 -0.119 -0.089  0.047  0.153  0.177  0.042  0.051  0.154  0.094  0.021  0.063  0.079  0.049  0.022  0.028  0.060  0.086  0.090  0.120  0.073  0.076  0.145  0.090  0.219  0.432  0.674  1.000  0.742  0.523  0.331  0.272  0.256  0.244  0.190  0.134  0.017 -0.041 -0.086 -0.005  0.027 -0.046 -0.041 -0.083 -0.156 -0.172 -0.092  0.004  0.214  0.296  0.191  0.089 -0.013 -0.183 -0.232 -0.229 -0.240 -0.224
 -0.359 -0.348 -0.255 -0.155  0.069  0.130  0.154  0.135  0.105 -0.062 -0.062 -0.070 -0.075 -0.223 -0.220 -0.320 -0.277 -0.287 -0.217 -0.155 -0.103  0.086  0.231  0.260  0.089  0.111  0.255  0.172  0.061  0.134  0.161  0.093  0.049  0.077  0.134  0.181  0.198  0.231  0.183  0.204  0.289  0.223  0.368  0.579  0.618  0.742  1.000  0.726  0.521  0.364  0.325  0.328  0.265  0.194  0.035 -0.051 -0.114  0.001  0.041 -0.072 -0.085 -0.167 -0.261 -0.268 -0.162 -0.033  0.234  0.403  0.321  0.227  0.085 -0.141 -0.296 -0.360 -0.385 -0.364
 -0.391 -0.401 -0.290 -0.191  0.052  0.110  0.110  0.088  0.074 -0.026 -0.058 -0.078 -0.096 -0.252 -0.250 -0.351 -0.282 -0.295 -0.217 -0.129 -0.047  0.187  0.350  0.367  0.181  0.174  0.318  0.234  0.090  0.146  0.186  0.100  0.038  0.070  0.139  0.198  0.224  0.260  0.212  0.241  0.337  0.270  0.424  0.631  0.630  0.523  0.726  1.000  0.775  0.578  0.484  0.462  0.361  0.295  0.112 -0.002 -0.089  0.056  0.102 -0.054 -0.079 -0.190 -0.296 -0.309 -0.183 -0.023  0.239  0.373  0.340  0.278  0.138 -0.116 -0.283 -0.427 -0.467 -0.440
 -0.482 -0.486 -0.355 -0.226  0.092  0.170  0.168  0.141  0.114 -0.008 -0.026 -0.066 -0.086 -0.280 -0.281 -0.403 -0.332 -0.353 -0.254 -0.135 -0.026  0.265  0.470  0.471  0.267  0.257  0.426  0.330  0.140  0.203  0.258  0.133  0.048  0.098  0.194  0.273  0.327  0.365  0.324  0.367  0.472  0.430  0.604  0.686  0.538  0.331  0.521  0.775  1.000  0.795  0.648  0.581  0.447  0.394  0.177  0.039 -0.071  0.114  0.173 -0.035 -0.090 -0.268 -0.401 -0.406 -0.248 -0.029  0.280  0.461  0.469  0.426  0.248 -0.061 -0.317 -0.544 -0.597 -0.566
 -0.443 -0.475 -0.370 -0.300 -0.016  0.060  0.067  0.099  0.073 -0.041 -0.089 -0.151 -0.176 -0.344 -0.323 -0.404 -0.303 -0.297 -0.179 -0.043  0.075  0.393  0.576  0.542  0.348  0.284  0.410  0.322  0.107  0.122  0.188  0.066 -0.029  0.015  0.109  0.198  0.271  0.313  0.299  0.332  0.418  0.394  0.558  0.571  0.497  0.272  0.364  0.578  0.795  1.000  0.854  0.708  0.545  0.532  0.313  0.167  0.040  0.236  0.289  0.064  0.006 -0.190 -0.364 -0.406 -0.231 -0.062  0.226  0.345  0.385  0.369  0.244 -0.056 -0.248 -0.491 -0.557 -0.534
 -0.451 -0.521 -0.410 -0.377 -0.079  0.004  0.029  0.099  0.061 -0.054 -0.131 -0.223 -0.246 -0.418 -0.366 -0.429 -0.275 -0.247 -0.111  0.053  0.187  0.531  0.669  0.650  0.460  0.329  0.442  0.388  0.157  0.134  0.213  0.103 -0.007  0.018  0.121  0.202  0.278  0.306  0.281  0.315  0.394  0.327  0.467  0.490  0.430  0.256  0.325  0.484  0.648  0.854  1.000  0.861  0.725  0.695  0.459  0.266  0.124  0.338  0.342  0.090  0.012 -0.200 -0.394 -0.468 -0.274 -0.129  0.179  0.287  0.342  0.318  0.221 -0.099 -0.246 -0.507 -0.569 -0.535
 -0.433 -0.516 -0.424 -0.401 -0.100 -0.019  0.019  0.086  0.050 -0.050 -0.120 -0.217 -0.219 -0.386 -0.308 -0.372 -0.209 -0.195 -0.095  0.091  0.275  0.642  0.779  0.801  0.617  0.470  0.563  0.506  0.282  0.225  0.276  0.182  0.068  0.062  0.160  0.213  0.275  0.305  0.234  0.265  0.360  0.218  0.371  0.408  0.349  0.244  0.328  0.462  0.581  0.708  0.861  1.000  0.845  0.715  0.474  0.238  0.072  0.266  0.213 -0.036 -0.101 -0.275 -0.432 -0.506 -0.353 -0.206  0.098  0.222  0.290  0.230  0.135 -0.170 -0.273 -0.512 -0.556 -0.510
 -0.355 -0.484 -0.415 -0.473 -0.220 -0.141 -0.052  0.084  0.030 -0.113 -0.226 -0.351 -0.345 -0.476 -0.356 -0.363 -0.138 -0.049  0.084  0.282  0.419  0.717  0.700  0.714  0.579  0.383  0.413  0.394  0.191  0.100  0.155  0.096 -0.015 -0.046  0.043  0.105  0.168  0.194  0.146  0.186  0.251  0.143  0.252  0.304  0.262  0.190  0.265  0.361  0.447  0.545  0.725  0.845  1.000  0.860  0.648  0.409  0.285  0.452  0.341  0.126  0.025 -0.167 -0.344 -0.469 -0.311 -0.264  0.023  0.112  0.169  0.121  0.074 -0.194 -0.211 -0.400 -0.443 -0.401
 -0.262 -0.428 -0.384 -0.510 -0.327 -0.249 -0.138  0.042 -0.021 -0.169 -0.321 -0.455 -0.458 -0.545 -0.415 -0.345 -0.080  0.076  0.257  0.453  0.538  0.765  0.657  0.578  0.474  0.254  0.230  0.217  0.013 -0.089 -0.020 -0.067 -0.169 -0.191 -0.108 -0.023  0.057  0.085  0.088  0.126  0.160  0.118  0.188  0.238  0.226  0.134  0.194  0.295  0.394  0.532  0.695  0.715  0.860  1.000  0.844  0.622  0.514  0.668  0.535  0.339  0.212 -0.017 -0.220 -0.383 -0.213 -0.260 -0.022  0.021  0.069  0.073  0.077 -0.159 -0.126 -0.291 -0.345 -0.320
 -0.039 -0.233 -0.263 -0.471 -0.427 -0.379 -0.254 -0.050 -0.115 -0.211 -0.381 -0.501 -0.494 -0.488 -0.344 -0.173  0.109  0.320  0.506  0.668  0.683  0.723  0.508  0.393  0.368  0.110  0.020  0.035 -0.139 -0.272 -0.205 -0.213 -0.295 -0.326 -0.270 -0.192 -0.114 -0.088 -0.049 -0.032 -0.038 -0.041 -0.020  0.019  0.058  0.017  0.035  0.112  0.177  0.313  0.459  0.474  0.648  0.844  1.000  0.831  0.723  0.777  0.607  0.494  0.372  0.151 -0.025 -0.219 -0.092 -0.263 -0.149 -0.175 -0.138 -0.093 -0.014 -0.145  0.003 -0.082 -0.134 -0.126
  0.112 -0.053 -0.132 -0.361 -0.437 -0.403 -0.307 -0.118 -0.169 -0.256 -0.398 -0.464 -0.464 -0.393 -0.274 -0.069  0.178  0.401  0.616  0.660  0.587  0.523  0.317  0.164  0.171 -0.034 -0.160 -0.150 -0.270 -0.392 -0.339 -0.322 -0.369 -0.392 -0.370 -0.302 -0.236 -0.209 -0.139 -0.138 -0.168 -0.126 -0.136 -0.101 -0.017 -0.041 -0.051 -0.002  0.039  0.167  0.266  0.238  0.409  0.622  0.831  1.000  0.842  0.772  0.690  0.660  0.597  0.352  0.174 -0.026  0.073 -0.181 -0.183 -0.253 -0.254 -0.180 -0.068 -0.116  0.077  0.076  0.025  0.019
  0.197  0.021 -0.055 -0.328 -0.476 -0.468 -0.367 -0.154 -0.211 -0.238 -0.407 -0.500 -0.503 -0.387 -0.275 -0.035  0.183  0.455  0.679  0.714  0.540  0.409  0.149 -0.002  0.043 -0.148 -0.312 -0.284 -0.351 -0.472 -0.428 -0.378 -0.397 -0.428 -0.433 -0.376 -0.330 -0.310 -0.224 -0.226 -0.279 -0.206 -0.237 -0.193 -0.096 -0.086 -0.114 -0.089 -0.071  0.040  0.124  0.072  0.285  0.514  0.723  0.842  1.000  0.874  0.724  0.766  0.610  0.407  0.271  0.076  0.136 -0.157 -0.210 -0.335 -0.347 -0.265 -0.111 -0.105  0.162  0.217  0.175  0.156
  0.010 -0.167 -0.152 -0.377 -0.424 -0.389 -0.296 -0.086 -0.146 -0.213 -0.389 -0.505 -0.524 -0.485 -0.379 -0.204  0.024  0.281  0.517  0.603  0.466  0.468  0.266  0.138  0.120 -0.073 -0.174 -0.160 -0.273 -0.369 -0.305 -0.290 -0.335 -0.352 -0.325 -0.248 -0.192 -0.174 -0.107 -0.090 -0.118 -0.066 -0.069 -0.022  0.033 -0.005  0.001  0.056  0.114  0.236  0.338  0.266  0.452  0.668  0.777  0.772  0.874  1.000  0.855  0.746  0.538  0.292  0.130 -0.053  0.053 -0.155 -0.104 -0.191 -0.190 -0.125 -0.017 -0.109  0.060  0.039 -0.010 -0.018
 -0.031 -0.167 -0.112 -0.293 -0.341 -0.294 -0.243 -0.080 -0.123 -0.217 -0.370 -0.435 -0.466 -0.442 -0.376 -0.256 -0.066  0.158  0.383  0.440  0.291  0.310  0.190  0.068  0.017 -0.119 -0.175 -0.184 -0.286 -0.335 -0.271 -0.276 -0.307 -0.301 -0.277 -0.198 -0.149 -0.133 -0.066 -0.044 -0.062 -0.007 -0.002  0.047  0.100  0.027  0.041  0.102  0.173  0.289  0.342  0.213  0.341  0.535  0.607  0.690  0.724  0.855  1.000  0.824  0.668  0.363  0.177  0.001  0.126 -0.064 -0.020 -0.097 -0.118 -0.050  0.028 -0.079  0.027  0.011 -0.043 -0.054
  0.165  0.041  0.015 -0.213 -0.385 -0.368 -0.310 -0.142 -0.189 -0.250 -0.389 -0.426 -0.450 -0.347 -0.287 -0.113  0.033  0.277  0.478  0.479  0.273  0.189  0.006 -0.139 -0.120 -0.229 -0.362 -0.356 -0.381 -0.449 -0.417 -0.372 -0.363 -0.374 -0.396 -0.340 -0.314 -0.295 -0.206 -0.208 -0.252 -0.160 -0.183 -0.131 -0.030 -0.046 -0.072 -0.054 -0.035  0.064  0.090 -0.036  0.126  0.339  0.494  0.660  0.766  0.746  0.824  1.000  0.817  0.536  0.375  0.189  0.255 -0.029 -0.102 -0.235 -0.287 -0.211 -0.081 -0.077  0.151  0.228  0.188  0.161
  0.237  0.166  0.086 -0.129 -0.338 -0.332 -0.302 -0.169 -0.204 -0.297 -0.382 -0.359 -0.378 -0.248 -0.196 -0.020  0.089  0.272  0.423  0.380  0.210  0.100 -0.057 -0.188 -0.167 -0.255 -0.380 -0.380 -0.390 -0.446 -0.426 -0.381 -0.355 -0.358 -0.396 -0.352 -0.339 -0.322 -0.236 -0.241 -0.277 -0.202 -0.215 -0.151 -0.015 -0.041 -0.085 -0.079 -0.090  0.006  0.012 -0.101  0.025  0.212  0.372  0.597  0.610  0.538  0.668  0.817  1.000  0.760  0.525  0.310  0.406  0.052 -0.080 -0.218 -0.295 -0.222 -0.097 -0.064  0.154  0.264  0.225  0.197
  0.448  0.387  0.256  0.002 -0.315 -0.352 -0.346 -0.241 -0.259 -0.258 -0.325 -0.279 -0.286 -0.082 -0.034  0.176  0.217  0.337  0.387  0.279  0.122 -0.062 -0.216 -0.322 -0.262 -0.321 -0.464 -0.454 -0.401 -0.457 -0.468 -0.390 -0.330 -0.345 -0.417 -0.407 -0.425 -0.414 -0.335 -0.359 -0.405 -0.340 -0.356 -0.282 -0.097 -0.083 -0.167 -0.190 -0.268 -0.190 -0.200 -0.275 -0.167 -0.017  0.151  0.352  0.407  0.292  0.363  0.536  0.760  1.000  0.761  0.513  0.533  0.129 -0.128 -0.313 -0.405 -0.338 -0.178 -0.048  0.228  0.410  0.400  0.364
  0.641  0.592  0.476  0.216 -0.223 -0.306 -0.363 -0.330 -0.337 -0.187 -0.268 -0.167 -0.157  0.118  0.177  0.410  0.379  0.419  0.352  0.207  0.070 -0.189 -0.346 -0.431 -0.331 -0.362 -0.517 -0.497 -0.395 -0.450 -0.484 -0.386 -0.302 -0.323 -0.421 -0.438 -0.477 -0.474 -0.403 -0.449 -0.504 -0.427 -0.449 -0.386 -0.219 -0.156 -0.261 -0.296 -0.401 -0.364 -0.394 -0.432 -0.344 -0.220 -0.025  0.174  0.271  0.130  0.177  0.375  0.525  0.761  1.000  0.799  0.599  0.241 -0.128 -0.369 -0.478 -0.415 -0.256 -0.040  0.277  0.508  0.510  0.468
  0.562  0.634  0.587  0.450 -0.014 -0.118 -0.284 -0.327 -0.323 -0.111 -0.120  0.015  0.028  0.296  0.293  0.406  0.277  0.258  0.181  0.007 -0.115 -0.355 -0.444 -0.507 -0.421 -0.376 -0.489 -0.489 -0.345 -0.346 -0.401 -0.316 -0.203 -0.205 -0.317 -0.352 -0.418 -0.431 -0.375 -0.405 -0.449 -0.382 -0.402 -0.353 -0.221 -0.172 -0.268 -0.309 -0.406 -0.406 -0.468 -0.506 -0.469 -0.383 -0.219 -0.026  0.076 -0.053  0.001  0.189  0.310  0.513  0.799  1.000  0.755  0.464  0.022 -0.258 -0.387 -0.337 -0.200  0.021  0.252  0.480  0.484  0.440
  0.327  0.385  0.425  0.379  0.042 -0.017 -0.211 -0.226 -0.237 -0.148 -0.149 -0.030 -0.044  0.137  0.103  0.133  0.089  0.117  0.145  0.006 -0.122 -0.276 -0.337 -0.412 -0.390 -0.352 -0.419 -0.450 -0.351 -0.315 -0.354 -0.310 -0.208 -0.180 -0.272 -0.270 -0.327 -0.337 -0.273 -0.265 -0.288 -0.241 -0.253 -0.181 -0.034 -0.092 -0.162 -0.183 -0.248 -0.231 -0.274 -0.353 -0.311 -0.213 -0.092  0.073  0.136  0.053  0.126  0.255  0.406  0.533  0.599  0.755  1.000  0.645  0.232 -0.075 -0.223 -0.184 -0.069  0.036  0.167  0.332  0.307  0.270
  0.054  0.159  0.360  0.571  0.396  0.357  0.017 -0.132 -0.141  0.038  0.057  0.189  0.166  0.225  0.136  0.017 -0.083 -0.157 -0.158 -0.266 -0.309 -0.336 -0.256 -0.268 -0.313 -0.207 -0.151 -0.218 -0.150 -0.046 -0.083 -0.101 -0.021  0.029 -0.028 -0.023 -0.075 -0.087 -0.073 -0.052 -0.028 -0.008  0.017  0.071  0.126  0.004 -0.033 -0.023 -0.029 -0.062 -0.129 -0.206 -0.264 -0.260 -0.263 -0.181 -0.157 -0.155 -0.064 -0.029  0.052  0.129  0.241  0.464  0.645  1.000  0.641  0.246  0.077  0.055  0.042  0.057 -0.014  0.049  0.027  0.004
 -0.261 -0.171  0.085  0.351  0.539  0.503  0.218  0.084  0.033  0.017  0.036  0.128  0.118 -0.003 -0.052 -0.229 -0.277 -0.336 -0.304 -0.304 -0.278 -0.152 -0.010  0.020 -0.102 -0.026  0.127  0.052  0.013  0.132  0.136  0.060  0.069  0.125  0.144  0.181  0.170  0.165  0.133  0.182  0.268  0.262  0.362  0.439  0.385  0.214  0.234  0.239  0.280  0.226  0.179  0.098  0.023 -0.022 -0.149 -0.183 -0.210 -0.104 -0.020 -0.102 -0.080 -0.128 -0.128  0.022  0.232  0.641  1.000  0.651  0.453  0.330  0.176  0.003 -0.219 -0.282 -0.314 -0.310
 -0.484 -0.381 -0.224  0.078  0.452  0.568  0.522  0.377  0.291 -0.009  0.082  0.160  0.146 -0.092 -0.168 -0.366 -0.410 -0.492 -0.450 -0.410 -0.325 -0.094  0.120  0.172  0.022  0.120  0.327  0.234  0.142  0.294  0.314  0.185  0.151  0.230  0.305  0.367  0.389  0.399  0.370  0.437  0.557  0.547  0.667  0.710  0.520  0.296  0.403  0.373  0.461  0.345  0.287  0.222  0.112  0.021 -0.175 -0.253 -0.335 -0.191 -0.097 -0.235 -0.218 -0.313 -0.369 -0.258 -0.075  0.246  0.651  1.000  0.810  0.614  0.324  0.035 -0.381 -0.522 -0.562 -0.534
 -0.529 -0.435 -0.308 -0.033  0.403  0.520  0.480  0.357  0.277  0.030  0.109  0.139  0.136 -0.116 -0.175 -0.381 -0.414 -0.497 -0.459 -0.388 -0.277 -0.027  0.187  0.255  0.113  0.182  0.411  0.339  0.212  0.368  0.416  0.257  0.199  0.298  0.409  0.472  0.502  0.478  0.465  0.589  0.695  0.673  0.705  0.639  0.408  0.191  0.321  0.340  0.469  0.385  0.342  0.290  0.169  0.069 -0.138 -0.254 -0.347 -0.190 -0.118 -0.287 -0.295 -0.405 -0.478 -0.387 -0.223  0.077  0.453  0.810  1.000  0.805  0.516  0.184 -0.334 -0.582 -0.649 -0.620
 -0.444 -0.363 -0.271 -0.056  0.282  0.396  0.361  0.268  0.189  0.025  0.061  0.082  0.073 -0.114 -0.161 -0.332 -0.355 -0.417 -0.373 -0.317 -0.225 -0.019  0.158  0.182  0.064  0.113  0.321  0.243  0.084  0.265  0.344  0.149  0.097  0.248  0.367  0.470  0.512  0.479  0.542  0.687  0.731  0.766  0.673  0.561  0.321  0.089  0.227  0.278  0.426  0.369  0.318  0.230  0.121  0.073 -0.093 -0.180 -0.265 -0.125 -0.050 -0.211 -0.222 -0.338 -0.415 -0.337 -0.184  0.055  0.330  0.614  0.805  1.000  0.740  0.397 -0.195 -0.532 -0.632 -0.619
 -0.268 -0.214 -0.192 -0.100  0.082  0.179  0.088  0.115  0.009 -0.022 -0.038 -0.070 -0.091 -0.171 -0.175 -0.260 -0.261 -0.258 -0.202 -0.167 -0.135 -0.011  0.076  0.068 -0.005 -0.005  0.135  0.082 -0.039  0.113  0.186  0.028  0.013  0.163  0.250  0.342  0.355  0.280  0.417  0.624  0.587  0.547  0.419  0.318  0.156 -0.013  0.085  0.138  0.248  0.244  0.221  0.135  0.074  0.077 -0.014 -0.068 -0.111 -0.017  0.028 -0.081 -0.097 -0.178 -0.256 -0.200 -0.069  0.042  0.176  0.324  0.516  0.740  1.000  0.713  0.174 -0.268 -0.456 -0.503
 -0.002  0.054  0.020  0.056  0.046  0.062 -0.018 -0.045 -0.054  0.015  0.002  0.031  0.021  0.054  0.027 -0.001 -0.058 -0.073 -0.090 -0.122 -0.137 -0.163 -0.148 -0.182 -0.151 -0.114 -0.087 -0.108 -0.132 -0.026  0.005 -0.090 -0.077  0.032  0.074  0.143  0.170  0.089  0.228  0.419  0.267  0.348  0.147  0.015 -0.085 -0.183 -0.141 -0.116 -0.061 -0.056 -0.099 -0.170 -0.194 -0.159 -0.145 -0.116 -0.105 -0.109 -0.079 -0.077 -0.064 -0.048 -0.040  0.021  0.036  0.057  0.003  0.035  0.184  0.397  0.713  1.000  0.477  0.068 -0.166 -0.265
  0.317  0.278  0.179  0.017 -0.221 -0.277 -0.324 -0.257 -0.314 -0.099 -0.152 -0.148 -0.133  0.028  0.063  0.183  0.173  0.241  0.223  0.168  0.079 -0.082 -0.222 -0.286 -0.181 -0.217 -0.350 -0.316 -0.241 -0.286 -0.307 -0.245 -0.192 -0.203 -0.246 -0.248 -0.273 -0.314 -0.233 -0.197 -0.304 -0.225 -0.308 -0.346 -0.279 -0.232 -0.296 -0.283 -0.317 -0.248 -0.246 -0.273 -0.211 -0.126  0.003  0.077  0.162  0.060  0.027  0.151  0.154  0.228  0.277  0.252  0.167 -0.014 -0.219 -0.381 -0.334 -0.195  0.174  0.477  1.000  0.586  0.310  0.138
  0.513  0.474  0.337  0.134 -0.257 -0.336 -0.394 -0.327 -0.330 -0.183 -0.199 -0.130 -0.120  0.121  0.143  0.326  0.282  0.373  0.332  0.222  0.058 -0.227 -0.434 -0.501 -0.339 -0.363 -0.594 -0.538 -0.335 -0.443 -0.538 -0.360 -0.249 -0.341 -0.468 -0.528 -0.601 -0.625 -0.569 -0.559 -0.625 -0.541 -0.586 -0.561 -0.382 -0.229 -0.360 -0.427 -0.544 -0.491 -0.507 -0.512 -0.400 -0.291 -0.082  0.076  0.217  0.039  0.011  0.228  0.264  0.410  0.508  0.480  0.332  0.049 -0.282 -0.522 -0.582 -0.532 -0.268  0.068  0.586  1.000  0.769  0.582
  0.528  0.496  0.342  0.144 -0.274 -0.344 -0.400 -0.326 -0.296 -0.176 -0.171 -0.115 -0.108  0.140  0.153  0.343  0.290  0.372  0.313  0.196  0.028 -0.266 -0.482 -0.541 -0.370 -0.384 -0.640 -0.575 -0.341 -0.471 -0.582 -0.373 -0.253 -0.369 -0.512 -0.591 -0.663 -0.686 -0.657 -0.674 -0.737 -0.647 -0.677 -0.633 -0.437 -0.240 -0.385 -0.467 -0.597 -0.557 -0.569 -0.556 -0.443 -0.345 -0.134  0.025  0.175 -0.010 -0.043  0.188  0.225  0.400  0.510  0.484  0.307  0.027 -0.314 -0.562 -0.649 -0.632 -0.456 -0.166  0.310  0.769  1.000  0.896
