  0.000  3.832  6.714 10.303 13.229 16.704 19.685 23.064 24.498 22.423 19.754 16.128 13.858 10.357  8.321  5.520  5.457  5.850  7.604 10.773 10.720 13.706 14.475 16.792 14.187 12.419 16.047 16.710 14.046 15.772 19.029 18.355 17.298 19.919 22.473 22.574 23.740 21.573 24.534 25.109 21.720 21.093 17.928 18.718 16.949 19.180 22.267 21.799 21.248 18.519 20.074 19.183 19.369 17.249 13.648 10.921 11.891 15.489 15.177 13.277 10.512  8.422  5.696  7.692 10.010 12.600 13.897 17.421 18.806 22.482 24.562 27.428 30.262 32.263 33.733 34.856
  3.832  0.000  3.828  6.849 10.078 13.341 16.410 19.791 21.002 18.811 16.078 12.417 10.372  6.849  5.773  4.668  6.280  8.419  9.989 13.160 12.236 14.511 14.303 16.581 14.220 11.600 14.777 15.806 12.787 13.701 17.255 16.749 15.043 17.302 20.227 20.327 21.981 20.196 23.209 23.259 19.790 19.297 16.126 16.872 15.335 17.668 20.579 20.538 20.022 17.759 19.787 19.037 19.965 18.043 14.826 11.790 13.613 16.810 15.715 14.205 10.765  8.897  5.630  5.482  7.955  9.807 11.443 14.728 16.167 19.936 22.088 25.220 27.973 30.153 31.747 32.937
  6.714  3.828  0.000  3.819  6.726 10.081 13.234 16.513 18.092 16.128 13.820 10.187  8.516  6.017  5.408  6.355  7.027  9.509 10.176 13.198 11.794 13.116 12.018 14.569 12.933  9.694 12.464 14.290 11.680 11.780 15.525 15.827 14.067 15.646 18.534 18.036 19.671 17.794 20.517 20.277 16.659 15.864 12.563 13.149 11.764 14.307 17.001 17.020 16.504 14.550 16.934 16.547 17.999 16.098 13.372 10.174 12.689 15.272 13.549 12.675  8.925  8.127  5.973  4.852  5.396  6.426  7.652 10.969 12.579 16.343 18.725 21.849 24.701 26.961 28.588 29.794
 10.303  6.849  3.819  0.000  3.822  6.569  9.914 13.143 14.490 12.426 10.197  6.561  5.759  4.711  6.222  8.818 10.158 13.068 13.703 16.493 14.642 15.266 13.319 15.567 14.405 10.706 12.455 14.638 12.019 10.915 14.726 15.369 12.984 13.780 16.982 16.366 18.533 17.194 19.798 18.880 15.288 14.661 11.572 12.026 11.176 13.685 15.913 16.479 16.019 14.827 17.594 17.411 19.545 17.970 15.824 12.770 15.647 17.704 15.430 15.036 11.244 10.863  8.983  6.388  6.030  4.692  6.125  8.587 10.247 14.008 16.477 19.878 22.585 25.036 26.791 28.064
 13.229 10.078  6.726  3.822  0.000  3.823  6.576  9.957 11.712 10.178  8.505  5.722  5.079  6.388  7.529 10.799 11.656 14.737 15.225 17.408 14.987 14.705 12.012 13.818 13.338  9.502 10.130 12.778 10.768  8.672 12.286 13.700 11.476 11.419 14.353 13.195 15.373 14.215 16.582 15.318 11.765 11.328  8.662  9.643  9.966 12.944 14.345 14.715 13.742 12.959 15.682 15.479 18.183 17.138 15.727 13.227 16.610 17.979 15.568 16.091 12.543 13.218 12.109  9.890  8.398  5.676  4.761  5.772  6.589 10.338 12.690 16.138 18.835 21.331 23.160 24.520
 16.704 13.341 10.081  6.569  3.823  0.000  3.834  6.727  8.382  6.898  6.172  4.649  6.339  8.882 10.922 14.368 15.449 18.510 18.811 21.011 18.600 17.958 14.887 16.501 16.518 12.755 12.537 15.332 13.622 10.758 13.890 15.632 13.067 11.965 14.931 13.518 16.093 15.541 17.435 15.384 12.114 11.658  9.566  9.882 10.655 13.050 13.798 14.882 14.255 14.468 17.462 17.677 20.758 19.843 18.865 16.403 19.724 20.730 17.923 18.613 15.212 15.936 14.978 12.221 10.440  6.854  6.151  4.939  5.861  8.958 11.517 15.127 17.583 20.280 22.204 23.580
 19.685 16.410 13.234  9.914  6.576  3.834  0.000  3.839  5.674  5.494  5.847  6.496  7.866 11.229 13.007 16.655 17.677 20.881 21.332 23.078 20.279 19.150 15.805 16.691 17.103 13.638 12.352 15.003 13.835 10.337 12.660 14.838 12.450 10.351 12.866 11.142 13.904 14.021 15.604 13.020 10.309 10.585  9.741 10.687 12.566 15.071 14.941 15.786 14.627 15.248 17.862 17.866 21.289 20.982 20.540 18.610 22.157 22.787 20.104 21.323 18.124 19.251 18.436 15.855 14.011 10.431  8.874  6.320  5.073  6.920  8.723 12.416 14.550 17.301 19.349 20.855
 23.064 19.791 16.513 13.143  9.957  6.727  3.839  0.000  3.851  5.630  7.790  9.405 11.402 14.768 16.656 20.266 21.159 24.226 24.391 26.083 23.357 21.892 18.345 19.168 20.067 16.767 15.093 17.862 17.129 13.509 15.283 17.753 15.530 12.885 14.889 12.805 15.390 15.836 16.704 13.589 11.464 11.507 11.323 11.622 13.777 15.689 14.820 16.073 15.214 16.640 19.308 19.736 23.335 23.113 23.082 21.254 24.711 24.955 22.043 23.475 20.526 21.846 21.339 18.662 16.496 12.758 11.181  7.865  6.768  6.751  8.415 11.714 13.476 16.300 18.361 19.836
 24.498 21.002 18.092 14.490 11.712  8.382  5.674  3.851  0.000  3.841  6.481  9.309 11.686 15.278 17.666 21.391 22.825 26.137 26.683 28.506 25.688 24.517 21.120 21.727 22.229 18.915 17.272 19.564 18.442 14.763 16.340 18.301 15.649 12.796 15.024 13.675 16.774 17.845 18.985 15.780 14.062 14.685 14.584 15.054 16.971 18.782 18.108 19.548 18.737 20.016 22.616 22.767 26.334 26.193 25.932 23.990 27.465 28.003 25.140 26.315 23.150 24.063 23.088 20.094 18.456 14.765 13.825 10.921  9.888 10.010 10.879 14.058 15.219 17.924 19.951 21.396
 22.423 18.811 16.128 12.426 10.178  6.898  5.494  5.630  3.841  0.000  3.811  6.762  9.568 12.994 15.755 19.439 21.194 24.571 25.288 27.376 24.686 23.934 20.750 21.613 21.669 18.168 17.059 19.243 17.588 14.135 16.214 17.721 14.686 12.358 15.181 14.303 17.611 18.455 20.071 17.181 15.023 15.551 14.797 15.217 16.601 18.443 18.370 19.914 19.271 20.169 22.932 22.982 26.371 25.960 25.273 23.037 26.420 27.332 24.490 25.275 21.905 22.406 21.081 17.898 16.663 13.097 12.794 10.548 10.140 11.282 12.556 16.013 17.399 20.131 22.126 23.538
 19.754 16.078 13.820 10.197  8.505  6.172  5.847  7.790  6.481  3.811  0.000  3.835  6.476  9.860 12.869 16.529 18.672 22.190 23.299 25.486 22.794 22.504 19.665 20.524 19.992 16.458 15.829 17.632 15.415 12.290 14.733 15.631 12.259 10.606 13.974 13.740 17.224 17.930 20.143 17.709 15.274 16.043 14.869 15.705 16.739 18.931 19.462 20.734 19.916 20.168 22.822 22.482 25.625 25.140 24.017 21.670 25.031 26.380 23.794 24.260 20.671 20.788 18.996 15.810 15.202 12.014 12.146 10.830 10.500 12.573 13.826 17.490 19.079 21.729 23.718 25.146
 16.128 12.417 10.187  6.561  5.722  4.649  6.496  9.405  9.309  6.762  3.835  0.000  3.824  6.570  9.778 13.300 15.452 18.868 19.939 22.367 19.930 20.020 17.466 18.783 17.924 14.232 14.416 16.328 13.739 11.189 14.347 15.025 11.716 11.114 14.711 14.460 17.617 17.606 20.103 18.189 15.208 15.518 13.571 14.289 14.672 16.969 18.148 19.288 18.623 18.386 21.148 20.826 23.658 22.793 21.268 18.647 21.847 23.496 20.993 21.109 17.412 17.248 15.289 12.121 11.770  8.937  9.641  9.461  9.946 12.929 14.760 18.480 20.546 23.173 25.107 26.493
 13.858 10.372  8.516  5.759  5.079  6.339  7.866 11.402 11.686  9.568  6.476  3.824  0.000  3.841  6.468 10.161 12.433 16.067 17.627 19.763 17.086 17.423 15.243 16.220 14.848 11.346 11.825 13.199 10.251  8.191 11.540 11.754  8.555  8.908 12.521 12.697 15.650 15.445 18.412 17.091 14.117 14.865 12.966 14.499 15.014 17.874 19.243 19.699 18.492 17.546 19.828 18.912 21.487 20.857 19.137 16.813 20.128 21.996 20.001 20.180 16.472 16.372 14.220 11.688 11.745  9.614  9.774 10.322 10.130 13.416 14.799 18.410 20.561 22.995 24.883 26.312
 10.357  6.849  6.017  4.711  6.388  8.882 11.229 14.768 15.278 12.994  9.860  6.570  3.841  0.000  3.818  6.953  9.737 13.270 15.125 17.570 15.305 16.430 14.964 16.322 14.312 10.997 12.649 13.678 10.277  9.596 13.157 12.718  9.911 11.485 14.924 15.363 17.893 17.147 20.326 19.578 16.406 16.812 14.373 15.733 15.480 18.252 20.263 20.566 19.557 18.040 20.235 19.223 21.232 20.207 17.875 15.292 18.224 20.637 18.963 18.546 14.793 14.045 11.363  9.157 10.230  9.362 10.318 12.107 12.580 16.183 17.817 21.299 23.650 25.983 27.769 29.120
  8.321  5.773  5.408  6.222  7.529 10.922 13.007 16.656 17.666 15.755 12.869  9.778  6.468  3.818  0.000  3.815  6.255  9.980 12.226 14.267 11.826 13.245 12.353 13.547 11.060  8.157 10.524 11.107  7.677  8.301 11.762 11.146  9.341 11.707 14.538 14.928 16.783 15.501 18.838 18.790 15.660 16.111 13.712 15.565 15.365 18.478 20.561 20.199 18.794 16.632 18.284 16.828 18.407 17.512 15.005 12.827 15.775 18.292 17.209 16.943 13.433 13.017 10.630  9.704 10.654 10.542 10.717 12.966 13.078 16.661 18.066 21.229 23.716 25.819 27.492 28.822
  5.520  4.668  6.355  8.818 10.799 14.368 16.655 20.266 21.391 19.439 16.529 13.300 10.161  6.953  3.815  0.000  3.827  7.146 10.076 12.137 10.291 12.710 12.913 14.233 11.188  9.219 12.382 12.416  9.203 11.062 14.127 13.045 11.958 14.857 17.328 17.877 19.261 17.597 20.946 21.443 18.361 18.609 16.054 17.788 17.106 20.061 22.515 21.887 20.573 17.922 19.216 17.599 18.410 17.262 14.212 12.151 14.445 17.463 17.025 16.256 13.085 12.175  9.615  9.911 11.567 12.610 13.068 15.868 16.241 19.822 21.262 24.211 26.778 28.726 30.279 31.529
  5.457  6.280  7.027 10.158 11.656 15.449 17.677 21.159 22.825 21.194 18.672 15.452 12.433  9.737  6.255  3.827  0.000  3.823  6.682  8.388  6.593  9.332 10.192 11.813  8.871  7.549 11.255 11.505  9.227 11.564 14.401 13.911 13.673 16.383 18.323 18.306 18.982 16.660 19.712 20.700 17.603 17.450 14.851 16.598 15.822 18.830 21.281 20.136 18.697 15.625 16.511 14.869 15.170 13.849 10.633  8.929 11.121 14.081 14.144 13.605 10.928 10.710  9.218 10.650 11.500 12.943 12.747 15.774 16.156 19.565 21.065 23.642 26.393 28.171 29.591 30.767
  5.850  8.419  9.509 13.068 14.737 18.510 20.881 24.226 26.137 24.571 22.190 18.868 16.067 13.270  9.980  7.146  3.823  0.000  3.878  5.452  5.408  8.987 10.973 12.889 10.215  9.880 13.685 13.921 12.328 14.912 17.486 17.103 17.272 19.988 21.673 21.458 21.683 18.965 21.700 23.078 20.026 19.460 16.768 18.176 16.958 19.627 22.294 20.866 19.640 16.270 16.782 15.325 14.719 12.940  9.300  7.971  8.926 12.236 13.126 12.172 10.388 10.120  9.431 12.030 12.839 15.017 14.875 18.166 18.836 22.113 23.750 26.044 28.901 30.536 31.815 32.883
  7.604  9.989 10.176 13.703 15.225 18.811 21.332 24.391 26.683 25.288 23.299 19.939 17.627 15.125 12.226 10.076  6.682  3.878  0.000  3.840  5.539  8.314 10.253 12.967 11.297 10.851 14.507 15.523 14.513 16.601 19.279 19.561 19.720 21.982 23.620 22.825 22.808 19.722 21.943 23.307 20.116 18.858 15.929 16.733 15.060 17.335 20.112 18.540 17.699 14.322 14.933 14.213 13.315 10.735  6.917  5.191  5.152  8.685  9.759  8.607  7.603  7.993  8.791 11.918 11.917 14.427 14.132 17.556 18.666 21.769 23.764 25.835 28.869 30.494 31.690 32.662
 10.773 13.160 13.198 16.493 17.408 21.011 23.078 26.083 28.506 27.376 25.486 22.367 19.763 17.570 14.267 12.137  8.388  5.452  3.840  0.000  3.837  6.537  9.640 11.636 10.116 10.977 14.323 14.846 14.630 17.150 19.197 19.541 20.425 22.735 23.792 22.928 22.302 18.995 21.003 22.934 20.142 19.088 16.713 17.985 16.867 19.342 21.689 19.539 18.181 14.500 14.107 12.843 11.097  9.038  5.551  6.238  6.021  8.427 10.670 10.527 10.374 11.543 12.571 15.545 15.253 17.344 16.380 19.428 19.966 22.705 24.269 25.914 28.854 30.179 31.219 32.141
 10.720 12.236 11.794 14.642 14.987 18.600 20.279 23.357 25.688 24.686 22.794 19.930 17.086 15.305 11.826 10.291  6.593  5.408  5.539  3.837  0.000  3.841  6.832  8.303  6.342  7.407 10.690 11.030 10.968 13.553 15.418 15.856 16.928 19.166 20.044 19.216 18.579 15.370 17.628 19.559 16.871 16.285 14.233 16.161 15.742 18.760 20.739 18.550 16.633 12.948 12.478 10.508  9.509  8.374  5.398  6.257  8.104  9.950 11.393 12.040 10.959 12.465 12.951 15.176 14.693 16.046 14.599 17.271 17.237 19.916 21.141 22.834 25.676 27.002 28.119 29.145
 13.706 14.511 13.116 15.266 14.705 17.958 19.150 21.892 24.517 23.934 22.504 20.020 17.423 16.430 13.245 12.710  9.332  8.987  8.314  6.537  3.841  0.000  3.832  5.239  5.129  6.574  8.834  9.822 10.902 12.850 14.304 15.593 16.960 18.563 18.997 17.547 16.404 12.863 14.563 16.677 14.185 13.403 11.842 14.006 14.225 17.387 18.772 16.159 13.785 10.056  8.955  6.717  5.916  5.430  4.111  6.315  8.852  9.219 10.407 12.250 11.462 13.920 14.959 16.741 15.422 16.095 13.833 15.898 15.449 17.597 18.631 19.896 22.758 23.934 24.966 25.968
 14.475 14.303 12.018 13.319 12.012 14.887 15.805 18.345 21.120 20.750 19.665 17.466 15.243 14.964 12.353 12.913 10.192 10.973 10.253  9.640  6.832  3.832  0.000  3.845  5.392  5.009  6.323  8.667  9.896 10.721 12.392 14.425 15.400 16.331 16.867 14.908 13.974 10.430 11.959 13.529 10.713  9.657  8.068 10.511 11.332 14.772 15.749 13.233 10.567  7.079  6.681  4.791  6.342  6.057  5.915  6.774 10.215 10.115  9.941 12.320 10.968 13.797 14.833 15.837 13.910 13.774 10.942 12.475 11.801 13.808 14.977 16.354 19.347 20.733 21.906 22.998
 16.792 16.581 14.569 15.567 13.818 16.501 16.691 19.168 21.727 21.613 20.524 18.783 16.220 16.322 13.547 14.233 11.813 12.889 12.967 11.636  8.303  5.239  3.845  0.000  3.848  5.425  5.049  6.221  8.760  9.886 10.371 12.496 14.315 15.203 14.928 13.073 11.423  7.768  9.450 11.783  9.806  9.951  9.732 12.910 14.493 18.039 18.537 15.894 12.689  9.619  8.154  4.707  6.353  8.084  8.687 10.318 13.519 13.307 13.580 16.053 14.732 17.363 18.010 18.842 17.184 16.682 13.689 14.566 12.923 14.383 14.573 15.540 18.187 19.231 20.328 21.491
 14.187 14.220 12.933 14.405 13.338 16.518 17.103 20.067 22.229 21.669 19.992 17.924 14.848 14.312 11.060 11.188  8.871 10.215 11.297 10.116  6.342  5.129  5.392  3.848  0.000  3.858  5.392  4.919  6.318  8.769  9.638 10.627 12.451 14.240 14.365 13.443 12.449  9.392 12.069 14.158 12.013 12.612 11.770 14.887 15.934 19.543 20.614 18.356 15.507 12.287 11.436  8.275  8.988  9.976  9.096 10.177 13.288 14.117 14.637 16.310 14.559 16.473 16.453 17.417 16.520 16.430 14.082 15.554 14.165 16.310 16.591 18.119 20.652 21.843 23.045 24.254
 12.419 11.600  9.694 10.706  9.502 12.755 13.638 16.767 18.915 18.168 16.458 14.232 11.346 10.997  8.157  9.219  7.549  9.880 10.851 10.977  7.407  6.574  5.009  5.425  3.858  0.000  3.849  5.412  5.138  6.446  8.707 10.031 10.689 12.192 13.182 12.086 12.072  9.337 12.227 13.315 10.416 10.732  9.171 12.155 13.092 16.781 18.000 16.263 13.733 10.884 11.261  9.011 10.743 10.821  9.552  9.217 12.838 13.958 13.510 14.941 12.501 14.249 13.961 14.312 13.251 12.788 10.508 12.063 10.959 13.629 14.459 16.612 19.343 20.973 22.406 23.700
 16.047 14.777 12.464 12.455 10.130 12.537 12.352 15.093 17.272 17.059 15.829 14.416 11.825 12.649 10.524 12.382 11.255 13.685 14.507 14.323 10.690  8.834  6.323  5.049  5.392  3.849  0.000  3.840  5.408  5.054  6.164  8.756  9.843 10.338 10.565  8.805  8.385  5.607  8.632  9.612  7.061  8.331  8.105 11.739 13.734 17.503 17.941 16.114 13.064 10.853 10.919  8.458 11.120 12.145 12.000 12.144 15.864 16.297 15.591 17.619 15.303 17.396 17.233 17.079 15.603 14.285 11.388 11.709  9.477 11.348 11.394 13.294 15.865 17.417 18.920 20.350
 16.710 15.806 14.290 14.638 12.778 15.332 15.003 17.862 19.564 19.243 17.632 16.328 13.199 13.678 11.107 12.416 11.505 13.921 15.523 14.846 11.030  9.822  8.667  6.221  4.919  5.412  3.840  0.000  3.844  5.439  4.901  6.337  8.707 10.056  9.591  8.987  8.223  6.154  9.707 11.339  9.801 11.801 11.926 15.559 17.410 21.177 21.747 19.848 16.729 14.296 13.762 10.621 12.469 14.025 13.635 14.229 17.687 18.444 18.343 20.131 17.867 19.598 19.029 19.093 18.241 17.236 14.741 15.247 12.904 14.649 14.062 15.728 17.819 19.039 20.426 21.845
 14.046 12.787 11.680 12.019 10.768 13.622 13.835 17.129 18.442 17.588 15.415 13.739 10.251 10.277  7.677  9.203  9.227 12.328 14.513 14.630 10.968 10.902  9.896  8.760  6.318  5.138  5.408  3.844  0.000  3.855  5.356  5.153  6.219  8.602  9.479  9.788 10.468  9.156 12.857 13.701 11.568 13.324 12.588 15.871 17.189 20.894 21.946 20.568 17.917 15.522 15.778 13.090 14.861 15.602 14.332 14.019 17.459 18.927 18.550 19.678 16.908 17.960 16.733 16.494 16.233 15.365 13.576 14.536 12.714 15.207 15.151 17.522 19.670 21.237 22.775 24.201
 15.772 13.701 11.780 10.915  8.672 10.758 10.337 13.509 14.763 14.135 12.290 11.189  8.191  9.596  8.301 11.062 11.564 14.912 16.601 17.150 13.553 12.850 10.721  9.886  8.769  6.446  5.054  5.439  3.855  0.000  3.845  5.451  5.040  5.768  7.214  6.878  8.562  7.957 11.492 11.314  9.019 11.097 10.679 13.963 15.770 19.432 20.070 19.065 16.462 14.797 15.600 13.456 16.045 16.740 15.903 15.201 18.918 20.053 18.993 20.351 17.357 18.581 17.421 16.440 15.697 13.962 11.905 11.993  9.683 12.004 11.846 14.575 16.676 18.534 20.276 21.823
 19.029 17.255 15.525 14.726 12.286 13.890 12.660 15.283 16.340 16.214 14.733 14.347 11.540 13.157 11.762 14.127 14.401 17.486 19.279 19.197 15.418 14.304 12.392 10.371  9.638  8.707  6.164  4.901  5.356  3.845  0.000  3.838  5.590  5.635  4.754  4.775  5.703  6.144  9.789 10.014  9.014 12.023 12.721 16.327 18.635 22.332 22.535 21.214 18.193 16.615 16.707 14.080 16.628 18.117 17.823 17.820 21.499 22.301 21.570 23.295 20.582 22.058 21.045 20.233 19.429 17.624 15.271 14.864 11.916 13.272 12.007 14.062 15.629 17.077 18.733 20.345
 18.355 16.749 15.827 15.369 13.700 15.632 14.838 17.753 18.301 17.721 15.631 15.025 11.754 12.718 11.146 13.045 13.911 17.103 19.561 19.541 15.856 15.593 14.425 12.496 10.627 10.031  8.756  6.337  5.153  5.451  3.838  0.000  3.846  6.014  5.726  7.800  9.034  9.650 13.334 13.780 12.773 15.591 15.798 19.259 21.120 24.806 25.423 24.229 21.381 19.491 19.587 16.742 18.772 20.105 19.238 19.103 22.576 23.906 23.447 24.710 21.842 22.779 21.241 20.500 20.404 18.993 17.245 17.363 14.839 16.640 15.576 17.782 19.175 20.542 22.116 23.633
 17.298 15.043 14.067 12.984 11.476 13.067 12.450 15.530 15.649 14.686 12.259 11.716  8.555  9.911  9.341 11.958 13.673 17.272 19.720 20.425 16.928 16.960 15.400 14.315 12.451 10.689  9.843  8.707  6.219  5.040  5.590  3.846  0.000  3.831  6.026  8.226 10.783 11.593 15.183 14.779 13.213 15.734 15.443 18.499 20.112 23.621 24.401 23.756 21.325 19.767 20.583 18.257 20.584 21.352 20.156 19.293 22.818 24.414 23.460 24.377 21.139 21.679 19.765 18.431 18.545 16.873 15.641 15.700 13.537 15.722 15.138 17.948 19.419 21.179 22.921 24.456
 19.919 17.302 15.646 13.780 11.419 11.965 10.351 12.885 12.796 12.358 10.606 11.114  8.908 11.485 11.707 14.857 16.383 19.988 21.982 22.735 19.166 18.563 16.331 15.203 14.240 12.192 10.338 10.056  8.602  5.768  5.635  6.014  3.831  0.000  3.851  5.662  9.115 10.785 13.878 12.649 11.468 14.309 14.616 17.603 19.724 23.122 23.375 22.930 20.473 19.549 20.541 18.553 21.399 22.322 21.625 20.753 24.467 25.643 24.296 25.556 22.328 23.195 21.561 19.829 19.391 17.050 15.468 14.607 11.931 13.447 12.404 15.240 16.406 18.292 20.168 21.801
 22.473 20.227 18.534 16.982 14.353 14.931 12.866 14.889 15.024 15.181 13.974 14.711 12.521 14.924 14.538 17.328 18.323 21.673 23.620 23.792 20.044 18.997 16.867 14.928 14.365 13.182 10.565  9.591  9.479  7.214  4.754  5.726  6.026  3.851  0.000  3.823  6.544  9.153 11.990 11.125 11.056 14.497 15.655 19.005 21.565 25.076 24.957 24.083 21.202 20.254 20.614 18.268 21.068 22.617 22.413 22.168 25.905 26.721 25.679 27.351 24.420 25.680 24.355 22.964 22.285 19.981 17.893 16.783 13.578 14.307 12.352 14.407 15.119 16.558 18.327 20.012
 22.574 20.327 18.036 16.366 13.195 13.518 11.142 12.805 13.675 14.303 13.740 14.460 12.697 15.363 14.928 17.877 18.306 21.458 22.825 22.928 19.216 17.547 14.908 13.073 13.443 12.086  8.805  8.987  9.788  6.878  4.775  7.800  8.226  5.662  3.823  0.000  3.896  6.493  8.819  7.436  7.470 11.052 12.722 16.093 19.015 22.475 21.978 20.961 17.966 17.347 17.709 15.693 18.847 20.442 20.717 20.593 24.399 24.748 23.508 25.552 22.841 24.561 23.748 22.419 21.126 18.595 15.982 14.429 10.885 11.039  8.810 10.713 11.732 13.359 15.278 17.105
 23.740 21.981 19.671 18.533 15.373 16.093 13.904 15.390 16.774 17.611 17.224 17.617 15.650 17.893 16.783 19.261 18.982 21.683 22.808 22.302 18.579 16.404 13.974 11.423 12.449 12.072  8.385  8.223 10.468  8.562  5.703  9.034 10.783  9.115  6.544  3.896  0.000  3.850  5.668  5.629  6.875 10.557 12.878 16.489 19.609 23.128 22.416 20.802 17.411 16.569 16.127 13.766 16.741 18.921 19.746 20.320 24.010 23.932 23.097 25.537 23.272 25.413 25.037 24.213 22.676 20.427 17.393 15.985 12.372 12.038  9.471 10.189 11.195 12.202 13.855 15.672
 21.573 20.196 17.794 17.194 14.215 15.541 14.021 15.836 17.845 18.455 17.930 17.606 15.445 17.147 15.501 17.597 16.660 18.965 19.722 18.995 15.370 12.863 10.430  7.768  9.392  9.337  5.607  6.154  9.156  7.957  6.144  9.650 11.593 10.785  9.153  6.493  3.850  0.000  3.842  5.525  5.463  8.427 10.471 14.216 17.156 20.747 20.230 18.202 14.670 13.335 12.565 10.000 12.947 15.146 16.131 16.985 20.583 20.316 19.688 22.275 20.301 22.707 22.715 22.338 20.602 18.736 15.480 14.574 11.312 11.405  9.702 10.380 12.257 13.275 14.729 16.359
 24.534 23.209 20.517 19.798 16.582 17.435 15.604 16.704 18.985 20.071 20.143 20.103 18.412 20.326 18.838 20.946 19.712 21.700 21.943 21.003 17.628 14.563 11.959  9.450 12.069 12.227  8.632  9.707 12.857 11.492  9.789 13.334 15.183 13.878 11.990  8.819  5.668  3.842  0.000  3.842  5.597  8.007 11.048 14.438 17.745 21.054 19.922 17.641 13.959 13.231 12.018 10.000 13.074 15.600 17.387 18.582 22.014 21.096 20.410 23.433 21.876 24.679 25.149 24.819 22.643 20.626 17.070 15.674 12.366 11.359  9.217  8.502 10.201 10.724 11.975 13.640
 25.109 23.259 20.277 18.880 15.318 15.384 13.020 13.589 15.780 17.181 17.709 18.189 17.091 19.578 18.790 21.443 20.700 23.078 23.307 22.934 19.559 16.677 13.529 11.783 14.158 13.315  9.612 11.339 13.701 11.314 10.014 13.780 14.779 12.649 11.125  7.436  5.629  5.525  3.842  0.000  3.834  6.802 10.217 13.309 16.904 20.042 18.596 16.898 13.510 13.634 13.385 12.157 15.673 17.632 19.195 19.739 23.342 22.530 21.226 24.124 22.243 24.908 25.222 24.345 22.025 19.481 15.983 13.863 10.267  8.537  5.728  5.154  7.052  8.403 10.269 12.286
 21.720 19.790 16.659 15.288 11.765 12.114 10.309 11.464 14.062 15.023 15.274 15.208 14.117 16.406 15.660 18.361 17.603 20.026 20.116 20.142 16.871 14.185 10.713  9.806 12.013 10.416  7.061  9.801 11.568  9.019  9.014 12.773 13.213 11.468 11.056  7.470  6.875  5.463  5.597  3.834  0.000  3.819  6.629  9.954 13.393 16.704 15.672 14.115 10.858 10.737 11.227 10.285 14.007 15.294 16.423 16.483 20.167 19.603 18.026 20.713 18.633 21.213 21.525 20.617 18.235 15.740 12.216 10.333  6.862  6.098  4.905  6.318  9.221 11.136 12.977 14.707
 21.093 19.297 15.864 14.661 11.328 11.658 10.585 11.507 14.685 15.551 16.043 15.518 14.865 16.812 16.111 18.609 17.450 19.460 18.858 19.088 16.285 13.403  9.657  9.951 12.612 10.732  8.331 11.801 13.324 11.097 12.023 15.591 15.734 14.309 14.497 11.052 10.557  8.427  8.007  6.802  3.819  0.000  3.827  6.635 10.229 13.356 12.145 10.386  7.135  7.531  8.701  8.989 12.788 13.405 14.754 14.601 18.085 17.135 15.183 18.054 16.288 19.187 20.050 19.301 16.424 14.051 10.297  8.448  5.927  5.198  6.135  7.272 10.665 12.629 14.252 15.674
 17.928 16.126 12.563 11.572  8.662  9.566  9.741 11.323 14.584 14.797 14.869 13.571 12.966 14.373 13.712 16.054 14.851 16.768 15.929 16.713 14.233 11.842  8.068  9.732 11.770  9.171  8.105 11.926 12.588 10.679 12.721 15.798 15.443 14.616 15.655 12.722 12.878 10.471 11.048 10.217  6.629  3.827  0.000  3.823  6.859 10.363 10.050  8.570  5.983  5.693  8.208  8.973 12.411 11.990 12.584 11.652 15.141 14.584 12.239 14.734 12.690 15.486 16.411 15.699 12.699 10.545  6.747  5.795  4.814  6.307  8.721 10.701 14.026 16.143 17.721 18.985
 18.718 16.872 13.149 12.026  9.643  9.882 10.687 11.622 15.054 15.217 15.705 14.289 14.499 15.733 15.565 17.788 16.598 18.176 16.733 17.985 16.161 14.006 10.511 12.910 14.887 12.155 11.739 15.559 15.871 13.963 16.327 19.259 18.499 17.603 19.005 16.093 16.489 14.216 14.438 13.309  9.954  6.635  3.823  0.000  3.824  6.809  6.302  5.472  4.521  5.810  9.347 11.333 14.371 13.150 13.677 12.169 15.137 14.335 11.264 13.577 11.799 14.634 16.044 15.188 11.670  9.499  6.068  5.044  6.282  7.462 10.756 12.589 15.850 18.062 19.554 20.633
 16.949 15.335 11.764 11.176  9.966 10.655 12.566 13.777 16.971 16.601 16.739 14.672 15.014 15.480 15.365 17.106 15.822 16.958 15.060 16.867 15.742 14.225 11.332 14.493 15.934 13.092 13.734 17.410 17.189 15.770 18.635 21.120 20.112 19.724 21.565 19.015 19.609 17.156 17.745 16.904 13.393 10.229  6.859  3.824  0.000  3.848  5.524  5.520  6.519  6.940 10.736 12.976 15.311 13.179 12.990 10.709 13.107 12.628  9.081 10.679  8.922 11.601 13.417 12.781  9.026  7.681  5.327  6.297  8.993 10.912 14.361 16.364 19.576 21.780 23.195 24.161
 19.180 17.668 14.307 13.685 12.944 13.050 15.071 15.689 18.782 18.443 18.931 16.969 17.874 18.252 18.478 20.061 18.830 19.627 17.335 19.342 18.760 17.387 14.772 18.039 19.543 16.781 17.503 21.177 20.894 19.432 22.332 24.806 23.621 23.122 25.076 22.475 23.128 20.747 21.054 20.042 16.704 13.356 10.363  6.809  3.848  0.000  3.849  5.607  8.421  9.655 13.304 16.066 18.103 15.647 15.536 13.152 14.741 13.995 10.211 11.302 10.291 12.610 14.828 14.158 10.380  9.434  8.291  8.948 12.032 13.466 17.069 18.851 21.929 24.117 25.432 26.253
 22.267 20.579 17.001 15.913 14.345 13.798 14.941 14.820 18.108 18.370 19.462 18.148 19.243 20.263 20.561 22.515 21.281 22.294 20.112 21.689 20.739 18.772 15.749 18.537 20.614 18.000 17.941 21.747 21.946 20.070 22.535 25.423 24.401 23.375 24.957 21.978 22.416 20.230 19.922 18.596 15.672 12.145 10.050  6.302  5.524  3.849  0.000  3.820  6.976  9.607 13.037 16.073 18.510 16.620 17.287 15.508 17.378 16.051 12.465 14.322 13.531 16.154 18.274 17.416 13.612 11.943 10.025  9.237 11.606 11.944 15.400 16.672 19.605 21.716 22.970 23.742
 21.799 20.538 17.020 16.479 14.715 14.882 15.786 16.073 19.548 19.914 20.734 19.288 19.699 20.566 20.199 21.887 20.136 20.866 18.540 19.539 18.550 16.159 13.233 15.894 18.356 16.263 16.114 19.848 20.568 19.065 21.214 24.229 23.756 22.930 24.083 20.961 20.802 18.202 17.641 16.898 14.115 10.386  8.570  5.472  5.520  5.607  3.820  0.000  3.825  6.480  9.569 12.876 15.159 13.441 14.664 13.564 15.475 13.603 10.401 13.081 12.756 15.989 18.392 18.145 14.381 13.088 10.446 10.005 11.553 11.755 14.777 15.583 18.654 20.482 21.593 22.331
 21.248 20.022 16.504 16.019 13.742 14.255 14.627 15.214 18.737 19.271 19.916 18.623 18.492 19.557 18.794 20.573 18.697 19.640 17.699 18.181 16.633 13.785 10.567 12.689 15.507 13.733 13.064 16.729 17.917 16.462 18.193 21.381 21.325 20.473 21.202 17.966 17.411 14.670 13.959 13.510 10.858  7.135  5.983  4.521  6.519  8.421  6.976  3.825  0.000  3.825  6.563  9.596 12.350 11.380 13.064 12.626 15.125 13.232 10.640 13.841 13.222 16.666 18.747 18.606 15.055 13.550 10.192  9.482  9.828  9.788 12.250 12.819 16.008 17.700 18.829 19.680
 18.519 17.759 14.550 14.827 12.959 14.468 15.248 16.640 20.016 20.169 20.168 18.386 17.546 18.040 16.632 17.922 15.625 16.270 14.322 14.500 12.948 10.056  7.079  9.619 12.287 10.884 10.853 14.296 15.522 14.797 16.615 19.491 19.767 19.549 20.254 17.347 16.569 13.335 13.231 13.634 10.737  7.531  5.693  5.810  6.940  9.655  9.607  6.480  3.825  0.000  3.837  6.601  9.044  7.788  9.336  9.251 11.927 10.181  8.155 11.547 10.959 14.558 16.641 17.079 13.870 13.046  9.719 10.186 10.389 11.313 13.452 14.297 17.542 19.094 20.192 21.089
 20.074 19.787 16.934 17.594 15.682 17.462 17.862 19.308 22.616 22.932 22.822 21.148 19.828 20.235 18.284 19.216 16.511 16.782 14.933 14.107 12.478  8.955  6.681  8.154 11.436 11.261 10.919 13.762 15.778 15.600 16.707 19.587 20.583 20.541 20.614 17.709 16.127 12.565 12.018 13.385 11.227  8.701  8.208  9.347 10.736 13.304 13.037  9.569  6.563  3.837  0.000  3.837  5.920  5.852  8.713 10.156 12.530 10.282  9.617 13.278 13.259 16.909 19.007 19.888 16.996 16.427 13.073 13.499 12.945 13.436 14.705 14.852 17.871 18.919 19.751 20.558
 19.183 19.037 16.547 17.411 15.479 17.677 17.866 19.736 22.767 22.982 22.482 20.826 18.912 19.223 16.828 17.599 14.869 15.325 14.213 12.843 10.508  6.717  4.791  4.707  8.275  9.011  8.458 10.621 13.090 13.456 14.080 16.742 18.257 18.553 18.268 15.693 13.766 10.000 10.000 12.157 10.285  8.989  8.973 11.333 12.976 16.066 16.073 12.876  9.596  6.601  3.837  0.000  3.853  5.687  8.164 10.242 12.982 11.470 11.569 14.828 14.355 17.669 19.208 20.174 17.796 17.267 13.939 14.508 13.271 14.028 14.609 14.872 17.709 18.599 19.467 20.415
 19.369 19.965 17.999 19.545 18.183 20.758 21.289 23.335 26.334 26.371 25.625 23.658 21.487 21.232 18.407 18.410 15.170 14.719 13.315 11.097  9.509  5.916  6.342  6.353  8.988 10.743 11.120 12.469 14.861 16.045 16.628 18.772 20.584 21.399 21.068 18.847 16.741 12.947 13.074 15.673 14.007 12.788 12.411 14.371 15.311 18.103 18.510 15.159 12.350  9.044  5.920  3.853  0.000  3.812  6.769  9.994 11.815 10.074 11.422 14.488 14.748 17.979 19.768 21.396 19.317 19.476 16.514 17.665 16.795 17.789 18.417 18.584 21.302 21.968 22.643 23.441
 17.249 18.043 16.098 17.970 17.138 19.843 20.982 23.113 26.193 25.960 25.140 22.793 20.857 20.207 17.512 17.262 13.849 12.940 10.735  9.038  8.374  5.430  6.057  8.084  9.976 10.821 12.145 14.025 15.602 16.740 18.117 20.105 21.352 22.322 22.617 20.442 18.921 15.146 15.600 17.632 15.294 13.405 11.990 13.150 13.179 15.647 16.620 13.441 11.380  7.788  5.852  5.687  3.812  0.000  3.835  6.930  8.308  6.308  7.792 10.783 11.442 14.767 16.972 18.884 16.733 17.393 14.821 16.557 16.518 17.991 19.354 19.971 22.945 23.946 24.740 25.518
 13.648 14.826 13.372 15.824 15.727 18.865 20.540 23.082 25.932 25.273 24.017 21.268 19.137 17.875 15.005 14.212 10.633  9.300  6.917  5.551  5.398  4.111  5.915  8.687  9.096  9.552 12.000 13.635 14.332 15.903 17.823 19.238 20.156 21.625 22.413 20.717 19.746 16.131 17.387 19.195 16.423 14.754 12.584 13.677 12.990 15.536 17.287 14.664 13.064  9.336  8.713  8.164  6.769  3.835  0.000  3.825  5.276  5.150  6.913  8.724  8.940 11.759 13.713 15.995 14.378 15.656 13.729 16.204 16.605 18.798 20.450 21.688 24.735 26.007 26.978 27.849
 10.921 11.790 10.174 12.770 13.227 16.403 18.610 21.254 23.990 23.037 21.670 18.647 16.813 15.292 12.827 12.151  8.929  7.971  5.191  6.238  6.257  6.315  6.774 10.318 10.177  9.217 12.144 14.229 14.019 15.201 17.820 19.103 19.293 20.753 22.168 20.593 20.320 16.985 18.582 19.739 16.483 14.601 11.652 12.169 10.709 13.152 15.508 13.564 12.626  9.251 10.156 10.242  9.994  6.930  3.825  0.000  3.855  5.487  5.462  6.185  5.315  8.073 10.085 12.312 10.681 12.332 10.990 14.009 15.114 17.805 19.983 21.759 24.918 26.541 27.703 28.640
 11.891 13.613 12.689 15.647 16.610 19.724 22.157 24.711 27.465 26.420 25.031 21.847 20.128 18.224 15.775 14.445 11.121  8.926  5.152  6.021  8.104  8.852 10.215 13.519 13.288 12.838 15.864 17.687 17.459 18.918 21.499 22.576 22.818 24.467 25.905 24.399 24.010 20.583 22.014 23.342 20.167 18.085 15.141 15.137 13.107 14.741 17.378 15.475 15.125 11.927 12.530 12.982 11.815  8.308  5.276  3.855  0.000  3.858  5.429  4.682  5.944  8.065 10.750 13.739 12.469 14.844 14.069 17.247 18.702 21.323 23.624 25.255 28.421 29.958 31.007 31.835
 15.489 16.810 15.272 17.704 17.979 20.730 22.787 24.955 28.003 27.332 26.380 23.496 21.996 20.637 18.292 17.463 14.081 12.236  8.685  8.427  9.950  9.219 10.115 13.307 14.117 13.958 16.297 18.444 18.927 20.053 22.301 23.906 24.414 25.643 26.721 24.748 23.932 20.316 21.096 22.530 19.603 17.135 14.584 14.335 12.628 13.995 16.051 13.603 13.232 10.181 10.282 11.470 10.074  6.308  5.150  5.487  3.858  0.000  3.836  5.461  7.812 10.851 13.928 16.499 14.504 16.292 14.846 17.469 18.741 20.791 23.024 24.156 27.313 28.659 29.550 30.267
 15.177 15.715 13.549 15.430 15.568 17.923 20.104 22.043 25.140 24.490 23.794 20.993 20.001 18.963 17.209 17.025 14.144 13.126  9.759 10.670 11.393 10.407  9.941 13.580 14.637 13.510 15.591 18.343 18.550 18.993 21.570 23.447 23.460 24.296 25.679 23.508 23.097 19.688 20.410 21.226 18.026 15.183 12.239 11.264  9.081 10.211 12.465 10.401 10.640  8.155  9.617 11.569 11.422  7.792  6.913  5.462  5.429  3.836  0.000  3.854  5.610  9.214 12.494 14.422 11.813 13.279 11.855 14.394 16.139 18.211 20.853 22.211 25.447 27.047 28.070 28.828
 13.277 14.205 12.675 15.036 16.091 18.613 21.323 23.475 26.315 25.275 24.260 21.109 20.180 18.546 16.943 16.256 13.605 12.172  8.607 10.527 12.040 12.250 12.320 16.053 16.310 14.941 17.619 20.131 19.678 20.351 23.295 24.710 24.377 25.556 27.351 25.552 25.537 22.275 23.433 24.124 20.713 18.054 14.734 13.577 10.679 11.302 14.322 13.081 13.841 11.547 13.278 14.828 14.488 10.783  8.724  6.185  4.682  5.461  3.854  0.000  3.841  6.380 10.025 12.478 10.484 12.930 12.610 15.748 17.995 20.535 23.390 25.140 28.381 30.141 31.250 32.037
 10.512 10.765  8.925 11.244 12.543 15.212 18.124 20.526 23.150 21.905 20.671 17.412 16.472 14.793 13.433 13.085 10.928 10.388  7.603 10.374 10.959 11.462 10.968 14.732 14.559 12.501 15.303 17.867 16.908 17.357 20.582 21.842 21.139 22.328 24.420 22.841 23.272 20.301 21.876 22.243 18.633 16.288 12.690 11.799  8.922 10.291 13.531 12.756 13.222 10.959 13.259 14.355 14.748 11.442  8.940  5.315  5.944  7.812  5.610  3.841  0.000  3.830  6.974  8.979  6.914  9.444  9.449 12.935 15.278 18.231 21.134 23.320 26.541 28.505 29.793 30.713
  8.422  8.897  8.127 10.863 13.218 15.936 19.251 21.846 24.063 22.406 20.788 17.248 16.372 14.045 13.017 12.175 10.710 10.120  7.993 11.543 12.465 13.920 13.797 17.363 16.473 14.249 17.396 19.598 17.960 18.581 22.058 22.779 21.679 23.195 25.680 24.561 25.413 22.707 24.679 24.908 21.213 19.187 15.486 14.634 11.601 12.610 16.154 15.989 16.666 14.558 16.909 17.669 17.979 14.767 11.759  8.073  8.065 10.851  9.214  6.380  3.830  0.000  3.837  6.588  6.039  9.604 10.948 14.686 17.272 20.561 23.513 26.041 29.192 31.282 32.653 33.609
  5.696  5.630  5.973  8.983 12.109 14.978 18.436 21.339 23.088 21.081 18.996 15.289 14.220 11.363 10.630  9.615  9.218  9.431  8.791 12.571 12.951 14.959 14.833 18.010 16.453 13.961 17.233 19.029 16.733 17.421 21.045 21.241 19.765 21.561 24.355 23.748 25.037 22.715 25.149 25.222 21.525 20.050 16.411 16.044 13.417 14.828 18.274 18.392 18.747 16.641 19.007 19.208 19.768 16.972 13.713 10.085 10.750 13.928 12.494 10.025  6.974  3.837  0.000  3.843  5.584  9.128 11.193 14.943 17.335 20.933 23.705 26.584 29.600 31.793 33.279 34.328
  7.692  5.482  4.852  6.388  9.890 12.221 15.855 18.662 20.094 17.898 15.810 12.121 11.688  9.157  9.704  9.911 10.650 12.030 11.918 15.545 15.176 16.741 15.837 18.842 17.417 14.312 17.079 19.093 16.494 16.440 20.233 20.500 18.431 19.829 22.964 22.419 24.213 22.338 24.819 24.345 20.617 19.301 15.699 15.188 12.781 14.158 17.416 18.145 18.606 17.079 19.888 20.174 21.396 18.884 15.995 12.312 13.739 16.499 14.422 12.478  8.979  6.588  3.843  0.000  3.843  6.632  9.588 13.011 15.598 19.256 22.124 25.286 28.178 30.556 32.165 33.276
 10.010  7.955  5.396  6.030  8.398 10.440 14.011 16.496 18.456 16.663 15.202 11.770 11.745 10.230 10.654 11.567 11.500 12.839 11.917 15.253 14.693 15.422 13.910 17.184 16.520 13.251 15.603 18.241 16.233 15.697 19.429 20.404 18.545 19.391 22.285 21.126 22.676 20.602 22.643 22.025 18.235 16.424 12.699 11.670  9.026 10.380 13.612 14.381 15.055 13.870 16.996 17.796 19.317 16.733 14.378 10.681 12.469 14.504 11.813 10.484  6.914  6.039  5.584  3.843  0.000  3.829  6.483 10.006 12.977 16.430 19.573 22.546 25.558 27.942 29.522 30.601
 12.600  9.807  6.426  4.692  5.676  6.854 10.431 12.758 14.765 13.097 12.014  8.937  9.614  9.362 10.542 12.610 12.943 15.017 14.427 17.344 16.046 16.095 13.774 16.682 16.430 12.788 14.285 17.236 15.365 13.962 17.624 18.993 16.873 17.050 19.981 18.595 20.427 18.736 20.626 19.481 15.740 14.051 10.545  9.499  7.681  9.434 11.943 13.088 13.550 13.046 16.427 17.267 19.476 17.393 15.656 12.332 14.844 16.292 13.279 12.930  9.444  9.604  9.128  6.632  3.829  0.000  3.820  6.658  9.791 13.190 16.411 19.551 22.463 24.982 26.666 27.819
 13.897 11.443  7.652  6.125  4.761  6.151  8.874 11.181 13.825 12.794 12.146  9.641  9.774 10.318 10.717 13.068 12.747 14.875 14.132 16.380 14.599 13.833 10.942 13.689 14.082 10.508 11.388 14.741 13.576 11.905 15.271 17.245 15.641 15.468 17.893 15.982 17.393 15.480 17.070 15.983 12.216 10.297  6.747  6.068  5.327  8.291 10.025 10.446 10.192  9.719 13.073 13.939 16.514 14.821 13.729 10.990 14.069 14.846 11.855 12.610  9.449 10.948 11.193  9.588  6.483  3.820  0.000  3.831  6.651 10.000 13.207 16.137 19.196 21.634 23.303 24.495
 17.421 14.728 10.969  8.587  5.772  4.939  6.320  7.865 10.921 10.548 10.830  9.461 10.322 12.107 12.966 15.868 15.774 18.166 17.556 19.428 17.271 15.898 12.475 14.566 15.554 12.063 11.709 15.247 14.536 11.993 14.864 17.363 15.700 14.607 16.783 14.429 15.985 14.574 15.674 13.863 10.333  8.448  5.795  5.044  6.297  8.948  9.237 10.005  9.482 10.186 13.499 14.508 17.665 16.557 16.204 14.009 17.247 17.469 14.394 15.748 12.935 14.686 14.943 13.011 10.006  6.658  3.831  0.000  3.822  6.659 10.146 13.159 16.120 18.714 20.499 21.769
 18.806 16.167 12.579 10.247  6.589  5.861  5.073  6.768  9.888 10.140 10.500  9.946 10.130 12.580 13.078 16.241 16.156 18.836 18.666 19.966 17.237 15.449 11.801 12.923 14.165 10.959  9.477 12.904 12.714  9.683 11.916 14.839 13.537 11.931 13.578 10.885 12.372 11.312 12.366 10.267  6.862  5.927  4.814  6.282  8.993 12.032 11.606 11.553  9.828 10.389 12.945 13.271 16.795 16.518 16.605 15.114 18.702 18.741 16.139 17.995 15.278 17.272 17.335 15.598 12.977  9.791  6.651  3.822  0.000  3.823  6.679  9.942 12.886 15.490 17.413 18.881
 22.482 19.936 16.343 14.008 10.338  8.958  6.920  6.751 10.010 11.282 12.573 12.929 13.416 16.183 16.661 19.822 19.565 22.113 21.769 22.705 19.916 17.597 13.808 14.383 16.310 13.629 11.348 14.649 15.207 12.004 13.272 16.640 15.722 13.447 14.307 11.039 12.038 11.405 11.359  8.537  6.098  5.198  6.307  7.462 10.912 13.466 11.944 11.755  9.788 11.313 13.436 14.028 17.789 17.991 18.798 17.805 21.323 20.791 18.211 20.535 18.231 20.561 20.933 19.256 16.430 13.190 10.000  6.659  3.823  0.000  3.824  6.691  9.668 12.386 14.407 15.969
 24.562 22.088 18.725 16.477 12.690 11.517  8.723  8.415 10.879 12.556 13.826 14.760 14.799 17.817 18.066 21.262 21.065 23.750 23.764 24.269 21.141 18.631 14.977 14.573 16.591 14.459 11.394 14.062 15.151 11.846 12.007 15.576 15.138 12.404 12.352  8.810  9.471  9.702  9.217  5.728  4.905  6.135  8.721 10.756 14.361 17.069 15.400 14.777 12.250 13.452 14.705 14.609 18.417 19.354 20.450 19.983 23.624 23.024 20.853 23.390 21.134 23.513 23.705 22.124 19.573 16.411 13.207 10.146  6.679  3.824  0.000  3.825  6.495  9.283 11.578 13.485
 27.428 25.220 21.849 19.878 16.138 15.127 12.416 11.714 14.058 16.013 17.490 18.480 18.410 21.299 21.229 24.211 23.642 26.044 25.835 25.914 22.834 19.896 16.354 15.540 18.119 16.612 13.294 15.728 17.522 14.575 14.062 17.782 17.948 15.240 14.407 10.713 10.189 10.380  8.502  5.154  6.318  7.272 10.701 12.589 16.364 18.851 16.672 15.583 12.819 14.297 14.852 14.872 18.584 19.971 21.688 21.759 25.255 24.156 22.211 25.140 23.320 26.041 26.584 25.286 22.546 19.551 16.137 13.159  9.942  6.691  3.825  0.000  3.832  6.325  8.667 10.772
 30.262 27.973 24.701 22.585 18.835 17.583 14.550 13.476 15.219 17.399 19.079 20.546 20.561 23.650 23.716 26.778 26.393 28.901 28.869 28.854 25.676 22.758 19.347 18.187 20.652 19.343 15.865 17.819 19.670 16.676 15.629 19.175 19.419 16.406 15.119 11.732 11.195 12.257 10.201  7.052  9.221 10.665 14.026 15.850 19.576 21.929 19.605 18.654 16.008 17.542 17.871 17.709 21.302 22.945 24.735 24.918 28.421 27.313 25.447 28.381 26.541 29.192 29.600 28.178 25.558 22.463 19.196 16.120 12.886  9.668  6.495  3.832  0.000  3.832  6.662  9.156
 32.263 30.153 26.961 25.036 21.331 20.280 17.301 16.300 17.924 20.131 21.729 23.173 22.995 25.983 25.819 28.726 28.171 30.536 30.494 30.179 27.002 23.934 20.733 19.231 21.843 20.973 17.417 19.039 21.237 18.534 17.077 20.542 21.179 18.292 16.558 13.359 12.202 13.275 10.724  8.403 11.136 12.629 16.143 18.062 21.780 24.117 21.716 20.482 17.700 19.094 18.919 18.599 21.968 23.946 26.007 26.541 29.958 28.659 27.047 30.141 28.505 31.282 31.793 30.556 27.942 24.982 21.634 18.714 15.490 12.386  9.283  6.325  3.832  0.000  3.845  6.769
 33.733 31.747 28.588 26.791 23.160 22.204 19.349 18.361 19.951 22.126 23.718 25.107 24.883 27.769 27.492 30.279 29.591 31.815 31.690 31.219 28.119 24.966 21.906 20.328 23.045 22.406 18.920 20.426 22.775 20.276 18.733 22.116 22.921 20.168 18.327 15.278 13.855 14.729 11.975 10.269 12.977 14.252 17.721 19.554 23.195 25.432 22.970 21.593 18.829 20.192 19.751 19.467 22.643 24.740 26.978 27.703 31.007 29.550 28.070 31.250 29.793 32.653 33.279 32.165 29.522 26.666 23.303 20.499 17.413 14.407 11.578  8.667  6.662  3.845  0.000  3.811
