  0.000  3.832  6.697 10.292 13.215 16.659 19.741 23.040 24.677 22.544 19.819 16.194 13.889 10.396  8.327  5.523  5.453  5.835  7.611 10.767 10.715 13.725 14.524 16.817 14.175 12.431 16.053 16.613 13.897 15.741 18.921 18.030 17.140 19.861 22.310 22.440 23.560 21.505 24.655 25.068 21.683 21.187 17.989 18.765 17.018 19.265 22.339 21.841 21.292 18.555 20.108 19.236 19.389 17.267 13.660 10.953 11.929 15.528 15.225 13.332 10.565  8.487  5.724  7.692 10.057 12.602 13.877 17.407 18.751 22.453 24.458 27.368 30.247 31.870 34.016 35.480
  3.832  0.000  3.827  6.852 10.087 13.310 16.483 19.783 21.201 18.951 16.159 12.496 10.421  6.898  5.798  4.687  6.302  8.422  9.997 13.170 12.259 14.562 14.386 16.656 14.258 11.660 14.832 15.758 12.676 13.711 17.198 16.466 14.891 17.278 20.121 20.255 21.876 20.173 23.328 23.209 19.763 19.390 16.207 16.945 15.425 17.772 20.676 20.608 20.089 17.818 19.850 19.129 20.022 18.085 14.854 11.829 13.647 16.849 15.762 14.255 10.815  8.939  5.647  5.472  7.996  9.817 11.450 14.738 16.128 19.906 21.971 25.142 27.917 29.606 31.781 33.247
  6.697  3.827  0.000  3.818  6.726 10.046 13.274 16.469 18.237 16.275 13.888 10.242  8.539  6.033  5.390  6.328  7.004  9.469 10.140 13.170 11.781 13.140 12.082 14.637 12.958  9.734 12.525 14.259 11.569 11.790 15.520 15.605 13.927 15.632 18.444 17.979 19.582 17.722 20.591 20.216 16.618 15.937 12.634 13.218 11.851 14.408 17.095 17.087 16.563 14.595 16.981 16.624 18.037 16.113 13.365 10.173 12.680 15.273 13.567 12.696  8.948  8.133  5.958  4.857  5.456  6.442  7.660 10.977 12.535 16.311 18.613 21.776 24.661 26.455 28.626 30.105
 10.292  6.852  3.818  0.000  3.821  6.523  9.935 13.080 14.626 12.587 10.274  6.616  5.780  4.710  6.199  8.796 10.134 13.026 13.653 16.453 14.617 15.273 13.357 15.631 14.433 10.743 12.521 14.627 11.933 10.941 14.761 15.201 12.851 13.793 16.943 16.359 18.499 17.124 19.809 18.758 15.209 14.670 11.605 12.070 11.232 13.761 15.989 16.526 16.049 14.838 17.614 17.470 19.567 17.959 15.791 12.735 15.605 17.667 15.405 15.020 11.226 10.833  8.960  6.388  6.037  4.683  6.129  8.587 10.177 13.924 16.303 19.735 22.451 24.312 26.485 27.951
 13.215 10.087  6.726  3.821  0.000  3.823  6.615  9.952 11.865 10.266  8.533  5.708  5.069  6.367  7.505 10.774 11.627 14.689 15.161 17.354 14.951 14.695 12.021 13.879 13.370  9.532 10.208 12.807 10.728  8.726 12.398 13.643 11.407 11.471 14.360 13.225 15.382 14.138 16.558 15.180 11.672 11.301  8.661  9.654  9.978 12.971 14.380 14.727 13.736 12.932 15.675 15.519 18.191 17.102 15.668 13.161 16.539 17.907 15.508 16.043 12.496 13.166 12.071  9.887  8.404  5.651  4.757  5.777  6.513 10.245 12.512 15.980 18.689 20.593 22.823 24.365
 16.659 13.310 10.046  6.523  3.823  0.000  3.832  6.674  8.485  7.063  6.223  4.570  6.329  8.838 10.900 14.339 15.420 18.454 18.728 20.954 18.577 17.971 14.923 16.615 16.600 12.824 12.685 15.449 13.661 10.894 14.129 15.707 13.079 12.130 15.092 13.715 16.269 15.546 17.427 15.285 12.076 11.622  9.573  9.885 10.623 13.023 13.804 14.886 14.255 14.450 17.478 17.756 20.799 19.819 18.808 16.322 19.624 20.633 17.827 18.515 15.116 15.819 14.885 12.149 10.353  6.750  6.124  4.939  5.827  8.867 11.362 14.990 17.435 19.413 21.539 22.997
 19.741 16.483 13.274  9.935  6.615  3.832  0.000  3.838  5.788  5.402  5.826  6.425  7.956 11.299 13.113 16.754 17.759 20.927 21.320 23.095 20.338 19.216 15.858 16.854 17.280 13.788 12.570 15.257 14.049 10.615 13.080 15.166 12.684 10.702 13.219 11.494 14.218 14.110 15.569 12.867 10.239 10.433  9.651 10.553 12.420 14.901 14.766 15.644 14.498 15.152 17.830 17.938 21.348 20.963 20.512 18.555 22.081 22.684 19.979 21.215 18.032 19.162 18.397 15.835 13.946 10.322  8.808  6.205  4.942  6.644  8.430 12.125 14.240 16.201 18.373 19.913
 23.040 19.783 16.469 13.080  9.952  6.674  3.838  0.000  3.852  5.618  7.786  9.292 11.474 14.792 16.739 20.332 21.210 24.228 24.313 26.063 23.409 21.973 18.421 19.411 20.310 16.954 15.414 18.254 17.439 13.891 15.906 18.278 15.906 13.427 15.517 13.457 15.998 16.095 16.814 13.665 11.589 11.419 11.247 11.423 13.507 15.347 14.492 15.836 15.050 16.526 19.294 19.862 23.432 23.086 23.026 21.138 24.550 24.772 21.816 23.242 20.314 21.619 21.174 18.509 16.285 12.520 11.032  7.686  6.746  6.597  8.384 11.630 13.381 15.359 17.284 18.683
 24.677 21.201 18.237 14.626 11.865  8.485  5.788  3.852  0.000  3.840  6.724  9.437 11.974 15.523 17.939 21.653 23.042 26.301 26.751 28.607 25.847 24.660 21.231 21.973 22.527 19.177 17.592 19.975 18.845 15.205 16.950 18.900 16.149 13.433 15.703 14.290 17.314 18.078 18.963 15.645 14.046 14.494 14.495 14.873 16.774 18.504 17.789 19.298 18.531 19.894 22.569 22.866 26.429 26.195 25.948 23.978 27.417 27.896 24.991 26.194 23.073 24.006 23.121 20.145 18.415 14.696 13.801 10.831  9.842  9.703 10.568 13.670 14.711 16.441 18.231 19.516
 22.544 18.951 16.275 12.587 10.266  7.063  5.402  5.618  3.840  0.000  3.811  6.808  9.573 13.046 15.773 19.475 21.213 24.586 25.303 27.356 24.644 23.873 20.678 21.538 21.599 18.117 16.966 19.116 17.465 14.020 16.119 17.571 14.469 12.200 15.028 14.162 17.472 18.185 19.633 16.598 14.634 15.230 14.674 15.215 16.684 18.591 18.485 19.961 19.211 20.092 22.834 22.896 26.287 25.884 25.216 23.022 26.428 27.308 24.497 25.349 21.988 22.525 21.245 18.119 16.843 13.281 12.930 10.633  9.990 10.895 11.921 15.348 16.576 18.246 20.130 21.418
 19.819 16.159 13.888 10.274  8.533  6.223  5.826  7.786  6.724  3.811  0.000  3.835  6.465  9.873 12.870 16.545 18.674 22.188 23.286 25.459 22.760 22.465 19.616 20.498 19.966 16.438 15.788 17.557 15.331 12.233 14.685 15.499 12.073 10.527 13.915 13.702 17.181 17.801 19.879 17.268 14.985 15.812 14.766 15.672 16.757 18.991 19.503 20.735 19.851 20.090 22.749 22.443 25.579 25.076 23.958 21.631 25.005 26.330 23.758 24.270 20.688 20.828 19.072 15.921 15.271 12.071 12.188 10.835 10.341 12.254 13.316 16.971 18.435 20.088 22.138 23.515
 16.194 12.496 10.242  6.616  5.708  4.570  6.425  9.292  9.437  6.808  3.835  0.000  3.826  6.600  9.796 13.336 15.470 18.877 19.927 22.349 19.913 20.000 17.440 18.788 17.927 14.237 14.409 16.283 13.669 11.168 14.333 14.885 11.555 11.084 14.671 14.434 17.577 17.499 19.929 17.840 14.964 15.334 13.475 14.235 14.660 16.990 18.151 19.259 18.549 18.308 21.085 20.810 23.630 22.739 21.215 18.606 21.814 23.441 20.942 21.097 17.407 17.263 15.346 12.202 11.800  8.938  9.630  9.403  9.754 12.636 14.329 18.062 20.059 21.829 23.963 25.384
 13.889 10.421  8.539  5.780  5.069  6.329  7.956 11.474 11.974  9.573  6.465  3.826  0.000  3.843  6.472 10.174 12.438 16.065 17.608 19.745 17.071 17.412 15.226 16.235 14.859 11.361 11.821 13.149 10.178  8.171 11.494 11.577  8.384  8.870 12.456 12.650 15.595 15.404 18.334 16.816 13.932 14.765 12.914 14.475 15.019 17.901 19.260 19.686 18.447 17.489 19.789 18.917 21.478 20.820 19.093 16.777 20.098 21.952 19.964 20.169 16.465 16.374 14.241 11.722 11.767  9.600  9.765 10.303  9.998 13.215 14.457 18.076 20.177 21.837 24.105 25.642
 10.396  6.898  6.033  4.710  6.367  8.838 11.299 14.792 15.523 13.046  9.873  6.600  3.843  0.000  3.819  6.973  9.756 13.286 15.131 17.577 15.312 16.446 14.982 16.355 14.330 11.027 12.651 13.603 10.161  9.560 13.057 12.432  9.691 11.413 14.807 15.276 17.793 17.117 20.319 19.370 16.268 16.780 14.367 15.743 15.519 18.313 20.312 20.586 19.552 18.025 20.234 19.260 21.251 20.204 17.864 15.290 18.231 20.634 18.966 18.570 14.816 14.074 11.399  9.188 10.260  9.349 10.309 12.090 12.470 16.033 17.539 21.038 23.357 25.000 27.249 28.760
  8.327  5.798  5.390  6.199  7.505 10.900 13.113 16.739 17.939 15.773 12.870  9.796  6.472  3.819  0.000  3.814  6.260  9.982 12.221 14.265 11.827 13.256 12.365 13.572 11.073  8.181 10.515 11.019  7.542  8.261 11.648 10.849  9.171 11.642 14.393 14.805 16.641 15.484 18.901 18.653 15.566 16.133 13.723 15.574 15.394 18.520 20.593 20.204 18.787 16.614 18.281 16.863 18.422 17.506 14.989 12.818 15.774 18.283 17.209 16.955 13.443 13.031 10.631  9.702 10.685 10.518 10.694 12.953 12.997 16.571 17.868 21.047 23.534 25.093 27.376 28.950
  5.523  4.687  6.328  8.796 10.774 14.339 16.754 20.332 21.653 19.475 16.545 13.336 10.174  6.973  3.814  0.000  3.827  7.153 10.084 12.139 10.288 12.715 12.923 14.234 11.170  9.220 12.348 12.287  9.036 11.003 13.963 12.687 11.788 14.772 17.139 17.712 19.063 17.566 21.046 21.342 18.285 18.663 16.077 17.803 17.143 20.111 22.552 21.894 20.574 17.912 19.215 17.625 18.416 17.259 14.203 12.157 14.462 17.473 17.044 16.285 13.111 12.212  9.626  9.907 11.607 12.593 13.039 15.851 16.167 19.755 21.099 24.070 26.653 28.146 30.388 31.936
  5.453  6.302  7.004 10.134 11.627 15.420 17.759 21.210 23.042 21.213 18.674 15.470 12.438  9.756  6.260  3.827  0.000  3.824  6.687  8.387  6.589  9.339 10.208 11.817  8.852  7.542 11.230 11.401  9.087 11.519 14.289 13.633 13.564 16.316 18.137 18.131 18.765 16.597 19.851 20.670 17.565 17.544 14.886 16.610 15.849 18.862 21.302 20.131 18.699 15.618 16.512 14.897 15.177 13.848 10.626  8.937 11.137 14.090 14.166 13.629 10.950 10.740  9.208 10.642 11.551 12.925 12.709 15.752 16.099 19.542 20.977 23.582 26.387 27.872 30.066 31.621
  5.835  8.422  9.469 13.026 14.689 18.454 20.927 24.228 26.301 24.586 22.188 18.877 16.065 13.286  9.982  7.153  3.824  0.000  3.878  5.447  5.402  8.987 10.984 12.882 10.187  9.859 13.659 13.829 12.207 14.870 17.389 16.851 17.182 19.924 21.483 21.272 21.446 18.874 21.861 23.090 20.003 19.566 16.795 18.166 16.957 19.625 22.283 20.832 19.626 16.253 16.773 15.341 14.713 12.932  9.289  7.972  8.937 12.242 13.136 12.178 10.386 10.130  9.393 11.997 12.864 14.977 14.807 18.116 18.771 22.101 23.696 26.031 28.971 30.434 32.541 34.048
  7.611  9.997 10.140 13.653 15.161 18.728 21.320 24.313 26.751 25.303 23.286 19.927 17.608 15.131 12.221 10.084  6.687  3.878  0.000  3.840  5.542  8.326 10.280 12.977 11.283 10.829 14.503 15.469 14.407 16.567 19.237 19.362 19.637 21.925 23.444 22.649 22.580 19.573 22.088 23.346 20.100 18.966 15.952 16.709 15.040 17.311 20.081 18.491 17.681 14.310 14.929 14.234 13.315 10.732  6.915  5.193  5.164  8.696  9.766  8.607  7.589  7.991  8.743 11.885 11.935 14.376 14.043 17.480 18.592 21.764 23.741 25.869 29.012 30.566 32.579 34.032
 10.767 13.170 13.170 16.453 17.354 20.954 23.095 26.063 28.607 27.356 25.459 22.349 19.745 17.577 14.265 12.139  8.387  5.447  3.840  0.000  3.837  6.536  9.648 11.627 10.092 10.945 14.306 14.801 14.550 17.117 19.162 19.387 20.384 22.681 23.606 22.734 22.051 18.855 21.191 23.025 20.157 19.226 16.740 17.960 16.841 19.305 21.644 19.476 18.156 14.478 14.093 12.847 11.085  9.030  5.546  6.238  6.027  8.433 10.681 10.521 10.361 11.541 12.526 15.518 15.286 17.304 16.304 19.369 19.917 22.737 24.299 25.998 29.065 30.450 32.403 33.866
 10.715 12.259 11.781 14.617 14.951 18.577 20.338 23.409 25.847 24.644 22.760 19.913 17.071 15.312 11.827 10.288  6.589  5.402  5.542  3.837  0.000  3.841  6.833  8.292  6.317  7.375 10.667 10.984 10.900 13.523 15.384 15.723 16.905 19.114 19.858 19.018 18.326 15.252 17.826 19.643 16.892 16.433 14.270 16.153 15.737 18.747 20.717 18.507 16.618 12.929 12.468 10.520  9.508  8.371  5.391  6.262  8.112  9.954 11.416 12.051 10.967 12.480 12.922 15.169 14.753 16.026 14.550 17.243 17.209 19.960 21.171 22.902 25.855 27.194 29.231 30.767
 13.725 14.562 13.140 15.273 14.695 17.971 19.216 21.973 24.660 23.873 22.465 20.000 17.412 16.446 13.256 12.715  9.339  8.987  8.326  6.536  3.841  0.000  3.832  5.235  5.118  6.547  8.830  9.827 10.876 12.838 14.339 15.558 16.979 18.530 18.830 17.359 16.157 12.695 14.758 16.807 14.239 13.583 11.898 14.016 14.239 17.388 18.762 16.130 13.782 10.048  8.952  6.729  5.915  5.432  4.111  6.337  8.865  9.226 10.451 12.283 11.499 13.958 14.960 16.773 15.524 16.113 13.821 15.903 15.460 17.691 18.727 20.025 23.017 24.328 26.304 27.852
 14.524 14.386 12.082 13.357 12.021 14.923 15.858 18.421 21.231 20.678 19.616 17.440 15.226 14.982 12.365 12.923 10.208 10.984 10.280  9.648  6.833  3.832  0.000  3.846  5.379  4.974  6.321  8.677  9.862 10.701 12.459 14.413 15.402 16.290 16.698 14.716 13.729 10.169 12.058 13.608 10.735  9.822  8.133 10.546 11.385 14.817 15.776 13.240 10.583  7.086  6.682  4.802  6.341  6.063  5.923  6.817 10.249 10.137 10.013 12.393 11.048 13.873 14.877 15.916 14.060 13.835 10.974 12.509 11.824 13.903 15.061 16.453 19.567 21.039 23.085 24.686
 16.817 16.656 14.637 15.631 13.879 16.615 16.854 19.411 21.973 21.538 20.498 18.788 16.235 16.355 13.572 14.234 11.817 12.882 12.977 11.627  8.292  5.235  3.846  0.000  3.848  5.428  5.071  6.283  8.799  9.906 10.476 12.578 14.395 15.200 14.786 12.903 11.189  7.612  9.686 11.968  9.936 10.207  9.854 12.997 14.579 18.111 18.602 15.940 12.749  9.660  8.193  4.754  6.374  8.103  8.692 10.352 13.541 13.324 13.654 16.117 14.806 17.431 18.045 18.920 17.343 16.770 13.770 14.675 13.035 14.569 14.755 15.717 18.478 19.663 21.723 23.398
 14.175 14.258 12.958 14.433 13.370 16.600 17.280 20.310 22.527 21.599 19.966 17.927 14.859 14.330 11.073 11.170  8.852 10.187 11.283 10.092  6.317  5.118  5.379  3.848  0.000  3.860  5.383  4.923  6.340  8.778  9.659 10.624 12.518 14.228 14.209 13.268 12.219  9.368 12.332 14.284 12.100 12.817 11.857 14.938 15.983 19.582 20.648 18.368 15.533 12.293 11.451  8.312  9.007  9.978  9.080 10.181 13.284 14.112 14.673 16.334 14.591 16.502 16.446 17.445 16.626 16.469 14.116 15.622 14.229 16.431 16.687 18.212 20.832 22.002 24.149 25.818
 12.431 11.660  9.734 10.743  9.532 12.824 13.788 16.954 19.177 18.117 16.438 14.237 11.361 11.027  8.181  9.220  7.542  9.859 10.829 10.945  7.375  6.547  4.974  5.428  3.860  0.000  3.848  5.401  5.119  6.458  8.745  9.992 10.719 12.184 13.043 11.929 11.871  9.242 12.364 13.330 10.421 10.861  9.222 12.181 13.125 16.810 18.021 16.256 13.727 10.853 11.238  9.020 10.732 10.787  9.505  9.193 12.813 13.923 13.512 14.949 12.521 14.274 13.966 14.354 13.357 12.825 10.534 12.112 10.982 13.685 14.462 16.608 19.409 20.856 23.113 24.801
 16.053 14.832 12.525 12.521 10.208 12.685 12.570 15.414 17.592 16.966 15.788 14.409 11.821 12.651 10.515 12.348 11.230 13.659 14.503 14.306 10.667  8.830  6.321  5.071  5.383  3.848  0.000  3.841  5.402  5.044  6.247  8.792  9.874 10.307 10.400  8.624  8.171  5.505  8.769  9.656  7.136  8.537  8.233 11.853 13.848 17.612 18.049 16.200 13.142 10.899 10.966  8.517 11.153 12.164 11.997 12.165 15.880 16.312 15.657 17.683 15.374 17.458 17.265 17.152 15.755 14.381 11.500 11.858  9.606 11.502 11.479 13.336 15.959 17.337 19.674 21.473
 16.613 15.758 14.259 14.627 12.807 15.449 15.257 18.254 19.975 19.116 17.557 16.283 13.149 13.603 11.019 12.287 11.401 13.829 15.469 14.801 10.984  9.827  8.677  6.283  4.923  5.401  3.841  0.000  3.845  5.411  4.904  6.364  8.750 10.011  9.423  8.838  8.077  6.393 10.063 11.500  9.962 12.052 12.055 15.667 17.499 21.261 21.846 19.936 16.826 14.358 13.853 10.736 12.559 14.073 13.632 14.224 17.675 18.454 18.394 20.157 17.886 19.591 18.973 19.070 18.313 17.263 14.802 15.371 13.028 14.821 14.191 15.830 17.961 19.000 21.289 23.061
 13.897 12.676 11.569 11.933 10.728 13.661 14.049 17.439 18.845 17.465 15.331 13.669 10.178 10.161  7.542  9.036  9.087 12.207 14.407 14.550 10.900 10.876  9.862  8.799  6.340  5.119  5.402  3.845  0.000  3.854  5.336  5.099  6.270  8.599  9.387  9.701 10.393  9.355 13.116 13.741 11.619 13.456 12.625 15.883 17.183 20.884 21.951 20.559 17.918 15.494 15.787 13.146 14.899 15.585 14.270 13.940 17.379 18.861 18.506 19.614 16.836 17.869 16.603 16.387 16.204 15.296 13.541 14.563 12.732 15.252 15.133 17.492 19.662 20.867 23.208 24.932
 15.741 13.711 11.790 10.941  8.726 10.894 10.615 13.891 15.205 14.020 12.233 11.168  8.171  9.560  8.261 11.003 11.519 14.870 16.567 17.117 13.523 12.838 10.701  9.906  8.778  6.458  5.044  5.411  3.854  0.000  3.849  5.437  5.061  5.749  7.089  6.766  8.471  8.048 11.575 11.212  8.994 11.173 10.728 14.021 15.831 19.498 20.138 19.107 16.488 14.790 15.609 13.494 16.067 16.731 15.871 15.179 18.895 20.029 19.001 20.362 17.371 18.588 17.410 16.459 15.774 13.998 11.967 12.099  9.744 12.037 11.759 14.443 16.530 17.889 20.329 22.112
 18.921 17.198 15.520 14.761 12.398 14.129 13.080 15.906 16.950 16.119 14.685 14.333 11.494 13.057 11.648 13.963 14.289 17.389 19.237 19.162 15.384 14.339 12.459 10.476  9.659  8.745  6.247  4.904  5.336  3.849  0.000  3.841  5.565  5.573  4.578  4.788  5.809  6.606 10.143 10.192  9.278 12.341 12.953 16.561 18.836 22.538 22.775 21.439 18.414 16.777 16.885 14.263 16.767 18.217 17.859 17.856 21.525 22.361 21.683 23.377 20.655 22.088 21.018 20.241 19.547 17.725 15.440 15.125 12.181 13.558 12.208 14.193 15.719 16.712 19.129 20.958
 18.030 16.466 15.605 15.201 13.643 15.707 15.166 18.278 18.900 17.571 15.499 14.885 11.577 12.432 10.849 12.687 13.633 16.851 19.362 19.387 15.723 15.558 14.413 12.578 10.624  9.992  8.792  6.364  5.099  5.437  3.841  0.000  3.845  6.042  5.824  7.960  9.278 10.182 13.788 13.992 12.991 15.835 15.914 19.353 21.157 24.840 25.512 24.316 21.489 19.541 19.692 16.885 18.877 20.125 19.167 18.993 22.450 23.834 23.407 24.612 21.724 22.600 20.991 20.271 20.296 18.886 17.228 17.460 14.962 16.813 15.706 17.895 19.270 20.140 22.457 24.169
 17.140 14.891 13.927 12.851 11.407 13.079 12.684 15.906 16.149 14.469 12.073 11.555  8.384  9.691  9.171 11.788 13.564 17.182 19.637 20.384 16.905 16.979 15.402 14.395 12.518 10.719  9.874  8.750  6.270  5.061  5.565  3.845  0.000  3.833  6.078  8.289 10.899 11.913 15.389 14.724 13.227 15.801 15.462 18.508 20.100 23.609 24.411 23.764 21.336 19.755 20.621 18.350 20.667 21.370 20.126 19.234 22.756 24.369 23.423 24.317 21.064 21.571 19.619 18.280 18.462 16.761 15.597 15.717 13.530 15.696 15.005 17.791 19.201 20.288 22.639 24.314
 19.861 17.278 15.632 13.793 11.471 12.130 10.702 13.427 13.433 12.200 10.527 11.084  8.870 11.413 11.642 14.772 16.316 19.924 21.925 22.681 19.114 18.530 16.290 15.200 14.228 12.184 10.307 10.011  8.599  5.749  5.573  6.042  3.833  0.000  3.853  5.698  9.172 10.960 13.879 12.439 11.403 14.311 14.634 17.654 19.777 23.190 23.453 22.980 20.492 19.529 20.536 18.573 21.406 22.296 21.573 20.708 24.423 25.598 24.282 25.547 22.321 23.178 21.532 19.827 19.437 17.074 15.531 14.725 11.992 13.437 12.225 14.983 16.043 17.139 19.527 21.250
 22.310 20.121 18.444 16.943 14.360 15.092 13.219 15.517 15.703 15.028 13.915 14.671 12.456 14.807 14.393 17.139 18.137 21.483 23.444 23.606 19.858 18.830 16.698 14.786 14.209 13.043 10.400  9.423  9.387  7.089  4.578  5.824  6.078  3.853  0.000  3.824  6.570  9.315 11.957 10.939 10.997 14.480 15.619 19.011 21.561 25.090 24.993 24.078 21.163 20.152 20.516 18.173 20.955 22.474 22.241 22.014 25.747 26.566 25.573 27.246 24.323 25.576 24.239 22.897 22.277 19.963 17.907 16.882 13.649 14.355 12.280 14.215 14.846 15.601 17.967 19.749
 22.440 20.255 17.979 16.359 13.225 13.715 11.494 13.457 14.290 14.162 13.702 14.434 12.650 15.276 14.805 17.712 18.131 21.272 22.649 22.734 19.018 17.359 14.716 12.903 13.268 11.929  8.624  8.838  9.701  6.766  4.788  7.960  8.289  5.698  3.824  0.000  3.898  6.508  8.665  7.207  7.397 11.019 12.682 16.108 19.022 22.503 22.029 20.965 17.926 17.235 17.589 15.565 18.703 20.278 20.530 20.434 24.236 24.582 23.400 25.452 22.755 24.475 23.656 22.390 21.154 18.613 16.023 14.560 11.003 11.148  8.818 10.558 11.534 12.567 15.130 17.095
 23.560 21.876 19.582 18.499 15.382 16.269 14.218 15.998 17.314 17.472 17.181 17.577 15.595 17.793 16.641 19.063 18.765 21.446 22.580 22.051 18.326 16.157 13.729 11.189 12.219 11.871  8.171  8.077 10.393  8.471  5.809  9.278 10.899  9.172  6.570  3.898  0.000  3.894  5.621  5.675  6.944 10.599 12.841 16.491 19.588 23.120 22.439 20.779 17.358 16.431 15.975 13.589 16.546 18.709 19.508 20.115 23.795 23.716 22.951 25.392 23.144 25.284 24.898 24.147 22.680 20.420 17.408 16.102 12.513 12.241  9.692 10.265 11.308 12.047 14.497 16.504
 21.505 20.173 17.722 17.124 14.138 15.546 14.110 16.095 18.078 18.185 17.801 17.499 15.404 17.117 15.484 17.566 16.597 18.874 19.573 18.855 15.252 12.695 10.169  7.612  9.368  9.242  5.505  6.393  9.355  8.048  6.606 10.182 11.913 10.960  9.315  6.508  3.894  0.000  3.842  5.498  5.337  8.245 10.216 13.958 16.908 20.486 19.949 17.889 14.338 12.989 12.243  9.739 12.747 14.896 15.904 16.766 20.360 20.045 19.433 22.049 20.103 22.541 22.578 22.249 20.529 18.604 15.333 14.459 11.225 11.339  9.688 10.252 12.259 13.278 15.629 17.581
 24.655 23.328 20.591 19.809 16.558 17.427 15.569 16.814 18.963 19.633 19.879 19.929 18.334 20.319 18.901 21.046 19.851 21.861 22.088 21.191 17.826 14.758 12.058  9.686 12.332 12.364  8.769 10.063 13.116 11.575 10.143 13.788 15.389 13.879 11.957  8.665  5.621  3.842  0.000  3.841  5.564  7.946 10.966 14.334 17.677 20.957 19.775 17.520 13.839 13.180 12.055 10.144 13.293 15.744 17.526 18.682 22.121 21.178 20.474 23.506 21.943 24.748 25.207 24.877 22.732 20.609 17.057 15.628 12.324 11.300  9.188  8.341 10.155 10.977 13.173 15.192
 25.068 23.209 20.216 18.758 15.180 15.285 12.867 13.665 15.645 16.598 17.268 17.840 16.816 19.370 18.653 21.342 20.670 23.090 23.346 23.025 19.643 16.807 13.608 11.968 14.284 13.330  9.656 11.500 13.741 11.212 10.192 13.992 14.724 12.439 10.939  7.207  5.675  5.498  3.841  0.000  3.835  6.813 10.188 13.299 16.897 20.032 18.592 16.953 13.577 13.713 13.571 12.385 15.933 17.811 19.308 19.795 23.412 22.630 21.320 24.194 22.274 24.901 25.168 24.284 22.028 19.395 15.942 13.817 10.212  8.510  5.714  5.071  7.026  8.448 11.088 13.311
 21.683 19.763 16.618 15.209 11.672 12.076 10.239 11.589 14.046 14.634 14.985 14.964 13.932 16.268 15.566 18.285 17.565 20.003 20.100 20.157 16.892 14.239 10.735  9.936 12.100 10.421  7.136  9.962 11.619  8.994  9.278 12.991 13.227 11.403 10.997  7.397  6.944  5.337  5.564  3.835  0.000  3.819  6.579  9.924 13.362 16.672 15.646 14.118 10.863 10.739 11.304 10.413 14.139 15.358 16.444 16.472 20.158 19.604 18.036 20.716 18.620 21.179 21.468 20.577 18.246 15.679 12.184 10.311  6.842  6.124  4.952  6.294  9.268 11.071 13.594 15.607
 21.187 19.390 15.937 14.670 11.301 11.622 10.433 11.419 14.494 15.230 15.812 15.334 14.765 16.780 16.133 18.663 17.544 19.566 18.966 19.226 16.433 13.583  9.822 10.207 12.817 10.861  8.537 12.052 13.456 11.173 12.341 15.835 15.801 14.311 14.480 11.019 10.599  8.245  7.946  6.813  3.819  0.000  3.828  6.609 10.229 13.335 12.093 10.388  7.157  7.618  8.870  9.224 13.016 13.573 14.892 14.705 18.184 17.233 15.280 18.150 16.372 19.253 20.101 19.362 16.522 14.058 10.322  8.418  5.898  5.178  6.159  7.261 10.755 12.747 14.947 16.730
 17.989 16.207 12.634 11.605  8.661  9.573  9.651 11.247 14.495 14.674 14.766 13.475 12.914 14.367 13.723 16.077 14.886 16.795 15.952 16.740 14.270 11.898  8.133  9.854 11.857  9.222  8.233 12.055 12.625 10.728 12.953 15.914 15.462 14.634 15.619 12.682 12.841 10.216 10.966 10.188  6.579  3.828  0.000  3.822  6.878 10.375 10.048  8.576  5.979  5.702  8.248  9.061 12.481 12.023 12.604 11.669 15.151 14.583 12.260 14.771 12.733 15.523 16.447 15.773 12.813 10.590  6.793  5.805  4.806  6.338  8.740 10.710 14.135 16.135 18.249 19.872
 18.765 16.945 13.218 12.070  9.654  9.885 10.553 11.423 14.873 15.215 15.672 14.235 14.475 15.743 15.574 17.803 16.610 18.166 16.709 17.960 16.153 14.016 10.546 12.997 14.938 12.181 11.853 15.667 15.883 14.021 16.561 19.353 18.508 17.654 19.011 16.108 16.491 13.958 14.334 13.299  9.924  6.609  3.822  0.000  3.824  6.811  6.304  5.479  4.513  5.800  9.351 11.378 14.388 13.127 13.644 12.136 15.090 14.273 11.222 13.564 11.802 14.638 16.066 15.264 11.772  9.559  6.117  5.046  6.289  7.514 10.811 12.653 16.024 18.113 19.977 21.387
 17.018 15.425 11.851 11.232  9.978 10.623 12.420 13.507 16.774 16.684 16.757 14.660 15.019 15.519 15.394 17.143 15.849 16.957 15.040 16.841 15.737 14.239 11.385 14.579 15.983 13.125 13.848 17.499 17.183 15.831 18.836 21.157 20.100 19.777 21.561 19.022 19.588 16.908 17.677 16.897 13.362 10.229  6.878  3.824  0.000  3.848  5.523  5.514  6.517  6.945 10.738 13.018 15.318 13.151 12.957 10.678 13.056 12.559  9.021 10.658  8.925 11.611 13.457 12.878  9.143  7.757  5.355  6.254  8.967 10.928 14.383 16.420 19.744 21.801 23.588 24.887
 19.265 17.772 14.408 13.761 12.971 13.023 14.901 15.347 18.504 18.591 18.991 16.990 17.901 18.313 18.520 20.111 18.862 19.625 17.311 19.305 18.747 17.388 14.817 18.111 19.582 16.810 17.612 21.261 20.884 19.498 22.538 24.840 23.609 23.190 25.090 22.503 23.120 20.486 20.957 20.032 16.672 13.335 10.375  6.811  3.848  0.000  3.849  5.599  8.417  9.658 13.290 16.087 18.085 15.599 15.491 13.117 14.678 13.907 10.128 11.268 10.294 12.629 14.890 14.284 10.500  9.535  8.329  8.913 12.013 13.479 17.099 18.922 22.122 24.187 25.766 26.896
 22.339 20.676 17.095 15.989 14.380 13.804 14.766 14.492 17.789 18.485 19.503 18.151 19.260 20.312 20.593 22.552 21.302 22.283 20.081 21.644 20.717 18.762 15.776 18.602 20.648 18.021 18.049 21.846 21.951 20.138 22.775 25.512 24.411 23.453 24.993 22.029 22.439 19.949 19.775 18.592 15.646 12.093 10.048  6.304  5.523  3.849  0.000  3.820  6.962  9.597 13.011 16.081 18.484 16.562 17.234 15.466 17.309 15.956 12.387 14.289 13.531 16.167 18.325 17.534 13.727 12.045 10.084  9.238 11.620 11.992 15.478 16.778 19.842 21.903 23.325 24.390
 21.841 20.608 17.087 16.526 14.727 14.886 15.644 15.836 19.298 19.961 20.735 19.259 19.686 20.586 20.204 21.894 20.131 20.832 18.491 19.476 18.507 16.130 13.240 15.940 18.368 16.256 16.200 19.936 20.559 19.107 21.439 24.316 23.764 22.980 24.078 20.965 20.779 17.889 17.520 16.953 14.118 10.388  8.576  5.479  5.514  5.599  3.820  0.000  3.826  6.468  9.538 12.871 15.122 13.373 14.597 13.508 15.396 13.500 10.326 13.047 12.748 15.990 18.415 18.233 14.490 13.165 10.484 10.009 11.583 11.865 14.929 15.776 19.005 20.965 22.426 23.575
 21.292 20.089 16.563 16.049 13.736 14.255 14.498 15.050 18.531 19.211 19.851 18.549 18.447 19.552 18.787 20.574 18.699 19.626 17.681 18.156 16.618 13.782 10.583 12.749 15.533 13.727 13.142 16.826 17.918 16.488 18.414 21.489 21.336 20.492 21.163 17.926 17.358 14.338 13.839 13.577 10.863  7.157  5.979  4.513  6.517  8.417  6.962  3.826  0.000  3.826  6.563  9.615 12.355 11.357 13.037 12.604 15.091 13.185 10.628 13.852 13.244 16.687 18.771 18.682 15.169 13.608 10.223  9.484  9.855  9.910 12.417 13.016 16.363 18.266 19.882 21.204
 18.555 17.818 14.595 14.838 12.932 14.450 15.152 16.526 19.894 20.092 20.090 18.308 17.489 18.025 16.614 17.912 15.618 16.253 14.310 14.478 12.929 10.048  7.086  9.660 12.293 10.853 10.899 14.358 15.494 14.790 16.777 19.541 19.755 19.529 20.152 17.235 16.431 12.989 13.180 13.713 10.739  7.618  5.702  5.800  6.945  9.658  9.597  6.468  3.826  0.000  3.838  6.614  9.046  7.771  9.314  9.238 11.909 10.155  8.176 11.581 10.995 14.590 16.661 17.144 13.989 13.088  9.723 10.169 10.389 11.413 13.585 14.470 17.872 19.637 21.406 22.825
 20.108 19.850 16.981 17.614 15.675 17.478 17.830 19.294 22.569 22.834 22.749 21.085 19.789 20.234 18.281 19.215 16.512 16.773 14.929 14.093 12.468  8.952  6.682  8.193 11.451 11.238 10.966 13.853 15.787 15.609 16.885 19.692 20.621 20.536 20.516 17.589 15.975 12.243 12.055 13.571 11.304  8.870  8.248  9.351 10.738 13.290 13.011  9.538  6.563  3.838  0.000  3.838  5.923  5.841  8.701 10.155 12.518 10.260  9.649 13.309 13.295 16.942 19.022 19.948 17.116 16.470 13.087 13.511 12.989 13.595 14.925 15.120 18.319 19.786 21.450 22.874
 19.236 19.129 16.624 17.470 15.519 17.756 17.938 19.862 22.866 22.896 22.443 20.810 18.917 19.260 16.863 17.625 14.897 15.341 14.234 12.847 10.520  6.729  4.802  4.754  8.312  9.020  8.517 10.736 13.146 13.494 14.263 16.885 18.350 18.573 18.173 15.565 13.589  9.739 10.144 12.385 10.413  9.224  9.061 11.378 13.018 16.087 16.081 12.871  9.615  6.614  3.838  0.000  3.853  5.687  8.168 10.270 12.993 11.466 11.623 14.879 14.418 17.731 19.248 20.259 17.950 17.344 13.996 14.577 13.365 14.221 14.845 15.130 18.128 19.393 21.204 22.754
 19.389 20.022 18.037 19.567 18.191 20.799 21.348 23.432 26.429 26.287 25.579 23.630 21.478 21.251 18.422 18.416 15.177 14.713 13.315 11.085  9.508  5.915  6.341  6.374  9.007 10.732 11.153 12.559 14.899 16.067 16.767 18.877 20.667 21.406 20.955 18.703 16.546 12.747 13.293 15.933 14.139 13.016 12.481 14.388 15.318 18.085 18.484 15.122 12.355  9.046  5.923  3.853  0.000  3.812  6.766 10.003 11.806 10.058 11.459 14.507 14.776 18.007 19.768 21.439 19.429 19.512 16.525 17.693 16.859 17.965 18.651 18.866 21.763 22.878 24.559 26.012
 17.267 18.085 16.113 17.959 17.102 19.819 20.963 23.086 26.195 25.884 25.076 22.739 20.820 20.204 17.506 17.259 13.848 12.932 10.732  9.030  8.371  5.432  6.063  8.103  9.978 10.787 12.164 14.073 15.585 16.731 18.217 20.125 21.370 22.296 22.474 20.278 18.709 14.896 15.744 17.811 15.358 13.573 12.023 13.127 13.151 15.599 16.562 13.373 11.357  7.771  5.841  5.687  3.812  0.000  3.834  6.931  8.298  6.293  7.822 10.796 11.455 14.783 16.958 18.907 16.817 17.394 14.782 16.524 16.518 18.100 19.510 20.188 23.337 24.691 26.409 27.818
 13.660 14.854 13.365 15.791 15.668 18.808 20.512 23.026 25.948 25.216 23.958 21.215 19.093 17.864 14.989 14.203 10.626  9.289  6.915  5.546  5.391  4.111  5.923  8.692  9.080  9.505 11.997 13.632 14.270 15.871 17.859 19.167 20.126 21.573 22.241 20.530 19.508 15.904 17.526 19.308 16.444 14.892 12.604 13.644 12.957 15.491 17.234 14.597 13.037  9.314  8.701  8.168  6.766  3.834  0.000  3.825  5.278  5.157  6.944  8.739  8.946 11.771 13.688 15.997 14.441 15.632 13.660 16.143 16.564 18.853 20.525 21.820 25.018 26.472 28.335 29.780
 10.953 11.829 10.173 12.735 13.161 16.322 18.555 21.138 23.978 23.022 21.631 18.606 16.777 15.290 12.818 12.157  8.937  7.972  5.193  6.238  6.262  6.337  6.817 10.352 10.181  9.193 12.165 14.224 13.940 15.179 17.856 18.993 19.234 20.708 22.014 20.434 20.115 16.766 18.682 19.795 16.472 14.705 11.669 12.136 10.678 13.117 15.466 13.508 12.604  9.238 10.155 10.270 10.003  6.931  3.825  0.000  3.854  5.486  5.476  6.201  5.321  8.088 10.068 12.319 10.738 12.299 10.906 13.929 15.046 17.820 19.998 21.832 25.120 26.765 28.709 30.149
 11.929 13.647 12.680 15.605 16.539 19.624 22.081 24.550 27.417 26.428 25.005 21.814 20.098 18.231 15.774 14.462 11.137  8.937  5.164  6.027  8.112  8.865 10.249 13.541 13.284 12.813 15.880 17.675 17.379 18.895 21.525 22.450 22.756 24.423 25.747 24.236 23.795 20.360 22.121 23.412 20.158 18.184 15.151 15.090 13.056 14.678 17.309 15.396 15.091 11.909 12.518 12.993 11.806  8.298  5.278  3.854  0.000  3.858  5.421  4.667  5.923  8.067 10.726 13.734 12.500 14.798 13.970 17.148 18.626 21.332 23.646 25.347 28.658 30.278 32.124 33.489
 15.528 16.849 15.273 17.667 17.907 20.633 22.684 24.772 27.896 27.308 26.330 23.441 21.952 20.634 18.283 17.473 14.090 12.242  8.696  8.433  9.954  9.226 10.137 13.324 14.112 13.923 16.312 18.454 18.861 20.029 22.361 23.834 24.369 25.598 26.566 24.582 23.716 20.045 21.178 22.630 19.604 17.233 14.583 14.273 12.559 13.907 15.956 13.500 13.185 10.155 10.260 11.466 10.058  6.293  5.157  5.486  3.858  0.000  3.836  5.462  7.804 10.860 13.914 16.509 14.550 16.256 14.752 17.367 18.673 20.823 23.091 24.299 27.627 29.207 30.908 32.215
 15.225 15.762 13.567 15.405 15.508 17.827 19.979 21.816 24.991 24.497 23.758 20.942 19.964 18.966 17.209 17.044 14.166 13.136  9.766 10.681 11.416 10.451 10.013 13.654 14.673 13.512 15.657 18.394 18.506 19.001 21.683 23.407 23.423 24.282 25.573 23.400 22.951 19.433 20.474 21.320 18.036 15.280 12.260 11.222  9.021 10.128 12.387 10.326 10.628  8.176  9.649 11.623 11.459  7.822  6.944  5.476  5.421  3.836  0.000  3.854  5.605  9.214 12.485 14.441 11.863 13.252 11.772 14.297 16.081 18.247 20.922 22.356 25.749 27.496 29.212 30.501
 13.332 14.255 12.696 15.020 16.043 18.515 21.215 23.242 26.194 25.349 24.270 21.097 20.169 18.570 16.955 16.285 13.629 12.178  8.607 10.521 12.051 12.283 12.393 16.117 16.334 14.949 17.683 20.157 19.614 20.362 23.377 24.612 24.317 25.547 27.246 25.452 25.392 22.049 23.506 24.194 20.716 18.150 14.771 13.564 10.658 11.268 14.289 13.047 13.852 11.581 13.309 14.879 14.507 10.796  8.739  6.201  4.667  5.462  3.854  0.000  3.842  6.388 10.025 12.502 10.529 12.912 12.536 15.661 17.936 20.557 23.426 25.253 28.637 30.431 32.201 33.479
 10.565 10.815  8.948 11.226 12.496 15.116 18.032 20.314 23.073 21.988 20.688 17.407 16.465 14.816 13.443 13.111 10.950 10.386  7.589 10.361 10.967 11.499 11.048 14.806 14.591 12.521 15.374 17.886 16.836 17.371 20.655 21.724 21.064 22.321 24.323 22.755 23.144 20.103 21.943 22.274 18.620 16.372 12.733 11.802  8.925 10.294 13.531 12.748 13.244 10.995 13.295 14.418 14.776 11.455  8.946  5.321  5.923  7.804  5.605  3.842  0.000  3.830  6.970  9.003  6.964  9.422  9.375 12.855 15.212 18.231 21.126 23.377 26.712 28.562 30.465 31.810
  8.487  8.939  8.133 10.833 13.166 15.819 19.162 21.619 24.006 22.525 20.828 17.263 16.374 14.074 13.031 12.212 10.740 10.130  7.991 11.541 12.480 13.958 13.873 17.431 16.502 14.274 17.458 19.591 17.869 18.588 22.088 22.600 21.571 23.178 25.576 24.475 25.284 22.541 24.748 24.901 21.179 19.253 15.523 14.638 11.611 12.629 16.167 15.990 16.687 14.590 16.942 17.731 18.007 14.783 11.771  8.088  8.067 10.860  9.214  6.388  3.830  0.000  3.837  6.589  6.034  9.560 10.867 14.599 17.187 20.525 23.450 26.045 29.287 31.148 33.098 34.434
  5.724  5.647  5.958  8.960 12.071 14.885 18.397 21.174 23.121 21.245 19.072 15.346 14.241 11.399 10.631  9.626  9.208  9.393  8.743 12.526 12.922 14.960 14.877 18.045 16.446 13.966 17.265 18.973 16.603 17.410 21.018 20.991 19.619 21.532 24.239 23.656 24.898 22.578 25.207 25.168 21.468 20.101 16.447 16.066 13.457 14.890 18.325 18.415 18.771 16.661 19.022 19.248 19.768 16.958 13.688 10.068 10.726 13.914 12.485 10.025  6.970  3.837  0.000  3.843  5.583  9.105 11.137 14.885 17.252 20.879 23.596 26.529 29.607 31.437 33.482 34.858
  7.692  5.472  4.857  6.388  9.887 12.149 15.835 18.509 20.145 18.119 15.921 12.202 11.722  9.188  9.702  9.907 10.642 11.997 11.885 15.518 15.169 16.773 15.916 18.920 17.445 14.354 17.152 19.070 16.387 16.459 20.241 20.271 18.280 19.827 22.897 22.390 24.147 22.249 24.877 24.284 20.577 19.362 15.773 15.264 12.878 14.284 17.534 18.233 18.682 17.144 19.948 20.259 21.439 18.907 15.997 12.319 13.734 16.509 14.441 12.502  9.003  6.589  3.843  0.000  3.842  6.648  9.589 13.001 15.545 19.212 22.008 25.221 28.147 30.032 32.086 33.444
 10.057  7.996  5.456  6.037  8.404 10.353 13.946 16.285 18.415 16.843 15.271 11.800 11.767 10.260 10.685 11.607 11.551 12.864 11.935 15.286 14.753 15.524 14.060 17.343 16.626 13.357 15.755 18.313 16.204 15.774 19.547 20.296 18.462 19.437 22.277 21.154 22.680 20.529 22.732 22.028 18.246 16.522 12.813 11.772  9.143 10.500 13.727 14.490 15.169 13.989 17.116 17.950 19.429 16.817 14.441 10.738 12.500 14.550 11.863 10.529  6.964  6.034  5.583  3.842  0.000  3.829  6.498  9.993 12.950 16.422 19.518 22.549 25.612 27.576 29.572 30.914
 12.602  9.817  6.442  4.683  5.651  6.750 10.322 12.520 14.696 13.281 12.071  8.938  9.600  9.349 10.518 12.593 12.925 14.977 14.376 17.304 16.026 16.113 13.835 16.770 16.469 12.825 14.381 17.263 15.296 13.998 17.725 18.886 16.761 17.074 19.963 18.613 20.420 18.604 20.609 19.395 15.679 14.058 10.590  9.559  7.757  9.535 12.045 13.165 13.608 13.088 16.470 17.344 19.512 17.394 15.632 12.299 14.798 16.256 13.252 12.912  9.422  9.560  9.105  6.648  3.829  0.000  3.819  6.626  9.722 13.125 16.291 19.475 22.424 24.440 26.449 27.804
 13.877 11.450  7.660  6.129  4.757  6.124  8.808 11.032 13.801 12.930 12.188  9.630  9.765 10.309 10.694 13.039 12.709 14.807 14.043 16.304 14.550 13.821 10.974 13.770 14.116 10.534 11.500 14.802 13.541 11.967 15.440 17.228 15.597 15.531 17.907 16.023 17.408 15.333 17.057 15.942 12.184 10.322  6.793  6.117  5.355  8.329 10.084 10.484 10.223  9.723 13.087 13.996 16.525 14.782 13.660 10.906 13.970 14.752 11.772 12.536  9.375 10.867 11.137  9.589  6.498  3.819  0.000  3.830  6.624  9.996 13.162 16.122 19.242 21.279 23.335 24.777
 17.407 14.738 10.977  8.587  5.777  4.939  6.205  7.686 10.831 10.633 10.835  9.403 10.303 12.090 12.953 15.851 15.752 18.116 17.480 19.369 17.243 15.903 12.509 14.675 15.622 12.112 11.858 15.371 14.563 12.099 15.125 17.460 15.717 14.725 16.882 14.560 16.102 14.459 15.628 13.817 10.311  8.418  5.805  5.046  6.254  8.913  9.238 10.009  9.484 10.169 13.511 14.577 17.693 16.524 16.143 13.929 17.148 17.367 14.297 15.661 12.855 14.599 14.885 13.001  9.993  6.626  3.830  0.000  3.821  6.644 10.107 13.131 16.143 18.268 20.302 21.754
 18.751 16.128 12.535 10.177  6.513  5.827  4.942  6.746  9.842  9.990 10.341  9.754  9.998 12.470 12.997 16.167 16.099 18.771 18.592 19.917 17.209 15.460 11.824 13.035 14.229 10.982  9.606 13.028 12.732  9.744 12.181 14.962 13.530 11.992 13.649 11.003 12.513 11.225 12.324 10.212  6.842  5.898  4.806  6.289  8.967 12.013 11.620 11.583  9.855 10.389 12.989 13.365 16.859 16.518 16.564 15.046 18.626 18.673 16.081 17.936 15.212 17.187 17.252 15.545 12.950  9.722  6.624  3.821  0.000  3.821  6.636  9.897 12.879 14.993 17.245 18.903
 22.453 19.906 16.311 13.924 10.245  8.867  6.644  6.597  9.703 10.895 12.254 12.636 13.215 16.033 16.571 19.755 19.542 22.101 21.764 22.737 19.960 17.691 13.903 14.569 16.431 13.685 11.502 14.821 15.252 12.037 13.558 16.813 15.696 13.437 14.355 11.148 12.241 11.339 11.300  8.510  6.124  5.178  6.338  7.514 10.928 13.479 11.992 11.865  9.910 11.413 13.595 14.221 17.965 18.100 18.853 17.820 21.332 20.823 18.247 20.557 18.231 20.525 20.879 19.212 16.422 13.125  9.996  6.644  3.821  0.000  3.822  6.671  9.667 11.937 14.165 15.899
 24.458 21.971 18.613 16.303 12.512 11.362  8.430  8.384 10.568 11.921 13.316 14.329 14.457 17.539 17.868 21.099 20.977 23.696 23.741 24.299 21.171 18.727 15.061 14.755 16.687 14.462 11.479 14.191 15.133 11.759 12.208 15.706 15.005 12.225 12.280  8.818  9.692  9.688  9.188  5.714  4.952  6.159  8.740 10.811 14.383 17.099 15.478 14.929 12.417 13.585 14.925 14.845 18.651 19.510 20.525 19.998 23.646 23.091 20.922 23.426 21.126 23.450 23.596 22.008 19.518 16.291 13.162 10.107  6.636  3.822  0.000  3.824  6.458  8.768 11.386 13.448
 27.368 25.142 21.776 19.735 15.980 14.990 12.125 11.630 13.670 15.348 16.971 18.062 18.076 21.038 21.047 24.070 23.582 26.031 25.869 25.998 22.902 20.025 16.453 15.717 18.212 16.608 13.336 15.830 17.492 14.443 14.193 17.895 17.791 14.983 14.215 10.558 10.265 10.252  8.341  5.071  6.294  7.261 10.710 12.653 16.420 18.922 16.778 15.776 13.016 14.470 15.120 15.130 18.866 20.188 21.820 21.832 25.347 24.299 22.356 25.253 23.377 26.045 26.529 25.221 22.549 19.475 16.122 13.131  9.897  6.671  3.824  0.000  3.833  6.373  8.969 11.187
 30.247 27.917 24.661 22.451 18.689 17.435 14.240 13.381 14.711 16.576 18.435 20.059 20.177 23.357 23.534 26.653 26.387 28.971 29.012 29.065 25.855 23.017 19.567 18.478 20.832 19.409 15.959 17.961 19.662 16.530 15.719 19.270 19.201 16.043 14.846 11.534 11.308 12.259 10.155  7.026  9.268 10.755 14.135 16.024 19.744 22.122 19.842 19.005 16.363 17.872 18.319 18.128 21.763 23.337 25.018 25.120 28.658 27.627 25.749 28.637 26.712 29.287 29.607 28.147 25.612 22.424 19.242 16.143 12.879  9.667  6.458  3.833  0.000  3.833  6.588  9.040
 31.870 29.606 26.455 24.312 20.593 19.413 16.201 15.359 16.441 18.246 20.088 21.829 21.837 25.000 25.093 28.146 27.872 30.434 30.566 30.450 27.194 24.328 21.039 19.663 22.002 20.856 17.337 19.000 20.867 17.889 16.712 20.140 20.288 17.139 15.601 12.567 12.047 13.278 10.977  8.448 11.071 12.747 16.135 18.113 21.801 24.187 21.903 20.965 18.266 19.637 19.786 19.393 22.878 24.691 26.472 26.765 30.278 29.207 27.496 30.431 28.562 31.148 31.437 30.032 27.576 24.440 21.279 18.268 14.993 11.937  8.768  6.373  3.833  0.000  3.845  6.759
 34.016 31.781 28.626 26.485 22.823 21.539 18.373 17.284 18.231 20.130 22.138 23.963 24.105 27.249 27.376 30.388 30.066 32.541 32.579 32.403 29.231 26.304 23.085 21.723 24.149 23.113 19.674 21.289 23.208 20.329 19.129 22.457 22.639 19.527 17.967 15.130 14.497 15.629 13.173 11.088 13.594 14.947 18.249 19.977 23.588 25.766 23.325 22.426 19.882 21.406 21.450 21.204 24.559 26.409 28.335 28.709 32.124 30.908 29.212 32.201 30.465 33.098 33.482 32.086 29.572 26.449 23.335 20.302 17.245 14.165 11.386  8.969  6.588  3.845  0.000  3.811
