node,label,x,y,z,size
0,LEU50,23.208,32.289,29.301,1.99827
1,GLU51,21.967,35.56,30.841,2.008651
2,VAL70,31.939,32.767,22.303,1.821799
3,LEU71,33.424,36.187,21.948,2.012111
4,ARG54,21.273,34.459,36.749,1.34083
5,THR55,23.118,32.027,39.299,1.655709
6,LEU69,32.443,30.578,25.434,1.953287
7,ARG72,31.843,39.158,20.117,1.112457
8,GLN40,32.807,40.907,24.711,1.046713
9,ARG42,28.996,35.358,25.775,1.375433
10,LEU43,28.43,31.998,27.641,1.33045
11,ASP52,24.148,37.807,32.974,1.34083
12,LEU73,33.467,40.899,17.065,0.877163
13,GLU24,28.548,37.761,35.636,1.153979
14,LYS27,32.652,36.142,33.135,1.032872
15,ILE44,26.632,29.225,25.84,1.285467
16,HSD68,31.193,27.096,25.873,1.441176
17,LYS6,35.821,26.09,26.046,1.721453
18,PRO37,36.206,41.886,28.675,1.067474
19,ASP21,27.731,32.378,41.73,0.749135
20,THR22,26.21,34.443,38.906,1.219723
21,ARG74,34.726,44.421,16.88,0.634948
22,VAL5,35.057,26.681,29.652,0.711073
23,GLN41,31.926,37.617,26.569,0.679931
24,GLY53,21.888,38.235,36.143,0.65917
25,LYS63,29.935,19.88,38.944,0.773356
26,GLU64,32.308,19.265,36.029,0.780277
27,LEU67,30.357,25.383,29.127,0.752595
28,ASN25,31.016,36.386,38.392,0.731834
29,THR66,31.496,21.916,30.259,0.704152
30,THR12,40.286,24.797,27.896,0.721453
31,ILE13,39.803,26.952,31.057,0.628028
32,SER65,29.862,20.509,33.334,0.596886
33,GLN62,26.545,21.055,38.025,0.589965
34,ILE61,24.404,23.76,36.387,0.603806
35,PRO38,32.793,40.614,30.131,0.811419
36,LEU56,24.546,28.675,38.376,0.513841
37,THR14,38.896,25.417,34.465,0.548443
38,ALA28,34.814,38.219,35.488,0.790657
39,GLN31,38.512,38.338,32.647,0.908304
40,PHE4,35.16,23.823,32.333,0.562284
41,GLU18,29.81,28.04,44.212,0.967128
42,VAL17,32.629,28.355,41.616,0.513841
43,ILE36,38.984,39.308,27.949,0.510381
44,LEU15,37.066,27.555,36.943,0.517301
45,GLY75,33.615,45.224,13.25,0.385813
46,THR7,37.55,28.857,23.876,0.586505
47,ASP58,19.065,29.021,38.463,0.486159
48,ILE3,33.312,24.037,35.676,0.461938
49,LEU8,39.438,29.656,20.605,0.344291
50,PHE45,25.388,25.99,27.558,0.427336
51,GLU16,36.07,27.016,40.666,0.486159
52,GLN49,22.999,31.468,25.674,0.434256
53,LYS11,41.562,25.843,24.408,0.413495
54,GLY35,42.189,39.304,29.939,0.389273
55,MET1,32.389,23.039,42.433,0.455017
56,SER20,25.21,30.834,44.099,0.468858
57,LYS48,21.321,28.2,24.835,0.33045
58,ASP32,40.866,37.491,35.611,0.181661
59,GLU34,42.708,35.443,30.227,0.257785
60,GLY76,31.132,47.958,12.538,0.129758
61,GLY10,40.263,24.412,21.149,0.129758
62,GLN2,34.377,23.197,39.238,0.313149
63,ILE30,37.36,34.623,32.384,0.347751
64,THR9,41.937,27.11,19.164,0.136678
65,PRO19,26.235,27.235,42.905,0.275087
66,TYR59,19.906,27.092,35.274,0.129758
67,ASN60,20.667,23.915,37.364,0.257785
68,GLY47,23.106,25.414,22.956,0.226644
69,SER57,21.784,27.032,40.428,0.223183
70,ALA46,23.208,23.231,26.064,0.129758
71,LYS33,42.245,34.313,33.867,0.133218
72,LYS29,36.916,34.968,36.301,0.143599
73,ILE23,27.035,34.249,35.243,0.129758
74,ASP39,31.307,43.096,27.564,0.129758
75,VAL26,32.001,33.565,35.998,0.129758
