  1.000  0.793  0.533  0.234 -0.206 -0.307 -0.371 -0.313 -0.287 -0.100 -0.169 -0.119 -0.073  0.256  0.338  0.640  0.643  0.630  0.466  0.306  0.215 -0.146 -0.364 -0.422 -0.279 -0.337 -0.502 -0.469 -0.392 -0.458 -0.487 -0.402 -0.318 -0.340 -0.426 -0.451 -0.462 -0.484 -0.420 -0.463 -0.533 -0.461 -0.509 -0.483 -0.341 -0.238 -0.336 -0.380 -0.491 -0.478 -0.496 -0.470 -0.380 -0.286 -0.044  0.135  0.226  0.014 -0.020  0.187  0.266  0.457  0.636  0.551  0.320  0.073 -0.229 -0.429 -0.509 -0.445 -0.287 -0.069  0.250  0.511  0.553  0.521
  0.793  1.000  0.683  0.413 -0.023 -0.157 -0.276 -0.305 -0.263 -0.021 -0.057  0.047  0.099  0.425  0.504  0.651  0.503  0.465  0.299  0.130  0.035 -0.303 -0.440 -0.471 -0.344 -0.331 -0.457 -0.434 -0.324 -0.359 -0.407 -0.321 -0.227 -0.249 -0.345 -0.386 -0.417 -0.445 -0.396 -0.437 -0.491 -0.418 -0.453 -0.434 -0.299 -0.218 -0.315 -0.359 -0.468 -0.475 -0.538 -0.528 -0.488 -0.431 -0.215 -0.004  0.073 -0.145 -0.124  0.092  0.220  0.415  0.611  0.634  0.389  0.183 -0.124 -0.334 -0.427 -0.379 -0.271 -0.052  0.216  0.443  0.488  0.462
  0.533  0.683  1.000  0.691  0.257  0.121 -0.103 -0.197 -0.203 -0.093  0.001  0.172  0.247  0.523  0.543  0.478  0.343  0.214  0.091 -0.069 -0.130 -0.359 -0.403 -0.407 -0.366 -0.311 -0.348 -0.362 -0.271 -0.246 -0.296 -0.251 -0.151 -0.140 -0.227 -0.258 -0.302 -0.326 -0.287 -0.292 -0.306 -0.263 -0.274 -0.238 -0.158 -0.121 -0.177 -0.220 -0.301 -0.339 -0.404 -0.423 -0.420 -0.393 -0.276 -0.115 -0.042 -0.154 -0.097  0.045  0.135  0.294  0.495  0.597  0.469  0.412  0.172 -0.093 -0.200 -0.183 -0.111  0.000  0.174  0.228  0.256  0.243
  0.234  0.413  0.691  1.000  0.660  0.490  0.186 -0.057 -0.047  0.076  0.268  0.485  0.529  0.647  0.496  0.311  0.106 -0.075 -0.193 -0.349 -0.369 -0.491 -0.389 -0.352 -0.363 -0.227 -0.174 -0.215 -0.111 -0.019 -0.081 -0.068  0.030  0.057 -0.020 -0.069 -0.133 -0.164 -0.148 -0.119 -0.098 -0.063 -0.038 -0.018 -0.009 -0.029 -0.061 -0.086 -0.133 -0.227 -0.338 -0.370 -0.460 -0.502 -0.476 -0.334 -0.308 -0.370 -0.259 -0.167 -0.068  0.056  0.258  0.488  0.452  0.629  0.448  0.200  0.093  0.055  0.018  0.066  0.078 -0.026 -0.008 -0.008
 -0.206 -0.023  0.257  0.660  1.000  0.812  0.512  0.207  0.135  0.134  0.386  0.569  0.638  0.446  0.307  0.004 -0.172 -0.365 -0.440 -0.497 -0.429 -0.338 -0.114 -0.027 -0.118  0.031  0.187  0.135  0.172  0.293  0.254  0.211  0.243  0.268  0.259  0.222  0.167  0.144  0.107  0.175  0.250  0.239  0.309  0.306  0.204  0.113  0.146  0.142  0.175  0.065 -0.016 -0.038 -0.183 -0.303 -0.429 -0.436 -0.483 -0.431 -0.331 -0.367 -0.309 -0.276 -0.181  0.040  0.132  0.457  0.605  0.525  0.492  0.362  0.181  0.060 -0.132 -0.391 -0.400 -0.380
 -0.307 -0.157  0.121  0.490  0.812  1.000  0.650  0.356  0.238  0.104  0.339  0.495  0.506  0.297  0.153 -0.112 -0.257 -0.432 -0.469 -0.512 -0.427 -0.282 -0.047  0.021 -0.092  0.048  0.214  0.142  0.159  0.300  0.266  0.198  0.228  0.271  0.270  0.265  0.220  0.208  0.182  0.275  0.365  0.340  0.400  0.411  0.281  0.160  0.216  0.199  0.248  0.141  0.068  0.035 -0.110 -0.221 -0.375 -0.400 -0.463 -0.377 -0.268 -0.338 -0.298 -0.303 -0.238 -0.035  0.092  0.449  0.602  0.641  0.609  0.477  0.282  0.095 -0.160 -0.473 -0.491 -0.471
 -0.371 -0.276 -0.103  0.186  0.512  0.650  1.000  0.702  0.471  0.038  0.244  0.314  0.358  0.132  0.012 -0.186 -0.279 -0.409 -0.433 -0.421 -0.314 -0.155  0.049  0.123  0.028  0.133  0.296  0.248  0.207  0.304  0.314  0.226  0.182  0.214  0.281  0.302  0.314  0.334  0.323  0.362  0.432  0.447  0.461  0.419  0.246  0.128  0.209  0.181  0.247  0.156  0.104  0.095 -0.017 -0.125 -0.281 -0.348 -0.413 -0.321 -0.249 -0.338 -0.332 -0.367 -0.348 -0.227 -0.133  0.135  0.348  0.610  0.623  0.482  0.236  0.079 -0.266 -0.528 -0.523 -0.496
 -0.313 -0.305 -0.197 -0.057  0.207  0.356  0.702  1.000  0.667  0.018  0.155  0.091  0.042 -0.114 -0.165 -0.225 -0.223 -0.265 -0.240 -0.199 -0.131 -0.007  0.080  0.115  0.037  0.054  0.167  0.131  0.056  0.121  0.157  0.072  0.027  0.067  0.135  0.198  0.238  0.266  0.270  0.286  0.329  0.329  0.327  0.314  0.184  0.092  0.162  0.133  0.186  0.136  0.140  0.127  0.098  0.049 -0.063 -0.148 -0.180 -0.094 -0.078 -0.159 -0.191 -0.256 -0.293 -0.263 -0.165 -0.009  0.200  0.453  0.450  0.313  0.181  0.026 -0.219 -0.437 -0.432 -0.404
 -0.287 -0.263 -0.203 -0.047  0.135  0.238  0.471  0.667  1.000  0.322  0.317  0.246  0.143 -0.010 -0.092 -0.156 -0.206 -0.255 -0.249 -0.214 -0.153 -0.035  0.061  0.095  0.041  0.072  0.154  0.125  0.068  0.094  0.123  0.067  0.013  0.023  0.080  0.112  0.169  0.226  0.232  0.190  0.231  0.272  0.257  0.214  0.109  0.054  0.097  0.095  0.155  0.109  0.096  0.086  0.044 -0.006 -0.108 -0.182 -0.214 -0.138 -0.125 -0.187 -0.226 -0.275 -0.288 -0.239 -0.185 -0.043  0.100  0.296  0.311  0.205  0.045 -0.030 -0.221 -0.392 -0.366 -0.337
 -0.100 -0.021 -0.093  0.076  0.134  0.104  0.038  0.018  0.322  1.000  0.671  0.442  0.252  0.160  0.056  0.017 -0.075 -0.128 -0.189 -0.209 -0.185 -0.178 -0.092 -0.051 -0.053  0.001  0.048  0.042  0.067  0.098  0.087  0.089  0.109  0.130  0.102  0.052  0.033  0.034  0.028 -0.032 -0.023 -0.010  0.014 -0.033 -0.074 -0.069 -0.080 -0.026  0.013 -0.040 -0.081 -0.073 -0.158 -0.221 -0.247 -0.232 -0.250 -0.267 -0.233 -0.227 -0.191 -0.158 -0.130 -0.062 -0.080 -0.019 -0.048 -0.037 -0.008 -0.017 -0.070 -0.016 -0.094 -0.115 -0.117 -0.107
 -0.169 -0.057  0.001  0.268  0.386  0.339  0.244  0.155  0.317  0.671  1.000  0.766  0.558  0.367  0.168  0.017 -0.127 -0.264 -0.335 -0.381 -0.338 -0.297 -0.127 -0.061 -0.101  0.013  0.113  0.090  0.141  0.219  0.196  0.188  0.231  0.273  0.241  0.173  0.117  0.092  0.059  0.046  0.074  0.072  0.119  0.063 -0.004 -0.022 -0.014  0.009  0.054 -0.027 -0.097 -0.089 -0.227 -0.330 -0.394 -0.374 -0.407 -0.407 -0.338 -0.339 -0.290 -0.244 -0.183 -0.048 -0.042  0.109  0.107  0.142  0.161  0.109 -0.000  0.015 -0.123 -0.252 -0.253 -0.237
 -0.119  0.047  0.172  0.485  0.569  0.495  0.314  0.091  0.246  0.442  0.766  1.000  0.797  0.608  0.354  0.125 -0.085 -0.289 -0.399 -0.476 -0.413 -0.400 -0.193 -0.112 -0.138  0.009  0.110  0.086  0.161  0.236  0.195  0.194  0.237  0.261  0.226  0.149  0.095  0.074  0.041  0.037  0.070  0.083  0.122  0.055 -0.010 -0.035 -0.033 -0.015  0.012 -0.084 -0.185 -0.175 -0.340 -0.462 -0.519 -0.473 -0.514 -0.530 -0.437 -0.420 -0.349 -0.266 -0.156  0.043  0.029  0.219  0.189  0.204  0.198  0.133 -0.017  0.030 -0.102 -0.224 -0.208 -0.190
 -0.073  0.099  0.247  0.529  0.638  0.506  0.358  0.042  0.143  0.252  0.558  0.797  1.000  0.774  0.526  0.231  0.009 -0.236 -0.383 -0.453 -0.368 -0.356 -0.154 -0.047 -0.064  0.076  0.171  0.160  0.224  0.272  0.231  0.234  0.255  0.255  0.242  0.153  0.110  0.089  0.044  0.040  0.075  0.082  0.117  0.045 -0.021 -0.022 -0.023 -0.024 -0.007 -0.102 -0.189 -0.150 -0.306 -0.450 -0.509 -0.484 -0.535 -0.560 -0.480 -0.461 -0.385 -0.290 -0.155  0.040  0.000  0.192  0.185  0.201  0.222  0.147 -0.040  0.011 -0.133 -0.225 -0.203 -0.183
  0.256  0.425  0.523  0.647  0.446  0.297  0.132 -0.114 -0.010  0.160  0.367  0.608  0.774  1.000  0.758  0.502  0.255  0.014 -0.169 -0.301 -0.269 -0.412 -0.309 -0.238 -0.198 -0.080 -0.060 -0.068  0.022  0.048 -0.007  0.015  0.077  0.082  0.026 -0.048 -0.089 -0.109 -0.120 -0.156 -0.156 -0.121 -0.123 -0.187 -0.177 -0.135 -0.177 -0.194 -0.228 -0.301 -0.396 -0.354 -0.461 -0.552 -0.501 -0.392 -0.394 -0.507 -0.440 -0.335 -0.229 -0.071  0.133  0.311  0.170  0.257  0.071 -0.027 -0.046 -0.065 -0.143  0.018  0.023  0.036  0.074  0.078
  0.338  0.504  0.543  0.496  0.307  0.153  0.012 -0.165 -0.092  0.056  0.168  0.354  0.526  0.758  1.000  0.692  0.423  0.171 -0.043 -0.144 -0.086 -0.243 -0.208 -0.145 -0.098 -0.019 -0.037 -0.046  0.011  0.007 -0.048 -0.027  0.015 -0.001 -0.044 -0.095 -0.122 -0.121 -0.128 -0.178 -0.169 -0.166 -0.176 -0.237 -0.224 -0.148 -0.190 -0.212 -0.248 -0.293 -0.339 -0.266 -0.320 -0.404 -0.344 -0.280 -0.289 -0.404 -0.388 -0.289 -0.194 -0.037  0.170  0.275  0.095  0.132 -0.011 -0.123 -0.132 -0.138 -0.183 -0.035  0.010  0.082  0.121  0.125
  0.640  0.651  0.478  0.311  0.004 -0.112 -0.186 -0.225 -0.156  0.017  0.017  0.125  0.231  0.502  0.692  1.000  0.716  0.487  0.261  0.150  0.159 -0.133 -0.248 -0.244 -0.143 -0.160 -0.246 -0.232 -0.191 -0.240 -0.275 -0.229 -0.179 -0.197 -0.253 -0.288 -0.294 -0.296 -0.265 -0.319 -0.357 -0.325 -0.365 -0.413 -0.358 -0.246 -0.313 -0.338 -0.394 -0.405 -0.426 -0.351 -0.335 -0.333 -0.160 -0.061 -0.025 -0.212 -0.259 -0.111 -0.019  0.160  0.383  0.368  0.106  0.001 -0.211 -0.338 -0.351 -0.319 -0.268 -0.052  0.125  0.298  0.342  0.331
  0.643  0.503  0.343  0.106 -0.172 -0.257 -0.279 -0.223 -0.206 -0.075 -0.127 -0.085  0.009  0.255  0.423  0.716  1.000  0.778  0.495  0.385  0.433  0.090 -0.119 -0.141 -0.043 -0.149 -0.265 -0.242 -0.246 -0.327 -0.343 -0.298 -0.265 -0.293 -0.336 -0.351 -0.335 -0.334 -0.294 -0.347 -0.393 -0.368 -0.408 -0.423 -0.345 -0.223 -0.286 -0.316 -0.380 -0.360 -0.322 -0.234 -0.152 -0.105  0.098  0.169  0.185  0.005 -0.091  0.026  0.086  0.203  0.355  0.250  0.062 -0.105 -0.286 -0.397 -0.409 -0.373 -0.288 -0.112  0.113  0.342  0.369  0.349
  0.630  0.465  0.214 -0.075 -0.365 -0.432 -0.409 -0.265 -0.255 -0.128 -0.264 -0.289 -0.236  0.014  0.171  0.487  0.778  1.000  0.762  0.641  0.587  0.198 -0.117 -0.181 -0.036 -0.212 -0.397 -0.342 -0.347 -0.461 -0.461 -0.394 -0.362 -0.402 -0.448 -0.447 -0.422 -0.422 -0.361 -0.413 -0.481 -0.438 -0.497 -0.479 -0.360 -0.233 -0.308 -0.351 -0.427 -0.379 -0.315 -0.245 -0.085  0.034  0.298  0.392  0.452  0.257  0.130  0.262  0.268  0.326  0.398  0.238  0.081 -0.177 -0.363 -0.493 -0.520 -0.463 -0.316 -0.144  0.165  0.454  0.484  0.461
  0.466  0.299  0.091 -0.193 -0.440 -0.469 -0.433 -0.240 -0.249 -0.189 -0.335 -0.399 -0.383 -0.169 -0.043  0.261  0.495  0.762  1.000  0.777  0.574  0.244 -0.076 -0.180 -0.071 -0.251 -0.429 -0.380 -0.391 -0.495 -0.485 -0.422 -0.393 -0.425 -0.464 -0.446 -0.414 -0.411 -0.344 -0.377 -0.447 -0.397 -0.452 -0.401 -0.265 -0.173 -0.237 -0.280 -0.342 -0.279 -0.202 -0.179  0.017  0.193  0.470  0.605  0.671  0.493  0.359  0.467  0.423  0.389  0.357  0.187  0.123 -0.148 -0.315 -0.443 -0.488 -0.424 -0.254 -0.149  0.164  0.424  0.443  0.416
  0.306  0.130 -0.069 -0.349 -0.497 -0.512 -0.421 -0.199 -0.214 -0.209 -0.381 -0.476 -0.453 -0.301 -0.144  0.150  0.385  0.641  0.777  1.000  0.794  0.487  0.138  0.033  0.130 -0.105 -0.280 -0.224 -0.294 -0.425 -0.399 -0.360 -0.371 -0.409 -0.416 -0.385 -0.329 -0.311 -0.253 -0.296 -0.357 -0.333 -0.381 -0.352 -0.260 -0.172 -0.214 -0.229 -0.251 -0.160 -0.041  0.013  0.222  0.394  0.636  0.626  0.681  0.563  0.383  0.432  0.342  0.252  0.187 -0.007 -0.046 -0.292 -0.358 -0.441 -0.440 -0.386 -0.236 -0.166  0.111  0.351  0.354  0.333
  0.215  0.035 -0.130 -0.369 -0.429 -0.427 -0.314 -0.131 -0.153 -0.185 -0.338 -0.413 -0.368 -0.269 -0.086  0.159  0.433  0.587  0.574  0.794  1.000  0.730  0.377  0.272  0.367  0.101 -0.068 -0.022 -0.144 -0.288 -0.266 -0.263 -0.305 -0.342 -0.321 -0.282 -0.215 -0.184 -0.150 -0.184 -0.221 -0.236 -0.269 -0.277 -0.246 -0.171 -0.186 -0.172 -0.151 -0.046  0.099  0.207  0.369  0.489  0.651  0.530  0.488  0.413  0.213  0.205  0.141  0.071  0.029 -0.144 -0.195 -0.361 -0.354 -0.372 -0.328 -0.286 -0.193 -0.151  0.020  0.199  0.194  0.186
 -0.146 -0.303 -0.359 -0.491 -0.338 -0.282 -0.155 -0.007 -0.035 -0.178 -0.297 -0.400 -0.356 -0.412 -0.243 -0.133  0.090  0.198  0.244  0.487  0.730  1.000  0.755  0.637  0.665  0.435  0.268  0.273  0.116 -0.028 -0.021 -0.059 -0.142 -0.176 -0.118 -0.065  0.006  0.057  0.042  0.039  0.059 -0.015  0.017  0.007 -0.032 -0.024  0.017  0.075  0.168  0.305  0.484  0.610  0.697  0.744  0.691  0.437  0.319  0.403  0.217  0.086 -0.012 -0.148 -0.263 -0.404 -0.351 -0.386 -0.217 -0.139 -0.061 -0.056 -0.048 -0.151 -0.126 -0.105 -0.136 -0.126
 -0.364 -0.440 -0.403 -0.389 -0.114 -0.047  0.049  0.080  0.061 -0.092 -0.127 -0.193 -0.154 -0.309 -0.208 -0.248 -0.119 -0.117 -0.076  0.138  0.377  0.755  1.000  0.836  0.689  0.606  0.578  0.499  0.298  0.205  0.211  0.126  0.015  0.002  0.087  0.135  0.217  0.293  0.231  0.216  0.281  0.192  0.283  0.250  0.165  0.114  0.186  0.276  0.414  0.530  0.647  0.765  0.676  0.617  0.436  0.191  0.017  0.169  0.085 -0.114 -0.186 -0.317 -0.430 -0.487 -0.385 -0.282 -0.041  0.105  0.186  0.150  0.065 -0.111 -0.242 -0.363 -0.405 -0.384
 -0.422 -0.471 -0.407 -0.352 -0.027  0.021  0.123  0.115  0.095 -0.051 -0.061 -0.112 -0.047 -0.238 -0.145 -0.244 -0.141 -0.181 -0.180  0.033  0.272  0.637  0.836  1.000  0.819  0.628  0.715  0.689  0.454  0.361  0.385  0.298  0.170  0.141  0.238  0.252  0.295  0.359  0.260  0.258  0.354  0.183  0.278  0.251  0.145  0.132  0.203  0.284  0.402  0.488  0.623  0.781  0.691  0.529  0.317  0.031 -0.138  0.028 -0.053 -0.268 -0.322 -0.420 -0.513 -0.549 -0.457 -0.307 -0.028  0.137  0.240  0.170  0.046 -0.133 -0.322 -0.435 -0.463 -0.427
 -0.279 -0.344 -0.366 -0.363 -0.118 -0.092  0.028  0.037  0.041 -0.053 -0.101 -0.138 -0.064 -0.198 -0.098 -0.143 -0.043 -0.036 -0.071  0.130  0.367  0.665  0.689  0.819  1.000  0.757  0.602  0.669  0.522  0.326  0.315  0.275  0.143  0.079  0.159  0.156  0.207  0.255  0.177  0.165  0.224  0.090  0.128  0.062 -0.043 -0.027  0.018  0.090  0.195  0.285  0.426  0.589  0.555  0.431  0.305  0.054 -0.082  0.014 -0.102 -0.248 -0.299 -0.368 -0.426 -0.479 -0.455 -0.372 -0.170 -0.032  0.086  0.053 -0.042 -0.119 -0.234 -0.268 -0.287 -0.257
 -0.337 -0.331 -0.311 -0.227  0.031  0.048  0.133  0.054  0.072  0.001  0.013  0.009  0.076 -0.080 -0.019 -0.160 -0.149 -0.212 -0.251 -0.105  0.101  0.435  0.606  0.628  0.757  1.000  0.749  0.659  0.644  0.515  0.413  0.366  0.253  0.178  0.234  0.223  0.284  0.354  0.252  0.208  0.270  0.200  0.255  0.159  0.043  0.020  0.074  0.126  0.226  0.268  0.323  0.457  0.360  0.220  0.052 -0.128 -0.249 -0.151 -0.194 -0.316 -0.348 -0.398 -0.435 -0.413 -0.379 -0.236 -0.060  0.090  0.180  0.128 -0.015 -0.086 -0.243 -0.335 -0.346 -0.314
 -0.502 -0.457 -0.348 -0.174  0.187  0.214  0.296  0.167  0.154  0.048  0.113  0.110  0.171 -0.060 -0.037 -0.246 -0.265 -0.397 -0.429 -0.280 -0.068  0.268  0.578  0.715  0.602  0.749  1.000  0.860  0.668  0.686  0.686  0.542  0.399  0.395  0.497  0.498  0.542  0.611  0.475  0.414  0.513  0.361  0.430  0.338  0.173  0.129  0.215  0.268  0.391  0.395  0.437  0.554  0.395  0.189 -0.048 -0.267 -0.414 -0.257 -0.257 -0.446 -0.472 -0.528 -0.572 -0.512 -0.432 -0.186  0.083  0.287  0.395  0.314  0.127 -0.030 -0.339 -0.572 -0.599 -0.556
 -0.469 -0.434 -0.362 -0.215  0.135  0.142  0.248  0.131  0.125  0.042  0.090  0.086  0.160 -0.068 -0.046 -0.232 -0.242 -0.342 -0.380 -0.224 -0.022  0.273  0.499  0.689  0.669  0.659  0.860  1.000  0.798  0.690  0.750  0.669  0.485  0.432  0.549  0.501  0.521  0.548  0.414  0.376  0.455  0.283  0.319  0.220  0.050  0.048  0.119  0.171  0.289  0.302  0.382  0.500  0.383  0.183 -0.022 -0.250 -0.382 -0.244 -0.274 -0.448 -0.480 -0.529 -0.569 -0.530 -0.479 -0.269 -0.012  0.178  0.311  0.241  0.068 -0.047 -0.329 -0.500 -0.523 -0.478
 -0.392 -0.324 -0.271 -0.111  0.172  0.159  0.207  0.056  0.068  0.067  0.141  0.161  0.224  0.022  0.011 -0.191 -0.246 -0.347 -0.391 -0.294 -0.144  0.116  0.298  0.454  0.522  0.644  0.668  0.798  1.000  0.827  0.711  0.768  0.669  0.518  0.534  0.407  0.342  0.352  0.204  0.204  0.306  0.152  0.199  0.112 -0.015  0.006  0.044  0.074  0.151  0.144  0.199  0.310  0.204  0.018 -0.156 -0.318 -0.412 -0.315 -0.325 -0.436 -0.447 -0.456 -0.464 -0.391 -0.364 -0.177 -0.013  0.118  0.211  0.128 -0.035 -0.096 -0.279 -0.362 -0.361 -0.320
 -0.458 -0.359 -0.246 -0.019  0.293  0.300  0.304  0.121  0.094  0.098  0.219  0.236  0.272  0.048  0.007 -0.240 -0.327 -0.461 -0.495 -0.425 -0.288 -0.028  0.205  0.361  0.326  0.515  0.686  0.690  0.827  1.000  0.865  0.790  0.761  0.726  0.715  0.634  0.511  0.487  0.347  0.362  0.467  0.279  0.312  0.239  0.087  0.071  0.135  0.148  0.226  0.170  0.187  0.270  0.137 -0.059 -0.264 -0.407 -0.494 -0.377 -0.343 -0.465 -0.465 -0.475 -0.477 -0.365 -0.302 -0.061  0.119  0.282  0.366  0.297  0.125  0.006 -0.278 -0.501 -0.523 -0.483
 -0.487 -0.407 -0.296 -0.081  0.254  0.266  0.314  0.157  0.123  0.087  0.196  0.195  0.231 -0.007 -0.048 -0.275 -0.343 -0.461 -0.485 -0.399 -0.266 -0.021  0.211  0.385  0.315  0.413  0.686  0.750  0.711  0.865  1.000  0.859  0.720  0.738  0.820  0.753  0.682  0.631  0.501  0.478  0.524  0.346  0.344  0.258  0.082  0.070  0.145  0.161  0.253  0.199  0.230  0.293  0.170 -0.017 -0.221 -0.380 -0.467 -0.337 -0.310 -0.450 -0.469 -0.497 -0.519 -0.431 -0.363 -0.126  0.090  0.280  0.391  0.340  0.171  0.043 -0.296 -0.554 -0.590 -0.548
 -0.402 -0.321 -0.251 -0.068  0.211  0.198  0.226  0.072  0.067  0.089  0.188  0.194  0.234  0.015 -0.027 -0.229 -0.298 -0.394 -0.422 -0.360 -0.263 -0.059  0.126  0.298  0.275  0.366  0.542  0.669  0.768  0.790  0.859  1.000  0.858  0.720  0.748  0.567  0.436  0.398  0.253  0.256  0.335  0.162  0.194  0.138  0.020  0.052  0.091  0.098  0.150  0.105  0.142  0.215  0.112 -0.063 -0.229 -0.357 -0.424 -0.327 -0.307 -0.410 -0.418 -0.421 -0.431 -0.351 -0.310 -0.123  0.033  0.162  0.242  0.165  0.011 -0.071 -0.286 -0.394 -0.402 -0.361
 -0.318 -0.227 -0.151  0.030  0.243  0.228  0.182  0.027  0.013  0.109  0.231  0.237  0.255  0.077  0.015 -0.179 -0.265 -0.362 -0.393 -0.371 -0.305 -0.142  0.015  0.170  0.143  0.253  0.399  0.485  0.669  0.761  0.720  0.858  1.000  0.849  0.723  0.538  0.279  0.226  0.097  0.138  0.258  0.066  0.120  0.102  0.024  0.052  0.075  0.070  0.095  0.037  0.057  0.126  0.022 -0.137 -0.275 -0.358 -0.406 -0.335 -0.300 -0.371 -0.353 -0.330 -0.315 -0.218 -0.181 -0.014  0.079  0.155  0.200  0.130  0.006 -0.072 -0.226 -0.319 -0.330 -0.299
 -0.340 -0.249 -0.140  0.057  0.268  0.271  0.214  0.067  0.023  0.130  0.273  0.261  0.255  0.082 -0.001 -0.197 -0.293 -0.402 -0.425 -0.409 -0.342 -0.176  0.002  0.141  0.079  0.178  0.395  0.432  0.518  0.726  0.738  0.720  0.849  1.000  0.883  0.762  0.481  0.372  0.270  0.297  0.384  0.173  0.197  0.171  0.062  0.058  0.102  0.101  0.146  0.071  0.074  0.119 -0.004 -0.154 -0.300 -0.373 -0.422 -0.343 -0.289 -0.370 -0.348 -0.333 -0.317 -0.210 -0.160  0.024  0.127  0.229  0.285  0.261  0.154  0.047 -0.197 -0.412 -0.453 -0.427
 -0.426 -0.345 -0.227 -0.020  0.259  0.270  0.281  0.135  0.080  0.102  0.241  0.226  0.242  0.026 -0.044 -0.253 -0.336 -0.448 -0.464 -0.416 -0.321 -0.118  0.087  0.238  0.159  0.234  0.497  0.549  0.534  0.715  0.820  0.748  0.723  0.883  1.000  0.891  0.691  0.557  0.448  0.463  0.505  0.305  0.296  0.237  0.079  0.067  0.137  0.141  0.216  0.142  0.156  0.199  0.072 -0.091 -0.267 -0.379 -0.444 -0.336 -0.290 -0.406 -0.405 -0.416 -0.421 -0.328 -0.266 -0.058  0.114  0.279  0.376  0.364  0.233  0.107 -0.243 -0.515 -0.561 -0.526
 -0.451 -0.386 -0.258 -0.069  0.222  0.265  0.302  0.198  0.112  0.052  0.173  0.149  0.153 -0.048 -0.095 -0.288 -0.351 -0.447 -0.446 -0.385 -0.282 -0.065  0.135  0.252  0.156  0.223  0.498  0.501  0.407  0.634  0.753  0.567  0.538  0.762  0.891  1.000  0.834  0.669  0.572  0.595  0.600  0.430  0.386  0.317  0.135  0.080  0.173  0.181  0.279  0.211  0.216  0.231  0.116 -0.021 -0.207 -0.327 -0.395 -0.269 -0.221 -0.353 -0.368 -0.408 -0.436 -0.358 -0.274 -0.060  0.142  0.342  0.446  0.470  0.346  0.200 -0.216 -0.567 -0.628 -0.596
 -0.462 -0.417 -0.302 -0.133  0.167  0.220  0.314  0.238  0.169  0.033  0.117  0.095  0.110 -0.089 -0.122 -0.294 -0.335 -0.422 -0.414 -0.329 -0.215  0.006  0.217  0.295  0.207  0.284  0.542  0.521  0.342  0.511  0.682  0.436  0.279  0.481  0.691  0.834  1.000  0.866  0.731  0.675  0.592  0.510  0.430  0.324  0.124  0.058  0.160  0.179  0.297  0.251  0.264  0.259  0.157  0.039 -0.144 -0.278 -0.350 -0.217 -0.180 -0.322 -0.362 -0.426 -0.473 -0.417 -0.334 -0.128  0.097  0.320  0.442  0.462  0.336  0.217 -0.203 -0.563 -0.621 -0.586
 -0.484 -0.445 -0.326 -0.164  0.144  0.208  0.334  0.266  0.226  0.034  0.092  0.074  0.089 -0.109 -0.121 -0.296 -0.334 -0.422 -0.411 -0.311 -0.184  0.057  0.293  0.359  0.255  0.354  0.611  0.548  0.352  0.487  0.631  0.398  0.226  0.372  0.557  0.669  0.866  1.000  0.841  0.645  0.619  0.564  0.487  0.357  0.150  0.073  0.181  0.209  0.336  0.306  0.311  0.309  0.200  0.084 -0.111 -0.263 -0.339 -0.193 -0.163 -0.317 -0.376 -0.457 -0.511 -0.456 -0.374 -0.153  0.085  0.320  0.433  0.439  0.293  0.162 -0.233 -0.568 -0.620 -0.582
 -0.420 -0.396 -0.287 -0.148  0.107  0.182  0.323  0.270  0.232  0.028  0.059  0.041  0.044 -0.120 -0.128 -0.265 -0.294 -0.361 -0.344 -0.253 -0.150  0.042  0.231  0.260  0.177  0.252  0.475  0.414  0.204  0.347  0.501  0.253  0.097  0.270  0.448  0.572  0.731  0.841  1.000  0.764  0.677  0.654  0.515  0.354  0.131  0.025  0.138  0.169  0.305  0.280  0.262  0.228  0.148  0.076 -0.087 -0.208 -0.263 -0.131 -0.099 -0.235 -0.303 -0.393 -0.444 -0.402 -0.330 -0.142  0.075  0.310  0.442  0.510  0.417  0.286 -0.140 -0.507 -0.598 -0.583
 -0.463 -0.437 -0.292 -0.119  0.175  0.275  0.362  0.286  0.190 -0.032  0.046  0.037  0.040 -0.156 -0.178 -0.319 -0.347 -0.413 -0.377 -0.296 -0.184  0.039  0.216  0.258  0.165  0.208  0.414  0.376  0.204  0.362  0.478  0.256  0.138  0.297  0.463  0.595  0.675  0.645  0.764  1.000  0.835  0.755  0.595  0.445  0.191  0.049  0.184  0.220  0.370  0.326  0.300  0.256  0.177  0.104 -0.083 -0.207 -0.274 -0.121 -0.069 -0.228 -0.279 -0.385 -0.445 -0.398 -0.293 -0.085  0.174  0.426  0.598  0.696  0.645  0.485 -0.078 -0.547 -0.672 -0.668
 -0.533 -0.491 -0.306 -0.098  0.250  0.365  0.432  0.329  0.231 -0.023  0.074  0.070  0.075 -0.156 -0.169 -0.357 -0.393 -0.481 -0.447 -0.357 -0.221  0.059  0.281  0.354  0.224  0.270  0.513  0.455  0.306  0.467  0.524  0.335  0.258  0.384  0.505  0.600  0.592  0.619  0.677  0.835  1.000  0.783  0.681  0.548  0.280  0.119  0.265  0.306  0.462  0.412  0.384  0.354  0.241  0.138 -0.093 -0.250 -0.337 -0.155 -0.100 -0.287 -0.334 -0.441 -0.502 -0.428 -0.295 -0.036  0.268  0.540  0.698  0.747  0.627  0.358 -0.183 -0.625 -0.739 -0.727
 -0.461 -0.418 -0.263 -0.063  0.239  0.340  0.447  0.329  0.272 -0.010  0.072  0.083  0.082 -0.121 -0.166 -0.325 -0.368 -0.438 -0.397 -0.333 -0.236 -0.015  0.192  0.183  0.090  0.200  0.361  0.283  0.152  0.279  0.346  0.162  0.066  0.173  0.305  0.430  0.510  0.564  0.654  0.755  0.783  1.000  0.812  0.587  0.296  0.070  0.210  0.259  0.436  0.398  0.306  0.201  0.111  0.075 -0.115 -0.211 -0.266 -0.115 -0.041 -0.184 -0.242 -0.364 -0.420 -0.349 -0.231 -0.003  0.266  0.542  0.703  0.791  0.614  0.429 -0.094 -0.544 -0.652 -0.649
 -0.509 -0.453 -0.274 -0.038  0.309  0.400  0.461  0.327  0.257  0.014  0.119  0.122  0.117 -0.123 -0.176 -0.365 -0.408 -0.497 -0.452 -0.381 -0.269  0.017  0.283  0.278  0.128  0.255  0.430  0.319  0.199  0.312  0.344  0.194  0.120  0.197  0.296  0.386  0.430  0.487  0.515  0.595  0.681  0.812  1.000  0.808  0.502  0.213  0.356  0.409  0.600  0.554  0.435  0.336  0.197  0.126 -0.109 -0.230 -0.315 -0.135 -0.047 -0.222 -0.259 -0.375 -0.435 -0.346 -0.200  0.065  0.386  0.665  0.733  0.697  0.481  0.224 -0.199 -0.595 -0.681 -0.667
 -0.483 -0.434 -0.238 -0.018  0.306  0.411  0.419  0.314  0.214 -0.033  0.063  0.055  0.045 -0.187 -0.237 -0.413 -0.423 -0.479 -0.401 -0.352 -0.277  0.007  0.250  0.251  0.062  0.159  0.338  0.220  0.112  0.239  0.258  0.138  0.102  0.171  0.237  0.317  0.324  0.357  0.354  0.445  0.548  0.587  0.808  1.000  0.779  0.452  0.589  0.624  0.676  0.557  0.447  0.354  0.232  0.167 -0.068 -0.173 -0.252 -0.073  0.018 -0.148 -0.160 -0.260 -0.332 -0.255 -0.073  0.171  0.495  0.734  0.678  0.586  0.389  0.077 -0.237 -0.576 -0.645 -0.629
 -0.341 -0.299 -0.158 -0.009  0.204  0.281  0.246  0.184  0.109 -0.074 -0.004 -0.010 -0.021 -0.177 -0.224 -0.358 -0.345 -0.360 -0.265 -0.260 -0.246 -0.032  0.165  0.145 -0.043  0.043  0.173  0.050 -0.015  0.087  0.082  0.020  0.024  0.062  0.079  0.135  0.124  0.150  0.131  0.191  0.280  0.296  0.502  0.779  1.000  0.704  0.636  0.625  0.516  0.464  0.362  0.265  0.162  0.130 -0.040 -0.080 -0.146 -0.021  0.073 -0.036 -0.006 -0.052 -0.141 -0.098  0.090  0.250  0.457  0.555  0.432  0.323  0.196 -0.061 -0.190 -0.388 -0.425 -0.416
 -0.238 -0.218 -0.121 -0.029  0.113  0.160  0.128  0.092  0.054 -0.069 -0.022 -0.035 -0.022 -0.135 -0.148 -0.246 -0.223 -0.233 -0.173 -0.172 -0.171 -0.024  0.114  0.132 -0.027  0.020  0.129  0.048  0.006  0.071  0.070  0.052  0.052  0.058  0.067  0.080  0.058  0.073  0.025  0.049  0.119  0.070  0.213  0.452  0.704  1.000  0.756  0.544  0.335  0.274  0.243  0.218  0.151  0.094 -0.031 -0.072 -0.119 -0.036  0.014 -0.052 -0.029 -0.048 -0.112 -0.101  0.011  0.105  0.270  0.334  0.224  0.109  0.031 -0.160 -0.198 -0.271 -0.269 -0.254
 -0.336 -0.315 -0.177 -0.061  0.146  0.216  0.209  0.162  0.097 -0.080 -0.014 -0.033 -0.023 -0.177 -0.190 -0.313 -0.286 -0.308 -0.237 -0.214 -0.186  0.017  0.186  0.203  0.018  0.074  0.215  0.119  0.044  0.135  0.145  0.091  0.075  0.102  0.137  0.173  0.160  0.181  0.138  0.184  0.265  0.210  0.356  0.589  0.636  0.756  1.000  0.739  0.518  0.355  0.303  0.292  0.220  0.152 -0.014 -0.086 -0.142 -0.024  0.032 -0.071 -0.072 -0.129 -0.204 -0.181 -0.057  0.071  0.289  0.426  0.349  0.245  0.139 -0.098 -0.229 -0.390 -0.407 -0.391
 -0.380 -0.359 -0.220 -0.086  0.142  0.199  0.181  0.133  0.095 -0.026  0.009 -0.015 -0.024 -0.194 -0.212 -0.338 -0.316 -0.351 -0.280 -0.229 -0.172  0.075  0.276  0.284  0.090  0.126  0.268  0.171  0.074  0.148  0.161  0.098  0.070  0.101  0.141  0.181  0.179  0.209  0.169  0.220  0.306  0.259  0.409  0.624  0.625  0.544  0.739  1.000  0.763  0.554  0.429  0.394  0.273  0.202  0.009 -0.086 -0.167 -0.020  0.049 -0.092 -0.103 -0.179 -0.264 -0.233 -0.102  0.057  0.276  0.389  0.355  0.280  0.182 -0.062 -0.207 -0.405 -0.455 -0.441
 -0.491 -0.468 -0.301 -0.133  0.175  0.248  0.247  0.186  0.155  0.013  0.054  0.012 -0.007 -0.228 -0.248 -0.394 -0.380 -0.427 -0.342 -0.251 -0.151  0.168  0.414  0.402  0.195  0.226  0.391  0.289  0.151  0.226  0.253  0.150  0.095  0.146  0.216  0.279  0.297  0.336  0.305  0.370  0.462  0.436  0.600  0.676  0.516  0.335  0.518  0.763  1.000  0.786  0.610  0.529  0.369  0.310  0.070 -0.070 -0.175  0.028  0.105 -0.099 -0.148 -0.287 -0.394 -0.352 -0.194  0.020  0.298  0.465  0.485  0.436  0.300  0.028 -0.227 -0.528 -0.594 -0.578
 -0.478 -0.475 -0.339 -0.227  0.065  0.141  0.156  0.136  0.109 -0.040 -0.027 -0.084 -0.102 -0.301 -0.293 -0.405 -0.360 -0.379 -0.279 -0.160 -0.046  0.305  0.530  0.488  0.285  0.268  0.395  0.302  0.144  0.170  0.199  0.105  0.037  0.071  0.142  0.211  0.251  0.306  0.280  0.326  0.412  0.398  0.554  0.557  0.464  0.274  0.355  0.554  0.786  1.000  0.831  0.667  0.484  0.459  0.208  0.042 -0.082  0.142  0.207 -0.026 -0.087 -0.249 -0.397 -0.388 -0.217 -0.033  0.235  0.355  0.397  0.366  0.259 -0.002 -0.207 -0.460 -0.530 -0.514
 -0.496 -0.538 -0.404 -0.338 -0.016  0.068  0.104  0.140  0.096 -0.081 -0.097 -0.185 -0.189 -0.396 -0.339 -0.426 -0.322 -0.315 -0.202 -0.041  0.099  0.484  0.647  0.623  0.426  0.323  0.437  0.382  0.199  0.187  0.230  0.142  0.057  0.074  0.156  0.216  0.264  0.311  0.262  0.300  0.384  0.306  0.435  0.447  0.362  0.243  0.303  0.429  0.610  0.831  1.000  0.855  0.711  0.664  0.389  0.151  0.009  0.260  0.256 -0.011 -0.097 -0.277 -0.452 -0.485 -0.297 -0.134  0.162  0.278  0.334  0.295  0.213 -0.060 -0.231 -0.447 -0.514 -0.494
 -0.470 -0.528 -0.423 -0.370 -0.038  0.035  0.095  0.127  0.086 -0.073 -0.089 -0.175 -0.150 -0.354 -0.266 -0.351 -0.234 -0.245 -0.179  0.013  0.207  0.610  0.765  0.781  0.589  0.457  0.554  0.500  0.310  0.270  0.293  0.215  0.126  0.119  0.199  0.231  0.259  0.309  0.228  0.256  0.354  0.201  0.336  0.354  0.265  0.218  0.292  0.394  0.529  0.667  0.855  1.000  0.836  0.687  0.413  0.124 -0.048  0.182  0.114 -0.147 -0.218 -0.360 -0.498 -0.535 -0.385 -0.228  0.069  0.203  0.276  0.211  0.119 -0.128 -0.286 -0.449 -0.493 -0.462
 -0.380 -0.488 -0.420 -0.460 -0.183 -0.110 -0.017  0.098  0.044 -0.158 -0.227 -0.340 -0.306 -0.461 -0.320 -0.335 -0.152 -0.085  0.017  0.222  0.369  0.697  0.676  0.691  0.555  0.360  0.395  0.383  0.204  0.137  0.170  0.112  0.022 -0.004  0.072  0.116  0.157  0.200  0.148  0.177  0.241  0.111  0.197  0.232  0.162  0.151  0.220  0.273  0.369  0.484  0.711  0.836  1.000  0.848  0.610  0.318  0.190  0.389  0.252  0.028 -0.079 -0.242 -0.405 -0.504 -0.362 -0.298 -0.024  0.081  0.146  0.098  0.056 -0.166 -0.235 -0.311 -0.346 -0.323
 -0.286 -0.431 -0.393 -0.502 -0.303 -0.221 -0.125  0.049 -0.006 -0.221 -0.330 -0.462 -0.450 -0.552 -0.404 -0.333 -0.105  0.034  0.193  0.394  0.489  0.744  0.617  0.529  0.431  0.220  0.189  0.183  0.018 -0.059 -0.017 -0.063 -0.137 -0.154 -0.091 -0.021  0.039  0.084  0.076  0.104  0.138  0.075  0.126  0.167  0.130  0.094  0.152  0.202  0.310  0.459  0.664  0.687  0.848  1.000  0.821  0.551  0.439  0.627  0.463  0.256  0.121 -0.082 -0.272 -0.410 -0.266 -0.282 -0.063 -0.000  0.046  0.039  0.057 -0.149 -0.140 -0.181 -0.228 -0.220
 -0.044 -0.215 -0.276 -0.476 -0.429 -0.375 -0.281 -0.063 -0.108 -0.247 -0.394 -0.519 -0.509 -0.501 -0.344 -0.160  0.098  0.298  0.470  0.636  0.651  0.691  0.436  0.317  0.305  0.052 -0.048 -0.022 -0.156 -0.264 -0.221 -0.229 -0.275 -0.300 -0.267 -0.207 -0.144 -0.111 -0.087 -0.083 -0.093 -0.115 -0.109 -0.068 -0.040 -0.031 -0.014  0.009  0.070  0.208  0.389  0.413  0.610  0.821  1.000  0.798  0.683  0.749  0.549  0.434  0.310  0.110 -0.056 -0.233 -0.141 -0.281 -0.195 -0.204 -0.182 -0.154 -0.063 -0.165 -0.025  0.053  0.021  0.015
  0.135 -0.004 -0.115 -0.334 -0.436 -0.400 -0.348 -0.148 -0.182 -0.232 -0.374 -0.473 -0.484 -0.392 -0.280 -0.061  0.169  0.392  0.605  0.626  0.530  0.437  0.191  0.031  0.054 -0.128 -0.267 -0.250 -0.318 -0.407 -0.380 -0.357 -0.358 -0.373 -0.379 -0.327 -0.278 -0.263 -0.208 -0.207 -0.250 -0.211 -0.230 -0.173 -0.080 -0.072 -0.086 -0.086 -0.070  0.042  0.151  0.124  0.318  0.551  0.798  1.000  0.830  0.748  0.663  0.642  0.585  0.356  0.194  0.013  0.071 -0.149 -0.199 -0.268 -0.297 -0.238 -0.102 -0.133  0.077  0.201  0.177  0.156
  0.226  0.073 -0.042 -0.308 -0.483 -0.463 -0.413 -0.180 -0.214 -0.250 -0.407 -0.514 -0.535 -0.394 -0.289 -0.025  0.185  0.452  0.671  0.681  0.488  0.319  0.017 -0.138 -0.082 -0.249 -0.414 -0.382 -0.412 -0.494 -0.467 -0.424 -0.406 -0.422 -0.444 -0.395 -0.350 -0.339 -0.263 -0.274 -0.337 -0.266 -0.315 -0.252 -0.146 -0.119 -0.142 -0.167 -0.175 -0.082  0.009 -0.048  0.190  0.439  0.683  0.830  1.000  0.857  0.702  0.756  0.610  0.427  0.298  0.113  0.145 -0.127 -0.223 -0.334 -0.378 -0.307 -0.129 -0.121  0.162  0.332  0.316  0.285
  0.014 -0.145 -0.154 -0.370 -0.431 -0.377 -0.321 -0.094 -0.138 -0.267 -0.407 -0.530 -0.560 -0.507 -0.404 -0.212  0.005  0.257  0.493  0.563  0.413  0.403  0.169  0.028  0.014 -0.151 -0.257 -0.244 -0.315 -0.377 -0.337 -0.327 -0.335 -0.343 -0.336 -0.269 -0.217 -0.193 -0.131 -0.121 -0.155 -0.115 -0.135 -0.073 -0.021 -0.036 -0.024 -0.020  0.028  0.142  0.260  0.182  0.389  0.627  0.749  0.748  0.857  1.000  0.840  0.729  0.522  0.294  0.133 -0.038  0.048 -0.139 -0.124 -0.192 -0.212 -0.157 -0.014 -0.106  0.085  0.147  0.115  0.095
 -0.020 -0.124 -0.097 -0.259 -0.331 -0.268 -0.249 -0.078 -0.125 -0.233 -0.338 -0.437 -0.480 -0.440 -0.388 -0.259 -0.091  0.130  0.359  0.383  0.213  0.217  0.085 -0.053 -0.102 -0.194 -0.257 -0.274 -0.325 -0.343 -0.310 -0.307 -0.300 -0.289 -0.290 -0.221 -0.180 -0.163 -0.099 -0.069 -0.100 -0.041 -0.047  0.018  0.073  0.014  0.032  0.049  0.105  0.207  0.256  0.114  0.252  0.463  0.549  0.663  0.702  0.840  1.000  0.819  0.672  0.387  0.204  0.046  0.145 -0.020 -0.024 -0.085 -0.125 -0.063  0.063 -0.046  0.089  0.084  0.041  0.021
  0.187  0.092  0.045 -0.167 -0.367 -0.338 -0.338 -0.159 -0.187 -0.227 -0.339 -0.420 -0.461 -0.335 -0.289 -0.111  0.026  0.262  0.467  0.432  0.205  0.086 -0.114 -0.268 -0.248 -0.316 -0.446 -0.448 -0.436 -0.465 -0.450 -0.410 -0.371 -0.370 -0.406 -0.353 -0.322 -0.317 -0.235 -0.228 -0.287 -0.184 -0.222 -0.148 -0.036 -0.052 -0.071 -0.092 -0.099 -0.026 -0.011 -0.147  0.028  0.256  0.434  0.642  0.756  0.729  0.819  1.000  0.823  0.565  0.408  0.240  0.282  0.035 -0.082 -0.207 -0.281 -0.214 -0.051 -0.064  0.173  0.277  0.260  0.229
  0.266  0.220  0.135 -0.068 -0.309 -0.298 -0.332 -0.191 -0.226 -0.191 -0.290 -0.349 -0.385 -0.229 -0.194 -0.019  0.086  0.268  0.423  0.342  0.141 -0.012 -0.186 -0.322 -0.299 -0.348 -0.472 -0.480 -0.447 -0.465 -0.469 -0.418 -0.353 -0.348 -0.405 -0.368 -0.362 -0.376 -0.303 -0.279 -0.334 -0.242 -0.259 -0.160 -0.006 -0.029 -0.072 -0.103 -0.148 -0.087 -0.097 -0.218 -0.079  0.121  0.310  0.585  0.610  0.522  0.672  0.823  1.000  0.777  0.566  0.374  0.429  0.133 -0.041 -0.186 -0.292 -0.226 -0.066 -0.056  0.180  0.300  0.284  0.250
  0.457  0.415  0.294  0.056 -0.276 -0.303 -0.367 -0.256 -0.275 -0.158 -0.244 -0.266 -0.290 -0.071 -0.037  0.160  0.203  0.326  0.389  0.252  0.071 -0.148 -0.317 -0.420 -0.368 -0.398 -0.528 -0.529 -0.456 -0.475 -0.497 -0.421 -0.330 -0.333 -0.416 -0.408 -0.426 -0.457 -0.393 -0.385 -0.441 -0.364 -0.375 -0.260 -0.052 -0.048 -0.129 -0.179 -0.287 -0.249 -0.277 -0.360 -0.242 -0.082  0.110  0.356  0.427  0.294  0.387  0.565  0.777  1.000  0.781  0.555  0.560  0.213 -0.063 -0.256 -0.384 -0.326 -0.151 -0.072  0.228  0.411  0.415  0.379
  0.636  0.611  0.495  0.258 -0.181 -0.238 -0.348 -0.293 -0.288 -0.130 -0.183 -0.156 -0.155  0.133  0.170  0.383  0.355  0.398  0.357  0.187  0.029 -0.263 -0.430 -0.513 -0.426 -0.435 -0.572 -0.569 -0.464 -0.477 -0.519 -0.431 -0.315 -0.317 -0.421 -0.436 -0.473 -0.511 -0.444 -0.445 -0.502 -0.420 -0.435 -0.332 -0.141 -0.112 -0.204 -0.264 -0.394 -0.397 -0.452 -0.498 -0.405 -0.272 -0.056  0.194  0.298  0.133  0.204  0.408  0.566  0.781  1.000  0.815  0.631  0.321 -0.044 -0.271 -0.412 -0.360 -0.190 -0.052  0.268  0.456  0.477  0.443
  0.551  0.634  0.597  0.488  0.040 -0.035 -0.227 -0.263 -0.239 -0.062 -0.048  0.043  0.040  0.311  0.275  0.368  0.250  0.238  0.187 -0.007 -0.144 -0.404 -0.487 -0.549 -0.479 -0.413 -0.512 -0.530 -0.391 -0.365 -0.431 -0.351 -0.218 -0.210 -0.328 -0.358 -0.417 -0.456 -0.402 -0.398 -0.428 -0.349 -0.346 -0.255 -0.098 -0.101 -0.181 -0.233 -0.352 -0.388 -0.485 -0.535 -0.504 -0.410 -0.233  0.013  0.113 -0.038  0.046  0.240  0.374  0.555  0.815  1.000  0.785  0.529  0.126 -0.130 -0.294 -0.262 -0.140 -0.015  0.245  0.360  0.391  0.363
  0.320  0.389  0.469  0.452  0.132  0.092 -0.133 -0.165 -0.185 -0.080 -0.042  0.029  0.000  0.170  0.095  0.106  0.062  0.081  0.123 -0.046 -0.195 -0.351 -0.385 -0.457 -0.455 -0.379 -0.432 -0.479 -0.364 -0.302 -0.363 -0.310 -0.181 -0.160 -0.266 -0.274 -0.334 -0.374 -0.330 -0.293 -0.295 -0.231 -0.200 -0.073  0.090  0.011 -0.057 -0.102 -0.194 -0.217 -0.297 -0.385 -0.362 -0.266 -0.141  0.071  0.145  0.048  0.145  0.282  0.429  0.560  0.631  0.785  1.000  0.699  0.341  0.061 -0.126 -0.124 -0.034 -0.020  0.187  0.212  0.216  0.187
  0.073  0.183  0.412  0.629  0.457  0.449  0.135 -0.009 -0.043 -0.019  0.109  0.219  0.192  0.257  0.132  0.001 -0.105 -0.177 -0.148 -0.292 -0.361 -0.386 -0.282 -0.307 -0.372 -0.236 -0.186 -0.269 -0.177 -0.061 -0.126 -0.123 -0.014  0.024 -0.058 -0.060 -0.128 -0.153 -0.142 -0.085 -0.036 -0.003  0.065  0.171  0.250  0.105  0.071  0.057  0.020 -0.033 -0.134 -0.228 -0.298 -0.282 -0.281 -0.149 -0.127 -0.139 -0.020  0.035  0.133  0.213  0.321  0.529  0.699  1.000  0.704  0.363  0.170  0.121  0.104  0.026  0.058 -0.078 -0.080 -0.086
 -0.229 -0.124  0.172  0.448  0.605  0.602  0.348  0.200  0.100 -0.048  0.107  0.189  0.185  0.071 -0.011 -0.211 -0.286 -0.363 -0.315 -0.358 -0.354 -0.217 -0.041 -0.028 -0.170 -0.060  0.083 -0.012 -0.013  0.119  0.090  0.033  0.079  0.127  0.114  0.142  0.097  0.085  0.075  0.174  0.268  0.266  0.386  0.495  0.457  0.270  0.289  0.276  0.298  0.235  0.162  0.069 -0.024 -0.063 -0.195 -0.199 -0.223 -0.124 -0.024 -0.082 -0.041 -0.063 -0.044  0.126  0.341  0.704  1.000  0.706  0.518  0.391  0.271  0.043 -0.095 -0.369 -0.401 -0.392
 -0.429 -0.334 -0.093  0.200  0.525  0.641  0.610  0.453  0.296 -0.037  0.142  0.204  0.201 -0.027 -0.123 -0.338 -0.397 -0.493 -0.443 -0.441 -0.372 -0.139  0.105  0.137 -0.032  0.090  0.287  0.178  0.118  0.282  0.280  0.162  0.155  0.229  0.279  0.342  0.320  0.320  0.310  0.426  0.540  0.542  0.665  0.734  0.555  0.334  0.426  0.389  0.465  0.355  0.278  0.203  0.081 -0.000 -0.204 -0.268 -0.334 -0.192 -0.085 -0.207 -0.186 -0.256 -0.271 -0.130  0.061  0.363  0.706  1.000  0.838  0.649  0.409  0.102 -0.241 -0.593 -0.636 -0.615
 -0.509 -0.427 -0.200  0.093  0.492  0.609  0.623  0.450  0.311 -0.008  0.161  0.198  0.222 -0.046 -0.132 -0.351 -0.409 -0.520 -0.488 -0.440 -0.328 -0.061  0.186  0.240  0.086  0.180  0.395  0.311  0.211  0.366  0.391  0.242  0.200  0.285  0.376  0.446  0.442  0.433  0.442  0.598  0.698  0.703  0.733  0.678  0.432  0.224  0.349  0.355  0.485  0.397  0.334  0.276  0.146  0.046 -0.182 -0.297 -0.378 -0.212 -0.125 -0.281 -0.292 -0.384 -0.412 -0.294 -0.126  0.170  0.518  0.838  1.000  0.826  0.562  0.247 -0.218 -0.646 -0.719 -0.701
 -0.445 -0.379 -0.183  0.055  0.362  0.477  0.482  0.313  0.205 -0.017  0.109  0.133  0.147 -0.065 -0.138 -0.319 -0.373 -0.463 -0.424 -0.386 -0.286 -0.056  0.150  0.170  0.053  0.128  0.314  0.241  0.128  0.297  0.340  0.165  0.130  0.261  0.364  0.470  0.462  0.439  0.510  0.696  0.747  0.791  0.697  0.586  0.323  0.109  0.245  0.280  0.436  0.366  0.295  0.211  0.098  0.039 -0.154 -0.238 -0.307 -0.157 -0.063 -0.214 -0.226 -0.326 -0.360 -0.262 -0.124  0.121  0.391  0.649  0.826  1.000  0.777  0.473 -0.056 -0.571 -0.688 -0.685
 -0.287 -0.271 -0.111  0.018  0.181  0.282  0.236  0.181  0.045 -0.070 -0.000 -0.017 -0.040 -0.143 -0.183 -0.268 -0.288 -0.316 -0.254 -0.236 -0.193 -0.048  0.065  0.046 -0.042 -0.015  0.127  0.068 -0.035  0.125  0.171  0.011  0.006  0.154  0.233  0.346  0.336  0.293  0.417  0.645  0.627  0.614  0.481  0.389  0.196  0.031  0.139  0.182  0.300  0.259  0.213  0.119  0.056  0.057 -0.063 -0.102 -0.129 -0.014  0.063 -0.051 -0.066 -0.151 -0.190 -0.140 -0.034  0.104  0.271  0.409  0.562  0.777  1.000  0.749  0.273 -0.358 -0.536 -0.566
 -0.069 -0.052  0.000  0.066  0.060  0.095  0.079  0.026 -0.030 -0.016  0.015  0.030  0.011  0.018 -0.035 -0.052 -0.112 -0.144 -0.149 -0.166 -0.151 -0.151 -0.111 -0.133 -0.119 -0.086 -0.030 -0.047 -0.096  0.006  0.043 -0.071 -0.072  0.047  0.107  0.200  0.217  0.162  0.286  0.485  0.358  0.429  0.224  0.077 -0.061 -0.160 -0.098 -0.062  0.028 -0.002 -0.060 -0.128 -0.166 -0.149 -0.165 -0.133 -0.121 -0.106 -0.046 -0.064 -0.056 -0.072 -0.052 -0.015 -0.020  0.026  0.043  0.102  0.247  0.473  0.749  1.000  0.534 -0.076 -0.256 -0.309
  0.250  0.216  0.174  0.078 -0.132 -0.160 -0.266 -0.219 -0.221 -0.094 -0.123 -0.102 -0.133  0.023  0.010  0.125  0.113  0.165  0.164  0.111  0.020 -0.126 -0.242 -0.322 -0.234 -0.243 -0.339 -0.329 -0.279 -0.278 -0.296 -0.286 -0.226 -0.197 -0.243 -0.216 -0.203 -0.233 -0.140 -0.078 -0.183 -0.094 -0.199 -0.237 -0.190 -0.198 -0.229 -0.207 -0.227 -0.207 -0.231 -0.286 -0.235 -0.140 -0.025  0.077  0.162  0.085  0.089  0.173  0.180  0.228  0.268  0.245  0.187  0.058 -0.095 -0.241 -0.218 -0.056  0.273  0.534  1.000  0.375  0.192  0.098
  0.511  0.443  0.228 -0.026 -0.391 -0.473 -0.528 -0.437 -0.392 -0.115 -0.252 -0.224 -0.225  0.036  0.082  0.298  0.342  0.454  0.424  0.351  0.199 -0.105 -0.363 -0.435 -0.268 -0.335 -0.572 -0.500 -0.362 -0.501 -0.554 -0.394 -0.319 -0.412 -0.515 -0.567 -0.563 -0.568 -0.507 -0.547 -0.625 -0.544 -0.595 -0.576 -0.388 -0.271 -0.390 -0.405 -0.528 -0.460 -0.447 -0.449 -0.311 -0.181  0.053  0.201  0.332  0.147  0.084  0.277  0.300  0.411  0.456  0.360  0.212 -0.078 -0.369 -0.593 -0.646 -0.571 -0.358 -0.076  0.375  1.000  0.829  0.671
  0.553  0.488  0.256 -0.008 -0.400 -0.491 -0.523 -0.432 -0.366 -0.117 -0.253 -0.208 -0.203  0.074  0.121  0.342  0.369  0.484  0.443  0.354  0.194 -0.136 -0.405 -0.463 -0.287 -0.346 -0.599 -0.523 -0.361 -0.523 -0.590 -0.402 -0.330 -0.453 -0.561 -0.628 -0.621 -0.620 -0.598 -0.672 -0.739 -0.652 -0.681 -0.645 -0.425 -0.269 -0.407 -0.455 -0.594 -0.530 -0.514 -0.493 -0.346 -0.228  0.021  0.177  0.316  0.115  0.041  0.260  0.284  0.415  0.477  0.391  0.216 -0.080 -0.401 -0.636 -0.719 -0.688 -0.536 -0.256  0.192  0.829  1.000  0.902
