  1.000  0.791  0.534  0.235 -0.208 -0.304 -0.369 -0.313 -0.288 -0.103 -0.172 -0.121 -0.072  0.257  0.338  0.641  0.642  0.628  0.464  0.305  0.216 -0.145 -0.364 -0.422 -0.281 -0.335 -0.501 -0.469 -0.391 -0.455 -0.485 -0.401 -0.319 -0.339 -0.424 -0.449 -0.460 -0.481 -0.417 -0.460 -0.531 -0.459 -0.508 -0.482 -0.339 -0.235 -0.333 -0.377 -0.490 -0.478 -0.496 -0.472 -0.381 -0.287 -0.046  0.135  0.226  0.014 -0.021  0.190  0.267  0.458  0.635  0.550  0.316  0.073 -0.228 -0.427 -0.505 -0.443 -0.287 -0.068  0.250  0.508  0.551  0.520
  0.791  1.000  0.684  0.412 -0.026 -0.155 -0.274 -0.304 -0.262 -0.023 -0.058  0.047  0.099  0.425  0.503  0.652  0.501  0.463  0.298  0.134  0.040 -0.301 -0.441 -0.473 -0.346 -0.332 -0.459 -0.436 -0.325 -0.359 -0.408 -0.323 -0.228 -0.249 -0.345 -0.385 -0.417 -0.445 -0.398 -0.436 -0.491 -0.418 -0.453 -0.435 -0.299 -0.215 -0.314 -0.358 -0.469 -0.475 -0.539 -0.530 -0.490 -0.433 -0.216 -0.003  0.074 -0.145 -0.125  0.097  0.223  0.416  0.609  0.633  0.383  0.180 -0.127 -0.334 -0.425 -0.378 -0.271 -0.050  0.216  0.442  0.489  0.463
  0.534  0.684  1.000  0.689  0.256  0.124 -0.098 -0.194 -0.202 -0.095 -0.001  0.171  0.245  0.518  0.539  0.477  0.341  0.212  0.088 -0.068 -0.126 -0.358 -0.403 -0.409 -0.371 -0.313 -0.349 -0.364 -0.271 -0.243 -0.294 -0.253 -0.152 -0.141 -0.226 -0.258 -0.303 -0.327 -0.287 -0.291 -0.303 -0.259 -0.272 -0.237 -0.155 -0.119 -0.176 -0.220 -0.302 -0.339 -0.404 -0.423 -0.419 -0.392 -0.275 -0.113 -0.041 -0.155 -0.098  0.048  0.137  0.294  0.493  0.593  0.463  0.408  0.171 -0.090 -0.193 -0.180 -0.107  0.004  0.176  0.228  0.255  0.241
  0.235  0.412  0.689  1.000  0.660  0.496  0.192 -0.054 -0.046  0.080  0.271  0.487  0.529  0.645  0.495  0.311  0.106 -0.076 -0.197 -0.350 -0.367 -0.491 -0.388 -0.353 -0.363 -0.225 -0.173 -0.215 -0.109 -0.015 -0.080 -0.068  0.030  0.058 -0.019 -0.068 -0.134 -0.164 -0.148 -0.118 -0.094 -0.058 -0.034 -0.015 -0.007 -0.027 -0.059 -0.085 -0.131 -0.225 -0.339 -0.371 -0.463 -0.504 -0.482 -0.339 -0.312 -0.375 -0.263 -0.168 -0.070  0.055  0.255  0.485  0.448  0.626  0.447  0.203  0.100  0.060  0.022  0.069  0.079 -0.026 -0.009 -0.011
 -0.208 -0.026  0.256  0.660  1.000  0.815  0.516  0.211  0.138  0.137  0.388  0.570  0.638  0.445  0.308  0.002 -0.174 -0.367 -0.444 -0.498 -0.430 -0.339 -0.112 -0.026 -0.117  0.033  0.192  0.138  0.175  0.298  0.258  0.213  0.245  0.270  0.263  0.226  0.170  0.146  0.108  0.177  0.255  0.244  0.312  0.308  0.205  0.116  0.150  0.143  0.177  0.068 -0.015 -0.037 -0.184 -0.305 -0.434 -0.442 -0.488 -0.435 -0.334 -0.369 -0.311 -0.280 -0.184  0.037  0.131  0.456  0.603  0.527  0.499  0.366  0.184  0.062 -0.133 -0.393 -0.404 -0.384
 -0.304 -0.155  0.124  0.496  0.815  1.000  0.651  0.356  0.237  0.107  0.341  0.496  0.507  0.299  0.155 -0.110 -0.257 -0.432 -0.472 -0.515 -0.430 -0.286 -0.048  0.021 -0.092  0.049  0.216  0.143  0.159  0.302  0.268  0.198  0.227  0.271  0.271  0.267  0.221  0.208  0.182  0.276  0.367  0.342  0.400  0.411  0.283  0.163  0.218  0.199  0.249  0.145  0.068  0.035 -0.113 -0.224 -0.382 -0.405 -0.466 -0.381 -0.271 -0.339 -0.297 -0.303 -0.237 -0.033  0.095  0.450  0.602  0.641  0.611  0.480  0.284  0.097 -0.161 -0.474 -0.492 -0.473
 -0.369 -0.274 -0.098  0.192  0.516  0.651  1.000  0.702  0.470  0.039  0.244  0.315  0.360  0.135  0.016 -0.185 -0.277 -0.407 -0.433 -0.422 -0.317 -0.157  0.049  0.122  0.028  0.133  0.296  0.247  0.206  0.303  0.314  0.225  0.180  0.213  0.281  0.303  0.314  0.333  0.322  0.360  0.431  0.446  0.460  0.418  0.247  0.128  0.209  0.181  0.248  0.159  0.104  0.095 -0.019 -0.128 -0.285 -0.349 -0.414 -0.323 -0.248 -0.339 -0.332 -0.366 -0.347 -0.225 -0.129  0.136  0.347  0.607  0.623  0.485  0.239  0.080 -0.266 -0.528 -0.524 -0.497
 -0.313 -0.304 -0.194 -0.054  0.211  0.356  0.702  1.000  0.668  0.019  0.154  0.091  0.043 -0.115 -0.164 -0.225 -0.224 -0.264 -0.241 -0.204 -0.138 -0.011  0.077  0.115  0.039  0.056  0.167  0.132  0.057  0.124  0.158  0.074  0.029  0.068  0.135  0.200  0.238  0.266  0.269  0.285  0.329  0.329  0.327  0.313  0.184  0.092  0.163  0.133  0.187  0.138  0.139  0.125  0.096  0.047 -0.067 -0.149 -0.182 -0.095 -0.077 -0.158 -0.190 -0.256 -0.293 -0.262 -0.163 -0.010  0.200  0.451  0.449  0.315  0.184  0.028 -0.219 -0.437 -0.433 -0.404
 -0.288 -0.262 -0.202 -0.046  0.138  0.237  0.470  0.668  1.000  0.322  0.316  0.247  0.144 -0.010 -0.091 -0.157 -0.208 -0.257 -0.251 -0.218 -0.159 -0.035  0.061  0.095  0.043  0.072  0.153  0.124  0.068  0.095  0.123  0.068  0.014  0.024  0.080  0.112  0.168  0.226  0.232  0.189  0.232  0.271  0.258  0.216  0.111  0.055  0.099  0.098  0.157  0.112  0.097  0.087  0.043 -0.009 -0.112 -0.186 -0.217 -0.140 -0.127 -0.188 -0.227 -0.274 -0.286 -0.239 -0.184 -0.045  0.100  0.295  0.310  0.206  0.047 -0.030 -0.221 -0.392 -0.367 -0.337
 -0.103 -0.023 -0.095  0.080  0.137  0.107  0.039  0.019  0.322  1.000  0.672  0.441  0.254  0.161  0.056  0.015 -0.077 -0.130 -0.192 -0.210 -0.185 -0.180 -0.091 -0.051 -0.052  0.004  0.048  0.041  0.068  0.100  0.088  0.090  0.111  0.133  0.105  0.054  0.033  0.035  0.031 -0.030 -0.020 -0.009  0.015 -0.031 -0.071 -0.068 -0.078 -0.021  0.016 -0.038 -0.079 -0.071 -0.160 -0.226 -0.251 -0.238 -0.253 -0.270 -0.237 -0.228 -0.195 -0.159 -0.129 -0.063 -0.082 -0.020 -0.050 -0.037 -0.007 -0.016 -0.069 -0.014 -0.094 -0.115 -0.118 -0.108
 -0.172 -0.058 -0.001  0.271  0.388  0.341  0.244  0.154  0.316  0.672  1.000  0.765  0.559  0.368  0.169  0.016 -0.129 -0.267 -0.336 -0.381 -0.338 -0.298 -0.125 -0.060 -0.100  0.015  0.114  0.088  0.140  0.221  0.196  0.188  0.230  0.275  0.242  0.175  0.118  0.093  0.060  0.048  0.077  0.074  0.120  0.066 -0.000 -0.020 -0.012  0.012  0.057 -0.024 -0.095 -0.089 -0.227 -0.333 -0.397 -0.378 -0.408 -0.409 -0.341 -0.340 -0.290 -0.243 -0.182 -0.047 -0.039  0.110  0.107  0.144  0.163  0.112  0.001  0.017 -0.123 -0.253 -0.254 -0.239
 -0.121  0.047  0.171  0.487  0.570  0.496  0.315  0.091  0.247  0.441  0.765  1.000  0.797  0.610  0.358  0.125 -0.085 -0.290 -0.399 -0.475 -0.411 -0.400 -0.190 -0.109 -0.137  0.012  0.113  0.086  0.162  0.238  0.196  0.193  0.235  0.262  0.227  0.150  0.095  0.076  0.044  0.039  0.072  0.084  0.124  0.058 -0.006 -0.031 -0.030 -0.012  0.015 -0.081 -0.183 -0.173 -0.340 -0.464 -0.522 -0.477 -0.517 -0.533 -0.440 -0.422 -0.351 -0.267 -0.156  0.043  0.030  0.217  0.187  0.205  0.201  0.135 -0.016  0.032 -0.104 -0.225 -0.209 -0.192
 -0.072  0.099  0.245  0.529  0.638  0.507  0.360  0.043  0.144  0.254  0.559  0.797  1.000  0.775  0.528  0.232  0.009 -0.237 -0.383 -0.452 -0.366 -0.356 -0.151 -0.046 -0.064  0.077  0.173  0.159  0.223  0.273  0.230  0.233  0.253  0.255  0.243  0.154  0.110  0.090  0.045  0.040  0.077  0.083  0.118  0.047 -0.017 -0.019 -0.019 -0.022 -0.005 -0.098 -0.188 -0.147 -0.307 -0.453 -0.513 -0.488 -0.537 -0.563 -0.482 -0.462 -0.383 -0.290 -0.156  0.039 -0.001  0.189  0.183  0.202  0.226  0.149 -0.039  0.013 -0.135 -0.226 -0.204 -0.186
  0.257  0.425  0.518  0.645  0.445  0.299  0.135 -0.115 -0.010  0.161  0.368  0.610  0.775  1.000  0.757  0.502  0.255  0.012 -0.170 -0.299 -0.267 -0.412 -0.308 -0.238 -0.198 -0.078 -0.058 -0.068  0.023  0.051 -0.006  0.016  0.077  0.082  0.027 -0.045 -0.087 -0.107 -0.119 -0.154 -0.153 -0.120 -0.121 -0.184 -0.173 -0.131 -0.174 -0.192 -0.225 -0.297 -0.394 -0.353 -0.462 -0.554 -0.505 -0.397 -0.399 -0.512 -0.444 -0.336 -0.229 -0.071  0.131  0.308  0.166  0.255  0.071 -0.025 -0.041 -0.062 -0.141  0.020  0.022  0.035  0.073  0.076
  0.338  0.503  0.539  0.495  0.308  0.155  0.016 -0.164 -0.091  0.056  0.169  0.358  0.528  0.757  1.000  0.690  0.421  0.168 -0.047 -0.144 -0.085 -0.242 -0.208 -0.144 -0.097 -0.017 -0.035 -0.045  0.015  0.011 -0.046 -0.026  0.015 -0.002 -0.044 -0.093 -0.121 -0.120 -0.129 -0.176 -0.166 -0.163 -0.175 -0.235 -0.220 -0.144 -0.190 -0.213 -0.247 -0.291 -0.337 -0.264 -0.321 -0.405 -0.346 -0.285 -0.293 -0.407 -0.392 -0.289 -0.194 -0.040  0.165  0.270  0.088  0.130 -0.009 -0.120 -0.126 -0.133 -0.182 -0.034  0.009  0.081  0.120  0.124
  0.641  0.652  0.477  0.311  0.002 -0.110 -0.185 -0.225 -0.157  0.015  0.016  0.125  0.232  0.502  0.690  1.000  0.715  0.486  0.260  0.151  0.160 -0.132 -0.250 -0.246 -0.145 -0.160 -0.247 -0.232 -0.190 -0.238 -0.274 -0.229 -0.181 -0.198 -0.254 -0.287 -0.292 -0.294 -0.266 -0.318 -0.357 -0.325 -0.364 -0.411 -0.355 -0.244 -0.312 -0.339 -0.395 -0.407 -0.427 -0.353 -0.337 -0.334 -0.161 -0.061 -0.025 -0.212 -0.259 -0.109 -0.015  0.162  0.383  0.369  0.102  0.001 -0.209 -0.335 -0.348 -0.317 -0.269 -0.051  0.123  0.298  0.342  0.332
  0.642  0.501  0.341  0.106 -0.174 -0.257 -0.277 -0.224 -0.208 -0.077 -0.129 -0.085  0.009  0.255  0.421  0.715  1.000  0.776  0.494  0.384  0.434  0.089 -0.120 -0.143 -0.045 -0.148 -0.265 -0.240 -0.241 -0.322 -0.339 -0.296 -0.263 -0.291 -0.335 -0.350 -0.335 -0.332 -0.293 -0.346 -0.393 -0.368 -0.407 -0.421 -0.344 -0.224 -0.286 -0.316 -0.379 -0.360 -0.322 -0.236 -0.152 -0.105  0.097  0.168  0.184  0.003 -0.092  0.027  0.088  0.205  0.355  0.248  0.057 -0.106 -0.285 -0.392 -0.404 -0.371 -0.288 -0.112  0.111  0.341  0.368  0.349
  0.628  0.463  0.212 -0.076 -0.367 -0.432 -0.407 -0.264 -0.257 -0.130 -0.267 -0.290 -0.237  0.012  0.168  0.486  0.776  1.000  0.764  0.643  0.589  0.200 -0.118 -0.183 -0.037 -0.211 -0.397 -0.340 -0.343 -0.458 -0.458 -0.392 -0.361 -0.400 -0.447 -0.446 -0.421 -0.422 -0.361 -0.412 -0.482 -0.439 -0.499 -0.480 -0.361 -0.234 -0.310 -0.351 -0.430 -0.382 -0.316 -0.247 -0.085  0.034  0.299  0.393  0.453  0.256  0.128  0.263  0.269  0.328  0.397  0.235  0.077 -0.178 -0.364 -0.492 -0.520 -0.464 -0.318 -0.143  0.162  0.453  0.485  0.464
  0.464  0.298  0.088 -0.197 -0.444 -0.472 -0.433 -0.241 -0.251 -0.192 -0.336 -0.399 -0.383 -0.170 -0.047  0.260  0.494  0.764  1.000  0.778  0.576  0.244 -0.078 -0.181 -0.072 -0.250 -0.428 -0.377 -0.387 -0.494 -0.481 -0.418 -0.391 -0.421 -0.460 -0.441 -0.409 -0.408 -0.340 -0.374 -0.447 -0.399 -0.455 -0.406 -0.270 -0.178 -0.242 -0.285 -0.348 -0.284 -0.203 -0.180  0.016  0.192  0.468  0.606  0.672  0.494  0.359  0.467  0.424  0.389  0.357  0.187  0.121 -0.150 -0.317 -0.445 -0.492 -0.428 -0.259 -0.151  0.162  0.424  0.444  0.419
  0.305  0.134 -0.068 -0.350 -0.498 -0.515 -0.422 -0.204 -0.218 -0.210 -0.381 -0.475 -0.452 -0.299 -0.144  0.151  0.384  0.643  0.778  1.000  0.796  0.488  0.137  0.032  0.131 -0.104 -0.280 -0.220 -0.289 -0.423 -0.396 -0.357 -0.368 -0.405 -0.412 -0.381 -0.326 -0.312 -0.254 -0.295 -0.360 -0.338 -0.385 -0.357 -0.266 -0.177 -0.219 -0.233 -0.256 -0.166 -0.044  0.011  0.220  0.392  0.635  0.626  0.682  0.563  0.382  0.431  0.342  0.254  0.188 -0.006 -0.045 -0.293 -0.360 -0.444 -0.445 -0.391 -0.239 -0.168  0.111  0.353  0.356  0.335
  0.216  0.040 -0.126 -0.367 -0.430 -0.430 -0.317 -0.138 -0.159 -0.185 -0.338 -0.411 -0.366 -0.267 -0.085  0.160  0.434  0.589  0.576  0.796  1.000  0.728  0.372  0.268  0.365  0.099 -0.071 -0.021 -0.140 -0.286 -0.265 -0.261 -0.303 -0.338 -0.318 -0.279 -0.214 -0.186 -0.151 -0.186 -0.225 -0.242 -0.276 -0.283 -0.251 -0.176 -0.192 -0.177 -0.157 -0.054  0.095  0.202  0.366  0.484  0.648  0.530  0.488  0.411  0.213  0.206  0.142  0.073  0.032 -0.142 -0.193 -0.359 -0.355 -0.376 -0.334 -0.290 -0.195 -0.151  0.021  0.204  0.199  0.189
 -0.145 -0.301 -0.358 -0.491 -0.339 -0.286 -0.157 -0.011 -0.035 -0.180 -0.298 -0.400 -0.356 -0.412 -0.242 -0.132  0.089  0.200  0.244  0.488  0.728  1.000  0.754  0.636  0.666  0.435  0.268  0.277  0.121 -0.027 -0.019 -0.056 -0.138 -0.174 -0.116 -0.065  0.007  0.055  0.041  0.036  0.055 -0.020  0.012  0.005 -0.036 -0.027  0.015  0.072  0.165  0.300  0.482  0.609  0.697  0.744  0.691  0.436  0.319  0.403  0.218  0.086 -0.012 -0.146 -0.260 -0.403 -0.351 -0.386 -0.216 -0.141 -0.065 -0.060 -0.052 -0.155 -0.127 -0.103 -0.133 -0.124
 -0.364 -0.441 -0.403 -0.388 -0.112 -0.048  0.049  0.077  0.061 -0.091 -0.125 -0.190 -0.151 -0.308 -0.208 -0.250 -0.120 -0.118 -0.078  0.137  0.372  0.754  1.000  0.836  0.690  0.607  0.580  0.502  0.301  0.205  0.212  0.129  0.019  0.005  0.088  0.135  0.217  0.293  0.232  0.216  0.281  0.191  0.283  0.252  0.166  0.113  0.187  0.276  0.414  0.530  0.648  0.766  0.677  0.617  0.434  0.189  0.015  0.169  0.085 -0.117 -0.186 -0.315 -0.430 -0.487 -0.385 -0.281 -0.039  0.105  0.184  0.151  0.064 -0.114 -0.244 -0.363 -0.406 -0.384
 -0.422 -0.473 -0.409 -0.353 -0.026  0.021  0.122  0.115  0.095 -0.051 -0.060 -0.109 -0.046 -0.238 -0.144 -0.246 -0.143 -0.183 -0.181  0.032  0.268  0.636  0.836  1.000  0.820  0.629  0.716  0.691  0.456  0.362  0.386  0.301  0.174  0.144  0.241  0.252  0.297  0.360  0.260  0.256  0.354  0.182  0.277  0.251  0.146  0.130  0.202  0.282  0.403  0.488  0.622  0.781  0.691  0.529  0.317  0.030 -0.139  0.029 -0.052 -0.270 -0.322 -0.418 -0.514 -0.551 -0.458 -0.309 -0.028  0.136  0.238  0.171  0.047 -0.135 -0.323 -0.436 -0.463 -0.427
 -0.281 -0.346 -0.371 -0.363 -0.117 -0.092  0.028  0.039  0.043 -0.052 -0.100 -0.137 -0.064 -0.198 -0.097 -0.145 -0.045 -0.037 -0.072  0.131  0.365  0.666  0.690  0.820  1.000  0.758  0.604  0.671  0.524  0.327  0.317  0.277  0.147  0.081  0.161  0.158  0.210  0.257  0.178  0.164  0.224  0.090  0.128  0.063 -0.043 -0.028  0.018  0.090  0.199  0.288  0.428  0.592  0.558  0.433  0.305  0.052 -0.083  0.015 -0.100 -0.251 -0.301 -0.370 -0.430 -0.483 -0.460 -0.376 -0.172 -0.033  0.086  0.054 -0.041 -0.119 -0.233 -0.270 -0.289 -0.259
 -0.335 -0.332 -0.313 -0.225  0.033  0.049  0.133  0.056  0.072  0.004  0.015  0.012  0.077 -0.078 -0.017 -0.160 -0.148 -0.211 -0.250 -0.104  0.099  0.435  0.607  0.629  0.758  1.000  0.750  0.660  0.644  0.513  0.412  0.365  0.255  0.179  0.234  0.222  0.284  0.354  0.253  0.205  0.269  0.199  0.254  0.160  0.043  0.022  0.074  0.126  0.229  0.271  0.325  0.459  0.362  0.222  0.052 -0.130 -0.250 -0.151 -0.194 -0.319 -0.350 -0.400 -0.437 -0.414 -0.381 -0.236 -0.060  0.089  0.180  0.127 -0.015 -0.089 -0.244 -0.337 -0.349 -0.315
 -0.501 -0.459 -0.349 -0.173  0.192  0.216  0.296  0.167  0.153  0.048  0.114  0.113  0.173 -0.058 -0.035 -0.247 -0.265 -0.397 -0.428 -0.280 -0.071  0.268  0.580  0.716  0.604  0.750  1.000  0.860  0.667  0.685  0.686  0.541  0.400  0.395  0.497  0.498  0.542  0.612  0.476  0.413  0.513  0.362  0.430  0.339  0.174  0.129  0.215  0.266  0.392  0.395  0.437  0.554  0.395  0.190 -0.046 -0.266 -0.414 -0.255 -0.255 -0.446 -0.470 -0.527 -0.573 -0.512 -0.431 -0.186  0.083  0.287  0.395  0.316  0.130 -0.030 -0.340 -0.573 -0.601 -0.556
 -0.469 -0.436 -0.364 -0.215  0.138  0.143  0.247  0.132  0.124  0.041  0.088  0.086  0.159 -0.068 -0.045 -0.232 -0.240 -0.340 -0.377 -0.220 -0.021  0.277  0.502  0.691  0.671  0.660  0.860  1.000  0.797  0.688  0.751  0.668  0.485  0.431  0.549  0.502  0.522  0.549  0.415  0.376  0.457  0.284  0.319  0.222  0.051  0.046  0.117  0.169  0.290  0.305  0.384  0.503  0.386  0.188 -0.016 -0.247 -0.381 -0.241 -0.271 -0.449 -0.479 -0.530 -0.571 -0.531 -0.479 -0.271 -0.011  0.177  0.311  0.244  0.072 -0.047 -0.330 -0.502 -0.525 -0.479
 -0.391 -0.325 -0.271 -0.109  0.175  0.159  0.206  0.057  0.068  0.068  0.140  0.162  0.223  0.023  0.015 -0.190 -0.241 -0.343 -0.387 -0.289 -0.140  0.121  0.301  0.456  0.524  0.644  0.667  0.797  1.000  0.826  0.711  0.767  0.668  0.516  0.533  0.407  0.342  0.352  0.204  0.203  0.307  0.152  0.196  0.111 -0.017  0.005  0.045  0.074  0.152  0.144  0.200  0.311  0.206  0.021 -0.154 -0.319 -0.413 -0.316 -0.329 -0.441 -0.452 -0.461 -0.465 -0.391 -0.364 -0.178 -0.015  0.115  0.210  0.129 -0.033 -0.097 -0.281 -0.362 -0.362 -0.319
 -0.455 -0.359 -0.243 -0.015  0.298  0.302  0.303  0.124  0.095  0.100  0.221  0.238  0.273  0.051  0.011 -0.238 -0.322 -0.458 -0.494 -0.423 -0.286 -0.027  0.205  0.362  0.327  0.513  0.685  0.688  0.826  1.000  0.865  0.789  0.760  0.725  0.714  0.633  0.510  0.487  0.347  0.361  0.468  0.280  0.310  0.237  0.086  0.071  0.135  0.147  0.226  0.168  0.184  0.269  0.136 -0.059 -0.264 -0.408 -0.495 -0.379 -0.346 -0.470 -0.467 -0.477 -0.476 -0.364 -0.298 -0.059  0.120  0.281  0.366  0.299  0.129  0.008 -0.278 -0.501 -0.525 -0.484
 -0.485 -0.408 -0.294 -0.080  0.258  0.268  0.314  0.158  0.123  0.088  0.196  0.196  0.230 -0.006 -0.046 -0.274 -0.339 -0.458 -0.481 -0.396 -0.265 -0.019  0.212  0.386  0.317  0.412  0.686  0.751  0.711  0.865  1.000  0.858  0.720  0.737  0.820  0.753  0.682  0.631  0.500  0.476  0.525  0.347  0.342  0.257  0.081  0.068  0.142  0.157  0.251  0.198  0.227  0.292  0.170 -0.015 -0.218 -0.379 -0.466 -0.335 -0.310 -0.453 -0.470 -0.499 -0.517 -0.429 -0.360 -0.124  0.091  0.278  0.390  0.341  0.173  0.044 -0.296 -0.554 -0.590 -0.548
 -0.401 -0.323 -0.253 -0.068  0.213  0.198  0.225  0.074  0.068  0.090  0.188  0.193  0.233  0.016 -0.026 -0.229 -0.296 -0.392 -0.418 -0.357 -0.261 -0.056  0.129  0.301  0.277  0.365  0.541  0.668  0.767  0.789  0.858  1.000  0.858  0.719  0.749  0.566  0.435  0.397  0.252  0.255  0.337  0.163  0.193  0.138  0.020  0.051  0.091  0.097  0.150  0.104  0.141  0.217  0.115 -0.060 -0.226 -0.356 -0.423 -0.325 -0.307 -0.413 -0.421 -0.424 -0.430 -0.352 -0.309 -0.123  0.032  0.159  0.242  0.166  0.013 -0.073 -0.287 -0.394 -0.402 -0.360
 -0.319 -0.228 -0.152  0.030  0.245  0.227  0.180  0.029  0.014  0.111  0.230  0.235  0.253  0.077  0.015 -0.181 -0.263 -0.361 -0.391 -0.368 -0.303 -0.138  0.019  0.174  0.147  0.255  0.400  0.485  0.668  0.760  0.720  0.858  1.000  0.849  0.723  0.537  0.278  0.226  0.096  0.137  0.259  0.067  0.119  0.103  0.025  0.055  0.076  0.071  0.096  0.039  0.059  0.129  0.024 -0.133 -0.271 -0.358 -0.405 -0.333 -0.300 -0.373 -0.355 -0.331 -0.313 -0.218 -0.179 -0.012  0.079  0.155  0.199  0.131  0.007 -0.075 -0.228 -0.319 -0.331 -0.300
 -0.339 -0.249 -0.141  0.058  0.270  0.271  0.213  0.068  0.024  0.133  0.275  0.262  0.255  0.082 -0.002 -0.198 -0.291 -0.400 -0.421 -0.405 -0.338 -0.174  0.005  0.144  0.081  0.179  0.395  0.431  0.516  0.725  0.737  0.719  0.849  1.000  0.883  0.761  0.479  0.371  0.268  0.295  0.384  0.173  0.195  0.169  0.062  0.058  0.100  0.099  0.145  0.071  0.074  0.120 -0.004 -0.152 -0.297 -0.372 -0.421 -0.340 -0.288 -0.371 -0.348 -0.333 -0.315 -0.209 -0.156  0.027  0.128  0.227  0.282  0.261  0.155  0.046 -0.198 -0.412 -0.454 -0.427
 -0.424 -0.345 -0.226 -0.019  0.263  0.271  0.281  0.135  0.080  0.105  0.242  0.227  0.243  0.027 -0.044 -0.254 -0.335 -0.447 -0.460 -0.412 -0.318 -0.116  0.088  0.241  0.161  0.234  0.497  0.549  0.533  0.714  0.820  0.749  0.723  0.883  1.000  0.890  0.689  0.555  0.445  0.461  0.505  0.305  0.294  0.236  0.079  0.066  0.132  0.136  0.214  0.141  0.154  0.199  0.072 -0.090 -0.264 -0.378 -0.443 -0.334 -0.288 -0.408 -0.406 -0.417 -0.420 -0.326 -0.262 -0.055  0.116  0.277  0.374  0.365  0.235  0.107 -0.243 -0.515 -0.561 -0.526
 -0.449 -0.385 -0.258 -0.068  0.226  0.267  0.303  0.200  0.112  0.054  0.175  0.150  0.154 -0.045 -0.093 -0.287 -0.350 -0.446 -0.441 -0.381 -0.279 -0.065  0.135  0.252  0.158  0.222  0.498  0.502  0.407  0.633  0.753  0.566  0.537  0.761  0.890  1.000  0.834  0.669  0.570  0.594  0.599  0.431  0.386  0.316  0.134  0.078  0.168  0.178  0.278  0.210  0.214  0.230  0.114 -0.022 -0.205 -0.326 -0.394 -0.267 -0.219 -0.355 -0.368 -0.411 -0.435 -0.355 -0.272 -0.058  0.144  0.342  0.445  0.470  0.348  0.201 -0.215 -0.568 -0.629 -0.596
 -0.460 -0.417 -0.303 -0.134  0.170  0.221  0.314  0.238  0.168  0.033  0.118  0.095  0.110 -0.087 -0.121 -0.292 -0.335 -0.421 -0.409 -0.326 -0.214  0.007  0.217  0.297  0.210  0.284  0.542  0.522  0.342  0.510  0.682  0.435  0.278  0.479  0.689  0.834  1.000  0.865  0.731  0.676  0.592  0.511  0.431  0.324  0.122  0.055  0.154  0.174  0.296  0.252  0.265  0.261  0.159  0.042 -0.139 -0.273 -0.347 -0.212 -0.176 -0.321 -0.361 -0.428 -0.472 -0.416 -0.333 -0.128  0.099  0.320  0.442  0.464  0.339  0.219 -0.201 -0.564 -0.622 -0.587
 -0.481 -0.445 -0.327 -0.164  0.146  0.208  0.333  0.266  0.226  0.035  0.093  0.076  0.090 -0.107 -0.120 -0.294 -0.332 -0.422 -0.408 -0.312 -0.186  0.055  0.293  0.360  0.257  0.354  0.612  0.549  0.352  0.487  0.631  0.397  0.226  0.371  0.555  0.669  0.865  1.000  0.841  0.644  0.619  0.564  0.486  0.358  0.151  0.073  0.178  0.207  0.337  0.308  0.312  0.311  0.201  0.086 -0.107 -0.259 -0.338 -0.189 -0.160 -0.318 -0.376 -0.457 -0.510 -0.455 -0.372 -0.153  0.086  0.320  0.433  0.440  0.294  0.162 -0.235 -0.570 -0.620 -0.583
 -0.417 -0.398 -0.287 -0.148  0.108  0.182  0.322  0.269  0.232  0.031  0.060  0.044  0.045 -0.119 -0.129 -0.266 -0.293 -0.361 -0.340 -0.254 -0.151  0.041  0.232  0.260  0.178  0.253  0.476  0.415  0.204  0.347  0.500  0.252  0.096  0.268  0.445  0.570  0.731  0.841  1.000  0.763  0.677  0.655  0.513  0.354  0.130  0.024  0.136  0.168  0.305  0.281  0.263  0.229  0.148  0.078 -0.083 -0.206 -0.262 -0.128 -0.096 -0.237 -0.304 -0.394 -0.445 -0.404 -0.330 -0.143  0.075  0.308  0.441  0.509  0.420  0.288 -0.141 -0.507 -0.597 -0.582
 -0.460 -0.436 -0.291 -0.118  0.177  0.276  0.360  0.285  0.189 -0.030  0.048  0.039  0.040 -0.154 -0.176 -0.318 -0.346 -0.412 -0.374 -0.295 -0.186  0.036  0.216  0.256  0.164  0.205  0.413  0.376  0.203  0.361  0.476  0.255  0.137  0.295  0.461  0.594  0.676  0.644  0.763  1.000  0.835  0.755  0.593  0.445  0.190  0.048  0.182  0.219  0.369  0.326  0.299  0.255  0.177  0.105 -0.080 -0.204 -0.274 -0.118 -0.066 -0.229 -0.278 -0.383 -0.444 -0.396 -0.289 -0.087  0.173  0.425  0.597  0.695  0.648  0.487 -0.078 -0.549 -0.671 -0.667
 -0.531 -0.491 -0.303 -0.094  0.255  0.367  0.431  0.329  0.232 -0.020  0.077  0.072  0.077 -0.153 -0.166 -0.357 -0.393 -0.482 -0.447 -0.360 -0.225  0.055  0.281  0.354  0.224  0.269  0.513  0.457  0.307  0.468  0.525  0.337  0.259  0.384  0.505  0.599  0.592  0.619  0.677  0.835  1.000  0.783  0.681  0.550  0.281  0.119  0.265  0.307  0.463  0.415  0.385  0.356  0.243  0.139 -0.092 -0.250 -0.338 -0.154 -0.099 -0.290 -0.334 -0.441 -0.503 -0.426 -0.290 -0.034  0.270  0.540  0.699  0.747  0.627  0.356 -0.187 -0.628 -0.740 -0.726
 -0.459 -0.418 -0.259 -0.058  0.244  0.342  0.446  0.329  0.271 -0.009  0.074  0.084  0.083 -0.120 -0.163 -0.325 -0.368 -0.439 -0.399 -0.338 -0.242 -0.020  0.191  0.182  0.090  0.199  0.362  0.284  0.152  0.280  0.347  0.163  0.067  0.173  0.305  0.431  0.511  0.564  0.655  0.755  0.783  1.000  0.812  0.590  0.299  0.073  0.214  0.261  0.438  0.402  0.309  0.204  0.113  0.077 -0.116 -0.213 -0.270 -0.117 -0.040 -0.187 -0.241 -0.365 -0.419 -0.346 -0.225  0.002  0.273  0.545  0.704  0.792  0.615  0.426 -0.099 -0.547 -0.654 -0.650
 -0.508 -0.453 -0.272 -0.034  0.312  0.400  0.460  0.327  0.258  0.015  0.120  0.124  0.118 -0.121 -0.175 -0.364 -0.407 -0.499 -0.455 -0.385 -0.276  0.012  0.283  0.277  0.128  0.254  0.430  0.319  0.196  0.310  0.342  0.193  0.119  0.195  0.294  0.386  0.431  0.486  0.513  0.593  0.681  0.812  1.000  0.810  0.505  0.216  0.359  0.411  0.602  0.559  0.437  0.338  0.196  0.126 -0.110 -0.230 -0.317 -0.136 -0.046 -0.224 -0.257 -0.375 -0.435 -0.344 -0.194  0.068  0.390  0.667  0.734  0.697  0.482  0.223 -0.201 -0.596 -0.682 -0.668
 -0.482 -0.435 -0.237 -0.015  0.308  0.411  0.418  0.313  0.216 -0.031  0.066  0.058  0.047 -0.184 -0.235 -0.411 -0.421 -0.480 -0.406 -0.357 -0.283  0.005  0.252  0.251  0.063  0.160  0.339  0.222  0.111  0.237  0.257  0.138  0.103  0.169  0.236  0.316  0.324  0.358  0.354  0.445  0.550  0.590  0.810  1.000  0.780  0.451  0.589  0.624  0.678  0.562  0.448  0.356  0.231  0.168 -0.070 -0.174 -0.254 -0.075  0.017 -0.151 -0.162 -0.262 -0.336 -0.256 -0.072  0.170  0.494  0.734  0.678  0.588  0.390  0.077 -0.237 -0.577 -0.645 -0.629
 -0.339 -0.299 -0.155 -0.007  0.205  0.283  0.247  0.184  0.111 -0.071 -0.000 -0.006 -0.017 -0.173 -0.220 -0.355 -0.344 -0.361 -0.270 -0.266 -0.251 -0.036  0.166  0.146 -0.043  0.043  0.174  0.051 -0.017  0.086  0.081  0.020  0.025  0.062  0.079  0.134  0.122  0.151  0.130  0.190  0.281  0.299  0.505  0.780  1.000  0.704  0.637  0.625  0.519  0.466  0.364  0.267  0.161  0.129 -0.044 -0.082 -0.149 -0.023  0.071 -0.040 -0.009 -0.055 -0.145 -0.100  0.090  0.250  0.457  0.557  0.433  0.323  0.195 -0.060 -0.189 -0.389 -0.426 -0.417
 -0.235 -0.215 -0.119 -0.027  0.116  0.163  0.128  0.092  0.055 -0.068 -0.020 -0.031 -0.019 -0.131 -0.144 -0.244 -0.224 -0.234 -0.178 -0.177 -0.176 -0.027  0.113  0.130 -0.028  0.022  0.129  0.046  0.005  0.071  0.068  0.051  0.055  0.058  0.066  0.078  0.055  0.073  0.024  0.048  0.119  0.073  0.216  0.451  0.704  1.000  0.755  0.542  0.338  0.275  0.244  0.217  0.149  0.092 -0.037 -0.075 -0.119 -0.037  0.015 -0.052 -0.030 -0.052 -0.115 -0.103  0.010  0.105  0.272  0.336  0.224  0.110  0.032 -0.159 -0.196 -0.272 -0.269 -0.254
 -0.333 -0.314 -0.176 -0.059  0.150  0.218  0.209  0.163  0.099 -0.078 -0.012 -0.030 -0.019 -0.174 -0.190 -0.312 -0.286 -0.310 -0.242 -0.219 -0.192  0.015  0.187  0.202  0.018  0.074  0.215  0.117  0.045  0.135  0.142  0.091  0.076  0.100  0.132  0.168  0.154  0.178  0.136  0.182  0.265  0.214  0.359  0.589  0.637  0.755  1.000  0.739  0.521  0.358  0.303  0.292  0.218  0.151 -0.018 -0.087 -0.143 -0.025  0.034 -0.070 -0.071 -0.130 -0.205 -0.184 -0.058  0.071  0.291  0.428  0.350  0.246  0.141 -0.098 -0.230 -0.391 -0.406 -0.390
 -0.377 -0.358 -0.220 -0.085  0.143  0.199  0.181  0.133  0.098 -0.021  0.012 -0.012 -0.022 -0.192 -0.213 -0.339 -0.316 -0.351 -0.285 -0.233 -0.177  0.072  0.276  0.282  0.090  0.126  0.266  0.169  0.074  0.147  0.157  0.097  0.071  0.099  0.136  0.178  0.174  0.207  0.168  0.219  0.307  0.261  0.411  0.624  0.625  0.542  0.739  1.000  0.763  0.555  0.428  0.393  0.270  0.201  0.005 -0.089 -0.168 -0.022  0.048 -0.093 -0.104 -0.181 -0.264 -0.233 -0.102  0.057  0.276  0.390  0.353  0.280  0.182 -0.064 -0.208 -0.405 -0.453 -0.439
 -0.490 -0.469 -0.302 -0.131  0.177  0.249  0.248  0.187  0.157  0.016  0.057  0.015 -0.005 -0.225 -0.247 -0.395 -0.379 -0.430 -0.348 -0.256 -0.157  0.165  0.414  0.403  0.199  0.229  0.392  0.290  0.152  0.226  0.251  0.150  0.096  0.145  0.214  0.278  0.296  0.337  0.305  0.369  0.463  0.438  0.602  0.678  0.519  0.338  0.521  0.763  1.000  0.787  0.610  0.529  0.368  0.308  0.065 -0.075 -0.179  0.025  0.101 -0.103 -0.150 -0.289 -0.394 -0.353 -0.193  0.021  0.298  0.468  0.486  0.437  0.300  0.023 -0.231 -0.529 -0.594 -0.577
 -0.478 -0.475 -0.339 -0.225  0.068  0.145  0.159  0.138  0.112 -0.038 -0.024 -0.081 -0.098 -0.297 -0.291 -0.407 -0.360 -0.382 -0.284 -0.166 -0.054  0.300  0.530  0.488  0.288  0.271  0.395  0.305  0.144  0.168  0.198  0.104  0.039  0.071  0.141  0.210  0.252  0.308  0.281  0.326  0.415  0.402  0.559  0.562  0.466  0.275  0.358  0.555  0.787  1.000  0.831  0.667  0.482  0.456  0.203  0.037 -0.087  0.139  0.205 -0.029 -0.088 -0.249 -0.397 -0.388 -0.215 -0.030  0.239  0.360  0.400  0.372  0.263 -0.003 -0.208 -0.462 -0.533 -0.517
 -0.496 -0.539 -0.404 -0.339 -0.015  0.068  0.104  0.139  0.097 -0.079 -0.095 -0.183 -0.188 -0.394 -0.337 -0.427 -0.322 -0.316 -0.203 -0.044  0.095  0.482  0.648  0.622  0.428  0.325  0.437  0.384  0.200  0.184  0.227  0.141  0.059  0.074  0.154  0.214  0.265  0.312  0.263  0.299  0.385  0.309  0.437  0.448  0.364  0.244  0.303  0.428  0.610  0.831  1.000  0.856  0.711  0.663  0.388  0.149  0.007  0.259  0.256 -0.012 -0.098 -0.277 -0.452 -0.486 -0.296 -0.134  0.164  0.280  0.334  0.299  0.215 -0.061 -0.233 -0.447 -0.515 -0.495
 -0.472 -0.530 -0.423 -0.371 -0.037  0.035  0.095  0.125  0.087 -0.071 -0.089 -0.173 -0.147 -0.353 -0.264 -0.353 -0.236 -0.247 -0.180  0.011  0.202  0.609  0.766  0.781  0.592  0.459  0.554  0.503  0.311  0.269  0.292  0.217  0.129  0.120  0.199  0.230  0.261  0.311  0.229  0.255  0.356  0.204  0.338  0.356  0.267  0.217  0.292  0.393  0.529  0.667  0.856  1.000  0.836  0.687  0.412  0.121 -0.049  0.182  0.113 -0.150 -0.219 -0.359 -0.499 -0.536 -0.386 -0.229  0.070  0.204  0.276  0.214  0.120 -0.129 -0.287 -0.449 -0.493 -0.464
 -0.381 -0.490 -0.419 -0.463 -0.184 -0.113 -0.019  0.096  0.043 -0.160 -0.227 -0.340 -0.307 -0.462 -0.321 -0.337 -0.152 -0.085  0.016  0.220  0.366  0.697  0.677  0.691  0.558  0.362  0.395  0.386  0.206  0.136  0.170  0.115  0.024 -0.004  0.072  0.114  0.159  0.201  0.148  0.177  0.243  0.113  0.196  0.231  0.161  0.149  0.218  0.270  0.368  0.482  0.711  0.836  1.000  0.848  0.610  0.316  0.189  0.389  0.251  0.027 -0.080 -0.241 -0.405 -0.506 -0.365 -0.300 -0.024  0.080  0.143  0.097  0.055 -0.167 -0.236 -0.309 -0.344 -0.321
 -0.287 -0.433 -0.392 -0.504 -0.305 -0.224 -0.128  0.047 -0.009 -0.226 -0.333 -0.464 -0.453 -0.554 -0.405 -0.334 -0.105  0.034  0.192  0.392  0.484  0.744  0.617  0.529  0.433  0.222  0.190  0.188  0.021 -0.059 -0.015 -0.060 -0.133 -0.152 -0.090 -0.022  0.042  0.086  0.078  0.105  0.139  0.077  0.126  0.168  0.129  0.092  0.151  0.201  0.308  0.456  0.663  0.687  0.848  1.000  0.821  0.550  0.441  0.628  0.464  0.257  0.122 -0.081 -0.270 -0.410 -0.266 -0.283 -0.062 -0.001  0.044  0.039  0.057 -0.150 -0.142 -0.179 -0.227 -0.219
 -0.046 -0.216 -0.275 -0.482 -0.434 -0.382 -0.285 -0.067 -0.112 -0.251 -0.397 -0.522 -0.513 -0.505 -0.346 -0.161  0.097  0.299  0.468  0.635  0.648  0.691  0.434  0.317  0.305  0.052 -0.046 -0.016 -0.154 -0.264 -0.218 -0.226 -0.271 -0.297 -0.264 -0.205 -0.139 -0.107 -0.083 -0.080 -0.092 -0.116 -0.110 -0.070 -0.044 -0.037 -0.018  0.005  0.065  0.203  0.388  0.412  0.610  0.821  1.000  0.798  0.684  0.751  0.550  0.435  0.310  0.112 -0.053 -0.231 -0.141 -0.283 -0.197 -0.208 -0.186 -0.157 -0.063 -0.164 -0.023  0.057  0.023  0.015
  0.135 -0.003 -0.113 -0.339 -0.442 -0.405 -0.349 -0.149 -0.186 -0.238 -0.378 -0.477 -0.488 -0.397 -0.285 -0.061  0.168  0.393  0.606  0.626  0.530  0.436  0.189  0.030  0.052 -0.130 -0.266 -0.247 -0.319 -0.408 -0.379 -0.356 -0.358 -0.372 -0.378 -0.326 -0.273 -0.259 -0.206 -0.204 -0.250 -0.213 -0.230 -0.174 -0.082 -0.075 -0.087 -0.089 -0.075  0.037  0.149  0.121  0.316  0.550  0.798  1.000  0.833  0.752  0.666  0.645  0.587  0.359  0.200  0.017  0.074 -0.149 -0.200 -0.269 -0.301 -0.240 -0.102 -0.131  0.079  0.204  0.179  0.156
  0.226  0.074 -0.041 -0.312 -0.488 -0.466 -0.414 -0.182 -0.217 -0.253 -0.408 -0.517 -0.537 -0.399 -0.293 -0.025  0.184  0.453  0.672  0.682  0.488  0.319  0.015 -0.139 -0.083 -0.250 -0.414 -0.381 -0.413 -0.495 -0.466 -0.423 -0.405 -0.421 -0.443 -0.394 -0.347 -0.338 -0.262 -0.274 -0.338 -0.270 -0.317 -0.254 -0.149 -0.119 -0.143 -0.168 -0.179 -0.087  0.007 -0.049  0.189  0.441  0.684  0.833  1.000  0.857  0.704  0.756  0.611  0.428  0.301  0.114  0.145 -0.127 -0.223 -0.336 -0.382 -0.313 -0.133 -0.122  0.163  0.334  0.318  0.287
  0.014 -0.145 -0.155 -0.375 -0.435 -0.381 -0.323 -0.095 -0.140 -0.270 -0.409 -0.533 -0.563 -0.512 -0.407 -0.212  0.003  0.256  0.494  0.563  0.411  0.403  0.169  0.029  0.015 -0.151 -0.255 -0.241 -0.316 -0.379 -0.335 -0.325 -0.333 -0.340 -0.334 -0.267 -0.212 -0.189 -0.128 -0.118 -0.154 -0.117 -0.136 -0.075 -0.023 -0.037 -0.025 -0.022  0.025  0.139  0.259  0.182  0.389  0.628  0.751  0.752  0.857  1.000  0.840  0.729  0.523  0.296  0.135 -0.039  0.049 -0.139 -0.126 -0.194 -0.216 -0.161 -0.015 -0.106  0.086  0.147  0.115  0.095
 -0.021 -0.125 -0.098 -0.263 -0.334 -0.271 -0.248 -0.077 -0.127 -0.237 -0.341 -0.440 -0.482 -0.444 -0.392 -0.259 -0.092  0.128  0.359  0.382  0.213  0.218  0.085 -0.052 -0.100 -0.194 -0.255 -0.271 -0.329 -0.346 -0.310 -0.307 -0.300 -0.288 -0.288 -0.219 -0.176 -0.160 -0.096 -0.066 -0.099 -0.040 -0.046  0.017  0.071  0.015  0.034  0.048  0.101  0.205  0.256  0.113  0.251  0.464  0.550  0.666  0.704  0.840  1.000  0.819  0.673  0.389  0.205  0.045  0.146 -0.021 -0.026 -0.086 -0.126 -0.063  0.064 -0.045  0.089  0.084  0.041  0.021
  0.190  0.097  0.048 -0.168 -0.369 -0.339 -0.339 -0.158 -0.188 -0.228 -0.340 -0.422 -0.462 -0.336 -0.289 -0.109  0.027  0.263  0.467  0.431  0.206  0.086 -0.117 -0.270 -0.251 -0.319 -0.446 -0.449 -0.441 -0.470 -0.453 -0.413 -0.373 -0.371 -0.408 -0.355 -0.321 -0.318 -0.237 -0.229 -0.290 -0.187 -0.224 -0.151 -0.040 -0.052 -0.070 -0.093 -0.103 -0.029 -0.012 -0.150  0.027  0.257  0.435  0.645  0.756  0.729  0.819  1.000  0.824  0.568  0.411  0.242  0.286  0.037 -0.082 -0.208 -0.286 -0.217 -0.053 -0.065  0.174  0.280  0.262  0.231
  0.267  0.223  0.137 -0.070 -0.311 -0.297 -0.332 -0.190 -0.227 -0.195 -0.290 -0.351 -0.383 -0.229 -0.194 -0.015  0.088  0.269  0.424  0.342  0.142 -0.012 -0.186 -0.322 -0.301 -0.350 -0.470 -0.479 -0.452 -0.467 -0.470 -0.421 -0.355 -0.348 -0.406 -0.368 -0.361 -0.376 -0.304 -0.278 -0.334 -0.241 -0.257 -0.162 -0.009 -0.030 -0.071 -0.104 -0.150 -0.088 -0.098 -0.219 -0.080  0.122  0.310  0.587  0.611  0.523  0.673  0.824  1.000  0.776  0.568  0.375  0.430  0.135 -0.040 -0.184 -0.291 -0.224 -0.065 -0.053  0.181  0.302  0.283  0.249
  0.458  0.416  0.294  0.055 -0.280 -0.303 -0.366 -0.256 -0.274 -0.159 -0.243 -0.267 -0.290 -0.071 -0.040  0.162  0.205  0.328  0.389  0.254  0.073 -0.146 -0.315 -0.418 -0.370 -0.400 -0.527 -0.530 -0.461 -0.477 -0.499 -0.424 -0.331 -0.333 -0.417 -0.411 -0.428 -0.457 -0.394 -0.383 -0.441 -0.365 -0.375 -0.262 -0.055 -0.052 -0.130 -0.181 -0.289 -0.249 -0.277 -0.359 -0.241 -0.081  0.112  0.359  0.428  0.296  0.389  0.568  0.776  1.000  0.783  0.556  0.558  0.213 -0.062 -0.254 -0.384 -0.326 -0.151 -0.069  0.233  0.413  0.414  0.377
  0.635  0.609  0.493  0.255 -0.184 -0.237 -0.347 -0.293 -0.286 -0.129 -0.182 -0.156 -0.156  0.131  0.165  0.383  0.355  0.397  0.357  0.188  0.032 -0.260 -0.430 -0.514 -0.430 -0.437 -0.573 -0.571 -0.465 -0.476 -0.517 -0.430 -0.313 -0.315 -0.420 -0.435 -0.472 -0.510 -0.445 -0.444 -0.503 -0.419 -0.435 -0.336 -0.145 -0.115 -0.205 -0.264 -0.394 -0.397 -0.452 -0.499 -0.405 -0.270 -0.053  0.200  0.301  0.135  0.205  0.411  0.568  0.783  1.000  0.815  0.627  0.318 -0.048 -0.272 -0.412 -0.359 -0.189 -0.048  0.272  0.457  0.476  0.441
  0.550  0.633  0.593  0.485  0.037 -0.033 -0.225 -0.262 -0.239 -0.063 -0.047  0.043  0.039  0.308  0.270  0.369  0.248  0.235  0.187 -0.006 -0.142 -0.403 -0.487 -0.551 -0.483 -0.414 -0.512 -0.531 -0.391 -0.364 -0.429 -0.352 -0.218 -0.209 -0.326 -0.355 -0.416 -0.455 -0.404 -0.396 -0.426 -0.346 -0.344 -0.256 -0.100 -0.103 -0.184 -0.233 -0.353 -0.388 -0.486 -0.536 -0.506 -0.410 -0.231  0.017  0.114 -0.039  0.045  0.242  0.375  0.556  0.815  1.000  0.782  0.528  0.123 -0.131 -0.292 -0.260 -0.138 -0.010  0.248  0.361  0.390  0.362
  0.316  0.383  0.463  0.448  0.131  0.095 -0.129 -0.163 -0.184 -0.082 -0.039  0.030 -0.001  0.166  0.088  0.102  0.057  0.077  0.121 -0.045 -0.193 -0.351 -0.385 -0.458 -0.460 -0.381 -0.431 -0.479 -0.364 -0.298 -0.360 -0.309 -0.179 -0.156 -0.262 -0.272 -0.333 -0.372 -0.330 -0.289 -0.290 -0.225 -0.194 -0.072  0.090  0.010 -0.058 -0.102 -0.193 -0.215 -0.296 -0.386 -0.365 -0.266 -0.141  0.074  0.145  0.049  0.146  0.286  0.430  0.558  0.627  0.782  1.000  0.700  0.342  0.066 -0.119 -0.119 -0.028 -0.012  0.191  0.211  0.213  0.183
  0.073  0.180  0.408  0.626  0.456  0.450  0.136 -0.010 -0.045 -0.020  0.110  0.217  0.189  0.255  0.130  0.001 -0.106 -0.178 -0.150 -0.293 -0.359 -0.386 -0.281 -0.309 -0.376 -0.236 -0.186 -0.271 -0.178 -0.059 -0.124 -0.123 -0.012  0.027 -0.055 -0.058 -0.128 -0.153 -0.143 -0.087 -0.034  0.002  0.068  0.170  0.250  0.105  0.071  0.057  0.021 -0.030 -0.134 -0.229 -0.300 -0.283 -0.283 -0.149 -0.127 -0.139 -0.021  0.037  0.135  0.213  0.318  0.528  0.700  1.000  0.704  0.363  0.172  0.122  0.106  0.029  0.060 -0.077 -0.080 -0.087
 -0.228 -0.127  0.171  0.447  0.603  0.602  0.347  0.200  0.100 -0.050  0.107  0.187  0.183  0.071 -0.009 -0.209 -0.285 -0.364 -0.317 -0.360 -0.355 -0.216 -0.039 -0.028 -0.172 -0.060  0.083 -0.011 -0.015  0.120  0.091  0.032  0.079  0.128  0.116  0.144  0.099  0.086  0.075  0.173  0.270  0.273  0.390  0.494  0.457  0.272  0.291  0.276  0.298  0.239  0.164  0.070 -0.024 -0.062 -0.197 -0.200 -0.223 -0.126 -0.026 -0.082 -0.040 -0.062 -0.048  0.123  0.342  0.704  1.000  0.708  0.521  0.393  0.272  0.044 -0.093 -0.369 -0.403 -0.393
 -0.427 -0.334 -0.090  0.203  0.527  0.641  0.607  0.451  0.295 -0.037  0.144  0.205  0.202 -0.025 -0.120 -0.335 -0.392 -0.492 -0.445 -0.444 -0.376 -0.141  0.105  0.136 -0.033  0.089  0.287  0.177  0.115  0.281  0.278  0.159  0.155  0.227  0.277  0.342  0.320  0.320  0.308  0.425  0.540  0.545  0.667  0.734  0.557  0.336  0.428  0.390  0.468  0.360  0.280  0.204  0.080 -0.001 -0.208 -0.269 -0.336 -0.194 -0.086 -0.208 -0.184 -0.254 -0.272 -0.131  0.066  0.363  0.708  1.000  0.838  0.650  0.410  0.102 -0.240 -0.592 -0.636 -0.616
 -0.505 -0.425 -0.193  0.100  0.499  0.611  0.623  0.449  0.310 -0.007  0.163  0.201  0.226 -0.041 -0.126 -0.348 -0.404 -0.520 -0.492 -0.445 -0.334 -0.065  0.184  0.238  0.086  0.180  0.395  0.311  0.210  0.366  0.390  0.242  0.199  0.282  0.374  0.445  0.442  0.433  0.441  0.597  0.699  0.704  0.734  0.678  0.433  0.224  0.350  0.353  0.486  0.400  0.334  0.276  0.143  0.044 -0.186 -0.301 -0.382 -0.216 -0.126 -0.286 -0.291 -0.384 -0.412 -0.292 -0.119  0.172  0.521  0.838  1.000  0.826  0.562  0.247 -0.219 -0.646 -0.719 -0.700
 -0.443 -0.378 -0.180  0.060  0.366  0.480  0.485  0.315  0.206 -0.016  0.112  0.135  0.149 -0.062 -0.133 -0.317 -0.371 -0.464 -0.428 -0.391 -0.290 -0.060  0.151  0.171  0.054  0.127  0.316  0.244  0.129  0.299  0.341  0.166  0.131  0.261  0.365  0.470  0.464  0.440  0.509  0.695  0.747  0.792  0.697  0.588  0.323  0.110  0.246  0.280  0.437  0.372  0.299  0.214  0.097  0.039 -0.157 -0.240 -0.313 -0.161 -0.063 -0.217 -0.224 -0.326 -0.359 -0.260 -0.119  0.122  0.393  0.650  0.826  1.000  0.775  0.470 -0.061 -0.574 -0.689 -0.685
 -0.287 -0.271 -0.107  0.022  0.184  0.284  0.239  0.184  0.047 -0.069  0.001 -0.016 -0.039 -0.141 -0.182 -0.269 -0.288 -0.318 -0.259 -0.239 -0.195 -0.052  0.064  0.047 -0.041 -0.015  0.130  0.072 -0.033  0.129  0.173  0.013  0.007  0.155  0.235  0.348  0.339  0.294  0.420  0.648  0.627  0.615  0.482  0.390  0.195  0.032  0.141  0.182  0.300  0.263  0.215  0.120  0.055  0.057 -0.063 -0.102 -0.133 -0.015  0.064 -0.053 -0.065 -0.151 -0.189 -0.138 -0.028  0.106  0.272  0.410  0.562  0.775  1.000  0.748  0.268 -0.362 -0.539 -0.568
 -0.068 -0.050  0.004  0.069  0.062  0.097  0.080  0.028 -0.030 -0.014  0.017  0.032  0.013  0.020 -0.034 -0.051 -0.112 -0.143 -0.151 -0.168 -0.151 -0.155 -0.114 -0.135 -0.119 -0.089 -0.030 -0.047 -0.097  0.008  0.044 -0.073 -0.075  0.046  0.107  0.201  0.219  0.162  0.288  0.487  0.356  0.426  0.223  0.077 -0.060 -0.159 -0.098 -0.064  0.023 -0.003 -0.061 -0.129 -0.167 -0.150 -0.164 -0.131 -0.122 -0.106 -0.045 -0.065 -0.053 -0.069 -0.048 -0.010 -0.012  0.029  0.044  0.102  0.247  0.470  0.748  1.000  0.531 -0.077 -0.256 -0.310
  0.250  0.216  0.176  0.079 -0.133 -0.161 -0.266 -0.219 -0.221 -0.094 -0.123 -0.104 -0.135  0.022  0.009  0.123  0.111  0.162  0.162  0.111  0.021 -0.127 -0.244 -0.323 -0.233 -0.244 -0.340 -0.330 -0.281 -0.278 -0.296 -0.287 -0.228 -0.198 -0.243 -0.215 -0.201 -0.235 -0.141 -0.078 -0.187 -0.099 -0.201 -0.237 -0.189 -0.196 -0.230 -0.208 -0.231 -0.208 -0.233 -0.287 -0.236 -0.142 -0.023  0.079  0.163  0.086  0.089  0.174  0.181  0.233  0.272  0.248  0.191  0.060 -0.093 -0.240 -0.219 -0.061  0.268  0.531  1.000  0.376  0.194  0.100
  0.508  0.442  0.228 -0.026 -0.393 -0.474 -0.528 -0.437 -0.392 -0.115 -0.253 -0.225 -0.226  0.035  0.081  0.298  0.341  0.453  0.424  0.353  0.204 -0.103 -0.363 -0.436 -0.270 -0.337 -0.573 -0.502 -0.362 -0.501 -0.554 -0.394 -0.319 -0.412 -0.515 -0.568 -0.564 -0.570 -0.507 -0.549 -0.628 -0.547 -0.596 -0.577 -0.389 -0.272 -0.391 -0.405 -0.529 -0.462 -0.447 -0.449 -0.309 -0.179  0.057  0.204  0.334  0.147  0.084  0.280  0.302  0.413  0.457  0.361  0.211 -0.077 -0.369 -0.592 -0.646 -0.574 -0.362 -0.077  0.376  1.000  0.829  0.672
  0.551  0.489  0.255 -0.009 -0.404 -0.492 -0.524 -0.433 -0.367 -0.118 -0.254 -0.209 -0.204  0.073  0.120  0.342  0.368  0.485  0.444  0.356  0.199 -0.133 -0.406 -0.463 -0.289 -0.349 -0.601 -0.525 -0.362 -0.525 -0.590 -0.402 -0.331 -0.454 -0.561 -0.629 -0.622 -0.620 -0.597 -0.671 -0.740 -0.654 -0.682 -0.645 -0.426 -0.269 -0.406 -0.453 -0.594 -0.533 -0.515 -0.493 -0.344 -0.227  0.023  0.179  0.318  0.115  0.041  0.262  0.283  0.414  0.476  0.390  0.213 -0.080 -0.403 -0.636 -0.719 -0.689 -0.539 -0.256  0.194  0.829  1.000  0.902
