  1.000  0.771  0.509  0.267 -0.153 -0.248 -0.359 -0.319 -0.280 -0.111 -0.180 -0.071 -0.053  0.241  0.305  0.626  0.680  0.634  0.489  0.287  0.243 -0.158 -0.357 -0.433 -0.305 -0.376 -0.463 -0.483 -0.380 -0.448 -0.485 -0.395 -0.339 -0.331 -0.424 -0.437 -0.459 -0.466 -0.421 -0.422 -0.505 -0.469 -0.490 -0.444 -0.323 -0.280 -0.339 -0.339 -0.440 -0.417 -0.454 -0.461 -0.367 -0.280 -0.018  0.148  0.221  0.015 -0.067  0.140  0.175  0.465  0.642  0.549  0.357  0.132 -0.204 -0.435 -0.510 -0.462 -0.283  0.015  0.254  0.493  0.543  0.494
  0.771  1.000  0.704  0.492  0.077 -0.091 -0.234 -0.350 -0.287  0.004  0.003  0.157  0.197  0.452  0.496  0.657  0.495  0.417  0.252  0.056  0.024 -0.349 -0.477 -0.503 -0.415 -0.411 -0.433 -0.450 -0.306 -0.328 -0.373 -0.276 -0.191 -0.152 -0.245 -0.298 -0.357 -0.394 -0.393 -0.398 -0.472 -0.426 -0.447 -0.413 -0.301 -0.261 -0.318 -0.326 -0.442 -0.497 -0.574 -0.557 -0.533 -0.485 -0.271 -0.063  0.022 -0.208 -0.204  0.006  0.115  0.417  0.615  0.660  0.439  0.254 -0.097 -0.328 -0.389 -0.365 -0.232  0.059  0.281  0.405  0.460  0.418
  0.509  0.704  1.000  0.690  0.271  0.153 -0.080 -0.222 -0.204 -0.102 -0.014  0.167  0.212  0.437  0.465  0.444  0.249  0.145  0.064 -0.120 -0.156 -0.396 -0.468 -0.477 -0.424 -0.393 -0.415 -0.427 -0.287 -0.260 -0.298 -0.225 -0.126 -0.091 -0.178 -0.213 -0.280 -0.307 -0.283 -0.260 -0.276 -0.246 -0.270 -0.229 -0.151 -0.163 -0.197 -0.209 -0.310 -0.378 -0.460 -0.471 -0.458 -0.414 -0.303 -0.134 -0.042 -0.142 -0.093  0.032  0.108  0.301  0.529  0.665  0.542  0.438  0.160 -0.115 -0.183 -0.154 -0.069  0.093  0.285  0.236  0.269  0.246
  0.267  0.492  0.690  1.000  0.693  0.517  0.224 -0.066 -0.048  0.154  0.334  0.552  0.561  0.648  0.513  0.348  0.113 -0.072 -0.207 -0.422 -0.384 -0.487 -0.435 -0.387 -0.377 -0.241 -0.180 -0.227 -0.062  0.032 -0.034 -0.011  0.070  0.134  0.048 -0.030 -0.096 -0.108 -0.117 -0.116 -0.050 -0.050 -0.030 -0.003  0.006 -0.054 -0.077 -0.042 -0.116 -0.278 -0.400 -0.399 -0.512 -0.529 -0.518 -0.371 -0.358 -0.434 -0.329 -0.236 -0.138  0.023  0.235  0.526  0.442  0.609  0.408  0.205  0.106  0.072  0.014  0.119  0.088 -0.063 -0.047 -0.039
 -0.153  0.077  0.271  0.693  1.000  0.820  0.521  0.200  0.127  0.152  0.426  0.615  0.675  0.535  0.435  0.085 -0.157 -0.353 -0.469 -0.561 -0.481 -0.346 -0.168 -0.064 -0.126  0.024  0.146  0.116  0.222  0.343  0.272  0.264  0.293  0.313  0.308  0.216  0.168  0.124  0.110  0.157  0.282  0.218  0.313  0.343  0.258  0.136  0.152  0.178  0.176 -0.022 -0.093 -0.064 -0.227 -0.338 -0.483 -0.485 -0.531 -0.491 -0.411 -0.465 -0.395 -0.348 -0.212  0.094  0.109  0.436  0.589  0.538  0.487  0.371  0.151  0.070 -0.110 -0.390 -0.414 -0.391
 -0.248 -0.091  0.153  0.517  0.820  1.000  0.639  0.357  0.219  0.116  0.377  0.515  0.539  0.389  0.268 -0.071 -0.203 -0.405 -0.487 -0.572 -0.485 -0.321 -0.115 -0.039 -0.133  0.023  0.146  0.103  0.188  0.328  0.247  0.226  0.269  0.269  0.264  0.203  0.196  0.185  0.141  0.204  0.349  0.285  0.363  0.417  0.321  0.191  0.239  0.214  0.227  0.030 -0.041 -0.021 -0.171 -0.267 -0.431 -0.445 -0.492 -0.423 -0.334 -0.395 -0.346 -0.371 -0.260  0.003  0.094  0.467  0.606  0.634  0.565  0.433  0.212  0.074 -0.172 -0.437 -0.459 -0.414
 -0.359 -0.234 -0.080  0.224  0.521  0.639  1.000  0.710  0.445  0.059  0.280  0.315  0.386  0.219  0.087 -0.142 -0.242 -0.426 -0.443 -0.450 -0.377 -0.222  0.007  0.107 -0.003  0.094  0.262  0.229  0.184  0.297  0.311  0.232  0.174  0.191  0.265  0.274  0.328  0.337  0.304  0.347  0.441  0.447  0.482  0.470  0.334  0.199  0.264  0.196  0.276  0.136  0.099  0.115 -0.052 -0.191 -0.342 -0.352 -0.416 -0.366 -0.279 -0.348 -0.348 -0.474 -0.402 -0.242 -0.164  0.157  0.401  0.665  0.638  0.501  0.188  0.034 -0.320 -0.525 -0.537 -0.478
 -0.319 -0.350 -0.222 -0.066  0.200  0.357  0.710  1.000  0.660  0.035  0.202  0.128  0.044 -0.072 -0.139 -0.186 -0.182 -0.275 -0.253 -0.226 -0.210 -0.082  0.084  0.140 -0.008  0.031  0.159  0.100  0.021  0.138  0.165  0.050  0.027  0.040  0.109  0.172  0.232  0.257  0.254  0.299  0.366  0.366  0.406  0.382  0.297  0.185  0.213  0.162  0.235  0.210  0.185  0.207  0.104  0.015 -0.104 -0.145 -0.175 -0.113 -0.103 -0.163 -0.188 -0.355 -0.367 -0.353 -0.233  0.006  0.250  0.539  0.491  0.364  0.173 -0.001 -0.260 -0.447 -0.467 -0.416
 -0.280 -0.287 -0.204 -0.048  0.127  0.219  0.445  0.660  1.000  0.359  0.384  0.259  0.116 -0.026 -0.098 -0.146 -0.171 -0.271 -0.239 -0.255 -0.223 -0.073  0.085  0.123  0.054  0.095  0.122  0.073  0.043  0.071  0.084  0.012 -0.018 -0.041  0.010  0.062  0.143  0.189  0.217  0.173  0.249  0.265  0.330  0.308  0.266  0.184  0.156  0.196  0.233  0.231  0.173  0.195  0.103  0.026 -0.121 -0.188 -0.226 -0.149 -0.153 -0.199 -0.238 -0.311 -0.323 -0.296 -0.236 -0.036  0.147  0.333  0.291  0.222  0.015 -0.118 -0.268 -0.413 -0.384 -0.336
 -0.111  0.004 -0.102  0.154  0.152  0.116  0.059  0.035  0.359  1.000  0.683  0.537  0.335  0.252  0.104  0.013 -0.062 -0.149 -0.198 -0.283 -0.236 -0.202 -0.063  0.000  0.007  0.057  0.100  0.074  0.059  0.089  0.089  0.082  0.086  0.135  0.126  0.099  0.087  0.069  0.061 -0.042 -0.024 -0.008  0.036  0.022  0.011  0.014 -0.054  0.082  0.060  0.003 -0.064 -0.018 -0.150 -0.233 -0.274 -0.242 -0.324 -0.333 -0.294 -0.296 -0.227 -0.153 -0.144 -0.037 -0.059  0.019 -0.077 -0.017 -0.028  0.011 -0.089 -0.053 -0.182 -0.153 -0.161 -0.158
 -0.180  0.003 -0.014  0.334  0.426  0.377  0.280  0.202  0.384  0.683  1.000  0.818  0.603  0.441  0.219  0.036 -0.127 -0.325 -0.376 -0.479 -0.430 -0.360 -0.153 -0.066 -0.100  0.000  0.084  0.072  0.134  0.220  0.196  0.181  0.249  0.319  0.301  0.225  0.198  0.144  0.121  0.072  0.092  0.069  0.135  0.127  0.092  0.056  0.018  0.119  0.131  0.007 -0.086 -0.030 -0.246 -0.345 -0.438 -0.389 -0.474 -0.497 -0.411 -0.403 -0.346 -0.274 -0.242 -0.027 -0.039  0.156  0.111  0.206  0.165  0.146 -0.016 -0.021 -0.136 -0.311 -0.325 -0.287
 -0.071  0.157  0.167  0.552  0.615  0.515  0.315  0.128  0.259  0.537  0.818  1.000  0.805  0.672  0.436  0.205 -0.015 -0.282 -0.363 -0.479 -0.422 -0.399 -0.212 -0.115 -0.141 -0.014  0.065  0.011  0.127  0.207  0.138  0.139  0.203  0.250  0.206  0.110  0.097  0.069  0.029 -0.001  0.048  0.043  0.105  0.097  0.060 -0.001 -0.012  0.116  0.077 -0.105 -0.202 -0.129 -0.337 -0.445 -0.515 -0.447 -0.512 -0.564 -0.476 -0.461 -0.400 -0.265 -0.187  0.069  0.019  0.220  0.142  0.198  0.174  0.126 -0.072 -0.013 -0.105 -0.254 -0.248 -0.210
 -0.053  0.197  0.212  0.561  0.675  0.539  0.386  0.044  0.116  0.335  0.603  0.805  1.000  0.845  0.634  0.266  0.026 -0.265 -0.347 -0.470 -0.385 -0.366 -0.210 -0.085 -0.080  0.044  0.113  0.115  0.237  0.275  0.213  0.263  0.264  0.266  0.256  0.128  0.121  0.101  0.066  0.043  0.086  0.069  0.108  0.072  0.018 -0.014 -0.015  0.018  0.036 -0.139 -0.194 -0.117 -0.302 -0.435 -0.506 -0.474 -0.528 -0.569 -0.506 -0.492 -0.420 -0.292 -0.202  0.038 -0.035  0.179  0.159  0.201  0.201  0.149 -0.066  0.005 -0.116 -0.233 -0.233 -0.223
  0.241  0.452  0.437  0.648  0.535  0.389  0.219 -0.072 -0.026  0.252  0.441  0.672  0.845  1.000  0.768  0.475  0.221 -0.057 -0.162 -0.348 -0.285 -0.429 -0.331 -0.249 -0.182 -0.075 -0.066 -0.084  0.052  0.057 -0.008  0.058  0.093  0.112  0.076 -0.038 -0.052 -0.054 -0.076 -0.127 -0.110 -0.084 -0.056 -0.112 -0.096 -0.148 -0.165 -0.140 -0.185 -0.310 -0.376 -0.295 -0.447 -0.521 -0.509 -0.404 -0.429 -0.528 -0.493 -0.413 -0.304 -0.108  0.056  0.272  0.117  0.252  0.086  0.006 -0.018 -0.042 -0.135  0.048  0.033 -0.012  0.011  0.009
  0.305  0.496  0.465  0.513  0.435  0.268  0.087 -0.139 -0.098  0.104  0.219  0.436  0.634  0.768  1.000  0.653  0.354  0.076 -0.103 -0.221 -0.121 -0.258 -0.243 -0.163 -0.081 -0.010 -0.040 -0.054  0.088  0.074 -0.035  0.043  0.090  0.061  0.024 -0.072 -0.105 -0.095 -0.104 -0.123 -0.099 -0.072 -0.066 -0.133 -0.107 -0.144 -0.190 -0.131 -0.168 -0.288 -0.318 -0.211 -0.308 -0.381 -0.357 -0.334 -0.355 -0.426 -0.454 -0.400 -0.312 -0.100  0.082  0.237  0.080  0.143  0.050 -0.052 -0.036 -0.042 -0.121  0.049  0.021  0.017  0.052  0.029
  0.626  0.657  0.444  0.348  0.085 -0.071 -0.142 -0.186 -0.146  0.013  0.036  0.205  0.266  0.475  0.653  1.000  0.693  0.454  0.228  0.098  0.116 -0.180 -0.295 -0.274 -0.156 -0.196 -0.265 -0.279 -0.185 -0.187 -0.246 -0.189 -0.143 -0.105 -0.176 -0.215 -0.238 -0.251 -0.235 -0.264 -0.299 -0.257 -0.313 -0.358 -0.331 -0.281 -0.322 -0.307 -0.353 -0.406 -0.419 -0.343 -0.362 -0.351 -0.162 -0.063 -0.031 -0.193 -0.278 -0.157 -0.087  0.168  0.348  0.358  0.109  0.018 -0.168 -0.284 -0.280 -0.237 -0.234  0.036  0.105  0.226  0.296  0.277
  0.680  0.495  0.249  0.113 -0.157 -0.203 -0.242 -0.182 -0.171 -0.062 -0.127 -0.015  0.026  0.221  0.354  0.693  1.000  0.771  0.527  0.361  0.438  0.056 -0.135 -0.161 -0.079 -0.193 -0.259 -0.284 -0.252 -0.286 -0.322 -0.290 -0.273 -0.268 -0.327 -0.345 -0.320 -0.289 -0.261 -0.307 -0.355 -0.329 -0.399 -0.394 -0.309 -0.232 -0.274 -0.283 -0.323 -0.319 -0.299 -0.233 -0.180 -0.119  0.087  0.202  0.191  0.002 -0.113  0.014  0.037  0.206  0.360  0.257  0.076 -0.077 -0.309 -0.368 -0.394 -0.339 -0.300 -0.068  0.042  0.287  0.351  0.333
  0.634  0.417  0.145 -0.072 -0.353 -0.405 -0.426 -0.275 -0.271 -0.149 -0.325 -0.282 -0.265 -0.057  0.076  0.454  0.771  1.000  0.798  0.643  0.616  0.195 -0.102 -0.192 -0.072 -0.233 -0.354 -0.340 -0.325 -0.425 -0.438 -0.393 -0.396 -0.430 -0.469 -0.444 -0.434 -0.451 -0.370 -0.382 -0.449 -0.410 -0.495 -0.483 -0.389 -0.279 -0.341 -0.343 -0.413 -0.344 -0.278 -0.243 -0.072  0.069  0.345  0.462  0.478  0.288  0.168  0.278  0.245  0.342  0.432  0.250  0.081 -0.163 -0.381 -0.485 -0.518 -0.459 -0.346 -0.129  0.096  0.462  0.515  0.490
  0.489  0.252  0.064 -0.207 -0.469 -0.487 -0.443 -0.253 -0.239 -0.198 -0.376 -0.363 -0.347 -0.162 -0.103  0.228  0.527  0.798  1.000  0.771  0.610  0.226 -0.054 -0.186 -0.083 -0.246 -0.397 -0.370 -0.377 -0.500 -0.492 -0.447 -0.455 -0.489 -0.525 -0.479 -0.449 -0.458 -0.382 -0.372 -0.448 -0.382 -0.447 -0.420 -0.315 -0.273 -0.330 -0.322 -0.362 -0.237 -0.185 -0.203  0.024  0.188  0.506  0.650  0.676  0.502  0.374  0.462  0.421  0.408  0.417  0.205  0.122 -0.162 -0.363 -0.477 -0.513 -0.446 -0.282 -0.124  0.155  0.496  0.496  0.451
  0.287  0.056 -0.120 -0.422 -0.561 -0.572 -0.450 -0.226 -0.255 -0.283 -0.479 -0.479 -0.470 -0.348 -0.221  0.098  0.361  0.643  0.771  1.000  0.817  0.503  0.212  0.068  0.132 -0.064 -0.228 -0.202 -0.276 -0.415 -0.400 -0.376 -0.403 -0.431 -0.447 -0.391 -0.358 -0.372 -0.292 -0.263 -0.350 -0.298 -0.368 -0.407 -0.320 -0.230 -0.278 -0.289 -0.281 -0.089  0.019  0.029  0.267  0.427  0.679  0.684  0.709  0.602  0.464  0.492  0.399  0.305  0.220 -0.057 -0.095 -0.390 -0.420 -0.486 -0.460 -0.403 -0.230 -0.136  0.134  0.434  0.409  0.364
  0.243  0.024 -0.156 -0.384 -0.481 -0.485 -0.377 -0.210 -0.223 -0.236 -0.430 -0.422 -0.385 -0.285 -0.121  0.116  0.438  0.616  0.610  0.817  1.000  0.725  0.409  0.273  0.329  0.091 -0.057 -0.040 -0.160 -0.299 -0.299 -0.290 -0.335 -0.364 -0.370 -0.306 -0.280 -0.260 -0.215 -0.209 -0.247 -0.267 -0.326 -0.381 -0.311 -0.197 -0.242 -0.229 -0.180 -0.014  0.124  0.200  0.406  0.517  0.670  0.598  0.546  0.466  0.292  0.282  0.224  0.142  0.107 -0.098 -0.197 -0.391 -0.405 -0.441 -0.396 -0.355 -0.246 -0.185  0.012  0.298  0.280  0.264
 -0.158 -0.349 -0.396 -0.487 -0.346 -0.321 -0.222 -0.082 -0.073 -0.202 -0.360 -0.399 -0.366 -0.429 -0.258 -0.180  0.056  0.195  0.226  0.503  0.725  1.000  0.787  0.673  0.669  0.470  0.319  0.294  0.130 -0.000 -0.011 -0.061 -0.127 -0.170 -0.142 -0.082 -0.034  0.038  0.024  0.015  0.057  0.018 -0.004 -0.050 -0.100 -0.016  0.004  0.053  0.169  0.352  0.539  0.627  0.723  0.757  0.697  0.486  0.319  0.427  0.261  0.162  0.098 -0.096 -0.235 -0.401 -0.353 -0.381 -0.196 -0.140 -0.065 -0.071 -0.097 -0.229 -0.180 -0.057 -0.095 -0.092
 -0.357 -0.477 -0.468 -0.435 -0.168 -0.115  0.007  0.084  0.085 -0.063 -0.153 -0.212 -0.210 -0.331 -0.243 -0.295 -0.135 -0.102 -0.054  0.212  0.409  0.787  1.000  0.849  0.690  0.622  0.588  0.478  0.259  0.171  0.157  0.072 -0.023 -0.034  0.015  0.085  0.148  0.252  0.200  0.149  0.235  0.196  0.248  0.194  0.119  0.139  0.188  0.257  0.407  0.552  0.673  0.766  0.704  0.664  0.492  0.293  0.071  0.212  0.146 -0.022 -0.079 -0.277 -0.402 -0.467 -0.399 -0.295 -0.031  0.084  0.155  0.112  0.038 -0.154 -0.237 -0.325 -0.382 -0.348
 -0.433 -0.503 -0.477 -0.387 -0.064 -0.039  0.107  0.140  0.123  0.000 -0.066 -0.115 -0.085 -0.249 -0.163 -0.274 -0.161 -0.192 -0.186  0.068  0.273  0.673  0.849  1.000  0.827  0.668  0.721  0.678  0.450  0.365  0.341  0.278  0.158  0.119  0.201  0.209  0.237  0.316  0.219  0.200  0.329  0.190  0.247  0.201  0.090  0.125  0.187  0.265  0.393  0.503  0.643  0.796  0.728  0.561  0.342  0.083 -0.129  0.048 -0.012 -0.196 -0.231 -0.402 -0.519 -0.547 -0.478 -0.356 -0.029  0.121  0.214  0.142 -0.001 -0.186 -0.357 -0.397 -0.428 -0.399
 -0.305 -0.415 -0.424 -0.377 -0.126 -0.133 -0.003 -0.008  0.054  0.007 -0.100 -0.141 -0.080 -0.182 -0.081 -0.156 -0.079 -0.072 -0.083  0.132  0.329  0.669  0.690  0.827  1.000  0.766  0.624  0.665  0.507  0.352  0.311  0.254  0.140  0.071  0.144  0.165  0.205  0.249  0.142  0.102  0.202  0.082  0.091  0.003 -0.101 -0.045 -0.022  0.043  0.155  0.300  0.482  0.625  0.591  0.464  0.328  0.088 -0.088  0.049 -0.053 -0.178 -0.231 -0.353 -0.437 -0.492 -0.481 -0.421 -0.176 -0.051  0.061  0.041 -0.093 -0.210 -0.289 -0.217 -0.238 -0.225
 -0.376 -0.411 -0.393 -0.241  0.024  0.023  0.094  0.031  0.095  0.057  0.000 -0.014  0.044 -0.075 -0.010 -0.196 -0.193 -0.233 -0.246 -0.064  0.091  0.470  0.622  0.668  0.766  1.000  0.783  0.678  0.620  0.515  0.421  0.374  0.272  0.192  0.255  0.249  0.308  0.389  0.251  0.179  0.269  0.240  0.270  0.154  0.037  0.077  0.104  0.133  0.220  0.301  0.386  0.513  0.415  0.284  0.109 -0.101 -0.246 -0.111 -0.126 -0.253 -0.326 -0.416 -0.494 -0.476 -0.442 -0.278 -0.029  0.085  0.197  0.135 -0.008 -0.108 -0.234 -0.331 -0.364 -0.360
 -0.463 -0.433 -0.415 -0.180  0.146  0.146  0.262  0.159  0.122  0.100  0.084  0.065  0.113 -0.066 -0.040 -0.265 -0.259 -0.354 -0.397 -0.228 -0.057  0.319  0.588  0.721  0.624  0.783  1.000  0.865  0.637  0.649  0.640  0.491  0.351  0.355  0.461  0.478  0.529  0.613  0.460  0.360  0.484  0.385  0.425  0.329  0.161  0.170  0.242  0.262  0.404  0.410  0.459  0.569  0.400  0.218 -0.013 -0.230 -0.363 -0.209 -0.180 -0.341 -0.385 -0.505 -0.555 -0.505 -0.467 -0.211  0.097  0.255  0.376  0.303  0.156 -0.041 -0.339 -0.601 -0.593 -0.552
 -0.483 -0.450 -0.427 -0.227  0.116  0.103  0.229  0.100  0.073  0.074  0.072  0.011  0.115 -0.084 -0.054 -0.279 -0.284 -0.340 -0.370 -0.202 -0.040  0.294  0.478  0.678  0.665  0.678  0.865  1.000  0.784  0.710  0.762  0.658  0.478  0.435  0.559  0.535  0.572  0.578  0.430  0.375  0.465  0.316  0.314  0.227  0.039  0.055  0.129  0.142  0.300  0.308  0.396  0.493  0.385  0.201  0.008 -0.233 -0.337 -0.191 -0.189 -0.347 -0.393 -0.515 -0.577 -0.550 -0.520 -0.291  0.016  0.177  0.324  0.270  0.113 -0.089 -0.340 -0.532 -0.519 -0.481
 -0.380 -0.306 -0.287 -0.062  0.222  0.188  0.184  0.021  0.043  0.059  0.134  0.127  0.237  0.052  0.088 -0.185 -0.252 -0.325 -0.377 -0.276 -0.160  0.130  0.259  0.450  0.507  0.620  0.637  0.784  1.000  0.827  0.711  0.796  0.698  0.522  0.538  0.408  0.350  0.326  0.137  0.126  0.216  0.085  0.111  0.066 -0.053 -0.010  0.018 -0.000  0.089  0.087  0.173  0.295  0.222  0.048 -0.119 -0.325 -0.387 -0.276 -0.251 -0.342 -0.395 -0.415 -0.475 -0.398 -0.377 -0.180  0.000  0.082  0.193  0.085 -0.067 -0.157 -0.286 -0.367 -0.318 -0.278
 -0.448 -0.328 -0.260  0.032  0.343  0.328  0.297  0.138  0.071  0.089  0.220  0.207  0.275  0.057  0.074 -0.187 -0.286 -0.425 -0.500 -0.415 -0.299 -0.000  0.171  0.365  0.352  0.515  0.649  0.710  0.827  1.000  0.876  0.819  0.782  0.747  0.750  0.671  0.559  0.505  0.330  0.314  0.443  0.254  0.252  0.234  0.073  0.090  0.150  0.106  0.183  0.093  0.148  0.272  0.142 -0.044 -0.244 -0.423 -0.475 -0.360 -0.327 -0.439 -0.443 -0.471 -0.502 -0.375 -0.340 -0.066  0.142  0.287  0.377  0.293  0.133 -0.040 -0.288 -0.542 -0.531 -0.486
 -0.485 -0.373 -0.298 -0.034  0.272  0.247  0.311  0.165  0.084  0.089  0.196  0.138  0.213 -0.008 -0.035 -0.246 -0.322 -0.438 -0.492 -0.400 -0.299 -0.011  0.157  0.341  0.311  0.421  0.640  0.762  0.711  0.876  1.000  0.857  0.737  0.774  0.858  0.801  0.721  0.664  0.535  0.481  0.540  0.381  0.328  0.272  0.079  0.086  0.137  0.072  0.224  0.137  0.191  0.263  0.139 -0.030 -0.216 -0.382 -0.426 -0.309 -0.258 -0.363 -0.386 -0.484 -0.521 -0.423 -0.386 -0.113  0.127  0.300  0.430  0.390  0.229  0.007 -0.312 -0.609 -0.603 -0.562
 -0.395 -0.276 -0.225 -0.011  0.264  0.226  0.232  0.050  0.012  0.082  0.181  0.139  0.263  0.058  0.043 -0.189 -0.290 -0.393 -0.447 -0.376 -0.290 -0.061  0.072  0.278  0.254  0.374  0.491  0.658  0.796  0.819  0.857  1.000  0.890  0.767  0.787  0.616  0.451  0.379  0.250  0.242  0.323  0.174  0.166  0.138  0.002  0.056  0.096  0.007  0.124  0.049  0.096  0.191  0.098 -0.079 -0.252 -0.415 -0.435 -0.326 -0.256 -0.339 -0.366 -0.373 -0.426 -0.330 -0.298 -0.096  0.058  0.171  0.279  0.220  0.050 -0.104 -0.277 -0.421 -0.401 -0.378
 -0.339 -0.191 -0.126  0.070  0.293  0.269  0.174  0.027 -0.018  0.086  0.249  0.203  0.264  0.093  0.090 -0.143 -0.273 -0.396 -0.455 -0.403 -0.335 -0.127 -0.023  0.158  0.140  0.272  0.351  0.478  0.698  0.782  0.737  0.890  1.000  0.861  0.765  0.582  0.313  0.230  0.102  0.115  0.239  0.064  0.085  0.117  0.045  0.084  0.112  0.038  0.096 -0.023  0.008  0.113 -0.001 -0.143 -0.297 -0.417 -0.427 -0.339 -0.274 -0.331 -0.313 -0.275 -0.318 -0.216 -0.171  0.015  0.084  0.179  0.238  0.158  0.016 -0.120 -0.213 -0.353 -0.339 -0.312
 -0.331 -0.152 -0.091  0.134  0.313  0.269  0.191  0.040 -0.041  0.135  0.319  0.250  0.266  0.112  0.061 -0.105 -0.268 -0.430 -0.489 -0.431 -0.364 -0.170 -0.034  0.119  0.071  0.192  0.355  0.435  0.522  0.747  0.774  0.767  0.861  1.000  0.909  0.784  0.497  0.378  0.271  0.256  0.365  0.179  0.160  0.189  0.079  0.097  0.147  0.104  0.172  0.018  0.019  0.097 -0.055 -0.184 -0.339 -0.430 -0.442 -0.371 -0.313 -0.356 -0.310 -0.277 -0.281 -0.171 -0.157  0.090  0.167  0.241  0.300  0.261  0.157  0.022 -0.184 -0.449 -0.462 -0.448
 -0.424 -0.245 -0.178  0.048  0.308  0.264  0.265  0.109  0.010  0.126  0.301  0.206  0.256  0.076  0.024 -0.176 -0.327 -0.469 -0.525 -0.447 -0.370 -0.142  0.015  0.201  0.144  0.255  0.461  0.559  0.538  0.750  0.858  0.787  0.765  0.909  1.000  0.898  0.683  0.539  0.449  0.434  0.498  0.323  0.263  0.245  0.105  0.124  0.158  0.111  0.223  0.078  0.093  0.152  0.007 -0.140 -0.321 -0.449 -0.473 -0.386 -0.317 -0.385 -0.344 -0.367 -0.377 -0.276 -0.249  0.007  0.178  0.298  0.405  0.388  0.258  0.092 -0.228 -0.540 -0.567 -0.550
 -0.437 -0.298 -0.213 -0.030  0.216  0.203  0.274  0.172  0.062  0.099  0.225  0.110  0.128 -0.038 -0.072 -0.215 -0.345 -0.444 -0.479 -0.391 -0.306 -0.082  0.085  0.209  0.165  0.249  0.478  0.535  0.408  0.671  0.801  0.616  0.582  0.784  0.898  1.000  0.833  0.657  0.566  0.540  0.578  0.435  0.361  0.304  0.139  0.146  0.196  0.146  0.283  0.149  0.168  0.188  0.049 -0.074 -0.242 -0.376 -0.414 -0.328 -0.275 -0.355 -0.327 -0.406 -0.378 -0.302 -0.289 -0.025  0.186  0.350  0.454  0.476  0.348  0.158 -0.210 -0.570 -0.617 -0.606
 -0.459 -0.357 -0.280 -0.096  0.168  0.196  0.328  0.232  0.143  0.087  0.198  0.097  0.121 -0.052 -0.105 -0.238 -0.320 -0.434 -0.449 -0.358 -0.280 -0.034  0.148  0.237  0.205  0.308  0.529  0.572  0.350  0.559  0.721  0.451  0.313  0.497  0.683  0.833  1.000  0.858  0.711  0.636  0.578  0.529  0.424  0.327  0.140  0.156  0.215  0.142  0.282  0.205  0.237  0.219  0.092 -0.021 -0.178 -0.298 -0.352 -0.256 -0.206 -0.306 -0.326 -0.457 -0.452 -0.387 -0.355 -0.093  0.172  0.364  0.464  0.485  0.342  0.158 -0.204 -0.584 -0.627 -0.608
 -0.466 -0.394 -0.307 -0.108  0.124  0.185  0.337  0.257  0.189  0.069  0.144  0.069  0.101 -0.054 -0.095 -0.251 -0.289 -0.451 -0.458 -0.372 -0.260  0.038  0.252  0.316  0.249  0.389  0.613  0.578  0.326  0.505  0.664  0.379  0.230  0.378  0.539  0.657  0.858  1.000  0.835  0.616  0.619  0.614  0.519  0.377  0.165  0.166  0.237  0.168  0.315  0.286  0.314  0.299  0.126  0.044 -0.134 -0.258 -0.336 -0.210 -0.170 -0.278 -0.306 -0.472 -0.489 -0.444 -0.375 -0.099  0.152  0.364  0.467  0.473  0.321  0.128 -0.242 -0.611 -0.631 -0.599
 -0.421 -0.393 -0.283 -0.117  0.110  0.141  0.304  0.254  0.217  0.061  0.121  0.029  0.066 -0.076 -0.104 -0.235 -0.261 -0.370 -0.382 -0.292 -0.215  0.024  0.200  0.219  0.142  0.251  0.460  0.430  0.137  0.330  0.535  0.250  0.102  0.271  0.449  0.566  0.711  0.835  1.000  0.751  0.691  0.720  0.574  0.386  0.161  0.122  0.206  0.157  0.309  0.258  0.261  0.213  0.091  0.055 -0.097 -0.204 -0.242 -0.137 -0.112 -0.216 -0.270 -0.430 -0.432 -0.408 -0.342 -0.118  0.132  0.314  0.438  0.546  0.439  0.235 -0.183 -0.536 -0.603 -0.586
 -0.422 -0.398 -0.260 -0.116  0.157  0.204  0.347  0.299  0.173 -0.042  0.072 -0.001  0.043 -0.127 -0.123 -0.264 -0.307 -0.382 -0.372 -0.263 -0.209  0.015  0.149  0.200  0.102  0.179  0.360  0.375  0.126  0.314  0.481  0.242  0.115  0.256  0.434  0.540  0.636  0.616  0.751  1.000  0.820  0.783  0.608  0.455  0.201  0.125  0.220  0.205  0.380  0.264  0.218  0.182  0.141  0.062 -0.089 -0.182 -0.225 -0.107 -0.083 -0.157 -0.227 -0.393 -0.416 -0.380 -0.286 -0.103  0.207  0.411  0.575  0.682  0.627  0.430 -0.127 -0.525 -0.648 -0.636
 -0.505 -0.472 -0.276 -0.050  0.282  0.349  0.441  0.366  0.249 -0.024  0.092  0.048  0.086 -0.110 -0.099 -0.299 -0.355 -0.449 -0.448 -0.350 -0.247  0.057  0.235  0.329  0.202  0.269  0.484  0.465  0.216  0.443  0.540  0.323  0.239  0.365  0.498  0.578  0.578  0.619  0.691  0.820  1.000  0.810  0.721  0.630  0.352  0.214  0.324  0.328  0.502  0.393  0.340  0.332  0.209  0.106 -0.102 -0.241 -0.324 -0.157 -0.133 -0.266 -0.287 -0.475 -0.508 -0.414 -0.278 -0.023  0.327  0.559  0.706  0.765  0.596  0.268 -0.287 -0.663 -0.753 -0.726
 -0.469 -0.426 -0.246 -0.050  0.218  0.285  0.447  0.366  0.265 -0.008  0.069  0.043  0.069 -0.084 -0.072 -0.257 -0.329 -0.410 -0.382 -0.298 -0.267  0.018  0.196  0.190  0.082  0.240  0.385  0.316  0.085  0.254  0.381  0.174  0.064  0.179  0.323  0.435  0.529  0.614  0.720  0.783  0.810  1.000  0.829  0.611  0.307  0.158  0.260  0.255  0.440  0.366  0.294  0.210  0.090  0.044 -0.128 -0.191 -0.263 -0.129 -0.077 -0.181 -0.234 -0.451 -0.465 -0.382 -0.248 -0.020  0.330  0.542  0.711  0.804  0.610  0.362 -0.160 -0.578 -0.667 -0.659
 -0.490 -0.447 -0.270 -0.030  0.313  0.363  0.482  0.406  0.330  0.036  0.135  0.105  0.108 -0.056 -0.066 -0.313 -0.399 -0.495 -0.447 -0.368 -0.326 -0.004  0.248  0.247  0.091  0.270  0.425  0.314  0.111  0.252  0.328  0.166  0.085  0.160  0.263  0.361  0.424  0.519  0.574  0.608  0.721  0.829  1.000  0.801  0.496  0.266  0.395  0.377  0.584  0.514  0.403  0.327  0.165  0.063 -0.143 -0.238 -0.329 -0.159 -0.081 -0.224 -0.251 -0.440 -0.472 -0.357 -0.199  0.041  0.455  0.652  0.739  0.694  0.483  0.184 -0.231 -0.621 -0.684 -0.656
 -0.444 -0.413 -0.229 -0.003  0.343  0.417  0.470  0.382  0.308  0.022  0.127  0.097  0.072 -0.112 -0.133 -0.358 -0.394 -0.483 -0.420 -0.407 -0.381 -0.050  0.194  0.201  0.003  0.154  0.329  0.227  0.066  0.234  0.272  0.138  0.117  0.189  0.245  0.304  0.327  0.377  0.386  0.455  0.630  0.611  0.801  1.000  0.784  0.498  0.644  0.621  0.664  0.487  0.353  0.279  0.161  0.073 -0.149 -0.217 -0.299 -0.124 -0.058 -0.210 -0.208 -0.320 -0.355 -0.222 -0.034  0.178  0.550  0.743  0.715  0.607  0.397  0.086 -0.276 -0.594 -0.665 -0.649
 -0.323 -0.301 -0.151  0.006  0.258  0.321  0.334  0.297  0.266  0.011  0.092  0.060  0.018 -0.096 -0.107 -0.331 -0.309 -0.389 -0.315 -0.320 -0.311 -0.100  0.119  0.090 -0.101  0.037  0.161  0.039 -0.053  0.073  0.079  0.002  0.045  0.079  0.105  0.139  0.140  0.165  0.161  0.201  0.352  0.307  0.496  0.784  1.000  0.739  0.678  0.641  0.526  0.416  0.278  0.181  0.073  0.063 -0.107 -0.137 -0.193 -0.078 -0.044 -0.159 -0.103 -0.145 -0.183 -0.068  0.108  0.270  0.493  0.573  0.440  0.328  0.200 -0.032 -0.176 -0.403 -0.459 -0.463
 -0.280 -0.261 -0.163 -0.054  0.136  0.191  0.199  0.185  0.184  0.014  0.056 -0.001 -0.014 -0.148 -0.144 -0.281 -0.232 -0.279 -0.273 -0.230 -0.197 -0.016  0.139  0.125 -0.045  0.077  0.170  0.055 -0.010  0.090  0.086  0.056  0.084  0.097  0.124  0.146  0.156  0.166  0.122  0.125  0.214  0.158  0.266  0.498  0.739  1.000  0.791  0.599  0.380  0.305  0.247  0.189  0.119  0.111 -0.052 -0.105 -0.170 -0.050 -0.027 -0.112 -0.083 -0.123 -0.173 -0.120 -0.003  0.104  0.288  0.395  0.268  0.180  0.058 -0.134 -0.181 -0.321 -0.363 -0.363
 -0.339 -0.318 -0.197 -0.077  0.152  0.239  0.264  0.213  0.156 -0.054  0.018 -0.012 -0.015 -0.165 -0.190 -0.322 -0.274 -0.341 -0.330 -0.278 -0.242  0.004  0.188  0.187 -0.022  0.104  0.242  0.129  0.018  0.150  0.137  0.096  0.112  0.147  0.158  0.196  0.215  0.237  0.206  0.220  0.324  0.260  0.395  0.644  0.678  0.791  1.000  0.777  0.559  0.387  0.307  0.262  0.165  0.126 -0.078 -0.130 -0.212 -0.064 -0.003 -0.117 -0.103 -0.187 -0.234 -0.168 -0.030  0.092  0.333  0.484  0.401  0.275  0.142 -0.104 -0.229 -0.407 -0.451 -0.438
 -0.339 -0.326 -0.209 -0.042  0.178  0.214  0.196  0.162  0.196  0.082  0.119  0.116  0.018 -0.140 -0.131 -0.307 -0.283 -0.343 -0.322 -0.289 -0.229  0.053  0.257  0.265  0.043  0.133  0.262  0.142 -0.000  0.106  0.072  0.007  0.038  0.104  0.111  0.146  0.142  0.168  0.157  0.205  0.328  0.255  0.377  0.621  0.641  0.599  0.777  1.000  0.749  0.525  0.378  0.347  0.217  0.191 -0.039 -0.114 -0.220 -0.082 -0.016 -0.159 -0.163 -0.232 -0.268 -0.187 -0.040  0.093  0.302  0.401  0.359  0.287  0.168 -0.069 -0.183 -0.384 -0.468 -0.459
 -0.440 -0.442 -0.310 -0.116  0.176  0.227  0.276  0.235  0.233  0.060  0.131  0.077  0.036 -0.185 -0.168 -0.353 -0.323 -0.413 -0.362 -0.281 -0.180  0.169  0.407  0.393  0.155  0.220  0.404  0.300  0.089  0.183  0.224  0.124  0.096  0.172  0.223  0.283  0.282  0.315  0.309  0.380  0.502  0.440  0.584  0.664  0.526  0.380  0.559  0.749  1.000  0.765  0.585  0.518  0.340  0.297  0.059 -0.062 -0.206 -0.036  0.056 -0.103 -0.119 -0.322 -0.386 -0.323 -0.152  0.074  0.360  0.479  0.506  0.441  0.292  0.028 -0.232 -0.545 -0.640 -0.620
 -0.417 -0.497 -0.378 -0.278 -0.022  0.030  0.136  0.210  0.231  0.003  0.007 -0.105 -0.139 -0.310 -0.288 -0.406 -0.319 -0.344 -0.237 -0.089 -0.014  0.352  0.552  0.503  0.300  0.301  0.410  0.308  0.087  0.093  0.137  0.049 -0.023  0.018  0.078  0.149  0.205  0.286  0.258  0.264  0.393  0.366  0.514  0.487  0.416  0.305  0.387  0.525  0.765  1.000  0.846  0.708  0.540  0.531  0.273  0.122 -0.059  0.146  0.211  0.055  0.032 -0.238 -0.389 -0.402 -0.223 -0.065  0.209  0.329  0.319  0.299  0.201 -0.062 -0.208 -0.462 -0.520 -0.508
 -0.454 -0.574 -0.460 -0.400 -0.093 -0.041  0.099  0.185  0.173 -0.064 -0.086 -0.202 -0.194 -0.376 -0.318 -0.419 -0.299 -0.278 -0.185  0.019  0.124  0.539  0.673  0.643  0.482  0.386  0.459  0.396  0.173  0.148  0.191  0.096  0.008  0.019  0.093  0.168  0.237  0.314  0.261  0.218  0.340  0.294  0.403  0.353  0.278  0.247  0.307  0.378  0.585  0.846  1.000  0.876  0.743  0.725  0.445  0.204  0.020  0.264  0.257  0.072  0.007 -0.289 -0.464 -0.511 -0.334 -0.199  0.107  0.234  0.256  0.233  0.141 -0.144 -0.265 -0.443 -0.480 -0.450
 -0.461 -0.557 -0.471 -0.399 -0.064 -0.021  0.115  0.207  0.195 -0.018 -0.030 -0.129 -0.117 -0.295 -0.211 -0.343 -0.233 -0.243 -0.203  0.029  0.200  0.627  0.766  0.796  0.625  0.513  0.569  0.493  0.295  0.272  0.263  0.191  0.113  0.097  0.152  0.188  0.219  0.299  0.213  0.182  0.332  0.210  0.327  0.279  0.181  0.189  0.262  0.347  0.518  0.708  0.876  1.000  0.829  0.708  0.410  0.135 -0.083  0.152  0.090 -0.083 -0.142 -0.382 -0.533 -0.560 -0.415 -0.264  0.061  0.197  0.240  0.179  0.051 -0.212 -0.349 -0.446 -0.470 -0.442
 -0.367 -0.533 -0.458 -0.512 -0.227 -0.171 -0.052  0.104  0.103 -0.150 -0.246 -0.337 -0.302 -0.447 -0.308 -0.362 -0.180 -0.072  0.024  0.267  0.406  0.723  0.704  0.728  0.591  0.415  0.400  0.385  0.222  0.142  0.139  0.098 -0.001 -0.055  0.007  0.049  0.092  0.126  0.091  0.141  0.209  0.090  0.165  0.161  0.073  0.119  0.165  0.217  0.340  0.540  0.743  0.829  1.000  0.872  0.624  0.340  0.204  0.413  0.282  0.090  0.015 -0.253 -0.431 -0.521 -0.387 -0.378 -0.040  0.035  0.068  0.019  0.007 -0.210 -0.271 -0.234 -0.281 -0.279
 -0.280 -0.485 -0.414 -0.529 -0.338 -0.267 -0.191  0.015  0.026 -0.233 -0.345 -0.445 -0.435 -0.521 -0.381 -0.351 -0.119  0.069  0.188  0.427  0.517  0.757  0.664  0.561  0.464  0.284  0.218  0.201  0.048 -0.044 -0.030 -0.079 -0.143 -0.184 -0.140 -0.074 -0.021  0.044  0.055  0.062  0.106  0.044  0.063  0.073  0.063  0.111  0.126  0.191  0.297  0.531  0.725  0.708  0.872  1.000  0.811  0.564  0.439  0.624  0.492  0.319  0.225 -0.088 -0.285 -0.442 -0.300 -0.302 -0.080 -0.057 -0.040 -0.038 -0.011 -0.216 -0.165 -0.116 -0.183 -0.181
 -0.018 -0.271 -0.303 -0.518 -0.483 -0.431 -0.342 -0.104 -0.121 -0.274 -0.438 -0.515 -0.506 -0.509 -0.357 -0.162  0.087  0.345  0.506  0.679  0.670  0.697  0.492  0.342  0.328  0.109 -0.013  0.008 -0.119 -0.244 -0.216 -0.252 -0.297 -0.339 -0.321 -0.242 -0.178 -0.134 -0.097 -0.089 -0.102 -0.128 -0.143 -0.149 -0.107 -0.052 -0.078 -0.039  0.059  0.273  0.445  0.410  0.624  0.811  1.000  0.840  0.722  0.779  0.599  0.528  0.420  0.121 -0.065 -0.276 -0.187 -0.321 -0.228 -0.255 -0.250 -0.205 -0.091 -0.184 -0.043  0.111  0.066  0.052
  0.148 -0.063 -0.134 -0.371 -0.485 -0.445 -0.352 -0.145 -0.188 -0.242 -0.389 -0.447 -0.474 -0.404 -0.334 -0.063  0.202  0.462  0.650  0.684  0.598  0.486  0.293  0.083  0.088 -0.101 -0.230 -0.233 -0.325 -0.423 -0.382 -0.415 -0.417 -0.430 -0.449 -0.376 -0.298 -0.258 -0.204 -0.182 -0.241 -0.191 -0.238 -0.217 -0.137 -0.105 -0.130 -0.114 -0.062  0.122  0.204  0.135  0.340  0.564  0.840  1.000  0.843  0.749  0.670  0.671  0.639  0.362  0.213 -0.007  0.035 -0.172 -0.252 -0.306 -0.334 -0.260 -0.107 -0.127  0.079  0.241  0.178  0.167
  0.221  0.022 -0.042 -0.358 -0.531 -0.492 -0.416 -0.175 -0.226 -0.324 -0.474 -0.512 -0.528 -0.429 -0.355 -0.031  0.191  0.478  0.676  0.709  0.546  0.319  0.071 -0.129 -0.088 -0.246 -0.363 -0.337 -0.387 -0.475 -0.426 -0.435 -0.427 -0.442 -0.473 -0.414 -0.352 -0.336 -0.242 -0.225 -0.324 -0.263 -0.329 -0.299 -0.193 -0.170 -0.212 -0.220 -0.206 -0.059  0.020 -0.083  0.204  0.439  0.722  0.843  1.000  0.851  0.704  0.741  0.634  0.462  0.314  0.098  0.128 -0.168 -0.261 -0.387 -0.398 -0.322 -0.110 -0.096  0.186  0.388  0.346  0.304
  0.015 -0.208 -0.142 -0.434 -0.491 -0.423 -0.366 -0.113 -0.149 -0.333 -0.497 -0.564 -0.569 -0.528 -0.426 -0.193  0.002  0.288  0.502  0.602  0.466  0.427  0.212  0.048  0.049 -0.111 -0.209 -0.191 -0.276 -0.360 -0.309 -0.326 -0.339 -0.371 -0.386 -0.328 -0.256 -0.210 -0.137 -0.107 -0.157 -0.129 -0.159 -0.124 -0.078 -0.050 -0.064 -0.082 -0.036  0.146  0.264  0.152  0.413  0.624  0.779  0.749  0.851  1.000  0.840  0.738  0.566  0.315  0.137 -0.082  0.006 -0.219 -0.196 -0.269 -0.252 -0.198 -0.023 -0.120  0.059  0.196  0.180  0.164
 -0.067 -0.204 -0.093 -0.329 -0.411 -0.334 -0.279 -0.103 -0.153 -0.294 -0.411 -0.476 -0.506 -0.493 -0.454 -0.278 -0.113  0.168  0.374  0.464  0.292  0.261  0.146 -0.012 -0.053 -0.126 -0.180 -0.189 -0.251 -0.327 -0.258 -0.256 -0.274 -0.313 -0.317 -0.275 -0.206 -0.170 -0.112 -0.083 -0.133 -0.077 -0.081 -0.058 -0.044 -0.027 -0.003 -0.016  0.056  0.211  0.257  0.090  0.282  0.492  0.599  0.670  0.704  0.840  1.000  0.832  0.716  0.390  0.194  0.007  0.078 -0.138 -0.158 -0.201 -0.182 -0.121  0.037 -0.085  0.067  0.125  0.114  0.105
  0.140  0.006  0.032 -0.236 -0.465 -0.395 -0.348 -0.163 -0.199 -0.296 -0.403 -0.461 -0.492 -0.413 -0.400 -0.157  0.014  0.278  0.462  0.492  0.282  0.162 -0.022 -0.196 -0.178 -0.253 -0.341 -0.347 -0.342 -0.439 -0.363 -0.339 -0.331 -0.356 -0.385 -0.355 -0.306 -0.278 -0.216 -0.157 -0.266 -0.181 -0.224 -0.210 -0.159 -0.112 -0.117 -0.159 -0.103  0.055  0.072 -0.083  0.090  0.319  0.528  0.671  0.741  0.738  0.832  1.000  0.825  0.541  0.381  0.171  0.209 -0.058 -0.178 -0.276 -0.282 -0.233 -0.047 -0.063  0.128  0.250  0.277  0.256
  0.175  0.115  0.108 -0.138 -0.395 -0.346 -0.348 -0.188 -0.238 -0.227 -0.346 -0.400 -0.420 -0.304 -0.312 -0.087  0.037  0.245  0.421  0.399  0.224  0.098 -0.079 -0.231 -0.231 -0.326 -0.385 -0.393 -0.395 -0.443 -0.386 -0.366 -0.313 -0.310 -0.344 -0.327 -0.326 -0.306 -0.270 -0.227 -0.287 -0.234 -0.251 -0.208 -0.103 -0.083 -0.103 -0.163 -0.119  0.032  0.007 -0.142  0.015  0.225  0.420  0.639  0.634  0.566  0.716  0.825  1.000  0.737  0.537  0.280  0.362  0.075 -0.131 -0.217 -0.279 -0.234 -0.017 -0.051  0.168  0.252  0.269  0.237
  0.465  0.417  0.301  0.023 -0.348 -0.371 -0.474 -0.355 -0.311 -0.153 -0.274 -0.265 -0.292 -0.108 -0.100  0.168  0.206  0.342  0.408  0.305  0.142 -0.096 -0.277 -0.402 -0.353 -0.416 -0.505 -0.515 -0.415 -0.471 -0.484 -0.373 -0.275 -0.277 -0.367 -0.406 -0.457 -0.472 -0.430 -0.393 -0.475 -0.451 -0.440 -0.320 -0.145 -0.123 -0.187 -0.232 -0.322 -0.238 -0.289 -0.382 -0.253 -0.088  0.121  0.362  0.462  0.315  0.390  0.541  0.737  1.000  0.825  0.555  0.561  0.195 -0.178 -0.336 -0.425 -0.381 -0.125 -0.010  0.305  0.457  0.463  0.419
  0.642  0.615  0.529  0.235 -0.212 -0.260 -0.402 -0.367 -0.323 -0.144 -0.242 -0.187 -0.202  0.056  0.082  0.348  0.360  0.432  0.417  0.220  0.107 -0.235 -0.402 -0.519 -0.437 -0.494 -0.555 -0.577 -0.475 -0.502 -0.521 -0.426 -0.318 -0.281 -0.377 -0.378 -0.452 -0.489 -0.432 -0.416 -0.508 -0.465 -0.472 -0.355 -0.183 -0.173 -0.234 -0.268 -0.386 -0.389 -0.464 -0.533 -0.431 -0.285 -0.065  0.213  0.314  0.137  0.194  0.381  0.537  0.825  1.000  0.795  0.628  0.316 -0.114 -0.322 -0.418 -0.356 -0.128  0.077  0.352  0.478  0.502  0.457
  0.549  0.660  0.665  0.526  0.094  0.003 -0.242 -0.353 -0.296 -0.037 -0.027  0.069  0.038  0.272  0.237  0.358  0.257  0.250  0.205 -0.057 -0.098 -0.401 -0.467 -0.547 -0.492 -0.476 -0.505 -0.550 -0.398 -0.375 -0.423 -0.330 -0.216 -0.171 -0.276 -0.302 -0.387 -0.444 -0.408 -0.380 -0.414 -0.382 -0.357 -0.222 -0.068 -0.120 -0.168 -0.187 -0.323 -0.402 -0.511 -0.560 -0.521 -0.442 -0.276 -0.007  0.098 -0.082  0.007  0.171  0.280  0.555  0.795  1.000  0.803  0.565  0.136 -0.136 -0.270 -0.229 -0.064  0.130  0.323  0.344  0.387  0.341
  0.357  0.439  0.542  0.442  0.109  0.094 -0.164 -0.233 -0.236 -0.059 -0.039  0.019 -0.035  0.117  0.080  0.109  0.076  0.081  0.122 -0.095 -0.197 -0.353 -0.399 -0.478 -0.481 -0.442 -0.467 -0.520 -0.377 -0.340 -0.386 -0.298 -0.171 -0.157 -0.249 -0.289 -0.355 -0.375 -0.342 -0.286 -0.278 -0.248 -0.199 -0.034  0.108 -0.003 -0.030 -0.040 -0.152 -0.223 -0.334 -0.415 -0.387 -0.300 -0.187  0.035  0.128  0.006  0.078  0.209  0.362  0.561  0.628  0.803  1.000  0.702  0.322  0.072 -0.104 -0.101  0.026  0.096  0.266  0.253  0.240  0.190
  0.132  0.254  0.438  0.609  0.436  0.467  0.157  0.006 -0.036  0.019  0.156  0.220  0.179  0.252  0.143  0.018 -0.077 -0.163 -0.162 -0.390 -0.391 -0.381 -0.295 -0.356 -0.421 -0.278 -0.211 -0.291 -0.180 -0.066 -0.113 -0.096  0.015  0.090  0.007 -0.025 -0.093 -0.099 -0.118 -0.103 -0.023 -0.020  0.041  0.178  0.270  0.104  0.092  0.093  0.074 -0.065 -0.199 -0.264 -0.378 -0.302 -0.321 -0.172 -0.168 -0.219 -0.138 -0.058  0.075  0.195  0.316  0.565  0.702  1.000  0.667  0.368  0.177  0.137  0.113  0.091  0.100 -0.092 -0.091 -0.100
 -0.204 -0.097  0.160  0.408  0.589  0.606  0.401  0.250  0.147 -0.077  0.111  0.142  0.159  0.086  0.050 -0.168 -0.309 -0.381 -0.363 -0.420 -0.405 -0.196 -0.031 -0.029 -0.176 -0.029  0.097  0.016  0.000  0.142  0.127  0.058  0.084  0.167  0.178  0.186  0.172  0.152  0.132  0.207  0.327  0.330  0.455  0.550  0.493  0.288  0.333  0.302  0.360  0.209  0.107  0.061 -0.040 -0.080 -0.228 -0.252 -0.261 -0.196 -0.158 -0.178 -0.131 -0.178 -0.114  0.136  0.322  0.667  1.000  0.730  0.590  0.462  0.320  0.134 -0.063 -0.383 -0.433 -0.460
 -0.435 -0.328 -0.115  0.205  0.538  0.634  0.665  0.539  0.333 -0.017  0.206  0.198  0.201  0.006 -0.052 -0.284 -0.368 -0.485 -0.477 -0.486 -0.441 -0.140  0.084  0.121 -0.051  0.085  0.255  0.177  0.082  0.287  0.300  0.171  0.179  0.241  0.298  0.350  0.364  0.364  0.314  0.411  0.559  0.542  0.652  0.743  0.573  0.395  0.484  0.401  0.479  0.329  0.234  0.197  0.035 -0.057 -0.255 -0.306 -0.387 -0.269 -0.201 -0.276 -0.217 -0.336 -0.322 -0.136  0.072  0.368  0.730  1.000  0.859  0.671  0.386  0.100 -0.243 -0.587 -0.659 -0.635
 -0.510 -0.389 -0.183  0.106  0.487  0.565  0.638  0.491  0.291 -0.028  0.165  0.174  0.201 -0.018 -0.036 -0.280 -0.394 -0.518 -0.513 -0.460 -0.396 -0.065  0.155  0.214  0.061  0.197  0.376  0.324  0.193  0.377  0.430  0.279  0.238  0.300  0.405  0.454  0.464  0.467  0.438  0.575  0.706  0.711  0.739  0.715  0.440  0.268  0.401  0.359  0.506  0.319  0.256  0.240  0.068 -0.040 -0.250 -0.334 -0.398 -0.252 -0.182 -0.282 -0.279 -0.425 -0.418 -0.270 -0.104  0.177  0.590  0.859  1.000  0.825  0.516  0.198 -0.265 -0.645 -0.718 -0.685
 -0.462 -0.365 -0.154  0.072  0.371  0.433  0.501  0.364  0.222  0.011  0.146  0.126  0.149 -0.042 -0.042 -0.237 -0.339 -0.459 -0.446 -0.403 -0.355 -0.071  0.112  0.142  0.041  0.135  0.303  0.270  0.085  0.293  0.390  0.220  0.158  0.261  0.388  0.476  0.485  0.473  0.546  0.682  0.765  0.804  0.694  0.607  0.328  0.180  0.275  0.287  0.441  0.299  0.233  0.179  0.019 -0.038 -0.205 -0.260 -0.322 -0.198 -0.121 -0.233 -0.234 -0.381 -0.356 -0.229 -0.101  0.137  0.462  0.671  0.825  1.000  0.723  0.382 -0.127 -0.588 -0.695 -0.680
 -0.283 -0.232 -0.069  0.014  0.151  0.212  0.188  0.173  0.015 -0.089 -0.016 -0.072 -0.066 -0.135 -0.121 -0.234 -0.300 -0.346 -0.282 -0.230 -0.246 -0.097  0.038 -0.001 -0.093 -0.008  0.156  0.113 -0.067  0.133  0.229  0.050  0.016  0.157  0.258  0.348  0.342  0.321  0.439  0.627  0.596  0.610  0.483  0.397  0.200  0.058  0.142  0.168  0.292  0.201  0.141  0.051  0.007 -0.011 -0.091 -0.107 -0.110 -0.023  0.037 -0.047 -0.017 -0.125 -0.128 -0.064  0.026  0.113  0.320  0.386  0.516  0.723  1.000  0.742  0.266 -0.357 -0.519 -0.531
  0.015  0.059  0.093  0.119  0.070  0.074  0.034 -0.001 -0.118 -0.053 -0.021 -0.013  0.005  0.048  0.049  0.036 -0.068 -0.129 -0.124 -0.136 -0.185 -0.229 -0.154 -0.186 -0.210 -0.108 -0.041 -0.089 -0.157 -0.040  0.007 -0.104 -0.120  0.022  0.092  0.158  0.158  0.128  0.235  0.430  0.268  0.362  0.184  0.086 -0.032 -0.134 -0.104 -0.069  0.028 -0.062 -0.144 -0.212 -0.210 -0.216 -0.184 -0.127 -0.096 -0.120 -0.085 -0.063 -0.051 -0.010  0.077  0.130  0.096  0.091  0.134  0.100  0.198  0.382  0.742  1.000  0.495 -0.046 -0.205 -0.234
  0.254  0.281  0.285  0.088 -0.110 -0.172 -0.320 -0.260 -0.268 -0.182 -0.136 -0.105 -0.116  0.033  0.021  0.105  0.042  0.096  0.155  0.134  0.012 -0.180 -0.237 -0.357 -0.289 -0.234 -0.339 -0.340 -0.286 -0.288 -0.312 -0.277 -0.213 -0.184 -0.228 -0.210 -0.204 -0.242 -0.183 -0.127 -0.287 -0.160 -0.231 -0.276 -0.176 -0.181 -0.229 -0.183 -0.232 -0.208 -0.265 -0.349 -0.271 -0.165 -0.043  0.079  0.186  0.059  0.067  0.128  0.168  0.305  0.352  0.323  0.266  0.100 -0.063 -0.243 -0.265 -0.127  0.266  0.495  1.000  0.392  0.250  0.163
  0.493  0.405  0.236 -0.063 -0.390 -0.437 -0.525 -0.447 -0.413 -0.153 -0.311 -0.254 -0.233 -0.012  0.017  0.226  0.287  0.462  0.496  0.434  0.298 -0.057 -0.325 -0.397 -0.217 -0.331 -0.601 -0.532 -0.367 -0.542 -0.609 -0.421 -0.353 -0.449 -0.540 -0.570 -0.584 -0.611 -0.536 -0.525 -0.663 -0.578 -0.621 -0.594 -0.403 -0.321 -0.407 -0.384 -0.545 -0.462 -0.443 -0.446 -0.234 -0.116  0.111  0.241  0.388  0.196  0.125  0.250  0.252  0.457  0.478  0.344  0.253 -0.092 -0.383 -0.587 -0.645 -0.588 -0.357 -0.046  0.392  1.000  0.847  0.701
  0.543  0.460  0.269 -0.047 -0.414 -0.459 -0.537 -0.467 -0.384 -0.161 -0.325 -0.248 -0.233  0.011  0.052  0.296  0.351  0.515  0.496  0.409  0.280 -0.095 -0.382 -0.428 -0.238 -0.364 -0.593 -0.519 -0.318 -0.531 -0.603 -0.401 -0.339 -0.462 -0.567 -0.617 -0.627 -0.631 -0.603 -0.648 -0.753 -0.667 -0.684 -0.665 -0.459 -0.363 -0.451 -0.468 -0.640 -0.520 -0.480 -0.470 -0.281 -0.183  0.066  0.178  0.346  0.180  0.114  0.277  0.269  0.463  0.502  0.387  0.240 -0.091 -0.433 -0.659 -0.718 -0.695 -0.519 -0.205  0.250  0.847  1.000  0.903
