  1.000  0.792  0.533  0.235 -0.205 -0.304 -0.368 -0.312 -0.287 -0.100 -0.169 -0.119 -0.072  0.255  0.337  0.641  0.642  0.629  0.464  0.305  0.214 -0.147 -0.365 -0.423 -0.281 -0.337 -0.502 -0.470 -0.392 -0.458 -0.487 -0.402 -0.318 -0.339 -0.425 -0.450 -0.461 -0.483 -0.419 -0.462 -0.531 -0.459 -0.507 -0.482 -0.339 -0.236 -0.335 -0.379 -0.490 -0.476 -0.496 -0.471 -0.381 -0.287 -0.046  0.135  0.225  0.013 -0.020  0.187  0.266  0.457  0.635  0.550  0.318  0.074 -0.226 -0.427 -0.505 -0.442 -0.286 -0.069  0.250  0.510  0.552  0.520
  0.792  1.000  0.683  0.413 -0.022 -0.155 -0.274 -0.304 -0.262 -0.021 -0.058  0.045  0.099  0.424  0.503  0.651  0.502  0.464  0.298  0.131  0.035 -0.305 -0.441 -0.474 -0.347 -0.332 -0.459 -0.435 -0.324 -0.360 -0.407 -0.322 -0.227 -0.250 -0.346 -0.386 -0.417 -0.446 -0.398 -0.437 -0.491 -0.417 -0.452 -0.434 -0.300 -0.217 -0.317 -0.360 -0.469 -0.475 -0.539 -0.529 -0.489 -0.432 -0.217 -0.003  0.073 -0.145 -0.123  0.094  0.221  0.416  0.610  0.633  0.388  0.183 -0.123 -0.333 -0.424 -0.377 -0.270 -0.051  0.217  0.443  0.489  0.463
  0.533  0.683  1.000  0.691  0.257  0.121 -0.100 -0.194 -0.202 -0.095 -0.001  0.170  0.246  0.520  0.541  0.479  0.343  0.214  0.091 -0.068 -0.129 -0.359 -0.403 -0.409 -0.370 -0.313 -0.348 -0.362 -0.271 -0.246 -0.295 -0.252 -0.152 -0.143 -0.229 -0.260 -0.304 -0.327 -0.289 -0.293 -0.306 -0.261 -0.274 -0.239 -0.158 -0.121 -0.178 -0.221 -0.303 -0.340 -0.405 -0.423 -0.419 -0.392 -0.275 -0.114 -0.041 -0.154 -0.096  0.045  0.134  0.293  0.494  0.596  0.467  0.411  0.173 -0.091 -0.197 -0.182 -0.110  0.000  0.175  0.228  0.257  0.244
  0.235  0.413  0.691  1.000  0.660  0.492  0.189 -0.055 -0.047  0.078  0.269  0.485  0.529  0.646  0.495  0.313  0.107 -0.076 -0.193 -0.349 -0.368 -0.492 -0.390 -0.355 -0.366 -0.228 -0.174 -0.216 -0.111 -0.020 -0.082 -0.069  0.029  0.056 -0.021 -0.069 -0.134 -0.164 -0.149 -0.120 -0.097 -0.061 -0.037 -0.018 -0.010 -0.029 -0.062 -0.088 -0.134 -0.227 -0.339 -0.371 -0.461 -0.502 -0.477 -0.335 -0.307 -0.370 -0.259 -0.168 -0.070  0.054  0.258  0.488  0.451  0.629  0.450  0.202  0.096  0.057  0.020  0.066  0.079 -0.026 -0.008 -0.008
 -0.205 -0.022  0.257  0.660  1.000  0.813  0.513  0.208  0.135  0.135  0.387  0.569  0.638  0.447  0.308  0.006 -0.170 -0.365 -0.440 -0.496 -0.428 -0.338 -0.113 -0.027 -0.120  0.030  0.189  0.136  0.172  0.293  0.254  0.211  0.243  0.268  0.260  0.222  0.167  0.144  0.105  0.174  0.251  0.241  0.309  0.305  0.203  0.113  0.147  0.140  0.173  0.066 -0.015 -0.038 -0.184 -0.303 -0.430 -0.438 -0.483 -0.431 -0.331 -0.368 -0.310 -0.276 -0.180  0.041  0.134  0.458  0.605  0.526  0.494  0.363  0.182  0.060 -0.133 -0.391 -0.400 -0.380
 -0.304 -0.155  0.121  0.492  0.813  1.000  0.650  0.356  0.237  0.106  0.341  0.497  0.507  0.299  0.154 -0.109 -0.254 -0.432 -0.470 -0.513 -0.427 -0.283 -0.047  0.022 -0.092  0.049  0.216  0.143  0.159  0.300  0.266  0.197  0.227  0.270  0.270  0.265  0.220  0.208  0.181  0.274  0.365  0.342  0.401  0.410  0.280  0.159  0.215  0.197  0.247  0.142  0.068  0.035 -0.111 -0.222 -0.377 -0.403 -0.464 -0.379 -0.270 -0.340 -0.299 -0.303 -0.237 -0.033  0.093  0.450  0.602  0.641  0.610  0.478  0.283  0.095 -0.161 -0.473 -0.491 -0.471
 -0.368 -0.274 -0.100  0.189  0.513  0.650  1.000  0.702  0.471  0.038  0.244  0.315  0.359  0.135  0.015 -0.184 -0.276 -0.409 -0.433 -0.421 -0.314 -0.155  0.050  0.124  0.029  0.135  0.298  0.250  0.208  0.305  0.315  0.227  0.182  0.213  0.281  0.302  0.313  0.334  0.323  0.361  0.431  0.447  0.461  0.417  0.245  0.126  0.207  0.179  0.247  0.157  0.104  0.094 -0.018 -0.126 -0.282 -0.350 -0.414 -0.323 -0.250 -0.340 -0.333 -0.367 -0.347 -0.225 -0.132  0.136  0.347  0.608  0.622  0.482  0.237  0.079 -0.266 -0.528 -0.523 -0.496
 -0.312 -0.304 -0.194 -0.055  0.208  0.356  0.702  1.000  0.667  0.018  0.155  0.091  0.043 -0.112 -0.164 -0.224 -0.223 -0.264 -0.239 -0.200 -0.133 -0.008  0.080  0.116  0.040  0.057  0.169  0.133  0.058  0.124  0.159  0.074  0.028  0.067  0.135  0.198  0.237  0.265  0.269  0.285  0.329  0.330  0.327  0.312  0.183  0.091  0.163  0.132  0.186  0.137  0.140  0.126  0.096  0.048 -0.064 -0.149 -0.181 -0.095 -0.079 -0.159 -0.191 -0.257 -0.293 -0.263 -0.165 -0.009  0.200  0.451  0.449  0.313  0.182  0.026 -0.220 -0.438 -0.433 -0.404
 -0.287 -0.262 -0.202 -0.047  0.135  0.237  0.471  0.667  1.000  0.321  0.317  0.247  0.144 -0.008 -0.091 -0.156 -0.207 -0.254 -0.248 -0.214 -0.154 -0.035  0.061  0.095  0.042  0.073  0.154  0.125  0.068  0.096  0.125  0.068  0.013  0.024  0.081  0.112  0.170  0.226  0.232  0.189  0.232  0.272  0.257  0.214  0.109  0.053  0.097  0.094  0.155  0.111  0.096  0.086  0.042 -0.008 -0.110 -0.183 -0.215 -0.138 -0.126 -0.187 -0.226 -0.276 -0.288 -0.240 -0.186 -0.045  0.099  0.295  0.309  0.204  0.045 -0.030 -0.221 -0.392 -0.366 -0.336
 -0.100 -0.021 -0.095  0.078  0.135  0.106  0.038  0.018  0.321  1.000  0.672  0.442  0.254  0.162  0.056  0.016 -0.076 -0.128 -0.188 -0.207 -0.184 -0.180 -0.094 -0.052 -0.054  0.001  0.048  0.042  0.067  0.097  0.086  0.089  0.109  0.130  0.102  0.052  0.033  0.034  0.029 -0.031 -0.021 -0.010  0.015 -0.033 -0.073 -0.070 -0.080 -0.025  0.013 -0.039 -0.081 -0.073 -0.159 -0.223 -0.249 -0.233 -0.251 -0.268 -0.234 -0.226 -0.192 -0.158 -0.129 -0.061 -0.080 -0.018 -0.048 -0.037 -0.009 -0.017 -0.070 -0.016 -0.093 -0.114 -0.117 -0.107
 -0.169 -0.058 -0.001  0.269  0.387  0.341  0.244  0.155  0.317  0.672  1.000  0.766  0.560  0.370  0.168  0.016 -0.127 -0.265 -0.334 -0.380 -0.338 -0.298 -0.128 -0.061 -0.102  0.013  0.113  0.090  0.141  0.219  0.196  0.188  0.231  0.273  0.241  0.173  0.117  0.092  0.059  0.047  0.075  0.073  0.119  0.063 -0.004 -0.022 -0.015  0.008  0.054 -0.025 -0.096 -0.090 -0.227 -0.330 -0.396 -0.376 -0.408 -0.407 -0.339 -0.339 -0.290 -0.244 -0.184 -0.047 -0.041  0.110  0.108  0.142  0.161  0.110 -0.000  0.015 -0.123 -0.252 -0.253 -0.237
 -0.119  0.045  0.170  0.485  0.569  0.497  0.315  0.091  0.247  0.442  0.766  1.000  0.798  0.609  0.354  0.124 -0.084 -0.290 -0.399 -0.475 -0.412 -0.400 -0.192 -0.112 -0.139  0.010  0.112  0.087  0.162  0.236  0.196  0.194  0.236  0.262  0.227  0.150  0.096  0.075  0.042  0.038  0.071  0.083  0.123  0.054 -0.011 -0.036 -0.034 -0.016  0.012 -0.082 -0.184 -0.175 -0.340 -0.462 -0.521 -0.475 -0.515 -0.530 -0.437 -0.421 -0.351 -0.266 -0.156  0.043  0.029  0.218  0.188  0.204  0.199  0.134 -0.016  0.031 -0.104 -0.225 -0.208 -0.190
 -0.072  0.099  0.246  0.529  0.638  0.507  0.359  0.043  0.144  0.254  0.560  0.798  1.000  0.774  0.525  0.230  0.009 -0.238 -0.384 -0.454 -0.369 -0.358 -0.155 -0.048 -0.066  0.076  0.172  0.159  0.223  0.272  0.231  0.233  0.255  0.256  0.243  0.154  0.110  0.089  0.044  0.039  0.076  0.082  0.117  0.044 -0.021 -0.023 -0.024 -0.026 -0.008 -0.101 -0.189 -0.149 -0.308 -0.451 -0.512 -0.487 -0.536 -0.561 -0.481 -0.463 -0.386 -0.290 -0.155  0.040  0.001  0.193  0.186  0.202  0.223  0.148 -0.039  0.012 -0.134 -0.225 -0.203 -0.183
  0.255  0.424  0.520  0.646  0.447  0.299  0.135 -0.112 -0.008  0.162  0.370  0.609  0.774  1.000  0.757  0.501  0.254  0.011 -0.171 -0.302 -0.271 -0.414 -0.310 -0.239 -0.201 -0.078 -0.057 -0.067  0.022  0.049 -0.006  0.016  0.078  0.083  0.028 -0.047 -0.088 -0.107 -0.120 -0.155 -0.155 -0.121 -0.122 -0.187 -0.177 -0.135 -0.178 -0.196 -0.228 -0.300 -0.396 -0.354 -0.463 -0.553 -0.504 -0.396 -0.397 -0.510 -0.442 -0.338 -0.232 -0.072  0.131  0.311  0.169  0.258  0.073 -0.025 -0.043 -0.064 -0.142  0.018  0.021  0.035  0.074  0.078
  0.337  0.503  0.541  0.495  0.308  0.154  0.015 -0.164 -0.091  0.056  0.168  0.354  0.525  0.757  1.000  0.691  0.423  0.169 -0.045 -0.146 -0.086 -0.243 -0.207 -0.144 -0.098 -0.016 -0.034 -0.044  0.013  0.008 -0.046 -0.027  0.015 -0.002 -0.045 -0.095 -0.121 -0.120 -0.129 -0.178 -0.168 -0.165 -0.175 -0.236 -0.223 -0.146 -0.191 -0.213 -0.248 -0.293 -0.339 -0.264 -0.319 -0.404 -0.345 -0.283 -0.290 -0.406 -0.390 -0.291 -0.196 -0.039  0.167  0.273  0.093  0.133 -0.008 -0.121 -0.129 -0.136 -0.182 -0.036  0.010  0.081  0.121  0.125
  0.641  0.651  0.479  0.313  0.006 -0.109 -0.184 -0.224 -0.156  0.016  0.016  0.124  0.230  0.501  0.691  1.000  0.716  0.486  0.260  0.149  0.160 -0.133 -0.249 -0.245 -0.144 -0.158 -0.245 -0.232 -0.191 -0.239 -0.274 -0.230 -0.181 -0.198 -0.254 -0.288 -0.293 -0.295 -0.266 -0.319 -0.357 -0.326 -0.365 -0.413 -0.358 -0.245 -0.314 -0.340 -0.396 -0.406 -0.426 -0.351 -0.335 -0.334 -0.161 -0.061 -0.026 -0.213 -0.260 -0.111 -0.018  0.160  0.383  0.368  0.106  0.004 -0.207 -0.336 -0.349 -0.317 -0.267 -0.052  0.125  0.298  0.342  0.332
  0.642  0.502  0.343  0.107 -0.170 -0.254 -0.276 -0.223 -0.207 -0.076 -0.127 -0.084  0.009  0.254  0.423  0.716  1.000  0.777  0.494  0.384  0.433  0.089 -0.119 -0.141 -0.044 -0.147 -0.264 -0.241 -0.244 -0.326 -0.342 -0.299 -0.264 -0.292 -0.335 -0.350 -0.335 -0.333 -0.294 -0.347 -0.392 -0.367 -0.406 -0.422 -0.345 -0.223 -0.286 -0.316 -0.379 -0.358 -0.320 -0.233 -0.150 -0.104  0.098  0.169  0.183  0.003 -0.091  0.025  0.085  0.203  0.354  0.248  0.059 -0.104 -0.283 -0.394 -0.406 -0.371 -0.287 -0.112  0.113  0.341  0.367  0.348
  0.629  0.464  0.214 -0.076 -0.365 -0.432 -0.409 -0.264 -0.254 -0.128 -0.265 -0.290 -0.238  0.011  0.169  0.486  0.777  1.000  0.763  0.642  0.587  0.198 -0.117 -0.182 -0.037 -0.212 -0.398 -0.343 -0.347 -0.461 -0.461 -0.395 -0.362 -0.401 -0.448 -0.447 -0.422 -0.422 -0.361 -0.413 -0.482 -0.438 -0.497 -0.479 -0.361 -0.233 -0.309 -0.351 -0.427 -0.378 -0.315 -0.246 -0.084  0.035  0.298  0.393  0.453  0.257  0.131  0.263  0.269  0.326  0.398  0.236  0.079 -0.177 -0.361 -0.492 -0.520 -0.462 -0.316 -0.144  0.165  0.455  0.484  0.462
  0.464  0.298  0.091 -0.193 -0.440 -0.470 -0.433 -0.239 -0.248 -0.188 -0.334 -0.399 -0.384 -0.171 -0.045  0.260  0.494  0.763  1.000  0.777  0.573  0.242 -0.078 -0.181 -0.072 -0.253 -0.432 -0.381 -0.391 -0.496 -0.485 -0.421 -0.392 -0.423 -0.463 -0.444 -0.412 -0.411 -0.342 -0.376 -0.447 -0.397 -0.452 -0.401 -0.266 -0.174 -0.238 -0.281 -0.343 -0.279 -0.202 -0.179  0.018  0.193  0.469  0.605  0.671  0.494  0.360  0.466  0.423  0.389  0.357  0.187  0.122 -0.147 -0.312 -0.442 -0.488 -0.424 -0.255 -0.151  0.164  0.424  0.442  0.415
  0.305  0.131 -0.068 -0.349 -0.496 -0.513 -0.421 -0.200 -0.214 -0.207 -0.380 -0.475 -0.454 -0.302 -0.146  0.149  0.384  0.642  0.777  1.000  0.794  0.486  0.136  0.031  0.129 -0.106 -0.282 -0.225 -0.293 -0.424 -0.397 -0.359 -0.369 -0.406 -0.414 -0.382 -0.328 -0.311 -0.252 -0.295 -0.358 -0.334 -0.382 -0.352 -0.261 -0.173 -0.214 -0.228 -0.252 -0.161 -0.042  0.012  0.221  0.393  0.635  0.626  0.681  0.562  0.382  0.432  0.342  0.253  0.187 -0.007 -0.045 -0.292 -0.357 -0.441 -0.441 -0.387 -0.237 -0.167  0.112  0.352  0.354  0.332
  0.214  0.035 -0.129 -0.368 -0.428 -0.427 -0.314 -0.133 -0.154 -0.184 -0.338 -0.412 -0.369 -0.271 -0.086  0.160  0.433  0.587  0.573  0.794  1.000  0.729  0.375  0.271  0.367  0.100 -0.069 -0.022 -0.142 -0.287 -0.265 -0.262 -0.303 -0.339 -0.318 -0.279 -0.214 -0.184 -0.149 -0.185 -0.223 -0.238 -0.271 -0.278 -0.247 -0.173 -0.187 -0.171 -0.152 -0.047  0.099  0.207  0.370  0.488  0.650  0.531  0.487  0.412  0.213  0.206  0.142  0.071  0.028 -0.146 -0.196 -0.361 -0.353 -0.374 -0.329 -0.286 -0.194 -0.150  0.021  0.201  0.195  0.185
 -0.147 -0.305 -0.359 -0.492 -0.338 -0.283 -0.155 -0.008 -0.035 -0.180 -0.298 -0.400 -0.358 -0.414 -0.243 -0.133  0.089  0.198  0.242  0.486  0.729  1.000  0.755  0.638  0.666  0.435  0.268  0.274  0.117 -0.027 -0.019 -0.058 -0.140 -0.174 -0.115 -0.063  0.008  0.057  0.044  0.040  0.058 -0.015  0.017  0.008 -0.032 -0.025  0.017  0.076  0.169  0.305  0.485  0.611  0.698  0.745  0.692  0.437  0.318  0.403  0.218  0.087 -0.011 -0.148 -0.263 -0.405 -0.352 -0.387 -0.216 -0.140 -0.062 -0.056 -0.048 -0.151 -0.126 -0.105 -0.137 -0.127
 -0.365 -0.441 -0.403 -0.390 -0.113 -0.047  0.050  0.080  0.061 -0.094 -0.128 -0.192 -0.155 -0.310 -0.207 -0.249 -0.119 -0.117 -0.078  0.136  0.375  0.755  1.000  0.837  0.690  0.607  0.578  0.500  0.298  0.205  0.212  0.128  0.017  0.004  0.088  0.136  0.217  0.292  0.232  0.217  0.281  0.192  0.283  0.251  0.165  0.113  0.186  0.277  0.415  0.530  0.648  0.766  0.678  0.618  0.437  0.191  0.017  0.171  0.086 -0.113 -0.184 -0.316 -0.431 -0.488 -0.386 -0.283 -0.041  0.105  0.186  0.151  0.065 -0.111 -0.243 -0.362 -0.406 -0.385
 -0.423 -0.474 -0.409 -0.355 -0.027  0.022  0.124  0.116  0.095 -0.052 -0.061 -0.112 -0.048 -0.239 -0.144 -0.245 -0.141 -0.182 -0.181  0.031  0.271  0.638  0.837  1.000  0.819  0.628  0.715  0.689  0.454  0.362  0.386  0.300  0.172  0.143  0.241  0.253  0.297  0.360  0.261  0.258  0.354  0.183  0.279  0.252  0.145  0.132  0.204  0.284  0.403  0.488  0.622  0.781  0.691  0.529  0.317  0.031 -0.138  0.029 -0.053 -0.267 -0.320 -0.419 -0.514 -0.551 -0.458 -0.309 -0.028  0.138  0.240  0.170  0.047 -0.133 -0.323 -0.436 -0.463 -0.428
 -0.281 -0.347 -0.370 -0.366 -0.120 -0.092  0.029  0.040  0.042 -0.054 -0.102 -0.139 -0.066 -0.201 -0.098 -0.144 -0.044 -0.037 -0.072  0.129  0.367  0.666  0.690  0.819  1.000  0.757  0.602  0.669  0.522  0.325  0.316  0.276  0.145  0.081  0.161  0.158  0.209  0.257  0.179  0.166  0.224  0.091  0.129  0.063 -0.043 -0.027  0.019  0.091  0.198  0.287  0.427  0.591  0.557  0.432  0.305  0.054 -0.082  0.014 -0.102 -0.248 -0.298 -0.367 -0.427 -0.481 -0.457 -0.374 -0.171 -0.032  0.086  0.053 -0.041 -0.118 -0.233 -0.269 -0.288 -0.259
 -0.337 -0.332 -0.313 -0.228  0.030  0.049  0.135  0.057  0.073  0.001  0.013  0.010  0.076 -0.078 -0.016 -0.158 -0.147 -0.212 -0.253 -0.106  0.100  0.435  0.607  0.628  0.757  1.000  0.748  0.659  0.644  0.514  0.412  0.366  0.253  0.179  0.235  0.224  0.283  0.354  0.253  0.208  0.270  0.199  0.255  0.159  0.042  0.020  0.074  0.125  0.227  0.268  0.322  0.457  0.360  0.220  0.051 -0.130 -0.250 -0.153 -0.195 -0.316 -0.346 -0.397 -0.435 -0.414 -0.379 -0.237 -0.062  0.090  0.181  0.128 -0.014 -0.085 -0.243 -0.336 -0.347 -0.315
 -0.502 -0.459 -0.348 -0.174  0.189  0.216  0.298  0.169  0.154  0.048  0.113  0.112  0.172 -0.057 -0.034 -0.245 -0.264 -0.398 -0.432 -0.282 -0.069  0.268  0.578  0.715  0.602  0.748  1.000  0.860  0.668  0.687  0.687  0.542  0.401  0.396  0.499  0.499  0.542  0.611  0.476  0.415  0.513  0.361  0.430  0.338  0.173  0.129  0.215  0.267  0.392  0.394  0.436  0.554  0.394  0.188 -0.048 -0.268 -0.416 -0.258 -0.258 -0.446 -0.470 -0.527 -0.573 -0.512 -0.431 -0.186  0.083  0.289  0.396  0.315  0.129 -0.029 -0.340 -0.573 -0.600 -0.557
 -0.470 -0.435 -0.362 -0.216  0.136  0.143  0.250  0.133  0.125  0.042  0.090  0.087  0.159 -0.067 -0.044 -0.232 -0.241 -0.343 -0.381 -0.225 -0.022  0.274  0.500  0.689  0.669  0.659  0.860  1.000  0.798  0.690  0.751  0.669  0.486  0.433  0.550  0.502  0.522  0.549  0.415  0.377  0.456  0.284  0.320  0.221  0.050  0.047  0.119  0.170  0.290  0.303  0.382  0.501  0.383  0.184 -0.021 -0.249 -0.382 -0.244 -0.274 -0.448 -0.478 -0.529 -0.569 -0.530 -0.479 -0.269 -0.011  0.180  0.312  0.242  0.071 -0.046 -0.330 -0.502 -0.524 -0.479
 -0.392 -0.324 -0.271 -0.111  0.172  0.159  0.208  0.058  0.068  0.067  0.141  0.162  0.223  0.022  0.013 -0.191 -0.244 -0.347 -0.391 -0.293 -0.142  0.117  0.298  0.454  0.522  0.644  0.668  0.798  1.000  0.827  0.711  0.768  0.669  0.518  0.535  0.408  0.343  0.353  0.205  0.205  0.308  0.154  0.199  0.112 -0.017  0.005  0.044  0.073  0.152  0.144  0.199  0.310  0.204  0.019 -0.156 -0.319 -0.413 -0.316 -0.326 -0.437 -0.448 -0.457 -0.464 -0.391 -0.364 -0.178 -0.015  0.118  0.212  0.129 -0.032 -0.095 -0.279 -0.363 -0.362 -0.320
 -0.458 -0.360 -0.246 -0.020  0.293  0.300  0.305  0.124  0.096  0.097  0.219  0.236  0.272  0.049  0.008 -0.239 -0.326 -0.461 -0.496 -0.424 -0.287 -0.027  0.205  0.362  0.325  0.514  0.687  0.690  0.827  1.000  0.865  0.790  0.761  0.726  0.715  0.634  0.511  0.488  0.348  0.363  0.468  0.280  0.312  0.238  0.086  0.071  0.135  0.146  0.226  0.169  0.186  0.270  0.136 -0.059 -0.264 -0.408 -0.494 -0.378 -0.345 -0.467 -0.466 -0.476 -0.477 -0.365 -0.301 -0.062  0.118  0.283  0.367  0.298  0.126  0.007 -0.278 -0.501 -0.524 -0.483
 -0.487 -0.407 -0.295 -0.082  0.254  0.266  0.315  0.159  0.125  0.086  0.196  0.196  0.231 -0.006 -0.046 -0.274 -0.342 -0.461 -0.485 -0.397 -0.265 -0.019  0.212  0.386  0.316  0.412  0.687  0.751  0.711  0.865  1.000  0.859  0.720  0.737  0.819  0.753  0.682  0.632  0.502  0.478  0.525  0.347  0.344  0.258  0.081  0.069  0.143  0.159  0.252  0.198  0.228  0.293  0.169 -0.017 -0.219 -0.380 -0.466 -0.337 -0.311 -0.451 -0.469 -0.497 -0.518 -0.430 -0.362 -0.126  0.089  0.280  0.391  0.340  0.171  0.044 -0.297 -0.554 -0.590 -0.548
 -0.402 -0.322 -0.252 -0.069  0.211  0.197  0.227  0.074  0.068  0.089  0.188  0.194  0.233  0.016 -0.027 -0.230 -0.299 -0.395 -0.421 -0.359 -0.262 -0.058  0.128  0.300  0.276  0.366  0.542  0.669  0.768  0.790  0.859  1.000  0.858  0.720  0.748  0.566  0.436  0.399  0.254  0.257  0.337  0.164  0.196  0.139  0.019  0.051  0.091  0.097  0.150  0.105  0.141  0.216  0.112 -0.062 -0.227 -0.357 -0.423 -0.326 -0.307 -0.410 -0.419 -0.422 -0.431 -0.352 -0.310 -0.124  0.032  0.162  0.243  0.166  0.013 -0.070 -0.286 -0.395 -0.403 -0.361
 -0.318 -0.227 -0.152  0.029  0.243  0.227  0.182  0.028  0.013  0.109  0.231  0.236  0.255  0.078  0.015 -0.181 -0.264 -0.362 -0.392 -0.369 -0.303 -0.140  0.017  0.172  0.145  0.253  0.401  0.486  0.669  0.761  0.720  0.858  1.000  0.849  0.723  0.537  0.280  0.228  0.099  0.139  0.259  0.068  0.121  0.102  0.023  0.053  0.075  0.069  0.095  0.037  0.057  0.127  0.021 -0.135 -0.273 -0.357 -0.405 -0.334 -0.300 -0.372 -0.354 -0.331 -0.315 -0.218 -0.181 -0.014  0.078  0.156  0.199  0.129  0.006 -0.072 -0.227 -0.320 -0.331 -0.300
 -0.339 -0.250 -0.143  0.056  0.268  0.270  0.213  0.067  0.024  0.130  0.273  0.262  0.256  0.083 -0.002 -0.198 -0.292 -0.401 -0.423 -0.406 -0.339 -0.174  0.004  0.143  0.081  0.179  0.396  0.433  0.518  0.726  0.737  0.720  0.849  1.000  0.883  0.762  0.481  0.373  0.271  0.297  0.385  0.174  0.197  0.170  0.062  0.058  0.100  0.099  0.145  0.071  0.074  0.120 -0.005 -0.153 -0.298 -0.371 -0.421 -0.341 -0.289 -0.370 -0.349 -0.334 -0.317 -0.210 -0.159  0.024  0.125  0.228  0.283  0.260  0.154  0.047 -0.198 -0.413 -0.454 -0.428
 -0.425 -0.346 -0.229 -0.021  0.260  0.270  0.281  0.135  0.081  0.102  0.241  0.227  0.243  0.028 -0.045 -0.254 -0.335 -0.448 -0.463 -0.414 -0.318 -0.115  0.088  0.241  0.161  0.235  0.499  0.550  0.535  0.715  0.819  0.748  0.723  0.883  1.000  0.890  0.691  0.558  0.448  0.463  0.505  0.306  0.295  0.237  0.080  0.066  0.134  0.138  0.214  0.141  0.155  0.199  0.071 -0.090 -0.265 -0.379 -0.444 -0.336 -0.291 -0.406 -0.406 -0.416 -0.421 -0.327 -0.265 -0.058  0.114  0.278  0.375  0.364  0.234  0.107 -0.244 -0.516 -0.561 -0.526
 -0.450 -0.386 -0.260 -0.069  0.222  0.265  0.302  0.198  0.112  0.052  0.173  0.150  0.154 -0.047 -0.095 -0.288 -0.350 -0.447 -0.444 -0.382 -0.279 -0.063  0.136  0.253  0.158  0.224  0.499  0.502  0.408  0.634  0.753  0.566  0.537  0.762  0.890  1.000  0.834  0.670  0.572  0.595  0.599  0.430  0.387  0.316  0.134  0.079  0.170  0.179  0.279  0.211  0.215  0.231  0.114 -0.021 -0.205 -0.326 -0.394 -0.268 -0.221 -0.354 -0.369 -0.409 -0.436 -0.357 -0.273 -0.060  0.142  0.342  0.445  0.468  0.346  0.200 -0.216 -0.567 -0.628 -0.596
 -0.461 -0.417 -0.304 -0.134  0.167  0.220  0.313  0.237  0.170  0.033  0.117  0.096  0.110 -0.088 -0.121 -0.293 -0.335 -0.422 -0.412 -0.328 -0.214  0.008  0.217  0.297  0.209  0.283  0.542  0.522  0.343  0.511  0.682  0.436  0.280  0.481  0.691  0.834  1.000  0.866  0.730  0.675  0.591  0.510  0.430  0.323  0.122  0.055  0.156  0.176  0.296  0.250  0.263  0.259  0.157  0.040 -0.141 -0.276 -0.349 -0.216 -0.180 -0.321 -0.361 -0.426 -0.472 -0.416 -0.333 -0.128  0.097  0.319  0.441  0.461  0.336  0.218 -0.202 -0.563 -0.620 -0.586
 -0.483 -0.446 -0.327 -0.164  0.144  0.208  0.334  0.265  0.226  0.034  0.092  0.075  0.089 -0.107 -0.120 -0.295 -0.333 -0.422 -0.411 -0.311 -0.184  0.057  0.292  0.360  0.257  0.354  0.611  0.549  0.353  0.488  0.632  0.399  0.228  0.373  0.558  0.670  0.866  1.000  0.841  0.645  0.618  0.563  0.486  0.357  0.150  0.072  0.178  0.207  0.336  0.305  0.310  0.309  0.199  0.084 -0.109 -0.262 -0.339 -0.192 -0.164 -0.317 -0.376 -0.457 -0.511 -0.456 -0.374 -0.154  0.085  0.319  0.431  0.438  0.292  0.162 -0.233 -0.568 -0.619 -0.582
 -0.419 -0.398 -0.289 -0.149  0.105  0.181  0.323  0.269  0.232  0.029  0.059  0.042  0.044 -0.120 -0.129 -0.266 -0.294 -0.361 -0.342 -0.252 -0.149  0.044  0.232  0.261  0.179  0.253  0.476  0.415  0.205  0.348  0.502  0.254  0.099  0.271  0.448  0.572  0.730  0.841  1.000  0.764  0.677  0.654  0.513  0.353  0.130  0.024  0.136  0.168  0.304  0.279  0.262  0.228  0.148  0.077 -0.085 -0.207 -0.262 -0.130 -0.100 -0.237 -0.303 -0.394 -0.446 -0.404 -0.331 -0.143  0.075  0.309  0.441  0.509  0.417  0.287 -0.141 -0.507 -0.597 -0.582
 -0.462 -0.437 -0.293 -0.120  0.174  0.274  0.361  0.285  0.189 -0.031  0.047  0.038  0.039 -0.155 -0.178 -0.319 -0.347 -0.413 -0.376 -0.295 -0.185  0.040  0.217  0.258  0.166  0.208  0.415  0.377  0.205  0.363  0.478  0.257  0.139  0.297  0.463  0.595  0.675  0.645  0.764  1.000  0.835  0.755  0.595  0.445  0.190  0.047  0.182  0.219  0.369  0.325  0.299  0.256  0.177  0.104 -0.081 -0.206 -0.274 -0.120 -0.069 -0.228 -0.278 -0.384 -0.445 -0.398 -0.293 -0.087  0.173  0.425  0.597  0.695  0.646  0.486 -0.078 -0.548 -0.672 -0.667
 -0.531 -0.491 -0.306 -0.097  0.251  0.365  0.431  0.329  0.232 -0.021  0.075  0.071  0.076 -0.155 -0.168 -0.357 -0.392 -0.482 -0.447 -0.358 -0.223  0.058  0.281  0.354  0.224  0.270  0.513  0.456  0.308  0.468  0.525  0.337  0.259  0.385  0.505  0.599  0.591  0.618  0.677  0.835  1.000  0.784  0.682  0.549  0.280  0.117  0.264  0.306  0.462  0.412  0.384  0.354  0.241  0.138 -0.093 -0.249 -0.336 -0.155 -0.100 -0.287 -0.333 -0.440 -0.502 -0.428 -0.294 -0.036  0.269  0.541  0.698  0.746  0.627  0.358 -0.184 -0.626 -0.740 -0.727
 -0.459 -0.417 -0.261 -0.061  0.241  0.342  0.447  0.330  0.272 -0.010  0.073  0.083  0.082 -0.121 -0.165 -0.326 -0.367 -0.438 -0.397 -0.334 -0.238 -0.015  0.192  0.183  0.091  0.199  0.361  0.284  0.154  0.280  0.347  0.164  0.068  0.174  0.306  0.430  0.510  0.563  0.654  0.755  0.784  1.000  0.813  0.588  0.297  0.069  0.211  0.258  0.436  0.399  0.307  0.202  0.112  0.075 -0.116 -0.212 -0.267 -0.116 -0.041 -0.184 -0.241 -0.364 -0.420 -0.349 -0.230 -0.002  0.269  0.544  0.704  0.791  0.615  0.429 -0.097 -0.546 -0.653 -0.650
 -0.507 -0.452 -0.274 -0.037  0.309  0.401  0.461  0.327  0.257  0.015  0.119  0.123  0.117 -0.122 -0.175 -0.365 -0.406 -0.497 -0.452 -0.382 -0.271  0.017  0.283  0.279  0.129  0.255  0.430  0.320  0.199  0.312  0.344  0.196  0.121  0.197  0.295  0.387  0.430  0.486  0.513  0.595  0.682  0.813  1.000  0.808  0.503  0.212  0.357  0.409  0.601  0.555  0.436  0.337  0.196  0.126 -0.109 -0.229 -0.314 -0.135 -0.047 -0.222 -0.258 -0.375 -0.435 -0.345 -0.198  0.065  0.386  0.666  0.733  0.697  0.482  0.225 -0.200 -0.596 -0.682 -0.668
 -0.482 -0.434 -0.239 -0.018  0.305  0.410  0.417  0.312  0.214 -0.033  0.063  0.054  0.044 -0.187 -0.236 -0.413 -0.422 -0.479 -0.401 -0.352 -0.278  0.008  0.251  0.252  0.063  0.159  0.338  0.221  0.112  0.238  0.258  0.139  0.102  0.170  0.237  0.316  0.323  0.357  0.353  0.445  0.549  0.588  0.808  1.000  0.780  0.451  0.589  0.625  0.676  0.559  0.449  0.355  0.232  0.168 -0.067 -0.172 -0.251 -0.073  0.018 -0.147 -0.159 -0.260 -0.334 -0.255 -0.072  0.170  0.494  0.734  0.678  0.587  0.390  0.078 -0.237 -0.577 -0.645 -0.629
 -0.339 -0.300 -0.158 -0.010  0.203  0.280  0.245  0.183  0.109 -0.073 -0.004 -0.011 -0.021 -0.177 -0.223 -0.358 -0.345 -0.361 -0.266 -0.261 -0.247 -0.032  0.165  0.145 -0.043  0.042  0.173  0.050 -0.017  0.086  0.081  0.019  0.023  0.062  0.080  0.134  0.122  0.150  0.130  0.190  0.280  0.297  0.503  0.780  1.000  0.704  0.636  0.626  0.517  0.465  0.364  0.266  0.162  0.132 -0.039 -0.078 -0.145 -0.020  0.075 -0.035 -0.005 -0.053 -0.142 -0.100  0.089  0.249  0.456  0.555  0.432  0.322  0.195 -0.061 -0.189 -0.388 -0.425 -0.416
 -0.236 -0.217 -0.121 -0.029  0.113  0.159  0.126  0.091  0.053 -0.070 -0.022 -0.036 -0.023 -0.135 -0.146 -0.245 -0.223 -0.233 -0.174 -0.173 -0.173 -0.025  0.113  0.132 -0.027  0.020  0.129  0.047  0.005  0.071  0.069  0.051  0.053  0.058  0.066  0.079  0.055  0.072  0.024  0.047  0.117  0.069  0.212  0.451  0.704  1.000  0.756  0.544  0.336  0.274  0.244  0.219  0.151  0.094 -0.031 -0.071 -0.117 -0.034  0.017 -0.049 -0.026 -0.048 -0.112 -0.102  0.010  0.104  0.270  0.334  0.222  0.107  0.028 -0.161 -0.198 -0.270 -0.267 -0.253
 -0.335 -0.317 -0.178 -0.062  0.147  0.215  0.207  0.163  0.097 -0.080 -0.015 -0.034 -0.024 -0.178 -0.191 -0.314 -0.286 -0.309 -0.238 -0.214 -0.187  0.017  0.186  0.204  0.019  0.074  0.215  0.119  0.044  0.135  0.143  0.091  0.075  0.100  0.134  0.170  0.156  0.178  0.136  0.182  0.264  0.211  0.357  0.589  0.636  0.756  1.000  0.739  0.518  0.355  0.304  0.292  0.220  0.153 -0.014 -0.084 -0.140 -0.022  0.034 -0.067 -0.069 -0.128 -0.204 -0.183 -0.057  0.070  0.290  0.427  0.349  0.244  0.138 -0.099 -0.230 -0.390 -0.405 -0.390
 -0.379 -0.360 -0.221 -0.088  0.140  0.197  0.179  0.132  0.094 -0.025  0.008 -0.016 -0.026 -0.196 -0.213 -0.340 -0.316 -0.351 -0.281 -0.228 -0.171  0.076  0.277  0.284  0.091  0.125  0.267  0.170  0.073  0.146  0.159  0.097  0.069  0.099  0.138  0.179  0.176  0.207  0.168  0.219  0.306  0.258  0.409  0.625  0.626  0.544  0.739  1.000  0.762  0.554  0.431  0.395  0.272  0.203  0.010 -0.085 -0.165 -0.018  0.050 -0.089 -0.101 -0.177 -0.263 -0.234 -0.102  0.057  0.276  0.389  0.353  0.279  0.181 -0.063 -0.207 -0.404 -0.453 -0.439
 -0.490 -0.469 -0.303 -0.134  0.173  0.247  0.247  0.186  0.155  0.013  0.054  0.012 -0.008 -0.228 -0.248 -0.396 -0.379 -0.427 -0.343 -0.252 -0.152  0.169  0.415  0.403  0.198  0.227  0.392  0.290  0.152  0.226  0.252  0.150  0.095  0.145  0.214  0.279  0.296  0.336  0.304  0.369  0.462  0.436  0.601  0.676  0.517  0.336  0.518  0.762  1.000  0.787  0.611  0.529  0.369  0.311  0.071 -0.071 -0.175  0.030  0.105 -0.098 -0.147 -0.286 -0.394 -0.353 -0.194  0.020  0.296  0.465  0.484  0.434  0.298  0.025 -0.228 -0.528 -0.593 -0.577
 -0.476 -0.475 -0.340 -0.227  0.066  0.142  0.157  0.137  0.111 -0.039 -0.025 -0.082 -0.101 -0.300 -0.293 -0.406 -0.358 -0.378 -0.279 -0.161 -0.047  0.305  0.530  0.488  0.287  0.268  0.394  0.303  0.144  0.169  0.198  0.105  0.037  0.071  0.141  0.211  0.250  0.305  0.279  0.325  0.412  0.399  0.555  0.559  0.465  0.274  0.355  0.554  0.787  1.000  0.831  0.666  0.482  0.459  0.208  0.041 -0.082  0.143  0.207 -0.025 -0.087 -0.248 -0.396 -0.388 -0.217 -0.033  0.236  0.356  0.397  0.367  0.260 -0.003 -0.207 -0.461 -0.531 -0.516
 -0.496 -0.539 -0.405 -0.339 -0.015  0.068  0.104  0.140  0.096 -0.081 -0.096 -0.184 -0.189 -0.396 -0.339 -0.426 -0.320 -0.315 -0.202 -0.042  0.099  0.485  0.648  0.622  0.427  0.322  0.436  0.382  0.199  0.186  0.228  0.141  0.057  0.074  0.155  0.215  0.263  0.310  0.262  0.299  0.384  0.307  0.436  0.449  0.364  0.244  0.304  0.431  0.611  0.831  1.000  0.855  0.710  0.664  0.390  0.151  0.009  0.261  0.256 -0.010 -0.097 -0.277 -0.451 -0.485 -0.296 -0.134  0.163  0.278  0.334  0.296  0.213 -0.061 -0.232 -0.447 -0.515 -0.495
 -0.471 -0.529 -0.423 -0.371 -0.038  0.035  0.094  0.126  0.086 -0.073 -0.090 -0.175 -0.149 -0.354 -0.264 -0.351 -0.233 -0.246 -0.179  0.012  0.207  0.611  0.766  0.781  0.591  0.457  0.554  0.501  0.310  0.270  0.293  0.216  0.127  0.120  0.199  0.231  0.259  0.309  0.228  0.256  0.354  0.202  0.337  0.355  0.266  0.219  0.292  0.395  0.529  0.666  0.855  1.000  0.836  0.687  0.414  0.123 -0.047  0.182  0.113 -0.147 -0.217 -0.359 -0.498 -0.536 -0.385 -0.229  0.069  0.204  0.275  0.211  0.119 -0.129 -0.287 -0.448 -0.493 -0.463
 -0.381 -0.489 -0.419 -0.461 -0.184 -0.111 -0.018  0.096  0.042 -0.159 -0.227 -0.340 -0.308 -0.463 -0.319 -0.335 -0.150 -0.084  0.018  0.221  0.370  0.698  0.678  0.691  0.557  0.360  0.394  0.383  0.204  0.136  0.169  0.112  0.021 -0.005  0.071  0.114  0.157  0.199  0.148  0.177  0.241  0.112  0.196  0.232  0.162  0.151  0.220  0.272  0.369  0.482  0.710  0.836  1.000  0.848  0.611  0.318  0.190  0.390  0.252  0.029 -0.078 -0.242 -0.404 -0.504 -0.363 -0.298 -0.024  0.080  0.144  0.096  0.055 -0.166 -0.235 -0.309 -0.345 -0.322
 -0.287 -0.432 -0.392 -0.502 -0.303 -0.222 -0.126  0.048 -0.008 -0.223 -0.330 -0.462 -0.451 -0.553 -0.404 -0.334 -0.104  0.035  0.193  0.393  0.488  0.745  0.618  0.529  0.432  0.220  0.188  0.184  0.019 -0.059 -0.017 -0.062 -0.135 -0.153 -0.090 -0.021  0.040  0.084  0.077  0.104  0.138  0.075  0.126  0.168  0.132  0.094  0.153  0.203  0.311  0.459  0.664  0.687  0.848  1.000  0.822  0.550  0.439  0.627  0.463  0.256  0.121 -0.082 -0.271 -0.410 -0.266 -0.282 -0.063 -0.001  0.045  0.038  0.056 -0.149 -0.140 -0.180 -0.228 -0.220
 -0.046 -0.217 -0.275 -0.477 -0.430 -0.377 -0.282 -0.064 -0.110 -0.249 -0.396 -0.521 -0.512 -0.504 -0.345 -0.161  0.098  0.298  0.469  0.635  0.650  0.692  0.437  0.317  0.305  0.051 -0.048 -0.021 -0.156 -0.264 -0.219 -0.227 -0.273 -0.298 -0.265 -0.205 -0.141 -0.109 -0.085 -0.081 -0.093 -0.116 -0.109 -0.067 -0.039 -0.031 -0.014  0.010  0.071  0.208  0.390  0.414  0.611  0.822  1.000  0.798  0.682  0.750  0.549  0.434  0.310  0.111 -0.055 -0.233 -0.141 -0.281 -0.196 -0.205 -0.183 -0.155 -0.063 -0.165 -0.024  0.054  0.021  0.014
  0.135 -0.003 -0.114 -0.335 -0.438 -0.403 -0.350 -0.149 -0.183 -0.233 -0.376 -0.475 -0.487 -0.396 -0.283 -0.061  0.169  0.393  0.605  0.626  0.531  0.437  0.191  0.031  0.054 -0.130 -0.268 -0.249 -0.319 -0.408 -0.380 -0.357 -0.357 -0.371 -0.379 -0.326 -0.276 -0.262 -0.207 -0.206 -0.249 -0.212 -0.229 -0.172 -0.078 -0.071 -0.084 -0.085 -0.071  0.041  0.151  0.123  0.318  0.550  0.798  1.000  0.831  0.749  0.664  0.643  0.586  0.358  0.197  0.014  0.072 -0.149 -0.199 -0.268 -0.298 -0.239 -0.103 -0.133  0.078  0.202  0.177  0.155
  0.225  0.073 -0.041 -0.307 -0.483 -0.464 -0.414 -0.181 -0.215 -0.251 -0.408 -0.515 -0.536 -0.397 -0.290 -0.026  0.183  0.453  0.671  0.681  0.487  0.318  0.017 -0.138 -0.082 -0.250 -0.416 -0.382 -0.413 -0.494 -0.466 -0.423 -0.405 -0.421 -0.444 -0.394 -0.349 -0.339 -0.262 -0.274 -0.336 -0.267 -0.314 -0.251 -0.145 -0.117 -0.140 -0.165 -0.175 -0.082  0.009 -0.047  0.190  0.439  0.682  0.831  1.000  0.857  0.702  0.756  0.609  0.426  0.298  0.112  0.145 -0.126 -0.222 -0.333 -0.378 -0.307 -0.131 -0.122  0.162  0.333  0.316  0.284
  0.013 -0.145 -0.154 -0.370 -0.431 -0.379 -0.323 -0.095 -0.138 -0.268 -0.407 -0.530 -0.561 -0.510 -0.406 -0.213  0.003  0.257  0.494  0.562  0.412  0.403  0.171  0.029  0.014 -0.153 -0.258 -0.244 -0.316 -0.378 -0.337 -0.326 -0.334 -0.341 -0.336 -0.268 -0.216 -0.192 -0.130 -0.120 -0.155 -0.116 -0.135 -0.073 -0.020 -0.034 -0.022 -0.018  0.030  0.143  0.261  0.182  0.390  0.627  0.750  0.749  0.857  1.000  0.839  0.728  0.521  0.294  0.134 -0.038  0.049 -0.138 -0.124 -0.192 -0.213 -0.158 -0.015 -0.107  0.085  0.147  0.114  0.095
 -0.020 -0.123 -0.096 -0.259 -0.331 -0.270 -0.250 -0.079 -0.126 -0.234 -0.339 -0.437 -0.481 -0.442 -0.390 -0.260 -0.091  0.131  0.360  0.382  0.213  0.218  0.086 -0.053 -0.102 -0.195 -0.258 -0.274 -0.326 -0.345 -0.311 -0.307 -0.300 -0.289 -0.291 -0.221 -0.180 -0.164 -0.100 -0.069 -0.100 -0.041 -0.047  0.018  0.075  0.017  0.034  0.050  0.105  0.207  0.256  0.113  0.252  0.463  0.549  0.664  0.702  0.839  1.000  0.819  0.672  0.389  0.206  0.047  0.146 -0.020 -0.024 -0.085 -0.125 -0.064  0.062 -0.046  0.088  0.085  0.041  0.021
  0.187  0.094  0.045 -0.168 -0.368 -0.340 -0.340 -0.159 -0.187 -0.226 -0.339 -0.421 -0.463 -0.338 -0.291 -0.111  0.025  0.263  0.466  0.432  0.206  0.087 -0.113 -0.267 -0.248 -0.316 -0.446 -0.448 -0.437 -0.467 -0.451 -0.410 -0.372 -0.370 -0.406 -0.354 -0.321 -0.317 -0.237 -0.228 -0.287 -0.184 -0.222 -0.147 -0.035 -0.049 -0.067 -0.089 -0.098 -0.025 -0.010 -0.147  0.029  0.256  0.434  0.643  0.756  0.728  0.819  1.000  0.823  0.566  0.409  0.240  0.283  0.034 -0.083 -0.206 -0.281 -0.214 -0.052 -0.065  0.173  0.278  0.260  0.229
  0.266  0.221  0.134 -0.070 -0.310 -0.299 -0.333 -0.191 -0.226 -0.192 -0.290 -0.351 -0.386 -0.232 -0.196 -0.018  0.085  0.269  0.423  0.342  0.142 -0.011 -0.184 -0.320 -0.298 -0.346 -0.470 -0.478 -0.448 -0.466 -0.469 -0.419 -0.354 -0.349 -0.406 -0.369 -0.361 -0.376 -0.303 -0.278 -0.333 -0.241 -0.258 -0.159 -0.005 -0.026 -0.069 -0.101 -0.147 -0.087 -0.097 -0.217 -0.078  0.121  0.310  0.586  0.609  0.521  0.672  0.823  1.000  0.777  0.567  0.373  0.428  0.132 -0.043 -0.186 -0.290 -0.225 -0.066 -0.056  0.179  0.300  0.283  0.250
  0.457  0.416  0.293  0.054 -0.276 -0.303 -0.367 -0.257 -0.276 -0.158 -0.244 -0.266 -0.290 -0.072 -0.039  0.160  0.203  0.326  0.389  0.253  0.071 -0.148 -0.316 -0.419 -0.367 -0.397 -0.527 -0.529 -0.457 -0.476 -0.497 -0.422 -0.331 -0.334 -0.416 -0.409 -0.426 -0.457 -0.394 -0.384 -0.440 -0.364 -0.375 -0.260 -0.053 -0.048 -0.128 -0.177 -0.286 -0.248 -0.277 -0.359 -0.242 -0.082  0.111  0.358  0.426  0.294  0.389  0.566  0.777  1.000  0.782  0.555  0.559  0.212 -0.064 -0.256 -0.383 -0.326 -0.152 -0.071  0.228  0.411  0.415  0.378
  0.635  0.610  0.494  0.258 -0.180 -0.237 -0.347 -0.293 -0.288 -0.129 -0.184 -0.156 -0.155  0.131  0.167  0.383  0.354  0.398  0.357  0.187  0.028 -0.263 -0.431 -0.514 -0.427 -0.435 -0.573 -0.569 -0.464 -0.477 -0.518 -0.431 -0.315 -0.317 -0.421 -0.436 -0.472 -0.511 -0.446 -0.445 -0.502 -0.420 -0.435 -0.334 -0.142 -0.112 -0.204 -0.263 -0.394 -0.396 -0.451 -0.498 -0.404 -0.271 -0.055  0.197  0.298  0.134  0.206  0.409  0.567  0.782  1.000  0.815  0.630  0.320 -0.045 -0.271 -0.410 -0.359 -0.189 -0.051  0.269  0.456  0.477  0.443
  0.550  0.633  0.596  0.488  0.041 -0.033 -0.225 -0.263 -0.240 -0.061 -0.047  0.043  0.040  0.311  0.273  0.368  0.248  0.236  0.187 -0.007 -0.146 -0.405 -0.488 -0.551 -0.481 -0.414 -0.512 -0.530 -0.391 -0.365 -0.430 -0.352 -0.218 -0.210 -0.327 -0.357 -0.416 -0.456 -0.404 -0.398 -0.428 -0.349 -0.345 -0.255 -0.100 -0.102 -0.183 -0.234 -0.353 -0.388 -0.485 -0.536 -0.504 -0.410 -0.233  0.014  0.112 -0.038  0.047  0.240  0.373  0.555  0.815  1.000  0.784  0.529  0.126 -0.129 -0.291 -0.261 -0.139 -0.014  0.246  0.361  0.391  0.363
  0.318  0.388  0.467  0.451  0.134  0.093 -0.132 -0.165 -0.186 -0.080 -0.041  0.029  0.001  0.169  0.093  0.106  0.059  0.079  0.122 -0.045 -0.196 -0.352 -0.386 -0.458 -0.457 -0.379 -0.431 -0.479 -0.364 -0.301 -0.362 -0.310 -0.181 -0.159 -0.265 -0.273 -0.333 -0.374 -0.331 -0.293 -0.294 -0.230 -0.198 -0.072  0.089  0.010 -0.057 -0.102 -0.194 -0.217 -0.296 -0.385 -0.363 -0.266 -0.141  0.072  0.145  0.049  0.146  0.283  0.428  0.559  0.630  0.784  1.000  0.698  0.341  0.063 -0.122 -0.122 -0.033 -0.019  0.187  0.212  0.216  0.187
  0.074  0.183  0.411  0.629  0.458  0.450  0.136 -0.009 -0.045 -0.018  0.110  0.218  0.193  0.258  0.133  0.004 -0.104 -0.177 -0.147 -0.292 -0.361 -0.387 -0.283 -0.309 -0.374 -0.237 -0.186 -0.269 -0.178 -0.062 -0.126 -0.124 -0.014  0.024 -0.058 -0.060 -0.128 -0.154 -0.143 -0.087 -0.036 -0.002  0.065  0.170  0.249  0.104  0.070  0.057  0.020 -0.033 -0.134 -0.229 -0.298 -0.282 -0.281 -0.149 -0.126 -0.138 -0.020  0.034  0.132  0.212  0.320  0.529  0.698  1.000  0.704  0.363  0.170  0.121  0.104  0.025  0.057 -0.078 -0.079 -0.085
 -0.226 -0.123  0.173  0.450  0.605  0.602  0.347  0.200  0.099 -0.048  0.108  0.188  0.186  0.073 -0.008 -0.207 -0.283 -0.361 -0.312 -0.357 -0.353 -0.216 -0.041 -0.028 -0.171 -0.062  0.083 -0.011 -0.015  0.118  0.089  0.032  0.078  0.125  0.114  0.142  0.097  0.085  0.075  0.173  0.269  0.269  0.386  0.494  0.456  0.270  0.290  0.276  0.296  0.236  0.163  0.069 -0.024 -0.063 -0.196 -0.199 -0.222 -0.124 -0.024 -0.083 -0.043 -0.064 -0.045  0.126  0.341  0.704  1.000  0.706  0.518  0.392  0.272  0.043 -0.094 -0.370 -0.402 -0.392
 -0.427 -0.333 -0.091  0.202  0.526  0.641  0.608  0.451  0.295 -0.037  0.142  0.204  0.202 -0.025 -0.121 -0.336 -0.394 -0.492 -0.442 -0.441 -0.374 -0.140  0.105  0.138 -0.032  0.090  0.289  0.180  0.118  0.283  0.280  0.162  0.156  0.228  0.278  0.342  0.319  0.319  0.309  0.425  0.541  0.544  0.666  0.734  0.555  0.334  0.427  0.389  0.465  0.356  0.278  0.204  0.080 -0.001 -0.205 -0.268 -0.333 -0.192 -0.085 -0.206 -0.186 -0.256 -0.271 -0.129  0.063  0.363  0.706  1.000  0.838  0.649  0.410  0.102 -0.242 -0.594 -0.637 -0.616
 -0.505 -0.424 -0.197  0.096  0.494  0.610  0.622  0.449  0.309 -0.009  0.161  0.199  0.223 -0.043 -0.129 -0.349 -0.406 -0.520 -0.488 -0.441 -0.329 -0.062  0.186  0.240  0.086  0.181  0.396  0.312  0.212  0.367  0.391  0.243  0.199  0.283  0.375  0.445  0.441  0.431  0.441  0.597  0.698  0.704  0.733  0.678  0.432  0.222  0.349  0.353  0.484  0.397  0.334  0.275  0.144  0.045 -0.183 -0.298 -0.378 -0.213 -0.125 -0.281 -0.290 -0.383 -0.410 -0.291 -0.122  0.170  0.518  0.838  1.000  0.826  0.563  0.247 -0.219 -0.646 -0.719 -0.701
 -0.442 -0.377 -0.182  0.057  0.363  0.478  0.482  0.313  0.204 -0.017  0.110  0.134  0.148 -0.064 -0.136 -0.317 -0.371 -0.462 -0.424 -0.387 -0.286 -0.056  0.151  0.170  0.053  0.128  0.315  0.242  0.129  0.298  0.340  0.166  0.129  0.260  0.364  0.468  0.461  0.438  0.509  0.695  0.746  0.791  0.697  0.587  0.322  0.107  0.244  0.279  0.434  0.367  0.296  0.211  0.096  0.038 -0.155 -0.239 -0.307 -0.158 -0.064 -0.214 -0.225 -0.326 -0.359 -0.261 -0.122  0.121  0.392  0.649  0.826  1.000  0.777  0.473 -0.057 -0.571 -0.688 -0.684
 -0.286 -0.270 -0.110  0.020  0.182  0.283  0.237  0.182  0.045 -0.070 -0.000 -0.016 -0.039 -0.142 -0.182 -0.267 -0.287 -0.316 -0.255 -0.237 -0.194 -0.048  0.065  0.047 -0.041 -0.014  0.129  0.071 -0.032  0.126  0.171  0.013  0.006  0.154  0.234  0.346  0.336  0.292  0.417  0.646  0.627  0.615  0.482  0.390  0.195  0.028  0.138  0.181  0.298  0.260  0.213  0.119  0.055  0.056 -0.063 -0.103 -0.131 -0.015  0.062 -0.052 -0.066 -0.152 -0.189 -0.139 -0.033  0.104  0.272  0.410  0.563  0.777  1.000  0.749  0.272 -0.359 -0.537 -0.567
 -0.069 -0.051  0.000  0.066  0.060  0.095  0.079  0.026 -0.030 -0.016  0.015  0.031  0.012  0.018 -0.036 -0.052 -0.112 -0.144 -0.151 -0.167 -0.150 -0.151 -0.111 -0.133 -0.118 -0.085 -0.029 -0.046 -0.095  0.007  0.044 -0.070 -0.072  0.047  0.107  0.200  0.218  0.162  0.287  0.486  0.358  0.429  0.225  0.078 -0.061 -0.161 -0.099 -0.063  0.025 -0.003 -0.061 -0.129 -0.166 -0.149 -0.165 -0.133 -0.122 -0.107 -0.046 -0.065 -0.056 -0.071 -0.051 -0.014 -0.019  0.025  0.043  0.102  0.247  0.473  0.749  1.000  0.533 -0.077 -0.256 -0.309
  0.250  0.217  0.175  0.079 -0.133 -0.161 -0.266 -0.220 -0.221 -0.093 -0.123 -0.104 -0.134  0.021  0.010  0.125  0.113  0.165  0.164  0.112  0.021 -0.126 -0.243 -0.323 -0.233 -0.243 -0.340 -0.330 -0.279 -0.278 -0.297 -0.286 -0.227 -0.198 -0.244 -0.216 -0.202 -0.233 -0.141 -0.078 -0.184 -0.097 -0.200 -0.237 -0.189 -0.198 -0.230 -0.207 -0.228 -0.207 -0.232 -0.287 -0.235 -0.140 -0.024  0.078  0.162  0.085  0.088  0.173  0.179  0.228  0.269  0.246  0.187  0.057 -0.094 -0.242 -0.219 -0.057  0.272  0.533  1.000  0.376  0.193  0.099
  0.510  0.443  0.228 -0.026 -0.391 -0.473 -0.528 -0.438 -0.392 -0.114 -0.252 -0.225 -0.225  0.035  0.081  0.298  0.341  0.455  0.424  0.352  0.201 -0.105 -0.362 -0.436 -0.269 -0.336 -0.573 -0.502 -0.363 -0.501 -0.554 -0.395 -0.320 -0.413 -0.516 -0.567 -0.563 -0.568 -0.507 -0.548 -0.626 -0.546 -0.596 -0.577 -0.388 -0.270 -0.390 -0.404 -0.528 -0.461 -0.447 -0.448 -0.309 -0.180  0.054  0.202  0.333  0.147  0.085  0.278  0.300  0.411  0.456  0.361  0.212 -0.078 -0.370 -0.594 -0.646 -0.571 -0.359 -0.077  0.376  1.000  0.829  0.671
  0.552  0.489  0.257 -0.008 -0.400 -0.491 -0.523 -0.433 -0.366 -0.117 -0.253 -0.208 -0.203  0.074  0.121  0.342  0.367  0.484  0.442  0.354  0.195 -0.137 -0.406 -0.463 -0.288 -0.347 -0.600 -0.524 -0.362 -0.524 -0.590 -0.403 -0.331 -0.454 -0.561 -0.628 -0.620 -0.619 -0.597 -0.672 -0.740 -0.653 -0.682 -0.645 -0.425 -0.267 -0.405 -0.453 -0.593 -0.531 -0.515 -0.493 -0.345 -0.228  0.021  0.177  0.316  0.114  0.041  0.260  0.283  0.415  0.477  0.391  0.216 -0.079 -0.402 -0.637 -0.719 -0.688 -0.537 -0.256  0.193  0.829  1.000  0.902
