  1.000  0.758  0.463  0.133 -0.242 -0.319 -0.346 -0.283 -0.269 -0.123 -0.208 -0.182 -0.131  0.172  0.275  0.605  0.620  0.607  0.444  0.312  0.245 -0.081 -0.305 -0.364 -0.237 -0.319 -0.465 -0.444 -0.404 -0.456 -0.470 -0.411 -0.343 -0.346 -0.413 -0.419 -0.416 -0.429 -0.346 -0.391 -0.466 -0.394 -0.455 -0.441 -0.333 -0.244 -0.320 -0.346 -0.440 -0.424 -0.433 -0.406 -0.309 -0.215  0.006  0.143  0.225  0.045 -0.004  0.173  0.231  0.408  0.587  0.479  0.240 -0.004 -0.247 -0.403 -0.459 -0.390 -0.227 -0.014  0.255  0.479  0.499  0.456
  0.758  1.000  0.639  0.338 -0.037 -0.146 -0.224 -0.252 -0.223 -0.042 -0.087 -0.000  0.059  0.361  0.463  0.614  0.462  0.419  0.258  0.120  0.050 -0.250 -0.375 -0.408 -0.304 -0.302 -0.400 -0.393 -0.323 -0.339 -0.371 -0.318 -0.242 -0.244 -0.318 -0.338 -0.354 -0.370 -0.302 -0.340 -0.394 -0.319 -0.367 -0.361 -0.265 -0.208 -0.279 -0.304 -0.392 -0.399 -0.464 -0.459 -0.422 -0.370 -0.175 -0.003  0.059 -0.125 -0.111  0.071  0.184  0.359  0.555  0.578  0.327  0.130 -0.113 -0.275 -0.343 -0.294 -0.193  0.007  0.207  0.380  0.393  0.351
  0.463  0.639  1.000  0.666  0.280  0.165 -0.020 -0.125 -0.143 -0.101  0.003  0.168  0.253  0.501  0.530  0.435  0.292  0.141  0.021 -0.111 -0.138 -0.325 -0.339 -0.335 -0.321 -0.263 -0.261 -0.289 -0.228 -0.181 -0.217 -0.204 -0.122 -0.096 -0.159 -0.177 -0.214 -0.230 -0.181 -0.177 -0.182 -0.149 -0.167 -0.147 -0.114 -0.103 -0.130 -0.160 -0.216 -0.261 -0.327 -0.349 -0.361 -0.351 -0.265 -0.144 -0.090 -0.165 -0.108 -0.006  0.071  0.213  0.420  0.543  0.422  0.392  0.208 -0.009 -0.087 -0.077 -0.030  0.039  0.136  0.137  0.128  0.100
  0.133  0.338  0.666  1.000  0.698  0.552  0.294  0.045  0.040  0.077  0.290  0.502  0.555  0.641  0.485  0.256  0.041 -0.163 -0.271 -0.398 -0.384 -0.459 -0.310 -0.266 -0.307 -0.155 -0.059 -0.116 -0.040  0.074  0.027  0.005  0.081  0.122  0.070  0.035 -0.024 -0.047 -0.026  0.019  0.057  0.083  0.104  0.107  0.066  0.010  0.007 -0.005 -0.023 -0.126 -0.246 -0.284 -0.401 -0.464 -0.470 -0.363 -0.362 -0.388 -0.272 -0.222 -0.133 -0.037  0.165  0.431  0.421  0.637  0.510  0.315  0.239  0.189  0.110  0.092  0.017 -0.153 -0.180 -0.199
 -0.242 -0.037  0.280  0.698  1.000  0.833  0.566  0.274  0.199  0.145  0.411  0.597  0.664  0.475  0.325 -0.005 -0.191 -0.397 -0.464 -0.517 -0.441 -0.340 -0.085  0.000 -0.105  0.065  0.240  0.179  0.213  0.342  0.306  0.249  0.276  0.303  0.301  0.268  0.211  0.191  0.154  0.238  0.327  0.314  0.386  0.379  0.262  0.149  0.193  0.187  0.231  0.113  0.017 -0.012 -0.177 -0.306 -0.437 -0.440 -0.501 -0.443 -0.331 -0.380 -0.317 -0.297 -0.203  0.047  0.162  0.503  0.649  0.590  0.567  0.432  0.224  0.054 -0.176 -0.462 -0.499 -0.492
 -0.319 -0.146  0.165  0.552  0.833  1.000  0.689  0.407  0.291  0.118  0.372  0.538  0.553  0.352  0.197 -0.095 -0.252 -0.444 -0.481 -0.526 -0.433 -0.291 -0.029  0.040 -0.076  0.087  0.261  0.187  0.210  0.354  0.320  0.245  0.272  0.313  0.314  0.307  0.257  0.245  0.213  0.321  0.424  0.395  0.457  0.462  0.323  0.186  0.247  0.225  0.282  0.167  0.082  0.045 -0.118 -0.238 -0.391 -0.405 -0.480 -0.398 -0.280 -0.353 -0.302 -0.312 -0.241 -0.010  0.132  0.500  0.641  0.687  0.665  0.528  0.303  0.070 -0.209 -0.532 -0.577 -0.569
 -0.346 -0.224 -0.020  0.294  0.566  0.689  1.000  0.717  0.496  0.062  0.292  0.385  0.423  0.218  0.078 -0.144 -0.259 -0.406 -0.433 -0.443 -0.343 -0.207  0.017  0.088 -0.003  0.135  0.296  0.244  0.225  0.328  0.327  0.244  0.212  0.241  0.296  0.309  0.308  0.324  0.308  0.361  0.443  0.460  0.479  0.443  0.280  0.153  0.229  0.188  0.246  0.142  0.068  0.053 -0.075 -0.187 -0.327 -0.361 -0.429 -0.357 -0.267 -0.341 -0.314 -0.340 -0.309 -0.157 -0.053  0.227  0.407  0.644  0.651  0.505  0.240  0.051 -0.289 -0.557 -0.564 -0.543
 -0.283 -0.252 -0.125  0.045  0.274  0.407  0.717  1.000  0.681  0.045  0.208  0.169  0.122 -0.022 -0.089 -0.170 -0.193 -0.256 -0.247 -0.227 -0.159 -0.057  0.043  0.084  0.019  0.063  0.172  0.141  0.092  0.161  0.185  0.109  0.076  0.111  0.166  0.216  0.241  0.262  0.256  0.282  0.333  0.327  0.327  0.312  0.187  0.095  0.159  0.114  0.160  0.097  0.087  0.079  0.039 -0.019 -0.121 -0.179 -0.215 -0.150 -0.120 -0.184 -0.195 -0.244 -0.263 -0.208 -0.110  0.062  0.242  0.475  0.471  0.326  0.179 -0.003 -0.242 -0.459 -0.461 -0.437
 -0.269 -0.223 -0.143  0.040  0.199  0.291  0.496  0.681  1.000  0.338  0.355  0.305  0.203  0.061 -0.036 -0.119 -0.189 -0.253 -0.254 -0.235 -0.177 -0.073  0.037  0.071  0.023  0.078  0.158  0.128  0.089  0.122  0.140  0.088  0.044  0.053  0.099  0.123  0.170  0.223  0.223  0.190  0.240  0.281  0.269  0.229  0.129  0.069  0.108  0.093  0.149  0.092  0.063  0.053 -0.000 -0.054 -0.146 -0.196 -0.232 -0.170 -0.145 -0.196 -0.219 -0.260 -0.262 -0.191 -0.131  0.026  0.149  0.332  0.341  0.225  0.051 -0.051 -0.240 -0.420 -0.404 -0.379
 -0.123 -0.042 -0.101  0.077  0.145  0.118  0.062  0.045  0.338  1.000  0.664  0.433  0.246  0.149  0.046  0.001 -0.085 -0.133 -0.184 -0.193 -0.168 -0.150 -0.056 -0.022 -0.033  0.024  0.076  0.064  0.078  0.107  0.099  0.092  0.104  0.126  0.106  0.063  0.050  0.059  0.057 -0.006  0.010  0.029  0.059  0.013 -0.033 -0.042 -0.048  0.013  0.060  0.008 -0.040 -0.038 -0.127 -0.187 -0.215 -0.204 -0.229 -0.238 -0.204 -0.210 -0.179 -0.162 -0.147 -0.077 -0.077 -0.005 -0.016  0.002  0.029  0.013 -0.055 -0.019 -0.116 -0.160 -0.176 -0.172
 -0.208 -0.087  0.003  0.290  0.411  0.372  0.292  0.208  0.355  0.664  1.000  0.768  0.564  0.371  0.167 -0.003 -0.148 -0.289 -0.346 -0.383 -0.335 -0.280 -0.088 -0.028 -0.085  0.042  0.157  0.124  0.163  0.247  0.228  0.205  0.239  0.285  0.263  0.204  0.152  0.134  0.105  0.100  0.139  0.141  0.192  0.135  0.057  0.016  0.035  0.062  0.120  0.033 -0.049 -0.051 -0.201 -0.305 -0.375 -0.358 -0.401 -0.390 -0.316 -0.333 -0.286 -0.261 -0.211 -0.060 -0.028  0.145  0.164  0.211  0.231  0.171  0.043  0.023 -0.149 -0.323 -0.346 -0.340
 -0.182 -0.000  0.168  0.502  0.597  0.538  0.385  0.169  0.305  0.433  0.768  1.000  0.803  0.608  0.346  0.088 -0.123 -0.334 -0.426 -0.487 -0.414 -0.375 -0.135 -0.060 -0.111  0.052  0.177  0.137  0.192  0.277  0.243  0.218  0.249  0.281  0.260  0.197  0.149  0.138  0.112  0.120  0.168  0.187  0.230  0.160  0.075  0.018  0.037  0.061  0.106  0.004 -0.114 -0.117 -0.300 -0.426 -0.495 -0.458 -0.515 -0.512 -0.412 -0.419 -0.355 -0.300 -0.203  0.019  0.039  0.259  0.263  0.300  0.301  0.226  0.046  0.044 -0.143 -0.323 -0.338 -0.334
 -0.131  0.059  0.253  0.555  0.664  0.553  0.423  0.122  0.203  0.246  0.564  0.803  1.000  0.777  0.513  0.191 -0.037 -0.288 -0.411 -0.474 -0.387 -0.351 -0.111 -0.013 -0.061  0.098  0.218  0.185  0.229  0.295  0.257  0.235  0.251  0.262  0.257  0.186  0.148  0.138  0.103  0.114  0.164  0.182  0.223  0.155  0.075  0.038  0.055  0.060  0.088 -0.016 -0.125 -0.104 -0.280 -0.425 -0.495 -0.470 -0.533 -0.539 -0.446 -0.449 -0.378 -0.311 -0.189  0.032  0.028  0.250  0.270  0.303  0.323  0.241  0.033  0.040 -0.154 -0.318 -0.324 -0.316
  0.172  0.361  0.501  0.641  0.475  0.352  0.218 -0.022  0.061  0.149  0.371  0.608  0.777  1.000  0.742  0.450  0.194 -0.062 -0.224 -0.335 -0.286 -0.387 -0.242 -0.175 -0.172 -0.041  0.017 -0.016  0.039  0.090  0.044  0.029  0.077  0.101  0.064  0.012 -0.018 -0.023 -0.020 -0.043 -0.031  0.012  0.007 -0.065 -0.088 -0.086 -0.100 -0.103 -0.114 -0.198 -0.311 -0.283 -0.411 -0.509 -0.481 -0.395 -0.414 -0.495 -0.421 -0.352 -0.259 -0.133  0.061  0.266  0.153  0.279  0.145  0.087  0.081  0.056 -0.042  0.076  0.002 -0.076 -0.075 -0.086
  0.275  0.463  0.530  0.485  0.325  0.197  0.078 -0.089 -0.036  0.046  0.167  0.346  0.513  0.742  1.000  0.660  0.375  0.109 -0.088 -0.176 -0.106 -0.226 -0.159 -0.100 -0.089 -0.002  0.012 -0.021  0.002  0.023 -0.025 -0.037 -0.001  0.001 -0.030 -0.059 -0.076 -0.061 -0.052 -0.090 -0.072 -0.061 -0.076 -0.137 -0.150 -0.105 -0.123 -0.136 -0.157 -0.211 -0.272 -0.210 -0.280 -0.368 -0.327 -0.282 -0.302 -0.390 -0.367 -0.297 -0.214 -0.083  0.118  0.240  0.082  0.151  0.052 -0.029 -0.031 -0.039 -0.089  0.030  0.013 -0.003  0.010  0.002
  0.605  0.614  0.435  0.256 -0.005 -0.095 -0.144 -0.170 -0.119  0.001 -0.003  0.088  0.191  0.450  0.660  1.000  0.692  0.447  0.232  0.139  0.164 -0.094 -0.198 -0.200 -0.128 -0.155 -0.214 -0.223 -0.222 -0.246 -0.272 -0.259 -0.217 -0.213 -0.255 -0.266 -0.259 -0.247 -0.195 -0.243 -0.280 -0.240 -0.289 -0.342 -0.314 -0.224 -0.268 -0.280 -0.320 -0.336 -0.363 -0.294 -0.284 -0.280 -0.125 -0.053 -0.025 -0.183 -0.235 -0.116 -0.039  0.117  0.338  0.318  0.060 -0.024 -0.185 -0.275 -0.277 -0.241 -0.183  0.022  0.142  0.241  0.264  0.243
  0.620  0.462  0.292  0.041 -0.191 -0.252 -0.259 -0.193 -0.189 -0.085 -0.148 -0.123 -0.037  0.194  0.375  0.692  1.000  0.764  0.482  0.381  0.443  0.127 -0.083 -0.109 -0.033 -0.157 -0.255 -0.249 -0.283 -0.345 -0.355 -0.333 -0.301 -0.313 -0.348 -0.345 -0.321 -0.311 -0.254 -0.304 -0.352 -0.321 -0.368 -0.384 -0.324 -0.214 -0.261 -0.281 -0.336 -0.318 -0.278 -0.191 -0.104 -0.054  0.134  0.180  0.190  0.033 -0.070  0.025  0.071  0.172  0.318  0.198  0.014 -0.141 -0.281 -0.363 -0.368 -0.327 -0.229 -0.054  0.134  0.316  0.334  0.310
  0.607  0.419  0.141 -0.163 -0.397 -0.444 -0.406 -0.256 -0.253 -0.133 -0.289 -0.334 -0.288 -0.062  0.109  0.447  0.764  1.000  0.758  0.646  0.605  0.242 -0.087 -0.153 -0.018 -0.221 -0.396 -0.350 -0.380 -0.480 -0.475 -0.422 -0.392 -0.419 -0.458 -0.444 -0.412 -0.408 -0.334 -0.387 -0.463 -0.418 -0.485 -0.468 -0.366 -0.241 -0.304 -0.337 -0.407 -0.358 -0.284 -0.210 -0.036  0.088  0.338  0.402  0.460  0.286  0.146  0.260  0.248  0.292  0.355  0.171  0.015 -0.240 -0.386 -0.487 -0.505 -0.443 -0.280 -0.097  0.186  0.454  0.481  0.458
  0.444  0.258  0.021 -0.271 -0.464 -0.481 -0.433 -0.247 -0.254 -0.184 -0.346 -0.426 -0.411 -0.224 -0.088  0.232  0.482  0.758  1.000  0.779  0.589  0.278 -0.058 -0.156 -0.049 -0.253 -0.426 -0.376 -0.400 -0.497 -0.483 -0.423 -0.397 -0.421 -0.456 -0.434 -0.401 -0.400 -0.327 -0.365 -0.443 -0.401 -0.460 -0.414 -0.293 -0.194 -0.252 -0.290 -0.347 -0.280 -0.188 -0.155  0.055  0.232  0.496  0.604  0.668  0.505  0.357  0.452  0.396  0.355  0.314  0.123  0.054 -0.217 -0.354 -0.455 -0.490 -0.424 -0.248 -0.133  0.165  0.437  0.457  0.433
  0.312  0.120 -0.111 -0.398 -0.517 -0.526 -0.443 -0.227 -0.235 -0.193 -0.383 -0.487 -0.474 -0.335 -0.176  0.139  0.381  0.646  0.779  1.000  0.794  0.494  0.123  0.019  0.121 -0.135 -0.315 -0.257 -0.328 -0.452 -0.429 -0.386 -0.388 -0.422 -0.435 -0.405 -0.353 -0.341 -0.280 -0.327 -0.397 -0.377 -0.426 -0.393 -0.299 -0.197 -0.241 -0.258 -0.286 -0.194 -0.062  0.001  0.225  0.403  0.640  0.618  0.681  0.564  0.376  0.428  0.332  0.247  0.176 -0.036 -0.084 -0.336 -0.397 -0.471 -0.474 -0.416 -0.250 -0.154  0.132  0.396  0.416  0.402
  0.245  0.050 -0.138 -0.384 -0.441 -0.433 -0.343 -0.159 -0.177 -0.168 -0.335 -0.414 -0.387 -0.286 -0.106  0.164  0.443  0.605  0.589  0.794  1.000  0.729  0.352  0.242  0.339  0.053 -0.127 -0.083 -0.202 -0.339 -0.327 -0.316 -0.340 -0.372 -0.366 -0.327 -0.267 -0.241 -0.202 -0.236 -0.281 -0.293 -0.325 -0.320 -0.272 -0.186 -0.207 -0.201 -0.192 -0.088  0.065  0.180  0.357  0.487  0.649  0.531  0.498  0.416  0.213  0.217  0.153  0.091  0.048 -0.140 -0.198 -0.368 -0.373 -0.397 -0.370 -0.322 -0.206 -0.133  0.057  0.249  0.267  0.269
 -0.081 -0.250 -0.325 -0.459 -0.340 -0.291 -0.207 -0.057 -0.073 -0.150 -0.280 -0.375 -0.351 -0.387 -0.226 -0.094  0.127  0.242  0.278  0.494  0.729  1.000  0.725  0.597  0.638  0.389  0.191  0.201  0.062 -0.088 -0.101 -0.117 -0.173 -0.212 -0.180 -0.138 -0.081 -0.040 -0.061 -0.063 -0.048 -0.122 -0.078 -0.066 -0.071 -0.042 -0.019  0.023  0.097  0.237  0.429  0.568  0.666  0.724  0.676  0.441  0.334  0.394  0.208  0.104  0.019 -0.096 -0.208 -0.356 -0.314 -0.361 -0.238 -0.190 -0.141 -0.132 -0.103 -0.172 -0.094 -0.030 -0.026  0.001
 -0.305 -0.375 -0.339 -0.310 -0.085 -0.029  0.017  0.043  0.037 -0.056 -0.088 -0.135 -0.111 -0.242 -0.159 -0.198 -0.083 -0.087 -0.058  0.123  0.352  0.725  1.000  0.817  0.665  0.586  0.536  0.454  0.273  0.171  0.155  0.092  0.008 -0.016  0.041  0.074  0.141  0.210  0.134  0.121  0.190  0.099  0.212  0.199  0.151  0.115  0.167  0.241  0.364  0.483  0.604  0.734  0.629  0.569  0.392  0.181  0.010  0.133  0.061 -0.110 -0.159 -0.266 -0.371 -0.417 -0.320 -0.219 -0.033  0.078  0.127  0.089  0.007 -0.153 -0.236 -0.313 -0.324 -0.288
 -0.364 -0.408 -0.335 -0.266  0.000  0.040  0.088  0.084  0.071 -0.022 -0.028 -0.060 -0.013 -0.175 -0.100 -0.200 -0.109 -0.153 -0.156  0.019  0.242  0.597  0.817  1.000  0.802  0.598  0.676  0.651  0.423  0.320  0.323  0.255  0.153  0.114  0.183  0.184  0.212  0.271  0.158  0.161  0.267  0.091  0.209  0.211  0.147  0.147  0.199  0.263  0.362  0.447  0.583  0.753  0.650  0.482  0.275  0.026 -0.138  0.002 -0.065 -0.253 -0.285 -0.362 -0.449 -0.475 -0.381 -0.230 -0.006  0.119  0.184  0.112 -0.000 -0.162 -0.301 -0.396 -0.389 -0.339
 -0.237 -0.304 -0.321 -0.307 -0.105 -0.076 -0.003  0.019  0.023 -0.033 -0.085 -0.111 -0.061 -0.172 -0.089 -0.128 -0.033 -0.018 -0.049  0.121  0.339  0.638  0.665  0.802  1.000  0.730  0.552  0.623  0.477  0.270  0.240  0.212  0.103  0.035  0.090  0.085  0.126  0.173  0.091  0.088  0.151  0.024  0.075  0.036 -0.033 -0.011  0.021  0.079  0.166  0.253  0.391  0.558  0.519  0.399  0.279  0.060 -0.068  0.008 -0.094 -0.218 -0.256 -0.315 -0.376 -0.423 -0.392 -0.306 -0.146 -0.039  0.043  0.014 -0.057 -0.111 -0.189 -0.232 -0.222 -0.180
 -0.319 -0.302 -0.263 -0.155  0.065  0.087  0.135  0.063  0.078  0.024  0.042  0.052  0.098 -0.041 -0.002 -0.155 -0.157 -0.221 -0.253 -0.135  0.053  0.389  0.586  0.598  0.730  1.000  0.732  0.628  0.623  0.490  0.370  0.327  0.232  0.155  0.192  0.181  0.234  0.309  0.204  0.167  0.236  0.178  0.244  0.168  0.078  0.049  0.096  0.136  0.224  0.256  0.294  0.424  0.313  0.174  0.009 -0.137 -0.253 -0.171 -0.192 -0.295 -0.314 -0.359 -0.399 -0.358 -0.308 -0.152 -0.011  0.116  0.177  0.124 -0.011 -0.076 -0.218 -0.331 -0.325 -0.287
 -0.465 -0.400 -0.261 -0.059  0.240  0.261  0.296  0.172  0.158  0.076  0.157  0.177  0.218  0.017  0.012 -0.214 -0.255 -0.396 -0.426 -0.315 -0.127  0.191  0.536  0.676  0.552  0.732  1.000  0.845  0.656  0.675  0.660  0.520  0.396  0.385  0.466  0.460  0.495  0.569  0.420  0.362  0.473  0.325  0.410  0.341  0.208  0.162  0.236  0.272  0.378  0.368  0.390  0.505  0.323  0.112 -0.113 -0.283 -0.426 -0.294 -0.266 -0.429 -0.432 -0.475 -0.514 -0.425 -0.333 -0.074  0.143  0.312  0.384  0.300  0.119 -0.036 -0.321 -0.572 -0.579 -0.527
 -0.444 -0.393 -0.289 -0.116  0.179  0.187  0.244  0.141  0.128  0.064  0.124  0.137  0.185 -0.016 -0.021 -0.223 -0.249 -0.350 -0.376 -0.257 -0.083  0.201  0.454  0.651  0.623  0.628  0.845  1.000  0.785  0.668  0.721  0.642  0.471  0.412  0.511  0.459  0.470  0.501  0.358  0.328  0.420  0.252  0.302  0.229  0.092  0.086  0.147  0.183  0.284  0.283  0.345  0.454  0.321  0.121 -0.075 -0.258 -0.383 -0.263 -0.265 -0.418 -0.433 -0.475 -0.518 -0.454 -0.384 -0.160  0.054  0.209  0.304  0.234  0.079 -0.028 -0.290 -0.507 -0.506 -0.450
 -0.404 -0.323 -0.228 -0.040  0.213  0.210  0.225  0.092  0.089  0.078  0.163  0.192  0.229  0.039  0.002 -0.222 -0.283 -0.380 -0.400 -0.328 -0.202  0.062  0.273  0.423  0.477  0.623  0.656  0.785  1.000  0.817  0.690  0.746  0.655  0.501  0.503  0.380  0.306  0.323  0.174  0.191  0.310  0.166  0.223  0.160  0.053  0.056  0.096  0.117  0.183  0.161  0.197  0.290  0.170 -0.010 -0.187 -0.316 -0.405 -0.311 -0.295 -0.398 -0.403 -0.421 -0.441 -0.344 -0.285 -0.077  0.066  0.178  0.242  0.158  0.010 -0.056 -0.241 -0.393 -0.384 -0.340
 -0.456 -0.339 -0.181  0.074  0.342  0.354  0.328  0.161  0.122  0.107  0.247  0.277  0.295  0.090  0.023 -0.246 -0.345 -0.480 -0.497 -0.452 -0.339 -0.088  0.171  0.320  0.270  0.490  0.675  0.668  0.817  1.000  0.858  0.776  0.757  0.721  0.699  0.620  0.489  0.469  0.328  0.360  0.478  0.296  0.338  0.285  0.151  0.118  0.182  0.182  0.250  0.177  0.171  0.238  0.090 -0.101 -0.300 -0.404 -0.488 -0.381 -0.321 -0.432 -0.420 -0.434 -0.441 -0.300 -0.209  0.048  0.201  0.342  0.399  0.329  0.166  0.032 -0.252 -0.535 -0.556 -0.516
 -0.470 -0.371 -0.217  0.027  0.306  0.320  0.327  0.185  0.140  0.099  0.228  0.243  0.257  0.044 -0.025 -0.272 -0.355 -0.475 -0.483 -0.429 -0.327 -0.101  0.155  0.323  0.240  0.370  0.660  0.721  0.690  0.858  1.000  0.851  0.720  0.737  0.807  0.739  0.659  0.608  0.475  0.463  0.518  0.347  0.350  0.288  0.138  0.113  0.183  0.184  0.260  0.189  0.193  0.239  0.102 -0.078 -0.270 -0.381 -0.460 -0.346 -0.289 -0.411 -0.415 -0.442 -0.465 -0.348 -0.255 -0.005  0.171  0.328  0.407  0.358  0.204  0.070 -0.261 -0.580 -0.606 -0.560
 -0.411 -0.318 -0.204  0.005  0.249  0.245  0.244  0.109  0.088  0.092  0.205  0.218  0.235  0.029 -0.037 -0.259 -0.333 -0.422 -0.423 -0.386 -0.316 -0.117  0.092  0.255  0.212  0.327  0.520  0.642  0.746  0.776  0.851  1.000  0.855  0.710  0.731  0.549  0.408  0.375  0.231  0.250  0.342  0.179  0.220  0.189  0.090  0.104  0.145  0.144  0.185  0.124  0.139  0.190  0.076 -0.089 -0.252 -0.345 -0.406 -0.312 -0.266 -0.361 -0.363 -0.376 -0.400 -0.299 -0.223 -0.021  0.114  0.221  0.273  0.196  0.057 -0.032 -0.248 -0.430 -0.432 -0.391
 -0.343 -0.242 -0.122  0.081  0.276  0.272  0.212  0.076  0.044  0.104  0.239  0.249  0.251  0.077 -0.001 -0.217 -0.301 -0.392 -0.397 -0.388 -0.340 -0.173  0.008  0.153  0.103  0.232  0.396  0.471  0.655  0.757  0.720  0.855  1.000  0.846  0.717  0.537  0.269  0.221  0.096  0.156  0.291  0.106  0.168  0.168  0.097  0.103  0.132  0.124  0.147  0.077  0.080  0.129  0.014 -0.136 -0.277 -0.339 -0.387 -0.311 -0.256 -0.331 -0.311 -0.304 -0.303 -0.188 -0.115  0.068  0.155  0.223  0.250  0.179  0.064 -0.032 -0.201 -0.368 -0.386 -0.360
 -0.346 -0.244 -0.096  0.122  0.303  0.313  0.241  0.111  0.053  0.126  0.285  0.281  0.262  0.101  0.001 -0.213 -0.313 -0.419 -0.421 -0.422 -0.372 -0.212 -0.016  0.114  0.035  0.155  0.385  0.412  0.501  0.721  0.737  0.710  0.846  1.000  0.883  0.766  0.476  0.370  0.272  0.313  0.412  0.204  0.232  0.222  0.123  0.100  0.147  0.139  0.181  0.094  0.079  0.107 -0.026 -0.169 -0.311 -0.357 -0.405 -0.327 -0.255 -0.333 -0.305 -0.300 -0.291 -0.164 -0.085  0.109  0.198  0.286  0.325  0.300  0.203  0.077 -0.174 -0.453 -0.499 -0.478
 -0.413 -0.318 -0.159  0.070  0.301  0.314  0.296  0.166  0.099  0.106  0.263  0.260  0.257  0.064 -0.030 -0.255 -0.348 -0.458 -0.456 -0.435 -0.366 -0.180  0.041  0.183  0.090  0.192  0.466  0.511  0.503  0.699  0.807  0.731  0.717  0.883  1.000  0.888  0.678  0.541  0.432  0.462  0.511  0.317  0.311  0.273  0.135  0.106  0.174  0.168  0.232  0.142  0.133  0.158  0.020 -0.134 -0.299 -0.370 -0.429 -0.331 -0.260 -0.362 -0.350 -0.364 -0.373 -0.255 -0.168  0.048  0.189  0.326  0.399  0.389  0.274  0.136 -0.209 -0.543 -0.585 -0.551
 -0.419 -0.338 -0.177  0.035  0.268  0.307  0.309  0.216  0.123  0.063  0.204  0.197  0.186  0.012 -0.059 -0.266 -0.345 -0.444 -0.434 -0.405 -0.327 -0.138  0.074  0.184  0.085  0.181  0.460  0.459  0.380  0.620  0.739  0.549  0.537  0.766  0.888  1.000  0.824  0.650  0.549  0.584  0.591  0.423  0.380  0.328  0.168  0.105  0.191  0.184  0.269  0.185  0.168  0.169  0.044 -0.087 -0.254 -0.329 -0.390 -0.283 -0.212 -0.323 -0.320 -0.354 -0.376 -0.273 -0.175  0.044  0.203  0.371  0.450  0.476  0.366  0.213 -0.188 -0.576 -0.630 -0.596
 -0.416 -0.354 -0.214 -0.024  0.211  0.257  0.308  0.241  0.170  0.050  0.152  0.149  0.148 -0.018 -0.076 -0.259 -0.321 -0.412 -0.401 -0.353 -0.267 -0.081  0.141  0.212  0.126  0.234  0.495  0.470  0.306  0.489  0.659  0.408  0.269  0.476  0.678  0.824  1.000  0.854  0.709  0.653  0.561  0.487  0.404  0.315  0.142  0.075  0.165  0.165  0.265  0.204  0.195  0.177  0.064 -0.047 -0.207 -0.290 -0.351 -0.244 -0.182 -0.295 -0.315 -0.366 -0.403 -0.323 -0.234 -0.026  0.147  0.333  0.426  0.452  0.341  0.226 -0.171 -0.558 -0.598 -0.557
 -0.429 -0.370 -0.230 -0.047  0.191  0.245  0.324  0.262  0.223  0.059  0.134  0.138  0.138 -0.023 -0.061 -0.247 -0.311 -0.408 -0.400 -0.341 -0.241 -0.040  0.210  0.271  0.173  0.309  0.569  0.501  0.323  0.469  0.608  0.375  0.221  0.370  0.541  0.650  0.854  1.000  0.823  0.609  0.578  0.531  0.450  0.334  0.157  0.084  0.176  0.182  0.291  0.245  0.227  0.215  0.095 -0.018 -0.188 -0.284 -0.350 -0.235 -0.180 -0.299 -0.337 -0.396 -0.438 -0.357 -0.274 -0.050  0.129  0.323  0.406  0.415  0.281  0.158 -0.208 -0.555 -0.585 -0.538
 -0.346 -0.302 -0.181 -0.026  0.154  0.213  0.308  0.256  0.223  0.057  0.105  0.112  0.103 -0.020 -0.052 -0.195 -0.254 -0.334 -0.327 -0.280 -0.202 -0.061  0.134  0.158  0.091  0.204  0.420  0.358  0.174  0.328  0.475  0.231  0.096  0.272  0.432  0.549  0.709  0.823  1.000  0.733  0.633  0.617  0.466  0.312  0.117  0.021  0.115  0.121  0.236  0.197  0.154  0.114  0.025 -0.043 -0.172 -0.235 -0.277 -0.184 -0.129 -0.224 -0.267 -0.329 -0.360 -0.293 -0.232 -0.047  0.106  0.299  0.404  0.478  0.399  0.278 -0.117 -0.483 -0.551 -0.527
 -0.391 -0.340 -0.177  0.019  0.238  0.321  0.361  0.282  0.190 -0.006  0.100  0.120  0.114 -0.043 -0.090 -0.243 -0.304 -0.387 -0.365 -0.327 -0.236 -0.063  0.121  0.161  0.088  0.167  0.362  0.328  0.191  0.360  0.463  0.250  0.156  0.313  0.462  0.584  0.653  0.609  0.733  1.000  0.816  0.731  0.558  0.412  0.181  0.045  0.162  0.173  0.305  0.244  0.193  0.145  0.055 -0.017 -0.171 -0.240 -0.297 -0.182 -0.106 -0.225 -0.246 -0.326 -0.361 -0.284 -0.189  0.021  0.216  0.427  0.577  0.682  0.645  0.483 -0.061 -0.536 -0.644 -0.633
 -0.466 -0.394 -0.182  0.057  0.327  0.424  0.443  0.333  0.240  0.010  0.139  0.168  0.164 -0.031 -0.072 -0.280 -0.352 -0.463 -0.443 -0.397 -0.281 -0.048  0.190  0.267  0.151  0.236  0.473  0.420  0.310  0.478  0.518  0.342  0.291  0.412  0.511  0.591  0.561  0.578  0.633  0.816  1.000  0.763  0.655  0.527  0.281  0.123  0.253  0.268  0.407  0.340  0.286  0.252  0.122  0.014 -0.189 -0.289 -0.370 -0.227 -0.144 -0.294 -0.307 -0.386 -0.421 -0.310 -0.182  0.085  0.323  0.553  0.689  0.741  0.622  0.339 -0.182 -0.623 -0.723 -0.704
 -0.394 -0.319 -0.149  0.083  0.314  0.395  0.460  0.327  0.281  0.029  0.141  0.187  0.182  0.012 -0.061 -0.240 -0.321 -0.418 -0.401 -0.377 -0.293 -0.122  0.099  0.091  0.024  0.178  0.325  0.252  0.166  0.296  0.347  0.179  0.106  0.204  0.317  0.423  0.487  0.531  0.617  0.731  0.763  1.000  0.795  0.561  0.284  0.062  0.186  0.209  0.374  0.321  0.198  0.088 -0.019 -0.060 -0.221 -0.264 -0.312 -0.202 -0.104 -0.207 -0.233 -0.323 -0.349 -0.241 -0.137  0.099  0.305  0.545  0.690  0.782  0.590  0.395 -0.110 -0.535 -0.629 -0.620
 -0.455 -0.367 -0.167  0.104  0.386  0.457  0.479  0.327  0.269  0.059  0.192  0.230  0.223  0.007 -0.076 -0.289 -0.368 -0.485 -0.460 -0.426 -0.325 -0.078  0.212  0.209  0.075  0.244  0.410  0.302  0.223  0.338  0.350  0.220  0.168  0.232  0.311  0.380  0.404  0.450  0.466  0.558  0.655  0.795  1.000  0.803  0.509  0.220  0.348  0.378  0.564  0.505  0.358  0.253  0.089  0.007 -0.206 -0.279 -0.363 -0.219 -0.107 -0.249 -0.252 -0.338 -0.372 -0.246 -0.106  0.169  0.431  0.676  0.726  0.685  0.440  0.166 -0.236 -0.592 -0.668 -0.649
 -0.441 -0.361 -0.147  0.107  0.379  0.462  0.443  0.312  0.229  0.013  0.135  0.160  0.155 -0.065 -0.137 -0.342 -0.384 -0.468 -0.414 -0.393 -0.320 -0.066  0.199  0.211  0.036  0.168  0.341  0.229  0.160  0.285  0.288  0.189  0.168  0.222  0.273  0.328  0.315  0.334  0.312  0.412  0.527  0.561  0.803  1.000  0.784  0.457  0.582  0.603  0.651  0.518  0.388  0.297  0.150  0.069 -0.154 -0.224 -0.305 -0.159 -0.050 -0.189 -0.169 -0.238 -0.286 -0.175  0.001  0.253  0.525  0.739  0.674  0.573  0.332 -0.004 -0.300 -0.576 -0.642 -0.624
 -0.333 -0.265 -0.114  0.066  0.262  0.323  0.280  0.187  0.129 -0.033  0.057  0.075  0.075 -0.088 -0.150 -0.314 -0.324 -0.366 -0.293 -0.299 -0.272 -0.071  0.151  0.147 -0.033  0.078  0.208  0.092  0.053  0.151  0.138  0.090  0.097  0.123  0.135  0.168  0.142  0.157  0.117  0.181  0.281  0.284  0.509  0.784  1.000  0.703  0.630  0.615  0.508  0.450  0.340  0.250  0.122  0.068 -0.103 -0.131 -0.207 -0.101  0.004 -0.095 -0.041 -0.063 -0.135 -0.068  0.117  0.289  0.467  0.560  0.443  0.320  0.140 -0.142 -0.269 -0.397 -0.440 -0.430
 -0.244 -0.208 -0.103  0.010  0.149  0.186  0.153  0.095  0.069 -0.042  0.016  0.018  0.038 -0.086 -0.105 -0.224 -0.214 -0.241 -0.194 -0.197 -0.186 -0.042  0.115  0.147 -0.011  0.049  0.162  0.086  0.056  0.118  0.113  0.104  0.103  0.100  0.106  0.105  0.075  0.084  0.021  0.045  0.123  0.062  0.220  0.457  0.703  1.000  0.757  0.545  0.336  0.271  0.240  0.222  0.139  0.063 -0.067 -0.105 -0.159 -0.086 -0.032 -0.095 -0.059 -0.064 -0.122 -0.097  0.015  0.120  0.274  0.338  0.235  0.110 -0.010 -0.219 -0.255 -0.278 -0.281 -0.268
 -0.320 -0.279 -0.130  0.007  0.193  0.247  0.229  0.159  0.108 -0.048  0.035  0.037  0.055 -0.100 -0.123 -0.268 -0.261 -0.304 -0.252 -0.241 -0.207 -0.019  0.167  0.199  0.021  0.096  0.236  0.147  0.096  0.182  0.183  0.145  0.132  0.147  0.174  0.191  0.165  0.176  0.115  0.162  0.253  0.186  0.348  0.582  0.630  0.757  1.000  0.732  0.506  0.331  0.272  0.273  0.183  0.097 -0.067 -0.126 -0.187 -0.088 -0.026 -0.115 -0.096 -0.130 -0.191 -0.150 -0.031  0.106  0.299  0.425  0.348  0.233  0.086 -0.170 -0.287 -0.389 -0.407 -0.390
 -0.346 -0.304 -0.160 -0.005  0.187  0.225  0.188  0.114  0.093  0.013  0.062  0.061  0.060 -0.103 -0.136 -0.280 -0.281 -0.337 -0.290 -0.258 -0.201  0.023  0.241  0.263  0.079  0.136  0.272  0.183  0.117  0.182  0.184  0.144  0.124  0.139  0.168  0.184  0.165  0.182  0.121  0.173  0.268  0.209  0.378  0.603  0.615  0.545  0.732  1.000  0.750  0.524  0.385  0.360  0.216  0.127 -0.059 -0.133 -0.216 -0.095 -0.016 -0.136 -0.122 -0.167 -0.234 -0.183 -0.063  0.100  0.280  0.375  0.332  0.247  0.111 -0.144 -0.261 -0.385 -0.428 -0.409
 -0.440 -0.392 -0.216 -0.023  0.231  0.282  0.246  0.160  0.149  0.060  0.120  0.106  0.088 -0.114 -0.157 -0.320 -0.336 -0.407 -0.347 -0.286 -0.192  0.097  0.364  0.362  0.166  0.224  0.378  0.284  0.183  0.250  0.260  0.185  0.147  0.181  0.232  0.269  0.265  0.291  0.236  0.305  0.407  0.374  0.564  0.651  0.508  0.336  0.506  0.750  1.000  0.761  0.558  0.479  0.291  0.218 -0.012 -0.117 -0.222 -0.050  0.045 -0.132 -0.150 -0.258 -0.344 -0.276 -0.130  0.089  0.312  0.450  0.453  0.394  0.224 -0.059 -0.277 -0.504 -0.556 -0.530
 -0.424 -0.399 -0.261 -0.126  0.113  0.167  0.142  0.097  0.092  0.008  0.033  0.004 -0.016 -0.198 -0.211 -0.336 -0.318 -0.358 -0.280 -0.194 -0.088  0.237  0.483  0.447  0.253  0.256  0.368  0.283  0.161  0.177  0.189  0.124  0.077  0.094  0.142  0.185  0.204  0.245  0.197  0.244  0.340  0.321  0.505  0.518  0.450  0.271  0.331  0.524  0.761  1.000  0.807  0.629  0.412  0.378  0.131 -0.000 -0.123  0.072  0.157 -0.050 -0.082 -0.211 -0.344 -0.314 -0.154  0.031  0.241  0.328  0.349  0.312  0.175 -0.088 -0.247 -0.421 -0.470 -0.442
 -0.433 -0.464 -0.327 -0.246  0.017  0.082  0.068  0.087  0.063 -0.040 -0.049 -0.114 -0.125 -0.311 -0.272 -0.363 -0.278 -0.284 -0.188 -0.062  0.065  0.429  0.604  0.583  0.391  0.294  0.390  0.345  0.197  0.171  0.193  0.139  0.080  0.079  0.133  0.168  0.195  0.227  0.154  0.193  0.286  0.198  0.358  0.388  0.340  0.240  0.272  0.385  0.558  0.807  1.000  0.836  0.665  0.611  0.334  0.129 -0.010  0.215  0.227 -0.014 -0.074 -0.224 -0.389 -0.410 -0.227 -0.070  0.161  0.236  0.264  0.220  0.126 -0.141 -0.252 -0.392 -0.428 -0.391
 -0.406 -0.459 -0.349 -0.284 -0.012  0.045  0.053  0.079  0.053 -0.038 -0.051 -0.117 -0.104 -0.283 -0.210 -0.294 -0.191 -0.210 -0.155  0.001  0.180  0.568  0.734  0.753  0.558  0.424  0.505  0.454  0.290  0.238  0.239  0.190  0.129  0.107  0.158  0.169  0.177  0.215  0.114  0.145  0.252  0.088  0.253  0.297  0.250  0.222  0.273  0.360  0.479  0.629  0.836  1.000  0.811  0.648  0.371  0.114 -0.053  0.150  0.093 -0.141 -0.187 -0.302 -0.433 -0.461 -0.314 -0.161  0.074  0.165  0.204  0.136  0.045 -0.188 -0.285 -0.395 -0.405 -0.358
 -0.309 -0.422 -0.361 -0.401 -0.177 -0.118 -0.075  0.039 -0.000 -0.127 -0.201 -0.300 -0.280 -0.411 -0.280 -0.284 -0.104 -0.036  0.055  0.225  0.357  0.666  0.629  0.650  0.519  0.313  0.323  0.321  0.170  0.090  0.102  0.076  0.014 -0.026  0.020  0.044  0.064  0.095  0.025  0.055  0.122 -0.019  0.089  0.150  0.122  0.139  0.183  0.216  0.291  0.412  0.665  0.811  1.000  0.830  0.587  0.320  0.201  0.375  0.239  0.044 -0.045 -0.179 -0.337 -0.438 -0.305 -0.256 -0.043  0.020  0.053  0.005 -0.025 -0.222 -0.223 -0.234 -0.230 -0.189
 -0.215 -0.370 -0.351 -0.464 -0.306 -0.238 -0.187 -0.019 -0.054 -0.187 -0.305 -0.426 -0.425 -0.509 -0.368 -0.280 -0.054  0.088  0.232  0.403  0.487  0.724  0.569  0.482  0.399  0.174  0.112  0.121 -0.010 -0.101 -0.078 -0.089 -0.136 -0.169 -0.134 -0.087 -0.047 -0.018 -0.043 -0.017  0.014 -0.060  0.007  0.069  0.068  0.063  0.097  0.127  0.218  0.378  0.611  0.648  0.830  1.000  0.811  0.554  0.452  0.616  0.447  0.267  0.147 -0.028 -0.212 -0.358 -0.229 -0.267 -0.105 -0.076 -0.054 -0.062 -0.037 -0.217 -0.139 -0.090 -0.100 -0.074
  0.006 -0.175 -0.265 -0.470 -0.437 -0.391 -0.327 -0.121 -0.146 -0.215 -0.375 -0.495 -0.495 -0.481 -0.327 -0.125  0.134  0.338  0.496  0.640  0.649  0.676  0.392  0.275  0.279  0.009 -0.113 -0.075 -0.187 -0.300 -0.270 -0.252 -0.277 -0.311 -0.299 -0.254 -0.207 -0.188 -0.172 -0.171 -0.189 -0.221 -0.206 -0.154 -0.103 -0.067 -0.067 -0.059 -0.012  0.131  0.334  0.371  0.587  0.811  1.000  0.800  0.690  0.740  0.532  0.437  0.321  0.142 -0.021 -0.211 -0.134 -0.292 -0.242 -0.268 -0.261 -0.233 -0.132 -0.205 -0.018  0.134  0.131  0.138
  0.143 -0.003 -0.144 -0.363 -0.440 -0.405 -0.361 -0.179 -0.196 -0.204 -0.358 -0.458 -0.470 -0.395 -0.282 -0.053  0.180  0.402  0.604  0.618  0.531  0.441  0.181  0.026  0.060 -0.137 -0.283 -0.258 -0.316 -0.404 -0.381 -0.345 -0.339 -0.357 -0.370 -0.329 -0.290 -0.284 -0.235 -0.240 -0.289 -0.264 -0.279 -0.224 -0.131 -0.105 -0.126 -0.133 -0.117 -0.000  0.129  0.114  0.320  0.554  0.800  1.000  0.822  0.735  0.645  0.627  0.574  0.350  0.187 -0.008  0.038 -0.191 -0.244 -0.304 -0.331 -0.275 -0.145 -0.163  0.060  0.244  0.232  0.218
  0.225  0.059 -0.090 -0.362 -0.501 -0.480 -0.429 -0.215 -0.232 -0.229 -0.401 -0.515 -0.533 -0.414 -0.302 -0.025  0.190  0.460  0.668  0.681  0.498  0.334  0.010 -0.138 -0.068 -0.253 -0.426 -0.383 -0.405 -0.488 -0.460 -0.406 -0.387 -0.405 -0.429 -0.390 -0.351 -0.350 -0.277 -0.297 -0.370 -0.312 -0.363 -0.305 -0.207 -0.159 -0.187 -0.216 -0.222 -0.123 -0.010 -0.053  0.201  0.452  0.690  0.822  1.000  0.857  0.686  0.742  0.586  0.407  0.278  0.075  0.091 -0.194 -0.284 -0.379 -0.414 -0.344 -0.169 -0.146  0.145  0.376  0.370  0.345
  0.045 -0.125 -0.165 -0.388 -0.443 -0.398 -0.357 -0.150 -0.170 -0.238 -0.390 -0.512 -0.539 -0.495 -0.390 -0.183  0.033  0.286  0.505  0.564  0.416  0.394  0.133  0.002  0.008 -0.171 -0.294 -0.263 -0.311 -0.381 -0.346 -0.312 -0.311 -0.327 -0.331 -0.283 -0.244 -0.235 -0.184 -0.182 -0.227 -0.202 -0.219 -0.159 -0.101 -0.086 -0.088 -0.095 -0.050  0.072  0.215  0.150  0.375  0.616  0.740  0.735  0.857  1.000  0.826  0.722  0.510  0.299  0.146 -0.039  0.024 -0.184 -0.191 -0.261 -0.281 -0.228 -0.087 -0.161  0.066  0.218  0.207  0.197
 -0.004 -0.111 -0.108 -0.272 -0.331 -0.280 -0.267 -0.120 -0.145 -0.204 -0.316 -0.412 -0.446 -0.421 -0.367 -0.235 -0.070  0.146  0.357  0.376  0.213  0.208  0.061 -0.065 -0.094 -0.192 -0.266 -0.265 -0.295 -0.321 -0.289 -0.266 -0.256 -0.255 -0.260 -0.212 -0.182 -0.180 -0.129 -0.106 -0.144 -0.104 -0.107 -0.050  0.004 -0.032 -0.026 -0.016  0.045  0.157  0.227  0.093  0.239  0.447  0.532  0.645  0.686  0.826  1.000  0.813  0.666  0.387  0.211  0.040  0.117 -0.065 -0.081 -0.140 -0.171 -0.114 -0.005 -0.110  0.047  0.134  0.102  0.088
  0.173  0.071 -0.006 -0.222 -0.380 -0.353 -0.341 -0.184 -0.196 -0.210 -0.333 -0.419 -0.449 -0.352 -0.297 -0.116  0.025  0.260  0.452  0.428  0.217  0.104 -0.110 -0.253 -0.218 -0.295 -0.429 -0.418 -0.398 -0.432 -0.411 -0.361 -0.331 -0.333 -0.362 -0.323 -0.295 -0.299 -0.224 -0.225 -0.294 -0.207 -0.249 -0.189 -0.095 -0.095 -0.115 -0.136 -0.132 -0.050 -0.014 -0.141  0.044  0.267  0.437  0.627  0.742  0.722  0.813  1.000  0.809  0.542  0.383  0.196  0.221 -0.040 -0.143 -0.245 -0.300 -0.237 -0.090 -0.106  0.127  0.305  0.287  0.258
  0.231  0.184  0.071 -0.133 -0.317 -0.302 -0.314 -0.195 -0.219 -0.179 -0.286 -0.355 -0.378 -0.259 -0.214 -0.039  0.071  0.248  0.396  0.332  0.153  0.019 -0.159 -0.285 -0.256 -0.314 -0.432 -0.433 -0.403 -0.420 -0.415 -0.363 -0.311 -0.305 -0.350 -0.320 -0.315 -0.337 -0.267 -0.246 -0.307 -0.233 -0.252 -0.169 -0.041 -0.059 -0.096 -0.122 -0.150 -0.082 -0.074 -0.187 -0.045  0.147  0.321  0.574  0.586  0.510  0.666  0.809  1.000  0.762  0.537  0.322  0.369  0.060 -0.086 -0.198 -0.278 -0.218 -0.081 -0.085  0.128  0.300  0.272  0.235
  0.408  0.359  0.213 -0.037 -0.297 -0.312 -0.340 -0.244 -0.260 -0.162 -0.261 -0.300 -0.311 -0.133 -0.083  0.117  0.172  0.292  0.355  0.247  0.091 -0.096 -0.266 -0.362 -0.315 -0.359 -0.475 -0.475 -0.421 -0.434 -0.442 -0.376 -0.304 -0.300 -0.364 -0.354 -0.366 -0.396 -0.329 -0.326 -0.386 -0.323 -0.338 -0.238 -0.063 -0.064 -0.130 -0.167 -0.258 -0.211 -0.224 -0.302 -0.179 -0.028  0.142  0.350  0.407  0.299  0.387  0.542  0.762  1.000  0.755  0.492  0.495  0.132 -0.098 -0.249 -0.349 -0.294 -0.139 -0.078  0.184  0.390  0.374  0.330
  0.587  0.555  0.420  0.165 -0.203 -0.241 -0.309 -0.263 -0.262 -0.147 -0.211 -0.203 -0.189  0.061  0.118  0.338  0.318  0.355  0.314  0.176  0.048 -0.208 -0.371 -0.449 -0.376 -0.399 -0.514 -0.518 -0.441 -0.441 -0.465 -0.400 -0.303 -0.291 -0.373 -0.376 -0.403 -0.438 -0.360 -0.361 -0.421 -0.349 -0.372 -0.286 -0.135 -0.122 -0.191 -0.234 -0.344 -0.344 -0.389 -0.433 -0.337 -0.212 -0.021  0.187  0.278  0.146  0.211  0.383  0.537  0.755  1.000  0.779  0.573  0.249 -0.063 -0.241 -0.351 -0.300 -0.143 -0.029  0.238  0.417  0.408  0.360
  0.479  0.578  0.543  0.431  0.047 -0.010 -0.157 -0.208 -0.191 -0.077 -0.060  0.019  0.032  0.266  0.240  0.318  0.198  0.171  0.123 -0.036 -0.140 -0.356 -0.417 -0.475 -0.423 -0.358 -0.425 -0.454 -0.344 -0.300 -0.348 -0.299 -0.188 -0.164 -0.255 -0.273 -0.323 -0.357 -0.293 -0.284 -0.310 -0.241 -0.246 -0.175 -0.068 -0.097 -0.150 -0.183 -0.276 -0.314 -0.410 -0.461 -0.438 -0.358 -0.211 -0.008  0.075 -0.039  0.040  0.196  0.322  0.492  0.779  1.000  0.759  0.494  0.142 -0.064 -0.193 -0.168 -0.073  0.012  0.198  0.284  0.272  0.226
  0.240  0.327  0.422  0.421  0.162  0.132 -0.053 -0.110 -0.131 -0.077 -0.028  0.039  0.028  0.153  0.082  0.060  0.014  0.015  0.054 -0.084 -0.198 -0.314 -0.320 -0.381 -0.392 -0.308 -0.333 -0.384 -0.285 -0.209 -0.255 -0.223 -0.115 -0.085 -0.168 -0.175 -0.234 -0.274 -0.232 -0.189 -0.182 -0.137 -0.106  0.001  0.117  0.015 -0.031 -0.063 -0.130 -0.154 -0.227 -0.314 -0.305 -0.229 -0.134  0.038  0.091  0.024  0.117  0.221  0.369  0.495  0.573  0.759  1.000  0.679  0.359  0.126 -0.026 -0.036  0.009 -0.030  0.110  0.131  0.096  0.052
 -0.004  0.130  0.392  0.637  0.503  0.500  0.227  0.062  0.026 -0.005  0.145  0.259  0.250  0.279  0.151 -0.024 -0.141 -0.240 -0.217 -0.336 -0.368 -0.361 -0.219 -0.230 -0.306 -0.152 -0.074 -0.160 -0.077  0.048 -0.005 -0.021  0.068  0.109  0.048  0.044 -0.026 -0.050 -0.047  0.021  0.085  0.099  0.169  0.253  0.289  0.120  0.106  0.100  0.089  0.031 -0.070 -0.161 -0.256 -0.267 -0.292 -0.191 -0.194 -0.184 -0.065 -0.040  0.060  0.132  0.249  0.494  0.679  1.000  0.730  0.436  0.279  0.214  0.144  0.005 -0.031 -0.175 -0.215 -0.236
 -0.247 -0.113  0.208  0.510  0.649  0.641  0.407  0.242  0.149 -0.016  0.164  0.263  0.270  0.145  0.052 -0.185 -0.281 -0.386 -0.354 -0.397 -0.373 -0.238 -0.033 -0.006 -0.146 -0.011  0.143  0.054  0.066  0.201  0.171  0.114  0.155  0.198  0.189  0.203  0.147  0.129  0.106  0.216  0.323  0.305  0.431  0.525  0.467  0.274  0.299  0.280  0.312  0.241  0.161  0.074 -0.043 -0.105 -0.242 -0.244 -0.284 -0.191 -0.081 -0.143 -0.086 -0.098 -0.063  0.142  0.359  0.730  1.000  0.732  0.569  0.432  0.267 -0.003 -0.167 -0.417 -0.470 -0.469
 -0.403 -0.275 -0.009  0.315  0.590  0.687  0.644  0.475  0.332  0.002  0.211  0.300  0.303  0.087 -0.029 -0.275 -0.363 -0.487 -0.455 -0.471 -0.397 -0.190  0.078  0.119 -0.039  0.116  0.312  0.209  0.178  0.342  0.328  0.221  0.223  0.286  0.326  0.371  0.333  0.323  0.299  0.427  0.553  0.545  0.676  0.739  0.560  0.338  0.425  0.375  0.450  0.328  0.236  0.165  0.020 -0.076 -0.268 -0.304 -0.379 -0.261 -0.140 -0.245 -0.198 -0.249 -0.241 -0.064  0.126  0.436  0.732  1.000  0.852  0.659  0.382  0.040 -0.299 -0.617 -0.673 -0.659
 -0.459 -0.343 -0.087  0.239  0.567  0.665  0.651  0.471  0.341  0.029  0.231  0.301  0.323  0.081 -0.031 -0.277 -0.368 -0.505 -0.490 -0.474 -0.370 -0.141  0.127  0.184  0.043  0.177  0.384  0.304  0.242  0.399  0.407  0.273  0.250  0.325  0.399  0.450  0.426  0.406  0.404  0.577  0.689  0.690  0.726  0.674  0.443  0.235  0.348  0.332  0.453  0.349  0.264  0.204  0.053 -0.054 -0.261 -0.331 -0.414 -0.281 -0.171 -0.300 -0.278 -0.349 -0.351 -0.193 -0.026  0.279  0.569  0.852  1.000  0.825  0.539  0.196 -0.251 -0.658 -0.734 -0.719
 -0.390 -0.294 -0.077  0.189  0.432  0.528  0.505  0.326  0.225  0.013  0.171  0.226  0.241  0.056 -0.039 -0.241 -0.327 -0.443 -0.424 -0.416 -0.322 -0.132  0.089  0.112  0.014  0.124  0.300  0.234  0.158  0.329  0.358  0.196  0.179  0.300  0.389  0.476  0.452  0.415  0.478  0.682  0.741  0.782  0.685  0.573  0.320  0.110  0.233  0.247  0.394  0.312  0.220  0.136  0.005 -0.062 -0.233 -0.275 -0.344 -0.228 -0.114 -0.237 -0.218 -0.294 -0.300 -0.168 -0.036  0.214  0.432  0.659  0.825  1.000  0.758  0.430 -0.084 -0.578 -0.692 -0.690
 -0.227 -0.193 -0.030  0.110  0.224  0.303  0.240  0.179  0.051 -0.055  0.043  0.046  0.033 -0.042 -0.089 -0.183 -0.229 -0.280 -0.248 -0.250 -0.206 -0.103  0.007 -0.000 -0.057 -0.011  0.119  0.079  0.010  0.166  0.204  0.057  0.064  0.203  0.274  0.366  0.341  0.281  0.399  0.645  0.622  0.590  0.440  0.332  0.140 -0.010  0.086  0.111  0.224  0.175  0.126  0.045 -0.025 -0.037 -0.132 -0.145 -0.169 -0.087 -0.005 -0.090 -0.081 -0.139 -0.143 -0.073  0.009  0.144  0.267  0.382  0.539  0.758  1.000  0.737  0.274 -0.347 -0.521 -0.551
 -0.014  0.007  0.039  0.092  0.054  0.070  0.051 -0.003 -0.051 -0.019  0.023  0.044  0.040  0.076  0.030  0.022 -0.054 -0.097 -0.133 -0.154 -0.133 -0.172 -0.153 -0.162 -0.111 -0.076 -0.036 -0.028 -0.056  0.032  0.070 -0.032 -0.032  0.077  0.136  0.213  0.226  0.158  0.278  0.483  0.339  0.395  0.166 -0.004 -0.142 -0.219 -0.170 -0.144 -0.059 -0.088 -0.141 -0.188 -0.222 -0.217 -0.205 -0.163 -0.146 -0.161 -0.110 -0.106 -0.085 -0.078 -0.029  0.012 -0.030  0.005 -0.003  0.040  0.196  0.430  0.737  1.000  0.546 -0.041 -0.212 -0.264
  0.255  0.207  0.136  0.017 -0.176 -0.209 -0.289 -0.242 -0.240 -0.116 -0.149 -0.143 -0.154  0.002  0.013  0.142  0.134  0.186  0.165  0.132  0.057 -0.094 -0.236 -0.301 -0.189 -0.218 -0.321 -0.290 -0.241 -0.252 -0.261 -0.248 -0.201 -0.174 -0.209 -0.188 -0.171 -0.208 -0.117 -0.061 -0.182 -0.110 -0.236 -0.300 -0.269 -0.255 -0.287 -0.261 -0.277 -0.247 -0.252 -0.285 -0.223 -0.139 -0.018  0.060  0.145  0.066  0.047  0.127  0.128  0.184  0.238  0.198  0.110 -0.031 -0.167 -0.299 -0.251 -0.084  0.274  0.546  1.000  0.399  0.223  0.131
  0.479  0.380  0.137 -0.153 -0.462 -0.532 -0.557 -0.459 -0.420 -0.160 -0.323 -0.323 -0.318 -0.076 -0.003  0.241  0.316  0.454  0.437  0.396  0.249 -0.030 -0.313 -0.396 -0.232 -0.331 -0.572 -0.507 -0.393 -0.535 -0.580 -0.430 -0.368 -0.453 -0.543 -0.576 -0.558 -0.555 -0.483 -0.536 -0.623 -0.535 -0.592 -0.576 -0.397 -0.278 -0.389 -0.385 -0.504 -0.421 -0.392 -0.395 -0.234 -0.090  0.134  0.244  0.376  0.218  0.134  0.305  0.300  0.390  0.417  0.284  0.131 -0.175 -0.417 -0.617 -0.658 -0.578 -0.347 -0.041  0.399  1.000  0.836  0.683
  0.499  0.393  0.128 -0.180 -0.499 -0.577 -0.564 -0.461 -0.404 -0.176 -0.346 -0.338 -0.324 -0.075  0.010  0.264  0.334  0.481  0.457  0.416  0.267 -0.026 -0.324 -0.389 -0.222 -0.325 -0.579 -0.506 -0.384 -0.556 -0.606 -0.432 -0.386 -0.499 -0.585 -0.630 -0.598 -0.585 -0.551 -0.644 -0.723 -0.629 -0.668 -0.642 -0.440 -0.281 -0.407 -0.428 -0.556 -0.470 -0.428 -0.405 -0.230 -0.100  0.131  0.232  0.370  0.207  0.102  0.287  0.272  0.374  0.408  0.272  0.096 -0.215 -0.470 -0.673 -0.734 -0.692 -0.521 -0.212  0.223  0.836  1.000  0.905
