  1.000  0.783  0.533  0.237 -0.214 -0.302 -0.360 -0.299 -0.260 -0.079 -0.146 -0.095 -0.063  0.255  0.325  0.620  0.645  0.629  0.466  0.298  0.217 -0.137 -0.360 -0.418 -0.285 -0.344 -0.484 -0.469 -0.396 -0.461 -0.489 -0.407 -0.326 -0.346 -0.427 -0.448 -0.450 -0.458 -0.401 -0.464 -0.531 -0.461 -0.506 -0.475 -0.335 -0.227 -0.326 -0.374 -0.479 -0.473 -0.478 -0.465 -0.370 -0.270 -0.046  0.141  0.242  0.023 -0.020  0.193  0.259  0.446  0.627  0.554  0.319  0.067 -0.245 -0.426 -0.500 -0.454 -0.298 -0.076  0.239  0.491  0.536  0.507
  0.783  1.000  0.686  0.411 -0.028 -0.153 -0.277 -0.311 -0.238  0.004 -0.041  0.072  0.121  0.433  0.510  0.643  0.501  0.452  0.277  0.110  0.024 -0.314 -0.444 -0.478 -0.361 -0.340 -0.439 -0.441 -0.330 -0.351 -0.395 -0.316 -0.218 -0.233 -0.326 -0.365 -0.389 -0.411 -0.379 -0.433 -0.487 -0.421 -0.446 -0.431 -0.306 -0.221 -0.330 -0.370 -0.471 -0.485 -0.536 -0.525 -0.490 -0.439 -0.236 -0.009  0.082 -0.148 -0.135  0.096  0.216  0.415  0.614  0.630  0.376  0.156 -0.160 -0.337 -0.417 -0.391 -0.287 -0.063  0.203  0.429  0.481  0.459
  0.533  0.686  1.000  0.690  0.254  0.126 -0.104 -0.193 -0.184 -0.084  0.009  0.185  0.256  0.516  0.536  0.471  0.323  0.201  0.071 -0.082 -0.143 -0.353 -0.399 -0.411 -0.386 -0.317 -0.346 -0.381 -0.282 -0.249 -0.301 -0.256 -0.151 -0.139 -0.225 -0.253 -0.293 -0.310 -0.267 -0.281 -0.299 -0.257 -0.261 -0.235 -0.164 -0.132 -0.190 -0.222 -0.301 -0.339 -0.398 -0.420 -0.415 -0.391 -0.295 -0.123 -0.027 -0.145 -0.092  0.063  0.134  0.289  0.502  0.611  0.474  0.404  0.161 -0.087 -0.189 -0.191 -0.116  0.008  0.192  0.217  0.245  0.236
  0.237  0.411  0.690  1.000  0.651  0.503  0.187 -0.048 -0.015  0.110  0.283  0.494  0.524  0.633  0.476  0.310  0.095 -0.094 -0.208 -0.377 -0.390 -0.484 -0.395 -0.369 -0.387 -0.244 -0.199 -0.247 -0.132 -0.033 -0.103 -0.091  0.007  0.045 -0.037 -0.078 -0.130 -0.152 -0.138 -0.112 -0.092 -0.046 -0.019 -0.005  0.002 -0.043 -0.072 -0.094 -0.134 -0.221 -0.335 -0.374 -0.464 -0.493 -0.486 -0.329 -0.299 -0.366 -0.249 -0.141 -0.049  0.064  0.265  0.500  0.459  0.621  0.429  0.211  0.107  0.062  0.024  0.078  0.072 -0.028 -0.011 -0.015
 -0.214 -0.028  0.254  0.651  1.000  0.819  0.504  0.212  0.139  0.132  0.378  0.556  0.617  0.431  0.293  0.003 -0.179 -0.385 -0.451 -0.507 -0.444 -0.329 -0.124 -0.044 -0.142  0.013  0.167  0.118  0.168  0.298  0.247  0.197  0.235  0.274  0.261  0.229  0.184  0.147  0.112  0.189  0.264  0.251  0.310  0.303  0.215  0.109  0.140  0.142  0.182  0.076 -0.014 -0.034 -0.177 -0.295 -0.430 -0.435 -0.484 -0.428 -0.319 -0.349 -0.289 -0.268 -0.175  0.047  0.134  0.454  0.605  0.537  0.499  0.375  0.199  0.080 -0.115 -0.392 -0.406 -0.389
 -0.302 -0.153  0.126  0.503  0.819  1.000  0.642  0.353  0.218  0.084  0.316  0.477  0.491  0.296  0.153 -0.090 -0.241 -0.429 -0.467 -0.516 -0.436 -0.288 -0.057  0.004 -0.113  0.030  0.188  0.128  0.157  0.299  0.255  0.187  0.214  0.258  0.255  0.253  0.232  0.216  0.183  0.275  0.366  0.343  0.394  0.405  0.292  0.156  0.212  0.204  0.260  0.146  0.058  0.029 -0.122 -0.230 -0.384 -0.400 -0.467 -0.384 -0.267 -0.327 -0.288 -0.301 -0.234 -0.022  0.107  0.456  0.598  0.639  0.599  0.472  0.279  0.101 -0.148 -0.462 -0.481 -0.459
 -0.360 -0.277 -0.104  0.187  0.504  0.642  1.000  0.711  0.466  0.036  0.236  0.302  0.351  0.132  0.015 -0.166 -0.251 -0.394 -0.408 -0.395 -0.297 -0.145  0.057  0.120  0.025  0.129  0.269  0.236  0.205  0.298  0.290  0.212  0.176  0.202  0.260  0.284  0.307  0.307  0.299  0.357  0.415  0.436  0.454  0.399  0.237  0.115  0.192  0.178  0.264  0.176  0.113  0.108 -0.019 -0.129 -0.278 -0.335 -0.410 -0.319 -0.238 -0.340 -0.335 -0.378 -0.352 -0.232 -0.141  0.129  0.334  0.595  0.607  0.468  0.235  0.077 -0.262 -0.513 -0.512 -0.486
 -0.299 -0.311 -0.193 -0.048  0.212  0.353  0.711  1.000  0.655  0.014  0.148  0.082  0.042 -0.110 -0.147 -0.209 -0.201 -0.246 -0.218 -0.179 -0.121 -0.001  0.099  0.121  0.038  0.056  0.150  0.128  0.066  0.133  0.146  0.074  0.038  0.061  0.128  0.196  0.232  0.239  0.248  0.283  0.313  0.324  0.326  0.311  0.191  0.096  0.178  0.146  0.203  0.161  0.155  0.148  0.089  0.042 -0.065 -0.136 -0.184 -0.095 -0.057 -0.155 -0.183 -0.270 -0.301 -0.267 -0.169  0.001  0.204  0.442  0.429  0.296  0.172  0.017 -0.216 -0.440 -0.437 -0.405
 -0.260 -0.238 -0.184 -0.015  0.139  0.218  0.466  0.655  1.000  0.328  0.321  0.245  0.142  0.011 -0.058 -0.120 -0.184 -0.239 -0.232 -0.205 -0.151 -0.032  0.064  0.093  0.041  0.069  0.131  0.106  0.064  0.089  0.105  0.059  0.015  0.006  0.064  0.101  0.158  0.201  0.205  0.183  0.209  0.259  0.260  0.209  0.102  0.050  0.089  0.093  0.164  0.128  0.102  0.099  0.047 -0.011 -0.112 -0.173 -0.224 -0.141 -0.120 -0.188 -0.219 -0.271 -0.275 -0.228 -0.176 -0.034  0.098  0.266  0.278  0.183  0.024 -0.048 -0.224 -0.390 -0.361 -0.328
 -0.079  0.004 -0.084  0.110  0.132  0.084  0.036  0.014  0.328  1.000  0.677  0.452  0.263  0.186  0.078  0.040 -0.059 -0.120 -0.191 -0.214 -0.172 -0.177 -0.100 -0.058 -0.048 -0.002  0.038  0.030  0.039  0.077  0.072  0.072  0.089  0.113  0.091  0.050  0.043  0.047  0.027 -0.033 -0.030 -0.006  0.021 -0.033 -0.073 -0.077 -0.091 -0.029  0.005 -0.041 -0.085 -0.072 -0.170 -0.232 -0.240 -0.217 -0.251 -0.276 -0.248 -0.237 -0.190 -0.147 -0.108 -0.049 -0.070 -0.008 -0.055 -0.041 -0.015 -0.016 -0.074 -0.019 -0.106 -0.124 -0.124 -0.101
 -0.146 -0.041  0.009  0.283  0.378  0.316  0.236  0.148  0.321  0.677  1.000  0.765  0.564  0.400  0.193  0.045 -0.101 -0.254 -0.328 -0.381 -0.327 -0.295 -0.125 -0.066 -0.106  0.002  0.092  0.072  0.117  0.200  0.175  0.171  0.213  0.263  0.235  0.174  0.134  0.101  0.056  0.044  0.059  0.065  0.117  0.049 -0.006 -0.035 -0.038 -0.007  0.041 -0.024 -0.105 -0.089 -0.236 -0.331 -0.390 -0.365 -0.411 -0.412 -0.343 -0.342 -0.281 -0.224 -0.159 -0.033 -0.029  0.118  0.108  0.139  0.143  0.093 -0.014  0.005 -0.139 -0.263 -0.256 -0.222
 -0.095  0.072  0.185  0.494  0.556  0.477  0.302  0.082  0.245  0.452  0.765  1.000  0.804  0.632  0.370  0.162 -0.053 -0.264 -0.386 -0.474 -0.404 -0.393 -0.179 -0.106 -0.133  0.009  0.096  0.073  0.150  0.222  0.174  0.175  0.216  0.249  0.213  0.143  0.115  0.092  0.046  0.033  0.067  0.078  0.119  0.031 -0.031 -0.067 -0.071 -0.037 -0.004 -0.095 -0.196 -0.172 -0.339 -0.456 -0.516 -0.462 -0.512 -0.533 -0.448 -0.423 -0.351 -0.258 -0.137  0.052  0.031  0.213  0.173  0.189  0.180  0.123 -0.027  0.024 -0.121 -0.226 -0.205 -0.177
 -0.063  0.121  0.256  0.524  0.617  0.491  0.351  0.042  0.142  0.263  0.564  0.804  1.000  0.789  0.537  0.252  0.023 -0.225 -0.371 -0.453 -0.368 -0.355 -0.155 -0.057 -0.080  0.072  0.155  0.143  0.215  0.263  0.210  0.214  0.235  0.246  0.233  0.151  0.127  0.096  0.048  0.046  0.078  0.081  0.110  0.015 -0.045 -0.048 -0.057 -0.054 -0.026 -0.113 -0.200 -0.149 -0.312 -0.454 -0.511 -0.473 -0.527 -0.558 -0.481 -0.452 -0.371 -0.274 -0.137  0.047 -0.000  0.179  0.171  0.194  0.211  0.145 -0.037  0.017 -0.133 -0.219 -0.199 -0.181
  0.255  0.433  0.516  0.633  0.431  0.296  0.132 -0.110  0.011  0.186  0.400  0.632  0.789  1.000  0.755  0.514  0.259  0.009 -0.172 -0.306 -0.277 -0.409 -0.299 -0.237 -0.204 -0.075 -0.056 -0.077  0.016  0.040 -0.022  0.005  0.063  0.071  0.016 -0.057 -0.072 -0.090 -0.108 -0.142 -0.146 -0.109 -0.109 -0.198 -0.190 -0.159 -0.195 -0.224 -0.250 -0.306 -0.396 -0.349 -0.455 -0.544 -0.508 -0.389 -0.384 -0.503 -0.450 -0.333 -0.228 -0.070  0.134  0.297  0.145  0.234  0.059 -0.021 -0.034 -0.063 -0.142  0.022  0.012  0.031  0.068  0.071
  0.325  0.510  0.536  0.476  0.293  0.153  0.015 -0.147 -0.058  0.078  0.193  0.370  0.537  0.755  1.000  0.694  0.406  0.154 -0.062 -0.163 -0.111 -0.255 -0.223 -0.164 -0.119 -0.016 -0.027 -0.065  0.016  0.021 -0.045 -0.020  0.018 -0.001 -0.042 -0.096 -0.103 -0.100 -0.106 -0.164 -0.164 -0.158 -0.173 -0.241 -0.225 -0.153 -0.209 -0.231 -0.271 -0.301 -0.341 -0.271 -0.326 -0.411 -0.366 -0.298 -0.287 -0.408 -0.410 -0.293 -0.207 -0.046  0.173  0.272  0.075  0.116 -0.011 -0.113 -0.122 -0.138 -0.181 -0.030  0.009  0.071  0.114  0.123
  0.620  0.643  0.471  0.310  0.003 -0.090 -0.166 -0.209 -0.120  0.040  0.045  0.162  0.252  0.514  0.694  1.000  0.702  0.463  0.233  0.103  0.121 -0.159 -0.262 -0.253 -0.165 -0.157 -0.221 -0.233 -0.185 -0.218 -0.252 -0.209 -0.172 -0.179 -0.232 -0.267 -0.253 -0.245 -0.226 -0.299 -0.334 -0.302 -0.348 -0.389 -0.345 -0.240 -0.300 -0.335 -0.388 -0.412 -0.425 -0.360 -0.341 -0.344 -0.194 -0.084 -0.039 -0.230 -0.288 -0.132 -0.039  0.140  0.379  0.375  0.097 -0.009 -0.213 -0.308 -0.326 -0.300 -0.261 -0.041  0.106  0.268  0.310  0.312
  0.645  0.501  0.323  0.095 -0.179 -0.241 -0.251 -0.201 -0.184 -0.059 -0.101 -0.053  0.023  0.259  0.406  0.702  1.000  0.774  0.496  0.368  0.426  0.083 -0.120 -0.139 -0.057 -0.141 -0.238 -0.241 -0.247 -0.313 -0.333 -0.299 -0.273 -0.287 -0.332 -0.347 -0.319 -0.307 -0.264 -0.334 -0.381 -0.358 -0.408 -0.406 -0.324 -0.198 -0.257 -0.311 -0.378 -0.366 -0.323 -0.245 -0.154 -0.113  0.079  0.163  0.186 -0.003 -0.105  0.016  0.074  0.204  0.361  0.267  0.061 -0.110 -0.292 -0.366 -0.389 -0.355 -0.286 -0.110  0.086  0.316  0.343  0.332
  0.629  0.452  0.201 -0.094 -0.385 -0.429 -0.394 -0.246 -0.239 -0.120 -0.254 -0.264 -0.225  0.009  0.154  0.463  0.774  1.000  0.763  0.633  0.586  0.203 -0.111 -0.175 -0.042 -0.197 -0.365 -0.333 -0.338 -0.441 -0.446 -0.393 -0.366 -0.396 -0.439 -0.441 -0.422 -0.411 -0.339 -0.409 -0.479 -0.441 -0.501 -0.470 -0.348 -0.218 -0.294 -0.351 -0.432 -0.387 -0.314 -0.254 -0.083  0.036  0.293  0.399  0.461  0.253  0.125  0.258  0.251  0.325  0.392  0.242  0.077 -0.182 -0.377 -0.473 -0.504 -0.452 -0.319 -0.150  0.145  0.439  0.475  0.454
  0.466  0.277  0.071 -0.208 -0.451 -0.467 -0.408 -0.218 -0.232 -0.191 -0.328 -0.386 -0.371 -0.172 -0.062  0.233  0.496  0.763  1.000  0.769  0.578  0.244 -0.065 -0.162 -0.058 -0.231 -0.388 -0.348 -0.369 -0.478 -0.462 -0.417 -0.403 -0.423 -0.458 -0.432 -0.401 -0.392 -0.317 -0.375 -0.448 -0.390 -0.444 -0.382 -0.254 -0.183 -0.245 -0.290 -0.344 -0.279 -0.198 -0.179  0.022  0.197  0.475  0.614  0.671  0.483  0.348  0.454  0.398  0.378  0.343  0.188  0.111 -0.156 -0.327 -0.435 -0.484 -0.425 -0.265 -0.165  0.149  0.413  0.437  0.410
  0.298  0.110 -0.082 -0.377 -0.507 -0.516 -0.395 -0.179 -0.205 -0.214 -0.381 -0.474 -0.453 -0.306 -0.163  0.103  0.368  0.633  0.769  1.000  0.797  0.493  0.154  0.052  0.145 -0.079 -0.248 -0.206 -0.278 -0.411 -0.386 -0.360 -0.376 -0.410 -0.409 -0.370 -0.323 -0.312 -0.246 -0.299 -0.355 -0.318 -0.373 -0.333 -0.244 -0.163 -0.194 -0.210 -0.239 -0.149 -0.021  0.026  0.239  0.408  0.648  0.636  0.690  0.573  0.398  0.438  0.330  0.245  0.164 -0.022 -0.057 -0.305 -0.366 -0.432 -0.435 -0.382 -0.243 -0.176  0.098  0.348  0.344  0.321
  0.217  0.024 -0.143 -0.390 -0.444 -0.436 -0.297 -0.121 -0.151 -0.172 -0.327 -0.404 -0.368 -0.277 -0.111  0.121  0.426  0.586  0.578  0.797  1.000  0.732  0.383  0.279  0.374  0.126 -0.041 -0.012 -0.133 -0.278 -0.263 -0.267 -0.304 -0.335 -0.317 -0.278 -0.224 -0.196 -0.158 -0.203 -0.230 -0.238 -0.279 -0.268 -0.237 -0.156 -0.159 -0.147 -0.135 -0.039  0.109  0.209  0.374  0.485  0.645  0.533  0.496  0.421  0.235  0.219  0.138  0.073  0.025 -0.139 -0.192 -0.369 -0.353 -0.367 -0.334 -0.290 -0.204 -0.166 -0.000  0.201  0.194  0.181
 -0.137 -0.314 -0.353 -0.484 -0.329 -0.288 -0.145 -0.001 -0.032 -0.177 -0.295 -0.393 -0.355 -0.409 -0.255 -0.159  0.083  0.203  0.244  0.493  0.732  1.000  0.753  0.639  0.673  0.454  0.286  0.274  0.126 -0.026 -0.033 -0.077 -0.148 -0.179 -0.131 -0.086 -0.019  0.039  0.033  0.024  0.041 -0.017  0.007  0.006 -0.029  0.001  0.044  0.097  0.174  0.309  0.491  0.614  0.696  0.735  0.686  0.434  0.317  0.413  0.237  0.102 -0.012 -0.147 -0.268 -0.405 -0.345 -0.392 -0.201 -0.135 -0.070 -0.065 -0.057 -0.158 -0.135 -0.094 -0.127 -0.126
 -0.360 -0.444 -0.399 -0.395 -0.124 -0.057  0.057  0.099  0.064 -0.100 -0.125 -0.179 -0.155 -0.299 -0.223 -0.262 -0.120 -0.111 -0.065  0.154  0.383  0.753  1.000  0.840  0.701  0.616  0.583  0.489  0.286  0.181  0.174  0.093 -0.007 -0.012  0.057  0.098  0.187  0.278  0.226  0.208  0.267  0.196  0.279  0.241  0.173  0.137  0.191  0.283  0.407  0.521  0.635  0.758  0.678  0.617  0.442  0.196  0.018  0.182  0.100 -0.098 -0.182 -0.318 -0.437 -0.489 -0.380 -0.292 -0.035  0.100  0.167  0.146  0.061 -0.107 -0.253 -0.337 -0.389 -0.374
 -0.418 -0.478 -0.411 -0.369 -0.044  0.004  0.120  0.121  0.093 -0.058 -0.066 -0.106 -0.057 -0.237 -0.164 -0.253 -0.139 -0.175 -0.162  0.052  0.279  0.639  0.840  1.000  0.827  0.642  0.714  0.671  0.440  0.339  0.344  0.265  0.150  0.124  0.210  0.216  0.259  0.340  0.249  0.247  0.341  0.197  0.278  0.247  0.154  0.149  0.212  0.292  0.400  0.491  0.613  0.778  0.700  0.536  0.329  0.038 -0.130  0.046 -0.032 -0.240 -0.313 -0.423 -0.524 -0.559 -0.459 -0.325 -0.031  0.127  0.225  0.176  0.050 -0.127 -0.321 -0.408 -0.448 -0.418
 -0.285 -0.361 -0.386 -0.387 -0.142 -0.113  0.025  0.038  0.041 -0.048 -0.106 -0.133 -0.080 -0.204 -0.119 -0.165 -0.057 -0.042 -0.058  0.145  0.374  0.673  0.701  0.827  1.000  0.764  0.613  0.653  0.506  0.309  0.282  0.238  0.124  0.058  0.130  0.130  0.184  0.244  0.166  0.159  0.221  0.113  0.138  0.074 -0.024 -0.008  0.038  0.115  0.215  0.306  0.439  0.606  0.573  0.443  0.320  0.066 -0.073  0.035 -0.072 -0.223 -0.296 -0.368 -0.437 -0.501 -0.456 -0.393 -0.165 -0.032  0.083  0.071 -0.025 -0.106 -0.242 -0.252 -0.282 -0.260
 -0.344 -0.340 -0.317 -0.244  0.013  0.030  0.129  0.056  0.069 -0.002  0.002  0.009  0.072 -0.075 -0.016 -0.157 -0.141 -0.197 -0.231 -0.079  0.126  0.454  0.616  0.642  0.764  1.000  0.762  0.651  0.632  0.501  0.389  0.345  0.248  0.172  0.223  0.203  0.270  0.344  0.248  0.215  0.276  0.211  0.250  0.147  0.027  0.017  0.065  0.126  0.227  0.275  0.323  0.473  0.380  0.228  0.067 -0.117 -0.240 -0.136 -0.179 -0.307 -0.355 -0.401 -0.448 -0.445 -0.392 -0.258 -0.057  0.083  0.176  0.140  0.012 -0.054 -0.240 -0.325 -0.341 -0.324
 -0.484 -0.439 -0.346 -0.199  0.167  0.188  0.269  0.150  0.131  0.038  0.092  0.096  0.155 -0.056 -0.027 -0.221 -0.238 -0.365 -0.388 -0.248 -0.041  0.286  0.583  0.714  0.613  0.762  1.000  0.857  0.660  0.676  0.669  0.526  0.395  0.392  0.483  0.479  0.526  0.598  0.470  0.413  0.510  0.366  0.411  0.310  0.150  0.128  0.211  0.264  0.383  0.385  0.416  0.552  0.402  0.191 -0.030 -0.250 -0.394 -0.240 -0.246 -0.432 -0.464 -0.518 -0.562 -0.525 -0.446 -0.206  0.072  0.262  0.372  0.317  0.144 -0.007 -0.329 -0.555 -0.589 -0.554
 -0.469 -0.441 -0.381 -0.247  0.118  0.128  0.236  0.128  0.106  0.030  0.072  0.073  0.143 -0.077 -0.065 -0.233 -0.241 -0.333 -0.348 -0.206 -0.012  0.274  0.489  0.671  0.653  0.651  0.857  1.000  0.790  0.693  0.753  0.664  0.492  0.446  0.559  0.516  0.534  0.549  0.417  0.393  0.467  0.295  0.313  0.216  0.047  0.051  0.127  0.186  0.297  0.303  0.371  0.497  0.391  0.191 -0.003 -0.246 -0.372 -0.229 -0.260 -0.442 -0.478 -0.525 -0.572 -0.552 -0.492 -0.284 -0.017  0.164  0.303  0.257  0.092 -0.028 -0.324 -0.489 -0.525 -0.488
 -0.396 -0.330 -0.282 -0.132  0.168  0.157  0.205  0.066  0.064  0.039  0.117  0.150  0.215  0.016  0.016 -0.185 -0.247 -0.338 -0.369 -0.278 -0.133  0.126  0.286  0.440  0.506  0.632  0.660  0.790  1.000  0.827  0.704  0.764  0.671  0.515  0.537  0.413  0.341  0.338  0.180  0.210  0.315  0.150  0.176  0.094 -0.037 -0.008  0.034  0.078  0.146  0.134  0.179  0.306  0.219  0.029 -0.139 -0.318 -0.408 -0.300 -0.313 -0.431 -0.447 -0.444 -0.465 -0.412 -0.383 -0.205 -0.027  0.103  0.198  0.135 -0.024 -0.092 -0.295 -0.356 -0.346 -0.307
 -0.461 -0.351 -0.249 -0.033  0.298  0.299  0.298  0.133  0.089  0.077  0.200  0.222  0.263  0.040  0.021 -0.218 -0.313 -0.441 -0.478 -0.411 -0.278 -0.026  0.181  0.339  0.309  0.501  0.676  0.693  0.827  1.000  0.863  0.796  0.769  0.725  0.718  0.639  0.512  0.474  0.334  0.371  0.478  0.279  0.289  0.219  0.067  0.059  0.122  0.152  0.220  0.161  0.162  0.265  0.140 -0.055 -0.249 -0.397 -0.489 -0.367 -0.330 -0.465 -0.455 -0.458 -0.472 -0.380 -0.321 -0.084  0.112  0.263  0.354  0.303  0.140  0.013 -0.283 -0.502 -0.520 -0.478
 -0.489 -0.395 -0.301 -0.103  0.247  0.255  0.290  0.146  0.105  0.072  0.175  0.174  0.210 -0.022 -0.045 -0.252 -0.333 -0.446 -0.462 -0.386 -0.263 -0.033  0.174  0.344  0.282  0.389  0.669  0.753  0.704  0.863  1.000  0.863  0.731  0.750  0.828  0.766  0.686  0.620  0.493  0.488  0.540  0.350  0.325  0.242  0.065  0.056  0.137  0.159  0.245  0.177  0.195  0.274  0.162 -0.017 -0.206 -0.380 -0.462 -0.328 -0.297 -0.444 -0.457 -0.485 -0.505 -0.437 -0.373 -0.137  0.084  0.256  0.383  0.347  0.193  0.053 -0.289 -0.541 -0.578 -0.540
 -0.407 -0.316 -0.256 -0.091  0.197  0.187  0.212  0.074  0.059  0.072  0.171  0.175  0.214  0.005 -0.020 -0.209 -0.299 -0.393 -0.417 -0.360 -0.267 -0.077  0.093  0.265  0.238  0.345  0.526  0.664  0.764  0.796  0.863  1.000  0.865  0.729  0.760  0.584  0.438  0.383  0.240  0.272  0.356  0.165  0.183  0.133  0.005  0.047  0.094  0.103  0.137  0.080  0.107  0.195  0.108 -0.065 -0.224 -0.375 -0.432 -0.322 -0.301 -0.411 -0.420 -0.410 -0.417 -0.359 -0.330 -0.149  0.015  0.137  0.233  0.173  0.035 -0.060 -0.279 -0.383 -0.389 -0.353
 -0.326 -0.218 -0.151  0.007  0.235  0.214  0.176  0.038  0.015  0.089  0.213  0.216  0.235  0.063  0.018 -0.172 -0.273 -0.366 -0.403 -0.376 -0.304 -0.148 -0.007  0.150  0.124  0.248  0.395  0.492  0.671  0.769  0.731  0.865  1.000  0.852  0.739  0.559  0.290  0.223  0.086  0.153  0.277  0.067  0.113  0.103  0.012  0.041  0.062  0.076  0.090  0.036  0.040  0.124  0.020 -0.133 -0.268 -0.375 -0.413 -0.332 -0.295 -0.380 -0.357 -0.313 -0.303 -0.224 -0.199 -0.038  0.063  0.136  0.193  0.139  0.027 -0.057 -0.209 -0.317 -0.331 -0.301
 -0.346 -0.233 -0.139  0.045  0.274  0.258  0.202  0.061  0.006  0.113  0.263  0.249  0.246  0.071 -0.001 -0.179 -0.287 -0.396 -0.423 -0.410 -0.335 -0.179 -0.012  0.124  0.058  0.172  0.392  0.446  0.515  0.725  0.750  0.729  0.852  1.000  0.893  0.775  0.489  0.375  0.269  0.309  0.403  0.178  0.190  0.172  0.059  0.049  0.088  0.109  0.150  0.072  0.055  0.114 -0.013 -0.155 -0.293 -0.385 -0.426 -0.340 -0.288 -0.376 -0.348 -0.320 -0.314 -0.216 -0.167  0.025  0.134  0.212  0.284  0.265  0.169  0.057 -0.185 -0.410 -0.455 -0.431
 -0.427 -0.326 -0.225 -0.037  0.261  0.255  0.260  0.128  0.064  0.091  0.235  0.213  0.233  0.016 -0.042 -0.232 -0.332 -0.439 -0.458 -0.409 -0.317 -0.131  0.057  0.210  0.130  0.223  0.483  0.559  0.537  0.718  0.828  0.760  0.739  0.893  1.000  0.893  0.684  0.543  0.429  0.459  0.514  0.304  0.279  0.227  0.078  0.069  0.127  0.142  0.207  0.126  0.127  0.186  0.062 -0.099 -0.261 -0.394 -0.452 -0.337 -0.292 -0.406 -0.397 -0.404 -0.412 -0.330 -0.265 -0.053  0.126  0.260  0.369  0.360  0.232  0.099 -0.241 -0.506 -0.547 -0.517
 -0.448 -0.365 -0.253 -0.078  0.229  0.253  0.284  0.196  0.101  0.050  0.174  0.143  0.151 -0.057 -0.096 -0.267 -0.347 -0.441 -0.432 -0.370 -0.278 -0.086  0.098  0.216  0.130  0.203  0.479  0.516  0.413  0.639  0.766  0.584  0.559  0.775  0.893  1.000  0.829  0.651  0.553  0.581  0.595  0.419  0.356  0.289  0.120  0.080  0.158  0.172  0.267  0.187  0.185  0.211  0.099 -0.033 -0.199 -0.335 -0.395 -0.271 -0.231 -0.362 -0.358 -0.402 -0.425 -0.349 -0.262 -0.041  0.160  0.316  0.428  0.453  0.333  0.190 -0.209 -0.551 -0.613 -0.584
 -0.450 -0.389 -0.293 -0.130  0.184  0.232  0.307  0.232  0.158  0.043  0.134  0.115  0.127 -0.072 -0.103 -0.253 -0.319 -0.422 -0.401 -0.323 -0.224 -0.019  0.187  0.259  0.184  0.270  0.526  0.534  0.341  0.512  0.686  0.438  0.290  0.489  0.684  0.829  1.000  0.857  0.716  0.667  0.591  0.511  0.408  0.297  0.113  0.066  0.162  0.178  0.287  0.225  0.235  0.241  0.134  0.016 -0.147 -0.284 -0.357 -0.230 -0.197 -0.339 -0.359 -0.438 -0.465 -0.407 -0.316 -0.098  0.124  0.311  0.432  0.456  0.328  0.210 -0.199 -0.556 -0.615 -0.582
 -0.458 -0.411 -0.310 -0.152  0.147  0.216  0.307  0.239  0.201  0.047  0.101  0.092  0.096 -0.090 -0.100 -0.245 -0.307 -0.411 -0.392 -0.312 -0.196  0.039  0.278  0.340  0.244  0.344  0.598  0.549  0.338  0.474  0.620  0.383  0.223  0.375  0.543  0.651  0.857  1.000  0.832  0.636  0.612  0.553  0.473  0.338  0.141  0.090  0.198  0.214  0.331  0.286  0.288  0.300  0.183  0.063 -0.117 -0.267 -0.347 -0.201 -0.177 -0.330 -0.377 -0.458 -0.490 -0.443 -0.354 -0.122  0.102  0.306  0.413  0.427  0.289  0.161 -0.218 -0.561 -0.615 -0.574
 -0.401 -0.379 -0.267 -0.138  0.112  0.183  0.299  0.248  0.205  0.027  0.056  0.046  0.048 -0.108 -0.106 -0.226 -0.264 -0.339 -0.317 -0.246 -0.158  0.033  0.226  0.249  0.166  0.248  0.470  0.417  0.180  0.334  0.493  0.240  0.086  0.269  0.429  0.553  0.716  0.832  1.000  0.761  0.673  0.646  0.514  0.350  0.135  0.050  0.165  0.184  0.319  0.275  0.261  0.230  0.145  0.076 -0.084 -0.206 -0.259 -0.127 -0.097 -0.239 -0.308 -0.403 -0.428 -0.397 -0.311 -0.115  0.101  0.309  0.429  0.497  0.413  0.274 -0.147 -0.501 -0.595 -0.580
 -0.464 -0.433 -0.281 -0.112  0.189  0.275  0.357  0.283  0.183 -0.033  0.044  0.033  0.046 -0.142 -0.164 -0.299 -0.334 -0.409 -0.375 -0.299 -0.203  0.024  0.208  0.247  0.159  0.215  0.413  0.393  0.210  0.371  0.488  0.272  0.153  0.309  0.459  0.581  0.667  0.636  0.761  1.000  0.838  0.758  0.602  0.449  0.196  0.068  0.203  0.238  0.394  0.320  0.292  0.257  0.172  0.095 -0.090 -0.223 -0.291 -0.130 -0.069 -0.240 -0.282 -0.396 -0.445 -0.393 -0.276 -0.080  0.201  0.436  0.600  0.687  0.639  0.471 -0.094 -0.546 -0.670 -0.669
 -0.531 -0.487 -0.299 -0.092  0.264  0.366  0.415  0.313  0.209 -0.030  0.059  0.067  0.078 -0.146 -0.164 -0.334 -0.381 -0.479 -0.448 -0.355 -0.230  0.041  0.267  0.341  0.221  0.276  0.510  0.467  0.315  0.478  0.540  0.356  0.277  0.403  0.514  0.595  0.591  0.612  0.673  0.838  1.000  0.786  0.688  0.561  0.299  0.146  0.283  0.324  0.482  0.410  0.371  0.347  0.228  0.126 -0.106 -0.274 -0.360 -0.168 -0.105 -0.299 -0.338 -0.443 -0.499 -0.424 -0.276 -0.032  0.287  0.542  0.698  0.743  0.630  0.346 -0.193 -0.622 -0.736 -0.726
 -0.461 -0.421 -0.257 -0.046  0.251  0.343  0.436  0.324  0.259 -0.006  0.065  0.078  0.081 -0.109 -0.158 -0.302 -0.358 -0.441 -0.390 -0.318 -0.238 -0.017  0.196  0.197  0.113  0.211  0.366  0.295  0.150  0.279  0.350  0.165  0.067  0.178  0.304  0.419  0.511  0.553  0.646  0.758  0.786  1.000  0.814  0.584  0.296  0.093  0.223  0.264  0.449  0.397  0.306  0.212  0.112  0.075 -0.106 -0.214 -0.279 -0.117 -0.047 -0.206 -0.248 -0.372 -0.421 -0.348 -0.212  0.001  0.299  0.555  0.714  0.799  0.628  0.425 -0.112 -0.553 -0.654 -0.651
 -0.506 -0.446 -0.261 -0.019  0.310  0.394  0.454  0.326  0.260  0.021  0.117  0.119  0.110 -0.109 -0.173 -0.348 -0.408 -0.501 -0.444 -0.373 -0.279  0.007  0.279  0.278  0.138  0.250  0.411  0.313  0.176  0.289  0.325  0.183  0.113  0.190  0.279  0.356  0.408  0.473  0.514  0.602  0.688  0.814  1.000  0.805  0.507  0.232  0.370  0.412  0.609  0.553  0.429  0.338  0.193  0.125 -0.102 -0.227 -0.316 -0.128 -0.041 -0.222 -0.247 -0.365 -0.425 -0.336 -0.170  0.074  0.404  0.672  0.736  0.704  0.495  0.229 -0.211 -0.590 -0.679 -0.669
 -0.475 -0.431 -0.235 -0.005  0.303  0.405  0.399  0.311  0.209 -0.033  0.049  0.031  0.015 -0.198 -0.241 -0.389 -0.406 -0.470 -0.382 -0.333 -0.268  0.006  0.241  0.247  0.074  0.147  0.310  0.216  0.094  0.219  0.242  0.133  0.103  0.172  0.227  0.289  0.297  0.338  0.350  0.449  0.561  0.584  0.805  1.000  0.785  0.467  0.602  0.628  0.679  0.552  0.438  0.348  0.223  0.168 -0.048 -0.155 -0.242 -0.068  0.023 -0.143 -0.145 -0.250 -0.326 -0.246 -0.048  0.180  0.509  0.737  0.678  0.597  0.403  0.086 -0.235 -0.568 -0.641 -0.628
 -0.335 -0.306 -0.164  0.002  0.215  0.292  0.237  0.191  0.102 -0.073 -0.006 -0.031 -0.045 -0.190 -0.225 -0.345 -0.324 -0.348 -0.254 -0.244 -0.237 -0.029  0.173  0.154 -0.024  0.027  0.150  0.047 -0.037  0.067  0.065  0.005  0.012  0.059  0.078  0.120  0.113  0.141  0.135  0.196  0.299  0.296  0.507  0.785  1.000  0.713  0.652  0.630  0.521  0.469  0.369  0.273  0.167  0.143 -0.012 -0.062 -0.141 -0.019  0.067 -0.043  0.001 -0.047 -0.156 -0.099  0.106  0.274  0.478  0.570  0.437  0.338  0.217 -0.048 -0.167 -0.384 -0.435 -0.428
 -0.227 -0.221 -0.132 -0.043  0.109  0.156  0.115  0.096  0.050 -0.077 -0.035 -0.067 -0.048 -0.159 -0.153 -0.240 -0.198 -0.218 -0.183 -0.163 -0.156  0.001  0.137  0.149 -0.008  0.017  0.128  0.051 -0.008  0.059  0.056  0.047  0.041  0.049  0.069  0.080  0.066  0.090  0.050  0.068  0.146  0.093  0.232  0.467  0.713  1.000  0.760  0.557  0.359  0.301  0.264  0.241  0.176  0.122  0.008 -0.051 -0.116 -0.023  0.022 -0.049 -0.015 -0.049 -0.121 -0.105  0.004  0.108  0.262  0.333  0.227  0.136  0.055 -0.156 -0.182 -0.278 -0.287 -0.279
 -0.326 -0.330 -0.190 -0.072  0.140  0.212  0.192  0.178  0.089 -0.091 -0.038 -0.071 -0.057 -0.195 -0.209 -0.300 -0.257 -0.294 -0.245 -0.194 -0.159  0.044  0.191  0.212  0.038  0.065  0.211  0.127  0.034  0.122  0.137  0.094  0.062  0.088  0.127  0.158  0.162  0.198  0.165  0.203  0.283  0.223  0.370  0.602  0.652  0.760  1.000  0.750  0.540  0.364  0.309  0.310  0.237  0.168  0.013 -0.070 -0.135 -0.011  0.033 -0.069 -0.066 -0.133 -0.212 -0.185 -0.060  0.078  0.296  0.432  0.355  0.257  0.157 -0.089 -0.218 -0.391 -0.417 -0.404
 -0.374 -0.370 -0.222 -0.094  0.142  0.204  0.178  0.146  0.093 -0.029 -0.007 -0.037 -0.054 -0.224 -0.231 -0.335 -0.311 -0.351 -0.290 -0.210 -0.147  0.097  0.283  0.292  0.115  0.126  0.264  0.186  0.078  0.152  0.159  0.103  0.076  0.109  0.142  0.172  0.178  0.214  0.184  0.238  0.324  0.264  0.412  0.628  0.630  0.557  0.750  1.000  0.760  0.548  0.431  0.406  0.282  0.213  0.034 -0.061 -0.156 -0.013  0.052 -0.084 -0.097 -0.186 -0.264 -0.235 -0.099  0.063  0.297  0.404  0.362  0.294  0.197 -0.045 -0.191 -0.408 -0.473 -0.459
 -0.479 -0.471 -0.301 -0.134  0.182  0.260  0.264  0.203  0.164  0.005  0.041 -0.004 -0.026 -0.250 -0.271 -0.388 -0.378 -0.432 -0.344 -0.239 -0.135  0.174  0.407  0.400  0.215  0.227  0.383  0.297  0.146  0.220  0.245  0.137  0.090  0.150  0.207  0.267  0.287  0.331  0.319  0.394  0.482  0.449  0.609  0.679  0.521  0.359  0.540  0.760  1.000  0.780  0.604  0.530  0.368  0.312  0.085 -0.062 -0.177  0.027  0.101 -0.097 -0.136 -0.289 -0.385 -0.345 -0.176  0.037  0.333  0.497  0.505  0.460  0.319  0.053 -0.218 -0.531 -0.610 -0.597
 -0.473 -0.485 -0.339 -0.221  0.076  0.146  0.176  0.161  0.128 -0.041 -0.024 -0.095 -0.113 -0.306 -0.301 -0.412 -0.366 -0.387 -0.279 -0.149 -0.039  0.309  0.521  0.491  0.306  0.275  0.385  0.303  0.134  0.161  0.177  0.080  0.036  0.072  0.126  0.187  0.225  0.286  0.275  0.320  0.410  0.397  0.553  0.552  0.469  0.301  0.364  0.548  0.780  1.000  0.832  0.673  0.501  0.481  0.229  0.053 -0.077  0.158  0.219 -0.014 -0.070 -0.253 -0.400 -0.385 -0.201 -0.013  0.265  0.383  0.395  0.368  0.257 -0.000 -0.205 -0.456 -0.533 -0.524
 -0.478 -0.536 -0.398 -0.335 -0.014  0.058  0.113  0.155  0.102 -0.085 -0.105 -0.196 -0.200 -0.396 -0.341 -0.425 -0.323 -0.314 -0.198 -0.021  0.109  0.491  0.635  0.613  0.439  0.323  0.416  0.371  0.179  0.162  0.195  0.107  0.040  0.055  0.127  0.185  0.235  0.288  0.261  0.292  0.371  0.306  0.429  0.438  0.369  0.264  0.309  0.431  0.604  0.832  1.000  0.851  0.712  0.677  0.407  0.161  0.017  0.276  0.268  0.005 -0.077 -0.277 -0.452 -0.480 -0.285 -0.129  0.172  0.280  0.317  0.291  0.214 -0.051 -0.224 -0.431 -0.504 -0.486
 -0.465 -0.525 -0.420 -0.374 -0.034  0.029  0.108  0.148  0.099 -0.072 -0.089 -0.172 -0.149 -0.349 -0.271 -0.360 -0.245 -0.254 -0.179  0.026  0.209  0.614  0.758  0.778  0.606  0.473  0.552  0.497  0.306  0.265  0.274  0.195  0.124  0.114  0.186  0.211  0.241  0.300  0.230  0.257  0.347  0.212  0.338  0.348  0.273  0.241  0.310  0.406  0.530  0.673  0.851  1.000  0.832  0.688  0.419  0.121 -0.057  0.187  0.123 -0.134 -0.208 -0.369 -0.510 -0.542 -0.382 -0.237  0.078  0.208  0.269  0.218  0.119 -0.119 -0.296 -0.443 -0.496 -0.463
 -0.370 -0.490 -0.415 -0.464 -0.177 -0.122 -0.019  0.089  0.047 -0.170 -0.236 -0.339 -0.312 -0.455 -0.326 -0.341 -0.154 -0.083  0.022  0.239  0.374  0.696  0.678  0.700  0.573  0.380  0.402  0.391  0.219  0.140  0.162  0.108  0.020 -0.013  0.062  0.099  0.134  0.183  0.145  0.172  0.228  0.112  0.193  0.223  0.167  0.176  0.237  0.282  0.368  0.501  0.712  0.832  1.000  0.845  0.613  0.317  0.182  0.401  0.270  0.035 -0.076 -0.252 -0.417 -0.512 -0.366 -0.315 -0.016  0.067  0.124  0.092  0.036 -0.176 -0.255 -0.303 -0.337 -0.306
 -0.270 -0.439 -0.391 -0.493 -0.295 -0.230 -0.129  0.042 -0.011 -0.232 -0.331 -0.456 -0.454 -0.544 -0.411 -0.344 -0.113  0.036  0.197  0.408  0.485  0.735  0.617  0.536  0.443  0.228  0.191  0.191  0.029 -0.055 -0.017 -0.065 -0.133 -0.155 -0.099 -0.033  0.016  0.063  0.076  0.095  0.126  0.075  0.125  0.168  0.143  0.122  0.168  0.213  0.312  0.481  0.677  0.688  0.845  1.000  0.827  0.549  0.433  0.638  0.480  0.261  0.126 -0.092 -0.282 -0.418 -0.268 -0.289 -0.054 -0.009  0.022  0.030  0.050 -0.151 -0.137 -0.170 -0.224 -0.214
 -0.046 -0.236 -0.295 -0.486 -0.430 -0.384 -0.278 -0.065 -0.112 -0.240 -0.390 -0.516 -0.511 -0.508 -0.366 -0.194  0.079  0.293  0.475  0.648  0.645  0.686  0.442  0.329  0.320  0.067 -0.030 -0.003 -0.139 -0.249 -0.206 -0.224 -0.268 -0.293 -0.261 -0.199 -0.147 -0.117 -0.084 -0.090 -0.106 -0.106 -0.102 -0.048 -0.012  0.008  0.013  0.034  0.085  0.229  0.407  0.419  0.613  0.827  1.000  0.791  0.669  0.749  0.555  0.427  0.304  0.093 -0.079 -0.242 -0.141 -0.284 -0.185 -0.204 -0.192 -0.155 -0.070 -0.168 -0.027  0.057  0.016  0.007
  0.141 -0.009 -0.123 -0.329 -0.435 -0.400 -0.335 -0.136 -0.173 -0.217 -0.365 -0.462 -0.473 -0.389 -0.298 -0.084  0.163  0.399  0.614  0.636  0.533  0.434  0.196  0.038  0.066 -0.117 -0.250 -0.246 -0.318 -0.397 -0.380 -0.375 -0.375 -0.385 -0.394 -0.335 -0.284 -0.267 -0.206 -0.223 -0.274 -0.214 -0.227 -0.155 -0.062 -0.051 -0.070 -0.061 -0.062  0.053  0.161  0.121  0.317  0.549  0.791  1.000  0.823  0.735  0.660  0.632  0.582  0.356  0.184  0.022  0.081 -0.149 -0.196 -0.268 -0.310 -0.251 -0.118 -0.135  0.076  0.204  0.174  0.155
  0.242  0.082 -0.027 -0.299 -0.484 -0.467 -0.410 -0.184 -0.224 -0.251 -0.411 -0.512 -0.527 -0.384 -0.287 -0.039  0.186  0.461  0.671  0.690  0.496  0.317  0.018 -0.130 -0.073 -0.240 -0.394 -0.372 -0.408 -0.489 -0.462 -0.432 -0.413 -0.426 -0.452 -0.395 -0.357 -0.347 -0.259 -0.291 -0.360 -0.279 -0.316 -0.242 -0.141 -0.116 -0.135 -0.156 -0.177 -0.077  0.017 -0.057  0.182  0.433  0.669  0.823  1.000  0.853  0.696  0.752  0.600  0.425  0.289  0.123  0.145 -0.125 -0.221 -0.345 -0.393 -0.329 -0.148 -0.129  0.171  0.340  0.324  0.293
  0.023 -0.148 -0.145 -0.366 -0.428 -0.384 -0.319 -0.095 -0.141 -0.276 -0.412 -0.533 -0.558 -0.503 -0.408 -0.230 -0.003  0.253  0.483  0.573  0.421  0.413  0.182  0.046  0.035 -0.136 -0.240 -0.229 -0.300 -0.367 -0.328 -0.322 -0.332 -0.340 -0.337 -0.271 -0.230 -0.201 -0.127 -0.130 -0.168 -0.117 -0.128 -0.068 -0.019 -0.023 -0.011 -0.013  0.027  0.158  0.276  0.187  0.401  0.638  0.749  0.735  0.853  1.000  0.836  0.717  0.498  0.276  0.104 -0.048  0.034 -0.151 -0.132 -0.208 -0.226 -0.171 -0.030 -0.114  0.087  0.146  0.124  0.104
 -0.020 -0.135 -0.092 -0.249 -0.319 -0.267 -0.238 -0.057 -0.120 -0.248 -0.343 -0.448 -0.481 -0.450 -0.410 -0.288 -0.105  0.125  0.348  0.398  0.235  0.237  0.100 -0.032 -0.072 -0.179 -0.246 -0.260 -0.313 -0.330 -0.297 -0.301 -0.295 -0.288 -0.292 -0.231 -0.197 -0.177 -0.097 -0.069 -0.105 -0.047 -0.041  0.023  0.067  0.022  0.033  0.052  0.101  0.219  0.268  0.123  0.270  0.480  0.555  0.660  0.696  0.836  1.000  0.812  0.662  0.382  0.182  0.043  0.140 -0.025 -0.025 -0.092 -0.126 -0.070  0.055 -0.051  0.091  0.073  0.047  0.024
  0.193  0.096  0.063 -0.141 -0.349 -0.327 -0.340 -0.155 -0.188 -0.237 -0.342 -0.423 -0.452 -0.333 -0.293 -0.132  0.016  0.258  0.454  0.438  0.219  0.102 -0.098 -0.240 -0.223 -0.307 -0.432 -0.442 -0.431 -0.465 -0.444 -0.411 -0.380 -0.376 -0.406 -0.362 -0.339 -0.330 -0.239 -0.240 -0.299 -0.206 -0.222 -0.143 -0.043 -0.049 -0.069 -0.084 -0.097 -0.014  0.005 -0.134  0.035  0.261  0.427  0.632  0.752  0.717  0.812  1.000  0.820  0.575  0.398  0.252  0.294  0.047 -0.081 -0.216 -0.284 -0.234 -0.067 -0.079  0.175  0.272  0.271  0.234
  0.259  0.216  0.134 -0.049 -0.289 -0.288 -0.335 -0.183 -0.219 -0.190 -0.281 -0.351 -0.371 -0.228 -0.207 -0.039  0.074  0.251  0.398  0.330  0.138 -0.012 -0.182 -0.313 -0.296 -0.355 -0.464 -0.478 -0.447 -0.455 -0.457 -0.420 -0.357 -0.348 -0.397 -0.358 -0.359 -0.377 -0.308 -0.282 -0.338 -0.248 -0.247 -0.145  0.001 -0.015 -0.066 -0.097 -0.136 -0.070 -0.077 -0.208 -0.076  0.126  0.304  0.582  0.600  0.498  0.662  0.820  1.000  0.781  0.567  0.389  0.443  0.150 -0.040 -0.181 -0.278 -0.231 -0.064 -0.051  0.187  0.281  0.281  0.247
  0.446  0.415  0.289  0.064 -0.268 -0.301 -0.378 -0.270 -0.271 -0.147 -0.224 -0.258 -0.274 -0.070 -0.046  0.140  0.204  0.325  0.378  0.245  0.073 -0.147 -0.318 -0.423 -0.368 -0.401 -0.518 -0.525 -0.444 -0.458 -0.485 -0.410 -0.313 -0.320 -0.404 -0.402 -0.438 -0.458 -0.403 -0.396 -0.443 -0.372 -0.365 -0.250 -0.047 -0.049 -0.133 -0.186 -0.289 -0.253 -0.277 -0.369 -0.252 -0.092  0.093  0.356  0.425  0.276  0.382  0.575  0.781  1.000  0.782  0.565  0.563  0.217 -0.081 -0.254 -0.373 -0.328 -0.149 -0.069  0.241  0.406  0.414  0.379
  0.627  0.614  0.502  0.265 -0.175 -0.234 -0.352 -0.301 -0.275 -0.108 -0.159 -0.137 -0.137  0.134  0.173  0.379  0.361  0.392  0.343  0.164  0.025 -0.268 -0.437 -0.524 -0.437 -0.448 -0.562 -0.572 -0.465 -0.472 -0.505 -0.417 -0.303 -0.314 -0.412 -0.425 -0.465 -0.490 -0.428 -0.445 -0.499 -0.421 -0.425 -0.326 -0.156 -0.121 -0.212 -0.264 -0.385 -0.400 -0.452 -0.510 -0.417 -0.282 -0.079  0.184  0.289  0.104  0.182  0.398  0.567  0.782  1.000  0.817  0.624  0.313 -0.069 -0.272 -0.401 -0.356 -0.180 -0.036  0.287  0.445  0.468  0.440
  0.554  0.630  0.611  0.500  0.047 -0.022 -0.232 -0.267 -0.228 -0.049 -0.033  0.052  0.047  0.297  0.272  0.375  0.267  0.242  0.188 -0.022 -0.139 -0.405 -0.489 -0.559 -0.501 -0.445 -0.525 -0.552 -0.412 -0.380 -0.437 -0.359 -0.224 -0.216 -0.330 -0.349 -0.407 -0.443 -0.397 -0.393 -0.424 -0.348 -0.336 -0.246 -0.099 -0.105 -0.185 -0.235 -0.345 -0.385 -0.480 -0.542 -0.512 -0.418 -0.242  0.022  0.123 -0.048  0.043  0.252  0.389  0.565  0.817  1.000  0.789  0.533  0.120 -0.118 -0.273 -0.251 -0.120  0.011  0.275  0.348  0.379  0.349
  0.319  0.376  0.474  0.459  0.134  0.107 -0.141 -0.169 -0.176 -0.070 -0.029  0.031 -0.000  0.145  0.075  0.097  0.061  0.077  0.111 -0.057 -0.192 -0.345 -0.380 -0.459 -0.456 -0.392 -0.446 -0.492 -0.383 -0.321 -0.373 -0.330 -0.199 -0.167 -0.265 -0.262 -0.316 -0.354 -0.311 -0.276 -0.276 -0.212 -0.170 -0.048  0.106  0.004 -0.060 -0.099 -0.176 -0.201 -0.285 -0.382 -0.366 -0.268 -0.141  0.081  0.145  0.034  0.140  0.294  0.443  0.563  0.624  0.789  1.000  0.705  0.346  0.081 -0.102 -0.102 -0.006  0.013  0.222  0.194  0.197  0.169
  0.067  0.156  0.404  0.621  0.454  0.456  0.129  0.001 -0.034 -0.008  0.118  0.213  0.179  0.234  0.116 -0.009 -0.110 -0.182 -0.156 -0.305 -0.369 -0.392 -0.292 -0.325 -0.393 -0.258 -0.206 -0.284 -0.205 -0.084 -0.137 -0.149 -0.038  0.025 -0.053 -0.041 -0.098 -0.122 -0.115 -0.080 -0.032  0.001  0.074  0.180  0.274  0.108  0.078  0.063  0.037 -0.013 -0.129 -0.237 -0.315 -0.289 -0.284 -0.149 -0.125 -0.151 -0.025  0.047  0.150  0.217  0.313  0.533  0.705  1.000  0.696  0.372  0.177  0.130  0.114  0.044  0.077 -0.076 -0.084 -0.096
 -0.245 -0.160  0.161  0.429  0.605  0.598  0.334  0.204  0.098 -0.055  0.108  0.173  0.171  0.059 -0.011 -0.213 -0.292 -0.377 -0.327 -0.366 -0.353 -0.201 -0.035 -0.031 -0.165 -0.057  0.072 -0.017 -0.027  0.112  0.084  0.015  0.063  0.134  0.126  0.160  0.124  0.102  0.101  0.201  0.287  0.299  0.404  0.509  0.478  0.262  0.296  0.297  0.333  0.265  0.172  0.078 -0.016 -0.054 -0.185 -0.196 -0.221 -0.132 -0.025 -0.081 -0.040 -0.081 -0.069  0.120  0.346  0.696  1.000  0.716  0.534  0.411  0.293  0.076 -0.076 -0.368 -0.412 -0.415
 -0.426 -0.337 -0.087  0.211  0.537  0.639  0.595  0.442  0.266 -0.041  0.139  0.189  0.194 -0.021 -0.113 -0.308 -0.366 -0.473 -0.435 -0.432 -0.367 -0.135  0.100  0.127 -0.032  0.083  0.262  0.164  0.103  0.263  0.256  0.137  0.136  0.212  0.260  0.316  0.311  0.306  0.309  0.436  0.542  0.555  0.672  0.737  0.570  0.333  0.432  0.404  0.497  0.383  0.280  0.208  0.067 -0.009 -0.204 -0.268 -0.345 -0.208 -0.092 -0.216 -0.181 -0.254 -0.272 -0.118  0.081  0.372  0.716  1.000  0.842  0.661  0.422  0.124 -0.226 -0.576 -0.631 -0.617
 -0.500 -0.417 -0.189  0.107  0.499  0.599  0.607  0.429  0.278 -0.015  0.143  0.180  0.211 -0.034 -0.122 -0.326 -0.389 -0.504 -0.484 -0.435 -0.334 -0.070  0.167  0.225  0.083  0.176  0.372  0.303  0.198  0.354  0.383  0.233  0.193  0.284  0.369  0.428  0.432  0.413  0.429  0.600  0.698  0.714  0.736  0.678  0.437  0.227  0.355  0.362  0.505  0.395  0.317  0.269  0.124  0.022 -0.192 -0.310 -0.393 -0.226 -0.126 -0.284 -0.278 -0.373 -0.401 -0.273 -0.102  0.177  0.534  0.842  1.000  0.828  0.567  0.255 -0.210 -0.629 -0.701 -0.692
 -0.454 -0.391 -0.191  0.062  0.375  0.472  0.468  0.296  0.183 -0.016  0.093  0.123  0.145 -0.063 -0.138 -0.300 -0.355 -0.452 -0.425 -0.382 -0.290 -0.065  0.146  0.176  0.071  0.140  0.317  0.257  0.135  0.303  0.347  0.173  0.139  0.265  0.360  0.453  0.456  0.427  0.497  0.687  0.743  0.799  0.704  0.597  0.338  0.136  0.257  0.294  0.460  0.368  0.291  0.218  0.092  0.030 -0.155 -0.251 -0.329 -0.171 -0.070 -0.234 -0.231 -0.328 -0.356 -0.251 -0.102  0.130  0.411  0.661  0.828  1.000  0.769  0.458 -0.068 -0.574 -0.678 -0.676
 -0.298 -0.287 -0.116  0.024  0.199  0.279  0.235  0.172  0.024 -0.074 -0.014 -0.027 -0.037 -0.142 -0.181 -0.261 -0.286 -0.319 -0.265 -0.243 -0.204 -0.057  0.061  0.050 -0.025  0.012  0.144  0.092 -0.024  0.140  0.193  0.035  0.027  0.169  0.232  0.333  0.328  0.289  0.413  0.639  0.630  0.628  0.495  0.403  0.217  0.055  0.157  0.197  0.319  0.257  0.214  0.119  0.036  0.050 -0.070 -0.118 -0.148 -0.030  0.055 -0.067 -0.064 -0.149 -0.180 -0.120 -0.006  0.114  0.293  0.422  0.567  0.769  1.000  0.744  0.262 -0.372 -0.534 -0.562
 -0.076 -0.063  0.008  0.078  0.080  0.101  0.077  0.017 -0.048 -0.019  0.005  0.024  0.017  0.022 -0.030 -0.041 -0.110 -0.150 -0.165 -0.176 -0.166 -0.158 -0.107 -0.127 -0.106 -0.054 -0.007 -0.028 -0.092  0.013  0.053 -0.060 -0.057  0.057  0.099  0.190  0.210  0.161  0.274  0.471  0.346  0.425  0.229  0.086 -0.048 -0.156 -0.089 -0.045  0.053 -0.000 -0.051 -0.119 -0.176 -0.151 -0.168 -0.135 -0.129 -0.114 -0.051 -0.079 -0.051 -0.069 -0.036  0.011  0.013  0.044  0.076  0.124  0.255  0.458  0.744  1.000  0.516 -0.089 -0.255 -0.304
  0.239  0.203  0.192  0.072 -0.115 -0.148 -0.262 -0.216 -0.224 -0.106 -0.139 -0.121 -0.133  0.012  0.009  0.106  0.086  0.145  0.149  0.098 -0.000 -0.135 -0.253 -0.321 -0.242 -0.240 -0.329 -0.324 -0.295 -0.283 -0.289 -0.279 -0.209 -0.185 -0.241 -0.209 -0.199 -0.218 -0.147 -0.094 -0.193 -0.112 -0.211 -0.235 -0.167 -0.182 -0.218 -0.191 -0.218 -0.205 -0.224 -0.296 -0.255 -0.137 -0.027  0.076  0.171  0.087  0.091  0.175  0.187  0.241  0.287  0.275  0.222  0.077 -0.076 -0.226 -0.210 -0.068  0.262  0.516  1.000  0.373  0.197  0.102
  0.491  0.429  0.217 -0.028 -0.392 -0.462 -0.513 -0.440 -0.390 -0.124 -0.263 -0.226 -0.219  0.031  0.071  0.268  0.316  0.439  0.413  0.348  0.201 -0.094 -0.337 -0.408 -0.252 -0.325 -0.555 -0.489 -0.356 -0.502 -0.541 -0.383 -0.317 -0.410 -0.506 -0.551 -0.556 -0.561 -0.501 -0.546 -0.622 -0.553 -0.590 -0.568 -0.384 -0.278 -0.391 -0.408 -0.531 -0.456 -0.431 -0.443 -0.303 -0.170  0.057  0.204  0.340  0.146  0.073  0.272  0.281  0.406  0.445  0.348  0.194 -0.076 -0.368 -0.576 -0.629 -0.574 -0.372 -0.089  0.373  1.000  0.828  0.671
  0.536  0.481  0.245 -0.011 -0.406 -0.481 -0.512 -0.437 -0.361 -0.124 -0.256 -0.205 -0.199  0.068  0.114  0.310  0.343  0.475  0.437  0.344  0.194 -0.127 -0.389 -0.448 -0.282 -0.341 -0.589 -0.525 -0.346 -0.520 -0.578 -0.389 -0.331 -0.455 -0.547 -0.613 -0.615 -0.615 -0.595 -0.670 -0.736 -0.654 -0.679 -0.641 -0.435 -0.287 -0.417 -0.473 -0.610 -0.533 -0.504 -0.496 -0.337 -0.224  0.016  0.174  0.324  0.124  0.047  0.271  0.281  0.414  0.468  0.379  0.197 -0.084 -0.412 -0.631 -0.701 -0.678 -0.534 -0.255  0.197  0.828  1.000  0.901
