  1.000  0.746  0.478  0.160 -0.225 -0.329 -0.356 -0.275 -0.272 -0.238 -0.287 -0.205 -0.141  0.168  0.255  0.606  0.636  0.617  0.459  0.317  0.232 -0.082 -0.307 -0.371 -0.241 -0.317 -0.479 -0.454 -0.390 -0.454 -0.472 -0.400 -0.349 -0.372 -0.430 -0.443 -0.445 -0.465 -0.401 -0.429 -0.498 -0.403 -0.454 -0.420 -0.298 -0.199 -0.299 -0.338 -0.437 -0.417 -0.429 -0.411 -0.310 -0.206  0.023  0.168  0.258  0.078  0.022  0.208  0.266  0.452  0.629  0.525  0.298  0.016 -0.227 -0.404 -0.463 -0.415 -0.326 -0.047  0.283  0.476  0.469  0.427
  0.746  1.000  0.623  0.357 -0.018 -0.146 -0.230 -0.210 -0.216 -0.165 -0.132 -0.005  0.062  0.367  0.454  0.628  0.459  0.422  0.263  0.114  0.022 -0.256 -0.376 -0.419 -0.318 -0.297 -0.406 -0.410 -0.315 -0.339 -0.379 -0.317 -0.253 -0.270 -0.337 -0.361 -0.375 -0.393 -0.340 -0.378 -0.431 -0.324 -0.366 -0.350 -0.246 -0.174 -0.268 -0.315 -0.401 -0.396 -0.461 -0.461 -0.425 -0.366 -0.168  0.013  0.080 -0.106 -0.102  0.091  0.208  0.394  0.569  0.598  0.366  0.131 -0.109 -0.275 -0.343 -0.315 -0.267 -0.014  0.248  0.391  0.381  0.339
  0.478  0.623  1.000  0.683  0.301  0.154 -0.009 -0.076 -0.082 -0.012  0.066  0.222  0.258  0.506  0.501  0.430  0.313  0.153  0.040 -0.104 -0.155 -0.336 -0.336 -0.358 -0.356 -0.263 -0.267 -0.320 -0.239 -0.174 -0.217 -0.205 -0.129 -0.110 -0.170 -0.184 -0.204 -0.234 -0.200 -0.191 -0.224 -0.127 -0.147 -0.110 -0.061 -0.040 -0.087 -0.128 -0.184 -0.233 -0.311 -0.353 -0.368 -0.343 -0.249 -0.108 -0.052 -0.125 -0.048  0.048  0.122  0.256  0.440  0.560  0.457  0.412  0.234  0.011 -0.086 -0.083 -0.088  0.036  0.064  0.072  0.091  0.068
  0.160  0.357  0.683  1.000  0.701  0.546  0.318  0.123  0.143  0.237  0.427  0.571  0.557  0.647  0.472  0.254  0.063 -0.141 -0.247 -0.382 -0.388 -0.463 -0.316 -0.304 -0.356 -0.169 -0.082 -0.167 -0.075  0.058  0.002 -0.024  0.056  0.102  0.047  0.026 -0.010 -0.043 -0.025  0.008  0.013  0.103  0.111  0.118  0.085  0.042  0.028 -0.008 -0.022 -0.118 -0.237 -0.292 -0.407 -0.454 -0.449 -0.323 -0.312 -0.343 -0.211 -0.166 -0.076  0.007  0.174  0.430  0.436  0.638  0.516  0.329  0.226  0.189  0.108  0.108 -0.063 -0.195 -0.186 -0.197
 -0.225 -0.018  0.301  0.701  1.000  0.841  0.610  0.335  0.338  0.395  0.615  0.696  0.697  0.503  0.333 -0.013 -0.177 -0.383 -0.450 -0.506 -0.436 -0.347 -0.091 -0.045 -0.159  0.047  0.215  0.120  0.164  0.324  0.271  0.200  0.251  0.299  0.279  0.266  0.228  0.211  0.195  0.261  0.319  0.361  0.403  0.380  0.261  0.146  0.199  0.185  0.236  0.123  0.024 -0.026 -0.191 -0.305 -0.432 -0.414 -0.471 -0.419 -0.283 -0.341 -0.275 -0.276 -0.211  0.032  0.164  0.517  0.651  0.606  0.573  0.466  0.320  0.140 -0.229 -0.489 -0.511 -0.504
 -0.329 -0.146  0.154  0.546  0.841  1.000  0.766  0.484  0.462  0.501  0.694  0.713  0.618  0.385  0.191 -0.126 -0.274 -0.467 -0.501 -0.548 -0.458 -0.314 -0.035  0.004 -0.124  0.076  0.259  0.154  0.180  0.354  0.312  0.224  0.271  0.339  0.328  0.328  0.297  0.287  0.276  0.353  0.425  0.446  0.492  0.474  0.325  0.184  0.263  0.244  0.313  0.194  0.099  0.042 -0.138 -0.255 -0.414 -0.410 -0.481 -0.401 -0.259 -0.344 -0.295 -0.328 -0.289 -0.058  0.100  0.486  0.624  0.706  0.672  0.563  0.410  0.159 -0.292 -0.591 -0.607 -0.594
 -0.356 -0.230 -0.009  0.318  0.610  0.766  1.000  0.784  0.645  0.464  0.632  0.530  0.492  0.262  0.105 -0.145 -0.282 -0.432 -0.457 -0.465 -0.367 -0.223  0.014  0.060 -0.040  0.120  0.285  0.213  0.206  0.343  0.329  0.243  0.250  0.308  0.325  0.328  0.321  0.339  0.350  0.386  0.435  0.469  0.483  0.427  0.252  0.133  0.224  0.199  0.280  0.170  0.098  0.064 -0.078 -0.191 -0.346 -0.381 -0.437 -0.358 -0.257 -0.341 -0.334 -0.375 -0.356 -0.192 -0.076  0.257  0.418  0.629  0.632  0.506  0.354  0.112 -0.318 -0.579 -0.598 -0.573
 -0.275 -0.210 -0.076  0.123  0.335  0.484  0.784  1.000  0.746  0.447  0.433  0.287  0.243  0.092  0.011 -0.134 -0.233 -0.315 -0.321 -0.314 -0.240 -0.131  0.021  0.057 -0.015  0.068  0.189  0.148  0.122  0.209  0.213  0.155  0.152  0.195  0.216  0.224  0.232  0.256  0.266  0.287  0.316  0.330  0.330  0.294  0.164  0.091  0.155  0.133  0.187  0.114  0.083  0.060 -0.027 -0.102 -0.216 -0.270 -0.304 -0.235 -0.186 -0.248 -0.264 -0.292 -0.288 -0.192 -0.116  0.092  0.231  0.438  0.436  0.336  0.249  0.048 -0.310 -0.455 -0.457 -0.423
 -0.272 -0.216 -0.082  0.143  0.338  0.462  0.645  0.746  1.000  0.750  0.636  0.371  0.268  0.114  0.017 -0.126 -0.209 -0.295 -0.306 -0.297 -0.232 -0.147 -0.009  0.039 -0.028  0.046  0.161  0.131  0.118  0.197  0.202  0.156  0.157  0.197  0.213  0.205  0.202  0.210  0.212  0.231  0.255  0.257  0.266  0.231  0.115  0.063  0.116  0.103  0.152  0.082  0.055  0.040 -0.044 -0.123 -0.223 -0.270 -0.304 -0.240 -0.185 -0.252 -0.269 -0.301 -0.296 -0.196 -0.121  0.106  0.215  0.355  0.347  0.274  0.191  0.018 -0.289 -0.433 -0.436 -0.406
 -0.238 -0.165 -0.012  0.237  0.395  0.501  0.464  0.447  0.750  1.000  0.710  0.476  0.311  0.174  0.056 -0.104 -0.181 -0.289 -0.314 -0.323 -0.260 -0.186 -0.044  0.002 -0.061  0.026  0.135  0.101  0.119  0.208  0.195  0.157  0.186  0.226  0.214  0.194  0.172  0.162  0.149  0.200  0.228  0.214  0.224  0.191  0.095  0.043  0.082  0.083  0.128  0.065  0.031  0.013 -0.089 -0.169 -0.259 -0.276 -0.320 -0.268 -0.190 -0.250 -0.236 -0.261 -0.242 -0.120 -0.041  0.192  0.258  0.311  0.309  0.274  0.220  0.078 -0.197 -0.384 -0.403 -0.395
 -0.287 -0.132  0.066  0.427  0.615  0.694  0.632  0.433  0.636  0.710  1.000  0.807  0.661  0.449  0.223 -0.049 -0.205 -0.392 -0.443 -0.483 -0.399 -0.305 -0.069 -0.011 -0.097  0.065  0.216  0.156  0.196  0.319  0.288  0.239  0.279  0.331  0.315  0.280  0.238  0.225  0.209  0.250  0.297  0.307  0.333  0.279  0.153  0.079  0.132  0.123  0.182  0.083  0.002 -0.016 -0.182 -0.302 -0.415 -0.405 -0.469 -0.422 -0.309 -0.369 -0.328 -0.344 -0.298 -0.098 -0.020  0.290  0.352  0.444  0.449  0.380  0.263  0.096 -0.220 -0.479 -0.490 -0.479
 -0.205 -0.005  0.222  0.571  0.696  0.713  0.530  0.287  0.371  0.476  0.807  1.000  0.827  0.628  0.356  0.043 -0.144 -0.370 -0.447 -0.521 -0.445 -0.374 -0.115 -0.064 -0.144  0.053  0.195  0.122  0.192  0.322  0.271  0.229  0.287  0.336  0.302  0.259  0.205  0.180  0.160  0.204  0.256  0.274  0.307  0.257  0.153  0.074  0.118  0.102  0.152  0.047 -0.059 -0.079 -0.267 -0.390 -0.482 -0.430 -0.497 -0.476 -0.342 -0.375 -0.297 -0.277 -0.201  0.031  0.091  0.366  0.384  0.445  0.429  0.369  0.251  0.123 -0.167 -0.424 -0.432 -0.426
 -0.141  0.062  0.258  0.557  0.697  0.618  0.492  0.243  0.268  0.311  0.661  0.827  1.000  0.775  0.517  0.166 -0.046 -0.296 -0.407 -0.473 -0.385 -0.338 -0.095 -0.022 -0.085  0.098  0.225  0.173  0.229  0.329  0.278  0.244  0.282  0.310  0.289  0.236  0.186  0.170  0.149  0.171  0.210  0.233  0.257  0.189  0.090  0.041  0.080  0.057  0.100 -0.003 -0.097 -0.081 -0.254 -0.395 -0.473 -0.439 -0.506 -0.505 -0.400 -0.421 -0.346 -0.305 -0.211  0.006  0.015  0.271  0.303  0.363  0.372  0.305  0.182  0.095 -0.124 -0.365 -0.376 -0.369
  0.168  0.367  0.506  0.647  0.503  0.385  0.262  0.092  0.114  0.174  0.449  0.628  0.775  1.000  0.741  0.440  0.196 -0.067 -0.219 -0.336 -0.298 -0.384 -0.233 -0.184 -0.198 -0.043  0.020 -0.028  0.049  0.124  0.069  0.054  0.113  0.143  0.100  0.054  0.008 -0.019 -0.015 -0.023 -0.026  0.026  0.023 -0.033 -0.061 -0.057 -0.071 -0.105 -0.108 -0.189 -0.288 -0.263 -0.392 -0.486 -0.462 -0.363 -0.385 -0.459 -0.376 -0.317 -0.216 -0.100  0.066  0.267  0.168  0.288  0.172  0.130  0.109  0.079  0.010  0.073  0.016 -0.119 -0.121 -0.131
  0.255  0.454  0.501  0.472  0.333  0.191  0.105  0.011  0.017  0.056  0.223  0.356  0.517  0.741  1.000  0.654  0.363  0.099 -0.092 -0.176 -0.122 -0.237 -0.166 -0.112 -0.104  0.002  0.017 -0.018  0.033  0.068  0.010  0.001  0.050  0.054  0.018 -0.016 -0.052 -0.059 -0.049 -0.080 -0.090 -0.055 -0.077 -0.141 -0.160 -0.113 -0.136 -0.171 -0.177 -0.232 -0.280 -0.213 -0.280 -0.371 -0.328 -0.276 -0.294 -0.380 -0.360 -0.294 -0.205 -0.076  0.108  0.226  0.072  0.127  0.043 -0.018 -0.018 -0.040 -0.079  0.022  0.061 -0.012 -0.015 -0.025
  0.606  0.628  0.430  0.254 -0.013 -0.126 -0.145 -0.134 -0.126 -0.104 -0.049  0.043  0.166  0.440  0.654  1.000  0.677  0.445  0.240  0.147  0.149 -0.102 -0.212 -0.212 -0.134 -0.156 -0.227 -0.226 -0.196 -0.227 -0.256 -0.225 -0.185 -0.198 -0.239 -0.265 -0.280 -0.284 -0.237 -0.272 -0.324 -0.265 -0.314 -0.358 -0.324 -0.223 -0.288 -0.319 -0.359 -0.366 -0.381 -0.305 -0.287 -0.282 -0.118 -0.039 -0.004 -0.160 -0.225 -0.103 -0.024  0.146  0.366  0.344  0.078 -0.037 -0.196 -0.290 -0.296 -0.275 -0.247 -0.024  0.210  0.274  0.273  0.250
  0.636  0.459  0.313  0.063 -0.177 -0.274 -0.282 -0.233 -0.209 -0.181 -0.205 -0.144 -0.046  0.196  0.363  0.677  1.000  0.770  0.500  0.399  0.445  0.140 -0.074 -0.105 -0.023 -0.142 -0.259 -0.247 -0.254 -0.322 -0.342 -0.311 -0.285 -0.310 -0.340 -0.343 -0.340 -0.342 -0.298 -0.328 -0.369 -0.339 -0.377 -0.369 -0.294 -0.186 -0.249 -0.277 -0.339 -0.317 -0.274 -0.185 -0.092 -0.033  0.160  0.208  0.217  0.061 -0.053  0.046  0.094  0.210  0.364  0.240  0.064 -0.114 -0.257 -0.367 -0.378 -0.349 -0.297 -0.082  0.207  0.331  0.299  0.269
  0.617  0.422  0.153 -0.141 -0.383 -0.467 -0.432 -0.315 -0.295 -0.289 -0.392 -0.370 -0.296 -0.067  0.099  0.445  0.770  1.000  0.769  0.657  0.608  0.256 -0.076 -0.145 -0.001 -0.206 -0.401 -0.350 -0.362 -0.476 -0.479 -0.421 -0.403 -0.440 -0.469 -0.460 -0.443 -0.440 -0.378 -0.418 -0.475 -0.434 -0.490 -0.454 -0.338 -0.216 -0.300 -0.332 -0.406 -0.353 -0.284 -0.207 -0.028  0.105  0.359  0.420  0.479  0.305  0.148  0.271  0.259  0.324  0.397  0.215  0.066 -0.218 -0.367 -0.495 -0.509 -0.460 -0.369 -0.134  0.254  0.481  0.459  0.426
  0.459  0.263  0.040 -0.247 -0.450 -0.501 -0.457 -0.321 -0.306 -0.314 -0.443 -0.447 -0.407 -0.219 -0.092  0.240  0.500  0.769  1.000  0.787  0.596  0.292 -0.044 -0.142 -0.029 -0.243 -0.429 -0.378 -0.399 -0.510 -0.498 -0.441 -0.431 -0.462 -0.482 -0.460 -0.426 -0.421 -0.359 -0.390 -0.447 -0.407 -0.458 -0.401 -0.270 -0.177 -0.249 -0.276 -0.336 -0.266 -0.184 -0.151  0.061  0.247  0.511  0.610  0.678  0.521  0.358  0.459  0.397  0.372  0.345  0.159  0.099 -0.205 -0.346 -0.472 -0.495 -0.435 -0.334 -0.142  0.208  0.453  0.437  0.407
  0.317  0.114 -0.104 -0.382 -0.506 -0.548 -0.465 -0.314 -0.297 -0.323 -0.483 -0.521 -0.473 -0.336 -0.176  0.147  0.399  0.657  0.787  1.000  0.801  0.507  0.140  0.044  0.148 -0.125 -0.312 -0.250 -0.326 -0.461 -0.439 -0.401 -0.412 -0.448 -0.450 -0.418 -0.373 -0.354 -0.301 -0.333 -0.381 -0.380 -0.422 -0.376 -0.273 -0.181 -0.237 -0.240 -0.270 -0.175 -0.052  0.014  0.242  0.424  0.654  0.623  0.684  0.573  0.370  0.424  0.324  0.255  0.201 -0.008 -0.050 -0.325 -0.388 -0.483 -0.470 -0.415 -0.317 -0.167  0.177  0.404  0.389  0.369
  0.232  0.022 -0.155 -0.388 -0.436 -0.458 -0.367 -0.240 -0.232 -0.260 -0.399 -0.445 -0.385 -0.298 -0.122  0.149  0.445  0.608  0.596  0.801  1.000  0.749  0.378  0.278  0.380  0.079 -0.109 -0.059 -0.184 -0.325 -0.314 -0.311 -0.335 -0.367 -0.354 -0.315 -0.274 -0.242 -0.206 -0.218 -0.245 -0.294 -0.315 -0.297 -0.244 -0.173 -0.201 -0.178 -0.169 -0.063  0.092  0.213  0.394  0.520  0.668  0.535  0.499  0.424  0.208  0.209  0.140  0.088  0.058 -0.134 -0.180 -0.366 -0.364 -0.402 -0.353 -0.310 -0.241 -0.148  0.100  0.256  0.230  0.217
 -0.082 -0.256 -0.336 -0.463 -0.347 -0.314 -0.223 -0.131 -0.147 -0.186 -0.305 -0.374 -0.338 -0.384 -0.237 -0.102  0.140  0.256  0.292  0.507  0.749  1.000  0.735  0.618  0.661  0.405  0.203  0.211  0.054 -0.089 -0.101 -0.137 -0.184 -0.210 -0.177 -0.128 -0.081 -0.028 -0.032 -0.020  0.005 -0.112 -0.058 -0.041 -0.038 -0.037 -0.009  0.054  0.124  0.260  0.444  0.587  0.686  0.739  0.684  0.444  0.329  0.385  0.197  0.094  0.016 -0.094 -0.193 -0.350 -0.304 -0.359 -0.239 -0.190 -0.118 -0.103 -0.082 -0.149 -0.090 -0.024 -0.053 -0.042
 -0.307 -0.376 -0.336 -0.316 -0.091 -0.035  0.014  0.021 -0.009 -0.044 -0.069 -0.115 -0.095 -0.233 -0.166 -0.212 -0.074 -0.076 -0.044  0.140  0.378  0.735  1.000  0.827  0.666  0.598  0.558  0.454  0.245  0.175  0.158  0.059 -0.010 -0.010  0.041  0.091  0.167  0.256  0.205  0.185  0.259  0.131  0.253  0.240  0.198  0.125  0.199  0.294  0.412  0.521  0.634  0.760  0.659  0.598  0.408  0.197  0.013  0.134  0.073 -0.103 -0.142 -0.256 -0.361 -0.420 -0.313 -0.205 -0.019  0.103  0.168  0.137  0.099 -0.098 -0.267 -0.337 -0.367 -0.341
 -0.371 -0.419 -0.358 -0.304 -0.045  0.004  0.060  0.057  0.039  0.002 -0.011 -0.064 -0.022 -0.184 -0.112 -0.212 -0.105 -0.145 -0.142  0.044  0.278  0.618  0.827  1.000  0.803  0.598  0.683  0.652  0.402  0.326  0.330  0.237  0.162  0.145  0.199  0.213  0.227  0.305  0.221  0.217  0.334  0.092  0.219  0.207  0.149  0.122  0.196  0.268  0.375  0.452  0.594  0.773  0.680  0.512  0.295  0.035 -0.140  0.000 -0.067 -0.264 -0.291 -0.370 -0.453 -0.495 -0.406 -0.246 -0.027  0.112  0.199  0.134  0.097 -0.135 -0.277 -0.381 -0.397 -0.362
 -0.241 -0.318 -0.356 -0.356 -0.159 -0.124 -0.040 -0.015 -0.028 -0.061 -0.097 -0.144 -0.085 -0.198 -0.104 -0.134 -0.023 -0.001 -0.029  0.148  0.380  0.661  0.666  0.803  1.000  0.717  0.534  0.616  0.460  0.265  0.239  0.202  0.122  0.073  0.114  0.115  0.119  0.173  0.117  0.128  0.198  0.009  0.067  0.019 -0.051 -0.046 -0.000  0.056  0.154  0.240  0.391  0.571  0.549  0.426  0.297  0.065 -0.063  0.013 -0.106 -0.231 -0.267 -0.321 -0.374 -0.445 -0.426 -0.342 -0.185 -0.060  0.047  0.025  0.012 -0.114 -0.134 -0.189 -0.210 -0.187
 -0.317 -0.297 -0.263 -0.169  0.047  0.076  0.120  0.068  0.046  0.026  0.065  0.053  0.098 -0.043  0.002 -0.156 -0.142 -0.206 -0.243 -0.125  0.079  0.405  0.598  0.598  0.717  1.000  0.728  0.623  0.608  0.493  0.380  0.322  0.248  0.194  0.221  0.218  0.256  0.333  0.255  0.222  0.274  0.195  0.262  0.176  0.081  0.033  0.095  0.138  0.231  0.264  0.305  0.442  0.334  0.190  0.012 -0.132 -0.255 -0.177 -0.195 -0.298 -0.308 -0.354 -0.394 -0.369 -0.324 -0.158 -0.021  0.126  0.197  0.150  0.093 -0.049 -0.193 -0.321 -0.347 -0.319
 -0.479 -0.406 -0.267 -0.082  0.215  0.259  0.285  0.189  0.161  0.135  0.216  0.195  0.225  0.020  0.017 -0.227 -0.259 -0.401 -0.429 -0.312 -0.109  0.203  0.558  0.683  0.534  0.728  1.000  0.844  0.644  0.693  0.679  0.520  0.431  0.445  0.505  0.511  0.531  0.610  0.497  0.429  0.537  0.350  0.433  0.349  0.216  0.147  0.245  0.283  0.400  0.384  0.410  0.530  0.350  0.133 -0.109 -0.283 -0.439 -0.303 -0.265 -0.439 -0.436 -0.487 -0.529 -0.451 -0.358 -0.070  0.147  0.338  0.419  0.337  0.259 -0.015 -0.326 -0.578 -0.601 -0.557
 -0.454 -0.410 -0.320 -0.167  0.120  0.154  0.213  0.148  0.131  0.101  0.156  0.122  0.173 -0.028 -0.018 -0.226 -0.247 -0.350 -0.378 -0.250 -0.059  0.211  0.454  0.652  0.616  0.623  0.844  1.000  0.789  0.696  0.742  0.657  0.528  0.492  0.565  0.521  0.491  0.524  0.414  0.386  0.485  0.251  0.293  0.194  0.049  0.031  0.114  0.144  0.263  0.256  0.331  0.460  0.336  0.125 -0.083 -0.278 -0.408 -0.287 -0.296 -0.455 -0.466 -0.505 -0.542 -0.493 -0.441 -0.192  0.018  0.201  0.317  0.250  0.204 -0.029 -0.233 -0.473 -0.495 -0.453
 -0.390 -0.315 -0.239 -0.075  0.164  0.180  0.206  0.122  0.118  0.119  0.196  0.192  0.229  0.049  0.033 -0.196 -0.254 -0.362 -0.399 -0.326 -0.184  0.054  0.245  0.402  0.460  0.608  0.644  0.789  1.000  0.826  0.712  0.764  0.694  0.565  0.561  0.445  0.334  0.345  0.223  0.249  0.352  0.170  0.203  0.098 -0.029 -0.022  0.031  0.038  0.122  0.100  0.147  0.263  0.155 -0.043 -0.222 -0.355 -0.440 -0.356 -0.350 -0.447 -0.448 -0.454 -0.464 -0.379 -0.348 -0.121  0.013  0.155  0.246  0.165  0.118 -0.036 -0.150 -0.348 -0.368 -0.338
 -0.454 -0.339 -0.174  0.058  0.324  0.354  0.343  0.209  0.197  0.208  0.319  0.322  0.329  0.124  0.068 -0.227 -0.322 -0.476 -0.510 -0.461 -0.325 -0.089  0.175  0.326  0.265  0.493  0.693  0.696  0.826  1.000  0.879  0.793  0.785  0.769  0.747  0.678  0.538  0.517  0.403  0.421  0.523  0.326  0.348  0.254  0.100  0.065  0.147  0.138  0.225  0.152  0.150  0.234  0.089 -0.122 -0.331 -0.441 -0.528 -0.425 -0.365 -0.479 -0.467 -0.480 -0.483 -0.349 -0.274  0.023  0.177  0.350  0.426  0.351  0.272  0.048 -0.240 -0.534 -0.564 -0.528
 -0.472 -0.379 -0.217  0.002  0.271  0.312  0.329  0.213  0.202  0.195  0.288  0.271  0.278  0.069  0.010 -0.256 -0.342 -0.479 -0.498 -0.439 -0.314 -0.101  0.158  0.330  0.239  0.380  0.679  0.742  0.712  0.879  1.000  0.861  0.765  0.792  0.842  0.782  0.681  0.632  0.527  0.513  0.564  0.364  0.348  0.249  0.083  0.054  0.145  0.138  0.233  0.157  0.168  0.233  0.100 -0.099 -0.301 -0.421 -0.503 -0.389 -0.336 -0.463 -0.466 -0.491 -0.504 -0.389 -0.318 -0.028  0.146  0.330  0.422  0.369  0.308  0.072 -0.233 -0.562 -0.595 -0.553
 -0.400 -0.317 -0.205 -0.024  0.200  0.224  0.243  0.155  0.156  0.157  0.239  0.229  0.244  0.054  0.001 -0.225 -0.311 -0.421 -0.441 -0.401 -0.311 -0.137  0.059  0.237  0.202  0.322  0.520  0.657  0.764  0.793  0.861  1.000  0.884  0.762  0.776  0.606  0.437  0.401  0.288  0.311  0.390  0.199  0.201  0.112 -0.013  0.005  0.062  0.050  0.114  0.050  0.071  0.149  0.042 -0.145 -0.310 -0.410 -0.464 -0.377 -0.343 -0.435 -0.436 -0.435 -0.441 -0.339 -0.302 -0.066  0.061  0.198  0.279  0.204  0.168  0.001 -0.142 -0.389 -0.408 -0.374
 -0.349 -0.253 -0.129  0.056  0.251  0.271  0.250  0.152  0.157  0.186  0.279  0.287  0.282  0.113  0.050 -0.185 -0.285 -0.403 -0.431 -0.412 -0.335 -0.184 -0.010  0.162  0.122  0.248  0.431  0.528  0.694  0.785  0.765  0.884  1.000  0.871  0.772  0.605  0.338  0.292  0.189  0.234  0.352  0.151  0.172  0.103 -0.005  0.011  0.058  0.035  0.086  0.015  0.026  0.103 -0.006 -0.187 -0.338 -0.417 -0.461 -0.389 -0.345 -0.419 -0.403 -0.386 -0.375 -0.258 -0.218  0.007  0.105  0.215  0.279  0.204  0.158 -0.001 -0.151 -0.369 -0.387 -0.358
 -0.372 -0.270 -0.110  0.102  0.299  0.339  0.308  0.195  0.197  0.226  0.331  0.336  0.310  0.143  0.054 -0.198 -0.310 -0.440 -0.462 -0.448 -0.367 -0.210 -0.010  0.145  0.073  0.194  0.445  0.492  0.565  0.769  0.792  0.762  0.871  1.000  0.909  0.804  0.538  0.449  0.368  0.379  0.475  0.264  0.260  0.189  0.053  0.031  0.101  0.081  0.149  0.063  0.056  0.102 -0.024 -0.196 -0.355 -0.424 -0.473 -0.393 -0.326 -0.413 -0.394 -0.391 -0.379 -0.247 -0.188  0.057  0.168  0.308  0.377  0.339  0.281  0.076 -0.206 -0.484 -0.513 -0.479
 -0.430 -0.337 -0.170  0.047  0.279  0.328  0.325  0.216  0.213  0.214  0.315  0.302  0.289  0.100  0.018 -0.239 -0.340 -0.469 -0.482 -0.450 -0.354 -0.177  0.041  0.199  0.114  0.221  0.505  0.565  0.561  0.747  0.842  0.776  0.772  0.909  1.000  0.900  0.694  0.578  0.494  0.499  0.559  0.349  0.320  0.234  0.071  0.040  0.127  0.111  0.195  0.106  0.107  0.148  0.019 -0.155 -0.331 -0.420 -0.480 -0.381 -0.315 -0.426 -0.421 -0.439 -0.440 -0.319 -0.255  0.009  0.157  0.336  0.429  0.407  0.353  0.122 -0.203 -0.538 -0.578 -0.540
 -0.443 -0.361 -0.184  0.026  0.266  0.328  0.328  0.224  0.205  0.194  0.280  0.259  0.236  0.054 -0.016 -0.265 -0.343 -0.460 -0.460 -0.418 -0.315 -0.128  0.091  0.213  0.115  0.218  0.511  0.521  0.445  0.678  0.782  0.606  0.605  0.804  0.900  1.000  0.838  0.687  0.601  0.598  0.619  0.441  0.394  0.311  0.135  0.068  0.173  0.163  0.259  0.174  0.166  0.178  0.058 -0.092 -0.273 -0.365 -0.430 -0.320 -0.252 -0.374 -0.379 -0.422 -0.438 -0.330 -0.242  0.023  0.189  0.386  0.472  0.485  0.417  0.180 -0.229 -0.579 -0.632 -0.593
 -0.445 -0.375 -0.204 -0.010  0.228  0.297  0.321  0.232  0.202  0.172  0.238  0.205  0.186  0.008 -0.052 -0.280 -0.340 -0.443 -0.426 -0.373 -0.274 -0.081  0.167  0.227  0.119  0.256  0.531  0.491  0.334  0.538  0.681  0.437  0.338  0.538  0.694  0.838  1.000  0.870  0.747  0.670  0.599  0.517  0.442  0.357  0.179  0.089  0.200  0.212  0.312  0.238  0.221  0.196  0.077 -0.038 -0.215 -0.298 -0.369 -0.253 -0.178 -0.305 -0.326 -0.394 -0.431 -0.340 -0.245  0.010  0.186  0.388  0.460  0.487  0.417  0.198 -0.231 -0.578 -0.624 -0.586
 -0.465 -0.393 -0.234 -0.043  0.211  0.287  0.339  0.256  0.210  0.162  0.225  0.180  0.170 -0.019 -0.059 -0.284 -0.342 -0.440 -0.421 -0.354 -0.242 -0.028  0.256  0.305  0.173  0.333  0.610  0.524  0.345  0.517  0.632  0.401  0.292  0.449  0.578  0.687  0.870  1.000  0.851  0.639  0.622  0.560  0.494  0.390  0.212  0.111  0.226  0.249  0.362  0.301  0.279  0.259  0.127  0.009 -0.182 -0.280 -0.361 -0.237 -0.167 -0.302 -0.331 -0.408 -0.456 -0.372 -0.272 -0.009  0.181  0.396  0.463  0.474  0.391  0.128 -0.282 -0.588 -0.625 -0.582
 -0.401 -0.340 -0.200 -0.025  0.195  0.276  0.350  0.266  0.212  0.149  0.209  0.160  0.149 -0.015 -0.049 -0.237 -0.298 -0.378 -0.359 -0.301 -0.206 -0.032  0.205  0.221  0.117  0.255  0.497  0.414  0.223  0.403  0.527  0.288  0.189  0.368  0.494  0.601  0.747  0.851  1.000  0.739  0.654  0.629  0.513  0.384  0.193  0.076  0.193  0.209  0.324  0.271  0.234  0.189  0.084  0.002 -0.159 -0.235 -0.297 -0.188 -0.121 -0.239 -0.275 -0.357 -0.396 -0.324 -0.238 -0.005  0.169  0.386  0.467  0.522  0.472  0.204 -0.230 -0.551 -0.609 -0.574
 -0.429 -0.378 -0.191  0.008  0.261  0.353  0.386  0.287  0.231  0.200  0.250  0.204  0.171 -0.023 -0.080 -0.272 -0.328 -0.418 -0.390 -0.333 -0.218 -0.020  0.185  0.217  0.128  0.222  0.429  0.386  0.249  0.421  0.513  0.311  0.234  0.379  0.499  0.598  0.670  0.639  0.739  1.000  0.808  0.721  0.576  0.441  0.221  0.080  0.210  0.226  0.355  0.303  0.265  0.219  0.116  0.030 -0.152 -0.242 -0.313 -0.187 -0.112 -0.255 -0.288 -0.385 -0.425 -0.336 -0.223  0.042  0.242  0.460  0.586  0.663  0.670  0.415 -0.161 -0.597 -0.675 -0.659
 -0.498 -0.431 -0.224  0.013  0.319  0.425  0.435  0.316  0.255  0.228  0.297  0.256  0.210 -0.026 -0.090 -0.324 -0.369 -0.475 -0.447 -0.381 -0.245  0.005  0.259  0.334  0.198  0.274  0.537  0.485  0.352  0.523  0.564  0.390  0.352  0.475  0.559  0.619  0.599  0.622  0.654  0.808  1.000  0.736  0.668  0.541  0.305  0.135  0.284  0.312  0.462  0.401  0.366  0.334  0.194  0.073 -0.152 -0.271 -0.372 -0.221 -0.135 -0.310 -0.325 -0.428 -0.477 -0.376 -0.230  0.072  0.315  0.568  0.702  0.734  0.683  0.308 -0.284 -0.673 -0.748 -0.720
 -0.403 -0.324 -0.127  0.103  0.361  0.446  0.469  0.330  0.257  0.214  0.307  0.274  0.233  0.026 -0.055 -0.265 -0.339 -0.434 -0.407 -0.380 -0.294 -0.112  0.131  0.092  0.009  0.195  0.350  0.251  0.170  0.326  0.364  0.199  0.151  0.264  0.349  0.441  0.517  0.560  0.629  0.721  0.736  1.000  0.805  0.604  0.345  0.121  0.260  0.294  0.441  0.377  0.257  0.123  0.003 -0.034 -0.210 -0.246 -0.299 -0.191 -0.071 -0.180 -0.207 -0.321 -0.355 -0.244 -0.116  0.156  0.361  0.598  0.703  0.785  0.652  0.395 -0.228 -0.588 -0.662 -0.647
 -0.454 -0.366 -0.147  0.111  0.403  0.492  0.483  0.330  0.266  0.224  0.333  0.307  0.257  0.023 -0.077 -0.314 -0.377 -0.490 -0.458 -0.422 -0.315 -0.058  0.253  0.219  0.067  0.262  0.433  0.293  0.203  0.348  0.348  0.201  0.172  0.260  0.320  0.394  0.442  0.494  0.513  0.576  0.668  0.805  1.000  0.824  0.553  0.259  0.411  0.456  0.623  0.562  0.420  0.293  0.114  0.039 -0.188 -0.251 -0.346 -0.202 -0.062 -0.216 -0.217 -0.325 -0.373 -0.253 -0.090  0.211  0.463  0.711  0.742  0.718  0.561  0.246 -0.343 -0.650 -0.701 -0.674
 -0.420 -0.350 -0.110  0.118  0.380  0.474  0.427  0.294  0.231  0.191  0.279  0.257  0.189 -0.033 -0.141 -0.358 -0.369 -0.454 -0.401 -0.376 -0.297 -0.041  0.240  0.207  0.019  0.176  0.349  0.194  0.098  0.254  0.249  0.112  0.103  0.189  0.234  0.311  0.357  0.390  0.384  0.441  0.541  0.604  0.824  1.000  0.803  0.470  0.619  0.662  0.702  0.573  0.441  0.320  0.164  0.100 -0.130 -0.193 -0.282 -0.138  0.003 -0.144 -0.129 -0.223 -0.283 -0.178  0.017  0.286  0.541  0.750  0.679  0.620  0.466  0.147 -0.402 -0.634 -0.662 -0.633
 -0.298 -0.246 -0.061  0.085  0.261  0.325  0.252  0.164  0.115  0.095  0.153  0.153  0.090 -0.061 -0.160 -0.324 -0.294 -0.338 -0.270 -0.273 -0.244 -0.038  0.198  0.149 -0.051  0.081  0.216  0.049 -0.029  0.100  0.083 -0.013 -0.005  0.053  0.071  0.135  0.179  0.212  0.193  0.221  0.305  0.345  0.553  0.803  1.000  0.705  0.665  0.673  0.566  0.507  0.391  0.275  0.142  0.110 -0.063 -0.082 -0.170 -0.062  0.077 -0.027  0.024 -0.030 -0.115 -0.054  0.154  0.322  0.481  0.564  0.448  0.369  0.253  0.014 -0.360 -0.454 -0.469 -0.450
 -0.199 -0.174 -0.040  0.042  0.146  0.184  0.133  0.091  0.063  0.043  0.079  0.074  0.041 -0.057 -0.113 -0.223 -0.186 -0.216 -0.177 -0.181 -0.173 -0.037  0.125  0.122 -0.046  0.033  0.147  0.031 -0.022  0.065  0.054  0.005  0.011  0.031  0.040  0.068  0.089  0.111  0.076  0.080  0.135  0.121  0.259  0.470  0.705  1.000  0.756  0.552  0.361  0.299  0.250  0.209  0.125  0.073 -0.050 -0.075 -0.132 -0.061  0.023 -0.038 -0.003 -0.026 -0.083 -0.061  0.058  0.161  0.293  0.342  0.234  0.144  0.075 -0.095 -0.287 -0.299 -0.297 -0.278
 -0.299 -0.268 -0.087  0.028  0.199  0.263  0.224  0.155  0.116  0.082  0.132  0.118  0.080 -0.071 -0.136 -0.288 -0.249 -0.300 -0.249 -0.237 -0.201 -0.009  0.199  0.196 -0.000  0.095  0.245  0.114  0.031  0.147  0.145  0.062  0.058  0.101  0.127  0.173  0.200  0.226  0.193  0.210  0.284  0.260  0.411  0.619  0.665  0.756  1.000  0.751  0.552  0.394  0.318  0.286  0.187  0.118 -0.055 -0.106 -0.176 -0.070  0.028 -0.074 -0.059 -0.117 -0.186 -0.146 -0.001  0.152  0.331  0.456  0.370  0.292  0.202 -0.028 -0.350 -0.440 -0.445 -0.418
 -0.338 -0.315 -0.128 -0.008  0.185  0.244  0.199  0.133  0.103  0.083  0.123  0.102  0.057 -0.105 -0.171 -0.319 -0.277 -0.332 -0.276 -0.240 -0.178  0.054  0.294  0.268  0.056  0.138  0.283  0.144  0.038  0.138  0.138  0.050  0.035  0.081  0.111  0.163  0.212  0.249  0.209  0.226  0.312  0.294  0.456  0.662  0.673  0.552  0.751  1.000  0.786  0.587  0.455  0.391  0.247  0.183 -0.017 -0.089 -0.181 -0.050  0.068 -0.070 -0.062 -0.141 -0.223 -0.184 -0.025  0.151  0.333  0.431  0.381  0.328  0.238  0.001 -0.369 -0.459 -0.467 -0.439
 -0.437 -0.401 -0.184 -0.022  0.236  0.313  0.280  0.187  0.152  0.128  0.182  0.152  0.100 -0.108 -0.177 -0.359 -0.339 -0.406 -0.336 -0.270 -0.169  0.124  0.412  0.375  0.154  0.231  0.400  0.263  0.122  0.225  0.233  0.114  0.086  0.149  0.195  0.259  0.312  0.362  0.324  0.355  0.462  0.441  0.623  0.702  0.566  0.361  0.552  0.786  1.000  0.799  0.619  0.510  0.321  0.266  0.024 -0.076 -0.192 -0.015  0.112 -0.084 -0.103 -0.236 -0.338 -0.284 -0.103  0.137  0.364  0.509  0.506  0.476  0.363  0.067 -0.402 -0.575 -0.593 -0.559
 -0.417 -0.396 -0.233 -0.118  0.123  0.194  0.170  0.114  0.082  0.065  0.083  0.047 -0.003 -0.189 -0.232 -0.366 -0.317 -0.353 -0.266 -0.175 -0.063  0.260  0.521  0.452  0.240  0.264  0.384  0.256  0.100  0.152  0.157  0.050  0.015  0.063  0.106  0.174  0.238  0.301  0.271  0.303  0.401  0.377  0.562  0.573  0.507  0.299  0.394  0.587  0.799  1.000  0.831  0.645  0.432  0.414  0.162  0.045 -0.094  0.099  0.212 -0.004 -0.026 -0.176 -0.323 -0.307 -0.119  0.075  0.289  0.384  0.402  0.381  0.296  0.025 -0.360 -0.484 -0.511 -0.483
 -0.429 -0.461 -0.311 -0.237  0.024  0.099  0.098  0.083  0.055  0.031  0.002 -0.059 -0.097 -0.288 -0.280 -0.381 -0.274 -0.284 -0.184 -0.052  0.092  0.444  0.634  0.594  0.391  0.305  0.410  0.331  0.147  0.150  0.168  0.071  0.026  0.056  0.107  0.166  0.221  0.279  0.234  0.265  0.366  0.257  0.420  0.441  0.391  0.250  0.318  0.455  0.619  0.831  1.000  0.839  0.668  0.622  0.342  0.146 -0.013  0.206  0.243 -0.007 -0.055 -0.216 -0.383 -0.411 -0.214 -0.041  0.191  0.280  0.318  0.291  0.233 -0.047 -0.347 -0.442 -0.467 -0.436
 -0.411 -0.461 -0.353 -0.292 -0.026  0.042  0.064  0.060  0.040  0.013 -0.016 -0.079 -0.081 -0.263 -0.213 -0.305 -0.185 -0.207 -0.151  0.014  0.213  0.587  0.760  0.773  0.571  0.442  0.530  0.460  0.263  0.234  0.233  0.149  0.103  0.102  0.148  0.178  0.196  0.259  0.189  0.219  0.334  0.123  0.293  0.320  0.275  0.209  0.286  0.391  0.510  0.645  0.839  1.000  0.823  0.662  0.379  0.118 -0.068  0.131  0.087 -0.158 -0.194 -0.311 -0.440 -0.477 -0.326 -0.154  0.077  0.184  0.244  0.186  0.143 -0.123 -0.331 -0.413 -0.429 -0.392
 -0.310 -0.425 -0.368 -0.407 -0.191 -0.138 -0.078 -0.027 -0.044 -0.089 -0.182 -0.267 -0.254 -0.392 -0.280 -0.287 -0.092 -0.028  0.061  0.242  0.394  0.686  0.659  0.680  0.549  0.334  0.350  0.336  0.155  0.089  0.100  0.042 -0.006 -0.024  0.019  0.058  0.077  0.127  0.084  0.116  0.194  0.003  0.114  0.164  0.142  0.125  0.187  0.247  0.321  0.432  0.668  0.823  1.000  0.835  0.589  0.314  0.179  0.347  0.217  0.016 -0.066 -0.198 -0.342 -0.446 -0.311 -0.252 -0.050  0.021  0.076  0.038  0.030 -0.168 -0.249 -0.241 -0.255 -0.226
 -0.206 -0.366 -0.343 -0.454 -0.305 -0.255 -0.191 -0.102 -0.123 -0.169 -0.302 -0.390 -0.395 -0.486 -0.371 -0.282 -0.033  0.105  0.247  0.424  0.520  0.739  0.598  0.512  0.426  0.190  0.133  0.125 -0.043 -0.122 -0.099 -0.145 -0.187 -0.196 -0.155 -0.092 -0.038  0.009  0.002  0.030  0.073 -0.034  0.039  0.100  0.110  0.073  0.118  0.183  0.266  0.414  0.622  0.662  0.835  1.000  0.816  0.561  0.444  0.600  0.442  0.260  0.148 -0.026 -0.197 -0.345 -0.204 -0.249 -0.098 -0.071 -0.033 -0.026 -0.013 -0.156 -0.187 -0.112 -0.131 -0.117
  0.023 -0.168 -0.249 -0.449 -0.432 -0.414 -0.346 -0.216 -0.223 -0.259 -0.415 -0.482 -0.473 -0.462 -0.328 -0.118  0.160  0.359  0.511  0.654  0.668  0.684  0.408  0.295  0.297  0.012 -0.109 -0.083 -0.222 -0.331 -0.301 -0.310 -0.338 -0.355 -0.331 -0.273 -0.215 -0.182 -0.159 -0.152 -0.152 -0.210 -0.188 -0.130 -0.063 -0.050 -0.055 -0.017  0.024  0.162  0.342  0.379  0.589  0.816  1.000  0.805  0.689  0.738  0.529  0.436  0.324  0.155  0.008 -0.182 -0.094 -0.275 -0.237 -0.276 -0.255 -0.214 -0.159 -0.173 -0.032  0.130  0.111  0.107
  0.168  0.013 -0.108 -0.323 -0.414 -0.410 -0.381 -0.270 -0.270 -0.276 -0.405 -0.430 -0.439 -0.363 -0.276 -0.039  0.208  0.420  0.610  0.623  0.535  0.444  0.197  0.035  0.065 -0.132 -0.283 -0.278 -0.355 -0.441 -0.421 -0.410 -0.417 -0.424 -0.420 -0.365 -0.298 -0.280 -0.235 -0.242 -0.271 -0.246 -0.251 -0.193 -0.082 -0.075 -0.106 -0.089 -0.076  0.045  0.146  0.118  0.314  0.561  0.805  1.000  0.826  0.746  0.652  0.638  0.585  0.376  0.219  0.029  0.098 -0.166 -0.227 -0.307 -0.328 -0.260 -0.197 -0.138  0.043  0.231  0.211  0.192
  0.258  0.080 -0.052 -0.312 -0.471 -0.481 -0.437 -0.304 -0.304 -0.320 -0.469 -0.497 -0.506 -0.385 -0.294 -0.004  0.217  0.479  0.678  0.684  0.499  0.329  0.013 -0.140 -0.063 -0.255 -0.439 -0.408 -0.440 -0.528 -0.503 -0.464 -0.461 -0.473 -0.480 -0.430 -0.369 -0.361 -0.297 -0.313 -0.372 -0.299 -0.346 -0.282 -0.170 -0.132 -0.176 -0.181 -0.192 -0.094 -0.013 -0.068  0.179  0.444  0.689  0.826  1.000  0.861  0.686  0.749  0.596  0.426  0.316  0.123  0.141 -0.164 -0.267 -0.385 -0.417 -0.340 -0.253 -0.127  0.124  0.361  0.359  0.333
  0.078 -0.106 -0.125 -0.343 -0.419 -0.401 -0.358 -0.235 -0.240 -0.268 -0.422 -0.476 -0.505 -0.459 -0.380 -0.160  0.061  0.305  0.521  0.573  0.424  0.385  0.134  0.000  0.013 -0.177 -0.303 -0.287 -0.356 -0.425 -0.389 -0.377 -0.389 -0.393 -0.381 -0.320 -0.253 -0.237 -0.188 -0.187 -0.221 -0.191 -0.202 -0.138 -0.062 -0.061 -0.070 -0.050 -0.015  0.099  0.206  0.131  0.347  0.600  0.738  0.746  0.861  1.000  0.824  0.727  0.521  0.316  0.183  0.006  0.071 -0.150 -0.177 -0.266 -0.286 -0.219 -0.150 -0.134  0.007  0.191  0.198  0.187
  0.022 -0.102 -0.048 -0.211 -0.283 -0.259 -0.257 -0.186 -0.185 -0.190 -0.309 -0.342 -0.400 -0.376 -0.360 -0.225 -0.053  0.148  0.358  0.370  0.208  0.197  0.073 -0.067 -0.106 -0.195 -0.265 -0.296 -0.350 -0.365 -0.336 -0.343 -0.345 -0.326 -0.315 -0.252 -0.178 -0.167 -0.121 -0.112 -0.135 -0.071 -0.062  0.003  0.077  0.023  0.028  0.068  0.112  0.212  0.243  0.087  0.217  0.442  0.529  0.652  0.686  0.824  1.000  0.820  0.677  0.404  0.239  0.085  0.185 -0.008 -0.033 -0.116 -0.159 -0.088 -0.049 -0.080 -0.062  0.073  0.076  0.068
  0.208  0.091  0.048 -0.166 -0.341 -0.344 -0.341 -0.248 -0.252 -0.250 -0.369 -0.375 -0.421 -0.317 -0.294 -0.103  0.046  0.271  0.459  0.424  0.209  0.094 -0.103 -0.264 -0.231 -0.298 -0.439 -0.455 -0.447 -0.479 -0.463 -0.435 -0.419 -0.413 -0.426 -0.374 -0.305 -0.302 -0.239 -0.255 -0.310 -0.180 -0.216 -0.144 -0.027 -0.038 -0.074 -0.070 -0.084 -0.004 -0.007 -0.158  0.016  0.260  0.436  0.638  0.749  0.727  0.820  1.000  0.822  0.566  0.420  0.249  0.288  0.005 -0.108 -0.235 -0.304 -0.229 -0.170 -0.079  0.060  0.267  0.270  0.249
  0.266  0.208  0.122 -0.076 -0.275 -0.295 -0.334 -0.264 -0.269 -0.236 -0.328 -0.297 -0.346 -0.216 -0.205 -0.024  0.094  0.259  0.397  0.324  0.140  0.016 -0.142 -0.291 -0.267 -0.308 -0.436 -0.466 -0.448 -0.467 -0.466 -0.436 -0.403 -0.394 -0.421 -0.379 -0.326 -0.331 -0.275 -0.288 -0.325 -0.207 -0.217 -0.129  0.024 -0.003 -0.059 -0.062 -0.103 -0.026 -0.055 -0.194 -0.066  0.148  0.324  0.585  0.596  0.521  0.677  0.822  1.000  0.779  0.563  0.368  0.443  0.097 -0.057 -0.195 -0.286 -0.218 -0.168 -0.068  0.074  0.269  0.259  0.233
  0.452  0.394  0.256  0.007 -0.276 -0.328 -0.375 -0.292 -0.301 -0.261 -0.344 -0.277 -0.305 -0.100 -0.076  0.146  0.210  0.324  0.372  0.255  0.088 -0.094 -0.256 -0.370 -0.321 -0.354 -0.487 -0.505 -0.454 -0.480 -0.491 -0.435 -0.386 -0.391 -0.439 -0.422 -0.394 -0.408 -0.357 -0.385 -0.428 -0.321 -0.325 -0.223 -0.030 -0.026 -0.117 -0.141 -0.236 -0.176 -0.216 -0.311 -0.198 -0.026  0.155  0.376  0.426  0.316  0.404  0.566  0.779  1.000  0.774  0.535  0.539  0.145 -0.090 -0.265 -0.371 -0.321 -0.254 -0.079  0.150  0.380  0.381  0.348
  0.629  0.569  0.440  0.174 -0.211 -0.289 -0.356 -0.288 -0.296 -0.242 -0.298 -0.201 -0.211  0.066  0.108  0.366  0.364  0.397  0.345  0.201  0.058 -0.193 -0.361 -0.453 -0.374 -0.394 -0.529 -0.542 -0.464 -0.483 -0.504 -0.441 -0.375 -0.379 -0.440 -0.438 -0.431 -0.456 -0.396 -0.425 -0.477 -0.355 -0.373 -0.283 -0.115 -0.083 -0.186 -0.223 -0.338 -0.323 -0.383 -0.440 -0.342 -0.197  0.008  0.219  0.316  0.183  0.239  0.420  0.563  0.774  1.000  0.798  0.599  0.236 -0.076 -0.275 -0.391 -0.347 -0.280 -0.050  0.206  0.419  0.428  0.391
  0.525  0.598  0.560  0.430  0.032 -0.058 -0.192 -0.192 -0.196 -0.120 -0.098  0.031  0.006  0.267  0.226  0.344  0.240  0.215  0.159 -0.008 -0.134 -0.350 -0.420 -0.495 -0.445 -0.369 -0.451 -0.493 -0.379 -0.349 -0.389 -0.339 -0.258 -0.247 -0.319 -0.330 -0.340 -0.372 -0.324 -0.336 -0.376 -0.244 -0.253 -0.178 -0.054 -0.061 -0.146 -0.184 -0.284 -0.307 -0.411 -0.477 -0.446 -0.345 -0.182  0.029  0.123  0.006  0.085  0.249  0.368  0.535  0.798  1.000  0.770  0.474  0.119 -0.097 -0.238 -0.213 -0.180  0.009  0.155  0.281  0.300  0.264
  0.298  0.366  0.457  0.436  0.164  0.100 -0.076 -0.116 -0.121 -0.041 -0.020  0.091  0.015  0.168  0.072  0.078  0.064  0.066  0.099 -0.050 -0.180 -0.304 -0.313 -0.406 -0.426 -0.324 -0.358 -0.441 -0.348 -0.274 -0.318 -0.302 -0.218 -0.188 -0.255 -0.242 -0.245 -0.272 -0.238 -0.223 -0.230 -0.116 -0.090  0.017  0.154  0.058 -0.001 -0.025 -0.103 -0.119 -0.214 -0.326 -0.311 -0.204 -0.094  0.098  0.141  0.071  0.185  0.288  0.443  0.539  0.599  0.770  1.000  0.680  0.350  0.105 -0.061 -0.057 -0.055  0.018  0.022  0.107  0.104  0.071
  0.016  0.131  0.412  0.638  0.517  0.486  0.257  0.092  0.106  0.192  0.290  0.366  0.271  0.288  0.127 -0.037 -0.114 -0.218 -0.205 -0.325 -0.366 -0.359 -0.205 -0.246 -0.342 -0.158 -0.070 -0.192 -0.121  0.023 -0.028 -0.066  0.007  0.057  0.009  0.023  0.010 -0.009 -0.005  0.042  0.072  0.156  0.211  0.286  0.322  0.161  0.152  0.151  0.137  0.075 -0.041 -0.154 -0.252 -0.249 -0.275 -0.166 -0.164 -0.150 -0.008  0.005  0.097  0.145  0.236  0.474  0.680  1.000  0.733  0.447  0.275  0.229  0.156  0.086 -0.151 -0.241 -0.242 -0.255
 -0.227 -0.109  0.234  0.516  0.651  0.624  0.418  0.231  0.215  0.258  0.352  0.384  0.303  0.172  0.043 -0.196 -0.257 -0.367 -0.346 -0.388 -0.364 -0.239 -0.019 -0.027 -0.185 -0.021  0.147  0.018  0.013  0.177  0.146  0.061  0.105  0.168  0.157  0.189  0.186  0.181  0.169  0.242  0.315  0.361  0.463  0.541  0.481  0.293  0.331  0.333  0.364  0.289  0.191  0.077 -0.050 -0.098 -0.237 -0.227 -0.267 -0.177 -0.033 -0.108 -0.057 -0.090 -0.076  0.119  0.350  0.733  1.000  0.728  0.555  0.454  0.330  0.110 -0.294 -0.476 -0.485 -0.476
 -0.404 -0.275  0.011  0.329  0.606  0.706  0.629  0.438  0.355  0.311  0.444  0.445  0.363  0.130 -0.018 -0.290 -0.367 -0.495 -0.472 -0.483 -0.402 -0.190  0.103  0.112 -0.060  0.126  0.338  0.201  0.155  0.350  0.330  0.198  0.215  0.308  0.336  0.386  0.388  0.396  0.386  0.460  0.568  0.598  0.711  0.750  0.564  0.342  0.456  0.431  0.509  0.384  0.280  0.184  0.021 -0.071 -0.276 -0.307 -0.385 -0.266 -0.116 -0.235 -0.195 -0.265 -0.275 -0.097  0.105  0.447  0.728  1.000  0.850  0.696  0.505  0.155 -0.399 -0.677 -0.696 -0.670
 -0.463 -0.343 -0.086  0.226  0.573  0.672  0.632  0.436  0.347  0.309  0.449  0.429  0.372  0.109 -0.018 -0.296 -0.378 -0.509 -0.495 -0.470 -0.353 -0.118  0.168  0.199  0.047  0.197  0.419  0.317  0.246  0.426  0.422  0.279  0.279  0.377  0.429  0.472  0.460  0.463  0.467  0.586  0.702  0.703  0.742  0.679  0.448  0.234  0.370  0.381  0.506  0.402  0.318  0.244  0.076 -0.033 -0.255 -0.328 -0.417 -0.286 -0.159 -0.304 -0.286 -0.371 -0.391 -0.238 -0.061  0.275  0.555  0.850  1.000  0.840  0.649  0.256 -0.341 -0.703 -0.748 -0.725
 -0.415 -0.315 -0.083  0.189  0.466  0.563  0.506  0.336  0.274  0.274  0.380  0.369  0.305  0.079 -0.040 -0.275 -0.349 -0.460 -0.435 -0.415 -0.310 -0.103  0.137  0.134  0.025  0.150  0.337  0.250  0.165  0.351  0.369  0.204  0.204  0.339  0.407  0.485  0.487  0.474  0.522  0.663  0.734  0.785  0.718  0.620  0.369  0.144  0.292  0.328  0.476  0.381  0.291  0.186  0.038 -0.026 -0.214 -0.260 -0.340 -0.219 -0.088 -0.229 -0.218 -0.321 -0.347 -0.213 -0.057  0.229  0.454  0.696  0.840  1.000  0.809  0.433 -0.246 -0.657 -0.722 -0.705
 -0.326 -0.267 -0.088  0.108  0.320  0.410  0.354  0.249  0.191  0.220  0.263  0.251  0.182  0.010 -0.079 -0.247 -0.297 -0.369 -0.334 -0.317 -0.241 -0.082  0.099  0.097  0.012  0.093  0.259  0.204  0.118  0.272  0.308  0.168  0.158  0.281  0.353  0.417  0.417  0.391  0.472  0.670  0.683  0.652  0.561  0.466  0.253  0.075  0.202  0.238  0.363  0.296  0.233  0.143  0.030 -0.013 -0.159 -0.197 -0.253 -0.150 -0.049 -0.170 -0.168 -0.254 -0.280 -0.180 -0.055  0.156  0.330  0.505  0.649  0.809  1.000  0.650 -0.014 -0.527 -0.632 -0.637
 -0.047 -0.014  0.036  0.108  0.140  0.159  0.112  0.048  0.018  0.078  0.096  0.123  0.095  0.073  0.022 -0.024 -0.082 -0.134 -0.142 -0.167 -0.148 -0.149 -0.098 -0.135 -0.114 -0.049 -0.015 -0.029 -0.036  0.048  0.072  0.001 -0.001  0.076  0.122  0.180  0.198  0.128  0.204  0.415  0.308  0.395  0.246  0.147  0.014 -0.095 -0.028  0.001  0.067  0.025 -0.047 -0.123 -0.168 -0.156 -0.173 -0.138 -0.127 -0.134 -0.080 -0.079 -0.068 -0.079 -0.050  0.009  0.018  0.086  0.110  0.155  0.256  0.433  0.650  1.000  0.337 -0.102 -0.277 -0.342
  0.283  0.248  0.064 -0.063 -0.229 -0.292 -0.318 -0.310 -0.289 -0.197 -0.220 -0.167 -0.124  0.016  0.061  0.210  0.207  0.254  0.208  0.177  0.100 -0.090 -0.267 -0.277 -0.134 -0.193 -0.326 -0.233 -0.150 -0.240 -0.233 -0.142 -0.151 -0.206 -0.203 -0.229 -0.231 -0.282 -0.230 -0.161 -0.284 -0.228 -0.343 -0.402 -0.360 -0.287 -0.350 -0.369 -0.402 -0.360 -0.347 -0.331 -0.249 -0.187 -0.032  0.043  0.124  0.007 -0.062  0.060  0.074  0.150  0.206  0.155  0.022 -0.151 -0.294 -0.399 -0.341 -0.246 -0.014  0.337  1.000  0.548  0.345  0.235
  0.476  0.391  0.072 -0.195 -0.489 -0.591 -0.579 -0.455 -0.433 -0.384 -0.479 -0.424 -0.365 -0.119 -0.012  0.274  0.331  0.481  0.453  0.404  0.256 -0.024 -0.337 -0.381 -0.189 -0.321 -0.578 -0.473 -0.348 -0.534 -0.562 -0.389 -0.369 -0.484 -0.538 -0.579 -0.578 -0.588 -0.551 -0.597 -0.673 -0.588 -0.650 -0.634 -0.454 -0.299 -0.440 -0.459 -0.575 -0.484 -0.442 -0.413 -0.241 -0.112  0.130  0.231  0.361  0.191  0.073  0.267  0.269  0.380  0.419  0.281  0.107 -0.241 -0.476 -0.677 -0.703 -0.657 -0.527 -0.102  0.548  1.000  0.854  0.715
  0.469  0.381  0.091 -0.186 -0.511 -0.607 -0.598 -0.457 -0.436 -0.403 -0.490 -0.432 -0.376 -0.121 -0.015  0.273  0.299  0.459  0.437  0.389  0.230 -0.053 -0.367 -0.397 -0.210 -0.347 -0.601 -0.495 -0.368 -0.564 -0.595 -0.408 -0.387 -0.513 -0.578 -0.632 -0.624 -0.625 -0.609 -0.675 -0.748 -0.662 -0.701 -0.662 -0.469 -0.297 -0.445 -0.467 -0.593 -0.511 -0.467 -0.429 -0.255 -0.131  0.111  0.211  0.359  0.198  0.076  0.270  0.259  0.381  0.428  0.300  0.104 -0.242 -0.485 -0.696 -0.748 -0.722 -0.632 -0.277  0.345  0.854  1.000  0.918
