  1.000  0.744  0.495  0.167 -0.214 -0.321 -0.300 -0.143 -0.180 -0.128 -0.241 -0.206 -0.123  0.171  0.276  0.627  0.612  0.599  0.420  0.291  0.214 -0.112 -0.314 -0.353 -0.251 -0.342 -0.455 -0.427 -0.396 -0.455 -0.450 -0.368 -0.321 -0.342 -0.397 -0.415 -0.415 -0.425 -0.348 -0.407 -0.472 -0.399 -0.448 -0.426 -0.339 -0.232 -0.289 -0.317 -0.408 -0.415 -0.426 -0.397 -0.310 -0.231 -0.031  0.082  0.189  0.024 -0.030  0.134  0.170  0.376  0.595  0.488  0.209 -0.025 -0.224 -0.403 -0.455 -0.388 -0.306 -0.154  0.243  0.464  0.476  0.436
  0.744  1.000  0.681  0.395  0.022 -0.088 -0.160 -0.086 -0.147 -0.115 -0.088  0.019  0.101  0.401  0.490  0.630  0.456  0.374  0.204  0.061 -0.017 -0.297 -0.386 -0.398 -0.321 -0.323 -0.380 -0.377 -0.319 -0.322 -0.337 -0.280 -0.214 -0.213 -0.281 -0.302 -0.328 -0.340 -0.274 -0.306 -0.352 -0.290 -0.338 -0.326 -0.267 -0.191 -0.232 -0.269 -0.353 -0.390 -0.457 -0.451 -0.430 -0.397 -0.234 -0.083 -0.001 -0.161 -0.144  0.021  0.113  0.311  0.530  0.563  0.297  0.114 -0.078 -0.231 -0.297 -0.252 -0.207 -0.075  0.217  0.328  0.349  0.311
  0.495  0.681  1.000  0.669  0.271  0.111 -0.087 -0.137 -0.120 -0.005 -0.006  0.159  0.234  0.489  0.519  0.462  0.318  0.178  0.044 -0.083 -0.133 -0.332 -0.335 -0.324 -0.334 -0.284 -0.266 -0.298 -0.242 -0.209 -0.235 -0.198 -0.126 -0.122 -0.191 -0.219 -0.254 -0.261 -0.220 -0.248 -0.247 -0.213 -0.219 -0.180 -0.131 -0.087 -0.121 -0.137 -0.205 -0.258 -0.323 -0.339 -0.350 -0.343 -0.255 -0.141 -0.076 -0.145 -0.095  0.005  0.066  0.221  0.431  0.551  0.397  0.352  0.193 -0.057 -0.165 -0.160 -0.151 -0.070  0.076  0.166  0.185  0.156
  0.167  0.395  0.669  1.000  0.687  0.519  0.226  0.009  0.045  0.115  0.282  0.494  0.522  0.621  0.479  0.271  0.075 -0.111 -0.231 -0.342 -0.340 -0.420 -0.300 -0.262 -0.306 -0.179 -0.093 -0.152 -0.085  0.019 -0.025 -0.038  0.041  0.074  0.012 -0.016 -0.073 -0.080 -0.057 -0.034  0.014  0.028  0.041  0.072  0.044  0.018  0.007 -0.001 -0.035 -0.128 -0.231 -0.264 -0.361 -0.412 -0.410 -0.316 -0.311 -0.327 -0.217 -0.169 -0.097 -0.021  0.158  0.411  0.392  0.602  0.501  0.283  0.155  0.109  0.040  0.050 -0.047 -0.122 -0.105 -0.123
 -0.214  0.022  0.271  0.687  1.000  0.821  0.500  0.148  0.176  0.205  0.460  0.631  0.666  0.485  0.344  0.013 -0.150 -0.342 -0.422 -0.462 -0.382 -0.294 -0.079 -0.012 -0.099  0.051  0.202  0.138  0.160  0.292  0.254  0.177  0.218  0.262  0.249  0.238  0.189  0.186  0.167  0.235  0.319  0.301  0.333  0.328  0.221  0.118  0.141  0.153  0.187  0.100  0.018 -0.013 -0.157 -0.264 -0.379 -0.379 -0.450 -0.390 -0.277 -0.321 -0.264 -0.283 -0.220  0.017  0.137  0.478  0.622  0.552  0.502  0.390  0.251  0.149 -0.183 -0.432 -0.440 -0.434
 -0.321 -0.088  0.111  0.519  0.821  1.000  0.649  0.281  0.269  0.226  0.491  0.631  0.584  0.373  0.209 -0.095 -0.250 -0.432 -0.474 -0.506 -0.405 -0.257 -0.035  0.027 -0.050  0.090  0.236  0.168  0.186  0.328  0.292  0.198  0.243  0.307  0.298  0.303  0.250  0.245  0.228  0.323  0.419  0.378  0.409  0.405  0.275  0.148  0.182  0.187  0.236  0.146  0.072  0.039 -0.110 -0.220 -0.360 -0.365 -0.459 -0.379 -0.256 -0.321 -0.267 -0.315 -0.291 -0.067  0.085  0.439  0.575  0.649  0.598  0.484  0.334  0.193 -0.208 -0.506 -0.519 -0.515
 -0.300 -0.160 -0.087  0.226  0.500  0.649  1.000  0.676  0.501  0.157  0.419  0.420  0.405  0.206  0.076 -0.120 -0.217 -0.335 -0.359 -0.375 -0.294 -0.168 -0.007  0.031 -0.014  0.107  0.210  0.162  0.156  0.251  0.244  0.157  0.150  0.197  0.221  0.239  0.239  0.270  0.282  0.297  0.367  0.371  0.389  0.361  0.235  0.124  0.163  0.136  0.183  0.108  0.046  0.021 -0.073 -0.150 -0.264 -0.277 -0.353 -0.296 -0.208 -0.259 -0.224 -0.277 -0.295 -0.175 -0.054  0.171  0.305  0.550  0.493  0.362  0.203  0.089 -0.185 -0.458 -0.482 -0.475
 -0.143 -0.086 -0.137  0.009  0.148  0.281  0.676  1.000  0.644  0.099  0.206  0.146  0.114  0.028 -0.037 -0.073 -0.114 -0.138 -0.157 -0.167 -0.143 -0.104 -0.061 -0.041 -0.038 -0.006  0.025  0.017  0.006  0.040  0.053  0.017  0.008  0.036  0.060  0.079  0.090  0.106  0.135  0.129  0.149  0.151  0.163  0.151  0.086  0.047  0.080  0.025  0.044 -0.008 -0.035 -0.048 -0.068 -0.099 -0.145 -0.136 -0.150 -0.150 -0.106 -0.119 -0.095 -0.126 -0.162 -0.140 -0.086 -0.054  0.051  0.297  0.240  0.140  0.077 -0.017 -0.033 -0.221 -0.268 -0.289
 -0.180 -0.147 -0.120  0.045  0.176  0.269  0.501  0.644  1.000  0.558  0.420  0.255  0.153  0.048 -0.041 -0.097 -0.146 -0.185 -0.200 -0.205 -0.181 -0.128 -0.054 -0.026 -0.057 -0.016  0.042  0.026  0.018  0.062  0.074  0.046  0.045  0.070  0.085  0.082  0.086  0.101  0.112  0.114  0.130  0.138  0.143  0.141  0.079  0.052  0.086  0.065  0.084  0.024 -0.007 -0.021 -0.066 -0.112 -0.173 -0.179 -0.186 -0.168 -0.136 -0.145 -0.149 -0.180 -0.195 -0.154 -0.113  0.007  0.111  0.241  0.189  0.124  0.038 -0.018 -0.171 -0.273 -0.301 -0.315
 -0.128 -0.115 -0.005  0.115  0.205  0.226  0.157  0.099  0.558  1.000  0.566  0.305  0.165  0.085  0.035 -0.028 -0.109 -0.163 -0.179 -0.174 -0.144 -0.090 -0.023  0.008 -0.021  0.002  0.059  0.045  0.038  0.086  0.088  0.058  0.076  0.111  0.100  0.083  0.075  0.082  0.081  0.101  0.104  0.093  0.078  0.061  0.003 -0.009  0.021  0.050  0.084  0.038  0.022  0.017 -0.036 -0.083 -0.137 -0.176 -0.169 -0.135 -0.141 -0.153 -0.194 -0.201 -0.169 -0.095 -0.083  0.094  0.135  0.088  0.094  0.088  0.054  0.045 -0.190 -0.259 -0.251 -0.254
 -0.241 -0.088 -0.006  0.282  0.460  0.491  0.419  0.206  0.420  0.566  1.000  0.737  0.561  0.356  0.184 -0.044 -0.178 -0.318 -0.371 -0.393 -0.322 -0.242 -0.070 -0.003 -0.058  0.057  0.185  0.154  0.176  0.279  0.270  0.215  0.242  0.294  0.284  0.249  0.209  0.205  0.189  0.226  0.257  0.225  0.213  0.159  0.055  0.013  0.051  0.066  0.114  0.046 -0.011 -0.020 -0.143 -0.241 -0.333 -0.349 -0.404 -0.364 -0.293 -0.326 -0.315 -0.324 -0.313 -0.144 -0.088  0.148  0.204  0.271  0.299  0.250  0.176  0.141 -0.166 -0.403 -0.389 -0.375
 -0.206  0.019  0.159  0.494  0.631  0.631  0.420  0.146  0.255  0.305  0.737  1.000  0.799  0.591  0.348  0.048 -0.130 -0.336 -0.427 -0.480 -0.391 -0.323 -0.108 -0.036 -0.091  0.056  0.181  0.139  0.187  0.294  0.259  0.212  0.258  0.304  0.281  0.239  0.179  0.168  0.146  0.193  0.249  0.221  0.230  0.192  0.098  0.037  0.071  0.090  0.117  0.026 -0.063 -0.071 -0.231 -0.348 -0.437 -0.413 -0.492 -0.466 -0.349 -0.374 -0.309 -0.296 -0.242 -0.029  0.014  0.253  0.288  0.353  0.343  0.286  0.174  0.153 -0.128 -0.369 -0.365 -0.358
 -0.123  0.101  0.234  0.522  0.666  0.584  0.405  0.114  0.153  0.165  0.561  0.799  1.000  0.764  0.515  0.182 -0.016 -0.255 -0.391 -0.451 -0.349 -0.309 -0.101 -0.018 -0.068  0.081  0.201  0.166  0.203  0.290  0.252  0.212  0.244  0.271  0.258  0.210  0.157  0.155  0.134  0.156  0.209  0.187  0.192  0.147  0.067  0.034  0.054  0.060  0.072 -0.019 -0.105 -0.083 -0.240 -0.372 -0.447 -0.429 -0.508 -0.503 -0.399 -0.411 -0.339 -0.305 -0.219 -0.017 -0.019  0.210  0.251  0.310  0.305  0.240  0.122  0.102 -0.087 -0.324 -0.316 -0.302
  0.171  0.401  0.489  0.621  0.485  0.373  0.206  0.028  0.048  0.085  0.356  0.591  0.764  1.000  0.748  0.452  0.215 -0.043 -0.225 -0.331 -0.276 -0.364 -0.226 -0.159 -0.175 -0.053  0.018 -0.017  0.029  0.099  0.060  0.038  0.095  0.129  0.086  0.047 -0.003 -0.010  0.002 -0.009  0.002  0.002 -0.017 -0.053 -0.085 -0.065 -0.058 -0.065 -0.095 -0.187 -0.279 -0.247 -0.368 -0.470 -0.461 -0.392 -0.419 -0.485 -0.404 -0.346 -0.256 -0.137  0.034  0.223  0.106  0.228  0.139  0.103  0.075  0.053 -0.009  0.045  0.039 -0.093 -0.082 -0.091
  0.276  0.490  0.519  0.479  0.344  0.209  0.076 -0.037 -0.041  0.035  0.184  0.348  0.515  0.748  1.000  0.668  0.403  0.124 -0.101 -0.185 -0.115 -0.236 -0.162 -0.098 -0.102 -0.018  0.017 -0.018  0.005  0.041 -0.000 -0.014  0.025  0.036  0.001 -0.026 -0.050 -0.041 -0.028 -0.066 -0.059 -0.059 -0.089 -0.138 -0.158 -0.095 -0.098 -0.112 -0.151 -0.215 -0.267 -0.203 -0.273 -0.371 -0.343 -0.308 -0.332 -0.413 -0.381 -0.320 -0.238 -0.103  0.100  0.211  0.043  0.113  0.049 -0.019 -0.031 -0.046 -0.082 -0.024  0.072 -0.016 -0.001 -0.004
  0.627  0.630  0.462  0.271  0.013 -0.095 -0.120 -0.073 -0.097 -0.028 -0.044  0.048  0.182  0.452  0.668  1.000  0.713  0.455  0.211  0.117  0.138 -0.117 -0.205 -0.196 -0.143 -0.169 -0.213 -0.222 -0.216 -0.242 -0.261 -0.226 -0.189 -0.199 -0.239 -0.261 -0.261 -0.250 -0.199 -0.262 -0.297 -0.257 -0.301 -0.337 -0.311 -0.202 -0.229 -0.249 -0.309 -0.340 -0.364 -0.292 -0.286 -0.297 -0.159 -0.101 -0.069 -0.218 -0.257 -0.144 -0.073  0.109  0.363  0.326  0.035 -0.046 -0.170 -0.272 -0.290 -0.260 -0.230 -0.109  0.169  0.245  0.266  0.247
  0.612  0.456  0.318  0.075 -0.150 -0.250 -0.217 -0.114 -0.146 -0.109 -0.178 -0.130 -0.016  0.215  0.403  0.713  1.000  0.770  0.464  0.366  0.438  0.120 -0.078 -0.091 -0.030 -0.149 -0.231 -0.222 -0.254 -0.317 -0.318 -0.284 -0.269 -0.292 -0.316 -0.322 -0.298 -0.291 -0.240 -0.292 -0.343 -0.305 -0.351 -0.365 -0.326 -0.213 -0.242 -0.261 -0.310 -0.315 -0.276 -0.182 -0.098 -0.065  0.103  0.125  0.142 -0.009 -0.111 -0.023  0.010  0.138  0.329  0.200 -0.022 -0.149 -0.255 -0.358 -0.360 -0.317 -0.257 -0.137  0.160  0.289  0.294  0.279
  0.599  0.374  0.178 -0.111 -0.342 -0.432 -0.335 -0.138 -0.185 -0.163 -0.318 -0.336 -0.255 -0.043  0.124  0.455  0.770  1.000  0.749  0.636  0.598  0.230 -0.078 -0.134 -0.020 -0.218 -0.372 -0.326 -0.357 -0.460 -0.447 -0.385 -0.376 -0.414 -0.438 -0.434 -0.395 -0.393 -0.322 -0.375 -0.449 -0.385 -0.440 -0.427 -0.354 -0.236 -0.271 -0.307 -0.358 -0.340 -0.279 -0.201 -0.034  0.076  0.306  0.346  0.424  0.254  0.109  0.217  0.180  0.250  0.363  0.178 -0.005 -0.224 -0.336 -0.466 -0.470 -0.406 -0.313 -0.179  0.195  0.420  0.420  0.395
  0.420  0.204  0.044 -0.231 -0.422 -0.474 -0.359 -0.157 -0.200 -0.179 -0.371 -0.427 -0.391 -0.225 -0.101  0.211  0.464  0.749  1.000  0.780  0.587  0.283 -0.024 -0.121 -0.038 -0.240 -0.390 -0.349 -0.388 -0.486 -0.463 -0.408 -0.405 -0.434 -0.451 -0.430 -0.379 -0.376 -0.305 -0.344 -0.411 -0.343 -0.385 -0.353 -0.260 -0.187 -0.212 -0.244 -0.268 -0.225 -0.153 -0.126  0.075  0.249  0.493  0.582  0.661  0.507  0.353  0.436  0.356  0.326  0.316  0.134  0.066 -0.189 -0.303 -0.427 -0.440 -0.366 -0.270 -0.163  0.130  0.383  0.374  0.350
  0.291  0.061 -0.083 -0.342 -0.462 -0.506 -0.375 -0.167 -0.205 -0.174 -0.393 -0.480 -0.451 -0.331 -0.185  0.117  0.366  0.636  0.780  1.000  0.788  0.488  0.147  0.046  0.117 -0.132 -0.291 -0.247 -0.322 -0.442 -0.420 -0.380 -0.392 -0.430 -0.433 -0.406 -0.341 -0.326 -0.270 -0.312 -0.365 -0.322 -0.347 -0.321 -0.243 -0.167 -0.185 -0.204 -0.216 -0.141 -0.031  0.025  0.244  0.418  0.636  0.605  0.679  0.564  0.378  0.424  0.309  0.235  0.200  0.002 -0.039 -0.267 -0.322 -0.429 -0.415 -0.351 -0.253 -0.176  0.096  0.332  0.324  0.314
  0.214 -0.017 -0.133 -0.340 -0.382 -0.405 -0.294 -0.143 -0.181 -0.144 -0.322 -0.391 -0.349 -0.276 -0.115  0.138  0.438  0.598  0.587  0.788  1.000  0.735  0.385  0.281  0.355  0.082 -0.083 -0.055 -0.176 -0.302 -0.296 -0.296 -0.323 -0.355 -0.339 -0.302 -0.232 -0.213 -0.182 -0.205 -0.235 -0.234 -0.241 -0.239 -0.195 -0.140 -0.146 -0.140 -0.125 -0.034  0.104  0.218  0.387  0.503  0.645  0.520  0.481  0.399  0.207  0.203  0.137  0.086  0.070 -0.113 -0.149 -0.295 -0.300 -0.347 -0.300 -0.253 -0.184 -0.139  0.030  0.178  0.158  0.168
 -0.112 -0.297 -0.332 -0.420 -0.294 -0.257 -0.168 -0.104 -0.128 -0.090 -0.242 -0.323 -0.309 -0.364 -0.236 -0.117  0.120  0.230  0.283  0.488  0.735  1.000  0.745  0.621  0.650  0.418  0.231  0.218  0.067 -0.058 -0.080 -0.134 -0.184 -0.203 -0.161 -0.102 -0.025  0.008 -0.010  0.003  0.019 -0.030  0.022  0.017  0.022 -0.005  0.017  0.064  0.147  0.287  0.457  0.590  0.681  0.732  0.682  0.466  0.336  0.385  0.219  0.116  0.053 -0.067 -0.175 -0.321 -0.238 -0.270 -0.179 -0.128 -0.056 -0.044 -0.026 -0.078 -0.134 -0.108 -0.142 -0.103
 -0.314 -0.386 -0.335 -0.300 -0.079 -0.035 -0.007 -0.061 -0.054 -0.023 -0.070 -0.108 -0.101 -0.226 -0.162 -0.205 -0.078 -0.078 -0.024  0.147  0.385  0.745  1.000  0.824  0.666  0.603  0.560  0.453  0.251  0.186  0.158  0.044 -0.027 -0.021  0.039  0.100  0.197  0.268  0.197  0.189  0.254  0.178  0.287  0.257  0.232  0.136  0.182  0.269  0.403  0.532  0.639  0.756  0.652  0.601  0.435  0.252  0.055  0.169  0.120 -0.053 -0.073 -0.196 -0.320 -0.372 -0.239 -0.140 -0.001  0.111  0.183  0.151  0.110 -0.007 -0.262 -0.371 -0.412 -0.364
 -0.353 -0.398 -0.324 -0.262 -0.012  0.027  0.031 -0.041 -0.026  0.008 -0.003 -0.036 -0.018 -0.159 -0.098 -0.196 -0.091 -0.134 -0.121  0.046  0.281  0.621  0.824  1.000  0.802  0.606  0.680  0.638  0.399  0.332  0.316  0.209  0.142  0.127  0.180  0.201  0.230  0.290  0.179  0.191  0.299  0.112  0.230  0.223  0.194  0.150  0.190  0.259  0.363  0.460  0.594  0.769  0.669  0.507  0.319  0.092 -0.096  0.035 -0.018 -0.211 -0.214 -0.297 -0.391 -0.423 -0.306 -0.158  0.008  0.128  0.220  0.137  0.099 -0.042 -0.268 -0.417 -0.436 -0.379
 -0.251 -0.321 -0.334 -0.306 -0.099 -0.050 -0.014 -0.038 -0.057 -0.021 -0.058 -0.091 -0.068 -0.175 -0.102 -0.143 -0.030 -0.020 -0.038  0.117  0.355  0.650  0.666  0.802  1.000  0.727  0.549  0.609  0.459  0.289  0.243  0.181  0.108  0.068  0.113  0.129  0.153  0.189  0.112  0.140  0.208  0.065  0.117  0.075  0.022  0.004  0.030  0.077  0.168  0.262  0.402  0.569  0.538  0.416  0.298  0.093 -0.053  0.018 -0.074 -0.202 -0.214 -0.277 -0.343 -0.399 -0.334 -0.246 -0.120  0.005  0.115  0.080  0.061 -0.021 -0.142 -0.268 -0.285 -0.236
 -0.342 -0.323 -0.284 -0.179  0.051  0.090  0.107 -0.006 -0.016  0.002  0.057  0.056  0.081 -0.053 -0.018 -0.169 -0.149 -0.218 -0.240 -0.132  0.082  0.418  0.603  0.606  0.727  1.000  0.742  0.629  0.604  0.503  0.385  0.296  0.215  0.175  0.214  0.233  0.296  0.367  0.274  0.245  0.298  0.241  0.294  0.209  0.127  0.060  0.100  0.136  0.235  0.285  0.326  0.450  0.340  0.207  0.040 -0.091 -0.233 -0.154 -0.157 -0.268 -0.262 -0.326 -0.388 -0.364 -0.281 -0.121 -0.007  0.147  0.219  0.173  0.114  0.041 -0.181 -0.361 -0.383 -0.333
 -0.455 -0.380 -0.266 -0.093  0.202  0.236  0.210  0.025  0.042  0.059  0.185  0.181  0.201  0.018  0.017 -0.213 -0.231 -0.372 -0.390 -0.291 -0.083  0.231  0.560  0.680  0.549  0.742  1.000  0.838  0.637  0.685  0.658  0.478  0.387  0.402  0.466  0.480  0.519  0.598  0.457  0.396  0.503  0.336  0.411  0.341  0.247  0.170  0.223  0.260  0.366  0.385  0.414  0.534  0.353  0.152 -0.061 -0.211 -0.386 -0.256 -0.210 -0.382 -0.358 -0.417 -0.480 -0.408 -0.288 -0.035  0.135  0.311  0.397  0.298  0.214  0.063 -0.292 -0.567 -0.592 -0.535
 -0.427 -0.377 -0.298 -0.152  0.138  0.168  0.162  0.017  0.026  0.045  0.154  0.139  0.166 -0.017 -0.018 -0.222 -0.222 -0.326 -0.349 -0.247 -0.055  0.218  0.453  0.638  0.609  0.629  0.838  1.000  0.785  0.690  0.724  0.620  0.491  0.450  0.529  0.489  0.478  0.504  0.364  0.345  0.441  0.238  0.278  0.208  0.108  0.083  0.125  0.152  0.247  0.265  0.339  0.458  0.332  0.135 -0.050 -0.216 -0.363 -0.249 -0.240 -0.396 -0.384 -0.434 -0.486 -0.440 -0.352 -0.132  0.037  0.203  0.321  0.230  0.168  0.036 -0.227 -0.480 -0.500 -0.446
 -0.396 -0.319 -0.242 -0.085  0.160  0.186  0.156  0.006  0.018  0.038  0.176  0.187  0.203  0.029  0.005 -0.216 -0.254 -0.357 -0.388 -0.322 -0.176  0.067  0.251  0.399  0.459  0.604  0.637  0.785  1.000  0.820  0.700  0.737  0.661  0.527  0.531  0.419  0.325  0.337  0.198  0.218  0.323  0.155  0.180  0.111  0.019  0.019  0.048  0.059  0.119  0.110  0.163  0.269  0.165 -0.019 -0.185 -0.308 -0.407 -0.318 -0.300 -0.402 -0.397 -0.422 -0.445 -0.364 -0.304 -0.096  0.019  0.152  0.236  0.142  0.089  0.013 -0.166 -0.354 -0.347 -0.298
 -0.455 -0.322 -0.209  0.019  0.292  0.328  0.251  0.040  0.062  0.086  0.279  0.294  0.290  0.099  0.041 -0.242 -0.317 -0.460 -0.486 -0.442 -0.302 -0.058  0.186  0.332  0.289  0.503  0.685  0.690  0.820  1.000  0.872  0.760  0.751  0.738  0.719  0.652  0.521  0.509  0.378  0.402  0.504  0.298  0.307  0.243  0.125  0.087  0.136  0.137  0.199  0.150  0.161  0.246  0.105 -0.092 -0.282 -0.385 -0.489 -0.385 -0.326 -0.441 -0.421 -0.449 -0.474 -0.341 -0.240  0.019  0.147  0.315  0.398  0.313  0.229  0.111 -0.228 -0.514 -0.525 -0.477
 -0.450 -0.337 -0.235 -0.025  0.254  0.292  0.244  0.053  0.074  0.088  0.270  0.259  0.252  0.060 -0.000 -0.261 -0.318 -0.447 -0.463 -0.420 -0.296 -0.080  0.158  0.316  0.243  0.385  0.658  0.724  0.700  0.872  1.000  0.838  0.739  0.767  0.821  0.755  0.660  0.617  0.489  0.482  0.524  0.327  0.308  0.237  0.112  0.085  0.133  0.128  0.199  0.149  0.169  0.233  0.105 -0.080 -0.261 -0.364 -0.461 -0.355 -0.298 -0.418 -0.408 -0.445 -0.480 -0.370 -0.271 -0.022  0.119  0.296  0.397  0.330  0.257  0.126 -0.216 -0.537 -0.562 -0.517
 -0.368 -0.280 -0.198 -0.038  0.177  0.198  0.157  0.017  0.046  0.058  0.215  0.212  0.212  0.038 -0.014 -0.226 -0.284 -0.385 -0.408 -0.380 -0.296 -0.134  0.044  0.209  0.181  0.296  0.478  0.620  0.737  0.760  0.838  1.000  0.871  0.726  0.746  0.555  0.381  0.350  0.218  0.235  0.310  0.130  0.132  0.085  0.005  0.032  0.058  0.047  0.078  0.027  0.058  0.132  0.035 -0.135 -0.276 -0.361 -0.420 -0.339 -0.300 -0.384 -0.381 -0.390 -0.402 -0.310 -0.262 -0.065  0.037  0.153  0.227  0.136  0.095  0.015 -0.152 -0.343 -0.334 -0.294
 -0.321 -0.214 -0.126  0.041  0.218  0.243  0.150  0.008  0.045  0.076  0.242  0.258  0.244  0.095  0.025 -0.189 -0.269 -0.376 -0.405 -0.392 -0.323 -0.184 -0.027  0.142  0.108  0.215  0.387  0.491  0.661  0.751  0.739  0.871  1.000  0.856  0.746  0.562  0.274  0.234  0.121  0.170  0.288  0.081  0.092  0.069  0.003  0.027  0.052  0.041  0.049 -0.014  0.008  0.086 -0.014 -0.180 -0.308 -0.374 -0.418 -0.348 -0.307 -0.377 -0.362 -0.352 -0.344 -0.225 -0.182  0.006  0.079  0.169  0.224  0.136  0.086  0.005 -0.156 -0.322 -0.303 -0.270
 -0.342 -0.213 -0.122  0.074  0.262  0.307  0.197  0.036  0.070  0.111  0.294  0.304  0.271  0.129  0.036 -0.199 -0.292 -0.414 -0.434 -0.430 -0.355 -0.203 -0.021  0.127  0.068  0.175  0.402  0.450  0.527  0.738  0.767  0.726  0.856  1.000  0.896  0.782  0.493  0.405  0.317  0.355  0.438  0.211  0.192  0.157  0.061  0.048  0.086  0.080  0.109  0.037  0.040  0.093 -0.030 -0.189 -0.327 -0.381 -0.435 -0.360 -0.302 -0.382 -0.355 -0.355 -0.358 -0.221 -0.147  0.053  0.134  0.261  0.335  0.292  0.226  0.114 -0.174 -0.440 -0.448 -0.418
 -0.397 -0.281 -0.191  0.012  0.249  0.298  0.221  0.060  0.085  0.100  0.284  0.281  0.258  0.086  0.001 -0.239 -0.316 -0.438 -0.451 -0.433 -0.339 -0.161  0.039  0.180  0.113  0.214  0.466  0.529  0.531  0.719  0.821  0.746  0.746  0.896  1.000  0.889  0.666  0.543  0.445  0.491  0.526  0.307  0.267  0.209  0.086  0.063  0.108  0.103  0.158  0.093  0.102  0.145  0.016 -0.146 -0.300 -0.373 -0.446 -0.355 -0.294 -0.395 -0.373 -0.394 -0.421 -0.304 -0.214  0.002  0.121  0.290  0.402  0.372  0.312  0.180 -0.166 -0.505 -0.531 -0.498
 -0.415 -0.302 -0.219 -0.016  0.238  0.303  0.239  0.079  0.082  0.083  0.249  0.239  0.210  0.047 -0.026 -0.261 -0.322 -0.434 -0.430 -0.406 -0.302 -0.102  0.100  0.201  0.129  0.233  0.480  0.489  0.419  0.652  0.755  0.555  0.562  0.782  0.889  1.000  0.821  0.656  0.560  0.614  0.607  0.420  0.363  0.295  0.154  0.088  0.145  0.147  0.227  0.171  0.168  0.182  0.056 -0.081 -0.243 -0.315 -0.400 -0.302 -0.236 -0.347 -0.327 -0.374 -0.428 -0.321 -0.196  0.017  0.150  0.347  0.460  0.472  0.395  0.255 -0.161 -0.553 -0.603 -0.573
 -0.415 -0.328 -0.254 -0.073  0.189  0.250  0.239  0.090  0.086  0.075  0.209  0.179  0.157 -0.003 -0.050 -0.261 -0.298 -0.395 -0.379 -0.341 -0.232 -0.025  0.197  0.230  0.153  0.296  0.519  0.478  0.325  0.521  0.660  0.381  0.274  0.493  0.666  0.821  1.000  0.863  0.726  0.694  0.589  0.507  0.428  0.330  0.178  0.094  0.149  0.153  0.265  0.242  0.240  0.216  0.100 -0.005 -0.167 -0.241 -0.336 -0.235 -0.165 -0.280 -0.276 -0.349 -0.429 -0.356 -0.224 -0.018  0.126  0.331  0.444  0.469  0.399  0.275 -0.147 -0.548 -0.609 -0.576
 -0.425 -0.340 -0.261 -0.080  0.186  0.245  0.270  0.106  0.101  0.082  0.205  0.168  0.155 -0.010 -0.041 -0.250 -0.291 -0.393 -0.376 -0.326 -0.213  0.008  0.268  0.290  0.189  0.367  0.598  0.504  0.337  0.509  0.617  0.350  0.234  0.405  0.543  0.656  0.863  1.000  0.835  0.648  0.603  0.553  0.482  0.368  0.219  0.118  0.175  0.185  0.302  0.296  0.284  0.262  0.133  0.029 -0.143 -0.222 -0.324 -0.217 -0.142 -0.267 -0.271 -0.354 -0.435 -0.360 -0.231 -0.011  0.133  0.343  0.431  0.441  0.353  0.210 -0.203 -0.563 -0.614 -0.574
 -0.348 -0.274 -0.220 -0.057  0.167  0.228  0.282  0.135  0.112  0.081  0.189  0.146  0.134  0.002 -0.028 -0.199 -0.240 -0.322 -0.305 -0.270 -0.182 -0.010  0.197  0.179  0.112  0.274  0.457  0.364  0.198  0.378  0.489  0.218  0.121  0.317  0.445  0.560  0.726  0.835  1.000  0.762  0.646  0.632  0.508  0.367  0.201  0.077  0.142  0.144  0.264  0.258  0.223  0.168  0.070  0.014 -0.124 -0.174 -0.253 -0.167 -0.094 -0.198 -0.206 -0.291 -0.359 -0.296 -0.181  0.002  0.122  0.338  0.439  0.499  0.443  0.301 -0.151 -0.516 -0.597 -0.574
 -0.407 -0.306 -0.248 -0.034  0.235  0.323  0.297  0.129  0.114  0.101  0.226  0.193  0.156 -0.009 -0.066 -0.262 -0.292 -0.375 -0.344 -0.312 -0.205  0.003  0.189  0.191  0.140  0.245  0.396  0.345  0.218  0.402  0.482  0.235  0.170  0.355  0.491  0.614  0.694  0.648  0.762  1.000  0.815  0.732  0.584  0.445  0.243  0.084  0.164  0.184  0.324  0.298  0.254  0.198  0.098  0.038 -0.119 -0.175 -0.276 -0.173 -0.093 -0.211 -0.201 -0.305 -0.394 -0.314 -0.157  0.038  0.193  0.436  0.596  0.688  0.681  0.548 -0.120 -0.588 -0.687 -0.669
 -0.472 -0.352 -0.247  0.014  0.319  0.419  0.367  0.149  0.130  0.104  0.257  0.249  0.209  0.002 -0.059 -0.297 -0.343 -0.449 -0.411 -0.365 -0.235  0.019  0.254  0.299  0.208  0.298  0.503  0.441  0.323  0.504  0.524  0.310  0.288  0.438  0.526  0.607  0.589  0.603  0.646  0.815  1.000  0.754  0.664  0.542  0.333  0.145  0.232  0.272  0.412  0.386  0.341  0.300  0.159  0.069 -0.120 -0.198 -0.325 -0.188 -0.096 -0.254 -0.234 -0.347 -0.434 -0.321 -0.141  0.105  0.298  0.561  0.717  0.746  0.662  0.451 -0.250 -0.667 -0.746 -0.722
 -0.399 -0.290 -0.213  0.028  0.301  0.378  0.371  0.151  0.138  0.093  0.225  0.221  0.187  0.002 -0.059 -0.257 -0.305 -0.385 -0.343 -0.322 -0.234 -0.030  0.178  0.112  0.065  0.241  0.336  0.238  0.155  0.298  0.327  0.130  0.081  0.211  0.307  0.420  0.507  0.553  0.632  0.732  0.754  1.000  0.816  0.602  0.347  0.096  0.175  0.221  0.392  0.385  0.277  0.145  0.036  0.032 -0.123 -0.151 -0.239 -0.132 -0.028 -0.136 -0.132 -0.259 -0.342 -0.248 -0.085  0.125  0.294  0.549  0.681  0.778  0.638  0.496 -0.164 -0.558 -0.651 -0.640
 -0.448 -0.338 -0.219  0.041  0.333  0.409  0.389  0.163  0.143  0.078  0.213  0.230  0.192 -0.017 -0.089 -0.301 -0.351 -0.440 -0.385 -0.347 -0.241  0.022  0.287  0.230  0.117  0.294  0.411  0.278  0.180  0.307  0.308  0.132  0.092  0.192  0.267  0.363  0.428  0.482  0.508  0.584  0.664  0.816  1.000  0.817  0.546  0.227  0.312  0.370  0.561  0.550  0.421  0.299  0.142  0.105 -0.089 -0.141 -0.258 -0.116  0.002 -0.143 -0.127 -0.257 -0.346 -0.240 -0.061  0.175  0.395  0.666  0.705  0.684  0.517  0.341 -0.268 -0.605 -0.675 -0.652
 -0.426 -0.326 -0.180  0.072  0.328  0.405  0.361  0.151  0.141  0.061  0.159  0.192  0.147 -0.053 -0.138 -0.337 -0.365 -0.427 -0.353 -0.321 -0.239  0.017  0.257  0.223  0.075  0.209  0.341  0.208  0.111  0.243  0.237  0.085  0.069  0.157  0.209  0.295  0.330  0.368  0.367  0.445  0.542  0.602  0.817  1.000  0.796  0.435  0.513  0.563  0.630  0.543  0.420  0.318  0.178  0.135 -0.060 -0.108 -0.216 -0.072  0.042 -0.098 -0.065 -0.171 -0.261 -0.158  0.038  0.255  0.483  0.719  0.644  0.573  0.401  0.213 -0.327 -0.578 -0.638 -0.618
 -0.339 -0.267 -0.131  0.044  0.221  0.275  0.235  0.086  0.079  0.003  0.055  0.098  0.067 -0.085 -0.158 -0.311 -0.326 -0.354 -0.260 -0.243 -0.195  0.022  0.232  0.194  0.022  0.127  0.247  0.108  0.019  0.125  0.112  0.005  0.003  0.061  0.086  0.154  0.178  0.219  0.201  0.243  0.333  0.347  0.546  0.796  1.000  0.676  0.572  0.592  0.526  0.495  0.391  0.302  0.172  0.145 -0.013 -0.036 -0.136 -0.017  0.091 -0.024  0.036 -0.018 -0.128 -0.064  0.138  0.284  0.434  0.549  0.430  0.335  0.207  0.066 -0.306 -0.425 -0.471 -0.458
 -0.232 -0.191 -0.087  0.018  0.118  0.148  0.124  0.047  0.052 -0.009  0.013  0.037  0.034 -0.065 -0.095 -0.202 -0.213 -0.236 -0.187 -0.167 -0.140 -0.005  0.136  0.150  0.004  0.060  0.170  0.083  0.019  0.087  0.085  0.032  0.027  0.048  0.063  0.088  0.094  0.118  0.077  0.084  0.145  0.096  0.227  0.435  0.676  1.000  0.697  0.508  0.319  0.275  0.239  0.223  0.137  0.079 -0.033 -0.061 -0.122 -0.045  0.012 -0.053 -0.017 -0.033 -0.108 -0.082  0.013  0.111  0.244  0.313  0.204  0.098  0.026 -0.066 -0.235 -0.269 -0.284 -0.273
 -0.289 -0.232 -0.121  0.007  0.141  0.182  0.163  0.080  0.086  0.021  0.051  0.071  0.054 -0.058 -0.098 -0.229 -0.242 -0.271 -0.212 -0.185 -0.146  0.017  0.182  0.190  0.030  0.100  0.223  0.125  0.048  0.136  0.133  0.058  0.052  0.086  0.108  0.145  0.149  0.175  0.142  0.164  0.232  0.175  0.312  0.513  0.572  0.697  1.000  0.745  0.524  0.343  0.269  0.259  0.172  0.116 -0.022 -0.060 -0.129 -0.036  0.031 -0.056 -0.034 -0.082 -0.157 -0.113 -0.008  0.102  0.239  0.363  0.275  0.184  0.099 -0.016 -0.287 -0.358 -0.388 -0.378
 -0.317 -0.269 -0.137 -0.001  0.153  0.187  0.136  0.025  0.065  0.050  0.066  0.090  0.060 -0.065 -0.112 -0.249 -0.261 -0.307 -0.244 -0.204 -0.140  0.064  0.269  0.259  0.077  0.136  0.260  0.152  0.059  0.137  0.128  0.047  0.041  0.080  0.103  0.147  0.153  0.185  0.144  0.184  0.272  0.221  0.370  0.563  0.592  0.508  0.745  1.000  0.763  0.543  0.400  0.358  0.216  0.164  0.003 -0.048 -0.141 -0.020  0.064 -0.057 -0.036 -0.101 -0.182 -0.134 -0.011  0.130  0.263  0.354  0.303  0.239  0.146  0.021 -0.317 -0.388 -0.429 -0.414
 -0.408 -0.353 -0.205 -0.035  0.187  0.236  0.183  0.044  0.084  0.084  0.114  0.117  0.072 -0.095 -0.151 -0.309 -0.310 -0.358 -0.268 -0.216 -0.125  0.147  0.403  0.363  0.168  0.235  0.366  0.247  0.119  0.199  0.199  0.078  0.049  0.109  0.158  0.227  0.265  0.302  0.264  0.324  0.412  0.392  0.561  0.630  0.526  0.319  0.524  0.763  1.000  0.779  0.585  0.485  0.301  0.272  0.074  0.007 -0.118  0.046  0.153 -0.020 -0.021 -0.155 -0.274 -0.222 -0.055  0.132  0.300  0.434  0.429  0.391  0.282  0.132 -0.347 -0.513 -0.567 -0.540
 -0.415 -0.390 -0.258 -0.128  0.100  0.146  0.108 -0.008  0.024  0.038  0.046  0.026 -0.019 -0.187 -0.215 -0.340 -0.315 -0.340 -0.225 -0.141 -0.034  0.287  0.532  0.460  0.262  0.285  0.385  0.265  0.110  0.150  0.149  0.027 -0.014  0.037  0.093  0.171  0.242  0.296  0.258  0.298  0.386  0.385  0.550  0.543  0.495  0.275  0.343  0.543  0.779  1.000  0.828  0.643  0.433  0.434  0.212  0.120 -0.030  0.158  0.259  0.054  0.048 -0.112 -0.282 -0.263 -0.073  0.088  0.255  0.346  0.378  0.354  0.261  0.109 -0.330 -0.473 -0.525 -0.491
 -0.426 -0.457 -0.323 -0.231  0.018  0.072  0.046 -0.035 -0.007  0.022 -0.011 -0.063 -0.105 -0.279 -0.267 -0.364 -0.276 -0.279 -0.153 -0.031  0.104  0.457  0.639  0.594  0.402  0.326  0.414  0.339  0.163  0.161  0.169  0.058  0.008  0.040  0.102  0.168  0.240  0.284  0.223  0.254  0.341  0.277  0.421  0.420  0.391  0.239  0.269  0.400  0.585  0.828  1.000  0.836  0.665  0.632  0.380  0.216  0.047  0.258  0.292  0.053  0.024 -0.149 -0.337 -0.359 -0.149 -0.001  0.176  0.257  0.311  0.277  0.213  0.043 -0.324 -0.449 -0.491 -0.447
 -0.397 -0.451 -0.339 -0.264 -0.013  0.039  0.021 -0.048 -0.021  0.017 -0.020 -0.071 -0.083 -0.247 -0.203 -0.292 -0.182 -0.201 -0.126  0.025  0.218  0.590  0.756  0.769  0.569  0.450  0.534  0.458  0.269  0.246  0.233  0.132  0.086  0.093  0.145  0.182  0.216  0.262  0.168  0.198  0.300  0.145  0.299  0.318  0.302  0.223  0.259  0.358  0.485  0.643  0.836  1.000  0.817  0.662  0.408  0.183 -0.013  0.176  0.139 -0.099 -0.113 -0.238 -0.382 -0.410 -0.239 -0.086  0.090  0.182  0.247  0.175  0.130 -0.036 -0.321 -0.437 -0.462 -0.408
 -0.310 -0.430 -0.350 -0.361 -0.157 -0.110 -0.073 -0.068 -0.066 -0.036 -0.143 -0.231 -0.240 -0.368 -0.273 -0.286 -0.098 -0.034  0.075  0.244  0.387  0.681  0.652  0.669  0.538  0.340  0.353  0.332  0.165  0.105  0.105  0.035 -0.014 -0.030  0.016  0.056  0.100  0.133  0.070  0.098  0.159  0.036  0.142  0.178  0.172  0.137  0.172  0.216  0.301  0.433  0.665  0.817  1.000  0.831  0.608  0.366  0.223  0.379  0.257  0.062 -0.004 -0.142 -0.297 -0.387 -0.227 -0.168 -0.016  0.041  0.098  0.049  0.045 -0.086 -0.251 -0.284 -0.305 -0.257
 -0.231 -0.397 -0.343 -0.412 -0.264 -0.220 -0.150 -0.099 -0.112 -0.083 -0.241 -0.348 -0.372 -0.470 -0.371 -0.297 -0.065  0.076  0.249  0.418  0.503  0.732  0.601  0.507  0.416  0.207  0.152  0.135 -0.019 -0.092 -0.080 -0.135 -0.180 -0.189 -0.146 -0.081 -0.005  0.029  0.014  0.038  0.069  0.032  0.105  0.135  0.145  0.079  0.116  0.164  0.272  0.434  0.632  0.662  0.831  1.000  0.828  0.603  0.479  0.628  0.481  0.300  0.198  0.013 -0.170 -0.300 -0.134 -0.164 -0.054 -0.033  0.012  0.014  0.027 -0.070 -0.217 -0.175 -0.207 -0.172
 -0.031 -0.234 -0.255 -0.410 -0.379 -0.360 -0.264 -0.145 -0.173 -0.137 -0.333 -0.437 -0.447 -0.461 -0.343 -0.159  0.103  0.306  0.493  0.636  0.645  0.682  0.435  0.319  0.298  0.040 -0.061 -0.050 -0.185 -0.282 -0.261 -0.276 -0.308 -0.327 -0.300 -0.243 -0.167 -0.143 -0.124 -0.119 -0.120 -0.123 -0.089 -0.060 -0.013 -0.033 -0.022  0.003  0.074  0.212  0.380  0.408  0.608  0.828  1.000  0.815  0.696  0.745  0.554  0.454  0.342  0.156  0.002 -0.169 -0.055 -0.196 -0.168 -0.205 -0.177 -0.141 -0.088 -0.111 -0.107  0.033  0.010  0.028
  0.082 -0.083 -0.141 -0.316 -0.379 -0.365 -0.277 -0.136 -0.179 -0.176 -0.349 -0.413 -0.429 -0.392 -0.308 -0.101  0.125  0.346  0.582  0.605  0.520  0.466  0.252  0.092  0.093 -0.091 -0.211 -0.216 -0.308 -0.385 -0.364 -0.361 -0.374 -0.381 -0.373 -0.315 -0.241 -0.222 -0.174 -0.175 -0.198 -0.151 -0.141 -0.108 -0.036 -0.061 -0.060 -0.048  0.007  0.120  0.216  0.183  0.366  0.603  0.815  1.000  0.822  0.756  0.672  0.641  0.582  0.346  0.175 -0.000  0.090 -0.124 -0.164 -0.224 -0.237 -0.172 -0.112 -0.090 -0.058  0.121  0.097  0.097
  0.189 -0.001 -0.076 -0.311 -0.450 -0.459 -0.353 -0.150 -0.186 -0.169 -0.404 -0.492 -0.508 -0.419 -0.332 -0.069  0.142  0.424  0.661  0.679  0.481  0.336  0.055 -0.096 -0.053 -0.233 -0.386 -0.363 -0.407 -0.489 -0.461 -0.420 -0.418 -0.435 -0.446 -0.400 -0.336 -0.324 -0.253 -0.276 -0.325 -0.239 -0.258 -0.216 -0.136 -0.122 -0.129 -0.141 -0.118 -0.030  0.047 -0.013  0.223  0.479  0.696  0.822  1.000  0.871  0.704  0.753  0.584  0.393  0.279  0.098  0.128 -0.134 -0.211 -0.325 -0.352 -0.272 -0.188 -0.128  0.032  0.283  0.273  0.255
  0.024 -0.161 -0.145 -0.327 -0.390 -0.379 -0.296 -0.150 -0.168 -0.135 -0.364 -0.466 -0.503 -0.485 -0.413 -0.218 -0.009  0.254  0.507  0.564  0.399  0.385  0.169  0.035  0.018 -0.154 -0.256 -0.249 -0.318 -0.385 -0.355 -0.339 -0.348 -0.360 -0.355 -0.302 -0.235 -0.217 -0.167 -0.173 -0.188 -0.132 -0.116 -0.072 -0.017 -0.045 -0.036 -0.020  0.046  0.158  0.258  0.176  0.379  0.628  0.745  0.756  0.871  1.000  0.839  0.742  0.533  0.311  0.172  0.014  0.093 -0.096 -0.115 -0.207 -0.223 -0.163 -0.103 -0.103 -0.081  0.127  0.119  0.118
 -0.030 -0.144 -0.095 -0.217 -0.277 -0.256 -0.208 -0.106 -0.136 -0.141 -0.293 -0.349 -0.399 -0.404 -0.381 -0.257 -0.111  0.109  0.353  0.378  0.207  0.219  0.120 -0.018 -0.074 -0.157 -0.210 -0.240 -0.300 -0.326 -0.298 -0.300 -0.307 -0.302 -0.294 -0.236 -0.165 -0.142 -0.094 -0.093 -0.096 -0.028  0.002  0.042  0.091  0.012  0.031  0.064  0.153  0.259  0.292  0.139  0.257  0.481  0.554  0.672  0.704  0.839  1.000  0.825  0.686  0.394  0.220  0.080  0.178  0.007 -0.008 -0.077 -0.113 -0.055 -0.020 -0.040 -0.120  0.033  0.013  0.010
  0.134  0.021  0.005 -0.169 -0.321 -0.321 -0.259 -0.119 -0.145 -0.153 -0.326 -0.374 -0.411 -0.346 -0.320 -0.144 -0.023  0.217  0.436  0.424  0.203  0.116 -0.053 -0.211 -0.202 -0.268 -0.382 -0.396 -0.402 -0.441 -0.418 -0.384 -0.377 -0.382 -0.395 -0.347 -0.280 -0.267 -0.198 -0.211 -0.254 -0.136 -0.143 -0.098 -0.024 -0.053 -0.056 -0.057 -0.020  0.054  0.053 -0.099  0.062  0.300  0.454  0.641  0.753  0.742  0.825  1.000  0.812  0.524  0.371  0.212  0.250  0.010 -0.070 -0.184 -0.250 -0.178 -0.120 -0.071 -0.015  0.214  0.196  0.177
  0.170  0.113  0.066 -0.097 -0.264 -0.267 -0.224 -0.095 -0.149 -0.194 -0.315 -0.309 -0.339 -0.256 -0.238 -0.073  0.010  0.180  0.356  0.309  0.137  0.053 -0.073 -0.214 -0.214 -0.262 -0.358 -0.384 -0.397 -0.421 -0.408 -0.381 -0.362 -0.355 -0.373 -0.327 -0.276 -0.271 -0.206 -0.201 -0.234 -0.132 -0.127 -0.065  0.036 -0.017 -0.034 -0.036 -0.021  0.048  0.024 -0.113 -0.004  0.198  0.342  0.582  0.584  0.533  0.686  0.812  1.000  0.747  0.501  0.307  0.392  0.085 -0.024 -0.124 -0.208 -0.143 -0.092 -0.038 -0.004  0.192  0.163  0.142
  0.376  0.311  0.221 -0.021 -0.283 -0.315 -0.277 -0.126 -0.180 -0.201 -0.324 -0.296 -0.305 -0.137 -0.103  0.109  0.138  0.250  0.326  0.235  0.086 -0.067 -0.196 -0.297 -0.277 -0.326 -0.417 -0.434 -0.422 -0.449 -0.445 -0.390 -0.352 -0.355 -0.394 -0.374 -0.349 -0.354 -0.291 -0.305 -0.347 -0.259 -0.257 -0.171 -0.018 -0.033 -0.082 -0.101 -0.155 -0.112 -0.149 -0.238 -0.142  0.013  0.156  0.346  0.393  0.311  0.394  0.524  0.747  1.000  0.737  0.481  0.493  0.121 -0.073 -0.213 -0.309 -0.255 -0.185 -0.082  0.095  0.325  0.307  0.274
  0.595  0.530  0.431  0.158 -0.220 -0.291 -0.295 -0.162 -0.195 -0.169 -0.313 -0.242 -0.219  0.034  0.100  0.363  0.329  0.363  0.316  0.200  0.070 -0.175 -0.320 -0.391 -0.343 -0.388 -0.480 -0.486 -0.445 -0.474 -0.480 -0.402 -0.344 -0.358 -0.421 -0.428 -0.429 -0.435 -0.359 -0.394 -0.434 -0.342 -0.346 -0.261 -0.128 -0.108 -0.157 -0.182 -0.274 -0.282 -0.337 -0.382 -0.297 -0.170  0.002  0.175  0.279  0.172  0.220  0.371  0.501  0.737  1.000  0.774  0.541  0.206 -0.066 -0.255 -0.370 -0.325 -0.252 -0.119  0.143  0.409  0.409  0.368
  0.488  0.563  0.551  0.411  0.017 -0.067 -0.175 -0.140 -0.154 -0.095 -0.144 -0.029 -0.017  0.223  0.211  0.326  0.200  0.178  0.134  0.002 -0.113 -0.321 -0.372 -0.423 -0.399 -0.364 -0.408 -0.440 -0.364 -0.341 -0.370 -0.310 -0.225 -0.221 -0.304 -0.321 -0.356 -0.360 -0.296 -0.314 -0.321 -0.248 -0.240 -0.158 -0.064 -0.082 -0.113 -0.134 -0.222 -0.263 -0.359 -0.410 -0.387 -0.300 -0.169 -0.000  0.098  0.014  0.080  0.212  0.307  0.481  0.774  1.000  0.734  0.455  0.136 -0.082 -0.229 -0.203 -0.166 -0.061  0.103  0.285  0.295  0.253
  0.209  0.297  0.397  0.392  0.137  0.085 -0.054 -0.086 -0.113 -0.083 -0.088  0.014 -0.019  0.106  0.043  0.035 -0.022 -0.005  0.066 -0.039 -0.149 -0.238 -0.239 -0.306 -0.334 -0.281 -0.288 -0.352 -0.304 -0.240 -0.271 -0.262 -0.182 -0.147 -0.214 -0.196 -0.224 -0.231 -0.181 -0.157 -0.141 -0.085 -0.061  0.038  0.138  0.013 -0.008 -0.011 -0.055 -0.073 -0.149 -0.239 -0.227 -0.134 -0.055  0.090  0.128  0.093  0.178  0.250  0.392  0.493  0.541  0.734  1.000  0.666  0.360  0.129 -0.032 -0.024 -0.019  0.016  0.006  0.089  0.075  0.040
 -0.025  0.114  0.352  0.602  0.478  0.439  0.171 -0.054  0.007  0.094  0.148  0.253  0.210  0.228  0.113 -0.046 -0.149 -0.224 -0.189 -0.267 -0.295 -0.270 -0.140 -0.158 -0.246 -0.121 -0.035 -0.132 -0.096  0.019 -0.022 -0.065  0.006  0.053  0.002  0.017 -0.018 -0.011  0.002  0.038  0.105  0.125  0.175  0.255  0.284  0.111  0.102  0.130  0.132  0.088 -0.001 -0.086 -0.168 -0.164 -0.196 -0.124 -0.134 -0.096  0.007  0.010  0.085  0.121  0.206  0.455  0.666  1.000  0.729  0.408  0.227  0.180  0.109  0.066 -0.151 -0.200 -0.199 -0.214
 -0.224 -0.078  0.193  0.501  0.622  0.575  0.305  0.051  0.111  0.135  0.204  0.288  0.251  0.139  0.049 -0.170 -0.255 -0.336 -0.303 -0.322 -0.300 -0.179 -0.001  0.008 -0.120 -0.007  0.135  0.037  0.019  0.147  0.119  0.037  0.079  0.134  0.121  0.150  0.126  0.133  0.122  0.193  0.298  0.294  0.395  0.483  0.434  0.244  0.239  0.263  0.300  0.255  0.176  0.090 -0.016 -0.054 -0.168 -0.164 -0.211 -0.115 -0.008 -0.070 -0.024 -0.073 -0.066  0.136  0.360  0.729  1.000  0.685  0.485  0.369  0.241  0.103 -0.250 -0.393 -0.410 -0.409
 -0.403 -0.231 -0.057  0.283  0.552  0.649  0.550  0.297  0.241  0.088  0.271  0.353  0.310  0.103 -0.019 -0.272 -0.358 -0.466 -0.427 -0.429 -0.347 -0.128  0.111  0.128  0.005  0.147  0.311  0.203  0.152  0.315  0.296  0.153  0.169  0.261  0.290  0.347  0.331  0.343  0.338  0.436  0.561  0.549  0.666  0.719  0.549  0.313  0.363  0.354  0.434  0.346  0.257  0.182  0.041 -0.033 -0.205 -0.224 -0.325 -0.207 -0.077 -0.184 -0.124 -0.213 -0.255 -0.082  0.129  0.408  0.685  1.000  0.808  0.625  0.422  0.204 -0.289 -0.597 -0.640 -0.627
 -0.455 -0.297 -0.165  0.155  0.502  0.598  0.493  0.240  0.189  0.094  0.299  0.343  0.305  0.075 -0.031 -0.290 -0.360 -0.470 -0.440 -0.415 -0.300 -0.056  0.183  0.220  0.115  0.219  0.397  0.321  0.236  0.398  0.397  0.227  0.224  0.335  0.402  0.460  0.444  0.431  0.439  0.596  0.717  0.681  0.705  0.644  0.430  0.204  0.275  0.303  0.429  0.378  0.311  0.247  0.098  0.012 -0.177 -0.237 -0.352 -0.223 -0.113 -0.250 -0.208 -0.309 -0.370 -0.229 -0.032  0.227  0.485  0.808  1.000  0.819  0.624  0.369 -0.238 -0.643 -0.706 -0.691
 -0.388 -0.252 -0.160  0.109  0.390  0.484  0.362  0.140  0.124  0.088  0.250  0.286  0.240  0.053 -0.046 -0.260 -0.317 -0.406 -0.366 -0.351 -0.253 -0.044  0.151  0.137  0.080  0.173  0.298  0.230  0.142  0.313  0.330  0.136  0.136  0.292  0.372  0.472  0.469  0.441  0.499  0.688  0.746  0.778  0.684  0.573  0.335  0.098  0.184  0.239  0.391  0.354  0.277  0.175  0.049  0.014 -0.141 -0.172 -0.272 -0.163 -0.055 -0.178 -0.143 -0.255 -0.325 -0.203 -0.024  0.180  0.369  0.625  0.819  1.000  0.806  0.561 -0.135 -0.589 -0.680 -0.673
 -0.306 -0.207 -0.151  0.040  0.251  0.334  0.203  0.077  0.038  0.054  0.176  0.174  0.122 -0.009 -0.082 -0.230 -0.257 -0.313 -0.270 -0.253 -0.184 -0.026  0.110  0.099  0.061  0.114  0.214  0.168  0.089  0.229  0.257  0.095  0.086  0.226  0.312  0.395  0.399  0.353  0.443  0.681  0.662  0.638  0.517  0.401  0.207  0.026  0.099  0.146  0.282  0.261  0.213  0.130  0.045  0.027 -0.088 -0.112 -0.188 -0.103 -0.020 -0.120 -0.092 -0.185 -0.252 -0.166 -0.019  0.109  0.241  0.422  0.624  0.806  1.000  0.795  0.051 -0.455 -0.582 -0.590
 -0.154 -0.075 -0.070  0.050  0.149  0.193  0.089 -0.017 -0.018  0.045  0.141  0.153  0.102  0.045 -0.024 -0.109 -0.137 -0.179 -0.163 -0.176 -0.139 -0.078 -0.007 -0.042 -0.021  0.041  0.063  0.036  0.013  0.111  0.126  0.015  0.005  0.114  0.180  0.255  0.275  0.210  0.301  0.548  0.451  0.496  0.341  0.213  0.066 -0.066 -0.016  0.021  0.132  0.109  0.043 -0.036 -0.086 -0.070 -0.111 -0.090 -0.128 -0.103 -0.040 -0.071 -0.038 -0.082 -0.119 -0.061  0.016  0.066  0.103  0.204  0.369  0.561  0.795  1.000  0.191 -0.244 -0.390 -0.412
  0.243  0.217  0.076 -0.047 -0.183 -0.208 -0.185 -0.033 -0.171 -0.190 -0.166 -0.128 -0.087  0.039  0.072  0.169  0.160  0.195  0.130  0.096  0.030 -0.134 -0.262 -0.268 -0.142 -0.181 -0.292 -0.227 -0.166 -0.228 -0.216 -0.152 -0.156 -0.174 -0.166 -0.161 -0.147 -0.203 -0.151 -0.120 -0.250 -0.164 -0.268 -0.327 -0.306 -0.235 -0.287 -0.317 -0.347 -0.330 -0.324 -0.321 -0.251 -0.217 -0.107 -0.058  0.032 -0.081 -0.120 -0.015 -0.004  0.095  0.143  0.103  0.006 -0.151 -0.250 -0.289 -0.238 -0.135  0.051  0.191  1.000  0.496  0.282  0.172
  0.464  0.328  0.166 -0.122 -0.432 -0.506 -0.458 -0.221 -0.273 -0.259 -0.403 -0.369 -0.324 -0.093 -0.016  0.245  0.289  0.420  0.383  0.332  0.178 -0.108 -0.371 -0.417 -0.268 -0.361 -0.567 -0.480 -0.354 -0.514 -0.537 -0.343 -0.322 -0.440 -0.505 -0.553 -0.548 -0.563 -0.516 -0.588 -0.667 -0.558 -0.605 -0.578 -0.425 -0.269 -0.358 -0.388 -0.513 -0.473 -0.449 -0.437 -0.284 -0.175  0.033  0.121  0.283  0.127  0.033  0.214  0.192  0.325  0.409  0.285  0.089 -0.200 -0.393 -0.597 -0.643 -0.589 -0.455 -0.244  0.496  1.000  0.824  0.686
  0.476  0.349  0.185 -0.105 -0.440 -0.519 -0.482 -0.268 -0.301 -0.251 -0.389 -0.365 -0.316 -0.082 -0.001  0.266  0.294  0.420  0.374  0.324  0.158 -0.142 -0.412 -0.436 -0.285 -0.383 -0.592 -0.500 -0.347 -0.525 -0.562 -0.334 -0.303 -0.448 -0.531 -0.603 -0.609 -0.614 -0.597 -0.687 -0.746 -0.651 -0.675 -0.638 -0.471 -0.284 -0.388 -0.429 -0.567 -0.525 -0.491 -0.462 -0.305 -0.207  0.010  0.097  0.273  0.119  0.013  0.196  0.163  0.307  0.409  0.295  0.075 -0.199 -0.410 -0.640 -0.706 -0.680 -0.582 -0.390  0.282  0.824  1.000  0.916
