  0.000  3.831  6.695 10.291 13.215 16.658 19.741 23.042 24.679 22.548 19.819 16.194 13.888 10.394  8.326  5.525  5.454  5.835  7.614 10.769 10.715 13.725 14.526 16.821 14.176 12.433 16.054 16.620 13.902 15.744 18.925 18.035 17.140 19.864 22.315 22.443 23.564 21.504 24.652 25.069 21.683 21.186 17.990 18.771 17.025 19.268 22.343 21.839 21.290 18.557 20.110 19.238 19.391 17.267 13.660 10.952 11.927 15.524 15.220 13.329 10.560  8.485  5.725  7.698 10.059 12.605 13.875 17.407 18.750 22.454 24.457 27.370 30.250 31.873 34.021 35.491
  3.831  0.000  3.826  6.852 10.089 13.310 16.485 19.786 21.204 18.955 16.159 12.497 10.421  6.897  5.798  4.691  6.302  8.421 10.001 13.172 12.259 14.562 14.388 16.659 14.260 11.661 14.833 15.764 12.680 13.713 17.201 16.468 14.890 17.280 20.124 20.259 21.879 20.171 23.326 23.210 19.764 19.391 16.210 16.953 15.433 17.778 20.683 20.609 20.091 17.822 19.854 19.132 20.024 18.086 14.855 11.830 13.648 16.848 15.760 14.254 10.814  8.939  5.644  5.477  8.000  9.822 11.450 14.740 16.128 19.908 21.971 25.145 27.920 29.610 31.786 33.257
  6.695  3.826  0.000  3.817  6.728 10.046 13.276 16.472 18.240 16.281 13.889 10.242  8.539  6.032  5.390  6.332  7.003  9.467 10.142 13.171 11.781 13.141 12.085 14.641 12.960  9.736 12.526 14.264 11.573 11.792 15.523 15.607 13.925 15.634 18.448 17.983 19.585 17.722 20.590 20.218 16.620 15.940 12.639 13.227 11.859 14.414 17.103 17.089 16.566 14.600 16.986 16.627 18.040 16.115 13.366 10.174 12.681 15.272 13.565 12.696  8.947  8.132  5.952  4.855  5.457  6.447  7.661 10.980 12.536 16.313 18.614 21.779 24.665 26.459 28.631 30.116
 10.291  6.852  3.817  0.000  3.821  6.523  9.936 13.081 14.629 12.592 10.275  6.615  5.780  4.710  6.199  8.799 10.132 13.023 13.653 16.451 14.614 15.269 13.356 15.630 14.430 10.740 12.517 14.628 11.933 10.939 14.759 15.198 12.845 13.791 16.942 16.358 18.498 17.119 19.804 18.756 15.206 14.669 11.607 12.076 11.237 13.767 15.996 16.527 16.049 14.841 17.616 17.469 19.565 17.956 15.788 12.733 15.604 17.664 15.401 15.019 11.224 10.831  8.953  6.383  6.037  4.686  6.129  8.589 10.176 13.924 16.301 19.735 22.452 24.312 26.485 27.958
 13.215 10.089  6.728  3.821  0.000  3.823  6.616  9.954 11.867 10.272  8.534  5.705  5.071  6.370  7.508 10.779 11.626 14.687 15.161 17.353 14.949 14.693 12.021 13.878 13.368  9.530 10.205 12.807 10.728  8.724 12.397 13.641 11.402 11.470 14.359 13.226 15.381 14.134 16.554 15.179 11.669 11.299  8.663  9.659  9.981 12.975 14.385 14.728 13.736 12.935 15.677 15.518 18.188 17.100 15.667 13.160 16.539 17.904 15.505 16.043 12.495 13.165 12.065  9.881  8.400  5.649  4.755  5.778  6.511 10.244 12.509 15.980 18.689 20.593 22.823 24.371
 16.658 13.310 10.046  6.523  3.823  0.000  3.833  6.675  8.489  7.071  6.227  4.569  6.333  8.841 10.903 14.344 15.419 18.452 18.727 20.952 18.575 17.968 14.922 16.614 16.598 12.821 12.682 15.449 13.661 10.892 14.127 15.704 13.075 12.129 15.091 13.716 16.268 15.543 17.424 15.284 12.073 11.622  9.573  9.888 10.622 13.025 13.808 14.887 14.255 14.453 17.480 17.754 20.797 19.816 18.806 16.321 19.623 20.629 17.823 18.514 15.114 15.816 14.877 12.141 10.347  6.744  6.123  4.940  5.826  8.867 11.361 14.990 17.436 19.412 21.537 23.002
 19.741 16.485 13.276  9.936  6.616  3.833  0.000  3.838  5.789  5.408  5.827  6.422  7.960 11.301 13.118 16.760 17.760 20.928 21.322 23.096 20.339 19.216 15.860 16.856 17.281 13.788 12.570 15.258 14.051 10.616 13.079 15.165 12.681 10.702 13.219 11.496 14.219 14.111 15.570 12.870 10.239 10.435  9.655 10.556 12.419 14.904 14.771 15.648 14.501 15.158 17.835 17.940 21.348 20.962 20.513 18.556 22.082 22.683 19.978 21.216 18.033 19.162 18.391 15.827 13.941 10.317  8.808  6.207  4.945  6.646  8.431 12.127 14.242 16.202 18.373 19.919
 23.042 19.786 16.472 13.081  9.954  6.675  3.838  0.000  3.852  5.619  7.786  9.288 11.477 14.795 16.744 20.339 21.213 24.231 24.317 26.067 23.412 21.977 18.426 19.416 20.314 16.957 15.416 18.256 17.442 13.893 15.906 18.276 15.902 13.426 15.517 13.460 16.000 16.098 16.819 13.670 11.592 11.426 11.254 11.428 13.508 15.352 14.500 15.845 15.057 16.535 19.303 19.867 23.436 23.089 23.029 21.142 24.554 24.774 21.819 23.246 20.317 21.622 21.169 18.502 16.282 12.516 11.035  7.691  6.753  6.604  8.389 11.635 13.384 15.361 17.283 18.688
 24.679 21.204 18.240 14.629 11.867  8.489  5.789  3.852  0.000  3.839  6.723  9.436 11.977 15.526 17.944 21.659 23.044 26.303 26.754 28.609 25.848 24.660 21.233 21.973 22.527 19.176 17.590 19.973 18.844 15.203 16.945 18.894 16.142 13.427 15.697 14.287 17.309 18.074 18.961 15.644 14.043 14.496 14.499 14.878 16.776 18.512 17.799 19.306 18.536 19.902 22.576 22.868 26.430 26.196 25.951 23.982 27.422 27.898 24.995 26.200 23.078 24.010 23.118 20.141 18.415 14.695 13.805 10.838  9.846  9.706 10.568 13.670 14.710 16.438 18.224 19.514
 22.548 18.955 16.281 12.592 10.272  7.071  5.408  5.619  3.839  0.000  3.811  6.808  9.577 13.050 15.779 19.483 21.217 24.590 25.310 27.362 24.648 23.877 20.684 21.542 21.603 18.119 16.968 19.117 17.467 14.021 16.117 17.566 14.464 12.195 15.023 14.160 17.470 18.184 19.633 16.599 14.635 15.236 14.682 15.225 16.690 18.602 18.498 19.972 19.220 20.104 22.844 22.902 26.291 25.889 25.221 23.028 26.435 27.313 24.503 25.356 21.995 22.531 21.243 18.116 16.845 13.283 12.937 10.644  9.997 10.901 11.923 15.352 16.579 18.248 20.130 21.423
 19.819 16.159 13.889 10.275  8.534  6.227  5.827  7.786  6.723  3.811  0.000  3.835  6.465  9.874 12.871 16.548 18.673 22.186 23.287 25.458 22.758 22.462 19.615 20.496 19.963 16.434 15.783 17.553 15.328 12.228 14.679 15.491 12.064 10.519 13.907 13.696 17.175 17.793 19.873 17.265 14.980 15.811 14.769 15.677 16.759 18.998 19.512 20.740 19.854 20.095 22.753 22.442 25.576 25.074 23.957 21.631 25.006 26.328 23.757 24.272 20.689 20.828 19.066 15.915 15.271 12.069 12.189 10.840 10.342 12.255 13.313 16.971 18.436 20.089 22.137 23.519
 16.194 12.497 10.242  6.615  5.705  4.569  6.422  9.288  9.436  6.808  3.835  0.000  3.827  6.603  9.798 13.340 15.468 18.874 19.926 22.347 19.909 19.995 17.436 18.783 17.922 14.231 14.402 16.279 13.666 11.163 14.326 14.878 11.547 11.077 14.664 14.429 17.570 17.490 19.920 17.833 14.956 15.328 13.473 14.236 14.659 16.992 18.155 19.258 18.547 18.309 21.084 20.805 23.624 22.733 21.211 18.603 21.813 23.436 20.937 21.096 17.405 17.262 15.339 12.196 11.798  8.936  9.627  9.402  9.749 12.632 14.322 18.058 20.056 21.827 23.960 25.387
 13.888 10.421  8.539  5.780  5.071  6.333  7.960 11.477 11.977  9.577  6.465  3.827  0.000  3.844  6.474 10.177 12.437 16.063 17.609 19.744 17.068 17.408 15.225 16.233 14.856 11.357 11.817 13.147 10.177  8.168 11.491 11.572  8.377  8.867 12.453 12.648 15.592 15.398 18.328 16.814 13.929 14.764 12.917 14.482 15.023 17.907 19.268 19.689 18.449 17.494 19.792 18.916 21.475 20.817 19.091 16.775 20.098 21.948 19.962 20.168 16.464 16.373 14.235 11.718 11.767  9.600  9.765 10.307  9.998 13.217 14.456 18.077 20.180 21.842 24.108 25.650
 10.394  6.897  6.032  4.710  6.370  8.841 11.301 14.795 15.526 13.050  9.874  6.603  3.844  0.000  3.819  6.974  9.753 13.283 15.132 17.575 15.308 16.442 14.980 16.354 14.327 11.023 12.649 13.604 10.161  9.559 13.056 12.430  9.686 11.413 14.806 15.276 17.792 17.111 20.314 19.369 16.266 16.779 14.370 15.750 15.524 18.319 20.319 20.588 19.553 18.029 20.236 19.259 21.248 20.201 17.861 15.287 18.229 20.629 18.962 18.568 14.814 14.072 11.393  9.186 10.261  9.351 10.309 12.093 12.471 16.035 17.538 21.040 23.360 25.005 27.253 28.770
  8.326  5.798  5.390  6.199  7.508 10.903 13.118 16.744 17.944 15.779 12.871  9.798  6.474  3.819  0.000  3.815  6.257  9.979 12.221 14.263 11.823 13.252 12.364 13.571 11.071  8.178 10.514 11.022  7.545  8.263 11.650 10.850  9.170 11.646 14.396 14.809 16.643 15.480 18.897 18.654 15.566 16.133 13.727 15.581 15.401 18.526 20.600 20.206 18.789 16.618 18.283 16.863 18.420 17.503 14.986 12.816 15.771 18.278 17.205 16.953 13.440 13.029 10.627  9.702 10.685 10.522 10.694 12.956 12.998 16.573 17.869 21.050 23.538 25.100 27.383 28.961
  5.525  4.691  6.332  8.799 10.779 14.344 16.760 20.339 21.659 19.483 16.548 13.340 10.177  6.974  3.815  0.000  3.827  7.151 10.087 12.139 10.286 12.713 12.925 14.237 11.171  9.221 12.351 12.293  9.041 11.008 13.968 12.691 11.789 14.777 17.145 17.717 19.067 17.564 21.043 21.345 18.288 18.665 16.083 17.813 17.154 20.119 22.561 21.898 20.578 17.919 19.219 17.629 18.416 17.259 14.202 12.157 14.462 17.471 17.043 16.285 13.111 12.213  9.628  9.914 11.612 12.600 13.042 15.857 16.171 19.760 21.102 24.075 26.660 28.154 30.396 31.949
  5.454  6.302  7.003 10.132 11.626 15.419 17.760 21.213 23.044 21.217 18.673 15.468 12.437  9.753  6.257  3.827  0.000  3.824  6.688  8.387  6.588  9.337 10.208 11.819  8.853  7.543 11.232 11.407  9.091 11.521 14.293 13.637 13.564 16.319 18.142 18.135 18.768 16.595 19.848 20.670 17.565 17.542 14.888 16.615 15.856 18.866 21.306 20.129 18.698 15.620 16.514 14.899 15.177 13.846 10.624  8.935 11.134 14.086 14.162 13.627 10.946 10.739  9.208 10.645 11.550 12.927 12.706 15.751 16.098 19.542 20.975 23.583 26.390 27.877 30.073 31.632
  5.835  8.421  9.467 13.023 14.687 18.452 20.928 24.231 26.303 24.590 22.186 18.874 16.063 13.283  9.979  7.151  3.824  0.000  3.878  5.448  5.402  8.987 10.985 12.886 10.190  9.862 13.662 13.837 12.212 14.872 17.394 16.858 17.183 19.928 21.489 21.277 21.451 18.874 21.858 23.091 20.004 19.565 16.796 18.170 16.962 19.627 22.285 20.829 19.624 16.253 16.773 15.343 14.714 12.931  9.288  7.969  8.933 12.237 13.131 12.172 10.381 10.127  9.393 12.000 12.862 14.978 14.803 18.114 18.769 22.100 23.694 26.032 28.974 30.437 32.547 34.059
  7.614 10.001 10.142 13.653 15.161 18.727 21.322 24.317 26.754 25.310 23.287 19.926 17.609 15.132 12.221 10.087  6.688  3.878  0.000  3.840  5.542  8.325 10.280 12.980 11.284 10.832 14.504 15.475 14.410 16.569 19.241 19.367 19.638 21.929 23.449 22.653 22.584 19.573 22.084 23.346 20.102 18.964 15.952 16.713 15.046 17.313 20.082 18.487 17.678 14.308 14.927 14.234 13.315 10.730  6.913  5.190  5.160  8.690  9.761  8.602  7.586  7.993  8.750 11.892 11.936 14.379 14.041 17.478 18.591 21.764 23.740 25.869 29.013 30.567 32.584 34.043
 10.769 13.172 13.171 16.451 17.353 20.952 23.096 26.067 28.609 27.362 25.458 22.347 19.744 17.575 14.263 12.139  8.387  5.448  3.840  0.000  3.837  6.535  9.647 11.628 10.091 10.947 14.307 14.804 14.551 17.118 19.164 19.391 20.383 22.684 23.611 22.737 22.053 18.854 21.187 23.024 20.158 19.224 16.740 17.963 16.848 19.308 21.646 19.473 18.153 14.476 14.091 12.847 11.086  9.029  5.544  6.236  6.025  8.430 10.678 10.520 10.360 11.544 12.532 15.524 15.286 17.307 16.301 19.367 19.915 22.736 24.296 25.997 29.065 30.450 32.408 33.876
 10.715 12.259 11.781 14.614 14.949 18.575 20.339 23.412 25.848 24.648 22.758 19.909 17.068 15.308 11.823 10.286  6.588  5.402  5.542  3.837  0.000  3.841  6.834  8.295  6.318  7.377 10.669 10.989 10.901 13.523 15.386 15.727 16.904 19.117 19.863 19.022 18.330 15.252 17.823 19.643 16.893 16.431 14.271 16.157 15.744 18.751 20.720 18.506 16.617 12.930 12.469 10.523  9.510  8.370  5.390  6.260  8.110  9.951 11.414 12.050 10.965 12.482 12.924 15.171 14.751 16.028 14.546 17.241 17.207 19.959 21.169 22.902 25.856 27.197 29.237 30.778
 13.725 14.562 13.141 15.269 14.693 17.968 19.216 21.977 24.660 23.877 22.462 19.995 17.408 16.442 13.252 12.713  9.337  8.987  8.325  6.535  3.841  0.000  3.832  5.237  5.116  6.547  8.830  9.828 10.874 12.836 14.339 15.559 16.975 18.531 18.833 17.361 16.160 12.695 14.754 16.806 14.240 13.580 11.898 14.019 14.245 17.392 18.765 16.130 13.783 10.049  8.953  6.731  5.917  5.431  4.111  6.336  8.866  9.225 10.451 12.284 11.499 13.961 14.961 16.774 15.521 16.114 13.817 15.900 15.457 17.689 18.724 20.024 23.015 24.328 26.309 27.862
 14.526 14.388 12.085 13.356 12.021 14.922 15.860 18.426 21.233 20.684 19.615 17.436 15.225 14.980 12.364 12.925 10.208 10.985 10.280  9.647  6.834  3.832  0.000  3.846  5.377  4.975  6.322  8.677  9.861 10.700 12.459 14.414 15.400 16.292 16.702 14.720 13.732 10.170 12.055 13.607 10.737  9.820  8.134 10.550 11.391 14.822 15.781 13.242 10.584  7.089  6.685  4.803  6.339  6.061  5.923  6.817 10.250 10.136 10.014 12.396 11.050 13.877 14.878 15.917 14.058 13.837 10.972 12.508 11.823 13.902 15.059 16.452 19.566 21.038 23.089 24.696
 16.821 16.659 14.641 15.630 13.878 16.614 16.856 19.416 21.973 21.542 20.496 18.783 16.233 16.354 13.571 14.237 11.819 12.886 12.980 11.628  8.295  5.237  3.846  0.000  3.848  5.430  5.072  6.282  8.798  9.905 10.476 12.579 14.394 15.202 14.790 12.906 11.192  7.612  9.680 11.966  9.936 10.203  9.855 13.000 14.585 18.116 18.606 15.942 12.751  9.664  8.196  4.757  6.371  8.101  8.693 10.354 13.543 13.324 13.656 16.121 14.809 17.436 18.047 18.921 17.341 16.771 13.768 14.673 13.034 14.567 14.752 15.714 18.475 19.663 21.727 23.405
 14.176 14.260 12.960 14.430 13.368 16.598 17.281 20.314 22.527 21.603 19.963 17.922 14.856 14.327 11.071 11.171  8.853 10.190 11.284 10.091  6.318  5.116  5.377  3.848  0.000  3.861  5.384  4.926  6.339  8.778  9.661 10.627 12.517 14.231 14.214 13.271 12.223  9.366 12.326 14.282 12.100 12.813 11.858 14.940 15.988 19.585 20.651 18.368 15.533 12.295 11.452  8.313  9.004  9.975  9.079 10.180 13.284 14.109 14.672 16.335 14.590 16.504 16.447 17.446 16.623 16.469 14.112 15.620 14.226 16.429 16.683 18.210 20.831 22.004 24.154 25.826
 12.433 11.661  9.736 10.740  9.530 12.821 13.788 16.957 19.176 18.119 16.434 14.231 11.357 11.023  8.178  9.221  7.543  9.862 10.832 10.947  7.377  6.547  4.975  5.430  3.861  0.000  3.847  5.403  5.117  6.455  8.744  9.991 10.714 12.184 13.045 11.930 11.872  9.239 12.359 13.327 10.420 10.858  9.224 12.185 13.131 16.815 18.026 16.258 13.729 10.859 11.243  9.023 10.732 10.787  9.507  9.194 12.816 13.923 13.513 14.952 12.522 14.277 13.966 14.354 13.355 12.825 10.530 12.110 10.979 13.682 14.458 16.606 19.408 20.857 23.117 24.809
 16.054 14.833 12.526 12.517 10.205 12.682 12.570 15.416 17.590 16.968 15.783 14.402 11.817 12.649 10.514 12.351 11.232 13.662 14.504 14.307 10.669  8.830  6.322  5.072  5.384  3.847  0.000  3.841  5.400  5.041  6.246  8.792  9.871 10.307 10.402  8.627  8.174  5.503  8.765  9.654  7.134  8.534  8.235 11.856 13.851 17.616 18.052 16.202 13.144 10.904 10.970  8.520 11.152 12.163 11.997 12.165 15.881 16.311 15.657 17.684 15.374 17.459 17.263 17.149 15.750 14.379 11.495 11.855  9.603 11.499 11.475 13.334 15.957 17.339 19.679 21.480
 16.620 15.764 14.264 14.628 12.807 15.449 15.258 18.256 19.973 19.117 17.553 16.279 13.147 13.604 11.022 12.293 11.407 13.837 15.475 14.804 10.989  9.828  8.677  6.282  4.926  5.403  3.841  0.000  3.846  5.411  4.904  6.366  8.751 10.012  9.425  8.837  8.074  6.384 10.052 11.493  9.957 12.046 12.057 15.669 17.503 21.266 21.850 19.937 16.827 14.362 13.855 10.737 12.556 14.071 13.633 14.226 17.678 18.453 18.396 20.160 17.889 19.597 18.976 19.072 18.313 17.265 14.800 15.370 13.025 14.818 14.184 15.825 17.956 19.000 21.290 23.064
 13.902 12.680 11.573 11.933 10.728 13.661 14.051 17.442 18.844 17.467 15.328 13.666 10.177 10.161  7.545  9.041  9.091 12.212 14.410 14.551 10.901 10.874  9.861  8.798  6.339  5.117  5.400  3.846  0.000  3.854  5.337  5.100  6.270  8.601  9.389  9.701 10.392  9.347 13.107 13.736 11.615 13.452 12.628 15.887 17.188 20.889 21.956 20.560 17.919 15.498 15.790 13.147 14.895 15.582 14.269 13.940 17.379 18.859 18.505 19.616 16.837 17.872 16.604 16.389 16.203 15.298 13.538 14.563 12.730 15.250 15.128 17.489 19.660 20.869 23.210 24.936
 15.744 13.713 11.792 10.939  8.724 10.892 10.616 13.893 15.203 14.021 12.228 11.163  8.168  9.559  8.263 11.008 11.521 14.872 16.569 17.118 13.523 12.836 10.700  9.905  8.778  6.455  5.041  5.411  3.854  0.000  3.849  5.437  5.060  5.752  7.092  6.767  8.470  8.041 11.568 11.208  8.989 11.168 10.729 14.023 15.833 19.501 20.141 19.108 16.488 14.794 15.612 13.494 16.064 16.727 15.870 15.177 18.895 20.025 18.998 20.361 17.370 18.589 17.407 16.456 15.771 13.996 11.963 12.099  9.740 12.034 11.754 14.441 16.530 17.893 20.332 22.117
 18.925 17.201 15.523 14.759 12.397 14.127 13.079 15.906 16.945 16.117 14.679 14.326 11.491 13.056 11.650 13.968 14.293 17.394 19.241 19.164 15.386 14.339 12.459 10.476  9.661  8.744  6.246  4.904  5.337  3.849  0.000  3.841  5.566  5.575  4.580  4.786  5.807  6.598 10.135 10.186  9.273 12.336 12.955 16.562 18.838 22.541 22.778 21.440 18.415 16.781 16.889 14.264 16.765 18.215 17.859 17.856 21.526 22.360 21.683 23.378 20.655 22.090 21.016 20.239 19.544 17.723 15.436 15.124 12.178 13.554 12.202 14.189 15.717 16.716 19.132 20.960
 18.035 16.468 15.607 15.198 13.641 15.704 15.165 18.276 18.894 17.566 15.491 14.878 11.572 12.430 10.850 12.691 13.637 16.858 19.367 19.391 15.727 15.559 14.414 12.579 10.627  9.991  8.792  6.366  5.100  5.437  3.841  0.000  3.845  6.041  5.823  7.957  9.275 10.174 13.780 13.986 12.985 15.830 15.916 19.355 21.160 24.843 25.515 24.317 21.490 19.546 19.696 16.887 18.875 20.124 19.168 18.994 22.452 23.833 23.406 24.614 21.725 22.602 20.990 20.271 20.294 18.884 17.224 17.459 14.958 16.809 15.698 17.891 19.268 20.143 22.459 24.170
 17.140 14.890 13.925 12.845 11.402 13.075 12.681 15.902 16.142 14.464 12.064 11.547  8.377  9.686  9.170 11.789 13.564 17.183 19.638 20.383 16.904 16.975 15.400 14.394 12.517 10.714  9.871  8.751  6.270  5.060  5.566  3.845  0.000  3.833  6.080  8.288 10.898 11.905 15.382 14.719 13.221 15.795 15.462 18.509 20.100 23.609 24.412 23.762 21.335 19.757 20.623 18.350 20.663 21.366 20.124 19.230 22.754 24.364 23.418 24.314 21.060 21.568 19.613 18.274 18.456 16.756 15.590 15.714 13.524 15.691 14.998 17.788 19.200 20.293 22.640 24.315
 19.864 17.280 15.634 13.791 11.470 12.129 10.702 13.426 13.427 12.195 10.519 11.077  8.867 11.413 11.646 14.777 16.319 19.928 21.929 22.684 19.117 18.531 16.292 15.202 14.231 12.184 10.307 10.012  8.601  5.752  5.575  6.041  3.833  0.000  3.854  5.699  9.173 10.956 13.876 12.437 11.400 14.309 14.638 17.658 19.780 23.194 23.457 22.983 20.495 19.535 20.542 18.576 21.405 22.295 21.574 20.709 24.425 25.597 24.282 25.548 22.321 23.179 21.528 19.823 19.433 17.072 15.529 14.726 11.991 13.436 12.221 14.983 16.045 17.146 19.531 21.254
 22.315 20.124 18.448 16.942 14.359 15.091 13.219 15.517 15.697 15.023 13.907 14.664 12.453 14.806 14.396 17.145 18.142 21.489 23.449 23.611 19.863 18.833 16.702 14.790 14.214 13.045 10.402  9.425  9.389  7.092  4.580  5.823  6.080  3.854  0.000  3.823  6.571  9.312 11.955 10.937 10.994 14.479 15.625 19.014 21.564 25.095 24.998 24.083 21.168 20.160 20.523 18.178 20.956 22.476 22.244 22.016 25.751 26.567 25.576 27.250 24.325 25.580 24.237 22.895 22.275 19.962 17.906 16.883 13.649 14.353 12.276 14.215 14.847 15.610 17.972 19.752
 22.443 20.259 17.983 16.358 13.226 13.716 11.496 13.460 14.287 14.160 13.696 14.429 12.648 15.276 14.809 17.717 18.135 21.277 22.653 22.737 19.022 17.361 14.720 12.906 13.271 11.930  8.627  8.837  9.701  6.767  4.786  7.957  8.288  5.699  3.823  0.000  3.898  6.507  8.664  7.206  7.395 11.019 12.687 16.112 19.026 22.509 22.034 20.971 17.932 17.244 17.597 15.570 18.703 20.278 20.532 20.437 24.239 24.583 23.403 25.456 22.757 24.478 23.654 22.387 21.152 18.612 16.023 14.562 11.004 11.148  8.816 10.559 11.536 12.576 15.137 17.100
 23.564 21.879 19.585 18.498 15.381 16.268 14.219 16.000 17.309 17.470 17.175 17.570 15.592 17.792 16.643 19.067 18.768 21.451 22.584 22.053 18.330 16.160 13.732 11.192 12.223 11.872  8.174  8.074 10.392  8.470  5.807  9.275 10.898  9.173  6.571  3.898  0.000  3.893  5.619  5.673  6.943 10.598 12.846 16.494 19.591 23.126 22.444 20.785 17.364 16.438 15.983 13.593 16.546 18.710 19.510 20.118 23.799 23.718 22.954 25.396 23.147 25.288 24.897 24.145 22.677 20.418 17.406 16.103 12.512 12.240  9.689 10.265 11.307 12.055 14.505 16.511
 21.504 20.171 17.722 17.119 14.134 15.543 14.111 16.098 18.074 18.184 17.793 17.490 15.398 17.111 15.480 17.564 16.595 18.874 19.573 18.854 15.252 12.695 10.170  7.612  9.366  9.239  5.503  6.384  9.347  8.041  6.598 10.174 11.905 10.956  9.312  6.507  3.893  0.000  3.843  5.499  5.339  8.245 10.220 13.961 16.912 20.492 19.956 17.896 14.346 12.998 12.253  9.744 12.747 14.896 15.904 16.766 20.361 20.046 19.436 22.052 20.105 22.543 22.574 22.244 20.524 18.601 15.329 14.458 11.224 11.339  9.687 10.254 12.261 13.286 15.640 17.593
 24.652 23.326 20.590 19.804 16.554 17.424 15.570 16.819 18.961 19.633 19.873 19.920 18.328 20.314 18.897 21.043 19.848 21.858 22.084 21.187 17.823 14.754 12.055  9.680 12.326 12.359  8.765 10.052 13.107 11.568 10.135 13.780 15.382 13.876 11.955  8.664  5.619  3.843  0.000  3.841  5.565  7.944 10.967 14.333 17.678 20.961 19.779 17.525 13.845 13.185 12.059 10.143 13.288 15.740 17.523 18.679 22.119 21.175 20.474 23.507 21.942 24.748 25.201 24.871 22.724 20.605 17.052 15.626 12.322 11.299  9.188  8.342 10.156 10.984 13.184 15.203
 25.069 23.210 20.218 18.756 15.179 15.284 12.870 13.670 15.644 16.599 17.265 17.833 16.814 19.369 18.654 21.345 20.670 23.091 23.346 23.024 19.643 16.806 13.607 11.966 14.282 13.327  9.654 11.493 13.736 11.208 10.186 13.986 14.719 12.437 10.937  7.206  5.673  5.499  3.841  0.000  3.834  6.813 10.191 13.299 16.898 20.037 18.597 16.960 13.584 13.719 13.576 12.385 15.930 17.809 19.308 19.794 23.413 22.629 21.322 24.197 22.276 24.904 25.164 24.280 22.023 19.393 15.940 13.817 10.212  8.511  5.713  5.071  7.024  8.450 11.092 13.316
 21.683 19.764 16.620 15.206 11.669 12.073 10.239 11.592 14.043 14.635 14.980 14.956 13.929 16.266 15.566 18.288 17.565 20.004 20.102 20.158 16.893 14.240 10.737  9.936 12.100 10.420  7.134  9.957 11.615  8.989  9.273 12.985 13.221 11.400 10.994  7.395  6.943  5.339  5.565  3.834  0.000  3.819  6.583  9.925 13.364 16.678 15.652 14.126 10.870 10.747 11.312 10.416 14.139 15.359 16.445 16.473 20.161 19.605 18.039 20.720 18.622 21.182 21.464 20.572 18.240 15.676 12.181 10.310  6.840  6.122  4.948  6.293  9.265 11.071 13.596 15.612
 21.186 19.391 15.940 14.669 11.299 11.622 10.435 11.426 14.496 15.236 15.811 15.328 14.764 16.779 16.133 18.665 17.542 19.565 18.964 19.224 16.431 13.580  9.820 10.203 12.813 10.858  8.534 12.046 13.452 11.168 12.336 15.830 15.795 14.309 14.479 11.019 10.598  8.245  7.944  6.813  3.819  0.000  3.829  6.610 10.230 13.340 12.099 10.395  7.163  7.624  8.874  9.222 13.012 13.570 14.890 14.704 18.184 17.231 15.281 18.152 16.374 19.255 20.098 19.358 16.517 14.056 10.320  8.418  5.897  5.178  6.158  7.260 10.753 12.745 14.947 16.738
 17.990 16.210 12.639 11.607  8.663  9.573  9.655 11.254 14.499 14.682 14.769 13.473 12.917 14.370 13.727 16.083 14.888 16.796 15.952 16.740 14.271 11.898  8.134  9.855 11.858  9.224  8.235 12.057 12.628 10.729 12.955 15.916 15.462 14.638 15.625 12.687 12.846 10.220 10.967 10.191  6.583  3.829  0.000  3.821  6.877 10.376 10.049  8.576  5.978  5.705  8.250  9.060 12.479 12.020 12.603 11.668 15.150 14.579 12.258 14.771 12.733 15.525 16.444 15.769 12.808 10.588  6.791  5.803  4.807  6.338  8.740 10.710 14.134 16.133 18.250 19.881
 18.771 16.953 13.227 12.076  9.659  9.888 10.556 11.428 14.878 15.225 15.677 14.236 14.482 15.750 15.581 17.813 16.615 18.170 16.713 17.963 16.157 14.019 10.550 13.000 14.940 12.185 11.856 15.669 15.887 14.023 16.562 19.355 18.509 17.658 19.014 16.112 16.494 13.961 14.333 13.299  9.925  6.610  3.821  0.000  3.824  6.814  6.305  5.478  4.509  5.802  9.352 11.377 14.389 13.127 13.647 12.140 15.095 14.273 11.224 13.569 11.808 14.645 16.068 15.265 11.772  9.562  6.123  5.047  6.291  7.513 10.810 12.651 16.020 18.106 19.972 21.392
 17.025 15.433 11.859 11.237  9.981 10.622 12.419 13.508 16.776 16.690 16.759 14.659 15.023 15.524 15.401 17.154 15.856 16.962 15.046 16.848 15.744 14.245 11.391 14.585 15.988 13.131 13.851 17.503 17.188 15.833 18.838 21.160 20.100 19.780 21.564 19.026 19.591 16.912 17.678 16.898 13.364 10.230  6.877  3.824  0.000  3.848  5.520  5.509  6.513  6.948 10.742 13.021 15.323 13.156 12.963 10.686 13.064 12.563  9.026 10.666  8.934 11.619 13.460 12.879  9.142  7.759  5.359  6.250  8.966 10.925 14.381 16.418 19.740 21.794 23.583 24.892
 19.268 17.778 14.414 13.767 12.975 13.025 14.904 15.352 18.512 18.602 18.998 16.992 17.907 18.319 18.526 20.119 18.866 19.627 17.313 19.308 18.751 17.392 14.822 18.116 19.585 16.815 17.616 21.266 20.889 19.501 22.541 24.843 23.609 23.194 25.095 22.509 23.126 20.492 20.961 20.037 16.678 13.340 10.376  6.814  3.848  0.000  3.850  5.596  8.416  9.660 13.294 16.090 18.090 15.602 15.495 13.121 14.681 13.908 10.129 11.271 10.298 12.632 14.890 14.282 10.499  9.538  8.335  8.914 12.017 13.482 17.103 18.925 22.124 24.185 25.766 26.908
 22.343 20.683 17.103 15.996 14.385 13.808 14.771 14.500 17.799 18.498 19.512 18.155 19.268 20.319 20.600 22.561 21.306 22.285 20.082 21.646 20.720 18.765 15.781 18.606 20.651 18.026 18.052 21.850 21.956 20.141 22.778 25.515 24.412 23.457 24.998 22.034 22.444 19.956 19.779 18.597 15.652 12.099 10.049  6.305  5.520  3.850  0.000  3.819  6.961  9.598 13.013 16.082 18.486 16.563 17.236 15.469 17.312 15.956 12.388 14.293 13.536 16.172 18.326 17.534 13.727 12.049 10.091  9.241 11.626 11.996 15.483 16.781 19.844 21.900 23.324 24.401
 21.839 20.609 17.089 16.527 14.728 14.887 15.648 15.845 19.306 19.972 20.740 19.258 19.689 20.588 20.206 21.898 20.129 20.829 18.487 19.473 18.506 16.130 13.242 15.942 18.368 16.258 16.202 19.937 20.560 19.108 21.440 24.317 23.762 22.983 24.083 20.971 20.785 17.896 17.525 16.960 14.126 10.395  8.576  5.478  5.509  5.596  3.819  0.000  3.826  6.467  9.539 12.871 15.123 13.372 14.595 13.506 15.393 13.495 10.324 13.045 12.748 15.989 18.411 18.228 14.484 13.163 10.486 10.008 11.587 11.870 14.935 15.781 19.010 20.965 22.430 23.591
 21.290 20.091 16.566 16.049 13.736 14.255 14.501 15.057 18.536 19.220 19.854 18.547 18.449 19.553 18.789 20.578 18.698 19.624 17.678 18.153 16.617 13.783 10.584 12.751 15.533 13.729 13.144 16.827 17.919 16.488 18.415 21.490 21.335 20.495 21.168 17.932 17.364 14.346 13.845 13.584 10.870  7.163  5.978  4.509  6.513  8.416  6.961  3.826  0.000  3.825  6.565  9.615 12.355 11.356 13.035 12.603 15.089 13.181 10.626 13.852 13.244 16.687 18.767 18.677 15.162 13.605 10.222  9.482  9.857  9.913 12.421 13.020 16.365 18.265 19.886 21.219
 18.557 17.822 14.600 14.841 12.935 14.453 15.158 16.535 19.902 20.104 20.095 18.309 17.494 18.029 16.618 17.919 15.620 16.253 14.308 14.476 12.930 10.049  7.089  9.664 12.295 10.859 10.904 14.362 15.498 14.794 16.781 19.546 19.757 19.535 20.160 17.244 16.438 12.998 13.185 13.719 10.747  7.624  5.705  5.802  6.948  9.660  9.598  6.467  3.825  0.000  3.838  6.614  9.045  7.769  9.312  9.238 11.908 10.150  8.175 11.581 10.997 14.593 16.661 17.144 13.985 13.090  9.725 10.170 10.394 11.417 13.590 14.473 17.874 19.637 21.410 22.837
 20.110 19.854 16.986 17.616 15.677 17.480 17.835 19.303 22.576 22.844 22.753 21.084 19.792 20.236 18.283 19.219 16.514 16.773 14.927 14.091 12.469  8.953  6.685  8.196 11.452 11.243 10.970 13.855 15.790 15.612 16.889 19.696 20.623 20.542 20.523 17.597 15.983 12.253 12.059 13.576 11.312  8.874  8.250  9.352 10.742 13.294 13.013  9.539  6.565  3.838  0.000  3.838  5.923  5.838  8.699 10.154 12.518 10.256  9.649 13.310 13.297 16.946 19.023 19.949 17.113 16.472 13.088 13.512 12.992 13.599 14.928 15.122 18.321 19.786 21.455 22.886
 19.238 19.132 16.627 17.469 15.518 17.754 17.940 19.867 22.868 22.902 22.442 20.805 18.916 19.259 16.863 17.629 14.899 15.343 14.234 12.847 10.523  6.731  4.803  4.757  8.313  9.023  8.520 10.737 13.147 13.494 14.264 16.887 18.350 18.576 18.178 15.570 13.593  9.744 10.143 12.385 10.416  9.222  9.060 11.377 13.021 16.090 16.082 12.871  9.615  6.614  3.838  0.000  3.851  5.684  8.168 10.270 12.994 11.464 11.625 14.881 14.420 17.735 19.249 20.260 17.946 17.344 13.993 14.574 13.363 14.219 14.844 15.128 18.126 19.391 21.208 22.762
 19.391 20.024 18.040 19.565 18.188 20.797 21.348 23.436 26.430 26.291 25.576 23.624 21.475 21.248 18.420 18.416 15.177 14.714 13.315 11.086  9.510  5.917  6.339  6.371  9.004 10.732 11.152 12.556 14.895 16.064 16.765 18.875 20.663 21.405 20.956 18.703 16.546 12.747 13.288 15.930 14.139 13.012 12.479 14.389 15.323 18.090 18.486 15.123 12.355  9.045  5.923  3.851  0.000  3.813  6.768 10.004 11.810 10.060 11.463 14.512 14.779 18.013 19.771 21.440 19.426 19.512 16.522 17.690 16.856 17.962 18.647 18.862 21.758 22.874 24.562 26.019
 17.267 18.086 16.115 17.956 17.100 19.816 20.962 23.089 26.196 25.889 25.074 22.733 20.817 20.201 17.503 17.259 13.846 12.931 10.730  9.029  8.370  5.431  6.061  8.101  9.975 10.787 12.163 14.071 15.582 16.727 18.215 20.124 21.366 22.295 22.476 20.278 18.710 14.896 15.740 17.809 15.359 13.570 12.020 13.127 13.156 15.602 16.563 13.372 11.356  7.769  5.838  5.684  3.813  0.000  3.835  6.931  8.300  6.295  7.826 10.800 11.459 14.788 16.961 18.908 16.815 17.394 14.779 16.520 16.515 18.098 19.506 20.184 23.333 24.686 26.411 27.826
 13.660 14.855 13.366 15.788 15.667 18.806 20.513 23.029 25.951 25.221 23.957 21.211 19.091 17.861 14.986 14.202 10.624  9.288  6.913  5.544  5.390  4.111  5.923  8.693  9.079  9.507 11.997 13.633 14.269 15.870 17.859 19.168 20.124 21.574 22.244 20.532 19.510 15.904 17.523 19.308 16.445 14.890 12.603 13.647 12.963 15.495 17.236 14.595 13.035  9.312  8.699  8.168  6.768  3.835  0.000  3.824  5.279  5.156  6.944  8.741  8.947 11.775 13.691 16.000 14.439 15.633 13.657 16.140 16.562 18.852 20.523 21.819 25.017 26.470 28.339 29.791
 10.952 11.830 10.174 12.733 13.160 16.321 18.556 21.142 23.982 23.028 21.631 18.603 16.775 15.287 12.816 12.157  8.935  7.969  5.190  6.236  6.260  6.336  6.817 10.354 10.180  9.194 12.165 14.226 13.940 15.177 17.856 18.994 19.230 20.709 22.016 20.437 20.118 16.766 18.679 19.794 16.473 14.704 11.668 12.140 10.686 13.121 15.469 13.506 12.603  9.238 10.154 10.270 10.004  6.931  3.824  0.000  3.855  5.484  5.475  6.202  5.322  8.092 10.070 12.321 10.736 12.302 10.904 13.927 15.045 17.819 19.997 21.832 25.120 26.764 28.712 30.160
 11.927 13.648 12.681 15.604 16.539 19.623 22.082 24.554 27.422 26.435 25.006 21.813 20.098 18.229 15.771 14.462 11.134  8.933  5.160  6.025  8.110  8.866 10.250 13.543 13.284 12.816 15.881 17.678 17.379 18.895 21.526 22.452 22.754 24.425 25.751 24.239 23.799 20.361 22.119 23.413 20.161 18.184 15.150 15.095 13.064 14.681 17.312 15.393 15.089 11.908 12.518 12.994 11.810  8.300  5.279  3.855  0.000  3.857  5.420  4.668  5.924  8.071 10.731 13.738 12.500 14.802 13.969 17.147 18.625 21.333 23.646 25.348 28.658 30.278 32.128 33.501
 15.524 16.848 15.272 17.664 17.904 20.629 22.683 24.774 27.898 27.313 26.328 23.436 21.948 20.629 18.278 17.471 14.086 12.237  8.690  8.430  9.951  9.225 10.136 13.324 14.109 13.923 16.311 18.453 18.859 20.025 22.360 23.833 24.364 25.597 26.567 24.583 23.718 20.046 21.175 22.629 19.605 17.231 14.579 14.273 12.563 13.908 15.956 13.495 13.181 10.150 10.256 11.464 10.060  6.295  5.156  5.484  3.857  0.000  3.836  5.463  7.804 10.863 13.916 16.509 14.546 16.256 14.749 17.362 18.670 20.820 23.088 24.297 27.624 29.204 30.910 32.225
 15.220 15.760 13.565 15.401 15.505 17.823 19.978 21.819 24.995 24.503 23.757 20.937 19.962 18.962 17.205 17.043 14.162 13.131  9.761 10.678 11.414 10.451 10.014 13.656 14.672 13.513 15.657 18.396 18.505 18.998 21.683 23.406 23.418 24.282 25.576 23.403 22.954 19.436 20.474 21.322 18.039 15.281 12.258 11.224  9.026 10.129 12.388 10.324 10.626  8.175  9.649 11.625 11.463  7.826  6.944  5.475  5.420  3.836  0.000  3.854  5.603  9.214 12.483 14.438 11.857 13.251 11.770 14.293 16.080 18.246 20.922 22.356 25.750 27.495 29.216 30.515
 13.329 14.254 12.696 15.019 16.043 18.514 21.216 23.246 26.200 25.356 24.272 21.096 20.168 18.568 16.953 16.285 13.627 12.172  8.602 10.520 12.050 12.284 12.396 16.121 16.335 14.952 17.684 20.160 19.616 20.361 23.378 24.614 24.314 25.548 27.250 25.456 25.396 22.052 23.507 24.197 20.720 18.152 14.771 13.569 10.666 11.271 14.293 13.045 13.852 11.581 13.310 14.881 14.512 10.800  8.741  6.202  4.668  5.463  3.854  0.000  3.842  6.389 10.026 12.503 10.528 12.914 12.537 15.660 17.937 20.559 23.428 25.255 28.639 30.432 32.206 33.493
 10.560 10.814  8.947 11.224 12.495 15.114 18.033 20.317 23.078 21.995 20.689 17.405 16.464 14.814 13.440 13.111 10.946 10.381  7.586 10.360 10.965 11.499 11.050 14.809 14.590 12.522 15.374 17.889 16.837 17.370 20.655 21.725 21.060 22.321 24.325 22.757 23.147 20.105 21.942 22.276 18.622 16.374 12.733 11.808  8.934 10.298 13.536 12.748 13.244 10.997 13.297 14.420 14.779 11.459  8.947  5.322  5.924  7.804  5.603  3.842  0.000  3.831  6.969  9.002  6.962  9.425  9.376 12.854 15.212 18.232 21.127 23.379 26.714 28.563 30.469 31.823
  8.485  8.939  8.132 10.831 13.165 15.816 19.162 21.622 24.010 22.531 20.828 17.262 16.373 14.072 13.029 12.213 10.739 10.127  7.993 11.544 12.482 13.961 13.877 17.436 16.504 14.277 17.459 19.597 17.872 18.589 22.090 22.602 21.568 23.179 25.580 24.478 25.288 22.543 24.748 24.904 21.182 19.255 15.525 14.645 11.619 12.632 16.172 15.989 16.687 14.593 16.946 17.735 18.013 14.788 11.775  8.092  8.071 10.863  9.214  6.389  3.831  0.000  3.837  6.590  6.035  9.563 10.868 14.598 17.187 20.526 23.451 26.047 29.290 31.149 33.102 34.446
  5.725  5.644  5.952  8.953 12.065 14.877 18.391 21.169 23.118 21.243 19.066 15.339 14.235 11.393 10.627  9.628  9.208  9.393  8.750 12.532 12.924 14.961 14.878 18.047 16.447 13.966 17.263 18.976 16.604 17.407 21.016 20.990 19.613 21.528 24.237 23.654 24.897 22.574 25.201 25.164 21.464 20.098 16.444 16.068 13.460 14.890 18.326 18.411 18.767 16.661 19.023 19.249 19.771 16.961 13.691 10.070 10.731 13.916 12.483 10.026  6.969  3.837  0.000  3.843  5.581  9.103 11.132 14.879 17.246 20.874 23.590 26.526 29.604 31.433 33.480 34.864
  7.698  5.477  4.855  6.383  9.881 12.141 15.827 18.502 20.141 18.116 15.915 12.196 11.718  9.186  9.702  9.914 10.645 12.000 11.892 15.524 15.171 16.774 15.917 18.921 17.446 14.354 17.149 19.072 16.389 16.456 20.239 20.271 18.274 19.823 22.895 22.387 24.145 22.244 24.871 24.280 20.572 19.358 15.769 15.265 12.879 14.282 17.534 18.228 18.677 17.144 19.949 20.260 21.440 18.908 16.000 12.321 13.738 16.509 14.438 12.503  9.002  6.590  3.843  0.000  3.843  6.645  9.584 12.994 15.538 19.206 22.001 25.216 28.143 30.027 32.082 33.448
 10.059  8.000  5.457  6.037  8.400 10.347 13.941 16.282 18.415 16.845 15.271 11.798 11.767 10.261 10.685 11.612 11.550 12.862 11.936 15.286 14.751 15.521 14.058 17.341 16.623 13.355 15.750 18.313 16.203 15.771 19.544 20.294 18.456 19.433 22.275 21.152 22.677 20.524 22.724 22.023 18.240 16.517 12.808 11.772  9.142 10.499 13.727 14.484 15.162 13.985 17.113 17.946 19.426 16.815 14.439 10.736 12.500 14.546 11.857 10.528  6.962  6.035  5.581  3.843  0.000  3.829  6.494  9.987 12.944 16.416 19.512 22.544 25.607 27.570 29.568 30.918
 12.605  9.822  6.447  4.686  5.649  6.744 10.317 12.516 14.695 13.283 12.069  8.936  9.600  9.351 10.522 12.600 12.927 14.978 14.379 17.307 16.028 16.114 13.837 16.771 16.469 12.825 14.379 17.265 15.298 13.996 17.723 18.884 16.756 17.072 19.962 18.612 20.418 18.601 20.605 19.393 15.676 14.056 10.588  9.562  7.759  9.538 12.049 13.163 13.605 13.090 16.472 17.344 19.512 17.394 15.633 12.302 14.802 16.256 13.251 12.914  9.425  9.563  9.103  6.645  3.829  0.000  3.819  6.622  9.717 13.122 16.286 19.472 22.421 24.434 26.443 27.807
 13.875 11.450  7.661  6.129  4.755  6.123  8.808 11.035 13.805 12.937 12.189  9.627  9.765 10.309 10.694 13.042 12.706 14.803 14.041 16.301 14.546 13.817 10.972 13.768 14.112 10.530 11.495 14.800 13.538 11.963 15.436 17.224 15.590 15.529 17.906 16.023 17.406 15.329 17.052 15.940 12.181 10.320  6.791  6.123  5.359  8.335 10.091 10.486 10.222  9.725 13.088 13.993 16.522 14.779 13.657 10.904 13.969 14.749 11.770 12.537  9.376 10.868 11.132  9.584  6.494  3.819  0.000  3.829  6.622  9.995 13.160 16.121 19.240 21.275 23.333 24.783
 17.407 14.740 10.980  8.589  5.778  4.940  6.207  7.691 10.838 10.644 10.840  9.402 10.307 12.093 12.956 15.857 15.751 18.114 17.478 19.367 17.241 15.900 12.508 14.673 15.620 12.110 11.855 15.370 14.563 12.099 15.124 17.459 15.714 14.726 16.883 14.562 16.103 14.458 15.626 13.817 10.310  8.418  5.803  5.047  6.250  8.914  9.241 10.008  9.482 10.170 13.512 14.574 17.690 16.520 16.140 13.927 17.147 17.362 14.293 15.660 12.854 14.598 14.879 12.994  9.987  6.622  3.829  0.000  3.822  6.645 10.107 13.130 16.143 18.266 20.300 21.760
 18.750 16.128 12.536 10.176  6.511  5.826  4.945  6.753  9.846  9.997 10.342  9.749  9.998 12.471 12.998 16.171 16.098 18.769 18.591 19.915 17.207 15.457 11.823 13.034 14.226 10.979  9.603 13.025 12.730  9.740 12.178 14.958 13.524 11.991 13.649 11.004 12.512 11.224 12.322 10.212  6.840  5.897  4.807  6.291  8.966 12.017 11.626 11.587  9.857 10.394 12.992 13.363 16.856 16.515 16.562 15.045 18.625 18.670 16.080 17.937 15.212 17.187 17.246 15.538 12.944  9.717  6.622  3.822  0.000  3.822  6.635  9.897 12.879 14.991 17.244 18.910
 22.454 19.908 16.313 13.924 10.244  8.867  6.646  6.604  9.706 10.901 12.255 12.632 13.217 16.035 16.573 19.760 19.542 22.100 21.764 22.736 19.959 17.689 13.902 14.567 16.429 13.682 11.499 14.818 15.250 12.034 13.554 16.809 15.691 13.436 14.353 11.148 12.240 11.339 11.299  8.511  6.122  5.178  6.338  7.513 10.925 13.482 11.996 11.870  9.913 11.417 13.599 14.219 17.962 18.098 18.852 17.819 21.333 20.820 18.246 20.559 18.232 20.526 20.874 19.206 16.416 13.122  9.995  6.645  3.822  0.000  3.821  6.670  9.665 11.933 14.161 15.904
 24.457 21.971 18.614 16.301 12.509 11.361  8.431  8.389 10.568 11.923 13.313 14.322 14.456 17.538 17.869 21.102 20.975 23.694 23.740 24.296 21.169 18.724 15.059 14.752 16.683 14.458 11.475 14.184 15.128 11.754 12.202 15.698 14.998 12.221 12.276  8.816  9.689  9.687  9.188  5.713  4.948  6.158  8.740 10.810 14.381 17.103 15.483 14.935 12.421 13.590 14.928 14.844 18.647 19.506 20.523 19.997 23.646 23.088 20.922 23.428 21.127 23.451 23.590 22.001 19.512 16.286 13.160 10.107  6.635  3.821  0.000  3.825  6.458  8.769 11.385 13.453
 27.370 25.145 21.779 19.735 15.980 14.990 12.127 11.635 13.670 15.352 16.971 18.058 18.077 21.040 21.050 24.075 23.583 26.032 25.869 25.997 22.902 20.024 16.452 15.714 18.210 16.606 13.334 15.825 17.489 14.441 14.189 17.891 17.788 14.983 14.215 10.559 10.265 10.254  8.342  5.071  6.293  7.260 10.710 12.651 16.418 18.925 16.781 15.781 13.020 14.473 15.122 15.128 18.862 20.184 21.819 21.832 25.348 24.297 22.356 25.255 23.379 26.047 26.526 25.216 22.544 19.472 16.121 13.130  9.897  6.670  3.825  0.000  3.833  6.373  8.970 11.193
 30.250 27.920 24.665 22.452 18.689 17.436 14.242 13.384 14.710 16.579 18.436 20.056 20.180 23.360 23.538 26.660 26.390 28.974 29.013 29.065 25.856 23.015 19.566 18.475 20.831 19.408 15.957 17.956 19.660 16.530 15.717 19.268 19.200 16.045 14.847 11.536 11.307 12.261 10.156  7.024  9.265 10.753 14.134 16.020 19.740 22.124 19.844 19.010 16.365 17.874 18.321 18.126 21.758 23.333 25.017 25.120 28.658 27.624 25.750 28.639 26.714 29.290 29.604 28.143 25.607 22.421 19.240 16.143 12.879  9.665  6.458  3.833  0.000  3.833  6.588  9.044
 31.873 29.610 26.459 24.312 20.593 19.412 16.202 15.361 16.438 18.248 20.089 21.827 21.842 25.005 25.100 28.154 27.877 30.437 30.567 30.450 27.197 24.328 21.038 19.663 22.004 20.857 17.339 19.000 20.869 17.893 16.716 20.143 20.293 17.146 15.610 12.576 12.055 13.286 10.984  8.450 11.071 12.745 16.133 18.106 21.794 24.185 21.900 20.965 18.265 19.637 19.786 19.391 22.874 24.686 26.470 26.764 30.278 29.204 27.495 30.432 28.563 31.149 31.433 30.027 27.570 24.434 21.275 18.266 14.991 11.933  8.769  6.373  3.833  0.000  3.845  6.758
 34.021 31.786 28.631 26.485 22.823 21.537 18.373 17.283 18.224 20.130 22.137 23.960 24.108 27.253 27.383 30.396 30.073 32.547 32.584 32.408 29.237 26.309 23.089 21.727 24.154 23.117 19.679 21.290 23.210 20.332 19.132 22.459 22.640 19.531 17.972 15.137 14.505 15.640 13.184 11.092 13.596 14.947 18.250 19.972 23.583 25.766 23.324 22.430 19.886 21.410 21.455 21.208 24.562 26.411 28.339 28.712 32.128 30.910 29.216 32.206 30.469 33.102 33.480 32.082 29.568 26.443 23.333 20.300 17.244 14.161 11.385  8.970  6.588  3.845  0.000  3.811
