  0.000  3.831  6.697 10.292 13.215 16.659 19.741 23.040 24.676 22.543 19.818 16.193 13.888 10.395  8.327  5.524  5.453  5.835  7.612 10.767 10.716 13.726 14.526 16.818 14.175 12.432 16.054 16.614 13.897 15.742 18.921 18.031 17.139 19.861 22.311 22.441 23.562 21.506 24.656 25.069 21.683 21.189 17.991 18.768 17.022 19.268 22.343 21.843 21.293 18.556 20.110 19.238 19.391 17.268 13.661 10.954 11.930 15.529 15.227 13.335 10.567  8.488  5.726  7.694 10.059 12.603 13.878 17.408 18.752 22.455 24.460 27.370 30.249 31.871 34.017 35.481
  3.831  0.000  3.827  6.853 10.087 13.310 16.484 19.783 21.201 18.950 16.159 12.496 10.421  6.898  5.798  4.689  6.302  8.421  9.997 13.169 12.259 14.562 14.387 16.656 14.258 11.660 14.833 15.759 12.676 13.711 17.199 16.466 14.891 17.278 20.122 20.257 21.877 20.174 23.328 23.209 19.763 19.392 16.208 16.947 15.428 17.775 20.679 20.609 20.089 17.818 19.850 19.130 20.023 18.085 14.854 11.829 13.646 16.849 15.762 14.255 10.815  8.939  5.646  5.473  7.997  9.817 11.450 14.739 16.128 19.906 21.972 25.143 27.918 29.606 31.781 33.247
  6.697  3.827  0.000  3.818  6.726 10.045 13.274 16.469 18.236 16.274 13.888 10.242  8.539  6.034  5.390  6.329  7.004  9.468 10.139 13.169 11.781 13.140 12.083 14.638 12.958  9.735 12.525 14.259 11.569 11.790 15.521 15.605 13.927 15.632 18.445 17.980 19.583 17.723 20.591 20.216 16.619 15.939 12.636 13.220 11.853 14.410 17.098 17.088 16.564 14.595 16.982 16.625 18.038 16.113 13.365 10.172 12.678 15.272 13.567 12.696  8.947  8.131  5.957  4.857  5.457  6.443  7.660 10.978 12.535 16.311 18.614 21.777 24.662 26.455 28.627 30.106
 10.292  6.853  3.818  0.000  3.821  6.523  9.935 13.079 14.625 12.586 10.274  6.615  5.780  4.711  6.199  8.796 10.134 13.025 13.652 16.451 14.617 15.272 13.357 15.630 14.432 10.742 12.520 14.627 11.932 10.940 14.760 15.200 12.849 13.792 16.942 16.359 18.500 17.124 19.808 18.757 15.208 14.670 11.606 12.071 11.234 13.763 15.991 16.526 16.048 14.838 17.614 17.470 19.567 17.958 15.790 12.733 15.603 17.666 15.404 15.019 11.225 10.831  8.959  6.388  6.037  4.683  6.128  8.587 10.177 13.924 16.303 19.735 22.451 24.312 26.484 27.951
 13.215 10.087  6.726  3.821  0.000  3.823  6.615  9.952 11.865 10.265  8.533  5.707  5.069  6.368  7.504 10.774 11.626 14.687 15.159 17.352 14.950 14.694 12.021 13.878 13.369  9.531 10.207 12.805 10.726  8.725 12.397 13.641 11.405 11.470 14.359 13.226 15.382 14.137 16.557 15.179 11.671 11.301  8.662  9.655  9.979 12.973 14.382 14.727 13.735 12.931 15.674 15.519 18.190 17.100 15.667 13.159 16.537 17.905 15.506 16.042 12.494 13.164 12.070  9.886  8.404  5.651  4.757  5.777  6.513 10.245 12.512 15.980 18.689 20.593 22.822 24.364
 16.659 13.310 10.045  6.523  3.823  0.000  3.832  6.674  8.484  7.061  6.222  4.570  6.330  8.838 10.899 14.339 15.419 18.453 18.726 20.952 18.575 17.969 14.922 16.614 16.599 12.822 12.683 15.447 13.659 10.891 14.127 15.705 13.076 12.128 15.090 13.715 16.268 15.545 17.425 15.283 12.074 11.622  9.572  9.885 10.623 13.024 13.805 14.886 14.254 14.449 17.477 17.755 20.798 19.817 18.807 16.321 19.622 20.631 17.825 18.514 15.114 15.817 14.884 12.148 10.352  6.749  6.123  4.939  5.826  8.866 11.361 14.989 17.434 19.412 21.537 22.996
 19.741 16.484 13.274  9.935  6.615  3.832  0.000  3.838  5.788  5.401  5.825  6.426  7.957 11.299 13.113 16.754 17.758 20.926 21.318 23.093 20.337 19.215 15.858 16.853 17.279 13.787 12.569 15.256 14.048 10.613 13.078 15.164 12.682 10.700 13.218 11.493 14.217 14.110 15.567 12.866 10.237 10.431  9.651 10.552 12.419 14.901 14.767 15.643 14.497 15.151 17.828 17.937 21.346 20.961 20.511 18.553 22.079 22.682 19.977 21.213 18.031 19.161 18.396 15.834 13.945 10.322  8.807  6.204  4.941  6.643  8.429 12.124 14.239 16.199 18.372 19.912
 23.040 19.783 16.469 13.079  9.952  6.674  3.838  0.000  3.852  5.618  7.787  9.293 11.475 14.794 16.739 20.333 21.210 24.227 24.312 26.062 23.408 21.972 18.421 19.411 20.310 16.953 15.414 18.254 17.438 13.890 15.905 18.277 15.905 13.427 15.517 13.458 15.998 16.094 16.813 13.663 11.587 11.417 11.246 11.420 13.504 15.345 14.491 15.834 15.047 16.524 19.292 19.860 23.431 23.084 23.024 21.136 24.547 24.769 21.813 23.239 20.311 21.617 21.172 18.507 16.284 12.519 11.030  7.684  6.744  6.595  8.382 11.628 13.380 15.358 17.282 18.681
 24.676 21.201 18.236 14.625 11.865  8.484  5.788  3.852  0.000  3.840  6.723  9.438 11.976 15.524 17.940 21.653 23.042 26.301 26.749 28.605 25.846 24.659 21.230 21.973 22.527 19.177 17.592 19.975 18.845 15.205 16.950 18.900 16.149 13.433 15.704 14.291 17.315 18.078 18.962 15.644 14.045 14.493 14.494 14.870 16.771 18.502 17.787 19.295 18.528 19.892 22.568 22.866 26.428 26.193 25.947 23.976 27.415 27.893 24.988 26.191 23.071 24.003 23.119 20.143 18.413 14.693 13.798 10.828  9.840  9.702 10.567 13.669 14.711 16.439 18.229 19.514
 22.543 18.950 16.274 12.586 10.265  7.061  5.401  5.618  3.840  0.000  3.811  6.807  9.574 13.046 15.772 19.474 21.211 24.584 25.300 27.354 24.642 23.871 20.677 21.537 21.598 18.115 16.965 19.114 17.464 14.019 16.119 17.570 14.468 12.199 15.028 14.162 17.472 18.185 19.631 16.596 14.632 15.228 14.672 15.212 16.680 18.589 18.483 19.958 19.208 20.090 22.832 22.895 26.285 25.881 25.214 23.019 26.424 27.304 24.493 25.345 21.985 22.522 21.242 18.116 16.840 13.278 12.926 10.630  9.987 10.893 11.920 15.347 16.574 18.244 20.129 21.417
 19.818 16.159 13.888 10.274  8.533  6.222  5.825  7.787  6.723  3.811  0.000  3.835  6.465  9.874 12.870 16.545 18.673 22.187 23.284 25.458 22.759 22.463 19.615 20.497 19.965 16.437 15.787 17.555 15.329 12.231 14.684 15.497 12.071 10.525 13.913 13.701 17.180 17.799 19.876 17.266 14.983 15.810 14.765 15.670 16.756 18.991 19.503 20.733 19.848 20.089 22.747 22.441 25.577 25.074 23.956 21.629 25.003 26.327 23.755 24.268 20.686 20.826 19.070 15.920 15.270 12.069 12.186 10.833 10.340 12.253 13.314 16.969 18.433 20.086 22.136 23.513
 16.193 12.496 10.242  6.615  5.707  4.570  6.426  9.293  9.438  6.807  3.835  0.000  3.826  6.600  9.795 13.335 15.469 18.875 19.925 22.347 19.912 19.999 17.439 18.787 17.926 14.236 14.408 16.281 13.667 11.166 14.331 14.883 11.553 11.082 14.669 14.434 17.577 17.498 19.927 17.838 14.963 15.333 13.475 14.235 14.660 16.992 18.153 19.259 18.548 18.308 21.084 20.809 23.628 22.737 21.214 18.604 21.812 23.439 20.940 21.096 17.406 17.262 15.344 12.201 11.799  8.937  9.629  9.403  9.753 12.636 14.328 18.061 20.059 21.828 23.962 25.384
 13.888 10.421  8.539  5.780  5.069  6.330  7.957 11.475 11.976  9.574  6.465  3.826  0.000  3.843  6.472 10.174 12.438 16.064 17.607 19.744 17.070 17.411 15.226 16.234 14.858 11.360 11.820 13.147 10.176  8.170 11.493 11.575  8.381  8.869 12.455 12.650 15.595 15.404 18.333 16.815 13.931 14.765 12.915 14.476 15.020 17.903 19.262 19.687 18.447 17.489 19.789 18.917 21.478 20.819 19.092 16.775 20.097 21.950 19.963 20.168 16.464 16.373 14.240 11.722 11.768  9.600  9.765 10.304  9.998 13.216 14.458 18.076 20.177 21.837 24.105 25.642
 10.395  6.898  6.034  4.711  6.368  8.838 11.299 14.794 15.524 13.046  9.874  6.600  3.843  0.000  3.819  6.972  9.755 13.285 15.130 17.576 15.311 16.445 14.982 16.354 14.329 11.027 12.651 13.602 10.160  9.560 13.057 12.431  9.689 11.413 14.807 15.276 17.793 17.117 20.319 19.370 16.268 16.780 14.369 15.745 15.520 18.315 20.314 20.586 19.551 18.025 20.234 19.260 21.251 20.203 17.863 15.289 18.229 20.632 18.965 18.570 14.815 14.073 11.398  9.188 10.261  9.349 10.309 12.091 12.471 16.034 17.540 21.039 23.358 25.000 27.248 28.761
  8.327  5.798  5.390  6.199  7.504 10.899 13.113 16.739 17.940 15.772 12.870  9.795  6.472  3.819  0.000  3.814  6.259  9.981 12.220 14.264 11.825 13.255 12.365 13.571 11.071  8.180 10.515 11.018  7.542  8.261 11.648 10.849  9.170 11.643 14.393 14.806 16.641 15.483 18.900 18.653 15.565 16.134 13.723 15.575 15.395 18.521 20.594 20.204 18.786 16.613 18.280 16.862 18.422 17.505 14.987 12.817 15.772 18.281 17.208 16.954 13.442 13.029 10.630  9.702 10.685 10.518 10.693 12.953 12.996 16.570 17.869 21.047 23.534 25.093 27.376 28.950
  5.524  4.689  6.329  8.796 10.774 14.339 16.754 20.333 21.653 19.474 16.545 13.335 10.174  6.972  3.814  0.000  3.827  7.153 10.084 12.140 10.288 12.715 12.924 14.234 11.170  9.220 12.348 12.286  9.036 11.003 13.963 12.687 11.787 14.772 17.140 17.713 19.064 17.566 21.045 21.342 18.285 18.664 16.079 17.806 17.146 20.114 22.554 21.895 20.574 17.913 19.215 17.626 18.417 17.259 14.203 12.157 14.463 17.473 17.045 16.287 13.112 12.212  9.627  9.909 11.609 12.594 13.040 15.852 16.167 19.756 21.100 24.071 26.654 28.146 30.388 31.937
  5.453  6.302  7.004 10.134 11.626 15.419 17.758 21.210 23.042 21.211 18.673 15.469 12.438  9.755  6.259  3.827  0.000  3.824  6.687  8.387  6.590  9.339 10.208 11.817  8.852  7.542 11.231 11.401  9.087 11.520 14.290 13.633 13.563 16.316 18.138 18.132 18.766 16.598 19.852 20.670 17.565 17.545 14.887 16.612 15.852 18.865 21.304 20.131 18.699 15.619 16.513 14.899 15.178 13.848 10.626  8.938 11.137 14.091 14.167 13.631 10.950 10.739  9.208 10.643 11.552 12.926 12.709 15.753 16.099 19.543 20.978 23.583 26.388 27.873 30.067 31.622
  5.835  8.421  9.468 13.025 14.687 18.453 20.926 24.227 26.301 24.584 22.187 18.875 16.064 13.285  9.981  7.153  3.824  0.000  3.878  5.448  5.403  8.988 10.985 12.882 10.187  9.859 13.660 13.830 12.208 14.870 17.390 16.852 17.182 19.924 21.484 21.274 21.448 18.875 21.861 23.091 20.003 19.567 16.796 18.168 16.959 19.627 22.285 20.832 19.626 16.253 16.774 15.342 14.714 12.932  9.289  7.972  8.937 12.242 13.137 12.179 10.387 10.129  9.392 11.997 12.864 14.977 14.807 18.116 18.771 22.101 23.697 26.032 28.973 30.434 32.541 34.049
  7.612  9.997 10.139 13.652 15.159 18.726 21.318 24.312 26.749 25.300 23.284 19.925 17.607 15.130 12.220 10.084  6.687  3.878  0.000  3.840  5.542  8.326 10.280 12.977 11.282 10.829 14.503 15.469 14.407 16.567 19.237 19.362 19.636 21.925 23.444 22.650 22.581 19.573 22.088 23.346 20.100 18.966 15.952 16.711 15.042 17.312 20.081 18.491 17.681 14.309 14.929 14.235 13.316 10.732  6.915  5.193  5.164  8.696  9.767  8.607  7.589  7.989  8.743 11.884 11.935 14.375 14.042 17.480 18.591 21.764 23.741 25.869 29.013 30.566 32.579 34.032
 10.767 13.169 13.169 16.451 17.352 20.952 23.093 26.062 28.605 27.354 25.458 22.347 19.744 17.576 14.264 12.140  8.387  5.448  3.840  0.000  3.837  6.536  9.648 11.627 10.091 10.945 14.306 14.801 14.551 17.118 19.162 19.388 20.384 22.681 23.608 22.735 22.052 18.855 21.191 23.026 20.157 19.227 16.740 17.961 16.842 19.305 21.644 19.475 18.155 14.477 14.093 12.848 11.087  9.030  5.545  6.237  6.026  8.433 10.680 10.521 10.361 11.539 12.525 15.518 15.286 17.304 16.303 19.369 19.916 22.737 24.299 25.999 29.067 30.450 32.404 33.866
 10.716 12.259 11.781 14.617 14.950 18.575 20.337 23.408 25.846 24.642 22.759 19.912 17.070 15.311 11.825 10.288  6.590  5.403  5.542  3.837  0.000  3.841  6.833  8.292  6.317  7.375 10.667 10.985 10.901 13.523 15.384 15.724 16.905 19.115 19.859 19.020 18.327 15.253 17.826 19.643 16.892 16.434 14.271 16.154 15.739 18.748 20.718 18.507 16.617 12.928 12.468 10.521  9.509  8.370  5.390  6.262  8.112  9.953 11.416 12.051 10.967 12.479 12.922 15.169 14.754 16.027 14.550 17.243 17.209 19.960 21.172 22.903 25.857 27.195 29.231 30.768
 13.726 14.562 13.140 15.272 14.694 17.969 19.215 21.972 24.659 23.871 22.463 19.999 17.411 16.445 13.255 12.715  9.339  8.988  8.326  6.536  3.841  0.000  3.832  5.235  5.118  6.547  8.830  9.827 10.877 12.838 14.339 15.558 16.978 18.530 18.831 17.360 16.158 12.696 14.758 16.808 14.240 13.584 11.899 14.018 14.240 17.389 18.763 16.130 13.782 10.048  8.952  6.730  5.917  5.431  4.111  6.336  8.865  9.225 10.451 12.283 11.498 13.957 14.959 16.773 15.525 16.114 13.822 15.903 15.460 17.691 18.728 20.026 23.018 24.329 26.304 27.853
 14.526 14.387 12.083 13.357 12.021 14.922 15.858 18.421 21.230 20.677 19.615 17.439 15.226 14.982 12.365 12.924 10.208 10.985 10.280  9.648  6.833  3.832  0.000  3.846  5.379  4.974  6.322  8.677  9.863 10.701 12.459 14.414 15.402 16.291 16.699 14.718 13.730 10.169 12.058 13.608 10.736  9.823  8.134 10.548 11.386 14.818 15.777 13.240 10.582  7.085  6.682  4.802  6.341  6.062  5.923  6.816 10.248 10.136 10.012 12.393 11.048 13.872 14.877 15.916 14.061 13.836 10.975 12.510 11.824 13.904 15.062 16.455 19.569 21.039 23.085 24.687
 16.818 16.656 14.638 15.630 13.878 16.614 16.853 19.411 21.973 21.537 20.497 18.787 16.234 16.354 13.571 14.234 11.817 12.882 12.977 11.627  8.292  5.235  3.846  0.000  3.848  5.428  5.071  6.283  8.799  9.906 10.476 12.578 14.395 15.200 14.787 12.905 11.190  7.613  9.686 11.970  9.937 10.208  9.855 12.998 14.581 18.112 18.603 15.941 12.749  9.660  8.193  4.755  6.374  8.102  8.692 10.352 13.541 13.323 13.654 16.117 14.806 17.430 18.045 18.920 17.344 16.771 13.771 14.675 13.036 14.570 14.757 15.718 18.480 19.664 21.724 23.399
 14.175 14.258 12.958 14.432 13.369 16.599 17.279 20.310 22.527 21.598 19.965 17.926 14.858 14.329 11.071 11.170  8.852 10.187 11.282 10.091  6.317  5.118  5.379  3.848  0.000  3.860  5.384  4.924  6.340  8.779  9.659 10.625 12.518 14.229 14.210 13.270 12.221  9.369 12.332 14.286 12.101 12.819 11.858 14.939 15.985 19.583 20.650 18.368 15.533 12.293 11.451  8.313  9.008  9.978  9.080 10.180 13.284 14.111 14.672 16.334 14.590 16.500 16.446 17.445 16.627 16.469 14.116 15.622 14.229 16.432 16.688 18.214 20.834 22.003 24.150 25.819
 12.432 11.660  9.735 10.742  9.531 12.822 13.787 16.953 19.177 18.115 16.437 14.236 11.360 11.027  8.180  9.220  7.542  9.859 10.829 10.945  7.375  6.547  4.974  5.428  3.860  0.000  3.848  5.401  5.119  6.457  8.745  9.992 10.718 12.184 13.044 11.930 11.871  9.242 12.364 13.330 10.421 10.862  9.222 12.182 13.126 16.811 18.022 16.256 13.726 10.853 11.238  9.020 10.732 10.787  9.505  9.193 12.813 13.922 13.511 14.949 12.520 14.273 13.966 14.354 13.358 12.825 10.534 12.112 10.981 13.685 14.463 16.608 19.410 20.856 23.112 24.801
 16.054 14.833 12.525 12.520 10.207 12.683 12.569 15.414 17.592 16.965 15.787 14.408 11.820 12.651 10.515 12.348 11.231 13.660 14.503 14.306 10.667  8.830  6.322  5.071  5.384  3.848  0.000  3.841  5.402  5.043  6.246  8.792  9.874 10.307 10.400  8.625  8.172  5.505  8.769  9.656  7.135  8.538  8.234 11.854 13.849 17.613 18.050 16.200 13.141 10.898 10.965  8.517 11.153 12.163 11.997 12.164 15.879 16.311 15.656 17.682 15.373 17.457 17.265 17.152 15.755 14.381 11.500 11.858  9.606 11.502 11.480 13.337 15.960 17.337 19.674 21.473
 16.614 15.759 14.259 14.627 12.805 15.447 15.256 18.254 19.975 19.114 17.555 16.281 13.147 13.602 11.018 12.286 11.401 13.830 15.469 14.801 10.985  9.827  8.677  6.283  4.924  5.401  3.841  0.000  3.845  5.411  4.904  6.364  8.750 10.011  9.423  8.839  8.077  6.394 10.063 11.501  9.962 12.053 12.056 15.667 17.499 21.262 21.847 19.936 16.825 14.358 13.853 10.736 12.560 14.073 13.632 14.223 17.675 18.453 18.394 20.157 17.886 19.590 18.973 19.069 18.314 17.263 14.802 15.371 13.027 14.822 14.191 15.831 17.961 19.000 21.289 23.062
 13.897 12.676 11.569 11.932 10.726 13.659 14.048 17.438 18.845 17.464 15.329 13.667 10.176 10.160  7.542  9.036  9.087 12.208 14.407 14.551 10.901 10.877  9.863  8.799  6.340  5.119  5.402  3.845  0.000  3.854  5.336  5.099  6.269  8.599  9.387  9.702 10.394  9.355 13.116 13.741 11.618 13.457 12.626 15.884 17.184 20.885 21.952 20.559 17.917 15.494 15.788 13.147 14.900 15.584 14.270 13.940 17.379 18.861 18.506 19.615 16.836 17.868 16.602 16.387 16.204 15.296 13.541 14.562 12.731 15.252 15.134 17.492 19.662 20.866 23.207 24.932
 15.742 13.711 11.790 10.940  8.725 10.891 10.613 13.890 15.205 14.019 12.231 11.166  8.170  9.560  8.261 11.003 11.520 14.870 16.567 17.118 13.523 12.838 10.701  9.906  8.779  6.457  5.043  5.411  3.854  0.000  3.849  5.437  5.061  5.750  7.090  6.767  8.471  8.047 11.574 11.211  8.992 11.172 10.728 14.021 15.830 19.498 20.138 19.106 16.486 14.789 15.609 13.494 16.067 16.730 15.871 15.177 18.894 20.027 18.999 20.361 17.370 18.587 17.409 16.458 15.774 13.998 11.967 12.099  9.742 12.036 11.759 14.442 16.530 17.888 20.328 22.112
 18.921 17.199 15.521 14.760 12.397 14.127 13.078 15.905 16.950 16.119 14.684 14.331 11.493 13.057 11.648 13.963 14.290 17.390 19.237 19.162 15.384 14.339 12.459 10.476  9.659  8.745  6.246  4.904  5.336  3.849  0.000  3.841  5.565  5.574  4.579  4.789  5.809  6.606 10.142 10.191  9.277 12.340 12.953 16.560 18.836 22.538 22.775 21.438 18.412 16.776 16.885 14.262 16.767 18.215 17.858 17.855 21.524 22.360 21.682 23.376 20.654 22.087 21.017 20.240 19.547 17.725 15.440 15.124 12.180 13.558 12.208 14.193 15.719 16.712 19.128 20.958
 18.031 16.466 15.605 15.200 13.641 15.705 15.164 18.277 18.900 17.570 15.497 14.883 11.575 12.431 10.849 12.687 13.633 16.852 19.362 19.388 15.724 15.558 14.414 12.578 10.625  9.992  8.792  6.364  5.099  5.437  3.841  0.000  3.845  6.042  5.824  7.960  9.277 10.182 13.788 13.991 12.989 15.835 15.915 19.353 21.157 24.840 25.512 24.315 21.488 19.541 19.692 16.885 18.877 20.124 19.167 18.992 22.450 23.834 23.406 24.612 21.724 22.598 20.990 20.271 20.296 18.885 17.227 17.460 14.961 16.813 15.705 17.895 19.270 20.140 22.457 24.169
 17.139 14.891 13.927 12.849 11.405 13.076 12.682 15.905 16.149 14.468 12.071 11.553  8.381  9.689  9.170 11.787 13.563 17.182 19.636 20.384 16.905 16.978 15.402 14.395 12.518 10.718  9.874  8.750  6.269  5.061  5.565  3.845  0.000  3.833  6.079  8.290 10.900 11.913 15.388 14.723 13.225 15.800 15.462 18.508 20.100 23.609 24.411 23.762 21.334 19.754 20.621 18.350 20.667 21.369 20.126 19.232 22.755 24.368 23.421 24.316 21.062 21.569 19.618 18.278 18.461 16.760 15.595 15.715 13.528 15.695 15.004 17.790 19.200 20.288 22.638 24.314
 19.861 17.278 15.632 13.792 11.470 12.128 10.700 13.427 13.433 12.199 10.525 11.082  8.869 11.413 11.643 14.772 16.316 19.924 21.925 22.681 19.115 18.530 16.291 15.200 14.229 12.184 10.307 10.011  8.599  5.750  5.574  6.042  3.833  0.000  3.853  5.699  9.173 10.960 13.879 12.439 11.402 14.311 14.634 17.654 19.777 23.190 23.453 22.979 20.490 19.528 20.536 18.573 21.406 22.295 21.573 20.707 24.423 25.597 24.281 25.546 22.320 23.177 21.531 19.826 19.436 17.073 15.531 14.725 11.991 13.437 12.225 14.982 16.043 17.138 19.526 21.250
 22.311 20.122 18.445 16.942 14.359 15.090 13.218 15.517 15.704 15.028 13.913 14.669 12.455 14.807 14.393 17.140 18.138 21.484 23.444 23.608 19.859 18.831 16.699 14.787 14.210 13.044 10.400  9.423  9.387  7.090  4.579  5.824  6.079  3.853  0.000  3.824  6.571  9.315 11.957 10.939 10.996 14.480 15.620 19.011 21.561 25.090 24.993 24.077 21.162 20.152 20.516 18.174 20.956 22.474 22.241 22.013 25.748 26.566 25.573 27.246 24.323 25.576 24.238 22.897 22.277 19.963 17.907 16.881 13.649 14.355 12.280 14.215 14.845 15.600 17.966 19.749
 22.441 20.257 17.980 16.359 13.226 13.715 11.493 13.458 14.291 14.162 13.701 14.434 12.650 15.276 14.806 17.713 18.132 21.274 22.650 22.735 19.020 17.360 14.718 12.905 13.270 11.930  8.625  8.839  9.702  6.767  4.789  7.960  8.290  5.699  3.824  0.000  3.898  6.509  8.665  7.206  7.396 11.019 12.683 16.108 19.023 22.504 22.029 20.965 17.926 17.236 17.589 15.566 18.703 20.278 20.531 20.434 24.236 24.582 23.400 25.453 22.755 24.474 23.656 22.390 21.155 18.614 16.024 14.560 11.003 11.148  8.818 10.558 11.534 12.566 15.129 17.095
 23.562 21.877 19.583 18.500 15.382 16.268 14.217 15.998 17.315 17.472 17.180 17.577 15.595 17.793 16.641 19.064 18.766 21.448 22.581 22.052 18.327 16.158 13.730 11.190 12.221 11.871  8.172  8.077 10.394  8.471  5.809  9.277 10.900  9.173  6.571  3.898  0.000  3.894  5.621  5.675  6.944 10.599 12.842 16.491 19.588 23.121 22.439 20.779 17.357 16.431 15.975 13.589 16.546 18.709 19.509 20.115 23.795 23.716 22.950 25.392 23.144 25.284 24.898 24.147 22.681 20.420 17.409 16.103 12.513 12.242  9.693 10.266 11.309 12.047 14.497 16.505
 21.506 20.174 17.723 17.124 14.137 15.545 14.110 16.094 18.078 18.185 17.799 17.498 15.404 17.117 15.483 17.566 16.598 18.875 19.573 18.855 15.253 12.696 10.169  7.613  9.369  9.242  5.505  6.394  9.355  8.047  6.606 10.182 11.913 10.960  9.315  6.509  3.894  0.000  3.842  5.499  5.337  8.245 10.216 13.958 16.909 20.487 19.950 17.889 14.338 12.990 12.244  9.739 12.747 14.895 15.904 16.766 20.360 20.045 19.433 22.049 20.103 22.541 22.578 22.249 20.530 18.605 15.334 14.459 11.225 11.340  9.689 10.253 12.261 13.279 15.629 17.582
 24.656 23.328 20.591 19.808 16.557 17.425 15.567 16.813 18.962 19.631 19.876 19.927 18.333 20.319 18.900 21.045 19.852 21.861 22.088 21.191 17.826 14.758 12.058  9.686 12.332 12.364  8.769 10.063 13.116 11.574 10.142 13.788 15.388 13.879 11.957  8.665  5.621  3.842  0.000  3.841  5.564  7.945 10.965 14.333 17.676 20.957 19.775 17.519 13.838 13.180 12.054 10.143 13.292 15.743 17.526 18.680 22.120 21.176 20.472 23.505 21.942 24.747 25.206 24.876 22.731 20.609 17.057 15.627 12.323 11.299  9.188  8.341 10.156 10.977 13.173 15.192
 25.069 23.209 20.216 18.757 15.179 15.283 12.866 13.663 15.644 16.596 17.266 17.838 16.815 19.370 18.653 21.342 20.670 23.091 23.346 23.026 19.643 16.808 13.608 11.970 14.286 13.330  9.656 11.501 13.741 11.211 10.191 13.991 14.723 12.439 10.939  7.206  5.675  5.499  3.841  0.000  3.835  6.813 10.187 13.297 16.896 20.032 18.591 16.952 13.576 13.713 13.571 12.385 15.933 17.811 19.309 19.794 23.411 22.629 21.318 24.193 22.273 24.900 25.167 24.283 22.027 19.395 15.942 13.816 10.211  8.510  5.714  5.071  7.026  8.447 11.088 13.311
 21.683 19.763 16.619 15.208 11.671 12.074 10.237 11.587 14.045 14.632 14.983 14.963 13.931 16.268 15.565 18.285 17.565 20.003 20.100 20.157 16.892 14.240 10.736  9.937 12.101 10.421  7.135  9.962 11.618  8.992  9.277 12.989 13.225 11.402 10.996  7.396  6.944  5.337  5.564  3.835  0.000  3.819  6.579  9.923 13.362 16.672 15.647 14.118 10.863 10.740 11.305 10.413 14.139 15.358 16.445 16.471 20.158 19.603 18.035 20.715 18.619 21.178 21.467 20.576 18.245 15.679 12.184 10.311  6.841  6.124  4.952  6.295  9.269 11.071 13.594 15.607
 21.189 19.392 15.939 14.670 11.301 11.622 10.431 11.417 14.493 15.228 15.810 15.333 14.765 16.780 16.134 18.664 17.545 19.567 18.966 19.227 16.434 13.584  9.823 10.208 12.819 10.862  8.538 12.053 13.457 11.172 12.340 15.835 15.800 14.311 14.480 11.019 10.599  8.245  7.945  6.813  3.819  0.000  3.828  6.609 10.229 13.335 12.094 10.388  7.157  7.619  8.870  9.225 13.017 13.574 14.893 14.705 18.184 17.232 15.280 18.150 16.372 19.253 20.101 19.363 16.523 14.059 10.323  8.418  5.898  5.178  6.159  7.261 10.755 12.746 14.946 16.729
 17.991 16.208 12.636 11.606  8.662  9.572  9.651 11.246 14.494 14.672 14.765 13.475 12.915 14.369 13.723 16.079 14.887 16.796 15.952 16.740 14.271 11.899  8.134  9.855 11.858  9.222  8.234 12.056 12.626 10.728 12.953 15.915 15.462 14.634 15.620 12.683 12.842 10.216 10.965 10.187  6.579  3.828  0.000  3.822  6.878 10.375 10.048  8.575  5.978  5.702  8.248  9.061 12.481 12.023 12.605 11.669 15.150 14.581 12.259 14.770 12.733 15.523 16.447 15.773 12.814 10.591  6.794  5.806  4.806  6.337  8.740 10.710 14.135 16.135 18.249 19.871
 18.768 16.947 13.220 12.071  9.655  9.885 10.552 11.420 14.870 15.212 15.670 14.235 14.476 15.745 15.575 17.806 16.612 18.168 16.711 17.961 16.154 14.018 10.548 12.998 14.939 12.182 11.854 15.667 15.884 14.021 16.560 19.353 18.508 17.654 19.011 16.108 16.491 13.958 14.333 13.297  9.923  6.609  3.822  0.000  3.824  6.811  6.304  5.478  4.512  5.801  9.351 11.378 14.388 13.128 13.646 12.137 15.091 14.273 11.221 13.564 11.803 14.639 16.067 15.266 11.774  9.561  6.119  5.047  6.289  7.512 10.810 12.653 16.023 18.112 19.975 21.385
 17.022 15.428 11.853 11.234  9.979 10.623 12.419 13.504 16.771 16.680 16.756 14.660 15.020 15.520 15.395 17.146 15.852 16.959 15.042 16.842 15.739 14.240 11.386 14.581 15.985 13.126 13.849 17.499 17.184 15.830 18.836 21.157 20.100 19.777 21.561 19.023 19.588 16.909 17.676 16.896 13.362 10.229  6.878  3.824  0.000  3.848  5.522  5.513  6.516  6.945 10.738 13.019 15.318 13.152 12.959 10.679 13.057 12.559  9.021 10.659  8.927 11.613 13.458 12.880  9.145  7.759  5.356  6.254  8.966 10.926 14.382 16.420 19.743 21.800 23.586 24.885
 19.268 17.775 14.410 13.763 12.973 13.024 14.901 15.345 18.502 18.589 18.991 16.992 17.903 18.315 18.521 20.114 18.865 19.627 17.312 19.305 18.748 17.389 14.818 18.112 19.583 16.811 17.613 21.262 20.885 19.498 22.538 24.840 23.609 23.190 25.090 22.504 23.121 20.487 20.957 20.032 16.672 13.335 10.375  6.811  3.848  0.000  3.849  5.598  8.416  9.658 13.290 16.088 18.085 15.599 15.492 13.118 14.677 13.906 10.127 11.267 10.294 12.630 14.892 14.286 10.502  9.538  8.330  8.914 12.014 13.479 17.099 18.922 22.122 24.187 25.765 26.895
 22.343 20.679 17.098 15.991 14.382 13.805 14.767 14.491 17.787 18.483 19.503 18.153 19.262 20.314 20.594 22.554 21.304 22.285 20.081 21.644 20.718 18.763 15.777 18.603 20.650 18.022 18.050 21.847 21.952 20.138 22.775 25.512 24.411 23.453 24.993 22.029 22.439 19.950 19.775 18.591 15.647 12.094 10.048  6.304  5.522  3.849  0.000  3.820  6.962  9.598 13.011 16.082 18.484 16.562 17.235 15.466 17.308 15.955 12.386 14.288 13.531 16.168 18.327 17.535 13.729 12.048 10.086  9.239 11.622 11.992 15.478 16.778 19.843 21.903 23.324 24.389
 21.843 20.609 17.088 16.526 14.727 14.886 15.643 15.834 19.295 19.958 20.733 19.259 19.687 20.586 20.204 21.895 20.131 20.832 18.491 19.475 18.507 16.130 13.240 15.941 18.368 16.256 16.200 19.936 20.559 19.106 21.438 24.315 23.762 22.979 24.077 20.965 20.779 17.889 17.519 16.952 14.118 10.388  8.575  5.478  5.513  5.598  3.820  0.000  3.826  6.468  9.538 12.871 15.121 13.372 14.597 13.508 15.394 13.499 10.325 13.046 12.748 15.990 18.415 18.233 14.491 13.166 10.485 10.009 11.583 11.865 14.929 15.776 19.005 20.965 22.425 23.574
 21.293 20.089 16.564 16.048 13.735 14.254 14.497 15.047 18.528 19.208 19.848 18.548 18.447 19.551 18.786 20.574 18.699 19.626 17.681 18.155 16.617 13.782 10.582 12.749 15.533 13.726 13.141 16.825 17.917 16.486 18.412 21.488 21.334 20.490 21.162 17.926 17.357 14.338 13.838 13.576 10.863  7.157  5.978  4.512  6.516  8.416  6.962  3.826  0.000  3.826  6.562  9.614 12.354 11.357 13.037 12.603 15.090 13.183 10.626 13.851 13.243 16.687 18.770 18.682 15.169 13.608 10.223  9.483  9.854  9.909 12.416 13.016 16.363 18.266 19.882 21.204
 18.556 17.818 14.595 14.838 12.931 14.449 15.151 16.524 19.892 20.090 20.089 18.308 17.489 18.025 16.613 17.913 15.619 16.253 14.309 14.477 12.928 10.048  7.085  9.660 12.293 10.853 10.898 14.358 15.494 14.789 16.776 19.541 19.754 19.528 20.152 17.236 16.431 12.990 13.180 13.713 10.740  7.619  5.702  5.801  6.945  9.658  9.598  6.468  3.826  0.000  3.837  6.614  9.045  7.771  9.313  9.237 11.908 10.154  8.175 11.580 10.994 14.589 16.660 17.144 13.989 13.088  9.724 10.169 10.389 11.413 13.586 14.471 17.873 19.638 21.407 22.826
 20.110 19.850 16.982 17.614 15.674 17.477 17.828 19.292 22.568 22.832 22.747 21.084 19.789 20.234 18.280 19.215 16.513 16.774 14.929 14.093 12.468  8.952  6.682  8.193 11.451 11.238 10.965 13.853 15.788 15.609 16.885 19.692 20.621 20.536 20.516 17.589 15.975 12.244 12.054 13.571 11.305  8.870  8.248  9.351 10.738 13.290 13.011  9.538  6.562  3.837  0.000  3.838  5.923  5.841  8.701 10.154 12.518 10.259  9.648 13.308 13.295 16.942 19.022 19.948 17.116 16.471 13.088 13.511 12.989 13.595 14.925 15.120 18.320 19.786 21.450 22.874
 19.238 19.130 16.625 17.470 15.519 17.755 17.937 19.860 22.866 22.895 22.441 20.809 18.917 19.260 16.862 17.626 14.899 15.342 14.235 12.848 10.521  6.730  4.802  4.755  8.313  9.020  8.517 10.736 13.147 13.494 14.262 16.885 18.350 18.573 18.174 15.566 13.589  9.739 10.143 12.385 10.413  9.225  9.061 11.378 13.019 16.088 16.082 12.871  9.614  6.614  3.838  0.000  3.852  5.687  8.169 10.270 12.994 11.465 11.623 14.879 14.418 17.731 19.248 20.260 17.951 17.345 13.997 14.577 13.364 14.221 14.846 15.131 18.129 19.394 21.205 22.755
 19.391 20.023 18.038 19.567 18.190 20.798 21.346 23.431 26.428 26.285 25.577 23.628 21.478 21.251 18.422 18.417 15.178 14.714 13.316 11.087  9.509  5.917  6.341  6.374  9.008 10.732 11.153 12.560 14.900 16.067 16.767 18.877 20.667 21.406 20.956 18.703 16.546 12.747 13.292 15.933 14.139 13.017 12.481 14.388 15.318 18.085 18.484 15.121 12.354  9.045  5.923  3.852  0.000  3.812  6.767 10.003 11.807 10.058 11.459 14.507 14.776 18.007 19.769 21.439 19.430 19.513 16.525 17.693 16.859 17.965 18.651 18.867 21.764 22.878 24.559 26.012
 17.268 18.085 16.113 17.958 17.100 19.817 20.961 23.084 26.193 25.881 25.074 22.737 20.819 20.203 17.505 17.259 13.848 12.932 10.732  9.030  8.370  5.431  6.062  8.102  9.978 10.787 12.163 14.073 15.584 16.730 18.215 20.124 21.369 22.295 22.474 20.278 18.709 14.895 15.743 17.811 15.358 13.574 12.023 13.128 13.152 15.599 16.562 13.372 11.357  7.771  5.841  5.687  3.812  0.000  3.835  6.930  8.298  6.294  7.822 10.796 11.455 14.782 16.958 18.907 16.818 17.394 14.782 16.523 16.517 18.100 19.510 20.188 23.337 24.691 26.409 27.818
 13.661 14.854 13.365 15.790 15.667 18.807 20.511 23.024 25.947 25.214 23.956 21.214 19.092 17.863 14.987 14.203 10.626  9.289  6.915  5.545  5.390  4.111  5.923  8.692  9.080  9.505 11.997 13.632 14.270 15.871 17.858 19.167 20.126 21.573 22.241 20.531 19.509 15.904 17.526 19.309 16.445 14.893 12.605 13.646 12.959 15.492 17.235 14.597 13.037  9.313  8.701  8.169  6.767  3.835  0.000  3.824  5.278  5.157  6.944  8.739  8.946 11.770 13.688 15.997 14.442 15.632 13.661 16.143 16.563 18.853 20.526 21.821 25.020 26.472 28.336 29.781
 10.954 11.829 10.172 12.733 13.159 16.321 18.553 21.136 23.976 23.019 21.629 18.604 16.775 15.289 12.817 12.157  8.938  7.972  5.193  6.237  6.262  6.336  6.816 10.352 10.180  9.193 12.164 14.223 13.940 15.177 17.855 18.992 19.232 20.707 22.013 20.434 20.115 16.766 18.680 19.794 16.471 14.705 11.669 12.137 10.679 13.118 15.466 13.508 12.603  9.237 10.154 10.270 10.003  6.930  3.824  0.000  3.855  5.486  5.476  6.201  5.321  8.087 10.068 12.319 10.738 12.299 10.905 13.928 15.045 17.819 19.998 21.832 25.120 26.764 28.708 30.149
 11.930 13.646 12.678 15.603 16.537 19.622 22.079 24.547 27.415 26.424 25.003 21.812 20.097 18.229 15.772 14.463 11.137  8.937  5.164  6.026  8.112  8.865 10.248 13.541 13.284 12.813 15.879 17.675 17.379 18.894 21.524 22.450 22.755 24.423 25.748 24.236 23.795 20.360 22.120 23.411 20.158 18.184 15.150 15.091 13.057 14.677 17.308 15.394 15.090 11.908 12.518 12.994 11.807  8.298  5.278  3.855  0.000  3.858  5.421  4.668  5.922  8.065 10.725 13.733 12.500 14.798 13.969 17.147 18.624 21.331 23.646 25.347 28.658 30.278 32.124 33.488
 15.529 16.849 15.272 17.666 17.905 20.631 22.682 24.769 27.893 27.304 26.327 23.439 21.950 20.632 18.281 17.473 14.091 12.242  8.696  8.433  9.953  9.225 10.136 13.323 14.111 13.922 16.311 18.453 18.861 20.027 22.360 23.834 24.368 25.597 26.566 24.582 23.716 20.045 21.176 22.629 19.603 17.232 14.581 14.273 12.559 13.906 15.955 13.499 13.183 10.154 10.259 11.465 10.058  6.294  5.157  5.486  3.858  0.000  3.836  5.462  7.804 10.860 13.914 16.508 14.550 16.256 14.751 17.366 18.671 20.821 23.090 24.299 27.627 29.207 30.907 32.214
 15.227 15.762 13.567 15.404 15.506 17.825 19.977 21.813 24.988 24.493 23.755 20.940 19.963 18.965 17.208 17.045 14.167 13.137  9.767 10.680 11.416 10.451 10.012 13.654 14.672 13.511 15.656 18.394 18.506 18.999 21.682 23.406 23.421 24.281 25.573 23.400 22.950 19.433 20.472 21.318 18.035 15.280 12.259 11.221  9.021 10.127 12.386 10.325 10.626  8.175  9.648 11.623 11.459  7.822  6.944  5.476  5.421  3.836  0.000  3.854  5.604  9.214 12.485 14.441 11.863 13.252 11.771 14.295 16.080 18.245 20.921 22.355 25.749 27.495 29.211 30.500
 13.335 14.255 12.696 15.019 16.042 18.514 21.213 23.239 26.191 25.345 24.268 21.096 20.168 18.570 16.954 16.287 13.631 12.179  8.607 10.521 12.051 12.283 12.393 16.117 16.334 14.949 17.682 20.157 19.615 20.361 23.376 24.612 24.316 25.546 27.246 25.453 25.392 22.049 23.505 24.193 20.715 18.150 14.770 13.564 10.659 11.267 14.288 13.046 13.851 11.580 13.308 14.879 14.507 10.796  8.739  6.201  4.668  5.462  3.854  0.000  3.842  6.388 10.026 12.502 10.529 12.911 12.535 15.660 17.935 20.556 23.425 25.252 28.636 30.430 32.200 33.478
 10.567 10.815  8.947 11.225 12.494 15.114 18.031 20.311 23.071 21.985 20.686 17.406 16.464 14.815 13.442 13.112 10.950 10.387  7.589 10.361 10.967 11.498 11.048 14.806 14.590 12.520 15.373 17.886 16.836 17.370 20.654 21.724 21.062 22.320 24.323 22.755 23.144 20.103 21.942 22.273 18.619 16.372 12.733 11.803  8.927 10.294 13.531 12.748 13.243 10.994 13.295 14.418 14.776 11.455  8.946  5.321  5.922  7.804  5.604  3.842  0.000  3.830  6.971  9.003  6.965  9.422  9.375 12.855 15.211 18.230 21.125 23.377 26.712 28.562 30.464 31.809
  8.488  8.939  8.131 10.831 13.164 15.817 19.161 21.617 24.003 22.522 20.826 17.262 16.373 14.073 13.029 12.212 10.739 10.129  7.989 11.539 12.479 13.957 13.872 17.430 16.500 14.273 17.457 19.590 17.868 18.587 22.087 22.598 21.569 23.177 25.576 24.474 25.284 22.541 24.747 24.900 21.178 19.253 15.523 14.639 11.613 12.630 16.168 15.990 16.687 14.589 16.942 17.731 18.007 14.782 11.770  8.087  8.065 10.860  9.214  6.388  3.830  0.000  3.837  6.589  6.034  9.560 10.866 14.598 17.186 20.524 23.450 26.044 29.287 31.147 33.097 34.433
  5.726  5.646  5.957  8.959 12.070 14.884 18.396 21.172 23.119 21.242 19.070 15.344 14.240 11.398 10.630  9.627  9.208  9.392  8.743 12.525 12.922 14.959 14.877 18.045 16.446 13.966 17.265 18.973 16.602 17.409 21.017 20.990 19.618 21.531 24.238 23.656 24.898 22.578 25.206 25.167 21.467 20.101 16.447 16.067 13.458 14.892 18.327 18.415 18.770 16.660 19.022 19.248 19.769 16.958 13.688 10.068 10.725 13.914 12.485 10.026  6.971  3.837  0.000  3.842  5.583  9.105 11.136 14.884 17.251 20.878 23.595 26.529 29.607 31.436 33.481 34.857
  7.694  5.473  4.857  6.388  9.886 12.148 15.834 18.507 20.143 18.116 15.920 12.201 11.722  9.188  9.702  9.909 10.643 11.997 11.884 15.518 15.169 16.773 15.916 18.920 17.445 14.354 17.152 19.069 16.387 16.458 20.240 20.271 18.278 19.826 22.897 22.390 24.147 22.249 24.876 24.283 20.576 19.363 15.773 15.266 12.880 14.286 17.535 18.233 18.682 17.144 19.948 20.260 21.439 18.907 15.997 12.319 13.733 16.508 14.441 12.502  9.003  6.589  3.842  0.000  3.842  6.647  9.589 13.000 15.545 19.212 22.008 25.221 28.147 30.031 32.086 33.444
 10.059  7.997  5.457  6.037  8.404 10.352 13.945 16.284 18.413 16.840 15.270 11.799 11.768 10.261 10.685 11.609 11.552 12.864 11.935 15.286 14.754 15.525 14.061 17.344 16.627 13.358 15.755 18.314 16.204 15.774 19.547 20.296 18.461 19.436 22.277 21.155 22.681 20.530 22.731 22.027 18.245 16.523 12.814 11.774  9.145 10.502 13.729 14.491 15.169 13.989 17.116 17.951 19.430 16.818 14.442 10.738 12.500 14.550 11.863 10.529  6.965  6.034  5.583  3.842  0.000  3.828  6.498  9.993 12.950 16.421 19.518 22.550 25.612 27.576 29.572 30.914
 12.603  9.817  6.443  4.683  5.651  6.749 10.322 12.519 14.693 13.278 12.069  8.937  9.600  9.349 10.518 12.594 12.926 14.977 14.375 17.304 16.027 16.114 13.836 16.771 16.469 12.825 14.381 17.263 15.296 13.998 17.725 18.885 16.760 17.073 19.963 18.614 20.420 18.605 20.609 19.395 15.679 14.059 10.591  9.561  7.759  9.538 12.048 13.166 13.608 13.088 16.471 17.345 19.513 17.394 15.632 12.299 14.798 16.256 13.252 12.911  9.422  9.560  9.105  6.647  3.828  0.000  3.819  6.626  9.722 13.125 16.291 19.475 22.425 24.440 26.448 27.804
 13.878 11.450  7.660  6.128  4.757  6.123  8.807 11.030 13.798 12.926 12.186  9.629  9.765 10.309 10.693 13.040 12.709 14.807 14.042 16.303 14.550 13.822 10.975 13.771 14.116 10.534 11.500 14.802 13.541 11.967 15.440 17.227 15.595 15.531 17.907 16.024 17.409 15.334 17.057 15.942 12.184 10.323  6.794  6.119  5.356  8.330 10.086 10.485 10.223  9.724 13.088 13.997 16.525 14.782 13.661 10.905 13.969 14.751 11.771 12.535  9.375 10.866 11.136  9.589  6.498  3.819  0.000  3.830  6.624  9.996 13.162 16.123 19.242 21.279 23.335 24.777
 17.408 14.739 10.978  8.587  5.777  4.939  6.204  7.684 10.828 10.630 10.833  9.403 10.304 12.091 12.953 15.852 15.753 18.116 17.480 19.369 17.243 15.903 12.510 14.675 15.622 12.112 11.858 15.371 14.562 12.099 15.124 17.460 15.715 14.725 16.881 14.560 16.103 14.459 15.627 13.816 10.311  8.418  5.806  5.047  6.254  8.914  9.239 10.009  9.483 10.169 13.511 14.577 17.693 16.523 16.143 13.928 17.147 17.366 14.295 15.660 12.855 14.598 14.884 13.000  9.993  6.626  3.830  0.000  3.821  6.644 10.107 13.130 16.143 18.268 20.301 21.753
 18.752 16.128 12.535 10.177  6.513  5.826  4.941  6.744  9.840  9.987 10.340  9.753  9.998 12.471 12.996 16.167 16.099 18.771 18.591 19.916 17.209 15.460 11.824 13.036 14.229 10.981  9.606 13.027 12.731  9.742 12.180 14.961 13.528 11.991 13.649 11.003 12.513 11.225 12.323 10.211  6.841  5.898  4.806  6.289  8.966 12.014 11.622 11.583  9.854 10.389 12.989 13.364 16.859 16.517 16.563 15.045 18.624 18.671 16.080 17.935 15.211 17.186 17.251 15.545 12.950  9.722  6.624  3.821  0.000  3.821  6.636  9.897 12.879 14.992 17.244 18.903
 22.455 19.906 16.311 13.924 10.245  8.866  6.643  6.595  9.702 10.893 12.253 12.636 13.216 16.034 16.570 19.756 19.543 22.101 21.764 22.737 19.960 17.691 13.904 14.570 16.432 13.685 11.502 14.822 15.252 12.036 13.558 16.813 15.695 13.437 14.355 11.148 12.242 11.340 11.299  8.510  6.124  5.178  6.337  7.512 10.926 13.479 11.992 11.865  9.909 11.413 13.595 14.221 17.965 18.100 18.853 17.819 21.331 20.821 18.245 20.556 18.230 20.524 20.878 19.212 16.421 13.125  9.996  6.644  3.821  0.000  3.822  6.671  9.667 11.936 14.164 15.899
 24.460 21.972 18.614 16.303 12.512 11.361  8.429  8.382 10.567 11.920 13.314 14.328 14.458 17.540 17.869 21.100 20.978 23.697 23.741 24.299 21.172 18.728 15.062 14.757 16.688 14.463 11.480 14.191 15.134 11.759 12.208 15.705 15.004 12.225 12.280  8.818  9.693  9.689  9.188  5.714  4.952  6.159  8.740 10.810 14.382 17.099 15.478 14.929 12.416 13.586 14.925 14.846 18.651 19.510 20.526 19.998 23.646 23.090 20.921 23.425 21.125 23.450 23.595 22.008 19.518 16.291 13.162 10.107  6.636  3.822  0.000  3.824  6.457  8.768 11.385 13.447
 27.370 25.143 21.777 19.735 15.980 14.989 12.124 11.628 13.669 15.347 16.969 18.061 18.076 21.039 21.047 24.071 23.583 26.032 25.869 25.999 22.903 20.026 16.455 15.718 18.214 16.608 13.337 15.831 17.492 14.442 14.193 17.895 17.790 14.982 14.215 10.558 10.266 10.253  8.341  5.071  6.295  7.261 10.710 12.653 16.420 18.922 16.778 15.776 13.016 14.471 15.120 15.131 18.867 20.188 21.821 21.832 25.347 24.299 22.355 25.252 23.377 26.044 26.529 25.221 22.550 19.475 16.123 13.130  9.897  6.671  3.824  0.000  3.833  6.373  8.968 11.187
 30.249 27.918 24.662 22.451 18.689 17.434 14.239 13.380 14.711 16.574 18.433 20.059 20.177 23.358 23.534 26.654 26.388 28.973 29.013 29.067 25.857 23.018 19.569 18.480 20.834 19.410 15.960 17.961 19.662 16.530 15.719 19.270 19.200 16.043 14.845 11.534 11.309 12.261 10.156  7.026  9.269 10.755 14.135 16.023 19.743 22.122 19.843 19.005 16.363 17.873 18.320 18.129 21.764 23.337 25.020 25.120 28.658 27.627 25.749 28.636 26.712 29.287 29.607 28.147 25.612 22.425 19.242 16.143 12.879  9.667  6.457  3.833  0.000  3.833  6.587  9.039
 31.871 29.606 26.455 24.312 20.593 19.412 16.199 15.358 16.439 18.244 20.086 21.828 21.837 25.000 25.093 28.146 27.873 30.434 30.566 30.450 27.195 24.329 21.039 19.664 22.003 20.856 17.337 19.000 20.866 17.888 16.712 20.140 20.288 17.138 15.600 12.566 12.047 13.279 10.977  8.447 11.071 12.746 16.135 18.112 21.800 24.187 21.903 20.965 18.266 19.638 19.786 19.394 22.878 24.691 26.472 26.764 30.278 29.207 27.495 30.430 28.562 31.147 31.436 30.031 27.576 24.440 21.279 18.268 14.992 11.936  8.768  6.373  3.833  0.000  3.845  6.759
 34.017 31.781 28.627 26.484 22.822 21.537 18.372 17.282 18.229 20.129 22.136 23.962 24.105 27.248 27.376 30.388 30.067 32.541 32.579 32.404 29.231 26.304 23.085 21.724 24.150 23.112 19.674 21.289 23.207 20.328 19.128 22.457 22.638 19.526 17.966 15.129 14.497 15.629 13.173 11.088 13.594 14.946 18.249 19.975 23.586 25.765 23.324 22.425 19.882 21.407 21.450 21.205 24.559 26.409 28.336 28.708 32.124 30.907 29.211 32.200 30.464 33.097 33.481 32.086 29.572 26.448 23.335 20.301 17.244 14.164 11.385  8.968  6.587  3.845  0.000  3.811
