  0.000  3.832  6.773 10.357 13.271 16.745 19.752 23.312 24.785 22.475 19.813 16.137 13.876 10.367  8.339  5.542  5.458  5.879  7.629 10.808 10.751 13.742 14.517 16.812 14.179 12.422 16.041 16.614 13.909 15.759 18.940 18.074 17.201 19.924 22.360 22.505 23.563 21.485 24.628 25.075 21.709 21.137 17.936 18.679 16.898 19.143 22.217 21.742 21.225 18.523 20.097 19.236 19.398 17.275 13.679 10.930 11.890 15.488 15.148 13.233 10.439  8.346  5.657  7.680  9.964 12.610 13.916 17.400 18.765 22.450 24.456 27.431 30.062 31.760 33.513 34.826
  3.832  0.000  3.827  6.869 10.065 13.342 16.413 19.928 21.203 18.795 16.106 12.404 10.355  6.827  5.725  4.619  6.224  8.402  9.973 13.140 12.201 14.477 14.273 16.534 14.149 11.539 14.708 15.642 12.570 13.624 17.109 16.391 14.846 17.249 20.073 20.232 21.788 20.056 23.212 23.132 19.702 19.262 16.066 16.777 15.239 17.581 20.488 20.435 19.939 17.697 19.738 19.016 19.920 18.001 14.794 11.742 13.565 16.753 15.629 14.121 10.659  8.830  5.629  5.510  7.920  9.813 11.410 14.653 16.069 19.841 21.890 25.112 27.693 29.496 31.319 32.670
  6.773  3.827  0.000  3.818  6.723 10.068 13.258 16.784 18.408 16.165 13.816 10.158  8.514  6.007  5.443  6.421  7.136  9.621 10.261 13.294 11.901 13.221 12.119 14.678 13.035  9.790 12.551 14.311 11.626 11.824 15.561 15.659 13.960 15.661 18.490 18.056 19.626 17.749 20.609 20.249 16.657 15.895 12.562 13.073 11.661 14.178 16.887 16.927 16.458 14.549 16.972 16.639 18.075 16.158 13.446 10.215 12.702 15.272 13.496 12.603  8.835  8.056  5.977  4.810  5.302  6.381  7.612 10.893 12.517 16.284 18.595 21.826 24.486 26.378 28.218 29.581
 10.357  6.869  3.818  0.000  3.823  6.557  9.915 13.345 14.763 12.422 10.173  6.533  5.765  4.710  6.256  8.864 10.256 13.170 13.793 16.590 14.748 15.380 13.437 15.699 14.526 10.830 12.578 14.689 11.987 10.984 14.802 15.221 12.839 13.797 16.977 16.455 18.579 17.194 19.882 18.844 15.300 14.700 11.598 11.981 11.114 13.568 15.826 16.423 16.002 14.853 17.653 17.521 19.635 18.045 15.911 12.829 15.676 17.721 15.402 14.992 11.203 10.849  9.029  6.410  6.037  4.721  6.109  8.525 10.212 13.963 16.328 19.815 22.369 24.367 26.263 27.650
 13.271 10.065  6.723  3.823  0.000  3.826  6.607 10.222 12.141 10.446  8.487  5.695  5.062  6.368  7.532 10.822 11.744 14.826 15.302 17.494 15.085 14.817 12.124 13.965 13.478  9.642 10.287 12.878 10.783  8.766 12.435 13.647 11.354 11.426 14.370 13.312 15.473 14.230 16.656 15.281 11.780 11.357  8.677  9.582  9.891 12.804 14.240 14.654 13.717 12.972 15.734 15.586 18.270 17.205 15.804 13.270 16.626 17.984 15.528 16.038 12.497 13.203 12.158  9.915  8.416  5.735  4.759  5.682  6.545 10.282 12.533 16.056 18.612 20.661 22.628 24.106
 16.745 13.342 10.068  6.557  3.826  0.000  3.833  7.019  8.846  7.137  6.100  4.649  6.360  8.886 10.944 14.400 15.543 18.604 18.892 21.104 18.709 18.085 15.022 16.683 16.688 12.919 12.744 15.491 13.687 10.903 14.125 15.658 12.967 12.020 15.045 13.765 16.341 15.626 17.524 15.386 12.181 11.713  9.624  9.862 10.614 12.901 13.703 14.847 14.259 14.509 17.539 17.810 20.869 19.927 18.954 16.459 19.745 20.740 17.891 18.564 15.186 15.933 15.028 12.247 10.478  6.917  6.154  4.887  5.905  8.950 11.386 15.049 17.402 19.554 21.506 22.940
 19.752 16.413 13.258  9.915  6.607  3.833  0.000  3.845  6.181  6.032  5.629  6.391  7.808 11.190 13.019 16.688 17.808 21.027 21.486 23.253 20.466 19.370 16.030 16.966 17.351 13.869 12.633 15.237 13.962 10.509 12.953 14.930 12.337 10.348 12.989 11.449 14.273 14.229 15.765 13.076 10.470 10.748  9.912 10.800 12.653 15.042 14.972 15.898 14.773 15.414 18.066 18.111 21.517 21.184 20.733 18.758 22.279 22.916 20.193 21.383 18.190 19.319 18.530 15.906 14.103 10.548  8.978  6.383  5.243  7.015  8.618 12.324 14.392 16.543 18.579 20.123
 23.312 19.928 16.784 13.345 10.222  7.019  3.845  0.000  3.856  5.634  6.909  9.066 11.057 14.565 16.588 20.272 21.426 24.617 24.966 26.668 23.867 22.519 19.027 19.759 20.484 17.179 15.509 18.056 17.111 13.469 15.290 17.439 14.875 12.230 14.453 12.787 15.649 16.109 17.023 13.816 11.941 12.288 12.209 12.700 14.834 16.716 15.998 17.274 16.329 17.633 20.246 20.528 24.110 23.950 23.840 21.987 25.465 25.820 22.945 24.306 21.283 22.504 21.847 19.074 17.145 13.448 11.959  8.778  7.581  7.600  8.656 11.941 13.448 15.534 17.457 18.939
 24.785 21.203 18.408 14.763 12.141  8.846  6.181  3.856  0.000  3.839  6.027  9.258 11.709 15.303 17.840 21.578 23.239 26.622 27.284 29.162 26.334 25.288 21.941 22.558 22.916 19.580 18.018 20.153 18.823 15.207 16.872 18.499 15.534 12.850 15.315 14.372 17.646 18.625 19.738 16.449 14.894 15.623 15.513 16.015 17.854 19.557 19.042 20.569 19.769 20.984 23.604 23.708 27.243 27.086 26.737 24.722 28.174 28.809 25.937 27.011 23.797 24.602 23.512 20.422 18.993 15.353 14.528 11.739 10.796 10.977 11.508 14.615 15.732 17.646 19.429 20.781
 22.475 18.795 16.165 12.422 10.446  7.137  6.032  5.634  3.839  0.000  3.810  6.739  9.809 13.071 15.998 19.634 21.534 24.890 25.585 27.798 25.206 24.575 21.436 22.464 22.436 18.872 17.955 20.106 18.254 14.948 17.222 18.430 15.152 13.161 16.210 15.581 18.925 19.518 21.072 18.101 15.970 16.361 15.462 15.675 16.847 18.433 18.535 20.281 19.816 20.741 23.623 23.783 27.110 26.562 25.783 23.401 26.683 27.660 24.734 25.369 21.995 22.377 21.023 17.726 16.614 13.106 13.018 10.904 10.868 12.075 13.310 16.732 18.227 20.219 22.016 23.321
 19.813 16.106 13.816 10.173  8.487  6.100  5.629  6.909  6.027  3.810  0.000  3.834  6.570  9.926 12.953 16.607 18.791 22.302 23.382 25.588 22.916 22.632 19.777 20.696 20.176 16.628 16.021 17.799 15.531 12.480 14.967 15.690 12.214 10.780 14.226 14.117 17.583 18.145 20.248 17.655 15.318 16.049 14.870 15.630 16.648 18.722 19.304 20.647 19.871 20.164 22.868 22.598 25.727 25.208 24.096 21.706 25.039 26.370 23.728 24.180 20.608 20.755 19.019 15.815 15.206 12.031 12.101 10.719 10.486 12.506 13.588 17.227 18.891 20.849 22.759 24.164
 16.137 12.404 10.158  6.533  5.695  4.649  6.391  9.066  9.258  6.739  3.834  0.000  3.822  6.551  9.766 13.287 15.491 18.912 19.981 22.412 19.980 20.083 17.530 18.871 18.000 14.312 14.505 16.347 13.689 11.237 14.403 14.858 11.484 11.116 14.750 14.641 17.773 17.674 20.143 18.087 15.197 15.524 13.579 14.258 14.639 16.860 18.088 19.259 18.611 18.394 21.180 20.897 23.707 22.829 21.311 18.665 21.843 23.484 20.948 21.053 17.366 17.232 15.317 12.148 11.816  9.022  9.638  9.411  9.931 12.883 14.530 18.270 20.320 22.327 24.270 25.687
 13.876 10.355  8.514  5.765  5.062  6.360  7.808 11.057 11.709  9.809  6.570  3.822  0.000  3.842  6.462 10.154 12.468 16.103 17.653 19.790 17.114 17.452 15.256 16.253 14.887 11.388 11.848 13.159 10.169  8.198 11.514 11.531  8.319  8.893 12.495 12.778 15.691 15.479 18.428 16.932 14.046 14.822 12.908 14.406 14.926 17.734 19.135 19.616 18.425 17.497 19.809 18.934 21.494 20.854 19.147 16.796 20.101 21.957 19.922 20.099 16.391 16.331 14.242 11.717 11.764  9.688  9.759 10.223 10.041 13.309 14.516 18.143 20.274 22.163 24.157 25.664
 10.367  6.827  6.007  4.710  6.368  8.886 11.190 14.565 15.303 13.071  9.926  6.551  3.842  0.000  3.818  6.946  9.758 13.297 15.139 17.588 15.322 16.446 14.966 16.333 14.323 11.013 12.639 13.589 10.141  9.576 13.070 12.414  9.693 11.478 14.858 15.382 17.846 17.140 20.354 19.433 16.334 16.775 14.312 15.630 15.375 18.113 20.147 20.466 19.478 17.983 20.207 19.236 21.227 20.194 17.874 15.262 18.187 20.589 18.875 18.454 14.689 13.978 11.358  9.163 10.212  9.398 10.284 12.005 12.483 16.079 17.562 21.084 23.366 25.208 27.148 28.603
  8.339  5.725  5.443  6.256  7.532 10.944 13.019 16.588 17.840 15.998 12.953  9.766  6.462  3.818  0.000  3.814  6.273 10.002 12.226 14.272 11.827 13.237 12.318 13.519 11.040  8.131 10.462 10.976  7.506  8.247 11.634 10.841  9.196 11.690 14.419 14.857 16.631 15.447 18.867 18.644 15.568 16.061 13.623 15.436 15.233 18.335 20.426 20.073 18.691 16.545 18.228 16.813 18.377 17.475 14.981 12.770 15.723 18.229 17.103 16.837 13.303 12.928 10.621  9.707 10.612 10.568 10.690 12.858 12.958 16.545 17.830 21.041 23.424 25.142 27.055 28.538
  5.542  4.619  6.421  8.864 10.822 14.400 16.688 20.272 21.578 19.634 16.607 13.287 10.154  6.946  3.814  0.000  3.825  7.169 10.086 12.154 10.298 12.709 12.891 14.198 11.145  9.178 12.307 12.254  9.015 11.001 13.959 12.704 11.843 14.834 17.175 17.761 19.044 17.524 21.001 21.326 18.289 18.592 15.995 17.691 17.005 19.964 22.413 21.788 20.499 17.865 19.185 17.601 18.396 17.246 14.206 12.114 14.418 17.431 16.954 16.182 12.976 12.094  9.601  9.912 11.525 12.636 13.067 15.793 16.145 19.732 21.067 24.080 26.510 28.128 29.964 31.391
  5.458  6.224  7.136 10.256 11.744 15.543 17.808 21.426 23.239 21.534 18.791 15.491 12.468  9.758  6.273  3.825  0.000  3.822  6.677  8.396  6.607  9.354 10.211 11.818  8.856  7.543 11.235 11.411  9.116 11.559 14.326 13.701 13.653 16.399 18.204 18.203 18.771 16.583 19.829 20.681 17.603 17.506 14.855 16.559 15.768 18.793 21.231 20.083 18.676 15.616 16.523 14.913 15.187 13.859 10.643  8.905 11.097 14.064 14.100 13.546 10.836 10.632  9.217 10.668 11.479 13.004 12.811 15.770 16.126 19.548 20.988 23.652 26.211 27.764 29.524 30.923
  5.879  8.402  9.621 13.170 14.826 18.604 21.027 24.617 26.622 24.890 22.302 18.912 16.103 13.297 10.002  7.169  3.822  0.000  3.878  5.462  5.418  9.003 10.996 12.884 10.182  9.863 13.662 13.833 12.232 14.903 17.417 16.917 17.268 19.997 21.539 21.327 21.431 18.842 21.815 23.086 20.033 19.528 16.786 18.153 16.923 19.626 22.263 20.824 19.630 16.275 16.801 15.367 14.733 12.956  9.316  7.966  8.924 12.238 13.109 12.144 10.329 10.067  9.452 12.062 12.825 15.073 14.948 18.181 18.816 22.109 23.712 26.118 28.741 30.220 31.876 33.196
  7.629  9.973 10.261 13.793 15.302 18.892 21.486 24.966 27.284 25.585 23.382 19.981 17.653 15.139 12.226 10.086  6.677  3.878  0.000  3.840  5.540  8.327 10.289 12.977 11.274 10.834 14.505 15.473 14.429 16.592 19.259 19.420 19.701 21.973 23.487 22.693 22.563 19.539 22.038 23.342 20.129 18.930 15.958 16.720 15.035 17.357 20.090 18.499 17.692 14.337 14.954 14.254 13.328 10.750  6.933  5.199  5.151  8.687  9.753  8.592  7.567  7.962  8.835 11.955 11.902 14.464 14.199 17.581 18.651 21.773 23.767 25.983 28.728 30.245 31.825 33.068
 10.808 13.140 13.294 16.590 17.494 21.104 23.253 26.668 29.162 27.798 25.588 22.412 19.790 17.588 14.272 12.154  8.396  5.462  3.840  0.000  3.838  6.538  9.654 11.627 10.086 10.952 14.307 14.810 14.584 17.142 19.184 19.465 20.461 22.728 23.647 22.757 22.010 18.799 21.110 22.987 20.158 19.162 16.734 17.968 16.837 19.364 21.662 19.495 18.171 14.503 14.119 12.871 11.102  9.046  5.555  6.231  6.029  8.438 10.670 10.522 10.344 11.516 12.616 15.583 15.241 17.390 16.458 19.455 19.950 22.711 24.298 26.085 28.731 30.045 31.528 32.756
 10.751 12.201 11.901 14.748 15.085 18.709 20.466 23.867 26.334 25.206 22.916 19.980 17.114 15.322 11.827 10.298  6.607  5.418  5.540  3.838  0.000  3.841  6.832  8.285  6.310  7.379 10.664 10.994 10.936 13.547 15.407 15.803 16.982 19.159 19.897 19.038 18.283 15.194 17.744 19.598 16.884 16.357 14.245 16.137 15.705 18.764 20.705 18.507 16.621 12.940 12.483 10.535  9.511  8.375  5.397  6.231  8.097  9.948 11.375 12.016 10.910 12.431 12.998 15.221 14.692 16.115 14.692 17.297 17.221 19.920 21.156 22.965 25.543 26.844 28.404 29.728
 13.742 14.477 13.221 15.380 14.817 18.085 19.370 22.519 25.288 24.575 22.632 20.083 17.452 16.446 13.237 12.709  9.354  9.003  8.327  6.538  3.841  0.000  3.832  5.240  5.129  6.561  8.834  9.850 10.915 12.852 14.360 15.635 17.032 18.544 18.855 17.359 16.111 12.636 14.668 16.750 14.215 13.491 11.869 14.003 14.211 17.411 18.757 16.138 13.790 10.057  8.965  6.746  5.914  5.430  4.111  6.302  8.854  9.224 10.403 12.244 11.443 13.915 15.032 16.806 15.448 16.188 13.953 15.949 15.453 17.623 18.700 20.086 22.656 23.888 25.390 26.716
 14.517 14.273 12.119 13.437 12.124 15.022 16.030 19.027 21.941 21.436 19.777 17.530 15.256 14.966 12.318 12.891 10.211 10.996 10.289  9.654  6.832  3.832  0.000  3.846  5.384  4.983  6.320  8.689  9.877 10.693 12.461 14.454 15.407 16.262 16.699 14.709 13.695 10.126 11.996 13.568 10.717  9.736  8.103 10.530 11.354 14.822 15.765 13.247 10.593  7.097  6.696  4.807  6.330  6.068  5.939  6.794 10.241 10.140  9.964 12.345 10.989 13.835 14.942 15.931 13.980 13.904 11.093 12.547 11.810 13.833 15.036 16.529 19.211 20.615 22.225 23.632
 16.812 16.534 14.678 15.699 13.965 16.683 16.966 19.759 22.558 22.464 20.696 18.871 16.253 16.333 13.519 14.198 11.818 12.884 12.977 11.627  8.285  5.240  3.846  0.000  3.848  5.424  5.059  6.290  8.807  9.886 10.469 12.619 14.398 15.164 14.775 12.865 11.123  7.537  9.592 11.889  9.884 10.101  9.811 12.974 14.544 18.108 18.590 15.958 12.773  9.677  8.221  4.782  6.375  8.114  8.705 10.325 13.536 13.337 13.612 16.074 14.742 17.382 18.097 18.928 17.258 16.839 13.869 14.673 12.985 14.471 14.697 15.738 18.128 19.261 20.842 22.330
 14.179 14.149 13.035 14.526 13.478 16.688 17.351 20.484 22.916 22.436 20.176 18.000 14.887 14.323 11.040 11.145  8.856 10.182 11.274 10.086  6.310  5.129  5.384  3.848  0.000  3.859  5.384  4.939  6.369  8.790  9.677 10.696 12.571 14.250 14.237 13.272 12.172  9.312 12.262 14.233 12.083 12.737 11.818 14.906 15.933 19.559 20.620 18.371 15.548 12.308 11.477  8.340  9.014  9.989  9.093 10.146 13.267 14.114 14.623 16.280 14.510 16.435 16.490 17.464 16.548 16.555 14.226 15.620 14.201 16.370 16.649 18.233 20.570 21.750 23.408 24.903
 12.422 11.539  9.790 10.830  9.642 12.919 13.869 17.179 19.580 18.872 16.628 14.312 11.388 11.013  8.131  9.178  7.543  9.863 10.834 10.952  7.379  6.561  4.983  5.424  3.859  0.000  3.848  5.401  5.122  6.461  8.754 10.025 10.735 12.189 13.063 11.957 11.858  9.221 12.339 13.323 10.440 10.810  9.187 12.140 13.064 16.760 17.975 16.242 13.731 10.865 11.258  9.035 10.733 10.802  9.531  9.171 12.799 13.923 13.458 14.885 12.434 14.211 14.007 14.368 13.285 12.916 10.642 12.109 10.972 13.654 14.448 16.657 19.196 20.690 22.509 24.054
 16.041 14.708 12.551 12.578 10.287 12.744 12.633 15.509 18.018 17.955 16.021 14.505 11.848 12.639 10.462 12.307 11.235 13.662 14.505 14.307 10.664  8.834  6.320  5.059  5.384  3.848  0.000  3.841  5.396  5.027  6.245  8.808  9.858 10.275 10.402  8.632  8.163  5.496  8.759  9.643  7.140  8.478  8.185 11.804 13.784 17.548 17.995 16.184 13.146 10.900 10.974  8.516 11.137 12.165 12.011 12.139 15.862 16.308 15.598 17.614 15.290 17.399 17.302 17.156 15.683 14.464 11.577 11.820  9.559 11.444 11.444 13.356 15.761 17.198 19.094 20.775
 16.614 15.642 14.311 14.689 12.878 15.491 15.237 18.056 20.153 20.106 17.799 16.347 13.159 13.589 10.976 12.254 11.411 13.833 15.473 14.810 10.994  9.850  8.689  6.290  4.939  5.401  3.841  0.000  3.845  5.403  4.906  6.404  8.769 10.011  9.434  8.832  8.033  6.358 10.030 11.457  9.947 11.987 12.006 15.616 17.433 21.198 21.793 19.927 16.838 14.371 13.880 10.762 12.570 14.093 13.659 14.202 17.667 18.465 18.346 20.099 17.801 19.524 19.004 19.076 18.240 17.348 14.876 15.316 12.968 14.756 14.132 15.799 17.802 18.929 20.733 22.385
 13.909 12.570 11.626 11.987 10.783 13.687 13.962 17.111 18.823 18.254 15.531 13.689 10.169 10.141  7.506  9.015  9.116 12.232 14.429 14.584 10.936 10.915  9.877  8.807  6.369  5.122  5.396  3.845  0.000  3.854  5.342  5.132  6.303  8.627  9.411  9.730 10.378  9.339 13.100 13.720 11.620 13.396 12.561 15.803 17.087 20.779 21.858 20.514 17.902 15.492 15.805 13.167 14.916 15.612 14.311 13.926 17.374 18.870 18.452 19.548 16.740 17.794 16.623 16.390 16.130 15.373 13.592 14.481 12.670 15.200 15.076 17.458 19.552 20.896 22.785 24.404
 15.759 13.624 11.824 10.984  8.766 10.903 10.509 13.469 15.207 14.948 12.480 11.237  8.198  9.576  8.247 11.001 11.559 14.903 16.592 17.142 13.547 12.852 10.693  9.886  8.790  6.461  5.027  5.403  3.854  0.000  3.850  5.434  5.047  5.751  7.108  6.813  8.484  8.049 11.577 11.204  8.994 11.111 10.643 13.913 15.717 19.355 20.013 19.029 16.438 14.756 15.587 13.472 16.044 16.727 15.893 15.159 18.880 20.016 18.928 20.280 17.274 18.527 17.441 16.469 15.718 14.079 11.989 11.983  9.660 11.980 11.691 14.387 16.468 18.002 20.036 21.749
 18.940 17.109 15.561 14.802 12.435 14.125 12.953 15.290 16.872 17.222 14.967 14.403 11.514 13.070 11.634 13.959 14.326 17.417 19.259 19.184 15.407 14.360 12.461 10.469  9.677  8.754  6.245  4.906  5.342  3.850  0.000  3.840  5.556  5.567  4.588  4.798  5.804  6.611 10.146 10.160  9.261 12.282 12.884 16.475 18.744 22.420 22.674 21.389 18.391 16.761 16.881 14.257 16.756 18.222 17.885 17.840 21.517 22.362 21.623 23.308 20.567 22.030 21.050 20.252 19.492 17.810 15.471 15.014 12.089 13.487 12.121 14.092 15.689 16.866 18.838 20.604
 18.074 16.391 15.659 15.221 13.647 15.658 14.930 17.439 18.499 18.430 15.690 14.858 11.531 12.414 10.841 12.704 13.701 16.917 19.420 19.465 15.803 15.635 14.454 12.619 10.696 10.025  8.808  6.404  5.132  5.434  3.840  0.000  3.846  6.043  5.813  7.956  9.264 10.191 13.795 13.954 12.972 15.773 15.840 19.255 21.050 24.705 25.392 24.261 21.468 19.545 19.724 16.928 18.927 20.183 19.242 19.008 22.478 23.874 23.372 24.566 21.644 22.541 21.016 20.273 20.232 18.949 17.241 17.320 14.853 16.729 15.593 17.768 19.241 20.325 22.196 23.841
 17.201 14.846 13.960 12.839 11.354 12.967 12.337 14.875 15.534 15.152 12.214 11.484  8.319  9.693  9.196 11.843 13.653 17.268 19.701 20.461 16.982 17.032 15.407 14.398 12.571 10.735  9.858  8.769  6.303  5.047  5.556  3.846  0.000  3.835  6.071  8.295 10.891 11.902 15.373 14.670 13.178 15.699 15.332 18.339 19.930 23.392 24.207 23.627 21.239 19.697 20.593 18.338 20.672 21.388 20.177 19.231 22.763 24.372 23.347 24.236 20.959 21.504 19.637 18.275 18.391 16.790 15.544 15.506 13.372 15.575 14.849 17.618 19.178 20.522 22.484 24.116
 19.924 17.249 15.661 13.797 11.426 12.020 10.348 12.230 12.850 13.161 10.780 11.116  8.893 11.478 11.690 14.834 16.399 19.997 21.973 22.728 19.159 18.544 16.262 15.164 14.250 12.189 10.275 10.011  8.627  5.751  5.567  6.043  3.835  0.000  3.854  5.703  9.169 10.939 13.850 12.366 11.325 14.191 14.485 17.466 19.600 22.953 23.226 22.812 20.360 19.433 20.457 18.507 21.354 22.267 21.587 20.685 24.405 25.567 24.180 25.445 22.213 23.123 21.568 19.843 19.388 17.119 15.466 14.498 11.813 13.295 12.036 14.754 16.062 17.447 19.489 21.202
 22.360 20.073 18.490 16.977 14.370 15.045 12.989 14.453 15.315 16.210 14.226 14.750 12.495 14.858 14.419 17.175 18.204 21.539 23.487 23.647 19.897 18.855 16.699 14.775 14.237 13.063 10.402  9.434  9.411  7.108  4.588  5.813  6.071  3.854  0.000  3.824  6.586  9.329 11.966 10.893 10.958 14.415 15.535 18.899 21.452 24.933 24.853 23.994 21.109 20.114 20.487 18.148 20.930 22.472 22.270 22.007 25.747 26.565 25.509 27.177 24.243 25.536 24.286 22.925 22.246 20.048 17.906 16.730 13.530 14.265 12.147 14.016 14.918 15.946 17.921 19.687
 22.505 20.232 18.056 16.455 13.312 13.765 11.449 12.787 14.372 15.581 14.117 14.641 12.778 15.382 14.857 17.761 18.203 21.327 22.693 22.757 19.038 17.359 14.709 12.865 13.272 11.957  8.632  8.832  9.730  6.813  4.798  7.956  8.295  5.703  3.824  0.000  3.898  6.509  8.654  7.156  7.370 10.979 12.637 16.048 18.970 22.408 21.947 20.919 17.897 17.207 17.545 15.508 18.637 20.252 20.544 20.434 24.239 24.578 23.349 25.403 22.710 24.475 23.750 22.467 21.174 18.760 16.085 14.488 10.945 11.101  8.731 10.392 11.575 12.825 14.992 16.942
 23.563 21.788 19.626 18.579 15.473 16.341 14.273 15.649 17.646 18.925 17.583 17.773 15.691 17.846 16.631 19.044 18.771 21.431 22.563 22.010 18.283 16.111 13.695 11.123 12.172 11.858  8.163  8.033 10.378  8.484  5.804  9.264 10.891  9.169  6.586  3.898  0.000  3.895  5.630  5.661  6.947 10.588 12.827 16.476 19.563 23.075 22.418 20.789 17.379 16.421 15.943 13.528 16.456 18.656 19.479 20.075 23.759 23.688 22.886 25.322 23.075 25.246 24.953 24.186 22.662 20.552 17.489 16.076 12.487 12.228  9.686 10.209 11.341 12.212 14.200 16.168
 21.485 20.056 17.749 17.194 14.230 15.626 14.229 16.109 18.625 19.518 18.145 17.674 15.479 17.140 15.447 17.524 16.583 18.842 19.539 18.799 15.194 12.636 10.126  7.537  9.312  9.221  5.496  6.358  9.339  8.049  6.611 10.191 11.902 10.939  9.329  6.509  3.895  0.000  3.843  5.487  5.343  8.218 10.203 13.949 16.884 20.456 19.939 17.908 14.369 12.983 12.215  9.677 12.653 14.836 15.863 16.712 20.311 20.009 19.360 21.970 20.023 22.488 22.620 22.267 20.482 18.715 15.419 14.451 11.202 11.308  9.692 10.274 12.134 13.191 15.074 16.942
 24.628 23.212 20.609 19.882 16.656 17.524 15.765 17.023 19.738 21.072 20.248 20.143 18.428 20.354 18.867 21.001 19.829 21.815 22.038 21.110 17.744 14.668 11.996  9.592 12.262 12.339  8.759 10.030 13.100 11.577 10.146 13.795 15.373 13.850 11.966  8.654  5.630  3.843  0.000  3.840  5.567  7.942 10.977 14.357 17.681 20.957 19.801 17.562 13.884 13.164 11.994 10.037 13.148 15.646 17.454 18.615 22.055 21.119 20.392 23.423 21.870 24.703 25.255 24.900 22.694 20.725 17.149 15.652 12.323 11.285  9.235  8.416  9.997 10.763 12.505 14.454
 25.075 23.132 20.249 18.844 15.281 15.386 13.076 13.816 16.449 18.101 17.655 18.087 16.932 19.433 18.644 21.326 20.681 23.086 23.342 22.987 19.598 16.750 13.568 11.889 14.233 13.323  9.643 11.457 13.720 11.204 10.160 13.954 14.670 12.366 10.893  7.156  5.661  5.487  3.840  0.000  3.834  6.842 10.211 13.329 16.920 20.031 18.617 16.992 13.614 13.702 13.513 12.285 15.811 17.742 19.275 19.769 23.386 22.604 21.270 24.144 22.240 24.904 25.254 24.343 22.041 19.542 16.038 13.845 10.223  8.519  5.762  5.081  6.938  8.376 10.650 12.871
 21.709 19.702 16.657 15.300 11.780 12.181 10.470 11.941 14.894 15.970 15.318 15.197 14.046 16.334 15.568 18.289 17.603 20.033 20.129 20.158 16.884 14.215 10.717  9.884 12.083 10.440  7.140  9.947 11.620  8.994  9.261 12.972 13.178 11.325 10.958  7.370  6.947  5.343  5.567  3.834  0.000  3.819  6.591  9.929 13.369 16.648 15.636 14.124 10.871 10.723 11.250 10.328 14.048 15.316 16.441 16.470 20.156 19.596 17.995 20.675 18.597 21.197 21.568 20.642 18.261 15.822 12.282 10.333  6.844  6.093  4.953  6.317  9.048 10.898 13.093 15.061
 21.137 19.262 15.895 14.700 11.357 11.713 10.748 12.288 15.623 16.361 16.049 15.524 14.822 16.775 16.061 18.592 17.506 19.528 18.930 19.162 16.357 13.491  9.736 10.101 12.737 10.810  8.478 11.987 13.396 11.111 12.282 15.773 15.699 14.191 14.415 10.979 10.588  8.218  7.942  6.842  3.819  0.000  3.828  6.626 10.233 13.320 12.107 10.400  7.156  7.557  8.764  9.080 12.876 13.476 14.827 14.648 18.126 17.172 15.197 18.065 16.311 19.229 20.148 19.369 16.488 14.144 10.384  8.469  5.914  5.166  6.217  7.435 10.439 12.393 14.347 16.054
 17.936 16.066 12.562 11.598  8.677  9.624  9.912 12.209 15.513 15.462 14.870 13.579 12.908 14.312 13.623 15.995 14.855 16.786 15.958 16.734 14.245 11.869  8.103  9.811 11.818  9.187  8.185 12.006 12.561 10.643 12.884 15.840 15.332 14.485 15.535 12.637 12.827 10.203 10.977 10.211  6.591  3.828  0.000  3.823  6.873 10.352 10.044  8.590  5.998  5.702  8.231  9.010 12.436 12.011 12.608 11.663 15.143 14.582 12.225 14.721 12.695 15.514 16.493 15.758 12.759 10.639  6.842  5.842  4.793  6.293  8.745 10.844 13.816 15.796 17.651 19.167
 18.679 16.777 13.073 11.981  9.582  9.862 10.800 12.700 16.015 15.675 15.630 14.258 14.406 15.630 15.436 17.691 16.559 18.153 16.720 17.968 16.137 14.003 10.530 12.974 14.906 12.140 11.804 15.616 15.803 13.913 16.475 19.255 18.339 17.466 18.899 16.048 16.476 13.949 14.357 13.329  9.929  6.626  3.823  0.000  3.825  6.782  6.305  5.498  4.533  5.815  9.361 11.355 14.379 13.147 13.669 12.148 15.100 14.295 11.214 13.528 11.780 14.633 16.083 15.198 11.685  9.511  6.063  5.064  6.254  7.458 10.809 12.806 15.678 17.707 19.387 20.682
 16.898 15.239 11.661 11.114  9.891 10.614 12.653 14.834 17.854 16.847 16.648 14.639 14.926 15.375 15.233 17.005 15.768 16.923 15.035 16.837 15.705 14.211 11.354 14.544 15.933 13.064 13.784 17.433 17.087 15.717 18.744 21.050 19.930 19.600 21.452 18.970 19.563 16.884 17.681 16.920 13.369 10.233  6.873  3.825  0.000  3.848  5.543  5.521  6.513  6.950 10.743 12.992 15.306 13.166 12.971 10.682 13.056 12.572  9.018 10.617  8.902 11.599 13.446 12.778  9.022  7.644  5.271  6.311  8.965 10.905 14.391 16.576 19.416 21.408 22.999 24.162
 19.143 17.581 14.178 13.568 12.804 12.901 15.042 16.716 19.557 18.433 18.722 16.860 17.734 18.113 18.335 19.964 18.793 19.626 17.357 19.364 18.764 17.411 14.822 18.108 19.559 16.760 17.548 21.198 20.779 19.355 22.420 24.705 23.392 22.953 24.933 22.408 23.075 20.456 20.957 20.031 16.648 13.320 10.352  6.782  3.848  0.000  3.849  5.614  8.415  9.694 13.343 16.105 18.140 15.688 15.571 13.183 14.756 14.010 10.227 11.316 10.340 12.658 14.869 14.135 10.355  9.303  8.160  8.882 11.949 13.395 17.052 19.039 21.735 23.706 25.142 26.133
 22.217 20.488 16.887 15.826 14.240 13.703 14.972 15.998 19.042 18.535 19.304 18.088 19.135 20.147 20.426 22.413 21.231 22.263 20.090 21.662 20.705 18.757 15.765 18.590 20.620 17.975 17.995 21.793 21.858 20.013 22.674 25.392 24.207 23.226 24.853 21.947 22.418 19.939 19.801 18.617 15.636 12.107 10.044  6.305  5.543  3.849  0.000  3.820  6.952  9.607 13.033 16.075 18.502 16.603 17.267 15.487 17.331 15.996 12.413 14.274 13.533 16.166 18.301 17.404 13.605 11.873  9.943  9.226 11.571 11.922 15.461 16.933 19.467 21.385 22.720 23.656
 21.742 20.435 16.927 16.423 14.654 14.847 15.898 17.274 20.569 20.281 20.647 19.259 19.616 20.466 20.073 21.788 20.083 20.824 18.499 19.495 18.507 16.138 13.247 15.958 18.371 16.242 16.184 19.927 20.514 19.029 21.389 24.261 23.627 22.812 23.994 20.919 20.789 17.908 17.562 16.992 14.124 10.400  8.590  5.498  5.521  5.614  3.820  0.000  3.826  6.483  9.571 12.884 15.153 13.415 14.627 13.522 15.405 13.524 10.324 13.007 12.732 15.972 18.406 18.127 14.358 13.041 10.409 10.031 11.552 11.788 14.933 15.962 18.590 20.351 21.646 22.616
 21.225 19.939 16.458 16.002 13.717 14.259 14.773 16.329 19.769 19.816 19.871 18.611 18.425 19.478 18.691 20.499 18.676 19.630 17.692 18.171 16.621 13.790 10.593 12.773 15.548 13.731 13.146 16.838 17.902 16.438 18.391 21.468 21.239 20.360 21.109 17.897 17.379 14.369 13.884 13.614 10.871  7.156  5.998  4.533  6.513  8.415  6.952  3.826  0.000  3.826  6.578  9.619 12.367 11.379 13.057 12.609 15.090 13.191 10.595 13.798 13.214 16.668 18.792 18.619 15.061 13.555 10.207  9.514  9.825  9.816 12.423 13.201 15.924 17.629 19.024 20.163
 18.523 17.697 14.549 14.853 12.972 14.509 15.414 17.633 20.984 20.741 20.164 18.394 17.497 17.983 16.545 17.865 15.616 16.275 14.337 14.503 12.940 10.057  7.097  9.677 12.308 10.865 10.900 14.371 15.492 14.756 16.761 19.545 19.697 19.433 20.114 17.207 16.421 12.983 13.164 13.702 10.723  7.557  5.702  5.815  6.950  9.694  9.607  6.483  3.826  0.000  3.838  6.605  9.045  7.789  9.340  9.253 11.923 10.172  8.150 11.548 10.982 14.590 16.721 17.127 13.904 13.093  9.783 10.228 10.372 11.320 13.571 14.607 17.420 19.017 20.469 21.683
 20.097 19.738 16.972 17.653 15.734 17.539 18.066 20.246 23.604 23.623 22.868 21.180 19.809 20.207 18.228 19.185 16.523 16.801 14.954 14.119 12.483  8.965  6.696  8.221 11.477 11.258 10.974 13.880 15.805 15.587 16.881 19.724 20.593 20.457 20.487 17.545 15.943 12.215 11.994 13.513 11.250  8.764  8.231  9.361 10.743 13.343 13.033  9.571  6.578  3.838  0.000  3.837  5.927  5.855  8.721 10.161 12.536 10.283  9.625 13.287 13.281 16.938 19.093 19.946 17.031 16.492 13.163 13.555 12.950 13.469 14.882 15.217 17.816 19.059 20.339 21.517
 19.236 19.016 16.639 17.521 15.586 17.810 18.111 20.528 23.708 23.783 22.598 20.897 18.934 19.236 16.813 17.601 14.913 15.367 14.254 12.871 10.535  6.746  4.807  4.782  8.340  9.035  8.516 10.762 13.167 13.472 14.257 16.928 18.338 18.507 18.148 15.508 13.528  9.677 10.037 12.285 10.328  9.080  9.010 11.355 12.992 16.105 16.075 12.884  9.619  6.605  3.837  0.000  3.853  5.696  8.186 10.259 13.004 11.487 11.587 14.848 14.380 17.706 19.315 20.263 17.859 17.382 14.076 14.585 13.299 14.076 14.771 15.168 17.651 18.747 20.115 21.437
 19.398 19.920 18.075 19.635 18.270 20.869 21.517 24.110 27.243 27.110 25.727 23.707 21.494 21.227 18.377 18.396 15.187 14.733 13.328 11.102  9.511  5.914  6.330  6.375  9.014 10.733 11.137 12.570 14.916 16.044 16.756 18.927 20.672 21.354 20.930 18.637 16.456 12.653 13.148 15.811 14.048 12.876 12.436 14.379 15.306 18.140 18.502 15.153 12.367  9.045  5.927  3.853  0.000  3.812  6.767  9.987 11.823 10.089 11.438 14.499 14.751 17.987 19.843 21.453 19.340 19.553 16.622 17.720 16.805 17.827 18.574 18.894 21.267 22.188 23.398 24.584
 17.275 18.001 16.158 18.045 17.205 19.927 21.184 23.950 27.086 26.562 25.208 22.829 20.854 20.194 17.475 17.246 13.859 12.956 10.750  9.046  8.375  5.430  6.068  8.114  9.989 10.802 12.165 14.093 15.612 16.727 18.222 20.183 21.388 22.267 22.472 20.252 18.656 14.836 15.646 17.742 15.316 13.476 12.011 13.147 13.166 15.688 16.603 13.415 11.379  7.789  5.855  5.696  3.812  0.000  3.835  6.929  8.318  6.322  7.810 10.798 11.454 14.781 17.047 18.934 16.745 17.444 14.907 16.600 16.512 18.012 19.480 20.275 22.874 24.041 25.319 26.459
 13.679 14.794 13.446 15.911 15.804 18.954 20.733 23.840 26.737 25.783 24.096 21.311 19.147 17.874 14.981 14.206 10.643  9.316  6.933  5.555  5.397  4.111  5.939  8.705  9.093  9.531 12.011 13.659 14.311 15.893 17.885 19.242 20.177 21.587 22.270 20.544 19.479 15.863 17.454 19.275 16.441 14.827 12.608 13.669 12.971 15.571 17.267 14.627 13.057  9.340  8.721  8.186  6.767  3.835  0.000  3.824  5.283  5.156  6.920  8.729  8.939 11.766 13.787 16.047 14.386 15.708 13.816 16.244 16.595 18.812 20.528 21.929 24.632 25.960 27.380 28.579
 10.930 11.742 10.215 12.829 13.270 16.459 18.758 21.987 24.722 23.401 21.706 18.665 16.796 15.262 12.770 12.114  8.905  7.966  5.199  6.231  6.231  6.302  6.794 10.325 10.146  9.171 12.139 14.202 13.926 15.159 17.840 19.008 19.231 20.685 22.007 20.434 20.075 16.712 18.615 19.769 16.470 14.648 11.663 12.148 10.682 13.183 15.487 13.522 12.609  9.253 10.161 10.259  9.987  6.929  3.824  0.000  3.855  5.484  5.458  6.186  5.312  8.085 10.159 12.356 10.680 12.363 11.050 14.028 15.081 17.794 20.002 21.944 24.766 26.330 27.872 29.098
 11.890 13.565 12.702 15.676 16.626 19.745 22.279 25.465 28.174 26.683 25.039 21.843 20.101 18.187 15.723 14.418 11.097  8.924  5.151  6.029  8.097  8.854 10.241 13.536 13.267 12.799 15.862 17.667 17.374 18.880 21.517 22.478 22.763 24.405 25.747 24.239 23.759 20.311 22.055 23.386 20.156 18.126 15.143 15.100 13.056 14.756 17.331 15.405 15.090 11.923 12.536 13.004 11.823  8.318  5.283  3.855  0.000  3.858  5.422  4.673  5.924  8.047 10.784 13.742 12.417 14.815 14.083 17.243 18.656 21.300 23.649 25.467 28.279 29.786 31.225 32.349
 15.488 16.753 15.272 17.721 17.984 20.740 22.916 25.820 28.809 27.660 26.370 23.484 21.957 20.589 18.229 17.431 14.064 12.238  8.687  8.438  9.948  9.224 10.140 13.337 14.114 13.923 16.308 18.465 18.870 20.016 22.362 23.874 24.372 25.567 26.565 24.578 23.688 20.009 21.119 22.604 19.596 17.172 14.582 14.295 12.572 14.010 15.996 13.524 13.191 10.172 10.283 11.487 10.089  6.322  5.156  5.484  3.858  0.000  3.837  5.461  7.811 10.844 13.964 16.498 14.451 16.252 14.852 17.463 18.694 20.771 23.092 24.433 27.199 28.603 29.905 30.944
 15.148 15.629 13.496 15.402 15.528 17.891 20.193 22.945 25.937 24.734 23.728 20.948 19.922 18.875 17.103 16.954 14.100 13.109  9.753 10.670 11.375 10.403  9.964 13.612 14.623 13.458 15.598 18.346 18.452 18.928 21.623 23.372 23.347 24.180 25.509 23.349 22.886 19.360 20.392 21.270 17.995 15.197 12.225 11.214  9.018 10.227 12.413 10.324 10.595  8.150  9.625 11.587 11.438  7.810  6.920  5.458  5.422  3.837  0.000  3.854  5.617  9.214 12.522 14.402 11.748 13.207 11.823 14.369 16.072 18.171 20.893 22.467 25.304 26.891 28.261 29.310
 13.233 14.121 12.603 14.992 16.038 18.564 21.383 24.306 27.011 25.369 24.180 21.053 20.099 18.454 16.837 16.182 13.546 12.144  8.592 10.522 12.016 12.244 12.345 16.074 16.280 14.885 17.614 20.099 19.548 20.280 23.308 24.566 24.236 25.445 27.177 25.403 25.322 21.970 23.423 24.144 20.675 18.065 14.721 13.528 10.617 11.316 14.274 13.007 13.798 11.548 13.287 14.848 14.499 10.798  8.729  6.186  4.673  5.461  3.854  0.000  3.842  6.370 10.030 12.435 10.391 12.827 12.556 15.712 17.922 20.487 23.391 25.350 28.218 29.891 31.320 32.371
 10.439 10.659  8.835 11.203 12.497 15.186 18.190 21.283 23.797 21.995 20.608 17.366 16.391 14.689 13.303 12.976 10.836 10.329  7.567 10.344 10.910 11.443 10.989 14.742 14.510 12.434 15.290 17.801 16.740 17.274 20.567 21.644 20.959 22.213 24.243 22.710 23.075 20.023 21.870 22.240 18.597 16.311 12.695 11.780  8.902 10.340 13.533 12.732 13.214 10.982 13.281 14.380 14.751 11.454  8.939  5.312  5.924  7.811  5.617  3.842  0.000  3.830  6.988  8.951  6.847  9.381  9.423 12.923 15.221 18.198 21.109 23.480 26.365 28.155 29.731 30.888
  8.346  8.830  8.056 10.849 13.203 15.933 19.319 22.504 24.602 22.377 20.755 17.232 16.331 13.978 12.928 12.094 10.632 10.067  7.962 11.516 12.431 13.915 13.835 17.382 16.435 14.211 17.399 19.524 17.794 18.527 22.030 22.541 21.504 23.123 25.536 24.475 25.246 22.488 24.703 24.904 21.197 19.229 15.514 14.633 11.599 12.658 16.166 15.972 16.668 14.590 16.938 17.706 17.987 14.781 11.766  8.085  8.047 10.844  9.214  6.370  3.830  0.000  3.836  6.567  5.987  9.560 10.941 14.694 17.242 20.547 23.473 26.171 29.019 30.862 32.488 33.652
  5.657  5.629  5.977  9.029 12.158 15.028 18.530 21.847 23.512 21.023 19.019 15.317 14.242 11.358 10.621  9.601  9.217  9.452  8.835 12.616 12.998 15.032 14.942 18.097 16.490 14.007 17.302 19.004 16.623 17.441 21.050 21.016 19.637 21.568 24.286 23.750 24.953 22.620 25.255 25.254 21.568 20.148 16.493 16.083 13.446 14.869 18.301 18.406 18.792 16.721 19.093 19.315 19.843 17.047 13.787 10.159 10.784 13.964 12.522 10.030  6.988  3.836  0.000  3.843  5.582  9.145 11.240 14.987 17.357 20.963 23.676 26.696 29.462 31.331 33.045 34.272
  7.680  5.510  4.810  6.410  9.915 12.247 15.906 19.074 20.422 17.726 15.815 12.148 11.717  9.163  9.707  9.912 10.668 12.062 11.955 15.583 15.221 16.806 15.931 18.928 17.464 14.368 17.156 19.076 16.390 16.469 20.252 20.273 18.275 19.843 22.925 22.467 24.186 22.267 24.900 24.343 20.642 19.369 15.758 15.198 12.778 14.135 17.404 18.127 18.619 17.127 19.946 20.263 21.453 18.934 16.047 12.356 13.742 16.498 14.402 12.435  8.951  6.567  3.843  0.000  3.844  6.635  9.597 13.027 15.607 19.263 22.048 25.332 28.013 29.981 31.750 32.995
  9.964  7.920  5.302  6.037  8.416 10.478 14.103 17.145 18.993 16.614 15.206 11.816 11.764 10.212 10.612 11.525 11.479 12.825 11.902 15.241 14.692 15.448 13.980 17.258 16.548 13.285 15.683 18.240 16.130 15.718 19.492 20.232 18.391 19.388 22.246 21.174 22.662 20.482 22.694 22.041 18.261 16.488 12.759 11.685  9.022 10.355 13.605 14.358 15.061 13.904 17.031 17.859 19.340 16.745 14.386 10.680 12.417 14.451 11.748 10.391  6.847  5.987  5.582  3.844  0.000  3.829  6.488 10.046 13.001 16.454 19.540 22.649 25.411 27.424 29.162 30.388
 12.610  9.813  6.381  4.721  5.735  6.917 10.548 13.448 15.353 13.106 12.031  9.022  9.688  9.398 10.568 12.636 13.004 15.073 14.464 17.390 16.115 16.188 13.904 16.839 16.555 12.916 14.464 17.348 15.373 14.079 17.810 18.949 16.790 17.119 20.048 18.760 20.552 18.715 20.725 19.542 15.822 14.144 10.639  9.511  7.644  9.303 11.873 13.041 13.555 13.093 16.492 17.382 19.553 17.444 15.708 12.363 14.815 16.252 13.207 12.827  9.381  9.560  9.145  6.635  3.829  0.000  3.820  6.706  9.862 13.242 16.403 19.659 22.347 24.443 26.231 27.497
 13.916 11.410  7.612  6.109  4.759  6.154  8.978 11.959 14.528 13.018 12.101  9.638  9.759 10.284 10.690 13.067 12.811 14.948 14.199 16.458 14.692 13.953 11.093 13.869 14.226 10.642 11.577 14.876 13.592 11.989 15.471 17.241 15.544 15.466 17.906 16.085 17.489 15.419 17.149 16.038 12.282 10.384  6.842  6.063  5.271  8.160  9.943 10.409 10.207  9.783 13.163 14.076 16.622 14.907 13.816 11.050 14.083 14.852 11.823 12.556  9.423 10.941 11.240  9.597  6.488  3.820  0.000  3.829  6.679 10.017 13.192 16.250 19.044 21.133 22.953 24.295
 17.400 14.653 10.893  8.525  5.682  4.887  6.383  8.778 11.739 10.904 10.719  9.411 10.223 12.005 12.858 15.793 15.770 18.181 17.581 19.455 17.297 15.949 12.547 14.673 15.620 12.109 11.820 15.316 14.481 11.983 15.014 17.320 15.506 14.498 16.730 14.488 16.076 14.451 15.652 13.845 10.333  8.469  5.842  5.064  6.311  8.882  9.226 10.031  9.514 10.228 13.555 14.585 17.720 16.600 16.244 14.028 17.243 17.463 14.369 15.712 12.923 14.694 14.987 13.027 10.046  6.706  3.829  0.000  3.821  6.649 10.081 13.206 15.917 18.118 19.996 21.391
 18.765 16.069 12.517 10.212  6.545  5.905  5.243  7.581 10.796 10.868 10.486  9.931 10.041 12.483 12.958 16.145 16.126 18.816 18.651 19.950 17.221 15.453 11.810 12.985 14.201 10.972  9.559 12.968 12.670  9.660 12.089 14.853 13.372 11.813 13.530 10.945 12.487 11.202 12.323 10.223  6.844  5.914  4.793  6.254  8.965 11.949 11.571 11.552  9.825 10.372 12.950 13.299 16.805 16.512 16.595 15.081 18.656 18.694 16.072 17.922 15.221 17.242 17.357 15.607 13.001  9.862  6.679  3.821  0.000  3.823  6.601  9.929 12.683 14.909 16.974 18.592
 22.450 19.841 16.284 13.963 10.282  8.950  7.015  7.600 10.977 12.075 12.506 12.883 13.309 16.079 16.545 19.732 19.548 22.109 21.773 22.711 19.920 17.623 13.833 14.471 16.370 13.654 11.444 14.756 15.200 11.980 13.487 16.729 15.575 13.295 14.265 11.101 12.228 11.308 11.285  8.519  6.093  5.166  6.293  7.458 10.905 13.395 11.922 11.788  9.816 11.320 13.469 14.076 17.827 18.012 18.812 17.794 21.300 20.771 18.171 20.487 18.198 20.547 20.963 19.263 16.454 13.242 10.017  6.649  3.823  0.000  3.821  6.710  9.476 11.857 13.987 15.702
 24.456 21.890 18.595 16.328 12.533 11.386  8.618  8.656 11.508 13.310 13.588 14.530 14.516 17.562 17.830 21.067 20.988 23.712 23.767 24.298 21.156 18.700 15.036 14.697 16.649 14.448 11.444 14.132 15.076 11.691 12.121 15.593 14.849 12.036 12.147  8.731  9.686  9.692  9.235  5.762  4.953  6.217  8.745 10.809 14.391 17.052 15.461 14.933 12.423 13.571 14.882 14.771 18.574 19.480 20.528 20.002 23.649 23.092 20.893 23.391 21.109 23.473 23.676 22.048 19.540 16.403 13.192 10.081  6.601  3.821  0.000  3.824  6.489  8.919 11.369 13.418
 27.431 25.112 21.826 19.815 16.056 15.049 12.324 11.941 14.615 16.732 17.227 18.270 18.143 21.084 21.041 24.080 23.652 26.118 25.983 26.085 22.965 20.086 16.529 15.738 18.233 16.657 13.356 15.799 17.458 14.387 14.092 17.768 17.618 14.754 14.016 10.392 10.209 10.274  8.416  5.081  6.317  7.435 10.844 12.806 16.576 19.039 16.933 15.962 13.201 14.607 15.217 15.168 18.894 20.275 21.929 21.944 25.467 24.433 22.467 25.350 23.480 26.171 26.696 25.332 22.649 19.659 16.250 13.206  9.929  6.710  3.824  0.000  3.832  6.303  8.844 11.106
 30.062 27.693 24.486 22.369 18.612 17.402 14.392 13.448 15.732 18.227 18.891 20.320 20.274 23.366 23.424 26.510 26.211 28.741 28.728 28.731 25.543 22.656 19.211 18.128 20.570 19.196 15.761 17.802 19.552 16.468 15.689 19.241 19.178 16.062 14.918 11.575 11.341 12.134  9.997  6.938  9.048 10.439 13.816 15.678 19.416 21.735 19.467 18.590 15.924 17.420 17.816 17.651 21.267 22.874 24.632 24.766 28.279 27.199 25.304 28.218 26.365 29.019 29.462 28.013 25.411 22.347 19.044 15.917 12.683  9.476  6.489  3.832  0.000  3.833  6.629  9.165
 31.760 29.496 26.378 24.367 20.661 19.554 16.543 15.534 17.646 20.219 20.849 22.327 22.163 25.208 25.142 28.128 27.764 30.220 30.245 30.045 26.844 23.888 20.615 19.261 21.750 20.690 17.198 18.929 20.896 18.002 16.866 20.325 20.522 17.447 15.946 12.825 12.212 13.191 10.763  8.376 10.898 12.393 15.796 17.707 21.408 23.706 21.385 20.351 17.629 19.017 19.059 18.747 22.188 24.041 25.960 26.330 29.786 28.603 26.891 29.891 28.155 30.862 31.331 29.981 27.424 24.443 21.133 18.118 14.909 11.857  8.919  6.303  3.833  0.000  3.845  6.766
 33.513 31.319 28.218 26.263 22.628 21.506 18.579 17.457 19.429 22.016 22.759 24.270 24.157 27.148 27.055 29.964 29.524 31.876 31.825 31.528 28.404 25.390 22.225 20.842 23.408 22.509 19.094 20.733 22.785 20.036 18.838 22.196 22.484 19.489 17.921 14.992 14.200 15.074 12.505 10.650 13.093 14.347 17.651 19.387 22.999 25.142 22.720 21.646 19.024 20.469 20.339 20.115 23.398 25.319 27.380 27.872 31.225 29.905 28.261 31.320 29.731 32.488 33.045 31.750 29.162 26.231 22.953 19.996 16.974 13.987 11.369  8.844  6.629  3.845  0.000  3.811
