  0.000  3.831  6.681 10.275 13.205 16.652 19.738 23.050 24.638 22.512 19.804 16.181 13.870 10.375  8.296  5.505  5.465  5.849  7.577 10.749 10.717 13.718 14.517 16.816 14.167 12.419 16.035 16.604 13.874 15.696 18.892 18.006 17.134 19.854 22.311 22.434 23.554 21.484 24.633 25.058 21.653 21.151 17.964 18.738 16.973 19.218 22.279 21.751 21.248 18.525 20.081 19.215 19.370 17.239 13.627 10.932 11.901 15.497 15.210 13.319 10.548  8.442  5.705  7.688 10.030 12.577 13.870 17.405 18.732 22.427 24.442 27.384 30.276 31.903 34.107 35.509
  3.831  0.000  3.824  6.841 10.082 13.311 16.490 19.804 21.170 18.924 16.149 12.485 10.399  6.876  5.769  4.676  6.318  8.438  9.987 13.164 12.271 14.569 14.392 16.667 14.262 11.661 14.825 15.754 12.658 13.668 17.167 16.436 14.877 17.268 20.118 20.251 21.872 20.159 23.323 23.217 19.754 19.376 16.201 16.941 15.395 17.735 20.623 20.539 20.065 17.810 19.846 19.121 20.014 18.073 14.836 11.829 13.645 16.844 15.773 14.262 10.818  8.917  5.631  5.466  7.984  9.802 11.455 14.749 16.123 19.896 21.969 25.167 27.943 29.628 31.866 33.277
  6.681  3.824  0.000  3.822  6.737 10.057 13.290 16.499 18.217 16.258 13.895 10.249  8.544  6.043  5.396  6.343  7.019  9.476 10.131 13.158 11.790 13.145 12.088 14.652 12.967  9.742 12.525 14.263 11.563 11.756 15.495 15.582 13.922 15.629 18.452 17.982 19.584 17.718 20.597 20.228 16.617 15.927 12.630 13.215 11.817 14.367 17.036 17.018 16.539 14.587 16.979 16.615 18.027 16.098 13.341 10.166 12.675 15.264 13.573 12.691  8.939  8.103  5.934  4.832  5.427  6.426  7.666 10.991 12.535 16.305 18.616 21.804 24.687 26.478 28.708 30.129
 10.275  6.841  3.822  0.000  3.825  6.533  9.950 13.108 14.602 12.560 10.271  6.609  5.769  4.709  6.199  8.803 10.140 13.031 13.656 16.449 14.629 15.285 13.369 15.651 14.444 10.754 12.523 14.626 11.923 10.901 14.722 15.160 12.821 13.770 16.934 16.352 18.494 17.120 19.827 18.783 15.225 14.680 11.620 12.094 11.218 13.736 15.937 16.485 16.046 14.853 17.634 17.470 19.565 17.957 15.778 12.742 15.621 17.681 15.434 15.035 11.235 10.824  8.945  6.359  6.030  4.676  6.142  8.612 10.187 13.934 16.316 19.766 22.467 24.313 26.552 27.972
 13.205 10.082  6.737  3.825  0.000  3.821  6.616  9.968 11.833 10.230  8.520  5.702  5.067  6.374  7.520 10.792 11.633 14.696 15.179 17.360 14.969 14.716 12.040 13.906 13.388  9.552 10.214 12.805 10.720  8.684 12.350 13.594 11.364 11.429 14.338 13.209 15.370 14.136 16.583 15.207 11.694 11.323  8.690  9.697  9.981 12.967 14.333 14.710 13.749 12.964 15.711 15.527 18.195 17.112 15.667 13.182 16.570 17.938 15.552 16.072 12.519 13.171 12.070  9.865  8.399  5.648  4.775  5.806  6.523 10.254 12.521 16.009 18.697 20.583 22.877 24.371
 16.652 13.311 10.057  6.533  3.821  0.000  3.836  6.693  8.462  7.026  6.222  4.572  6.335  8.854 10.920 14.360 15.426 18.461 18.745 20.957 18.590 17.985 14.933 16.634 16.612 12.838 12.688 15.443 13.656 10.859 14.077 15.657 13.033 12.082 15.063 13.691 16.246 15.540 17.457 15.315 12.109 11.651  9.599  9.934 10.626 13.013 13.748 14.877 14.267 14.480 17.513 17.756 20.796 19.823 18.802 16.338 19.655 20.663 17.868 18.540 15.133 15.828 14.884 12.132 10.355  6.753  6.129  4.963  5.841  8.888 11.374 15.005 17.415 19.367 21.561 22.988
 19.738 16.490 13.290  9.950  6.616  3.836  0.000  3.842  5.785  5.401  5.852  6.461  7.992 11.332 13.149 16.785 17.763 20.931 21.336 23.094 20.347 19.224 15.860 16.868 17.292 13.803 12.576 15.255 14.056 10.603 13.039 15.129 12.653 10.665 13.198 11.475 14.195 14.107 15.604 12.905 10.285 10.467  9.674 10.595 12.417 14.888 14.698 15.637 14.504 15.173 17.855 17.926 21.332 20.957 20.499 18.564 22.104 22.706 20.011 21.230 18.044 19.170 18.399 15.820 13.945 10.323  8.801  6.210  4.957  6.669  8.442 12.133 14.203 16.131 18.382 19.899
 23.050 19.804 16.499 13.108  9.968  6.693  3.842  0.000  3.849  5.611  7.808  9.325 11.514 14.834 16.783 20.372 21.227 24.246 24.346 26.078 23.431 21.995 18.435 19.434 20.333 16.980 15.429 18.258 17.453 13.887 15.867 18.243 15.875 13.385 15.485 13.430 15.971 16.098 16.860 13.699 11.641 11.469 11.281 11.483 13.526 15.356 14.443 15.860 15.074 16.562 19.334 19.860 23.428 23.095 23.028 21.162 24.593 24.814 21.868 23.276 20.344 21.651 21.194 18.512 16.306 12.540 11.040  7.703  6.774  6.641  8.397 11.624 13.314 15.255 17.261 18.675
 24.638 21.170 18.217 14.602 11.833  8.462  5.785  3.849  0.000  3.838  6.711  9.432 11.977 15.522 17.937 21.646 23.014 26.274 26.734 28.576 25.827 24.644 21.210 21.967 22.516 19.166 17.581 19.953 18.829 15.179 16.896 18.845 16.093 13.379 15.664 14.262 17.286 18.070 19.004 15.700 14.100 14.536 14.504 14.903 16.752 18.470 17.713 19.294 18.535 19.901 22.585 22.838 26.394 26.169 25.910 23.959 27.415 27.895 25.002 26.184 23.055 23.983 23.083 20.094 18.388 14.665 13.768 10.819  9.852  9.751 10.606 13.694 14.679 16.357 18.248 19.553
 22.512 18.924 16.258 12.560 10.230  7.026  5.401  5.611  3.838  0.000  3.814  6.787  9.564 13.043 15.776 19.477 21.192 24.566 25.290 27.333 24.631 23.863 20.662 21.540 21.596 18.114 16.964 19.106 17.466 14.009 16.082 17.539 14.439 12.174 15.014 14.151 17.456 18.180 19.671 16.663 14.692 15.267 14.687 15.242 16.657 18.543 18.396 19.935 19.205 20.097 22.850 22.874 26.260 25.861 25.180 23.006 26.426 27.306 24.505 25.338 21.969 22.496 21.205 18.067 16.812 13.243 12.899 10.618  9.996 10.934 11.960 15.378 16.570 18.182 20.167 21.461
 19.804 16.149 13.895 10.271  8.520  6.222  5.852  7.808  6.711  3.814  0.000  3.837  6.461  9.882 12.882 16.555 18.666 22.184 23.289 25.453 22.765 22.475 19.624 20.519 19.978 16.452 15.801 17.555 15.335 12.222 14.648 15.460 12.029 10.495 13.894 13.694 17.171 17.803 19.922 17.343 15.052 15.865 14.806 15.729 16.760 18.978 19.452 20.736 19.874 20.123 22.787 22.442 25.573 25.076 23.944 21.640 25.025 26.351 23.794 24.288 20.698 20.823 19.056 15.893 15.270 12.063 12.190 10.861 10.376 12.310 13.365 17.016 18.433 20.033 22.171 23.540
 16.181 12.485 10.249  6.609  5.702  4.572  6.461  9.325  9.432  6.787  3.837  0.000  3.834  6.615  9.817 13.355 15.477 18.883 19.932 22.350 19.931 20.023 17.461 18.826 17.957 14.268 14.440 16.305 13.692 11.171 14.322 14.874 11.545 11.088 14.687 14.456 17.596 17.522 19.986 17.919 15.033 15.386 13.516 14.283 14.650 16.958 18.088 19.240 18.565 18.340 21.125 20.822 23.636 22.745 21.208 18.617 21.832 23.460 20.974 21.108 17.412 17.248 15.321 12.161 11.785  8.918  9.631  9.430  9.792 12.687 14.382 18.118 20.080 21.813 24.023 25.418
 13.870 10.399  8.544  5.769  5.067  6.335  7.992 11.514 11.977  9.564  6.461  3.834  0.000  3.840  6.487 10.187 12.437 16.064 17.611 19.745 17.088 17.439 15.255 16.280 14.893 11.396 11.859 13.175 10.203  8.177 11.491 11.566  8.376  8.885 12.481 12.683 15.626 15.434 18.390 16.901 14.002 14.820 12.964 14.530 15.019 17.887 19.213 19.678 18.475 17.529 19.836 18.938 21.492 20.831 19.089 16.792 20.114 21.971 19.999 20.184 16.474 16.355 14.214 11.678 11.748  9.582  9.779 10.342 10.041 13.267 14.514 18.147 20.224 21.848 24.189 25.693
 10.375  6.876  6.043  4.709  6.374  8.854 11.332 14.834 15.522 13.043  9.882  6.615  3.840  0.000  3.821  6.975  9.750 13.280 15.120 17.566 15.319 16.461 15.000 16.385 14.349 11.048 12.673 13.617 10.170  9.548 13.045 12.414  9.685 11.429 14.826 15.299 17.814 17.130 20.352 19.431 16.311 16.811 14.400 15.781 15.510 18.293 20.265 20.557 19.563 18.048 20.260 19.267 21.251 20.202 17.848 15.295 18.233 20.638 18.990 18.579 14.820 14.049 11.370  9.151 10.247  9.338 10.326 12.126 12.500 16.067 17.579 21.097 23.402 25.019 27.341 28.814
  8.296  5.769  5.396  6.199  7.520 10.920 13.149 16.783 17.937 15.776 12.882  9.817  6.487  3.821  0.000  3.812  6.246  9.967 12.206 14.252 11.834 13.275 12.391 13.609 11.098  8.209 10.546 11.042  7.554  8.256 11.650 10.840  9.181 11.667 14.424 14.841 16.676 15.506 18.933 18.711 15.602 16.162 13.758 15.609 15.390 18.511 20.556 20.177 18.801 16.640 18.309 16.877 18.429 17.507 14.975 12.827 15.771 18.284 17.231 16.964 13.450 13.000 10.602  9.669 10.664 10.510 10.718 12.993 13.027 16.599 17.906 21.114 23.599 25.146 27.495 29.019
  5.505  4.676  6.343  8.803 10.792 14.360 16.785 20.372 21.646 19.477 16.555 13.355 10.187  6.975  3.812  0.000  3.833  7.148 10.069 12.131 10.305 12.738 12.952 14.271 11.197  9.247 12.374 12.312  9.047 10.998 13.971 12.689 11.811 14.799 17.173 17.746 19.097 17.584 21.066 21.387 18.306 18.678 16.105 17.828 17.138 20.104 22.520 21.857 20.581 17.932 19.236 17.642 18.427 17.262 14.193 12.170 14.458 17.471 17.064 16.297 13.124 12.183  9.609  9.894 11.595 12.591 13.067 15.888 16.191 19.774 21.129 24.134 26.727 28.219 30.526 32.018
  5.465  6.318  7.019 10.140 11.633 15.426 17.763 21.227 23.014 21.192 18.666 15.477 12.437  9.750  6.246  3.833  0.000  3.824  6.687  8.380  6.590  9.337 10.208 11.813  8.835  7.524 11.208 11.377  9.043 11.467 14.249 13.588 13.546 16.297 18.124 18.117 18.751 16.569 19.820 20.655 17.532 17.516 14.880 16.609 15.841 18.864 21.272 20.080 18.684 15.614 16.504 14.884 15.163 13.834 10.607  8.949 11.137 14.088 14.185 13.655 10.978 10.738  9.231 10.658 11.549 12.928 12.730 15.770 16.091 19.521 20.962 23.606 26.430 27.920 30.168 31.651
  5.849  8.438  9.476 13.031 14.696 18.461 20.931 24.246 26.274 24.566 22.184 18.883 16.064 13.280  9.967  7.148  3.824  0.000  3.867  5.430  5.389  8.971 10.975 12.866 10.158  9.833 13.629 13.803 12.165 14.819 17.351 16.812 17.171 19.906 21.472 21.256 21.429 18.841 21.817 23.058 19.954 19.523 16.776 18.149 16.944 19.626 22.259 20.770 19.600 16.233 16.747 15.320 14.690 12.906  9.263  7.972  8.923 12.224 13.140 12.197 10.410 10.128  9.425 12.022 12.862 14.981 14.826 18.129 18.757 22.070 23.672 26.047 29.013 30.486 32.639 34.066
  7.577  9.987 10.131 13.656 15.179 18.745 21.336 24.346 26.734 25.290 23.289 19.932 17.611 15.120 12.206 10.069  6.687  3.867  0.000  3.843  5.562  8.344 10.305 12.996 11.286 10.830 14.499 15.471 14.385 16.534 19.219 19.338 19.634 21.917 23.452 22.655 22.590 19.574 22.081 23.334 20.075 18.946 15.952 16.705 15.044 17.329 20.083 18.448 17.678 14.315 14.934 14.254 13.334 10.745  6.927  5.213  5.165  8.701  9.786  8.631  7.614  7.978  8.754 11.891 11.924 14.383 14.071 17.504 18.596 21.752 23.739 25.908 29.078 30.650 32.702 34.069
 10.749 13.164 13.158 16.449 17.360 20.957 23.094 26.078 28.576 27.333 25.453 22.350 19.745 17.566 14.252 12.131  8.380  5.430  3.843  0.000  3.836  6.531  9.648 11.620 10.075 10.927 14.284 14.789 14.518 17.077 19.136 19.358 20.377 22.663 23.603 22.725 22.045 18.837 21.154 22.983 20.102 19.179 16.718 17.933 16.832 19.317 21.634 19.420 18.133 14.458 14.069 12.845 11.086  9.021  5.539  6.238  6.004  8.413 10.675 10.531 10.374 11.527 12.541 15.524 15.266 17.301 16.317 19.375 19.900 22.700 24.271 26.016 29.120 30.531 32.519 33.888
 10.717 12.271 11.790 14.629 14.969 18.590 20.347 23.431 25.827 24.631 22.765 19.931 17.088 15.319 11.834 10.305  6.590  5.389  5.562  3.836  0.000  3.837  6.836  8.283  6.299  7.362 10.647 10.972 10.872 13.490 15.361 15.697 16.906 19.102 19.858 19.013 18.321 15.232 17.787 19.607 16.841 16.393 14.260 16.142 15.740 18.771 20.707 18.466 16.605 12.920 12.451 10.513  9.497  8.356  5.378  6.280  8.108  9.946 11.425 12.072 10.996 12.479 12.949 15.184 14.746 16.035 14.575 17.261 17.202 19.930 21.149 22.925 25.913 27.275 29.348 30.791
 13.718 14.569 13.145 15.285 14.716 17.985 19.224 21.995 24.644 23.863 22.475 20.023 17.439 16.461 13.275 12.738  9.337  8.971  8.344  6.531  3.837  0.000  3.839  5.233  5.115  6.542  8.818  9.827 10.863 12.818 14.327 15.542 16.986 18.521 18.838 17.361 16.161 12.687 14.724 16.767 14.186 13.541 11.887 14.001 14.244 17.416 18.750 16.095 13.771 10.039  8.935  6.725  5.903  5.414  4.093  6.349  8.861  9.216 10.454 12.293 11.517 13.952 14.977 16.778 15.508 16.119 13.842 15.916 15.452 17.657 18.703 20.050 23.082 24.427 26.431 27.874
 14.517 14.392 12.088 13.369 12.040 14.933 15.860 18.435 21.210 20.662 19.624 17.461 15.255 15.000 12.391 12.952 10.208 10.975 10.305  9.648  6.836  3.839  0.000  3.847  5.381  4.972  6.303  8.673  9.850 10.676 12.435 14.387 15.399 16.270 16.697 14.708 13.722 10.156 12.029 13.561 10.675  9.773  8.116 10.532 11.391 14.845 15.757 13.211 10.572  7.082  6.676  4.790  6.324  6.051  5.911  6.833 10.262 10.146 10.029 12.409 11.069 13.872 14.893 15.916 14.042 13.840 10.991 12.518 11.810 13.862 15.028 16.468 19.616 21.120 23.197 24.690
 16.816 16.667 14.652 15.651 13.906 16.634 16.868 19.434 21.967 21.540 20.519 18.826 16.280 16.385 13.609 14.271 11.813 12.866 12.996 11.620  8.283  5.233  3.847  0.000  3.854  5.435  5.071  6.290  8.801  9.907 10.474 12.568 14.410 15.197 14.800 12.912 11.199  7.609  9.652 11.934  9.887 10.176  9.860 13.002 14.597 18.150 18.590 15.933 12.757  9.671  8.197  4.744  6.348  8.087  8.677 10.368 13.545 13.326 13.668 16.132 14.829 17.429 18.062 18.923 17.331 16.781 13.795 14.695 13.036 14.542 14.735 15.748 18.551 19.769 21.855 23.420
 14.167 14.262 12.967 14.444 13.388 16.612 17.292 20.333 22.516 21.596 19.978 17.957 14.893 14.349 11.098 11.197  8.835 10.158 11.286 10.075  6.299  5.115  5.381  3.854  0.000  3.858  5.382  4.930  6.334  8.773  9.659 10.616 12.535 14.230 14.225 13.280 12.233  9.362 12.304 14.271 12.064 12.794 11.863 14.942 15.988 19.605 20.626 18.346 15.536 12.299 11.451  8.306  8.989  9.960  9.056 10.189 13.275 14.103 14.680 16.343 14.607 16.488 16.455 17.442 16.608 16.471 14.136 15.641 14.229 16.410 16.675 18.251 20.908 22.095 24.280 25.856
 12.419 11.661  9.742 10.754  9.552 12.838 13.803 16.980 19.166 18.114 16.452 14.268 11.396 11.048  8.209  9.247  7.524  9.833 10.830 10.927  7.362  6.542  4.972  5.435  3.858  0.000  3.841  5.397  5.105  6.437  8.726  9.967 10.724 12.180 13.053 11.937 11.876  9.235 12.352 13.327 10.397 10.845  9.231 12.191 13.127 16.824 17.989 16.230 13.728 10.862 11.244  9.009 10.711 10.768  9.476  9.198 12.810 13.919 13.524 14.959 12.535 14.260 13.970 14.347 13.338 12.826 10.554 12.134 10.984 13.670 14.455 16.646 19.469 20.925 23.229 24.834
 16.035 14.825 12.525 12.523 10.214 12.688 12.576 15.429 17.581 16.964 15.801 14.440 11.859 12.673 10.546 12.374 11.208 13.629 14.499 14.284 10.647  8.818  6.303  5.071  5.382  3.841  0.000  3.842  5.404  5.044  6.236  8.776  9.885 10.304 10.417  8.639  8.185  5.505  8.763  9.658  7.110  8.522  8.242 11.862 13.844 17.622 18.006 16.182 13.144 10.905 10.973  8.498 11.125 12.139 11.963 12.160 15.870 16.302 15.660 17.680 15.375 17.435 17.257 17.131 15.724 14.370 11.503 11.867  9.600 11.480 11.466 13.372 16.018 17.406 19.783 21.493
 16.604 15.754 14.263 14.626 12.805 15.443 15.255 18.258 19.953 19.106 17.555 16.305 13.175 13.617 11.042 12.312 11.377 13.803 15.471 14.789 10.972  9.827  8.673  6.290  4.930  5.397  3.842  0.000  3.846  5.413  4.900  6.349  8.761 10.005  9.431  8.844  8.086  6.381 10.039 11.503  9.935 12.038 12.066 15.677 17.497 21.275 21.807 19.922 16.833 14.371 13.865 10.728 12.544 14.060 13.611 14.230 17.670 18.450 18.404 20.164 17.897 19.572 18.970 19.052 18.286 17.251 14.808 15.379 13.019 14.798 14.173 15.864 18.022 19.065 21.401 23.100
 13.874 12.658 11.563 11.923 10.720 13.656 14.056 17.453 18.829 17.466 15.335 13.692 10.203 10.170  7.554  9.047  9.043 12.165 14.385 14.518 10.872 10.863  9.850  8.801  6.334  5.105  5.404  3.846  0.000  3.855  5.341  5.092  6.296  8.618  9.417  9.728 10.417  9.353 13.112 13.772 11.616 13.452 12.636 15.893 17.167 20.878 21.898 20.527 17.916 15.497 15.790 13.131 14.873 15.556 14.229 13.928 17.355 18.840 18.503 19.606 16.830 17.831 16.581 16.356 16.167 15.275 13.541 14.573 12.730 15.244 15.137 17.540 19.727 20.921 23.319 24.979
 15.696 13.668 11.756 10.901  8.684 10.859 10.603 13.887 15.179 14.009 12.222 11.171  8.177  9.548  8.256 10.998 11.467 14.819 16.534 17.077 13.490 12.818 10.676  9.907  8.773  6.437  5.044  5.413  3.855  0.000  3.850  5.425  5.070  5.765  7.131  6.806  8.506  8.058 11.597 11.267  9.009 11.173 10.729 14.021 15.795 19.468 20.060 19.068 16.477 14.785 15.612 13.473 16.036 16.695 15.820 15.150 18.862 20.000 18.984 20.334 17.341 18.529 17.360 16.396 15.710 13.947 11.935 12.085  9.726 12.025 11.766 14.496 16.590 17.933 20.435 22.161
 18.892 17.167 15.495 14.722 12.350 14.077 13.039 15.867 16.896 16.082 14.648 14.322 11.491 13.045 11.650 13.971 14.249 17.351 19.219 19.136 15.361 14.327 12.435 10.474  9.659  8.726  6.236  4.900  5.341  3.850  0.000  3.836  5.564  5.556  4.595  4.791  5.825  6.591 10.135 10.220  9.260 12.320 12.941 16.549 18.798 22.509 22.690 21.401 18.397 16.768 16.885 14.239 16.740 18.187 17.818 17.838 21.500 22.339 21.670 23.356 20.633 22.039 20.979 20.185 19.486 17.672 15.402 15.094 12.140 13.516 12.177 14.215 15.758 16.735 19.211 20.992
 18.006 16.436 15.582 15.160 13.594 15.657 15.129 18.243 18.845 17.539 15.460 14.874 11.566 12.414 10.840 12.689 13.588 16.812 19.338 19.358 15.697 15.542 14.387 12.568 10.616  9.967  8.776  6.349  5.092  5.425  3.836  0.000  3.849  6.039  5.834  7.961  9.285 10.159 13.768 14.017 12.972 15.813 15.901 19.341 21.116 24.804 25.424 24.267 21.467 19.528 19.684 16.856 18.844 20.090 19.122 18.973 22.421 23.806 23.390 24.591 21.702 22.546 20.951 20.218 20.238 18.832 17.193 17.434 14.925 16.777 15.680 17.916 19.304 20.146 22.530 24.204
 17.134 14.877 13.922 12.821 11.364 13.033 12.653 15.875 16.093 14.439 12.029 11.545  8.376  9.685  9.181 11.811 13.546 17.171 19.634 20.377 16.906 16.986 15.399 14.410 12.535 10.724  9.885  8.761  6.296  5.070  5.564  3.849  0.000  3.836  6.086  8.295 10.913 11.909 15.396 14.774 13.239 15.803 15.468 18.515 20.070 23.578 24.328 23.726 21.328 19.760 20.634 18.340 20.655 21.356 20.102 19.235 22.751 24.364 23.429 24.316 21.059 21.535 19.592 18.237 18.421 16.718 15.574 15.703 13.509 15.679 14.998 17.821 19.225 20.275 22.700 24.341
 19.854 17.268 15.629 13.770 11.429 12.082 10.665 13.385 13.379 12.174 10.495 11.088  8.885 11.429 11.667 14.799 16.297 19.906 21.917 22.663 19.102 18.521 16.270 15.197 14.230 12.180 10.304 10.005  8.618  5.765  5.556  6.039  3.836  0.000  3.850  5.687  9.164 10.940 13.879 12.487 11.413 14.306 14.631 17.655 19.740 23.152 23.357 22.938 20.472 19.522 20.536 18.543 21.373 22.265 21.536 20.698 24.411 25.583 24.279 25.536 22.308 23.143 21.505 19.786 19.396 17.032 15.500 14.702 11.962 13.413 12.210 14.999 16.044 17.095 19.562 21.259
 22.311 20.118 18.452 16.934 14.338 15.063 13.198 15.485 15.664 15.014 13.894 14.687 12.481 14.826 14.424 17.173 18.124 21.472 23.452 23.603 19.858 18.838 16.697 14.800 14.225 13.053 10.417  9.431  9.417  7.131  4.595  5.834  6.086  3.850  0.000  3.829  6.582  9.314 11.969 11.002 11.019 14.495 15.639 19.033 21.550 25.082 24.926 24.069 21.173 20.170 20.539 18.166 20.942 22.465 22.223 22.023 25.752 26.571 25.590 27.254 24.329 25.557 24.227 22.869 22.249 19.939 17.896 16.877 13.637 14.344 12.274 14.247 14.872 15.580 18.019 19.776
 22.434 20.251 17.982 16.352 13.209 13.691 11.475 13.430 14.262 14.151 13.694 14.456 12.683 15.299 14.841 17.746 18.117 21.256 22.655 22.725 19.013 17.361 14.708 12.912 13.280 11.937  8.639  8.844  9.728  6.806  4.791  7.961  8.295  5.687  3.829  0.000  3.899  6.510  8.682  7.266  7.415 11.030 12.696 16.125 19.012 22.498 21.961 20.959 17.932 17.248 17.608 15.551 18.682 20.263 20.507 20.437 24.237 24.584 23.411 25.454 22.756 24.455 23.643 22.360 21.122 18.589 16.009 14.551 10.986 11.128  8.802 10.588 11.559 12.558 15.188 17.114
 23.554 21.872 19.584 18.494 15.370 16.246 14.195 15.971 17.286 17.456 17.171 17.596 15.626 17.814 16.676 19.097 18.751 21.429 22.590 22.045 18.321 16.161 13.722 11.199 12.233 11.876  8.185  8.086 10.417  8.506  5.825  9.285 10.913  9.164  6.582  3.899  0.000  3.894  5.618  5.696  6.932 10.597 12.851 16.502 19.583 23.126 22.382 20.781 17.368 16.445 15.995 13.578 16.528 18.699 19.491 20.121 23.797 23.720 22.961 25.395 23.149 25.267 24.890 24.120 22.647 20.398 17.396 16.091 12.492 12.207  9.658 10.285 11.352 12.084 14.580 16.531
 21.484 20.159 17.718 17.120 14.136 15.540 14.107 16.098 18.070 18.180 17.803 17.522 15.434 17.130 15.506 17.584 16.569 18.841 19.574 18.837 15.232 12.687 10.156  7.609  9.362  9.235  5.505  6.381  9.353  8.058  6.591 10.159 11.909 10.940  9.314  6.510  3.894  0.000  3.841  5.501  5.315  8.248 10.235 13.979 16.919 20.513 19.920 17.908 14.365 13.014 12.271  9.731 12.726 14.884 15.881 16.767 20.358 20.048 19.445 22.052 20.108 22.523 22.568 22.224 20.498 18.592 15.333 14.464 11.219 11.319  9.673 10.298 12.340 13.380 15.757 17.618
 24.633 23.323 20.597 19.827 16.583 17.457 15.604 16.860 19.004 19.671 19.922 19.986 18.390 20.352 18.933 21.066 19.820 21.817 22.081 21.154 17.787 14.724 12.029  9.652 12.304 12.352  8.763 10.039 13.112 11.597 10.135 13.768 15.396 13.879 11.969  8.682  5.618  3.841  0.000  3.838  5.568  7.975 11.002 14.375 17.711 21.011 19.777 17.569 13.884 13.208 12.072 10.110 13.238 15.709 17.487 18.673 22.108 21.168 20.480 23.505 21.950 24.738 25.206 24.866 22.717 20.622 17.078 15.661 12.351 11.317  9.209  8.420 10.287 11.143 13.339 15.243
 25.058 23.217 20.228 18.783 15.207 15.315 12.905 13.699 15.700 16.663 17.343 17.919 16.901 19.431 18.711 21.387 20.655 23.058 23.334 22.983 19.607 16.767 13.561 11.934 14.271 13.327  9.658 11.503 13.772 11.267 10.220 14.017 14.774 12.487 11.002  7.266  5.696  5.501  3.838  0.000  3.839  6.801 10.185 13.298 16.886 20.030 18.525 16.940 13.554 13.687 13.537 12.314 15.848 17.744 19.246 19.765 23.380 22.589 21.290 24.162 22.255 24.878 25.161 24.270 22.003 19.398 15.940 13.823 10.223  8.506  5.726  5.112  7.122  8.546 11.197 13.316
 21.653 19.754 16.617 15.225 11.694 12.109 10.285 11.641 14.100 14.692 15.052 15.033 14.002 16.311 15.602 18.306 17.532 19.954 20.075 20.102 16.841 14.186 10.675  9.887 12.064 10.397  7.110  9.935 11.616  9.009  9.260 12.972 13.239 11.413 11.019  7.415  6.932  5.315  5.568  3.839  0.000  3.816  6.580  9.935 13.358 16.680 15.595 14.111 10.851 10.718 11.276 10.337 14.054 15.289 16.374 16.434 20.124 19.565 18.011 20.685 18.598 21.151 21.452 20.555 18.217 15.680 12.184 10.328  6.863  6.136  4.979  6.359  9.348 11.160 13.712 15.619
 21.151 19.376 15.927 14.680 11.323 11.651 10.467 11.469 14.536 15.267 15.865 15.386 14.820 16.811 16.162 18.678 17.516 19.523 18.946 19.179 16.393 13.541  9.773 10.176 12.794 10.845  8.522 12.038 13.452 11.173 12.320 15.813 15.803 14.306 14.495 11.030 10.597  8.248  7.975  6.801  3.816  0.000  3.822  6.615 10.227 13.345 12.047 10.386  7.149  7.602  8.855  9.167 12.951 13.518 14.833 14.669 18.157 17.203 15.257 18.118 16.347 19.225 20.082 19.335 16.488 14.056 10.315  8.428  5.913  5.179  6.175  7.315 10.821 12.849 15.073 16.741
 17.964 16.201 12.630 11.620  8.690  9.599  9.674 11.281 14.504 14.687 14.806 13.516 12.964 14.400 13.758 16.105 14.880 16.776 15.952 16.718 14.260 11.887  8.116  9.860 11.863  9.231  8.242 12.066 12.636 10.729 12.941 15.901 15.468 14.631 15.639 12.696 12.851 10.235 11.002 10.185  6.580  3.822  0.000  3.823  6.869 10.374  9.987  8.548  5.963  5.698  8.254  9.040 12.451 11.995 12.569 11.652 15.145 14.573 12.253 14.751 12.717 15.504 16.436 15.750 12.781 10.588  6.791  5.814  4.815  6.325  8.744 10.747 14.180 16.208 18.357 19.885
 18.738 16.941 13.215 12.094  9.697  9.934 10.595 11.483 14.903 15.242 15.729 14.283 14.530 15.781 15.609 17.828 16.609 18.149 16.705 17.933 16.142 14.001 10.532 13.002 14.942 12.191 11.862 15.677 15.893 14.021 16.549 19.341 18.515 17.655 19.033 16.125 16.502 13.979 14.375 13.298  9.935  6.615  3.823  0.000  3.817  6.807  6.237  5.429  4.477  5.784  9.348 11.357 14.356 13.095 13.607 12.110 15.082 14.258 11.206 13.533 11.776 14.620 16.054 15.246 11.747  9.573  6.125  5.074  6.319  7.525 10.830 12.688 16.064 18.180 20.073 21.400
 16.973 15.395 11.817 11.218  9.981 10.626 12.417 13.526 16.752 16.657 16.760 14.650 15.019 15.510 15.390 17.138 15.841 16.944 15.044 16.832 15.740 14.244 11.391 14.597 15.988 13.127 13.844 17.497 17.167 15.795 18.798 21.116 20.070 19.740 21.550 19.012 19.583 16.919 17.711 16.886 13.358 10.227  6.869  3.817  0.000  3.849  5.496  5.483  6.519  6.965 10.771 13.031 15.325 13.160 12.951 10.670 13.076 12.585  9.049 10.654  8.906 11.593 13.431 12.836  9.095  7.739  5.335  6.244  8.960 10.916 14.380 16.442 19.764 21.848 23.669 24.896
 19.218 17.735 14.367 13.736 12.967 13.013 14.888 15.356 18.470 18.543 18.978 16.958 17.887 18.293 18.511 20.104 18.864 19.626 17.329 19.317 18.771 17.416 14.845 18.150 19.605 16.824 17.622 21.275 20.878 19.468 22.509 24.804 23.578 23.152 25.082 22.498 23.126 20.513 21.011 20.030 16.680 13.345 10.374  6.807  3.849  0.000  3.853  5.586  8.434  9.696 13.348 16.129 18.125 15.640 15.513 13.125 14.720 13.963 10.178 11.274 10.275 12.612 14.855 14.227 10.444  9.503  8.304  8.893 12.007 13.473 17.102 18.946 22.141 24.237 25.850 26.922
 22.279 20.623 17.036 15.937 14.333 13.748 14.698 14.443 17.713 18.396 19.452 18.088 19.213 20.265 20.556 22.520 21.272 22.259 20.083 21.634 20.707 18.750 15.757 18.590 20.626 17.989 18.006 21.807 21.898 20.060 22.690 25.424 24.328 23.357 24.926 21.961 22.382 19.920 19.777 18.525 15.595 12.047  9.987  6.237  5.496  3.853  0.000  3.823  6.936  9.594 13.031 16.074 18.482 16.571 17.229 15.452 17.340 16.000 12.420 14.294 13.509 16.154 18.290 17.473 13.667 11.995 10.017  9.155 11.552 11.921 15.416 16.737 19.799 21.895 23.339 24.344
 21.751 20.539 17.018 16.485 14.710 14.877 15.637 15.860 19.294 19.935 20.736 19.240 19.678 20.557 20.177 21.857 20.080 20.770 18.448 19.420 18.466 16.095 13.211 15.933 18.346 16.230 16.182 19.922 20.527 19.068 21.401 24.267 23.726 22.938 24.069 20.959 20.781 17.908 17.569 16.940 14.111 10.386  8.548  5.429  5.483  5.586  3.823  0.000  3.826  6.452  9.551 12.866 15.104 13.345 14.549 13.446 15.359 13.474 10.282 12.974 12.671 15.921 18.345 18.153 14.405 13.120 10.437  9.977 11.569 11.857 14.937 15.817 19.061 21.066 22.539 23.597
 21.248 20.065 16.539 16.046 13.749 14.267 14.504 15.074 18.535 19.205 19.874 18.565 18.475 19.563 18.801 20.581 18.684 19.600 17.678 18.133 16.605 13.771 10.572 12.757 15.536 13.728 13.144 16.833 17.916 16.477 18.397 21.467 21.328 20.472 21.173 17.932 17.368 14.365 13.884 13.554 10.851  7.149  5.963  4.477  6.519  8.434  6.936  3.826  0.000  3.824  6.584  9.615 12.343 11.344 13.013 12.580 15.086 13.182 10.614 13.821 13.214 16.660 18.748 18.646 15.123 13.596 10.210  9.472  9.851  9.892 12.416 13.049 16.419 18.373 20.000 21.207
 18.525 17.810 14.587 14.853 12.964 14.480 15.173 16.562 19.901 20.097 20.123 18.340 17.529 18.048 16.640 17.932 15.614 16.233 14.315 14.458 12.920 10.039  7.082  9.671 12.299 10.862 10.905 14.371 15.497 14.785 16.768 19.528 19.760 19.522 20.170 17.248 16.445 13.014 13.208 13.687 10.718  7.602  5.698  5.784  6.965  9.696  9.594  6.452  3.824  0.000  3.846  6.611  9.027  7.750  9.289  9.221 11.906 10.149  8.165 11.560 10.982 14.575 16.656 17.129 13.960 13.097  9.739 10.183 10.398 11.399 13.584 14.506 17.935 19.749 21.532 22.835
 20.081 19.846 16.979 17.634 15.711 17.513 17.855 19.334 22.585 22.850 22.787 21.125 19.836 20.260 18.309 19.236 16.504 16.747 14.934 14.069 12.451  8.935  6.676  8.197 11.451 11.244 10.973 13.865 15.790 15.612 16.885 19.684 20.634 20.536 20.539 17.608 15.995 12.271 12.072 13.537 11.276  8.855  8.254  9.348 10.771 13.348 13.031  9.551  6.584  3.846  0.000  3.840  5.896  5.810  8.674 10.142 12.509 10.247  9.637 13.293 13.292 16.931 19.025 19.941 17.094 16.486 13.113 13.535 13.004 13.585 14.926 15.165 18.410 19.934 21.605 22.896
 19.215 19.121 16.615 17.470 15.527 17.756 17.926 19.860 22.838 22.874 22.442 20.822 18.938 19.267 16.877 17.642 14.884 15.320 14.254 12.845 10.513  6.725  4.790  4.744  8.306  9.009  8.498 10.728 13.131 13.473 14.239 16.856 18.340 18.543 18.166 15.551 13.578  9.731 10.110 12.314 10.337  9.167  9.040 11.357 13.031 16.129 16.074 12.866  9.615  6.611  3.840  0.000  3.848  5.686  8.165 10.277 13.004 11.478 11.633 14.886 14.428 17.724 19.253 20.247 17.920 17.341 14.002 14.573 13.343 14.169 14.803 15.141 18.190 19.509 21.337 22.760
 19.370 20.014 18.027 19.565 18.195 20.796 21.332 23.428 26.394 26.260 25.573 23.636 21.492 21.251 18.429 18.427 15.163 14.690 13.334 11.086  9.497  5.903  6.324  6.348  8.989 10.711 11.125 12.544 14.873 16.036 16.740 18.844 20.655 21.373 20.942 18.682 16.528 12.726 13.238 15.848 14.054 12.951 12.451 14.356 15.325 18.125 18.482 15.104 12.343  9.027  5.896  3.848  0.000  3.813  6.769 10.008 11.812 10.064 11.460 14.516 14.787 18.002 19.778 21.431 19.400 19.507 16.529 17.686 16.832 17.907 18.600 18.866 21.819 22.987 24.679 26.008
 17.239 18.073 16.098 17.957 17.112 19.823 20.957 23.095 26.169 25.861 25.076 22.745 20.831 20.202 17.507 17.262 13.834 12.906 10.745  9.021  8.356  5.414  6.051  8.087  9.960 10.768 12.139 14.060 15.556 16.695 18.187 20.090 21.356 22.265 22.465 20.263 18.699 14.884 15.709 17.744 15.289 13.518 11.995 13.095 13.160 15.640 16.571 13.345 11.344  7.750  5.810  5.686  3.813  0.000  3.835  6.928  8.300  6.300  7.820 10.801 11.463 14.776 16.966 18.900 16.790 17.393 14.792 16.523 16.498 18.054 19.473 20.198 23.393 24.797 26.533 27.821
 13.627 14.836 13.341 15.778 15.667 18.802 20.499 23.028 25.910 25.180 23.944 21.208 19.089 17.848 14.975 14.193 10.607  9.263  6.927  5.539  5.378  4.093  5.911  8.677  9.056  9.476 11.963 13.611 14.229 15.820 17.818 19.122 20.102 21.536 22.223 20.507 19.491 15.881 17.487 19.246 16.374 14.833 12.569 13.607 12.951 15.513 17.229 14.549 13.013  9.289  8.674  8.165  6.769  3.835  0.000  3.818  5.280  5.163  6.945  8.749  8.953 11.758 13.693 15.987 14.408 15.621 13.663 16.137 16.535 18.802 20.484 21.826 25.063 26.554 28.444 29.781
 10.932 11.829 10.166 12.742 13.182 16.338 18.564 21.162 23.959 23.006 21.640 18.617 16.792 15.295 12.827 12.170  8.949  7.972  5.213  6.238  6.280  6.349  6.833 10.368 10.189  9.198 12.160 14.230 13.928 15.150 17.838 18.973 19.235 20.698 22.023 20.437 20.121 16.767 18.673 19.765 16.434 14.669 11.652 12.110 10.670 13.125 15.452 13.446 12.580  9.221 10.142 10.277 10.008  6.928  3.818  0.000  3.856  5.480  5.475  6.201  5.328  8.075 10.079 12.320 10.715 12.303 10.925 13.939 15.039 17.792 19.983 21.856 25.172 26.845 28.821 30.165
 11.901 13.645 12.675 15.621 16.570 19.655 22.104 24.593 27.415 26.426 25.025 21.832 20.114 18.233 15.771 14.458 11.137  8.923  5.165  6.004  8.108  8.861 10.262 13.545 13.275 12.810 15.870 17.670 17.355 18.862 21.500 22.421 22.751 24.411 25.752 24.237 23.797 20.358 22.108 23.380 20.124 18.157 15.145 15.082 13.076 14.720 17.340 15.359 15.086 11.906 12.509 13.004 11.812  8.300  5.280  3.856  0.000  3.857  5.439  4.701  5.953  8.076 10.751 13.755 12.503 14.824 14.007 17.177 18.632 21.319 23.641 25.379 28.720 30.368 32.242 33.512
 15.497 16.844 15.264 17.681 17.938 20.663 22.706 24.814 27.895 27.306 26.351 23.460 21.971 20.638 18.284 17.471 14.088 12.224  8.701  8.413  9.946  9.216 10.146 13.326 14.103 13.919 16.302 18.450 18.840 20.000 22.339 23.806 24.364 25.583 26.571 24.584 23.720 20.048 21.168 22.589 19.565 17.203 14.573 14.258 12.585 13.963 16.000 13.474 13.182 10.149 10.247 11.478 10.064  6.300  5.163  5.480  3.857  0.000  3.840  5.473  7.819 10.864 13.931 16.521 14.545 16.279 14.784 17.391 18.678 20.806 23.082 24.329 27.694 29.313 31.031 32.231
 15.210 15.773 13.573 15.434 15.552 17.868 20.011 21.868 25.002 24.505 23.794 20.974 19.999 18.990 17.231 17.064 14.185 13.140  9.786 10.675 11.425 10.454 10.029 13.668 14.680 13.524 15.660 18.404 18.503 18.984 21.670 23.390 23.429 24.279 25.590 23.411 22.961 19.445 20.480 21.290 18.011 15.257 12.253 11.206  9.049 10.178 12.420 10.282 10.614  8.165  9.637 11.633 11.460  7.820  6.945  5.475  5.439  3.840  0.000  3.853  5.619  9.231 12.513 14.463 11.868 13.288 11.813 14.327 16.094 18.237 20.921 22.385 25.808 27.590 29.324 30.512
 13.319 14.262 12.691 15.035 16.072 18.540 21.230 23.276 26.184 25.338 24.288 21.108 20.184 18.579 16.964 16.297 13.655 12.197  8.631 10.531 12.072 12.293 12.409 16.132 16.343 14.959 17.680 20.164 19.606 20.334 23.356 24.591 24.316 25.536 27.254 25.454 25.395 22.052 23.505 24.162 20.685 18.118 14.751 13.533 10.654 11.274 14.294 12.974 13.821 11.560 13.293 14.886 14.516 10.801  8.749  6.201  4.701  5.473  3.853  0.000  3.848  6.405 10.051 12.521 10.528 12.930 12.558 15.673 17.934 20.535 23.415 25.270 28.678 30.502 32.295 33.483
 10.548 10.818  8.939 11.235 12.519 15.133 18.044 20.344 23.055 21.969 20.698 17.412 16.474 14.820 13.450 13.124 10.978 10.410  7.614 10.374 10.996 11.517 11.069 14.829 14.607 12.535 15.375 17.897 16.830 17.341 20.633 21.702 21.059 22.308 24.329 22.756 23.149 20.108 21.950 22.255 18.598 16.347 12.717 11.776  8.906 10.275 13.509 12.671 13.214 10.982 13.292 14.428 14.787 11.463  8.953  5.328  5.953  7.819  5.619  3.848  0.000  3.831  6.984  9.008  6.948  9.429  9.393 12.864 15.208 18.211 21.117 23.398 26.748 28.622 30.561 31.827
  8.442  8.917  8.103 10.824 13.171 15.828 19.170 21.651 23.983 22.496 20.823 17.248 16.355 14.049 13.000 12.183 10.738 10.128  7.978 11.527 12.479 13.952 13.872 17.429 16.488 14.260 17.435 19.572 17.831 18.529 22.039 22.546 21.535 23.143 25.557 24.455 25.267 22.523 24.738 24.878 21.151 19.225 15.504 14.620 11.593 12.612 16.154 15.921 16.660 14.575 16.931 17.724 18.002 14.776 11.758  8.075  8.076 10.864  9.231  6.405  3.831  0.000  3.833  6.594  6.028  9.565 10.880 14.609 17.177 20.505 23.436 26.057 29.306 31.181 33.175 34.442
  5.705  5.631  5.934  8.945 12.070 14.884 18.399 21.194 23.083 21.205 19.056 15.321 14.214 11.370 10.602  9.609  9.231  9.425  8.754 12.541 12.949 14.977 14.893 18.062 16.455 13.970 17.257 18.970 16.581 17.360 20.979 20.951 19.592 21.505 24.227 23.643 24.890 22.568 25.206 25.161 21.452 20.082 16.436 16.054 13.431 14.855 18.290 18.345 18.748 16.656 19.025 19.253 19.778 16.966 13.693 10.079 10.751 13.931 12.513 10.051  6.984  3.833  0.000  3.844  5.574  9.094 11.144 14.892 17.242 20.862 23.586 26.545 29.625 31.461 33.561 34.875
  7.688  5.466  4.832  6.359  9.865 12.132 15.820 18.512 20.094 18.067 15.893 12.161 11.678  9.151  9.669  9.894 10.658 12.022 11.891 15.524 15.184 16.778 15.916 18.923 17.442 14.347 17.131 19.052 16.356 16.396 20.185 20.218 18.237 19.786 22.869 22.360 24.120 22.224 24.866 24.270 20.555 19.335 15.750 15.246 12.836 14.227 17.473 18.153 18.646 17.129 19.941 20.247 21.431 18.900 15.987 12.320 13.755 16.521 14.463 12.521  9.008  6.594  3.844  0.000  3.841  6.622  9.576 12.991 15.521 19.185 21.985 25.218 28.137 30.019 32.133 33.442
 10.030  7.984  5.427  6.030  8.399 10.355 13.945 16.306 18.388 16.812 15.270 11.785 11.748 10.247 10.664 11.595 11.549 12.862 11.924 15.266 14.746 15.508 14.042 17.331 16.608 13.338 15.724 18.286 16.167 15.710 19.486 20.238 18.421 19.396 22.249 21.122 22.647 20.498 22.717 22.003 18.217 16.488 12.781 11.747  9.095 10.444 13.667 14.405 15.123 13.960 17.094 17.920 19.400 16.790 14.408 10.715 12.503 14.545 11.868 10.528  6.948  6.028  5.574  3.841  0.000  3.825  6.486  9.986 12.927 16.395 19.495 22.543 25.599 27.567 29.618 30.907
 12.577  9.802  6.426  4.676  5.648  6.753 10.323 12.540 14.665 13.243 12.063  8.918  9.582  9.338 10.510 12.591 12.928 14.981 14.383 17.301 16.035 16.119 13.840 16.781 16.471 12.826 14.370 17.251 15.275 13.947 17.672 18.832 16.718 17.032 19.939 18.589 20.398 18.592 20.622 19.398 15.680 14.056 10.588  9.573  7.739  9.503 11.995 13.120 13.596 13.097 16.486 17.341 19.507 17.393 15.621 12.303 14.824 16.279 13.288 12.930  9.429  9.565  9.094  6.622  3.825  0.000  3.819  6.635  9.717 13.121 16.288 19.487 22.419 24.432 26.498 27.806
 13.870 11.455  7.666  6.142  4.775  6.129  8.801 11.040 13.768 12.899 12.190  9.631  9.779 10.326 10.718 13.067 12.730 14.826 14.071 16.317 14.575 13.842 10.991 13.795 14.136 10.554 11.503 14.808 13.541 11.935 15.402 17.193 15.574 15.500 17.896 16.009 17.396 15.333 17.078 15.940 12.184 10.315  6.791  6.125  5.335  8.304 10.017 10.437 10.210  9.739 13.113 14.002 16.529 14.792 13.663 10.925 14.007 14.784 11.813 12.558  9.393 10.880 11.144  9.576  6.486  3.819  0.000  3.826  6.610  9.977 13.151 16.131 19.242 21.284 23.394 24.780
 17.405 14.749 10.991  8.612  5.806  4.963  6.210  7.703 10.819 10.618 10.861  9.430 10.342 12.126 12.993 15.888 15.770 18.129 17.504 19.375 17.261 15.916 12.518 14.695 15.641 12.134 11.867 15.379 14.573 12.085 15.094 17.434 15.703 14.702 16.877 14.551 16.091 14.464 15.661 13.823 10.328  8.428  5.814  5.074  6.244  8.893  9.155  9.977  9.472 10.183 13.535 14.573 17.686 16.523 16.137 13.939 17.177 17.391 14.327 15.673 12.864 14.609 14.892 12.991  9.986  6.635  3.826  0.000  3.821  6.636 10.103 13.136 16.130 18.256 20.346 21.750
 18.732 16.123 12.535 10.187  6.523  5.841  4.957  6.774  9.852  9.996 10.376  9.792 10.041 12.500 13.027 16.191 16.091 18.757 18.596 19.900 17.202 15.452 11.810 13.036 14.229 10.984  9.600 13.019 12.730  9.726 12.140 14.925 13.509 11.962 13.637 10.986 12.492 11.219 12.351 10.223  6.863  5.913  4.815  6.319  8.960 12.007 11.552 11.569  9.851 10.398 13.004 13.343 16.832 16.498 16.535 15.039 18.632 18.678 16.094 17.934 15.208 17.177 17.242 15.521 12.927  9.717  6.610  3.821  0.000  3.819  6.637  9.913 12.877 14.991 17.302 18.904
 22.427 19.896 16.305 13.934 10.254  8.888  6.669  6.641  9.751 10.934 12.310 12.687 13.267 16.067 16.599 19.774 19.521 22.070 21.752 22.700 19.930 17.657 13.862 14.542 16.410 13.670 11.480 14.798 15.244 12.025 13.516 16.777 15.679 13.413 14.344 11.128 12.207 11.319 11.317  8.506  6.136  5.179  6.325  7.525 10.916 13.473 11.921 11.857  9.892 11.399 13.585 14.169 17.907 18.054 18.802 17.792 21.319 20.806 18.237 20.535 18.211 20.505 20.862 19.185 16.395 13.121  9.977  6.636  3.819  0.000  3.826  6.677  9.652 11.930 14.213 15.890
 24.442 21.969 18.616 16.316 12.521 11.374  8.442  8.397 10.606 11.960 13.365 14.382 14.514 17.579 17.906 21.129 20.962 23.672 23.739 24.271 21.149 18.703 15.028 14.735 16.675 14.455 11.466 14.173 15.137 11.766 12.177 15.680 14.998 12.210 12.274  8.802  9.658  9.673  9.209  5.726  4.979  6.175  8.744 10.830 14.380 17.102 15.416 14.937 12.416 13.584 14.926 14.803 18.600 19.473 20.484 19.983 23.641 23.082 20.921 23.415 21.117 23.436 23.586 21.985 19.495 16.288 13.151 10.103  6.637  3.826  0.000  3.826  6.438  8.745 11.415 13.405
 27.384 25.167 21.804 19.766 16.009 15.005 12.133 11.624 13.694 15.378 17.016 18.118 18.147 21.097 21.114 24.134 23.606 26.047 25.908 26.016 22.925 20.050 16.468 15.748 18.251 16.646 13.372 15.864 17.540 14.496 14.215 17.916 17.821 14.999 14.247 10.588 10.285 10.298  8.420  5.112  6.359  7.315 10.747 12.688 16.442 18.946 16.737 15.817 13.049 14.506 15.165 15.141 18.866 20.198 21.826 21.856 25.379 24.329 22.385 25.270 23.398 26.057 26.545 25.218 22.543 19.487 16.131 13.136  9.913  6.677  3.826  0.000  3.833  6.384  8.986 11.077
 30.276 27.943 24.687 22.467 18.697 17.415 14.203 13.314 14.679 16.570 18.433 20.080 20.224 23.402 23.599 26.727 26.430 29.013 29.078 29.120 25.913 23.082 19.616 18.551 20.908 19.469 16.018 18.022 19.727 16.590 15.758 19.304 19.225 16.044 14.872 11.559 11.352 12.340 10.287  7.122  9.348 10.821 14.180 16.064 19.764 22.141 19.799 19.061 16.419 17.935 18.410 18.190 21.819 23.393 25.063 25.172 28.720 27.694 25.808 28.678 26.748 29.306 29.625 28.137 25.599 22.419 19.242 16.130 12.877  9.652  6.438  3.833  0.000  3.833  6.569  8.913
 31.903 29.628 26.478 24.313 20.583 19.367 16.131 15.255 16.357 18.182 20.033 21.813 21.848 25.019 25.146 28.219 27.920 30.486 30.650 30.531 27.275 24.427 21.120 19.769 22.095 20.925 17.406 19.065 20.921 17.933 16.735 20.146 20.275 17.095 15.580 12.558 12.084 13.380 11.143  8.546 11.160 12.849 16.208 18.180 21.848 24.237 21.895 21.066 18.373 19.749 19.934 19.509 22.987 24.797 26.554 26.845 30.368 29.313 27.590 30.502 28.622 31.181 31.461 30.019 27.567 24.432 21.284 18.256 14.991 11.930  8.745  6.384  3.833  0.000  3.853  6.710
 34.107 31.866 28.708 26.552 22.877 21.561 18.382 17.261 18.248 20.167 22.171 24.023 24.189 27.341 27.495 30.526 30.168 32.639 32.702 32.519 29.348 26.431 23.197 21.855 24.280 23.229 19.783 21.401 23.319 20.435 19.211 22.530 22.700 19.562 18.019 15.188 14.580 15.757 13.339 11.197 13.712 15.073 18.357 20.073 23.669 25.850 23.339 22.539 20.000 21.532 21.605 21.337 24.679 26.533 28.444 28.821 32.242 31.031 29.324 32.295 30.561 33.175 33.561 32.133 29.618 26.498 23.394 20.346 17.302 14.213 11.415  8.986  6.569  3.853  0.000  3.806
