  0.000  3.831  6.693 10.288 13.212 16.655 19.738 23.037 24.677 22.549 19.821 16.195 13.887 10.392  8.325  5.528  5.456  5.836  7.615 10.770 10.716 13.725 14.523 16.821 14.178 12.435 16.055 16.620 13.903 15.745 18.927 18.041 17.144 19.865 22.317 22.446 23.564 21.504 24.653 25.066 21.681 21.186 17.992 18.770 17.024 19.265 22.342 21.836 21.288 18.552 20.108 19.236 19.386 17.262 13.655 10.947 11.923 15.519 15.217 13.320 10.557  8.478  5.720  7.698 10.057 12.605 13.872 17.402 18.744 22.449 24.452 27.364 30.240 31.865 34.015 35.491
  3.831  0.000  3.827  6.851 10.086 13.308 16.482 19.783 21.202 18.958 16.162 12.498 10.418  6.892  5.792  4.688  6.299  8.420 10.003 13.172 12.257 14.560 14.384 16.656 14.257 11.659 14.831 15.760 12.676 13.710 17.199 16.469 14.889 17.276 20.121 20.257 21.875 20.168 23.324 23.206 19.761 19.391 16.212 16.954 15.435 17.780 20.687 20.609 20.090 17.818 19.851 19.128 20.018 18.081 14.851 11.827 13.646 16.845 15.759 14.249 10.812  8.937  5.644  5.482  8.004  9.825 11.450 14.738 16.123 19.903 21.965 25.138 27.910 29.599 31.777 33.254
  6.693  3.827  0.000  3.817  6.727 10.044 13.274 16.468 18.238 16.283 13.892 10.245  8.540  6.030  5.390  6.335  7.003  9.467 10.143 13.172 11.781 13.140 12.083 14.640 12.961  9.737 12.528 14.265 11.573 11.793 15.524 15.613 13.929 15.635 18.449 17.985 19.586 17.723 20.592 20.217 16.619 15.941 12.641 13.227 11.859 14.413 17.104 17.087 16.564 14.596 16.983 16.624 18.034 16.110 13.363 10.170 12.677 15.268 13.562 12.688  8.939  8.124  5.946  4.855  5.457  6.449  7.659 10.977 12.531 16.309 18.610 21.775 24.657 26.451 28.626 30.116
 10.288  6.851  3.817  0.000  3.821  6.522  9.935 13.079 14.628 12.595 10.279  6.618  5.782  4.708  6.201  8.802 10.132 13.024 13.655 16.453 14.616 15.271 13.356 15.632 14.433 10.742 12.521 14.631 11.935 10.942 14.763 15.205 12.850 13.793 16.944 16.362 18.501 17.123 19.809 18.758 15.209 14.672 11.611 12.078 11.237 13.766 15.999 16.527 16.049 14.839 17.615 17.468 19.562 17.954 15.788 12.732 15.603 17.661 15.400 15.012 11.216 10.824  8.946  6.379  6.034  4.686  6.128  8.587 10.173 13.922 16.299 19.733 22.447 24.307 26.482 27.958
 13.212 10.086  6.727  3.821  0.000  3.822  6.614  9.950 11.864 10.271  8.534  5.704  5.071  6.367  7.507 10.780 11.625 14.687 15.162 17.354 14.950 14.694 12.021 13.880 13.371  9.532 10.209 12.810 10.730  8.728 12.400 13.646 11.406 11.471 14.362 13.230 15.385 14.138 16.560 15.181 11.673 11.303  8.668  9.662  9.981 12.975 14.389 14.728 13.737 12.933 15.675 15.517 18.185 17.097 15.666 13.159 16.537 17.901 15.504 16.036 12.485 13.158 12.059  9.877  8.397  5.649  4.755  5.775  6.509 10.242 12.508 15.978 18.685 20.589 22.820 24.371
 16.655 13.308 10.044  6.522  3.822  0.000  3.833  6.675  8.486  7.070  6.225  4.565  6.331  8.837 10.901 14.344 15.417 18.451 18.728 20.953 18.575 17.968 14.922 16.614 16.600 12.821 12.684 15.450 13.662 10.893 14.128 15.707 13.076 12.128 15.091 13.718 16.271 15.546 17.430 15.287 12.078 11.626  9.577  9.891 10.623 13.025 13.814 14.889 14.257 14.451 17.478 17.752 20.793 19.814 18.806 16.321 19.622 20.628 17.822 18.508 15.105 15.810 14.871 12.136 10.344  6.743  6.123  4.940  5.827  8.866 11.360 14.989 17.433 19.409 21.535 23.002
 19.738 16.482 13.274  9.935  6.614  3.833  0.000  3.836  5.789  5.407  5.828  6.421  7.961 11.301 13.117 16.760 17.756 20.924 21.318 23.091 20.335 19.211 15.853 16.850 17.278 13.783 12.567 15.257 14.050 10.614 13.078 15.166 12.683 10.701 13.218 11.495 14.219 14.109 15.569 12.868 10.237 10.430  9.650 10.551 12.413 14.897 14.770 15.642 14.496 15.148 17.825 17.930 21.337 20.953 20.507 18.551 22.077 22.675 19.972 21.206 18.019 19.153 18.383 15.823 13.937 10.314  8.804  6.201  4.939  6.638  8.424 12.120 14.235 16.194 18.366 19.914
 23.037 19.783 16.468 13.079  9.950  6.675  3.836  0.000  3.853  5.620  7.790  9.290 11.479 14.796 16.743 20.339 21.206 24.224 24.311 26.059 23.404 21.967 18.415 19.405 20.307 16.949 15.410 18.253 17.439 13.891 15.904 18.278 15.906 13.427 15.516 13.458 15.998 16.093 16.815 13.664 11.586 11.413 11.240 11.413 13.493 15.337 14.489 15.829 15.041 16.517 19.284 19.850 23.420 23.074 23.019 21.133 24.544 24.761 21.806 23.230 20.299 21.609 21.159 18.496 16.274 12.509 11.025  7.679  6.743  6.587  8.377 11.622 13.375 15.351 17.273 18.679
 24.677 21.202 18.238 14.628 11.864  8.486  5.789  3.853  0.000  3.840  6.726  9.437 11.982 15.529 17.945 21.661 23.041 26.300 26.751 28.604 25.843 24.653 21.224 21.966 22.524 19.171 17.586 19.972 18.845 15.203 16.946 18.898 16.148 13.430 15.698 14.285 17.309 18.071 18.958 15.639 14.038 14.486 14.488 14.865 16.762 18.497 17.788 19.291 18.523 19.886 22.560 22.854 26.416 26.184 25.942 23.974 27.414 27.887 24.983 26.185 23.061 23.998 23.109 20.135 18.407 14.688 13.797 10.827  9.838  9.691 10.555 13.657 14.699 16.424 18.211 19.498
 22.549 18.958 16.283 12.595 10.271  7.070  5.407  5.620  3.840  0.000  3.812  6.811  9.580 13.054 15.782 19.486 21.216 24.589 25.309 27.359 24.644 23.871 20.677 21.534 21.599 18.113 16.961 19.112 17.465 14.017 16.113 17.565 14.464 12.190 15.016 14.152 17.463 18.177 19.626 16.590 14.628 15.227 14.676 15.218 16.683 18.595 18.495 19.964 19.212 20.093 22.832 22.890 26.278 25.879 25.216 23.025 26.431 27.306 24.497 25.347 21.984 22.526 21.240 18.116 16.844 13.282 12.933 10.637  9.990 10.887 11.909 15.338 16.564 18.230 20.112 21.404
 19.821 16.162 13.892 10.279  8.534  6.225  5.828  7.790  6.726  3.812  0.000  3.835  6.468  9.879 12.875 16.552 18.674 22.188 23.290 25.459 22.758 22.461 19.612 20.493 19.963 16.432 15.781 17.552 15.327 12.227 14.678 15.491 12.064 10.514 13.902 13.691 17.171 17.790 19.870 17.260 14.978 15.808 14.767 15.675 16.757 18.995 19.513 20.737 19.851 20.089 22.746 22.435 25.569 25.069 23.955 21.630 25.006 26.325 23.755 24.266 20.681 20.825 19.064 15.916 15.271 12.070 12.188 10.835 10.337 12.246 13.303 16.961 18.424 20.074 22.122 23.503
 16.195 12.498 10.245  6.618  5.704  4.565  6.421  9.290  9.437  6.811  3.835  0.000  3.828  6.604  9.799 13.343 15.469 18.875 19.929 22.348 19.909 19.994 17.433 18.781 17.923 14.229 14.401 16.277 13.664 11.161 14.325 14.879 11.547 11.072 14.660 14.426 17.568 17.488 19.919 17.830 14.955 15.327 13.474 14.236 14.658 16.992 18.159 19.258 18.546 18.304 21.079 20.800 23.618 22.729 21.210 18.603 21.812 23.434 20.936 21.091 17.399 17.259 15.337 12.196 11.798  8.936  9.626  9.399  9.744 12.625 14.314 18.050 20.046 21.815 23.948 25.376
 13.887 10.418  8.540  5.782  5.071  6.331  7.961 11.479 11.982  9.580  6.468  3.828  0.000  3.844  6.473 10.177 12.435 16.062 17.609 19.743 17.067 17.408 15.223 16.233 14.857 11.356 11.816 13.147 10.176  8.168 11.492 11.575  8.378  8.866 12.453 12.649 15.592 15.398 18.329 16.814 13.929 14.765 12.920 14.483 15.023 17.906 19.272 19.690 18.450 17.490 19.789 18.913 21.470 20.813 19.089 16.773 20.096 21.945 19.960 20.162 16.456 16.367 14.229 11.715 11.765  9.601  9.765 10.305  9.995 13.212 14.451 18.073 20.172 21.832 24.099 25.644
 10.392  6.892  6.030  4.708  6.367  8.837 11.301 14.796 15.529 13.054  9.879  6.604  3.844  0.000  3.819  6.975  9.751 13.281 15.130 17.573 15.306 16.440 14.977 16.353 14.328 11.023 12.649 13.604 10.162  9.561 13.059 12.436  9.691 11.415 14.809 15.279 17.792 17.111 20.315 19.368 16.266 16.779 14.372 15.749 15.521 18.315 20.319 20.585 19.551 18.023 20.232 19.255 21.241 20.195 17.857 15.283 18.224 20.624 18.958 18.559 14.804 14.063 11.385  9.180 10.256  9.349 10.305 12.088 12.465 16.029 17.533 21.035 23.351 24.995 27.244 28.764
  8.325  5.792  5.390  6.201  7.507 10.901 13.117 16.743 17.945 15.782 12.875  9.799  6.473  3.819  0.000  3.815  6.254  9.977 12.220 14.261 11.821 13.250 12.361 13.571 11.071  8.178 10.514 11.022  7.544  8.264 11.652 10.856  9.174 11.648 14.398 14.811 16.642 15.480 18.897 18.652 15.564 16.134 13.730 15.582 15.401 18.525 20.603 20.205 18.789 16.614 18.280 16.860 18.414 17.498 14.982 12.812 15.768 18.274 17.203 16.945 13.433 13.022 10.621  9.700 10.685 10.524 10.693 12.953 12.993 16.569 17.863 21.045 23.528 25.090 27.374 28.957
  5.528  4.688  6.335  8.802 10.780 14.344 16.760 20.339 21.661 19.486 16.552 13.343 10.177  6.975  3.815  0.000  3.827  7.151 10.088 12.138 10.286 12.713 12.923 14.237 11.171  9.222 12.351 12.290  9.039 11.008 13.968 12.694 11.791 14.777 17.146 17.719 19.066 17.564 21.043 21.342 18.286 18.667 16.088 17.817 17.157 20.123 22.566 21.900 20.579 17.917 19.219 17.627 18.412 17.255 14.200 12.155 14.461 17.470 17.044 16.282 13.110 12.211  9.627  9.917 11.617 12.606 13.044 15.856 16.167 19.757 21.097 24.070 26.650 28.144 30.389 31.946
  5.456  6.299  7.003 10.132 11.625 15.417 17.756 21.206 23.041 21.216 18.674 15.469 12.435  9.751  6.254  3.827  0.000  3.824  6.688  8.386  6.587  9.335 10.205 11.818  8.853  7.543 11.231 11.405  9.089 11.521 14.292 13.641 13.565 16.319 18.142 18.136 18.766 16.593 19.846 20.666 17.562 17.542 14.889 16.616 15.857 18.867 21.308 20.129 18.697 15.617 16.512 14.897 15.172 13.842 10.620  8.931 11.133 14.083 14.161 13.622 10.944 10.735  9.207 10.647 11.552 12.930 12.706 15.748 16.092 19.537 20.969 23.577 26.379 27.866 30.064 31.630
  5.836  8.420  9.467 13.024 14.687 18.451 20.924 24.224 26.300 24.589 22.188 18.875 16.062 13.281  9.977  7.151  3.824  0.000  3.878  5.448  5.402  8.986 10.983 12.885 10.188  9.862 13.661 13.835 12.210 14.871 17.393 16.860 17.184 19.927 21.490 21.278 21.449 18.872 21.857 23.087 20.000 19.565 16.798 18.171 16.965 19.629 22.288 20.829 19.624 16.251 16.773 15.342 14.710 12.927  9.284  7.965  8.932 12.235 13.131 12.171 10.383 10.126  9.396 12.005 12.866 14.983 14.805 18.112 18.764 22.097 23.689 26.027 28.963 30.428 32.540 34.059
  7.615 10.003 10.143 13.655 15.162 18.728 21.318 24.311 26.751 25.309 23.290 19.929 17.609 15.130 12.220 10.088  6.688  3.878  0.000  3.840  5.541  8.322 10.278 12.978 11.281 10.833 14.505 15.473 14.409 16.569 19.240 19.370 19.639 21.929 23.450 22.655 22.583 19.572 22.084 23.343 20.099 18.965 15.954 16.715 15.051 17.317 20.086 18.489 17.678 14.307 14.927 14.233 13.310 10.725  6.909  5.187  5.158  8.688  9.762  8.603  7.592  7.996  8.756 11.899 11.943 14.386 14.044 17.479 18.588 21.762 23.736 25.865 29.005 30.560 32.579 34.046
 10.770 13.172 13.172 16.453 17.354 20.953 23.091 26.059 28.604 27.359 25.459 22.348 19.743 17.573 14.261 12.138  8.386  5.448  3.840  0.000  3.836  6.533  9.646 11.626 10.088 10.947 14.307 14.802 14.549 17.117 19.161 19.392 20.383 22.683 23.611 22.738 22.051 18.852 21.186 23.020 20.154 19.224 16.742 17.966 16.853 19.313 21.650 19.476 18.154 14.477 14.093 12.847 11.082  9.026  5.542  6.237  6.028  8.431 10.682 10.524 10.367 11.547 12.537 15.531 15.293 17.314 16.305 19.368 19.911 22.734 24.292 25.992 29.055 30.441 32.402 33.878
 10.716 12.257 11.781 14.616 14.950 18.575 20.335 23.404 25.843 24.644 22.758 19.909 17.067 15.306 11.821 10.286  6.587  5.402  5.541  3.836  0.000  3.841  6.833  8.295  6.316  7.378 10.669 10.987 10.899 13.522 15.384 15.729 16.904 19.117 19.863 19.023 18.328 15.251 17.822 19.639 16.889 16.431 14.274 16.159 15.748 18.755 20.724 18.508 16.619 12.930 12.470 10.523  9.506  8.368  5.389  6.260  8.113  9.952 11.417 12.051 10.967 12.481 12.926 15.176 14.756 16.033 14.550 17.241 17.203 19.957 21.165 22.897 25.846 27.187 29.230 30.779
 13.725 14.560 13.140 15.271 14.694 17.968 19.211 21.967 24.653 23.871 22.461 19.994 17.408 16.440 13.250 12.713  9.335  8.986  8.322  6.533  3.841  0.000  3.832  5.237  5.116  6.549  8.832  9.829 10.875 12.836 14.338 15.561 16.977 18.532 18.835 17.364 16.161 12.696 14.754 16.804 14.237 13.581 11.900 14.021 14.247 17.394 18.768 16.132 13.783 10.049  8.954  6.732  5.913  5.429  4.110  6.336  8.867  9.224 10.453 12.283 11.497 13.958 14.961 16.777 15.525 16.118 13.820 15.900 15.454 17.687 18.721 20.020 23.007 24.320 26.303 27.864
 14.523 14.384 12.083 13.356 12.021 14.922 15.853 18.415 21.224 20.677 19.612 17.433 15.223 14.977 12.361 12.923 10.205 10.983 10.278  9.646  6.833  3.832  0.000  3.846  5.377  4.975  6.324  8.679  9.861 10.700 12.457 14.416 15.400 16.292 16.703 14.722 13.733 10.171 12.058 13.606 10.734  9.821  8.136 10.552 11.393 14.824 15.784 13.244 10.585  7.089  6.686  4.803  6.336  6.060  5.923  6.817 10.251 10.135 10.016 12.394 11.045 13.872 14.876 15.917 14.059 13.840 10.974 12.507 11.819 13.900 15.056 16.449 19.559 21.032 23.084 24.699
 16.821 16.656 14.640 15.632 13.880 16.614 16.850 19.405 21.966 21.534 20.493 18.781 16.233 16.353 13.571 14.237 11.818 12.885 12.978 11.626  8.295  5.237  3.846  0.000  3.848  5.430  5.073  6.285  8.800  9.905 10.475 12.581 14.395 15.203 14.792 12.908 11.193  7.612  9.680 11.963  9.931 10.201  9.856 13.000 14.585 18.117 18.608 15.943 12.751  9.662  8.194  4.755  6.367  8.099  8.693 10.354 13.544 13.323 13.657 16.118 14.804 17.431 18.045 18.923 17.343 16.775 13.771 14.672 13.029 14.564 14.747 15.708 18.464 19.653 21.719 23.406
 14.178 14.257 12.961 14.433 13.371 16.600 17.278 20.307 22.524 21.599 19.963 17.923 14.857 14.328 11.071 11.171  8.853 10.188 11.281 10.088  6.316  5.116  5.377  3.848  0.000  3.862  5.385  4.928  6.341  8.780  9.661 10.630 12.520 14.233 14.217 13.275 12.223  9.366 12.325 14.280 12.097 12.814 11.861 14.943 15.990 19.587 20.655 18.370 15.535 12.295 11.452  8.312  8.999  9.972  9.077 10.179 13.284 14.108 14.673 16.333 14.587 16.500 16.446 17.449 16.627 16.475 14.116 15.620 14.224 16.427 16.680 18.206 20.822 21.995 24.147 25.825
 12.435 11.659  9.737 10.742  9.532 12.821 13.783 16.949 19.171 18.113 16.432 14.229 11.356 11.023  8.178  9.222  7.543  9.862 10.833 10.947  7.378  6.549  4.975  5.430  3.862  0.000  3.847  5.402  5.116  6.454  8.742  9.993 10.714 12.183 13.044 11.931 11.870  9.238 12.358 13.324 10.416 10.858  9.227 12.188 13.134 16.818 18.031 16.261 13.731 10.858 11.242  9.021 10.728 10.786  9.508  9.196 12.818 13.923 13.515 14.951 12.519 14.274 13.966 14.357 13.359 12.830 10.534 12.110 10.974 13.679 14.452 16.600 19.397 20.847 23.108 24.807
 16.055 14.831 12.528 12.521 10.209 12.684 12.567 15.410 17.586 16.961 15.781 14.401 11.816 12.649 10.514 12.351 11.231 13.661 14.505 14.307 10.669  8.832  6.324  5.073  5.385  3.847  0.000  3.841  5.400  5.040  6.242  8.791  9.870 10.306 10.401  8.627  8.172  5.502  8.764  9.651  7.131  8.536  8.241 11.861 13.856 17.620 18.060 16.208 13.149 10.906 10.971  8.519 11.150 12.163 11.999 12.168 15.884 16.312 15.661 17.684 15.371 17.457 17.262 17.152 15.754 14.385 11.501 11.857  9.601 11.497 11.471 13.329 15.947 17.329 19.671 21.479
 16.620 15.760 14.265 14.631 12.810 15.450 15.257 18.253 19.972 19.112 17.552 16.277 13.147 13.604 11.022 12.290 11.405 13.835 15.473 14.802 10.987  9.829  8.679  6.285  4.928  5.402  3.841  0.000  3.845  5.411  4.902  6.365  8.749 10.013  9.426  8.840  8.073  6.384 10.052 11.492  9.956 12.048 12.063 15.674 17.507 21.269 21.857 19.942 16.832 14.364 13.857 10.738 12.554 14.071 13.634 14.227 17.680 18.454 18.398 20.159 17.885 19.593 18.974 19.074 18.316 17.270 14.805 15.371 13.024 14.817 14.181 15.822 17.947 18.990 21.282 23.062
 13.903 12.676 11.573 11.935 10.730 13.662 14.050 17.439 18.845 17.465 15.327 13.664 10.176 10.162  7.544  9.039  9.089 12.210 14.409 14.549 10.899 10.875  9.861  8.800  6.341  5.116  5.400  3.845  0.000  3.855  5.338  5.103  6.270  8.602  9.391  9.704 10.390  9.347 13.107 13.734 11.613 13.453 12.633 15.891 17.190 20.891 21.961 20.563 17.922 15.498 15.789 13.146 14.892 15.580 14.268 13.939 17.380 18.858 18.507 19.612 16.832 17.867 16.601 16.389 16.205 15.302 13.542 14.563 12.727 15.247 15.124 17.484 19.650 20.857 23.200 24.931
 15.745 13.710 11.793 10.942  8.728 10.893 10.614 13.891 15.203 14.017 12.227 11.161  8.168  9.561  8.264 11.008 11.521 14.871 16.569 17.117 13.522 12.836 10.700  9.905  8.780  6.454  5.040  5.411  3.855  0.000  3.850  5.439  5.061  5.752  7.092  6.768  8.469  8.040 11.568 11.206  8.988 11.169 10.734 14.026 15.834 19.502 20.147 19.111 16.491 14.792 15.610 13.492 16.059 16.725 15.869 15.177 18.895 20.025 18.999 20.358 17.364 18.584 17.404 16.457 15.773 14.000 11.967 12.098  9.737 12.030 11.748 14.435 16.518 17.880 20.320 22.110
 18.927 17.199 15.524 14.763 12.400 14.128 13.078 15.904 16.946 16.113 14.678 14.325 11.492 13.059 11.652 13.968 14.292 17.393 19.240 19.161 15.384 14.338 12.457 10.475  9.661  8.742  6.242  4.902  5.338  3.850  0.000  3.842  5.567  5.578  4.583  4.787  5.801  6.594 10.130 10.181  9.269 12.333 12.957 16.564 18.838 22.540 22.782 21.441 18.416 16.779 16.885 14.260 16.759 18.211 17.857 17.856 21.526 22.358 21.683 23.374 20.649 22.086 21.013 20.240 19.546 17.727 15.439 15.123 12.174 13.550 12.195 14.182 15.703 16.700 19.117 20.951
 18.041 16.469 15.613 15.205 13.646 15.707 15.166 18.278 18.898 17.565 15.491 14.879 11.575 12.436 10.856 12.694 13.641 16.860 19.370 19.392 15.729 15.561 14.416 12.581 10.630  9.993  8.791  6.365  5.103  5.439  3.842  0.000  3.846  6.042  5.822  7.956  9.269 10.171 13.776 13.981 12.982 15.830 15.922 19.360 21.164 24.846 25.522 24.321 21.494 19.546 19.696 16.886 18.873 20.124 19.170 18.996 22.456 23.835 23.410 24.614 21.723 22.601 20.991 20.275 20.299 18.891 17.230 17.460 14.956 16.806 15.692 17.884 19.253 20.125 22.441 24.156
 17.144 14.889 13.929 12.850 11.406 13.076 12.683 15.906 16.148 14.464 12.064 11.547  8.378  9.691  9.174 11.791 13.565 17.184 19.639 20.383 16.904 16.977 15.400 14.395 12.520 10.714  9.870  8.749  6.270  5.061  5.567  3.846  0.000  3.833  6.078  8.288 10.894 11.903 15.379 14.716 13.220 15.796 15.467 18.513 20.102 23.612 24.418 23.765 21.338 19.756 20.622 18.348 20.659 21.364 20.124 19.231 22.756 24.365 23.420 24.312 21.056 21.565 19.611 18.276 18.460 16.761 15.594 15.714 13.522 15.687 14.992 17.782 19.187 20.277 22.624 24.303
 19.865 17.276 15.635 13.793 11.471 12.128 10.701 13.427 13.430 12.190 10.514 11.072  8.866 11.415 11.648 14.777 16.319 19.927 21.929 22.683 19.117 18.532 16.292 15.203 14.233 12.183 10.306 10.013  8.602  5.752  5.578  6.042  3.833  0.000  3.853  5.699  9.172 10.956 13.875 12.436 11.400 14.309 14.640 17.660 19.779 23.193 23.462 22.984 20.497 19.533 20.540 18.574 21.402 22.293 21.574 20.709 24.425 25.596 24.282 25.544 22.314 23.174 21.524 19.821 19.433 17.073 15.530 14.724 11.988 13.431 12.214 14.977 16.033 17.131 19.516 21.242
 22.317 20.121 18.449 16.944 14.362 15.091 13.218 15.516 15.698 15.016 13.902 14.660 12.453 14.809 14.398 17.146 18.142 21.490 23.450 23.611 19.863 18.835 16.703 14.792 14.217 13.044 10.401  9.426  9.391  7.092  4.583  5.822  6.078  3.853  0.000  3.823  6.569  9.312 11.953 10.935 10.994 14.478 15.627 19.017 21.564 25.094 25.003 24.085 21.171 20.159 20.522 18.177 20.954 22.475 22.245 22.018 25.753 26.568 25.577 27.247 24.319 25.575 24.234 22.894 22.276 19.964 17.908 16.882 13.646 14.349 12.269 14.208 14.833 15.592 17.955 19.738
 22.446 20.257 17.985 16.362 13.230 13.718 11.495 13.458 14.285 14.152 13.691 14.426 12.649 15.279 14.811 17.719 18.136 21.278 22.655 22.738 19.023 17.364 14.722 12.908 13.275 11.931  8.627  8.840  9.704  6.768  4.787  7.956  8.288  5.699  3.823  0.000  3.898  6.509  8.663  7.204  7.395 11.019 12.691 16.115 19.027 22.510 22.040 20.974 17.936 17.244 17.595 15.569 18.701 20.279 20.535 20.439 24.242 24.584 23.405 25.455 22.752 24.475 23.652 22.388 21.154 18.615 16.027 14.563 11.003 11.145  8.810 10.552 11.522 12.559 15.120 17.089
 23.564 21.875 19.586 18.501 15.385 16.271 14.219 15.998 17.309 17.463 17.171 17.568 15.592 17.792 16.642 19.066 18.766 21.449 22.583 22.051 18.328 16.161 13.733 11.193 12.223 11.870  8.172  8.073 10.390  8.469  5.801  9.269 10.894  9.172  6.569  3.898  0.000  3.895  5.620  5.674  6.944 10.600 12.850 16.499 19.594 23.129 22.452 20.791 17.370 16.441 15.983 13.593 16.544 18.710 19.512 20.120 23.801 23.719 22.957 25.395 23.142 25.284 24.894 24.145 22.679 20.422 17.412 16.105 12.514 12.242  9.689 10.263 11.299 12.045 14.497 16.508
 21.504 20.168 17.723 17.123 14.138 15.546 14.109 16.093 18.071 18.177 17.790 17.488 15.398 17.111 15.480 17.564 16.593 18.872 19.572 18.852 15.251 12.696 10.171  7.612  9.366  9.238  5.502  6.384  9.347  8.040  6.594 10.171 11.903 10.956  9.312  6.509  3.895  0.000  3.843  5.499  5.338  8.247 10.224 13.966 16.916 20.496 19.963 17.902 14.352 13.000 12.252  9.744 12.744 14.896 15.906 16.768 20.364 20.047 19.440 22.051 20.100 22.540 22.572 22.246 20.527 18.606 15.335 14.461 11.224 11.340  9.686 10.252 12.252 13.277 15.632 17.592
 24.653 23.324 20.592 19.809 16.560 17.430 15.569 16.815 18.958 19.626 19.870 19.919 18.329 20.315 18.897 21.043 19.846 21.857 22.084 21.186 17.822 14.754 12.058  9.680 12.325 12.358  8.764 10.052 13.107 11.568 10.130 13.776 15.379 13.875 11.953  8.663  5.620  3.843  0.000  3.842  5.567  7.948 10.972 14.341 17.684 20.968 19.791 17.535 13.855 13.191 12.062 10.144 13.287 15.742 17.527 18.683 22.123 21.178 20.480 23.509 21.940 24.747 25.201 24.874 22.730 20.612 17.061 15.632 12.327 11.305  9.192  8.344 10.150 10.978 13.181 15.207
 25.066 23.206 20.217 18.758 15.181 15.287 12.868 13.664 15.639 16.590 17.260 17.830 16.814 19.368 18.652 21.342 20.666 23.087 23.343 23.020 19.639 16.804 13.606 11.963 14.280 13.324  9.651 11.492 13.734 11.206 10.181 13.981 14.716 12.436 10.935  7.204  5.674  5.499  3.842  0.000  3.835  6.812 10.191 13.302 16.899 20.039 18.604 16.965 13.588 13.719 13.573 12.381 15.925 17.807 19.307 19.795 23.413 22.627 21.322 24.194 22.268 24.898 25.161 24.279 22.024 19.396 15.945 13.820 10.214  8.513  5.715  5.069  7.017  8.442 11.086 13.317
 21.681 19.761 16.619 15.209 11.673 12.078 10.237 11.586 14.038 14.628 14.978 14.955 13.929 16.266 15.564 18.286 17.562 20.000 20.099 20.154 16.889 14.237 10.734  9.931 12.097 10.416  7.131  9.956 11.613  8.988  9.269 12.982 13.220 11.400 10.994  7.395  6.944  5.338  5.567  3.835  0.000  3.819  6.584  9.928 13.365 16.679 15.659 14.129 10.874 10.746 11.307 10.409 14.132 15.355 16.444 16.472 20.160 19.602 18.039 20.716 18.614 21.176 21.461 20.572 18.242 15.679 12.186 10.313  6.843  6.125  4.949  6.291  9.260 11.064 13.590 15.612
 21.186 19.391 15.941 14.672 11.303 11.626 10.430 11.413 14.486 15.227 15.808 15.327 14.765 16.779 16.134 18.667 17.542 19.565 18.965 19.224 16.431 13.581  9.821 10.201 12.814 10.858  8.536 12.048 13.453 11.169 12.333 15.830 15.796 14.309 14.478 11.019 10.600  8.247  7.948  6.812  3.819  0.000  3.829  6.614 10.232 13.343 12.106 10.400  7.168  7.624  8.870  9.217 13.009 13.570 14.892 14.707 18.187 17.231 15.283 18.152 16.368 19.252 20.097 19.360 16.520 14.061 10.326  8.422  5.900  5.179  6.157  7.256 10.746 12.739 14.943 16.740
 17.992 16.212 12.641 11.611  8.668  9.577  9.650 11.240 14.488 14.676 14.767 13.474 12.920 14.372 13.730 16.088 14.889 16.798 15.954 16.742 14.274 11.900  8.136  9.856 11.861  9.227  8.241 12.063 12.633 10.734 12.957 15.922 15.467 14.640 15.627 12.691 12.850 10.224 10.972 10.191  6.584  3.829  0.000  3.821  6.877 10.376 10.051  8.575  5.977  5.701  8.245  9.056 12.476 12.019 12.605 11.672 15.152 14.578 12.258 14.769 12.727 15.522 16.444 15.772 12.811 10.593  6.797  5.806  4.807  6.335  8.738 10.706 14.127 16.128 18.246 19.883
 18.770 16.954 13.227 12.078  9.662  9.891 10.551 11.413 14.865 15.218 15.675 14.236 14.483 15.749 15.582 17.817 16.616 18.171 16.715 17.966 16.159 14.021 10.552 13.000 14.943 12.188 11.861 15.674 15.891 14.026 16.564 19.360 18.513 17.660 19.017 16.115 16.499 13.966 14.341 13.302  9.928  6.614  3.821  0.000  3.823  6.813  6.307  5.478  4.509  5.800  9.350 11.375 14.386 13.127 13.649 12.144 15.096 14.273 11.223 13.566 11.801 14.641 16.067 15.267 11.774  9.565  6.127  5.050  6.293  7.514 10.811 12.650 16.018 18.106 19.974 21.400
 17.024 15.435 11.859 11.237  9.981 10.623 12.413 13.493 16.762 16.683 16.757 14.658 15.023 15.521 15.401 17.157 15.857 16.965 15.051 16.853 15.748 14.247 11.393 14.585 15.990 13.134 13.856 17.507 17.190 15.834 18.838 21.164 20.102 19.779 21.564 19.027 19.594 16.916 17.684 16.899 13.365 10.232  6.877  3.823  0.000  3.848  5.521  5.509  6.512  6.946 10.741 13.020 15.322 13.156 12.967 10.691 13.067 12.564  9.027 10.665  8.929 11.618 13.460 12.881  9.144  7.761  5.360  6.250  8.965 10.924 14.380 16.416 19.736 21.792 23.584 24.900
 19.265 17.780 14.413 13.766 12.975 13.025 14.897 15.337 18.497 18.595 18.995 16.992 17.906 18.315 18.525 20.123 18.867 19.629 17.317 19.313 18.755 17.394 14.824 18.117 19.587 16.818 17.620 21.269 20.891 19.502 22.540 24.846 23.612 23.193 25.094 22.510 23.129 20.496 20.968 20.039 16.679 13.343 10.376  6.813  3.848  0.000  3.849  5.597  8.415  9.659 13.293 16.089 18.089 15.603 15.498 13.126 14.685 13.910 10.131 11.271 10.295 12.633 14.891 14.284 10.500  9.539  8.336  8.915 12.017 13.482 17.102 18.924 22.122 24.187 25.770 26.919
 22.342 20.687 17.104 15.999 14.389 13.814 14.770 14.489 17.788 18.495 19.513 18.159 19.272 20.319 20.603 22.566 21.308 22.288 20.086 21.650 20.724 18.768 15.784 18.608 20.655 18.031 18.060 21.857 21.961 20.147 22.782 25.522 24.418 23.462 25.003 22.040 22.452 19.963 19.791 18.604 15.659 12.106 10.051  6.307  5.521  3.849  0.000  3.819  6.961  9.600 13.013 16.082 18.486 16.564 17.240 15.474 17.313 15.956 12.388 14.291 13.531 16.170 18.327 17.536 13.729 12.052 10.096  9.248 11.632 12.003 15.490 16.787 19.850 21.909 23.335 24.417
 21.836 20.609 17.087 16.527 14.728 14.889 15.642 15.829 19.291 19.964 20.737 19.258 19.690 20.585 20.205 21.900 20.129 20.829 18.489 19.476 18.508 16.132 13.244 15.943 18.370 16.261 16.208 19.942 20.563 19.111 21.441 24.321 23.765 22.984 24.085 20.974 20.791 17.902 17.535 16.965 14.129 10.400  8.575  5.478  5.509  5.597  3.819  0.000  3.826  6.468  9.540 12.871 15.123 13.373 14.599 13.510 15.395 13.496 10.323 13.043 12.742 15.986 18.409 18.228 14.484 13.164 10.487 10.011 11.590 11.874 14.939 15.784 19.013 20.971 22.438 23.607
 21.288 20.090 16.564 16.049 13.737 14.257 14.496 15.041 18.523 19.212 19.851 18.546 18.450 19.551 18.789 20.579 18.697 19.624 17.678 18.154 16.619 13.783 10.585 12.751 15.535 13.731 13.149 16.832 17.922 16.491 18.416 21.494 21.338 20.497 21.171 17.936 17.370 14.352 13.855 13.588 10.874  7.168  5.977  4.509  6.512  8.415  6.961  3.826  0.000  3.826  6.563  9.613 12.354 11.356 13.038 12.606 15.090 13.180 10.625 13.849 13.236 16.683 18.765 18.677 15.162 13.607 10.225  9.484  9.859  9.916 12.425 13.023 16.368 18.270 19.892 21.232
 18.552 17.818 14.596 14.839 12.933 14.451 15.148 16.517 19.886 20.093 20.089 18.304 17.490 18.023 16.614 17.917 15.617 16.251 14.307 14.477 12.930 10.049  7.089  9.662 12.295 10.858 10.906 14.364 15.498 14.792 16.779 19.546 19.756 19.533 20.159 17.244 16.441 13.000 13.191 13.719 10.746  7.624  5.701  5.800  6.946  9.659  9.600  6.468  3.826  0.000  3.839  6.613  9.044  7.769  9.315  9.240 11.909 10.151  8.174 11.579 10.989 14.587 16.657 17.142 13.984 13.090  9.725 10.168 10.390 11.415 13.588 14.472 17.870 19.636 21.411 22.848
 20.108 19.851 16.983 17.615 15.675 17.478 17.825 19.284 22.560 22.832 22.746 21.079 19.789 20.232 18.280 19.219 16.512 16.773 14.927 14.093 12.470  8.954  6.686  8.194 11.452 11.242 10.971 13.857 15.789 15.610 16.885 19.696 20.622 20.540 20.522 17.595 15.983 12.252 12.062 13.573 11.307  8.870  8.245  9.350 10.741 13.293 13.013  9.540  6.563  3.839  0.000  3.837  5.923  5.841  8.704 10.158 12.521 10.259  9.651 13.310 13.293 16.942 19.022 19.949 17.114 16.474 13.089 13.510 12.987 13.595 14.924 15.117 18.313 19.781 21.453 22.893
 19.236 19.128 16.624 17.468 15.517 17.752 17.930 19.850 22.854 22.890 22.435 20.800 18.913 19.255 16.860 17.627 14.897 15.342 14.233 12.847 10.523  6.732  4.803  4.755  8.312  9.021  8.519 10.738 13.146 13.492 14.260 16.886 18.348 18.574 18.177 15.569 13.593  9.744 10.144 12.381 10.409  9.217  9.056 11.375 13.020 16.089 16.082 12.871  9.613  6.613  3.837  0.000  3.851  5.686  8.172 10.272 12.997 11.465 11.626 14.880 14.415 17.730 19.247 20.260 17.946 17.346 13.994 14.571 13.357 14.214 14.839 15.123 18.116 19.384 21.203 22.767
 19.386 20.018 18.034 19.562 18.185 20.793 21.337 23.420 26.416 26.278 25.569 23.618 21.470 21.241 18.414 18.412 15.172 14.710 13.310 11.082  9.506  5.913  6.336  6.367  8.999 10.728 11.150 12.554 14.892 16.059 16.759 18.873 20.659 21.402 20.954 18.701 16.544 12.744 13.287 15.925 14.132 13.009 12.476 14.386 15.322 18.089 18.486 15.123 12.354  9.044  5.923  3.851  0.000  3.813  6.768 10.003 11.810 10.060 11.464 14.511 14.774 18.007 19.768 21.439 19.426 19.513 16.521 17.686 16.850 17.958 18.642 18.857 21.749 22.867 24.556 26.023
 17.262 18.081 16.110 17.954 17.097 19.814 20.953 23.074 26.184 25.879 25.069 22.729 20.813 20.195 17.498 17.255 13.842 12.927 10.725  9.026  8.368  5.429  6.060  8.099  9.972 10.786 12.163 14.071 15.580 16.725 18.211 20.124 21.364 22.293 22.475 20.279 18.710 14.896 15.742 17.807 15.355 13.570 12.019 13.127 13.156 15.603 16.564 13.373 11.356  7.769  5.841  5.686  3.813  0.000  3.835  6.930  8.300  6.295  7.827 10.799 11.454 14.782 16.958 18.908 16.815 17.396 14.779 16.518 16.510 18.095 19.504 20.181 23.326 24.681 26.409 27.833
 13.655 14.851 13.363 15.788 15.666 18.806 20.507 23.019 25.942 25.216 23.955 21.210 19.089 17.857 14.982 14.200 10.620  9.284  6.909  5.542  5.389  4.110  5.923  8.693  9.077  9.508 11.999 13.634 14.268 15.869 17.857 19.170 20.124 21.574 22.245 20.535 19.512 15.906 17.527 19.307 16.444 14.892 12.605 13.649 12.967 15.498 17.240 14.599 13.038  9.315  8.704  8.172  6.768  3.835  0.000  3.824  5.280  5.156  6.948  8.741  8.947 11.772 13.690 16.001 14.441 15.637 13.660 16.141 16.559 18.851 20.521 21.817 25.011 26.466 28.337 29.798
 10.947 11.827 10.170 12.732 13.159 16.321 18.551 21.133 23.974 23.025 21.630 18.603 16.773 15.283 12.812 12.155  8.931  7.965  5.187  6.237  6.260  6.336  6.817 10.354 10.179  9.196 12.168 14.227 13.939 15.177 17.856 18.996 19.231 20.709 22.018 20.439 20.120 16.768 18.683 19.795 16.472 14.707 11.672 12.144 10.691 13.126 15.474 13.510 12.606  9.240 10.158 10.272 10.003  6.930  3.824  0.000  3.855  5.484  5.479  6.201  5.322  8.088 10.069 12.323 10.740 12.306 10.907 13.928 15.043 17.819 19.995 21.830 25.114 26.760 28.711 30.166
 11.923 13.646 12.677 15.603 16.537 19.622 22.077 24.544 27.414 26.431 25.006 21.812 20.096 18.224 15.768 14.461 11.133  8.932  5.158  6.028  8.113  8.867 10.251 13.544 13.284 12.818 15.884 17.680 17.380 18.895 21.526 22.456 22.756 24.425 25.753 24.242 23.801 20.364 22.123 23.413 20.160 18.187 15.152 15.096 13.067 14.685 17.313 15.395 15.090 11.909 12.521 12.997 11.810  8.300  5.280  3.855  0.000  3.857  5.422  4.669  5.928  8.069 10.731 13.740 12.502 14.805 13.970 17.146 18.622 21.332 23.644 25.346 28.653 30.274 32.127 33.507
 15.519 16.845 15.268 17.661 17.901 20.628 22.675 24.761 27.887 27.306 26.325 23.434 21.945 20.624 18.274 17.470 14.083 12.235  8.688  8.431  9.952  9.224 10.135 13.323 14.108 13.923 16.312 18.454 18.858 20.025 22.358 23.835 24.365 25.596 26.568 24.584 23.719 20.047 21.178 22.627 19.602 17.231 14.578 14.273 12.564 13.910 15.956 13.496 13.180 10.151 10.259 11.465 10.060  6.295  5.156  5.484  3.857  0.000  3.837  5.465  7.805 10.860 13.915 16.510 14.547 16.258 14.748 17.361 18.666 20.818 23.086 24.294 27.618 29.200 30.909 32.233
 15.217 15.759 13.562 15.400 15.504 17.822 19.972 21.806 24.983 24.497 23.755 20.936 19.960 18.958 17.203 17.044 14.161 13.131  9.762 10.682 11.417 10.453 10.016 13.657 14.673 13.515 15.661 18.398 18.507 18.999 21.683 23.410 23.420 24.282 25.577 23.405 22.957 19.440 20.480 21.322 18.039 15.283 12.258 11.223  9.027 10.131 12.388 10.323 10.625  8.174  9.651 11.626 11.464  7.827  6.948  5.479  5.422  3.837  0.000  3.854  5.602  9.211 12.483 14.440 11.858 13.253 11.770 14.292 16.077 18.245 20.921 22.354 25.746 27.493 29.217 30.523
 13.320 14.249 12.688 15.012 16.036 18.508 21.206 23.230 26.185 25.347 24.266 21.091 20.162 18.559 16.945 16.282 13.622 12.171  8.603 10.524 12.051 12.283 12.394 16.118 16.333 14.951 17.684 20.159 19.612 20.358 23.374 24.614 24.312 25.544 27.247 25.455 25.395 22.051 23.509 24.194 20.716 18.152 14.769 13.566 10.665 11.271 14.291 13.043 13.849 11.579 13.310 14.880 14.511 10.799  8.741  6.201  4.669  5.465  3.854  0.000  3.842  6.384 10.023 12.500 10.524 12.911 12.532 15.655 17.930 20.554 23.423 25.250 28.631 30.426 32.203 33.498
 10.557 10.812  8.939 11.216 12.485 15.105 18.019 20.299 23.061 21.984 20.681 17.399 16.456 14.804 13.433 13.110 10.944 10.383  7.592 10.367 10.967 11.497 11.045 14.804 14.587 12.519 15.371 17.885 16.832 17.364 20.649 21.723 21.056 22.314 24.319 22.752 23.142 20.100 21.940 22.268 18.614 16.368 12.727 11.801  8.929 10.295 13.531 12.742 13.236 10.989 13.293 14.415 14.774 11.454  8.947  5.322  5.928  7.805  5.602  3.842  0.000  3.831  6.970  9.003  6.960  9.421  9.367 12.845 15.201 18.222 21.116 23.368 26.701 28.551 30.459 31.820
  8.478  8.937  8.124 10.824 13.158 15.810 19.153 21.609 23.998 22.526 20.825 17.259 16.367 14.063 13.022 12.211 10.735 10.126  7.996 11.547 12.481 13.958 13.872 17.431 16.500 14.274 17.457 19.593 17.867 18.584 22.086 22.601 21.565 23.174 25.575 24.475 25.284 22.540 24.747 24.898 21.176 19.252 15.522 14.641 11.618 12.633 16.170 15.986 16.683 14.587 16.942 17.730 18.007 14.782 11.772  8.088  8.069 10.860  9.211  6.384  3.831  0.000  3.837  6.590  6.033  9.560 10.862 14.592 17.178 20.519 23.443 26.039 29.278 31.139 33.094 34.445
  5.720  5.644  5.946  8.946 12.059 14.871 18.383 21.159 23.109 21.240 19.064 15.337 14.229 11.385 10.621  9.627  9.207  9.396  8.756 12.537 12.926 14.961 14.876 18.045 16.446 13.966 17.262 18.974 16.601 17.404 21.013 20.991 19.611 21.524 24.234 23.652 24.894 22.572 25.201 25.161 21.461 20.097 16.444 16.067 13.460 14.891 18.327 18.409 18.765 16.657 19.022 19.247 19.768 16.958 13.690 10.069 10.731 13.915 12.483 10.023  6.970  3.837  0.000  3.843  5.579  9.101 11.127 14.874 17.238 20.868 23.583 26.518 29.594 31.424 33.473 34.862
  7.698  5.482  4.855  6.379  9.877 12.136 15.823 18.496 20.135 18.116 15.916 12.196 11.715  9.180  9.700  9.917 10.647 12.005 11.899 15.531 15.176 16.777 15.917 18.923 17.449 14.357 17.152 19.074 16.389 16.457 20.240 20.275 18.276 19.821 22.894 22.388 24.145 22.246 24.874 24.279 20.572 19.360 15.772 15.267 12.881 14.284 17.536 18.228 18.677 17.142 19.949 20.260 21.439 18.908 16.001 12.323 13.740 16.510 14.440 12.500  9.003  6.590  3.843  0.000  3.843  6.644  9.581 12.991 15.534 19.202 21.996 25.212 28.136 30.020 32.077 33.447
 10.057  8.004  5.457  6.034  8.397 10.344 13.937 16.274 18.407 16.844 15.271 11.798 11.765 10.256 10.685 11.617 11.552 12.866 11.943 15.293 14.756 15.525 14.059 17.343 16.627 13.359 15.754 18.316 16.205 15.773 19.546 20.299 18.460 19.433 22.276 21.154 22.679 20.527 22.730 22.024 18.242 16.520 12.811 11.774  9.144 10.500 13.729 14.484 15.162 13.984 17.114 17.946 19.426 16.815 14.441 10.740 12.502 14.547 11.858 10.524  6.960  6.033  5.579  3.843  0.000  3.828  6.491  9.984 12.941 16.413 19.509 22.541 25.602 27.566 29.565 30.920
 12.605  9.825  6.449  4.686  5.649  6.743 10.314 12.509 14.688 13.282 12.070  8.936  9.601  9.349 10.524 12.606 12.930 14.983 14.386 17.314 16.033 16.118 13.840 16.775 16.475 12.830 14.385 17.270 15.302 14.000 17.727 18.891 16.761 17.073 19.964 18.615 20.422 18.606 20.612 19.396 15.679 14.061 10.593  9.565  7.761  9.539 12.052 13.164 13.607 13.090 16.474 17.346 19.513 17.396 15.637 12.306 14.805 16.258 13.253 12.911  9.421  9.560  9.101  6.644  3.828  0.000  3.818  6.621  9.717 13.120 16.285 19.471 22.418 24.432 26.442 27.810
 13.872 11.450  7.659  6.128  4.755  6.123  8.804 11.025 13.797 12.933 12.188  9.626  9.765 10.305 10.693 13.044 12.706 14.805 14.044 16.305 14.550 13.820 10.974 13.771 14.116 10.534 11.501 14.805 13.542 11.967 15.439 17.230 15.594 15.530 17.908 16.027 17.412 15.335 17.061 15.945 12.186 10.326  6.797  6.127  5.360  8.336 10.096 10.487 10.225  9.725 13.089 13.994 16.521 14.779 13.660 10.907 13.970 14.748 11.770 12.532  9.367 10.862 11.127  9.581  6.491  3.818  0.000  3.829  6.622  9.995 13.160 16.121 19.238 21.274 23.334 24.789
 17.402 14.738 10.977  8.587  5.775  4.940  6.201  7.679 10.827 10.637 10.835  9.399 10.305 12.088 12.953 15.856 15.748 18.112 17.479 19.368 17.241 15.900 12.507 14.672 15.620 12.110 11.857 15.371 14.563 12.098 15.123 17.460 15.714 14.724 16.882 14.563 16.105 14.461 15.632 13.820 10.313  8.422  5.806  5.050  6.250  8.915  9.248 10.011  9.484 10.168 13.510 14.571 17.686 16.518 16.141 13.928 17.146 17.361 14.292 15.655 12.845 14.592 14.874 12.991  9.984  6.621  3.829  0.000  3.822  6.644 10.107 13.129 16.140 18.263 20.299 21.763
 18.744 16.123 12.531 10.173  6.509  5.827  4.939  6.743  9.838  9.990 10.337  9.744  9.995 12.465 12.993 16.167 16.092 18.764 18.588 19.911 17.203 15.454 11.819 13.029 14.224 10.974  9.601 13.024 12.727  9.737 12.174 14.956 13.522 11.988 13.646 11.003 12.514 11.224 12.327 10.214  6.843  5.900  4.807  6.293  8.965 12.017 11.632 11.590  9.859 10.390 12.987 13.357 16.850 16.510 16.559 15.043 18.622 18.666 16.077 17.930 15.201 17.178 17.238 15.534 12.941  9.717  6.622  3.822  0.000  3.822  6.635  9.896 12.876 14.988 17.241 18.911
 22.449 19.903 16.309 13.922 10.242  8.866  6.638  6.587  9.691 10.887 12.246 12.625 13.212 16.029 16.569 19.757 19.537 22.097 21.762 22.734 19.957 17.687 13.900 14.564 16.427 13.679 11.497 14.817 15.247 12.030 13.550 16.806 15.687 13.431 14.349 11.145 12.242 11.340 11.305  8.513  6.125  5.179  6.335  7.514 10.924 13.482 12.003 11.874  9.916 11.415 13.595 14.214 17.958 18.095 18.851 17.819 21.332 20.818 18.245 20.554 18.222 20.519 20.868 19.202 16.413 13.120  9.995  6.644  3.822  0.000  3.822  6.669  9.663 11.931 14.160 15.906
 24.452 21.965 18.610 16.299 12.508 11.360  8.424  8.377 10.555 11.909 13.303 14.314 14.451 17.533 17.863 21.097 20.969 23.689 23.736 24.292 21.165 18.721 15.056 14.747 16.680 14.452 11.471 14.181 15.124 11.748 12.195 15.692 14.992 12.214 12.269  8.810  9.689  9.686  9.192  5.715  4.949  6.157  8.738 10.811 14.380 17.102 15.490 14.939 12.425 13.588 14.924 14.839 18.642 19.504 20.521 19.995 23.644 23.086 20.921 23.423 21.116 23.443 23.583 21.996 19.509 16.285 13.160 10.107  6.635  3.822  0.000  3.825  6.457  8.767 11.384 13.455
 27.364 25.138 21.775 19.733 15.978 14.989 12.120 11.622 13.657 15.338 16.961 18.050 18.073 21.035 21.045 24.070 23.577 26.027 25.865 25.992 22.897 20.020 16.449 15.708 18.206 16.600 13.329 15.822 17.484 14.435 14.182 17.884 17.782 14.977 14.208 10.552 10.263 10.252  8.344  5.069  6.291  7.256 10.706 12.650 16.416 18.924 16.787 15.784 13.023 14.472 15.117 15.123 18.857 20.181 21.817 21.830 25.346 24.294 22.354 25.250 23.368 26.039 26.518 25.212 22.541 19.471 16.121 13.129  9.896  6.669  3.825  0.000  3.833  6.374  8.970 11.199
 30.240 27.910 24.657 22.447 18.685 17.433 14.235 13.375 14.699 16.564 18.424 20.046 20.172 23.351 23.528 26.650 26.379 28.963 29.005 29.055 25.846 23.007 19.559 18.464 20.822 19.397 15.947 17.947 19.650 16.518 15.703 19.253 19.187 16.033 14.833 11.522 11.299 12.252 10.150  7.017  9.260 10.746 14.127 16.018 19.736 22.122 19.850 19.013 16.368 17.870 18.313 18.116 21.749 23.326 25.011 25.114 28.653 27.618 25.746 28.631 26.701 29.278 29.594 28.136 25.602 22.418 19.238 16.140 12.876  9.663  6.457  3.833  0.000  3.832  6.587  9.045
 31.865 29.599 26.451 24.307 20.589 19.409 16.194 15.351 16.424 18.230 20.074 21.815 21.832 24.995 25.090 28.144 27.866 30.428 30.560 30.441 27.187 24.320 21.032 19.653 21.995 20.847 17.329 18.990 20.857 17.880 16.700 20.125 20.277 17.131 15.592 12.559 12.045 13.277 10.978  8.442 11.064 12.739 16.128 18.106 21.792 24.187 21.909 20.971 18.270 19.636 19.781 19.384 22.867 24.681 26.466 26.760 30.274 29.200 27.493 30.426 28.551 31.139 31.424 30.020 27.566 24.432 21.274 18.263 14.988 11.931  8.767  6.374  3.832  0.000  3.846  6.758
 34.015 31.777 28.626 26.482 22.820 21.535 18.366 17.273 18.211 20.112 22.122 23.948 24.099 27.244 27.374 30.389 30.064 32.540 32.579 32.402 29.230 26.303 23.084 21.719 24.147 23.108 19.671 21.282 23.200 20.320 19.117 22.441 22.624 19.516 17.955 15.120 14.497 15.632 13.181 11.086 13.590 14.943 18.246 19.974 23.584 25.770 23.335 22.438 19.892 21.411 21.453 21.203 24.556 26.409 28.337 28.711 32.127 30.909 29.217 32.203 30.459 33.094 33.473 32.077 29.565 26.442 23.334 20.299 17.241 14.160 11.384  8.970  6.587  3.846  0.000  3.810
