  1.000  0.793  0.560  0.270 -0.198 -0.333 -0.384 -0.299 -0.278 -0.250 -0.267 -0.151 -0.076  0.277  0.358  0.676  0.691  0.674  0.505  0.334  0.226 -0.123 -0.362 -0.435 -0.266 -0.309 -0.522 -0.477 -0.355 -0.449 -0.496 -0.376 -0.304 -0.359 -0.443 -0.475 -0.493 -0.539 -0.503 -0.534 -0.592 -0.505 -0.532 -0.481 -0.325 -0.182 -0.307 -0.398 -0.523 -0.503 -0.514 -0.493 -0.393 -0.298 -0.031  0.165  0.254  0.020 -0.039  0.206  0.297  0.491  0.673  0.600  0.367  0.079 -0.215 -0.443 -0.532 -0.495 -0.422 -0.132  0.277  0.535  0.552  0.516
  0.793  1.000  0.680  0.441 -0.012 -0.180 -0.281 -0.254 -0.233 -0.179 -0.129  0.029  0.108  0.450  0.528  0.681  0.527  0.492  0.322  0.140  0.022 -0.298 -0.453 -0.501 -0.345 -0.312 -0.482 -0.447 -0.288 -0.357 -0.426 -0.303 -0.221 -0.286 -0.377 -0.426 -0.452 -0.499 -0.475 -0.514 -0.568 -0.464 -0.483 -0.450 -0.303 -0.176 -0.303 -0.402 -0.516 -0.512 -0.566 -0.557 -0.496 -0.456 -0.219  0.015  0.082 -0.160 -0.157  0.092  0.252  0.448  0.629  0.670  0.431  0.183 -0.119 -0.348 -0.452 -0.437 -0.403 -0.125  0.259  0.501  0.521  0.484
  0.560  0.680  1.000  0.698  0.261  0.080 -0.085 -0.146 -0.129 -0.065  0.012  0.201  0.247  0.543  0.532  0.487  0.370  0.250  0.143 -0.033 -0.128 -0.363 -0.417 -0.456 -0.411 -0.319 -0.389 -0.417 -0.292 -0.266 -0.332 -0.268 -0.168 -0.189 -0.271 -0.299 -0.321 -0.366 -0.338 -0.349 -0.380 -0.274 -0.279 -0.219 -0.111 -0.033 -0.121 -0.201 -0.293 -0.330 -0.406 -0.449 -0.423 -0.396 -0.254 -0.060  0.001 -0.114 -0.051  0.097  0.208  0.354  0.535  0.627  0.515  0.414  0.180 -0.087 -0.217 -0.224 -0.227 -0.059  0.111  0.209  0.252  0.238
  0.270  0.441  0.698  1.000  0.663  0.484  0.228  0.035  0.085  0.171  0.382  0.551  0.530  0.657  0.493  0.316  0.123 -0.053 -0.154 -0.329 -0.379 -0.507 -0.419 -0.420 -0.439 -0.262 -0.235 -0.298 -0.168 -0.065 -0.143 -0.118 -0.004  0.012 -0.074 -0.096 -0.147 -0.199 -0.184 -0.169 -0.156 -0.047 -0.031 -0.002  0.017  0.035 -0.020 -0.101 -0.150 -0.244 -0.356 -0.411 -0.478 -0.507 -0.467 -0.300 -0.269 -0.336 -0.218 -0.125 -0.004  0.103  0.277  0.498  0.474  0.632  0.461  0.228  0.093  0.040 -0.036  0.041  0.035 -0.033  0.008  0.001
 -0.198 -0.012  0.261  0.663  1.000  0.830  0.579  0.293  0.302  0.349  0.585  0.668  0.661  0.458  0.296 -0.040 -0.188 -0.374 -0.431 -0.501 -0.461 -0.383 -0.155 -0.112 -0.236 -0.042  0.109  0.015  0.061  0.224  0.167  0.114  0.188  0.226  0.188  0.188  0.146  0.121  0.119  0.169  0.224  0.293  0.332  0.328  0.223  0.139  0.193  0.153  0.177  0.064 -0.029 -0.090 -0.223 -0.310 -0.439 -0.421 -0.457 -0.397 -0.272 -0.317 -0.240 -0.230 -0.180  0.028  0.154  0.491  0.627  0.558  0.516  0.393  0.245  0.142 -0.124 -0.385 -0.399 -0.389
 -0.333 -0.180  0.080  0.484  0.830  1.000  0.746  0.454  0.434  0.484  0.676  0.679  0.558  0.295  0.110 -0.175 -0.303 -0.483 -0.503 -0.552 -0.482 -0.342 -0.078 -0.044 -0.194 -0.011  0.174  0.059  0.067  0.247  0.215  0.126  0.182  0.258  0.233  0.253  0.233  0.219  0.228  0.297  0.364  0.412  0.459  0.451  0.305  0.188  0.278  0.241  0.288  0.171  0.073  0.003 -0.156 -0.245 -0.417 -0.419 -0.467 -0.363 -0.226 -0.315 -0.270 -0.299 -0.278 -0.090  0.071  0.452  0.609  0.685  0.645  0.525  0.374  0.192 -0.203 -0.517 -0.520 -0.505
 -0.384 -0.281 -0.085  0.228  0.579  0.746  1.000  0.782  0.622  0.434  0.591  0.464  0.421  0.156  0.013 -0.214 -0.332 -0.471 -0.466 -0.466 -0.384 -0.233  0.003  0.052 -0.074  0.071  0.256  0.173  0.136  0.288  0.297  0.189  0.186  0.272  0.296  0.315  0.313  0.329  0.359  0.379  0.428  0.476  0.489  0.438  0.259  0.139  0.252  0.213  0.290  0.177  0.107  0.060 -0.075 -0.150 -0.319 -0.382 -0.425 -0.309 -0.210 -0.317 -0.326 -0.371 -0.367 -0.231 -0.117  0.204  0.407  0.632  0.631  0.504  0.357  0.153 -0.278 -0.550 -0.565 -0.544
 -0.299 -0.254 -0.146  0.035  0.293  0.454  0.782  1.000  0.733  0.430  0.396  0.212  0.169 -0.008 -0.078 -0.200 -0.280 -0.347 -0.332 -0.300 -0.237 -0.120  0.026  0.058 -0.015  0.047  0.180  0.137  0.077  0.161  0.193  0.109  0.095  0.175  0.200  0.223  0.229  0.256  0.292  0.299  0.326  0.346  0.342  0.306  0.174  0.091  0.179  0.144  0.205  0.129  0.096  0.065 -0.010 -0.057 -0.178 -0.265 -0.294 -0.189 -0.143 -0.228 -0.264 -0.299 -0.306 -0.232 -0.161  0.030  0.208  0.438  0.435  0.341  0.253  0.078 -0.285 -0.437 -0.435 -0.405
 -0.278 -0.233 -0.129  0.085  0.302  0.434  0.622  0.733  1.000  0.753  0.623  0.320  0.211  0.060 -0.025 -0.174 -0.252 -0.325 -0.329 -0.308 -0.247 -0.159 -0.018  0.027 -0.052  0.013  0.138  0.108  0.080  0.146  0.178  0.125  0.119  0.181  0.198  0.192  0.184  0.196  0.209  0.210  0.238  0.243  0.257  0.232  0.113  0.058  0.124  0.103  0.157  0.071  0.054  0.033 -0.044 -0.104 -0.210 -0.279 -0.301 -0.213 -0.162 -0.236 -0.268 -0.292 -0.290 -0.207 -0.136  0.071  0.191  0.339  0.330  0.246  0.162  0.037 -0.262 -0.405 -0.394 -0.364
 -0.250 -0.179 -0.065  0.171  0.349  0.484  0.434  0.430  0.753  1.000  0.689  0.434  0.243  0.107 -0.005 -0.155 -0.228 -0.317 -0.339 -0.342 -0.290 -0.215 -0.068 -0.025 -0.114 -0.042  0.089  0.054  0.060  0.130  0.139  0.107  0.137  0.188  0.172  0.162  0.140  0.131  0.122  0.164  0.187  0.185  0.195  0.175  0.087  0.035  0.071  0.073  0.123  0.052  0.030 -0.004 -0.096 -0.164 -0.253 -0.276 -0.308 -0.245 -0.166 -0.227 -0.212 -0.229 -0.221 -0.125 -0.043  0.165  0.236  0.284  0.278  0.235  0.184  0.108 -0.140 -0.325 -0.332 -0.333
 -0.267 -0.129  0.012  0.382  0.585  0.676  0.591  0.396  0.623  0.689  1.000  0.794  0.628  0.400  0.186 -0.079 -0.225 -0.391 -0.443 -0.493 -0.428 -0.347 -0.128 -0.065 -0.169 -0.012  0.146  0.093  0.136  0.246  0.226  0.193  0.235  0.292  0.263  0.225  0.179  0.165  0.145  0.168  0.217  0.243  0.274  0.237  0.122  0.076  0.127  0.093  0.133  0.034 -0.037 -0.066 -0.220 -0.323 -0.431 -0.422 -0.456 -0.411 -0.305 -0.348 -0.305 -0.305 -0.266 -0.092 -0.023  0.253  0.310  0.400  0.396  0.319  0.192  0.101 -0.158 -0.392 -0.389 -0.378
 -0.151  0.029  0.201  0.551  0.668  0.679  0.464  0.212  0.320  0.434  0.794  1.000  0.802  0.594  0.334  0.042 -0.128 -0.324 -0.404 -0.498 -0.452 -0.414 -0.194 -0.145 -0.228 -0.047  0.073  0.012  0.099  0.210  0.159  0.155  0.228  0.268  0.209  0.159  0.104  0.077  0.051  0.078  0.131  0.173  0.214  0.190  0.116  0.074  0.104  0.057  0.073 -0.031 -0.129 -0.155 -0.313 -0.408 -0.489 -0.432 -0.469 -0.453 -0.330 -0.337 -0.249 -0.207 -0.132  0.068  0.113  0.343  0.333  0.376  0.348  0.282  0.156  0.107 -0.084 -0.303 -0.290 -0.287
 -0.076  0.108  0.247  0.530  0.661  0.558  0.421  0.169  0.211  0.243  0.628  0.802  1.000  0.763  0.510  0.178 -0.018 -0.247 -0.363 -0.444 -0.385 -0.373 -0.177 -0.098 -0.148  0.018  0.118  0.088  0.174  0.251  0.195  0.208  0.260  0.265  0.222  0.159  0.092  0.064  0.040  0.053  0.087  0.126  0.151  0.097  0.018  0.008  0.038 -0.012  0.000 -0.097 -0.180 -0.163 -0.303 -0.418 -0.480 -0.446 -0.486 -0.494 -0.400 -0.393 -0.308 -0.243 -0.152  0.036  0.019  0.222  0.224  0.268  0.272  0.201  0.077  0.074 -0.050 -0.227 -0.226 -0.223
  0.277  0.450  0.543  0.657  0.458  0.295  0.156 -0.008  0.060  0.107  0.400  0.594  0.763  1.000  0.754  0.489  0.260  0.029 -0.132 -0.282 -0.282 -0.425 -0.346 -0.292 -0.256 -0.115 -0.119 -0.128  0.009  0.035 -0.035  0.021  0.101  0.090  0.019 -0.052 -0.122 -0.172 -0.179 -0.193 -0.197 -0.141 -0.134 -0.166 -0.149 -0.081 -0.135 -0.207 -0.246 -0.324 -0.413 -0.377 -0.461 -0.543 -0.483 -0.350 -0.350 -0.466 -0.390 -0.280 -0.150 -0.005  0.166  0.341  0.202  0.258  0.087  0.000 -0.040 -0.078 -0.139  0.006  0.090  0.060  0.079  0.066
  0.358  0.528  0.532  0.493  0.296  0.110  0.013 -0.078 -0.025 -0.005  0.186  0.334  0.510  0.754  1.000  0.698  0.425  0.191 -0.013 -0.130 -0.113 -0.281 -0.280 -0.219 -0.157 -0.062 -0.108 -0.099  0.015  0.010 -0.059  0.000  0.064  0.020 -0.043 -0.105 -0.162 -0.192 -0.186 -0.232 -0.253 -0.212 -0.222 -0.266 -0.248 -0.145 -0.204 -0.272 -0.313 -0.368 -0.402 -0.327 -0.354 -0.445 -0.361 -0.276 -0.272 -0.398 -0.393 -0.281 -0.141  0.014  0.207  0.310  0.120  0.120 -0.027 -0.136 -0.152 -0.189 -0.226 -0.053  0.105  0.143  0.166  0.162
  0.676  0.681  0.487  0.316 -0.040 -0.175 -0.214 -0.200 -0.174 -0.155 -0.079  0.042  0.178  0.489  0.698  1.000  0.716  0.521  0.302  0.186  0.160 -0.141 -0.303 -0.298 -0.164 -0.175 -0.300 -0.268 -0.169 -0.229 -0.279 -0.190 -0.132 -0.177 -0.247 -0.298 -0.332 -0.360 -0.346 -0.389 -0.439 -0.390 -0.431 -0.460 -0.390 -0.242 -0.346 -0.412 -0.476 -0.474 -0.481 -0.406 -0.366 -0.362 -0.161 -0.052  0.004 -0.205 -0.278 -0.101  0.021  0.208  0.431  0.425  0.142 -0.004 -0.232 -0.376 -0.399 -0.382 -0.358 -0.103  0.195  0.388  0.409  0.392
  0.691  0.527  0.370  0.123 -0.188 -0.303 -0.332 -0.280 -0.252 -0.228 -0.225 -0.128 -0.018  0.260  0.425  0.716  1.000  0.799  0.537  0.429  0.450  0.105 -0.148 -0.179 -0.051 -0.144 -0.303 -0.281 -0.230 -0.309 -0.351 -0.271 -0.226 -0.272 -0.330 -0.354 -0.372 -0.397 -0.374 -0.415 -0.451 -0.426 -0.454 -0.440 -0.331 -0.192 -0.288 -0.352 -0.428 -0.397 -0.349 -0.272 -0.174 -0.109  0.121  0.206  0.231  0.028 -0.087  0.063  0.138  0.263  0.422  0.316  0.128 -0.079 -0.279 -0.427 -0.453 -0.438 -0.388 -0.145  0.191  0.408  0.385  0.359
  0.674  0.492  0.250 -0.053 -0.374 -0.483 -0.471 -0.347 -0.325 -0.317 -0.391 -0.324 -0.247  0.029  0.191  0.521  0.799  1.000  0.784  0.666  0.606  0.225 -0.127 -0.196 -0.021 -0.201 -0.417 -0.354 -0.321 -0.438 -0.456 -0.364 -0.332 -0.387 -0.438 -0.451 -0.449 -0.470 -0.427 -0.478 -0.531 -0.502 -0.551 -0.510 -0.366 -0.215 -0.335 -0.385 -0.471 -0.407 -0.337 -0.270 -0.102  0.035  0.323  0.424  0.486  0.263  0.105  0.269  0.288  0.376  0.469  0.303  0.138 -0.159 -0.357 -0.540 -0.571 -0.531 -0.445 -0.197  0.231  0.516  0.500  0.474
  0.505  0.322  0.143 -0.154 -0.431 -0.503 -0.466 -0.332 -0.329 -0.339 -0.443 -0.404 -0.363 -0.132 -0.013  0.302  0.537  0.784  1.000  0.794  0.601  0.273 -0.059 -0.169 -0.045 -0.243 -0.433 -0.382 -0.380 -0.496 -0.491 -0.419 -0.402 -0.447 -0.479 -0.463 -0.429 -0.435 -0.383 -0.420 -0.470 -0.449 -0.488 -0.428 -0.268 -0.156 -0.262 -0.289 -0.358 -0.276 -0.206 -0.179  0.005  0.205  0.500  0.631  0.695  0.503  0.347  0.475  0.436  0.430  0.417  0.245  0.179 -0.134 -0.320 -0.484 -0.527 -0.478 -0.370 -0.189  0.193  0.453  0.436  0.412
  0.334  0.140 -0.033 -0.329 -0.501 -0.552 -0.466 -0.300 -0.308 -0.342 -0.493 -0.498 -0.444 -0.282 -0.130  0.186  0.429  0.666  0.794  1.000  0.816  0.513  0.163  0.055  0.164 -0.086 -0.268 -0.222 -0.285 -0.422 -0.404 -0.371 -0.396 -0.431 -0.425 -0.395 -0.338 -0.312 -0.272 -0.313 -0.354 -0.364 -0.406 -0.360 -0.247 -0.168 -0.245 -0.212 -0.239 -0.140 -0.033  0.025  0.230  0.414  0.661  0.640  0.695  0.566  0.365  0.428  0.330  0.277  0.235  0.037 -0.007 -0.290 -0.374 -0.482 -0.473 -0.411 -0.314 -0.189  0.135  0.374  0.344  0.319
  0.226  0.022 -0.128 -0.379 -0.461 -0.482 -0.384 -0.237 -0.247 -0.290 -0.428 -0.452 -0.385 -0.282 -0.113  0.160  0.450  0.606  0.601  0.816  1.000  0.749  0.390  0.287  0.399  0.126 -0.058 -0.026 -0.133 -0.264 -0.255 -0.258 -0.293 -0.315 -0.295 -0.255 -0.203 -0.174 -0.147 -0.172 -0.202 -0.255 -0.294 -0.286 -0.241 -0.195 -0.227 -0.161 -0.144 -0.039  0.104  0.212  0.383  0.519  0.681  0.545  0.517  0.436  0.211  0.218  0.135  0.087  0.062 -0.123 -0.167 -0.361 -0.368 -0.406 -0.351 -0.291 -0.242 -0.156  0.054  0.224  0.184  0.167
 -0.123 -0.298 -0.363 -0.507 -0.383 -0.342 -0.233 -0.120 -0.159 -0.215 -0.347 -0.414 -0.373 -0.425 -0.281 -0.141  0.105  0.225  0.273  0.513  0.749  1.000  0.760  0.647  0.678  0.445  0.266  0.247  0.084 -0.038 -0.045 -0.102 -0.162 -0.174 -0.123 -0.055  0.007  0.070  0.063  0.063  0.080 -0.035 -0.004 -0.004 -0.018 -0.050 -0.002  0.119  0.193  0.319  0.479  0.611  0.700  0.758  0.707  0.454  0.351  0.435  0.243  0.125 -0.001 -0.130 -0.223 -0.381 -0.339 -0.393 -0.250 -0.186 -0.091 -0.058 -0.045 -0.130 -0.122 -0.081 -0.128 -0.125
 -0.362 -0.453 -0.417 -0.419 -0.155 -0.078  0.003  0.026 -0.018 -0.068 -0.128 -0.194 -0.177 -0.346 -0.280 -0.303 -0.148 -0.127 -0.059  0.163  0.390  0.760  1.000  0.841  0.673  0.614  0.588  0.459  0.235  0.192  0.187  0.053 -0.028 -0.011  0.060  0.137  0.236  0.344  0.300  0.266  0.324  0.214  0.309  0.282  0.209  0.104  0.213  0.357  0.469  0.569  0.676  0.788  0.701  0.659  0.465  0.225  0.058  0.226  0.158 -0.042 -0.147 -0.291 -0.404 -0.483 -0.381 -0.269 -0.050  0.109  0.194  0.182  0.138 -0.059 -0.267 -0.377 -0.427 -0.411
 -0.435 -0.501 -0.456 -0.420 -0.112 -0.044  0.052  0.058  0.027 -0.025 -0.065 -0.145 -0.098 -0.292 -0.219 -0.298 -0.179 -0.196 -0.169  0.055  0.287  0.647  0.841  1.000  0.803  0.617  0.712  0.658  0.391  0.343  0.370  0.250  0.159  0.161  0.234  0.272  0.309  0.401  0.320  0.302  0.398  0.189  0.282  0.239  0.137  0.078  0.186  0.303  0.430  0.503  0.635  0.799  0.722  0.578  0.348  0.050 -0.108  0.086  0.011 -0.221 -0.311 -0.423 -0.511 -0.572 -0.490 -0.331 -0.071  0.110  0.228  0.181  0.136 -0.084 -0.283 -0.410 -0.439 -0.424
 -0.266 -0.345 -0.411 -0.439 -0.236 -0.194 -0.074 -0.015 -0.052 -0.114 -0.169 -0.228 -0.148 -0.256 -0.157 -0.164 -0.051 -0.021 -0.045  0.164  0.399  0.678  0.673  0.803  1.000  0.742  0.558  0.628  0.479  0.292  0.283  0.237  0.138  0.097  0.154  0.175  0.193  0.254  0.185  0.178  0.230  0.053  0.086  0.002 -0.096 -0.107 -0.049  0.054  0.171  0.254  0.395  0.576  0.572  0.458  0.329  0.070 -0.044  0.059 -0.074 -0.213 -0.290 -0.358 -0.407 -0.479 -0.491 -0.429 -0.258 -0.104  0.036  0.029  0.002 -0.100 -0.152 -0.182 -0.205 -0.198
 -0.309 -0.312 -0.319 -0.262 -0.042 -0.011  0.071  0.047  0.013 -0.042 -0.012 -0.047  0.018 -0.115 -0.062 -0.175 -0.144 -0.201 -0.243 -0.086  0.126  0.445  0.614  0.617  0.742  1.000  0.725  0.625  0.608  0.496  0.389  0.322  0.232  0.185  0.222  0.241  0.286  0.364  0.277  0.232  0.266  0.190  0.238  0.134  0.017 -0.027  0.052  0.126  0.217  0.248  0.303  0.460  0.373  0.235  0.057 -0.121 -0.233 -0.130 -0.162 -0.283 -0.324 -0.378 -0.406 -0.399 -0.394 -0.253 -0.112  0.053  0.160  0.123  0.061 -0.046 -0.180 -0.280 -0.310 -0.296
 -0.522 -0.482 -0.389 -0.235  0.109  0.174  0.256  0.180  0.138  0.089  0.146  0.073  0.118 -0.119 -0.108 -0.300 -0.303 -0.417 -0.433 -0.268 -0.058  0.266  0.588  0.712  0.558  0.725  1.000  0.847  0.625  0.692  0.694  0.514  0.407  0.439  0.512  0.539  0.570  0.652  0.542  0.465  0.557  0.391  0.450  0.335  0.160  0.077  0.208  0.277  0.401  0.398  0.442  0.569  0.414  0.221 -0.046 -0.274 -0.416 -0.238 -0.223 -0.428 -0.473 -0.549 -0.597 -0.548 -0.468 -0.196  0.059  0.288  0.404  0.340  0.269  0.034 -0.318 -0.557 -0.585 -0.548
 -0.477 -0.447 -0.417 -0.298  0.015  0.059  0.173  0.137  0.108  0.054  0.093  0.012  0.088 -0.128 -0.099 -0.268 -0.281 -0.354 -0.382 -0.222 -0.026  0.247  0.459  0.658  0.628  0.625  0.847  1.000  0.784  0.696  0.764  0.673  0.519  0.491  0.582  0.552  0.531  0.567  0.455  0.415  0.492  0.278  0.293  0.159 -0.028 -0.069  0.043  0.123  0.250  0.247  0.332  0.468  0.371  0.181 -0.043 -0.287 -0.398 -0.247 -0.275 -0.456 -0.504 -0.558 -0.595 -0.564 -0.538 -0.321 -0.084  0.132  0.283  0.233  0.195  0.001 -0.242 -0.427 -0.448 -0.417
 -0.355 -0.288 -0.292 -0.168  0.061  0.067  0.136  0.077  0.080  0.060  0.136  0.099  0.174  0.009  0.015 -0.169 -0.230 -0.321 -0.380 -0.285 -0.133  0.084  0.235  0.391  0.479  0.608  0.625  0.784  1.000  0.815  0.707  0.767  0.686  0.548  0.547  0.442  0.350  0.353  0.224  0.232  0.307  0.127  0.145  0.004 -0.155 -0.143 -0.084 -0.046  0.047  0.038  0.106  0.240  0.157 -0.021 -0.190 -0.360 -0.433 -0.336 -0.349 -0.455 -0.468 -0.468 -0.469 -0.401 -0.421 -0.245 -0.124  0.035  0.162  0.091  0.057 -0.036 -0.136 -0.254 -0.262 -0.242
 -0.449 -0.357 -0.266 -0.065  0.224  0.247  0.288  0.161  0.146  0.130  0.246  0.210  0.251  0.035  0.010 -0.229 -0.309 -0.438 -0.496 -0.422 -0.264 -0.038  0.192  0.343  0.292  0.496  0.692  0.696  0.815  1.000  0.876  0.782  0.770  0.757  0.738  0.681  0.558  0.533  0.415  0.414  0.498  0.309  0.310  0.183 -0.006 -0.037  0.063  0.067  0.168  0.119  0.143  0.243  0.119 -0.067 -0.283 -0.434 -0.519 -0.395 -0.363 -0.494 -0.495 -0.516 -0.522 -0.414 -0.371 -0.106  0.058  0.255  0.366  0.310  0.239  0.069 -0.214 -0.462 -0.487 -0.451
 -0.496 -0.426 -0.332 -0.143  0.167  0.215  0.297  0.193  0.178  0.139  0.226  0.159  0.195 -0.035 -0.059 -0.279 -0.351 -0.456 -0.491 -0.404 -0.255 -0.045  0.187  0.370  0.283  0.389  0.694  0.764  0.707  0.876  1.000  0.853  0.744  0.780  0.846  0.793  0.704  0.659  0.552  0.521  0.559  0.371  0.334  0.202 -0.002 -0.048  0.070  0.091  0.200  0.148  0.185  0.265  0.151 -0.026 -0.242 -0.413 -0.495 -0.355 -0.331 -0.480 -0.511 -0.550 -0.577 -0.491 -0.441 -0.170  0.030  0.254  0.382  0.348  0.289  0.095 -0.231 -0.516 -0.538 -0.493
 -0.376 -0.303 -0.268 -0.118  0.114  0.126  0.189  0.109  0.125  0.107  0.193  0.155  0.208  0.021  0.000 -0.190 -0.271 -0.364 -0.419 -0.371 -0.258 -0.102  0.053  0.250  0.237  0.322  0.514  0.673  0.767  0.782  0.853  1.000  0.879  0.754  0.779  0.605  0.441  0.402  0.289  0.295  0.353  0.164  0.149  0.030 -0.125 -0.114 -0.040 -0.029  0.044 -0.007  0.037  0.138  0.055 -0.118 -0.276 -0.415 -0.462 -0.370 -0.363 -0.460 -0.471 -0.466 -0.467 -0.385 -0.387 -0.190 -0.066  0.091  0.203  0.143  0.111  0.004 -0.131 -0.314 -0.316 -0.281
 -0.304 -0.221 -0.168 -0.004  0.188  0.182  0.186  0.095  0.119  0.137  0.235  0.228  0.260  0.101  0.064 -0.132 -0.226 -0.332 -0.402 -0.396 -0.293 -0.162 -0.028  0.159  0.138  0.232  0.407  0.519  0.686  0.770  0.744  0.879  1.000  0.866  0.762  0.592  0.326  0.276  0.170  0.188  0.295  0.102  0.108  0.015 -0.119 -0.094 -0.035 -0.043  0.013 -0.046 -0.018  0.080 -0.012 -0.173 -0.325 -0.433 -0.471 -0.399 -0.375 -0.452 -0.429 -0.400 -0.378 -0.277 -0.275 -0.090 -0.003  0.111  0.194  0.132  0.087 -0.002 -0.130 -0.286 -0.287 -0.253
 -0.359 -0.286 -0.189  0.012  0.226  0.258  0.272  0.175  0.181  0.188  0.292  0.268  0.265  0.090  0.020 -0.177 -0.272 -0.387 -0.447 -0.431 -0.315 -0.174 -0.011  0.161  0.097  0.185  0.439  0.491  0.548  0.757  0.780  0.754  0.866  1.000  0.905  0.802  0.539  0.450  0.363  0.354  0.442  0.244  0.229  0.131 -0.035 -0.055  0.034  0.019  0.095  0.031  0.043  0.107 -0.010 -0.161 -0.326 -0.438 -0.483 -0.395 -0.361 -0.457 -0.448 -0.438 -0.418 -0.309 -0.279 -0.062  0.062  0.232  0.318  0.295  0.235  0.088 -0.191 -0.430 -0.441 -0.400
 -0.443 -0.377 -0.271 -0.074  0.188  0.233  0.296  0.200  0.198  0.172  0.263  0.209  0.222  0.019 -0.043 -0.247 -0.330 -0.438 -0.479 -0.425 -0.295 -0.123  0.060  0.234  0.154  0.222  0.512  0.582  0.547  0.738  0.846  0.779  0.762  0.905  1.000  0.902  0.704  0.594  0.508  0.496  0.545  0.347  0.304  0.186 -0.009 -0.060  0.053  0.059  0.158  0.092  0.121  0.176  0.062 -0.093 -0.276 -0.417 -0.475 -0.356 -0.327 -0.454 -0.476 -0.499 -0.504 -0.408 -0.366 -0.126  0.045  0.259  0.378  0.374  0.320  0.135 -0.201 -0.497 -0.519 -0.474
 -0.475 -0.426 -0.299 -0.096  0.188  0.253  0.315  0.223  0.192  0.162  0.225  0.159  0.159 -0.052 -0.105 -0.298 -0.354 -0.451 -0.463 -0.395 -0.255 -0.055  0.137  0.272  0.175  0.241  0.539  0.552  0.442  0.681  0.793  0.605  0.592  0.802  0.902  1.000  0.847  0.708  0.625  0.611  0.627  0.459  0.400  0.285  0.074 -0.008  0.122  0.134  0.242  0.182  0.205  0.233  0.122 -0.011 -0.209 -0.357 -0.425 -0.290 -0.259 -0.407 -0.444 -0.499 -0.519 -0.440 -0.358 -0.104  0.095  0.336  0.447  0.475  0.408  0.202 -0.231 -0.562 -0.604 -0.561
 -0.493 -0.452 -0.321 -0.147  0.146  0.233  0.313  0.229  0.184  0.140  0.179  0.104  0.092 -0.122 -0.162 -0.332 -0.372 -0.449 -0.429 -0.338 -0.203  0.007  0.236  0.309  0.193  0.286  0.570  0.531  0.350  0.558  0.704  0.441  0.326  0.539  0.704  0.847  1.000  0.887  0.772  0.688  0.622  0.533  0.451  0.340  0.128  0.019  0.161  0.193  0.310  0.264  0.287  0.275  0.171  0.065 -0.124 -0.265 -0.348 -0.199 -0.159 -0.325 -0.387 -0.472 -0.518 -0.464 -0.362 -0.112  0.102  0.351  0.449  0.490  0.422  0.210 -0.249 -0.579 -0.619 -0.577
 -0.539 -0.499 -0.366 -0.199  0.121  0.219  0.329  0.256  0.196  0.131  0.165  0.077  0.064 -0.172 -0.192 -0.360 -0.397 -0.470 -0.435 -0.312 -0.174  0.070  0.344  0.401  0.254  0.364  0.652  0.567  0.353  0.533  0.659  0.402  0.276  0.450  0.594  0.708  0.887  1.000  0.867  0.670  0.651  0.586  0.510  0.393  0.182  0.059  0.210  0.256  0.379  0.344  0.371  0.359  0.243  0.136 -0.076 -0.238 -0.333 -0.160 -0.122 -0.308 -0.380 -0.485 -0.550 -0.505 -0.389 -0.123  0.111  0.370  0.462  0.487  0.405  0.152 -0.301 -0.597 -0.638 -0.594
 -0.503 -0.475 -0.338 -0.184  0.119  0.228  0.359  0.292  0.209  0.122  0.145  0.051  0.040 -0.179 -0.186 -0.346 -0.374 -0.427 -0.383 -0.272 -0.147  0.063  0.300  0.320  0.185  0.277  0.542  0.455  0.224  0.415  0.552  0.289  0.170  0.363  0.508  0.625  0.772  0.867  1.000  0.771  0.696  0.672  0.544  0.412  0.199  0.054  0.203  0.245  0.365  0.331  0.341  0.301  0.210  0.137 -0.059 -0.193 -0.262 -0.102 -0.062 -0.233 -0.315 -0.435 -0.499 -0.457 -0.348 -0.106  0.130  0.391  0.496  0.559  0.510  0.249 -0.247 -0.578 -0.646 -0.610
 -0.534 -0.514 -0.349 -0.169  0.169  0.297  0.379  0.299  0.210  0.164  0.168  0.078  0.053 -0.193 -0.232 -0.389 -0.415 -0.478 -0.420 -0.313 -0.172  0.063  0.266  0.302  0.178  0.232  0.465  0.415  0.232  0.414  0.521  0.295  0.188  0.354  0.496  0.611  0.688  0.670  0.771  1.000  0.835  0.755  0.612  0.466  0.222  0.042  0.213  0.269  0.412  0.373  0.366  0.326  0.237  0.154 -0.062 -0.211 -0.276 -0.101 -0.050 -0.236 -0.318 -0.454 -0.520 -0.474 -0.342 -0.077  0.177  0.461  0.611  0.697  0.704  0.473 -0.153 -0.608 -0.695 -0.673
 -0.592 -0.568 -0.380 -0.156  0.224  0.364  0.428  0.326  0.238  0.187  0.217  0.131  0.087 -0.197 -0.253 -0.439 -0.451 -0.531 -0.470 -0.354 -0.202  0.080  0.324  0.398  0.230  0.266  0.557  0.492  0.307  0.498  0.559  0.353  0.295  0.442  0.545  0.627  0.622  0.651  0.696  0.835  1.000  0.766  0.697  0.562  0.302  0.099  0.287  0.355  0.515  0.466  0.454  0.422  0.292  0.197 -0.061 -0.239 -0.332 -0.122 -0.063 -0.292 -0.353 -0.492 -0.563 -0.505 -0.343 -0.037  0.258  0.560  0.709  0.748  0.700  0.369 -0.266 -0.675 -0.759 -0.730
 -0.505 -0.464 -0.274 -0.047  0.293  0.412  0.476  0.346  0.243  0.185  0.243  0.173  0.126 -0.141 -0.212 -0.390 -0.426 -0.502 -0.449 -0.364 -0.255 -0.035  0.214  0.189  0.053  0.190  0.391  0.278  0.127  0.309  0.371  0.164  0.102  0.244  0.347  0.459  0.533  0.586  0.672  0.755  0.766  1.000  0.820  0.638  0.374  0.130  0.303  0.362  0.502  0.457  0.373  0.251  0.131  0.102 -0.118 -0.217 -0.275 -0.104 -0.006 -0.180 -0.252 -0.393 -0.447 -0.372 -0.218  0.062  0.338  0.619  0.732  0.805  0.682  0.436 -0.209 -0.609 -0.697 -0.685
 -0.532 -0.483 -0.279 -0.031  0.332  0.459  0.489  0.342  0.257  0.195  0.274  0.214  0.151 -0.134 -0.222 -0.431 -0.454 -0.551 -0.488 -0.406 -0.294 -0.004  0.309  0.282  0.086  0.238  0.450  0.293  0.145  0.310  0.334  0.149  0.108  0.229  0.304  0.400  0.451  0.510  0.544  0.612  0.697  0.820  1.000  0.841  0.566  0.257  0.440  0.504  0.664  0.614  0.503  0.383  0.214  0.163 -0.101 -0.219 -0.310 -0.105  0.011 -0.197 -0.239 -0.376 -0.445 -0.369 -0.181  0.128  0.443  0.724  0.767  0.743  0.602  0.306 -0.298 -0.663 -0.729 -0.710
 -0.481 -0.450 -0.219 -0.002  0.328  0.451  0.438  0.306  0.232  0.175  0.237  0.190  0.097 -0.166 -0.266 -0.460 -0.440 -0.510 -0.428 -0.360 -0.286 -0.004  0.282  0.239  0.002  0.134  0.335  0.159  0.004  0.183  0.202  0.030  0.015  0.131  0.186  0.285  0.340  0.393  0.412  0.466  0.562  0.638  0.841  1.000  0.807  0.477  0.650  0.698  0.742  0.632  0.513  0.377  0.233  0.201 -0.050 -0.145 -0.227 -0.026  0.098 -0.096 -0.127 -0.257 -0.339 -0.279 -0.058  0.223  0.532  0.764  0.707  0.649  0.510  0.207 -0.344 -0.650 -0.689 -0.664
 -0.325 -0.303 -0.111  0.017  0.223  0.305  0.259  0.174  0.113  0.087  0.122  0.116  0.018 -0.149 -0.248 -0.390 -0.331 -0.366 -0.268 -0.247 -0.241 -0.018  0.209  0.137 -0.096  0.017  0.160 -0.028 -0.155 -0.006 -0.002 -0.125 -0.119 -0.035 -0.009  0.074  0.128  0.182  0.199  0.222  0.302  0.374  0.566  0.807  1.000  0.719  0.691  0.692  0.593  0.544  0.426  0.290  0.175  0.176 -0.009 -0.026 -0.098  0.051  0.181  0.055  0.067 -0.015 -0.121 -0.096  0.133  0.303  0.495  0.579  0.458  0.395  0.298  0.064 -0.291 -0.464 -0.483 -0.461
 -0.182 -0.176 -0.033  0.035  0.139  0.188  0.139  0.091  0.058  0.035  0.076  0.074  0.008 -0.081 -0.145 -0.242 -0.192 -0.215 -0.156 -0.168 -0.195 -0.050  0.104  0.078 -0.107 -0.027  0.077 -0.069 -0.143 -0.037 -0.048 -0.114 -0.094 -0.055 -0.060 -0.008  0.019  0.059  0.054  0.042  0.099  0.130  0.257  0.477  0.719  1.000  0.771  0.570  0.370  0.312  0.244  0.174  0.106  0.076 -0.045 -0.032 -0.072  0.010  0.104  0.048  0.061  0.022 -0.042 -0.039  0.077  0.177  0.316  0.350  0.227  0.152  0.094 -0.062 -0.229 -0.297 -0.281 -0.264
 -0.307 -0.303 -0.121 -0.020  0.193  0.278  0.252  0.179  0.124  0.071  0.127  0.104  0.038 -0.135 -0.204 -0.346 -0.288 -0.335 -0.262 -0.245 -0.227 -0.002  0.213  0.186 -0.049  0.052  0.208  0.043 -0.084  0.063  0.070 -0.040 -0.035  0.034  0.053  0.122  0.161  0.210  0.203  0.213  0.287  0.303  0.440  0.650  0.691  0.771  1.000  0.770  0.579  0.441  0.358  0.292  0.196  0.153 -0.031 -0.064 -0.124  0.012  0.113 -0.001 -0.018 -0.102 -0.183 -0.170 -0.013  0.150  0.349  0.484  0.390  0.328  0.241  0.014 -0.302 -0.466 -0.471 -0.436
 -0.398 -0.402 -0.201 -0.101  0.153  0.241  0.213  0.144  0.103  0.073  0.093  0.057 -0.012 -0.207 -0.272 -0.412 -0.352 -0.385 -0.289 -0.212 -0.161  0.119  0.357  0.303  0.054  0.126  0.277  0.123 -0.046  0.067  0.091 -0.029 -0.043  0.019  0.059  0.134  0.193  0.256  0.245  0.269  0.355  0.362  0.504  0.698  0.692  0.570  0.770  1.000  0.818  0.658  0.533  0.448  0.318  0.288  0.069 -0.023 -0.104  0.080  0.180  0.012 -0.034 -0.155 -0.268 -0.265 -0.074  0.116  0.346  0.466  0.426  0.372  0.295  0.048 -0.324 -0.499 -0.523 -0.497
 -0.523 -0.516 -0.293 -0.150  0.177  0.288  0.290  0.205  0.157  0.123  0.133  0.073  0.000 -0.246 -0.313 -0.476 -0.428 -0.471 -0.358 -0.239 -0.144  0.193  0.469  0.430  0.171  0.217  0.401  0.250  0.047  0.168  0.200  0.044  0.013  0.095  0.158  0.242  0.310  0.379  0.365  0.412  0.515  0.502  0.664  0.742  0.593  0.370  0.579  0.818  1.000  0.836  0.695  0.583  0.412  0.391  0.132 -0.014 -0.123  0.119  0.207 -0.029 -0.107 -0.280 -0.403 -0.390 -0.181  0.072  0.359  0.540  0.553  0.517  0.420  0.127 -0.352 -0.607 -0.645 -0.619
 -0.503 -0.512 -0.330 -0.244  0.064  0.171  0.177  0.129  0.071  0.052  0.034 -0.031 -0.097 -0.324 -0.368 -0.474 -0.397 -0.407 -0.276 -0.140 -0.039  0.319  0.569  0.503  0.254  0.248  0.398  0.247  0.038  0.119  0.148 -0.007 -0.046  0.031  0.092  0.182  0.264  0.344  0.331  0.373  0.466  0.457  0.614  0.632  0.544  0.312  0.441  0.658  0.836  1.000  0.865  0.701  0.512  0.521  0.258  0.097 -0.025  0.221  0.298  0.048 -0.039 -0.228 -0.388 -0.403 -0.191  0.013  0.294  0.425  0.463  0.440  0.364  0.091 -0.323 -0.528 -0.579 -0.561
 -0.514 -0.566 -0.406 -0.356 -0.029  0.073  0.107  0.096  0.054  0.030 -0.037 -0.129 -0.180 -0.413 -0.402 -0.481 -0.349 -0.337 -0.206 -0.033  0.104  0.479  0.676  0.635  0.395  0.303  0.442  0.332  0.106  0.143  0.185  0.037 -0.018  0.043  0.121  0.205  0.287  0.371  0.341  0.366  0.454  0.373  0.503  0.513  0.426  0.244  0.358  0.533  0.695  0.865  1.000  0.861  0.711  0.691  0.407  0.171  0.035  0.299  0.320  0.039 -0.075 -0.271 -0.445 -0.493 -0.282 -0.098  0.192  0.325  0.384  0.363  0.314  0.037 -0.326 -0.496 -0.553 -0.538
 -0.493 -0.557 -0.449 -0.411 -0.090  0.003  0.060  0.065  0.033 -0.004 -0.066 -0.155 -0.163 -0.377 -0.327 -0.406 -0.272 -0.270 -0.179  0.025  0.212  0.611  0.788  0.799  0.576  0.460  0.569  0.468  0.240  0.243  0.265  0.138  0.080  0.107  0.176  0.233  0.275  0.359  0.301  0.326  0.422  0.251  0.383  0.377  0.290  0.174  0.292  0.448  0.583  0.701  0.861  1.000  0.850  0.714  0.426  0.131 -0.032  0.220  0.173 -0.103 -0.203 -0.354 -0.490 -0.545 -0.389 -0.211  0.062  0.213  0.301  0.261  0.224 -0.039 -0.319 -0.462 -0.504 -0.483
 -0.393 -0.496 -0.423 -0.478 -0.223 -0.156 -0.075 -0.010 -0.044 -0.096 -0.220 -0.313 -0.303 -0.461 -0.354 -0.366 -0.174 -0.102  0.005  0.230  0.383  0.700  0.701  0.722  0.572  0.373  0.414  0.371  0.157  0.119  0.151  0.055 -0.012 -0.010  0.062  0.122  0.171  0.243  0.210  0.237  0.292  0.131  0.214  0.233  0.175  0.106  0.196  0.318  0.412  0.512  0.711  0.850  1.000  0.848  0.604  0.300  0.173  0.385  0.269  0.038 -0.090 -0.245 -0.390 -0.499 -0.356 -0.282 -0.043  0.057  0.138  0.122  0.119 -0.089 -0.245 -0.306 -0.349 -0.338
 -0.298 -0.456 -0.396 -0.507 -0.310 -0.245 -0.150 -0.057 -0.104 -0.164 -0.323 -0.408 -0.418 -0.543 -0.445 -0.362 -0.109  0.035  0.205  0.414  0.519  0.758  0.659  0.578  0.458  0.235  0.221  0.181 -0.021 -0.067 -0.026 -0.118 -0.173 -0.161 -0.093 -0.011  0.065  0.136  0.137  0.154  0.197  0.102  0.163  0.201  0.176  0.076  0.153  0.288  0.391  0.521  0.691  0.714  0.848  1.000  0.822  0.549  0.436  0.631  0.487  0.274  0.112 -0.088 -0.258 -0.409 -0.251 -0.266 -0.068 -0.007  0.060  0.076  0.084 -0.092 -0.197 -0.214 -0.272 -0.268
 -0.031 -0.219 -0.254 -0.467 -0.439 -0.417 -0.319 -0.178 -0.210 -0.253 -0.431 -0.489 -0.480 -0.483 -0.361 -0.161  0.121  0.323  0.500  0.661  0.681  0.707  0.465  0.348  0.329  0.057 -0.046 -0.043 -0.190 -0.283 -0.242 -0.276 -0.325 -0.326 -0.276 -0.209 -0.124 -0.076 -0.059 -0.062 -0.061 -0.118 -0.101 -0.050 -0.009 -0.045 -0.031  0.069  0.132  0.258  0.407  0.426  0.604  0.822  1.000  0.804  0.695  0.760  0.561  0.455  0.304  0.122 -0.030 -0.213 -0.106 -0.271 -0.208 -0.229 -0.194 -0.148 -0.100 -0.149 -0.056  0.047 -0.006 -0.016
  0.165  0.015 -0.060 -0.300 -0.421 -0.419 -0.382 -0.265 -0.279 -0.276 -0.422 -0.432 -0.446 -0.350 -0.276 -0.052  0.206  0.424  0.631  0.640  0.545  0.454  0.225  0.050  0.070 -0.121 -0.274 -0.287 -0.360 -0.434 -0.413 -0.415 -0.433 -0.438 -0.417 -0.357 -0.265 -0.238 -0.193 -0.211 -0.239 -0.217 -0.219 -0.145 -0.026 -0.032 -0.064 -0.023 -0.014  0.097  0.171  0.131  0.300  0.549  0.804  1.000  0.848  0.761  0.674  0.673  0.601  0.397  0.248  0.068  0.151 -0.114 -0.184 -0.275 -0.308 -0.240 -0.173 -0.139  0.041  0.185  0.142  0.124
  0.254  0.082  0.001 -0.269 -0.457 -0.467 -0.425 -0.294 -0.301 -0.308 -0.456 -0.469 -0.486 -0.350 -0.272  0.004  0.231  0.486  0.695  0.695  0.517  0.351  0.058 -0.108 -0.044 -0.233 -0.416 -0.398 -0.433 -0.519 -0.495 -0.462 -0.471 -0.483 -0.475 -0.425 -0.348 -0.333 -0.262 -0.276 -0.332 -0.275 -0.310 -0.227 -0.098 -0.072 -0.124 -0.104 -0.123 -0.025  0.035 -0.032  0.173  0.436  0.695  0.848  1.000  0.848  0.686  0.760  0.610  0.451  0.341  0.160  0.198 -0.108 -0.220 -0.349 -0.391 -0.314 -0.215 -0.132  0.113  0.305  0.276  0.256
  0.020 -0.160 -0.114 -0.336 -0.397 -0.363 -0.309 -0.189 -0.213 -0.245 -0.411 -0.453 -0.494 -0.466 -0.398 -0.205  0.028  0.263  0.503  0.566  0.436  0.435  0.226  0.086  0.059 -0.130 -0.238 -0.247 -0.336 -0.395 -0.355 -0.370 -0.399 -0.395 -0.356 -0.290 -0.199 -0.160 -0.102 -0.101 -0.122 -0.104 -0.105 -0.026  0.051  0.010  0.012  0.080  0.119  0.221  0.299  0.220  0.385  0.631  0.760  0.761  0.848  1.000  0.837  0.729  0.502  0.296  0.153 -0.020  0.083 -0.109 -0.111 -0.189 -0.206 -0.144 -0.063 -0.113 -0.020  0.077  0.053  0.045
 -0.039 -0.157 -0.051 -0.218 -0.272 -0.226 -0.210 -0.143 -0.162 -0.166 -0.305 -0.330 -0.400 -0.390 -0.393 -0.278 -0.087  0.105  0.347  0.365  0.211  0.243  0.158  0.011 -0.074 -0.162 -0.223 -0.275 -0.349 -0.363 -0.331 -0.363 -0.375 -0.361 -0.327 -0.259 -0.159 -0.122 -0.062 -0.050 -0.063 -0.006  0.011  0.098  0.181  0.104  0.113  0.180  0.207  0.298  0.320  0.173  0.269  0.487  0.561  0.674  0.686  0.837  1.000  0.819  0.658  0.388  0.204  0.050  0.184  0.018  0.022 -0.047 -0.095 -0.036  0.029 -0.050 -0.049 -0.012 -0.041 -0.048
  0.206  0.092  0.097 -0.125 -0.317 -0.315 -0.317 -0.228 -0.236 -0.227 -0.348 -0.337 -0.393 -0.280 -0.281 -0.101  0.063  0.269  0.475  0.428  0.218  0.125 -0.042 -0.221 -0.213 -0.283 -0.428 -0.456 -0.455 -0.494 -0.480 -0.460 -0.452 -0.457 -0.454 -0.407 -0.325 -0.308 -0.233 -0.236 -0.292 -0.180 -0.197 -0.096  0.055  0.048 -0.001  0.012 -0.029  0.048  0.039 -0.103  0.038  0.274  0.455  0.673  0.760  0.729  0.819  1.000  0.823  0.582  0.427  0.268  0.326  0.052 -0.058 -0.195 -0.284 -0.223 -0.135 -0.088  0.074  0.215  0.198  0.181
  0.297  0.252  0.208 -0.004 -0.240 -0.270 -0.326 -0.264 -0.268 -0.212 -0.305 -0.249 -0.308 -0.150 -0.141  0.021  0.138  0.288  0.436  0.330  0.135 -0.001 -0.147 -0.311 -0.290 -0.324 -0.473 -0.504 -0.468 -0.495 -0.511 -0.471 -0.429 -0.448 -0.476 -0.444 -0.387 -0.380 -0.315 -0.318 -0.353 -0.252 -0.239 -0.127  0.067  0.061 -0.018 -0.034 -0.107 -0.039 -0.075 -0.203 -0.090  0.112  0.304  0.601  0.610  0.502  0.658  0.823  1.000  0.798  0.595  0.418  0.497  0.165 -0.001 -0.173 -0.300 -0.250 -0.175 -0.089  0.107  0.263  0.247  0.230
  0.491  0.448  0.354  0.103 -0.230 -0.299 -0.371 -0.299 -0.292 -0.229 -0.305 -0.207 -0.243 -0.005  0.014  0.208  0.263  0.376  0.430  0.277  0.087 -0.130 -0.291 -0.423 -0.358 -0.378 -0.549 -0.558 -0.468 -0.516 -0.550 -0.466 -0.400 -0.438 -0.499 -0.499 -0.472 -0.485 -0.435 -0.454 -0.492 -0.393 -0.376 -0.257 -0.015  0.022 -0.102 -0.155 -0.280 -0.228 -0.271 -0.354 -0.245 -0.088  0.122  0.397  0.451  0.296  0.388  0.582  0.798  1.000  0.799  0.588  0.600  0.228 -0.045 -0.265 -0.412 -0.376 -0.300 -0.135  0.176  0.402  0.409  0.394
  0.673  0.629  0.535  0.277 -0.180 -0.278 -0.367 -0.306 -0.290 -0.221 -0.266 -0.132 -0.152  0.166  0.207  0.431  0.422  0.469  0.417  0.235  0.062 -0.223 -0.404 -0.511 -0.407 -0.406 -0.597 -0.595 -0.469 -0.522 -0.577 -0.467 -0.378 -0.418 -0.504 -0.519 -0.518 -0.550 -0.499 -0.520 -0.563 -0.447 -0.445 -0.339 -0.121 -0.042 -0.183 -0.268 -0.403 -0.388 -0.445 -0.490 -0.390 -0.258 -0.030  0.248  0.341  0.153  0.204  0.427  0.595  0.799  1.000  0.830  0.653  0.302 -0.057 -0.305 -0.458 -0.423 -0.352 -0.131  0.215  0.459  0.493  0.477
  0.600  0.670  0.627  0.498  0.028 -0.090 -0.231 -0.232 -0.207 -0.125 -0.092  0.068  0.036  0.341  0.310  0.425  0.316  0.303  0.245  0.037 -0.123 -0.381 -0.483 -0.572 -0.479 -0.399 -0.548 -0.564 -0.401 -0.414 -0.491 -0.385 -0.277 -0.309 -0.408 -0.440 -0.464 -0.505 -0.457 -0.474 -0.505 -0.372 -0.369 -0.279 -0.096 -0.039 -0.170 -0.265 -0.390 -0.403 -0.493 -0.545 -0.499 -0.409 -0.213  0.068  0.160 -0.020  0.050  0.268  0.418  0.588  0.830  1.000  0.793  0.495  0.089 -0.183 -0.357 -0.335 -0.295 -0.083  0.202  0.385  0.427  0.406
  0.367  0.431  0.515  0.474  0.154  0.071 -0.117 -0.161 -0.136 -0.043 -0.023  0.113  0.019  0.202  0.120  0.142  0.128  0.138  0.179 -0.007 -0.167 -0.339 -0.381 -0.490 -0.491 -0.394 -0.468 -0.538 -0.421 -0.371 -0.441 -0.387 -0.275 -0.279 -0.366 -0.358 -0.362 -0.389 -0.348 -0.342 -0.343 -0.218 -0.181 -0.058  0.133  0.077 -0.013 -0.074 -0.181 -0.191 -0.282 -0.389 -0.356 -0.251 -0.106  0.151  0.198  0.083  0.184  0.326  0.497  0.600  0.653  0.793  1.000  0.704  0.342  0.043 -0.169 -0.168 -0.152 -0.042  0.093  0.197  0.209  0.194
  0.079  0.183  0.414  0.632  0.491  0.452  0.204  0.030  0.071  0.165  0.253  0.343  0.222  0.258  0.120 -0.004 -0.079 -0.159 -0.134 -0.290 -0.361 -0.393 -0.269 -0.331 -0.429 -0.253 -0.196 -0.321 -0.245 -0.106 -0.170 -0.190 -0.090 -0.062 -0.126 -0.104 -0.112 -0.123 -0.106 -0.077 -0.037  0.062  0.128  0.223  0.303  0.177  0.150  0.116  0.072  0.013 -0.098 -0.211 -0.282 -0.266 -0.271 -0.114 -0.108 -0.109  0.018  0.052  0.165  0.228  0.302  0.495  0.704  1.000  0.716  0.391  0.188  0.130  0.078  0.062 -0.050 -0.142 -0.126 -0.127
 -0.215 -0.119  0.180  0.461  0.627  0.609  0.407  0.208  0.191  0.236  0.310  0.333  0.224  0.087 -0.027 -0.232 -0.279 -0.357 -0.320 -0.374 -0.368 -0.250 -0.050 -0.071 -0.258 -0.112  0.059 -0.084 -0.124  0.058  0.030 -0.066 -0.003  0.062  0.045  0.095  0.102  0.111  0.130  0.177  0.258  0.338  0.443  0.532  0.495  0.316  0.349  0.346  0.359  0.294  0.192  0.062 -0.043 -0.068 -0.208 -0.184 -0.220 -0.111  0.022 -0.058 -0.001 -0.045 -0.057  0.089  0.342  0.716  1.000  0.709  0.525  0.413  0.301  0.131 -0.206 -0.425 -0.427 -0.412
 -0.443 -0.348 -0.087  0.228  0.558  0.685  0.632  0.438  0.339  0.284  0.400  0.376  0.268  0.000 -0.136 -0.376 -0.427 -0.540 -0.484 -0.482 -0.406 -0.186  0.109  0.110 -0.104  0.053  0.288  0.132  0.035  0.255  0.254  0.091  0.111  0.232  0.259  0.336  0.351  0.370  0.391  0.461  0.560  0.619  0.724  0.764  0.579  0.350  0.484  0.466  0.540  0.425  0.325  0.213  0.057 -0.007 -0.229 -0.275 -0.349 -0.189 -0.047 -0.195 -0.173 -0.265 -0.305 -0.183  0.043  0.391  0.709  1.000  0.856  0.700  0.519  0.206 -0.335 -0.665 -0.675 -0.644
 -0.532 -0.452 -0.217  0.093  0.516  0.645  0.631  0.435  0.330  0.278  0.396  0.348  0.272 -0.040 -0.152 -0.399 -0.453 -0.571 -0.527 -0.473 -0.351 -0.091  0.194  0.228  0.036  0.160  0.404  0.283  0.162  0.366  0.382  0.203  0.194  0.318  0.378  0.447  0.449  0.462  0.496  0.611  0.709  0.732  0.767  0.707  0.458  0.227  0.390  0.426  0.553  0.463  0.384  0.301  0.138  0.060 -0.194 -0.308 -0.391 -0.206 -0.095 -0.284 -0.300 -0.412 -0.458 -0.357 -0.169  0.188  0.525  0.856  1.000  0.846  0.667  0.321 -0.297 -0.697 -0.738 -0.713
 -0.495 -0.437 -0.224  0.040  0.393  0.525  0.504  0.341  0.246  0.235  0.319  0.282  0.201 -0.078 -0.189 -0.382 -0.438 -0.531 -0.478 -0.411 -0.291 -0.058  0.182  0.181  0.029  0.123  0.340  0.233  0.091  0.310  0.348  0.143  0.132  0.295  0.374  0.475  0.490  0.487  0.559  0.697  0.748  0.805  0.743  0.649  0.395  0.152  0.328  0.372  0.517  0.440  0.363  0.261  0.122  0.076 -0.148 -0.240 -0.314 -0.144 -0.036 -0.223 -0.250 -0.376 -0.423 -0.335 -0.168  0.130  0.413  0.700  0.846  1.000  0.821  0.486 -0.194 -0.653 -0.724 -0.704
 -0.422 -0.403 -0.227 -0.036  0.245  0.374  0.357  0.253  0.162  0.184  0.192  0.156  0.077 -0.139 -0.226 -0.358 -0.388 -0.445 -0.370 -0.314 -0.242 -0.045  0.138  0.136  0.002  0.061  0.269  0.195  0.057  0.239  0.289  0.111  0.087  0.235  0.320  0.408  0.422  0.405  0.510  0.704  0.700  0.682  0.602  0.510  0.298  0.094  0.241  0.295  0.420  0.364  0.314  0.224  0.119  0.084 -0.100 -0.173 -0.215 -0.063  0.029 -0.135 -0.175 -0.300 -0.352 -0.295 -0.152  0.078  0.301  0.519  0.667  0.821  1.000  0.692  0.018 -0.530 -0.639 -0.640
 -0.132 -0.125 -0.059  0.041  0.142  0.192  0.153  0.078  0.037  0.108  0.101  0.107  0.074  0.006 -0.053 -0.103 -0.145 -0.197 -0.189 -0.189 -0.156 -0.130 -0.059 -0.084 -0.100 -0.046  0.034  0.001 -0.036  0.069  0.095  0.004 -0.002  0.088  0.135  0.202  0.210  0.152  0.249  0.473  0.369  0.436  0.306  0.207  0.064 -0.062  0.014  0.048  0.127  0.091  0.037 -0.039 -0.089 -0.092 -0.149 -0.139 -0.132 -0.113 -0.050 -0.088 -0.089 -0.135 -0.131 -0.083 -0.042  0.062  0.131  0.206  0.321  0.486  0.692  1.000  0.333 -0.146 -0.331 -0.399
  0.277  0.259  0.111  0.035 -0.124 -0.203 -0.278 -0.285 -0.262 -0.140 -0.158 -0.084 -0.050  0.090  0.105  0.195  0.191  0.231  0.193  0.135  0.054 -0.122 -0.267 -0.283 -0.152 -0.180 -0.318 -0.242 -0.136 -0.214 -0.231 -0.131 -0.130 -0.191 -0.201 -0.231 -0.249 -0.301 -0.247 -0.153 -0.266 -0.209 -0.298 -0.344 -0.291 -0.229 -0.302 -0.324 -0.352 -0.323 -0.326 -0.319 -0.245 -0.197 -0.056  0.041  0.113 -0.020 -0.049  0.074  0.107  0.176  0.215  0.202  0.093 -0.050 -0.206 -0.335 -0.297 -0.194  0.018  0.333  1.000  0.510  0.292  0.179
  0.535  0.501  0.209 -0.033 -0.385 -0.517 -0.550 -0.437 -0.405 -0.325 -0.392 -0.303 -0.227  0.060  0.143  0.388  0.408  0.516  0.453  0.374  0.224 -0.081 -0.377 -0.410 -0.182 -0.280 -0.557 -0.427 -0.254 -0.462 -0.516 -0.314 -0.286 -0.430 -0.497 -0.562 -0.579 -0.597 -0.578 -0.608 -0.675 -0.609 -0.663 -0.650 -0.464 -0.297 -0.466 -0.499 -0.607 -0.528 -0.496 -0.462 -0.306 -0.214  0.047  0.185  0.305  0.077 -0.012  0.215  0.263  0.402  0.459  0.385  0.197 -0.142 -0.425 -0.665 -0.697 -0.653 -0.530 -0.146  0.510  1.000  0.845  0.698
  0.552  0.521  0.252  0.008 -0.399 -0.520 -0.565 -0.435 -0.394 -0.332 -0.389 -0.290 -0.226  0.079  0.166  0.409  0.385  0.500  0.436  0.344  0.184 -0.128 -0.427 -0.439 -0.205 -0.310 -0.585 -0.448 -0.262 -0.487 -0.538 -0.316 -0.287 -0.441 -0.519 -0.604 -0.619 -0.638 -0.646 -0.695 -0.759 -0.697 -0.729 -0.689 -0.483 -0.281 -0.471 -0.523 -0.645 -0.579 -0.553 -0.504 -0.349 -0.272 -0.006  0.142  0.276  0.053 -0.041  0.198  0.247  0.409  0.493  0.427  0.209 -0.126 -0.427 -0.675 -0.738 -0.724 -0.639 -0.331  0.292  0.845  1.000  0.914
