  1.000  0.793  0.562  0.266 -0.197 -0.335 -0.394 -0.310 -0.287 -0.239 -0.268 -0.147 -0.076  0.280  0.355  0.668  0.680  0.661  0.504  0.341  0.238 -0.126 -0.371 -0.433 -0.261 -0.325 -0.532 -0.474 -0.356 -0.462 -0.494 -0.376 -0.315 -0.374 -0.450 -0.488 -0.505 -0.536 -0.494 -0.531 -0.591 -0.503 -0.537 -0.490 -0.338 -0.224 -0.349 -0.405 -0.516 -0.495 -0.510 -0.487 -0.385 -0.282 -0.017  0.169  0.272  0.044 -0.011  0.220  0.303  0.509  0.685  0.600  0.372  0.071 -0.233 -0.451 -0.537 -0.504 -0.428 -0.140  0.289  0.544  0.553  0.520
  0.793  1.000  0.681  0.439 -0.011 -0.171 -0.285 -0.259 -0.239 -0.175 -0.124  0.039  0.112  0.457  0.527  0.686  0.524  0.489  0.324  0.149  0.037 -0.301 -0.458 -0.496 -0.346 -0.327 -0.486 -0.449 -0.297 -0.365 -0.419 -0.304 -0.228 -0.283 -0.370 -0.421 -0.452 -0.487 -0.457 -0.501 -0.552 -0.454 -0.482 -0.451 -0.311 -0.214 -0.336 -0.404 -0.509 -0.505 -0.563 -0.554 -0.506 -0.443 -0.207  0.012  0.100 -0.136 -0.138  0.106  0.242  0.456  0.637  0.662  0.425  0.166 -0.142 -0.350 -0.447 -0.433 -0.390 -0.110  0.276  0.495  0.509  0.478
  0.562  0.681  1.000  0.707  0.267  0.091 -0.100 -0.153 -0.139 -0.058  0.024  0.211  0.250  0.536  0.528  0.488  0.378  0.248  0.137 -0.036 -0.123 -0.365 -0.417 -0.449 -0.406 -0.329 -0.388 -0.414 -0.290 -0.265 -0.321 -0.261 -0.172 -0.186 -0.267 -0.297 -0.326 -0.364 -0.338 -0.343 -0.379 -0.272 -0.278 -0.219 -0.120 -0.069 -0.150 -0.209 -0.295 -0.334 -0.409 -0.448 -0.439 -0.391 -0.250 -0.065  0.015 -0.106 -0.042  0.110  0.201  0.360  0.537  0.631  0.514  0.423  0.181 -0.088 -0.220 -0.226 -0.228 -0.047  0.130  0.209  0.251  0.238
  0.266  0.439  0.707  1.000  0.661  0.479  0.216  0.031  0.072  0.179  0.375  0.548  0.533  0.653  0.484  0.309  0.124 -0.047 -0.156 -0.326 -0.376 -0.515 -0.424 -0.422 -0.439 -0.272 -0.233 -0.299 -0.169 -0.063 -0.131 -0.111 -0.015  0.004 -0.072 -0.105 -0.151 -0.197 -0.179 -0.160 -0.166 -0.060 -0.044 -0.012  0.013  0.008 -0.040 -0.099 -0.151 -0.239 -0.353 -0.407 -0.488 -0.508 -0.461 -0.291 -0.249 -0.322 -0.199 -0.097  0.006  0.123  0.292  0.509  0.486  0.632  0.448  0.215  0.075  0.031 -0.040  0.046  0.035 -0.027  0.013  0.011
 -0.197 -0.011  0.267  0.661  1.000  0.823  0.568  0.285  0.295  0.355  0.582  0.669  0.664  0.450  0.283 -0.034 -0.190 -0.368 -0.430 -0.501 -0.457 -0.381 -0.150 -0.110 -0.227 -0.035  0.124  0.024  0.072  0.237  0.181  0.123  0.181  0.227  0.200  0.190  0.154  0.132  0.126  0.182  0.228  0.289  0.330  0.321  0.229  0.137  0.178  0.155  0.182  0.075 -0.019 -0.075 -0.217 -0.312 -0.435 -0.407 -0.445 -0.393 -0.258 -0.300 -0.239 -0.230 -0.169  0.045  0.162  0.495  0.621  0.556  0.503  0.395  0.254  0.144 -0.157 -0.398 -0.399 -0.386
 -0.335 -0.171  0.091  0.479  0.823  1.000  0.745  0.452  0.432  0.473  0.665  0.675  0.565  0.299  0.107 -0.185 -0.322 -0.483 -0.504 -0.561 -0.495 -0.345 -0.078 -0.047 -0.194 -0.007  0.183  0.060  0.075  0.268  0.227  0.139  0.190  0.267  0.254  0.265  0.240  0.228  0.232  0.303  0.363  0.405  0.450  0.446  0.319  0.197  0.270  0.245  0.293  0.175  0.084  0.017 -0.145 -0.243 -0.412 -0.406 -0.462 -0.366 -0.221 -0.304 -0.267 -0.300 -0.273 -0.069  0.085  0.460  0.603  0.682  0.632  0.522  0.376  0.186 -0.221 -0.524 -0.521 -0.502
 -0.394 -0.285 -0.100  0.216  0.568  0.745  1.000  0.776  0.630  0.434  0.594  0.469  0.423  0.154  0.006 -0.222 -0.342 -0.462 -0.473 -0.472 -0.386 -0.218  0.015  0.057 -0.066  0.076  0.256  0.168  0.135  0.290  0.285  0.186  0.188  0.260  0.285  0.303  0.306  0.326  0.350  0.379  0.418  0.463  0.472  0.421  0.252  0.142  0.238  0.217  0.291  0.187  0.127  0.084 -0.043 -0.144 -0.320 -0.374 -0.422 -0.316 -0.218 -0.318 -0.329 -0.381 -0.379 -0.240 -0.125  0.200  0.386  0.610  0.615  0.495  0.350  0.152 -0.277 -0.545 -0.553 -0.525
 -0.310 -0.259 -0.153  0.031  0.285  0.452  0.776  1.000  0.736  0.420  0.391  0.221  0.176 -0.000 -0.069 -0.198 -0.279 -0.337 -0.332 -0.311 -0.244 -0.112  0.037  0.071 -0.020  0.044  0.178  0.126  0.074  0.172  0.187  0.115  0.104  0.159  0.189  0.210  0.229  0.256  0.277  0.292  0.313  0.335  0.329  0.294  0.165  0.098  0.168  0.153  0.205  0.140  0.119  0.091  0.014 -0.053 -0.183 -0.257 -0.287 -0.194 -0.149 -0.229 -0.261 -0.302 -0.313 -0.237 -0.161  0.037  0.200  0.419  0.422  0.332  0.251  0.083 -0.284 -0.434 -0.429 -0.393
 -0.287 -0.239 -0.139  0.072  0.295  0.432  0.630  0.736  1.000  0.739  0.614  0.324  0.216  0.045 -0.043 -0.170 -0.243 -0.307 -0.314 -0.300 -0.245 -0.148 -0.017  0.030 -0.048  0.012  0.134  0.098  0.069  0.156  0.168  0.117  0.113  0.161  0.181  0.182  0.186  0.194  0.205  0.218  0.234  0.244  0.248  0.216  0.106  0.063  0.117  0.106  0.149  0.084  0.064  0.045 -0.028 -0.100 -0.209 -0.267 -0.294 -0.215 -0.163 -0.237 -0.263 -0.299 -0.301 -0.218 -0.149  0.062  0.181  0.328  0.321  0.254  0.176  0.043 -0.257 -0.397 -0.388 -0.354
 -0.239 -0.175 -0.058  0.179  0.355  0.473  0.434  0.420  0.739  1.000  0.692  0.438  0.262  0.112  0.001 -0.138 -0.208 -0.294 -0.313 -0.325 -0.279 -0.204 -0.073 -0.029 -0.100 -0.027  0.086  0.045  0.055  0.151  0.142  0.105  0.134  0.178  0.166  0.154  0.137  0.125  0.123  0.167  0.185  0.184  0.191  0.165  0.082  0.041  0.077  0.076  0.111  0.051  0.020 -0.005 -0.093 -0.162 -0.255 -0.274 -0.306 -0.245 -0.170 -0.228 -0.222 -0.243 -0.231 -0.128 -0.056  0.158  0.223  0.275  0.267  0.237  0.190  0.095 -0.147 -0.326 -0.331 -0.319
 -0.268 -0.124  0.024  0.375  0.582  0.665  0.594  0.391  0.614  0.692  1.000  0.789  0.632  0.397  0.178 -0.069 -0.222 -0.384 -0.440 -0.489 -0.425 -0.342 -0.128 -0.068 -0.152 -0.005  0.141  0.083  0.125  0.254  0.223  0.184  0.227  0.280  0.259  0.226  0.184  0.164  0.156  0.187  0.221  0.242  0.263  0.216  0.109  0.057  0.100  0.085  0.126  0.030 -0.043 -0.063 -0.210 -0.318 -0.431 -0.418 -0.464 -0.418 -0.309 -0.356 -0.320 -0.319 -0.272 -0.095 -0.036  0.249  0.298  0.384  0.380  0.315  0.203  0.106 -0.158 -0.387 -0.376 -0.358
 -0.147  0.039  0.211  0.548  0.669  0.675  0.469  0.221  0.324  0.438  0.789  1.000  0.816  0.604  0.336  0.054 -0.132 -0.333 -0.419 -0.514 -0.467 -0.428 -0.205 -0.153 -0.220 -0.036  0.086  0.020  0.109  0.236  0.179  0.161  0.229  0.270  0.224  0.176  0.118  0.081  0.066  0.099  0.136  0.168  0.199  0.163  0.092  0.043  0.067  0.038  0.061 -0.042 -0.141 -0.162 -0.325 -0.431 -0.509 -0.439 -0.482 -0.477 -0.346 -0.350 -0.267 -0.219 -0.137  0.070  0.102  0.341  0.324  0.363  0.329  0.268  0.156  0.111 -0.088 -0.297 -0.277 -0.265
 -0.076  0.112  0.250  0.533  0.664  0.565  0.423  0.176  0.216  0.262  0.632  0.816  1.000  0.761  0.511  0.193 -0.016 -0.243 -0.370 -0.453 -0.386 -0.378 -0.180 -0.104 -0.139  0.027  0.127  0.091  0.173  0.261  0.204  0.197  0.243  0.258  0.226  0.165  0.108  0.077  0.056  0.065  0.089  0.119  0.137  0.076  0.005 -0.011  0.007 -0.028 -0.008 -0.104 -0.185 -0.165 -0.310 -0.436 -0.495 -0.448 -0.492 -0.512 -0.417 -0.408 -0.325 -0.253 -0.147  0.045  0.018  0.230  0.226  0.263  0.260  0.194  0.077  0.072 -0.061 -0.232 -0.217 -0.204
  0.280  0.457  0.536  0.653  0.450  0.299  0.154 -0.000  0.045  0.112  0.397  0.604  0.761  1.000  0.760  0.504  0.268  0.039 -0.132 -0.276 -0.271 -0.427 -0.344 -0.294 -0.254 -0.120 -0.113 -0.125  0.001  0.039 -0.026  0.009  0.079  0.079  0.016 -0.049 -0.108 -0.154 -0.160 -0.182 -0.198 -0.143 -0.147 -0.189 -0.172 -0.127 -0.176 -0.230 -0.263 -0.333 -0.416 -0.384 -0.476 -0.549 -0.481 -0.350 -0.340 -0.463 -0.397 -0.281 -0.164 -0.004  0.177  0.346  0.207  0.262  0.077 -0.009 -0.053 -0.084 -0.146  0.004  0.085  0.061  0.090  0.088
  0.355  0.527  0.528  0.484  0.283  0.107  0.006 -0.069 -0.043  0.001  0.178  0.336  0.511  0.760  1.000  0.697  0.429  0.197 -0.010 -0.113 -0.085 -0.267 -0.261 -0.203 -0.136 -0.049 -0.091 -0.083  0.018  0.010 -0.056 -0.015  0.039  0.012 -0.041 -0.096 -0.143 -0.169 -0.175 -0.219 -0.240 -0.206 -0.232 -0.287 -0.270 -0.188 -0.243 -0.291 -0.320 -0.363 -0.396 -0.321 -0.358 -0.430 -0.343 -0.263 -0.254 -0.388 -0.386 -0.268 -0.162  0.007  0.204  0.298  0.109  0.101 -0.049 -0.150 -0.166 -0.187 -0.223 -0.050  0.106  0.147  0.168  0.163
  0.668  0.686  0.488  0.309 -0.034 -0.185 -0.222 -0.198 -0.170 -0.138 -0.069  0.054  0.193  0.504  0.697  1.000  0.719  0.518  0.305  0.195  0.176 -0.135 -0.292 -0.285 -0.146 -0.173 -0.301 -0.252 -0.163 -0.245 -0.283 -0.200 -0.155 -0.205 -0.263 -0.315 -0.343 -0.366 -0.344 -0.392 -0.444 -0.396 -0.441 -0.476 -0.409 -0.286 -0.380 -0.425 -0.480 -0.478 -0.483 -0.400 -0.362 -0.351 -0.145 -0.035  0.022 -0.186 -0.261 -0.087  0.012  0.216  0.439  0.417  0.135 -0.031 -0.258 -0.393 -0.415 -0.399 -0.375 -0.112  0.225  0.397  0.415  0.396
  0.680  0.524  0.378  0.124 -0.190 -0.322 -0.342 -0.279 -0.243 -0.208 -0.222 -0.132 -0.016  0.268  0.429  0.719  1.000  0.801  0.543  0.435  0.460  0.112 -0.133 -0.159 -0.025 -0.140 -0.305 -0.253 -0.214 -0.329 -0.354 -0.282 -0.256 -0.312 -0.353 -0.378 -0.383 -0.395 -0.372 -0.413 -0.454 -0.429 -0.463 -0.455 -0.358 -0.237 -0.324 -0.359 -0.427 -0.396 -0.352 -0.259 -0.158 -0.098  0.134  0.211  0.238  0.040 -0.080  0.060  0.125  0.267  0.426  0.311  0.114 -0.103 -0.299 -0.445 -0.467 -0.441 -0.395 -0.156  0.208  0.414  0.394  0.367
  0.661  0.489  0.248 -0.047 -0.368 -0.483 -0.462 -0.337 -0.307 -0.294 -0.384 -0.333 -0.243  0.039  0.197  0.518  0.801  1.000  0.784  0.668  0.610  0.224 -0.117 -0.180  0.003 -0.185 -0.417 -0.334 -0.304 -0.459 -0.469 -0.377 -0.359 -0.425 -0.464 -0.475 -0.465 -0.469 -0.428 -0.475 -0.526 -0.491 -0.539 -0.502 -0.373 -0.247 -0.349 -0.385 -0.460 -0.403 -0.340 -0.262 -0.091  0.035  0.320  0.412  0.479  0.267  0.111  0.268  0.279  0.368  0.455  0.294  0.128 -0.179 -0.376 -0.536 -0.562 -0.519 -0.437 -0.202  0.239  0.519  0.501  0.470
  0.504  0.324  0.137 -0.156 -0.430 -0.504 -0.473 -0.332 -0.314 -0.313 -0.440 -0.419 -0.370 -0.132 -0.010  0.305  0.543  0.784  1.000  0.793  0.601  0.273 -0.063 -0.164 -0.029 -0.226 -0.440 -0.373 -0.369 -0.510 -0.503 -0.425 -0.412 -0.465 -0.493 -0.481 -0.450 -0.444 -0.393 -0.429 -0.477 -0.435 -0.474 -0.410 -0.265 -0.176 -0.260 -0.288 -0.352 -0.280 -0.212 -0.183  0.017  0.198  0.487  0.614  0.686  0.502  0.344  0.469  0.427  0.418  0.405  0.237  0.167 -0.149 -0.325 -0.481 -0.521 -0.467 -0.373 -0.194  0.200  0.460  0.441  0.412
  0.341  0.149 -0.036 -0.326 -0.501 -0.561 -0.472 -0.311 -0.300 -0.325 -0.489 -0.514 -0.453 -0.276 -0.113  0.195  0.435  0.668  0.793  1.000  0.812  0.512  0.152  0.056  0.178 -0.079 -0.285 -0.209 -0.273 -0.437 -0.413 -0.366 -0.384 -0.435 -0.435 -0.410 -0.361 -0.336 -0.295 -0.331 -0.370 -0.369 -0.407 -0.365 -0.264 -0.182 -0.242 -0.237 -0.260 -0.162 -0.049  0.016  0.230  0.401  0.650  0.633  0.690  0.563  0.362  0.424  0.334  0.272  0.230  0.035 -0.015 -0.298 -0.375 -0.486 -0.472 -0.418 -0.326 -0.200  0.146  0.383  0.356  0.332
  0.238  0.037 -0.123 -0.376 -0.457 -0.495 -0.386 -0.244 -0.245 -0.279 -0.425 -0.467 -0.386 -0.271 -0.085  0.176  0.460  0.610  0.601  0.812  1.000  0.748  0.385  0.294  0.415  0.129 -0.074 -0.005 -0.122 -0.291 -0.273 -0.264 -0.303 -0.346 -0.326 -0.292 -0.242 -0.206 -0.181 -0.203 -0.226 -0.275 -0.302 -0.297 -0.254 -0.190 -0.219 -0.185 -0.165 -0.053  0.095  0.215  0.389  0.503  0.670  0.542  0.506  0.423  0.203  0.205  0.138  0.087  0.064 -0.120 -0.179 -0.379 -0.378 -0.424 -0.362 -0.312 -0.247 -0.168  0.066  0.244  0.205  0.188
 -0.126 -0.301 -0.365 -0.515 -0.381 -0.345 -0.218 -0.112 -0.148 -0.204 -0.342 -0.428 -0.378 -0.427 -0.267 -0.135  0.112  0.224  0.273  0.512  0.748  1.000  0.760  0.653  0.689  0.448  0.265  0.272  0.094 -0.051 -0.045 -0.101 -0.170 -0.187 -0.134 -0.076 -0.010  0.055  0.053  0.056  0.081 -0.028  0.009  0.006 -0.017 -0.033  0.009  0.092  0.177  0.312  0.485  0.618  0.712  0.757  0.709  0.455  0.335  0.412  0.222  0.093 -0.001 -0.132 -0.235 -0.393 -0.347 -0.399 -0.241 -0.178 -0.080 -0.051 -0.029 -0.118 -0.127 -0.079 -0.130 -0.127
 -0.371 -0.458 -0.417 -0.424 -0.150 -0.078  0.015  0.037 -0.017 -0.073 -0.128 -0.205 -0.180 -0.344 -0.261 -0.292 -0.133 -0.117 -0.063  0.152  0.385  0.760  1.000  0.844  0.676  0.605  0.588  0.478  0.235  0.179  0.184  0.056 -0.033 -0.014  0.061  0.129  0.226  0.325  0.289  0.267  0.333  0.220  0.318  0.291  0.220  0.137  0.228  0.338  0.464  0.571  0.681  0.791  0.711  0.658  0.466  0.224  0.041  0.201  0.132 -0.079 -0.150 -0.297 -0.419 -0.494 -0.380 -0.271 -0.031  0.114  0.207  0.195  0.166 -0.038 -0.277 -0.381 -0.431 -0.413
 -0.433 -0.496 -0.449 -0.422 -0.110 -0.047  0.057  0.071  0.030 -0.029 -0.068 -0.153 -0.104 -0.294 -0.203 -0.285 -0.159 -0.180 -0.164  0.056  0.294  0.653  0.844  1.000  0.809  0.615  0.714  0.676  0.402  0.341  0.364  0.244  0.148  0.152  0.229  0.260  0.296  0.381  0.312  0.303  0.405  0.184  0.279  0.243  0.150  0.111  0.203  0.294  0.416  0.496  0.635  0.798  0.724  0.570  0.349  0.055 -0.121  0.055 -0.024 -0.255 -0.312 -0.422 -0.516 -0.574 -0.486 -0.330 -0.059  0.109  0.232  0.192  0.162 -0.068 -0.295 -0.412 -0.447 -0.421
 -0.261 -0.346 -0.406 -0.439 -0.227 -0.194 -0.066 -0.020 -0.048 -0.100 -0.152 -0.220 -0.139 -0.254 -0.136 -0.146 -0.025  0.003 -0.029  0.178  0.415  0.689  0.676  0.809  1.000  0.735  0.562  0.651  0.489  0.293  0.284  0.235  0.135  0.093  0.152  0.158  0.177  0.232  0.178  0.174  0.233  0.049  0.081  0.006 -0.089 -0.087 -0.032  0.042  0.155  0.247  0.403  0.581  0.575  0.455  0.336  0.076 -0.053  0.037 -0.099 -0.243 -0.296 -0.360 -0.410 -0.493 -0.492 -0.429 -0.244 -0.104  0.038  0.036  0.027 -0.087 -0.163 -0.187 -0.219 -0.204
 -0.325 -0.327 -0.329 -0.272 -0.035 -0.007  0.076  0.044  0.012 -0.027 -0.005 -0.036  0.027 -0.120 -0.049 -0.173 -0.140 -0.185 -0.226 -0.079  0.129  0.448  0.605  0.615  0.735  1.000  0.727  0.637  0.611  0.492  0.392  0.328  0.237  0.187  0.229  0.231  0.279  0.355  0.280  0.236  0.279  0.199  0.243  0.139  0.031 -0.009  0.057  0.114  0.216  0.259  0.318  0.457  0.375  0.239  0.068 -0.110 -0.230 -0.138 -0.180 -0.298 -0.326 -0.380 -0.419 -0.421 -0.396 -0.256 -0.095  0.063  0.164  0.134  0.084 -0.031 -0.199 -0.290 -0.322 -0.300
 -0.532 -0.486 -0.388 -0.233  0.124  0.183  0.256  0.178  0.134  0.086  0.141  0.086  0.127 -0.113 -0.091 -0.301 -0.305 -0.417 -0.440 -0.285 -0.074  0.265  0.588  0.714  0.562  0.727  1.000  0.847  0.624  0.686  0.685  0.508  0.402  0.434  0.512  0.532  0.566  0.644  0.544  0.474  0.566  0.388  0.446  0.342  0.184  0.118  0.228  0.286  0.414  0.412  0.458  0.574  0.421  0.218 -0.040 -0.263 -0.420 -0.247 -0.231 -0.438 -0.466 -0.539 -0.593 -0.547 -0.462 -0.188  0.078  0.296  0.413  0.355  0.286  0.041 -0.328 -0.564 -0.595 -0.557
 -0.474 -0.449 -0.414 -0.299  0.024  0.060  0.168  0.126  0.098  0.045  0.083  0.020  0.091 -0.125 -0.083 -0.252 -0.253 -0.334 -0.373 -0.209 -0.005  0.272  0.478  0.676  0.651  0.637  0.847  1.000  0.787  0.700  0.754  0.659  0.516  0.492  0.579  0.543  0.525  0.554  0.449  0.411  0.492  0.265  0.279  0.153 -0.016 -0.028  0.063  0.112  0.245  0.255  0.350  0.485  0.388  0.185 -0.026 -0.266 -0.394 -0.254 -0.291 -0.472 -0.505 -0.552 -0.586 -0.565 -0.538 -0.318 -0.077  0.127  0.283  0.241  0.200  0.007 -0.249 -0.433 -0.460 -0.425
 -0.356 -0.297 -0.290 -0.169  0.072  0.075  0.135  0.074  0.069  0.055  0.125  0.109  0.173  0.001  0.018 -0.163 -0.214 -0.304 -0.369 -0.273 -0.122  0.094  0.235  0.402  0.489  0.611  0.624  0.787  1.000  0.821  0.710  0.770  0.692  0.560  0.562  0.441  0.339  0.340  0.218  0.223  0.306  0.124  0.132  0.004 -0.131 -0.107 -0.058 -0.039  0.051  0.046  0.116  0.246  0.166 -0.024 -0.188 -0.351 -0.429 -0.349 -0.374 -0.469 -0.478 -0.469 -0.463 -0.407 -0.421 -0.239 -0.104  0.042  0.163  0.102  0.059 -0.035 -0.150 -0.259 -0.274 -0.248
 -0.462 -0.365 -0.265 -0.063  0.237  0.268  0.290  0.172  0.156  0.151  0.254  0.236  0.261  0.039  0.010 -0.245 -0.329 -0.459 -0.510 -0.437 -0.291 -0.051  0.179  0.341  0.293  0.492  0.686  0.700  0.821  1.000  0.880  0.794  0.778  0.766  0.751  0.682  0.547  0.521  0.409  0.413  0.497  0.303  0.303  0.188  0.022  0.003  0.087  0.091  0.185  0.127  0.150  0.242  0.121 -0.085 -0.300 -0.448 -0.530 -0.414 -0.378 -0.504 -0.508 -0.517 -0.515 -0.412 -0.368 -0.098  0.076  0.266  0.371  0.313  0.240  0.071 -0.227 -0.468 -0.492 -0.457
 -0.494 -0.419 -0.321 -0.131  0.181  0.227  0.285  0.187  0.168  0.142  0.223  0.179  0.204 -0.026 -0.056 -0.283 -0.354 -0.469 -0.503 -0.413 -0.273 -0.045  0.184  0.364  0.284  0.392  0.685  0.754  0.710  0.880  1.000  0.858  0.752  0.789  0.846  0.790  0.696  0.644  0.542  0.518  0.555  0.357  0.321  0.198  0.013 -0.004  0.092  0.102  0.209  0.152  0.188  0.263  0.152 -0.044 -0.258 -0.425 -0.505 -0.373 -0.346 -0.493 -0.515 -0.541 -0.553 -0.468 -0.424 -0.156  0.047  0.255  0.382  0.349  0.291  0.104 -0.234 -0.509 -0.539 -0.501
 -0.376 -0.304 -0.261 -0.111  0.123  0.139  0.186  0.115  0.117  0.105  0.184  0.161  0.197  0.009 -0.015 -0.200 -0.282 -0.377 -0.425 -0.366 -0.264 -0.101  0.056  0.244  0.235  0.328  0.508  0.659  0.770  0.794  0.858  1.000  0.884  0.762  0.776  0.603  0.439  0.394  0.280  0.286  0.349  0.158  0.140  0.031 -0.104 -0.070 -0.017 -0.019  0.052  0.004  0.048  0.139  0.055 -0.128 -0.288 -0.419 -0.467 -0.382 -0.375 -0.466 -0.474 -0.458 -0.448 -0.371 -0.374 -0.173 -0.043  0.103  0.210  0.152  0.117  0.007 -0.142 -0.310 -0.321 -0.289
 -0.315 -0.228 -0.172 -0.015  0.181  0.190  0.188  0.104  0.113  0.134  0.227  0.229  0.243  0.079  0.039 -0.155 -0.256 -0.359 -0.412 -0.384 -0.303 -0.170 -0.033  0.148  0.135  0.237  0.402  0.516  0.692  0.778  0.752  0.884  1.000  0.867  0.763  0.589  0.326  0.270  0.167  0.194  0.293  0.096  0.098  0.013 -0.096 -0.061 -0.021 -0.039  0.012 -0.045 -0.016  0.072 -0.014 -0.190 -0.333 -0.430 -0.465 -0.401 -0.378 -0.444 -0.432 -0.395 -0.368 -0.273 -0.274 -0.086  0.005  0.118  0.199  0.137  0.094 -0.002 -0.133 -0.277 -0.282 -0.253
 -0.374 -0.283 -0.186  0.004  0.227  0.267  0.260  0.159  0.161  0.178  0.280  0.270  0.258  0.079  0.012 -0.205 -0.312 -0.425 -0.465 -0.435 -0.346 -0.187 -0.014  0.152  0.093  0.187  0.434  0.492  0.560  0.766  0.789  0.762  0.867  1.000  0.907  0.799  0.537  0.442  0.362  0.361  0.440  0.233  0.212  0.124 -0.021 -0.026  0.043  0.031  0.104  0.030  0.044  0.100 -0.007 -0.178 -0.344 -0.443 -0.485 -0.399 -0.351 -0.444 -0.435 -0.423 -0.405 -0.297 -0.268 -0.045  0.077  0.231  0.322  0.296  0.242  0.094 -0.187 -0.414 -0.433 -0.399
 -0.450 -0.370 -0.267 -0.072  0.200  0.254  0.285  0.189  0.181  0.166  0.259  0.224  0.226  0.016 -0.041 -0.263 -0.353 -0.464 -0.493 -0.435 -0.326 -0.134  0.061  0.229  0.152  0.229  0.512  0.579  0.562  0.751  0.846  0.776  0.763  0.907  1.000  0.902  0.703  0.586  0.503  0.497  0.543  0.337  0.291  0.183  0.005 -0.014  0.077  0.075  0.169  0.096  0.120  0.172  0.061 -0.114 -0.304 -0.434 -0.492 -0.378 -0.334 -0.461 -0.471 -0.488 -0.487 -0.393 -0.354 -0.107  0.065  0.267  0.390  0.382  0.331  0.150 -0.198 -0.484 -0.518 -0.482
 -0.488 -0.421 -0.297 -0.105  0.190  0.265  0.303  0.210  0.182  0.154  0.226  0.176  0.165 -0.049 -0.096 -0.315 -0.378 -0.475 -0.481 -0.410 -0.292 -0.076  0.129  0.260  0.158  0.231  0.532  0.543  0.441  0.682  0.790  0.603  0.589  0.799  0.902  1.000  0.848  0.703  0.622  0.612  0.625  0.451  0.389  0.286  0.091  0.032  0.146  0.153  0.261  0.191  0.206  0.227  0.120 -0.031 -0.235 -0.373 -0.441 -0.305 -0.256 -0.404 -0.429 -0.482 -0.505 -0.423 -0.349 -0.090  0.113  0.339  0.457  0.482  0.420  0.221 -0.224 -0.550 -0.601 -0.566
 -0.505 -0.452 -0.326 -0.151  0.154  0.240  0.306  0.229  0.186  0.137  0.184  0.118  0.108 -0.108 -0.143 -0.343 -0.383 -0.465 -0.450 -0.361 -0.242 -0.010  0.226  0.296  0.177  0.279  0.566  0.525  0.339  0.547  0.696  0.439  0.326  0.537  0.703  0.848  1.000  0.880  0.767  0.693  0.626  0.540  0.455  0.348  0.148  0.062  0.187  0.217  0.333  0.276  0.284  0.271  0.165  0.045 -0.160 -0.297 -0.375 -0.224 -0.171 -0.334 -0.379 -0.465 -0.513 -0.449 -0.360 -0.105  0.120  0.354  0.464  0.502  0.439  0.245 -0.239 -0.569 -0.620 -0.588
 -0.536 -0.487 -0.364 -0.197  0.132  0.228  0.326  0.256  0.194  0.125  0.164  0.081  0.077 -0.154 -0.169 -0.366 -0.395 -0.469 -0.444 -0.336 -0.206  0.055  0.325  0.381  0.232  0.355  0.644  0.554  0.340  0.521  0.644  0.394  0.270  0.442  0.586  0.703  0.880  1.000  0.867  0.677  0.660  0.594  0.519  0.397  0.196  0.097  0.227  0.272  0.400  0.356  0.360  0.348  0.233  0.115 -0.108 -0.263 -0.353 -0.186 -0.137 -0.316 -0.374 -0.477 -0.542 -0.488 -0.387 -0.123  0.124  0.371  0.477  0.503  0.429  0.188 -0.288 -0.591 -0.638 -0.602
 -0.494 -0.457 -0.338 -0.179  0.126  0.232  0.350  0.277  0.205  0.123  0.156  0.066  0.056 -0.160 -0.175 -0.344 -0.372 -0.428 -0.393 -0.295 -0.181  0.053  0.289  0.312  0.178  0.280  0.544  0.449  0.218  0.409  0.542  0.280  0.167  0.362  0.503  0.622  0.767  0.867  1.000  0.774  0.701  0.670  0.557  0.418  0.205  0.084  0.221  0.261  0.391  0.353  0.342  0.302  0.207  0.123 -0.079 -0.215 -0.290 -0.130 -0.079 -0.249 -0.315 -0.431 -0.496 -0.451 -0.350 -0.105  0.133  0.385  0.501  0.564  0.520  0.264 -0.239 -0.575 -0.644 -0.616
 -0.531 -0.501 -0.343 -0.160  0.182  0.303  0.379  0.292  0.218  0.167  0.187  0.099  0.065 -0.182 -0.219 -0.392 -0.413 -0.475 -0.429 -0.331 -0.203  0.056  0.267  0.303  0.174  0.236  0.474  0.411  0.223  0.413  0.518  0.286  0.194  0.361  0.497  0.612  0.693  0.677  0.774  1.000  0.834  0.754  0.616  0.475  0.238  0.096  0.245  0.286  0.427  0.387  0.373  0.328  0.234  0.148 -0.076 -0.223 -0.305 -0.125 -0.066 -0.258 -0.324 -0.457 -0.525 -0.466 -0.338 -0.063  0.201  0.457  0.610  0.693  0.699  0.463 -0.162 -0.610 -0.696 -0.684
 -0.591 -0.552 -0.379 -0.166  0.228  0.363  0.418  0.313  0.234  0.185  0.221  0.136  0.089 -0.198 -0.240 -0.444 -0.454 -0.526 -0.477 -0.370 -0.226  0.081  0.333  0.405  0.233  0.279  0.566  0.492  0.306  0.497  0.555  0.349  0.293  0.440  0.543  0.625  0.626  0.660  0.701  0.834  1.000  0.768  0.697  0.564  0.316  0.149  0.313  0.365  0.522  0.475  0.463  0.430  0.305  0.193 -0.069 -0.243 -0.351 -0.145 -0.076 -0.298 -0.351 -0.490 -0.569 -0.503 -0.346 -0.040  0.267  0.553  0.712  0.754  0.710  0.369 -0.269 -0.677 -0.759 -0.735
 -0.503 -0.454 -0.272 -0.060  0.289  0.405  0.463  0.335  0.244  0.184  0.242  0.168  0.119 -0.143 -0.206 -0.396 -0.429 -0.491 -0.435 -0.369 -0.275 -0.028  0.220  0.184  0.049  0.199  0.388  0.265  0.124  0.303  0.357  0.158  0.096  0.233  0.337  0.451  0.540  0.594  0.670  0.754  0.768  1.000  0.827  0.639  0.378  0.160  0.316  0.369  0.518  0.466  0.376  0.246  0.138  0.104 -0.116 -0.206 -0.271 -0.104  0.003 -0.158 -0.221 -0.375 -0.446 -0.369 -0.215  0.068  0.337  0.602  0.725  0.807  0.692  0.445 -0.212 -0.614 -0.698 -0.686
 -0.537 -0.482 -0.278 -0.044  0.330  0.450  0.472  0.329  0.248  0.191  0.263  0.199  0.137 -0.147 -0.232 -0.441 -0.463 -0.539 -0.474 -0.407 -0.302  0.009  0.318  0.279  0.081  0.243  0.446  0.279  0.132  0.303  0.321  0.140  0.098  0.212  0.291  0.389  0.455  0.519  0.557  0.616  0.697  0.827  1.000  0.838  0.576  0.297  0.461  0.519  0.677  0.625  0.510  0.383  0.225  0.165 -0.095 -0.202 -0.302 -0.102  0.027 -0.171 -0.209 -0.358 -0.442 -0.357 -0.172  0.134  0.444  0.713  0.759  0.742  0.607  0.309 -0.309 -0.670 -0.730 -0.706
 -0.490 -0.451 -0.219 -0.012  0.321  0.446  0.421  0.294  0.216  0.165  0.216  0.163  0.076 -0.189 -0.287 -0.476 -0.455 -0.502 -0.410 -0.365 -0.297  0.006  0.291  0.243  0.006  0.139  0.342  0.153  0.004  0.188  0.198  0.031  0.013  0.124  0.183  0.286  0.348  0.397  0.418  0.475  0.564  0.639  0.838  1.000  0.818  0.508  0.663  0.711  0.746  0.633  0.518  0.388  0.251  0.209 -0.045 -0.134 -0.225 -0.029  0.110 -0.075 -0.096 -0.234 -0.332 -0.258 -0.038  0.239  0.542  0.762  0.697  0.646  0.516  0.211 -0.348 -0.654 -0.691 -0.663
 -0.338 -0.311 -0.120  0.013  0.229  0.319  0.252  0.165  0.106  0.082  0.109  0.092  0.005 -0.172 -0.270 -0.409 -0.358 -0.373 -0.265 -0.264 -0.254 -0.017  0.220  0.150 -0.089  0.031  0.184 -0.016 -0.131  0.022  0.013 -0.104 -0.096 -0.021  0.005  0.091  0.148  0.196  0.205  0.238  0.316  0.378  0.576  0.818  1.000  0.731  0.703  0.710  0.605  0.550  0.437  0.308  0.192  0.187  0.002 -0.021 -0.105  0.040  0.185  0.058  0.079 -0.015 -0.129 -0.089  0.141  0.317  0.508  0.594  0.468  0.396  0.299  0.064 -0.298 -0.475 -0.495 -0.474
 -0.224 -0.214 -0.069  0.008  0.137  0.197  0.142  0.098  0.063  0.041  0.057  0.043 -0.011 -0.127 -0.188 -0.286 -0.237 -0.247 -0.176 -0.182 -0.190 -0.033  0.137  0.111 -0.087 -0.009  0.118 -0.028 -0.107  0.003 -0.004 -0.070 -0.061 -0.026 -0.014  0.032  0.062  0.097  0.084  0.096  0.149  0.160  0.297  0.508  0.731  1.000  0.774  0.585  0.404  0.344  0.286  0.225  0.149  0.122 -0.009 -0.028 -0.084  0.015  0.111  0.034  0.051 -0.001 -0.081 -0.066  0.075  0.184  0.336  0.384  0.263  0.177  0.119 -0.054 -0.246 -0.326 -0.326 -0.305
 -0.349 -0.336 -0.150 -0.040  0.178  0.270  0.238  0.168  0.117  0.077  0.100  0.067  0.007 -0.176 -0.243 -0.380 -0.324 -0.349 -0.260 -0.242 -0.219  0.009  0.228  0.203 -0.032  0.057  0.228  0.063 -0.058  0.087  0.092 -0.017 -0.021  0.043  0.077  0.146  0.187  0.227  0.221  0.245  0.313  0.316  0.461  0.663  0.703  0.774  1.000  0.778  0.598  0.457  0.380  0.324  0.234  0.190 -0.000 -0.058 -0.129  0.017  0.125 -0.004 -0.015 -0.109 -0.208 -0.181 -0.008  0.156  0.369  0.501  0.410  0.339  0.261  0.030 -0.305 -0.474 -0.486 -0.458
 -0.405 -0.404 -0.209 -0.099  0.155  0.245  0.217  0.153  0.106  0.076  0.085  0.038 -0.028 -0.230 -0.291 -0.425 -0.359 -0.385 -0.288 -0.237 -0.185  0.092  0.338  0.294  0.042  0.114  0.286  0.112 -0.039  0.091  0.102 -0.019 -0.039  0.031  0.075  0.153  0.217  0.272  0.261  0.286  0.365  0.369  0.519  0.711  0.710  0.585  0.778  1.000  0.814  0.643  0.524  0.444  0.316  0.276  0.056 -0.033 -0.128  0.050  0.170 -0.002 -0.027 -0.151 -0.265 -0.243 -0.054  0.137  0.367  0.480  0.433  0.389  0.313  0.069 -0.329 -0.508 -0.528 -0.502
 -0.516 -0.509 -0.295 -0.151  0.182  0.293  0.291  0.205  0.149  0.111  0.126  0.061 -0.008 -0.263 -0.320 -0.480 -0.427 -0.460 -0.352 -0.260 -0.165  0.177  0.464  0.416  0.155  0.216  0.414  0.245  0.051  0.185  0.209  0.052  0.012  0.104  0.169  0.261  0.333  0.400  0.391  0.427  0.522  0.518  0.677  0.746  0.605  0.404  0.598  0.814  1.000  0.833  0.683  0.572  0.409  0.372  0.108 -0.025 -0.143  0.085  0.204 -0.030 -0.087 -0.264 -0.400 -0.370 -0.162  0.089  0.374  0.543  0.552  0.533  0.441  0.145 -0.361 -0.619 -0.654 -0.624
 -0.495 -0.505 -0.334 -0.239  0.075  0.175  0.187  0.140  0.084  0.051  0.030 -0.042 -0.104 -0.333 -0.363 -0.478 -0.396 -0.403 -0.280 -0.162 -0.053  0.312  0.571  0.496  0.247  0.259  0.412  0.255  0.046  0.127  0.152  0.004 -0.045  0.030  0.096  0.191  0.276  0.356  0.353  0.387  0.475  0.466  0.625  0.633  0.550  0.344  0.457  0.643  0.833  1.000  0.861  0.694  0.514  0.507  0.242  0.091 -0.050  0.191  0.292  0.041 -0.020 -0.214 -0.387 -0.394 -0.183  0.026  0.302  0.425  0.459  0.450  0.383  0.103 -0.331 -0.543 -0.590 -0.568
 -0.510 -0.563 -0.409 -0.353 -0.019  0.084  0.127  0.119  0.064  0.020 -0.043 -0.141 -0.185 -0.416 -0.396 -0.483 -0.352 -0.340 -0.212 -0.049  0.095  0.485  0.681  0.635  0.403  0.318  0.458  0.350  0.116  0.150  0.188  0.048 -0.016  0.044  0.120  0.206  0.284  0.360  0.342  0.373  0.463  0.376  0.510  0.518  0.437  0.286  0.380  0.524  0.683  0.861  1.000  0.865  0.721  0.685  0.400  0.174  0.013  0.275  0.304  0.019 -0.065 -0.268 -0.453 -0.497 -0.285 -0.095  0.204  0.327  0.389  0.378  0.334  0.042 -0.337 -0.515 -0.564 -0.541
 -0.487 -0.554 -0.448 -0.407 -0.075  0.017  0.084  0.091  0.045 -0.005 -0.063 -0.162 -0.165 -0.384 -0.321 -0.400 -0.259 -0.262 -0.183  0.016  0.215  0.618  0.791  0.798  0.581  0.457  0.574  0.485  0.246  0.242  0.263  0.139  0.072  0.100  0.172  0.227  0.271  0.348  0.302  0.328  0.430  0.246  0.383  0.388  0.308  0.225  0.324  0.444  0.572  0.694  0.865  1.000  0.852  0.714  0.430  0.141 -0.045  0.194  0.147 -0.134 -0.205 -0.361 -0.507 -0.558 -0.397 -0.217  0.077  0.217  0.307  0.272  0.238 -0.037 -0.338 -0.475 -0.514 -0.486
 -0.385 -0.506 -0.439 -0.488 -0.217 -0.145 -0.043  0.014 -0.028 -0.093 -0.210 -0.325 -0.310 -0.476 -0.358 -0.362 -0.158 -0.091  0.017  0.230  0.389  0.712  0.711  0.724  0.575  0.375  0.421  0.388  0.166  0.121  0.152  0.055 -0.014 -0.007  0.061  0.120  0.165  0.233  0.207  0.234  0.305  0.138  0.225  0.251  0.192  0.149  0.234  0.316  0.409  0.514  0.721  0.852  1.000  0.858  0.619  0.322  0.179  0.383  0.257  0.020 -0.087 -0.255 -0.411 -0.518 -0.373 -0.294 -0.032  0.071  0.156  0.138  0.134 -0.090 -0.276 -0.328 -0.368 -0.348
 -0.282 -0.443 -0.391 -0.508 -0.312 -0.243 -0.144 -0.053 -0.100 -0.162 -0.318 -0.431 -0.436 -0.549 -0.430 -0.351 -0.098  0.035  0.198  0.401  0.503  0.757  0.658  0.570  0.455  0.239  0.218  0.185 -0.024 -0.085 -0.044 -0.128 -0.190 -0.178 -0.114 -0.031  0.045  0.115  0.123  0.148  0.193  0.104  0.165  0.209  0.187  0.122  0.190  0.276  0.372  0.507  0.685  0.714  0.858  1.000  0.826  0.560  0.434  0.623  0.477  0.261  0.128 -0.081 -0.263 -0.407 -0.250 -0.264 -0.053  0.001  0.062  0.080  0.096 -0.089 -0.213 -0.220 -0.268 -0.262
 -0.017 -0.207 -0.250 -0.461 -0.435 -0.412 -0.320 -0.183 -0.209 -0.255 -0.431 -0.509 -0.495 -0.481 -0.343 -0.145  0.134  0.320  0.487  0.650  0.670  0.709  0.466  0.349  0.336  0.068 -0.040 -0.026 -0.188 -0.300 -0.258 -0.288 -0.333 -0.344 -0.304 -0.235 -0.160 -0.108 -0.079 -0.076 -0.069 -0.116 -0.095 -0.045  0.002 -0.009 -0.000  0.056  0.108  0.242  0.400  0.430  0.619  0.826  1.000  0.806  0.686  0.752  0.552  0.439  0.318  0.127 -0.025 -0.207 -0.109 -0.271 -0.197 -0.226 -0.192 -0.146 -0.092 -0.149 -0.064  0.044  0.001 -0.008
  0.169  0.012 -0.065 -0.291 -0.407 -0.406 -0.374 -0.257 -0.267 -0.274 -0.418 -0.439 -0.448 -0.350 -0.263 -0.035  0.211  0.412  0.614  0.633  0.542  0.455  0.224  0.055  0.076 -0.110 -0.263 -0.266 -0.351 -0.448 -0.425 -0.419 -0.430 -0.443 -0.434 -0.373 -0.297 -0.263 -0.215 -0.223 -0.243 -0.206 -0.202 -0.134 -0.021 -0.028 -0.058 -0.033 -0.025  0.091  0.174  0.141  0.322  0.560  0.806  1.000  0.837  0.761  0.670  0.657  0.600  0.387  0.230  0.051  0.127 -0.126 -0.179 -0.271 -0.300 -0.236 -0.173 -0.145  0.036  0.182  0.147  0.127
  0.272  0.100  0.015 -0.249 -0.445 -0.462 -0.422 -0.287 -0.294 -0.306 -0.464 -0.482 -0.492 -0.340 -0.254  0.022  0.238  0.479  0.686  0.690  0.506  0.335  0.041 -0.121 -0.053 -0.230 -0.420 -0.394 -0.429 -0.530 -0.505 -0.467 -0.465 -0.485 -0.492 -0.441 -0.375 -0.353 -0.290 -0.305 -0.351 -0.271 -0.302 -0.225 -0.105 -0.084 -0.129 -0.128 -0.143 -0.050  0.013 -0.045  0.179  0.434  0.686  0.837  1.000  0.857  0.693  0.761  0.620  0.449  0.340  0.163  0.192 -0.101 -0.208 -0.343 -0.390 -0.320 -0.235 -0.149  0.113  0.311  0.294  0.268
  0.044 -0.136 -0.106 -0.322 -0.393 -0.366 -0.316 -0.194 -0.215 -0.245 -0.418 -0.477 -0.512 -0.463 -0.388 -0.186  0.040  0.267  0.502  0.563  0.423  0.412  0.201  0.055  0.037 -0.138 -0.247 -0.254 -0.349 -0.414 -0.373 -0.382 -0.401 -0.399 -0.378 -0.305 -0.224 -0.186 -0.130 -0.125 -0.145 -0.104 -0.102 -0.029  0.040  0.015  0.017  0.050  0.085  0.191  0.275  0.194  0.383  0.623  0.752  0.761  0.857  1.000  0.840  0.734  0.531  0.306  0.162 -0.003  0.090 -0.101 -0.098 -0.186 -0.210 -0.147 -0.079 -0.118 -0.012  0.092  0.075  0.063
 -0.011 -0.138 -0.042 -0.199 -0.258 -0.221 -0.218 -0.149 -0.163 -0.170 -0.309 -0.346 -0.417 -0.397 -0.386 -0.261 -0.080  0.111  0.344  0.362  0.203  0.222  0.132 -0.024 -0.099 -0.180 -0.231 -0.291 -0.374 -0.378 -0.346 -0.375 -0.378 -0.351 -0.334 -0.256 -0.171 -0.137 -0.079 -0.066 -0.076  0.003  0.027  0.110  0.185  0.111  0.125  0.170  0.204  0.292  0.304  0.147  0.257  0.477  0.552  0.670  0.693  0.840  1.000  0.825  0.679  0.393  0.213  0.072  0.204  0.044  0.049 -0.032 -0.088 -0.025  0.015 -0.059 -0.060 -0.015 -0.030 -0.038
  0.220  0.106  0.110 -0.097 -0.300 -0.304 -0.318 -0.229 -0.237 -0.228 -0.356 -0.350 -0.408 -0.281 -0.268 -0.087  0.060  0.268  0.469  0.424  0.205  0.093 -0.079 -0.255 -0.243 -0.298 -0.438 -0.472 -0.469 -0.504 -0.493 -0.466 -0.444 -0.444 -0.461 -0.404 -0.334 -0.316 -0.249 -0.258 -0.298 -0.158 -0.171 -0.075  0.058  0.034 -0.004 -0.002 -0.030  0.041  0.019 -0.134  0.020  0.261  0.439  0.657  0.761  0.734  0.825  1.000  0.838  0.587  0.439  0.288  0.350  0.087 -0.029 -0.174 -0.268 -0.207 -0.149 -0.095  0.068  0.214  0.207  0.189
  0.303  0.242  0.201  0.006 -0.239 -0.267 -0.329 -0.261 -0.263 -0.222 -0.320 -0.267 -0.325 -0.164 -0.162  0.012  0.125  0.279  0.427  0.334  0.138 -0.001 -0.150 -0.312 -0.296 -0.326 -0.466 -0.505 -0.478 -0.508 -0.515 -0.474 -0.432 -0.435 -0.471 -0.429 -0.379 -0.374 -0.315 -0.324 -0.351 -0.221 -0.209 -0.096  0.079  0.051 -0.015 -0.027 -0.087 -0.020 -0.065 -0.205 -0.087  0.128  0.318  0.600  0.620  0.531  0.679  0.838  1.000  0.793  0.590  0.420  0.504  0.178  0.007 -0.160 -0.282 -0.230 -0.181 -0.100  0.097  0.251  0.240  0.219
  0.509  0.456  0.360  0.123 -0.230 -0.300 -0.381 -0.302 -0.299 -0.243 -0.319 -0.219 -0.253 -0.004  0.007  0.216  0.267  0.368  0.418  0.272  0.087 -0.132 -0.297 -0.422 -0.360 -0.380 -0.539 -0.552 -0.469 -0.517 -0.541 -0.458 -0.395 -0.423 -0.488 -0.482 -0.465 -0.477 -0.431 -0.457 -0.490 -0.375 -0.358 -0.234 -0.015 -0.001 -0.109 -0.151 -0.264 -0.214 -0.268 -0.361 -0.255 -0.081  0.127  0.387  0.449  0.306  0.393  0.587  0.793  1.000  0.803  0.604  0.608  0.232 -0.044 -0.257 -0.399 -0.367 -0.304 -0.138  0.177  0.397  0.406  0.381
  0.685  0.637  0.537  0.292 -0.169 -0.273 -0.379 -0.313 -0.301 -0.231 -0.272 -0.137 -0.147  0.177  0.204  0.439  0.426  0.455  0.405  0.230  0.064 -0.235 -0.419 -0.516 -0.410 -0.419 -0.593 -0.586 -0.463 -0.515 -0.553 -0.448 -0.368 -0.405 -0.487 -0.505 -0.513 -0.542 -0.496 -0.525 -0.569 -0.446 -0.442 -0.332 -0.129 -0.081 -0.208 -0.265 -0.400 -0.387 -0.453 -0.507 -0.411 -0.263 -0.025  0.230  0.340  0.162  0.213  0.439  0.590  0.803  1.000  0.837  0.659  0.303 -0.057 -0.299 -0.451 -0.427 -0.368 -0.134  0.235  0.470  0.495  0.468
  0.600  0.662  0.631  0.509  0.045 -0.069 -0.240 -0.237 -0.218 -0.128 -0.095  0.070  0.045  0.346  0.298  0.417  0.311  0.294  0.237  0.035 -0.120 -0.393 -0.494 -0.574 -0.493 -0.421 -0.547 -0.565 -0.407 -0.412 -0.468 -0.371 -0.273 -0.297 -0.393 -0.423 -0.449 -0.488 -0.451 -0.466 -0.503 -0.369 -0.357 -0.258 -0.089 -0.066 -0.181 -0.243 -0.370 -0.394 -0.497 -0.558 -0.518 -0.407 -0.207  0.051  0.163 -0.003  0.072  0.288  0.420  0.604  0.837  1.000  0.797  0.505  0.104 -0.154 -0.331 -0.326 -0.295 -0.078  0.210  0.375  0.416  0.392
  0.372  0.425  0.514  0.486  0.162  0.085 -0.125 -0.161 -0.149 -0.056 -0.036  0.102  0.018  0.207  0.109  0.135  0.114  0.128  0.167 -0.015 -0.179 -0.347 -0.380 -0.486 -0.492 -0.396 -0.462 -0.538 -0.421 -0.368 -0.424 -0.374 -0.274 -0.268 -0.354 -0.349 -0.360 -0.387 -0.350 -0.338 -0.346 -0.215 -0.172 -0.038  0.141  0.075 -0.008 -0.054 -0.162 -0.183 -0.285 -0.397 -0.373 -0.250 -0.109  0.127  0.192  0.090  0.204  0.350  0.504  0.608  0.659  0.797  1.000  0.702  0.342  0.064 -0.142 -0.152 -0.144 -0.039  0.101  0.191  0.206  0.185
  0.071  0.166  0.423  0.632  0.495  0.460  0.200  0.037  0.062  0.158  0.249  0.341  0.230  0.262  0.101 -0.031 -0.103 -0.179 -0.149 -0.298 -0.379 -0.399 -0.271 -0.330 -0.429 -0.256 -0.188 -0.318 -0.239 -0.098 -0.156 -0.173 -0.086 -0.045 -0.107 -0.090 -0.105 -0.123 -0.105 -0.063 -0.040  0.068  0.134  0.239  0.317  0.184  0.156  0.137  0.089  0.026 -0.095 -0.217 -0.294 -0.264 -0.271 -0.126 -0.101 -0.101  0.044  0.087  0.178  0.232  0.303  0.505  0.702  1.000  0.718  0.407  0.197  0.145  0.084  0.065 -0.056 -0.149 -0.132 -0.136
 -0.233 -0.142  0.181  0.448  0.621  0.603  0.386  0.200  0.181  0.223  0.298  0.324  0.226  0.077 -0.049 -0.258 -0.299 -0.376 -0.325 -0.375 -0.378 -0.241 -0.031 -0.059 -0.244 -0.095  0.078 -0.077 -0.104  0.076  0.047 -0.043  0.005  0.077  0.065  0.113  0.120  0.124  0.133  0.201  0.267  0.337  0.444  0.542  0.508  0.336  0.369  0.367  0.374  0.302  0.204  0.077 -0.032 -0.053 -0.197 -0.179 -0.208 -0.098  0.049 -0.029  0.007 -0.044 -0.057  0.104  0.342  0.718  1.000  0.721  0.527  0.426  0.315  0.132 -0.222 -0.439 -0.439 -0.426
 -0.451 -0.350 -0.088  0.215  0.556  0.682  0.610  0.419  0.328  0.275  0.384  0.363  0.263 -0.009 -0.150 -0.393 -0.445 -0.536 -0.481 -0.486 -0.424 -0.178  0.114  0.109 -0.104  0.063  0.296  0.127  0.042  0.266  0.255  0.103  0.118  0.231  0.267  0.339  0.354  0.371  0.385  0.457  0.553  0.602  0.713  0.762  0.594  0.384  0.501  0.480  0.543  0.425  0.327  0.217  0.071  0.001 -0.226 -0.271 -0.343 -0.186 -0.032 -0.174 -0.160 -0.257 -0.299 -0.154  0.064  0.407  0.721  1.000  0.844  0.694  0.522  0.208 -0.334 -0.660 -0.675 -0.644
 -0.537 -0.447 -0.220  0.075  0.503  0.632  0.615  0.422  0.321  0.267  0.380  0.329  0.260 -0.053 -0.166 -0.415 -0.467 -0.562 -0.521 -0.472 -0.362 -0.080  0.207  0.232  0.038  0.164  0.413  0.283  0.163  0.371  0.382  0.210  0.199  0.322  0.390  0.457  0.464  0.477  0.501  0.610  0.712  0.725  0.759  0.697  0.468  0.263  0.410  0.433  0.552  0.459  0.389  0.307  0.156  0.062 -0.192 -0.300 -0.390 -0.210 -0.088 -0.268 -0.282 -0.399 -0.451 -0.331 -0.142  0.197  0.527  0.844  1.000  0.849  0.674  0.319 -0.297 -0.696 -0.742 -0.717
 -0.504 -0.433 -0.226  0.031  0.395  0.522  0.495  0.332  0.254  0.237  0.315  0.268  0.194 -0.084 -0.187 -0.399 -0.441 -0.519 -0.467 -0.418 -0.312 -0.051  0.195  0.192  0.036  0.134  0.355  0.241  0.102  0.313  0.349  0.152  0.137  0.296  0.382  0.482  0.502  0.503  0.564  0.693  0.754  0.807  0.742  0.646  0.396  0.177  0.339  0.389  0.533  0.450  0.378  0.272  0.138  0.080 -0.146 -0.236 -0.320 -0.147 -0.025 -0.207 -0.230 -0.367 -0.427 -0.326 -0.152  0.145  0.426  0.694  0.849  1.000  0.830  0.487 -0.211 -0.663 -0.732 -0.716
 -0.428 -0.390 -0.228 -0.040  0.254  0.376  0.350  0.251  0.176  0.190  0.203  0.156  0.077 -0.146 -0.223 -0.375 -0.395 -0.437 -0.373 -0.326 -0.247 -0.029  0.166  0.162  0.027  0.084  0.286  0.200  0.059  0.240  0.291  0.117  0.094  0.242  0.331  0.420  0.439  0.429  0.520  0.699  0.710  0.692  0.607  0.516  0.299  0.119  0.261  0.313  0.441  0.383  0.334  0.238  0.134  0.096 -0.092 -0.173 -0.235 -0.079  0.015 -0.149 -0.181 -0.304 -0.368 -0.295 -0.144  0.084  0.315  0.522  0.674  0.830  1.000  0.684 -0.003 -0.543 -0.650 -0.657
 -0.140 -0.110 -0.047  0.046  0.144  0.186  0.152  0.083  0.043  0.095  0.106  0.111  0.072  0.004 -0.050 -0.112 -0.156 -0.202 -0.194 -0.200 -0.168 -0.118 -0.038 -0.068 -0.087 -0.031  0.041  0.007 -0.035  0.071  0.104  0.007 -0.002  0.094  0.150  0.221  0.245  0.188  0.264  0.463  0.369  0.445  0.309  0.211  0.064 -0.054  0.030  0.069  0.145  0.103  0.042 -0.037 -0.090 -0.089 -0.149 -0.145 -0.149 -0.118 -0.059 -0.095 -0.100 -0.138 -0.134 -0.078 -0.039  0.065  0.132  0.208  0.319  0.487  0.684  1.000  0.317 -0.158 -0.339 -0.407
  0.289  0.276  0.130  0.035 -0.157 -0.221 -0.277 -0.284 -0.257 -0.147 -0.158 -0.088 -0.061  0.085  0.106  0.225  0.208  0.239  0.200  0.146  0.066 -0.127 -0.277 -0.295 -0.163 -0.199 -0.328 -0.249 -0.150 -0.227 -0.234 -0.142 -0.133 -0.187 -0.198 -0.224 -0.239 -0.288 -0.239 -0.162 -0.269 -0.212 -0.309 -0.348 -0.298 -0.246 -0.305 -0.329 -0.361 -0.331 -0.337 -0.338 -0.276 -0.213 -0.064  0.036  0.113 -0.012 -0.060  0.068  0.097  0.177  0.235  0.210  0.101 -0.056 -0.222 -0.334 -0.297 -0.211 -0.003  0.317  1.000  0.517  0.303  0.189
  0.544  0.495  0.209 -0.027 -0.398 -0.524 -0.545 -0.434 -0.397 -0.326 -0.387 -0.297 -0.232  0.061  0.147  0.397  0.414  0.519  0.460  0.383  0.244 -0.079 -0.381 -0.412 -0.187 -0.290 -0.564 -0.433 -0.259 -0.468 -0.509 -0.310 -0.277 -0.414 -0.484 -0.550 -0.569 -0.591 -0.575 -0.610 -0.677 -0.614 -0.670 -0.654 -0.475 -0.326 -0.474 -0.508 -0.619 -0.543 -0.515 -0.475 -0.328 -0.220  0.044  0.182  0.311  0.092 -0.015  0.214  0.251  0.397  0.470  0.375  0.191 -0.149 -0.439 -0.660 -0.696 -0.663 -0.543 -0.158  0.517  1.000  0.845  0.700
  0.553  0.509  0.251  0.013 -0.399 -0.521 -0.553 -0.429 -0.388 -0.331 -0.376 -0.277 -0.217  0.090  0.168  0.415  0.394  0.501  0.441  0.356  0.205 -0.130 -0.431 -0.447 -0.219 -0.322 -0.595 -0.460 -0.274 -0.492 -0.539 -0.321 -0.282 -0.433 -0.518 -0.601 -0.620 -0.638 -0.644 -0.696 -0.759 -0.698 -0.730 -0.691 -0.495 -0.326 -0.486 -0.528 -0.654 -0.590 -0.564 -0.514 -0.368 -0.268  0.001  0.147  0.294  0.075 -0.030  0.207  0.240  0.406  0.495  0.416  0.206 -0.132 -0.439 -0.675 -0.742 -0.732 -0.650 -0.339  0.303  0.845  1.000  0.915
