  1.000  0.826  0.603  0.294 -0.165 -0.323 -0.409 -0.339 -0.300 -0.260 -0.258 -0.116 -0.039  0.324  0.383  0.673  0.722  0.709  0.555  0.346  0.241 -0.125 -0.373 -0.444 -0.267 -0.323 -0.560 -0.526 -0.402 -0.466 -0.512 -0.434 -0.363 -0.378 -0.467 -0.472 -0.501 -0.563 -0.487 -0.498 -0.566 -0.491 -0.520 -0.477 -0.313 -0.160 -0.293 -0.423 -0.545 -0.512 -0.537 -0.500 -0.419 -0.322 -0.080  0.118  0.222 -0.031 -0.095  0.171  0.260  0.489  0.693  0.613  0.372  0.134 -0.174 -0.429 -0.490 -0.456 -0.408 -0.078  0.273  0.510  0.533  0.514
  0.826  1.000  0.705  0.464  0.005 -0.169 -0.299 -0.286 -0.255 -0.183 -0.116  0.056  0.120  0.473  0.548  0.690  0.570  0.532  0.380  0.169  0.065 -0.286 -0.440 -0.489 -0.338 -0.326 -0.518 -0.489 -0.340 -0.390 -0.470 -0.378 -0.287 -0.318 -0.420 -0.444 -0.485 -0.552 -0.488 -0.509 -0.553 -0.476 -0.462 -0.440 -0.312 -0.172 -0.306 -0.418 -0.533 -0.514 -0.584 -0.552 -0.520 -0.465 -0.241 -0.005  0.062 -0.204 -0.195  0.071  0.236  0.454  0.667  0.705  0.437  0.231 -0.078 -0.336 -0.421 -0.395 -0.386 -0.087  0.248  0.477  0.515  0.488
  0.603  0.705  1.000  0.726  0.297  0.107 -0.081 -0.156 -0.127 -0.058  0.049  0.236  0.278  0.578  0.575  0.542  0.398  0.271  0.182 -0.024 -0.106 -0.347 -0.427 -0.473 -0.408 -0.338 -0.414 -0.467 -0.343 -0.297 -0.375 -0.325 -0.201 -0.205 -0.301 -0.315 -0.342 -0.415 -0.364 -0.325 -0.355 -0.270 -0.250 -0.189 -0.082 -0.005 -0.113 -0.185 -0.278 -0.297 -0.410 -0.449 -0.457 -0.412 -0.308 -0.100 -0.020 -0.160 -0.110  0.069  0.191  0.363  0.570  0.654  0.533  0.478  0.239 -0.051 -0.174 -0.178 -0.201 -0.026  0.052  0.156  0.234  0.235
  0.294  0.464  0.726  1.000  0.677  0.491  0.246  0.051  0.114  0.174  0.422  0.589  0.567  0.685  0.539  0.379  0.158 -0.061 -0.145 -0.343 -0.386 -0.506 -0.435 -0.446 -0.458 -0.273 -0.245 -0.327 -0.178 -0.056 -0.164 -0.138 -0.003  0.017 -0.087 -0.101 -0.154 -0.239 -0.230 -0.176 -0.179 -0.077 -0.018  0.012  0.038  0.066 -0.024 -0.085 -0.141 -0.222 -0.360 -0.413 -0.515 -0.529 -0.514 -0.344 -0.289 -0.373 -0.286 -0.150 -0.033  0.092  0.307  0.531  0.493  0.658  0.489  0.250  0.110  0.046 -0.053  0.054 -0.046 -0.057  0.020  0.008
 -0.165  0.005  0.297  0.677  1.000  0.825  0.607  0.331  0.306  0.351  0.602  0.686  0.670  0.478  0.347  0.044 -0.127 -0.391 -0.468 -0.551 -0.484 -0.371 -0.150 -0.140 -0.258 -0.020  0.125  0.011  0.073  0.249  0.157  0.115  0.216  0.245  0.181  0.176  0.129  0.087  0.070  0.136  0.186  0.249  0.327  0.330  0.239  0.162  0.211  0.179  0.173  0.085 -0.024 -0.086 -0.245 -0.324 -0.466 -0.435 -0.458 -0.405 -0.302 -0.317 -0.235 -0.245 -0.156  0.067  0.157  0.490  0.624  0.549  0.510  0.385  0.231  0.134 -0.173 -0.391 -0.368 -0.388
 -0.323 -0.169  0.107  0.491  0.825  1.000  0.776  0.478  0.435  0.487  0.696  0.701  0.566  0.300  0.145 -0.120 -0.266 -0.509 -0.567 -0.617 -0.513 -0.334 -0.079 -0.073 -0.211 -0.006  0.182  0.050  0.084  0.281  0.210  0.131  0.217  0.279  0.240  0.246  0.208  0.178  0.176  0.278  0.338  0.384  0.458  0.446  0.309  0.200  0.295  0.264  0.290  0.195  0.081  0.009 -0.170 -0.254 -0.427 -0.420 -0.461 -0.354 -0.234 -0.305 -0.251 -0.308 -0.273 -0.059  0.082  0.427  0.606  0.694  0.665  0.539  0.383  0.196 -0.232 -0.528 -0.494 -0.498
 -0.409 -0.299 -0.081  0.246  0.607  0.776  1.000  0.786  0.596  0.436  0.612  0.513  0.429  0.151  0.045 -0.177 -0.316 -0.509 -0.544 -0.532 -0.409 -0.224  0.016  0.056 -0.078  0.074  0.292  0.194  0.168  0.348  0.322  0.216  0.254  0.344  0.334  0.334  0.287  0.297  0.315  0.341  0.415  0.446  0.501  0.455  0.276  0.150  0.282  0.253  0.334  0.220  0.145  0.097 -0.059 -0.138 -0.316 -0.372 -0.424 -0.285 -0.186 -0.322 -0.303 -0.382 -0.371 -0.203 -0.102  0.193  0.423  0.666  0.663  0.544  0.386  0.148 -0.294 -0.591 -0.574 -0.556
 -0.339 -0.286 -0.156  0.051  0.331  0.478  0.786  1.000  0.712  0.432  0.423  0.265  0.168 -0.033 -0.053 -0.184 -0.297 -0.389 -0.402 -0.359 -0.265 -0.110  0.061  0.091  0.012  0.088  0.222  0.172  0.115  0.203  0.219  0.132  0.148  0.221  0.228  0.232  0.194  0.227  0.252  0.254  0.303  0.319  0.352  0.322  0.196  0.091  0.188  0.183  0.263  0.167  0.142  0.099  0.011 -0.054 -0.191 -0.278 -0.313 -0.180 -0.116 -0.232 -0.253 -0.304 -0.323 -0.224 -0.143  0.024  0.210  0.460  0.452  0.362  0.287  0.082 -0.287 -0.466 -0.436 -0.415
 -0.300 -0.255 -0.127  0.114  0.306  0.435  0.596  0.712  1.000  0.768  0.632  0.333  0.172  0.027 -0.010 -0.137 -0.271 -0.356 -0.384 -0.350 -0.247 -0.129 -0.022  0.017 -0.034  0.026  0.134  0.110  0.079  0.161  0.177  0.135  0.148  0.240  0.241  0.232  0.185  0.192  0.199  0.199  0.248  0.249  0.283  0.263  0.151  0.070  0.151  0.156  0.228  0.103  0.080  0.052 -0.039 -0.102 -0.201 -0.268 -0.290 -0.192 -0.153 -0.236 -0.252 -0.291 -0.290 -0.202 -0.106  0.097  0.229  0.372  0.346  0.278  0.213  0.077 -0.268 -0.436 -0.415 -0.396
 -0.260 -0.183 -0.058  0.174  0.351  0.487  0.436  0.432  0.768  1.000  0.686  0.423  0.205  0.093  0.015 -0.124 -0.242 -0.342 -0.391 -0.378 -0.290 -0.198 -0.084 -0.042 -0.105 -0.038  0.103  0.071  0.051  0.129  0.142  0.121  0.147  0.212  0.195  0.192  0.158  0.145  0.133  0.169  0.192  0.198  0.232  0.202  0.114  0.039  0.120  0.142  0.195  0.091  0.030 -0.012 -0.112 -0.166 -0.251 -0.275 -0.288 -0.229 -0.184 -0.226 -0.215 -0.238 -0.214 -0.110 -0.008  0.174  0.255  0.304  0.311  0.259  0.219  0.130 -0.145 -0.349 -0.342 -0.371
 -0.258 -0.116  0.049  0.422  0.602  0.696  0.612  0.423  0.632  0.686  1.000  0.790  0.611  0.391  0.215 -0.032 -0.213 -0.426 -0.494 -0.539 -0.463 -0.355 -0.165 -0.112 -0.207 -0.035  0.134  0.079  0.139  0.259  0.215  0.188  0.247  0.324  0.278  0.245  0.169  0.147  0.120  0.162  0.220  0.244  0.299  0.260  0.144  0.087  0.146  0.131  0.175  0.065 -0.051 -0.078 -0.251 -0.342 -0.443 -0.423 -0.434 -0.385 -0.310 -0.329 -0.266 -0.283 -0.231 -0.050  0.028  0.275  0.351  0.457  0.443  0.356  0.230  0.130 -0.152 -0.415 -0.391 -0.412
 -0.116  0.056  0.236  0.589  0.686  0.701  0.513  0.265  0.333  0.423  0.790  1.000  0.809  0.606  0.376  0.134 -0.066 -0.343 -0.446 -0.544 -0.482 -0.430 -0.234 -0.183 -0.283 -0.095  0.052 -0.021  0.093  0.219  0.140  0.163  0.256  0.298  0.214  0.164  0.071  0.026  0.006  0.083  0.118  0.168  0.226  0.187  0.118  0.087  0.097  0.074  0.076 -0.027 -0.159 -0.177 -0.344 -0.431 -0.518 -0.462 -0.488 -0.474 -0.381 -0.355 -0.248 -0.211 -0.104  0.115  0.152  0.352  0.354  0.423  0.384  0.314  0.178  0.127 -0.098 -0.301 -0.272 -0.299
 -0.039  0.120  0.278  0.567  0.670  0.566  0.429  0.168  0.172  0.205  0.611  0.809  1.000  0.757  0.548  0.294  0.072 -0.240 -0.381 -0.461 -0.396 -0.376 -0.202 -0.144 -0.226 -0.045  0.073  0.026  0.127  0.234  0.149  0.166  0.246  0.254  0.185  0.132  0.038 -0.001 -0.020  0.029  0.066  0.115  0.156  0.116  0.049  0.057  0.063  0.018  0.005 -0.082 -0.184 -0.165 -0.308 -0.418 -0.488 -0.451 -0.472 -0.498 -0.436 -0.396 -0.293 -0.241 -0.124  0.076  0.051  0.228  0.236  0.308  0.299  0.227  0.091  0.106 -0.050 -0.208 -0.194 -0.217
  0.324  0.473  0.578  0.685  0.478  0.300  0.151 -0.033  0.027  0.093  0.391  0.606  0.757  1.000  0.790  0.562  0.314  0.037 -0.142 -0.298 -0.282 -0.430 -0.381 -0.343 -0.319 -0.166 -0.165 -0.194 -0.042  0.013 -0.074 -0.034  0.074  0.084 -0.002 -0.052 -0.151 -0.215 -0.216 -0.197 -0.188 -0.140 -0.131 -0.162 -0.112 -0.048 -0.130 -0.193 -0.253 -0.326 -0.450 -0.397 -0.493 -0.566 -0.528 -0.383 -0.379 -0.503 -0.446 -0.306 -0.151 -0.001  0.199  0.387  0.254  0.303  0.116  0.018 -0.025 -0.063 -0.132  0.038  0.072  0.060  0.105  0.089
  0.383  0.548  0.575  0.539  0.347  0.145  0.045 -0.053 -0.010  0.015  0.215  0.376  0.548  0.790  1.000  0.731  0.420  0.160 -0.033 -0.154 -0.112 -0.278 -0.292 -0.216 -0.176 -0.076 -0.103 -0.108 -0.007 -0.006 -0.090 -0.059  0.031 -0.002 -0.076 -0.114 -0.189 -0.237 -0.213 -0.220 -0.204 -0.197 -0.190 -0.244 -0.224 -0.121 -0.182 -0.266 -0.307 -0.359 -0.413 -0.321 -0.367 -0.469 -0.427 -0.324 -0.330 -0.489 -0.465 -0.330 -0.167 -0.011  0.221  0.341  0.147  0.165  0.041 -0.082 -0.116 -0.147 -0.169  0.010  0.072  0.105  0.155  0.155
  0.673  0.690  0.542  0.379  0.044 -0.120 -0.177 -0.184 -0.137 -0.124 -0.032  0.134  0.294  0.562  0.731  1.000  0.725  0.506  0.304  0.149  0.131 -0.178 -0.319 -0.289 -0.187 -0.198 -0.309 -0.291 -0.201 -0.242 -0.294 -0.246 -0.176 -0.178 -0.261 -0.292 -0.351 -0.403 -0.360 -0.361 -0.380 -0.351 -0.387 -0.419 -0.365 -0.197 -0.285 -0.385 -0.451 -0.475 -0.492 -0.399 -0.398 -0.408 -0.253 -0.135 -0.084 -0.332 -0.371 -0.181 -0.050  0.155  0.425  0.449  0.173  0.072 -0.150 -0.303 -0.337 -0.318 -0.310 -0.028  0.194  0.333  0.364  0.358
  0.722  0.570  0.398  0.158 -0.127 -0.266 -0.316 -0.297 -0.271 -0.242 -0.213 -0.066  0.072  0.314  0.420  0.725  1.000  0.800  0.553  0.432  0.427  0.073 -0.169 -0.178 -0.067 -0.168 -0.334 -0.334 -0.310 -0.363 -0.399 -0.373 -0.314 -0.326 -0.395 -0.385 -0.394 -0.433 -0.399 -0.402 -0.413 -0.396 -0.420 -0.373 -0.254 -0.133 -0.216 -0.331 -0.417 -0.398 -0.377 -0.292 -0.202 -0.134  0.063  0.159  0.178 -0.046 -0.139  0.021  0.118  0.266  0.457  0.339  0.132 -0.036 -0.221 -0.360 -0.389 -0.382 -0.351 -0.073  0.215  0.391  0.361  0.341
  0.709  0.532  0.271 -0.061 -0.391 -0.509 -0.509 -0.389 -0.356 -0.342 -0.426 -0.343 -0.240  0.037  0.160  0.506  0.800  1.000  0.812  0.687  0.604  0.219 -0.112 -0.160  0.003 -0.206 -0.435 -0.384 -0.381 -0.504 -0.488 -0.438 -0.416 -0.440 -0.495 -0.482 -0.462 -0.484 -0.437 -0.486 -0.528 -0.509 -0.550 -0.478 -0.314 -0.177 -0.293 -0.375 -0.466 -0.396 -0.338 -0.266 -0.105  0.025  0.286  0.387  0.454  0.214  0.070  0.253  0.278  0.407  0.512  0.312  0.123 -0.151 -0.369 -0.536 -0.565 -0.529 -0.439 -0.163  0.246  0.525  0.506  0.482
  0.555  0.380  0.182 -0.145 -0.468 -0.567 -0.544 -0.402 -0.384 -0.391 -0.494 -0.446 -0.381 -0.142 -0.033  0.304  0.553  0.812  1.000  0.805  0.608  0.272 -0.039 -0.141 -0.025 -0.245 -0.456 -0.399 -0.406 -0.537 -0.496 -0.455 -0.459 -0.480 -0.507 -0.468 -0.421 -0.431 -0.395 -0.439 -0.492 -0.452 -0.499 -0.432 -0.257 -0.134 -0.248 -0.306 -0.372 -0.275 -0.205 -0.191 -0.006  0.190  0.458  0.586  0.667  0.472  0.330  0.478  0.433  0.476  0.466  0.256  0.174 -0.128 -0.323 -0.501 -0.550 -0.501 -0.396 -0.180  0.192  0.467  0.457  0.442
  0.346  0.169 -0.024 -0.343 -0.551 -0.617 -0.532 -0.359 -0.350 -0.378 -0.539 -0.544 -0.461 -0.298 -0.154  0.149  0.432  0.687  0.805  1.000  0.820  0.526  0.194  0.101  0.205 -0.060 -0.268 -0.221 -0.294 -0.461 -0.419 -0.405 -0.439 -0.467 -0.456 -0.395 -0.308 -0.272 -0.271 -0.328 -0.359 -0.361 -0.409 -0.350 -0.223 -0.151 -0.244 -0.215 -0.238 -0.125 -0.015  0.027  0.250  0.428  0.657  0.630  0.679  0.556  0.365  0.427  0.314  0.299  0.249  0.007 -0.037 -0.306 -0.395 -0.508 -0.495 -0.446 -0.349 -0.189  0.133  0.410  0.355  0.332
  0.241  0.065 -0.106 -0.386 -0.484 -0.513 -0.409 -0.265 -0.247 -0.290 -0.463 -0.482 -0.396 -0.282 -0.112  0.131  0.427  0.604  0.608  0.820  1.000  0.758  0.410  0.332  0.440  0.147 -0.051 -0.027 -0.153 -0.290 -0.264 -0.298 -0.332 -0.345 -0.328 -0.255 -0.176 -0.132 -0.141 -0.176 -0.181 -0.265 -0.284 -0.270 -0.219 -0.195 -0.225 -0.175 -0.140 -0.024  0.121  0.220  0.391  0.518  0.684  0.549  0.500  0.426  0.218  0.223  0.119  0.103  0.075 -0.148 -0.187 -0.366 -0.376 -0.413 -0.371 -0.322 -0.265 -0.166  0.063  0.252  0.172  0.165
 -0.125 -0.286 -0.347 -0.506 -0.371 -0.334 -0.224 -0.110 -0.129 -0.198 -0.355 -0.430 -0.376 -0.430 -0.278 -0.178  0.073  0.219  0.272  0.526  0.758  1.000  0.775  0.682  0.699  0.458  0.262  0.247  0.085 -0.041 -0.040 -0.102 -0.151 -0.191 -0.149 -0.074  0.011  0.099  0.067  0.052  0.088 -0.043 -0.005 -0.000 -0.020 -0.059  0.004  0.109  0.205  0.323  0.487  0.612  0.708  0.769  0.722  0.477  0.359  0.447  0.265  0.152 -0.016 -0.150 -0.245 -0.423 -0.368 -0.424 -0.272 -0.219 -0.125 -0.091 -0.062 -0.138 -0.104 -0.058 -0.135 -0.130
 -0.373 -0.440 -0.427 -0.435 -0.150 -0.079  0.016  0.061 -0.022 -0.084 -0.165 -0.234 -0.202 -0.381 -0.292 -0.319 -0.169 -0.112 -0.039  0.194  0.410  0.775  1.000  0.846  0.654  0.602  0.559  0.432  0.216  0.180  0.170  0.029 -0.035 -0.040  0.021  0.116  0.237  0.359  0.295  0.268  0.326  0.214  0.305  0.279  0.206  0.088  0.212  0.356  0.490  0.603  0.712  0.805  0.727  0.698  0.522  0.306  0.121  0.289  0.231  0.020 -0.125 -0.301 -0.438 -0.513 -0.391 -0.309 -0.090  0.071  0.166  0.168  0.148 -0.062 -0.250 -0.357 -0.426 -0.406
 -0.444 -0.489 -0.473 -0.446 -0.140 -0.073  0.056  0.091  0.017 -0.042 -0.112 -0.183 -0.144 -0.343 -0.216 -0.289 -0.178 -0.160 -0.141  0.101  0.332  0.682  0.846  1.000  0.801  0.612  0.686  0.646  0.401  0.342  0.352  0.229  0.151  0.132  0.191  0.251  0.322  0.432  0.334  0.313  0.413  0.176  0.273  0.237  0.109  0.069  0.187  0.286  0.439  0.525  0.658  0.799  0.745  0.622  0.419  0.129 -0.056  0.127  0.051 -0.209 -0.304 -0.434 -0.521 -0.586 -0.500 -0.385 -0.122  0.060  0.173  0.156  0.153 -0.086 -0.261 -0.390 -0.435 -0.408
 -0.267 -0.338 -0.408 -0.458 -0.258 -0.211 -0.078  0.012 -0.034 -0.105 -0.207 -0.283 -0.226 -0.319 -0.176 -0.187 -0.067  0.003 -0.025  0.205  0.440  0.699  0.654  0.801  1.000  0.726  0.525  0.600  0.459  0.274  0.262  0.203  0.116  0.061  0.114  0.136  0.183  0.260  0.186  0.171  0.234  0.029  0.077 -0.009 -0.121 -0.126 -0.050  0.019  0.166  0.272  0.419  0.559  0.589  0.497  0.397  0.134 -0.006  0.107 -0.029 -0.188 -0.264 -0.350 -0.399 -0.484 -0.487 -0.450 -0.278 -0.143 -0.023 -0.011 -0.015 -0.109 -0.139 -0.158 -0.185 -0.171
 -0.323 -0.326 -0.338 -0.273 -0.020 -0.006  0.074  0.088  0.026 -0.038 -0.035 -0.095 -0.045 -0.166 -0.076 -0.198 -0.168 -0.206 -0.245 -0.060  0.147  0.458  0.602  0.612  0.726  1.000  0.709  0.608  0.568  0.458  0.353  0.287  0.210  0.149  0.186  0.198  0.245  0.343  0.249  0.204  0.248  0.186  0.237  0.124  0.027 -0.048  0.036  0.118  0.238  0.296  0.352  0.469  0.400  0.289  0.123 -0.046 -0.178 -0.059 -0.073 -0.228 -0.266 -0.362 -0.406 -0.403 -0.379 -0.253 -0.109  0.036  0.132  0.107  0.056 -0.046 -0.197 -0.253 -0.290 -0.281
 -0.560 -0.518 -0.414 -0.245  0.125  0.182  0.292  0.222  0.134  0.103  0.134  0.052  0.073 -0.165 -0.103 -0.309 -0.334 -0.435 -0.456 -0.268 -0.051  0.262  0.559  0.686  0.525  0.709  1.000  0.849  0.632  0.691  0.685  0.504  0.411  0.427  0.483  0.521  0.565  0.669  0.548  0.480  0.575  0.403  0.477  0.372  0.180  0.076  0.212  0.283  0.433  0.436  0.486  0.581  0.440  0.267  0.011 -0.209 -0.376 -0.189 -0.162 -0.416 -0.444 -0.542 -0.607 -0.551 -0.461 -0.209  0.078  0.300  0.404  0.343  0.302  0.036 -0.331 -0.554 -0.576 -0.551
 -0.526 -0.489 -0.467 -0.327  0.011  0.050  0.194  0.172  0.110  0.071  0.079 -0.021  0.026 -0.194 -0.108 -0.291 -0.334 -0.384 -0.399 -0.221 -0.027  0.247  0.432  0.646  0.600  0.608  0.849  1.000  0.796  0.706  0.755  0.657  0.516  0.480  0.550  0.530  0.524  0.584  0.476  0.427  0.511  0.288  0.334  0.208 -0.019 -0.063  0.058  0.127  0.282  0.285  0.373  0.492  0.423  0.235  0.010 -0.244 -0.372 -0.199 -0.241 -0.469 -0.492 -0.565 -0.606 -0.570 -0.543 -0.347 -0.079  0.142  0.278  0.227  0.220  0.006 -0.235 -0.414 -0.435 -0.413
 -0.402 -0.340 -0.343 -0.178  0.073  0.084  0.168  0.115  0.079  0.051  0.139  0.093  0.127 -0.042 -0.007 -0.201 -0.310 -0.381 -0.406 -0.294 -0.153  0.085  0.216  0.401  0.459  0.568  0.632  0.796  1.000  0.819  0.710  0.760  0.677  0.540  0.539  0.434  0.352  0.362  0.236  0.228  0.311  0.136  0.179  0.047 -0.137 -0.134 -0.085 -0.049  0.074  0.080  0.167  0.293  0.231  0.034 -0.143 -0.338 -0.412 -0.285 -0.317 -0.469 -0.446 -0.476 -0.471 -0.392 -0.408 -0.230 -0.091  0.065  0.171  0.104  0.087 -0.007 -0.129 -0.258 -0.258 -0.257
 -0.466 -0.390 -0.297 -0.056  0.249  0.281  0.348  0.203  0.161  0.129  0.259  0.219  0.234  0.013 -0.006 -0.242 -0.363 -0.504 -0.537 -0.461 -0.290 -0.041  0.180  0.342  0.274  0.458  0.691  0.706  0.819  1.000  0.876  0.780  0.758  0.743  0.722  0.661  0.555  0.543  0.425  0.411  0.499  0.325  0.346  0.236  0.009 -0.036  0.075  0.076  0.196  0.152  0.195  0.286  0.171 -0.018 -0.234 -0.409 -0.504 -0.350 -0.326 -0.506 -0.463 -0.512 -0.514 -0.382 -0.343 -0.090  0.097  0.307  0.389  0.322  0.262  0.084 -0.209 -0.474 -0.489 -0.471
 -0.512 -0.470 -0.375 -0.164  0.157  0.210  0.322  0.219  0.177  0.142  0.215  0.140  0.149 -0.074 -0.090 -0.294 -0.399 -0.488 -0.496 -0.419 -0.264 -0.040  0.170  0.352  0.262  0.353  0.685  0.755  0.710  0.876  1.000  0.851  0.742  0.782  0.838  0.787  0.702  0.672  0.571  0.521  0.564  0.387  0.357  0.243 -0.002 -0.045  0.082  0.089  0.214  0.165  0.220  0.292  0.186  0.018 -0.191 -0.387 -0.472 -0.309 -0.307 -0.485 -0.488 -0.537 -0.574 -0.476 -0.424 -0.183  0.040  0.280  0.375  0.339  0.313  0.099 -0.214 -0.504 -0.524 -0.493
 -0.434 -0.378 -0.325 -0.138  0.115  0.131  0.216  0.132  0.135  0.121  0.188  0.163  0.166 -0.034 -0.059 -0.246 -0.373 -0.438 -0.455 -0.405 -0.298 -0.102  0.029  0.229  0.203  0.287  0.504  0.657  0.760  0.780  0.851  1.000  0.877  0.760  0.793  0.623  0.466  0.434  0.327  0.321  0.377  0.217  0.196  0.082 -0.112 -0.112 -0.032 -0.012  0.078  0.018  0.075  0.163  0.094 -0.067 -0.236 -0.401 -0.450 -0.323 -0.333 -0.453 -0.449 -0.461 -0.465 -0.373 -0.365 -0.180 -0.034  0.139  0.220  0.172  0.156  0.040 -0.122 -0.311 -0.317 -0.303
 -0.363 -0.287 -0.201 -0.003  0.216  0.217  0.254  0.148  0.148  0.147  0.247  0.256  0.246  0.074  0.031 -0.176 -0.314 -0.416 -0.459 -0.439 -0.332 -0.151 -0.035  0.151  0.116  0.210  0.411  0.516  0.677  0.758  0.742  0.877  1.000  0.860  0.768  0.605  0.349  0.309  0.192  0.214  0.322  0.176  0.172  0.077 -0.096 -0.087 -0.025 -0.021  0.061 -0.002  0.029  0.111  0.028 -0.120 -0.287 -0.438 -0.477 -0.367 -0.346 -0.452 -0.412 -0.408 -0.384 -0.253 -0.241 -0.060  0.040  0.187  0.229  0.171  0.126  0.027 -0.138 -0.305 -0.305 -0.296
 -0.378 -0.318 -0.205  0.017  0.245  0.279  0.344  0.221  0.240  0.212  0.324  0.298  0.254  0.084 -0.002 -0.178 -0.326 -0.440 -0.480 -0.467 -0.345 -0.191 -0.040  0.132  0.061  0.149  0.427  0.480  0.540  0.743  0.782  0.760  0.860  1.000  0.909  0.812  0.557  0.475  0.386  0.363  0.460  0.296  0.280  0.183 -0.020 -0.048  0.059  0.043  0.138  0.069  0.077  0.112  0.005 -0.134 -0.300 -0.446 -0.482 -0.375 -0.344 -0.463 -0.429 -0.434 -0.419 -0.280 -0.247 -0.037  0.099  0.295  0.329  0.308  0.242  0.080 -0.183 -0.438 -0.460 -0.435
 -0.467 -0.420 -0.301 -0.087  0.181  0.240  0.334  0.228  0.241  0.195  0.278  0.214  0.185 -0.002 -0.076 -0.261 -0.395 -0.495 -0.507 -0.456 -0.328 -0.149  0.021  0.191  0.114  0.186  0.483  0.550  0.539  0.722  0.838  0.793  0.768  0.909  1.000  0.903  0.711  0.611  0.533  0.500  0.550  0.382  0.337  0.233  0.006 -0.052  0.074  0.078  0.183  0.113  0.146  0.173  0.075 -0.066 -0.246 -0.400 -0.450 -0.319 -0.300 -0.447 -0.449 -0.487 -0.505 -0.388 -0.340 -0.115  0.075  0.301  0.363  0.371  0.316  0.122 -0.171 -0.480 -0.518 -0.484
 -0.472 -0.444 -0.315 -0.101  0.176  0.246  0.334  0.232  0.232  0.192  0.245  0.164  0.132 -0.052 -0.114 -0.292 -0.385 -0.482 -0.468 -0.395 -0.255 -0.074  0.116  0.251  0.136  0.198  0.521  0.530  0.434  0.661  0.787  0.623  0.605  0.812  0.903  1.000  0.850  0.726  0.654  0.608  0.633  0.467  0.405  0.300  0.068 -0.022  0.122  0.128  0.247  0.195  0.227  0.242  0.138  0.013 -0.176 -0.336 -0.391 -0.251 -0.226 -0.395 -0.409 -0.483 -0.512 -0.415 -0.340 -0.110  0.097  0.345  0.416  0.457  0.387  0.165 -0.215 -0.550 -0.600 -0.557
 -0.501 -0.485 -0.342 -0.154  0.129  0.208  0.287  0.194  0.185  0.158  0.169  0.071  0.038 -0.151 -0.189 -0.351 -0.394 -0.462 -0.421 -0.308 -0.176  0.011  0.237  0.322  0.183  0.245  0.565  0.524  0.352  0.555  0.702  0.466  0.349  0.557  0.711  0.850  1.000  0.890  0.778  0.685  0.647  0.524  0.441  0.378  0.148  0.025  0.188  0.222  0.345  0.307  0.337  0.308  0.217  0.110 -0.071 -0.207 -0.283 -0.128 -0.095 -0.301 -0.357 -0.468 -0.531 -0.467 -0.366 -0.131  0.102  0.349  0.427  0.471  0.410  0.157 -0.246 -0.573 -0.622 -0.571
 -0.563 -0.552 -0.415 -0.239  0.087  0.178  0.297  0.227  0.192  0.145  0.147  0.026 -0.001 -0.215 -0.237 -0.403 -0.433 -0.484 -0.431 -0.272 -0.132  0.099  0.359  0.432  0.260  0.343  0.669  0.584  0.362  0.543  0.672  0.434  0.309  0.475  0.611  0.726  0.890  1.000  0.860  0.653  0.661  0.555  0.493  0.421  0.193  0.059  0.228  0.284  0.418  0.385  0.422  0.397  0.296  0.194 -0.005 -0.166 -0.274 -0.087 -0.059 -0.290 -0.355 -0.488 -0.576 -0.528 -0.390 -0.159  0.091  0.349  0.431  0.451  0.396  0.087 -0.297 -0.582 -0.628 -0.581
 -0.487 -0.488 -0.364 -0.230  0.070  0.176  0.315  0.252  0.199  0.133  0.120  0.006 -0.020 -0.216 -0.213 -0.360 -0.399 -0.437 -0.395 -0.271 -0.141  0.067  0.295  0.334  0.186  0.249  0.548  0.476  0.236  0.425  0.571  0.327  0.192  0.386  0.533  0.654  0.778  0.860  1.000  0.754  0.708  0.638  0.527  0.423  0.192  0.031  0.220  0.263  0.397  0.363  0.373  0.326  0.234  0.154 -0.028 -0.149 -0.210 -0.042 -0.002 -0.220 -0.310 -0.426 -0.493 -0.445 -0.327 -0.122  0.105  0.364  0.455  0.515  0.485  0.158 -0.263 -0.560 -0.626 -0.569
 -0.498 -0.509 -0.325 -0.176  0.136  0.278  0.341  0.254  0.199  0.169  0.162  0.083  0.029 -0.197 -0.220 -0.361 -0.402 -0.486 -0.439 -0.328 -0.176  0.052  0.268  0.313  0.171  0.204  0.480  0.427  0.228  0.411  0.521  0.321  0.214  0.363  0.500  0.608  0.685  0.653  0.754  1.000  0.849  0.730  0.607  0.481  0.222  0.026  0.207  0.280  0.436  0.400  0.390  0.342  0.250  0.151 -0.051 -0.173 -0.237 -0.066 -0.002 -0.227 -0.296 -0.427 -0.488 -0.445 -0.310 -0.084  0.175  0.449  0.589  0.662  0.681  0.413 -0.140 -0.589 -0.682 -0.651
 -0.566 -0.553 -0.355 -0.179  0.186  0.338  0.415  0.303  0.248  0.192  0.220  0.118  0.066 -0.188 -0.204 -0.380 -0.413 -0.528 -0.492 -0.359 -0.181  0.088  0.326  0.413  0.234  0.248  0.575  0.511  0.311  0.499  0.564  0.377  0.322  0.460  0.550  0.633  0.647  0.661  0.708  0.849  1.000  0.762  0.698  0.573  0.289  0.072  0.267  0.347  0.511  0.473  0.472  0.434  0.300  0.192 -0.038 -0.202 -0.298 -0.105 -0.034 -0.311 -0.331 -0.471 -0.537 -0.474 -0.328 -0.065  0.255  0.546  0.691  0.714  0.687  0.316 -0.263 -0.670 -0.749 -0.716
 -0.491 -0.476 -0.270 -0.077  0.249  0.384  0.446  0.319  0.249  0.198  0.244  0.168  0.115 -0.140 -0.197 -0.351 -0.396 -0.509 -0.452 -0.361 -0.265 -0.043  0.214  0.176  0.029  0.186  0.403  0.288  0.136  0.325  0.387  0.217  0.176  0.296  0.382  0.467  0.524  0.555  0.638  0.730  0.762  1.000  0.805  0.632  0.382  0.143  0.312  0.388  0.502  0.454  0.386  0.261  0.120  0.095 -0.074 -0.165 -0.208 -0.045  0.062 -0.138 -0.202 -0.354 -0.411 -0.331 -0.181  0.041  0.315  0.602  0.729  0.782  0.664  0.370 -0.216 -0.603 -0.699 -0.679
 -0.520 -0.462 -0.250 -0.018  0.327  0.458  0.501  0.352  0.283  0.232  0.299  0.226  0.156 -0.131 -0.190 -0.387 -0.420 -0.550 -0.499 -0.409 -0.284 -0.005  0.305  0.273  0.077  0.237  0.477  0.334  0.179  0.346  0.357  0.196  0.172  0.280  0.337  0.405  0.441  0.493  0.527  0.607  0.698  0.805  1.000  0.834  0.558  0.239  0.421  0.506  0.666  0.626  0.521  0.399  0.208  0.160 -0.052 -0.161 -0.262 -0.061  0.069 -0.182 -0.200 -0.346 -0.423 -0.316 -0.129  0.137  0.437  0.716  0.759  0.732  0.599  0.259 -0.337 -0.681 -0.745 -0.724
 -0.477 -0.440 -0.189  0.012  0.330  0.446  0.455  0.322  0.263  0.202  0.260  0.187  0.116 -0.162 -0.244 -0.419 -0.373 -0.478 -0.432 -0.350 -0.270 -0.000  0.279  0.237 -0.009  0.124  0.372  0.208  0.047  0.236  0.243  0.082  0.077  0.183  0.233  0.300  0.378  0.421  0.423  0.481  0.573  0.632  0.834  1.000  0.802  0.460  0.629  0.686  0.745  0.648  0.528  0.398  0.236  0.198 -0.009 -0.088 -0.188  0.011  0.147 -0.092 -0.111 -0.245 -0.354 -0.262 -0.044  0.197  0.522  0.748  0.707  0.643  0.509  0.158 -0.397 -0.685 -0.718 -0.678
 -0.313 -0.312 -0.082  0.038  0.239  0.309  0.276  0.196  0.151  0.114  0.144  0.118  0.049 -0.112 -0.224 -0.365 -0.254 -0.314 -0.257 -0.223 -0.219 -0.020  0.206  0.109 -0.121  0.027  0.180 -0.019 -0.137  0.009 -0.002 -0.112 -0.096 -0.020  0.006  0.068  0.148  0.193  0.192  0.222  0.289  0.382  0.558  0.802  1.000  0.703  0.678  0.687  0.595  0.561  0.426  0.290  0.172  0.176  0.033  0.029 -0.056  0.092  0.237  0.104  0.096 -0.008 -0.153 -0.111  0.110  0.253  0.483  0.553  0.453  0.375  0.292  0.025 -0.324 -0.465 -0.504 -0.475
 -0.160 -0.172 -0.005  0.066  0.162  0.200  0.150  0.091  0.070  0.039  0.087  0.087  0.057 -0.048 -0.121 -0.197 -0.133 -0.177 -0.134 -0.151 -0.195 -0.059  0.088  0.069 -0.126 -0.048  0.076 -0.063 -0.134 -0.036 -0.045 -0.112 -0.087 -0.048 -0.052 -0.022  0.025  0.059  0.031  0.026  0.072  0.143  0.239  0.460  0.703  1.000  0.774  0.582  0.361  0.313  0.241  0.164  0.106  0.079 -0.038 -0.031 -0.063  0.028  0.139  0.096  0.073 -0.004 -0.074 -0.065  0.023  0.102  0.318  0.332  0.224  0.141  0.075 -0.101 -0.243 -0.299 -0.279 -0.258
 -0.293 -0.306 -0.113 -0.024  0.211  0.295  0.282  0.188  0.151  0.120  0.146  0.097  0.063 -0.130 -0.182 -0.285 -0.216 -0.293 -0.248 -0.244 -0.225  0.004  0.212  0.187 -0.050  0.036  0.212  0.058 -0.085  0.075  0.082 -0.032 -0.025  0.059  0.074  0.122  0.188  0.228  0.220  0.207  0.267  0.312  0.421  0.629  0.678  0.774  1.000  0.777  0.591  0.447  0.381  0.316  0.209  0.172 -0.012 -0.054 -0.102  0.044  0.154  0.023 -0.008 -0.125 -0.224 -0.192 -0.053  0.078  0.337  0.470  0.396  0.330  0.237 -0.027 -0.342 -0.510 -0.490 -0.427
 -0.423 -0.418 -0.185 -0.085  0.179  0.264  0.253  0.183  0.156  0.142  0.131  0.074  0.018 -0.193 -0.266 -0.385 -0.331 -0.375 -0.306 -0.215 -0.175  0.109  0.356  0.286  0.019  0.118  0.283  0.127 -0.049  0.076  0.089 -0.012 -0.021  0.043  0.078  0.128  0.222  0.284  0.263  0.280  0.347  0.388  0.506  0.686  0.687  0.582  0.777  1.000  0.834  0.664  0.537  0.461  0.322  0.290  0.073  0.003 -0.090  0.099  0.207  0.016 -0.042 -0.197 -0.326 -0.277 -0.092  0.067  0.325  0.450  0.441  0.388  0.299  0.022 -0.349 -0.537 -0.538 -0.496
 -0.545 -0.533 -0.278 -0.141  0.173  0.290  0.334  0.263  0.228  0.195  0.175  0.076  0.005 -0.253 -0.307 -0.451 -0.417 -0.466 -0.372 -0.238 -0.140  0.205  0.490  0.439  0.166  0.238  0.433  0.282  0.074  0.196  0.214  0.078  0.061  0.138  0.183  0.247  0.345  0.418  0.397  0.436  0.511  0.502  0.666  0.745  0.595  0.361  0.591  0.834  1.000  0.836  0.706  0.609  0.430  0.395  0.142  0.018 -0.108  0.142  0.236 -0.039 -0.128 -0.317 -0.459 -0.393 -0.188  0.036  0.326  0.522  0.554  0.518  0.430  0.096 -0.403 -0.651 -0.666 -0.631
 -0.512 -0.514 -0.297 -0.222  0.085  0.195  0.220  0.167  0.103  0.091  0.065 -0.027 -0.082 -0.326 -0.359 -0.475 -0.398 -0.396 -0.275 -0.125 -0.024  0.323  0.603  0.525  0.272  0.296  0.436  0.285  0.080  0.152  0.165  0.018 -0.002  0.069  0.113  0.195  0.307  0.385  0.363  0.400  0.473  0.454  0.626  0.648  0.561  0.313  0.447  0.664  0.836  1.000  0.880  0.721  0.531  0.533  0.302  0.157  0.008  0.251  0.321  0.039 -0.076 -0.271 -0.442 -0.415 -0.197 -0.010  0.275  0.401  0.460  0.441  0.364  0.048 -0.346 -0.566 -0.608 -0.586
 -0.537 -0.584 -0.410 -0.360 -0.024  0.081  0.145  0.142  0.080  0.030 -0.051 -0.159 -0.184 -0.450 -0.413 -0.492 -0.377 -0.338 -0.205 -0.015  0.121  0.487  0.712  0.658  0.419  0.352  0.486  0.373  0.167  0.195  0.220  0.075  0.029  0.077  0.146  0.227  0.337  0.422  0.373  0.390  0.472  0.386  0.521  0.528  0.426  0.241  0.381  0.537  0.706  0.880  1.000  0.862  0.711  0.705  0.457  0.229  0.065  0.327  0.357  0.058 -0.087 -0.316 -0.491 -0.519 -0.306 -0.144  0.160  0.282  0.372  0.361  0.322  0.004 -0.336 -0.520 -0.576 -0.559
 -0.500 -0.552 -0.449 -0.413 -0.086  0.009  0.097  0.099  0.052 -0.012 -0.078 -0.177 -0.165 -0.397 -0.321 -0.399 -0.292 -0.266 -0.191  0.027  0.220  0.612  0.805  0.799  0.559  0.469  0.581  0.492  0.293  0.286  0.292  0.163  0.111  0.112  0.173  0.242  0.308  0.397  0.326  0.342  0.434  0.261  0.399  0.398  0.290  0.164  0.316  0.461  0.609  0.721  0.862  1.000  0.846  0.716  0.448  0.171 -0.019  0.228  0.198 -0.098 -0.229 -0.403 -0.529 -0.564 -0.413 -0.253  0.033  0.174  0.287  0.258  0.238 -0.050 -0.312 -0.464 -0.517 -0.490
 -0.419 -0.520 -0.457 -0.515 -0.245 -0.170 -0.059  0.011 -0.039 -0.112 -0.251 -0.344 -0.308 -0.493 -0.367 -0.398 -0.202 -0.105 -0.006  0.250  0.391  0.708  0.727  0.745  0.589  0.400  0.440  0.423  0.231  0.171  0.186  0.094  0.028  0.005  0.075  0.138  0.217  0.296  0.234  0.250  0.300  0.120  0.208  0.236  0.172  0.106  0.209  0.322  0.430  0.531  0.711  0.846  1.000  0.855  0.627  0.333  0.184  0.404  0.306  0.046 -0.102 -0.296 -0.447 -0.560 -0.414 -0.362 -0.102  0.008  0.104  0.089  0.119 -0.102 -0.227 -0.294 -0.354 -0.336
 -0.322 -0.465 -0.412 -0.529 -0.324 -0.254 -0.138 -0.054 -0.102 -0.166 -0.342 -0.431 -0.418 -0.566 -0.469 -0.408 -0.134  0.025  0.190  0.428  0.518  0.769  0.698  0.622  0.497  0.289  0.267  0.235  0.034 -0.018  0.018 -0.067 -0.120 -0.134 -0.066  0.013  0.110  0.194  0.154  0.151  0.192  0.095  0.160  0.198  0.176  0.079  0.172  0.290  0.395  0.533  0.705  0.716  0.855  1.000  0.830  0.567  0.437  0.636  0.510  0.291  0.092 -0.126 -0.302 -0.467 -0.301 -0.321 -0.111 -0.053  0.027  0.038  0.064 -0.109 -0.200 -0.210 -0.289 -0.270
 -0.080 -0.241 -0.308 -0.514 -0.466 -0.427 -0.316 -0.191 -0.201 -0.251 -0.443 -0.518 -0.488 -0.528 -0.427 -0.253  0.063  0.286  0.458  0.657  0.684  0.722  0.522  0.419  0.397  0.123  0.011  0.010 -0.143 -0.234 -0.191 -0.236 -0.287 -0.300 -0.246 -0.176 -0.071 -0.005 -0.028 -0.051 -0.038 -0.074 -0.052 -0.009  0.033 -0.038 -0.012  0.073  0.142  0.302  0.457  0.448  0.627  0.830  1.000  0.811  0.683  0.757  0.566  0.450  0.280  0.112 -0.075 -0.290 -0.153 -0.297 -0.217 -0.225 -0.188 -0.143 -0.094 -0.119 -0.053  0.047 -0.054 -0.053
  0.118 -0.005 -0.100 -0.344 -0.435 -0.420 -0.372 -0.278 -0.268 -0.275 -0.423 -0.462 -0.451 -0.383 -0.324 -0.135  0.159  0.387  0.586  0.630  0.549  0.477  0.306  0.129  0.134 -0.046 -0.209 -0.244 -0.338 -0.409 -0.387 -0.401 -0.438 -0.446 -0.400 -0.336 -0.207 -0.166 -0.149 -0.173 -0.202 -0.165 -0.161 -0.088  0.029 -0.031 -0.054  0.003  0.018  0.157  0.229  0.171  0.333  0.567  0.811  1.000  0.835  0.756  0.680  0.657  0.573  0.389  0.202 -0.012  0.107 -0.114 -0.176 -0.253 -0.271 -0.212 -0.151 -0.103  0.055  0.172  0.083  0.062
  0.222  0.062 -0.020 -0.289 -0.458 -0.461 -0.424 -0.313 -0.290 -0.288 -0.434 -0.488 -0.472 -0.379 -0.330 -0.084  0.178  0.454  0.667  0.679  0.500  0.359  0.121 -0.056 -0.006 -0.178 -0.376 -0.372 -0.412 -0.504 -0.472 -0.450 -0.477 -0.482 -0.450 -0.391 -0.283 -0.274 -0.210 -0.237 -0.298 -0.208 -0.262 -0.188 -0.056 -0.063 -0.102 -0.090 -0.108  0.008  0.065 -0.019  0.184  0.437  0.683  0.835  1.000  0.850  0.696  0.768  0.609  0.453  0.322  0.112  0.188 -0.094 -0.215 -0.326 -0.355 -0.281 -0.197 -0.119  0.114  0.286  0.209  0.200
 -0.031 -0.204 -0.160 -0.373 -0.405 -0.354 -0.285 -0.180 -0.192 -0.229 -0.385 -0.474 -0.498 -0.503 -0.489 -0.332 -0.046  0.214  0.472  0.556  0.426  0.447  0.289  0.127  0.107 -0.059 -0.189 -0.199 -0.285 -0.350 -0.309 -0.323 -0.367 -0.375 -0.319 -0.251 -0.128 -0.087 -0.042 -0.066 -0.105 -0.045 -0.061  0.011  0.092  0.028  0.044  0.099  0.142  0.251  0.327  0.228  0.404  0.636  0.757  0.756  0.850  1.000  0.833  0.728  0.494  0.289  0.115 -0.083  0.067 -0.105 -0.114 -0.175 -0.183 -0.122 -0.040 -0.096 -0.020  0.056 -0.014 -0.004
 -0.095 -0.195 -0.110 -0.286 -0.302 -0.234 -0.186 -0.116 -0.153 -0.184 -0.310 -0.381 -0.436 -0.446 -0.465 -0.371 -0.139  0.070  0.330  0.365  0.218  0.265  0.231  0.051 -0.029 -0.073 -0.162 -0.241 -0.317 -0.326 -0.307 -0.333 -0.346 -0.344 -0.300 -0.226 -0.095 -0.059 -0.002 -0.002 -0.034  0.062  0.069  0.147  0.237  0.139  0.154  0.207  0.236  0.321  0.357  0.198  0.306  0.510  0.566  0.680  0.696  0.833  1.000  0.813  0.663  0.391  0.169 -0.010  0.155  0.005  0.008 -0.032 -0.064 -0.001  0.069 -0.036 -0.032 -0.036 -0.106 -0.103
  0.171  0.071  0.069 -0.150 -0.317 -0.305 -0.322 -0.232 -0.236 -0.226 -0.329 -0.355 -0.396 -0.306 -0.330 -0.181  0.021  0.253  0.478  0.427  0.223  0.152  0.020 -0.209 -0.188 -0.228 -0.416 -0.469 -0.469 -0.506 -0.485 -0.453 -0.452 -0.463 -0.447 -0.395 -0.301 -0.290 -0.220 -0.227 -0.311 -0.138 -0.182 -0.092  0.104  0.096  0.023  0.016 -0.039  0.039  0.058 -0.098  0.046  0.291  0.450  0.657  0.768  0.728  0.813  1.000  0.811  0.589  0.406  0.231  0.307  0.063 -0.052 -0.187 -0.270 -0.210 -0.135 -0.081  0.103  0.217  0.167  0.155
  0.260  0.236  0.191 -0.033 -0.235 -0.251 -0.303 -0.253 -0.252 -0.215 -0.266 -0.248 -0.293 -0.151 -0.167 -0.050  0.118  0.278  0.433  0.314  0.119 -0.016 -0.125 -0.304 -0.264 -0.266 -0.444 -0.492 -0.446 -0.463 -0.488 -0.449 -0.412 -0.429 -0.449 -0.409 -0.357 -0.355 -0.310 -0.296 -0.331 -0.202 -0.200 -0.111  0.096  0.073 -0.008 -0.042 -0.128 -0.076 -0.087 -0.229 -0.102  0.092  0.280  0.573  0.609  0.494  0.663  0.811  1.000  0.802  0.568  0.385  0.474  0.183  0.014 -0.132 -0.246 -0.208 -0.161 -0.088  0.136  0.261  0.203  0.180
  0.489  0.454  0.363  0.092 -0.245 -0.308 -0.382 -0.304 -0.291 -0.238 -0.283 -0.211 -0.241 -0.001 -0.011  0.155  0.266  0.407  0.476  0.299  0.103 -0.150 -0.301 -0.434 -0.350 -0.362 -0.542 -0.565 -0.476 -0.512 -0.537 -0.461 -0.408 -0.434 -0.487 -0.483 -0.468 -0.488 -0.426 -0.427 -0.471 -0.354 -0.346 -0.245 -0.008 -0.004 -0.125 -0.197 -0.317 -0.271 -0.316 -0.403 -0.296 -0.126  0.112  0.389  0.453  0.289  0.391  0.589  0.802  1.000  0.790  0.568  0.579  0.259 -0.028 -0.233 -0.374 -0.340 -0.287 -0.103  0.231  0.414  0.382  0.360
  0.693  0.667  0.570  0.307 -0.156 -0.273 -0.371 -0.323 -0.290 -0.214 -0.231 -0.104 -0.124  0.199  0.221  0.425  0.457  0.512  0.466  0.249  0.075 -0.245 -0.438 -0.521 -0.399 -0.406 -0.607 -0.606 -0.471 -0.514 -0.574 -0.465 -0.384 -0.419 -0.505 -0.512 -0.531 -0.576 -0.493 -0.488 -0.537 -0.411 -0.423 -0.354 -0.153 -0.074 -0.224 -0.326 -0.459 -0.442 -0.491 -0.529 -0.447 -0.302 -0.075  0.202  0.322  0.115  0.169  0.406  0.568  0.790  1.000  0.822  0.646  0.342 -0.025 -0.284 -0.416 -0.377 -0.329 -0.085  0.252  0.462  0.467  0.454
  0.613  0.705  0.654  0.531  0.067 -0.059 -0.203 -0.224 -0.202 -0.110 -0.050  0.115  0.076  0.387  0.341  0.449  0.339  0.312  0.256  0.007 -0.148 -0.423 -0.513 -0.586 -0.484 -0.403 -0.551 -0.570 -0.392 -0.382 -0.476 -0.373 -0.253 -0.280 -0.388 -0.415 -0.467 -0.528 -0.445 -0.445 -0.474 -0.331 -0.316 -0.262 -0.111 -0.065 -0.192 -0.277 -0.393 -0.415 -0.519 -0.564 -0.560 -0.467 -0.290 -0.012  0.112 -0.083 -0.010  0.231  0.385  0.568  0.822  1.000  0.798  0.534  0.138 -0.156 -0.301 -0.275 -0.260 -0.048  0.201  0.345  0.384  0.385
  0.372  0.437  0.533  0.493  0.157  0.082 -0.102 -0.143 -0.106 -0.008  0.028  0.152  0.051  0.254  0.147  0.173  0.132  0.123  0.174 -0.037 -0.187 -0.368 -0.391 -0.500 -0.487 -0.379 -0.461 -0.543 -0.408 -0.343 -0.424 -0.365 -0.241 -0.247 -0.340 -0.340 -0.366 -0.390 -0.327 -0.310 -0.328 -0.181 -0.129 -0.044  0.110  0.023 -0.053 -0.092 -0.188 -0.197 -0.306 -0.413 -0.414 -0.301 -0.153  0.107  0.188  0.067  0.155  0.307  0.474  0.579  0.646  0.798  1.000  0.722  0.359  0.074 -0.112 -0.108 -0.115 -0.011  0.087  0.176  0.170  0.159
  0.134  0.231  0.478  0.658  0.490  0.427  0.193  0.024  0.097  0.174  0.275  0.352  0.228  0.303  0.165  0.072 -0.036 -0.151 -0.128 -0.306 -0.366 -0.424 -0.309 -0.385 -0.450 -0.253 -0.209 -0.347 -0.230 -0.090 -0.183 -0.180 -0.060 -0.037 -0.115 -0.110 -0.131 -0.159 -0.122 -0.084 -0.065  0.041  0.137  0.197  0.253  0.102  0.078  0.067  0.036 -0.010 -0.144 -0.253 -0.362 -0.321 -0.297 -0.114 -0.094 -0.105  0.005  0.063  0.183  0.259  0.342  0.534  0.722  1.000  0.723  0.375  0.189  0.143  0.072  0.065 -0.076 -0.129 -0.108 -0.108
 -0.174 -0.078  0.239  0.489  0.624  0.606  0.423  0.210  0.229  0.255  0.351  0.354  0.236  0.116  0.041 -0.150 -0.221 -0.369 -0.323 -0.395 -0.376 -0.272 -0.090 -0.122 -0.278 -0.109  0.078 -0.079 -0.091  0.097  0.040 -0.034  0.040  0.099  0.075  0.097  0.102  0.091  0.105  0.175  0.255  0.315  0.437  0.522  0.483  0.318  0.337  0.325  0.326  0.275  0.160  0.033 -0.102 -0.111 -0.217 -0.176 -0.215 -0.114  0.008 -0.052  0.014 -0.028 -0.025  0.138  0.359  0.723  1.000  0.691  0.521  0.403  0.277  0.111 -0.248 -0.447 -0.419 -0.407
 -0.429 -0.336 -0.051  0.250  0.549  0.694  0.666  0.460  0.372  0.304  0.457  0.423  0.308  0.018 -0.082 -0.303 -0.360 -0.536 -0.501 -0.508 -0.413 -0.219  0.071  0.060 -0.143  0.036  0.300  0.142  0.065  0.307  0.280  0.139  0.187  0.295  0.301  0.345  0.349  0.349  0.364  0.449  0.546  0.602  0.716  0.748  0.553  0.332  0.470  0.450  0.522  0.401  0.282  0.174  0.008 -0.053 -0.225 -0.253 -0.326 -0.175 -0.032 -0.187 -0.132 -0.233 -0.284 -0.156  0.074  0.375  0.691  1.000  0.853  0.690  0.490  0.170 -0.381 -0.690 -0.663 -0.632
 -0.490 -0.421 -0.174  0.110  0.510  0.665  0.663  0.452  0.346  0.311  0.443  0.384  0.299 -0.025 -0.116 -0.337 -0.389 -0.565 -0.550 -0.495 -0.371 -0.125  0.166  0.173 -0.023  0.132  0.404  0.278  0.171  0.389  0.375  0.220  0.229  0.329  0.363  0.416  0.427  0.431  0.455  0.589  0.691  0.729  0.759  0.707  0.453  0.224  0.396  0.441  0.554  0.460  0.372  0.287  0.104  0.027 -0.188 -0.271 -0.355 -0.183 -0.064 -0.270 -0.246 -0.374 -0.416 -0.301 -0.112  0.189  0.521  0.853  1.000  0.846  0.674  0.313 -0.305 -0.690 -0.729 -0.719
 -0.456 -0.395 -0.178  0.046  0.385  0.539  0.544  0.362  0.278  0.259  0.356  0.314  0.227 -0.063 -0.147 -0.318 -0.382 -0.529 -0.501 -0.446 -0.322 -0.091  0.168  0.156 -0.011  0.107  0.343  0.227  0.104  0.322  0.339  0.172  0.171  0.308  0.371  0.457  0.471  0.451  0.515  0.662  0.714  0.782  0.732  0.643  0.375  0.141  0.330  0.388  0.518  0.441  0.361  0.258  0.089  0.038 -0.143 -0.212 -0.281 -0.122 -0.001 -0.210 -0.208 -0.340 -0.377 -0.275 -0.108  0.143  0.403  0.690  0.846  1.000  0.807  0.432 -0.206 -0.656 -0.709 -0.701
 -0.408 -0.386 -0.201 -0.053  0.231  0.383  0.386  0.287  0.213  0.219  0.230  0.178  0.091 -0.132 -0.169 -0.310 -0.351 -0.439 -0.396 -0.349 -0.265 -0.062  0.148  0.153 -0.015  0.056  0.302  0.220  0.087  0.262  0.313  0.156  0.126  0.242  0.316  0.387  0.410  0.396  0.485  0.681  0.687  0.664  0.599  0.509  0.292  0.075  0.237  0.299  0.430  0.364  0.322  0.238  0.119  0.064 -0.094 -0.151 -0.197 -0.040  0.069 -0.135 -0.161 -0.287 -0.329 -0.260 -0.115  0.072  0.277  0.490  0.674  0.807  1.000  0.666  0.008 -0.542 -0.645 -0.646
 -0.078 -0.087 -0.026  0.054  0.134  0.196  0.148  0.082  0.077  0.130  0.130  0.127  0.106  0.038  0.010 -0.028 -0.073 -0.163 -0.180 -0.189 -0.166 -0.138 -0.062 -0.086 -0.109 -0.046  0.036  0.006 -0.007  0.084  0.099  0.040  0.027  0.080  0.122  0.165  0.157  0.087  0.158  0.413  0.316  0.370  0.259  0.158  0.025 -0.101 -0.027  0.022  0.096  0.048  0.004 -0.050 -0.102 -0.109 -0.119 -0.103 -0.119 -0.096 -0.036 -0.081 -0.088 -0.103 -0.085 -0.048 -0.011  0.065  0.111  0.170  0.313  0.432  0.666  1.000  0.341 -0.137 -0.302 -0.381
  0.273  0.248  0.052 -0.046 -0.173 -0.232 -0.294 -0.287 -0.268 -0.145 -0.152 -0.098 -0.050  0.072  0.072  0.194  0.215  0.246  0.192  0.133  0.063 -0.104 -0.250 -0.261 -0.139 -0.197 -0.331 -0.235 -0.129 -0.209 -0.214 -0.122 -0.138 -0.183 -0.171 -0.215 -0.246 -0.297 -0.263 -0.140 -0.263 -0.216 -0.337 -0.397 -0.324 -0.243 -0.342 -0.349 -0.403 -0.346 -0.336 -0.312 -0.227 -0.200 -0.053  0.055  0.114 -0.020 -0.032  0.103  0.136  0.231  0.252  0.201  0.087 -0.076 -0.248 -0.381 -0.305 -0.206  0.008  0.341  1.000  0.509  0.291  0.189
  0.510  0.477  0.156 -0.057 -0.391 -0.528 -0.591 -0.466 -0.436 -0.349 -0.415 -0.301 -0.208  0.060  0.105  0.333  0.391  0.525  0.467  0.410  0.252 -0.058 -0.357 -0.390 -0.158 -0.253 -0.554 -0.414 -0.258 -0.474 -0.504 -0.311 -0.305 -0.438 -0.480 -0.550 -0.573 -0.582 -0.560 -0.589 -0.670 -0.603 -0.681 -0.685 -0.465 -0.299 -0.510 -0.537 -0.651 -0.566 -0.520 -0.464 -0.294 -0.210  0.047  0.172  0.286  0.056 -0.036  0.217  0.261  0.414  0.462  0.345  0.176 -0.129 -0.447 -0.690 -0.690 -0.656 -0.542 -0.137  0.509  1.000  0.846  0.709
  0.533  0.515  0.234  0.020 -0.368 -0.494 -0.574 -0.436 -0.415 -0.342 -0.391 -0.272 -0.194  0.105  0.155  0.364  0.361  0.506  0.457  0.355  0.172 -0.135 -0.426 -0.435 -0.185 -0.290 -0.576 -0.435 -0.258 -0.489 -0.524 -0.317 -0.305 -0.460 -0.518 -0.600 -0.622 -0.628 -0.626 -0.682 -0.749 -0.699 -0.745 -0.718 -0.504 -0.279 -0.490 -0.538 -0.666 -0.608 -0.576 -0.517 -0.354 -0.289 -0.054  0.083  0.209 -0.014 -0.106  0.167  0.203  0.382  0.467  0.384  0.170 -0.108 -0.419 -0.663 -0.729 -0.709 -0.645 -0.302  0.291  0.846  1.000  0.919
