  1.000  0.794  0.657  0.486 -0.119 -0.257 -0.440 -0.512 -0.271 -0.183  0.064  0.097  0.100  0.475  0.399  0.616  0.715  0.690  0.617  0.341  0.155 -0.351 -0.471 -0.669 -0.543 -0.181 -0.442 -0.542 -0.465 -0.579 -0.600 -0.462 -0.522 -0.538 -0.557 -0.527 -0.494 -0.495 -0.452 -0.582 -0.610 -0.467 -0.452 -0.381 -0.182 -0.030 -0.292 -0.364 -0.531 -0.421 -0.557 -0.659 -0.620 -0.494 -0.239  0.443  0.324  0.019  0.173  0.314  0.405  0.548  0.624  0.572  0.439  0.389 -0.091 -0.436 -0.456 -0.434 -0.389  0.137  0.346  0.505  0.459  0.359
  0.794  1.000  0.655  0.482 -0.256 -0.438 -0.615 -0.685 -0.449 -0.278 -0.101  0.006  0.051  0.504  0.487  0.584  0.589  0.697  0.623  0.363  0.180 -0.313 -0.542 -0.712 -0.524 -0.180 -0.498 -0.531 -0.398 -0.507 -0.552 -0.379 -0.424 -0.514 -0.537 -0.552 -0.553 -0.578 -0.593 -0.680 -0.660 -0.575 -0.585 -0.532 -0.340 -0.134 -0.415 -0.502 -0.649 -0.597 -0.681 -0.715 -0.608 -0.492 -0.168  0.520  0.373  0.005  0.236  0.395  0.546  0.683  0.720  0.719  0.515  0.377 -0.228 -0.577 -0.654 -0.560 -0.432  0.119  0.431  0.624  0.589  0.480
  0.657  0.655  1.000  0.748  0.218  0.075 -0.164 -0.361 -0.257 -0.028  0.036  0.217  0.128  0.462  0.367  0.420  0.403  0.346  0.399  0.180 -0.164 -0.503 -0.465 -0.618 -0.666 -0.178 -0.249 -0.449 -0.361 -0.423 -0.461 -0.371 -0.342 -0.422 -0.480 -0.507 -0.463 -0.468 -0.492 -0.562 -0.449 -0.356 -0.174 -0.010  0.121  0.075  0.009 -0.019 -0.201 -0.151 -0.343 -0.461 -0.470 -0.385 -0.294  0.345  0.175  0.051  0.374  0.223  0.442  0.577  0.669  0.718  0.689  0.784  0.379 -0.088 -0.232 -0.231 -0.210  0.117  0.020  0.178  0.220  0.124
  0.486  0.482  0.748  1.000  0.565  0.309  0.042 -0.205  0.051  0.248  0.405  0.503  0.516  0.704  0.476  0.302  0.358  0.199  0.178 -0.073 -0.223 -0.449 -0.362 -0.496 -0.636 -0.092 -0.180 -0.288 -0.149 -0.146 -0.237 -0.169 -0.045 -0.046 -0.176 -0.250 -0.298 -0.353 -0.392 -0.364 -0.292 -0.150  0.011  0.122  0.233  0.091 -0.003  0.056 -0.024  0.008 -0.221 -0.418 -0.511 -0.449 -0.379  0.200  0.035 -0.018  0.267  0.147  0.281  0.399  0.504  0.575  0.615  0.763  0.416  0.116 -0.002  0.096 -0.001  0.239 -0.023 -0.104 -0.101 -0.183
 -0.119 -0.256  0.218  0.565  1.000  0.862  0.709  0.471  0.442  0.531  0.637  0.680  0.704  0.395  0.229 -0.151 -0.128 -0.393 -0.433 -0.573 -0.492 -0.285  0.102  0.032 -0.239  0.206  0.374  0.226  0.199  0.374  0.345  0.231  0.406  0.486  0.391  0.353  0.279  0.272  0.246  0.293  0.293  0.461  0.543  0.565  0.548  0.333  0.450  0.524  0.524  0.499  0.271  0.015 -0.102 -0.142 -0.472 -0.312 -0.367 -0.169 -0.003 -0.130 -0.165 -0.249 -0.206 -0.086  0.129  0.409  0.673  0.667  0.632  0.601  0.292  0.112 -0.315 -0.649 -0.701 -0.781
 -0.257 -0.438  0.075  0.309  0.862  1.000  0.825  0.657  0.600  0.634  0.677  0.581  0.473  0.052 -0.092 -0.425 -0.304 -0.552 -0.576 -0.654 -0.575 -0.148  0.280  0.167 -0.123  0.109  0.295  0.148  0.061  0.265  0.245  0.129  0.255  0.364  0.291  0.269  0.225  0.228  0.282  0.405  0.428  0.545  0.592  0.682  0.671  0.501  0.677  0.716  0.624  0.505  0.335  0.109  0.013 -0.011 -0.333 -0.288 -0.247 -0.024  0.017 -0.068 -0.108 -0.239 -0.323 -0.222  0.060  0.320  0.719  0.792  0.757  0.690  0.411  0.052 -0.482 -0.743 -0.729 -0.726
 -0.440 -0.615 -0.164  0.042  0.709  0.825  1.000  0.864  0.684  0.515  0.569  0.337  0.386 -0.101 -0.083 -0.388 -0.402 -0.656 -0.645 -0.627 -0.462 -0.006  0.366  0.300  0.135  0.314  0.459  0.374  0.305  0.465  0.431  0.311  0.389  0.445  0.431  0.395  0.358  0.355  0.452  0.564  0.583  0.694  0.649  0.565  0.445  0.247  0.482  0.529  0.614  0.502  0.382  0.286  0.140  0.080 -0.297 -0.509 -0.323 -0.103 -0.164 -0.250 -0.314 -0.422 -0.452 -0.383 -0.153  0.001  0.520  0.813  0.832  0.675  0.399 -0.007 -0.481 -0.709 -0.716 -0.724
 -0.512 -0.685 -0.361 -0.205  0.471  0.657  0.864  1.000  0.719  0.487  0.467  0.245  0.183 -0.340 -0.349 -0.461 -0.439 -0.662 -0.618 -0.507 -0.294  0.115  0.449  0.335  0.223  0.250  0.374  0.290  0.199  0.319  0.352  0.198  0.239  0.327  0.347  0.355  0.352  0.387  0.498  0.528  0.564  0.666  0.575  0.560  0.450  0.300  0.492  0.523  0.601  0.414  0.358  0.292  0.177  0.144 -0.148 -0.570 -0.304 -0.042 -0.239 -0.241 -0.370 -0.437 -0.466 -0.448 -0.256 -0.224  0.354  0.785  0.794  0.605  0.336 -0.179 -0.555 -0.679 -0.600 -0.512
 -0.271 -0.449 -0.257  0.051  0.442  0.600  0.684  0.719  1.000  0.773  0.638  0.182  0.159 -0.225 -0.321 -0.413 -0.316 -0.539 -0.503 -0.513 -0.230  0.062  0.319  0.233  0.047  0.177  0.290  0.170  0.079  0.261  0.299  0.165  0.163  0.379  0.363  0.354  0.391  0.387  0.498  0.435  0.477  0.571  0.441  0.515  0.481  0.294  0.424  0.442  0.518  0.331  0.216  0.142  0.037 -0.042 -0.155 -0.347 -0.094 -0.007 -0.156 -0.112 -0.276 -0.258 -0.325 -0.366 -0.116 -0.079  0.295  0.692  0.626  0.549  0.265 -0.170 -0.565 -0.641 -0.625 -0.513
 -0.183 -0.278 -0.028  0.248  0.531  0.634  0.515  0.487  0.773  1.000  0.606  0.330  0.220 -0.001 -0.262 -0.432 -0.243 -0.405 -0.368 -0.511 -0.471 -0.143  0.127  0.120 -0.215 -0.020  0.109 -0.027 -0.132  0.047  0.145  0.002  0.023  0.269  0.277  0.285  0.332  0.354  0.367  0.284  0.299  0.382  0.326  0.496  0.488  0.252  0.450  0.487  0.466  0.267  0.099 -0.010 -0.007 -0.038 -0.212 -0.144  0.026  0.155  0.098  0.107 -0.045 -0.102 -0.103 -0.076  0.175  0.176  0.370  0.549  0.523  0.501  0.295 -0.021 -0.397 -0.614 -0.597 -0.506
  0.064 -0.101  0.036  0.405  0.637  0.677  0.569  0.467  0.638  0.606  1.000  0.759  0.699  0.387  0.128 -0.213 -0.049 -0.326 -0.459 -0.635 -0.438 -0.132  0.112 -0.008 -0.173  0.126  0.157  0.066  0.123  0.188  0.143  0.113  0.178  0.355  0.282  0.243  0.181  0.141  0.195  0.257  0.253  0.355  0.285  0.306  0.297  0.202  0.195  0.281  0.273  0.156 -0.050 -0.185 -0.246 -0.326 -0.381 -0.253 -0.150 -0.090 -0.186 -0.054 -0.176 -0.206 -0.248 -0.151 -0.011  0.153  0.216  0.420  0.414  0.505  0.259  0.163 -0.158 -0.488 -0.474 -0.514
  0.097  0.006  0.217  0.503  0.680  0.581  0.337  0.245  0.182  0.330  0.759  1.000  0.818  0.592  0.261 -0.027  0.119 -0.159 -0.297 -0.532 -0.486 -0.336 -0.066 -0.107 -0.207  0.068  0.165  0.085  0.196  0.171  0.168  0.204  0.307  0.330  0.237  0.206  0.085  0.069 -0.021  0.030 -0.019  0.081  0.179  0.219  0.237  0.180  0.130  0.274  0.178  0.107 -0.114 -0.247 -0.331 -0.388 -0.510 -0.278 -0.397 -0.303 -0.232 -0.099 -0.141 -0.196 -0.155  0.001  0.017  0.264  0.202  0.182  0.185  0.276  0.073  0.153  0.046 -0.334 -0.295 -0.369
  0.100  0.051  0.128  0.516  0.704  0.473  0.386  0.183  0.159  0.220  0.699  0.818  1.000  0.741  0.620  0.231  0.212 -0.049 -0.277 -0.471 -0.303 -0.192  0.058  0.026 -0.136  0.280  0.332  0.277  0.350  0.360  0.290  0.316  0.427  0.441  0.368  0.349  0.230  0.207  0.110  0.162  0.130  0.223  0.256  0.159  0.108  0.052  0.011  0.151  0.190  0.200 -0.021 -0.129 -0.275 -0.335 -0.499 -0.285 -0.449 -0.402 -0.282 -0.220 -0.280 -0.344 -0.246 -0.141 -0.168  0.085  0.130  0.201  0.249  0.333  0.111  0.256  0.085 -0.336 -0.397 -0.520
  0.475  0.504  0.462  0.704  0.395  0.052 -0.101 -0.340 -0.225 -0.001  0.387  0.592  0.741  1.000  0.811  0.444  0.433  0.302  0.108 -0.198 -0.188 -0.387 -0.389 -0.379 -0.401  0.115 -0.028 -0.044  0.111  0.019 -0.061  0.077  0.157  0.127  0.047  0.018 -0.097 -0.130 -0.218 -0.206 -0.266 -0.144 -0.139 -0.226 -0.186 -0.262 -0.376 -0.288 -0.266 -0.214 -0.410 -0.488 -0.538 -0.552 -0.511  0.040 -0.210 -0.350 -0.066 -0.019  0.046  0.083  0.271  0.321  0.165  0.354 -0.060 -0.247 -0.195 -0.001  0.003  0.457  0.449  0.119  0.057 -0.117
  0.399  0.487  0.367  0.476  0.229 -0.092 -0.083 -0.349 -0.321 -0.262  0.128  0.261  0.620  0.811  1.000  0.579  0.388  0.275  0.125 -0.041 -0.019 -0.189 -0.178 -0.267 -0.264  0.338  0.140  0.084  0.208  0.134 -0.014  0.111  0.138  0.038  0.017  0.028 -0.030 -0.060 -0.079 -0.064 -0.107 -0.045 -0.065 -0.232 -0.194 -0.193 -0.304 -0.283 -0.212 -0.098 -0.248 -0.287 -0.386 -0.402 -0.474 -0.009 -0.258 -0.401 -0.077 -0.095 -0.036 -0.045  0.123  0.130 -0.059  0.093 -0.085 -0.209 -0.147 -0.060  0.003  0.444  0.368  0.195  0.068 -0.144
  0.616  0.584  0.420  0.302 -0.151 -0.425 -0.388 -0.461 -0.413 -0.432 -0.213 -0.027  0.231  0.444  0.579  1.000  0.759  0.704  0.602  0.398  0.309 -0.070 -0.232 -0.313 -0.155  0.048 -0.154 -0.162 -0.061 -0.235 -0.249 -0.128 -0.174 -0.261 -0.260 -0.212 -0.236 -0.237 -0.269 -0.454 -0.407 -0.306 -0.277 -0.433 -0.426 -0.251 -0.405 -0.457 -0.394 -0.221 -0.306 -0.284 -0.351 -0.230 -0.149  0.300  0.064 -0.200  0.029  0.116  0.237  0.280  0.422  0.288  0.085  0.051 -0.246 -0.412 -0.437 -0.446 -0.449  0.049  0.289  0.434  0.342  0.226
  0.715  0.589  0.403  0.358 -0.128 -0.304 -0.402 -0.439 -0.316 -0.243 -0.049  0.119  0.212  0.433  0.388  0.759  1.000  0.873  0.635  0.397  0.291 -0.006 -0.198 -0.393 -0.196 -0.030 -0.381 -0.445 -0.313 -0.441 -0.486 -0.350 -0.394 -0.502 -0.532 -0.456 -0.443 -0.418 -0.439 -0.554 -0.584 -0.439 -0.473 -0.455 -0.354 -0.209 -0.368 -0.403 -0.426 -0.316 -0.423 -0.425 -0.501 -0.248 -0.111  0.416  0.228 -0.032  0.038  0.213  0.288  0.369  0.472  0.328  0.170  0.138 -0.261 -0.463 -0.471 -0.467 -0.458  0.023  0.281  0.458  0.444  0.391
  0.690  0.697  0.346  0.199 -0.393 -0.552 -0.656 -0.662 -0.539 -0.405 -0.326 -0.159 -0.049  0.302  0.275  0.704  0.873  1.000  0.798  0.637  0.490  0.068 -0.241 -0.381 -0.166 -0.204 -0.534 -0.520 -0.462 -0.568 -0.580 -0.479 -0.503 -0.585 -0.616 -0.560 -0.533 -0.504 -0.581 -0.641 -0.678 -0.590 -0.618 -0.616 -0.504 -0.297 -0.473 -0.539 -0.611 -0.459 -0.457 -0.420 -0.384 -0.115  0.181  0.657  0.460  0.152  0.189  0.348  0.431  0.543  0.597  0.463  0.283  0.137 -0.348 -0.660 -0.657 -0.593 -0.485  0.022  0.411  0.648  0.608  0.560
  0.617  0.623  0.399  0.178 -0.433 -0.576 -0.645 -0.618 -0.503 -0.368 -0.459 -0.297 -0.277  0.108  0.125  0.602  0.635  0.798  1.000  0.802  0.413 -0.082 -0.272 -0.500 -0.343 -0.264 -0.563 -0.613 -0.550 -0.630 -0.603 -0.550 -0.590 -0.662 -0.659 -0.652 -0.563 -0.503 -0.545 -0.615 -0.635 -0.499 -0.484 -0.504 -0.366 -0.206 -0.356 -0.448 -0.538 -0.351 -0.394 -0.375 -0.395 -0.145  0.139  0.642  0.581  0.337  0.462  0.544  0.565  0.633  0.703  0.590  0.450  0.243 -0.233 -0.543 -0.605 -0.482 -0.300  0.008  0.344  0.585  0.555  0.520
  0.341  0.363  0.180 -0.073 -0.573 -0.654 -0.627 -0.507 -0.513 -0.511 -0.635 -0.532 -0.471 -0.198 -0.041  0.398  0.397  0.637  0.802  1.000  0.732  0.263  0.045 -0.168 -0.090 -0.249 -0.389 -0.441 -0.443 -0.526 -0.538 -0.590 -0.580 -0.632 -0.635 -0.596 -0.433 -0.410 -0.469 -0.467 -0.430 -0.518 -0.386 -0.393 -0.271 -0.089 -0.243 -0.290 -0.352 -0.113 -0.005  0.067  0.077  0.289  0.536  0.554  0.514  0.460  0.375  0.283  0.289  0.412  0.438  0.324  0.253  0.031 -0.178 -0.422 -0.465 -0.447 -0.223 -0.177  0.100  0.518  0.499  0.505
  0.155  0.180 -0.164 -0.223 -0.492 -0.575 -0.462 -0.294 -0.230 -0.471 -0.438 -0.486 -0.303 -0.188 -0.019  0.309  0.291  0.490  0.413  0.732  1.000  0.588  0.273  0.089  0.224 -0.026 -0.114 -0.138 -0.199 -0.214 -0.285 -0.370 -0.325 -0.311 -0.334 -0.261 -0.138 -0.175 -0.225 -0.183 -0.176 -0.331 -0.304 -0.337 -0.270 -0.038 -0.218 -0.235 -0.168 -0.019  0.144  0.212  0.222  0.427  0.601  0.350  0.275  0.213  0.036 -0.019 -0.058  0.082  0.052 -0.097 -0.153 -0.295 -0.281 -0.322 -0.321 -0.281 -0.164 -0.223  0.082  0.361  0.302  0.307
 -0.351 -0.313 -0.503 -0.449 -0.285 -0.148 -0.006  0.115  0.062 -0.143 -0.132 -0.336 -0.192 -0.387 -0.189 -0.070 -0.006  0.068 -0.082  0.263  0.588  1.000  0.777  0.556  0.597  0.254  0.052  0.041 -0.001  0.029 -0.108 -0.238 -0.187 -0.097 -0.093 -0.030  0.069  0.050  0.131  0.318  0.297  0.174  0.112  0.016 -0.081 -0.044  0.030  0.084  0.301  0.355  0.492  0.525  0.497  0.727  0.652  0.168  0.207  0.363  0.079 -0.071 -0.211 -0.283 -0.369 -0.483 -0.391 -0.476 -0.193  0.018  0.126  0.209  0.247 -0.013 -0.145 -0.072 -0.121 -0.092
 -0.471 -0.542 -0.465 -0.362  0.102  0.280  0.366  0.449  0.319  0.127  0.112 -0.066  0.058 -0.389 -0.178 -0.232 -0.198 -0.241 -0.272  0.045  0.273  0.777  1.000  0.727  0.528  0.462  0.387  0.195  0.093  0.205  0.079 -0.141 -0.054  0.067  0.056  0.140  0.262  0.312  0.354  0.545  0.537  0.458  0.513  0.429  0.348  0.265  0.410  0.491  0.671  0.703  0.734  0.696  0.522  0.638  0.440 -0.062 -0.034  0.296  0.084 -0.159 -0.362 -0.476 -0.542 -0.607 -0.442 -0.359  0.138  0.425  0.530  0.539  0.473  0.015 -0.389 -0.516 -0.549 -0.463
 -0.669 -0.712 -0.618 -0.496  0.032  0.167  0.300  0.335  0.233  0.120 -0.008 -0.107  0.026 -0.379 -0.267 -0.313 -0.393 -0.381 -0.500 -0.168  0.089  0.556  0.727  1.000  0.781  0.421  0.648  0.664  0.520  0.573  0.539  0.329  0.388  0.485  0.465  0.551  0.595  0.602  0.491  0.566  0.619  0.345  0.518  0.402  0.187  0.051  0.297  0.431  0.649  0.642  0.752  0.862  0.767  0.642  0.423 -0.310 -0.354 -0.036 -0.278 -0.538 -0.630 -0.676 -0.701 -0.737 -0.638 -0.452 -0.015  0.319  0.424  0.373  0.234 -0.177 -0.366 -0.563 -0.530 -0.401
 -0.543 -0.524 -0.666 -0.636 -0.239 -0.123  0.135  0.223  0.047 -0.215 -0.173 -0.207 -0.136 -0.401 -0.264 -0.155 -0.196 -0.166 -0.343 -0.090  0.224  0.597  0.528  0.781  1.000  0.520  0.465  0.617  0.597  0.559  0.490  0.366  0.373  0.357  0.354  0.427  0.415  0.378  0.341  0.443  0.399  0.175  0.226 -0.014 -0.222 -0.252 -0.061  0.032  0.318  0.292  0.453  0.634  0.605  0.518  0.358 -0.310 -0.333 -0.191 -0.454 -0.546 -0.525 -0.503 -0.538 -0.600 -0.638 -0.576 -0.365 -0.016  0.118  0.063 -0.039 -0.206 -0.120 -0.194 -0.155 -0.087
 -0.181 -0.180 -0.178 -0.092  0.206  0.109  0.314  0.250  0.177 -0.020  0.126  0.068  0.280  0.115  0.338  0.048 -0.030 -0.204 -0.264 -0.249 -0.026  0.254  0.462  0.421  0.520  1.000  0.674  0.494  0.567  0.600  0.383  0.281  0.301  0.249  0.243  0.334  0.383  0.400  0.436  0.469  0.450  0.438  0.473  0.225  0.113 -0.118  0.043  0.125  0.492  0.465  0.343  0.328  0.140  0.068 -0.179 -0.373 -0.439 -0.302 -0.215 -0.459 -0.488 -0.457 -0.310 -0.340 -0.431 -0.213 -0.081  0.213  0.341  0.333  0.191  0.161 -0.103 -0.392 -0.415 -0.432
 -0.442 -0.498 -0.249 -0.180  0.374  0.295  0.459  0.374  0.290  0.109  0.157  0.165  0.332 -0.028  0.140 -0.154 -0.381 -0.534 -0.563 -0.389 -0.114  0.052  0.387  0.648  0.465  0.674  1.000  0.844  0.750  0.831  0.779  0.610  0.650  0.650  0.625  0.702  0.739  0.739  0.600  0.513  0.599  0.404  0.591  0.473  0.323  0.147  0.328  0.443  0.652  0.634  0.562  0.606  0.455  0.198 -0.140 -0.607 -0.706 -0.477 -0.456 -0.692 -0.759 -0.748 -0.669 -0.630 -0.610 -0.260  0.181  0.430  0.455  0.327  0.087 -0.191 -0.339 -0.581 -0.592 -0.588
 -0.542 -0.531 -0.449 -0.288  0.226  0.148  0.374  0.290  0.170 -0.027  0.066  0.085  0.277 -0.044  0.084 -0.162 -0.445 -0.520 -0.613 -0.441 -0.138  0.041  0.195  0.664  0.617  0.494  0.844  1.000  0.912  0.922  0.917  0.822  0.837  0.808  0.804  0.801  0.731  0.678  0.541  0.505  0.538  0.305  0.419  0.219  0.000 -0.123  0.054  0.224  0.438  0.410  0.420  0.555  0.504  0.186 -0.111 -0.678 -0.761 -0.620 -0.682 -0.787 -0.760 -0.740 -0.681 -0.624 -0.658 -0.413 -0.049  0.244  0.320  0.196 -0.043 -0.222 -0.205 -0.391 -0.397 -0.419
 -0.465 -0.398 -0.361 -0.149  0.199  0.061  0.305  0.199  0.079 -0.132  0.123  0.196  0.350  0.111  0.208 -0.061 -0.313 -0.462 -0.550 -0.443 -0.199 -0.001  0.093  0.520  0.597  0.567  0.750  0.912  1.000  0.917  0.838  0.829  0.845  0.741  0.714  0.689  0.572  0.488  0.392  0.387  0.421  0.216  0.362  0.092 -0.113 -0.228 -0.134  0.037  0.322  0.316  0.321  0.457  0.367  0.052 -0.194 -0.671 -0.746 -0.620 -0.641 -0.739 -0.666 -0.644 -0.560 -0.479 -0.572 -0.330 -0.176  0.122  0.193  0.115 -0.063 -0.121 -0.062 -0.295 -0.288 -0.330
 -0.579 -0.507 -0.423 -0.146  0.374  0.265  0.465  0.319  0.261  0.047  0.188  0.171  0.360  0.019  0.134 -0.235 -0.441 -0.568 -0.630 -0.526 -0.214  0.029  0.205  0.573  0.559  0.600  0.831  0.922  0.917  1.000  0.915  0.817  0.871  0.825  0.789  0.778  0.698  0.626  0.529  0.554  0.595  0.417  0.504  0.295  0.094 -0.058  0.115  0.238  0.496  0.458  0.436  0.500  0.410  0.114 -0.189 -0.654 -0.699 -0.544 -0.549 -0.686 -0.679 -0.685 -0.655 -0.568 -0.568 -0.290  0.033  0.347  0.377  0.323  0.076 -0.125 -0.218 -0.494 -0.510 -0.539
 -0.600 -0.552 -0.461 -0.237  0.345  0.245  0.431  0.352  0.299  0.145  0.143  0.168  0.290 -0.061 -0.014 -0.249 -0.486 -0.580 -0.603 -0.538 -0.285 -0.108  0.079  0.539  0.490  0.383  0.779  0.917  0.838  0.915  1.000  0.882  0.902  0.906  0.901  0.883  0.794  0.760  0.622  0.506  0.510  0.378  0.415  0.271  0.068 -0.067  0.123  0.224  0.388  0.330  0.317  0.415  0.379  0.032 -0.263 -0.731 -0.726 -0.611 -0.633 -0.648 -0.683 -0.692 -0.661 -0.591 -0.563 -0.364 -0.015  0.318  0.306  0.210 -0.076 -0.299 -0.248 -0.437 -0.442 -0.452
 -0.462 -0.379 -0.371 -0.169  0.231  0.129  0.311  0.198  0.165  0.002  0.113  0.204  0.316  0.077  0.111 -0.128 -0.350 -0.479 -0.550 -0.590 -0.370 -0.238 -0.141  0.329  0.366  0.281  0.610  0.822  0.829  0.817  0.882  1.000  0.948  0.809  0.829  0.753  0.596  0.545  0.462  0.364  0.371  0.303  0.303  0.122 -0.060 -0.149 -0.083  0.055  0.170  0.112  0.085  0.204  0.146 -0.190 -0.384 -0.702 -0.726 -0.759 -0.662 -0.577 -0.566 -0.612 -0.553 -0.462 -0.548 -0.369 -0.142  0.131  0.169  0.080 -0.128 -0.169 -0.052 -0.202 -0.257 -0.271
 -0.522 -0.424 -0.342 -0.045  0.406  0.255  0.389  0.239  0.163  0.023  0.178  0.307  0.427  0.157  0.138 -0.174 -0.394 -0.503 -0.590 -0.580 -0.325 -0.187 -0.054  0.388  0.373  0.301  0.650  0.837  0.845  0.871  0.902  0.948  1.000  0.892  0.844  0.766  0.594  0.528  0.407  0.383  0.407  0.336  0.417  0.216  0.040 -0.074 -0.002  0.147  0.269  0.244  0.224  0.275  0.203 -0.100 -0.318 -0.669 -0.729 -0.679 -0.580 -0.585 -0.572 -0.609 -0.559 -0.446 -0.471 -0.232  0.010  0.248  0.267  0.215 -0.032 -0.161 -0.108 -0.332 -0.386 -0.415
 -0.538 -0.514 -0.422 -0.046  0.486  0.364  0.445  0.327  0.379  0.269  0.355  0.330  0.441  0.127  0.038 -0.261 -0.502 -0.585 -0.662 -0.632 -0.311 -0.097  0.067  0.485  0.357  0.249  0.650  0.808  0.741  0.825  0.906  0.809  0.892  1.000  0.947  0.895  0.759  0.697  0.584  0.526  0.522  0.444  0.467  0.303  0.116 -0.043  0.091  0.210  0.358  0.323  0.306  0.317  0.314 -0.024 -0.233 -0.611 -0.634 -0.520 -0.517 -0.525 -0.590 -0.625 -0.610 -0.528 -0.441 -0.225  0.065  0.359  0.367  0.378  0.091 -0.113 -0.195 -0.487 -0.551 -0.581
 -0.557 -0.537 -0.480 -0.176  0.391  0.291  0.431  0.347  0.363  0.277  0.282  0.237  0.368  0.047  0.017 -0.260 -0.532 -0.616 -0.659 -0.635 -0.334 -0.093  0.056  0.465  0.354  0.243  0.625  0.804  0.714  0.789  0.901  0.829  0.844  0.947  1.000  0.953  0.850  0.795  0.726  0.648  0.582  0.491  0.430  0.273  0.044 -0.105  0.061  0.183  0.342  0.289  0.272  0.322  0.356 -0.011 -0.288 -0.698 -0.665 -0.544 -0.538 -0.552 -0.632 -0.709 -0.666 -0.572 -0.516 -0.394 -0.053  0.296  0.356  0.361  0.125 -0.051 -0.132 -0.435 -0.521 -0.553
 -0.527 -0.552 -0.507 -0.250  0.353  0.269  0.395  0.355  0.354  0.285  0.243  0.206  0.349  0.018  0.028 -0.212 -0.456 -0.560 -0.652 -0.596 -0.261 -0.030  0.140  0.551  0.427  0.334  0.702  0.801  0.689  0.778  0.883  0.753  0.766  0.895  0.953  1.000  0.942  0.894  0.812  0.684  0.640  0.490  0.457  0.328  0.102 -0.021  0.175  0.240  0.404  0.336  0.338  0.385  0.420  0.060 -0.267 -0.697 -0.700 -0.544 -0.555 -0.600 -0.694 -0.762 -0.710 -0.664 -0.619 -0.464 -0.070  0.315  0.365  0.341  0.100 -0.090 -0.183 -0.496 -0.555 -0.558
 -0.494 -0.553 -0.463 -0.298  0.279  0.225  0.358  0.352  0.391  0.332  0.181  0.085  0.230 -0.097 -0.030 -0.236 -0.443 -0.533 -0.563 -0.433 -0.138  0.069  0.262  0.595  0.415  0.383  0.739  0.731  0.572  0.698  0.794  0.596  0.594  0.759  0.850  0.942  1.000  0.964  0.886  0.739  0.720  0.504  0.484  0.404  0.184  0.030  0.278  0.343  0.498  0.443  0.421  0.481  0.519  0.176 -0.167 -0.650 -0.622 -0.419 -0.469 -0.613 -0.752 -0.783 -0.710 -0.690 -0.625 -0.491 -0.038  0.353  0.394  0.374  0.153 -0.129 -0.311 -0.535 -0.584 -0.567
 -0.495 -0.578 -0.468 -0.353  0.272  0.228  0.355  0.387  0.387  0.354  0.141  0.069  0.207 -0.130 -0.060 -0.237 -0.418 -0.504 -0.503 -0.410 -0.175  0.050  0.312  0.602  0.378  0.400  0.739  0.678  0.488  0.626  0.760  0.545  0.528  0.697  0.795  0.894  0.964  1.000  0.910  0.713  0.671  0.543  0.478  0.434  0.222  0.022  0.297  0.348  0.502  0.442  0.397  0.455  0.450  0.139 -0.183 -0.632 -0.595 -0.385 -0.421 -0.544 -0.734 -0.781 -0.688 -0.695 -0.631 -0.494 -0.032  0.360  0.402  0.378  0.162 -0.124 -0.304 -0.544 -0.574 -0.533
 -0.452 -0.593 -0.492 -0.392  0.246  0.282  0.452  0.498  0.498  0.367  0.195 -0.021  0.110 -0.218 -0.079 -0.269 -0.439 -0.581 -0.545 -0.469 -0.225  0.131  0.354  0.491  0.341  0.436  0.600  0.541  0.392  0.529  0.622  0.462  0.407  0.584  0.726  0.812  0.886  0.910  1.000  0.835  0.768  0.729  0.547  0.459  0.258  0.053  0.310  0.317  0.495  0.425  0.377  0.370  0.379  0.099 -0.245 -0.650 -0.497 -0.306 -0.326 -0.446 -0.644 -0.744 -0.668 -0.699 -0.601 -0.538 -0.026  0.449  0.523  0.495  0.306 -0.001 -0.342 -0.521 -0.591 -0.561
 -0.582 -0.680 -0.562 -0.364  0.293  0.405  0.564  0.528  0.435  0.284  0.257  0.030  0.162 -0.206 -0.064 -0.454 -0.554 -0.641 -0.615 -0.467 -0.183  0.318  0.545  0.566  0.443  0.469  0.513  0.505  0.387  0.554  0.506  0.364  0.383  0.526  0.648  0.684  0.739  0.713  0.835  1.000  0.866  0.775  0.625  0.467  0.255  0.042  0.319  0.397  0.583  0.526  0.517  0.497  0.471  0.258 -0.091 -0.555 -0.427 -0.148 -0.204 -0.436 -0.594 -0.734 -0.719 -0.678 -0.566 -0.474  0.043  0.468  0.634  0.722  0.638  0.285 -0.244 -0.588 -0.675 -0.664
 -0.610 -0.660 -0.449 -0.292  0.293  0.428  0.583  0.564  0.477  0.299  0.253 -0.019  0.130 -0.266 -0.107 -0.407 -0.584 -0.678 -0.635 -0.430 -0.176  0.297  0.537  0.619  0.399  0.450  0.599  0.538  0.421  0.595  0.510  0.371  0.407  0.522  0.582  0.640  0.720  0.671  0.768  0.866  1.000  0.826  0.792  0.626  0.389  0.186  0.467  0.525  0.698  0.627  0.606  0.576  0.547  0.333  0.053 -0.470 -0.356 -0.085 -0.138 -0.426 -0.552 -0.659 -0.645 -0.625 -0.516 -0.351  0.240  0.671  0.744  0.766  0.597  0.114 -0.523 -0.717 -0.762 -0.698
 -0.467 -0.575 -0.356 -0.150  0.461  0.545  0.694  0.666  0.571  0.382  0.355  0.081  0.223 -0.144 -0.045 -0.306 -0.439 -0.590 -0.499 -0.518 -0.331  0.174  0.458  0.345  0.175  0.438  0.404  0.305  0.216  0.417  0.378  0.303  0.336  0.444  0.491  0.490  0.504  0.543  0.729  0.775  0.826  1.000  0.797  0.611  0.424  0.144  0.391  0.405  0.582  0.514  0.395  0.245  0.140  0.054 -0.173 -0.402 -0.220 -0.049  0.030 -0.123 -0.326 -0.494 -0.444 -0.456 -0.322 -0.213  0.316  0.722  0.801  0.843  0.624  0.252 -0.426 -0.659 -0.761 -0.724
 -0.452 -0.585 -0.174  0.011  0.543  0.592  0.649  0.575  0.441  0.326  0.285  0.179  0.256 -0.139 -0.065 -0.277 -0.473 -0.618 -0.484 -0.386 -0.304  0.112  0.513  0.518  0.226  0.473  0.591  0.419  0.362  0.504  0.415  0.303  0.417  0.467  0.430  0.457  0.484  0.478  0.547  0.625  0.792  0.797  1.000  0.819  0.664  0.399  0.587  0.668  0.800  0.805  0.704  0.513  0.342  0.232 -0.039 -0.384 -0.327 -0.002  0.114 -0.258 -0.383 -0.502 -0.434 -0.376 -0.223  0.011  0.525  0.794  0.844  0.804  0.546  0.089 -0.555 -0.819 -0.888 -0.803
 -0.381 -0.532 -0.010  0.122  0.565  0.682  0.565  0.560  0.515  0.496  0.306  0.219  0.159 -0.226 -0.232 -0.433 -0.455 -0.616 -0.504 -0.393 -0.337  0.016  0.429  0.402 -0.014  0.225  0.473  0.219  0.092  0.295  0.271  0.122  0.216  0.303  0.273  0.328  0.404  0.434  0.459  0.467  0.626  0.611  0.819  1.000  0.916  0.637  0.834  0.872  0.837  0.733  0.627  0.406  0.238  0.175 -0.074 -0.356 -0.301  0.062  0.150 -0.232 -0.358 -0.406 -0.399 -0.328 -0.106  0.142  0.663  0.822  0.745  0.691  0.431 -0.038 -0.686 -0.863 -0.792 -0.637
 -0.182 -0.340  0.121  0.233  0.548  0.671  0.445  0.450  0.481  0.488  0.297  0.237  0.108 -0.186 -0.194 -0.426 -0.354 -0.504 -0.366 -0.271 -0.270 -0.081  0.348  0.187 -0.222  0.113  0.323  0.000 -0.113  0.094  0.068 -0.060  0.040  0.116  0.044  0.102  0.184  0.222  0.258  0.255  0.389  0.424  0.664  0.916  1.000  0.814  0.868  0.858  0.706  0.623  0.515  0.234  0.072  0.076 -0.104 -0.195 -0.164  0.133  0.252 -0.030 -0.162 -0.201 -0.238 -0.176  0.063  0.286  0.741  0.762  0.654  0.556  0.357 -0.085 -0.631 -0.710 -0.665 -0.524
 -0.030 -0.134  0.075  0.091  0.333  0.501  0.247  0.300  0.294  0.252  0.202  0.180  0.052 -0.262 -0.193 -0.251 -0.209 -0.297 -0.206 -0.089 -0.038 -0.044  0.265  0.051 -0.252 -0.118  0.147 -0.123 -0.228 -0.058 -0.067 -0.149 -0.074 -0.043 -0.105 -0.021  0.030  0.022  0.053  0.042  0.186  0.144  0.399  0.637  0.814  1.000  0.845  0.726  0.445  0.405  0.396  0.134  0.060  0.122 -0.026 -0.042 -0.019  0.153  0.214  0.144  0.040 -0.068 -0.244 -0.184  0.021  0.144  0.588  0.558  0.402  0.254  0.123 -0.294 -0.454 -0.427 -0.418 -0.314
 -0.292 -0.415  0.009 -0.003  0.450  0.677  0.482  0.492  0.424  0.450  0.195  0.130  0.011 -0.376 -0.304 -0.405 -0.368 -0.473 -0.356 -0.243 -0.218  0.030  0.410  0.297 -0.061  0.043  0.328  0.054 -0.134  0.115  0.123 -0.083 -0.002  0.091  0.061  0.175  0.278  0.297  0.310  0.319  0.467  0.391  0.587  0.834  0.868  0.845  1.000  0.905  0.709  0.590  0.537  0.330  0.249  0.278 -0.036 -0.163 -0.126  0.151  0.190 -0.023 -0.110 -0.217 -0.350 -0.315 -0.059  0.130  0.697  0.754  0.608  0.482  0.281 -0.237 -0.665 -0.706 -0.625 -0.504
 -0.364 -0.502 -0.019  0.056  0.524  0.716  0.529  0.523  0.442  0.487  0.281  0.274  0.151 -0.288 -0.283 -0.457 -0.403 -0.539 -0.448 -0.290 -0.235  0.084  0.491  0.431  0.032  0.125  0.443  0.224  0.037  0.238  0.224  0.055  0.147  0.210  0.183  0.240  0.343  0.348  0.317  0.397  0.525  0.405  0.668  0.872  0.858  0.726  0.905  1.000  0.846  0.735  0.618  0.444  0.325  0.334 -0.009 -0.277 -0.285  0.050  0.057 -0.218 -0.312 -0.392 -0.447 -0.362 -0.135  0.095  0.678  0.741  0.692  0.588  0.346 -0.193 -0.679 -0.767 -0.702 -0.588
 -0.531 -0.649 -0.201 -0.024  0.524  0.624  0.614  0.601  0.518  0.466  0.273  0.178  0.190 -0.266 -0.212 -0.394 -0.426 -0.611 -0.538 -0.352 -0.168  0.301  0.671  0.649  0.318  0.492  0.652  0.438  0.322  0.496  0.388  0.170  0.269  0.358  0.342  0.404  0.498  0.502  0.495  0.583  0.698  0.582  0.800  0.837  0.706  0.445  0.709  0.846  1.000  0.909  0.801  0.668  0.494  0.482  0.079 -0.364 -0.364  0.049  0.026 -0.372 -0.472 -0.556 -0.533 -0.486 -0.284 -0.029  0.530  0.752  0.782  0.716  0.468 -0.063 -0.617 -0.883 -0.846 -0.741
 -0.421 -0.597 -0.151  0.008  0.499  0.505  0.502  0.414  0.331  0.267  0.156  0.107  0.200 -0.214 -0.098 -0.221 -0.316 -0.459 -0.351 -0.113 -0.019  0.355  0.703  0.642  0.292  0.465  0.634  0.410  0.316  0.458  0.330  0.112  0.244  0.323  0.289  0.336  0.443  0.442  0.425  0.526  0.627  0.514  0.805  0.733  0.623  0.405  0.590  0.735  0.909  1.000  0.912  0.754  0.573  0.571  0.199 -0.224 -0.265  0.158  0.151 -0.307 -0.431 -0.543 -0.501 -0.455 -0.239  0.013  0.539  0.656  0.716  0.659  0.457 -0.024 -0.527 -0.742 -0.813 -0.768
 -0.557 -0.681 -0.343 -0.221  0.271  0.335  0.382  0.358  0.216  0.099 -0.050 -0.114 -0.021 -0.410 -0.248 -0.306 -0.423 -0.457 -0.394 -0.005  0.144  0.492  0.734  0.752  0.453  0.343  0.562  0.420  0.321  0.436  0.317  0.085  0.224  0.306  0.272  0.338  0.421  0.397  0.377  0.517  0.606  0.395  0.704  0.627  0.515  0.396  0.537  0.618  0.801  0.912  1.000  0.899  0.778  0.751  0.440 -0.176 -0.203  0.251  0.139 -0.322 -0.413 -0.524 -0.560 -0.529 -0.307 -0.120  0.420  0.554  0.615  0.524  0.424 -0.088 -0.463 -0.635 -0.694 -0.609
 -0.659 -0.715 -0.461 -0.418  0.015  0.109  0.286  0.292  0.142 -0.010 -0.185 -0.247 -0.129 -0.488 -0.287 -0.284 -0.425 -0.420 -0.375  0.067  0.212  0.525  0.696  0.862  0.634  0.328  0.606  0.555  0.457  0.500  0.415  0.204  0.275  0.317  0.322  0.385  0.481  0.455  0.370  0.497  0.576  0.245  0.513  0.406  0.234  0.134  0.330  0.444  0.668  0.754  0.899  1.000  0.883  0.778  0.513 -0.243 -0.268  0.133 -0.079 -0.480 -0.525 -0.580 -0.608 -0.610 -0.473 -0.321  0.149  0.355  0.425  0.325  0.305 -0.173 -0.390 -0.497 -0.499 -0.396
 -0.620 -0.608 -0.470 -0.511 -0.102  0.013  0.140  0.177  0.037 -0.007 -0.246 -0.331 -0.275 -0.538 -0.386 -0.351 -0.501 -0.384 -0.395  0.077  0.222  0.497  0.522  0.767  0.605  0.140  0.455  0.504  0.367  0.410  0.379  0.146  0.203  0.314  0.356  0.420  0.519  0.450  0.379  0.471  0.547  0.140  0.342  0.238  0.072  0.060  0.249  0.325  0.494  0.573  0.778  0.883  1.000  0.845  0.606 -0.144 -0.148  0.199 -0.086 -0.408 -0.412 -0.469 -0.540 -0.511 -0.366 -0.334  0.089  0.228  0.318  0.203  0.206 -0.211 -0.328 -0.324 -0.365 -0.313
 -0.494 -0.492 -0.385 -0.449 -0.142 -0.011  0.080  0.144 -0.042 -0.038 -0.326 -0.388 -0.335 -0.552 -0.402 -0.230 -0.248 -0.115 -0.145  0.289  0.427  0.727  0.638  0.642  0.518  0.068  0.198  0.186  0.052  0.114  0.032 -0.190 -0.100 -0.024 -0.011  0.060  0.176  0.139  0.099  0.258  0.333  0.054  0.232  0.175  0.076  0.122  0.278  0.334  0.482  0.571  0.751  0.778  0.845  1.000  0.758  0.174  0.161  0.471  0.185 -0.104 -0.147 -0.261 -0.347 -0.369 -0.199 -0.240  0.174  0.182  0.282  0.183  0.216 -0.188 -0.268 -0.215 -0.268 -0.228
 -0.239 -0.168 -0.294 -0.379 -0.472 -0.333 -0.297 -0.148 -0.155 -0.212 -0.381 -0.510 -0.499 -0.511 -0.474 -0.149 -0.111  0.181  0.139  0.536  0.601  0.652  0.440  0.423  0.358 -0.179 -0.140 -0.111 -0.194 -0.189 -0.263 -0.384 -0.318 -0.233 -0.288 -0.267 -0.167 -0.183 -0.245 -0.091  0.053 -0.173 -0.039 -0.074 -0.104 -0.026 -0.036 -0.009  0.079  0.199  0.440  0.513  0.606  0.758  1.000  0.524  0.509  0.636  0.304  0.136  0.095  0.126  0.004 -0.056  0.021 -0.095 -0.015 -0.096 -0.045 -0.033  0.090 -0.130 -0.121  0.078  0.052  0.161
  0.443  0.520  0.345  0.200 -0.312 -0.288 -0.509 -0.570 -0.347 -0.144 -0.253 -0.278 -0.285  0.040 -0.009  0.300  0.416  0.657  0.642  0.554  0.350  0.168 -0.062 -0.310 -0.310 -0.373 -0.607 -0.678 -0.671 -0.654 -0.731 -0.702 -0.669 -0.611 -0.698 -0.697 -0.650 -0.632 -0.650 -0.555 -0.470 -0.402 -0.384 -0.356 -0.195 -0.042 -0.163 -0.277 -0.364 -0.224 -0.176 -0.243 -0.144  0.174  0.524  1.000  0.851  0.654  0.682  0.736  0.769  0.742  0.641  0.558  0.568  0.452  0.103 -0.353 -0.371 -0.249 -0.045  0.212  0.254  0.416  0.314  0.286
  0.324  0.373  0.175  0.035 -0.367 -0.247 -0.323 -0.304 -0.094  0.026 -0.150 -0.397 -0.449 -0.210 -0.258  0.064  0.228  0.460  0.581  0.514  0.275  0.207 -0.034 -0.354 -0.333 -0.439 -0.706 -0.761 -0.746 -0.699 -0.726 -0.726 -0.729 -0.634 -0.665 -0.700 -0.622 -0.595 -0.497 -0.427 -0.356 -0.220 -0.327 -0.301 -0.164 -0.019 -0.126 -0.285 -0.364 -0.265 -0.203 -0.268 -0.148  0.161  0.509  0.851  1.000  0.832  0.724  0.826  0.757  0.709  0.572  0.503  0.598  0.312  0.044 -0.198 -0.245 -0.141  0.044  0.092  0.136  0.360  0.284  0.291
  0.019  0.005  0.051 -0.018 -0.169 -0.024 -0.103 -0.042 -0.007  0.155 -0.090 -0.303 -0.402 -0.350 -0.401 -0.200 -0.032  0.152  0.337  0.460  0.213  0.363  0.296 -0.036 -0.191 -0.302 -0.477 -0.620 -0.620 -0.544 -0.611 -0.759 -0.679 -0.520 -0.544 -0.544 -0.419 -0.385 -0.306 -0.148 -0.085 -0.049 -0.002  0.062  0.133  0.153  0.151  0.050  0.049  0.158  0.251  0.133  0.199  0.471  0.636  0.654  0.832  1.000  0.802  0.636  0.516  0.428  0.310  0.307  0.513  0.300  0.240  0.082  0.069  0.162  0.334  0.129 -0.060 -0.021 -0.044  0.014
  0.173  0.236  0.374  0.267 -0.003  0.017 -0.164 -0.239 -0.156  0.098 -0.186 -0.232 -0.282 -0.066 -0.077  0.029  0.038  0.189  0.462  0.375  0.036  0.079  0.084 -0.278 -0.454 -0.215 -0.456 -0.682 -0.641 -0.549 -0.633 -0.662 -0.580 -0.517 -0.538 -0.555 -0.469 -0.421 -0.326 -0.204 -0.138  0.030  0.114  0.150  0.252  0.214  0.190  0.057  0.026  0.151  0.139 -0.079 -0.086  0.185  0.304  0.682  0.724  0.802  1.000  0.744  0.685  0.539  0.507  0.518  0.654  0.542  0.377  0.070  0.033  0.196  0.399  0.353  0.067 -0.006 -0.101 -0.084
  0.314  0.395  0.223  0.147 -0.130 -0.068 -0.250 -0.241 -0.112  0.107 -0.054 -0.099 -0.220 -0.019 -0.095  0.116  0.213  0.348  0.544  0.283 -0.019 -0.071 -0.159 -0.538 -0.546 -0.459 -0.692 -0.787 -0.739 -0.686 -0.648 -0.577 -0.585 -0.525 -0.552 -0.600 -0.613 -0.544 -0.446 -0.436 -0.426 -0.123 -0.258 -0.232 -0.030  0.144 -0.023 -0.218 -0.372 -0.307 -0.322 -0.480 -0.408 -0.104  0.136  0.736  0.826  0.636  0.744  1.000  0.882  0.683  0.565  0.535  0.608  0.366  0.142 -0.140 -0.194 -0.091  0.089  0.202  0.263  0.324  0.198  0.167
  0.405  0.546  0.442  0.281 -0.165 -0.108 -0.314 -0.370 -0.276 -0.045 -0.176 -0.141 -0.280  0.046 -0.036  0.237  0.288  0.431  0.565  0.289 -0.058 -0.211 -0.362 -0.630 -0.525 -0.488 -0.759 -0.760 -0.666 -0.679 -0.683 -0.566 -0.572 -0.590 -0.632 -0.694 -0.752 -0.734 -0.644 -0.594 -0.552 -0.326 -0.383 -0.358 -0.162  0.040 -0.110 -0.312 -0.472 -0.431 -0.413 -0.525 -0.412 -0.147  0.095  0.769  0.757  0.516  0.685  0.882  1.000  0.886  0.761  0.736  0.757  0.554  0.156 -0.235 -0.319 -0.267 -0.062  0.181  0.291  0.418  0.359  0.315
  0.548  0.683  0.577  0.399 -0.249 -0.239 -0.422 -0.437 -0.258 -0.102 -0.206 -0.196 -0.344  0.083 -0.045  0.280  0.369  0.543  0.633  0.412  0.082 -0.283 -0.476 -0.676 -0.503 -0.457 -0.748 -0.740 -0.644 -0.685 -0.692 -0.612 -0.609 -0.625 -0.709 -0.762 -0.783 -0.781 -0.744 -0.734 -0.659 -0.494 -0.502 -0.406 -0.201 -0.068 -0.217 -0.392 -0.556 -0.543 -0.524 -0.580 -0.469 -0.261  0.126  0.742  0.709  0.428  0.539  0.683  0.886  1.000  0.917  0.864  0.839  0.644  0.095 -0.303 -0.447 -0.416 -0.263  0.050  0.186  0.465  0.505  0.497
  0.624  0.720  0.669  0.504 -0.206 -0.323 -0.452 -0.466 -0.325 -0.103 -0.248 -0.155 -0.246  0.271  0.123  0.422  0.472  0.597  0.703  0.438  0.052 -0.369 -0.542 -0.701 -0.538 -0.310 -0.669 -0.681 -0.560 -0.655 -0.661 -0.553 -0.559 -0.610 -0.666 -0.710 -0.710 -0.688 -0.668 -0.719 -0.645 -0.444 -0.434 -0.399 -0.238 -0.244 -0.350 -0.447 -0.533 -0.501 -0.560 -0.608 -0.540 -0.347  0.004  0.641  0.572  0.310  0.507  0.565  0.761  0.917  1.000  0.936  0.828  0.646  0.043 -0.342 -0.420 -0.384 -0.246  0.154  0.226  0.460  0.488  0.469
  0.572  0.719  0.718  0.575 -0.086 -0.222 -0.383 -0.448 -0.366 -0.076 -0.151  0.001 -0.141  0.321  0.130  0.288  0.328  0.463  0.590  0.324 -0.097 -0.483 -0.607 -0.737 -0.600 -0.340 -0.630 -0.624 -0.479 -0.568 -0.591 -0.462 -0.446 -0.528 -0.572 -0.664 -0.690 -0.695 -0.699 -0.678 -0.625 -0.456 -0.376 -0.328 -0.176 -0.184 -0.315 -0.362 -0.486 -0.455 -0.529 -0.610 -0.511 -0.369 -0.056  0.558  0.503  0.307  0.518  0.535  0.736  0.864  0.936  1.000  0.899  0.719  0.117 -0.326 -0.383 -0.335 -0.203  0.215  0.285  0.411  0.423  0.376
  0.439  0.515  0.689  0.615  0.129  0.060 -0.153 -0.256 -0.116  0.175 -0.011  0.017 -0.168  0.165 -0.059  0.085  0.170  0.283  0.450  0.253 -0.153 -0.391 -0.442 -0.638 -0.638 -0.431 -0.610 -0.658 -0.572 -0.568 -0.563 -0.548 -0.471 -0.441 -0.516 -0.619 -0.625 -0.631 -0.601 -0.566 -0.516 -0.322 -0.223 -0.106  0.063  0.021 -0.059 -0.135 -0.284 -0.239 -0.307 -0.473 -0.366 -0.199  0.021  0.568  0.598  0.513  0.654  0.608  0.757  0.839  0.828  0.899  1.000  0.826  0.385 -0.045 -0.155 -0.140 -0.076  0.115  0.051  0.197  0.193  0.154
  0.389  0.377  0.784  0.763  0.409  0.320  0.001 -0.224 -0.079  0.176  0.153  0.264  0.085  0.354  0.093  0.051  0.138  0.137  0.243  0.031 -0.295 -0.476 -0.359 -0.452 -0.576 -0.213 -0.260 -0.413 -0.330 -0.290 -0.364 -0.369 -0.232 -0.225 -0.394 -0.464 -0.491 -0.494 -0.538 -0.474 -0.351 -0.213  0.011  0.142  0.286  0.144  0.130  0.095 -0.029  0.013 -0.120 -0.321 -0.334 -0.240 -0.095  0.452  0.312  0.300  0.542  0.366  0.554  0.644  0.646  0.719  0.826  1.000  0.606  0.136 -0.005  0.051  0.040  0.172 -0.045 -0.083 -0.034 -0.075
 -0.091 -0.228  0.379  0.416  0.673  0.719  0.520  0.354  0.295  0.370  0.216  0.202  0.130 -0.060 -0.085 -0.246 -0.261 -0.348 -0.233 -0.178 -0.281 -0.193  0.138 -0.015 -0.365 -0.081  0.181 -0.049 -0.176  0.033 -0.015 -0.142  0.010  0.065 -0.053 -0.070 -0.038 -0.032 -0.026  0.043  0.240  0.316  0.525  0.663  0.741  0.588  0.697  0.678  0.530  0.539  0.420  0.149  0.089  0.174 -0.015  0.103  0.044  0.240  0.377  0.142  0.156  0.095  0.043  0.117  0.385  0.606  1.000  0.741  0.639  0.477  0.289 -0.014 -0.560 -0.521 -0.559 -0.567
 -0.436 -0.577 -0.088  0.116  0.667  0.792  0.813  0.785  0.692  0.549  0.420  0.182  0.201 -0.247 -0.209 -0.412 -0.463 -0.660 -0.543 -0.422 -0.322  0.018  0.425  0.319 -0.016  0.213  0.430  0.244  0.122  0.347  0.318  0.131  0.248  0.359  0.296  0.315  0.353  0.360  0.449  0.468  0.671  0.722  0.794  0.822  0.762  0.558  0.754  0.741  0.752  0.656  0.554  0.355  0.228  0.182 -0.096 -0.353 -0.198  0.082  0.070 -0.140 -0.235 -0.303 -0.342 -0.326 -0.045  0.136  0.741  1.000  0.904  0.747  0.441 -0.155 -0.789 -0.835 -0.808 -0.720
 -0.456 -0.654 -0.232 -0.002  0.632  0.757  0.832  0.794  0.626  0.523  0.414  0.185  0.249 -0.195 -0.147 -0.437 -0.471 -0.657 -0.605 -0.465 -0.321  0.126  0.530  0.424  0.118  0.341  0.455  0.320  0.193  0.377  0.306  0.169  0.267  0.367  0.356  0.365  0.394  0.402  0.523  0.634  0.744  0.801  0.844  0.745  0.654  0.402  0.608  0.692  0.782  0.716  0.615  0.425  0.318  0.282 -0.045 -0.371 -0.245  0.069  0.033 -0.194 -0.319 -0.447 -0.420 -0.383 -0.155 -0.005  0.639  0.904  1.000  0.842  0.590  0.073 -0.614 -0.790 -0.860 -0.798
 -0.434 -0.560 -0.231  0.096  0.601  0.690  0.675  0.605  0.549  0.501  0.505  0.276  0.333 -0.001 -0.060 -0.446 -0.467 -0.593 -0.482 -0.447 -0.281  0.209  0.539  0.373  0.063  0.333  0.327  0.196  0.115  0.323  0.210  0.080  0.215  0.378  0.361  0.341  0.374  0.378  0.495  0.722  0.766  0.843  0.804  0.691  0.556  0.254  0.482  0.588  0.716  0.659  0.524  0.325  0.203  0.183 -0.033 -0.249 -0.141  0.162  0.196 -0.091 -0.267 -0.416 -0.384 -0.335 -0.140  0.051  0.477  0.747  0.842  1.000  0.842  0.365 -0.393 -0.794 -0.849 -0.808
 -0.389 -0.432 -0.210 -0.001  0.292  0.411  0.399  0.336  0.265  0.295  0.259  0.073  0.111  0.003  0.003 -0.449 -0.458 -0.485 -0.300 -0.223 -0.164  0.247  0.473  0.234 -0.039  0.191  0.087 -0.043 -0.063  0.076 -0.076 -0.128 -0.032  0.091  0.125  0.100  0.153  0.162  0.306  0.638  0.597  0.624  0.546  0.431  0.357  0.123  0.281  0.346  0.468  0.457  0.424  0.305  0.206  0.216  0.090 -0.045  0.044  0.334  0.399  0.089 -0.062 -0.263 -0.246 -0.203 -0.076  0.040  0.289  0.441  0.590  0.842  1.000  0.616 -0.061 -0.509 -0.581 -0.554
  0.137  0.119  0.117  0.239  0.112  0.052 -0.007 -0.179 -0.170 -0.021  0.163  0.153  0.256  0.457  0.444  0.049  0.023  0.022  0.008 -0.177 -0.223 -0.013  0.015 -0.177 -0.206  0.161 -0.191 -0.222 -0.121 -0.125 -0.299 -0.169 -0.161 -0.113 -0.051 -0.090 -0.129 -0.124 -0.001  0.285  0.114  0.252  0.089 -0.038 -0.085 -0.294 -0.237 -0.193 -0.063 -0.024 -0.088 -0.173 -0.211 -0.188 -0.130  0.212  0.092  0.129  0.353  0.202  0.181  0.050  0.154  0.215  0.115  0.172 -0.014 -0.155  0.073  0.365  0.616  1.000  0.483  0.008 -0.127 -0.219
  0.346  0.431  0.020 -0.023 -0.315 -0.482 -0.481 -0.555 -0.565 -0.397 -0.158  0.046  0.085  0.449  0.368  0.289  0.281  0.411  0.344  0.100  0.082 -0.145 -0.389 -0.366 -0.120 -0.103 -0.339 -0.205 -0.062 -0.218 -0.248 -0.052 -0.108 -0.195 -0.132 -0.183 -0.311 -0.304 -0.342 -0.244 -0.523 -0.426 -0.555 -0.686 -0.631 -0.454 -0.665 -0.679 -0.617 -0.527 -0.463 -0.390 -0.328 -0.268 -0.121  0.254  0.136 -0.060  0.067  0.263  0.291  0.186  0.226  0.285  0.051 -0.045 -0.560 -0.789 -0.614 -0.393 -0.061  0.483  1.000  0.608  0.498  0.356
  0.505  0.624  0.178 -0.104 -0.649 -0.743 -0.709 -0.679 -0.641 -0.614 -0.488 -0.334 -0.336  0.119  0.195  0.434  0.458  0.648  0.585  0.518  0.361 -0.072 -0.516 -0.563 -0.194 -0.392 -0.581 -0.391 -0.295 -0.494 -0.437 -0.202 -0.332 -0.487 -0.435 -0.496 -0.535 -0.544 -0.521 -0.588 -0.717 -0.659 -0.819 -0.863 -0.710 -0.427 -0.706 -0.767 -0.883 -0.742 -0.635 -0.497 -0.324 -0.215  0.078  0.416  0.360 -0.021 -0.006  0.324  0.418  0.465  0.460  0.411  0.197 -0.083 -0.521 -0.835 -0.790 -0.794 -0.509  0.008  0.608  1.000  0.898  0.761
  0.459  0.589  0.220 -0.101 -0.701 -0.729 -0.716 -0.600 -0.625 -0.597 -0.474 -0.295 -0.397  0.057  0.068  0.342  0.444  0.608  0.555  0.499  0.302 -0.121 -0.549 -0.530 -0.155 -0.415 -0.592 -0.397 -0.288 -0.510 -0.442 -0.257 -0.386 -0.551 -0.521 -0.555 -0.584 -0.574 -0.591 -0.675 -0.762 -0.761 -0.888 -0.792 -0.665 -0.418 -0.625 -0.702 -0.846 -0.813 -0.694 -0.499 -0.365 -0.268  0.052  0.314  0.284 -0.044 -0.101  0.198  0.359  0.505  0.488  0.423  0.193 -0.034 -0.559 -0.808 -0.860 -0.849 -0.581 -0.127  0.498  0.898  1.000  0.935
