  1.000  0.790  0.561  0.262 -0.201 -0.339 -0.395 -0.310 -0.286 -0.238 -0.266 -0.150 -0.076  0.278  0.353  0.668  0.680  0.660  0.504  0.343  0.238 -0.127 -0.373 -0.435 -0.263 -0.325 -0.533 -0.474 -0.356 -0.461 -0.493 -0.374 -0.312 -0.371 -0.447 -0.483 -0.503 -0.535 -0.494 -0.530 -0.591 -0.503 -0.536 -0.492 -0.338 -0.224 -0.352 -0.409 -0.520 -0.498 -0.514 -0.489 -0.385 -0.283 -0.017  0.171  0.274  0.044 -0.010  0.223  0.305  0.509  0.684  0.598  0.369  0.071 -0.237 -0.456 -0.539 -0.504 -0.428 -0.140  0.293  0.547  0.554  0.520
  0.790  1.000  0.681  0.435 -0.013 -0.175 -0.287 -0.260 -0.240 -0.177 -0.123  0.039  0.114  0.456  0.525  0.684  0.521  0.486  0.322  0.148  0.034 -0.302 -0.459 -0.498 -0.347 -0.325 -0.484 -0.448 -0.295 -0.362 -0.415 -0.299 -0.223 -0.278 -0.366 -0.417 -0.449 -0.486 -0.457 -0.499 -0.551 -0.454 -0.481 -0.452 -0.310 -0.213 -0.338 -0.405 -0.509 -0.505 -0.565 -0.555 -0.507 -0.444 -0.208  0.015  0.102 -0.136 -0.136  0.108  0.244  0.455  0.635  0.660  0.423  0.165 -0.146 -0.355 -0.449 -0.432 -0.388 -0.107  0.278  0.495  0.508  0.477
  0.561  0.681  1.000  0.705  0.265  0.088 -0.101 -0.154 -0.141 -0.060  0.026  0.210  0.252  0.537  0.529  0.488  0.376  0.247  0.135 -0.037 -0.125 -0.368 -0.417 -0.451 -0.406 -0.325 -0.384 -0.411 -0.288 -0.262 -0.318 -0.256 -0.168 -0.180 -0.262 -0.293 -0.322 -0.360 -0.335 -0.341 -0.379 -0.273 -0.277 -0.220 -0.117 -0.067 -0.151 -0.210 -0.296 -0.334 -0.412 -0.449 -0.442 -0.394 -0.253 -0.064  0.015 -0.107 -0.042  0.111  0.202  0.360  0.537  0.631  0.513  0.422  0.178 -0.094 -0.224 -0.227 -0.226 -0.046  0.132  0.208  0.250  0.237
  0.262  0.435  0.705  1.000  0.661  0.480  0.218  0.033  0.074  0.180  0.379  0.549  0.533  0.652  0.484  0.308  0.119 -0.053 -0.162 -0.330 -0.379 -0.516 -0.422 -0.420 -0.437 -0.268 -0.227 -0.294 -0.166 -0.060 -0.128 -0.107 -0.011  0.010 -0.066 -0.100 -0.146 -0.192 -0.175 -0.156 -0.163 -0.057 -0.041 -0.009  0.016  0.010 -0.040 -0.096 -0.149 -0.236 -0.352 -0.405 -0.489 -0.509 -0.464 -0.293 -0.252 -0.323 -0.199 -0.097  0.005  0.121  0.288  0.504  0.481  0.631  0.448  0.215  0.077  0.033 -0.036  0.046  0.034 -0.031  0.008  0.007
 -0.201 -0.013  0.265  0.661  1.000  0.823  0.568  0.284  0.296  0.355  0.583  0.670  0.665  0.450  0.286 -0.035 -0.194 -0.374 -0.435 -0.503 -0.458 -0.381 -0.149 -0.108 -0.225 -0.031  0.128  0.028  0.076  0.241  0.184  0.127  0.184  0.229  0.203  0.193  0.156  0.135  0.127  0.183  0.229  0.291  0.331  0.323  0.231  0.137  0.178  0.157  0.183  0.077 -0.018 -0.074 -0.217 -0.311 -0.436 -0.408 -0.447 -0.391 -0.257 -0.300 -0.240 -0.232 -0.171  0.041  0.159  0.493  0.620  0.555  0.502  0.394  0.254  0.144 -0.156 -0.397 -0.401 -0.387
 -0.339 -0.175  0.088  0.480  0.823  1.000  0.745  0.451  0.431  0.471  0.666  0.678  0.567  0.300  0.107 -0.186 -0.323 -0.488 -0.510 -0.563 -0.496 -0.344 -0.076 -0.044 -0.193 -0.006  0.186  0.063  0.077  0.270  0.228  0.139  0.192  0.268  0.255  0.266  0.242  0.230  0.234  0.306  0.365  0.407  0.452  0.449  0.321  0.198  0.273  0.247  0.295  0.178  0.086  0.019 -0.145 -0.242 -0.412 -0.407 -0.464 -0.365 -0.220 -0.303 -0.269 -0.301 -0.275 -0.071  0.082  0.457  0.602  0.682  0.631  0.522  0.378  0.189 -0.219 -0.524 -0.523 -0.504
 -0.395 -0.287 -0.101  0.218  0.568  0.745  1.000  0.775  0.629  0.432  0.594  0.472  0.425  0.155  0.007 -0.221 -0.340 -0.462 -0.474 -0.473 -0.386 -0.217  0.016  0.059 -0.066  0.075  0.257  0.168  0.136  0.290  0.284  0.186  0.188  0.260  0.286  0.302  0.306  0.327  0.350  0.378  0.418  0.463  0.474  0.423  0.253  0.143  0.242  0.218  0.293  0.190  0.127  0.084 -0.046 -0.144 -0.319 -0.374 -0.422 -0.314 -0.216 -0.316 -0.331 -0.382 -0.380 -0.241 -0.127  0.198  0.385  0.612  0.616  0.494  0.349  0.152 -0.276 -0.544 -0.553 -0.526
 -0.310 -0.260 -0.154  0.033  0.284  0.451  0.775  1.000  0.735  0.418  0.389  0.223  0.178  0.001 -0.068 -0.196 -0.277 -0.335 -0.332 -0.312 -0.244 -0.111  0.036  0.071 -0.019  0.044  0.178  0.125  0.075  0.172  0.186  0.114  0.105  0.159  0.190  0.209  0.228  0.255  0.277  0.291  0.313  0.334  0.329  0.295  0.167  0.099  0.171  0.154  0.206  0.140  0.118  0.091  0.013 -0.053 -0.184 -0.257 -0.286 -0.193 -0.147 -0.228 -0.261 -0.301 -0.313 -0.236 -0.161  0.037  0.198  0.419  0.422  0.330  0.249  0.083 -0.282 -0.433 -0.429 -0.393
 -0.286 -0.240 -0.141  0.074  0.296  0.431  0.629  0.735  1.000  0.738  0.612  0.324  0.217  0.046 -0.041 -0.168 -0.241 -0.307 -0.313 -0.301 -0.245 -0.147 -0.016  0.032 -0.047  0.013  0.135  0.098  0.071  0.155  0.167  0.116  0.112  0.159  0.181  0.180  0.185  0.193  0.205  0.216  0.232  0.242  0.247  0.216  0.107  0.064  0.120  0.107  0.150  0.085  0.063  0.045 -0.030 -0.101 -0.210 -0.266 -0.294 -0.214 -0.161 -0.235 -0.263 -0.296 -0.300 -0.218 -0.149  0.062  0.180  0.329  0.321  0.250  0.172  0.039 -0.258 -0.396 -0.387 -0.352
 -0.238 -0.177 -0.060  0.180  0.355  0.471  0.432  0.418  0.738  1.000  0.691  0.438  0.262  0.112  0.002 -0.137 -0.207 -0.296 -0.316 -0.328 -0.280 -0.203 -0.071 -0.027 -0.100 -0.027  0.090  0.048  0.056  0.150  0.142  0.105  0.132  0.176  0.166  0.152  0.137  0.127  0.123  0.165  0.183  0.182  0.189  0.165  0.082  0.044  0.079  0.078  0.114  0.051  0.020 -0.005 -0.094 -0.162 -0.257 -0.275 -0.309 -0.246 -0.169 -0.226 -0.219 -0.240 -0.229 -0.127 -0.054  0.160  0.222  0.276  0.266  0.234  0.186  0.092 -0.147 -0.325 -0.329 -0.317
 -0.266 -0.123  0.026  0.379  0.583  0.666  0.594  0.389  0.612  0.691  1.000  0.790  0.632  0.399  0.181 -0.067 -0.221 -0.386 -0.442 -0.491 -0.426 -0.341 -0.126 -0.066 -0.153 -0.006  0.143  0.083  0.125  0.252  0.221  0.182  0.225  0.277  0.258  0.224  0.183  0.164  0.156  0.186  0.220  0.243  0.263  0.218  0.110  0.059  0.104  0.087  0.128  0.033 -0.041 -0.063 -0.211 -0.318 -0.431 -0.419 -0.465 -0.416 -0.308 -0.354 -0.318 -0.317 -0.269 -0.094 -0.034  0.251  0.300  0.385  0.380  0.313  0.203  0.106 -0.157 -0.388 -0.376 -0.358
 -0.150  0.039  0.210  0.549  0.670  0.678  0.472  0.223  0.324  0.438  0.790  1.000  0.815  0.604  0.338  0.055 -0.135 -0.339 -0.425 -0.517 -0.468 -0.427 -0.201 -0.149 -0.217 -0.034  0.090  0.023  0.111  0.237  0.179  0.162  0.230  0.270  0.225  0.176  0.119  0.083  0.067  0.101  0.137  0.170  0.202  0.167  0.096  0.046  0.070  0.042  0.064 -0.036 -0.137 -0.159 -0.324 -0.429 -0.509 -0.441 -0.484 -0.476 -0.346 -0.347 -0.265 -0.218 -0.137  0.068  0.101  0.339  0.325  0.364  0.330  0.269  0.158  0.113 -0.088 -0.300 -0.281 -0.268
 -0.076  0.114  0.252  0.533  0.665  0.567  0.425  0.178  0.217  0.262  0.632  0.815  1.000  0.763  0.515  0.196 -0.016 -0.245 -0.371 -0.454 -0.386 -0.377 -0.178 -0.101 -0.138  0.029  0.128  0.091  0.174  0.262  0.202  0.197  0.244  0.258  0.226  0.165  0.108  0.076  0.055  0.064  0.089  0.122  0.139  0.078  0.007 -0.011  0.007 -0.026 -0.007 -0.100 -0.182 -0.164 -0.310 -0.434 -0.496 -0.449 -0.493 -0.512 -0.417 -0.405 -0.324 -0.252 -0.147  0.044  0.017  0.230  0.226  0.264  0.260  0.195  0.079  0.074 -0.059 -0.233 -0.219 -0.207
  0.278  0.456  0.537  0.652  0.450  0.300  0.155  0.001  0.046  0.112  0.399  0.604  0.763  1.000  0.762  0.505  0.267  0.036 -0.133 -0.277 -0.271 -0.426 -0.341 -0.291 -0.252 -0.117 -0.109 -0.123  0.000  0.040 -0.026  0.010  0.082  0.081  0.018 -0.047 -0.107 -0.152 -0.159 -0.182 -0.196 -0.140 -0.143 -0.186 -0.169 -0.125 -0.177 -0.227 -0.259 -0.326 -0.412 -0.381 -0.474 -0.547 -0.482 -0.349 -0.342 -0.463 -0.396 -0.279 -0.162 -0.003  0.176  0.344  0.205  0.260  0.077 -0.010 -0.052 -0.081 -0.142  0.005  0.086  0.059  0.086  0.083
  0.353  0.525  0.529  0.484  0.286  0.107  0.007 -0.068 -0.041  0.002  0.181  0.338  0.515  0.762  1.000  0.696  0.426  0.193 -0.014 -0.119 -0.090 -0.272 -0.265 -0.205 -0.137 -0.050 -0.091 -0.084  0.016  0.013 -0.054 -0.011  0.045  0.018 -0.036 -0.092 -0.142 -0.168 -0.175 -0.220 -0.238 -0.204 -0.228 -0.284 -0.267 -0.186 -0.243 -0.289 -0.318 -0.360 -0.396 -0.322 -0.361 -0.433 -0.348 -0.265 -0.256 -0.390 -0.385 -0.267 -0.160  0.009  0.203  0.298  0.108  0.102 -0.048 -0.151 -0.165 -0.186 -0.221 -0.050  0.107  0.145  0.166  0.161
  0.668  0.684  0.488  0.308 -0.035 -0.186 -0.221 -0.196 -0.168 -0.137 -0.067  0.055  0.196  0.505  0.696  1.000  0.718  0.515  0.303  0.192  0.173 -0.138 -0.296 -0.287 -0.146 -0.171 -0.300 -0.251 -0.163 -0.243 -0.281 -0.196 -0.150 -0.200 -0.258 -0.310 -0.342 -0.365 -0.345 -0.393 -0.444 -0.396 -0.439 -0.475 -0.408 -0.285 -0.380 -0.426 -0.482 -0.478 -0.485 -0.402 -0.365 -0.355 -0.148 -0.036  0.021 -0.187 -0.261 -0.086  0.013  0.215  0.437  0.416  0.132 -0.030 -0.259 -0.394 -0.416 -0.400 -0.375 -0.113  0.226  0.395  0.415  0.396
  0.680  0.521  0.376  0.119 -0.194 -0.323 -0.340 -0.277 -0.241 -0.207 -0.221 -0.135 -0.016  0.267  0.426  0.718  1.000  0.800  0.541  0.434  0.460  0.110 -0.136 -0.161 -0.025 -0.139 -0.306 -0.252 -0.213 -0.326 -0.351 -0.277 -0.252 -0.308 -0.348 -0.372 -0.380 -0.393 -0.372 -0.413 -0.453 -0.426 -0.460 -0.454 -0.359 -0.237 -0.325 -0.362 -0.429 -0.396 -0.354 -0.261 -0.160 -0.101  0.133  0.209  0.238  0.039 -0.081  0.059  0.123  0.264  0.423  0.310  0.111 -0.105 -0.303 -0.448 -0.468 -0.442 -0.395 -0.156  0.211  0.414  0.393  0.367
  0.660  0.486  0.247 -0.053 -0.374 -0.488 -0.462 -0.335 -0.307 -0.296 -0.386 -0.339 -0.245  0.036  0.193  0.515  0.800  1.000  0.784  0.668  0.611  0.225 -0.119 -0.183  0.002 -0.184 -0.420 -0.335 -0.304 -0.458 -0.467 -0.374 -0.356 -0.423 -0.461 -0.471 -0.463 -0.469 -0.430 -0.476 -0.527 -0.489 -0.538 -0.504 -0.374 -0.247 -0.350 -0.388 -0.463 -0.404 -0.342 -0.264 -0.092  0.032  0.321  0.412  0.481  0.268  0.111  0.269  0.279  0.366  0.454  0.293  0.126 -0.180 -0.378 -0.538 -0.563 -0.519 -0.437 -0.200  0.241  0.521  0.502  0.472
  0.504  0.322  0.135 -0.162 -0.435 -0.510 -0.474 -0.332 -0.313 -0.316 -0.442 -0.425 -0.371 -0.133 -0.014  0.303  0.541  0.784  1.000  0.793  0.601  0.272 -0.066 -0.168 -0.030 -0.226 -0.443 -0.373 -0.367 -0.509 -0.501 -0.421 -0.410 -0.464 -0.491 -0.479 -0.449 -0.443 -0.395 -0.432 -0.480 -0.437 -0.476 -0.414 -0.271 -0.178 -0.263 -0.293 -0.356 -0.283 -0.215 -0.185  0.015  0.195  0.488  0.616  0.688  0.504  0.346  0.471  0.429  0.418  0.404  0.236  0.164 -0.151 -0.328 -0.485 -0.523 -0.469 -0.375 -0.195  0.202  0.464  0.445  0.415
  0.343  0.148 -0.037 -0.330 -0.503 -0.563 -0.473 -0.312 -0.301 -0.328 -0.491 -0.517 -0.454 -0.277 -0.119  0.192  0.434  0.668  0.793  1.000  0.812  0.511  0.150  0.054  0.179 -0.078 -0.287 -0.209 -0.271 -0.435 -0.411 -0.363 -0.384 -0.436 -0.435 -0.410 -0.361 -0.336 -0.299 -0.334 -0.373 -0.372 -0.409 -0.368 -0.267 -0.184 -0.244 -0.241 -0.264 -0.166 -0.052  0.013  0.228  0.399  0.650  0.634  0.690  0.563  0.362  0.424  0.333  0.272  0.230  0.035 -0.017 -0.297 -0.374 -0.487 -0.474 -0.419 -0.327 -0.200  0.146  0.387  0.361  0.336
  0.238  0.034 -0.125 -0.379 -0.458 -0.496 -0.386 -0.244 -0.245 -0.280 -0.426 -0.468 -0.386 -0.271 -0.090  0.173  0.460  0.611  0.601  0.812  1.000  0.747  0.382  0.293  0.416  0.132 -0.074 -0.004 -0.118 -0.286 -0.269 -0.260 -0.301 -0.344 -0.324 -0.289 -0.239 -0.204 -0.184 -0.206 -0.229 -0.276 -0.304 -0.300 -0.257 -0.193 -0.220 -0.188 -0.168 -0.057  0.092  0.213  0.388  0.500  0.669  0.540  0.505  0.422  0.201  0.204  0.136  0.085  0.063 -0.121 -0.181 -0.379 -0.377 -0.425 -0.363 -0.314 -0.251 -0.171  0.065  0.246  0.208  0.191
 -0.127 -0.302 -0.368 -0.516 -0.381 -0.344 -0.217 -0.111 -0.147 -0.203 -0.341 -0.427 -0.377 -0.426 -0.272 -0.138  0.110  0.225  0.272  0.511  0.747  1.000  0.759  0.652  0.689  0.449  0.264  0.272  0.097 -0.047 -0.041 -0.097 -0.168 -0.186 -0.133 -0.075 -0.007  0.057  0.053  0.056  0.080 -0.028  0.007  0.004 -0.021 -0.036  0.009  0.091  0.176  0.310  0.483  0.616  0.712  0.756  0.708  0.452  0.335  0.411  0.220  0.092 -0.004 -0.134 -0.236 -0.394 -0.349 -0.401 -0.242 -0.177 -0.078 -0.051 -0.031 -0.119 -0.128 -0.080 -0.129 -0.125
 -0.373 -0.459 -0.417 -0.422 -0.149 -0.076  0.016  0.036 -0.016 -0.071 -0.126 -0.201 -0.178 -0.341 -0.265 -0.296 -0.136 -0.119 -0.066  0.150  0.382  0.759  1.000  0.843  0.676  0.609  0.588  0.478  0.238  0.183  0.187  0.059 -0.032 -0.014  0.060  0.128  0.228  0.328  0.291  0.266  0.333  0.222  0.318  0.291  0.218  0.137  0.230  0.340  0.465  0.571  0.680  0.789  0.710  0.657  0.465  0.221  0.038  0.199  0.131 -0.079 -0.150 -0.297 -0.418 -0.494 -0.380 -0.274 -0.031  0.117  0.211  0.195  0.163 -0.039 -0.278 -0.381 -0.431 -0.413
 -0.435 -0.498 -0.451 -0.420 -0.108 -0.044  0.059  0.071  0.032 -0.027 -0.066 -0.149 -0.101 -0.291 -0.205 -0.287 -0.161 -0.183 -0.168  0.054  0.293  0.652  0.843  1.000  0.810  0.616  0.714  0.677  0.405  0.345  0.368  0.247  0.151  0.154  0.230  0.260  0.299  0.384  0.315  0.304  0.407  0.187  0.281  0.244  0.148  0.109  0.204  0.296  0.418  0.496  0.635  0.798  0.724  0.570  0.349  0.051 -0.124  0.053 -0.026 -0.258 -0.315 -0.423 -0.518 -0.577 -0.489 -0.334 -0.059  0.113  0.236  0.194  0.161 -0.069 -0.297 -0.414 -0.448 -0.423
 -0.263 -0.347 -0.406 -0.437 -0.225 -0.193 -0.066 -0.019 -0.047 -0.100 -0.153 -0.217 -0.138 -0.252 -0.137 -0.146 -0.025  0.002 -0.030  0.179  0.416  0.689  0.676  0.810  1.000  0.735  0.561  0.651  0.491  0.296  0.288  0.240  0.139  0.096  0.154  0.158  0.180  0.235  0.179  0.176  0.236  0.051  0.082  0.006 -0.092 -0.090 -0.032  0.042  0.155  0.246  0.403  0.580  0.575  0.456  0.337  0.073 -0.054  0.036 -0.101 -0.245 -0.298 -0.361 -0.409 -0.492 -0.493 -0.430 -0.243 -0.101  0.042  0.036  0.025 -0.089 -0.166 -0.189 -0.220 -0.205
 -0.325 -0.325 -0.325 -0.268 -0.031 -0.006  0.075  0.044  0.013 -0.027 -0.006 -0.034  0.029 -0.117 -0.050 -0.171 -0.139 -0.184 -0.226 -0.078  0.132  0.449  0.609  0.616  0.735  1.000  0.727  0.635  0.612  0.492  0.392  0.329  0.238  0.188  0.228  0.229  0.279  0.355  0.279  0.235  0.280  0.199  0.244  0.141  0.031 -0.011  0.057  0.116  0.217  0.260  0.317  0.455  0.374  0.239  0.068 -0.112 -0.232 -0.139 -0.182 -0.300 -0.327 -0.380 -0.418 -0.418 -0.394 -0.257 -0.094  0.065  0.167  0.134  0.081 -0.033 -0.199 -0.290 -0.322 -0.300
 -0.533 -0.484 -0.384 -0.227  0.128  0.186  0.257  0.178  0.135  0.090  0.143  0.090  0.128 -0.109 -0.091 -0.300 -0.306 -0.420 -0.443 -0.287 -0.074  0.264  0.588  0.714  0.561  0.727  1.000  0.847  0.625  0.687  0.686  0.509  0.402  0.434  0.512  0.531  0.565  0.645  0.543  0.473  0.568  0.390  0.448  0.345  0.185  0.119  0.229  0.288  0.417  0.415  0.458  0.573  0.421  0.218 -0.042 -0.268 -0.423 -0.248 -0.233 -0.442 -0.470 -0.541 -0.594 -0.547 -0.462 -0.189  0.079  0.301  0.416  0.356  0.285  0.040 -0.329 -0.565 -0.596 -0.558
 -0.474 -0.448 -0.411 -0.294  0.028  0.063  0.168  0.125  0.098  0.048  0.083  0.023  0.091 -0.123 -0.084 -0.251 -0.252 -0.335 -0.373 -0.209 -0.004  0.272  0.478  0.677  0.651  0.635  0.847  1.000  0.786  0.700  0.755  0.659  0.517  0.493  0.579  0.542  0.525  0.555  0.451  0.413  0.495  0.268  0.282  0.156 -0.016 -0.030  0.062  0.114  0.248  0.258  0.352  0.483  0.389  0.186 -0.025 -0.269 -0.395 -0.254 -0.292 -0.473 -0.507 -0.554 -0.586 -0.566 -0.538 -0.318 -0.075  0.131  0.287  0.243  0.201  0.009 -0.248 -0.434 -0.463 -0.428
 -0.356 -0.295 -0.288 -0.166  0.076  0.077  0.136  0.075  0.071  0.056  0.125  0.111  0.174  0.000  0.016 -0.163 -0.213 -0.304 -0.367 -0.271 -0.118  0.097  0.238  0.405  0.491  0.612  0.625  0.786  1.000  0.821  0.711  0.770  0.693  0.562  0.562  0.440  0.336  0.339  0.219  0.224  0.308  0.125  0.135  0.007 -0.131 -0.108 -0.059 -0.038  0.054  0.049  0.119  0.246  0.167 -0.022 -0.187 -0.353 -0.429 -0.349 -0.375 -0.471 -0.480 -0.470 -0.464 -0.408 -0.422 -0.239 -0.102  0.045  0.168  0.104  0.060 -0.035 -0.149 -0.260 -0.277 -0.251
 -0.461 -0.362 -0.262 -0.060  0.241  0.270  0.290  0.172  0.155  0.150  0.252  0.237  0.262  0.040  0.013 -0.243 -0.326 -0.458 -0.509 -0.435 -0.286 -0.047  0.183  0.345  0.296  0.492  0.687  0.700  0.821  1.000  0.879  0.792  0.776  0.766  0.749  0.679  0.543  0.519  0.410  0.413  0.499  0.304  0.306  0.192  0.023  0.001  0.088  0.093  0.188  0.131  0.153  0.243  0.123 -0.081 -0.297 -0.449 -0.531 -0.413 -0.379 -0.507 -0.510 -0.518 -0.516 -0.413 -0.369 -0.099  0.077  0.268  0.374  0.315  0.240  0.070 -0.229 -0.468 -0.493 -0.459
 -0.493 -0.415 -0.318 -0.128  0.184  0.228  0.284  0.186  0.167  0.142  0.221  0.179  0.202 -0.026 -0.054 -0.281 -0.351 -0.467 -0.501 -0.411 -0.269 -0.041  0.187  0.368  0.288  0.392  0.686  0.755  0.711  0.879  1.000  0.856  0.751  0.789  0.846  0.787  0.693  0.642  0.542  0.517  0.555  0.357  0.322  0.200  0.013 -0.006  0.091  0.103  0.212  0.156  0.191  0.264  0.155 -0.040 -0.256 -0.425 -0.505 -0.371 -0.346 -0.495 -0.517 -0.543 -0.555 -0.471 -0.427 -0.158  0.047  0.256  0.384  0.349  0.290  0.103 -0.236 -0.509 -0.540 -0.502
 -0.374 -0.299 -0.256 -0.107  0.127  0.139  0.186  0.114  0.116  0.105  0.182  0.162  0.197  0.010 -0.011 -0.196 -0.277 -0.374 -0.421 -0.363 -0.260 -0.097  0.059  0.247  0.240  0.329  0.509  0.659  0.770  0.792  0.856  1.000  0.884  0.762  0.775  0.600  0.434  0.391  0.279  0.285  0.348  0.156  0.141  0.032 -0.104 -0.071 -0.018 -0.019  0.053  0.006  0.049  0.139  0.057 -0.127 -0.287 -0.420 -0.466 -0.382 -0.378 -0.469 -0.476 -0.459 -0.449 -0.373 -0.376 -0.174 -0.043  0.102  0.212  0.151  0.115  0.004 -0.144 -0.310 -0.321 -0.288
 -0.312 -0.223 -0.168 -0.011  0.184  0.192  0.188  0.105  0.112  0.132  0.225  0.230  0.244  0.082  0.045 -0.150 -0.252 -0.356 -0.410 -0.384 -0.301 -0.168 -0.032  0.151  0.139  0.238  0.402  0.517  0.693  0.776  0.751  0.884  1.000  0.867  0.762  0.586  0.320  0.267  0.165  0.191  0.292  0.094  0.099  0.013 -0.098 -0.063 -0.022 -0.040  0.014 -0.044 -0.016  0.070 -0.015 -0.190 -0.334 -0.434 -0.466 -0.403 -0.383 -0.448 -0.434 -0.395 -0.367 -0.273 -0.276 -0.087  0.004  0.117  0.200  0.136  0.092 -0.004 -0.134 -0.276 -0.281 -0.251
 -0.371 -0.278 -0.180  0.010  0.229  0.268  0.260  0.159  0.159  0.176  0.277  0.270  0.258  0.081  0.018 -0.200 -0.308 -0.423 -0.464 -0.436 -0.344 -0.186 -0.014  0.154  0.096  0.188  0.434  0.493  0.562  0.766  0.789  0.762  0.867  1.000  0.906  0.797  0.533  0.440  0.362  0.360  0.440  0.232  0.213  0.124 -0.021 -0.029  0.042  0.031  0.106  0.032  0.044  0.099 -0.008 -0.178 -0.345 -0.447 -0.488 -0.401 -0.356 -0.448 -0.438 -0.424 -0.404 -0.298 -0.270 -0.044  0.076  0.231  0.322  0.297  0.241  0.093 -0.188 -0.414 -0.432 -0.398
 -0.447 -0.366 -0.262 -0.066  0.203  0.255  0.286  0.190  0.181  0.166  0.258  0.225  0.226  0.018 -0.036 -0.258 -0.348 -0.461 -0.491 -0.435 -0.324 -0.133  0.060  0.230  0.154  0.228  0.512  0.579  0.562  0.749  0.846  0.775  0.762  0.906  1.000  0.901  0.701  0.584  0.504  0.497  0.544  0.337  0.292  0.184  0.005 -0.017  0.076  0.075  0.170  0.098  0.120  0.171  0.060 -0.115 -0.306 -0.438 -0.495 -0.379 -0.339 -0.465 -0.475 -0.490 -0.488 -0.394 -0.356 -0.107  0.066  0.267  0.390  0.383  0.330  0.150 -0.199 -0.485 -0.518 -0.481
 -0.483 -0.417 -0.293 -0.100  0.193  0.266  0.302  0.209  0.180  0.152  0.224  0.176  0.165 -0.047 -0.092 -0.310 -0.372 -0.471 -0.479 -0.410 -0.289 -0.075  0.128  0.260  0.158  0.229  0.531  0.542  0.440  0.679  0.787  0.600  0.586  0.797  0.901  1.000  0.846  0.701  0.621  0.612  0.624  0.450  0.388  0.285  0.090  0.029  0.145  0.153  0.261  0.192  0.206  0.225  0.119 -0.031 -0.235 -0.374 -0.442 -0.304 -0.258 -0.407 -0.432 -0.484 -0.504 -0.424 -0.349 -0.089  0.114  0.339  0.455  0.482  0.419  0.222 -0.224 -0.549 -0.600 -0.566
 -0.503 -0.449 -0.322 -0.146  0.156  0.242  0.306  0.228  0.185  0.137  0.183  0.119  0.108 -0.107 -0.142 -0.342 -0.380 -0.463 -0.449 -0.361 -0.239 -0.007  0.228  0.299  0.180  0.279  0.565  0.525  0.336  0.543  0.693  0.434  0.320  0.533  0.701  0.846  1.000  0.880  0.767  0.692  0.625  0.540  0.454  0.349  0.149  0.062  0.188  0.220  0.334  0.279  0.287  0.272  0.167  0.049 -0.157 -0.296 -0.373 -0.220 -0.169 -0.333 -0.381 -0.466 -0.513 -0.451 -0.360 -0.105  0.121  0.355  0.463  0.503  0.439  0.245 -0.239 -0.570 -0.621 -0.588
 -0.535 -0.486 -0.360 -0.192  0.135  0.230  0.327  0.255  0.193  0.127  0.164  0.083  0.076 -0.152 -0.168 -0.365 -0.393 -0.469 -0.443 -0.336 -0.204  0.057  0.328  0.384  0.235  0.355  0.645  0.555  0.339  0.519  0.642  0.391  0.267  0.440  0.584  0.701  0.880  1.000  0.868  0.677  0.660  0.595  0.520  0.400  0.197  0.097  0.229  0.276  0.402  0.359  0.364  0.350  0.235  0.119 -0.105 -0.263 -0.353 -0.183 -0.136 -0.317 -0.377 -0.478 -0.543 -0.490 -0.385 -0.123  0.125  0.374  0.477  0.503  0.429  0.187 -0.290 -0.593 -0.639 -0.603
 -0.494 -0.457 -0.335 -0.175  0.127  0.234  0.350  0.277  0.205  0.123  0.156  0.067  0.055 -0.159 -0.175 -0.345 -0.372 -0.430 -0.395 -0.299 -0.184  0.053  0.291  0.315  0.179  0.279  0.543  0.451  0.219  0.410  0.542  0.279  0.165  0.362  0.504  0.621  0.767  0.868  1.000  0.774  0.700  0.670  0.557  0.420  0.206  0.086  0.225  0.265  0.393  0.356  0.347  0.304  0.208  0.126 -0.079 -0.216 -0.291 -0.128 -0.079 -0.252 -0.319 -0.432 -0.497 -0.452 -0.348 -0.104  0.135  0.387  0.500  0.564  0.519  0.264 -0.241 -0.576 -0.645 -0.616
 -0.530 -0.499 -0.341 -0.156  0.183  0.306  0.378  0.291  0.216  0.165  0.186  0.101  0.064 -0.182 -0.220 -0.393 -0.413 -0.476 -0.432 -0.334 -0.206  0.056  0.266  0.304  0.176  0.235  0.473  0.413  0.224  0.413  0.517  0.285  0.191  0.360  0.497  0.612  0.692  0.677  0.774  1.000  0.833  0.752  0.615  0.476  0.239  0.095  0.247  0.288  0.428  0.389  0.375  0.329  0.235  0.149 -0.078 -0.227 -0.307 -0.126 -0.068 -0.260 -0.327 -0.455 -0.523 -0.465 -0.336 -0.063  0.203  0.458  0.609  0.692  0.698  0.463 -0.163 -0.609 -0.695 -0.683
 -0.591 -0.551 -0.379 -0.163  0.229  0.365  0.418  0.313  0.232  0.183  0.220  0.137  0.089 -0.196 -0.238 -0.444 -0.453 -0.527 -0.480 -0.373 -0.229  0.080  0.333  0.407  0.236  0.280  0.568  0.495  0.308  0.499  0.555  0.348  0.292  0.440  0.544  0.624  0.625  0.660  0.700  0.833  1.000  0.768  0.699  0.568  0.318  0.149  0.317  0.368  0.525  0.476  0.465  0.431  0.305  0.191 -0.071 -0.247 -0.354 -0.148 -0.079 -0.303 -0.355 -0.491 -0.569 -0.504 -0.346 -0.041  0.269  0.555  0.712  0.754  0.709  0.368 -0.271 -0.676 -0.759 -0.736
 -0.503 -0.454 -0.273 -0.057  0.291  0.407  0.463  0.334  0.242  0.182  0.243  0.170  0.122 -0.140 -0.204 -0.396 -0.426 -0.489 -0.437 -0.372 -0.276 -0.028  0.222  0.187  0.051  0.199  0.390  0.268  0.125  0.304  0.357  0.156  0.094  0.232  0.337  0.450  0.540  0.595  0.670  0.752  0.768  1.000  0.828  0.641  0.379  0.158  0.320  0.373  0.521  0.468  0.377  0.249  0.138  0.103 -0.117 -0.209 -0.273 -0.105  0.001 -0.163 -0.226 -0.377 -0.447 -0.370 -0.217  0.066  0.339  0.604  0.725  0.807  0.692  0.446 -0.212 -0.614 -0.698 -0.687
 -0.536 -0.481 -0.277 -0.041  0.331  0.452  0.474  0.329  0.247  0.189  0.263  0.202  0.139 -0.143 -0.228 -0.439 -0.460 -0.538 -0.476 -0.409 -0.304  0.007  0.318  0.281  0.082  0.244  0.448  0.282  0.135  0.306  0.322  0.141  0.099  0.213  0.292  0.388  0.454  0.520  0.557  0.615  0.699  0.828  1.000  0.840  0.576  0.297  0.464  0.522  0.678  0.624  0.509  0.384  0.223  0.163 -0.099 -0.207 -0.306 -0.105  0.022 -0.177 -0.215 -0.361 -0.444 -0.359 -0.175  0.131  0.444  0.714  0.760  0.743  0.608  0.308 -0.311 -0.671 -0.729 -0.706
 -0.492 -0.452 -0.220 -0.009  0.323  0.449  0.423  0.295  0.216  0.165  0.218  0.167  0.078 -0.186 -0.284 -0.475 -0.454 -0.504 -0.414 -0.368 -0.300  0.004  0.291  0.244  0.006  0.141  0.345  0.156  0.007  0.192  0.200  0.032  0.013  0.124  0.184  0.285  0.349  0.400  0.420  0.476  0.568  0.641  0.840  1.000  0.817  0.506  0.664  0.712  0.746  0.634  0.518  0.390  0.249  0.206 -0.049 -0.139 -0.230 -0.032  0.106 -0.080 -0.101 -0.237 -0.334 -0.260 -0.039  0.238  0.544  0.765  0.700  0.647  0.519  0.212 -0.349 -0.655 -0.692 -0.664
 -0.338 -0.310 -0.117  0.016  0.231  0.321  0.253  0.167  0.107  0.082  0.110  0.096  0.007 -0.169 -0.267 -0.408 -0.359 -0.374 -0.271 -0.267 -0.257 -0.021  0.218  0.148 -0.092  0.031  0.185 -0.016 -0.131  0.023  0.013 -0.104 -0.098 -0.021  0.005  0.090  0.149  0.197  0.206  0.239  0.318  0.379  0.576  0.817  1.000  0.733  0.705  0.711  0.604  0.549  0.435  0.307  0.189  0.183 -0.004 -0.027 -0.109  0.036  0.180  0.054  0.076 -0.014 -0.129 -0.089  0.141  0.318  0.512  0.596  0.468  0.395  0.301  0.066 -0.296 -0.475 -0.495 -0.475
 -0.224 -0.213 -0.067  0.010  0.137  0.198  0.143  0.099  0.064  0.044  0.059  0.046 -0.011 -0.125 -0.186 -0.285 -0.237 -0.247 -0.178 -0.184 -0.193 -0.036  0.137  0.109 -0.090 -0.011  0.119 -0.030 -0.108  0.001 -0.006 -0.071 -0.063 -0.029 -0.017  0.029  0.062  0.097  0.086  0.095  0.149  0.158  0.297  0.506  0.733  1.000  0.774  0.584  0.403  0.344  0.285  0.224  0.146  0.119 -0.012 -0.030 -0.085  0.010  0.106  0.031  0.049 -0.001 -0.081 -0.066  0.077  0.187  0.340  0.386  0.262  0.175  0.119 -0.053 -0.243 -0.325 -0.325 -0.304
 -0.352 -0.338 -0.151 -0.040  0.178  0.273  0.242  0.171  0.120  0.079  0.104  0.070  0.007 -0.177 -0.243 -0.380 -0.325 -0.350 -0.263 -0.244 -0.220  0.009  0.230  0.204 -0.032  0.057  0.229  0.062 -0.059  0.088  0.091 -0.018 -0.022  0.042  0.076  0.145  0.188  0.229  0.225  0.247  0.317  0.320  0.464  0.664  0.705  0.774  1.000  0.779  0.599  0.460  0.382  0.326  0.233  0.189 -0.002 -0.060 -0.132  0.013  0.121 -0.009 -0.018 -0.110 -0.209 -0.181 -0.008  0.156  0.372  0.505  0.412  0.341  0.263  0.032 -0.306 -0.476 -0.488 -0.460
 -0.409 -0.405 -0.210 -0.096  0.157  0.247  0.218  0.154  0.107  0.078  0.087  0.042 -0.026 -0.227 -0.289 -0.426 -0.362 -0.388 -0.293 -0.241 -0.188  0.091  0.340  0.296  0.042  0.116  0.288  0.114 -0.038  0.093  0.103 -0.019 -0.040  0.031  0.075  0.153  0.220  0.276  0.265  0.288  0.368  0.373  0.522  0.712  0.711  0.584  0.779  1.000  0.815  0.647  0.526  0.446  0.317  0.276  0.054 -0.035 -0.133  0.047  0.165 -0.007 -0.031 -0.152 -0.266 -0.245 -0.053  0.138  0.371  0.485  0.435  0.390  0.316  0.070 -0.330 -0.510 -0.530 -0.505
 -0.520 -0.509 -0.296 -0.149  0.183  0.295  0.293  0.206  0.150  0.114  0.128  0.064 -0.007 -0.259 -0.318 -0.482 -0.429 -0.463 -0.356 -0.264 -0.168  0.176  0.465  0.418  0.155  0.217  0.417  0.248  0.054  0.188  0.212  0.053  0.014  0.106  0.170  0.261  0.334  0.402  0.393  0.428  0.525  0.521  0.678  0.746  0.604  0.403  0.599  0.815  1.000  0.835  0.684  0.574  0.410  0.372  0.108 -0.027 -0.148  0.082  0.198 -0.035 -0.091 -0.265 -0.401 -0.372 -0.162  0.088  0.377  0.545  0.554  0.534  0.443  0.145 -0.361 -0.621 -0.655 -0.627
 -0.498 -0.505 -0.334 -0.236  0.077  0.178  0.190  0.140  0.085  0.051  0.033 -0.036 -0.100 -0.326 -0.360 -0.478 -0.396 -0.404 -0.283 -0.166 -0.057  0.310  0.571  0.496  0.246  0.260  0.415  0.258  0.049  0.131  0.156  0.006 -0.044  0.032  0.098  0.192  0.279  0.359  0.356  0.389  0.476  0.468  0.624  0.634  0.549  0.344  0.460  0.647  0.835  1.000  0.860  0.695  0.514  0.507  0.241  0.087 -0.055  0.186  0.287  0.036 -0.025 -0.216 -0.389 -0.394 -0.183  0.025  0.304  0.428  0.463  0.451  0.383  0.103 -0.333 -0.545 -0.592 -0.570
 -0.514 -0.565 -0.412 -0.352 -0.018  0.086  0.127  0.118  0.063  0.020 -0.041 -0.137 -0.182 -0.412 -0.396 -0.485 -0.354 -0.342 -0.215 -0.052  0.092  0.483  0.680  0.635  0.403  0.317  0.458  0.352  0.119  0.153  0.191  0.049 -0.016  0.044  0.120  0.206  0.287  0.364  0.347  0.375  0.465  0.377  0.509  0.518  0.435  0.285  0.382  0.526  0.684  0.860  1.000  0.865  0.722  0.686  0.398  0.169  0.009  0.272  0.301  0.016 -0.069 -0.269 -0.455 -0.499 -0.287 -0.098  0.204  0.329  0.391  0.377  0.333  0.043 -0.338 -0.515 -0.564 -0.541
 -0.489 -0.555 -0.449 -0.405 -0.074  0.019  0.084  0.091  0.045 -0.005 -0.063 -0.159 -0.164 -0.381 -0.322 -0.402 -0.261 -0.264 -0.185  0.013  0.213  0.616  0.789  0.798  0.580  0.455  0.573  0.483  0.246  0.243  0.264  0.139  0.070  0.099  0.171  0.225  0.272  0.350  0.304  0.329  0.431  0.249  0.384  0.390  0.307  0.224  0.326  0.446  0.574  0.695  0.865  1.000  0.852  0.714  0.429  0.136 -0.049  0.192  0.144 -0.135 -0.207 -0.361 -0.507 -0.559 -0.400 -0.219  0.079  0.221  0.310  0.273  0.238 -0.036 -0.338 -0.475 -0.514 -0.486
 -0.385 -0.507 -0.442 -0.489 -0.217 -0.145 -0.046  0.013 -0.030 -0.094 -0.211 -0.324 -0.310 -0.474 -0.361 -0.365 -0.160 -0.092  0.015  0.228  0.388  0.712  0.710  0.724  0.575  0.374  0.421  0.389  0.167  0.123  0.155  0.057 -0.015 -0.008  0.060  0.119  0.167  0.235  0.208  0.235  0.305  0.138  0.223  0.249  0.189  0.146  0.233  0.317  0.410  0.514  0.722  0.852  1.000  0.858  0.619  0.319  0.176  0.382  0.256  0.019 -0.088 -0.254 -0.411 -0.518 -0.375 -0.297 -0.031  0.073  0.157  0.138  0.132 -0.091 -0.276 -0.327 -0.367 -0.347
 -0.283 -0.444 -0.394 -0.509 -0.311 -0.242 -0.144 -0.053 -0.101 -0.162 -0.318 -0.429 -0.434 -0.547 -0.433 -0.355 -0.101  0.032  0.195  0.399  0.500  0.756  0.657  0.570  0.456  0.239  0.218  0.186 -0.022 -0.081 -0.040 -0.127 -0.190 -0.178 -0.115 -0.031  0.049  0.119  0.126  0.149  0.191  0.103  0.163  0.206  0.183  0.119  0.189  0.276  0.372  0.507  0.686  0.714  0.858  1.000  0.825  0.555  0.430  0.621  0.475  0.258  0.125 -0.081 -0.263 -0.407 -0.251 -0.265 -0.052  0.002  0.064  0.079  0.095 -0.089 -0.212 -0.219 -0.268 -0.261
 -0.017 -0.208 -0.253 -0.464 -0.436 -0.412 -0.319 -0.184 -0.210 -0.257 -0.431 -0.509 -0.496 -0.482 -0.348 -0.148  0.133  0.321  0.488  0.650  0.669  0.708  0.465  0.349  0.337  0.068 -0.042 -0.025 -0.187 -0.297 -0.256 -0.287 -0.334 -0.345 -0.306 -0.235 -0.157 -0.105 -0.079 -0.078 -0.071 -0.117 -0.099 -0.049 -0.004 -0.012 -0.002  0.054  0.108  0.241  0.398  0.429  0.619  0.825  1.000  0.804  0.685  0.752  0.551  0.440  0.317  0.127 -0.025 -0.207 -0.110 -0.273 -0.197 -0.226 -0.191 -0.146 -0.093 -0.149 -0.064  0.045  0.003 -0.005
  0.171  0.015 -0.064 -0.293 -0.408 -0.407 -0.374 -0.257 -0.266 -0.275 -0.419 -0.441 -0.449 -0.349 -0.265 -0.036  0.209  0.412  0.616  0.634  0.540  0.452  0.221  0.051  0.073 -0.112 -0.268 -0.269 -0.353 -0.449 -0.425 -0.420 -0.434 -0.447 -0.438 -0.374 -0.296 -0.263 -0.216 -0.227 -0.247 -0.209 -0.207 -0.139 -0.027 -0.030 -0.060 -0.035 -0.027  0.087  0.169  0.136  0.319  0.555  0.804  1.000  0.838  0.761  0.671  0.659  0.602  0.389  0.235  0.055  0.130 -0.126 -0.179 -0.271 -0.301 -0.236 -0.174 -0.145  0.038  0.185  0.151  0.131
  0.274  0.102  0.015 -0.252 -0.447 -0.464 -0.422 -0.286 -0.294 -0.309 -0.465 -0.484 -0.493 -0.342 -0.256  0.021  0.238  0.481  0.688  0.690  0.505  0.335  0.038 -0.124 -0.054 -0.232 -0.423 -0.395 -0.429 -0.531 -0.505 -0.466 -0.466 -0.488 -0.495 -0.442 -0.373 -0.353 -0.291 -0.307 -0.354 -0.273 -0.306 -0.230 -0.109 -0.085 -0.132 -0.133 -0.148 -0.055  0.009 -0.049  0.176  0.430  0.685  0.838  1.000  0.856  0.693  0.761  0.618  0.450  0.342  0.165  0.193 -0.102 -0.209 -0.345 -0.392 -0.320 -0.236 -0.149  0.113  0.313  0.298  0.272
  0.044 -0.136 -0.107 -0.323 -0.391 -0.365 -0.314 -0.193 -0.214 -0.246 -0.416 -0.476 -0.512 -0.463 -0.390 -0.187  0.039  0.268  0.504  0.563  0.422  0.411  0.199  0.053  0.036 -0.139 -0.248 -0.254 -0.349 -0.413 -0.371 -0.382 -0.403 -0.401 -0.379 -0.304 -0.220 -0.183 -0.128 -0.126 -0.148 -0.105 -0.105 -0.032  0.036  0.010  0.013  0.047  0.082  0.186  0.272  0.192  0.382  0.621  0.752  0.761  0.856  1.000  0.840  0.734  0.529  0.307  0.162 -0.002  0.091 -0.100 -0.097 -0.185 -0.209 -0.146 -0.079 -0.117 -0.014  0.092  0.077  0.065
 -0.010 -0.136 -0.042 -0.199 -0.257 -0.220 -0.216 -0.147 -0.161 -0.169 -0.308 -0.346 -0.417 -0.396 -0.385 -0.261 -0.081  0.111  0.346  0.362  0.201  0.220  0.131 -0.026 -0.101 -0.182 -0.233 -0.292 -0.375 -0.379 -0.346 -0.378 -0.383 -0.356 -0.339 -0.258 -0.169 -0.136 -0.079 -0.068 -0.079  0.001  0.022  0.106  0.180  0.106  0.121  0.165  0.198  0.287  0.301  0.144  0.256  0.475  0.551  0.671  0.693  0.840  1.000  0.825  0.679  0.395  0.216  0.075  0.207  0.046  0.050 -0.032 -0.088 -0.025  0.015 -0.059 -0.060 -0.013 -0.028 -0.035
  0.223  0.108  0.111 -0.097 -0.300 -0.303 -0.316 -0.228 -0.235 -0.226 -0.354 -0.347 -0.405 -0.279 -0.267 -0.086  0.059  0.269  0.471  0.424  0.204  0.092 -0.079 -0.258 -0.245 -0.300 -0.442 -0.473 -0.471 -0.507 -0.495 -0.469 -0.448 -0.448 -0.465 -0.407 -0.333 -0.317 -0.252 -0.260 -0.303 -0.163 -0.177 -0.080  0.054  0.031 -0.009 -0.007 -0.035  0.036  0.016 -0.135  0.019  0.258  0.440  0.659  0.761  0.734  0.825  1.000  0.836  0.587  0.441  0.291  0.351  0.090 -0.028 -0.176 -0.271 -0.208 -0.149 -0.095  0.069  0.216  0.210  0.192
  0.305  0.244  0.202  0.005 -0.240 -0.269 -0.331 -0.261 -0.263 -0.219 -0.318 -0.265 -0.324 -0.162 -0.160  0.013  0.123  0.279  0.429  0.333  0.136 -0.004 -0.150 -0.315 -0.298 -0.327 -0.470 -0.507 -0.480 -0.510 -0.517 -0.476 -0.434 -0.438 -0.475 -0.432 -0.381 -0.377 -0.319 -0.327 -0.355 -0.226 -0.215 -0.101  0.076  0.049 -0.018 -0.031 -0.091 -0.025 -0.069 -0.207 -0.088  0.125  0.317  0.602  0.618  0.529  0.679  0.836  1.000  0.794  0.594  0.427  0.508  0.183  0.008 -0.161 -0.285 -0.233 -0.182 -0.099  0.099  0.255  0.244  0.223
  0.509  0.455  0.360  0.121 -0.232 -0.301 -0.382 -0.301 -0.296 -0.240 -0.317 -0.218 -0.252 -0.003  0.009  0.215  0.264  0.366  0.418  0.272  0.085 -0.134 -0.297 -0.423 -0.361 -0.380 -0.541 -0.554 -0.470 -0.518 -0.543 -0.459 -0.395 -0.424 -0.490 -0.484 -0.466 -0.478 -0.432 -0.455 -0.491 -0.377 -0.361 -0.237 -0.014 -0.001 -0.110 -0.152 -0.265 -0.216 -0.269 -0.361 -0.254 -0.081  0.127  0.389  0.450  0.307  0.395  0.587  0.794  1.000  0.805  0.608  0.612  0.236 -0.044 -0.259 -0.401 -0.368 -0.304 -0.137  0.178  0.398  0.407  0.381
  0.684  0.635  0.537  0.288 -0.171 -0.275 -0.380 -0.313 -0.300 -0.229 -0.269 -0.137 -0.147  0.176  0.203  0.437  0.423  0.454  0.404  0.230  0.063 -0.236 -0.418 -0.518 -0.409 -0.418 -0.594 -0.586 -0.464 -0.516 -0.555 -0.449 -0.367 -0.404 -0.488 -0.504 -0.513 -0.543 -0.497 -0.523 -0.569 -0.447 -0.444 -0.334 -0.129 -0.081 -0.209 -0.266 -0.401 -0.389 -0.455 -0.507 -0.411 -0.263 -0.025  0.235  0.342  0.162  0.216  0.441  0.594  0.805  1.000  0.839  0.661  0.306 -0.058 -0.302 -0.453 -0.427 -0.367 -0.133  0.237  0.470  0.494  0.468
  0.598  0.660  0.631  0.504  0.041 -0.071 -0.241 -0.236 -0.218 -0.127 -0.094  0.068  0.044  0.344  0.298  0.416  0.310  0.293  0.236  0.035 -0.121 -0.394 -0.494 -0.577 -0.492 -0.418 -0.547 -0.566 -0.408 -0.413 -0.471 -0.373 -0.273 -0.298 -0.394 -0.424 -0.451 -0.490 -0.452 -0.465 -0.504 -0.370 -0.359 -0.260 -0.089 -0.066 -0.181 -0.245 -0.372 -0.394 -0.499 -0.559 -0.518 -0.407 -0.207  0.055  0.165 -0.002  0.075  0.291  0.427  0.608  0.839  1.000  0.798  0.504  0.100 -0.159 -0.335 -0.326 -0.295 -0.077  0.214  0.377  0.417  0.394
  0.369  0.423  0.513  0.481  0.159  0.082 -0.127 -0.161 -0.149 -0.054 -0.034  0.101  0.017  0.205  0.108  0.132  0.111  0.126  0.164 -0.017 -0.181 -0.349 -0.380 -0.489 -0.493 -0.394 -0.462 -0.538 -0.422 -0.369 -0.427 -0.376 -0.276 -0.270 -0.356 -0.349 -0.360 -0.385 -0.348 -0.336 -0.346 -0.217 -0.175 -0.039  0.141  0.077 -0.008 -0.053 -0.162 -0.183 -0.287 -0.400 -0.375 -0.251 -0.110  0.130  0.193  0.091  0.207  0.351  0.508  0.612  0.661  0.798  1.000  0.703  0.341  0.061 -0.146 -0.153 -0.143 -0.040  0.103  0.192  0.207  0.186
  0.071  0.165  0.422  0.631  0.493  0.457  0.198  0.037  0.062  0.160  0.251  0.339  0.230  0.260  0.102 -0.030 -0.105 -0.180 -0.151 -0.297 -0.379 -0.401 -0.274 -0.334 -0.430 -0.257 -0.189 -0.318 -0.239 -0.099 -0.158 -0.174 -0.087 -0.044 -0.107 -0.089 -0.105 -0.123 -0.104 -0.063 -0.041  0.066  0.131  0.238  0.318  0.187  0.156  0.138  0.088  0.025 -0.098 -0.219 -0.297 -0.265 -0.273 -0.126 -0.102 -0.100  0.046  0.090  0.183  0.236  0.306  0.504  0.703  1.000  0.718  0.403  0.194  0.144  0.085  0.066 -0.052 -0.147 -0.132 -0.136
 -0.237 -0.146  0.178  0.448  0.620  0.602  0.385  0.198  0.180  0.222  0.300  0.325  0.226  0.077 -0.048 -0.259 -0.303 -0.378 -0.328 -0.374 -0.377 -0.242 -0.031 -0.059 -0.243 -0.094  0.079 -0.075 -0.102  0.077  0.047 -0.043  0.004  0.076  0.066  0.114  0.121  0.125  0.135  0.203  0.269  0.339  0.444  0.544  0.512  0.340  0.372  0.371  0.377  0.304  0.204  0.079 -0.031 -0.052 -0.197 -0.179 -0.209 -0.097  0.050 -0.028  0.008 -0.044 -0.058  0.100  0.341  0.718  1.000  0.720  0.527  0.427  0.316  0.135 -0.221 -0.439 -0.441 -0.428
 -0.456 -0.355 -0.094  0.215  0.555  0.682  0.612  0.419  0.329  0.276  0.385  0.364  0.264 -0.010 -0.151 -0.394 -0.448 -0.538 -0.485 -0.487 -0.425 -0.177  0.117  0.113 -0.101  0.065  0.301  0.131  0.045  0.268  0.256  0.102  0.117  0.231  0.267  0.339  0.355  0.374  0.387  0.458  0.555  0.604  0.714  0.765  0.596  0.386  0.505  0.485  0.545  0.428  0.329  0.221  0.073  0.002 -0.226 -0.271 -0.345 -0.185 -0.032 -0.176 -0.161 -0.259 -0.302 -0.159  0.061  0.403  0.720  1.000  0.846  0.695  0.524  0.211 -0.334 -0.661 -0.677 -0.647
 -0.539 -0.449 -0.224  0.077  0.502  0.631  0.616  0.422  0.321  0.266  0.380  0.330  0.260 -0.052 -0.165 -0.416 -0.468 -0.563 -0.523 -0.474 -0.363 -0.078  0.211  0.236  0.042  0.167  0.416  0.287  0.168  0.374  0.384  0.212  0.200  0.322  0.390  0.455  0.463  0.477  0.500  0.609  0.712  0.725  0.760  0.700  0.468  0.262  0.412  0.435  0.554  0.463  0.391  0.310  0.157  0.064 -0.191 -0.301 -0.392 -0.209 -0.088 -0.271 -0.285 -0.401 -0.453 -0.335 -0.146  0.194  0.527  0.846  1.000  0.848  0.675  0.320 -0.300 -0.697 -0.742 -0.718
 -0.504 -0.432 -0.227  0.033  0.394  0.522  0.494  0.330  0.250  0.234  0.313  0.269  0.195 -0.081 -0.186 -0.400 -0.442 -0.519 -0.469 -0.419 -0.314 -0.051  0.195  0.194  0.036  0.134  0.356  0.243  0.104  0.315  0.349  0.151  0.136  0.297  0.383  0.482  0.503  0.503  0.564  0.692  0.754  0.807  0.743  0.647  0.395  0.175  0.341  0.390  0.534  0.451  0.377  0.273  0.138  0.079 -0.146 -0.236 -0.320 -0.146 -0.025 -0.208 -0.233 -0.368 -0.427 -0.326 -0.153  0.144  0.427  0.695  0.848  1.000  0.831  0.488 -0.210 -0.663 -0.732 -0.715
 -0.428 -0.388 -0.226 -0.036  0.254  0.378  0.349  0.249  0.172  0.186  0.203  0.158  0.079 -0.142 -0.221 -0.375 -0.395 -0.437 -0.375 -0.327 -0.251 -0.031  0.163  0.161  0.025  0.081  0.285  0.201  0.060  0.240  0.290  0.115  0.092  0.241  0.330  0.419  0.439  0.429  0.519  0.698  0.709  0.692  0.608  0.519  0.301  0.119  0.263  0.316  0.443  0.383  0.333  0.238  0.132  0.095 -0.093 -0.174 -0.236 -0.079  0.015 -0.149 -0.182 -0.304 -0.367 -0.295 -0.143  0.085  0.316  0.524  0.675  0.831  1.000  0.684 -0.003 -0.542 -0.649 -0.656
 -0.140 -0.107 -0.046  0.046  0.144  0.189  0.152  0.083  0.039  0.092  0.106  0.113  0.074  0.005 -0.050 -0.113 -0.156 -0.200 -0.195 -0.200 -0.171 -0.119 -0.039 -0.069 -0.089 -0.033  0.040  0.009 -0.035  0.070  0.103  0.004 -0.004  0.093  0.150  0.222  0.245  0.187  0.264  0.463  0.368  0.446  0.308  0.212  0.066 -0.053  0.032  0.070  0.145  0.103  0.043 -0.036 -0.091 -0.089 -0.149 -0.145 -0.149 -0.117 -0.059 -0.095 -0.099 -0.137 -0.133 -0.077 -0.040  0.066  0.135  0.211  0.320  0.488  0.684  1.000  0.317 -0.158 -0.340 -0.407
  0.293  0.278  0.132  0.034 -0.156 -0.219 -0.276 -0.282 -0.258 -0.147 -0.157 -0.088 -0.059  0.086  0.107  0.226  0.211  0.241  0.202  0.146  0.065 -0.128 -0.278 -0.297 -0.166 -0.199 -0.329 -0.248 -0.149 -0.229 -0.236 -0.144 -0.134 -0.188 -0.199 -0.224 -0.239 -0.290 -0.241 -0.163 -0.271 -0.212 -0.311 -0.349 -0.296 -0.243 -0.306 -0.330 -0.361 -0.333 -0.338 -0.338 -0.276 -0.212 -0.064  0.038  0.113 -0.014 -0.060  0.069  0.099  0.178  0.237  0.214  0.103 -0.052 -0.221 -0.334 -0.300 -0.210 -0.003  0.317  1.000  0.517  0.303  0.189
  0.547  0.495  0.208 -0.031 -0.397 -0.524 -0.544 -0.433 -0.396 -0.325 -0.388 -0.300 -0.233  0.059  0.145  0.395  0.414  0.521  0.464  0.387  0.246 -0.080 -0.381 -0.414 -0.189 -0.290 -0.565 -0.434 -0.260 -0.468 -0.509 -0.310 -0.276 -0.414 -0.485 -0.549 -0.570 -0.593 -0.576 -0.609 -0.676 -0.614 -0.671 -0.655 -0.475 -0.325 -0.476 -0.510 -0.621 -0.545 -0.515 -0.475 -0.327 -0.219  0.045  0.185  0.313  0.092 -0.013  0.216  0.255  0.398  0.470  0.377  0.192 -0.147 -0.439 -0.661 -0.697 -0.663 -0.542 -0.158  0.517  1.000  0.845  0.700
  0.554  0.508  0.250  0.008 -0.401 -0.523 -0.553 -0.429 -0.387 -0.329 -0.376 -0.281 -0.219  0.086  0.166  0.415  0.393  0.502  0.445  0.361  0.208 -0.129 -0.431 -0.448 -0.220 -0.322 -0.596 -0.463 -0.277 -0.493 -0.540 -0.321 -0.281 -0.432 -0.518 -0.600 -0.621 -0.639 -0.645 -0.695 -0.759 -0.698 -0.729 -0.692 -0.495 -0.325 -0.488 -0.530 -0.655 -0.592 -0.564 -0.514 -0.367 -0.268  0.003  0.151  0.298  0.077 -0.028  0.210  0.244  0.407  0.494  0.417  0.207 -0.132 -0.441 -0.677 -0.742 -0.732 -0.649 -0.340  0.303  0.845  1.000  0.914
