  1.000  0.793  0.562  0.267 -0.197 -0.334 -0.393 -0.309 -0.286 -0.239 -0.267 -0.147 -0.076  0.280  0.355  0.668  0.680  0.661  0.505  0.341  0.237 -0.127 -0.372 -0.433 -0.262 -0.325 -0.532 -0.474 -0.355 -0.463 -0.493 -0.375 -0.314 -0.373 -0.449 -0.487 -0.505 -0.535 -0.493 -0.529 -0.590 -0.502 -0.537 -0.490 -0.337 -0.226 -0.350 -0.405 -0.516 -0.495 -0.511 -0.488 -0.386 -0.283 -0.017  0.170  0.272  0.043 -0.011  0.221  0.303  0.509  0.685  0.601  0.374  0.074 -0.232 -0.452 -0.538 -0.505 -0.428 -0.139  0.288  0.544  0.553  0.519
  0.793  1.000  0.679  0.439 -0.012 -0.171 -0.286 -0.261 -0.240 -0.175 -0.124  0.039  0.111  0.456  0.526  0.686  0.524  0.490  0.326  0.149  0.037 -0.301 -0.458 -0.496 -0.346 -0.327 -0.487 -0.450 -0.297 -0.367 -0.419 -0.304 -0.229 -0.283 -0.370 -0.422 -0.454 -0.489 -0.457 -0.500 -0.552 -0.454 -0.484 -0.452 -0.312 -0.216 -0.338 -0.405 -0.509 -0.505 -0.564 -0.554 -0.506 -0.443 -0.207  0.014  0.101 -0.136 -0.137  0.107  0.243  0.457  0.637  0.663  0.426  0.167 -0.143 -0.353 -0.449 -0.434 -0.390 -0.108  0.276  0.496  0.510  0.479
  0.562  0.679  1.000  0.706  0.266  0.090 -0.100 -0.154 -0.140 -0.059  0.021  0.209  0.248  0.534  0.526  0.486  0.377  0.249  0.138 -0.035 -0.123 -0.365 -0.416 -0.449 -0.406 -0.328 -0.388 -0.415 -0.291 -0.269 -0.323 -0.262 -0.174 -0.188 -0.268 -0.298 -0.327 -0.365 -0.337 -0.342 -0.378 -0.271 -0.278 -0.218 -0.118 -0.069 -0.149 -0.208 -0.294 -0.333 -0.409 -0.447 -0.438 -0.390 -0.249 -0.063  0.017 -0.105 -0.039  0.112  0.202  0.361  0.538  0.630  0.515  0.423  0.181 -0.089 -0.222 -0.225 -0.227 -0.045  0.131  0.210  0.252  0.239
  0.267  0.439  0.706  1.000  0.660  0.478  0.216  0.031  0.071  0.178  0.373  0.548  0.532  0.654  0.485  0.309  0.125 -0.046 -0.156 -0.326 -0.375 -0.514 -0.423 -0.422 -0.439 -0.272 -0.234 -0.299 -0.169 -0.065 -0.132 -0.112 -0.016  0.004 -0.072 -0.106 -0.152 -0.198 -0.179 -0.159 -0.166 -0.059 -0.045 -0.012  0.013  0.007 -0.040 -0.099 -0.151 -0.238 -0.353 -0.407 -0.489 -0.508 -0.461 -0.291 -0.249 -0.323 -0.198 -0.097  0.006  0.124  0.292  0.508  0.487  0.633  0.448  0.214  0.073  0.030 -0.039  0.047  0.035 -0.027  0.013  0.011
 -0.197 -0.012  0.266  0.660  1.000  0.823  0.568  0.284  0.295  0.355  0.581  0.669  0.665  0.451  0.285 -0.034 -0.189 -0.368 -0.430 -0.501 -0.457 -0.381 -0.149 -0.109 -0.225 -0.035  0.125  0.025  0.072  0.238  0.182  0.122  0.180  0.227  0.201  0.191  0.154  0.132  0.127  0.183  0.229  0.289  0.331  0.322  0.230  0.138  0.178  0.155  0.183  0.075 -0.020 -0.074 -0.218 -0.312 -0.436 -0.408 -0.446 -0.394 -0.259 -0.302 -0.240 -0.230 -0.168  0.044  0.162  0.494  0.619  0.556  0.503  0.395  0.255  0.145 -0.155 -0.397 -0.399 -0.386
 -0.334 -0.171  0.090  0.478  0.823  1.000  0.745  0.452  0.432  0.472  0.664  0.676  0.566  0.300  0.108 -0.184 -0.321 -0.483 -0.505 -0.560 -0.495 -0.344 -0.077 -0.046 -0.192 -0.007  0.184  0.061  0.075  0.269  0.228  0.138  0.191  0.268  0.255  0.267  0.240  0.228  0.232  0.304  0.363  0.405  0.451  0.446  0.319  0.197  0.269  0.245  0.293  0.176  0.084  0.017 -0.145 -0.243 -0.412 -0.407 -0.462 -0.367 -0.222 -0.306 -0.267 -0.300 -0.272 -0.070  0.084  0.458  0.602  0.683  0.632  0.523  0.377  0.187 -0.219 -0.524 -0.522 -0.502
 -0.393 -0.286 -0.100  0.216  0.568  0.745  1.000  0.776  0.630  0.434  0.594  0.469  0.424  0.154  0.007 -0.221 -0.341 -0.461 -0.472 -0.471 -0.384 -0.217  0.015  0.058 -0.065  0.076  0.257  0.169  0.135  0.290  0.285  0.185  0.188  0.260  0.285  0.303  0.305  0.325  0.348  0.379  0.417  0.463  0.473  0.421  0.252  0.142  0.237  0.217  0.291  0.188  0.126  0.084 -0.043 -0.144 -0.320 -0.375 -0.423 -0.317 -0.219 -0.319 -0.329 -0.380 -0.378 -0.241 -0.126  0.199  0.385  0.611  0.616  0.494  0.349  0.152 -0.277 -0.544 -0.553 -0.525
 -0.309 -0.261 -0.154  0.031  0.284  0.452  0.776  1.000  0.736  0.420  0.391  0.222  0.177 -0.001 -0.070 -0.196 -0.277 -0.336 -0.330 -0.310 -0.242 -0.110  0.037  0.071 -0.020  0.045  0.179  0.126  0.073  0.172  0.186  0.114  0.104  0.158  0.189  0.209  0.228  0.255  0.276  0.291  0.313  0.334  0.329  0.294  0.166  0.098  0.167  0.153  0.206  0.141  0.120  0.091  0.014 -0.051 -0.182 -0.256 -0.287 -0.194 -0.150 -0.229 -0.261 -0.302 -0.313 -0.239 -0.162  0.037  0.200  0.420  0.422  0.331  0.250  0.082 -0.284 -0.434 -0.429 -0.393
 -0.286 -0.240 -0.140  0.071  0.295  0.432  0.630  0.736  1.000  0.738  0.613  0.324  0.216  0.044 -0.043 -0.168 -0.241 -0.306 -0.311 -0.298 -0.242 -0.146 -0.015  0.032 -0.047  0.013  0.135  0.098  0.069  0.156  0.168  0.116  0.113  0.161  0.181  0.182  0.185  0.194  0.205  0.218  0.234  0.244  0.248  0.215  0.105  0.062  0.116  0.106  0.150  0.085  0.064  0.046 -0.028 -0.098 -0.208 -0.266 -0.293 -0.215 -0.165 -0.238 -0.264 -0.299 -0.302 -0.220 -0.151  0.061  0.180  0.328  0.320  0.254  0.176  0.042 -0.258 -0.397 -0.388 -0.354
 -0.239 -0.175 -0.059  0.178  0.355  0.472  0.434  0.420  0.738  1.000  0.692  0.438  0.263  0.113  0.002 -0.137 -0.207 -0.294 -0.312 -0.324 -0.277 -0.202 -0.071 -0.027 -0.099 -0.026  0.087  0.046  0.054  0.151  0.142  0.104  0.134  0.178  0.167  0.154  0.137  0.125  0.123  0.167  0.185  0.185  0.191  0.165  0.082  0.041  0.078  0.077  0.111  0.051  0.021 -0.003 -0.092 -0.160 -0.255 -0.275 -0.307 -0.246 -0.171 -0.229 -0.222 -0.245 -0.232 -0.129 -0.058  0.157  0.223  0.276  0.267  0.238  0.190  0.095 -0.147 -0.327 -0.331 -0.319
 -0.267 -0.124  0.021  0.373  0.581  0.664  0.594  0.391  0.613  0.692  1.000  0.789  0.632  0.398  0.178 -0.068 -0.222 -0.384 -0.439 -0.488 -0.424 -0.341 -0.126 -0.066 -0.151 -0.004  0.143  0.084  0.125  0.254  0.224  0.183  0.227  0.281  0.261  0.227  0.184  0.164  0.156  0.188  0.222  0.243  0.264  0.216  0.108  0.056  0.100  0.085  0.126  0.030 -0.042 -0.062 -0.209 -0.317 -0.431 -0.419 -0.465 -0.419 -0.310 -0.357 -0.320 -0.320 -0.273 -0.096 -0.038  0.247  0.297  0.385  0.381  0.316  0.204  0.106 -0.157 -0.387 -0.377 -0.359
 -0.147  0.039  0.209  0.548  0.669  0.676  0.469  0.222  0.324  0.438  0.789  1.000  0.815  0.605  0.336  0.055 -0.132 -0.333 -0.419 -0.514 -0.466 -0.428 -0.205 -0.153 -0.220 -0.035  0.087  0.021  0.109  0.238  0.180  0.162  0.230  0.272  0.226  0.178  0.117  0.081  0.066  0.099  0.137  0.169  0.200  0.163  0.091  0.042  0.067  0.037  0.060 -0.042 -0.141 -0.161 -0.325 -0.431 -0.509 -0.439 -0.482 -0.477 -0.347 -0.350 -0.267 -0.221 -0.138  0.069  0.102  0.340  0.323  0.364  0.328  0.268  0.157  0.112 -0.087 -0.298 -0.279 -0.265
 -0.076  0.111  0.248  0.532  0.665  0.566  0.424  0.177  0.216  0.263  0.632  0.815  1.000  0.761  0.511  0.191 -0.018 -0.244 -0.371 -0.453 -0.387 -0.378 -0.180 -0.103 -0.138  0.029  0.129  0.093  0.174  0.263  0.206  0.199  0.245  0.260  0.228  0.166  0.108  0.078  0.057  0.066  0.091  0.121  0.139  0.078  0.006 -0.011  0.008 -0.026 -0.006 -0.102 -0.184 -0.164 -0.310 -0.436 -0.496 -0.449 -0.493 -0.514 -0.418 -0.409 -0.327 -0.255 -0.147  0.043  0.018  0.231  0.225  0.265  0.260  0.196  0.079  0.074 -0.060 -0.233 -0.219 -0.206
  0.280  0.456  0.534  0.654  0.451  0.300  0.154 -0.001  0.044  0.113  0.398  0.605  0.761  1.000  0.759  0.504  0.268  0.038 -0.133 -0.277 -0.272 -0.427 -0.344 -0.294 -0.254 -0.119 -0.113 -0.124  0.001  0.039 -0.025  0.010  0.081  0.080  0.017 -0.048 -0.108 -0.154 -0.159 -0.181 -0.196 -0.141 -0.146 -0.188 -0.172 -0.128 -0.175 -0.228 -0.260 -0.330 -0.416 -0.383 -0.476 -0.549 -0.482 -0.351 -0.341 -0.464 -0.397 -0.282 -0.165 -0.005  0.176  0.344  0.207  0.262  0.077 -0.009 -0.053 -0.084 -0.145  0.005  0.086  0.061  0.089  0.086
  0.355  0.526  0.526  0.485  0.285  0.108  0.007 -0.070 -0.043  0.002  0.178  0.336  0.511  0.759  1.000  0.697  0.429  0.197 -0.010 -0.114 -0.086 -0.268 -0.261 -0.204 -0.138 -0.050 -0.092 -0.083  0.017  0.010 -0.056 -0.015  0.040  0.013 -0.039 -0.095 -0.144 -0.170 -0.174 -0.218 -0.238 -0.205 -0.230 -0.285 -0.269 -0.189 -0.242 -0.290 -0.318 -0.360 -0.396 -0.321 -0.358 -0.431 -0.344 -0.262 -0.253 -0.388 -0.384 -0.267 -0.162  0.006  0.203  0.297  0.108  0.101 -0.049 -0.150 -0.166 -0.186 -0.221 -0.048  0.106  0.146  0.167  0.162
  0.668  0.686  0.486  0.309 -0.034 -0.184 -0.221 -0.196 -0.168 -0.137 -0.068  0.055  0.191  0.504  0.697  1.000  0.719  0.518  0.305  0.195  0.176 -0.135 -0.293 -0.286 -0.146 -0.172 -0.300 -0.250 -0.162 -0.244 -0.281 -0.198 -0.153 -0.204 -0.261 -0.314 -0.343 -0.366 -0.343 -0.390 -0.443 -0.395 -0.440 -0.476 -0.410 -0.288 -0.380 -0.424 -0.479 -0.477 -0.483 -0.400 -0.362 -0.351 -0.146 -0.034  0.022 -0.186 -0.259 -0.086  0.012  0.215  0.438  0.415  0.134 -0.030 -0.256 -0.394 -0.416 -0.399 -0.374 -0.111  0.223  0.395  0.414  0.395
  0.680  0.524  0.377  0.125 -0.189 -0.321 -0.341 -0.277 -0.241 -0.207 -0.222 -0.132 -0.018  0.268  0.429  0.719  1.000  0.801  0.542  0.435  0.460  0.111 -0.133 -0.160 -0.025 -0.140 -0.305 -0.252 -0.212 -0.328 -0.353 -0.280 -0.254 -0.310 -0.351 -0.377 -0.382 -0.394 -0.370 -0.413 -0.454 -0.427 -0.462 -0.454 -0.358 -0.238 -0.324 -0.359 -0.426 -0.395 -0.352 -0.258 -0.157 -0.098  0.133  0.211  0.236  0.039 -0.080  0.059  0.123  0.265  0.425  0.311  0.115 -0.101 -0.298 -0.445 -0.467 -0.441 -0.394 -0.156  0.206  0.412  0.393  0.366
  0.661  0.490  0.249 -0.046 -0.368 -0.483 -0.461 -0.336 -0.306 -0.294 -0.384 -0.333 -0.244  0.038  0.197  0.518  0.801  1.000  0.784  0.669  0.610  0.224 -0.117 -0.180  0.002 -0.185 -0.418 -0.334 -0.303 -0.460 -0.468 -0.376 -0.358 -0.424 -0.463 -0.475 -0.465 -0.469 -0.428 -0.475 -0.526 -0.491 -0.538 -0.502 -0.373 -0.249 -0.350 -0.385 -0.460 -0.403 -0.340 -0.261 -0.089  0.035  0.321  0.412  0.479  0.267  0.111  0.268  0.278  0.366  0.454  0.294  0.128 -0.176 -0.374 -0.537 -0.562 -0.519 -0.437 -0.202  0.237  0.519  0.501  0.470
  0.505  0.326  0.138 -0.156 -0.430 -0.505 -0.472 -0.330 -0.311 -0.312 -0.439 -0.419 -0.371 -0.133 -0.010  0.305  0.542  0.784  1.000  0.794  0.601  0.274 -0.062 -0.164 -0.029 -0.226 -0.440 -0.374 -0.368 -0.510 -0.503 -0.425 -0.413 -0.466 -0.494 -0.483 -0.451 -0.444 -0.394 -0.430 -0.477 -0.435 -0.473 -0.409 -0.264 -0.176 -0.260 -0.289 -0.352 -0.281 -0.212 -0.182  0.018  0.198  0.488  0.614  0.685  0.501  0.344  0.470  0.427  0.417  0.403  0.237  0.168 -0.147 -0.324 -0.481 -0.520 -0.467 -0.373 -0.195  0.197  0.460  0.442  0.412
  0.341  0.149 -0.035 -0.326 -0.501 -0.560 -0.471 -0.310 -0.298 -0.324 -0.488 -0.514 -0.453 -0.277 -0.114  0.195  0.435  0.669  0.794  1.000  0.813  0.512  0.153  0.056  0.178 -0.079 -0.284 -0.209 -0.272 -0.437 -0.413 -0.364 -0.384 -0.435 -0.435 -0.410 -0.361 -0.335 -0.294 -0.332 -0.370 -0.370 -0.406 -0.365 -0.263 -0.183 -0.242 -0.237 -0.260 -0.163 -0.049  0.016  0.230  0.401  0.650  0.633  0.690  0.563  0.361  0.425  0.335  0.272  0.228  0.036 -0.015 -0.297 -0.373 -0.486 -0.472 -0.418 -0.326 -0.201  0.145  0.382  0.356  0.332
  0.237  0.037 -0.123 -0.375 -0.457 -0.495 -0.384 -0.242 -0.242 -0.277 -0.424 -0.466 -0.387 -0.272 -0.086  0.176  0.460  0.610  0.601  0.813  1.000  0.749  0.385  0.294  0.414  0.128 -0.073 -0.004 -0.122 -0.292 -0.273 -0.263 -0.303 -0.346 -0.326 -0.293 -0.242 -0.205 -0.180 -0.204 -0.227 -0.276 -0.302 -0.297 -0.253 -0.191 -0.219 -0.184 -0.164 -0.053  0.095  0.215  0.389  0.504  0.671  0.542  0.506  0.424  0.204  0.207  0.138  0.088  0.064 -0.119 -0.178 -0.378 -0.376 -0.424 -0.362 -0.314 -0.248 -0.170  0.064  0.243  0.205  0.188
 -0.127 -0.301 -0.365 -0.514 -0.381 -0.344 -0.217 -0.110 -0.146 -0.202 -0.341 -0.428 -0.378 -0.427 -0.268 -0.135  0.111  0.224  0.274  0.512  0.749  1.000  0.760  0.653  0.688  0.448  0.266  0.274  0.094 -0.051 -0.045 -0.100 -0.169 -0.188 -0.134 -0.076 -0.010  0.056  0.054  0.055  0.081 -0.029  0.009  0.006 -0.018 -0.032  0.009  0.091  0.176  0.311  0.484  0.618  0.712  0.758  0.710  0.455  0.335  0.413  0.223  0.095  0.000 -0.131 -0.235 -0.391 -0.345 -0.399 -0.240 -0.177 -0.079 -0.052 -0.029 -0.119 -0.129 -0.081 -0.131 -0.127
 -0.372 -0.458 -0.416 -0.423 -0.149 -0.077  0.015  0.037 -0.015 -0.071 -0.126 -0.205 -0.180 -0.344 -0.261 -0.293 -0.133 -0.117 -0.062  0.153  0.385  0.760  1.000  0.844  0.675  0.605  0.589  0.478  0.235  0.180  0.184  0.056 -0.033 -0.014  0.060  0.129  0.225  0.325  0.289  0.267  0.333  0.221  0.319  0.290  0.220  0.138  0.227  0.338  0.465  0.571  0.681  0.791  0.711  0.659  0.466  0.224  0.041  0.202  0.133 -0.078 -0.149 -0.296 -0.418 -0.493 -0.380 -0.272 -0.029  0.116  0.208  0.196  0.166 -0.038 -0.278 -0.382 -0.432 -0.413
 -0.433 -0.496 -0.449 -0.422 -0.109 -0.046  0.058  0.071  0.032 -0.027 -0.066 -0.153 -0.103 -0.294 -0.204 -0.286 -0.160 -0.180 -0.164  0.056  0.294  0.653  0.844  1.000  0.809  0.615  0.714  0.676  0.401  0.342  0.364  0.243  0.148  0.152  0.228  0.260  0.296  0.381  0.313  0.302  0.405  0.185  0.279  0.242  0.149  0.112  0.202  0.294  0.416  0.495  0.635  0.798  0.724  0.570  0.349  0.054 -0.122  0.055 -0.023 -0.254 -0.312 -0.421 -0.516 -0.574 -0.487 -0.330 -0.058  0.111  0.232  0.192  0.162 -0.069 -0.297 -0.413 -0.447 -0.422
 -0.262 -0.346 -0.406 -0.439 -0.225 -0.192 -0.065 -0.020 -0.047 -0.099 -0.151 -0.220 -0.138 -0.254 -0.138 -0.146 -0.025  0.002 -0.029  0.178  0.414  0.688  0.675  0.809  1.000  0.736  0.563  0.651  0.489  0.294  0.285  0.236  0.137  0.094  0.153  0.158  0.178  0.233  0.178  0.174  0.234  0.050  0.082  0.006 -0.089 -0.086 -0.032  0.042  0.155  0.247  0.403  0.581  0.575  0.456  0.336  0.076 -0.053  0.037 -0.098 -0.242 -0.295 -0.360 -0.409 -0.492 -0.493 -0.429 -0.242 -0.102  0.040  0.037  0.027 -0.087 -0.165 -0.188 -0.221 -0.206
 -0.325 -0.327 -0.328 -0.272 -0.035 -0.007  0.076  0.045  0.013 -0.026 -0.004 -0.035  0.029 -0.119 -0.050 -0.172 -0.140 -0.185 -0.226 -0.079  0.128  0.448  0.605  0.615  0.736  1.000  0.728  0.638  0.611  0.493  0.393  0.329  0.238  0.188  0.230  0.232  0.279  0.354  0.279  0.236  0.279  0.197  0.243  0.139  0.030 -0.008  0.056  0.114  0.215  0.259  0.319  0.457  0.375  0.240  0.068 -0.109 -0.230 -0.137 -0.178 -0.298 -0.326 -0.379 -0.419 -0.420 -0.397 -0.257 -0.094  0.064  0.164  0.134  0.084 -0.031 -0.199 -0.292 -0.323 -0.300
 -0.532 -0.487 -0.388 -0.234  0.125  0.184  0.257  0.179  0.135  0.087  0.143  0.087  0.129 -0.113 -0.092 -0.300 -0.305 -0.418 -0.440 -0.284 -0.073  0.266  0.589  0.714  0.563  0.728  1.000  0.847  0.624  0.686  0.685  0.508  0.402  0.434  0.512  0.532  0.565  0.643  0.543  0.474  0.567  0.389  0.446  0.342  0.184  0.119  0.228  0.287  0.415  0.412  0.458  0.575  0.421  0.219 -0.039 -0.262 -0.419 -0.246 -0.230 -0.438 -0.465 -0.539 -0.593 -0.548 -0.464 -0.190  0.078  0.298  0.414  0.356  0.286  0.041 -0.329 -0.566 -0.596 -0.558
 -0.474 -0.450 -0.415 -0.299  0.025  0.061  0.169  0.126  0.098  0.046  0.084  0.021  0.093 -0.124 -0.083 -0.250 -0.252 -0.334 -0.374 -0.209 -0.004  0.274  0.478  0.676  0.651  0.638  0.847  1.000  0.787  0.701  0.755  0.659  0.517  0.492  0.578  0.542  0.525  0.554  0.450  0.412  0.493  0.266  0.279  0.153 -0.016 -0.027  0.063  0.113  0.245  0.255  0.351  0.485  0.388  0.185 -0.025 -0.266 -0.394 -0.254 -0.291 -0.472 -0.506 -0.552 -0.587 -0.566 -0.541 -0.320 -0.077  0.129  0.284  0.242  0.200  0.008 -0.248 -0.434 -0.462 -0.426
 -0.355 -0.297 -0.291 -0.169  0.072  0.075  0.135  0.073  0.069  0.054  0.125  0.109  0.174  0.001  0.017 -0.162 -0.212 -0.303 -0.368 -0.272 -0.122  0.094  0.235  0.401  0.489  0.611  0.624  0.787  1.000  0.821  0.710  0.770  0.693  0.561  0.561  0.441  0.338  0.339  0.217  0.222  0.306  0.124  0.131  0.003 -0.132 -0.105 -0.058 -0.039  0.050  0.044  0.115  0.246  0.166 -0.025 -0.188 -0.351 -0.428 -0.349 -0.374 -0.470 -0.479 -0.470 -0.463 -0.408 -0.423 -0.240 -0.105  0.043  0.163  0.102  0.060 -0.035 -0.149 -0.259 -0.274 -0.247
 -0.463 -0.367 -0.269 -0.065  0.238  0.269  0.290  0.172  0.156  0.151  0.254  0.238  0.263  0.039  0.010 -0.244 -0.328 -0.460 -0.510 -0.437 -0.292 -0.051  0.180  0.342  0.294  0.493  0.686  0.701  0.821  1.000  0.880  0.793  0.777  0.766  0.750  0.681  0.547  0.520  0.409  0.412  0.497  0.303  0.303  0.188  0.022  0.005  0.088  0.091  0.185  0.126  0.150  0.243  0.121 -0.085 -0.300 -0.448 -0.530 -0.414 -0.379 -0.506 -0.508 -0.518 -0.516 -0.413 -0.370 -0.100  0.075  0.267  0.372  0.315  0.241  0.072 -0.227 -0.468 -0.492 -0.457
 -0.493 -0.419 -0.323 -0.132  0.182  0.228  0.285  0.186  0.168  0.142  0.224  0.180  0.206 -0.025 -0.056 -0.281 -0.353 -0.468 -0.503 -0.413 -0.273 -0.045  0.184  0.364  0.285  0.393  0.685  0.755  0.710  0.880  1.000  0.857  0.752  0.789  0.846  0.790  0.695  0.643  0.541  0.517  0.556  0.358  0.321  0.198  0.013 -0.004  0.092  0.102  0.208  0.151  0.187  0.263  0.151 -0.044 -0.259 -0.425 -0.505 -0.374 -0.347 -0.494 -0.516 -0.542 -0.554 -0.469 -0.426 -0.157  0.046  0.257  0.382  0.349  0.291  0.104 -0.234 -0.509 -0.539 -0.501
 -0.375 -0.304 -0.262 -0.112  0.122  0.138  0.185  0.114  0.116  0.104  0.183  0.162  0.199  0.010 -0.015 -0.198 -0.280 -0.376 -0.425 -0.364 -0.263 -0.100  0.056  0.243  0.236  0.329  0.508  0.659  0.770  0.793  0.857  1.000  0.884  0.762  0.775  0.602  0.437  0.393  0.279  0.285  0.348  0.158  0.139  0.028 -0.106 -0.070 -0.017 -0.019  0.051  0.003  0.047  0.140  0.055 -0.129 -0.288 -0.418 -0.465 -0.382 -0.375 -0.467 -0.475 -0.459 -0.449 -0.373 -0.375 -0.175 -0.044  0.102  0.209  0.152  0.116  0.006 -0.142 -0.309 -0.320 -0.287
 -0.314 -0.229 -0.174 -0.016  0.180  0.191  0.188  0.104  0.113  0.134  0.227  0.230  0.245  0.081  0.040 -0.153 -0.254 -0.358 -0.413 -0.384 -0.303 -0.169 -0.033  0.148  0.137  0.238  0.402  0.517  0.693  0.777  0.752  0.884  1.000  0.866  0.762  0.587  0.324  0.269  0.165  0.193  0.293  0.095  0.096  0.011 -0.099 -0.061 -0.021 -0.040  0.011 -0.047 -0.017  0.072 -0.014 -0.191 -0.333 -0.430 -0.464 -0.401 -0.380 -0.445 -0.432 -0.395 -0.368 -0.274 -0.275 -0.087  0.003  0.117  0.199  0.137  0.094 -0.003 -0.133 -0.275 -0.281 -0.252
 -0.373 -0.283 -0.188  0.004  0.227  0.268  0.260  0.158  0.161  0.178  0.281  0.272  0.260  0.080  0.013 -0.204 -0.310 -0.424 -0.466 -0.435 -0.346 -0.188 -0.014  0.152  0.094  0.188  0.434  0.492  0.561  0.766  0.789  0.762  0.866  1.000  0.907  0.798  0.536  0.441  0.361  0.360  0.440  0.233  0.211  0.122 -0.023 -0.027  0.042  0.030  0.102  0.029  0.042  0.099 -0.008 -0.179 -0.344 -0.443 -0.485 -0.399 -0.353 -0.445 -0.436 -0.423 -0.404 -0.298 -0.269 -0.047  0.075  0.231  0.321  0.297  0.243  0.094 -0.186 -0.413 -0.433 -0.398
 -0.449 -0.370 -0.268 -0.072  0.201  0.255  0.285  0.189  0.181  0.167  0.261  0.226  0.228  0.017 -0.039 -0.261 -0.351 -0.463 -0.494 -0.435 -0.326 -0.134  0.060  0.228  0.153  0.230  0.512  0.578  0.561  0.750  0.846  0.775  0.762  0.907  1.000  0.901  0.702  0.585  0.502  0.497  0.543  0.337  0.290  0.182  0.003 -0.015  0.076  0.074  0.167  0.094  0.118  0.171  0.060 -0.115 -0.304 -0.434 -0.492 -0.378 -0.336 -0.462 -0.473 -0.489 -0.487 -0.393 -0.354 -0.108  0.065  0.267  0.389  0.382  0.330  0.151 -0.197 -0.483 -0.518 -0.481
 -0.487 -0.422 -0.298 -0.106  0.191  0.267  0.303  0.209  0.182  0.154  0.227  0.178  0.166 -0.048 -0.095 -0.314 -0.377 -0.475 -0.483 -0.410 -0.293 -0.076  0.129  0.260  0.158  0.232  0.532  0.542  0.441  0.681  0.790  0.602  0.587  0.798  0.901  1.000  0.847  0.702  0.621  0.612  0.626  0.451  0.389  0.286  0.091  0.033  0.146  0.153  0.260  0.190  0.205  0.226  0.120 -0.031 -0.235 -0.373 -0.441 -0.304 -0.256 -0.405 -0.430 -0.482 -0.504 -0.422 -0.349 -0.091  0.113  0.340  0.457  0.483  0.420  0.222 -0.224 -0.550 -0.602 -0.567
 -0.505 -0.454 -0.327 -0.152  0.154  0.240  0.305  0.228  0.185  0.137  0.184  0.117  0.108 -0.108 -0.144 -0.343 -0.382 -0.465 -0.451 -0.361 -0.242 -0.010  0.225  0.296  0.178  0.279  0.565  0.525  0.338  0.547  0.695  0.437  0.324  0.536  0.702  0.847  1.000  0.880  0.767  0.694  0.627  0.540  0.455  0.348  0.148  0.062  0.186  0.218  0.333  0.276  0.284  0.271  0.165  0.047 -0.159 -0.297 -0.375 -0.223 -0.171 -0.333 -0.380 -0.464 -0.512 -0.449 -0.360 -0.107  0.120  0.355  0.463  0.502  0.438  0.244 -0.238 -0.568 -0.620 -0.588
 -0.535 -0.489 -0.365 -0.198  0.132  0.228  0.325  0.255  0.194  0.125  0.164  0.081  0.078 -0.154 -0.170 -0.366 -0.394 -0.469 -0.444 -0.335 -0.205  0.056  0.325  0.381  0.233  0.354  0.643  0.554  0.339  0.520  0.643  0.393  0.269  0.441  0.585  0.702  0.880  1.000  0.868  0.677  0.661  0.594  0.519  0.398  0.197  0.097  0.227  0.273  0.400  0.356  0.361  0.348  0.232  0.116 -0.107 -0.263 -0.352 -0.184 -0.136 -0.315 -0.373 -0.476 -0.541 -0.487 -0.387 -0.125  0.124  0.373  0.476  0.502  0.428  0.187 -0.288 -0.591 -0.638 -0.602
 -0.493 -0.457 -0.337 -0.179  0.127  0.232  0.348  0.276  0.205  0.123  0.156  0.066  0.057 -0.159 -0.174 -0.343 -0.370 -0.428 -0.394 -0.294 -0.180  0.054  0.289  0.313  0.178  0.279  0.543  0.450  0.217  0.409  0.541  0.279  0.165  0.361  0.502  0.621  0.767  0.868  1.000  0.774  0.701  0.669  0.556  0.418  0.205  0.085  0.221  0.262  0.392  0.354  0.343  0.302  0.206  0.123 -0.079 -0.215 -0.290 -0.129 -0.080 -0.249 -0.315 -0.430 -0.495 -0.449 -0.350 -0.106  0.134  0.385  0.500  0.563  0.519  0.263 -0.239 -0.575 -0.644 -0.616
 -0.529 -0.500 -0.342 -0.159  0.183  0.304  0.379  0.291  0.218  0.167  0.188  0.099  0.066 -0.181 -0.218 -0.390 -0.413 -0.475 -0.430 -0.332 -0.204  0.055  0.267  0.302  0.174  0.236  0.474  0.412  0.222  0.412  0.517  0.285  0.193  0.360  0.497  0.612  0.694  0.677  0.774  1.000  0.834  0.753  0.615  0.476  0.239  0.096  0.245  0.287  0.427  0.386  0.372  0.327  0.232  0.147 -0.077 -0.224 -0.306 -0.125 -0.066 -0.258 -0.324 -0.455 -0.524 -0.465 -0.338 -0.064  0.202  0.457  0.609  0.692  0.698  0.463 -0.163 -0.609 -0.695 -0.684
 -0.590 -0.552 -0.378 -0.166  0.229  0.363  0.417  0.313  0.234  0.185  0.222  0.137  0.091 -0.196 -0.238 -0.443 -0.454 -0.526 -0.477 -0.370 -0.227  0.081  0.333  0.405  0.234  0.279  0.567  0.493  0.306  0.497  0.556  0.348  0.293  0.440  0.543  0.626  0.627  0.661  0.701  0.834  1.000  0.768  0.696  0.565  0.317  0.150  0.314  0.366  0.522  0.474  0.462  0.429  0.304  0.192 -0.070 -0.244 -0.351 -0.145 -0.076 -0.299 -0.352 -0.489 -0.569 -0.503 -0.347 -0.042  0.267  0.553  0.712  0.753  0.710  0.369 -0.269 -0.677 -0.759 -0.736
 -0.502 -0.454 -0.271 -0.059  0.289  0.405  0.463  0.334  0.244  0.185  0.243  0.169  0.121 -0.141 -0.205 -0.395 -0.427 -0.491 -0.435 -0.370 -0.276 -0.029  0.221  0.185  0.050  0.197  0.389  0.266  0.124  0.303  0.358  0.158  0.095  0.233  0.337  0.451  0.540  0.594  0.669  0.753  0.768  1.000  0.828  0.640  0.379  0.160  0.316  0.370  0.518  0.467  0.376  0.246  0.137  0.103 -0.117 -0.208 -0.272 -0.104  0.003 -0.159 -0.222 -0.374 -0.445 -0.369 -0.216  0.067  0.339  0.604  0.725  0.807  0.691  0.445 -0.212 -0.614 -0.698 -0.687
 -0.537 -0.484 -0.278 -0.045  0.331  0.451  0.473  0.329  0.248  0.191  0.264  0.200  0.139 -0.146 -0.230 -0.440 -0.462 -0.538 -0.473 -0.406 -0.302  0.009  0.319  0.279  0.082  0.243  0.446  0.279  0.131  0.303  0.321  0.139  0.096  0.211  0.290  0.389  0.455  0.519  0.556  0.615  0.696  0.828  1.000  0.839  0.577  0.298  0.460  0.519  0.677  0.625  0.509  0.382  0.223  0.164 -0.096 -0.202 -0.301 -0.102  0.027 -0.171 -0.209 -0.357 -0.442 -0.358 -0.173  0.133  0.445  0.715  0.759  0.743  0.606  0.308 -0.308 -0.670 -0.729 -0.706
 -0.490 -0.452 -0.218 -0.012  0.322  0.446  0.421  0.294  0.215  0.165  0.216  0.163  0.078 -0.188 -0.285 -0.476 -0.454 -0.502 -0.409 -0.365 -0.297  0.006  0.290  0.242  0.006  0.139  0.342  0.153  0.003  0.188  0.198  0.028  0.011  0.122  0.182  0.286  0.348  0.398  0.418  0.476  0.565  0.640  0.839  1.000  0.818  0.509  0.662  0.711  0.746  0.634  0.517  0.388  0.249  0.207 -0.046 -0.135 -0.225 -0.029  0.108 -0.075 -0.096 -0.233 -0.332 -0.259 -0.039  0.237  0.542  0.763  0.699  0.647  0.516  0.211 -0.347 -0.654 -0.691 -0.663
 -0.337 -0.312 -0.118  0.013  0.230  0.319  0.252  0.166  0.105  0.082  0.108  0.091  0.006 -0.172 -0.269 -0.410 -0.358 -0.373 -0.264 -0.263 -0.253 -0.018  0.220  0.149 -0.089  0.030  0.184 -0.016 -0.132  0.022  0.013 -0.106 -0.099 -0.023  0.003  0.091  0.148  0.197  0.205  0.239  0.317  0.379  0.577  0.818  1.000  0.732  0.704  0.711  0.606  0.551  0.437  0.308  0.191  0.186  0.001 -0.023 -0.106  0.041  0.184  0.058  0.080 -0.014 -0.129 -0.089  0.141  0.317  0.509  0.595  0.470  0.397  0.299  0.064 -0.297 -0.475 -0.496 -0.475
 -0.226 -0.216 -0.069  0.007  0.138  0.197  0.142  0.098  0.062  0.041  0.056  0.042 -0.011 -0.128 -0.189 -0.288 -0.238 -0.249 -0.176 -0.183 -0.191 -0.032  0.138  0.112 -0.086 -0.008  0.119 -0.027 -0.105  0.005 -0.004 -0.070 -0.061 -0.027 -0.015  0.033  0.062  0.097  0.085  0.096  0.150  0.160  0.298  0.509  0.732  1.000  0.774  0.586  0.405  0.345  0.288  0.227  0.150  0.123 -0.010 -0.030 -0.085  0.014  0.110  0.033  0.050 -0.001 -0.081 -0.066  0.076  0.185  0.336  0.385  0.265  0.178  0.119 -0.055 -0.245 -0.325 -0.327 -0.306
 -0.350 -0.338 -0.149 -0.040  0.178  0.269  0.237  0.167  0.116  0.078  0.100  0.067  0.008 -0.175 -0.242 -0.380 -0.324 -0.350 -0.260 -0.242 -0.219  0.009  0.227  0.202 -0.032  0.056  0.228  0.063 -0.058  0.088  0.092 -0.017 -0.021  0.042  0.076  0.146  0.186  0.227  0.221  0.245  0.314  0.316  0.460  0.662  0.704  0.774  1.000  0.779  0.598  0.457  0.380  0.325  0.233  0.189 -0.001 -0.060 -0.130  0.017  0.124 -0.005 -0.015 -0.109 -0.206 -0.179 -0.007  0.156  0.369  0.501  0.411  0.340  0.262  0.030 -0.304 -0.474 -0.486 -0.458
 -0.405 -0.405 -0.208 -0.099  0.155  0.245  0.217  0.153  0.106  0.077  0.085  0.037 -0.026 -0.228 -0.290 -0.424 -0.359 -0.385 -0.289 -0.237 -0.184  0.091  0.338  0.294  0.042  0.114  0.287  0.113 -0.039  0.091  0.102 -0.019 -0.040  0.030  0.074  0.153  0.218  0.273  0.262  0.287  0.366  0.370  0.519  0.711  0.711  0.586  0.779  1.000  0.814  0.644  0.524  0.444  0.315  0.274  0.054 -0.036 -0.131  0.049  0.168 -0.004 -0.027 -0.150 -0.264 -0.243 -0.055  0.136  0.366  0.481  0.434  0.390  0.314  0.069 -0.329 -0.508 -0.528 -0.503
 -0.516 -0.509 -0.294 -0.151  0.183  0.293  0.291  0.206  0.150  0.111  0.126  0.060 -0.006 -0.260 -0.318 -0.479 -0.426 -0.460 -0.352 -0.260 -0.164  0.176  0.465  0.416  0.155  0.215  0.415  0.245  0.050  0.185  0.208  0.051  0.011  0.102  0.167  0.260  0.333  0.400  0.392  0.427  0.522  0.518  0.677  0.746  0.606  0.405  0.598  0.814  1.000  0.834  0.683  0.572  0.408  0.370  0.106 -0.026 -0.145  0.084  0.202 -0.032 -0.087 -0.263 -0.398 -0.370 -0.163  0.087  0.374  0.543  0.553  0.534  0.441  0.145 -0.361 -0.620 -0.654 -0.624
 -0.495 -0.505 -0.333 -0.238  0.075  0.176  0.188  0.141  0.085  0.051  0.030 -0.042 -0.102 -0.330 -0.360 -0.477 -0.395 -0.403 -0.281 -0.163 -0.053  0.311  0.571  0.495  0.247  0.259  0.412  0.255  0.044  0.126  0.151  0.003 -0.047  0.029  0.094  0.190  0.276  0.356  0.354  0.386  0.474  0.467  0.625  0.634  0.551  0.345  0.457  0.644  0.834  1.000  0.861  0.693  0.513  0.506  0.241  0.090 -0.051  0.191  0.292  0.039 -0.021 -0.214 -0.387 -0.393 -0.183  0.024  0.302  0.426  0.460  0.450  0.382  0.102 -0.332 -0.543 -0.590 -0.568
 -0.511 -0.564 -0.409 -0.353 -0.020  0.084  0.126  0.120  0.064  0.021 -0.042 -0.141 -0.184 -0.416 -0.396 -0.483 -0.352 -0.340 -0.212 -0.049  0.095  0.484  0.681  0.635  0.403  0.319  0.458  0.351  0.115  0.150  0.187  0.047 -0.017  0.042  0.118  0.205  0.284  0.361  0.343  0.372  0.462  0.376  0.509  0.517  0.437  0.288  0.380  0.524  0.683  0.861  1.000  0.865  0.721  0.685  0.400  0.173  0.013  0.276  0.304  0.019 -0.065 -0.268 -0.453 -0.497 -0.285 -0.097  0.203  0.328  0.390  0.378  0.334  0.042 -0.337 -0.514 -0.563 -0.541
 -0.488 -0.554 -0.447 -0.407 -0.074  0.017  0.084  0.091  0.046 -0.003 -0.062 -0.161 -0.164 -0.383 -0.321 -0.400 -0.258 -0.261 -0.182  0.016  0.215  0.618  0.791  0.798  0.581  0.457  0.575  0.485  0.246  0.243  0.263  0.140  0.072  0.099  0.171  0.226  0.271  0.348  0.302  0.327  0.429  0.246  0.382  0.388  0.308  0.227  0.325  0.444  0.572  0.693  0.865  1.000  0.851  0.713  0.429  0.139 -0.046  0.195  0.147 -0.134 -0.205 -0.362 -0.507 -0.558 -0.398 -0.218  0.077  0.219  0.307  0.272  0.238 -0.037 -0.338 -0.475 -0.514 -0.486
 -0.386 -0.506 -0.438 -0.489 -0.218 -0.145 -0.043  0.014 -0.028 -0.092 -0.209 -0.325 -0.310 -0.476 -0.358 -0.362 -0.157 -0.089  0.018  0.230  0.389  0.712  0.711  0.724  0.575  0.375  0.421  0.388  0.166  0.121  0.151  0.055 -0.014 -0.008  0.060  0.120  0.165  0.232  0.206  0.232  0.304  0.137  0.223  0.249  0.191  0.150  0.233  0.315  0.408  0.513  0.721  0.851  1.000  0.858  0.618  0.321  0.179  0.383  0.258  0.021 -0.087 -0.255 -0.411 -0.517 -0.373 -0.296 -0.033  0.071  0.156  0.138  0.133 -0.092 -0.276 -0.327 -0.367 -0.347
 -0.283 -0.443 -0.390 -0.508 -0.312 -0.243 -0.144 -0.051 -0.098 -0.160 -0.317 -0.431 -0.436 -0.549 -0.431 -0.351 -0.098  0.035  0.198  0.401  0.504  0.758  0.659  0.570  0.456  0.240  0.219  0.185 -0.025 -0.085 -0.044 -0.129 -0.191 -0.179 -0.115 -0.031  0.047  0.116  0.123  0.147  0.192  0.103  0.164  0.207  0.186  0.123  0.189  0.274  0.370  0.506  0.685  0.713  0.858  1.000  0.825  0.559  0.434  0.624  0.477  0.262  0.128 -0.081 -0.263 -0.406 -0.250 -0.266 -0.054  0.001  0.062  0.079  0.095 -0.089 -0.214 -0.220 -0.268 -0.261
 -0.017 -0.207 -0.249 -0.461 -0.436 -0.412 -0.320 -0.182 -0.208 -0.255 -0.431 -0.509 -0.496 -0.482 -0.344 -0.146  0.133  0.321  0.488  0.650  0.671  0.710  0.466  0.349  0.336  0.068 -0.039 -0.025 -0.188 -0.300 -0.259 -0.288 -0.333 -0.344 -0.304 -0.235 -0.159 -0.107 -0.079 -0.077 -0.070 -0.117 -0.096 -0.046  0.001 -0.010 -0.001  0.054  0.106  0.241  0.400  0.429  0.618  0.825  1.000  0.806  0.687  0.753  0.553  0.441  0.318  0.128 -0.025 -0.205 -0.108 -0.271 -0.197 -0.226 -0.192 -0.147 -0.092 -0.150 -0.065  0.044  0.002 -0.007
  0.170  0.014 -0.063 -0.291 -0.408 -0.407 -0.375 -0.256 -0.266 -0.275 -0.419 -0.439 -0.449 -0.351 -0.262 -0.034  0.211  0.412  0.614  0.633  0.542  0.455  0.224  0.054  0.076 -0.109 -0.262 -0.266 -0.351 -0.448 -0.425 -0.418 -0.430 -0.443 -0.434 -0.373 -0.297 -0.263 -0.215 -0.224 -0.244 -0.208 -0.202 -0.135 -0.023 -0.030 -0.060 -0.036 -0.026  0.090  0.173  0.139  0.321  0.559  0.806  1.000  0.838  0.762  0.670  0.658  0.600  0.387  0.231  0.053  0.129 -0.125 -0.180 -0.272 -0.301 -0.237 -0.174 -0.147  0.035  0.183  0.148  0.129
  0.272  0.101  0.017 -0.249 -0.446 -0.462 -0.423 -0.287 -0.293 -0.307 -0.465 -0.482 -0.493 -0.341 -0.253  0.022  0.236  0.479  0.685  0.690  0.506  0.335  0.041 -0.122 -0.053 -0.230 -0.419 -0.394 -0.428 -0.530 -0.505 -0.465 -0.464 -0.485 -0.492 -0.441 -0.375 -0.352 -0.290 -0.306 -0.351 -0.272 -0.301 -0.225 -0.106 -0.085 -0.130 -0.131 -0.145 -0.051  0.013 -0.046  0.179  0.434  0.687  0.838  1.000  0.857  0.693  0.762  0.619  0.449  0.339  0.163  0.193 -0.101 -0.208 -0.344 -0.389 -0.320 -0.235 -0.150  0.112  0.310  0.294  0.269
  0.043 -0.136 -0.105 -0.323 -0.394 -0.367 -0.317 -0.194 -0.215 -0.246 -0.419 -0.477 -0.514 -0.464 -0.388 -0.186  0.039  0.267  0.501  0.563  0.424  0.413  0.202  0.055  0.037 -0.137 -0.246 -0.254 -0.349 -0.414 -0.374 -0.382 -0.401 -0.399 -0.378 -0.304 -0.223 -0.184 -0.129 -0.125 -0.145 -0.104 -0.102 -0.029  0.041  0.014  0.017  0.049  0.084  0.191  0.276  0.195  0.383  0.624  0.753  0.762  0.857  1.000  0.840  0.734  0.530  0.306  0.161 -0.003  0.089 -0.103 -0.099 -0.185 -0.209 -0.146 -0.079 -0.118 -0.013  0.091  0.075  0.063
 -0.011 -0.137 -0.039 -0.198 -0.259 -0.222 -0.219 -0.150 -0.165 -0.171 -0.310 -0.347 -0.418 -0.397 -0.384 -0.259 -0.080  0.111  0.344  0.361  0.204  0.223  0.133 -0.023 -0.098 -0.178 -0.230 -0.291 -0.374 -0.379 -0.347 -0.375 -0.380 -0.353 -0.336 -0.256 -0.171 -0.136 -0.080 -0.066 -0.076  0.003  0.027  0.108  0.184  0.110  0.124  0.168  0.202  0.292  0.304  0.147  0.258  0.477  0.553  0.670  0.693  0.840  1.000  0.824  0.678  0.393  0.214  0.073  0.204  0.044  0.049 -0.033 -0.087 -0.025  0.014 -0.060 -0.059 -0.014 -0.029 -0.037
  0.221  0.107  0.112 -0.097 -0.302 -0.306 -0.319 -0.229 -0.238 -0.229 -0.357 -0.350 -0.409 -0.282 -0.267 -0.086  0.059  0.268  0.470  0.425  0.207  0.095 -0.078 -0.254 -0.242 -0.298 -0.438 -0.472 -0.470 -0.506 -0.494 -0.467 -0.445 -0.445 -0.462 -0.405 -0.333 -0.315 -0.249 -0.258 -0.299 -0.159 -0.171 -0.075  0.058  0.033 -0.005 -0.004 -0.032  0.039  0.019 -0.134  0.021  0.262  0.441  0.658  0.762  0.734  0.824  1.000  0.837  0.587  0.439  0.288  0.350  0.088 -0.028 -0.175 -0.269 -0.207 -0.150 -0.096  0.069  0.214  0.208  0.190
  0.303  0.243  0.202  0.006 -0.240 -0.267 -0.329 -0.261 -0.264 -0.222 -0.320 -0.267 -0.327 -0.165 -0.162  0.012  0.123  0.278  0.427  0.335  0.138  0.000 -0.149 -0.312 -0.295 -0.326 -0.465 -0.506 -0.479 -0.508 -0.516 -0.475 -0.432 -0.436 -0.473 -0.430 -0.380 -0.373 -0.315 -0.324 -0.352 -0.222 -0.209 -0.096  0.080  0.050 -0.015 -0.027 -0.087 -0.021 -0.065 -0.205 -0.087  0.128  0.318  0.600  0.619  0.530  0.678  0.837  1.000  0.794  0.590  0.421  0.505  0.180  0.007 -0.160 -0.283 -0.231 -0.182 -0.101  0.097  0.252  0.241  0.220
  0.509  0.457  0.361  0.124 -0.230 -0.300 -0.380 -0.302 -0.299 -0.245 -0.320 -0.221 -0.255 -0.005  0.006  0.215  0.265  0.366  0.417  0.272  0.088 -0.131 -0.296 -0.421 -0.360 -0.379 -0.539 -0.552 -0.470 -0.518 -0.542 -0.459 -0.395 -0.423 -0.489 -0.482 -0.464 -0.476 -0.430 -0.455 -0.489 -0.374 -0.357 -0.233 -0.014 -0.001 -0.109 -0.150 -0.263 -0.214 -0.268 -0.362 -0.255 -0.081  0.128  0.387  0.449  0.306  0.393  0.587  0.794  1.000  0.803  0.605  0.609  0.233 -0.044 -0.257 -0.399 -0.366 -0.304 -0.137  0.177  0.397  0.406  0.381
  0.685  0.637  0.538  0.292 -0.168 -0.272 -0.378 -0.313 -0.302 -0.232 -0.273 -0.138 -0.147  0.176  0.203  0.438  0.425  0.454  0.403  0.228  0.064 -0.235 -0.418 -0.516 -0.409 -0.419 -0.593 -0.587 -0.463 -0.516 -0.554 -0.449 -0.368 -0.404 -0.487 -0.504 -0.512 -0.541 -0.495 -0.524 -0.569 -0.445 -0.442 -0.332 -0.129 -0.081 -0.206 -0.264 -0.398 -0.387 -0.453 -0.507 -0.411 -0.263 -0.025  0.231  0.339  0.161  0.214  0.439  0.590  0.803  1.000  0.838  0.659  0.305 -0.056 -0.300 -0.451 -0.426 -0.367 -0.133  0.234  0.470  0.494  0.468
  0.601  0.663  0.630  0.508  0.044 -0.070 -0.241 -0.239 -0.220 -0.129 -0.096  0.069  0.043  0.344  0.297  0.415  0.311  0.294  0.237  0.036 -0.119 -0.391 -0.493 -0.574 -0.492 -0.420 -0.548 -0.566 -0.408 -0.413 -0.469 -0.373 -0.274 -0.298 -0.393 -0.422 -0.449 -0.487 -0.449 -0.465 -0.503 -0.369 -0.358 -0.259 -0.089 -0.066 -0.179 -0.243 -0.370 -0.393 -0.497 -0.558 -0.517 -0.406 -0.205  0.053  0.163 -0.003  0.073  0.288  0.421  0.605  0.838  1.000  0.798  0.506  0.104 -0.156 -0.333 -0.327 -0.295 -0.078  0.211  0.376  0.417  0.393
  0.374  0.426  0.515  0.487  0.162  0.084 -0.126 -0.162 -0.151 -0.058 -0.038  0.102  0.018  0.207  0.108  0.134  0.115  0.128  0.168 -0.015 -0.178 -0.345 -0.380 -0.487 -0.493 -0.397 -0.464 -0.541 -0.423 -0.370 -0.426 -0.375 -0.275 -0.269 -0.354 -0.349 -0.360 -0.387 -0.350 -0.338 -0.347 -0.216 -0.173 -0.039  0.141  0.076 -0.007 -0.055 -0.163 -0.183 -0.285 -0.398 -0.373 -0.250 -0.108  0.129  0.193  0.089  0.204  0.350  0.505  0.609  0.659  0.798  1.000  0.704  0.342  0.062 -0.143 -0.153 -0.145 -0.040  0.103  0.192  0.207  0.186
  0.074  0.167  0.423  0.633  0.494  0.458  0.199  0.037  0.061  0.157  0.247  0.340  0.231  0.262  0.101 -0.030 -0.101 -0.176 -0.147 -0.297 -0.378 -0.399 -0.272 -0.330 -0.429 -0.257 -0.190 -0.320 -0.240 -0.100 -0.157 -0.175 -0.087 -0.047 -0.108 -0.091 -0.107 -0.125 -0.106 -0.064 -0.042  0.067  0.133  0.237  0.317  0.185  0.156  0.136  0.087  0.024 -0.097 -0.218 -0.296 -0.266 -0.271 -0.125 -0.101 -0.103  0.044  0.088  0.180  0.233  0.305  0.506  0.704  1.000  0.717  0.404  0.195  0.144  0.083  0.063 -0.055 -0.147 -0.130 -0.134
 -0.232 -0.143  0.181  0.448  0.619  0.602  0.385  0.200  0.180  0.223  0.297  0.323  0.225  0.077 -0.049 -0.256 -0.298 -0.374 -0.324 -0.373 -0.376 -0.240 -0.029 -0.058 -0.242 -0.094  0.078 -0.077 -0.105  0.075  0.046 -0.044  0.003  0.075  0.065  0.113  0.120  0.124  0.134  0.202  0.267  0.339  0.445  0.542  0.509  0.336  0.369  0.366  0.374  0.302  0.203  0.077 -0.033 -0.054 -0.197 -0.180 -0.208 -0.099  0.049 -0.028  0.007 -0.044 -0.056  0.104  0.342  0.717  1.000  0.721  0.527  0.426  0.315  0.132 -0.221 -0.439 -0.440 -0.425
 -0.452 -0.353 -0.089  0.214  0.556  0.683  0.611  0.420  0.328  0.276  0.385  0.364  0.265 -0.009 -0.150 -0.394 -0.445 -0.537 -0.481 -0.486 -0.424 -0.177  0.116  0.111 -0.102  0.064  0.298  0.129  0.043  0.267  0.257  0.102  0.117  0.231  0.267  0.340  0.355  0.373  0.385  0.457  0.553  0.604  0.715  0.763  0.595  0.385  0.501  0.481  0.543  0.426  0.328  0.219  0.071  0.001 -0.226 -0.272 -0.344 -0.185 -0.033 -0.175 -0.160 -0.257 -0.300 -0.156  0.062  0.404  0.721  1.000  0.845  0.695  0.521  0.208 -0.334 -0.662 -0.676 -0.645
 -0.538 -0.449 -0.222  0.073  0.503  0.632  0.616  0.422  0.320  0.267  0.381  0.328  0.260 -0.053 -0.166 -0.416 -0.467 -0.562 -0.520 -0.472 -0.362 -0.079  0.208  0.232  0.040  0.164  0.414  0.284  0.163  0.372  0.382  0.209  0.199  0.321  0.389  0.457  0.463  0.476  0.500  0.609  0.712  0.725  0.759  0.699  0.470  0.265  0.411  0.434  0.553  0.460  0.390  0.307  0.156  0.062 -0.192 -0.301 -0.389 -0.209 -0.087 -0.269 -0.283 -0.399 -0.451 -0.333 -0.143  0.195  0.527  0.845  1.000  0.849  0.673  0.318 -0.297 -0.697 -0.742 -0.717
 -0.505 -0.434 -0.225  0.030  0.395  0.523  0.494  0.331  0.254  0.238  0.316  0.268  0.196 -0.084 -0.186 -0.399 -0.441 -0.519 -0.467 -0.418 -0.314 -0.052  0.196  0.192  0.037  0.134  0.356  0.242  0.102  0.315  0.349  0.152  0.137  0.297  0.382  0.483  0.502  0.502  0.563  0.692  0.753  0.807  0.743  0.647  0.397  0.178  0.340  0.390  0.534  0.450  0.378  0.272  0.138  0.079 -0.147 -0.237 -0.320 -0.146 -0.025 -0.207 -0.231 -0.366 -0.426 -0.327 -0.153  0.144  0.426  0.695  0.849  1.000  0.828  0.485 -0.212 -0.663 -0.732 -0.716
 -0.428 -0.390 -0.227 -0.039  0.255  0.377  0.349  0.250  0.176  0.190  0.204  0.157  0.079 -0.145 -0.221 -0.374 -0.394 -0.437 -0.373 -0.326 -0.248 -0.029  0.166  0.162  0.027  0.084  0.286  0.200  0.060  0.241  0.291  0.116  0.094  0.243  0.330  0.420  0.438  0.428  0.519  0.698  0.710  0.691  0.606  0.516  0.299  0.119  0.262  0.314  0.441  0.382  0.334  0.238  0.133  0.095 -0.092 -0.174 -0.235 -0.079  0.014 -0.150 -0.182 -0.304 -0.367 -0.295 -0.145  0.083  0.315  0.521  0.673  0.828  1.000  0.684 -0.003 -0.542 -0.649 -0.656
 -0.139 -0.108 -0.045  0.047  0.145  0.187  0.152  0.082  0.042  0.095  0.106  0.112  0.074  0.005 -0.048 -0.111 -0.156 -0.202 -0.195 -0.201 -0.170 -0.119 -0.038 -0.069 -0.087 -0.031  0.041  0.008 -0.035  0.072  0.104  0.006 -0.003  0.094  0.151  0.222  0.244  0.187  0.263  0.463  0.369  0.445  0.308  0.211  0.064 -0.055  0.030  0.069  0.145  0.102  0.042 -0.037 -0.092 -0.089 -0.150 -0.147 -0.150 -0.118 -0.060 -0.096 -0.101 -0.137 -0.133 -0.078 -0.040  0.063  0.132  0.208  0.318  0.485  0.684  1.000  0.318 -0.157 -0.339 -0.406
  0.288  0.276  0.131  0.035 -0.155 -0.219 -0.277 -0.284 -0.258 -0.147 -0.157 -0.087 -0.060  0.086  0.106  0.223  0.206  0.237  0.197  0.145  0.064 -0.129 -0.278 -0.297 -0.165 -0.199 -0.329 -0.248 -0.149 -0.227 -0.234 -0.142 -0.133 -0.186 -0.197 -0.224 -0.238 -0.288 -0.239 -0.163 -0.269 -0.212 -0.308 -0.347 -0.297 -0.245 -0.304 -0.329 -0.361 -0.332 -0.337 -0.338 -0.276 -0.214 -0.065  0.035  0.112 -0.013 -0.059  0.069  0.097  0.177  0.234  0.211  0.103 -0.055 -0.221 -0.334 -0.297 -0.212 -0.003  0.318  1.000  0.517  0.304  0.189
  0.544  0.496  0.210 -0.027 -0.397 -0.524 -0.544 -0.434 -0.397 -0.327 -0.387 -0.298 -0.233  0.061  0.146  0.395  0.412  0.519  0.460  0.382  0.243 -0.081 -0.382 -0.413 -0.188 -0.292 -0.566 -0.434 -0.259 -0.468 -0.509 -0.309 -0.275 -0.413 -0.483 -0.550 -0.568 -0.591 -0.575 -0.609 -0.677 -0.614 -0.670 -0.654 -0.475 -0.325 -0.474 -0.508 -0.620 -0.543 -0.514 -0.475 -0.327 -0.220  0.044  0.183  0.310  0.091 -0.014  0.214  0.252  0.397  0.470  0.376  0.192 -0.147 -0.439 -0.662 -0.697 -0.663 -0.542 -0.157  0.517  1.000  0.846  0.700
  0.553  0.510  0.252  0.013 -0.399 -0.522 -0.553 -0.429 -0.388 -0.331 -0.377 -0.279 -0.219  0.089  0.167  0.414  0.393  0.501  0.442  0.356  0.205 -0.131 -0.432 -0.447 -0.221 -0.323 -0.596 -0.462 -0.274 -0.492 -0.539 -0.320 -0.281 -0.433 -0.518 -0.602 -0.620 -0.638 -0.644 -0.695 -0.759 -0.698 -0.729 -0.691 -0.496 -0.327 -0.486 -0.528 -0.654 -0.590 -0.563 -0.514 -0.367 -0.268  0.002  0.148  0.294  0.075 -0.029  0.208  0.241  0.406  0.494  0.417  0.207 -0.130 -0.440 -0.676 -0.742 -0.732 -0.649 -0.339  0.304  0.846  1.000  0.914
