  1.000  0.786  0.590  0.292 -0.050 -0.180 -0.336 -0.270 -0.264 -0.311 -0.221 -0.015  0.076  0.385  0.392  0.670  0.718  0.664  0.504  0.293  0.209 -0.144 -0.338 -0.419 -0.232 -0.213 -0.430 -0.456 -0.354 -0.347 -0.411 -0.371 -0.271 -0.256 -0.367 -0.361 -0.358 -0.422 -0.390 -0.407 -0.421 -0.376 -0.421 -0.365 -0.211 -0.054 -0.207 -0.387 -0.491 -0.464 -0.509 -0.525 -0.455 -0.353 -0.134  0.100  0.175 -0.047 -0.076  0.143  0.206  0.400  0.567  0.527  0.336  0.128 -0.081 -0.308 -0.297 -0.341 -0.291 -0.030  0.272  0.383  0.389  0.341
  0.786  1.000  0.669  0.423  0.042 -0.094 -0.310 -0.312 -0.260 -0.216 -0.094  0.068  0.128  0.507  0.557  0.656  0.549  0.512  0.364  0.160  0.050 -0.276 -0.409 -0.513 -0.336 -0.263 -0.489 -0.524 -0.362 -0.362 -0.456 -0.381 -0.255 -0.283 -0.388 -0.386 -0.394 -0.484 -0.457 -0.481 -0.489 -0.418 -0.438 -0.380 -0.202 -0.070 -0.226 -0.406 -0.485 -0.431 -0.524 -0.535 -0.505 -0.444 -0.212  0.075  0.108 -0.127 -0.095  0.125  0.240  0.407  0.539  0.634  0.428  0.217 -0.028 -0.335 -0.331 -0.325 -0.304 -0.074  0.221  0.430  0.470  0.389
  0.590  0.669  1.000  0.705  0.374  0.196 -0.072 -0.206 -0.198 -0.071  0.077  0.284  0.335  0.567  0.520  0.490  0.350  0.194  0.115 -0.088 -0.166 -0.332 -0.352 -0.463 -0.395 -0.244 -0.289 -0.403 -0.230 -0.190 -0.320 -0.261 -0.121 -0.183 -0.292 -0.316 -0.276 -0.319 -0.318 -0.311 -0.286 -0.215 -0.140 -0.060  0.014  0.100  0.003 -0.172 -0.210 -0.204 -0.326 -0.390 -0.380 -0.372 -0.306 -0.065 -0.032 -0.121 -0.061  0.044  0.140  0.297  0.492  0.576  0.501  0.495  0.307  0.043 -0.013 -0.058 -0.059  0.031  0.059  0.080  0.155  0.094
  0.292  0.423  0.705  1.000  0.703  0.520  0.202 -0.039  0.087  0.200  0.449  0.578  0.580  0.659  0.481  0.295  0.192 -0.034 -0.128 -0.309 -0.324 -0.383 -0.341 -0.406 -0.395 -0.171 -0.213 -0.270 -0.106 -0.012 -0.163 -0.153 -0.008  0.002 -0.130 -0.135 -0.136 -0.214 -0.238 -0.197 -0.148 -0.094  0.037  0.074  0.050  0.086 -0.035 -0.151 -0.109 -0.124 -0.223 -0.337 -0.374 -0.388 -0.411 -0.221 -0.193 -0.226 -0.133 -0.076 -0.020  0.057  0.284  0.426  0.436  0.660  0.513  0.235  0.184  0.151  0.080  0.118 -0.025 -0.107 -0.029 -0.114
 -0.050  0.042  0.374  0.703  1.000  0.809  0.467  0.193  0.225  0.334  0.553  0.644  0.667  0.475  0.376  0.074 -0.013 -0.334 -0.441 -0.521 -0.458 -0.339 -0.164 -0.151 -0.225 -0.029  0.099  0.019  0.113  0.273  0.164  0.115  0.224  0.229  0.170  0.152  0.141  0.093  0.048  0.139  0.168  0.204  0.333  0.355  0.201  0.186  0.181  0.069  0.129  0.091  0.040 -0.112 -0.134 -0.247 -0.432 -0.371 -0.407 -0.329 -0.222 -0.266 -0.215 -0.262 -0.109  0.044  0.164  0.490  0.689  0.541  0.538  0.421  0.315  0.217 -0.141 -0.389 -0.366 -0.438
 -0.180 -0.094  0.196  0.520  0.809  1.000  0.704  0.419  0.418  0.531  0.691  0.633  0.516  0.296  0.239 -0.015 -0.134 -0.388 -0.496 -0.556 -0.432 -0.251 -0.063 -0.038 -0.142 -0.035  0.158  0.056  0.049  0.232  0.194  0.062  0.145  0.216  0.185  0.204  0.206  0.166  0.153  0.325  0.371  0.362  0.471  0.452  0.204  0.149  0.218  0.120  0.248  0.196  0.141  0.020 -0.061 -0.171 -0.375 -0.351 -0.411 -0.299 -0.232 -0.303 -0.286 -0.359 -0.266 -0.120  0.017  0.381  0.608  0.651  0.686  0.550  0.440  0.252 -0.229 -0.530 -0.485 -0.524
 -0.336 -0.310 -0.072  0.202  0.467  0.704  1.000  0.788  0.618  0.516  0.591  0.397  0.335  0.064  0.009 -0.156 -0.246 -0.391 -0.452 -0.442 -0.303 -0.176 -0.029  0.061 -0.054 -0.039  0.258  0.176  0.101  0.259  0.297  0.170  0.190  0.318  0.315  0.314  0.294  0.266  0.318  0.417  0.503  0.490  0.529  0.439  0.173  0.040  0.134  0.133  0.308  0.255  0.208  0.122 -0.018 -0.099 -0.248 -0.293 -0.316 -0.212 -0.160 -0.227 -0.298 -0.368 -0.338 -0.235 -0.145  0.121  0.368  0.675  0.677  0.554  0.425  0.125 -0.271 -0.598 -0.571 -0.554
 -0.270 -0.312 -0.206 -0.039  0.193  0.419  0.788  1.000  0.758  0.487  0.406  0.189  0.076 -0.128 -0.099 -0.170 -0.247 -0.294 -0.353 -0.309 -0.201 -0.091 -0.006  0.079  0.017 -0.024  0.175  0.114  0.031  0.044  0.151  0.044  0.051  0.157  0.187  0.195  0.184  0.184  0.244  0.318  0.375  0.369  0.357  0.294  0.133  0.038  0.033  0.075  0.225  0.185  0.185  0.114  0.015 -0.061 -0.158 -0.220 -0.233 -0.147 -0.114 -0.135 -0.228 -0.284 -0.281 -0.234 -0.186 -0.077  0.135  0.468  0.447  0.347  0.303  0.054 -0.255 -0.452 -0.410 -0.358
 -0.264 -0.260 -0.198  0.087  0.225  0.418  0.618  0.758  1.000  0.795  0.642  0.240  0.076 -0.073 -0.103 -0.183 -0.236 -0.303 -0.358 -0.336 -0.191 -0.069  0.018  0.103  0.044  0.035  0.210  0.165  0.088  0.095  0.173  0.065  0.030  0.134  0.146  0.140  0.180  0.208  0.207  0.257  0.327  0.313  0.355  0.280  0.130  0.026  0.046  0.068  0.226  0.175  0.163  0.087  0.004 -0.058 -0.165 -0.201 -0.197 -0.138 -0.108 -0.139 -0.208 -0.291 -0.267 -0.234 -0.141  0.013  0.173  0.383  0.356  0.292  0.280  0.071 -0.270 -0.502 -0.435 -0.376
 -0.311 -0.216 -0.071  0.200  0.334  0.531  0.516  0.487  0.795  1.000  0.716  0.340  0.154  0.102 -0.003 -0.191 -0.235 -0.335 -0.387 -0.401 -0.273 -0.164 -0.004  0.076 -0.010  0.000  0.181  0.149  0.091  0.113  0.189  0.073  0.029  0.132  0.187  0.196  0.268  0.263  0.200  0.324  0.353  0.373  0.400  0.328  0.126  0.033  0.141  0.130  0.278  0.222  0.181  0.084  0.011 -0.051 -0.194 -0.194 -0.214 -0.131 -0.106 -0.151 -0.187 -0.316 -0.277 -0.212 -0.083  0.127  0.252  0.389  0.448  0.410  0.371  0.166 -0.216 -0.531 -0.481 -0.470
 -0.221 -0.094  0.077  0.449  0.553  0.691  0.591  0.406  0.642  0.716  1.000  0.704  0.539  0.349  0.137 -0.084 -0.191 -0.374 -0.487 -0.546 -0.425 -0.278 -0.104 -0.060 -0.128 -0.027  0.150  0.112  0.159  0.237  0.208  0.115  0.145  0.217  0.183  0.183  0.175  0.161  0.145  0.264  0.314  0.289  0.356  0.297  0.091  0.026  0.051  0.067  0.184  0.136  0.032 -0.059 -0.175 -0.272 -0.399 -0.336 -0.332 -0.285 -0.249 -0.263 -0.233 -0.347 -0.247 -0.114 -0.035  0.274  0.332  0.440  0.488  0.469  0.341  0.169 -0.196 -0.496 -0.395 -0.417
 -0.015  0.068  0.284  0.578  0.644  0.633  0.397  0.189  0.240  0.340  0.704  1.000  0.809  0.629  0.391  0.120  0.014 -0.224 -0.425 -0.529 -0.429 -0.354 -0.161 -0.108 -0.188 -0.042  0.111  0.050  0.177  0.275  0.199  0.188  0.289  0.299  0.203  0.167  0.114  0.050  0.025  0.114  0.143  0.144  0.228  0.192  0.081  0.056  0.027  0.023  0.086  0.032 -0.084 -0.141 -0.237 -0.380 -0.448 -0.358 -0.454 -0.402 -0.334 -0.328 -0.234 -0.251 -0.125  0.025  0.057  0.330  0.305  0.302  0.357  0.349  0.228  0.149 -0.105 -0.336 -0.275 -0.323
  0.076  0.128  0.335  0.580  0.667  0.516  0.335  0.076  0.076  0.154  0.539  0.809  1.000  0.736  0.520  0.297  0.160 -0.121 -0.365 -0.456 -0.381 -0.349 -0.169 -0.115 -0.231 -0.037  0.111  0.050  0.147  0.276  0.183  0.196  0.301  0.291  0.194  0.144  0.067  0.047 -0.005  0.077  0.100  0.101  0.148  0.170  0.081  0.101  0.070  0.005  0.022 -0.040 -0.128 -0.178 -0.258 -0.400 -0.449 -0.369 -0.456 -0.458 -0.362 -0.336 -0.245 -0.239 -0.085  0.033  0.017  0.257  0.300  0.314  0.320  0.278  0.189  0.165  0.012 -0.261 -0.237 -0.287
  0.385  0.507  0.567  0.659  0.475  0.296  0.064 -0.128 -0.073  0.102  0.349  0.629  0.736  1.000  0.760  0.516  0.339  0.143 -0.131 -0.334 -0.282 -0.400 -0.361 -0.323 -0.295 -0.088 -0.121 -0.157  0.033  0.074 -0.055  0.033  0.167  0.155  0.045 -0.017 -0.092 -0.152 -0.185 -0.156 -0.164 -0.148 -0.138 -0.126 -0.073 -0.049 -0.122 -0.238 -0.225 -0.254 -0.383 -0.382 -0.439 -0.542 -0.488 -0.274 -0.352 -0.464 -0.375 -0.253 -0.132 -0.044  0.184  0.334  0.246  0.351  0.172 -0.002  0.020  0.041  0.007  0.086  0.098 -0.005  0.066  0.002
  0.392  0.557  0.520  0.481  0.376  0.239  0.009 -0.099 -0.103 -0.003  0.137  0.391  0.520  0.760  1.000  0.707  0.412  0.178 -0.077 -0.197 -0.086 -0.213 -0.255 -0.208 -0.167 -0.024 -0.079 -0.147  0.012  0.017 -0.131 -0.055  0.113  0.036 -0.070 -0.100 -0.130 -0.200 -0.192 -0.140 -0.125 -0.157 -0.175 -0.171 -0.132 -0.036 -0.115 -0.258 -0.249 -0.267 -0.323 -0.254 -0.262 -0.453 -0.411 -0.290 -0.369 -0.493 -0.419 -0.313 -0.179 -0.075  0.132  0.267  0.123  0.172  0.138 -0.041 -0.011 -0.026  0.010  0.091  0.101  0.075  0.112  0.057
  0.670  0.656  0.490  0.295  0.074 -0.015 -0.156 -0.170 -0.183 -0.191 -0.084  0.120  0.297  0.516  0.707  1.000  0.687  0.522  0.284  0.134  0.129 -0.164 -0.298 -0.283 -0.182 -0.160 -0.256 -0.298 -0.182 -0.186 -0.267 -0.212 -0.076 -0.070 -0.220 -0.256 -0.302 -0.346 -0.341 -0.349 -0.298 -0.293 -0.337 -0.327 -0.271 -0.075 -0.164 -0.342 -0.369 -0.416 -0.456 -0.369 -0.370 -0.420 -0.273 -0.128 -0.099 -0.319 -0.305 -0.121 -0.015  0.151  0.388  0.391  0.166  0.056 -0.066 -0.205 -0.200 -0.231 -0.245 -0.050  0.162  0.264  0.306  0.270
  0.718  0.549  0.350  0.192 -0.013 -0.134 -0.246 -0.247 -0.236 -0.235 -0.191  0.014  0.160  0.339  0.412  0.687  1.000  0.785  0.518  0.417  0.409  0.029 -0.184 -0.213 -0.058 -0.080 -0.260 -0.295 -0.251 -0.262 -0.327 -0.330 -0.239 -0.222 -0.311 -0.302 -0.310 -0.344 -0.357 -0.333 -0.328 -0.281 -0.364 -0.279 -0.157 -0.059 -0.147 -0.291 -0.401 -0.433 -0.421 -0.349 -0.257 -0.197  0.022  0.151  0.147 -0.083 -0.131  0.034  0.138  0.283  0.417  0.303  0.157 -0.005 -0.069 -0.241 -0.221 -0.296 -0.290 -0.064  0.250  0.292  0.250  0.216
  0.664  0.512  0.194 -0.034 -0.334 -0.388 -0.391 -0.294 -0.303 -0.335 -0.374 -0.224 -0.121  0.143  0.178  0.522  0.785  1.000  0.755  0.652  0.540  0.129 -0.105 -0.146  0.003 -0.145 -0.347 -0.331 -0.362 -0.401 -0.405 -0.396 -0.311 -0.277 -0.371 -0.386 -0.385 -0.389 -0.398 -0.469 -0.462 -0.442 -0.516 -0.429 -0.234 -0.083 -0.190 -0.296 -0.454 -0.429 -0.388 -0.306 -0.202 -0.085  0.215  0.348  0.371  0.115  0.013  0.193  0.258  0.374  0.442  0.327  0.159 -0.176 -0.345 -0.433 -0.422 -0.482 -0.402 -0.176  0.254  0.457  0.400  0.379
  0.504  0.364  0.115 -0.128 -0.441 -0.496 -0.452 -0.353 -0.358 -0.387 -0.487 -0.425 -0.365 -0.131 -0.077  0.284  0.518  0.755  1.000  0.801  0.533  0.161 -0.051 -0.204 -0.101 -0.203 -0.433 -0.386 -0.406 -0.466 -0.440 -0.418 -0.409 -0.378 -0.434 -0.407 -0.359 -0.368 -0.354 -0.465 -0.462 -0.364 -0.432 -0.370 -0.121 -0.010 -0.122 -0.164 -0.303 -0.252 -0.234 -0.190 -0.101  0.120  0.391  0.550  0.596  0.419  0.332  0.459  0.434  0.468  0.462  0.328  0.253 -0.088 -0.279 -0.403 -0.437 -0.458 -0.386 -0.159  0.171  0.470  0.372  0.338
  0.293  0.160 -0.088 -0.309 -0.521 -0.556 -0.442 -0.309 -0.336 -0.401 -0.546 -0.529 -0.456 -0.334 -0.197  0.134  0.417  0.652  0.801  1.000  0.785  0.395  0.162  0.053  0.113 -0.086 -0.252 -0.193 -0.313 -0.445 -0.394 -0.411 -0.423 -0.420 -0.433 -0.382 -0.298 -0.286 -0.285 -0.351 -0.355 -0.319 -0.398 -0.343 -0.114 -0.023 -0.117 -0.052 -0.209 -0.115 -0.008  0.060  0.186  0.369  0.594  0.548  0.590  0.480  0.316  0.352  0.291  0.321  0.286  0.126  0.062 -0.258 -0.345 -0.421 -0.409 -0.436 -0.377 -0.239  0.125  0.422  0.323  0.307
  0.209  0.050 -0.166 -0.324 -0.458 -0.432 -0.303 -0.201 -0.191 -0.273 -0.425 -0.429 -0.381 -0.282 -0.086  0.129  0.409  0.540  0.533  0.785  1.000  0.674  0.381  0.309  0.375  0.114 -0.006  0.005 -0.144 -0.222 -0.222 -0.315 -0.311 -0.286 -0.292 -0.217 -0.137 -0.125 -0.133 -0.117 -0.113 -0.166 -0.218 -0.210 -0.105 -0.072 -0.081 -0.001 -0.084 -0.023  0.119  0.229  0.350  0.486  0.647  0.472  0.430  0.343  0.135  0.152  0.078  0.101  0.094 -0.045 -0.089 -0.306 -0.312 -0.327 -0.271 -0.254 -0.221 -0.139  0.115  0.175  0.069  0.093
 -0.144 -0.276 -0.332 -0.383 -0.339 -0.251 -0.176 -0.091 -0.069 -0.164 -0.278 -0.354 -0.349 -0.400 -0.213 -0.164  0.029  0.129  0.161  0.395  0.674  1.000  0.772  0.663  0.672  0.450  0.227  0.211  0.077 -0.005 -0.049 -0.154 -0.205 -0.208 -0.150 -0.068  0.001  0.039  0.056  0.129  0.078  0.008  0.025  0.014  0.013 -0.024  0.112  0.243  0.245  0.283  0.436  0.612  0.676  0.740  0.663  0.371  0.307  0.386  0.207  0.111 -0.028 -0.129 -0.154 -0.275 -0.244 -0.348 -0.284 -0.191 -0.116 -0.027  0.008 -0.007 -0.019 -0.144 -0.190 -0.145
 -0.338 -0.409 -0.352 -0.341 -0.164 -0.063 -0.029 -0.006  0.018 -0.004 -0.104 -0.161 -0.169 -0.361 -0.255 -0.298 -0.184 -0.105 -0.051  0.162  0.381  0.772  1.000  0.796  0.611  0.572  0.466  0.340  0.186  0.158  0.093 -0.067 -0.149 -0.101 -0.047  0.037  0.175  0.295  0.248  0.268  0.246  0.210  0.280  0.259  0.196  0.080  0.257  0.427  0.504  0.564  0.671  0.783  0.690  0.693  0.521  0.276  0.123  0.304  0.230  0.036 -0.110 -0.270 -0.365 -0.425 -0.330 -0.273 -0.162  0.027  0.103  0.164  0.154  0.051 -0.150 -0.365 -0.413 -0.363
 -0.419 -0.513 -0.463 -0.406 -0.151 -0.038  0.061  0.079  0.103  0.076 -0.060 -0.108 -0.115 -0.323 -0.208 -0.283 -0.213 -0.146 -0.204  0.053  0.309  0.663  0.796  1.000  0.790  0.546  0.644  0.631  0.424  0.354  0.353  0.215  0.132  0.142  0.185  0.232  0.295  0.388  0.295  0.323  0.382  0.195  0.265  0.210  0.060  0.006  0.207  0.396  0.463  0.498  0.635  0.807  0.727  0.606  0.426  0.084 -0.122  0.072 -0.028 -0.272 -0.356 -0.440 -0.484 -0.554 -0.484 -0.371 -0.206  0.034  0.134  0.142  0.160  0.006 -0.198 -0.460 -0.443 -0.349
 -0.232 -0.336 -0.395 -0.395 -0.225 -0.142 -0.054  0.017  0.044 -0.010 -0.128 -0.188 -0.231 -0.295 -0.167 -0.182 -0.058  0.003 -0.101  0.113  0.375  0.672  0.611  0.790  1.000  0.700  0.519  0.595  0.483  0.320  0.287  0.205  0.131  0.117  0.168  0.177  0.180  0.228  0.139  0.206  0.181  0.040  0.062 -0.051 -0.165 -0.169 -0.012  0.137  0.197  0.228  0.355  0.534  0.532  0.432  0.363  0.075 -0.096 -0.004 -0.130 -0.264 -0.297 -0.328 -0.358 -0.441 -0.440 -0.426 -0.337 -0.173 -0.059 -0.026 -0.011 -0.026 -0.030 -0.232 -0.200 -0.146
 -0.213 -0.263 -0.244 -0.171 -0.029 -0.035 -0.039 -0.024  0.035  0.000 -0.027 -0.042 -0.037 -0.088 -0.024 -0.160 -0.080 -0.145 -0.203 -0.086  0.114  0.450  0.572  0.546  0.700  1.000  0.668  0.526  0.495  0.386  0.253  0.199  0.127  0.069  0.114  0.143  0.171  0.295  0.230  0.216  0.132  0.182  0.179  0.013 -0.074 -0.166 -0.011  0.125  0.244  0.249  0.274  0.423  0.371  0.252  0.110 -0.033 -0.177 -0.076 -0.018 -0.178 -0.222 -0.271 -0.315 -0.335 -0.324 -0.249 -0.225 -0.084  0.025  0.048  0.058  0.045 -0.017 -0.217 -0.242 -0.217
 -0.430 -0.489 -0.289 -0.213  0.099  0.158  0.258  0.175  0.210  0.181  0.150  0.111  0.111 -0.121 -0.079 -0.256 -0.260 -0.347 -0.433 -0.252 -0.006  0.227  0.466  0.644  0.519  0.668  1.000  0.837  0.634  0.642  0.640  0.474  0.371  0.372  0.416  0.456  0.509  0.640  0.523  0.423  0.490  0.364  0.420  0.298  0.069 -0.025  0.151  0.307  0.425  0.395  0.432  0.543  0.436  0.224 -0.023 -0.243 -0.438 -0.274 -0.209 -0.440 -0.448 -0.473 -0.535 -0.557 -0.481 -0.243 -0.017  0.243  0.313  0.240  0.209  0.030 -0.271 -0.555 -0.517 -0.444
 -0.456 -0.524 -0.403 -0.270  0.019  0.056  0.176  0.114  0.165  0.149  0.112  0.050  0.050 -0.157 -0.147 -0.298 -0.295 -0.331 -0.386 -0.193  0.005  0.211  0.340  0.631  0.595  0.526  0.837  1.000  0.809  0.681  0.758  0.660  0.508  0.475  0.549  0.540  0.513  0.560  0.441  0.379  0.444  0.264  0.294  0.173 -0.062 -0.097  0.015  0.231  0.347  0.299  0.348  0.474  0.389  0.190 -0.044 -0.313 -0.488 -0.319 -0.314 -0.533 -0.529 -0.526 -0.554 -0.577 -0.528 -0.326 -0.114  0.112  0.204  0.134  0.141  0.006 -0.216 -0.441 -0.393 -0.334
 -0.354 -0.362 -0.230 -0.106  0.113  0.049  0.101  0.031  0.088  0.091  0.159  0.177  0.147  0.033  0.012 -0.182 -0.251 -0.362 -0.406 -0.313 -0.144  0.077  0.186  0.424  0.483  0.495  0.634  0.809  1.000  0.784  0.663  0.732  0.632  0.470  0.491  0.406  0.321  0.298  0.180  0.212  0.278  0.067  0.163  0.029 -0.124 -0.127 -0.129  0.010  0.148  0.126  0.161  0.302  0.234 -0.014 -0.174 -0.384 -0.519 -0.361 -0.367 -0.545 -0.497 -0.464 -0.415 -0.363 -0.362 -0.179 -0.147 -0.022  0.070  0.039  0.070 -0.021 -0.136 -0.279 -0.206 -0.165
 -0.347 -0.362 -0.190 -0.012  0.273  0.232  0.259  0.044  0.095  0.113  0.237  0.275  0.276  0.074  0.017 -0.186 -0.262 -0.401 -0.466 -0.445 -0.222 -0.005  0.158  0.354  0.320  0.386  0.642  0.681  0.784  1.000  0.841  0.767  0.731  0.677  0.636  0.571  0.497  0.461  0.341  0.383  0.459  0.208  0.288  0.193 -0.049 -0.126  0.013  0.055  0.217  0.121  0.153  0.267  0.211 -0.006 -0.226 -0.400 -0.514 -0.365 -0.365 -0.532 -0.467 -0.462 -0.419 -0.367 -0.341 -0.047  0.070  0.253  0.292  0.223  0.179  0.047 -0.175 -0.451 -0.405 -0.361
 -0.411 -0.456 -0.320 -0.163  0.164  0.194  0.297  0.151  0.173  0.189  0.208  0.199  0.183 -0.055 -0.131 -0.267 -0.327 -0.405 -0.440 -0.394 -0.222 -0.049  0.093  0.353  0.287  0.253  0.640  0.758  0.663  0.841  1.000  0.844  0.724  0.758  0.815  0.765  0.700  0.662  0.537  0.476  0.496  0.321  0.326  0.223 -0.054 -0.105  0.015  0.091  0.254  0.153  0.153  0.226  0.145 -0.008 -0.231 -0.413 -0.520 -0.379 -0.385 -0.506 -0.525 -0.563 -0.557 -0.546 -0.491 -0.172  0.032  0.296  0.312  0.225  0.168 -0.012 -0.237 -0.476 -0.424 -0.381
 -0.371 -0.381 -0.261 -0.153  0.115  0.062  0.170  0.044  0.065  0.073  0.115  0.188  0.196  0.033 -0.055 -0.212 -0.330 -0.396 -0.418 -0.411 -0.315 -0.154 -0.067  0.215  0.205  0.199  0.474  0.660  0.732  0.767  0.844  1.000  0.875  0.730  0.770  0.621  0.444  0.394  0.299  0.286  0.326  0.173  0.166  0.062 -0.129 -0.124 -0.065  0.007  0.110  0.007 -0.022  0.089  0.015 -0.162 -0.303 -0.427 -0.506 -0.422 -0.404 -0.483 -0.507 -0.474 -0.416 -0.386 -0.392 -0.172 -0.078  0.097  0.116  0.069  0.041 -0.047 -0.151 -0.240 -0.208 -0.162
 -0.271 -0.255 -0.121 -0.008  0.224  0.145  0.190  0.051  0.030  0.029  0.145  0.289  0.301  0.167  0.113 -0.076 -0.239 -0.311 -0.409 -0.423 -0.311 -0.205 -0.149  0.132  0.131  0.127  0.371  0.508  0.632  0.731  0.724  0.875  1.000  0.842  0.725  0.583  0.302  0.239  0.117  0.175  0.261  0.063  0.102  0.024 -0.160 -0.103 -0.088 -0.090  0.042 -0.050 -0.075  0.026 -0.054 -0.252 -0.367 -0.486 -0.554 -0.479 -0.476 -0.530 -0.492 -0.410 -0.290 -0.227 -0.289 -0.087 -0.016  0.136  0.127  0.075  0.052 -0.033 -0.176 -0.220 -0.157 -0.116
 -0.256 -0.283 -0.183  0.002  0.229  0.216  0.318  0.157  0.134  0.132  0.217  0.299  0.291  0.155  0.036 -0.070 -0.222 -0.277 -0.378 -0.420 -0.286 -0.208 -0.101  0.142  0.117  0.069  0.372  0.475  0.470  0.677  0.758  0.730  0.842  1.000  0.885  0.794  0.547  0.452  0.341  0.312  0.403  0.191  0.203  0.134 -0.103 -0.144 -0.082 -0.078  0.107  0.022 -0.007  0.040 -0.071 -0.218 -0.328 -0.433 -0.503 -0.442 -0.466 -0.503 -0.496 -0.451 -0.357 -0.327 -0.329 -0.046  0.060  0.288  0.258  0.246  0.141 -0.007 -0.202 -0.360 -0.314 -0.287
 -0.367 -0.388 -0.292 -0.130  0.170  0.185  0.315  0.187  0.146  0.187  0.183  0.203  0.194  0.045 -0.070 -0.220 -0.311 -0.371 -0.434 -0.433 -0.292 -0.150 -0.047  0.185  0.168  0.114  0.416  0.549  0.491  0.636  0.815  0.770  0.725  0.885  1.000  0.901  0.723  0.597  0.533  0.497  0.497  0.333  0.299  0.209 -0.057 -0.146 -0.031 -0.002  0.143  0.071  0.049  0.108  0.019 -0.133 -0.285 -0.404 -0.480 -0.398 -0.398 -0.470 -0.511 -0.538 -0.503 -0.488 -0.435 -0.152  0.035  0.294  0.295  0.313  0.210  0.030 -0.148 -0.390 -0.397 -0.357
 -0.361 -0.386 -0.316 -0.135  0.152  0.204  0.314  0.195  0.140  0.196  0.183  0.167  0.144 -0.017 -0.100 -0.256 -0.302 -0.386 -0.407 -0.382 -0.217 -0.068  0.037  0.232  0.177  0.143  0.456  0.540  0.406  0.571  0.765  0.621  0.583  0.794  0.901  1.000  0.839  0.705  0.649  0.576  0.566  0.395  0.350  0.233 -0.061 -0.175 -0.029 -0.004  0.173  0.130  0.131  0.169  0.092 -0.022 -0.230 -0.383 -0.457 -0.346 -0.335 -0.415 -0.442 -0.507 -0.493 -0.513 -0.444 -0.119  0.077  0.327  0.349  0.376  0.240  0.062 -0.181 -0.451 -0.454 -0.406
 -0.358 -0.394 -0.276 -0.136  0.141  0.206  0.294  0.184  0.180  0.268  0.175  0.114  0.067 -0.092 -0.130 -0.302 -0.310 -0.385 -0.359 -0.298 -0.137  0.001  0.175  0.295  0.180  0.171  0.509  0.513  0.321  0.497  0.700  0.444  0.302  0.547  0.723  0.839  1.000  0.878  0.780  0.659  0.612  0.515  0.456  0.334  0.062 -0.098  0.057  0.129  0.296  0.266  0.296  0.276  0.212  0.119 -0.108 -0.238 -0.342 -0.217 -0.191 -0.310 -0.379 -0.501 -0.534 -0.587 -0.448 -0.125  0.112  0.371  0.423  0.431  0.297  0.086 -0.205 -0.512 -0.550 -0.525
 -0.422 -0.484 -0.319 -0.214  0.093  0.166  0.266  0.184  0.208  0.263  0.161  0.050  0.047 -0.152 -0.200 -0.346 -0.344 -0.389 -0.368 -0.286 -0.125  0.039  0.295  0.388  0.228  0.295  0.640  0.560  0.298  0.461  0.662  0.394  0.239  0.452  0.597  0.705  0.878  1.000  0.867  0.629  0.610  0.520  0.473  0.363  0.091 -0.085  0.102  0.234  0.386  0.356  0.349  0.326  0.244  0.169 -0.060 -0.189 -0.312 -0.170 -0.131 -0.262 -0.346 -0.479 -0.543 -0.617 -0.443 -0.162  0.061  0.361  0.394  0.375  0.262  0.042 -0.207 -0.528 -0.556 -0.512
 -0.390 -0.457 -0.318 -0.238  0.048  0.153  0.318  0.244  0.207  0.200  0.145  0.025 -0.005 -0.185 -0.192 -0.341 -0.357 -0.398 -0.354 -0.285 -0.133  0.056  0.248  0.295  0.139  0.230  0.523  0.441  0.180  0.341  0.537  0.299  0.117  0.341  0.533  0.649  0.780  0.867  1.000  0.709  0.658  0.572  0.491  0.354  0.093 -0.141  0.066  0.178  0.333  0.290  0.279  0.266  0.216  0.161 -0.049 -0.149 -0.221 -0.079 -0.006 -0.129 -0.228 -0.363 -0.460 -0.525 -0.365 -0.136  0.087  0.386  0.414  0.431  0.372  0.132 -0.176 -0.473 -0.553 -0.514
 -0.407 -0.481 -0.311 -0.197  0.139  0.325  0.417  0.318  0.257  0.324  0.264  0.114  0.077 -0.156 -0.140 -0.349 -0.333 -0.469 -0.465 -0.351 -0.117  0.129  0.268  0.323  0.206  0.216  0.423  0.379  0.212  0.383  0.476  0.286  0.175  0.312  0.497  0.576  0.659  0.629  0.709  1.000  0.868  0.731  0.593  0.420  0.047 -0.187  0.069  0.178  0.396  0.307  0.326  0.345  0.298  0.174 -0.039 -0.150 -0.262 -0.113 -0.079 -0.211 -0.266 -0.431 -0.495 -0.526 -0.400 -0.124  0.170  0.436  0.594  0.678  0.664  0.460 -0.033 -0.555 -0.663 -0.659
 -0.421 -0.489 -0.286 -0.148  0.168  0.371  0.503  0.375  0.327  0.353  0.314  0.143  0.100 -0.164 -0.125 -0.298 -0.328 -0.462 -0.462 -0.355 -0.113  0.078  0.246  0.382  0.181  0.132  0.490  0.444  0.278  0.459  0.496  0.326  0.261  0.403  0.497  0.566  0.612  0.610  0.658  0.868  1.000  0.737  0.665  0.522  0.112 -0.104  0.145  0.236  0.438  0.353  0.381  0.389  0.300  0.169 -0.055 -0.203 -0.311 -0.152 -0.135 -0.328 -0.328 -0.437 -0.469 -0.493 -0.379 -0.076  0.263  0.575  0.698  0.728  0.677  0.397 -0.195 -0.671 -0.716 -0.681
 -0.376 -0.418 -0.215 -0.094  0.204  0.362  0.490  0.369  0.313  0.373  0.289  0.144  0.101 -0.148 -0.157 -0.293 -0.281 -0.442 -0.364 -0.319 -0.166  0.008  0.210  0.195  0.040  0.182  0.364  0.264  0.067  0.208  0.321  0.173  0.063  0.191  0.333  0.395  0.515  0.520  0.572  0.731  0.737  1.000  0.758  0.535  0.241  0.029  0.229  0.296  0.459  0.421  0.376  0.268  0.180  0.155 -0.019 -0.086 -0.118  0.005  0.101 -0.028 -0.138 -0.313 -0.390 -0.440 -0.296 -0.040  0.315  0.605  0.731  0.758  0.592  0.387 -0.143 -0.569 -0.700 -0.703
 -0.421 -0.438 -0.140  0.037  0.333  0.471  0.529  0.357  0.355  0.400  0.356  0.228  0.148 -0.138 -0.175 -0.337 -0.364 -0.516 -0.432 -0.398 -0.218  0.025  0.280  0.265  0.062  0.179  0.420  0.294  0.163  0.288  0.326  0.166  0.102  0.203  0.299  0.350  0.456  0.473  0.491  0.593  0.665  0.758  1.000  0.804  0.450  0.160  0.350  0.418  0.636  0.623  0.571  0.412  0.282  0.233  0.016 -0.106 -0.173  0.021  0.149 -0.115 -0.171 -0.335 -0.409 -0.387 -0.201  0.119  0.433  0.697  0.750  0.758  0.607  0.339 -0.239 -0.691 -0.793 -0.765
 -0.365 -0.380 -0.060  0.074  0.355  0.452  0.439  0.294  0.280  0.328  0.297  0.192  0.170 -0.126 -0.171 -0.327 -0.279 -0.429 -0.370 -0.343 -0.210  0.014  0.259  0.210 -0.051  0.013  0.298  0.173  0.029  0.193  0.223  0.062  0.024  0.134  0.209  0.233  0.334  0.363  0.354  0.420  0.522  0.535  0.804  1.000  0.770  0.454  0.607  0.629  0.678  0.607  0.569  0.402  0.280  0.228  0.027 -0.072 -0.165  0.015  0.135 -0.118 -0.145 -0.234 -0.318 -0.281 -0.101  0.187  0.508  0.742  0.648  0.609  0.483  0.223 -0.322 -0.671 -0.734 -0.678
 -0.211 -0.202  0.014  0.050  0.201  0.204  0.173  0.133  0.130  0.126  0.091  0.081  0.081 -0.073 -0.132 -0.271 -0.157 -0.234 -0.121 -0.114 -0.105  0.013  0.196  0.060 -0.165 -0.074  0.069 -0.062 -0.124 -0.049 -0.054 -0.129 -0.160 -0.103 -0.057 -0.061  0.062  0.091  0.093  0.047  0.112  0.241  0.450  0.770  1.000  0.724  0.690  0.635  0.485  0.516  0.489  0.307  0.233  0.260  0.171  0.141  0.027  0.169  0.272  0.087  0.067  0.028 -0.082 -0.073  0.083  0.204  0.408  0.480  0.300  0.227  0.164 -0.041 -0.300 -0.383 -0.462 -0.404
 -0.054 -0.070  0.100  0.086  0.186  0.149  0.040  0.038  0.026  0.033  0.026  0.056  0.101 -0.049 -0.036 -0.075 -0.059 -0.083 -0.010 -0.023 -0.072 -0.024  0.080  0.006 -0.169 -0.166 -0.025 -0.097 -0.127 -0.126 -0.105 -0.124 -0.103 -0.144 -0.146 -0.175 -0.098 -0.085 -0.141 -0.187 -0.104  0.029  0.160  0.454  0.724  1.000  0.771  0.524  0.232  0.258  0.277  0.132  0.103  0.113  0.049  0.035  0.011  0.065  0.110  0.087  0.039  0.037 -0.025 -0.033 -0.004  0.053  0.291  0.317  0.130 -0.009 -0.040 -0.216 -0.288 -0.208 -0.187 -0.147
 -0.207 -0.226  0.003 -0.035  0.181  0.218  0.134  0.033  0.046  0.141  0.051  0.027  0.070 -0.122 -0.115 -0.164 -0.147 -0.190 -0.122 -0.117 -0.081  0.112  0.257  0.207 -0.012 -0.011  0.151  0.015 -0.129  0.013  0.015 -0.065 -0.088 -0.082 -0.031 -0.029  0.057  0.102  0.066  0.069  0.145  0.229  0.350  0.607  0.690  0.771  1.000  0.716  0.465  0.381  0.395  0.306  0.255  0.263  0.110  0.013 -0.009  0.094  0.126  0.015 -0.016 -0.050 -0.121 -0.130 -0.048  0.042  0.310  0.438  0.289  0.204  0.117 -0.076 -0.326 -0.430 -0.421 -0.328
 -0.387 -0.406 -0.172 -0.151  0.069  0.120  0.133  0.075  0.068  0.130  0.067  0.023  0.005 -0.238 -0.258 -0.342 -0.291 -0.296 -0.164 -0.052 -0.001  0.243  0.427  0.396  0.137  0.125  0.307  0.231  0.010  0.055  0.091  0.007 -0.090 -0.078 -0.002 -0.004  0.129  0.234  0.178  0.178  0.236  0.296  0.418  0.629  0.635  0.524  0.716  1.000  0.795  0.652  0.587  0.526  0.430  0.426  0.242  0.124 -0.013  0.177  0.191 -0.040 -0.086 -0.185 -0.290 -0.282 -0.158 -0.043  0.182  0.342  0.307  0.272  0.188  0.013 -0.352 -0.465 -0.489 -0.418
 -0.491 -0.485 -0.210 -0.109  0.129  0.248  0.308  0.225  0.226  0.278  0.184  0.086  0.022 -0.225 -0.249 -0.369 -0.401 -0.454 -0.303 -0.209 -0.084  0.245  0.504  0.463  0.197  0.244  0.425  0.347  0.148  0.217  0.254  0.110  0.042  0.107  0.143  0.173  0.296  0.386  0.333  0.396  0.438  0.459  0.636  0.678  0.485  0.232  0.465  0.795  1.000  0.826  0.730  0.631  0.465  0.445  0.178  0.015 -0.125  0.157  0.203 -0.105 -0.184 -0.338 -0.436 -0.393 -0.252 -0.011  0.205  0.451  0.472  0.464  0.365  0.145 -0.430 -0.639 -0.629 -0.573
 -0.464 -0.431 -0.204 -0.124  0.091  0.196  0.255  0.185  0.175  0.222  0.136  0.032 -0.040 -0.254 -0.267 -0.416 -0.433 -0.429 -0.252 -0.115 -0.023  0.283  0.564  0.498  0.228  0.249  0.395  0.299  0.126  0.121  0.153  0.007 -0.050  0.022  0.071  0.130  0.266  0.356  0.290  0.307  0.353  0.421  0.623  0.607  0.516  0.258  0.381  0.652  0.826  1.000  0.892  0.703  0.522  0.554  0.307  0.157 -0.011  0.246  0.306 -0.018 -0.130 -0.315 -0.414 -0.390 -0.201  0.004  0.213  0.369  0.398  0.394  0.277  0.060 -0.377 -0.550 -0.581 -0.546
 -0.509 -0.524 -0.326 -0.223  0.040  0.141  0.208  0.185  0.163  0.181  0.032 -0.084 -0.128 -0.383 -0.323 -0.456 -0.421 -0.388 -0.234 -0.008  0.119  0.436  0.671  0.635  0.355  0.274  0.432  0.348  0.161  0.153  0.153 -0.022 -0.075 -0.007  0.049  0.131  0.296  0.349  0.279  0.326  0.381  0.376  0.571  0.569  0.489  0.277  0.395  0.587  0.730  0.892  1.000  0.841  0.701  0.701  0.449  0.210  0.048  0.312  0.342 -0.005 -0.111 -0.316 -0.444 -0.456 -0.247 -0.067  0.176  0.331  0.367  0.355  0.305  0.066 -0.350 -0.551 -0.592 -0.545
 -0.525 -0.535 -0.390 -0.337 -0.112  0.020  0.122  0.114  0.087  0.084 -0.059 -0.141 -0.178 -0.382 -0.254 -0.369 -0.349 -0.306 -0.190  0.060  0.229  0.612  0.783  0.807  0.534  0.423  0.543  0.474  0.302  0.267  0.226  0.089  0.026  0.040  0.108  0.169  0.276  0.326  0.266  0.345  0.389  0.268  0.412  0.402  0.307  0.132  0.306  0.526  0.631  0.703  0.841  1.000  0.864  0.727  0.476  0.152 -0.031  0.208  0.171 -0.155 -0.244 -0.386 -0.468 -0.489 -0.356 -0.207 -0.028  0.155  0.234  0.241  0.260  0.067 -0.293 -0.495 -0.519 -0.445
 -0.455 -0.505 -0.380 -0.374 -0.134 -0.061 -0.018  0.015  0.004  0.011 -0.175 -0.237 -0.258 -0.439 -0.262 -0.370 -0.257 -0.202 -0.101  0.186  0.350  0.676  0.690  0.727  0.532  0.371  0.436  0.389  0.234  0.211  0.145  0.015 -0.054 -0.071  0.019  0.092  0.212  0.244  0.216  0.298  0.300  0.180  0.282  0.280  0.233  0.103  0.255  0.430  0.465  0.522  0.701  0.864  1.000  0.830  0.608  0.261  0.119  0.329  0.236 -0.066 -0.127 -0.273 -0.367 -0.434 -0.292 -0.224 -0.055  0.051  0.143  0.144  0.183  0.055 -0.175 -0.341 -0.419 -0.371
 -0.353 -0.444 -0.372 -0.388 -0.247 -0.171 -0.099 -0.061 -0.058 -0.051 -0.272 -0.380 -0.400 -0.542 -0.453 -0.420 -0.197 -0.085  0.120  0.369  0.486  0.740  0.693  0.606  0.432  0.252  0.224  0.190 -0.014 -0.006 -0.008 -0.162 -0.252 -0.218 -0.133 -0.022  0.119  0.169  0.161  0.174  0.169  0.155  0.233  0.228  0.260  0.113  0.263  0.426  0.445  0.554  0.701  0.727  0.830  1.000  0.800  0.506  0.408  0.611  0.480  0.239  0.104 -0.079 -0.204 -0.320 -0.163 -0.162 -0.037 -0.004  0.053  0.084  0.075 -0.030 -0.137 -0.244 -0.353 -0.310
 -0.134 -0.212 -0.306 -0.411 -0.432 -0.375 -0.248 -0.158 -0.165 -0.194 -0.399 -0.448 -0.449 -0.488 -0.411 -0.273  0.022  0.215  0.391  0.594  0.647  0.663  0.521  0.426  0.363  0.110 -0.023 -0.044 -0.174 -0.226 -0.231 -0.303 -0.367 -0.328 -0.285 -0.230 -0.108 -0.060 -0.049 -0.039 -0.055 -0.019  0.016  0.027  0.171  0.049  0.110  0.242  0.178  0.307  0.449  0.476  0.608  0.800  1.000  0.763  0.656  0.719  0.515  0.390  0.274  0.175  0.027 -0.118 -0.003 -0.154 -0.173 -0.183 -0.167 -0.096 -0.102 -0.097  0.019  0.032 -0.140 -0.096
  0.100  0.075 -0.065 -0.221 -0.371 -0.351 -0.293 -0.220 -0.201 -0.194 -0.336 -0.358 -0.369 -0.274 -0.290 -0.128  0.151  0.348  0.550  0.548  0.472  0.371  0.276  0.084  0.075 -0.033 -0.243 -0.313 -0.384 -0.400 -0.413 -0.427 -0.486 -0.433 -0.404 -0.383 -0.238 -0.189 -0.149 -0.150 -0.203 -0.086 -0.106 -0.072  0.141  0.035  0.013  0.124  0.015  0.157  0.210  0.152  0.261  0.506  0.763  1.000  0.799  0.695  0.653  0.640  0.589  0.446  0.295  0.171  0.261 -0.001 -0.126 -0.237 -0.231 -0.128 -0.113 -0.016  0.140  0.170 -0.026 -0.045
  0.175  0.108 -0.032 -0.193 -0.407 -0.411 -0.316 -0.233 -0.197 -0.214 -0.332 -0.454 -0.456 -0.352 -0.369 -0.099  0.147  0.371  0.596  0.590  0.430  0.307  0.123 -0.122 -0.096 -0.177 -0.438 -0.488 -0.519 -0.514 -0.520 -0.506 -0.554 -0.503 -0.480 -0.457 -0.342 -0.312 -0.221 -0.262 -0.311 -0.118 -0.173 -0.165  0.027  0.011 -0.009 -0.013 -0.125 -0.011  0.048 -0.031  0.119  0.408  0.656  0.799  1.000  0.851  0.707  0.808  0.669  0.540  0.437  0.293  0.335  0.027 -0.149 -0.271 -0.301 -0.197 -0.204 -0.085  0.157  0.319  0.140  0.111
 -0.047 -0.127 -0.121 -0.226 -0.329 -0.299 -0.212 -0.147 -0.138 -0.131 -0.285 -0.402 -0.458 -0.464 -0.493 -0.319 -0.083  0.115  0.419  0.480  0.343  0.386  0.304  0.072 -0.004 -0.076 -0.274 -0.319 -0.361 -0.365 -0.379 -0.422 -0.479 -0.442 -0.398 -0.346 -0.217 -0.170 -0.079 -0.113 -0.152  0.005  0.021  0.015  0.169  0.065  0.094  0.177  0.157  0.246  0.312  0.208  0.329  0.611  0.719  0.695  0.851  1.000  0.836  0.733  0.547  0.382  0.266  0.133  0.244  0.055 -0.073 -0.130 -0.154 -0.087 -0.075 -0.091  0.007  0.116 -0.041 -0.062
 -0.076 -0.095 -0.061 -0.133 -0.222 -0.232 -0.160 -0.114 -0.108 -0.106 -0.249 -0.334 -0.362 -0.375 -0.419 -0.305 -0.131  0.013  0.332  0.316  0.135  0.207  0.230 -0.028 -0.130 -0.018 -0.209 -0.314 -0.367 -0.365 -0.385 -0.404 -0.476 -0.466 -0.398 -0.335 -0.191 -0.131 -0.006 -0.079 -0.135  0.101  0.149  0.135  0.272  0.110  0.126  0.191  0.203  0.306  0.342  0.171  0.236  0.480  0.515  0.653  0.707  0.836  1.000  0.798  0.686  0.465  0.299  0.198  0.318  0.131  0.033 -0.034 -0.072 -0.015  0.025  0.024  0.043  0.060 -0.110 -0.148
  0.143  0.125  0.044 -0.076 -0.266 -0.303 -0.227 -0.135 -0.139 -0.151 -0.263 -0.328 -0.336 -0.253 -0.313 -0.121  0.034  0.193  0.459  0.352  0.152  0.111  0.036 -0.272 -0.264 -0.178 -0.440 -0.533 -0.545 -0.532 -0.506 -0.483 -0.530 -0.503 -0.470 -0.415 -0.310 -0.262 -0.129 -0.211 -0.328 -0.028 -0.115 -0.118  0.087  0.087  0.015 -0.040 -0.105 -0.018 -0.005 -0.155 -0.066  0.239  0.390  0.640  0.808  0.733  0.798  1.000  0.816  0.582  0.470  0.372  0.373  0.091 -0.038 -0.169 -0.253 -0.167 -0.136 -0.032  0.141  0.274  0.124  0.076
  0.206  0.240  0.140 -0.020 -0.215 -0.286 -0.298 -0.228 -0.208 -0.187 -0.233 -0.234 -0.245 -0.132 -0.179 -0.015  0.138  0.258  0.434  0.291  0.078 -0.028 -0.110 -0.356 -0.297 -0.222 -0.448 -0.529 -0.497 -0.467 -0.525 -0.507 -0.492 -0.496 -0.511 -0.442 -0.379 -0.346 -0.228 -0.266 -0.328 -0.138 -0.171 -0.145  0.067  0.039 -0.016 -0.086 -0.184 -0.130 -0.111 -0.244 -0.127  0.104  0.274  0.589  0.669  0.547  0.686  0.816  1.000  0.796  0.611  0.510  0.546  0.151  0.007 -0.142 -0.219 -0.168 -0.112 -0.001  0.174  0.302  0.177  0.134
  0.400  0.407  0.297  0.057 -0.262 -0.359 -0.368 -0.284 -0.291 -0.316 -0.347 -0.251 -0.239 -0.044 -0.075  0.151  0.283  0.374  0.468  0.321  0.101 -0.129 -0.270 -0.440 -0.328 -0.271 -0.473 -0.526 -0.464 -0.462 -0.563 -0.474 -0.410 -0.451 -0.538 -0.507 -0.501 -0.479 -0.363 -0.431 -0.437 -0.313 -0.335 -0.234  0.028  0.037 -0.050 -0.185 -0.338 -0.315 -0.316 -0.386 -0.273 -0.079  0.175  0.446  0.540  0.382  0.465  0.582  0.796  1.000  0.822  0.684  0.651  0.217 -0.051 -0.200 -0.340 -0.332 -0.268 -0.085  0.226  0.442  0.340  0.309
  0.567  0.539  0.492  0.284 -0.109 -0.266 -0.338 -0.281 -0.267 -0.277 -0.247 -0.125 -0.085  0.184  0.132  0.388  0.417  0.442  0.462  0.286  0.094 -0.154 -0.365 -0.484 -0.358 -0.315 -0.535 -0.554 -0.415 -0.419 -0.557 -0.416 -0.290 -0.357 -0.503 -0.493 -0.534 -0.543 -0.460 -0.495 -0.469 -0.390 -0.409 -0.318 -0.082 -0.025 -0.121 -0.290 -0.436 -0.414 -0.444 -0.468 -0.367 -0.204  0.027  0.295  0.437  0.266  0.299  0.470  0.611  0.822  1.000  0.854  0.705  0.323 -0.017 -0.238 -0.345 -0.351 -0.318 -0.096  0.206  0.409  0.371  0.334
  0.527  0.634  0.576  0.426  0.044 -0.120 -0.235 -0.234 -0.234 -0.212 -0.114  0.025  0.033  0.334  0.267  0.391  0.303  0.327  0.328  0.126 -0.045 -0.275 -0.425 -0.554 -0.441 -0.335 -0.557 -0.577 -0.363 -0.367 -0.546 -0.386 -0.227 -0.327 -0.488 -0.513 -0.587 -0.617 -0.525 -0.526 -0.493 -0.440 -0.387 -0.281 -0.073 -0.033 -0.130 -0.282 -0.393 -0.390 -0.456 -0.489 -0.434 -0.320 -0.118  0.171  0.293  0.133  0.198  0.372  0.510  0.684  0.854  1.000  0.815  0.471  0.085 -0.246 -0.340 -0.319 -0.254 -0.061  0.174  0.384  0.389  0.350
  0.336  0.428  0.501  0.436  0.164  0.017 -0.145 -0.186 -0.141 -0.083 -0.035  0.057  0.017  0.246  0.123  0.166  0.157  0.159  0.253  0.062 -0.089 -0.244 -0.330 -0.484 -0.440 -0.324 -0.481 -0.528 -0.362 -0.341 -0.491 -0.392 -0.289 -0.329 -0.435 -0.444 -0.448 -0.443 -0.365 -0.400 -0.379 -0.296 -0.201 -0.101  0.083 -0.004 -0.048 -0.158 -0.252 -0.201 -0.247 -0.356 -0.292 -0.163 -0.003  0.261  0.335  0.244  0.318  0.373  0.546  0.651  0.705  0.815  1.000  0.673  0.320 -0.025 -0.151 -0.153 -0.123 -0.005  0.095  0.254  0.184  0.138
  0.128  0.217  0.495  0.660  0.490  0.381  0.121 -0.077  0.013  0.127  0.274  0.330  0.257  0.351  0.172  0.056 -0.005 -0.176 -0.088 -0.258 -0.306 -0.348 -0.273 -0.371 -0.426 -0.249 -0.243 -0.326 -0.179 -0.047 -0.172 -0.172 -0.087 -0.046 -0.152 -0.119 -0.125 -0.162 -0.136 -0.124 -0.076 -0.040  0.119  0.187  0.204  0.053  0.042 -0.043 -0.011  0.004 -0.067 -0.207 -0.224 -0.162 -0.154 -0.001  0.027  0.055  0.131  0.091  0.151  0.217  0.323  0.471  0.673  1.000  0.701  0.274  0.167  0.163  0.131  0.155 -0.056 -0.103 -0.104 -0.150
 -0.081 -0.028  0.307  0.513  0.689  0.608  0.368  0.135  0.173  0.252  0.332  0.305  0.300  0.172  0.138 -0.066 -0.069 -0.345 -0.279 -0.345 -0.312 -0.284 -0.162 -0.206 -0.337 -0.225 -0.017 -0.114 -0.147  0.070  0.032 -0.078 -0.016  0.060  0.035  0.077  0.112  0.061  0.087  0.170  0.263  0.315  0.433  0.508  0.408  0.291  0.310  0.182  0.205  0.213  0.176 -0.028 -0.055 -0.037 -0.173 -0.126 -0.149 -0.073  0.033 -0.038  0.007 -0.051 -0.017  0.085  0.320  0.701  1.000  0.676  0.573  0.437  0.350  0.245 -0.232 -0.384 -0.402 -0.430
 -0.308 -0.335  0.043  0.235  0.541  0.651  0.675  0.468  0.383  0.389  0.440  0.302  0.314 -0.002 -0.041 -0.205 -0.241 -0.433 -0.403 -0.421 -0.327 -0.191  0.027  0.034 -0.173 -0.084  0.243  0.112 -0.022  0.253  0.296  0.097  0.136  0.288  0.294  0.327  0.371  0.361  0.386  0.436  0.575  0.605  0.697  0.742  0.480  0.317  0.438  0.342  0.451  0.369  0.331  0.155  0.051 -0.004 -0.183 -0.237 -0.271 -0.130 -0.034 -0.169 -0.142 -0.200 -0.238 -0.246 -0.025  0.274  0.676  1.000  0.863  0.690  0.517  0.185 -0.350 -0.666 -0.691 -0.658
 -0.297 -0.331 -0.013  0.184  0.538  0.686  0.677  0.447  0.356  0.448  0.488  0.357  0.320  0.020 -0.011 -0.200 -0.221 -0.422 -0.437 -0.409 -0.271 -0.116  0.103  0.134 -0.059  0.025  0.313  0.204  0.070  0.292  0.312  0.116  0.127  0.258  0.295  0.349  0.423  0.394  0.414  0.594  0.698  0.731  0.750  0.648  0.300  0.130  0.289  0.307  0.472  0.398  0.367  0.234  0.143  0.053 -0.167 -0.231 -0.301 -0.154 -0.072 -0.253 -0.219 -0.340 -0.345 -0.340 -0.151  0.167  0.573  0.863  1.000  0.844  0.696  0.379 -0.224 -0.673 -0.735 -0.744
 -0.341 -0.325 -0.058  0.151  0.421  0.550  0.554  0.347  0.292  0.410  0.469  0.349  0.278  0.041 -0.026 -0.231 -0.296 -0.482 -0.458 -0.436 -0.254 -0.027  0.164  0.142 -0.026  0.048  0.240  0.134  0.039  0.223  0.225  0.069  0.075  0.246  0.313  0.376  0.431  0.375  0.431  0.678  0.728  0.758  0.758  0.609  0.227 -0.009  0.204  0.272  0.464  0.394  0.355  0.241  0.144  0.084 -0.096 -0.128 -0.197 -0.087 -0.015 -0.167 -0.168 -0.332 -0.351 -0.319 -0.153  0.163  0.437  0.690  0.844  1.000  0.809  0.521 -0.086 -0.662 -0.707 -0.718
 -0.291 -0.304 -0.059  0.080  0.315  0.440  0.425  0.303  0.280  0.371  0.341  0.228  0.189  0.007  0.010 -0.245 -0.290 -0.402 -0.386 -0.377 -0.221  0.008  0.154  0.160 -0.011  0.058  0.209  0.141  0.070  0.179  0.168  0.041  0.052  0.141  0.210  0.240  0.297  0.262  0.372  0.664  0.677  0.592  0.607  0.483  0.164 -0.040  0.117  0.188  0.365  0.277  0.305  0.260  0.183  0.075 -0.102 -0.113 -0.204 -0.075  0.025 -0.136 -0.112 -0.268 -0.318 -0.254 -0.123  0.131  0.350  0.517  0.696  0.809  1.000  0.738  0.087 -0.535 -0.634 -0.652
 -0.030 -0.074  0.031  0.118  0.217  0.252  0.125  0.054  0.071  0.166  0.169  0.149  0.165  0.086  0.091 -0.050 -0.064 -0.176 -0.159 -0.239 -0.139 -0.007  0.051  0.006 -0.026  0.045  0.030  0.006 -0.021  0.047 -0.012 -0.047 -0.033 -0.007  0.030  0.062  0.086  0.042  0.132  0.460  0.397  0.387  0.339  0.223 -0.041 -0.216 -0.076  0.013  0.145  0.060  0.066  0.067  0.055 -0.030 -0.097 -0.016 -0.085 -0.091  0.024 -0.032 -0.001 -0.085 -0.096 -0.061 -0.005  0.155  0.245  0.185  0.379  0.521  0.738  1.000  0.380 -0.174 -0.360 -0.452
  0.272  0.221  0.059 -0.025 -0.141 -0.229 -0.271 -0.255 -0.270 -0.216 -0.196 -0.105  0.012  0.098  0.101  0.162  0.250  0.254  0.171  0.125  0.115 -0.019 -0.150 -0.198 -0.030 -0.017 -0.271 -0.216 -0.136 -0.175 -0.237 -0.151 -0.176 -0.202 -0.148 -0.181 -0.205 -0.207 -0.176 -0.033 -0.195 -0.143 -0.239 -0.322 -0.300 -0.288 -0.326 -0.352 -0.430 -0.377 -0.350 -0.293 -0.175 -0.137  0.019  0.140  0.157  0.007  0.043  0.141  0.174  0.226  0.206  0.174  0.095 -0.056 -0.232 -0.350 -0.224 -0.086  0.087  0.380  1.000  0.455  0.210  0.073
  0.383  0.430  0.080 -0.107 -0.389 -0.530 -0.598 -0.452 -0.502 -0.531 -0.496 -0.336 -0.261 -0.005  0.075  0.264  0.292  0.457  0.470  0.422  0.175 -0.144 -0.365 -0.460 -0.232 -0.217 -0.555 -0.441 -0.279 -0.451 -0.476 -0.240 -0.220 -0.360 -0.390 -0.451 -0.512 -0.528 -0.473 -0.555 -0.671 -0.569 -0.691 -0.671 -0.383 -0.208 -0.430 -0.465 -0.639 -0.550 -0.551 -0.495 -0.341 -0.244  0.032  0.170  0.319  0.116  0.060  0.274  0.302  0.442  0.409  0.384  0.254 -0.103 -0.384 -0.666 -0.673 -0.662 -0.535 -0.174  0.455  1.000  0.835  0.703
  0.389  0.470  0.155 -0.029 -0.366 -0.485 -0.571 -0.410 -0.435 -0.481 -0.395 -0.275 -0.237  0.066  0.112  0.306  0.250  0.400  0.372  0.323  0.069 -0.190 -0.413 -0.443 -0.200 -0.242 -0.517 -0.393 -0.206 -0.405 -0.424 -0.208 -0.157 -0.314 -0.397 -0.454 -0.550 -0.556 -0.553 -0.663 -0.716 -0.700 -0.793 -0.734 -0.462 -0.187 -0.421 -0.489 -0.629 -0.581 -0.592 -0.519 -0.419 -0.353 -0.140 -0.026  0.140 -0.041 -0.110  0.124  0.177  0.340  0.371  0.389  0.184 -0.104 -0.402 -0.691 -0.735 -0.707 -0.634 -0.360  0.210  0.835  1.000  0.922
