  1.000  0.791  0.561  0.265 -0.198 -0.336 -0.395 -0.311 -0.288 -0.238 -0.266 -0.148 -0.076  0.279  0.354  0.668  0.680  0.661  0.504  0.342  0.238 -0.126 -0.371 -0.432 -0.260 -0.323 -0.532 -0.473 -0.354 -0.461 -0.493 -0.374 -0.312 -0.371 -0.448 -0.486 -0.505 -0.535 -0.494 -0.531 -0.591 -0.502 -0.535 -0.490 -0.338 -0.225 -0.349 -0.406 -0.516 -0.495 -0.511 -0.488 -0.384 -0.282 -0.017  0.171  0.274  0.045 -0.010  0.222  0.304  0.508  0.684  0.599  0.371  0.072 -0.232 -0.451 -0.538 -0.503 -0.427 -0.140  0.289  0.545  0.553  0.519
  0.791  1.000  0.680  0.438 -0.010 -0.171 -0.285 -0.260 -0.239 -0.175 -0.122  0.041  0.113  0.457  0.526  0.686  0.522  0.487  0.323  0.147  0.035 -0.302 -0.458 -0.495 -0.344 -0.324 -0.484 -0.447 -0.293 -0.363 -0.416 -0.300 -0.224 -0.280 -0.367 -0.420 -0.451 -0.486 -0.457 -0.500 -0.551 -0.453 -0.481 -0.450 -0.311 -0.215 -0.336 -0.404 -0.507 -0.504 -0.563 -0.554 -0.506 -0.443 -0.209  0.013  0.100 -0.137 -0.138  0.106  0.242  0.455  0.635  0.661  0.425  0.166 -0.142 -0.351 -0.448 -0.432 -0.388 -0.108  0.276  0.494  0.508  0.476
  0.561  0.680  1.000  0.707  0.268  0.090 -0.101 -0.153 -0.141 -0.059  0.025  0.212  0.251  0.537  0.529  0.489  0.377  0.246  0.136 -0.036 -0.124 -0.366 -0.417 -0.449 -0.405 -0.326 -0.385 -0.412 -0.287 -0.263 -0.319 -0.258 -0.169 -0.183 -0.264 -0.295 -0.325 -0.362 -0.337 -0.343 -0.379 -0.273 -0.278 -0.219 -0.120 -0.071 -0.151 -0.211 -0.296 -0.334 -0.410 -0.449 -0.440 -0.391 -0.251 -0.064  0.017 -0.106 -0.041  0.111  0.202  0.361  0.537  0.631  0.515  0.424  0.182 -0.089 -0.223 -0.227 -0.228 -0.047  0.131  0.209  0.251  0.237
  0.265  0.438  0.707  1.000  0.661  0.478  0.216  0.032  0.073  0.179  0.376  0.548  0.533  0.653  0.485  0.311  0.123 -0.049 -0.156 -0.326 -0.376 -0.514 -0.423 -0.421 -0.437 -0.271 -0.231 -0.297 -0.167 -0.063 -0.130 -0.109 -0.014  0.006 -0.070 -0.105 -0.151 -0.196 -0.178 -0.160 -0.166 -0.060 -0.044 -0.012  0.011  0.006 -0.042 -0.101 -0.152 -0.240 -0.354 -0.407 -0.489 -0.508 -0.462 -0.291 -0.248 -0.321 -0.199 -0.096  0.007  0.123  0.291  0.508  0.485  0.632  0.448  0.213  0.072  0.029 -0.040  0.046  0.035 -0.027  0.013  0.011
 -0.198 -0.010  0.268  0.661  1.000  0.822  0.568  0.286  0.297  0.354  0.582  0.669  0.665  0.451  0.286 -0.033 -0.191 -0.370 -0.431 -0.501 -0.457 -0.380 -0.150 -0.109 -0.226 -0.034  0.126  0.025  0.073  0.238  0.182  0.124  0.181  0.227  0.201  0.190  0.155  0.134  0.128  0.183  0.228  0.289  0.330  0.322  0.229  0.136  0.177  0.154  0.182  0.074 -0.019 -0.075 -0.218 -0.312 -0.437 -0.409 -0.446 -0.393 -0.259 -0.301 -0.239 -0.230 -0.168  0.045  0.162  0.495  0.620  0.555  0.501  0.394  0.254  0.144 -0.156 -0.398 -0.400 -0.386
 -0.336 -0.171  0.090  0.478  0.822  1.000  0.745  0.452  0.432  0.471  0.664  0.676  0.565  0.299  0.108 -0.185 -0.322 -0.484 -0.505 -0.560 -0.495 -0.344 -0.078 -0.046 -0.194 -0.007  0.184  0.060  0.075  0.268  0.227  0.139  0.190  0.267  0.254  0.265  0.240  0.228  0.233  0.305  0.363  0.405  0.451  0.448  0.320  0.198  0.271  0.245  0.293  0.176  0.085  0.017 -0.145 -0.243 -0.412 -0.406 -0.462 -0.366 -0.221 -0.304 -0.267 -0.299 -0.273 -0.069  0.084  0.459  0.602  0.682  0.630  0.521  0.377  0.188 -0.219 -0.524 -0.522 -0.502
 -0.395 -0.285 -0.101  0.216  0.568  0.745  1.000  0.776  0.630  0.432  0.593  0.469  0.423  0.153  0.006 -0.223 -0.343 -0.462 -0.472 -0.471 -0.385 -0.217  0.014  0.057 -0.067  0.075  0.256  0.168  0.134  0.290  0.285  0.186  0.187  0.260  0.286  0.303  0.307  0.327  0.350  0.380  0.418  0.463  0.474  0.422  0.252  0.143  0.239  0.216  0.290  0.187  0.126  0.083 -0.044 -0.145 -0.319 -0.374 -0.422 -0.316 -0.217 -0.317 -0.329 -0.381 -0.380 -0.241 -0.126  0.199  0.386  0.611  0.615  0.494  0.351  0.154 -0.276 -0.544 -0.553 -0.525
 -0.311 -0.260 -0.153  0.032  0.286  0.452  0.776  1.000  0.736  0.419  0.390  0.222  0.176 -0.000 -0.069 -0.198 -0.279 -0.336 -0.331 -0.311 -0.243 -0.111  0.036  0.070 -0.021  0.043  0.178  0.125  0.073  0.171  0.186  0.114  0.104  0.159  0.189  0.209  0.229  0.256  0.277  0.291  0.313  0.334  0.330  0.295  0.167  0.099  0.168  0.153  0.205  0.140  0.119  0.090  0.013 -0.054 -0.183 -0.256 -0.287 -0.194 -0.148 -0.229 -0.260 -0.302 -0.314 -0.237 -0.160  0.038  0.200  0.420  0.422  0.331  0.250  0.083 -0.283 -0.434 -0.429 -0.393
 -0.288 -0.239 -0.141  0.073  0.297  0.432  0.630  0.736  1.000  0.738  0.613  0.324  0.217  0.045 -0.043 -0.170 -0.243 -0.308 -0.313 -0.300 -0.245 -0.147 -0.017  0.030 -0.049  0.011  0.134  0.097  0.069  0.155  0.168  0.116  0.112  0.160  0.181  0.181  0.187  0.194  0.205  0.217  0.233  0.243  0.249  0.217  0.108  0.064  0.118  0.107  0.150  0.085  0.063  0.044 -0.030 -0.102 -0.209 -0.267 -0.294 -0.215 -0.162 -0.237 -0.263 -0.297 -0.302 -0.219 -0.150  0.062  0.181  0.329  0.321  0.252  0.175  0.042 -0.256 -0.396 -0.388 -0.353
 -0.238 -0.175 -0.059  0.179  0.354  0.471  0.432  0.419  0.738  1.000  0.691  0.437  0.261  0.112  0.001 -0.139 -0.208 -0.294 -0.312 -0.325 -0.279 -0.203 -0.074 -0.029 -0.101 -0.028  0.086  0.044  0.054  0.149  0.141  0.104  0.132  0.176  0.165  0.152  0.136  0.124  0.121  0.166  0.183  0.183  0.190  0.165  0.082  0.041  0.077  0.077  0.112  0.051  0.019 -0.006 -0.095 -0.163 -0.255 -0.273 -0.306 -0.245 -0.170 -0.226 -0.220 -0.241 -0.230 -0.127 -0.055  0.158  0.222  0.274  0.266  0.235  0.188  0.094 -0.146 -0.324 -0.329 -0.317
 -0.266 -0.122  0.025  0.376  0.582  0.664  0.593  0.390  0.613  0.691  1.000  0.789  0.631  0.398  0.179 -0.068 -0.222 -0.384 -0.439 -0.489 -0.426 -0.342 -0.128 -0.069 -0.154 -0.007  0.141  0.081  0.124  0.251  0.221  0.182  0.224  0.277  0.258  0.225  0.184  0.163  0.156  0.187  0.219  0.242  0.263  0.217  0.110  0.058  0.101  0.085  0.127  0.030 -0.044 -0.065 -0.212 -0.320 -0.431 -0.418 -0.464 -0.418 -0.309 -0.355 -0.318 -0.316 -0.270 -0.092 -0.034  0.250  0.298  0.383  0.379  0.313  0.203  0.106 -0.156 -0.385 -0.375 -0.357
 -0.148  0.041  0.212  0.548  0.669  0.676  0.469  0.222  0.324  0.437  0.789  1.000  0.815  0.605  0.338  0.055 -0.133 -0.335 -0.420 -0.514 -0.467 -0.427 -0.204 -0.153 -0.220 -0.036  0.087  0.019  0.108  0.235  0.177  0.160  0.227  0.269  0.223  0.175  0.117  0.081  0.066  0.099  0.135  0.169  0.200  0.165  0.093  0.044  0.067  0.039  0.062 -0.041 -0.141 -0.162 -0.325 -0.431 -0.509 -0.439 -0.482 -0.477 -0.346 -0.349 -0.265 -0.217 -0.136  0.071  0.104  0.341  0.324  0.363  0.328  0.268  0.156  0.112 -0.088 -0.297 -0.278 -0.265
 -0.076  0.113  0.251  0.533  0.665  0.565  0.423  0.176  0.217  0.261  0.631  0.815  1.000  0.762  0.513  0.194 -0.017 -0.244 -0.370 -0.453 -0.387 -0.378 -0.179 -0.103 -0.138  0.029  0.129  0.092  0.174  0.261  0.204  0.197  0.243  0.258  0.226  0.165  0.109  0.078  0.056  0.065  0.089  0.120  0.138  0.078  0.006 -0.011  0.007 -0.028 -0.008 -0.103 -0.185 -0.165 -0.310 -0.435 -0.496 -0.448 -0.492 -0.513 -0.418 -0.407 -0.324 -0.252 -0.146  0.045  0.020  0.231  0.226  0.263  0.258  0.194  0.077  0.072 -0.060 -0.232 -0.218 -0.205
  0.279  0.457  0.537  0.653  0.451  0.299  0.153 -0.000  0.045  0.112  0.398  0.605  0.762  1.000  0.761  0.505  0.267  0.037 -0.133 -0.277 -0.272 -0.426 -0.343 -0.293 -0.253 -0.117 -0.110 -0.123  0.002  0.040 -0.025  0.010  0.080  0.080  0.017 -0.048 -0.107 -0.153 -0.159 -0.182 -0.197 -0.141 -0.146 -0.187 -0.171 -0.127 -0.175 -0.229 -0.261 -0.330 -0.415 -0.382 -0.475 -0.548 -0.482 -0.349 -0.341 -0.463 -0.397 -0.281 -0.162 -0.003  0.177  0.346  0.208  0.263  0.078 -0.010 -0.053 -0.083 -0.144  0.004  0.085  0.059  0.088  0.085
  0.354  0.526  0.529  0.485  0.286  0.108  0.006 -0.069 -0.043  0.001  0.179  0.338  0.513  0.761  1.000  0.697  0.427  0.194 -0.011 -0.115 -0.088 -0.269 -0.262 -0.204 -0.136 -0.048 -0.091 -0.083  0.018  0.011 -0.055 -0.013  0.041  0.014 -0.038 -0.095 -0.142 -0.169 -0.176 -0.220 -0.239 -0.205 -0.230 -0.284 -0.268 -0.188 -0.241 -0.290 -0.318 -0.360 -0.396 -0.321 -0.359 -0.430 -0.344 -0.262 -0.253 -0.389 -0.385 -0.267 -0.159  0.009  0.205  0.299  0.110  0.105 -0.046 -0.149 -0.165 -0.185 -0.222 -0.050  0.106  0.145  0.167  0.161
  0.668  0.686  0.489  0.311 -0.033 -0.185 -0.223 -0.198 -0.170 -0.139 -0.068  0.055  0.194  0.505  0.697  1.000  0.718  0.517  0.305  0.195  0.175 -0.136 -0.293 -0.286 -0.146 -0.172 -0.301 -0.251 -0.162 -0.245 -0.282 -0.198 -0.153 -0.204 -0.262 -0.315 -0.343 -0.366 -0.346 -0.393 -0.445 -0.397 -0.441 -0.475 -0.408 -0.286 -0.379 -0.424 -0.479 -0.477 -0.484 -0.401 -0.363 -0.351 -0.146 -0.034  0.024 -0.185 -0.259 -0.085  0.015  0.217  0.439  0.417  0.136 -0.028 -0.255 -0.393 -0.416 -0.399 -0.374 -0.112  0.224  0.395  0.415  0.396
  0.680  0.522  0.377  0.123 -0.191 -0.322 -0.343 -0.279 -0.243 -0.208 -0.222 -0.133 -0.017  0.267  0.427  0.718  1.000  0.801  0.542  0.436  0.460  0.111 -0.133 -0.160 -0.024 -0.139 -0.306 -0.252 -0.213 -0.327 -0.352 -0.280 -0.254 -0.310 -0.351 -0.376 -0.381 -0.394 -0.373 -0.414 -0.455 -0.428 -0.462 -0.454 -0.358 -0.237 -0.324 -0.359 -0.427 -0.395 -0.353 -0.260 -0.159 -0.098  0.133  0.212  0.239  0.041 -0.078  0.061  0.126  0.267  0.426  0.312  0.116 -0.102 -0.298 -0.444 -0.467 -0.441 -0.394 -0.156  0.208  0.413  0.393  0.366
  0.661  0.487  0.246 -0.049 -0.370 -0.484 -0.462 -0.336 -0.308 -0.294 -0.384 -0.335 -0.244  0.037  0.194  0.517  0.801  1.000  0.784  0.669  0.611  0.225 -0.117 -0.180  0.003 -0.183 -0.418 -0.333 -0.303 -0.459 -0.467 -0.375 -0.357 -0.423 -0.462 -0.473 -0.463 -0.468 -0.429 -0.475 -0.527 -0.490 -0.538 -0.502 -0.373 -0.248 -0.350 -0.386 -0.461 -0.402 -0.341 -0.262 -0.090  0.036  0.321  0.413  0.481  0.269  0.112  0.268  0.279  0.367  0.455  0.294  0.128 -0.178 -0.374 -0.535 -0.561 -0.518 -0.436 -0.201  0.239  0.519  0.500  0.469
  0.504  0.323  0.136 -0.156 -0.431 -0.505 -0.472 -0.331 -0.313 -0.312 -0.439 -0.420 -0.370 -0.133 -0.011  0.305  0.542  0.784  1.000  0.794  0.601  0.272 -0.064 -0.166 -0.029 -0.226 -0.442 -0.373 -0.368 -0.509 -0.502 -0.424 -0.412 -0.464 -0.493 -0.481 -0.450 -0.443 -0.394 -0.429 -0.478 -0.435 -0.474 -0.411 -0.267 -0.178 -0.262 -0.289 -0.353 -0.281 -0.213 -0.184  0.016  0.198  0.487  0.614  0.687  0.504  0.345  0.469  0.426  0.417  0.405  0.237  0.167 -0.150 -0.326 -0.481 -0.521 -0.467 -0.373 -0.194  0.201  0.461  0.442  0.412
  0.342  0.147 -0.036 -0.326 -0.501 -0.560 -0.471 -0.311 -0.300 -0.325 -0.489 -0.514 -0.453 -0.277 -0.115  0.195  0.436  0.669  0.794  1.000  0.813  0.513  0.151  0.056  0.180 -0.077 -0.285 -0.208 -0.271 -0.436 -0.412 -0.366 -0.385 -0.435 -0.435 -0.410 -0.361 -0.336 -0.296 -0.332 -0.370 -0.370 -0.407 -0.366 -0.265 -0.184 -0.242 -0.237 -0.261 -0.163 -0.050  0.016  0.230  0.402  0.651  0.634  0.691  0.564  0.362  0.424  0.333  0.271  0.229  0.035 -0.016 -0.298 -0.374 -0.486 -0.472 -0.417 -0.326 -0.201  0.146  0.384  0.357  0.332
  0.238  0.035 -0.124 -0.376 -0.457 -0.495 -0.385 -0.243 -0.245 -0.279 -0.426 -0.467 -0.387 -0.272 -0.088  0.175  0.460  0.611  0.601  0.813  1.000  0.748  0.384  0.294  0.416  0.131 -0.073 -0.003 -0.120 -0.290 -0.271 -0.264 -0.303 -0.345 -0.325 -0.291 -0.241 -0.205 -0.182 -0.204 -0.227 -0.275 -0.303 -0.297 -0.254 -0.191 -0.219 -0.184 -0.164 -0.053  0.093  0.214  0.389  0.503  0.670  0.543  0.507  0.425  0.204  0.205  0.137  0.086  0.065 -0.119 -0.178 -0.378 -0.377 -0.423 -0.360 -0.312 -0.248 -0.169  0.066  0.244  0.205  0.188
 -0.126 -0.302 -0.366 -0.514 -0.380 -0.344 -0.217 -0.111 -0.147 -0.203 -0.342 -0.427 -0.378 -0.426 -0.269 -0.136  0.111  0.225  0.272  0.513  0.748  1.000  0.760  0.653  0.689  0.449  0.265  0.274  0.095 -0.050 -0.043 -0.100 -0.169 -0.187 -0.134 -0.076 -0.009  0.055  0.052  0.054  0.080 -0.029  0.007  0.005 -0.018 -0.032  0.009  0.092  0.178  0.312  0.483  0.617  0.712  0.757  0.709  0.455  0.335  0.413  0.222  0.094 -0.003 -0.133 -0.234 -0.392 -0.347 -0.400 -0.241 -0.177 -0.079 -0.052 -0.030 -0.118 -0.127 -0.080 -0.130 -0.126
 -0.371 -0.458 -0.417 -0.423 -0.150 -0.078  0.014  0.036 -0.017 -0.074 -0.128 -0.204 -0.179 -0.343 -0.262 -0.293 -0.133 -0.117 -0.064  0.151  0.384  0.760  1.000  0.843  0.675  0.606  0.588  0.479  0.235  0.180  0.185  0.056 -0.034 -0.014  0.060  0.129  0.226  0.325  0.289  0.265  0.332  0.219  0.317  0.290  0.221  0.139  0.229  0.339  0.465  0.572  0.680  0.790  0.710  0.657  0.465  0.224  0.040  0.201  0.131 -0.079 -0.151 -0.296 -0.417 -0.493 -0.380 -0.272 -0.031  0.114  0.208  0.194  0.163 -0.039 -0.278 -0.381 -0.430 -0.412
 -0.432 -0.495 -0.449 -0.421 -0.109 -0.046  0.057  0.070  0.030 -0.029 -0.069 -0.153 -0.103 -0.293 -0.204 -0.286 -0.160 -0.180 -0.166  0.056  0.294  0.653  0.843  1.000  0.809  0.616  0.714  0.677  0.403  0.343  0.366  0.244  0.149  0.153  0.229  0.260  0.297  0.381  0.312  0.301  0.405  0.184  0.278  0.242  0.150  0.111  0.203  0.295  0.417  0.496  0.634  0.797  0.724  0.569  0.349  0.054 -0.123  0.054 -0.025 -0.256 -0.314 -0.421 -0.514 -0.573 -0.486 -0.330 -0.058  0.110  0.233  0.191  0.160 -0.068 -0.296 -0.412 -0.446 -0.421
 -0.260 -0.344 -0.405 -0.437 -0.226 -0.194 -0.067 -0.021 -0.049 -0.101 -0.154 -0.220 -0.138 -0.253 -0.136 -0.146 -0.024  0.003 -0.029  0.180  0.416  0.689  0.675  0.809  1.000  0.735  0.562  0.652  0.490  0.294  0.285  0.237  0.137  0.094  0.153  0.157  0.177  0.232  0.176  0.172  0.233  0.048  0.079  0.004 -0.091 -0.088 -0.033  0.042  0.154  0.246  0.402  0.581  0.575  0.456  0.337  0.076 -0.053  0.037 -0.099 -0.243 -0.297 -0.359 -0.407 -0.491 -0.490 -0.429 -0.244 -0.104  0.039  0.035  0.025 -0.087 -0.163 -0.187 -0.219 -0.204
 -0.323 -0.324 -0.326 -0.271 -0.034 -0.007  0.075  0.043  0.011 -0.028 -0.007 -0.036  0.029 -0.117 -0.048 -0.172 -0.139 -0.183 -0.226 -0.077  0.131  0.449  0.606  0.616  0.735  1.000  0.727  0.636  0.611  0.491  0.392  0.328  0.238  0.188  0.229  0.230  0.279  0.353  0.277  0.234  0.278  0.196  0.240  0.138  0.030 -0.009  0.057  0.114  0.215  0.259  0.318  0.456  0.375  0.239  0.068 -0.111 -0.231 -0.139 -0.180 -0.298 -0.326 -0.378 -0.417 -0.419 -0.395 -0.257 -0.095  0.062  0.164  0.132  0.081 -0.032 -0.199 -0.291 -0.321 -0.299
 -0.532 -0.484 -0.385 -0.231  0.126  0.184  0.256  0.178  0.134  0.086  0.141  0.087  0.129 -0.110 -0.091 -0.301 -0.306 -0.418 -0.442 -0.285 -0.073  0.265  0.588  0.714  0.562  0.727  1.000  0.847  0.624  0.686  0.685  0.508  0.402  0.435  0.513  0.532  0.565  0.643  0.542  0.472  0.566  0.387  0.445  0.342  0.185  0.120  0.229  0.287  0.415  0.414  0.459  0.574  0.422  0.218 -0.041 -0.266 -0.422 -0.248 -0.232 -0.440 -0.467 -0.539 -0.592 -0.546 -0.462 -0.188  0.079  0.297  0.414  0.355  0.285  0.040 -0.328 -0.565 -0.595 -0.557
 -0.473 -0.447 -0.412 -0.297  0.025  0.060  0.168  0.125  0.097  0.044  0.081  0.019  0.092 -0.123 -0.083 -0.251 -0.252 -0.333 -0.373 -0.208 -0.003  0.274  0.479  0.677  0.652  0.636  0.847  1.000  0.786  0.700  0.755  0.659  0.517  0.492  0.579  0.542  0.524  0.553  0.447  0.410  0.492  0.264  0.278  0.153 -0.016 -0.028  0.063  0.113  0.245  0.257  0.351  0.486  0.390  0.186 -0.025 -0.267 -0.396 -0.254 -0.292 -0.473 -0.506 -0.552 -0.585 -0.565 -0.538 -0.319 -0.076  0.128  0.284  0.241  0.199  0.007 -0.249 -0.433 -0.461 -0.426
 -0.354 -0.293 -0.287 -0.167  0.073  0.075  0.134  0.073  0.069  0.054  0.124  0.108  0.174  0.002  0.018 -0.162 -0.213 -0.303 -0.368 -0.271 -0.120  0.095  0.235  0.403  0.490  0.611  0.624  0.786  1.000  0.821  0.710  0.770  0.693  0.561  0.562  0.440  0.337  0.338  0.216  0.222  0.305  0.123  0.131  0.003 -0.131 -0.107 -0.059 -0.039  0.050  0.046  0.117  0.246  0.167 -0.024 -0.187 -0.353 -0.430 -0.349 -0.374 -0.470 -0.478 -0.467 -0.461 -0.406 -0.420 -0.238 -0.104  0.042  0.163  0.102  0.059 -0.035 -0.150 -0.260 -0.274 -0.248
 -0.461 -0.363 -0.263 -0.063  0.238  0.268  0.290  0.171  0.155  0.149  0.251  0.235  0.261  0.040  0.011 -0.245 -0.327 -0.459 -0.509 -0.436 -0.290 -0.050  0.180  0.343  0.294  0.491  0.686  0.700  0.821  1.000  0.880  0.793  0.777  0.766  0.751  0.681  0.545  0.519  0.408  0.411  0.496  0.302  0.302  0.188  0.023  0.003  0.087  0.092  0.185  0.127  0.151  0.243  0.123 -0.083 -0.298 -0.449 -0.531 -0.414 -0.378 -0.505 -0.507 -0.516 -0.514 -0.412 -0.368 -0.098  0.076  0.265  0.371  0.314  0.240  0.070 -0.227 -0.468 -0.492 -0.457
 -0.493 -0.416 -0.319 -0.130  0.182  0.227  0.285  0.186  0.168  0.141  0.221  0.177  0.204 -0.025 -0.055 -0.282 -0.352 -0.467 -0.502 -0.412 -0.271 -0.043  0.185  0.366  0.285  0.392  0.685  0.755  0.710  0.880  1.000  0.857  0.752  0.789  0.846  0.789  0.694  0.642  0.540  0.516  0.554  0.356  0.320  0.197  0.013 -0.005  0.092  0.102  0.208  0.152  0.189  0.264  0.154 -0.042 -0.256 -0.425 -0.506 -0.373 -0.346 -0.494 -0.516 -0.541 -0.553 -0.469 -0.425 -0.157  0.047  0.254  0.382  0.348  0.291  0.103 -0.234 -0.509 -0.539 -0.501
 -0.374 -0.300 -0.258 -0.109  0.124  0.139  0.186  0.114  0.116  0.104  0.182  0.160  0.197  0.010 -0.013 -0.198 -0.280 -0.375 -0.424 -0.366 -0.264 -0.100  0.056  0.244  0.237  0.328  0.508  0.659  0.770  0.793  0.857  1.000  0.884  0.762  0.776  0.601  0.435  0.391  0.278  0.284  0.348  0.157  0.139  0.029 -0.104 -0.071 -0.018 -0.019  0.051  0.004  0.048  0.139  0.056 -0.128 -0.287 -0.420 -0.467 -0.382 -0.376 -0.467 -0.474 -0.457 -0.447 -0.371 -0.374 -0.173 -0.043  0.102  0.210  0.151  0.116  0.005 -0.142 -0.309 -0.320 -0.288
 -0.312 -0.224 -0.169 -0.014  0.181  0.190  0.187  0.104  0.112  0.132  0.224  0.227  0.243  0.080  0.041 -0.153 -0.254 -0.357 -0.412 -0.385 -0.303 -0.169 -0.034  0.149  0.137  0.238  0.402  0.517  0.693  0.777  0.752  0.884  1.000  0.867  0.763  0.587  0.322  0.267  0.164  0.192  0.292  0.094  0.096  0.011 -0.098 -0.062 -0.022 -0.040  0.011 -0.046 -0.016  0.071 -0.014 -0.190 -0.332 -0.433 -0.465 -0.401 -0.379 -0.445 -0.431 -0.393 -0.366 -0.272 -0.273 -0.085  0.004  0.117  0.199  0.136  0.094 -0.003 -0.133 -0.276 -0.281 -0.251
 -0.371 -0.280 -0.183  0.006  0.227  0.267  0.260  0.159  0.160  0.176  0.277  0.269  0.258  0.080  0.014 -0.204 -0.310 -0.423 -0.464 -0.435 -0.345 -0.187 -0.014  0.153  0.094  0.188  0.435  0.492  0.561  0.766  0.789  0.762  0.867  1.000  0.907  0.798  0.534  0.440  0.360  0.359  0.440  0.233  0.212  0.123 -0.022 -0.027  0.042  0.031  0.104  0.030  0.045  0.101 -0.007 -0.177 -0.343 -0.445 -0.486 -0.399 -0.352 -0.445 -0.435 -0.422 -0.403 -0.297 -0.268 -0.044  0.076  0.230  0.321  0.296  0.243  0.094 -0.187 -0.414 -0.433 -0.398
 -0.448 -0.367 -0.264 -0.070  0.201  0.254  0.286  0.189  0.181  0.165  0.258  0.223  0.226  0.017 -0.038 -0.262 -0.351 -0.462 -0.493 -0.435 -0.325 -0.134  0.060  0.229  0.153  0.229  0.513  0.579  0.562  0.751  0.846  0.776  0.763  0.907  1.000  0.901  0.700  0.583  0.501  0.496  0.543  0.336  0.290  0.182  0.004 -0.016  0.076  0.074  0.167  0.095  0.120  0.172  0.061 -0.114 -0.304 -0.436 -0.495 -0.378 -0.336 -0.463 -0.473 -0.489 -0.487 -0.393 -0.354 -0.107  0.065  0.266  0.390  0.382  0.331  0.150 -0.198 -0.484 -0.518 -0.481
 -0.486 -0.420 -0.295 -0.105  0.190  0.265  0.303  0.209  0.181  0.152  0.225  0.175  0.165 -0.048 -0.095 -0.315 -0.376 -0.473 -0.481 -0.410 -0.291 -0.076  0.129  0.260  0.157  0.230  0.532  0.542  0.440  0.681  0.789  0.601  0.587  0.798  0.901  1.000  0.847  0.702  0.621  0.612  0.625  0.451  0.389  0.285  0.091  0.031  0.146  0.153  0.260  0.191  0.207  0.227  0.121 -0.030 -0.233 -0.373 -0.442 -0.303 -0.255 -0.405 -0.430 -0.483 -0.504 -0.423 -0.349 -0.090  0.112  0.338  0.456  0.483  0.421  0.222 -0.224 -0.550 -0.601 -0.566
 -0.505 -0.451 -0.325 -0.151  0.155  0.240  0.307  0.229  0.187  0.136  0.184  0.117  0.109 -0.107 -0.142 -0.343 -0.381 -0.463 -0.450 -0.361 -0.241 -0.009  0.226  0.297  0.177  0.279  0.565  0.524  0.337  0.545  0.694  0.435  0.322  0.534  0.700  0.847  1.000  0.880  0.767  0.693  0.626  0.541  0.455  0.348  0.148  0.063  0.187  0.219  0.333  0.276  0.286  0.272  0.166  0.047 -0.158 -0.296 -0.375 -0.223 -0.170 -0.334 -0.381 -0.466 -0.514 -0.450 -0.362 -0.106  0.119  0.353  0.464  0.503  0.440  0.245 -0.239 -0.569 -0.620 -0.588
 -0.535 -0.486 -0.362 -0.196  0.134  0.228  0.327  0.256  0.194  0.124  0.163  0.081  0.078 -0.153 -0.169 -0.366 -0.394 -0.468 -0.443 -0.336 -0.205  0.055  0.325  0.381  0.232  0.353  0.643  0.553  0.338  0.519  0.642  0.391  0.267  0.440  0.583  0.702  0.880  1.000  0.868  0.677  0.660  0.595  0.519  0.398  0.197  0.098  0.229  0.274  0.400  0.356  0.362  0.349  0.233  0.115 -0.106 -0.263 -0.354 -0.185 -0.137 -0.316 -0.375 -0.476 -0.542 -0.488 -0.386 -0.123  0.124  0.371  0.477  0.503  0.429  0.188 -0.288 -0.592 -0.638 -0.602
 -0.494 -0.457 -0.337 -0.178  0.128  0.233  0.350  0.277  0.205  0.121  0.156  0.066  0.056 -0.159 -0.176 -0.346 -0.373 -0.429 -0.394 -0.296 -0.182  0.052  0.289  0.312  0.176  0.277  0.542  0.447  0.216  0.408  0.540  0.278  0.164  0.360  0.501  0.621  0.767  0.868  1.000  0.774  0.701  0.671  0.557  0.419  0.207  0.087  0.224  0.263  0.393  0.353  0.344  0.303  0.207  0.124 -0.079 -0.215 -0.291 -0.130 -0.080 -0.250 -0.317 -0.430 -0.496 -0.450 -0.348 -0.103  0.135  0.386  0.502  0.565  0.520  0.264 -0.239 -0.575 -0.644 -0.616
 -0.531 -0.500 -0.343 -0.160  0.183  0.305  0.380  0.291  0.217  0.166  0.187  0.099  0.065 -0.182 -0.220 -0.393 -0.414 -0.475 -0.429 -0.332 -0.204  0.054  0.265  0.301  0.172  0.234  0.472  0.410  0.222  0.411  0.516  0.284  0.192  0.359  0.496  0.612  0.693  0.677  0.774  1.000  0.833  0.754  0.615  0.476  0.240  0.096  0.245  0.287  0.427  0.386  0.374  0.328  0.234  0.147 -0.076 -0.224 -0.306 -0.126 -0.066 -0.259 -0.325 -0.456 -0.524 -0.466 -0.338 -0.064  0.201  0.456  0.610  0.693  0.700  0.464 -0.162 -0.609 -0.695 -0.683
 -0.591 -0.551 -0.379 -0.166  0.228  0.363  0.418  0.313  0.233  0.183  0.219  0.135  0.089 -0.197 -0.239 -0.445 -0.455 -0.527 -0.478 -0.370 -0.227  0.080  0.332  0.405  0.233  0.278  0.566  0.492  0.305  0.496  0.554  0.348  0.292  0.440  0.543  0.625  0.626  0.660  0.701  0.833  1.000  0.768  0.698  0.566  0.318  0.150  0.315  0.366  0.523  0.474  0.463  0.430  0.305  0.192 -0.069 -0.244 -0.352 -0.146 -0.077 -0.299 -0.352 -0.489 -0.568 -0.502 -0.346 -0.040  0.267  0.552  0.712  0.754  0.710  0.369 -0.269 -0.676 -0.759 -0.735
 -0.502 -0.453 -0.273 -0.060  0.289  0.405  0.463  0.334  0.243  0.183  0.242  0.169  0.120 -0.141 -0.205 -0.397 -0.428 -0.490 -0.435 -0.370 -0.275 -0.029  0.219  0.184  0.048  0.196  0.387  0.264  0.123  0.302  0.356  0.157  0.094  0.233  0.336  0.451  0.541  0.595  0.671  0.754  0.768  1.000  0.828  0.640  0.380  0.160  0.317  0.370  0.519  0.466  0.376  0.247  0.137  0.103 -0.116 -0.207 -0.272 -0.105  0.003 -0.160 -0.222 -0.374 -0.446 -0.369 -0.216  0.067  0.337  0.602  0.726  0.808  0.692  0.445 -0.212 -0.614 -0.698 -0.686
 -0.535 -0.481 -0.278 -0.044  0.330  0.451  0.474  0.330  0.249  0.190  0.263  0.200  0.138 -0.146 -0.230 -0.441 -0.462 -0.538 -0.474 -0.407 -0.303  0.007  0.317  0.278  0.079  0.240  0.445  0.278  0.131  0.302  0.320  0.139  0.096  0.212  0.290  0.389  0.455  0.519  0.557  0.615  0.698  0.828  1.000  0.839  0.577  0.297  0.462  0.520  0.677  0.624  0.510  0.383  0.223  0.163 -0.096 -0.204 -0.304 -0.103  0.027 -0.172 -0.210 -0.358 -0.442 -0.357 -0.173  0.133  0.445  0.714  0.759  0.743  0.607  0.308 -0.310 -0.670 -0.729 -0.705
 -0.490 -0.450 -0.219 -0.012  0.322  0.448  0.422  0.295  0.217  0.165  0.217  0.165  0.078 -0.187 -0.284 -0.475 -0.454 -0.502 -0.411 -0.366 -0.297  0.005  0.290  0.242  0.004  0.138  0.342  0.153  0.003  0.188  0.197  0.029  0.011  0.123  0.182  0.285  0.348  0.398  0.419  0.476  0.566  0.640  0.839  1.000  0.817  0.508  0.662  0.711  0.746  0.633  0.518  0.389  0.250  0.207 -0.047 -0.136 -0.228 -0.031  0.108 -0.077 -0.098 -0.234 -0.332 -0.258 -0.038  0.239  0.543  0.763  0.699  0.647  0.516  0.211 -0.349 -0.655 -0.691 -0.663
 -0.338 -0.311 -0.120  0.011  0.229  0.320  0.252  0.167  0.108  0.082  0.110  0.093  0.006 -0.171 -0.268 -0.408 -0.358 -0.373 -0.267 -0.265 -0.254 -0.018  0.221  0.150 -0.091  0.030  0.185 -0.016 -0.131  0.023  0.013 -0.104 -0.098 -0.022  0.004  0.091  0.148  0.197  0.207  0.240  0.318  0.380  0.577  0.817  1.000  0.731  0.704  0.710  0.605  0.550  0.437  0.309  0.191  0.185 -0.000 -0.024 -0.107  0.038  0.183  0.057  0.078 -0.015 -0.130 -0.090  0.141  0.317  0.510  0.595  0.468  0.395  0.300  0.065 -0.298 -0.475 -0.496 -0.475
 -0.225 -0.215 -0.071  0.006  0.136  0.198  0.143  0.099  0.064  0.041  0.058  0.044 -0.011 -0.127 -0.188 -0.286 -0.237 -0.248 -0.178 -0.184 -0.191 -0.032  0.139  0.111 -0.088 -0.009  0.120 -0.028 -0.107  0.003 -0.005 -0.071 -0.062 -0.027 -0.016  0.031  0.063  0.098  0.087  0.096  0.150  0.160  0.297  0.508  0.731  1.000  0.774  0.585  0.404  0.345  0.287  0.226  0.149  0.121 -0.011 -0.030 -0.086  0.012  0.109  0.032  0.049 -0.002 -0.082 -0.067  0.076  0.184  0.337  0.385  0.262  0.176  0.119 -0.053 -0.245 -0.326 -0.326 -0.305
 -0.349 -0.336 -0.151 -0.042  0.177  0.271  0.239  0.168  0.118  0.077  0.101  0.067  0.007 -0.175 -0.241 -0.379 -0.324 -0.350 -0.262 -0.242 -0.219  0.009  0.229  0.203 -0.033  0.057  0.229  0.063 -0.059  0.087  0.092 -0.018 -0.022  0.042  0.076  0.146  0.187  0.229  0.224  0.245  0.315  0.317  0.462  0.662  0.704  0.774  1.000  0.779  0.598  0.458  0.381  0.326  0.233  0.188 -0.002 -0.060 -0.131  0.014  0.123 -0.007 -0.018 -0.110 -0.208 -0.180 -0.007  0.156  0.369  0.502  0.410  0.338  0.261  0.031 -0.305 -0.474 -0.486 -0.458
 -0.406 -0.404 -0.211 -0.101  0.154  0.245  0.216  0.153  0.107  0.077  0.085  0.039 -0.028 -0.229 -0.290 -0.424 -0.359 -0.386 -0.289 -0.237 -0.184  0.092  0.339  0.295  0.042  0.114  0.287  0.113 -0.039  0.092  0.102 -0.019 -0.040  0.031  0.074  0.153  0.219  0.274  0.263  0.287  0.366  0.370  0.520  0.711  0.710  0.585  0.779  1.000  0.814  0.644  0.525  0.445  0.317  0.275  0.055 -0.034 -0.131  0.048  0.168 -0.004 -0.029 -0.151 -0.265 -0.244 -0.054  0.137  0.367  0.481  0.433  0.388  0.313  0.069 -0.330 -0.509 -0.528 -0.503
 -0.516 -0.507 -0.296 -0.152  0.182  0.293  0.290  0.205  0.150  0.112  0.127  0.062 -0.008 -0.261 -0.318 -0.479 -0.427 -0.461 -0.353 -0.261 -0.164  0.178  0.465  0.417  0.154  0.215  0.415  0.245  0.050  0.185  0.208  0.051  0.011  0.104  0.167  0.260  0.333  0.400  0.393  0.427  0.523  0.519  0.677  0.746  0.605  0.404  0.598  0.814  1.000  0.834  0.684  0.573  0.409  0.371  0.108 -0.026 -0.146  0.083  0.202 -0.032 -0.088 -0.264 -0.399 -0.370 -0.162  0.089  0.374  0.543  0.553  0.533  0.440  0.144 -0.362 -0.620 -0.654 -0.624
 -0.495 -0.504 -0.334 -0.240  0.074  0.176  0.187  0.140  0.085  0.051  0.030 -0.041 -0.103 -0.330 -0.360 -0.477 -0.395 -0.402 -0.281 -0.163 -0.053  0.312  0.572  0.496  0.246  0.259  0.414  0.257  0.046  0.127  0.152  0.004 -0.046  0.030  0.095  0.191  0.276  0.356  0.353  0.386  0.474  0.466  0.624  0.633  0.550  0.345  0.458  0.644  0.834  1.000  0.861  0.695  0.513  0.506  0.241  0.089 -0.053  0.188  0.291  0.039 -0.022 -0.214 -0.387 -0.393 -0.183  0.025  0.302  0.425  0.460  0.449  0.381  0.102 -0.331 -0.543 -0.590 -0.568
 -0.511 -0.563 -0.410 -0.354 -0.019  0.085  0.126  0.119  0.063  0.019 -0.044 -0.141 -0.185 -0.415 -0.396 -0.484 -0.353 -0.341 -0.213 -0.050  0.093  0.483  0.680  0.634  0.402  0.318  0.459  0.351  0.117  0.151  0.189  0.048 -0.016  0.045  0.120  0.207  0.286  0.362  0.344  0.374  0.463  0.376  0.510  0.518  0.437  0.287  0.381  0.525  0.684  0.861  1.000  0.865  0.720  0.683  0.398  0.171  0.010  0.273  0.303  0.018 -0.067 -0.268 -0.453 -0.497 -0.286 -0.096  0.204  0.328  0.390  0.377  0.332  0.042 -0.337 -0.515 -0.564 -0.541
 -0.488 -0.554 -0.449 -0.407 -0.075  0.017  0.083  0.090  0.044 -0.006 -0.065 -0.162 -0.165 -0.382 -0.321 -0.401 -0.260 -0.262 -0.184  0.016  0.214  0.617  0.790  0.797  0.581  0.456  0.574  0.486  0.246  0.243  0.264  0.139  0.071  0.101  0.172  0.227  0.272  0.349  0.303  0.328  0.430  0.247  0.383  0.389  0.309  0.226  0.326  0.445  0.573  0.695  0.865  1.000  0.851  0.713  0.429  0.139 -0.047  0.194  0.146 -0.134 -0.207 -0.361 -0.506 -0.558 -0.398 -0.217  0.077  0.218  0.308  0.272  0.237 -0.036 -0.338 -0.475 -0.514 -0.486
 -0.384 -0.506 -0.440 -0.489 -0.218 -0.145 -0.044  0.013 -0.030 -0.095 -0.212 -0.325 -0.310 -0.475 -0.359 -0.363 -0.159 -0.090  0.016  0.230  0.389  0.712  0.710  0.724  0.575  0.375  0.422  0.390  0.167  0.123  0.154  0.056 -0.014 -0.007  0.061  0.121  0.166  0.233  0.207  0.234  0.305  0.137  0.223  0.250  0.191  0.149  0.233  0.317  0.409  0.513  0.720  0.851  1.000  0.858  0.619  0.321  0.178  0.383  0.257  0.020 -0.089 -0.256 -0.411 -0.518 -0.374 -0.295 -0.033  0.072  0.156  0.138  0.133 -0.090 -0.275 -0.328 -0.368 -0.348
 -0.282 -0.443 -0.391 -0.508 -0.312 -0.243 -0.145 -0.054 -0.102 -0.163 -0.320 -0.431 -0.435 -0.548 -0.430 -0.351 -0.098  0.036  0.198  0.402  0.503  0.757  0.657  0.569  0.456  0.239  0.218  0.186 -0.024 -0.083 -0.042 -0.128 -0.190 -0.177 -0.114 -0.030  0.047  0.115  0.124  0.147  0.192  0.103  0.163  0.207  0.185  0.121  0.188  0.275  0.371  0.506  0.683  0.713  0.858  1.000  0.826  0.558  0.432  0.623  0.476  0.260  0.126 -0.081 -0.263 -0.407 -0.251 -0.266 -0.055  0.000  0.062  0.079  0.095 -0.089 -0.212 -0.219 -0.268 -0.261
 -0.017 -0.209 -0.251 -0.462 -0.437 -0.412 -0.319 -0.183 -0.209 -0.255 -0.431 -0.509 -0.496 -0.482 -0.344 -0.146  0.133  0.321  0.487  0.651  0.670  0.709  0.465  0.349  0.337  0.068 -0.041 -0.025 -0.187 -0.298 -0.256 -0.287 -0.332 -0.343 -0.304 -0.233 -0.158 -0.106 -0.079 -0.076 -0.069 -0.116 -0.096 -0.047 -0.000 -0.011 -0.002  0.055  0.108  0.241  0.398  0.429  0.619  0.826  1.000  0.806  0.686  0.753  0.553  0.440  0.317  0.127 -0.025 -0.207 -0.110 -0.273 -0.199 -0.226 -0.191 -0.146 -0.092 -0.149 -0.064  0.044  0.001 -0.007
  0.171  0.013 -0.064 -0.291 -0.409 -0.406 -0.374 -0.256 -0.267 -0.273 -0.418 -0.439 -0.448 -0.349 -0.262 -0.034  0.212  0.413  0.614  0.634  0.543  0.455  0.224  0.054  0.076 -0.111 -0.266 -0.267 -0.353 -0.449 -0.425 -0.420 -0.433 -0.445 -0.436 -0.373 -0.296 -0.263 -0.215 -0.224 -0.244 -0.207 -0.204 -0.136 -0.024 -0.030 -0.060 -0.034 -0.026  0.089  0.171  0.139  0.321  0.558  0.806  1.000  0.838  0.762  0.671  0.658  0.599  0.386  0.232  0.052  0.127 -0.128 -0.181 -0.272 -0.301 -0.236 -0.174 -0.145  0.037  0.184  0.149  0.129
  0.274  0.100  0.017 -0.248 -0.446 -0.462 -0.422 -0.287 -0.294 -0.306 -0.464 -0.482 -0.492 -0.341 -0.253  0.024  0.239  0.481  0.687  0.691  0.507  0.335  0.040 -0.123 -0.053 -0.231 -0.422 -0.396 -0.430 -0.531 -0.506 -0.467 -0.465 -0.486 -0.495 -0.442 -0.375 -0.354 -0.291 -0.306 -0.352 -0.272 -0.304 -0.228 -0.107 -0.086 -0.131 -0.131 -0.146 -0.053  0.010 -0.047  0.178  0.432  0.686  0.838  1.000  0.857  0.692  0.761  0.619  0.448  0.341  0.164  0.192 -0.103 -0.210 -0.345 -0.391 -0.320 -0.236 -0.149  0.114  0.312  0.296  0.270
  0.045 -0.137 -0.106 -0.321 -0.393 -0.366 -0.316 -0.194 -0.215 -0.245 -0.418 -0.477 -0.513 -0.463 -0.389 -0.185  0.041  0.269  0.504  0.564  0.425  0.413  0.201  0.054  0.037 -0.139 -0.248 -0.254 -0.349 -0.414 -0.373 -0.382 -0.401 -0.399 -0.378 -0.303 -0.223 -0.185 -0.130 -0.126 -0.146 -0.105 -0.103 -0.031  0.038  0.012  0.014  0.048  0.083  0.188  0.273  0.194  0.383  0.623  0.753  0.762  0.857  1.000  0.840  0.734  0.530  0.306  0.161 -0.003  0.090 -0.103 -0.100 -0.186 -0.210 -0.147 -0.079 -0.117 -0.013  0.092  0.076  0.063
 -0.010 -0.138 -0.041 -0.199 -0.259 -0.221 -0.217 -0.148 -0.162 -0.170 -0.309 -0.346 -0.418 -0.397 -0.385 -0.259 -0.078  0.112  0.345  0.362  0.204  0.222  0.131 -0.025 -0.099 -0.180 -0.232 -0.292 -0.374 -0.378 -0.346 -0.376 -0.379 -0.352 -0.336 -0.255 -0.170 -0.137 -0.080 -0.066 -0.077  0.003  0.027  0.108  0.183  0.109  0.123  0.168  0.202  0.291  0.303  0.146  0.257  0.476  0.553  0.671  0.692  0.840  1.000  0.824  0.679  0.392  0.214  0.073  0.204  0.043  0.047 -0.033 -0.088 -0.025  0.015 -0.059 -0.060 -0.015 -0.030 -0.037
  0.222  0.106  0.111 -0.096 -0.301 -0.304 -0.317 -0.229 -0.237 -0.226 -0.355 -0.349 -0.407 -0.281 -0.267 -0.085  0.061  0.268  0.469  0.424  0.205  0.094 -0.079 -0.256 -0.243 -0.298 -0.440 -0.473 -0.470 -0.505 -0.494 -0.467 -0.445 -0.445 -0.463 -0.405 -0.334 -0.316 -0.250 -0.259 -0.299 -0.160 -0.172 -0.077  0.057  0.032 -0.007 -0.004 -0.032  0.039  0.018 -0.134  0.020  0.260  0.440  0.658  0.761  0.734  0.824  1.000  0.837  0.586  0.440  0.288  0.349  0.087 -0.031 -0.175 -0.270 -0.207 -0.149 -0.095  0.069  0.215  0.208  0.190
  0.304  0.242  0.202  0.007 -0.239 -0.267 -0.329 -0.260 -0.263 -0.220 -0.318 -0.265 -0.324 -0.162 -0.159  0.015  0.126  0.279  0.426  0.333  0.137 -0.003 -0.151 -0.314 -0.297 -0.326 -0.467 -0.506 -0.478 -0.507 -0.516 -0.474 -0.431 -0.435 -0.473 -0.430 -0.381 -0.375 -0.317 -0.325 -0.352 -0.222 -0.210 -0.098  0.078  0.049 -0.018 -0.029 -0.088 -0.022 -0.067 -0.207 -0.089  0.126  0.317  0.599  0.619  0.530  0.679  0.837  1.000  0.793  0.592  0.423  0.506  0.180  0.007 -0.160 -0.283 -0.230 -0.181 -0.099  0.098  0.253  0.241  0.220
  0.508  0.455  0.361  0.123 -0.230 -0.299 -0.381 -0.302 -0.297 -0.241 -0.316 -0.217 -0.252 -0.003  0.009  0.217  0.267  0.367  0.417  0.271  0.086 -0.133 -0.296 -0.421 -0.359 -0.378 -0.539 -0.552 -0.467 -0.516 -0.541 -0.457 -0.393 -0.422 -0.489 -0.483 -0.466 -0.476 -0.430 -0.456 -0.489 -0.374 -0.358 -0.234 -0.015 -0.002 -0.110 -0.151 -0.264 -0.214 -0.268 -0.361 -0.256 -0.081  0.127  0.386  0.448  0.306  0.392  0.586  0.793  1.000  0.804  0.605  0.610  0.233 -0.043 -0.256 -0.399 -0.367 -0.303 -0.138  0.177  0.397  0.405  0.380
  0.684  0.635  0.537  0.291 -0.168 -0.273 -0.380 -0.314 -0.302 -0.230 -0.270 -0.136 -0.146  0.177  0.205  0.439  0.426  0.455  0.405  0.229  0.065 -0.234 -0.417 -0.514 -0.407 -0.417 -0.592 -0.585 -0.461 -0.514 -0.553 -0.447 -0.366 -0.403 -0.487 -0.504 -0.514 -0.542 -0.496 -0.524 -0.568 -0.446 -0.442 -0.332 -0.130 -0.082 -0.208 -0.265 -0.399 -0.387 -0.453 -0.506 -0.411 -0.263 -0.025  0.232  0.341  0.161  0.214  0.440  0.592  0.804  1.000  0.838  0.660  0.304 -0.056 -0.300 -0.452 -0.426 -0.367 -0.134  0.236  0.469  0.494  0.467
  0.599  0.661  0.631  0.508  0.045 -0.069 -0.241 -0.237 -0.219 -0.127 -0.092  0.071  0.045  0.346  0.299  0.417  0.312  0.294  0.237  0.035 -0.119 -0.392 -0.493 -0.573 -0.491 -0.419 -0.546 -0.565 -0.406 -0.412 -0.469 -0.371 -0.272 -0.297 -0.393 -0.423 -0.450 -0.488 -0.450 -0.466 -0.502 -0.369 -0.357 -0.258 -0.090 -0.067 -0.180 -0.244 -0.370 -0.393 -0.497 -0.558 -0.518 -0.407 -0.207  0.052  0.164 -0.003  0.073  0.288  0.423  0.605  0.838  1.000  0.798  0.505  0.104 -0.155 -0.333 -0.326 -0.295 -0.078  0.211  0.375  0.415  0.392
  0.371  0.425  0.515  0.485  0.162  0.084 -0.126 -0.160 -0.150 -0.055 -0.034  0.104  0.020  0.208  0.110  0.136  0.116  0.128  0.167 -0.016 -0.178 -0.347 -0.380 -0.486 -0.490 -0.395 -0.462 -0.538 -0.420 -0.368 -0.425 -0.374 -0.273 -0.268 -0.354 -0.349 -0.362 -0.386 -0.348 -0.338 -0.346 -0.216 -0.173 -0.038  0.141  0.076 -0.007 -0.054 -0.162 -0.183 -0.286 -0.398 -0.374 -0.251 -0.110  0.127  0.192  0.090  0.204  0.349  0.506  0.610  0.660  0.798  1.000  0.702  0.342  0.063 -0.144 -0.153 -0.144 -0.041  0.101  0.191  0.206  0.184
  0.072  0.166  0.424  0.632  0.495  0.459  0.199  0.038  0.062  0.158  0.250  0.341  0.231  0.263  0.105 -0.028 -0.102 -0.178 -0.150 -0.298 -0.378 -0.400 -0.272 -0.330 -0.429 -0.257 -0.188 -0.319 -0.238 -0.098 -0.157 -0.173 -0.085 -0.044 -0.107 -0.090 -0.106 -0.123 -0.103 -0.064 -0.040  0.067  0.133  0.239  0.317  0.184  0.156  0.137  0.089  0.025 -0.096 -0.217 -0.295 -0.266 -0.273 -0.128 -0.103 -0.103  0.043  0.087  0.180  0.233  0.304  0.505  0.702  1.000  0.718  0.405  0.195  0.143  0.083  0.064 -0.054 -0.148 -0.131 -0.136
 -0.232 -0.142  0.182  0.448  0.620  0.602  0.386  0.200  0.181  0.222  0.298  0.324  0.226  0.078 -0.046 -0.255 -0.298 -0.374 -0.326 -0.374 -0.377 -0.241 -0.031 -0.058 -0.244 -0.095  0.079 -0.076 -0.104  0.076  0.047 -0.043  0.004  0.076  0.065  0.112  0.119  0.124  0.135  0.201  0.267  0.337  0.445  0.543  0.510  0.337  0.369  0.367  0.374  0.302  0.204  0.077 -0.033 -0.055 -0.199 -0.181 -0.210 -0.100  0.047 -0.031  0.007 -0.043 -0.056  0.104  0.342  0.718  1.000  0.721  0.526  0.424  0.314  0.133 -0.222 -0.439 -0.440 -0.426
 -0.451 -0.351 -0.089  0.213  0.555  0.682  0.611  0.420  0.329  0.274  0.383  0.363  0.263 -0.010 -0.149 -0.393 -0.444 -0.535 -0.481 -0.486 -0.423 -0.177  0.114  0.110 -0.104  0.062  0.297  0.128  0.042  0.265  0.254  0.102  0.117  0.230  0.266  0.338  0.353  0.371  0.386  0.456  0.552  0.602  0.714  0.763  0.595  0.385  0.502  0.481  0.543  0.425  0.328  0.218  0.072  0.000 -0.226 -0.272 -0.345 -0.186 -0.033 -0.175 -0.160 -0.256 -0.300 -0.155  0.063  0.405  0.721  1.000  0.844  0.692  0.521  0.208 -0.334 -0.660 -0.675 -0.644
 -0.538 -0.448 -0.223  0.072  0.501  0.630  0.615  0.422  0.321  0.266  0.379  0.328  0.258 -0.053 -0.165 -0.416 -0.467 -0.561 -0.521 -0.472 -0.360 -0.079  0.208  0.233  0.039  0.164  0.414  0.284  0.163  0.371  0.382  0.210  0.199  0.321  0.390  0.456  0.464  0.477  0.502  0.610  0.712  0.726  0.759  0.699  0.468  0.262  0.410  0.433  0.553  0.460  0.390  0.308  0.156  0.062 -0.191 -0.301 -0.391 -0.210 -0.088 -0.270 -0.283 -0.399 -0.452 -0.333 -0.144  0.195  0.526  0.844  1.000  0.849  0.673  0.319 -0.298 -0.696 -0.741 -0.717
 -0.503 -0.432 -0.227  0.029  0.394  0.521  0.494  0.331  0.252  0.235  0.313  0.268  0.194 -0.083 -0.185 -0.399 -0.441 -0.518 -0.467 -0.417 -0.312 -0.052  0.194  0.191  0.035  0.132  0.355  0.241  0.102  0.314  0.348  0.151  0.136  0.296  0.382  0.483  0.503  0.503  0.565  0.693  0.754  0.808  0.743  0.647  0.395  0.176  0.338  0.388  0.533  0.449  0.377  0.272  0.138  0.079 -0.146 -0.236 -0.320 -0.147 -0.025 -0.207 -0.230 -0.367 -0.426 -0.326 -0.153  0.143  0.424  0.692  0.849  1.000  0.830  0.487 -0.211 -0.663 -0.731 -0.715
 -0.427 -0.388 -0.228 -0.040  0.254  0.377  0.351  0.250  0.175  0.188  0.203  0.156  0.077 -0.144 -0.222 -0.374 -0.394 -0.436 -0.373 -0.326 -0.248 -0.030  0.163  0.160  0.025  0.081  0.285  0.199  0.059  0.240  0.291  0.116  0.094  0.243  0.331  0.421  0.440  0.429  0.520  0.700  0.710  0.692  0.607  0.516  0.300  0.119  0.261  0.313  0.440  0.381  0.332  0.237  0.133  0.095 -0.092 -0.174 -0.236 -0.079  0.015 -0.149 -0.181 -0.303 -0.367 -0.295 -0.144  0.083  0.314  0.521  0.673  0.830  1.000  0.684 -0.003 -0.542 -0.650 -0.656
 -0.140 -0.108 -0.047  0.046  0.144  0.188  0.154  0.083  0.042  0.094  0.106  0.112  0.072  0.004 -0.050 -0.112 -0.156 -0.201 -0.194 -0.201 -0.169 -0.118 -0.039 -0.068 -0.087 -0.032  0.040  0.007 -0.035  0.070  0.103  0.005 -0.003  0.094  0.150  0.222  0.245  0.188  0.264  0.464  0.369  0.445  0.308  0.211  0.065 -0.053  0.031  0.069  0.144  0.102  0.042 -0.036 -0.090 -0.089 -0.149 -0.145 -0.149 -0.117 -0.059 -0.095 -0.099 -0.138 -0.134 -0.078 -0.041  0.064  0.133  0.208  0.319  0.487  0.684  1.000  0.317 -0.158 -0.340 -0.407
  0.289  0.276  0.131  0.035 -0.156 -0.219 -0.276 -0.283 -0.256 -0.146 -0.156 -0.088 -0.060  0.085  0.106  0.224  0.208  0.239  0.201  0.146  0.066 -0.127 -0.278 -0.296 -0.163 -0.199 -0.328 -0.249 -0.150 -0.227 -0.234 -0.142 -0.133 -0.187 -0.198 -0.224 -0.239 -0.288 -0.239 -0.162 -0.269 -0.212 -0.310 -0.349 -0.298 -0.245 -0.305 -0.330 -0.362 -0.331 -0.337 -0.338 -0.275 -0.212 -0.064  0.037  0.114 -0.013 -0.060  0.069  0.098  0.177  0.236  0.211  0.101 -0.054 -0.222 -0.334 -0.298 -0.211 -0.003  0.317  1.000  0.517  0.303  0.188
  0.545  0.494  0.209 -0.027 -0.398 -0.524 -0.544 -0.434 -0.396 -0.324 -0.385 -0.297 -0.232  0.059  0.145  0.395  0.413  0.519  0.461  0.384  0.244 -0.080 -0.381 -0.412 -0.187 -0.291 -0.565 -0.433 -0.260 -0.468 -0.509 -0.309 -0.276 -0.414 -0.484 -0.550 -0.569 -0.592 -0.575 -0.609 -0.676 -0.614 -0.670 -0.655 -0.475 -0.326 -0.474 -0.509 -0.620 -0.543 -0.515 -0.475 -0.328 -0.219  0.044  0.184  0.312  0.092 -0.015  0.215  0.253  0.397  0.469  0.375  0.191 -0.148 -0.439 -0.660 -0.696 -0.663 -0.542 -0.158  0.517  1.000  0.845  0.700
  0.553  0.508  0.251  0.013 -0.400 -0.522 -0.553 -0.429 -0.388 -0.329 -0.375 -0.278 -0.218  0.088  0.167  0.415  0.393  0.500  0.442  0.357  0.205 -0.130 -0.430 -0.446 -0.219 -0.321 -0.595 -0.461 -0.274 -0.492 -0.539 -0.320 -0.281 -0.433 -0.518 -0.601 -0.620 -0.638 -0.644 -0.695 -0.759 -0.698 -0.729 -0.691 -0.496 -0.326 -0.486 -0.528 -0.654 -0.590 -0.564 -0.514 -0.368 -0.268  0.001  0.149  0.296  0.076 -0.030  0.208  0.241  0.405  0.494  0.415  0.206 -0.131 -0.440 -0.675 -0.741 -0.731 -0.650 -0.340  0.303  0.845  1.000  0.915
