  1.000  0.790  0.568  0.266 -0.199 -0.335 -0.386 -0.296 -0.281 -0.251 -0.274 -0.150 -0.076  0.276  0.358  0.670  0.681  0.668  0.512  0.349  0.242 -0.122 -0.363 -0.434 -0.255 -0.312 -0.530 -0.475 -0.352 -0.459 -0.494 -0.374 -0.313 -0.374 -0.446 -0.477 -0.495 -0.531 -0.488 -0.530 -0.591 -0.490 -0.522 -0.475 -0.326 -0.217 -0.343 -0.409 -0.516 -0.492 -0.511 -0.490 -0.387 -0.282 -0.008  0.182  0.283  0.046 -0.011  0.233  0.312  0.511  0.681  0.596  0.370  0.064 -0.231 -0.452 -0.531 -0.493 -0.432 -0.145  0.285  0.537  0.546  0.510
  0.790  1.000  0.680  0.437 -0.015 -0.180 -0.284 -0.256 -0.238 -0.189 -0.128  0.029  0.105  0.451  0.534  0.686  0.527  0.502  0.335  0.162  0.044 -0.295 -0.460 -0.502 -0.339 -0.319 -0.489 -0.453 -0.297 -0.368 -0.422 -0.301 -0.227 -0.286 -0.371 -0.422 -0.451 -0.490 -0.458 -0.507 -0.554 -0.447 -0.472 -0.436 -0.295 -0.206 -0.332 -0.407 -0.507 -0.504 -0.568 -0.557 -0.503 -0.437 -0.196  0.027  0.114 -0.130 -0.138  0.115  0.254  0.463  0.635  0.663  0.428  0.165 -0.134 -0.353 -0.449 -0.428 -0.397 -0.121  0.273  0.494  0.509  0.474
  0.568  0.680  1.000  0.705  0.266  0.082 -0.094 -0.150 -0.140 -0.070  0.012  0.203  0.255  0.538  0.534  0.491  0.383  0.258  0.145 -0.026 -0.114 -0.357 -0.420 -0.456 -0.400 -0.318 -0.383 -0.413 -0.291 -0.269 -0.327 -0.263 -0.174 -0.192 -0.271 -0.294 -0.323 -0.362 -0.337 -0.343 -0.374 -0.260 -0.268 -0.207 -0.107 -0.059 -0.137 -0.206 -0.290 -0.335 -0.419 -0.453 -0.442 -0.388 -0.241 -0.053  0.025 -0.094 -0.031  0.123  0.208  0.360  0.536  0.628  0.515  0.417  0.178 -0.094 -0.222 -0.219 -0.225 -0.049  0.127  0.210  0.247  0.230
  0.266  0.437  0.705  1.000  0.665  0.480  0.225  0.035  0.076  0.169  0.374  0.545  0.538  0.661  0.489  0.312  0.130 -0.036 -0.148 -0.314 -0.362 -0.502 -0.422 -0.417 -0.418 -0.258 -0.230 -0.288 -0.161 -0.062 -0.134 -0.113 -0.015  0.002 -0.073 -0.101 -0.149 -0.198 -0.180 -0.156 -0.158 -0.044 -0.034 -0.001  0.018  0.008 -0.031 -0.098 -0.152 -0.242 -0.363 -0.412 -0.486 -0.505 -0.459 -0.291 -0.247 -0.317 -0.197 -0.091  0.005  0.113  0.283  0.498  0.471  0.626  0.448  0.207  0.076  0.039 -0.031  0.047  0.032 -0.030  0.007  0.001
 -0.199 -0.015  0.266  0.665  1.000  0.823  0.574  0.290  0.301  0.356  0.583  0.671  0.672  0.464  0.284 -0.032 -0.176 -0.361 -0.431 -0.499 -0.448 -0.373 -0.148 -0.100 -0.211 -0.030  0.129  0.036  0.077  0.236  0.184  0.124  0.178  0.224  0.199  0.188  0.154  0.131  0.122  0.183  0.226  0.298  0.336  0.327  0.235  0.132  0.183  0.159  0.180  0.072 -0.030 -0.082 -0.213 -0.312 -0.439 -0.414 -0.452 -0.392 -0.260 -0.304 -0.244 -0.232 -0.179  0.033  0.148  0.486  0.618  0.556  0.504  0.396  0.253  0.149 -0.150 -0.401 -0.403 -0.389
 -0.335 -0.180  0.082  0.480  0.823  1.000  0.753  0.453  0.441  0.483  0.673  0.683  0.568  0.305  0.095 -0.186 -0.309 -0.476 -0.503 -0.558 -0.487 -0.336 -0.080 -0.036 -0.183 -0.008  0.188  0.071  0.077  0.264  0.229  0.133  0.185  0.261  0.247  0.259  0.237  0.223  0.226  0.301  0.361  0.413  0.454  0.448  0.320  0.190  0.264  0.247  0.291  0.174  0.077  0.014 -0.143 -0.242 -0.416 -0.410 -0.466 -0.363 -0.220 -0.305 -0.273 -0.303 -0.281 -0.079  0.070  0.452  0.599  0.681  0.629  0.519  0.372  0.190 -0.217 -0.525 -0.521 -0.500
 -0.386 -0.284 -0.094  0.225  0.574  0.753  1.000  0.769  0.628  0.439  0.596  0.477  0.426  0.165 -0.001 -0.216 -0.329 -0.461 -0.471 -0.469 -0.380 -0.218  0.006  0.056 -0.070  0.057  0.254  0.168  0.134  0.287  0.287  0.181  0.187  0.260  0.282  0.300  0.302  0.322  0.345  0.375  0.413  0.466  0.476  0.422  0.260  0.143  0.240  0.216  0.290  0.186  0.114  0.073 -0.053 -0.146 -0.318 -0.373 -0.425 -0.310 -0.211 -0.316 -0.329 -0.372 -0.374 -0.238 -0.124  0.202  0.389  0.618  0.617  0.487  0.342  0.156 -0.275 -0.544 -0.553 -0.525
 -0.296 -0.256 -0.150  0.035  0.290  0.453  0.769  1.000  0.736  0.426  0.393  0.225  0.179  0.005 -0.079 -0.188 -0.267 -0.331 -0.329 -0.311 -0.244 -0.113  0.028  0.064 -0.021  0.028  0.176  0.124  0.071  0.166  0.191  0.107  0.102  0.161  0.191  0.210  0.227  0.255  0.282  0.294  0.312  0.336  0.329  0.291  0.172  0.095  0.170  0.149  0.203  0.134  0.104  0.079 -0.001 -0.059 -0.188 -0.257 -0.292 -0.198 -0.145 -0.223 -0.250 -0.289 -0.302 -0.235 -0.159  0.032  0.193  0.424  0.422  0.327  0.245  0.088 -0.287 -0.437 -0.429 -0.390
 -0.281 -0.238 -0.140  0.076  0.301  0.441  0.628  0.736  1.000  0.740  0.617  0.327  0.219  0.054 -0.047 -0.164 -0.230 -0.306 -0.312 -0.305 -0.244 -0.148 -0.020  0.029 -0.046 -0.003  0.135  0.100  0.066  0.145  0.170  0.113  0.108  0.153  0.176  0.176  0.183  0.191  0.204  0.217  0.231  0.240  0.243  0.211  0.107  0.060  0.119  0.107  0.149  0.084  0.065  0.044 -0.039 -0.102 -0.214 -0.266 -0.299 -0.217 -0.160 -0.227 -0.253 -0.281 -0.294 -0.214 -0.140  0.058  0.172  0.329  0.318  0.239  0.163  0.037 -0.260 -0.398 -0.387 -0.348
 -0.251 -0.189 -0.070  0.169  0.356  0.483  0.439  0.426  0.740  1.000  0.690  0.434  0.255  0.111 -0.006 -0.143 -0.208 -0.299 -0.319 -0.336 -0.287 -0.204 -0.072 -0.019 -0.091 -0.034  0.097  0.058  0.056  0.148  0.149  0.107  0.135  0.178  0.174  0.165  0.148  0.136  0.129  0.174  0.191  0.186  0.191  0.164  0.085  0.038  0.079  0.084  0.115  0.043  0.024 -0.001 -0.093 -0.163 -0.268 -0.279 -0.315 -0.249 -0.166 -0.224 -0.212 -0.235 -0.235 -0.139 -0.064  0.144  0.216  0.280  0.269  0.230  0.191  0.101 -0.143 -0.333 -0.336 -0.318
 -0.274 -0.128  0.012  0.374  0.583  0.673  0.596  0.393  0.617  0.690  1.000  0.789  0.629  0.397  0.172 -0.069 -0.219 -0.385 -0.437 -0.492 -0.422 -0.330 -0.121 -0.056 -0.147 -0.015  0.145  0.089  0.120  0.246  0.221  0.180  0.223  0.273  0.254  0.220  0.182  0.168  0.153  0.186  0.221  0.247  0.267  0.222  0.119  0.058  0.106  0.097  0.130  0.035 -0.037 -0.057 -0.203 -0.311 -0.429 -0.412 -0.466 -0.416 -0.305 -0.353 -0.314 -0.310 -0.276 -0.102 -0.044  0.243  0.295  0.386  0.379  0.309  0.200  0.101 -0.162 -0.393 -0.379 -0.357
 -0.150  0.029  0.203  0.545  0.671  0.683  0.477  0.225  0.327  0.434  0.789  1.000  0.811  0.604  0.328  0.052 -0.128 -0.329 -0.418 -0.516 -0.462 -0.419 -0.202 -0.142 -0.208 -0.043  0.086  0.027  0.105  0.228  0.176  0.161  0.229  0.268  0.221  0.172  0.116  0.079  0.059  0.094  0.134  0.174  0.207  0.175  0.104  0.049  0.071  0.050  0.066 -0.036 -0.140 -0.159 -0.314 -0.421 -0.504 -0.435 -0.481 -0.469 -0.337 -0.339 -0.257 -0.211 -0.136  0.067  0.096  0.335  0.325  0.368  0.329  0.269  0.155  0.105 -0.101 -0.307 -0.280 -0.267
 -0.076  0.105  0.255  0.538  0.672  0.568  0.426  0.179  0.219  0.255  0.629  0.811  1.000  0.764  0.500  0.189 -0.009 -0.236 -0.359 -0.449 -0.381 -0.377 -0.189 -0.103 -0.138  0.013  0.124  0.088  0.166  0.259  0.206  0.207  0.251  0.260  0.227  0.165  0.107  0.073  0.048  0.067  0.088  0.127  0.144  0.088  0.023 -0.002  0.021 -0.013 -0.007 -0.106 -0.191 -0.172 -0.306 -0.433 -0.495 -0.449 -0.491 -0.508 -0.410 -0.399 -0.318 -0.244 -0.145  0.043  0.020  0.235  0.231  0.267  0.261  0.198  0.085  0.075 -0.064 -0.239 -0.222 -0.213
  0.276  0.451  0.538  0.661  0.464  0.305  0.165  0.005  0.054  0.111  0.397  0.604  0.764  1.000  0.753  0.505  0.272  0.046 -0.124 -0.273 -0.269 -0.424 -0.349 -0.294 -0.242 -0.122 -0.115 -0.126 -0.001  0.035 -0.030  0.020  0.089  0.079  0.016 -0.052 -0.116 -0.163 -0.169 -0.184 -0.197 -0.134 -0.138 -0.175 -0.157 -0.118 -0.166 -0.220 -0.260 -0.332 -0.422 -0.386 -0.467 -0.546 -0.479 -0.345 -0.339 -0.461 -0.389 -0.268 -0.155 -0.003  0.176  0.343  0.203  0.263  0.085 -0.008 -0.048 -0.078 -0.140  0.003  0.080  0.055  0.083  0.078
  0.358  0.534  0.534  0.489  0.284  0.095 -0.001 -0.079 -0.047 -0.006  0.172  0.328  0.500  0.753  1.000  0.698  0.429  0.202 -0.001 -0.108 -0.086 -0.269 -0.273 -0.211 -0.131 -0.052 -0.097 -0.089  0.013  0.006 -0.064 -0.008  0.049  0.012 -0.042 -0.104 -0.155 -0.173 -0.177 -0.224 -0.241 -0.200 -0.226 -0.281 -0.261 -0.189 -0.247 -0.301 -0.327 -0.369 -0.409 -0.333 -0.357 -0.435 -0.342 -0.259 -0.245 -0.380 -0.384 -0.257 -0.152  0.017  0.212  0.307  0.117  0.103 -0.044 -0.161 -0.172 -0.187 -0.220 -0.051  0.112  0.150  0.175  0.166
  0.670  0.686  0.491  0.312 -0.032 -0.186 -0.216 -0.188 -0.164 -0.143 -0.069  0.052  0.189  0.505  0.698  1.000  0.717  0.527  0.314  0.206  0.182 -0.129 -0.295 -0.288 -0.133 -0.161 -0.300 -0.255 -0.160 -0.245 -0.288 -0.192 -0.145 -0.202 -0.264 -0.321 -0.352 -0.367 -0.345 -0.399 -0.448 -0.393 -0.434 -0.466 -0.398 -0.283 -0.388 -0.438 -0.493 -0.481 -0.490 -0.408 -0.363 -0.352 -0.139 -0.028  0.033 -0.180 -0.265 -0.077  0.022  0.224  0.446  0.422  0.141 -0.028 -0.252 -0.399 -0.418 -0.402 -0.379 -0.119  0.217  0.389  0.414  0.399
  0.681  0.527  0.383  0.130 -0.176 -0.309 -0.329 -0.267 -0.230 -0.208 -0.219 -0.128 -0.009  0.272  0.429  0.717  1.000  0.806  0.549  0.440  0.464  0.109 -0.141 -0.171 -0.021 -0.126 -0.302 -0.259 -0.209 -0.323 -0.350 -0.269 -0.242 -0.299 -0.342 -0.370 -0.384 -0.393 -0.366 -0.417 -0.455 -0.421 -0.455 -0.449 -0.352 -0.232 -0.326 -0.376 -0.441 -0.399 -0.354 -0.268 -0.164 -0.102  0.136  0.221  0.253  0.047 -0.074  0.072  0.134  0.271  0.424  0.315  0.122 -0.102 -0.295 -0.445 -0.466 -0.443 -0.400 -0.162  0.205  0.403  0.383  0.359
  0.668  0.502  0.258 -0.036 -0.361 -0.476 -0.461 -0.331 -0.306 -0.299 -0.385 -0.329 -0.236  0.046  0.202  0.527  0.806  1.000  0.782  0.666  0.610  0.219 -0.121 -0.194 -0.005 -0.177 -0.419 -0.344 -0.307 -0.460 -0.468 -0.372 -0.353 -0.419 -0.458 -0.469 -0.466 -0.477 -0.428 -0.479 -0.532 -0.492 -0.540 -0.505 -0.377 -0.246 -0.351 -0.400 -0.471 -0.405 -0.341 -0.266 -0.099  0.030  0.321  0.418  0.489  0.264  0.102  0.273  0.283  0.375  0.462  0.304  0.135 -0.176 -0.375 -0.541 -0.565 -0.525 -0.447 -0.200  0.242  0.518  0.499  0.473
  0.512  0.335  0.145 -0.148 -0.431 -0.503 -0.471 -0.329 -0.312 -0.319 -0.437 -0.418 -0.359 -0.124 -0.001  0.314  0.549  0.782  1.000  0.795  0.605  0.275 -0.060 -0.170 -0.034 -0.214 -0.436 -0.379 -0.369 -0.511 -0.504 -0.422 -0.411 -0.464 -0.492 -0.475 -0.446 -0.449 -0.398 -0.436 -0.489 -0.449 -0.484 -0.424 -0.277 -0.182 -0.271 -0.300 -0.362 -0.285 -0.215 -0.185  0.008  0.189  0.486  0.615  0.688  0.493  0.333  0.470  0.426  0.421  0.412  0.249  0.173 -0.144 -0.331 -0.494 -0.528 -0.479 -0.385 -0.204  0.196  0.465  0.448  0.420
  0.349  0.162 -0.026 -0.314 -0.499 -0.558 -0.469 -0.311 -0.305 -0.336 -0.492 -0.516 -0.449 -0.273 -0.108  0.206  0.440  0.666  0.795  1.000  0.811  0.509  0.160  0.053  0.172 -0.070 -0.280 -0.215 -0.275 -0.438 -0.416 -0.367 -0.393 -0.444 -0.445 -0.416 -0.365 -0.344 -0.303 -0.337 -0.379 -0.379 -0.412 -0.370 -0.266 -0.180 -0.245 -0.239 -0.263 -0.160 -0.047  0.015  0.224  0.395  0.647  0.638  0.697  0.560  0.356  0.420  0.331  0.273  0.240  0.049 -0.004 -0.288 -0.373 -0.489 -0.475 -0.425 -0.336 -0.209  0.133  0.385  0.363  0.343
  0.242  0.044 -0.114 -0.362 -0.448 -0.487 -0.380 -0.244 -0.244 -0.287 -0.422 -0.462 -0.381 -0.269 -0.086  0.182  0.464  0.610  0.605  0.811  1.000  0.745  0.384  0.289  0.407  0.138 -0.067 -0.009 -0.120 -0.285 -0.265 -0.254 -0.298 -0.340 -0.319 -0.289 -0.242 -0.213 -0.186 -0.206 -0.229 -0.275 -0.300 -0.299 -0.263 -0.197 -0.227 -0.193 -0.166 -0.052  0.098  0.213  0.386  0.503  0.670  0.542  0.515  0.423  0.198  0.201  0.131  0.083  0.070 -0.112 -0.169 -0.373 -0.376 -0.419 -0.356 -0.315 -0.257 -0.170  0.056  0.239  0.205  0.192
 -0.122 -0.295 -0.357 -0.502 -0.373 -0.336 -0.218 -0.113 -0.148 -0.204 -0.330 -0.419 -0.377 -0.424 -0.269 -0.129  0.109  0.219  0.275  0.509  0.745  1.000  0.760  0.651  0.680  0.450  0.268  0.266  0.094 -0.046 -0.042 -0.098 -0.169 -0.186 -0.133 -0.076 -0.012  0.052  0.051  0.057  0.080 -0.025  0.010 -0.000 -0.028 -0.036  0.004  0.094  0.181  0.311  0.489  0.618  0.712  0.758  0.706  0.452  0.340  0.417  0.223  0.088 -0.013 -0.141 -0.231 -0.387 -0.338 -0.388 -0.228 -0.167 -0.070 -0.051 -0.035 -0.118 -0.128 -0.082 -0.132 -0.129
 -0.363 -0.460 -0.420 -0.422 -0.148 -0.080  0.006  0.028 -0.020 -0.072 -0.121 -0.202 -0.189 -0.349 -0.273 -0.295 -0.141 -0.121 -0.060  0.160  0.384  0.760  1.000  0.841  0.671  0.609  0.589  0.469  0.231  0.181  0.183  0.052 -0.036 -0.016  0.058  0.123  0.222  0.323  0.290  0.269  0.336  0.231  0.325  0.291  0.216  0.138  0.225  0.346  0.471  0.575  0.688  0.792  0.712  0.662  0.468  0.228  0.049  0.214  0.148 -0.076 -0.150 -0.299 -0.415 -0.497 -0.377 -0.264 -0.022  0.126  0.214  0.198  0.169 -0.036 -0.275 -0.380 -0.433 -0.418
 -0.434 -0.502 -0.456 -0.417 -0.100 -0.036  0.056  0.064  0.029 -0.019 -0.056 -0.142 -0.103 -0.294 -0.211 -0.288 -0.171 -0.194 -0.170  0.053  0.289  0.651  0.841  1.000  0.806  0.619  0.718  0.676  0.401  0.345  0.370  0.247  0.148  0.152  0.235  0.263  0.304  0.387  0.317  0.306  0.407  0.201  0.290  0.239  0.142  0.105  0.198  0.299  0.419  0.497  0.639  0.798  0.725  0.571  0.343  0.049 -0.121  0.061 -0.012 -0.260 -0.321 -0.431 -0.520 -0.586 -0.489 -0.325 -0.053  0.120  0.243  0.197  0.167 -0.068 -0.290 -0.414 -0.450 -0.427
 -0.255 -0.339 -0.400 -0.418 -0.211 -0.183 -0.070 -0.021 -0.046 -0.091 -0.147 -0.208 -0.138 -0.242 -0.131 -0.133 -0.021 -0.005 -0.034  0.172  0.407  0.680  0.671  0.806  1.000  0.746  0.565  0.650  0.496  0.297  0.288  0.248  0.144  0.097  0.156  0.157  0.179  0.232  0.174  0.169  0.226  0.055  0.088 -0.003 -0.101 -0.088 -0.039  0.042  0.157  0.243  0.400  0.576  0.569  0.444  0.320  0.065 -0.055  0.034 -0.099 -0.247 -0.301 -0.363 -0.404 -0.489 -0.486 -0.419 -0.232 -0.094  0.046  0.031  0.020 -0.094 -0.163 -0.190 -0.222 -0.206
 -0.312 -0.319 -0.318 -0.258 -0.030 -0.008  0.057  0.028 -0.003 -0.034 -0.015 -0.043  0.013 -0.122 -0.052 -0.161 -0.126 -0.177 -0.214 -0.070  0.138  0.450  0.609  0.619  0.746  1.000  0.725  0.633  0.616  0.493  0.389  0.335  0.244  0.193  0.231  0.225  0.273  0.348  0.272  0.229  0.271  0.195  0.242  0.131  0.025 -0.004  0.054  0.108  0.215  0.253  0.316  0.458  0.374  0.239  0.065 -0.105 -0.224 -0.131 -0.168 -0.291 -0.319 -0.370 -0.405 -0.412 -0.383 -0.244 -0.079  0.072  0.166  0.129  0.079 -0.043 -0.192 -0.290 -0.322 -0.302
 -0.530 -0.489 -0.383 -0.230  0.129  0.188  0.254  0.176  0.135  0.097  0.145  0.086  0.124 -0.115 -0.097 -0.300 -0.302 -0.419 -0.436 -0.280 -0.067  0.268  0.589  0.718  0.565  0.725  1.000  0.849  0.626  0.687  0.685  0.513  0.404  0.437  0.514  0.526  0.564  0.645  0.541  0.473  0.566  0.397  0.452  0.338  0.175  0.114  0.226  0.284  0.413  0.411  0.459  0.573  0.424  0.224 -0.041 -0.264 -0.420 -0.241 -0.219 -0.436 -0.468 -0.543 -0.593 -0.553 -0.462 -0.185  0.082  0.306  0.416  0.357  0.296  0.044 -0.326 -0.570 -0.599 -0.561
 -0.475 -0.453 -0.413 -0.288  0.036  0.071  0.168  0.124  0.100  0.058  0.089  0.027  0.088 -0.126 -0.089 -0.255 -0.259 -0.344 -0.379 -0.215 -0.009  0.266  0.469  0.676  0.650  0.633  0.849  1.000  0.785  0.700  0.756  0.664  0.522  0.496  0.582  0.540  0.526  0.556  0.451  0.417  0.498  0.275  0.287  0.150 -0.028 -0.044  0.053  0.111  0.247  0.255  0.346  0.477  0.387  0.183 -0.033 -0.273 -0.396 -0.249 -0.278 -0.466 -0.500 -0.554 -0.583 -0.564 -0.530 -0.305 -0.066  0.143  0.299  0.252  0.222  0.019 -0.246 -0.442 -0.466 -0.430
 -0.352 -0.297 -0.291 -0.161  0.077  0.077  0.134  0.071  0.066  0.056  0.120  0.105  0.166 -0.001  0.013 -0.160 -0.209 -0.307 -0.369 -0.275 -0.120  0.094  0.231  0.401  0.496  0.616  0.626  0.785  1.000  0.819  0.708  0.773  0.696  0.563  0.558  0.435  0.337  0.344  0.226  0.232  0.310  0.132  0.141  0.003 -0.143 -0.125 -0.068 -0.051  0.047  0.039  0.107  0.236  0.160 -0.030 -0.193 -0.359 -0.429 -0.345 -0.362 -0.462 -0.468 -0.467 -0.462 -0.405 -0.414 -0.228 -0.096  0.052  0.174  0.105  0.077 -0.024 -0.133 -0.259 -0.277 -0.253
 -0.459 -0.368 -0.269 -0.062  0.236  0.264  0.287  0.166  0.145  0.148  0.246  0.228  0.259  0.035  0.006 -0.245 -0.323 -0.460 -0.511 -0.438 -0.285 -0.046  0.181  0.345  0.297  0.493  0.687  0.700  0.819  1.000  0.878  0.792  0.776  0.767  0.747  0.677  0.547  0.529  0.418  0.419  0.501  0.310  0.311  0.188  0.015 -0.013  0.082  0.081  0.180  0.124  0.146  0.239  0.117 -0.086 -0.300 -0.451 -0.532 -0.408 -0.370 -0.502 -0.498 -0.513 -0.516 -0.417 -0.367 -0.095  0.077  0.273  0.376  0.319  0.256  0.080 -0.215 -0.464 -0.492 -0.460
 -0.494 -0.422 -0.327 -0.134  0.184  0.229  0.287  0.191  0.170  0.149  0.221  0.176  0.206 -0.030 -0.064 -0.288 -0.350 -0.468 -0.504 -0.416 -0.265 -0.042  0.183  0.370  0.288  0.389  0.685  0.756  0.708  0.878  1.000  0.856  0.751  0.788  0.846  0.788  0.697  0.651  0.550  0.524  0.557  0.363  0.329  0.198  0.007 -0.019  0.086  0.094  0.204  0.148  0.184  0.259  0.148 -0.044 -0.260 -0.430 -0.510 -0.371 -0.339 -0.491 -0.509 -0.543 -0.556 -0.478 -0.429 -0.156  0.044  0.263  0.387  0.355  0.306  0.115 -0.229 -0.507 -0.540 -0.506
 -0.374 -0.301 -0.263 -0.113  0.124  0.133  0.181  0.107  0.113  0.107  0.180  0.161  0.207  0.020 -0.008 -0.192 -0.269 -0.372 -0.422 -0.367 -0.254 -0.098  0.052  0.247  0.248  0.335  0.513  0.664  0.773  0.792  0.856  1.000  0.885  0.763  0.775  0.599  0.436  0.397  0.287  0.291  0.347  0.160  0.143  0.027 -0.110 -0.082 -0.023 -0.029  0.045 -0.005  0.040  0.130  0.045 -0.138 -0.291 -0.428 -0.475 -0.391 -0.377 -0.468 -0.467 -0.459 -0.451 -0.377 -0.379 -0.175 -0.046  0.102  0.210  0.153  0.126  0.019 -0.134 -0.305 -0.318 -0.290
 -0.313 -0.227 -0.174 -0.015  0.178  0.185  0.187  0.102  0.108  0.135  0.223  0.229  0.251  0.089  0.049 -0.145 -0.242 -0.353 -0.411 -0.393 -0.298 -0.169 -0.036  0.148  0.144  0.244  0.404  0.522  0.696  0.776  0.751  0.885  1.000  0.869  0.760  0.586  0.324  0.276  0.176  0.197  0.293  0.103  0.106  0.014 -0.102 -0.077 -0.027 -0.047  0.015 -0.048 -0.019  0.064 -0.029 -0.201 -0.338 -0.441 -0.475 -0.410 -0.377 -0.441 -0.420 -0.391 -0.367 -0.276 -0.277 -0.083  0.010  0.121  0.202  0.141  0.107  0.010 -0.127 -0.276 -0.283 -0.257
 -0.374 -0.286 -0.192  0.002  0.224  0.261  0.260  0.161  0.153  0.178  0.273  0.268  0.260  0.079  0.012 -0.202 -0.299 -0.419 -0.464 -0.444 -0.340 -0.186 -0.016  0.152  0.097  0.193  0.437  0.496  0.563  0.767  0.788  0.763  0.869  1.000  0.904  0.798  0.536  0.447  0.366  0.360  0.435  0.235  0.216  0.122 -0.019 -0.032  0.040  0.025  0.101  0.026  0.038  0.093 -0.020 -0.186 -0.350 -0.450 -0.495 -0.405 -0.349 -0.439 -0.427 -0.421 -0.401 -0.302 -0.275 -0.047  0.075  0.234  0.319  0.295  0.245  0.099 -0.181 -0.409 -0.428 -0.399
 -0.446 -0.371 -0.271 -0.073  0.199  0.247  0.282  0.191  0.176  0.174  0.254  0.221  0.227  0.016 -0.042 -0.264 -0.342 -0.458 -0.492 -0.445 -0.319 -0.133  0.058  0.235  0.156  0.231  0.514  0.582  0.558  0.747  0.846  0.775  0.760  0.904  1.000  0.902  0.705  0.590  0.507  0.498  0.539  0.335  0.293  0.179  0.004 -0.020  0.076  0.072  0.165  0.094  0.116  0.168  0.052 -0.122 -0.311 -0.440 -0.502 -0.381 -0.330 -0.455 -0.464 -0.490 -0.486 -0.400 -0.361 -0.108  0.063  0.268  0.384  0.378  0.333  0.160 -0.193 -0.481 -0.515 -0.482
 -0.477 -0.422 -0.294 -0.101  0.188  0.259  0.300  0.210  0.176  0.165  0.220  0.172  0.165 -0.052 -0.104 -0.321 -0.370 -0.469 -0.475 -0.416 -0.289 -0.076  0.123  0.263  0.157  0.225  0.526  0.540  0.435  0.677  0.788  0.599  0.586  0.798  0.902  1.000  0.847  0.700  0.620  0.609  0.618  0.445  0.387  0.279  0.087  0.029  0.146  0.148  0.251  0.185  0.200  0.223  0.114 -0.035 -0.242 -0.378 -0.446 -0.304 -0.250 -0.401 -0.427 -0.482 -0.494 -0.424 -0.348 -0.086  0.110  0.340  0.448  0.476  0.418  0.224 -0.224 -0.545 -0.594 -0.562
 -0.495 -0.451 -0.323 -0.149  0.154  0.237  0.302  0.227  0.183  0.148  0.182  0.116  0.107 -0.116 -0.155 -0.352 -0.384 -0.466 -0.446 -0.365 -0.242 -0.012  0.222  0.304  0.179  0.273  0.564  0.526  0.337  0.547  0.697  0.436  0.324  0.536  0.705  0.847  1.000  0.877  0.759  0.686  0.618  0.532  0.450  0.341  0.144  0.067  0.191  0.212  0.326  0.274  0.283  0.273  0.168  0.052 -0.161 -0.295 -0.376 -0.216 -0.160 -0.330 -0.378 -0.466 -0.505 -0.449 -0.356 -0.099  0.119  0.359  0.456  0.495  0.435  0.238 -0.246 -0.571 -0.616 -0.582
 -0.531 -0.490 -0.362 -0.198  0.131  0.223  0.322  0.255  0.191  0.136  0.168  0.079  0.073 -0.163 -0.173 -0.367 -0.393 -0.477 -0.449 -0.344 -0.213  0.052  0.323  0.387  0.232  0.348  0.645  0.556  0.344  0.529  0.651  0.397  0.276  0.447  0.590  0.700  0.877  1.000  0.867  0.675  0.655  0.590  0.518  0.390  0.192  0.103  0.232  0.268  0.391  0.352  0.359  0.347  0.237  0.122 -0.110 -0.265 -0.358 -0.185 -0.131 -0.318 -0.378 -0.480 -0.542 -0.493 -0.386 -0.123  0.121  0.378  0.470  0.496  0.427  0.183 -0.291 -0.591 -0.635 -0.598
 -0.488 -0.458 -0.337 -0.180  0.122  0.226  0.345  0.282  0.204  0.129  0.153  0.059  0.048 -0.169 -0.177 -0.345 -0.366 -0.428 -0.398 -0.303 -0.186  0.051  0.290  0.317  0.174  0.272  0.541  0.451  0.226  0.418  0.550  0.287  0.176  0.366  0.507  0.620  0.759  0.867  1.000  0.773  0.698  0.664  0.552  0.407  0.201  0.082  0.219  0.251  0.374  0.344  0.342  0.301  0.215  0.132 -0.081 -0.214 -0.294 -0.130 -0.073 -0.249 -0.311 -0.427 -0.493 -0.457 -0.350 -0.104  0.129  0.388  0.494  0.559  0.519  0.265 -0.240 -0.575 -0.641 -0.611
 -0.530 -0.507 -0.343 -0.156  0.183  0.301  0.375  0.294  0.217  0.174  0.186  0.094  0.067 -0.184 -0.224 -0.399 -0.417 -0.479 -0.436 -0.337 -0.206  0.057  0.269  0.306  0.169  0.229  0.473  0.417  0.232  0.419  0.524  0.291  0.197  0.360  0.498  0.609  0.686  0.675  0.773  1.000  0.832  0.752  0.618  0.471  0.237  0.090  0.247  0.290  0.425  0.390  0.378  0.332  0.237  0.153 -0.078 -0.230 -0.311 -0.125 -0.068 -0.264 -0.327 -0.459 -0.524 -0.476 -0.341 -0.060  0.202  0.463  0.612  0.696  0.707  0.474 -0.161 -0.612 -0.697 -0.683
 -0.591 -0.554 -0.374 -0.158  0.226  0.361  0.413  0.312  0.231  0.191  0.221  0.134  0.088 -0.197 -0.241 -0.448 -0.455 -0.532 -0.489 -0.379 -0.229  0.080  0.336  0.407  0.226  0.271  0.566  0.498  0.310  0.501  0.557  0.347  0.293  0.435  0.539  0.618  0.618  0.655  0.698  0.832  1.000  0.769  0.702  0.566  0.318  0.143  0.322  0.375  0.526  0.479  0.465  0.429  0.303  0.195 -0.069 -0.244 -0.357 -0.144 -0.071 -0.303 -0.350 -0.488 -0.566 -0.509 -0.345 -0.034  0.267  0.559  0.710  0.753  0.715  0.381 -0.270 -0.681 -0.758 -0.734
 -0.490 -0.447 -0.260 -0.044  0.298  0.413  0.466  0.336  0.240  0.186  0.247  0.174  0.127 -0.134 -0.200 -0.393 -0.421 -0.492 -0.449 -0.379 -0.275 -0.025  0.231  0.201  0.055  0.195  0.397  0.275  0.132  0.310  0.363  0.160  0.103  0.235  0.335  0.445  0.532  0.590  0.664  0.752  0.769  1.000  0.832  0.645  0.387  0.150  0.319  0.373  0.520  0.468  0.375  0.252  0.141  0.107 -0.120 -0.212 -0.288 -0.121 -0.011 -0.182 -0.233 -0.382 -0.449 -0.373 -0.219  0.072  0.346  0.619  0.734  0.812  0.695  0.453 -0.214 -0.621 -0.701 -0.689
 -0.522 -0.472 -0.268 -0.034  0.336  0.454  0.476  0.329  0.243  0.191  0.267  0.207  0.144 -0.138 -0.226 -0.434 -0.455 -0.540 -0.484 -0.412 -0.300  0.010  0.325  0.290  0.088  0.242  0.452  0.287  0.141  0.311  0.329  0.143  0.106  0.216  0.293  0.387  0.450  0.518  0.552  0.618  0.702  0.832  1.000  0.838  0.574  0.287  0.456  0.517  0.672  0.619  0.501  0.381  0.220  0.164 -0.099 -0.211 -0.316 -0.113  0.013 -0.198 -0.227 -0.364 -0.442 -0.361 -0.174  0.136  0.448  0.723  0.767  0.752  0.620  0.327 -0.297 -0.674 -0.732 -0.712
 -0.475 -0.436 -0.207 -0.001  0.327  0.448  0.422  0.291  0.211  0.164  0.222  0.175  0.088 -0.175 -0.281 -0.466 -0.449 -0.505 -0.424 -0.370 -0.299 -0.000  0.291  0.239 -0.003  0.131  0.338  0.150  0.003  0.188  0.198  0.027  0.014  0.122  0.179  0.279  0.341  0.390  0.407  0.471  0.566  0.645  0.838  1.000  0.817  0.503  0.659  0.704  0.739  0.626  0.505  0.377  0.235  0.201 -0.055 -0.147 -0.237 -0.035  0.100 -0.096 -0.110 -0.233 -0.328 -0.255 -0.031  0.248  0.548  0.771  0.702  0.650  0.525  0.228 -0.333 -0.649 -0.689 -0.663
 -0.326 -0.295 -0.107  0.018  0.235  0.320  0.260  0.172  0.107  0.085  0.119  0.104  0.023 -0.157 -0.261 -0.398 -0.352 -0.377 -0.277 -0.266 -0.263 -0.028  0.216  0.142 -0.101  0.025  0.175 -0.028 -0.143  0.015  0.007 -0.110 -0.102 -0.019  0.004  0.087  0.144  0.192  0.201  0.237  0.318  0.387  0.574  0.817  1.000  0.731  0.702  0.706  0.601  0.542  0.426  0.298  0.179  0.179 -0.011 -0.036 -0.111  0.039  0.180  0.044  0.064 -0.015 -0.131 -0.086  0.145  0.322  0.508  0.600  0.469  0.399  0.304  0.077 -0.289 -0.470 -0.495 -0.477
 -0.217 -0.206 -0.059  0.008  0.132  0.190  0.143  0.095  0.060  0.038  0.058  0.049 -0.002 -0.118 -0.189 -0.283 -0.232 -0.246 -0.182 -0.180 -0.197 -0.036  0.138  0.105 -0.088 -0.004  0.114 -0.044 -0.125 -0.013 -0.019 -0.082 -0.077 -0.032 -0.020  0.029  0.067  0.103  0.082  0.090  0.143  0.150  0.287  0.503  0.731  1.000  0.769  0.578  0.394  0.336  0.283  0.221  0.145  0.122 -0.017 -0.035 -0.082  0.019  0.113  0.032  0.045 -0.004 -0.082 -0.063  0.075  0.180  0.329  0.384  0.256  0.161  0.111 -0.055 -0.231 -0.309 -0.318 -0.302
 -0.343 -0.332 -0.137 -0.031  0.183  0.264  0.240  0.170  0.119  0.079  0.106  0.071  0.021 -0.166 -0.247 -0.388 -0.326 -0.351 -0.271 -0.245 -0.227  0.004  0.225  0.198 -0.039  0.054  0.226  0.053 -0.068  0.082  0.086 -0.023 -0.027  0.040  0.076  0.146  0.191  0.232  0.219  0.247  0.322  0.319  0.456  0.659  0.702  0.769  1.000  0.778  0.593  0.451  0.381  0.323  0.225  0.184 -0.008 -0.062 -0.129  0.024  0.130 -0.006 -0.018 -0.113 -0.213 -0.187 -0.008  0.158  0.371  0.505  0.406  0.332  0.260  0.035 -0.298 -0.469 -0.487 -0.458
 -0.409 -0.407 -0.206 -0.098  0.159  0.247  0.216  0.149  0.107  0.084  0.097  0.050 -0.013 -0.220 -0.301 -0.438 -0.376 -0.400 -0.300 -0.239 -0.193  0.094  0.346  0.299  0.042  0.108  0.284  0.111 -0.051  0.081  0.094 -0.029 -0.047  0.025  0.072  0.148  0.212  0.268  0.251  0.290  0.375  0.373  0.517  0.704  0.706  0.578  0.778  1.000  0.816  0.648  0.527  0.446  0.315  0.278  0.058 -0.029 -0.126  0.061  0.176 -0.004 -0.028 -0.152 -0.273 -0.256 -0.056  0.137  0.370  0.491  0.438  0.393  0.323  0.076 -0.322 -0.504 -0.528 -0.504
 -0.516 -0.507 -0.290 -0.152  0.180  0.291  0.290  0.203  0.149  0.115  0.130  0.066 -0.007 -0.260 -0.327 -0.493 -0.441 -0.471 -0.362 -0.263 -0.166  0.181  0.471  0.419  0.157  0.215  0.413  0.247  0.047  0.180  0.204  0.045  0.015  0.101  0.165  0.251  0.326  0.391  0.374  0.425  0.526  0.520  0.672  0.739  0.601  0.394  0.593  0.816  1.000  0.836  0.685  0.575  0.410  0.377  0.117 -0.020 -0.141  0.095  0.206 -0.035 -0.091 -0.268 -0.405 -0.380 -0.163  0.088  0.379  0.552  0.556  0.538  0.448  0.152 -0.353 -0.618 -0.651 -0.623
 -0.492 -0.504 -0.335 -0.242  0.072  0.174  0.186  0.134  0.084  0.043  0.035 -0.036 -0.106 -0.332 -0.369 -0.481 -0.399 -0.405 -0.285 -0.160 -0.052  0.311  0.575  0.497  0.243  0.253  0.411  0.255  0.039  0.124  0.148 -0.005 -0.048  0.026  0.094  0.185  0.274  0.352  0.344  0.390  0.479  0.468  0.619  0.626  0.542  0.336  0.451  0.648  0.836  1.000  0.859  0.697  0.517  0.515  0.253  0.095 -0.044  0.200  0.295  0.036 -0.028 -0.221 -0.387 -0.397 -0.183  0.028  0.310  0.434  0.466  0.455  0.390  0.114 -0.323 -0.540 -0.589 -0.570
 -0.511 -0.568 -0.419 -0.363 -0.030  0.077  0.114  0.104  0.065  0.024 -0.037 -0.140 -0.191 -0.422 -0.409 -0.490 -0.354 -0.341 -0.215 -0.047  0.098  0.489  0.688  0.639  0.400  0.316  0.459  0.346  0.107  0.146  0.184  0.040 -0.019  0.038  0.116  0.200  0.283  0.359  0.342  0.378  0.465  0.375  0.501  0.505  0.426  0.283  0.381  0.527  0.685  0.859  1.000  0.870  0.731  0.699  0.412  0.175  0.019  0.289  0.312  0.017 -0.076 -0.277 -0.457 -0.509 -0.294 -0.102  0.206  0.331  0.393  0.376  0.335  0.047 -0.331 -0.509 -0.559 -0.538
 -0.490 -0.557 -0.453 -0.412 -0.082  0.014  0.073  0.079  0.044 -0.001 -0.057 -0.159 -0.172 -0.386 -0.333 -0.408 -0.268 -0.266 -0.185  0.015  0.213  0.618  0.792  0.798  0.576  0.458  0.573  0.477  0.236  0.239  0.259  0.130  0.064  0.093  0.168  0.223  0.273  0.347  0.301  0.332  0.429  0.252  0.381  0.377  0.298  0.221  0.323  0.446  0.575  0.697  0.870  1.000  0.852  0.716  0.431  0.139 -0.040  0.209  0.161 -0.128 -0.208 -0.366 -0.506 -0.565 -0.400 -0.216  0.083  0.225  0.312  0.274  0.243 -0.032 -0.331 -0.473 -0.512 -0.482
 -0.387 -0.503 -0.442 -0.486 -0.213 -0.143 -0.053 -0.001 -0.039 -0.093 -0.203 -0.314 -0.306 -0.467 -0.357 -0.363 -0.164 -0.099  0.008  0.224  0.386  0.712  0.712  0.725  0.569  0.374  0.424  0.387  0.160  0.117  0.148  0.045 -0.029 -0.020  0.052  0.114  0.168  0.237  0.215  0.237  0.303  0.141  0.220  0.235  0.179  0.145  0.225  0.315  0.410  0.517  0.731  0.852  1.000  0.859  0.617  0.318  0.180  0.390  0.268  0.021 -0.092 -0.260 -0.408 -0.518 -0.372 -0.288 -0.023  0.077  0.159  0.137  0.133 -0.086 -0.266 -0.320 -0.365 -0.346
 -0.282 -0.437 -0.388 -0.505 -0.312 -0.242 -0.146 -0.059 -0.102 -0.163 -0.311 -0.421 -0.433 -0.546 -0.435 -0.352 -0.102  0.030  0.189  0.395  0.503  0.758  0.662  0.571  0.444  0.239  0.224  0.183 -0.030 -0.086 -0.044 -0.138 -0.201 -0.186 -0.122 -0.035  0.052  0.122  0.132  0.153  0.195  0.107  0.164  0.201  0.179  0.122  0.184  0.278  0.377  0.515  0.699  0.716  0.859  1.000  0.823  0.554  0.431  0.624  0.481  0.256  0.118 -0.087 -0.259 -0.406 -0.251 -0.260 -0.043  0.009  0.069  0.081  0.094 -0.081 -0.205 -0.217 -0.271 -0.265
 -0.008 -0.196 -0.241 -0.459 -0.439 -0.416 -0.318 -0.188 -0.214 -0.268 -0.429 -0.504 -0.495 -0.479 -0.342 -0.139  0.136  0.321  0.486  0.647  0.670  0.706  0.468  0.343  0.320  0.065 -0.041 -0.033 -0.193 -0.300 -0.260 -0.291 -0.338 -0.350 -0.311 -0.242 -0.161 -0.110 -0.081 -0.078 -0.069 -0.120 -0.099 -0.055 -0.011 -0.017 -0.008  0.058  0.117  0.253  0.412  0.431  0.617  0.823  1.000  0.807  0.691  0.757  0.554  0.438  0.311  0.126 -0.019 -0.200 -0.104 -0.269 -0.197 -0.229 -0.190 -0.146 -0.096 -0.147 -0.060  0.047  0.003 -0.004
  0.182  0.027 -0.053 -0.291 -0.414 -0.410 -0.373 -0.257 -0.266 -0.279 -0.412 -0.435 -0.449 -0.345 -0.259 -0.028  0.221  0.418  0.615  0.638  0.542  0.452  0.228  0.049  0.065 -0.105 -0.264 -0.273 -0.359 -0.451 -0.430 -0.428 -0.441 -0.450 -0.440 -0.378 -0.295 -0.265 -0.214 -0.230 -0.244 -0.212 -0.211 -0.147 -0.036 -0.035 -0.062 -0.029 -0.020  0.095  0.175  0.139  0.318  0.554  0.807  1.000  0.838  0.759  0.668  0.655  0.594  0.390  0.244  0.066  0.137 -0.121 -0.186 -0.281 -0.309 -0.237 -0.177 -0.143  0.039  0.186  0.149  0.130
  0.283  0.114  0.025 -0.247 -0.452 -0.466 -0.425 -0.292 -0.299 -0.315 -0.466 -0.481 -0.491 -0.339 -0.245  0.033  0.253  0.489  0.688  0.697  0.515  0.340  0.049 -0.121 -0.055 -0.224 -0.420 -0.396 -0.429 -0.532 -0.510 -0.475 -0.475 -0.495 -0.502 -0.446 -0.376 -0.358 -0.294 -0.311 -0.357 -0.288 -0.316 -0.237 -0.111 -0.082 -0.129 -0.126 -0.141 -0.044  0.019 -0.040  0.180  0.431  0.691  0.838  1.000  0.850  0.684  0.757  0.612  0.453  0.353  0.176  0.203 -0.098 -0.219 -0.360 -0.402 -0.325 -0.241 -0.151  0.113  0.318  0.296  0.273
  0.046 -0.130 -0.094 -0.317 -0.392 -0.363 -0.310 -0.198 -0.217 -0.249 -0.416 -0.469 -0.508 -0.461 -0.380 -0.180  0.047  0.264  0.493  0.560  0.423  0.417  0.214  0.061  0.034 -0.131 -0.241 -0.249 -0.345 -0.408 -0.371 -0.391 -0.410 -0.405 -0.381 -0.304 -0.216 -0.185 -0.130 -0.125 -0.144 -0.121 -0.113 -0.035  0.039  0.019  0.024  0.061  0.095  0.200  0.289  0.209  0.390  0.624  0.757  0.759  0.850  1.000  0.838  0.729  0.517  0.305  0.168  0.005  0.099 -0.089 -0.099 -0.191 -0.210 -0.149 -0.082 -0.119 -0.016  0.089  0.070  0.059
 -0.011 -0.138 -0.031 -0.197 -0.260 -0.220 -0.211 -0.145 -0.160 -0.166 -0.305 -0.337 -0.410 -0.389 -0.384 -0.265 -0.074  0.102  0.333  0.356  0.198  0.223  0.148 -0.012 -0.099 -0.168 -0.219 -0.278 -0.362 -0.370 -0.339 -0.377 -0.377 -0.349 -0.330 -0.250 -0.160 -0.131 -0.073 -0.068 -0.071 -0.011  0.013  0.100  0.180  0.113  0.130  0.176  0.206  0.295  0.312  0.161  0.268  0.481  0.554  0.668  0.684  0.838  1.000  0.820  0.669  0.392  0.217  0.075  0.207  0.047  0.040 -0.042 -0.095 -0.035  0.005 -0.070 -0.063 -0.019 -0.036 -0.043
  0.233  0.115  0.123 -0.091 -0.304 -0.305 -0.316 -0.223 -0.227 -0.224 -0.353 -0.339 -0.399 -0.268 -0.257 -0.077  0.072  0.273  0.470  0.420  0.201  0.088 -0.076 -0.260 -0.247 -0.291 -0.436 -0.466 -0.462 -0.502 -0.491 -0.468 -0.441 -0.439 -0.455 -0.401 -0.330 -0.318 -0.249 -0.264 -0.303 -0.182 -0.198 -0.096  0.044  0.032 -0.006 -0.004 -0.035  0.036  0.017 -0.128  0.021  0.256  0.438  0.655  0.757  0.729  0.820  1.000  0.830  0.589  0.447  0.300  0.352  0.090 -0.046 -0.195 -0.285 -0.221 -0.162 -0.109  0.060  0.211  0.208  0.196
  0.312  0.254  0.208  0.005 -0.244 -0.273 -0.329 -0.250 -0.253 -0.212 -0.314 -0.257 -0.318 -0.155 -0.152  0.022  0.134  0.283  0.426  0.331  0.131 -0.013 -0.150 -0.321 -0.301 -0.319 -0.468 -0.500 -0.468 -0.498 -0.509 -0.467 -0.420 -0.427 -0.464 -0.427 -0.378 -0.378 -0.311 -0.327 -0.350 -0.233 -0.227 -0.110  0.064  0.045 -0.018 -0.028 -0.091 -0.028 -0.076 -0.208 -0.092  0.118  0.311  0.594  0.612  0.517  0.669  0.830  1.000  0.797  0.598  0.430  0.506  0.176 -0.006 -0.180 -0.303 -0.241 -0.193 -0.108  0.091  0.251  0.242  0.224
  0.511  0.463  0.360  0.113 -0.232 -0.303 -0.372 -0.289 -0.281 -0.235 -0.310 -0.211 -0.244 -0.003  0.017  0.224  0.271  0.375  0.421  0.273  0.083 -0.141 -0.299 -0.431 -0.363 -0.370 -0.543 -0.554 -0.467 -0.513 -0.543 -0.459 -0.391 -0.421 -0.490 -0.482 -0.466 -0.480 -0.427 -0.459 -0.488 -0.382 -0.364 -0.233 -0.015 -0.004 -0.113 -0.152 -0.268 -0.221 -0.277 -0.366 -0.260 -0.087  0.126  0.390  0.453  0.305  0.392  0.589  0.797  1.000  0.807  0.609  0.613  0.229 -0.056 -0.272 -0.409 -0.367 -0.311 -0.146  0.167  0.399  0.405  0.381
  0.681  0.635  0.536  0.283 -0.179 -0.281 -0.374 -0.302 -0.294 -0.235 -0.276 -0.136 -0.145  0.176  0.212  0.446  0.424  0.462  0.412  0.240  0.070 -0.231 -0.415 -0.520 -0.404 -0.405 -0.593 -0.583 -0.462 -0.516 -0.556 -0.451 -0.367 -0.401 -0.486 -0.494 -0.505 -0.542 -0.493 -0.524 -0.566 -0.449 -0.442 -0.328 -0.131 -0.082 -0.213 -0.273 -0.405 -0.387 -0.457 -0.506 -0.408 -0.259 -0.019  0.244  0.353  0.168  0.217  0.447  0.598  0.807  1.000  0.840  0.660  0.298 -0.063 -0.309 -0.457 -0.424 -0.374 -0.141  0.224  0.465  0.493  0.467
  0.596  0.663  0.628  0.498  0.033 -0.079 -0.238 -0.235 -0.214 -0.139 -0.102  0.067  0.043  0.343  0.307  0.422  0.315  0.304  0.249  0.049 -0.112 -0.387 -0.497 -0.586 -0.489 -0.412 -0.553 -0.564 -0.405 -0.417 -0.478 -0.377 -0.276 -0.302 -0.400 -0.424 -0.449 -0.493 -0.457 -0.476 -0.509 -0.373 -0.361 -0.255 -0.086 -0.063 -0.187 -0.256 -0.380 -0.397 -0.509 -0.565 -0.518 -0.406 -0.200  0.066  0.176  0.005  0.075  0.300  0.430  0.609  0.840  1.000  0.796  0.497  0.098 -0.172 -0.345 -0.331 -0.308 -0.088  0.203  0.382  0.426  0.401
  0.370  0.428  0.515  0.471  0.148  0.070 -0.124 -0.159 -0.140 -0.064 -0.044  0.096  0.020  0.203  0.117  0.141  0.122  0.135  0.173 -0.004 -0.169 -0.338 -0.377 -0.489 -0.486 -0.383 -0.462 -0.530 -0.414 -0.367 -0.429 -0.379 -0.277 -0.275 -0.361 -0.348 -0.356 -0.386 -0.350 -0.341 -0.345 -0.219 -0.174 -0.031  0.145  0.075 -0.008 -0.056 -0.163 -0.183 -0.294 -0.400 -0.372 -0.251 -0.104  0.137  0.203  0.099  0.207  0.352  0.506  0.613  0.660  0.796  1.000  0.695  0.335  0.041 -0.162 -0.159 -0.154 -0.049  0.084  0.195  0.210  0.189
  0.064  0.165  0.417  0.626  0.486  0.452  0.202  0.032  0.058  0.144  0.243  0.335  0.235  0.263  0.103 -0.028 -0.102 -0.176 -0.144 -0.288 -0.373 -0.388 -0.264 -0.325 -0.419 -0.244 -0.185 -0.305 -0.228 -0.095 -0.156 -0.175 -0.083 -0.047 -0.108 -0.086 -0.099 -0.123 -0.104 -0.060 -0.034  0.072  0.136  0.248  0.322  0.180  0.158  0.137  0.088  0.028 -0.102 -0.216 -0.288 -0.260 -0.269 -0.121 -0.098 -0.089  0.047  0.090  0.176  0.229  0.298  0.497  0.695  1.000  0.716  0.394  0.188  0.145  0.084  0.062 -0.062 -0.148 -0.132 -0.137
 -0.231 -0.134  0.178  0.448  0.618  0.599  0.389  0.193  0.172  0.216  0.295  0.325  0.231  0.085 -0.044 -0.252 -0.295 -0.375 -0.331 -0.373 -0.376 -0.228 -0.022 -0.053 -0.232 -0.079  0.082 -0.066 -0.096  0.077  0.044 -0.046  0.010  0.075  0.063  0.110  0.119  0.121  0.129  0.202  0.267  0.346  0.448  0.548  0.508  0.329  0.371  0.370  0.379  0.310  0.206  0.083 -0.023 -0.043 -0.197 -0.186 -0.219 -0.099  0.040 -0.046 -0.006 -0.056 -0.063  0.098  0.335  0.716  1.000  0.717  0.523  0.427  0.314  0.141 -0.220 -0.433 -0.441 -0.429
 -0.452 -0.353 -0.094  0.207  0.556  0.681  0.618  0.424  0.329  0.280  0.386  0.368  0.267 -0.008 -0.161 -0.399 -0.445 -0.541 -0.494 -0.489 -0.419 -0.167  0.126  0.120 -0.094  0.072  0.306  0.143  0.052  0.273  0.263  0.102  0.121  0.234  0.268  0.340  0.359  0.378  0.388  0.463  0.559  0.619  0.723  0.771  0.600  0.384  0.505  0.491  0.552  0.434  0.331  0.225  0.077  0.009 -0.229 -0.281 -0.360 -0.191 -0.042 -0.195 -0.180 -0.272 -0.309 -0.172  0.041  0.394  0.717  1.000  0.847  0.700  0.529  0.223 -0.334 -0.665 -0.681 -0.652
 -0.531 -0.449 -0.222  0.076  0.504  0.629  0.617  0.422  0.318  0.269  0.379  0.329  0.261 -0.048 -0.172 -0.418 -0.466 -0.565 -0.528 -0.475 -0.356 -0.070  0.214  0.243  0.046  0.166  0.416  0.299  0.174  0.376  0.387  0.210  0.202  0.319  0.384  0.448  0.456  0.470  0.494  0.612  0.710  0.734  0.767  0.702  0.469  0.256  0.406  0.438  0.556  0.466  0.393  0.312  0.159  0.069 -0.190 -0.309 -0.402 -0.210 -0.095 -0.285 -0.303 -0.409 -0.457 -0.345 -0.162  0.188  0.523  0.847  1.000  0.849  0.678  0.334 -0.296 -0.697 -0.741 -0.716
 -0.493 -0.428 -0.219  0.039  0.396  0.519  0.487  0.327  0.239  0.230  0.309  0.269  0.198 -0.078 -0.187 -0.402 -0.443 -0.525 -0.479 -0.425 -0.315 -0.051  0.198  0.197  0.031  0.129  0.357  0.252  0.105  0.319  0.355  0.153  0.141  0.295  0.378  0.476  0.495  0.496  0.559  0.696  0.753  0.812  0.752  0.650  0.399  0.161  0.332  0.393  0.538  0.455  0.376  0.274  0.137  0.081 -0.146 -0.237 -0.325 -0.149 -0.035 -0.221 -0.241 -0.367 -0.424 -0.331 -0.159  0.145  0.427  0.700  0.849  1.000  0.830  0.499 -0.209 -0.661 -0.727 -0.711
 -0.432 -0.397 -0.225 -0.031  0.253  0.372  0.342  0.245  0.163  0.191  0.200  0.155  0.085 -0.140 -0.220 -0.379 -0.400 -0.447 -0.385 -0.336 -0.257 -0.035  0.169  0.167  0.020  0.079  0.296  0.222  0.077  0.256  0.306  0.126  0.107  0.245  0.333  0.418  0.435  0.427  0.519  0.707  0.715  0.695  0.620  0.525  0.304  0.111  0.260  0.323  0.448  0.390  0.335  0.243  0.133  0.094 -0.096 -0.177 -0.241 -0.082  0.005 -0.162 -0.193 -0.311 -0.374 -0.308 -0.154  0.084  0.314  0.529  0.678  0.830  1.000  0.689 -0.003 -0.543 -0.649 -0.657
 -0.145 -0.121 -0.049  0.047  0.149  0.190  0.156  0.088  0.037  0.101  0.101  0.105  0.075  0.003 -0.051 -0.119 -0.162 -0.200 -0.204 -0.209 -0.170 -0.118 -0.036 -0.068 -0.094 -0.043  0.044  0.019 -0.024  0.080  0.115  0.019  0.010  0.099  0.160  0.224  0.238  0.183  0.265  0.474  0.381  0.453  0.327  0.228  0.077 -0.055  0.035  0.076  0.152  0.114  0.047 -0.032 -0.086 -0.081 -0.147 -0.143 -0.151 -0.119 -0.070 -0.109 -0.108 -0.146 -0.141 -0.088 -0.049  0.062  0.141  0.223  0.334  0.499  0.689  1.000  0.315 -0.163 -0.345 -0.414
  0.285  0.273  0.127  0.032 -0.150 -0.217 -0.275 -0.287 -0.260 -0.143 -0.162 -0.101 -0.064  0.080  0.112  0.217  0.205  0.242  0.196  0.133  0.056 -0.128 -0.275 -0.290 -0.163 -0.192 -0.326 -0.246 -0.133 -0.215 -0.229 -0.134 -0.127 -0.181 -0.193 -0.224 -0.246 -0.291 -0.240 -0.161 -0.270 -0.214 -0.297 -0.333 -0.289 -0.231 -0.298 -0.322 -0.353 -0.323 -0.331 -0.331 -0.266 -0.205 -0.060  0.039  0.113 -0.016 -0.063  0.060  0.091  0.167  0.224  0.203  0.084 -0.062 -0.220 -0.334 -0.296 -0.209 -0.003  0.315  1.000  0.516  0.302  0.186
  0.537  0.494  0.210 -0.030 -0.401 -0.525 -0.544 -0.437 -0.398 -0.333 -0.393 -0.307 -0.239  0.055  0.150  0.389  0.403  0.518  0.465  0.385  0.239 -0.082 -0.380 -0.414 -0.190 -0.290 -0.570 -0.442 -0.259 -0.464 -0.507 -0.305 -0.276 -0.409 -0.481 -0.545 -0.571 -0.591 -0.575 -0.612 -0.681 -0.621 -0.674 -0.649 -0.470 -0.309 -0.469 -0.504 -0.618 -0.540 -0.509 -0.473 -0.320 -0.217  0.047  0.186  0.318  0.089 -0.019  0.211  0.251  0.399  0.465  0.382  0.195 -0.148 -0.433 -0.665 -0.697 -0.661 -0.543 -0.163  0.516  1.000  0.846  0.702
  0.546  0.509  0.247  0.007 -0.403 -0.521 -0.553 -0.429 -0.387 -0.336 -0.379 -0.280 -0.222  0.083  0.175  0.414  0.383  0.499  0.448  0.363  0.205 -0.132 -0.433 -0.450 -0.222 -0.322 -0.599 -0.466 -0.277 -0.492 -0.540 -0.318 -0.283 -0.428 -0.515 -0.594 -0.616 -0.635 -0.641 -0.697 -0.758 -0.701 -0.732 -0.689 -0.495 -0.318 -0.487 -0.528 -0.651 -0.589 -0.559 -0.512 -0.365 -0.271  0.003  0.149  0.296  0.070 -0.036  0.208  0.242  0.405  0.493  0.426  0.210 -0.132 -0.441 -0.681 -0.741 -0.727 -0.649 -0.345  0.302  0.846  1.000  0.915
