  1.000  0.544  0.755  0.551  0.251  0.294  0.375  0.245  0.650  0.710  0.548  0.195  0.184  0.239 -0.013  0.196  0.385  0.233  0.222 -0.075 -0.091 -0.429 -0.301 -0.445 -0.624 -0.060 -0.042 -0.386 -0.510 -0.361 -0.217 -0.423 -0.505 -0.169 -0.144 -0.002  0.199  0.177  0.174 -0.051 -0.101 -0.038 -0.159  0.121  0.199  0.114  0.289  0.025 -0.191 -0.305 -0.524 -0.623 -0.543 -0.521 -0.437  0.062  0.278  0.056 -0.063  0.093  0.037  0.386  0.347  0.295  0.426  0.450  0.151  0.250 -0.107 -0.040 -0.241 -0.065 -0.292 -0.249 -0.082 -0.106
  0.544  1.000  0.658  0.336 -0.152 -0.303 -0.278 -0.271  0.050 -0.010 -0.043 -0.009 -0.013  0.167  0.170  0.255  0.366  0.522  0.642  0.421  0.260 -0.341 -0.238 -0.484 -0.336  0.142  0.014 -0.304 -0.320 -0.184 -0.064 -0.190 -0.206 -0.346 -0.325 -0.302 -0.056  0.002 -0.208 -0.347 -0.427 -0.371 -0.361 -0.410 -0.182 -0.092 -0.122 -0.229 -0.421 -0.474 -0.647 -0.565 -0.668 -0.544 -0.321  0.037  0.142 -0.193 -0.027  0.079  0.034  0.470  0.519  0.540  0.368  0.209 -0.358 -0.502 -0.715 -0.428 -0.393 -0.266 -0.004  0.261  0.362  0.322
  0.755  0.658  1.000  0.784  0.410  0.279  0.252  0.161  0.357  0.451  0.454  0.496  0.371  0.452  0.023  0.186  0.566  0.290  0.258 -0.037 -0.096 -0.607 -0.508 -0.758 -0.781 -0.152 -0.059 -0.436 -0.384 -0.283 -0.127 -0.212 -0.234 -0.168 -0.147 -0.097  0.063  0.025 -0.116 -0.288 -0.366 -0.326 -0.415 -0.226 -0.061 -0.004  0.047 -0.065 -0.338 -0.452 -0.700 -0.724 -0.645 -0.598 -0.558 -0.054 -0.014 -0.239 -0.217  0.017  0.094  0.409  0.412  0.505  0.509  0.592  0.166 -0.078 -0.400 -0.266 -0.338 -0.123 -0.081  0.027  0.155  0.045
  0.551  0.336  0.784  1.000  0.585  0.503  0.568  0.287  0.380  0.468  0.570  0.558  0.405  0.572  0.055 -0.227  0.472  0.074 -0.053 -0.294 -0.250 -0.496 -0.565 -0.817 -0.698 -0.152 -0.252 -0.498 -0.250 -0.149 -0.244 -0.182 -0.125 -0.195 -0.263 -0.279 -0.255 -0.386 -0.366 -0.216 -0.369 -0.297 -0.374 -0.129  0.091  0.008  0.030 -0.057 -0.263 -0.435 -0.587 -0.722 -0.708 -0.513 -0.575 -0.092  0.011 -0.095 -0.158  0.013  0.194  0.397  0.341  0.515  0.597  0.774  0.365  0.099 -0.145 -0.068 -0.101  0.107  0.133 -0.036  0.133  0.009
  0.251 -0.152  0.410  0.585  1.000  0.907  0.755  0.289  0.197  0.641  0.616  0.733  0.767  0.651  0.206 -0.315  0.204 -0.243 -0.503 -0.673 -0.533 -0.462 -0.318 -0.218 -0.429 -0.015  0.284  0.146  0.157  0.336  0.308  0.195  0.313  0.439  0.335  0.469  0.363  0.229  0.152  0.176  0.088 -0.019  0.061  0.346  0.479  0.474  0.606  0.540  0.251  0.184 -0.002 -0.250 -0.030 -0.098 -0.609 -0.263 -0.412 -0.315 -0.289 -0.221 -0.143 -0.305 -0.388 -0.167  0.036  0.520  0.727  0.545  0.410  0.195 -0.011  0.009  0.122 -0.433 -0.448 -0.589
  0.294 -0.303  0.279  0.503  0.907  1.000  0.895  0.546  0.386  0.747  0.806  0.756  0.789  0.599  0.145 -0.451  0.070 -0.420 -0.715 -0.815 -0.625 -0.407 -0.204 -0.066 -0.394 -0.051  0.246  0.169  0.156  0.237  0.187  0.118  0.186  0.386  0.269  0.398  0.267  0.160  0.162  0.209  0.157  0.026  0.083  0.513  0.627  0.535  0.650  0.623  0.302  0.135 -0.017 -0.229 -0.070 -0.163 -0.580 -0.373 -0.447 -0.302 -0.450 -0.403 -0.308 -0.372 -0.496 -0.327 -0.106  0.417  0.654  0.733  0.577  0.300  0.071  0.041 -0.031 -0.585 -0.427 -0.495
  0.375 -0.278  0.252  0.568  0.755  0.895  1.000  0.702  0.641  0.828  0.886  0.654  0.674  0.496  0.133 -0.385  0.150 -0.447 -0.675 -0.774 -0.517 -0.193 -0.049 -0.063 -0.239  0.145  0.224  0.030  0.171  0.190 -0.020 -0.024 -0.000  0.155  0.036  0.175  0.101 -0.034  0.098  0.181  0.189  0.114  0.208  0.617  0.731  0.519  0.589  0.553  0.432  0.218  0.048 -0.169 -0.180 -0.137 -0.491 -0.301 -0.237 -0.083 -0.292 -0.278 -0.265 -0.280 -0.380 -0.267 -0.051  0.388  0.560  0.832  0.657  0.367  0.133  0.113 -0.113 -0.674 -0.490 -0.499
  0.245 -0.271  0.161  0.287  0.289  0.546  0.702  1.000  0.591  0.604  0.778  0.626  0.514  0.156 -0.230 -0.082  0.270 -0.331 -0.517 -0.502 -0.312  0.042  0.153  0.074 -0.017 -0.017  0.004 -0.131  0.082 -0.205 -0.280 -0.176 -0.227 -0.163 -0.176 -0.082 -0.130 -0.182 -0.047 -0.117  0.045 -0.027  0.130  0.553  0.466  0.404  0.345  0.459  0.388  0.084 -0.020 -0.063 -0.181 -0.084 -0.213 -0.422 -0.243  0.003 -0.394 -0.378 -0.333 -0.226 -0.256 -0.226 -0.139 -0.010  0.030  0.645  0.440  0.188 -0.022 -0.129 -0.407 -0.609 -0.180 -0.044
  0.650  0.050  0.357  0.380  0.197  0.386  0.641  0.591  1.000  0.804  0.700  0.192  0.128 -0.067 -0.199 -0.084  0.045 -0.325 -0.333 -0.412 -0.162 -0.153 -0.054 -0.116 -0.298  0.071  0.213 -0.036 -0.029 -0.051 -0.087 -0.103 -0.261  0.003 -0.049 -0.015  0.060 -0.004  0.131 -0.104  0.012  0.026  0.065  0.502  0.625  0.372  0.309  0.270  0.256  0.061 -0.108 -0.176 -0.274 -0.272 -0.206 -0.109  0.128  0.017 -0.244 -0.133 -0.240  0.046 -0.065 -0.088  0.110  0.232  0.298  0.610  0.307  0.019 -0.207 -0.127 -0.492 -0.399 -0.280 -0.198
  0.710 -0.010  0.451  0.468  0.641  0.747  0.828  0.604  0.804  1.000  0.833  0.494  0.497  0.253 -0.094 -0.107  0.177 -0.266 -0.411 -0.615 -0.420 -0.345 -0.169 -0.088 -0.369  0.050  0.291  0.047 -0.019  0.066  0.106 -0.053 -0.104  0.250  0.195  0.362  0.383  0.283  0.335  0.094  0.155  0.112  0.205  0.673  0.708  0.555  0.666  0.540  0.350  0.185 -0.054 -0.277 -0.164 -0.223 -0.472 -0.224 -0.065 -0.065 -0.261 -0.186 -0.266 -0.152 -0.244 -0.170  0.091  0.361  0.498  0.786  0.475  0.180 -0.190 -0.149 -0.370 -0.653 -0.527 -0.504
  0.548 -0.043  0.454  0.570  0.616  0.806  0.886  0.778  0.700  0.833  1.000  0.773  0.722  0.535  0.081 -0.339  0.121 -0.470 -0.593 -0.769 -0.626 -0.411 -0.154 -0.176 -0.371  0.145  0.233  0.019  0.157  0.090 -0.010  0.007 -0.054  0.117  0.064  0.167  0.155  0.073  0.173  0.155  0.194  0.118  0.146  0.578  0.618  0.362  0.428  0.488  0.292 -0.003 -0.276 -0.402 -0.408 -0.474 -0.649 -0.497 -0.371 -0.295 -0.505 -0.485 -0.460 -0.247 -0.275 -0.139 -0.066  0.338  0.271  0.688  0.484  0.319  0.056  0.078 -0.238 -0.662 -0.333 -0.309
  0.195 -0.009  0.496  0.558  0.733  0.756  0.654  0.626  0.192  0.494  0.773  1.000  0.900  0.692  0.137 -0.280  0.265 -0.337 -0.510 -0.658 -0.630 -0.486 -0.237 -0.260 -0.334  0.058  0.213  0.057  0.285  0.170  0.148  0.199  0.239  0.183  0.147  0.225  0.152  0.077  0.019  0.030  0.037 -0.092  0.018  0.300  0.335  0.308  0.321  0.486  0.192 -0.045 -0.302 -0.383 -0.318 -0.394 -0.712 -0.632 -0.686 -0.526 -0.592 -0.555 -0.426 -0.349 -0.317 -0.064 -0.105  0.289  0.186  0.375  0.250  0.147 -0.026 -0.044 -0.046 -0.451 -0.156 -0.203
  0.184 -0.013  0.371  0.405  0.767  0.789  0.674  0.514  0.128  0.497  0.722  0.900  1.000  0.814  0.444 -0.198  0.279 -0.264 -0.479 -0.612 -0.497 -0.305  0.058  0.000 -0.198  0.293  0.439  0.167  0.271  0.269  0.143  0.085  0.159  0.156  0.100  0.307  0.291  0.250  0.145  0.225  0.223  0.036  0.151  0.361  0.445  0.438  0.554  0.633  0.389  0.187 -0.089 -0.174 -0.175 -0.214 -0.654 -0.467 -0.654 -0.471 -0.455 -0.489 -0.462 -0.495 -0.468 -0.315 -0.356  0.190  0.261  0.471  0.404  0.330  0.177  0.063  0.101 -0.617 -0.380 -0.438
  0.239  0.167  0.452  0.572  0.651  0.599  0.496  0.156 -0.067  0.253  0.535  0.692  0.814  1.000  0.629 -0.252  0.292 -0.051 -0.194 -0.437 -0.426 -0.379 -0.113 -0.282 -0.345  0.320  0.179 -0.107  0.049  0.179 -0.078 -0.079  0.029 -0.044 -0.094  0.064  0.093  0.061 -0.001  0.345  0.219  0.151  0.041  0.029  0.107 -0.018  0.204  0.189  0.062 -0.086 -0.323 -0.406 -0.431 -0.395 -0.637 -0.177 -0.381 -0.313 -0.151 -0.220 -0.135 -0.145 -0.065  0.058 -0.090  0.472  0.210  0.160  0.215  0.464  0.463  0.475  0.500 -0.407 -0.223 -0.334
 -0.013  0.170  0.023  0.055  0.206  0.145  0.133 -0.230 -0.199 -0.094  0.081  0.137  0.444  0.629  1.000  0.013  0.083 -0.054  0.018 -0.002 -0.010  0.139  0.421  0.102  0.076  0.639  0.427  0.136  0.182  0.322  0.007 -0.121 -0.073 -0.118 -0.132  0.069  0.227  0.229  0.223  0.535  0.369  0.231  0.139 -0.150  0.107  0.023  0.222  0.165  0.212  0.257  0.075  0.110 -0.048 -0.033 -0.370  0.003 -0.271 -0.227  0.040 -0.055 -0.211 -0.321 -0.246 -0.328 -0.460 -0.107  0.033  0.022  0.183  0.362  0.523  0.447  0.328 -0.129 -0.230 -0.420
  0.196  0.255  0.186 -0.227 -0.315 -0.451 -0.385 -0.082 -0.084 -0.107 -0.339 -0.280 -0.198 -0.252  0.013  1.000  0.623  0.634  0.701  0.694  0.616  0.438  0.428  0.103  0.145  0.045 -0.041 -0.393 -0.462 -0.510 -0.363 -0.563 -0.593 -0.441 -0.285 -0.058  0.187  0.247  0.185 -0.113 -0.008  0.021  0.032 -0.247 -0.380 -0.066  0.047 -0.182  0.037  0.219  0.204  0.293  0.263  0.393  0.361  0.484  0.425  0.456  0.489  0.583  0.379  0.221  0.330  0.034  0.047 -0.298 -0.205 -0.150 -0.251 -0.159 -0.115 -0.138 -0.230  0.073 -0.071 -0.071
  0.385  0.366  0.566  0.472  0.204  0.070  0.150  0.270  0.045  0.177  0.121  0.265  0.279  0.292  0.083  0.623  1.000  0.696  0.464  0.369  0.372  0.149  0.138 -0.295 -0.180 -0.059 -0.252 -0.745 -0.567 -0.586 -0.596 -0.695 -0.577 -0.627 -0.625 -0.371 -0.217 -0.232 -0.324 -0.382 -0.365 -0.318 -0.212 -0.253 -0.162  0.143  0.197 -0.098 -0.103 -0.109 -0.118 -0.147 -0.254  0.105 -0.006  0.343  0.322  0.406  0.312  0.490  0.496  0.430  0.444  0.305  0.375  0.276  0.058  0.030 -0.238 -0.176 -0.131 -0.120 -0.018 -0.099  0.032  0.021
  0.233  0.522  0.290  0.074 -0.243 -0.420 -0.447 -0.331 -0.325 -0.266 -0.470 -0.337 -0.264 -0.051 -0.054  0.634  0.696  1.000  0.838  0.774  0.668  0.171  0.050 -0.183 -0.093 -0.231 -0.423 -0.688 -0.782 -0.648 -0.518 -0.666 -0.532 -0.594 -0.584 -0.434 -0.283 -0.195 -0.394 -0.448 -0.480 -0.353 -0.348 -0.546 -0.504 -0.135 -0.075 -0.446 -0.449 -0.317 -0.146 -0.111 -0.157  0.163  0.363  0.667  0.634  0.532  0.564  0.696  0.719  0.693  0.685  0.476  0.484  0.194 -0.143 -0.433 -0.590 -0.339 -0.188 -0.157  0.186  0.273  0.284  0.312
  0.222  0.642  0.258 -0.053 -0.503 -0.715 -0.675 -0.517 -0.333 -0.411 -0.593 -0.510 -0.479 -0.194  0.018  0.701  0.464  0.838  1.000  0.877  0.662  0.200  0.024 -0.275 -0.016 -0.035 -0.359 -0.544 -0.605 -0.498 -0.380 -0.512 -0.494 -0.559 -0.417 -0.364 -0.117 -0.049 -0.146 -0.207 -0.275 -0.133 -0.249 -0.606 -0.680 -0.438 -0.330 -0.555 -0.424 -0.267 -0.235 -0.150 -0.186  0.048  0.264  0.532  0.592  0.407  0.576  0.619  0.547  0.607  0.725  0.541  0.419 -0.045 -0.431 -0.666 -0.698 -0.280 -0.133 -0.039  0.134  0.437  0.347  0.307
 -0.075  0.421 -0.037 -0.294 -0.673 -0.815 -0.774 -0.502 -0.412 -0.615 -0.769 -0.658 -0.612 -0.437 -0.002  0.694  0.369  0.774  0.877  1.000  0.835  0.462  0.263 -0.044  0.163 -0.149 -0.375 -0.462 -0.547 -0.543 -0.407 -0.509 -0.486 -0.592 -0.495 -0.471 -0.280 -0.186 -0.278 -0.352 -0.406 -0.322 -0.364 -0.710 -0.642 -0.294 -0.326 -0.526 -0.409 -0.204 -0.009  0.168  0.059  0.299  0.515  0.556  0.548  0.435  0.492  0.598  0.535  0.526  0.550  0.282  0.234 -0.305 -0.423 -0.659 -0.691 -0.462 -0.190 -0.184 -0.021  0.615  0.487  0.454
 -0.091  0.260 -0.096 -0.250 -0.533 -0.625 -0.517 -0.312 -0.162 -0.420 -0.626 -0.630 -0.497 -0.426 -0.010  0.616  0.372  0.668  0.662  0.835  1.000  0.652  0.442  0.106  0.175 -0.088 -0.181 -0.349 -0.520 -0.444 -0.458 -0.539 -0.512 -0.627 -0.569 -0.529 -0.346 -0.266 -0.391 -0.401 -0.400 -0.372 -0.371 -0.510 -0.388 -0.029 -0.086 -0.228 -0.055  0.039  0.206  0.374  0.135  0.533  0.643  0.661  0.561  0.461  0.465  0.530  0.451  0.383  0.323  0.033  0.053 -0.283 -0.154 -0.432 -0.481 -0.340 -0.100 -0.201  0.098  0.389  0.283  0.281
 -0.429 -0.341 -0.607 -0.496 -0.462 -0.407 -0.193  0.042 -0.153 -0.345 -0.411 -0.486 -0.305 -0.379  0.139  0.438  0.149  0.171  0.200  0.462  0.652  1.000  0.822  0.544  0.691  0.248 -0.051 -0.094 -0.056 -0.169 -0.428 -0.423 -0.405 -0.494 -0.419 -0.308 -0.228 -0.215 -0.075  0.090  0.162  0.125  0.201 -0.016 -0.107  0.050  0.068  0.048  0.450  0.518  0.668  0.746  0.464  0.801  0.626  0.375  0.333  0.569  0.488  0.345  0.178 -0.145 -0.119 -0.401 -0.378 -0.624 -0.211  0.030  0.185  0.185  0.331  0.092  0.030 -0.041 -0.110 -0.064
 -0.301 -0.238 -0.508 -0.565 -0.318 -0.204 -0.049  0.153 -0.054 -0.169 -0.154 -0.237  0.058 -0.113  0.421  0.428  0.138  0.050  0.024  0.263  0.442  0.822  1.000  0.764  0.695  0.526  0.364  0.120  0.114 -0.011 -0.268 -0.338 -0.343 -0.350 -0.336 -0.088  0.029  0.111  0.156  0.207  0.361  0.237  0.386  0.173  0.178  0.264  0.288  0.252  0.579  0.620  0.662  0.786  0.455  0.607  0.430  0.230  0.062  0.303  0.273  0.133 -0.130 -0.382 -0.337 -0.643 -0.692 -0.649 -0.205  0.245  0.369  0.279  0.380  0.090 -0.066 -0.324 -0.345 -0.250
 -0.445 -0.484 -0.758 -0.817 -0.218 -0.066 -0.063  0.074 -0.116 -0.088 -0.176 -0.260  0.000 -0.282  0.102  0.103 -0.295 -0.183 -0.275 -0.044  0.106  0.544  0.764  1.000  0.760  0.365  0.481  0.515  0.341  0.261  0.172  0.094  0.100  0.194  0.144  0.318  0.257  0.360  0.348  0.256  0.483  0.360  0.589  0.495  0.369  0.386  0.373  0.381  0.595  0.672  0.787  0.824  0.698  0.590  0.479  0.076 -0.075  0.159  0.133 -0.059 -0.281 -0.568 -0.570 -0.747 -0.739 -0.607 -0.075  0.389  0.557  0.294  0.235 -0.064 -0.105 -0.435 -0.508 -0.317
 -0.624 -0.336 -0.781 -0.698 -0.429 -0.394 -0.239 -0.017 -0.298 -0.369 -0.371 -0.334 -0.198 -0.345  0.076  0.145 -0.180 -0.093 -0.016  0.163  0.175  0.691  0.695  0.760  1.000  0.537  0.242  0.302  0.468  0.292  0.056  0.120  0.150 -0.050 -0.052  0.031 -0.010  0.029  0.135  0.192  0.398  0.376  0.660  0.325  0.119  0.085  0.004  0.093  0.516  0.605  0.711  0.729  0.500  0.564  0.476  0.018  0.042  0.308  0.373  0.101 -0.116 -0.401 -0.270 -0.361 -0.492 -0.641 -0.419  0.081  0.345  0.248  0.250  0.012  0.012 -0.229 -0.317 -0.134
 -0.060  0.142 -0.152 -0.152 -0.015 -0.051  0.145 -0.017  0.071  0.050  0.145  0.058  0.293  0.320  0.639  0.045 -0.059 -0.231 -0.035 -0.149 -0.088  0.248  0.526  0.365  0.537  1.000  0.665  0.331  0.542  0.566  0.151  0.141  0.111 -0.024 -0.031  0.141  0.283  0.285  0.355  0.495  0.611  0.557  0.687  0.373  0.346  0.056  0.135  0.216  0.594  0.568  0.301  0.287 -0.005  0.006 -0.173 -0.096 -0.154 -0.086  0.208 -0.067 -0.379 -0.443 -0.240 -0.250 -0.504 -0.236 -0.234  0.182  0.399  0.500  0.445  0.336  0.206 -0.475 -0.567 -0.514
 -0.042  0.014 -0.059 -0.252  0.284  0.246  0.224  0.004  0.213  0.291  0.233  0.213  0.439  0.179  0.427 -0.041 -0.252 -0.423 -0.359 -0.375 -0.181 -0.051  0.364  0.481  0.242  0.665  1.000  0.752  0.631  0.728  0.624  0.489  0.429  0.495  0.436  0.576  0.634  0.657  0.514  0.310  0.463  0.277  0.487  0.488  0.615  0.495  0.474  0.603  0.659  0.661  0.388  0.395  0.309  0.069 -0.219 -0.235 -0.477 -0.494 -0.244 -0.350 -0.632 -0.694 -0.657 -0.602 -0.672 -0.235  0.196  0.363  0.422  0.183  0.030 -0.110 -0.061 -0.436 -0.648 -0.635
 -0.386 -0.304 -0.436 -0.498  0.146  0.169  0.030 -0.131 -0.036  0.047  0.019  0.057  0.167 -0.107  0.136 -0.393 -0.745 -0.688 -0.544 -0.462 -0.349 -0.094  0.120  0.515  0.302  0.331  0.752  1.000  0.785  0.837  0.862  0.804  0.733  0.781  0.770  0.698  0.595  0.595  0.522  0.394  0.456  0.262  0.394  0.471  0.458  0.335  0.290  0.595  0.531  0.543  0.388  0.381  0.481  0.120 -0.163 -0.479 -0.633 -0.621 -0.427 -0.603 -0.743 -0.824 -0.822 -0.647 -0.690 -0.425  0.101  0.196  0.389  0.148 -0.015 -0.163 -0.065 -0.188 -0.392 -0.414
 -0.510 -0.320 -0.384 -0.250  0.157  0.156  0.171  0.082 -0.029 -0.019  0.157  0.285  0.271  0.049  0.182 -0.462 -0.567 -0.782 -0.605 -0.547 -0.520 -0.056  0.114  0.341  0.468  0.542  0.631  0.785  1.000  0.873  0.692  0.828  0.779  0.591  0.548  0.454  0.318  0.260  0.327  0.342  0.453  0.328  0.550  0.474  0.447  0.184  0.034  0.409  0.534  0.503  0.333  0.309  0.263 -0.009 -0.261 -0.625 -0.674 -0.542 -0.354 -0.555 -0.672 -0.758 -0.655 -0.402 -0.554 -0.320 -0.065  0.208  0.446  0.216  0.101  0.005 -0.032 -0.223 -0.359 -0.341
 -0.361 -0.184 -0.283 -0.149  0.336  0.237  0.190 -0.205 -0.051  0.066  0.090  0.170  0.269  0.179  0.322 -0.510 -0.586 -0.648 -0.498 -0.543 -0.444 -0.169 -0.011  0.261  0.292  0.566  0.728  0.837  0.873  1.000  0.803  0.822  0.821  0.700  0.630  0.566  0.463  0.393  0.374  0.440  0.462  0.344  0.499  0.433  0.478  0.221  0.185  0.445  0.519  0.535  0.327  0.223  0.248  0.007 -0.320 -0.415 -0.548 -0.543 -0.214 -0.428 -0.563 -0.690 -0.631 -0.365 -0.462 -0.099  0.193  0.175  0.415  0.268  0.133  0.070  0.218 -0.221 -0.487 -0.541
 -0.217 -0.064 -0.127 -0.244  0.308  0.187 -0.020 -0.280 -0.087  0.106 -0.010  0.148  0.143 -0.078  0.007 -0.363 -0.596 -0.518 -0.380 -0.407 -0.458 -0.428 -0.268  0.172  0.056  0.151  0.624  0.862  0.692  0.803  1.000  0.891  0.858  0.903  0.872  0.773  0.658  0.617  0.482  0.215  0.221  0.089  0.259  0.319  0.370  0.307  0.235  0.440  0.232  0.324  0.160  0.078  0.341 -0.080 -0.351 -0.506 -0.593 -0.676 -0.427 -0.476 -0.563 -0.590 -0.593 -0.312 -0.298 -0.149  0.186  0.065  0.135 -0.131 -0.333 -0.339 -0.136  0.013 -0.272 -0.353
 -0.423 -0.190 -0.212 -0.182  0.195  0.118 -0.024 -0.176 -0.103 -0.053  0.007  0.199  0.085 -0.079 -0.121 -0.563 -0.695 -0.666 -0.512 -0.509 -0.539 -0.423 -0.338  0.094  0.120  0.141  0.489  0.804  0.828  0.822  0.891  1.000  0.955  0.822  0.770  0.545  0.353  0.312  0.246  0.128  0.185  0.108  0.256  0.289  0.277  0.095 -0.091  0.264  0.188  0.203  0.090  0.058  0.213 -0.170 -0.257 -0.568 -0.625 -0.678 -0.454 -0.548 -0.542 -0.530 -0.499 -0.158 -0.256 -0.076  0.075 -0.024  0.143 -0.069 -0.199 -0.182 -0.001  0.062 -0.143 -0.155
 -0.505 -0.206 -0.234 -0.125  0.313  0.186 -0.000 -0.227 -0.261 -0.104 -0.054  0.239  0.159  0.029 -0.073 -0.593 -0.577 -0.532 -0.494 -0.486 -0.512 -0.405 -0.343  0.100  0.150  0.111  0.429  0.733  0.779  0.821  0.858  0.955  1.000  0.796  0.694  0.510  0.276  0.228  0.114  0.072  0.102  0.028  0.233  0.238  0.268  0.162 -0.019  0.267  0.156  0.197  0.147  0.070  0.230 -0.078 -0.233 -0.491 -0.601 -0.606 -0.364 -0.456 -0.406 -0.489 -0.482 -0.124 -0.197  0.025  0.162 -0.030  0.138 -0.077 -0.180 -0.190  0.146  0.053 -0.153 -0.169
 -0.169 -0.346 -0.168 -0.195  0.439  0.386  0.155 -0.163  0.003  0.250  0.117  0.183  0.156 -0.044 -0.118 -0.441 -0.627 -0.594 -0.559 -0.592 -0.627 -0.494 -0.350  0.194 -0.050 -0.024  0.495  0.781  0.591  0.700  0.903  0.822  0.796  1.000  0.939  0.858  0.663  0.611  0.552  0.307  0.334  0.244  0.330  0.445  0.406  0.264  0.253  0.377  0.199  0.313  0.226  0.082  0.440 -0.055 -0.275 -0.397 -0.492 -0.513 -0.362 -0.384 -0.416 -0.541 -0.580 -0.332 -0.216  0.039  0.420  0.301  0.372  0.039 -0.195 -0.158 -0.131 -0.116 -0.405 -0.453
 -0.144 -0.325 -0.147 -0.263  0.335  0.269  0.036 -0.176 -0.049  0.195  0.064  0.147  0.100 -0.094 -0.132 -0.285 -0.625 -0.584 -0.417 -0.495 -0.569 -0.419 -0.336  0.144 -0.052 -0.031  0.436  0.770  0.548  0.630  0.872  0.770  0.694  0.939  1.000  0.902  0.770  0.709  0.689  0.441  0.440  0.341  0.328  0.402  0.210  0.099  0.185  0.381  0.241  0.344  0.176  0.055  0.461 -0.026 -0.306 -0.445 -0.508 -0.522 -0.343 -0.417 -0.467 -0.594 -0.558 -0.322 -0.261 -0.127  0.260  0.181  0.305  0.116 -0.140 -0.105 -0.144 -0.083 -0.359 -0.454
 -0.002 -0.302 -0.097 -0.279  0.469  0.398  0.175 -0.082 -0.015  0.362  0.167  0.225  0.307  0.064  0.069 -0.058 -0.371 -0.434 -0.364 -0.471 -0.529 -0.308 -0.088  0.318  0.031  0.141  0.576  0.698  0.454  0.566  0.773  0.545  0.510  0.858  0.902  1.000  0.929  0.883  0.839  0.544  0.580  0.448  0.502  0.529  0.347  0.289  0.476  0.513  0.399  0.537  0.336  0.171  0.553  0.096 -0.323 -0.326 -0.449 -0.378 -0.202 -0.276 -0.428 -0.661 -0.611 -0.475 -0.366 -0.143  0.337  0.407  0.479  0.244 -0.057 -0.081 -0.182 -0.343 -0.618 -0.697
  0.199 -0.056  0.063 -0.255  0.363  0.267  0.101 -0.130  0.060  0.383  0.155  0.152  0.291  0.093  0.227  0.187 -0.217 -0.283 -0.117 -0.280 -0.346 -0.228  0.029  0.257 -0.010  0.283  0.634  0.595  0.318  0.463  0.658  0.353  0.276  0.663  0.770  0.929  1.000  0.969  0.916  0.586  0.604  0.468  0.467  0.432  0.271  0.237  0.492  0.485  0.412  0.548  0.252  0.131  0.450  0.056 -0.369 -0.236 -0.351 -0.346 -0.121 -0.191 -0.431 -0.592 -0.497 -0.443 -0.379 -0.218  0.217  0.319  0.356  0.241 -0.044 -0.058 -0.217 -0.331 -0.610 -0.726
  0.177  0.002  0.025 -0.386  0.229  0.160 -0.034 -0.182 -0.004  0.283  0.073  0.077  0.250  0.061  0.229  0.247 -0.232 -0.195 -0.049 -0.186 -0.266 -0.215  0.111  0.360  0.029  0.285  0.657  0.595  0.260  0.393  0.617  0.312  0.228  0.611  0.709  0.883  0.969  1.000  0.890  0.532  0.589  0.454  0.448  0.377  0.213  0.203  0.438  0.420  0.352  0.494  0.236  0.180  0.457  0.039 -0.256 -0.163 -0.323 -0.344 -0.112 -0.182 -0.429 -0.552 -0.454 -0.454 -0.447 -0.270  0.116  0.242  0.292  0.212 -0.031 -0.071 -0.200 -0.317 -0.564 -0.629
  0.174 -0.208 -0.116 -0.366  0.152  0.162  0.098 -0.047  0.131  0.335  0.173  0.019  0.145 -0.001  0.223  0.185 -0.324 -0.394 -0.146 -0.278 -0.391 -0.075  0.156  0.348  0.135  0.355  0.514  0.522  0.327  0.374  0.482  0.246  0.114  0.552  0.689  0.839  0.916  0.890  1.000  0.746  0.789  0.698  0.616  0.501  0.233  0.052  0.339  0.337  0.423  0.557  0.300  0.198  0.462  0.047 -0.265 -0.212 -0.229 -0.167 -0.015 -0.142 -0.415 -0.572 -0.434 -0.457 -0.421 -0.329  0.065  0.388  0.501  0.425  0.164  0.163 -0.285 -0.381 -0.622 -0.690
 -0.051 -0.347 -0.288 -0.216  0.176  0.209  0.181 -0.117 -0.104  0.094  0.155  0.030  0.225  0.345  0.535 -0.113 -0.382 -0.448 -0.207 -0.352 -0.401  0.090  0.207  0.256  0.192  0.495  0.310  0.394  0.342  0.440  0.215  0.128  0.072  0.307  0.441  0.544  0.586  0.532  0.746  1.000  0.907  0.834  0.583  0.357  0.059 -0.243  0.151  0.225  0.437  0.484  0.252  0.138  0.269  0.059 -0.298 -0.150 -0.229 -0.088  0.130 -0.161 -0.322 -0.567 -0.387 -0.388 -0.480 -0.221  0.027  0.260  0.600  0.816  0.705  0.668  0.256 -0.402 -0.539 -0.664
 -0.101 -0.427 -0.366 -0.369  0.088  0.157  0.189  0.045  0.012  0.155  0.194  0.037  0.223  0.219  0.369 -0.008 -0.365 -0.480 -0.275 -0.406 -0.400  0.162  0.361  0.483  0.398  0.611  0.463  0.456  0.453  0.462  0.221  0.185  0.102  0.334  0.440  0.580  0.604  0.589  0.789  0.907  1.000  0.947  0.820  0.582  0.183 -0.160  0.150  0.248  0.610  0.646  0.426  0.335  0.384  0.138 -0.100 -0.110 -0.187  0.000  0.193 -0.127 -0.357 -0.625 -0.411 -0.443 -0.575 -0.278 -0.028  0.405  0.743  0.850  0.678  0.599  0.161 -0.600 -0.731 -0.708
 -0.038 -0.371 -0.326 -0.297 -0.019  0.026  0.114 -0.027  0.026  0.112  0.118 -0.092  0.036  0.151  0.231  0.021 -0.318 -0.353 -0.133 -0.322 -0.372  0.125  0.237  0.360  0.376  0.557  0.277  0.262  0.328  0.344  0.089  0.108  0.028  0.244  0.341  0.448  0.468  0.454  0.698  0.834  0.947  1.000  0.834  0.523  0.060 -0.349 -0.048 -0.019  0.447  0.514  0.351  0.237  0.281  0.069  0.013  0.054  0.059  0.200  0.395  0.083 -0.126 -0.370 -0.134 -0.179 -0.324 -0.110 -0.065  0.326  0.665  0.842  0.686  0.691  0.220 -0.534 -0.683 -0.611
 -0.159 -0.361 -0.415 -0.374  0.061  0.083  0.208  0.130  0.065  0.205  0.146  0.018  0.151  0.041  0.139  0.032 -0.212 -0.348 -0.249 -0.364 -0.371  0.201  0.386  0.589  0.660  0.687  0.487  0.394  0.550  0.499  0.259  0.256  0.233  0.330  0.328  0.502  0.467  0.448  0.616  0.583  0.820  0.834  1.000  0.740  0.385  0.066  0.192  0.207  0.641  0.711  0.584  0.429  0.398  0.218  0.059 -0.074 -0.035  0.189  0.340  0.050 -0.225 -0.506 -0.308 -0.301 -0.392 -0.206 -0.065  0.502  0.737  0.636  0.398  0.309  0.023 -0.671 -0.818 -0.649
  0.121 -0.410 -0.226 -0.129  0.346  0.513  0.617  0.553  0.502  0.673  0.578  0.300  0.361  0.029 -0.150 -0.247 -0.253 -0.546 -0.606 -0.710 -0.510 -0.016  0.173  0.495  0.325  0.373  0.488  0.471  0.474  0.433  0.319  0.289  0.238  0.445  0.402  0.529  0.432  0.377  0.501  0.357  0.582  0.523  0.740  1.000  0.744  0.470  0.537  0.616  0.721  0.582  0.410  0.205  0.230  0.086 -0.146 -0.342 -0.199 -0.015 -0.118 -0.323 -0.486 -0.570 -0.540 -0.441 -0.354 -0.074  0.185  0.803  0.806  0.504  0.102 -0.024 -0.219 -0.853 -0.766 -0.583
  0.199 -0.182 -0.061  0.091  0.479  0.627  0.731  0.466  0.625  0.708  0.618  0.335  0.445  0.107  0.107 -0.380 -0.162 -0.504 -0.680 -0.642 -0.388 -0.107  0.178  0.369  0.119  0.346  0.615  0.458  0.447  0.478  0.370  0.277  0.268  0.406  0.210  0.347  0.271  0.213  0.233  0.059  0.183  0.060  0.385  0.744  1.000  0.806  0.696  0.664  0.540  0.427  0.318  0.165  0.088 -0.020 -0.281 -0.327 -0.271 -0.206 -0.344 -0.341 -0.496 -0.454 -0.602 -0.520 -0.305  0.056  0.426  0.808  0.621  0.096 -0.162 -0.267 -0.356 -0.598 -0.573 -0.482
  0.114 -0.092 -0.004  0.008  0.474  0.535  0.519  0.404  0.372  0.555  0.362  0.308  0.438 -0.018  0.023 -0.066  0.143 -0.135 -0.438 -0.294 -0.029  0.050  0.264  0.386  0.085  0.056  0.495  0.335  0.184  0.221  0.307  0.095  0.162  0.264  0.099  0.289  0.237  0.203  0.052 -0.243 -0.160 -0.349  0.066  0.470  0.806  1.000  0.862  0.763  0.454  0.397  0.377  0.272  0.251  0.271 -0.139 -0.221 -0.268 -0.168 -0.356 -0.239 -0.344 -0.391 -0.607 -0.583 -0.281 -0.101  0.433  0.623  0.319 -0.248 -0.445 -0.639 -0.429 -0.387 -0.357 -0.326
  0.289 -0.122  0.047  0.030  0.606  0.650  0.589  0.345  0.309  0.666  0.428  0.321  0.554  0.204  0.222  0.047  0.197 -0.075 -0.330 -0.326 -0.086  0.068  0.288  0.373  0.004  0.135  0.474  0.290  0.034  0.185  0.235 -0.091 -0.019  0.253  0.185  0.476  0.492  0.438  0.339  0.151  0.150 -0.048  0.192  0.537  0.696  0.862  1.000  0.828  0.548  0.504  0.376  0.191  0.283  0.305 -0.276 -0.139 -0.214 -0.077 -0.193 -0.172 -0.314 -0.469 -0.612 -0.631 -0.333 -0.083  0.481  0.691  0.468  0.106 -0.157 -0.350 -0.255 -0.578 -0.552 -0.600
  0.025 -0.229 -0.065 -0.057  0.540  0.623  0.553  0.459  0.270  0.540  0.488  0.486  0.633  0.189  0.165 -0.182 -0.098 -0.446 -0.555 -0.526 -0.228  0.048  0.252  0.381  0.093  0.216  0.603  0.595  0.409  0.445  0.440  0.264  0.267  0.377  0.381  0.513  0.485  0.420  0.337  0.225  0.248 -0.019  0.207  0.616  0.664  0.763  0.828  1.000  0.735  0.556  0.313  0.208  0.255  0.229 -0.389 -0.522 -0.602 -0.440 -0.511 -0.611 -0.704 -0.782 -0.856 -0.730 -0.598 -0.308  0.274  0.560  0.478  0.185 -0.097 -0.348 -0.198 -0.568 -0.455 -0.510
 -0.191 -0.421 -0.338 -0.263  0.251  0.302  0.432  0.388  0.256  0.350  0.292  0.192  0.389  0.062  0.212  0.037 -0.103 -0.449 -0.424 -0.409 -0.055  0.450  0.579  0.595  0.516  0.594  0.659  0.531  0.534  0.519  0.232  0.188  0.156  0.199  0.241  0.399  0.412  0.352  0.423  0.437  0.610  0.447  0.641  0.721  0.540  0.454  0.548  0.735  1.000  0.897  0.669  0.578  0.442  0.499  0.001 -0.189 -0.283 -0.043  0.009 -0.252 -0.491 -0.772 -0.699 -0.687 -0.684 -0.408  0.150  0.572  0.713  0.537  0.311  0.054  0.017 -0.697 -0.750 -0.699
 -0.305 -0.474 -0.452 -0.435  0.184  0.135  0.218  0.084  0.061  0.185 -0.003 -0.045  0.187 -0.086  0.257  0.219 -0.109 -0.317 -0.267 -0.204  0.039  0.518  0.620  0.672  0.605  0.568  0.661  0.543  0.503  0.535  0.324  0.203  0.197  0.313  0.344  0.537  0.548  0.494  0.557  0.484  0.646  0.514  0.711  0.582  0.427  0.397  0.504  0.556  0.897  1.000  0.866  0.762  0.718  0.679  0.168  0.032 -0.136  0.099  0.243  0.039 -0.266 -0.713 -0.638 -0.696 -0.626 -0.446  0.241  0.503  0.679  0.437  0.273  0.061 -0.013 -0.506 -0.808 -0.797
 -0.524 -0.647 -0.700 -0.587 -0.002 -0.017  0.048 -0.020 -0.108 -0.054 -0.276 -0.302 -0.089 -0.323  0.075  0.204 -0.118 -0.146 -0.235 -0.009  0.206  0.668  0.662  0.787  0.711  0.301  0.388  0.388  0.333  0.327  0.160  0.090  0.147  0.226  0.176  0.336  0.252  0.236  0.300  0.252  0.426  0.351  0.584  0.410  0.318  0.377  0.376  0.313  0.669  0.866  1.000  0.924  0.866  0.868  0.535  0.277  0.097  0.368  0.400  0.271  0.044 -0.487 -0.506 -0.653 -0.493 -0.429  0.281  0.439  0.606  0.260  0.224  0.004 -0.018 -0.296 -0.627 -0.552
 -0.623 -0.565 -0.724 -0.722 -0.250 -0.229 -0.169 -0.063 -0.176 -0.277 -0.402 -0.383 -0.174 -0.406  0.110  0.293 -0.147 -0.111 -0.150  0.168  0.374  0.746  0.786  0.824  0.729  0.287  0.395  0.381  0.309  0.223  0.078  0.058  0.070  0.082  0.055  0.171  0.131  0.180  0.198  0.138  0.335  0.237  0.429  0.205  0.165  0.272  0.191  0.208  0.578  0.762  0.924  1.000  0.841  0.835  0.656  0.297  0.048  0.277  0.308  0.208 -0.011 -0.454 -0.465 -0.680 -0.620 -0.593  0.091  0.236  0.428  0.139  0.226 -0.020 -0.048 -0.125 -0.420 -0.330
 -0.543 -0.668 -0.645 -0.708 -0.030 -0.070 -0.180 -0.181 -0.274 -0.164 -0.408 -0.318 -0.175 -0.431 -0.048  0.263 -0.254 -0.157 -0.186  0.059  0.135  0.464  0.455  0.698  0.500 -0.005  0.309  0.481  0.263  0.248  0.341  0.213  0.230  0.440  0.461  0.553  0.450  0.457  0.462  0.269  0.384  0.281  0.398  0.230  0.088  0.251  0.283  0.255  0.442  0.718  0.866  0.841  1.000  0.798  0.488  0.193 -0.045  0.174  0.221  0.176  0.013 -0.504 -0.529 -0.658 -0.477 -0.505  0.277  0.265  0.428  0.095  0.070 -0.095 -0.144 -0.049 -0.445 -0.449
 -0.521 -0.544 -0.598 -0.513 -0.098 -0.163 -0.137 -0.084 -0.272 -0.223 -0.474 -0.394 -0.214 -0.395 -0.033  0.393  0.105  0.163  0.048  0.299  0.533  0.801  0.607  0.590  0.564  0.006  0.069  0.120 -0.009  0.007 -0.080 -0.170 -0.078 -0.055 -0.026  0.096  0.056  0.039  0.047  0.059  0.138  0.069  0.218  0.086 -0.020  0.271  0.305  0.229  0.499  0.679  0.868  0.835  0.798  1.000  0.642  0.421  0.232  0.482  0.463  0.385  0.262 -0.273 -0.319 -0.509 -0.327 -0.457  0.217  0.159  0.283  0.094  0.143 -0.090  0.073 -0.054 -0.316 -0.312
 -0.437 -0.321 -0.558 -0.575 -0.609 -0.580 -0.491 -0.213 -0.206 -0.472 -0.649 -0.712 -0.654 -0.637 -0.370  0.361 -0.006  0.363  0.264  0.515  0.643  0.626  0.430  0.479  0.476 -0.173 -0.219 -0.163 -0.261 -0.320 -0.351 -0.257 -0.233 -0.275 -0.306 -0.323 -0.369 -0.256 -0.265 -0.298 -0.100  0.013  0.059 -0.146 -0.281 -0.139 -0.276 -0.389  0.001  0.168  0.535  0.656  0.488  0.642  1.000  0.696  0.607  0.655  0.581  0.567  0.524  0.276  0.229 -0.048 -0.014 -0.236 -0.070 -0.148 -0.037 -0.095  0.089 -0.008  0.091  0.188  0.025  0.231
  0.062  0.037 -0.054 -0.092 -0.263 -0.373 -0.301 -0.422 -0.109 -0.224 -0.497 -0.632 -0.467 -0.177  0.003  0.484  0.343  0.667  0.532  0.556  0.661  0.375  0.230  0.076  0.018 -0.096 -0.235 -0.479 -0.625 -0.415 -0.506 -0.568 -0.491 -0.397 -0.445 -0.326 -0.236 -0.163 -0.212 -0.150 -0.110  0.054 -0.074 -0.342 -0.327 -0.221 -0.139 -0.522 -0.189  0.032  0.277  0.297  0.193  0.421  0.696  1.000  0.835  0.737  0.806  0.879  0.815  0.575  0.523  0.207  0.301  0.260  0.256 -0.137 -0.122  0.010  0.213  0.265  0.339  0.161 -0.099 -0.039
  0.278  0.142 -0.014  0.011 -0.412 -0.447 -0.237 -0.243  0.128 -0.065 -0.371 -0.686 -0.654 -0.381 -0.271  0.425  0.322  0.634  0.592  0.548  0.561  0.333  0.062 -0.075  0.042 -0.154 -0.477 -0.633 -0.674 -0.548 -0.593 -0.625 -0.601 -0.492 -0.508 -0.449 -0.351 -0.323 -0.229 -0.229 -0.187  0.059 -0.035 -0.199 -0.271 -0.268 -0.214 -0.602 -0.283 -0.136  0.097  0.048 -0.045  0.232  0.607  0.835  1.000  0.879  0.801  0.862  0.798  0.747  0.710  0.440  0.572  0.260  0.031 -0.098 -0.182 -0.057  0.026  0.146  0.078  0.145  0.025  0.143
  0.056 -0.193 -0.239 -0.095 -0.315 -0.302 -0.083  0.003  0.017 -0.065 -0.295 -0.526 -0.471 -0.313 -0.227  0.456  0.406  0.532  0.407  0.435  0.461  0.569  0.303  0.159  0.308 -0.086 -0.494 -0.621 -0.542 -0.543 -0.676 -0.678 -0.606 -0.513 -0.522 -0.378 -0.346 -0.344 -0.167 -0.088  0.000  0.200  0.189 -0.015 -0.206 -0.168 -0.077 -0.440 -0.043  0.099  0.368  0.277  0.174  0.482  0.655  0.737  0.879  1.000  0.841  0.832  0.766  0.506  0.506  0.219  0.373  0.089  0.022  0.129  0.115  0.156  0.213  0.225  0.062 -0.080 -0.140  0.004
 -0.063 -0.027 -0.217 -0.158 -0.289 -0.450 -0.292 -0.394 -0.244 -0.261 -0.505 -0.592 -0.455 -0.151  0.040  0.489  0.312  0.564  0.576  0.492  0.465  0.488  0.273  0.133  0.373  0.208 -0.244 -0.427 -0.354 -0.214 -0.427 -0.454 -0.364 -0.362 -0.343 -0.202 -0.121 -0.112 -0.015  0.130  0.193  0.395  0.340 -0.118 -0.344 -0.356 -0.193 -0.511  0.009  0.243  0.400  0.308  0.221  0.463  0.581  0.806  0.801  0.841  1.000  0.891  0.749  0.405  0.516  0.291  0.287  0.114 -0.007 -0.112  0.045  0.269  0.360  0.400  0.387 -0.012 -0.278 -0.198
  0.093  0.079  0.017  0.013 -0.221 -0.403 -0.278 -0.378 -0.133 -0.186 -0.485 -0.555 -0.489 -0.220 -0.055  0.583  0.490  0.696  0.619  0.598  0.530  0.345  0.133 -0.059  0.101 -0.067 -0.350 -0.603 -0.555 -0.428 -0.476 -0.548 -0.456 -0.384 -0.417 -0.276 -0.191 -0.182 -0.142 -0.161 -0.127  0.083  0.050 -0.323 -0.341 -0.239 -0.172 -0.611 -0.252  0.039  0.271  0.208  0.176  0.385  0.567  0.879  0.862  0.832  0.891  1.000  0.905  0.631  0.637  0.376  0.509  0.266  0.169 -0.112 -0.147 -0.084  0.065  0.186  0.150  0.209 -0.098 -0.061
  0.037  0.034  0.094  0.194 -0.143 -0.308 -0.265 -0.333 -0.240 -0.266 -0.460 -0.426 -0.462 -0.135 -0.211  0.379  0.496  0.719  0.547  0.535  0.451  0.178 -0.130 -0.281 -0.116 -0.379 -0.632 -0.743 -0.672 -0.563 -0.563 -0.542 -0.406 -0.416 -0.467 -0.428 -0.431 -0.429 -0.415 -0.322 -0.357 -0.126 -0.225 -0.486 -0.496 -0.344 -0.314 -0.704 -0.491 -0.266  0.044 -0.011  0.013  0.262  0.524  0.815  0.798  0.766  0.749  0.905  1.000  0.777  0.735  0.551  0.687  0.455  0.209 -0.238 -0.289 -0.167  0.035  0.191  0.271  0.348  0.170  0.189
  0.386  0.470  0.409  0.397 -0.305 -0.372 -0.280 -0.226  0.046 -0.152 -0.247 -0.349 -0.495 -0.145 -0.321  0.221  0.430  0.693  0.607  0.526  0.383 -0.145 -0.382 -0.568 -0.401 -0.443 -0.694 -0.824 -0.758 -0.690 -0.590 -0.530 -0.489 -0.541 -0.594 -0.661 -0.592 -0.552 -0.572 -0.567 -0.625 -0.370 -0.506 -0.570 -0.454 -0.391 -0.469 -0.782 -0.772 -0.713 -0.487 -0.454 -0.504 -0.273  0.276  0.575  0.747  0.506  0.405  0.631  0.777  1.000  0.931  0.806  0.853  0.549 -0.058 -0.406 -0.614 -0.414 -0.233  0.008  0.069  0.462  0.516  0.571
  0.347  0.519  0.412  0.341 -0.388 -0.496 -0.380 -0.256 -0.065 -0.244 -0.275 -0.317 -0.468 -0.065 -0.246  0.330  0.444  0.685  0.725  0.550  0.323 -0.119 -0.337 -0.570 -0.270 -0.240 -0.657 -0.822 -0.655 -0.631 -0.593 -0.499 -0.482 -0.580 -0.558 -0.611 -0.497 -0.454 -0.434 -0.387 -0.411 -0.134 -0.308 -0.540 -0.602 -0.607 -0.612 -0.856 -0.699 -0.638 -0.506 -0.465 -0.529 -0.319  0.229  0.523  0.710  0.506  0.516  0.637  0.735  0.931  1.000  0.894  0.794  0.467 -0.276 -0.504 -0.596 -0.233 -0.073  0.176  0.168  0.387  0.440  0.507
  0.295  0.540  0.505  0.515 -0.167 -0.327 -0.267 -0.226 -0.088 -0.170 -0.139 -0.064 -0.315  0.058 -0.328  0.034  0.305  0.476  0.541  0.282  0.033 -0.401 -0.643 -0.747 -0.361 -0.250 -0.602 -0.647 -0.402 -0.365 -0.312 -0.158 -0.124 -0.332 -0.322 -0.475 -0.443 -0.454 -0.457 -0.388 -0.443 -0.179 -0.301 -0.441 -0.520 -0.583 -0.631 -0.730 -0.687 -0.696 -0.653 -0.680 -0.658 -0.509 -0.048  0.207  0.440  0.219  0.291  0.376  0.551  0.806  0.894  1.000  0.859  0.596 -0.245 -0.534 -0.608 -0.254 -0.185  0.099  0.237  0.376  0.461  0.497
  0.426  0.368  0.509  0.597  0.036 -0.106 -0.051 -0.139  0.110  0.091 -0.066 -0.105 -0.356 -0.090 -0.460  0.047  0.375  0.484  0.419  0.234  0.053 -0.378 -0.692 -0.739 -0.492 -0.504 -0.672 -0.690 -0.554 -0.462 -0.298 -0.256 -0.197 -0.216 -0.261 -0.366 -0.379 -0.447 -0.421 -0.480 -0.575 -0.324 -0.392 -0.354 -0.305 -0.281 -0.333 -0.598 -0.684 -0.626 -0.493 -0.620 -0.477 -0.327 -0.014  0.301  0.572  0.373  0.287  0.509  0.687  0.853  0.794  0.859  1.000  0.684  0.126 -0.248 -0.490 -0.404 -0.393 -0.094 -0.008  0.382  0.379  0.370
  0.450  0.209  0.592  0.774  0.520  0.417  0.388 -0.010  0.232  0.361  0.338  0.289  0.190  0.472 -0.107 -0.298  0.276  0.194 -0.045 -0.305 -0.283 -0.624 -0.649 -0.607 -0.641 -0.236 -0.235 -0.425 -0.320 -0.099 -0.149 -0.076  0.025  0.039 -0.127 -0.143 -0.218 -0.270 -0.329 -0.221 -0.278 -0.110 -0.206 -0.074  0.056 -0.101 -0.083 -0.308 -0.408 -0.446 -0.429 -0.593 -0.505 -0.457 -0.236  0.260  0.260  0.089  0.114  0.266  0.455  0.549  0.467  0.596  0.684  1.000  0.531  0.105 -0.055  0.000 -0.021  0.229  0.343 -0.058 -0.041 -0.035
  0.151 -0.358  0.166  0.365  0.727  0.654  0.560  0.030  0.298  0.498  0.271  0.186  0.261  0.210  0.033 -0.205  0.058 -0.143 -0.431 -0.423 -0.154 -0.211 -0.205 -0.075 -0.419 -0.234  0.196  0.101 -0.065  0.193  0.186  0.075  0.162  0.420  0.260  0.337  0.217  0.116  0.065  0.027 -0.028 -0.065 -0.065  0.185  0.426  0.433  0.481  0.274  0.150  0.241  0.281  0.091  0.277  0.217 -0.070  0.256  0.031  0.022 -0.007  0.169  0.209 -0.058 -0.276 -0.245  0.126  0.531  1.000  0.536  0.395  0.038 -0.028  0.033  0.081 -0.158 -0.430 -0.543
  0.250 -0.502 -0.078  0.099  0.545  0.733  0.832  0.645  0.610  0.786  0.688  0.375  0.471  0.160  0.022 -0.150  0.030 -0.433 -0.666 -0.659 -0.432  0.030  0.245  0.389  0.081  0.182  0.363  0.196  0.208  0.175  0.065 -0.024 -0.030  0.301  0.181  0.407  0.319  0.242  0.388  0.260  0.405  0.326  0.502  0.803  0.808  0.623  0.691  0.560  0.572  0.503  0.439  0.236  0.265  0.159 -0.148 -0.137 -0.098  0.129 -0.112 -0.112 -0.238 -0.406 -0.504 -0.534 -0.248  0.105  0.536  1.000  0.854  0.387  0.111  0.024 -0.342 -0.764 -0.724 -0.630
 -0.107 -0.715 -0.400 -0.145  0.410  0.577  0.657  0.440  0.307  0.475  0.484  0.250  0.404  0.215  0.183 -0.251 -0.238 -0.590 -0.698 -0.691 -0.481  0.185  0.369  0.557  0.345  0.399  0.422  0.389  0.446  0.415  0.135  0.143  0.138  0.372  0.305  0.479  0.356  0.292  0.501  0.600  0.743  0.665  0.737  0.806  0.621  0.319  0.468  0.478  0.713  0.679  0.606  0.428  0.428  0.283 -0.037 -0.122 -0.182  0.115  0.045 -0.147 -0.289 -0.614 -0.596 -0.608 -0.490 -0.055  0.395  0.854  1.000  0.724  0.512  0.381 -0.003 -0.778 -0.821 -0.732
 -0.040 -0.428 -0.266 -0.068  0.195  0.300  0.367  0.188  0.019  0.180  0.319  0.147  0.330  0.464  0.362 -0.159 -0.176 -0.339 -0.280 -0.462 -0.340  0.185  0.279  0.294  0.248  0.500  0.183  0.148  0.216  0.268 -0.131 -0.069 -0.077  0.039  0.116  0.244  0.241  0.212  0.425  0.816  0.850  0.842  0.636  0.504  0.096 -0.248  0.106  0.185  0.537  0.437  0.260  0.139  0.095  0.094 -0.095  0.010 -0.057  0.156  0.269 -0.084 -0.167 -0.414 -0.233 -0.254 -0.404  0.000  0.038  0.387  0.724  1.000  0.880  0.792  0.478 -0.688 -0.616 -0.577
 -0.241 -0.393 -0.338 -0.101 -0.011  0.071  0.133 -0.022 -0.207 -0.190  0.056 -0.026  0.177  0.463  0.523 -0.115 -0.131 -0.188 -0.133 -0.190 -0.100  0.331  0.380  0.235  0.250  0.445  0.030 -0.015  0.101  0.133 -0.333 -0.199 -0.180 -0.195 -0.140 -0.057 -0.044 -0.031  0.164  0.705  0.678  0.686  0.398  0.102 -0.162 -0.445 -0.157 -0.097  0.311  0.273  0.224  0.226  0.070  0.143  0.089  0.213  0.026  0.213  0.360  0.065  0.035 -0.233 -0.073 -0.185 -0.393 -0.021 -0.028  0.111  0.512  0.880  1.000  0.922  0.633 -0.368 -0.344 -0.348
 -0.065 -0.266 -0.123  0.107  0.009  0.041  0.113 -0.129 -0.127 -0.149  0.078 -0.044  0.063  0.475  0.447 -0.138 -0.120 -0.157 -0.039 -0.184 -0.201  0.092  0.090 -0.064  0.012  0.336 -0.110 -0.163  0.005  0.070 -0.339 -0.182 -0.190 -0.158 -0.105 -0.081 -0.058 -0.071  0.163  0.668  0.599  0.691  0.309 -0.024 -0.267 -0.639 -0.350 -0.348  0.054  0.061  0.004 -0.020 -0.095 -0.090 -0.008  0.265  0.146  0.225  0.400  0.186  0.191  0.008  0.176  0.099 -0.094  0.229  0.033  0.024  0.381  0.792  0.922  1.000  0.608 -0.207 -0.251 -0.289
 -0.292 -0.004 -0.081  0.133  0.122 -0.031 -0.113 -0.407 -0.492 -0.370 -0.238 -0.046  0.101  0.500  0.328 -0.230 -0.018  0.186  0.134 -0.021  0.098  0.030 -0.066 -0.105  0.012  0.206 -0.061 -0.065 -0.032  0.218 -0.136 -0.001  0.146 -0.131 -0.144 -0.182 -0.217 -0.200 -0.285  0.256  0.161  0.220  0.023 -0.219 -0.356 -0.429 -0.255 -0.198  0.017 -0.013 -0.018 -0.048 -0.144  0.073  0.091  0.339  0.078  0.062  0.387  0.150  0.271  0.069  0.168  0.237 -0.008  0.343  0.081 -0.342 -0.003  0.478  0.633  0.608  1.000 -0.045 -0.078 -0.111
 -0.249  0.261  0.027 -0.036 -0.433 -0.585 -0.674 -0.609 -0.399 -0.653 -0.662 -0.451 -0.617 -0.407 -0.129  0.073 -0.099  0.273  0.437  0.615  0.389 -0.041 -0.324 -0.435 -0.229 -0.475 -0.436 -0.188 -0.223 -0.221  0.013  0.062  0.053 -0.116 -0.083 -0.343 -0.331 -0.317 -0.381 -0.402 -0.600 -0.534 -0.671 -0.853 -0.598 -0.387 -0.578 -0.568 -0.697 -0.506 -0.296 -0.125 -0.049 -0.054  0.188  0.161  0.145 -0.080 -0.012  0.209  0.348  0.462  0.387  0.376  0.382 -0.058 -0.158 -0.764 -0.778 -0.688 -0.368 -0.207 -0.045  1.000  0.783  0.610
 -0.082  0.362  0.155  0.133 -0.448 -0.427 -0.490 -0.180 -0.280 -0.527 -0.333 -0.156 -0.380 -0.223 -0.230 -0.071  0.032  0.284  0.347  0.487  0.283 -0.110 -0.345 -0.508 -0.317 -0.567 -0.648 -0.392 -0.359 -0.487 -0.272 -0.143 -0.153 -0.405 -0.359 -0.618 -0.610 -0.564 -0.622 -0.539 -0.731 -0.683 -0.818 -0.766 -0.573 -0.357 -0.552 -0.455 -0.750 -0.808 -0.627 -0.420 -0.445 -0.316  0.025 -0.099  0.025 -0.140 -0.278 -0.098  0.170  0.516  0.440  0.461  0.379 -0.041 -0.430 -0.724 -0.821 -0.616 -0.344 -0.251 -0.078  0.783  1.000  0.916
