  1.000  0.796  0.578  0.293 -0.187 -0.319 -0.364 -0.304 -0.277 -0.261 -0.262 -0.142 -0.059  0.298  0.388  0.684  0.697  0.678  0.506  0.327  0.209 -0.143 -0.374 -0.446 -0.276 -0.300 -0.522 -0.478 -0.345 -0.442 -0.496 -0.369 -0.297 -0.355 -0.437 -0.471 -0.500 -0.555 -0.527 -0.566 -0.604 -0.505 -0.535 -0.486 -0.328 -0.179 -0.321 -0.402 -0.531 -0.505 -0.517 -0.507 -0.415 -0.309 -0.045  0.170  0.260  0.024 -0.031  0.226  0.304  0.498  0.671  0.612  0.388  0.082 -0.205 -0.434 -0.524 -0.497 -0.419 -0.117  0.286  0.535  0.550  0.510
  0.796  1.000  0.694  0.459 -0.010 -0.184 -0.273 -0.265 -0.241 -0.186 -0.125  0.036  0.127  0.466  0.560  0.690  0.528  0.500  0.329  0.141  0.015 -0.311 -0.469 -0.514 -0.362 -0.319 -0.487 -0.446 -0.281 -0.354 -0.420 -0.288 -0.207 -0.273 -0.367 -0.428 -0.457 -0.510 -0.492 -0.545 -0.580 -0.471 -0.493 -0.464 -0.318 -0.187 -0.326 -0.414 -0.527 -0.509 -0.566 -0.571 -0.511 -0.462 -0.224  0.018  0.095 -0.147 -0.144  0.119  0.262  0.454  0.630  0.681  0.446  0.173 -0.122 -0.355 -0.447 -0.438 -0.406 -0.124  0.263  0.500  0.527  0.484
  0.578  0.694  1.000  0.706  0.266  0.076 -0.090 -0.178 -0.174 -0.099 -0.007  0.189  0.253  0.540  0.543  0.503  0.378  0.251  0.139 -0.042 -0.142 -0.373 -0.430 -0.474 -0.428 -0.322 -0.385 -0.406 -0.283 -0.259 -0.321 -0.252 -0.155 -0.180 -0.264 -0.289 -0.315 -0.369 -0.341 -0.361 -0.380 -0.265 -0.274 -0.226 -0.130 -0.054 -0.141 -0.203 -0.288 -0.318 -0.408 -0.464 -0.444 -0.398 -0.259 -0.060  0.005 -0.095 -0.035  0.119  0.215  0.366  0.547  0.638  0.533  0.415  0.179 -0.095 -0.211 -0.213 -0.222 -0.052  0.111  0.218  0.263  0.236
  0.293  0.459  0.706  1.000  0.658  0.470  0.218  0.012  0.067  0.162  0.381  0.544  0.533  0.670  0.501  0.321  0.137 -0.033 -0.151 -0.322 -0.370 -0.500 -0.437 -0.434 -0.438 -0.257 -0.240 -0.282 -0.156 -0.062 -0.145 -0.113 -0.000  0.010 -0.080 -0.107 -0.157 -0.211 -0.199 -0.188 -0.166 -0.042 -0.038 -0.019 -0.011  0.002 -0.045 -0.117 -0.165 -0.247 -0.361 -0.417 -0.488 -0.505 -0.459 -0.299 -0.259 -0.322 -0.209 -0.100  0.008  0.100  0.292  0.508  0.476  0.637  0.460  0.211  0.082  0.035 -0.046  0.042  0.044 -0.015  0.022  0.004
 -0.187 -0.010  0.266  0.658  1.000  0.831  0.587  0.298  0.313  0.362  0.605  0.680  0.675  0.475  0.292 -0.038 -0.172 -0.367 -0.442 -0.508 -0.458 -0.374 -0.164 -0.110 -0.231 -0.050  0.112  0.036  0.066  0.229  0.180  0.121  0.189  0.227  0.194  0.189  0.152  0.126  0.121  0.178  0.229  0.307  0.334  0.327  0.221  0.131  0.193  0.160  0.179  0.078 -0.017 -0.083 -0.220 -0.305 -0.429 -0.422 -0.458 -0.390 -0.276 -0.320 -0.250 -0.252 -0.188  0.015  0.139  0.490  0.634  0.562  0.519  0.395  0.235  0.151 -0.130 -0.399 -0.405 -0.401
 -0.319 -0.184  0.076  0.470  0.831  1.000  0.768  0.483  0.466  0.498  0.685  0.677  0.557  0.296  0.087 -0.179 -0.287 -0.466 -0.492 -0.539 -0.461 -0.318 -0.074 -0.028 -0.179 -0.019  0.179  0.070  0.055  0.237  0.208  0.102  0.160  0.244  0.216  0.240  0.225  0.218  0.230  0.302  0.369  0.434  0.468  0.456  0.312  0.195  0.286  0.255  0.294  0.186  0.083  0.012 -0.152 -0.232 -0.396 -0.412 -0.460 -0.351 -0.231 -0.313 -0.284 -0.322 -0.286 -0.113  0.043  0.446  0.614  0.694  0.647  0.516  0.356  0.182 -0.213 -0.527 -0.524 -0.513
 -0.364 -0.273 -0.090  0.218  0.587  0.768  1.000  0.779  0.636  0.457  0.605  0.476  0.424  0.154 -0.016 -0.216 -0.324 -0.456 -0.451 -0.443 -0.353 -0.209  0.011  0.061 -0.063  0.062  0.259  0.179  0.137  0.288  0.298  0.183  0.185  0.274  0.292  0.311  0.309  0.327  0.356  0.380  0.429  0.499  0.489  0.436  0.262  0.144  0.257  0.226  0.295  0.200  0.118  0.068 -0.085 -0.146 -0.302 -0.369 -0.421 -0.304 -0.217 -0.326 -0.347 -0.377 -0.368 -0.248 -0.137  0.202  0.395  0.635  0.629  0.489  0.335  0.138 -0.299 -0.556 -0.568 -0.550
 -0.304 -0.265 -0.178  0.012  0.298  0.483  0.779  1.000  0.754  0.455  0.414  0.231  0.170 -0.029 -0.107 -0.206 -0.278 -0.342 -0.326 -0.284 -0.212 -0.092  0.044  0.074  0.004  0.047  0.191  0.151  0.088  0.167  0.203  0.108  0.101  0.180  0.204  0.229  0.233  0.263  0.294  0.304  0.336  0.365  0.344  0.308  0.179  0.098  0.184  0.157  0.215  0.148  0.108  0.078 -0.017 -0.050 -0.161 -0.253 -0.292 -0.190 -0.148 -0.243 -0.290 -0.307 -0.315 -0.260 -0.192  0.018  0.193  0.439  0.440  0.332  0.237  0.057 -0.320 -0.451 -0.439 -0.408
 -0.277 -0.241 -0.174  0.067  0.313  0.466  0.636  0.754  1.000  0.759  0.634  0.333  0.213  0.049 -0.058 -0.179 -0.247 -0.326 -0.336 -0.320 -0.233 -0.124  0.008  0.059 -0.020  0.020  0.155  0.132  0.098  0.151  0.184  0.122  0.123  0.180  0.187  0.181  0.180  0.195  0.211  0.221  0.253  0.261  0.270  0.240  0.120  0.067  0.135  0.119  0.171  0.104  0.080  0.053 -0.046 -0.093 -0.196 -0.268 -0.306 -0.221 -0.169 -0.250 -0.293 -0.307 -0.307 -0.233 -0.161  0.056  0.181  0.353  0.351  0.251  0.157  0.018 -0.294 -0.423 -0.402 -0.366
 -0.261 -0.186 -0.099  0.162  0.362  0.498  0.457  0.455  0.759  1.000  0.697  0.439  0.242  0.111 -0.017 -0.161 -0.226 -0.325 -0.347 -0.366 -0.301 -0.199 -0.062 -0.003 -0.091 -0.042  0.106  0.078  0.069  0.133  0.141  0.096  0.133  0.182  0.163  0.158  0.144  0.140  0.130  0.181  0.209  0.209  0.226  0.201  0.106  0.053  0.102  0.107  0.150  0.076  0.057  0.018 -0.090 -0.165 -0.256 -0.279 -0.313 -0.249 -0.164 -0.232 -0.215 -0.244 -0.239 -0.143 -0.062  0.158  0.245  0.315  0.308  0.251  0.193  0.096 -0.169 -0.357 -0.354 -0.338
 -0.262 -0.125 -0.007  0.381  0.605  0.685  0.605  0.414  0.634  0.697  1.000  0.797  0.630  0.399  0.165 -0.088 -0.226 -0.394 -0.445 -0.501 -0.420 -0.324 -0.119 -0.050 -0.157 -0.013  0.165  0.113  0.140  0.253  0.230  0.182  0.233  0.290  0.252  0.213  0.180  0.177  0.149  0.181  0.231  0.266  0.296  0.256  0.136  0.073  0.128  0.114  0.150  0.058 -0.026 -0.056 -0.222 -0.316 -0.419 -0.407 -0.457 -0.413 -0.305 -0.350 -0.309 -0.323 -0.286 -0.100 -0.033  0.259  0.328  0.422  0.419  0.333  0.194  0.097 -0.175 -0.417 -0.406 -0.383
 -0.142  0.036  0.189  0.544  0.680  0.677  0.476  0.231  0.333  0.439  0.797  1.000  0.802  0.595  0.319  0.027 -0.141 -0.326 -0.408 -0.501 -0.453 -0.409 -0.211 -0.145 -0.223 -0.049  0.084  0.030  0.111  0.226  0.171  0.164  0.243  0.282  0.213  0.161  0.113  0.086  0.050  0.075  0.132  0.189  0.229  0.198  0.118  0.063  0.091  0.065  0.082 -0.018 -0.134 -0.163 -0.322 -0.409 -0.486 -0.427 -0.468 -0.454 -0.333 -0.332 -0.249 -0.220 -0.146  0.062  0.113  0.348  0.352  0.384  0.355  0.286  0.145  0.100 -0.095 -0.318 -0.294 -0.289
 -0.059  0.127  0.253  0.533  0.675  0.557  0.424  0.170  0.213  0.242  0.630  0.802  1.000  0.762  0.506  0.176 -0.018 -0.234 -0.354 -0.438 -0.377 -0.370 -0.197 -0.106 -0.148  0.006  0.124  0.110  0.187  0.269  0.217  0.238  0.286  0.280  0.237  0.165  0.102  0.074  0.042  0.065  0.088  0.143  0.158  0.103  0.024 -0.005  0.020 -0.013 -0.003 -0.090 -0.185 -0.176 -0.317 -0.422 -0.473 -0.436 -0.484 -0.495 -0.403 -0.389 -0.305 -0.246 -0.153  0.041  0.031  0.236  0.244  0.278  0.277  0.209  0.074  0.078 -0.053 -0.247 -0.237 -0.232
  0.298  0.466  0.540  0.670  0.475  0.296  0.154 -0.029  0.049  0.111  0.399  0.595  0.762  1.000  0.755  0.492  0.260  0.045 -0.122 -0.280 -0.281 -0.425 -0.364 -0.299 -0.250 -0.106 -0.111 -0.102  0.032  0.052 -0.011  0.056  0.127  0.110  0.042 -0.041 -0.107 -0.164 -0.178 -0.191 -0.199 -0.127 -0.130 -0.168 -0.161 -0.110 -0.164 -0.217 -0.258 -0.327 -0.429 -0.397 -0.476 -0.552 -0.487 -0.344 -0.350 -0.466 -0.384 -0.263 -0.144 -0.012  0.167  0.349  0.218  0.271  0.101 -0.003 -0.030 -0.061 -0.137  0.007  0.101  0.052  0.072  0.054
  0.388  0.560  0.543  0.501  0.292  0.087 -0.016 -0.107 -0.058 -0.017  0.165  0.319  0.506  0.755  1.000  0.699  0.430  0.211 -0.004 -0.130 -0.108 -0.274 -0.284 -0.227 -0.152 -0.060 -0.108 -0.077  0.032  0.014 -0.052  0.018  0.079  0.027 -0.041 -0.113 -0.166 -0.206 -0.201 -0.245 -0.274 -0.225 -0.249 -0.286 -0.270 -0.170 -0.240 -0.303 -0.335 -0.372 -0.408 -0.339 -0.360 -0.442 -0.352 -0.260 -0.258 -0.382 -0.384 -0.251 -0.134  0.024  0.219  0.329  0.140  0.120 -0.033 -0.170 -0.167 -0.185 -0.225 -0.047  0.132  0.163  0.182  0.165
  0.684  0.690  0.503  0.321 -0.038 -0.179 -0.216 -0.206 -0.179 -0.161 -0.088  0.027  0.176  0.492  0.699  1.000  0.720  0.539  0.312  0.192  0.160 -0.145 -0.306 -0.300 -0.164 -0.161 -0.297 -0.251 -0.143 -0.221 -0.276 -0.176 -0.123 -0.174 -0.244 -0.306 -0.339 -0.372 -0.365 -0.411 -0.457 -0.402 -0.447 -0.470 -0.395 -0.255 -0.363 -0.430 -0.490 -0.477 -0.485 -0.417 -0.380 -0.372 -0.168 -0.047  0.019 -0.190 -0.267 -0.069  0.029  0.216  0.445  0.439  0.150 -0.013 -0.234 -0.387 -0.398 -0.387 -0.368 -0.105  0.213  0.392  0.412  0.394
  0.697  0.528  0.378  0.137 -0.172 -0.287 -0.324 -0.278 -0.247 -0.226 -0.226 -0.141 -0.018  0.260  0.430  0.720  1.000  0.803  0.532  0.422  0.437  0.092 -0.149 -0.181 -0.053 -0.123 -0.285 -0.254 -0.208 -0.289 -0.329 -0.247 -0.196 -0.241 -0.298 -0.334 -0.369 -0.391 -0.373 -0.414 -0.440 -0.406 -0.442 -0.431 -0.329 -0.189 -0.279 -0.349 -0.428 -0.398 -0.352 -0.279 -0.179 -0.109  0.111  0.210  0.235  0.031 -0.078  0.074  0.138  0.262  0.416  0.314  0.126 -0.084 -0.260 -0.410 -0.418 -0.419 -0.373 -0.126  0.199  0.386  0.360  0.332
  0.678  0.500  0.251 -0.033 -0.367 -0.466 -0.456 -0.342 -0.326 -0.325 -0.394 -0.326 -0.234  0.045  0.211  0.539  0.803  1.000  0.774  0.660  0.591  0.206 -0.137 -0.208 -0.036 -0.195 -0.417 -0.351 -0.318 -0.435 -0.450 -0.355 -0.317 -0.375 -0.424 -0.440 -0.451 -0.474 -0.435 -0.479 -0.524 -0.488 -0.541 -0.507 -0.373 -0.215 -0.331 -0.388 -0.470 -0.419 -0.346 -0.281 -0.101  0.038  0.317  0.434  0.486  0.257  0.110  0.279  0.292  0.377  0.466  0.317  0.145 -0.171 -0.352 -0.532 -0.555 -0.526 -0.439 -0.178  0.237  0.511  0.489  0.461
  0.506  0.329  0.139 -0.151 -0.442 -0.492 -0.451 -0.326 -0.336 -0.347 -0.445 -0.408 -0.354 -0.122 -0.004  0.312  0.532  0.774  1.000  0.788  0.578  0.254 -0.071 -0.193 -0.071 -0.246 -0.449 -0.397 -0.391 -0.511 -0.505 -0.427 -0.407 -0.455 -0.482 -0.463 -0.428 -0.435 -0.379 -0.417 -0.463 -0.430 -0.472 -0.415 -0.268 -0.166 -0.260 -0.295 -0.363 -0.290 -0.225 -0.200 -0.007  0.194  0.484  0.636  0.693  0.495  0.352  0.487  0.439  0.430  0.419  0.265  0.187 -0.144 -0.321 -0.471 -0.516 -0.468 -0.363 -0.178  0.193  0.458  0.441  0.417
  0.327  0.141 -0.042 -0.322 -0.508 -0.539 -0.443 -0.284 -0.320 -0.366 -0.501 -0.501 -0.438 -0.280 -0.130  0.192  0.422  0.660  0.788  1.000  0.806  0.499  0.164  0.048  0.142 -0.087 -0.271 -0.231 -0.289 -0.430 -0.410 -0.378 -0.412 -0.450 -0.436 -0.398 -0.337 -0.309 -0.258 -0.291 -0.340 -0.338 -0.383 -0.336 -0.226 -0.151 -0.214 -0.202 -0.232 -0.144 -0.037  0.017  0.229  0.412  0.650  0.638  0.696  0.563  0.370  0.432  0.323  0.275  0.237  0.055 -0.000 -0.292 -0.376 -0.463 -0.449 -0.392 -0.298 -0.177  0.117  0.362  0.335  0.317
  0.209  0.015 -0.142 -0.370 -0.458 -0.461 -0.353 -0.212 -0.233 -0.301 -0.420 -0.453 -0.377 -0.281 -0.108  0.160  0.437  0.591  0.578  0.806  1.000  0.743  0.398  0.290  0.384  0.133 -0.046 -0.020 -0.125 -0.256 -0.245 -0.248 -0.286 -0.307 -0.282 -0.238 -0.193 -0.162 -0.122 -0.133 -0.174 -0.216 -0.260 -0.253 -0.215 -0.170 -0.188 -0.149 -0.127 -0.036  0.109  0.213  0.390  0.524  0.669  0.531  0.507  0.421  0.203  0.206  0.116  0.075  0.053 -0.115 -0.163 -0.361 -0.362 -0.376 -0.306 -0.259 -0.215 -0.135  0.036  0.183  0.147  0.151
 -0.143 -0.311 -0.373 -0.500 -0.374 -0.318 -0.209 -0.092 -0.124 -0.199 -0.324 -0.409 -0.370 -0.425 -0.274 -0.145  0.092  0.206  0.254  0.499  0.743  1.000  0.766  0.645  0.671  0.454  0.266  0.240  0.078 -0.051 -0.058 -0.118 -0.180 -0.185 -0.130 -0.051  0.009  0.073  0.083  0.097  0.096 -0.009  0.018  0.019  0.007 -0.021  0.030  0.125  0.202  0.314  0.480  0.607  0.698  0.756  0.694  0.433  0.338  0.422  0.228  0.103 -0.014 -0.136 -0.226 -0.370 -0.329 -0.384 -0.240 -0.167 -0.065 -0.036 -0.023 -0.112 -0.121 -0.105 -0.151 -0.133
 -0.374 -0.469 -0.430 -0.437 -0.164 -0.074  0.011  0.044  0.008 -0.062 -0.119 -0.211 -0.197 -0.364 -0.284 -0.306 -0.149 -0.137 -0.071  0.164  0.398  0.766  1.000  0.837  0.668  0.612  0.581  0.448  0.226  0.183  0.170  0.026 -0.050 -0.025  0.053  0.140  0.243  0.355  0.326  0.300  0.342  0.239  0.328  0.299  0.229  0.131  0.230  0.355  0.471  0.571  0.688  0.794  0.705  0.664  0.466  0.217  0.056  0.232  0.156 -0.061 -0.154 -0.296 -0.405 -0.490 -0.387 -0.274 -0.056  0.110  0.205  0.201  0.162 -0.048 -0.267 -0.388 -0.439 -0.413
 -0.446 -0.514 -0.474 -0.434 -0.110 -0.028  0.061  0.074  0.059 -0.003 -0.050 -0.145 -0.106 -0.299 -0.227 -0.300 -0.181 -0.208 -0.193  0.048  0.290  0.645  0.837  1.000  0.805  0.617  0.706  0.652  0.382  0.327  0.357  0.227  0.133  0.142  0.222  0.267  0.309  0.401  0.328  0.313  0.400  0.200  0.284  0.243  0.149  0.107  0.199  0.301  0.420  0.498  0.640  0.801  0.727  0.572  0.340  0.038 -0.121  0.074 -0.000 -0.250 -0.327 -0.433 -0.509 -0.569 -0.492 -0.327 -0.076  0.105  0.232  0.186  0.139 -0.092 -0.285 -0.412 -0.438 -0.409
 -0.276 -0.362 -0.428 -0.438 -0.231 -0.179 -0.063  0.004 -0.020 -0.091 -0.157 -0.223 -0.148 -0.250 -0.152 -0.164 -0.053 -0.036 -0.071  0.142  0.384  0.671  0.668  0.805  1.000  0.753  0.557  0.623  0.476  0.284  0.279  0.228  0.123  0.092  0.153  0.184  0.202  0.258  0.202  0.201  0.234  0.067  0.095  0.011 -0.081 -0.088 -0.033  0.056  0.173  0.251  0.392  0.570  0.569  0.444  0.305  0.044 -0.064  0.040 -0.082 -0.228 -0.294 -0.358 -0.405 -0.473 -0.490 -0.426 -0.260 -0.101  0.050  0.044  0.015 -0.103 -0.146 -0.197 -0.218 -0.194
 -0.300 -0.319 -0.322 -0.257 -0.050 -0.019  0.062  0.047  0.020 -0.042 -0.013 -0.049  0.006 -0.106 -0.060 -0.161 -0.123 -0.195 -0.246 -0.087  0.133  0.454  0.612  0.617  0.753  1.000  0.719  0.615  0.591  0.481  0.374  0.293  0.209  0.174  0.215  0.244  0.292  0.367  0.306  0.261  0.267  0.204  0.244  0.130  0.019 -0.023  0.051  0.104  0.209  0.241  0.296  0.454  0.373  0.237  0.044 -0.127 -0.234 -0.132 -0.162 -0.283 -0.307 -0.357 -0.391 -0.397 -0.389 -0.260 -0.129  0.038  0.156  0.136  0.078 -0.042 -0.155 -0.281 -0.316 -0.292
 -0.522 -0.487 -0.385 -0.240  0.112  0.179  0.259  0.191  0.155  0.106  0.165  0.084  0.124 -0.111 -0.108 -0.297 -0.285 -0.417 -0.449 -0.271 -0.046  0.266  0.581  0.706  0.557  0.719  1.000  0.847  0.622  0.683  0.683  0.494  0.389  0.426  0.503  0.536  0.571  0.654  0.559  0.480  0.560  0.407  0.465  0.343  0.170  0.083  0.213  0.270  0.396  0.400  0.446  0.573  0.422  0.221 -0.052 -0.282 -0.430 -0.248 -0.237 -0.447 -0.481 -0.552 -0.589 -0.546 -0.470 -0.191  0.063  0.288  0.408  0.350  0.275  0.031 -0.303 -0.557 -0.589 -0.551
 -0.478 -0.446 -0.406 -0.282  0.036  0.070  0.179  0.151  0.132  0.078  0.113  0.030  0.110 -0.102 -0.077 -0.251 -0.254 -0.351 -0.397 -0.231 -0.020  0.240  0.448  0.652  0.623  0.615  0.847  1.000  0.785  0.697  0.761  0.664  0.507  0.481  0.580  0.553  0.539  0.572  0.468  0.421  0.489  0.279  0.298  0.162 -0.018 -0.067  0.048  0.119  0.244  0.238  0.327  0.462  0.370  0.169 -0.054 -0.297 -0.418 -0.266 -0.290 -0.483 -0.515 -0.561 -0.588 -0.551 -0.525 -0.305 -0.071  0.138  0.294  0.244  0.205 -0.003 -0.237 -0.438 -0.456 -0.420
 -0.345 -0.281 -0.283 -0.156  0.066  0.055  0.137  0.088  0.098  0.069  0.140  0.111  0.187  0.032  0.032 -0.143 -0.208 -0.318 -0.391 -0.289 -0.125  0.078  0.226  0.382  0.476  0.591  0.622  0.785  1.000  0.816  0.707  0.763  0.680  0.541  0.546  0.441  0.362  0.361  0.243  0.244  0.300  0.127  0.143  0.003 -0.150 -0.148 -0.076 -0.052  0.039  0.025  0.094  0.218  0.142 -0.039 -0.207 -0.371 -0.448 -0.356 -0.359 -0.463 -0.456 -0.449 -0.462 -0.395 -0.406 -0.240 -0.125  0.030  0.158  0.095  0.061 -0.035 -0.118 -0.259 -0.269 -0.241
 -0.442 -0.354 -0.259 -0.062  0.229  0.237  0.288  0.167  0.151  0.133  0.253  0.226  0.269  0.052  0.014 -0.221 -0.289 -0.435 -0.511 -0.430 -0.256 -0.051  0.183  0.327  0.284  0.481  0.683  0.697  0.816  1.000  0.876  0.783  0.766  0.751  0.733  0.669  0.560  0.531  0.426  0.425  0.491  0.306  0.309  0.185 -0.001 -0.052  0.060  0.067  0.163  0.108  0.129  0.224  0.104 -0.088 -0.302 -0.448 -0.540 -0.412 -0.377 -0.501 -0.482 -0.498 -0.516 -0.419 -0.368 -0.101  0.063  0.252  0.363  0.308  0.233  0.059 -0.193 -0.455 -0.479 -0.442
 -0.496 -0.420 -0.321 -0.145  0.180  0.208  0.298  0.203  0.184  0.141  0.230  0.171  0.217 -0.011 -0.052 -0.276 -0.329 -0.450 -0.505 -0.410 -0.245 -0.058  0.170  0.357  0.279  0.374  0.683  0.761  0.707  0.876  1.000  0.850  0.737  0.774  0.840  0.786  0.710  0.657  0.556  0.521  0.539  0.352  0.325  0.197  0.001 -0.050  0.067  0.083  0.190  0.137  0.171  0.249  0.141 -0.045 -0.253 -0.422 -0.511 -0.371 -0.345 -0.491 -0.509 -0.542 -0.577 -0.501 -0.452 -0.170  0.034  0.247  0.372  0.335  0.271  0.082 -0.217 -0.502 -0.520 -0.483
 -0.369 -0.288 -0.252 -0.113  0.121  0.102  0.183  0.108  0.122  0.096  0.182  0.164  0.238  0.056  0.018 -0.176 -0.247 -0.355 -0.427 -0.378 -0.248 -0.118  0.026  0.227  0.228  0.293  0.494  0.664  0.763  0.783  0.850  1.000  0.876  0.748  0.773  0.597  0.448  0.399  0.296  0.296  0.326  0.141  0.128  0.016 -0.126 -0.113 -0.045 -0.042  0.033 -0.023  0.020  0.110  0.036 -0.146 -0.285 -0.414 -0.476 -0.392 -0.373 -0.460 -0.452 -0.446 -0.459 -0.381 -0.380 -0.189 -0.071  0.072  0.180  0.127  0.092 -0.006 -0.116 -0.291 -0.295 -0.264
 -0.297 -0.207 -0.155 -0.000  0.189  0.160  0.185  0.101  0.123  0.133  0.233  0.243  0.286  0.127  0.079 -0.123 -0.196 -0.317 -0.407 -0.412 -0.286 -0.180 -0.050  0.133  0.123  0.209  0.389  0.507  0.680  0.766  0.737  0.876  1.000  0.862  0.753  0.581  0.331  0.272  0.175  0.188  0.277  0.092  0.100  0.019 -0.102 -0.089 -0.032 -0.043  0.009 -0.061 -0.034  0.051 -0.036 -0.205 -0.340 -0.434 -0.492 -0.424 -0.385 -0.446 -0.406 -0.372 -0.361 -0.269 -0.261 -0.079  0.005  0.105  0.180  0.121  0.070 -0.012 -0.124 -0.269 -0.273 -0.244
 -0.355 -0.273 -0.180  0.010  0.227  0.244  0.274  0.180  0.180  0.182  0.290  0.282  0.280  0.110  0.027 -0.174 -0.241 -0.375 -0.455 -0.450 -0.307 -0.185 -0.025  0.142  0.092  0.174  0.426  0.481  0.541  0.751  0.774  0.748  0.862  1.000  0.901  0.796  0.549  0.449  0.363  0.350  0.423  0.231  0.224  0.139 -0.013 -0.048  0.037  0.026  0.096  0.019  0.029  0.086 -0.028 -0.190 -0.340 -0.435 -0.503 -0.420 -0.373 -0.452 -0.428 -0.417 -0.402 -0.304 -0.281 -0.052  0.065  0.234  0.307  0.285  0.211  0.070 -0.187 -0.417 -0.425 -0.393
 -0.437 -0.367 -0.264 -0.080  0.194  0.216  0.292  0.204  0.187  0.163  0.252  0.213  0.237  0.042 -0.041 -0.244 -0.298 -0.424 -0.482 -0.436 -0.282 -0.130  0.053  0.222  0.153  0.215  0.503  0.580  0.546  0.733  0.840  0.773  0.753  0.901  1.000  0.901  0.714  0.592  0.510  0.495  0.524  0.326  0.295  0.184  0.001 -0.053  0.053  0.060  0.155  0.084  0.111  0.163  0.049 -0.116 -0.280 -0.410 -0.486 -0.371 -0.332 -0.456 -0.465 -0.488 -0.496 -0.412 -0.379 -0.126  0.046  0.254  0.366  0.362  0.294  0.120 -0.196 -0.484 -0.500 -0.464
 -0.471 -0.428 -0.289 -0.107  0.189  0.240  0.311  0.229  0.181  0.158  0.213  0.161  0.165 -0.041 -0.113 -0.306 -0.334 -0.440 -0.463 -0.398 -0.238 -0.051  0.140  0.267  0.184  0.244  0.536  0.553  0.441  0.669  0.786  0.597  0.581  0.796  0.901  1.000  0.852  0.705  0.626  0.609  0.611  0.444  0.399  0.289  0.079 -0.011  0.122  0.137  0.240  0.179  0.199  0.228  0.121 -0.019 -0.208 -0.357 -0.432 -0.292 -0.254 -0.408 -0.442 -0.493 -0.511 -0.449 -0.378 -0.107  0.094  0.332  0.440  0.467  0.387  0.182 -0.228 -0.555 -0.588 -0.551
 -0.500 -0.457 -0.315 -0.157  0.152  0.225  0.309  0.233  0.180  0.144  0.180  0.113  0.102 -0.107 -0.166 -0.339 -0.369 -0.451 -0.428 -0.337 -0.193  0.009  0.243  0.309  0.202  0.292  0.571  0.539  0.362  0.560  0.710  0.448  0.331  0.549  0.714  0.852  1.000  0.884  0.766  0.684  0.617  0.522  0.451  0.328  0.115  0.003  0.143  0.178  0.301  0.264  0.286  0.280  0.178  0.062 -0.125 -0.266 -0.353 -0.204 -0.159 -0.333 -0.394 -0.482 -0.521 -0.479 -0.390 -0.120  0.092  0.338  0.442  0.483  0.405  0.187 -0.244 -0.572 -0.604 -0.569
 -0.555 -0.510 -0.369 -0.211  0.126  0.218  0.327  0.263  0.195  0.140  0.177  0.086  0.074 -0.164 -0.206 -0.372 -0.391 -0.474 -0.435 -0.309 -0.162  0.073  0.355  0.401  0.258  0.367  0.654  0.572  0.361  0.531  0.657  0.399  0.272  0.449  0.592  0.705  0.884  1.000  0.869  0.673  0.648  0.584  0.516  0.385  0.176  0.048  0.195  0.245  0.377  0.358  0.377  0.369  0.251  0.143 -0.071 -0.231 -0.331 -0.161 -0.117 -0.311 -0.377 -0.490 -0.561 -0.528 -0.414 -0.130  0.103  0.362  0.454  0.482  0.391  0.135 -0.288 -0.589 -0.632 -0.591
 -0.527 -0.492 -0.341 -0.199  0.121  0.230  0.356  0.294  0.211  0.130  0.149  0.050  0.042 -0.178 -0.201 -0.365 -0.373 -0.435 -0.379 -0.258 -0.122  0.083  0.326  0.328  0.202  0.306  0.559  0.468  0.243  0.426  0.556  0.296  0.175  0.363  0.510  0.626  0.766  0.869  1.000  0.770  0.692  0.666  0.544  0.398  0.194  0.042  0.184  0.231  0.363  0.345  0.355  0.324  0.235  0.163 -0.039 -0.174 -0.258 -0.097 -0.056 -0.234 -0.306 -0.436 -0.515 -0.486 -0.374 -0.108  0.125  0.384  0.487  0.545  0.486  0.225 -0.242 -0.574 -0.644 -0.614
 -0.566 -0.545 -0.361 -0.188  0.178  0.302  0.380  0.304  0.221  0.181  0.181  0.075  0.065 -0.191 -0.245 -0.411 -0.414 -0.479 -0.417 -0.291 -0.133  0.097  0.300  0.313  0.201  0.261  0.480  0.421  0.244  0.425  0.521  0.296  0.188  0.350  0.495  0.609  0.684  0.673  0.770  1.000  0.836  0.759  0.617  0.464  0.222  0.042  0.217  0.272  0.421  0.389  0.387  0.355  0.265  0.183 -0.031 -0.199 -0.269 -0.095 -0.056 -0.253 -0.332 -0.475 -0.550 -0.519 -0.379 -0.081  0.179  0.466  0.620  0.704  0.697  0.453 -0.162 -0.620 -0.701 -0.678
 -0.604 -0.580 -0.380 -0.166  0.229  0.369  0.429  0.336  0.253  0.209  0.231  0.132  0.088 -0.199 -0.274 -0.457 -0.440 -0.524 -0.463 -0.340 -0.174  0.096  0.342  0.400  0.234  0.267  0.560  0.489  0.300  0.491  0.539  0.326  0.277  0.423  0.524  0.611  0.617  0.648  0.692  0.836  1.000  0.777  0.709  0.572  0.314  0.118  0.306  0.370  0.522  0.481  0.472  0.441  0.306  0.213 -0.043 -0.231 -0.331 -0.120 -0.067 -0.310 -0.363 -0.496 -0.575 -0.532 -0.365 -0.029  0.271  0.572  0.716  0.757  0.695  0.359 -0.271 -0.682 -0.764 -0.732
 -0.505 -0.471 -0.265 -0.042  0.307  0.434  0.499  0.365  0.261  0.209  0.266  0.189  0.143 -0.127 -0.225 -0.402 -0.406 -0.488 -0.430 -0.338 -0.216 -0.009  0.239  0.200  0.067  0.204  0.407  0.279  0.127  0.306  0.352  0.141  0.092  0.231  0.326  0.444  0.522  0.584  0.666  0.759  0.777  1.000  0.823  0.636  0.380  0.155  0.325  0.371  0.515  0.480  0.394  0.280  0.153  0.128 -0.092 -0.210 -0.276 -0.110 -0.023 -0.201 -0.266 -0.409 -0.478 -0.419 -0.261  0.057  0.349  0.636  0.739  0.812  0.673  0.435 -0.210 -0.616 -0.712 -0.708
 -0.535 -0.493 -0.274 -0.038  0.334  0.468  0.489  0.344  0.270  0.226  0.296  0.229  0.158 -0.130 -0.249 -0.447 -0.442 -0.541 -0.472 -0.383 -0.260  0.018  0.328  0.284  0.095  0.244  0.465  0.298  0.143  0.309  0.325  0.128  0.100  0.224  0.295  0.399  0.451  0.516  0.544  0.617  0.709  0.823  1.000  0.843  0.571  0.277  0.455  0.510  0.673  0.635  0.522  0.404  0.228  0.186 -0.074 -0.212 -0.302 -0.096  0.006 -0.221 -0.255 -0.389 -0.465 -0.404 -0.209  0.130  0.447  0.731  0.767  0.757  0.618  0.320 -0.283 -0.678 -0.747 -0.731
 -0.486 -0.464 -0.226 -0.019  0.327  0.456  0.436  0.308  0.240  0.201  0.256  0.198  0.103 -0.168 -0.286 -0.470 -0.431 -0.507 -0.415 -0.336 -0.253  0.019  0.299  0.243  0.011  0.130  0.343  0.162  0.003  0.185  0.197  0.016  0.019  0.139  0.184  0.289  0.328  0.385  0.398  0.464  0.572  0.636  0.843  1.000  0.813  0.497  0.654  0.699  0.738  0.635  0.518  0.394  0.247  0.214 -0.033 -0.147 -0.223 -0.026  0.080 -0.125 -0.147 -0.267 -0.348 -0.304 -0.075  0.230  0.531  0.767  0.700  0.651  0.529  0.220 -0.326 -0.655 -0.700 -0.673
 -0.328 -0.318 -0.130 -0.011  0.221  0.312  0.262  0.179  0.120  0.106  0.136  0.118  0.024 -0.161 -0.270 -0.395 -0.329 -0.373 -0.268 -0.226 -0.215  0.007  0.229  0.149 -0.081  0.019  0.170 -0.018 -0.150 -0.001  0.001 -0.126 -0.102 -0.013  0.001  0.079  0.115  0.176  0.194  0.222  0.314  0.380  0.571  0.813  1.000  0.729  0.691  0.697  0.594  0.551  0.438  0.315  0.200  0.194  0.012 -0.031 -0.096  0.052  0.171  0.031  0.046 -0.028 -0.131 -0.118  0.111  0.295  0.481  0.581  0.452  0.396  0.314  0.065 -0.281 -0.465 -0.497 -0.476
 -0.179 -0.187 -0.054  0.002  0.131  0.195  0.144  0.098  0.067  0.053  0.073  0.063 -0.005 -0.110 -0.170 -0.255 -0.189 -0.215 -0.166 -0.151 -0.170 -0.021  0.131  0.107 -0.088 -0.023  0.083 -0.067 -0.148 -0.052 -0.050 -0.113 -0.089 -0.048 -0.053 -0.011  0.003  0.048  0.042  0.042  0.118  0.155  0.277  0.497  0.729  1.000  0.770  0.582  0.391  0.333  0.272  0.201  0.144  0.114 -0.019 -0.026 -0.065  0.022  0.110  0.042  0.054  0.012 -0.043 -0.053  0.060  0.160  0.310  0.361  0.235  0.161  0.114 -0.048 -0.220 -0.292 -0.302 -0.290
 -0.321 -0.326 -0.141 -0.045  0.193  0.286  0.257  0.184  0.135  0.102  0.128  0.091  0.020 -0.164 -0.240 -0.363 -0.279 -0.331 -0.260 -0.214 -0.188  0.030  0.230  0.199 -0.033  0.051  0.213  0.048 -0.076  0.060  0.067 -0.045 -0.032  0.037  0.053  0.122  0.143  0.195  0.184  0.217  0.306  0.325  0.455  0.654  0.691  0.770  1.000  0.776  0.587  0.454  0.381  0.313  0.220  0.185  0.007 -0.038 -0.096  0.042  0.121 -0.011 -0.023 -0.110 -0.182 -0.188 -0.020  0.151  0.355  0.492  0.387  0.327  0.262  0.033 -0.295 -0.463 -0.491 -0.458
 -0.402 -0.414 -0.203 -0.117  0.160  0.255  0.226  0.157  0.119  0.107  0.114  0.065 -0.013 -0.217 -0.303 -0.430 -0.349 -0.388 -0.295 -0.202 -0.149  0.125  0.355  0.301  0.056  0.104  0.270  0.119 -0.052  0.067  0.083 -0.042 -0.043  0.026  0.060  0.137  0.178  0.245  0.231  0.272  0.370  0.371  0.510  0.699  0.697  0.582  0.776  1.000  0.817  0.653  0.529  0.444  0.321  0.288  0.078 -0.014 -0.096  0.087  0.167 -0.012 -0.047 -0.163 -0.261 -0.264 -0.067  0.126  0.352  0.479  0.423  0.375  0.316  0.066 -0.316 -0.493 -0.533 -0.510
 -0.531 -0.527 -0.288 -0.165  0.179  0.294  0.295  0.215  0.171  0.150  0.150  0.082 -0.003 -0.258 -0.335 -0.490 -0.428 -0.470 -0.363 -0.232 -0.127  0.202  0.471  0.420  0.173  0.209  0.396  0.244  0.039  0.163  0.190  0.033  0.009  0.096  0.155  0.240  0.301  0.377  0.363  0.421  0.522  0.515  0.673  0.738  0.594  0.391  0.587  0.817  1.000  0.839  0.692  0.582  0.415  0.392  0.139 -0.012 -0.117  0.127  0.195 -0.058 -0.120 -0.293 -0.408 -0.404 -0.191  0.073  0.351  0.538  0.548  0.522  0.439  0.141 -0.343 -0.607 -0.650 -0.622
 -0.505 -0.509 -0.318 -0.247  0.078  0.186  0.200  0.148  0.104  0.076  0.058 -0.018 -0.090 -0.327 -0.372 -0.477 -0.398 -0.419 -0.290 -0.144 -0.036  0.314  0.571  0.498  0.251  0.241  0.400  0.238  0.025  0.108  0.137 -0.023 -0.061  0.019  0.084  0.179  0.264  0.358  0.345  0.389  0.481  0.480  0.635  0.635  0.551  0.333  0.454  0.653  0.839  1.000  0.861  0.701  0.510  0.516  0.254  0.084 -0.035  0.217  0.283  0.016 -0.056 -0.244 -0.393 -0.410 -0.198  0.027  0.300  0.435  0.471  0.455  0.381  0.103 -0.317 -0.543 -0.595 -0.566
 -0.517 -0.566 -0.408 -0.361 -0.017  0.083  0.118  0.108  0.080  0.057 -0.026 -0.134 -0.185 -0.429 -0.408 -0.485 -0.352 -0.346 -0.225 -0.037  0.109  0.480  0.688  0.640  0.392  0.296  0.446  0.327  0.094  0.129  0.171  0.020 -0.034  0.029  0.111  0.199  0.286  0.377  0.355  0.387  0.472  0.394  0.522  0.518  0.438  0.272  0.381  0.529  0.692  0.861  1.000  0.869  0.718  0.689  0.406  0.148  0.016  0.290  0.301 -0.002 -0.100 -0.295 -0.459 -0.504 -0.296 -0.092  0.202  0.337  0.400  0.380  0.332  0.044 -0.315 -0.507 -0.563 -0.536
 -0.507 -0.571 -0.464 -0.417 -0.083  0.012  0.068  0.078  0.053  0.018 -0.056 -0.163 -0.176 -0.397 -0.339 -0.417 -0.279 -0.281 -0.200  0.017  0.213  0.607  0.794  0.801  0.570  0.454  0.573  0.462  0.218  0.224  0.249  0.110  0.051  0.086  0.163  0.228  0.280  0.369  0.324  0.355  0.441  0.280  0.404  0.394  0.315  0.201  0.313  0.444  0.582  0.701  0.869  1.000  0.851  0.712  0.427  0.118 -0.040  0.218  0.164 -0.135 -0.218 -0.368 -0.487 -0.542 -0.391 -0.199  0.073  0.227  0.317  0.283  0.250 -0.030 -0.311 -0.472 -0.515 -0.481
 -0.415 -0.511 -0.444 -0.488 -0.220 -0.152 -0.085 -0.017 -0.046 -0.090 -0.222 -0.322 -0.317 -0.476 -0.360 -0.380 -0.179 -0.101 -0.007  0.229  0.390  0.698  0.705  0.727  0.569  0.373  0.422  0.370  0.142  0.104  0.141  0.036 -0.036 -0.028  0.049  0.121  0.178  0.251  0.235  0.265  0.306  0.153  0.228  0.247  0.200  0.144  0.220  0.321  0.415  0.510  0.718  0.851  1.000  0.850  0.607  0.290  0.171  0.385  0.260  0.008 -0.107 -0.259 -0.390 -0.494 -0.360 -0.279 -0.038  0.069  0.154  0.140  0.146 -0.070 -0.229 -0.310 -0.357 -0.338
 -0.309 -0.462 -0.398 -0.505 -0.305 -0.232 -0.146 -0.050 -0.093 -0.165 -0.316 -0.409 -0.422 -0.552 -0.442 -0.372 -0.109  0.038  0.194  0.412  0.524  0.756  0.664  0.572  0.444  0.237  0.221  0.169 -0.039 -0.088 -0.045 -0.146 -0.205 -0.190 -0.116 -0.019  0.062  0.143  0.163  0.183  0.213  0.128  0.186  0.214  0.194  0.114  0.185  0.288  0.392  0.516  0.689  0.712  0.850  1.000  0.818  0.536  0.426  0.623  0.473  0.243  0.093 -0.098 -0.256 -0.403 -0.251 -0.251 -0.053  0.009  0.074  0.090  0.099 -0.076 -0.191 -0.223 -0.280 -0.266
 -0.045 -0.224 -0.259 -0.459 -0.429 -0.396 -0.302 -0.161 -0.196 -0.256 -0.419 -0.486 -0.473 -0.487 -0.352 -0.168  0.111  0.317  0.484  0.650  0.669  0.694  0.466  0.340  0.305  0.044 -0.052 -0.054 -0.207 -0.302 -0.253 -0.285 -0.340 -0.340 -0.280 -0.208 -0.125 -0.071 -0.039 -0.031 -0.043 -0.092 -0.074 -0.033  0.012 -0.019  0.007  0.078  0.139  0.254  0.406  0.427  0.607  0.818  1.000  0.799  0.691  0.753  0.553  0.432  0.286  0.112 -0.040 -0.210 -0.099 -0.255 -0.190 -0.209 -0.177 -0.129 -0.086 -0.150 -0.069  0.028 -0.020 -0.016
  0.170  0.018 -0.060 -0.299 -0.422 -0.412 -0.369 -0.253 -0.268 -0.279 -0.407 -0.427 -0.436 -0.344 -0.260 -0.047  0.210  0.434  0.636  0.638  0.531  0.433  0.217  0.038  0.044 -0.127 -0.282 -0.297 -0.371 -0.448 -0.422 -0.414 -0.434 -0.435 -0.410 -0.357 -0.266 -0.231 -0.174 -0.199 -0.231 -0.210 -0.212 -0.147 -0.031 -0.026 -0.038 -0.014 -0.012  0.084  0.148  0.118  0.290  0.536  0.799  1.000  0.848  0.748  0.668  0.663  0.587  0.392  0.240  0.074  0.157 -0.116 -0.184 -0.278 -0.317 -0.241 -0.171 -0.150  0.028  0.175  0.140  0.130
  0.260  0.095  0.005 -0.259 -0.458 -0.460 -0.421 -0.292 -0.306 -0.313 -0.457 -0.468 -0.484 -0.350 -0.258  0.019  0.235  0.486  0.693  0.696  0.507  0.338  0.056 -0.121 -0.064 -0.234 -0.430 -0.418 -0.448 -0.540 -0.511 -0.476 -0.492 -0.503 -0.486 -0.432 -0.353 -0.331 -0.258 -0.269 -0.331 -0.276 -0.302 -0.223 -0.096 -0.065 -0.096 -0.096 -0.117 -0.035  0.016 -0.040  0.171  0.426  0.691  0.848  1.000  0.841  0.680  0.761  0.609  0.459  0.344  0.170  0.218 -0.101 -0.218 -0.342 -0.392 -0.315 -0.218 -0.146  0.097  0.306  0.281  0.264
  0.024 -0.147 -0.095 -0.322 -0.390 -0.351 -0.304 -0.190 -0.221 -0.249 -0.413 -0.454 -0.495 -0.466 -0.382 -0.190  0.031  0.257  0.495  0.563  0.421  0.422  0.232  0.074  0.040 -0.132 -0.248 -0.266 -0.356 -0.412 -0.371 -0.392 -0.424 -0.420 -0.371 -0.292 -0.204 -0.161 -0.097 -0.095 -0.120 -0.110 -0.096 -0.026  0.052  0.022  0.042  0.087  0.127  0.217  0.290  0.218  0.385  0.623  0.753  0.748  0.841  1.000  0.834  0.717  0.493  0.298  0.156 -0.009  0.096 -0.096 -0.105 -0.186 -0.207 -0.148 -0.066 -0.124 -0.040  0.080  0.061  0.057
 -0.031 -0.144 -0.035 -0.209 -0.276 -0.231 -0.217 -0.148 -0.169 -0.164 -0.305 -0.333 -0.403 -0.384 -0.384 -0.267 -0.078  0.110  0.352  0.370  0.203  0.228  0.156 -0.000 -0.082 -0.162 -0.237 -0.290 -0.359 -0.377 -0.345 -0.373 -0.385 -0.373 -0.332 -0.254 -0.159 -0.117 -0.056 -0.056 -0.067 -0.023  0.006  0.080  0.171  0.110  0.121  0.167  0.195  0.283  0.301  0.164  0.260  0.473  0.553  0.668  0.680  0.834  1.000  0.813  0.653  0.390  0.201  0.051  0.186  0.020  0.009 -0.064 -0.121 -0.059  0.006 -0.073 -0.058  0.001 -0.021 -0.029
  0.226  0.119  0.119 -0.100 -0.320 -0.313 -0.326 -0.243 -0.250 -0.232 -0.350 -0.332 -0.389 -0.263 -0.251 -0.069  0.074  0.279  0.487  0.432  0.206  0.103 -0.061 -0.250 -0.228 -0.283 -0.447 -0.483 -0.463 -0.501 -0.491 -0.460 -0.446 -0.452 -0.456 -0.408 -0.333 -0.311 -0.234 -0.253 -0.310 -0.201 -0.221 -0.125  0.031  0.042 -0.011 -0.012 -0.058  0.016 -0.002 -0.135  0.008  0.243  0.432  0.663  0.761  0.717  0.813  1.000  0.823  0.590  0.440  0.286  0.346  0.062 -0.070 -0.219 -0.318 -0.249 -0.154 -0.100  0.066  0.231  0.226  0.208
  0.304  0.262  0.215  0.008 -0.250 -0.284 -0.347 -0.290 -0.293 -0.215 -0.309 -0.249 -0.305 -0.144 -0.134  0.029  0.138  0.292  0.439  0.323  0.116 -0.014 -0.154 -0.327 -0.294 -0.307 -0.481 -0.515 -0.456 -0.482 -0.509 -0.452 -0.406 -0.428 -0.465 -0.442 -0.394 -0.377 -0.306 -0.332 -0.363 -0.266 -0.255 -0.147  0.046  0.054 -0.023 -0.047 -0.120 -0.056 -0.100 -0.218 -0.107  0.093  0.286  0.587  0.609  0.493  0.653  0.823  1.000  0.799  0.594  0.433  0.512  0.168 -0.011 -0.198 -0.330 -0.268 -0.185 -0.088  0.123  0.274  0.264  0.241
  0.498  0.454  0.366  0.100 -0.252 -0.322 -0.377 -0.307 -0.307 -0.244 -0.323 -0.220 -0.246 -0.012  0.024  0.216  0.262  0.377  0.430  0.275  0.075 -0.136 -0.296 -0.433 -0.358 -0.357 -0.552 -0.561 -0.449 -0.498 -0.542 -0.446 -0.372 -0.417 -0.488 -0.493 -0.482 -0.490 -0.436 -0.475 -0.496 -0.409 -0.389 -0.267 -0.028  0.012 -0.110 -0.163 -0.293 -0.244 -0.295 -0.368 -0.259 -0.098  0.112  0.392  0.459  0.298  0.390  0.590  0.799  1.000  0.802  0.609  0.617  0.227 -0.066 -0.277 -0.427 -0.391 -0.314 -0.142  0.200  0.418  0.419  0.394
  0.671  0.630  0.547  0.292 -0.188 -0.286 -0.368 -0.315 -0.307 -0.239 -0.286 -0.146 -0.153  0.167  0.219  0.445  0.416  0.466  0.419  0.237  0.053 -0.226 -0.405 -0.509 -0.405 -0.391 -0.589 -0.588 -0.462 -0.516 -0.577 -0.459 -0.361 -0.402 -0.496 -0.511 -0.521 -0.561 -0.515 -0.550 -0.575 -0.478 -0.465 -0.348 -0.131 -0.043 -0.182 -0.261 -0.408 -0.393 -0.459 -0.487 -0.390 -0.256 -0.040  0.240  0.344  0.156  0.201  0.440  0.594  0.802  1.000  0.843  0.667  0.303 -0.064 -0.314 -0.476 -0.448 -0.369 -0.140  0.220  0.470  0.504  0.480
  0.612  0.681  0.638  0.508  0.015 -0.113 -0.248 -0.260 -0.233 -0.143 -0.100  0.062  0.041  0.349  0.329  0.439  0.314  0.317  0.265  0.055 -0.115 -0.370 -0.490 -0.569 -0.473 -0.397 -0.546 -0.551 -0.395 -0.419 -0.501 -0.381 -0.269 -0.304 -0.412 -0.449 -0.479 -0.528 -0.486 -0.519 -0.532 -0.419 -0.404 -0.304 -0.118 -0.053 -0.188 -0.264 -0.404 -0.410 -0.504 -0.542 -0.494 -0.403 -0.210  0.074  0.170 -0.009  0.051  0.286  0.433  0.609  0.843  1.000  0.798  0.489  0.082 -0.216 -0.392 -0.374 -0.326 -0.108  0.191  0.405  0.458  0.426
  0.388  0.446  0.533  0.476  0.139  0.043 -0.137 -0.192 -0.161 -0.062 -0.033  0.113  0.031  0.218  0.140  0.150  0.126  0.145  0.187 -0.000 -0.163 -0.329 -0.387 -0.492 -0.490 -0.389 -0.470 -0.525 -0.406 -0.368 -0.452 -0.380 -0.261 -0.281 -0.379 -0.378 -0.390 -0.414 -0.374 -0.379 -0.365 -0.261 -0.209 -0.075  0.111  0.060 -0.020 -0.067 -0.191 -0.198 -0.296 -0.391 -0.360 -0.251 -0.099  0.157  0.218  0.096  0.186  0.346  0.512  0.617  0.667  0.798  1.000  0.695  0.330  0.008 -0.205 -0.210 -0.186 -0.068  0.080  0.219  0.243  0.215
  0.082  0.173  0.415  0.637  0.490  0.446  0.202  0.018  0.056  0.158  0.259  0.348  0.236  0.271  0.120 -0.013 -0.084 -0.171 -0.144 -0.292 -0.361 -0.384 -0.274 -0.327 -0.426 -0.260 -0.191 -0.305 -0.240 -0.101 -0.170 -0.189 -0.079 -0.052 -0.126 -0.107 -0.120 -0.130 -0.108 -0.081 -0.029  0.057  0.130  0.230  0.295  0.160  0.151  0.126  0.073  0.027 -0.092 -0.199 -0.279 -0.251 -0.255 -0.116 -0.101 -0.096  0.020  0.062  0.168  0.227  0.303  0.489  0.695  1.000  0.721  0.381  0.174  0.116  0.067  0.052 -0.054 -0.141 -0.119 -0.131
 -0.205 -0.122  0.179  0.460  0.634  0.614  0.395  0.193  0.181  0.245  0.328  0.352  0.244  0.101 -0.033 -0.234 -0.260 -0.352 -0.321 -0.376 -0.362 -0.240 -0.056 -0.076 -0.260 -0.129  0.063 -0.071 -0.125  0.063  0.034 -0.071  0.005  0.065  0.046  0.094  0.092  0.103  0.125  0.179  0.271  0.349  0.447  0.531  0.481  0.310  0.355  0.352  0.351  0.300  0.202  0.073 -0.038 -0.053 -0.190 -0.184 -0.218 -0.105  0.009 -0.070 -0.011 -0.066 -0.064  0.082  0.330  0.721  1.000  0.707  0.516  0.409  0.302  0.144 -0.199 -0.428 -0.427 -0.419
 -0.434 -0.355 -0.095  0.211  0.562  0.694  0.635  0.439  0.353  0.315  0.422  0.384  0.278 -0.003 -0.170 -0.387 -0.410 -0.532 -0.471 -0.463 -0.376 -0.167  0.110  0.105 -0.101  0.038  0.288  0.138  0.030  0.252  0.247  0.072  0.105  0.234  0.254  0.332  0.338  0.362  0.384  0.466  0.572  0.636  0.731  0.767  0.581  0.361  0.492  0.479  0.538  0.435  0.337  0.227  0.069  0.009 -0.209 -0.278 -0.342 -0.186 -0.064 -0.219 -0.198 -0.277 -0.314 -0.216  0.008  0.381  0.707  1.000  0.851  0.700  0.528  0.211 -0.331 -0.670 -0.683 -0.650
 -0.524 -0.447 -0.211  0.082  0.519  0.647  0.629  0.440  0.351  0.308  0.419  0.355  0.277 -0.030 -0.167 -0.398 -0.418 -0.555 -0.516 -0.449 -0.306 -0.065  0.205  0.232  0.050  0.156  0.408  0.294  0.158  0.363  0.372  0.180  0.180  0.307  0.366  0.440  0.442  0.454  0.487  0.620  0.716  0.739  0.767  0.700  0.452  0.235  0.387  0.423  0.548  0.471  0.400  0.317  0.154  0.074 -0.177 -0.317 -0.392 -0.207 -0.121 -0.318 -0.330 -0.427 -0.476 -0.392 -0.205  0.174  0.516  0.851  1.000  0.850  0.677  0.336 -0.292 -0.694 -0.746 -0.721
 -0.497 -0.438 -0.213  0.035  0.395  0.516  0.489  0.332  0.251  0.251  0.333  0.286  0.209 -0.061 -0.185 -0.387 -0.419 -0.526 -0.468 -0.392 -0.259 -0.036  0.201  0.186  0.044  0.136  0.350  0.244  0.095  0.308  0.335  0.127  0.121  0.285  0.362  0.467  0.483  0.482  0.545  0.704  0.757  0.812  0.757  0.651  0.396  0.161  0.327  0.375  0.522  0.455  0.380  0.283  0.140  0.090 -0.129 -0.241 -0.315 -0.148 -0.059 -0.249 -0.268 -0.391 -0.448 -0.374 -0.210  0.116  0.409  0.700  0.850  1.000  0.825  0.499 -0.195 -0.652 -0.727 -0.709
 -0.419 -0.406 -0.222 -0.046  0.235  0.356  0.335  0.237  0.157  0.193  0.194  0.145  0.074 -0.137 -0.225 -0.368 -0.373 -0.439 -0.363 -0.298 -0.215 -0.023  0.162  0.139  0.015  0.078  0.275  0.205  0.061  0.233  0.271  0.092  0.070  0.211  0.294  0.387  0.405  0.391  0.486  0.697  0.695  0.673  0.618  0.529  0.314  0.114  0.262  0.316  0.439  0.381  0.332  0.250  0.146  0.099 -0.086 -0.171 -0.218 -0.066  0.006 -0.154 -0.185 -0.314 -0.369 -0.326 -0.186  0.067  0.302  0.528  0.677  0.825  1.000  0.694  0.018 -0.526 -0.637 -0.637
 -0.117 -0.124 -0.052  0.042  0.151  0.182  0.138  0.057  0.018  0.096  0.097  0.100  0.078  0.007 -0.047 -0.105 -0.126 -0.178 -0.178 -0.177 -0.135 -0.112 -0.048 -0.092 -0.103 -0.042  0.031 -0.003 -0.035  0.059  0.082 -0.006 -0.012  0.070  0.120  0.182  0.187  0.135  0.225  0.453  0.359  0.435  0.320  0.220  0.065 -0.048  0.033  0.066  0.141  0.103  0.044 -0.030 -0.070 -0.076 -0.150 -0.150 -0.146 -0.124 -0.073 -0.100 -0.088 -0.142 -0.140 -0.108 -0.068  0.052  0.144  0.211  0.336  0.499  0.694  1.000  0.340 -0.136 -0.323 -0.396
  0.286  0.263  0.111  0.044 -0.130 -0.213 -0.299 -0.320 -0.294 -0.169 -0.175 -0.095 -0.053  0.101  0.132  0.213  0.199  0.237  0.193  0.117  0.036 -0.121 -0.267 -0.285 -0.146 -0.155 -0.303 -0.237 -0.118 -0.193 -0.217 -0.116 -0.124 -0.187 -0.196 -0.228 -0.244 -0.288 -0.242 -0.162 -0.271 -0.210 -0.283 -0.326 -0.281 -0.220 -0.295 -0.316 -0.343 -0.317 -0.315 -0.311 -0.229 -0.191 -0.069  0.028  0.097 -0.040 -0.058  0.066  0.123  0.200  0.220  0.191  0.080 -0.054 -0.199 -0.331 -0.292 -0.195  0.018  0.340  1.000  0.513  0.291  0.171
  0.535  0.500  0.218 -0.015 -0.399 -0.527 -0.556 -0.451 -0.423 -0.357 -0.417 -0.318 -0.247  0.052  0.163  0.392  0.386  0.511  0.458  0.362  0.183 -0.105 -0.388 -0.412 -0.197 -0.281 -0.557 -0.438 -0.259 -0.455 -0.502 -0.291 -0.269 -0.417 -0.484 -0.555 -0.572 -0.589 -0.574 -0.620 -0.682 -0.616 -0.678 -0.655 -0.465 -0.292 -0.463 -0.493 -0.607 -0.543 -0.507 -0.472 -0.310 -0.223  0.028  0.175  0.306  0.080  0.001  0.231  0.274  0.418  0.470  0.405  0.219 -0.141 -0.428 -0.670 -0.694 -0.652 -0.526 -0.136  0.513  1.000  0.847  0.704
  0.550  0.527  0.263  0.022 -0.405 -0.524 -0.568 -0.439 -0.402 -0.354 -0.406 -0.294 -0.237  0.072  0.182  0.412  0.360  0.489  0.441  0.335  0.147 -0.151 -0.439 -0.438 -0.218 -0.316 -0.589 -0.456 -0.269 -0.479 -0.520 -0.295 -0.273 -0.425 -0.500 -0.588 -0.604 -0.632 -0.644 -0.701 -0.764 -0.712 -0.747 -0.700 -0.497 -0.302 -0.491 -0.533 -0.650 -0.595 -0.563 -0.515 -0.357 -0.280 -0.020  0.140  0.281  0.061 -0.021  0.226  0.264  0.419  0.504  0.458  0.243 -0.119 -0.427 -0.683 -0.746 -0.727 -0.637 -0.323  0.291  0.847  1.000  0.916
