  1.000  0.780  0.565  0.294 -0.106 -0.251 -0.339 -0.291 -0.247 -0.290 -0.235 -0.082  0.019  0.352  0.369  0.660  0.713  0.699  0.531  0.320  0.242 -0.102 -0.354 -0.423 -0.239 -0.213 -0.491 -0.498 -0.378 -0.396 -0.452 -0.391 -0.309 -0.307 -0.403 -0.418 -0.442 -0.525 -0.447 -0.487 -0.501 -0.428 -0.483 -0.446 -0.271 -0.128 -0.285 -0.431 -0.537 -0.494 -0.525 -0.519 -0.437 -0.327 -0.080  0.133  0.221 -0.015 -0.063  0.199  0.275  0.472  0.632  0.556  0.375  0.131 -0.141 -0.346 -0.403 -0.393 -0.348 -0.019  0.262  0.437  0.455  0.419
  0.780  1.000  0.694  0.477  0.040 -0.135 -0.260 -0.278 -0.227 -0.194 -0.076  0.081  0.176  0.518  0.567  0.664  0.524  0.492  0.345  0.150  0.041 -0.303 -0.458 -0.510 -0.358 -0.262 -0.482 -0.480 -0.328 -0.328 -0.410 -0.322 -0.213 -0.237 -0.353 -0.394 -0.436 -0.526 -0.484 -0.523 -0.520 -0.436 -0.450 -0.422 -0.273 -0.157 -0.314 -0.450 -0.554 -0.501 -0.589 -0.583 -0.544 -0.488 -0.247  0.014  0.078 -0.186 -0.157  0.110  0.273  0.455  0.614  0.695  0.482  0.244 -0.039 -0.308 -0.366 -0.345 -0.349 -0.047  0.233  0.425  0.475  0.435
  0.565  0.694  1.000  0.745  0.364  0.164 -0.033 -0.176 -0.151 -0.097  0.083  0.279  0.351  0.594  0.570  0.503  0.331  0.193  0.111 -0.079 -0.170 -0.371 -0.414 -0.483 -0.413 -0.254 -0.327 -0.413 -0.298 -0.212 -0.285 -0.244 -0.108 -0.116 -0.218 -0.235 -0.261 -0.355 -0.304 -0.268 -0.248 -0.158 -0.162 -0.118 -0.042  0.030 -0.086 -0.173 -0.242 -0.240 -0.353 -0.427 -0.451 -0.412 -0.332 -0.115 -0.040 -0.145 -0.098  0.068  0.159  0.300  0.518  0.628  0.522  0.481  0.262  0.026 -0.041 -0.034 -0.078  0.066  0.058  0.057  0.142  0.131
  0.294  0.477  0.745  1.000  0.697  0.504  0.241  0.013  0.092  0.156  0.460  0.614  0.607  0.688  0.538  0.353  0.154 -0.059 -0.159 -0.327 -0.363 -0.463 -0.410 -0.449 -0.430 -0.184 -0.189 -0.257 -0.118 -0.000 -0.110 -0.097  0.048  0.073 -0.048 -0.069 -0.115 -0.212 -0.216 -0.146 -0.101  0.007  0.054  0.071  0.047  0.056 -0.045 -0.118 -0.127 -0.181 -0.295 -0.394 -0.494 -0.492 -0.480 -0.303 -0.247 -0.316 -0.233 -0.112 -0.031  0.058  0.307  0.521  0.467  0.659  0.504  0.269  0.180  0.140  0.042  0.122 -0.025 -0.129 -0.053 -0.081
 -0.106  0.040  0.364  0.697  1.000  0.830  0.569  0.280  0.255  0.323  0.608  0.691  0.681  0.493  0.369  0.066 -0.069 -0.390 -0.484 -0.535 -0.474 -0.356 -0.133 -0.135 -0.230  0.022  0.191  0.072  0.126  0.306  0.211  0.134  0.239  0.275  0.219  0.230  0.201  0.142  0.101  0.212  0.255  0.320  0.385  0.401  0.258  0.182  0.231  0.163  0.181  0.124  0.036 -0.067 -0.208 -0.306 -0.460 -0.420 -0.455 -0.384 -0.282 -0.321 -0.246 -0.268 -0.138  0.073  0.139  0.489  0.636  0.560  0.554  0.448  0.314  0.213 -0.131 -0.460 -0.443 -0.473
 -0.251 -0.135  0.164  0.504  0.830  1.000  0.762  0.474  0.432  0.520  0.705  0.675  0.518  0.297  0.177 -0.065 -0.187 -0.474 -0.556 -0.588 -0.477 -0.309 -0.058 -0.049 -0.171  0.035  0.246  0.106  0.115  0.314  0.251  0.112  0.204  0.282  0.238  0.269  0.243  0.207  0.185  0.329  0.401  0.434  0.494  0.478  0.279  0.175  0.265  0.212  0.277  0.193  0.111  0.028 -0.148 -0.244 -0.424 -0.416 -0.465 -0.346 -0.254 -0.335 -0.287 -0.326 -0.252 -0.078  0.041  0.421  0.612  0.686  0.685  0.557  0.427  0.249 -0.216 -0.569 -0.528 -0.544
 -0.339 -0.260 -0.033  0.241  0.569  0.762  1.000  0.782  0.617  0.503  0.616  0.442  0.343  0.096  0.009 -0.162 -0.266 -0.453 -0.513 -0.474 -0.350 -0.206  0.021  0.057 -0.066  0.070  0.315  0.214  0.167  0.328  0.318  0.174  0.228  0.328  0.312  0.335  0.309  0.292  0.313  0.372  0.446  0.489  0.525  0.478  0.273  0.121  0.229  0.217  0.333  0.248  0.170  0.101 -0.076 -0.138 -0.299 -0.335 -0.389 -0.259 -0.173 -0.297 -0.298 -0.323 -0.310 -0.194 -0.112  0.207  0.440  0.663  0.675  0.541  0.409  0.181 -0.277 -0.600 -0.600 -0.592
 -0.291 -0.278 -0.176  0.013  0.280  0.474  0.782  1.000  0.750  0.484  0.404  0.192  0.103 -0.107 -0.089 -0.175 -0.269 -0.341 -0.378 -0.312 -0.212 -0.082  0.074  0.097  0.050  0.075  0.213  0.174  0.121  0.144  0.179  0.082  0.113  0.175  0.179  0.190  0.173  0.183  0.216  0.253  0.297  0.325  0.341  0.311  0.182  0.067  0.093  0.130  0.235  0.157  0.144  0.097 -0.014 -0.064 -0.184 -0.259 -0.282 -0.180 -0.117 -0.201 -0.244 -0.248 -0.275 -0.221 -0.177 -0.001  0.198  0.451  0.453  0.329  0.269  0.085 -0.287 -0.447 -0.404 -0.385
 -0.247 -0.227 -0.151  0.092  0.255  0.432  0.617  0.750  1.000  0.793  0.626  0.276  0.129 -0.044 -0.061 -0.117 -0.223 -0.302 -0.363 -0.327 -0.197 -0.087  0.017  0.053  0.025  0.050  0.168  0.149  0.116  0.141  0.164  0.075  0.105  0.211  0.191  0.194  0.178  0.168  0.177  0.230  0.273  0.298  0.330  0.286  0.133  0.030  0.103  0.112  0.226  0.122  0.089  0.049 -0.058 -0.088 -0.191 -0.251 -0.259 -0.190 -0.145 -0.212 -0.255 -0.255 -0.239 -0.186 -0.141  0.083  0.208  0.385  0.370  0.281  0.248  0.094 -0.294 -0.476 -0.427 -0.382
 -0.290 -0.194 -0.097  0.156  0.323  0.520  0.503  0.484  0.793  1.000  0.702  0.384  0.177  0.076  0.010 -0.114 -0.207 -0.337 -0.399 -0.394 -0.274 -0.172 -0.035  0.042 -0.022  0.013  0.195  0.170  0.124  0.155  0.181  0.087  0.108  0.196  0.190  0.204  0.208  0.202  0.164  0.270  0.313  0.316  0.352  0.300  0.123  0.024  0.163  0.141  0.237  0.127  0.071  0.043 -0.078 -0.140 -0.263 -0.280 -0.292 -0.231 -0.186 -0.248 -0.224 -0.264 -0.229 -0.140 -0.058  0.172  0.271  0.379  0.406  0.335  0.295  0.140 -0.216 -0.452 -0.423 -0.419
 -0.235 -0.076  0.083  0.460  0.608  0.705  0.616  0.404  0.626  0.702  1.000  0.761  0.589  0.378  0.187 -0.036 -0.182 -0.409 -0.488 -0.523 -0.456 -0.348 -0.143 -0.100 -0.184  0.003  0.207  0.141  0.184  0.300  0.251  0.150  0.220  0.316  0.265  0.253  0.212  0.187  0.124  0.212  0.283  0.324  0.390  0.355  0.161  0.068  0.145  0.117  0.202  0.098 -0.030 -0.088 -0.268 -0.332 -0.446 -0.395 -0.413 -0.367 -0.299 -0.334 -0.258 -0.282 -0.195 -0.017  0.017  0.338  0.391  0.484  0.484  0.405  0.280  0.139 -0.160 -0.475 -0.437 -0.453
 -0.082  0.081  0.279  0.614  0.691  0.675  0.442  0.192  0.276  0.384  0.761  1.000  0.799  0.618  0.366  0.119 -0.046 -0.324 -0.435 -0.506 -0.471 -0.413 -0.214 -0.170 -0.267 -0.041  0.126  0.020  0.123  0.275  0.194  0.170  0.269  0.336  0.248  0.213  0.135  0.080  0.012  0.109  0.172  0.222  0.301  0.276  0.162  0.100  0.101  0.075  0.110  0.026 -0.117 -0.172 -0.336 -0.426 -0.485 -0.403 -0.468 -0.442 -0.363 -0.346 -0.237 -0.207 -0.078  0.128  0.149  0.390  0.378  0.413  0.385  0.340  0.212  0.135 -0.077 -0.344 -0.312 -0.355
  0.019  0.176  0.351  0.607  0.681  0.518  0.343  0.103  0.129  0.177  0.589  0.799  1.000  0.750  0.537  0.296  0.100 -0.201 -0.344 -0.408 -0.376 -0.354 -0.185 -0.151 -0.248 -0.022  0.125  0.064  0.138  0.278  0.194  0.182  0.265  0.283  0.211  0.176  0.110  0.065 -0.004  0.070  0.100  0.170  0.220  0.195  0.091  0.069  0.048  0.006  0.029 -0.014 -0.130 -0.171 -0.297 -0.401 -0.451 -0.380 -0.444 -0.453 -0.404 -0.373 -0.272 -0.226 -0.084  0.106  0.068  0.259  0.279  0.311  0.314  0.274  0.160  0.143  0.002 -0.271 -0.253 -0.288
  0.352  0.518  0.594  0.688  0.493  0.297  0.096 -0.107 -0.044  0.076  0.378  0.618  0.750  1.000  0.770  0.551  0.312  0.061 -0.136 -0.280 -0.268 -0.394 -0.356 -0.336 -0.319 -0.090 -0.106 -0.163 -0.027  0.045 -0.049 -0.017  0.088  0.117  0.035 -0.011 -0.084 -0.148 -0.181 -0.152 -0.127 -0.061 -0.060 -0.092 -0.045 -0.044 -0.147 -0.204 -0.221 -0.233 -0.380 -0.383 -0.480 -0.540 -0.496 -0.306 -0.345 -0.469 -0.419 -0.269 -0.123 -0.002  0.215  0.416  0.292  0.358  0.178  0.040  0.026  0.044 -0.023  0.094  0.141 -0.011  0.035 -0.004
  0.369  0.567  0.570  0.538  0.369  0.177  0.009 -0.089 -0.061  0.010  0.187  0.366  0.537  0.770  1.000  0.700  0.383  0.148 -0.043 -0.136 -0.093 -0.230 -0.245 -0.219 -0.181 -0.000 -0.035 -0.072  0.012  0.020 -0.081 -0.059  0.043 -0.005 -0.086 -0.110 -0.146 -0.187 -0.174 -0.178 -0.163 -0.143 -0.136 -0.181 -0.172 -0.106 -0.187 -0.283 -0.273 -0.263 -0.333 -0.286 -0.329 -0.445 -0.398 -0.258 -0.290 -0.434 -0.407 -0.268 -0.144 -0.026  0.188  0.352  0.180  0.205  0.105 -0.067 -0.064 -0.061 -0.047  0.075  0.117  0.049  0.100  0.078
  0.660  0.664  0.503  0.353  0.066 -0.065 -0.162 -0.175 -0.117 -0.114 -0.036  0.119  0.296  0.551  0.700  1.000  0.705  0.523  0.312  0.159  0.146 -0.146 -0.284 -0.281 -0.188 -0.117 -0.243 -0.256 -0.182 -0.195 -0.268 -0.225 -0.159 -0.146 -0.247 -0.272 -0.306 -0.358 -0.320 -0.342 -0.337 -0.293 -0.336 -0.364 -0.314 -0.173 -0.273 -0.397 -0.415 -0.405 -0.448 -0.383 -0.369 -0.399 -0.233 -0.092 -0.055 -0.295 -0.330 -0.131 -0.026  0.152  0.389  0.445  0.216  0.087 -0.111 -0.238 -0.240 -0.255 -0.232  0.025  0.224  0.258  0.283  0.279
  0.713  0.524  0.331  0.154 -0.069 -0.187 -0.266 -0.269 -0.223 -0.207 -0.182 -0.046  0.100  0.312  0.383  0.705  1.000  0.790  0.545  0.421  0.423  0.096 -0.128 -0.160 -0.051 -0.083 -0.257 -0.281 -0.291 -0.305 -0.350 -0.363 -0.315 -0.290 -0.360 -0.344 -0.339 -0.366 -0.333 -0.357 -0.334 -0.304 -0.355 -0.327 -0.214 -0.111 -0.186 -0.331 -0.389 -0.365 -0.347 -0.286 -0.186 -0.125  0.072  0.204  0.189 -0.042 -0.106  0.043  0.134  0.254  0.396  0.289  0.146 -0.045 -0.170 -0.273 -0.257 -0.304 -0.262 -0.027  0.259  0.306  0.255  0.235
  0.699  0.492  0.193 -0.059 -0.390 -0.474 -0.453 -0.341 -0.302 -0.337 -0.409 -0.324 -0.201  0.061  0.148  0.523  0.790  1.000  0.801  0.693  0.610  0.242 -0.080 -0.127  0.035 -0.149 -0.394 -0.344 -0.382 -0.466 -0.456 -0.428 -0.396 -0.384 -0.450 -0.447 -0.438 -0.446 -0.395 -0.485 -0.495 -0.477 -0.539 -0.503 -0.325 -0.170 -0.284 -0.380 -0.464 -0.393 -0.332 -0.269 -0.079  0.041  0.308  0.423  0.454  0.205  0.085  0.258  0.268  0.370  0.459  0.288  0.137 -0.199 -0.402 -0.524 -0.517 -0.519 -0.417 -0.134  0.255  0.495  0.445  0.426
  0.531  0.345  0.111 -0.159 -0.484 -0.556 -0.513 -0.378 -0.363 -0.399 -0.488 -0.435 -0.344 -0.136 -0.043  0.312  0.545  0.801  1.000  0.813  0.598  0.269 -0.021 -0.143 -0.043 -0.227 -0.452 -0.397 -0.430 -0.525 -0.489 -0.453 -0.462 -0.457 -0.486 -0.444 -0.412 -0.409 -0.365 -0.470 -0.495 -0.434 -0.485 -0.449 -0.257 -0.154 -0.254 -0.282 -0.355 -0.260 -0.205 -0.181  0.013  0.211  0.478  0.612  0.673  0.494  0.372  0.502  0.437  0.448  0.433  0.253  0.201 -0.169 -0.378 -0.514 -0.542 -0.509 -0.399 -0.156  0.185  0.490  0.431  0.405
  0.320  0.150 -0.079 -0.327 -0.535 -0.588 -0.474 -0.312 -0.327 -0.394 -0.523 -0.506 -0.408 -0.280 -0.136  0.159  0.421  0.693  0.813  1.000  0.824  0.513  0.200  0.110  0.177 -0.097 -0.281 -0.221 -0.319 -0.459 -0.420 -0.417 -0.456 -0.464 -0.463 -0.396 -0.332 -0.288 -0.269 -0.349 -0.372 -0.380 -0.426 -0.381 -0.219 -0.131 -0.205 -0.181 -0.233 -0.128 -0.010  0.047  0.273  0.443  0.663  0.633  0.659  0.544  0.366  0.401  0.285  0.264  0.231  0.026  0.006 -0.338 -0.424 -0.529 -0.479 -0.452 -0.336 -0.174  0.147  0.436  0.332  0.301
  0.242  0.041 -0.170 -0.363 -0.474 -0.477 -0.350 -0.212 -0.197 -0.274 -0.456 -0.471 -0.376 -0.268 -0.093  0.146  0.423  0.610  0.598  0.824  1.000  0.746  0.410  0.331  0.408  0.098 -0.068 -0.034 -0.166 -0.279 -0.263 -0.334 -0.369 -0.353 -0.352 -0.262 -0.201 -0.143 -0.110 -0.155 -0.162 -0.238 -0.267 -0.283 -0.222 -0.181 -0.178 -0.134 -0.116 -0.015  0.130  0.229  0.419  0.541  0.699  0.561  0.506  0.429  0.220  0.199  0.080  0.065  0.047 -0.133 -0.138 -0.390 -0.375 -0.411 -0.326 -0.314 -0.220 -0.104  0.113  0.242  0.115  0.123
 -0.102 -0.303 -0.371 -0.463 -0.356 -0.309 -0.206 -0.082 -0.087 -0.172 -0.348 -0.413 -0.354 -0.394 -0.230 -0.146  0.096  0.242  0.269  0.513  0.746  1.000  0.769  0.675  0.682  0.410  0.207  0.208  0.060 -0.074 -0.092 -0.175 -0.232 -0.255 -0.208 -0.111 -0.041  0.056  0.062  0.077  0.056 -0.056 -0.016 -0.026 -0.032 -0.045  0.055  0.156  0.219  0.311  0.475  0.611  0.717  0.772  0.720  0.465  0.368  0.441  0.244  0.119 -0.036 -0.165 -0.235 -0.391 -0.311 -0.425 -0.279 -0.247 -0.128 -0.098 -0.041 -0.097 -0.057 -0.051 -0.146 -0.132
 -0.354 -0.458 -0.414 -0.410 -0.133 -0.058  0.021  0.074  0.017 -0.035 -0.143 -0.214 -0.185 -0.356 -0.245 -0.284 -0.128 -0.080 -0.021  0.200  0.410  0.769  1.000  0.839  0.654  0.559  0.514  0.409  0.223  0.162  0.120 -0.044 -0.107 -0.103 -0.044  0.064  0.186  0.350  0.318  0.300  0.312  0.216  0.300  0.272  0.191  0.092  0.243  0.375  0.495  0.606  0.702  0.791  0.706  0.693  0.523  0.307  0.119  0.270  0.205 -0.029 -0.149 -0.323 -0.444 -0.506 -0.397 -0.314 -0.092  0.052  0.165  0.170  0.157 -0.056 -0.209 -0.355 -0.431 -0.400
 -0.423 -0.510 -0.483 -0.449 -0.135 -0.049  0.057  0.097  0.053  0.042 -0.100 -0.170 -0.151 -0.336 -0.219 -0.281 -0.160 -0.127 -0.143  0.110  0.331  0.675  0.839  1.000  0.793  0.549  0.628  0.608  0.380  0.291  0.287  0.166  0.086  0.058  0.116  0.192  0.255  0.406  0.320  0.311  0.373  0.159  0.252  0.218  0.089  0.080  0.227  0.335  0.447  0.527  0.660  0.791  0.724  0.619  0.430  0.147 -0.063  0.109  0.033 -0.244 -0.329 -0.453 -0.517 -0.581 -0.508 -0.394 -0.141  0.026  0.170  0.125  0.138 -0.118 -0.207 -0.367 -0.419 -0.370
 -0.239 -0.358 -0.413 -0.430 -0.230 -0.171 -0.066  0.050  0.025 -0.022 -0.184 -0.267 -0.248 -0.319 -0.181 -0.188 -0.051  0.035 -0.043  0.177  0.408  0.682  0.654  0.793  1.000  0.698  0.477  0.543  0.400  0.206  0.172  0.117  0.025 -0.020  0.033  0.064  0.097  0.200  0.149  0.167  0.173 -0.002  0.056 -0.026 -0.128 -0.099  0.013  0.105  0.217  0.280  0.409  0.543  0.564  0.474  0.363  0.122 -0.027  0.082 -0.026 -0.194 -0.261 -0.326 -0.362 -0.465 -0.463 -0.440 -0.275 -0.178 -0.029 -0.036 -0.023 -0.136 -0.094 -0.154 -0.169 -0.130
 -0.213 -0.262 -0.254 -0.184  0.022  0.035  0.070  0.075  0.050  0.013  0.003 -0.041 -0.022 -0.090 -0.000 -0.117 -0.083 -0.149 -0.227 -0.097  0.098  0.410  0.559  0.549  0.698  1.000  0.672  0.560  0.522  0.384  0.270  0.225  0.138  0.055  0.111  0.108  0.147  0.276  0.214  0.179  0.158  0.141  0.189  0.081 -0.020 -0.065  0.053  0.118  0.225  0.253  0.283  0.398  0.336  0.224  0.055 -0.073 -0.208 -0.099 -0.073 -0.230 -0.247 -0.301 -0.331 -0.323 -0.323 -0.203 -0.083 -0.003  0.091  0.079  0.026 -0.084 -0.146 -0.235 -0.243 -0.229
 -0.491 -0.482 -0.327 -0.189  0.191  0.246  0.315  0.213  0.168  0.195  0.207  0.126  0.125 -0.106 -0.035 -0.243 -0.257 -0.394 -0.452 -0.281 -0.068  0.207  0.514  0.628  0.477  0.672  1.000  0.847  0.640  0.650  0.639  0.473  0.375  0.350  0.409  0.450  0.507  0.650  0.543  0.468  0.535  0.392  0.471  0.373  0.158  0.055  0.226  0.288  0.419  0.423  0.455  0.549  0.396  0.223 -0.041 -0.237 -0.428 -0.261 -0.223 -0.463 -0.479 -0.553 -0.593 -0.522 -0.453 -0.159  0.122  0.310  0.406  0.320  0.260 -0.032 -0.324 -0.551 -0.546 -0.511
 -0.498 -0.480 -0.413 -0.257  0.072  0.106  0.214  0.174  0.149  0.170  0.141  0.020  0.064 -0.163 -0.072 -0.256 -0.281 -0.344 -0.397 -0.221 -0.034  0.208  0.409  0.608  0.543  0.560  0.847  1.000  0.797  0.674  0.725  0.627  0.478  0.409  0.490  0.484  0.494  0.572  0.457  0.401  0.454  0.277  0.341  0.241  0.014 -0.038  0.098  0.190  0.321  0.301  0.367  0.475  0.381  0.206 -0.025 -0.265 -0.426 -0.267 -0.291 -0.516 -0.535 -0.579 -0.609 -0.560 -0.527 -0.291 -0.017  0.158  0.283  0.203  0.178 -0.050 -0.267 -0.435 -0.418 -0.378
 -0.378 -0.328 -0.298 -0.118  0.126  0.115  0.167  0.121  0.116  0.124  0.184  0.123  0.138 -0.027  0.012 -0.182 -0.291 -0.382 -0.430 -0.319 -0.166  0.060  0.223  0.380  0.400  0.522  0.640  0.797  1.000  0.810  0.692  0.741  0.635  0.472  0.492  0.399  0.340  0.326  0.195  0.219  0.262  0.094  0.187  0.096 -0.081 -0.095 -0.038  0.022  0.133  0.107  0.170  0.293  0.197 -0.007 -0.175 -0.370 -0.486 -0.349 -0.363 -0.506 -0.466 -0.448 -0.460 -0.371 -0.385 -0.161 -0.019  0.071  0.147  0.081  0.065 -0.033 -0.135 -0.282 -0.244 -0.228
 -0.396 -0.328 -0.212 -0.000  0.306  0.314  0.328  0.144  0.141  0.155  0.300  0.275  0.278  0.045  0.020 -0.195 -0.305 -0.466 -0.525 -0.459 -0.279 -0.074  0.162  0.291  0.206  0.384  0.650  0.674  0.810  1.000  0.865  0.790  0.745  0.703  0.670  0.599  0.522  0.481  0.354  0.389  0.446  0.257  0.318  0.246  0.008 -0.068  0.077  0.086  0.207  0.153  0.179  0.272  0.129 -0.062 -0.270 -0.448 -0.553 -0.393 -0.385 -0.533 -0.482 -0.485 -0.486 -0.360 -0.341 -0.025  0.160  0.314  0.354  0.280  0.220  0.051 -0.181 -0.459 -0.438 -0.411
 -0.452 -0.410 -0.285 -0.110  0.211  0.251  0.318  0.179  0.164  0.181  0.251  0.194  0.194 -0.049 -0.081 -0.268 -0.350 -0.456 -0.489 -0.420 -0.263 -0.092  0.120  0.287  0.172  0.270  0.639  0.725  0.692  0.865  1.000  0.845  0.729  0.756  0.810  0.759  0.702  0.641  0.527  0.502  0.502  0.347  0.351  0.262 -0.001 -0.061  0.072  0.108  0.231  0.177  0.193  0.263  0.125 -0.033 -0.253 -0.437 -0.526 -0.371 -0.380 -0.511 -0.530 -0.543 -0.566 -0.475 -0.444 -0.131  0.094  0.313  0.354  0.286  0.232  0.024 -0.235 -0.481 -0.457 -0.422
 -0.391 -0.322 -0.244 -0.097  0.134  0.112  0.174  0.082  0.075  0.087  0.150  0.170  0.182 -0.017 -0.059 -0.225 -0.363 -0.428 -0.453 -0.417 -0.334 -0.175 -0.044  0.166  0.117  0.225  0.473  0.627  0.741  0.790  0.845  1.000  0.875  0.740  0.771  0.603  0.452  0.372  0.264  0.286  0.291  0.157  0.177  0.091 -0.097 -0.075 -0.013  0.016  0.089  0.010  0.015  0.121  0.034 -0.140 -0.289 -0.441 -0.500 -0.378 -0.383 -0.469 -0.475 -0.454 -0.431 -0.333 -0.361 -0.137  0.007  0.135  0.151  0.110  0.069 -0.030 -0.133 -0.256 -0.227 -0.199
 -0.309 -0.213 -0.108  0.048  0.239  0.204  0.228  0.113  0.105  0.108  0.220  0.269  0.265  0.088  0.043 -0.159 -0.315 -0.396 -0.462 -0.456 -0.369 -0.232 -0.107  0.086  0.025  0.138  0.375  0.478  0.635  0.745  0.729  0.875  1.000  0.844  0.736  0.583  0.337  0.249  0.126  0.191  0.254  0.125  0.176  0.113 -0.056 -0.042  0.002 -0.006  0.088  0.003 -0.014  0.067 -0.051 -0.209 -0.344 -0.488 -0.526 -0.413 -0.398 -0.461 -0.418 -0.370 -0.319 -0.192 -0.223  0.009  0.102  0.209  0.179  0.127  0.071 -0.031 -0.172 -0.283 -0.230 -0.206
 -0.307 -0.237 -0.116  0.073  0.275  0.282  0.328  0.175  0.211  0.196  0.316  0.336  0.283  0.117 -0.005 -0.146 -0.290 -0.384 -0.457 -0.464 -0.353 -0.255 -0.103  0.058 -0.020  0.055  0.350  0.409  0.472  0.703  0.756  0.740  0.844  1.000  0.894  0.796  0.558  0.429  0.314  0.321  0.395  0.256  0.284  0.230  0.020 -0.038  0.042  0.036  0.157  0.073  0.040  0.072 -0.075 -0.205 -0.334 -0.466 -0.506 -0.399 -0.388 -0.453 -0.431 -0.404 -0.356 -0.237 -0.246  0.035  0.161  0.346  0.301  0.266  0.180  0.021 -0.200 -0.424 -0.392 -0.358
 -0.403 -0.353 -0.218 -0.048  0.219  0.238  0.312  0.179  0.191  0.190  0.265  0.248  0.211  0.035 -0.086 -0.247 -0.360 -0.450 -0.486 -0.463 -0.352 -0.208 -0.044  0.116  0.033  0.111  0.409  0.490  0.492  0.670  0.810  0.771  0.736  0.894  1.000  0.899  0.733  0.582  0.490  0.471  0.469  0.352  0.331  0.264  0.028 -0.040  0.061  0.074  0.186  0.121  0.108  0.141  0.016 -0.119 -0.281 -0.424 -0.477 -0.348 -0.349 -0.453 -0.473 -0.484 -0.475 -0.381 -0.360 -0.074  0.121  0.327  0.318  0.321  0.243  0.045 -0.168 -0.448 -0.446 -0.397
 -0.418 -0.394 -0.235 -0.069  0.230  0.269  0.335  0.190  0.194  0.204  0.253  0.213  0.176 -0.011 -0.110 -0.272 -0.344 -0.447 -0.444 -0.396 -0.262 -0.111  0.064  0.192  0.064  0.108  0.450  0.484  0.399  0.599  0.759  0.603  0.583  0.796  0.899  1.000  0.854  0.699  0.631  0.593  0.584  0.449  0.402  0.310  0.062 -0.055  0.080  0.091  0.229  0.215  0.221  0.226  0.107 -0.004 -0.211 -0.376 -0.413 -0.268 -0.256 -0.385 -0.426 -0.480 -0.484 -0.425 -0.369 -0.072  0.137  0.359  0.383  0.410  0.323  0.086 -0.208 -0.533 -0.544 -0.482
 -0.442 -0.436 -0.261 -0.115  0.201  0.243  0.309  0.173  0.178  0.208  0.212  0.135  0.110 -0.084 -0.146 -0.306 -0.339 -0.438 -0.412 -0.332 -0.201 -0.041  0.186  0.255  0.097  0.147  0.507  0.494  0.340  0.522  0.702  0.452  0.337  0.558  0.733  0.854  1.000  0.865  0.753  0.664  0.606  0.506  0.433  0.361  0.112 -0.027  0.130  0.178  0.316  0.307  0.335  0.303  0.189  0.083 -0.137 -0.260 -0.338 -0.205 -0.162 -0.320 -0.393 -0.492 -0.532 -0.500 -0.416 -0.113  0.113  0.352  0.423  0.431  0.357  0.077 -0.226 -0.551 -0.572 -0.508
 -0.525 -0.526 -0.355 -0.212  0.142  0.207  0.292  0.183  0.168  0.202  0.187  0.080  0.065 -0.148 -0.187 -0.358 -0.366 -0.446 -0.409 -0.288 -0.143  0.056  0.350  0.406  0.200  0.276  0.650  0.572  0.326  0.481  0.641  0.372  0.249  0.429  0.582  0.699  0.865  1.000  0.852  0.637  0.618  0.520  0.478  0.398  0.160  0.013  0.191  0.265  0.417  0.413  0.433  0.405  0.279  0.196 -0.035 -0.178 -0.304 -0.150 -0.111 -0.306 -0.379 -0.507 -0.584 -0.559 -0.428 -0.140  0.111  0.358  0.426  0.395  0.333  0.013 -0.261 -0.556 -0.585 -0.522
 -0.447 -0.484 -0.304 -0.216  0.101  0.185  0.313  0.216  0.177  0.164  0.124  0.012 -0.004 -0.181 -0.174 -0.320 -0.333 -0.395 -0.365 -0.269 -0.110  0.062  0.318  0.320  0.149  0.214  0.543  0.457  0.195  0.354  0.527  0.264  0.126  0.314  0.490  0.631  0.753  0.852  1.000  0.730  0.664  0.585  0.495  0.373  0.146 -0.027  0.158  0.217  0.375  0.379  0.390  0.364  0.251  0.190 -0.009 -0.116 -0.210 -0.062 -0.021 -0.200 -0.289 -0.402 -0.487 -0.480 -0.360 -0.094  0.137  0.373  0.431  0.445  0.404  0.099 -0.256 -0.527 -0.585 -0.512
 -0.487 -0.523 -0.268 -0.146  0.212  0.329  0.372  0.253  0.230  0.270  0.212  0.109  0.070 -0.152 -0.178 -0.342 -0.357 -0.485 -0.470 -0.349 -0.155  0.077  0.300  0.311  0.167  0.179  0.468  0.401  0.219  0.389  0.502  0.286  0.191  0.321  0.471  0.593  0.664  0.637  0.730  1.000  0.860  0.726  0.607  0.473  0.181 -0.018  0.188  0.269  0.441  0.413  0.423  0.415  0.292  0.187 -0.036 -0.177 -0.268 -0.092 -0.064 -0.255 -0.335 -0.455 -0.530 -0.509 -0.360 -0.053  0.234  0.462  0.601  0.682  0.658  0.361 -0.137 -0.595 -0.686 -0.639
 -0.501 -0.520 -0.248 -0.101  0.255  0.401  0.446  0.297  0.273  0.313  0.283  0.172  0.100 -0.127 -0.163 -0.337 -0.334 -0.495 -0.495 -0.372 -0.162  0.056  0.312  0.373  0.173  0.158  0.535  0.454  0.262  0.446  0.502  0.291  0.254  0.395  0.469  0.584  0.606  0.618  0.664  0.860  1.000  0.753  0.708  0.592  0.290  0.070  0.268  0.339  0.501  0.466  0.462  0.447  0.271  0.174 -0.057 -0.204 -0.326 -0.141 -0.094 -0.345 -0.363 -0.478 -0.521 -0.477 -0.335  0.004  0.342  0.594  0.711  0.727  0.673  0.291 -0.249 -0.684 -0.743 -0.688
 -0.428 -0.436 -0.158  0.007  0.320  0.434  0.489  0.325  0.298  0.316  0.324  0.222  0.170 -0.061 -0.143 -0.293 -0.304 -0.477 -0.434 -0.380 -0.238 -0.056  0.216  0.159 -0.002  0.141  0.392  0.277  0.094  0.257  0.347  0.157  0.125  0.256  0.352  0.449  0.506  0.520  0.585  0.726  0.753  1.000  0.788  0.608  0.376  0.141  0.314  0.355  0.490  0.470  0.408  0.289  0.127  0.109 -0.074 -0.172 -0.231 -0.074  0.015 -0.139 -0.224 -0.339 -0.430 -0.382 -0.248  0.067  0.383  0.635  0.738  0.781  0.629  0.354 -0.228 -0.619 -0.705 -0.693
 -0.483 -0.450 -0.162  0.054  0.385  0.494  0.525  0.341  0.330  0.352  0.390  0.301  0.220 -0.060 -0.136 -0.336 -0.355 -0.539 -0.485 -0.426 -0.267 -0.016  0.300  0.252  0.056  0.189  0.471  0.341  0.187  0.318  0.351  0.177  0.176  0.284  0.331  0.402  0.433  0.478  0.495  0.607  0.708  0.788  1.000  0.829  0.536  0.220  0.408  0.466  0.648  0.631  0.545  0.421  0.211  0.168 -0.037 -0.151 -0.258 -0.065  0.040 -0.220 -0.245 -0.379 -0.466 -0.368 -0.194  0.166  0.491  0.727  0.766  0.751  0.610  0.259 -0.330 -0.702 -0.769 -0.751
 -0.446 -0.422 -0.118  0.071  0.401  0.478  0.478  0.311  0.286  0.300  0.355  0.276  0.195 -0.092 -0.181 -0.364 -0.327 -0.503 -0.449 -0.381 -0.283 -0.026  0.272  0.218 -0.026  0.081  0.373  0.241  0.096  0.246  0.262  0.091  0.113  0.230  0.264  0.310  0.361  0.398  0.373  0.473  0.592  0.608  0.829  1.000  0.790  0.447  0.631  0.669  0.717  0.632  0.547  0.412  0.225  0.183 -0.007 -0.107 -0.220 -0.040  0.076 -0.175 -0.189 -0.297 -0.403 -0.318 -0.114  0.217  0.547  0.760  0.709  0.642  0.516  0.133 -0.374 -0.675 -0.734 -0.707
 -0.271 -0.273 -0.042  0.047  0.258  0.279  0.273  0.182  0.133  0.123  0.161  0.162  0.091 -0.045 -0.172 -0.314 -0.214 -0.325 -0.257 -0.219 -0.222 -0.032  0.191  0.089 -0.128 -0.020  0.158  0.014 -0.081  0.008 -0.001 -0.097 -0.056  0.020  0.028  0.062  0.112  0.160  0.146  0.181  0.290  0.376  0.536  0.790  1.000  0.710  0.692  0.662  0.535  0.542  0.453  0.295  0.163  0.198  0.078  0.035 -0.058  0.066  0.192  0.035  0.044 -0.042 -0.163 -0.141  0.033  0.211  0.449  0.539  0.423  0.359  0.252 -0.049 -0.316 -0.415 -0.492 -0.482
 -0.128 -0.157  0.030  0.056  0.182  0.175  0.121  0.067  0.030  0.024  0.068  0.100  0.069 -0.044 -0.106 -0.173 -0.111 -0.170 -0.154 -0.131 -0.181 -0.045  0.092  0.080 -0.099 -0.065  0.055 -0.038 -0.095 -0.068 -0.061 -0.075 -0.042 -0.038 -0.040 -0.055 -0.027  0.013 -0.027 -0.018  0.070  0.141  0.220  0.447  0.710  1.000  0.765  0.535  0.298  0.297  0.282  0.152  0.098  0.116  0.008 -0.009 -0.045  0.024  0.105  0.053  0.039 -0.022 -0.053 -0.080 -0.039  0.066  0.309  0.332  0.198  0.104  0.035 -0.168 -0.240 -0.231 -0.247 -0.253
 -0.285 -0.314 -0.086 -0.045  0.231  0.265  0.229  0.093  0.103  0.163  0.145  0.101  0.048 -0.147 -0.187 -0.273 -0.186 -0.284 -0.254 -0.205 -0.178  0.055  0.243  0.227  0.013  0.053  0.226  0.098 -0.038  0.077  0.072 -0.013  0.002  0.042  0.061  0.080  0.130  0.191  0.158  0.188  0.268  0.314  0.408  0.631  0.692  0.765  1.000  0.742  0.548  0.429  0.417  0.331  0.222  0.226  0.065 -0.012 -0.064  0.054  0.118 -0.019 -0.033 -0.150 -0.221 -0.229 -0.101  0.064  0.343  0.479  0.379  0.285  0.206 -0.062 -0.312 -0.453 -0.473 -0.434
 -0.431 -0.450 -0.173 -0.118  0.163  0.212  0.217  0.130  0.112  0.141  0.117  0.075  0.006 -0.204 -0.283 -0.397 -0.331 -0.380 -0.282 -0.181 -0.134  0.156  0.375  0.335  0.105  0.118  0.288  0.190  0.022  0.086  0.108  0.016 -0.006  0.036  0.074  0.091  0.178  0.265  0.217  0.269  0.339  0.355  0.466  0.669  0.662  0.535  0.742  1.000  0.818  0.660  0.560  0.477  0.344  0.335  0.142  0.046 -0.066  0.113  0.162 -0.052 -0.077 -0.236 -0.354 -0.329 -0.172  0.012  0.278  0.414  0.401  0.338  0.264 -0.009 -0.338 -0.476 -0.505 -0.480
 -0.537 -0.554 -0.242 -0.127  0.181  0.277  0.333  0.235  0.226  0.237  0.202  0.110  0.029 -0.221 -0.273 -0.415 -0.389 -0.464 -0.355 -0.233 -0.116  0.219  0.495  0.447  0.217  0.225  0.419  0.321  0.133  0.207  0.231  0.089  0.088  0.157  0.186  0.229  0.316  0.417  0.375  0.441  0.501  0.490  0.648  0.717  0.535  0.298  0.548  0.818  1.000  0.827  0.718  0.617  0.426  0.401  0.162  0.027 -0.120  0.126  0.175 -0.130 -0.199 -0.385 -0.502 -0.436 -0.259  0.010  0.278  0.489  0.540  0.492  0.418  0.089 -0.409 -0.617 -0.649 -0.619
 -0.494 -0.501 -0.240 -0.181  0.124  0.193  0.248  0.157  0.122  0.127  0.098  0.026 -0.014 -0.233 -0.263 -0.405 -0.365 -0.393 -0.260 -0.128 -0.015  0.311  0.606  0.527  0.280  0.253  0.423  0.301  0.107  0.153  0.177  0.010  0.003  0.073  0.121  0.215  0.307  0.413  0.379  0.413  0.466  0.470  0.631  0.632  0.542  0.297  0.429  0.660  0.827  1.000  0.883  0.733  0.522  0.530  0.301  0.157 -0.017  0.212  0.255 -0.057 -0.148 -0.336 -0.479 -0.448 -0.268 -0.033  0.246  0.379  0.458  0.446  0.346  0.026 -0.360 -0.563 -0.628 -0.592
 -0.525 -0.589 -0.353 -0.295  0.036  0.111  0.170  0.144  0.089  0.071 -0.030 -0.117 -0.130 -0.380 -0.333 -0.448 -0.347 -0.332 -0.205 -0.010  0.130  0.475  0.702  0.660  0.409  0.283  0.455  0.367  0.170  0.179  0.193  0.015 -0.014  0.040  0.108  0.221  0.335  0.433  0.390  0.423  0.462  0.408  0.545  0.547  0.453  0.282  0.417  0.560  0.718  0.883  1.000  0.879  0.720  0.705  0.462  0.216  0.041  0.295  0.303 -0.027 -0.158 -0.372 -0.528 -0.539 -0.353 -0.145  0.174  0.289  0.397  0.377  0.330 -0.014 -0.349 -0.533 -0.603 -0.562
 -0.519 -0.583 -0.427 -0.394 -0.067  0.028  0.101  0.097  0.049  0.043 -0.088 -0.172 -0.171 -0.383 -0.286 -0.383 -0.286 -0.269 -0.181  0.047  0.229  0.611  0.791  0.791  0.543  0.398  0.549  0.475  0.293  0.272  0.263  0.121  0.067  0.072  0.141  0.226  0.303  0.405  0.364  0.415  0.447  0.289  0.421  0.412  0.295  0.152  0.331  0.477  0.617  0.733  0.879  1.000  0.848  0.730  0.482  0.179 -0.015  0.222  0.172 -0.156 -0.263 -0.444 -0.561 -0.582 -0.440 -0.257  0.038  0.173  0.303  0.277  0.278 -0.025 -0.292 -0.469 -0.540 -0.486
 -0.437 -0.544 -0.451 -0.494 -0.208 -0.148 -0.076 -0.014 -0.058 -0.078 -0.268 -0.336 -0.297 -0.480 -0.329 -0.369 -0.186 -0.079  0.013  0.273  0.419  0.717  0.706  0.724  0.564  0.336  0.396  0.381  0.197  0.129  0.125  0.034 -0.051 -0.075  0.016  0.107  0.189  0.279  0.251  0.292  0.271  0.127  0.211  0.225  0.163  0.098  0.222  0.344  0.426  0.522  0.720  0.848  1.000  0.861  0.659  0.334  0.188  0.401  0.283 -0.004 -0.132 -0.313 -0.445 -0.565 -0.418 -0.378 -0.108 -0.027  0.106  0.100  0.161 -0.048 -0.164 -0.248 -0.356 -0.334
 -0.327 -0.488 -0.412 -0.492 -0.306 -0.244 -0.138 -0.064 -0.088 -0.140 -0.332 -0.426 -0.401 -0.540 -0.445 -0.399 -0.125  0.041  0.211  0.443  0.541  0.772  0.693  0.619  0.474  0.224  0.223  0.206 -0.007 -0.062 -0.033 -0.140 -0.209 -0.205 -0.119 -0.004  0.083  0.196  0.190  0.187  0.174  0.109  0.168  0.183  0.198  0.116  0.226  0.335  0.401  0.530  0.705  0.730  0.861  1.000  0.839  0.557  0.438  0.637  0.487  0.251  0.063 -0.139 -0.302 -0.466 -0.290 -0.311 -0.096 -0.077  0.024  0.036  0.071 -0.105 -0.165 -0.180 -0.305 -0.286
 -0.080 -0.247 -0.332 -0.480 -0.460 -0.424 -0.299 -0.184 -0.191 -0.263 -0.446 -0.485 -0.451 -0.496 -0.398 -0.233  0.072  0.308  0.478  0.663  0.699  0.720  0.523  0.430  0.363  0.055 -0.041 -0.025 -0.175 -0.270 -0.253 -0.289 -0.344 -0.334 -0.281 -0.211 -0.137 -0.035 -0.009 -0.036 -0.057 -0.074 -0.037 -0.007  0.078  0.008  0.065  0.142  0.162  0.301  0.462  0.482  0.659  0.839  1.000  0.795  0.681  0.747  0.544  0.407  0.236  0.087 -0.079 -0.271 -0.117 -0.296 -0.215 -0.228 -0.181 -0.148 -0.098 -0.133 -0.043  0.068 -0.077 -0.066
  0.133  0.014 -0.115 -0.303 -0.420 -0.416 -0.335 -0.259 -0.251 -0.280 -0.395 -0.403 -0.380 -0.306 -0.258 -0.092  0.204  0.423  0.612  0.633  0.561  0.465  0.307  0.147  0.122 -0.073 -0.237 -0.265 -0.370 -0.448 -0.437 -0.441 -0.488 -0.466 -0.424 -0.376 -0.260 -0.178 -0.116 -0.177 -0.204 -0.172 -0.151 -0.107  0.035 -0.009 -0.012  0.046  0.027  0.157  0.216  0.179  0.334  0.557  0.795  1.000  0.837  0.731  0.662  0.616  0.543  0.362  0.209  0.026  0.158 -0.116 -0.184 -0.264 -0.275 -0.226 -0.165 -0.119  0.071  0.200  0.051  0.024
  0.221  0.078 -0.040 -0.247 -0.455 -0.465 -0.389 -0.282 -0.259 -0.292 -0.413 -0.468 -0.444 -0.345 -0.290 -0.055  0.189  0.454  0.673  0.659  0.506  0.368  0.119 -0.063 -0.027 -0.208 -0.428 -0.426 -0.486 -0.553 -0.526 -0.500 -0.526 -0.506 -0.477 -0.413 -0.338 -0.304 -0.210 -0.268 -0.326 -0.231 -0.258 -0.220 -0.058 -0.045 -0.064 -0.066 -0.120 -0.017  0.041 -0.015  0.188  0.438  0.681  0.837  1.000  0.846  0.693  0.762  0.614  0.461  0.355  0.153  0.262 -0.084 -0.243 -0.337 -0.375 -0.294 -0.238 -0.149  0.108  0.331  0.207  0.185
 -0.015 -0.186 -0.145 -0.316 -0.384 -0.346 -0.259 -0.180 -0.190 -0.231 -0.367 -0.442 -0.453 -0.469 -0.434 -0.295 -0.042  0.205  0.494  0.544  0.429  0.441  0.270  0.109  0.082 -0.099 -0.261 -0.267 -0.349 -0.393 -0.371 -0.378 -0.413 -0.399 -0.348 -0.268 -0.205 -0.150 -0.062 -0.092 -0.141 -0.074 -0.065 -0.040  0.066  0.024  0.054  0.113  0.126  0.212  0.295  0.222  0.401  0.637  0.747  0.731  0.846  1.000  0.823  0.710  0.481  0.292  0.158 -0.044  0.119 -0.103 -0.149 -0.201 -0.208 -0.146 -0.086 -0.123 -0.038  0.121  0.012  0.001
 -0.063 -0.157 -0.098 -0.233 -0.282 -0.254 -0.173 -0.117 -0.145 -0.186 -0.299 -0.363 -0.404 -0.419 -0.407 -0.330 -0.106  0.085  0.372  0.366  0.220  0.244  0.205  0.033 -0.026 -0.073 -0.223 -0.291 -0.363 -0.385 -0.380 -0.383 -0.398 -0.388 -0.349 -0.256 -0.162 -0.111 -0.021 -0.064 -0.094  0.015  0.040  0.076  0.192  0.105  0.118  0.162  0.175  0.255  0.303  0.172  0.283  0.487  0.544  0.662  0.693  0.823  1.000  0.803  0.664  0.415  0.230  0.046  0.203  0.013 -0.034 -0.078 -0.110 -0.054 -0.010 -0.069 -0.031  0.050 -0.062 -0.075
  0.199  0.110  0.068 -0.112 -0.321 -0.335 -0.297 -0.201 -0.212 -0.248 -0.334 -0.346 -0.373 -0.269 -0.268 -0.131  0.043  0.258  0.502  0.401  0.199  0.119 -0.029 -0.244 -0.194 -0.230 -0.463 -0.516 -0.506 -0.533 -0.511 -0.469 -0.461 -0.453 -0.453 -0.385 -0.320 -0.306 -0.200 -0.255 -0.345 -0.139 -0.220 -0.175  0.035  0.053 -0.019 -0.052 -0.130 -0.057 -0.027 -0.156 -0.004  0.251  0.407  0.616  0.762  0.710  0.803  1.000  0.815  0.595  0.473  0.300  0.352  0.046 -0.111 -0.241 -0.330 -0.235 -0.184 -0.081  0.098  0.286  0.203  0.168
  0.275  0.273  0.159 -0.031 -0.246 -0.287 -0.298 -0.244 -0.255 -0.224 -0.258 -0.237 -0.272 -0.123 -0.144 -0.026  0.134  0.268  0.437  0.285  0.080 -0.036 -0.149 -0.329 -0.261 -0.247 -0.479 -0.535 -0.466 -0.482 -0.530 -0.475 -0.418 -0.431 -0.473 -0.426 -0.393 -0.379 -0.289 -0.335 -0.363 -0.224 -0.245 -0.189  0.044  0.039 -0.033 -0.077 -0.199 -0.148 -0.158 -0.263 -0.132  0.063  0.236  0.543  0.614  0.481  0.664  0.815  1.000  0.815  0.618  0.448  0.517  0.151 -0.033 -0.178 -0.303 -0.245 -0.222 -0.086  0.165  0.319  0.239  0.205
  0.472  0.455  0.300  0.058 -0.268 -0.326 -0.323 -0.248 -0.255 -0.264 -0.282 -0.207 -0.226 -0.002 -0.026  0.152  0.254  0.370  0.448  0.264  0.065 -0.165 -0.323 -0.453 -0.326 -0.301 -0.553 -0.579 -0.448 -0.485 -0.543 -0.454 -0.370 -0.404 -0.484 -0.480 -0.492 -0.507 -0.402 -0.455 -0.478 -0.339 -0.379 -0.297 -0.042 -0.022 -0.150 -0.236 -0.385 -0.336 -0.372 -0.444 -0.313 -0.139  0.087  0.362  0.461  0.292  0.415  0.595  0.815  1.000  0.807  0.602  0.601  0.222 -0.093 -0.232 -0.393 -0.350 -0.337 -0.084  0.249  0.452  0.392  0.357
  0.632  0.614  0.518  0.307 -0.138 -0.252 -0.310 -0.275 -0.239 -0.229 -0.195 -0.078 -0.084  0.215  0.188  0.389  0.396  0.459  0.433  0.231  0.047 -0.235 -0.444 -0.517 -0.362 -0.331 -0.593 -0.609 -0.460 -0.486 -0.566 -0.431 -0.319 -0.356 -0.475 -0.484 -0.532 -0.584 -0.487 -0.530 -0.521 -0.430 -0.466 -0.403 -0.163 -0.053 -0.221 -0.354 -0.502 -0.479 -0.528 -0.561 -0.445 -0.302 -0.079  0.209  0.355  0.158  0.230  0.473  0.618  0.807  1.000  0.835  0.678  0.322 -0.068 -0.281 -0.426 -0.401 -0.372 -0.080  0.244  0.456  0.451  0.425
  0.556  0.695  0.628  0.521  0.073 -0.078 -0.194 -0.221 -0.186 -0.140 -0.017  0.128  0.106  0.416  0.352  0.445  0.289  0.288  0.253  0.026 -0.133 -0.391 -0.506 -0.581 -0.465 -0.323 -0.522 -0.560 -0.371 -0.360 -0.475 -0.333 -0.192 -0.237 -0.381 -0.425 -0.500 -0.559 -0.480 -0.509 -0.477 -0.382 -0.368 -0.318 -0.141 -0.080 -0.229 -0.329 -0.436 -0.448 -0.539 -0.582 -0.565 -0.466 -0.271  0.026  0.153 -0.044  0.046  0.300  0.448  0.602  0.835  1.000  0.798  0.518  0.099 -0.198 -0.343 -0.317 -0.299 -0.040  0.189  0.355  0.405  0.384
  0.375  0.482  0.522  0.467  0.139  0.041 -0.112 -0.177 -0.141 -0.058  0.017  0.149  0.068  0.292  0.180  0.216  0.146  0.137  0.201  0.006 -0.138 -0.311 -0.397 -0.508 -0.463 -0.323 -0.453 -0.527 -0.385 -0.341 -0.444 -0.361 -0.223 -0.246 -0.360 -0.369 -0.416 -0.428 -0.360 -0.360 -0.335 -0.248 -0.194 -0.114  0.033 -0.039 -0.101 -0.172 -0.259 -0.268 -0.353 -0.440 -0.418 -0.290 -0.117  0.158  0.262  0.119  0.203  0.352  0.517  0.601  0.678  0.798  1.000  0.692  0.296  0.022 -0.162 -0.149 -0.164  0.002  0.092  0.226  0.214  0.176
  0.131  0.244  0.481  0.659  0.489  0.421  0.207 -0.001  0.083  0.172  0.338  0.390  0.259  0.358  0.205  0.087 -0.045 -0.199 -0.169 -0.338 -0.390 -0.425 -0.314 -0.394 -0.440 -0.203 -0.159 -0.291 -0.161 -0.025 -0.131 -0.137  0.009  0.035 -0.074 -0.072 -0.113 -0.140 -0.094 -0.053  0.004  0.067  0.166  0.217  0.211  0.066  0.064  0.012  0.010 -0.033 -0.145 -0.257 -0.378 -0.311 -0.296 -0.116 -0.084 -0.103  0.013  0.046  0.151  0.222  0.322  0.518  0.692  1.000  0.708  0.366  0.198  0.184  0.103  0.119 -0.090 -0.166 -0.131 -0.142
 -0.141 -0.039  0.262  0.504  0.636  0.612  0.440  0.198  0.208  0.271  0.391  0.378  0.279  0.178  0.105 -0.111 -0.170 -0.402 -0.378 -0.424 -0.375 -0.279 -0.092 -0.141 -0.275 -0.083  0.122 -0.017 -0.019  0.160  0.094  0.007  0.102  0.161  0.121  0.137  0.113  0.111  0.137  0.234  0.342  0.383  0.491  0.547  0.449  0.309  0.343  0.278  0.278  0.246  0.174  0.038 -0.108 -0.096 -0.215 -0.184 -0.243 -0.149 -0.034 -0.111 -0.033 -0.093 -0.068  0.099  0.296  0.708  1.000  0.707  0.564  0.448  0.337  0.184 -0.271 -0.479 -0.459 -0.453
 -0.346 -0.308  0.026  0.269  0.560  0.686  0.663  0.451  0.385  0.379  0.484  0.413  0.311  0.040 -0.067 -0.238 -0.273 -0.524 -0.514 -0.529 -0.411 -0.247  0.052  0.026 -0.178 -0.003  0.310  0.158  0.071  0.314  0.313  0.135  0.209  0.346  0.327  0.359  0.352  0.358  0.373  0.462  0.594  0.635  0.727  0.760  0.539  0.332  0.479  0.414  0.489  0.379  0.289  0.173 -0.027 -0.077 -0.228 -0.264 -0.337 -0.201 -0.078 -0.241 -0.178 -0.232 -0.281 -0.198  0.022  0.366  0.707  1.000  0.857  0.687  0.526  0.185 -0.369 -0.689 -0.687 -0.653
 -0.403 -0.366 -0.041  0.180  0.554  0.685  0.675  0.453  0.370  0.406  0.484  0.385  0.314  0.026 -0.064 -0.240 -0.257 -0.517 -0.542 -0.479 -0.326 -0.128  0.165  0.170 -0.029  0.091  0.406  0.283  0.147  0.354  0.354  0.151  0.179  0.301  0.318  0.383  0.423  0.426  0.431  0.601  0.711  0.738  0.766  0.709  0.423  0.198  0.379  0.401  0.540  0.458  0.397  0.303  0.106  0.024 -0.181 -0.275 -0.375 -0.208 -0.110 -0.330 -0.303 -0.393 -0.426 -0.343 -0.162  0.198  0.564  0.857  1.000  0.845  0.699  0.333 -0.289 -0.688 -0.747 -0.735
 -0.393 -0.345 -0.034  0.140  0.448  0.557  0.541  0.329  0.281  0.335  0.405  0.340  0.274  0.044 -0.061 -0.255 -0.304 -0.519 -0.509 -0.452 -0.314 -0.098  0.170  0.125 -0.036  0.079  0.320  0.203  0.081  0.280  0.286  0.110  0.127  0.266  0.321  0.410  0.431  0.395  0.445  0.682  0.727  0.781  0.751  0.642  0.359  0.104  0.285  0.338  0.492  0.446  0.377  0.277  0.100  0.036 -0.148 -0.226 -0.294 -0.146 -0.054 -0.235 -0.245 -0.350 -0.401 -0.317 -0.149  0.184  0.448  0.687  0.845  1.000  0.822  0.484 -0.184 -0.647 -0.697 -0.693
 -0.348 -0.349 -0.078  0.042  0.314  0.427  0.409  0.269  0.248  0.295  0.280  0.212  0.160 -0.023 -0.047 -0.232 -0.262 -0.417 -0.399 -0.336 -0.220 -0.041  0.157  0.138 -0.023  0.026  0.260  0.178  0.065  0.220  0.232  0.069  0.071  0.180  0.243  0.323  0.357  0.333  0.404  0.658  0.673  0.629  0.610  0.516  0.252  0.035  0.206  0.264  0.418  0.346  0.330  0.278  0.161  0.071 -0.098 -0.165 -0.238 -0.086 -0.010 -0.184 -0.222 -0.337 -0.372 -0.299 -0.164  0.103  0.337  0.526  0.699  0.822  1.000  0.683 -0.008 -0.552 -0.624 -0.617
 -0.019 -0.047  0.066  0.122  0.213  0.249  0.181  0.085  0.094  0.140  0.139  0.135  0.143  0.094  0.075  0.025 -0.027 -0.134 -0.156 -0.174 -0.104 -0.097 -0.056 -0.118 -0.136 -0.084 -0.032 -0.050 -0.033  0.051  0.024 -0.030 -0.031  0.021  0.045  0.086  0.077  0.013  0.099  0.361  0.291  0.354  0.259  0.133 -0.049 -0.168 -0.062 -0.009  0.089  0.026 -0.014 -0.025 -0.048 -0.105 -0.133 -0.119 -0.149 -0.123 -0.069 -0.081 -0.086 -0.084 -0.080 -0.040  0.002  0.119  0.184  0.185  0.333  0.484  0.683  1.000  0.332 -0.144 -0.275 -0.346
  0.262  0.233  0.058 -0.025 -0.131 -0.216 -0.277 -0.287 -0.294 -0.216 -0.160 -0.077  0.002  0.141  0.117  0.224  0.259  0.255  0.185  0.147  0.113 -0.057 -0.209 -0.207 -0.094 -0.146 -0.324 -0.267 -0.135 -0.181 -0.235 -0.133 -0.172 -0.200 -0.168 -0.208 -0.226 -0.261 -0.256 -0.137 -0.249 -0.228 -0.330 -0.374 -0.316 -0.240 -0.312 -0.338 -0.409 -0.360 -0.349 -0.292 -0.164 -0.165 -0.043  0.071  0.108 -0.038 -0.031  0.098  0.165  0.249  0.244  0.189  0.092 -0.090 -0.271 -0.369 -0.289 -0.184 -0.008  0.332  1.000  0.492  0.269  0.160
  0.437  0.425  0.057 -0.129 -0.460 -0.569 -0.600 -0.447 -0.476 -0.452 -0.475 -0.344 -0.271 -0.011  0.049  0.258  0.306  0.495  0.490  0.436  0.242 -0.051 -0.355 -0.367 -0.154 -0.235 -0.551 -0.435 -0.282 -0.459 -0.481 -0.256 -0.283 -0.424 -0.448 -0.533 -0.551 -0.556 -0.527 -0.595 -0.684 -0.619 -0.702 -0.675 -0.415 -0.231 -0.453 -0.476 -0.617 -0.563 -0.533 -0.469 -0.248 -0.180  0.068  0.200  0.331  0.121  0.050  0.286  0.319  0.452  0.456  0.355  0.226 -0.166 -0.479 -0.689 -0.688 -0.647 -0.552 -0.144  0.492  1.000  0.841  0.696
  0.455  0.475  0.142 -0.053 -0.443 -0.528 -0.600 -0.404 -0.427 -0.423 -0.437 -0.312 -0.253  0.035  0.100  0.283  0.255  0.445  0.431  0.332  0.115 -0.146 -0.431 -0.419 -0.169 -0.243 -0.546 -0.418 -0.244 -0.438 -0.457 -0.227 -0.230 -0.392 -0.446 -0.544 -0.572 -0.585 -0.585 -0.686 -0.743 -0.705 -0.769 -0.734 -0.492 -0.247 -0.473 -0.505 -0.649 -0.628 -0.603 -0.540 -0.356 -0.305 -0.077  0.051  0.207  0.012 -0.062  0.203  0.239  0.392  0.451  0.405  0.214 -0.131 -0.459 -0.687 -0.747 -0.697 -0.624 -0.275  0.269  0.841  1.000  0.918
