  0.000  3.820  6.715 10.308 13.228 16.701 19.539 23.211 24.876 22.407 19.698 16.017 13.795 10.330  8.240  5.500  5.390  5.795  7.459 10.701 10.615 13.611 14.408 16.700 14.049 12.302 15.904 16.507 13.835 15.707 18.855 17.945 16.987 19.704 22.152 22.307 23.413 21.375 24.613 25.078 21.721 21.099 17.901 18.684 16.976 19.245 22.318 21.914 21.164 18.407 20.080 19.182 19.323 17.201 13.589 10.879 11.879 15.487 15.226 13.307 10.560  8.313  5.671  7.689 10.022 12.540 13.894 17.352 18.746 22.454 24.508 27.475 30.056 32.122 33.963 34.975
  3.820  0.000  3.826  6.861 10.075 13.335 16.252 19.860 21.307 18.731 16.023 12.313 10.324  6.837  5.704  4.702  6.286  8.415  9.838 13.087 12.174 14.452 14.264 16.533 14.129 11.533 14.682 15.657 12.619 13.686 17.148 16.371 14.725 17.116 19.963 20.135 21.749 20.049 23.300 23.237 19.810 19.303 16.091 16.815 15.317 17.686 20.571 20.596 19.920 17.637 19.794 19.039 19.925 17.982 14.750 11.710 13.544 16.766 15.717 14.169 10.741  8.776  5.596  5.465  7.956  9.744 11.428 14.642 16.116 19.907 22.022 25.230 27.685 29.749 31.594 32.565
  6.715  3.826  0.000  3.824  6.726 10.084 13.129 16.807 18.596 16.121 13.733 10.096  8.468  6.024  5.314  6.393  7.086  9.561 10.069 13.135 11.778 13.106 12.028 14.582 12.906  9.665 12.429 14.220 11.582 11.805 15.524 15.555 13.767 15.463 18.327 17.901 19.512 17.643 20.617 20.279 16.697 15.880 12.545 13.097 11.738 14.305 16.972 17.062 16.410 14.443 16.956 16.562 17.980 16.048 13.305 10.096 12.611 15.222 13.546 12.626  8.877  8.032  5.989  4.882  5.442  6.368  7.643 10.894 12.547 16.323 18.678 21.876 24.451 26.541 28.366 29.342
 10.308  6.861  3.824  0.000  3.799  6.552  9.802 13.369 14.930 12.336 10.079  6.480  5.731  4.769  6.195  8.889 10.251 13.141 13.608 16.445 14.669 15.299 13.367 15.641 14.445 10.755 12.503 14.660 12.009 11.021 14.838 15.191 12.721 13.654 16.880 16.354 18.518 17.118 19.911 18.897 15.351 14.670 11.536 11.926 11.064 13.591 15.779 16.430 15.897 14.712 17.615 17.433 19.540 17.916 15.756 12.675 15.534 17.620 15.379 14.931 11.137 10.781  8.994  6.405  6.045  4.617  6.075  8.464 10.225 13.977 16.411 19.858 22.249 24.320 26.140 27.081
 13.228 10.075  6.726  3.799  0.000  3.827  6.471 10.210 12.351 10.425  8.354  5.666  5.028  6.419  7.501 10.850 11.776 14.855 15.199 17.428 15.094 14.826 12.137 13.986 13.470  9.641 10.284 12.909 10.856  8.837 12.519 13.652 11.264 11.297 14.316 13.255 15.466 14.201 16.735 15.376 11.877 11.373  8.652  9.540  9.844 12.821 14.171 14.646 13.651 12.899 15.769 15.563 18.245 17.144 15.723 13.186 16.546 17.940 15.552 16.013 12.447 13.145 12.133  9.917  8.454  5.646  4.746  5.608  6.574 10.323 12.645 16.137 18.523 20.641 22.541 23.575
 16.701 13.335 10.084  6.552  3.827  0.000  3.842  7.126  9.053  6.974  5.900  4.612  6.314  8.912 10.913 14.421 15.576 18.635 18.797 21.042 18.734 18.124 15.071 16.741 16.704 12.940 12.783 15.549 13.771 10.990 14.245 15.679 12.908 11.927 15.034 13.767 16.388 15.636 17.644 15.526 12.315 11.770  9.631  9.838 10.545 12.911 13.593 14.803 14.233 14.486 17.602 17.809 20.872 19.889 18.888 16.382 19.663 20.707 17.921 18.539 15.124 15.898 15.006 12.241 10.488  6.871  6.164  4.844  5.987  9.025 11.533 15.146 17.261 19.254 21.051 21.985
 19.539 16.252 13.129  9.802  6.471  3.842  0.000  3.860  6.527  6.180  5.386  6.316  7.533 10.987 12.744 16.459 17.624 20.883 21.285 23.074 20.337 19.271 15.952 16.851 17.142 13.681 12.456 15.018 13.727 10.258 12.760 14.608 11.944  9.922 12.675 11.195 14.101 14.043 15.739 13.116 10.497 10.797  9.905 10.866 12.691 15.215 15.043 15.966 14.840 15.426 18.119 18.022 21.424 21.081 20.588 18.624 22.156 22.864 20.243 21.376 18.122 19.250 18.443 15.860 14.134 10.552  9.012  6.441  5.284  7.194  8.773 12.473 14.235 16.196 18.094 19.126
 23.211 19.860 16.807 13.369 10.210  7.126  3.860  0.000  3.849  5.508  6.387  8.910 10.675 14.321 16.296 20.040 21.305 24.587 24.966 26.665 23.867 22.572 19.117 19.720 20.294 17.041 15.333 17.730 16.739 13.046 14.841 16.811 14.168 11.418 13.736 12.243 15.268 15.840 16.946 13.795 11.981 12.527 12.471 13.152 15.275 17.353 16.536 17.761 16.795 17.995 20.583 20.628 24.212 24.102 23.933 22.117 25.629 26.095 23.358 24.653 21.536 22.743 21.989 19.243 17.458 13.759 12.297  9.170  7.796  7.975  8.797 12.130 13.289 14.989 16.739 17.720
 24.876 21.307 18.596 14.930 12.351  9.053  6.527  3.849  0.000  3.864  5.804  9.327 11.715 15.347 17.923 21.688 23.441 26.862 27.462 29.412 26.655 25.665 22.343 22.949 23.193 19.878 18.358 20.432 19.037 15.428 17.143 18.584 15.535 12.838 15.403 14.604 17.963 18.952 20.183 16.952 15.384 16.103 15.916 16.403 18.161 19.944 19.295 20.899 20.210 21.424 24.115 24.114 27.646 27.451 27.038 24.990 28.429 29.160 26.350 27.333 24.050 24.830 23.687 20.580 19.229 15.586 14.863 12.069 11.200 11.456 12.025 15.152 15.757 17.179 18.657 19.382
 22.407 18.731 16.121 12.336 10.425  6.974  6.180  5.508  3.864  0.000  3.797  6.713  9.922 13.140 16.118 19.768 21.667 24.983 25.482 27.810 25.367 24.768 21.632 22.774 22.714 19.125 18.312 20.554 18.679 15.414 17.835 18.948 15.615 13.676 16.808 16.149 19.490 19.939 21.562 18.636 16.392 16.574 15.509 15.535 16.551 18.121 18.083 20.001 19.737 20.730 23.768 23.957 27.278 26.602 25.770 23.303 26.532 27.566 24.635 25.168 21.764 22.152 20.826 17.487 16.338 12.821 12.875 10.722 10.976 12.228 13.727 17.144 18.217 19.779 21.283 21.962
 19.698 16.023 13.733 10.079  8.354  5.900  5.386  6.387  5.804  3.797  0.000  3.812  6.511  9.890 12.910 16.594 18.763 22.259 23.180 25.460 22.876 22.583 19.718 20.678 20.134 16.606 16.017 17.852 15.597 12.558 15.117 15.777 12.269 10.809 14.288 14.150 17.642 18.137 20.307 17.765 15.378 15.985 14.717 15.412 16.387 18.534 18.965 20.391 19.672 19.990 22.809 22.505 25.636 25.056 23.925 21.511 24.835 26.199 23.604 24.005 20.412 20.585 18.889 15.687 15.055 11.824 11.938 10.479 10.380 12.434 13.667 17.311 18.515 20.265 21.975 22.785
 16.017 12.313 10.096  6.480  5.666  4.612  6.316  8.910  9.327  6.713  3.812  0.000  3.823  6.529  9.737 13.282 15.482 18.880 19.796 22.309 19.969 20.085 17.544 18.923 18.009 14.349 14.572 16.452 13.806 11.396 14.599 14.960 11.525 11.144 14.821 14.716 17.889 17.748 20.307 18.304 15.385 15.596 13.564 14.188 14.513 16.802 17.924 19.178 18.541 18.318 21.223 20.899 23.695 22.754 21.199 18.527 21.693 23.383 20.907 20.943 17.237 17.096 15.195 12.019 11.708  8.866  9.579  9.325 10.000 12.980 14.753 18.476 20.151 22.079 23.865 24.730
 13.795 10.324  8.468  5.731  5.028  6.314  7.533 10.675 11.715  9.922  6.511  3.823  0.000  3.840  6.460 10.169 12.487 16.115 17.524 19.752 17.141 17.468 15.264 16.289 14.892 11.434 11.883 13.237 10.265  8.316 11.647 11.591  8.293  8.827 12.467 12.747 15.718 15.505 18.530 17.078 14.182 14.854 12.874 14.337 14.852 17.719 19.021 19.580 18.347 17.418 19.858 18.941 21.489 20.802 19.078 16.713 20.020 21.904 19.934 20.054 16.335 16.233 14.180 11.654 11.744  9.556  9.715 10.116 10.046 13.357 14.670 18.311 20.096 22.133 24.073 25.081
 10.330  6.837  6.024  4.769  6.419  8.912 10.987 14.321 15.347 13.140  9.890  6.529  3.840  0.000  3.838  6.990  9.810 13.332 15.046 17.585 15.361 16.477 15.003 16.374 14.326 11.071 12.662 13.638 10.204  9.668 13.138 12.398  9.576 11.345 14.747 15.294 17.827 17.155 20.456 19.572 16.479 16.844 14.347 15.661 15.426 18.218 20.174 20.566 19.475 17.960 20.306 19.286 21.257 20.194 17.857 15.247 18.180 20.611 18.975 18.504 14.746 13.960 11.361  9.161 10.282  9.355 10.336 11.996 12.549 16.170 17.727 21.253 23.244 25.302 27.221 28.215
  8.240  5.704  5.314  6.195  7.501 10.913 12.744 16.296 17.923 16.118 12.910  9.737  6.460  3.838  0.000  3.828  6.279  9.996 12.084 14.230 11.814 13.194 12.262 13.485 10.987  8.119 10.413 10.982  7.547  8.297 11.672 10.841  9.094 11.568 14.315 14.742 16.573 15.419 18.912 18.724 15.646 16.053 13.576 15.381 15.214 18.341 20.387 20.109 18.593 16.426 18.244 16.797 18.338 17.401 14.900 12.692 15.658 18.173 17.118 16.805 13.284 12.791 10.536  9.639 10.617 10.425 10.637 12.762 12.934 16.572 17.936 21.168 23.373 25.470 27.443 28.538
  5.500  4.702  6.393  8.889 10.850 14.421 16.459 20.040 21.688 19.768 16.594 13.282 10.169  6.990  3.828  0.000  3.823  7.154  9.977 12.134 10.258 12.639 12.826 14.127 11.043  9.141 12.226 12.193  8.977 10.997 13.915 12.616 11.679 14.672 17.005 17.600 18.931 17.465 21.020 21.385 18.359 18.605 15.998 17.713 17.092 20.069 22.491 21.934 20.458 17.787 19.222 17.595 18.357 17.199 14.162 12.105 14.429 17.438 17.046 16.245 13.078 12.040  9.611  9.945 11.632 12.591 13.091 15.770 16.160 19.792 21.182 24.216 26.521 28.594 30.542 31.636
  5.390  6.286  7.086 10.251 11.776 15.576 17.624 21.305 23.441 21.667 18.763 15.482 12.487  9.810  6.279  3.823  0.000  3.827  6.599  8.386  6.566  9.282 10.152 11.760  8.782  7.507 11.169 11.371  9.116 11.573 14.306 13.655 13.525 16.267 18.084 18.080 18.688 16.546 19.875 20.746 17.678 17.531 14.879 16.601 15.880 18.893 21.343 20.265 18.651 15.550 16.571 14.927 15.162 13.826 10.615  8.925 11.128 14.078 14.199 13.611 10.944 10.533  9.191 10.684 11.585 12.952 12.834 15.764 16.152 19.618 21.103 23.782 26.323 28.384 30.294 31.435
  5.795  8.415  9.561 13.141 14.855 18.635 20.883 24.587 26.862 24.983 22.259 18.880 16.115 13.332  9.996  7.154  3.827  0.000  3.844  5.475  5.380  8.965 10.981 12.877 10.182  9.860 13.641 13.840 12.272 14.945 17.431 16.911 17.170 19.894 21.461 21.248 21.395 18.853 21.914 23.180 20.135 19.585 16.848 18.230 17.066 19.735 22.428 21.065 19.642 16.243 16.879 15.433 14.761 12.976  9.340  8.040  8.995 12.287 13.226 12.219 10.452  9.928  9.376 12.036 12.895 15.012 14.971 18.198 18.868 22.200 23.845 26.261 28.947 30.968 32.806 33.932
  7.459  9.838 10.069 13.608 15.199 18.797 21.285 24.966 27.462 25.482 23.180 19.796 17.524 15.046 12.084  9.977  6.599  3.844  0.000  3.841  5.503  8.324 10.276 12.985 11.293 10.761 14.441 15.454 14.424 16.564 19.232 19.366 19.520 21.783 23.364 22.574 22.506 19.519 22.131 23.388 20.170 18.933 15.961 16.737 15.106 17.380 20.211 18.717 17.675 14.281 15.023 14.323 13.406 10.822  6.994  5.264  5.261  8.785  9.856  8.632  7.596  7.683  8.603 11.777 11.820 14.274 14.100 17.508 18.619 21.778 23.814 26.032 28.920 30.915 32.655 33.739
 10.701 13.087 13.135 16.445 17.428 21.042 23.074 26.665 29.412 27.810 25.460 22.309 19.752 17.585 14.230 12.134  8.386  5.475  3.841  0.000  3.815  6.500  9.596 11.635 10.169 10.924 14.282 14.860 14.663 17.177 19.232 19.530 20.404 22.647 23.631 22.712 22.007 18.823 21.213 23.037 20.195 19.140 16.705 17.919 16.826 19.268 21.688 19.601 18.061 14.360 14.096 12.899 11.118  9.016  5.524  6.194  5.957  8.333 10.588 10.376 10.243 11.184 12.396 15.431 15.151 17.190 16.336 19.363 19.905 22.708 24.345 26.142 29.009 30.925 32.649 33.807
 10.615 12.174 11.778 14.669 15.094 18.734 20.337 23.867 26.655 25.367 22.876 19.969 17.141 15.361 11.814 10.258  6.566  5.380  5.503  3.815  0.000  3.832  6.820  8.331  6.413  7.401 10.687 11.066 11.033 13.615 15.480 15.881 16.952 19.120 19.915 19.035 18.317 15.263 17.890 19.712 16.992 16.415 14.294 16.169 15.779 18.763 20.801 18.676 16.591 12.880 12.550 10.628  9.554  8.375  5.397  6.248  8.067  9.893 11.382 11.952 10.877 12.166 12.833 15.132 14.697 15.993 14.657 17.281 17.249 20.006 21.286 23.123 25.885 27.836 29.649 30.870
 13.611 14.452 13.106 15.299 14.826 18.124 19.271 22.572 25.665 24.768 22.583 20.085 17.468 16.477 13.194 12.639  9.282  8.965  8.324  6.500  3.832  0.000  3.826  5.277  5.196  6.535  8.838  9.871 10.964 12.877 14.398 15.668 16.971 18.481 18.862 17.351 16.130 12.683 14.807 16.841 14.304 13.559 11.937 14.057 14.308 17.426 18.877 16.319 13.791 10.039  9.070  6.858  5.966  5.441  4.119  6.331  8.836  9.183 10.431 12.201 11.405 13.696 14.898 16.746 15.485 16.092 13.934 15.955 15.482 17.716 18.813 20.232 23.067 24.974 26.741 28.014
 14.408 14.264 12.028 13.367 12.137 15.071 15.952 19.117 22.343 21.632 19.718 17.544 15.264 15.003 12.262 12.826 10.152 10.981 10.276  9.596  6.820  3.826  0.000  3.840  5.376  4.899  6.283  8.656  9.893 10.686 12.473 14.444 15.314 16.167 16.680 14.676 13.679 10.111 12.101 13.632 10.787  9.801  8.181 10.596 11.461 14.858 15.880 13.414 10.608  7.099  6.816  4.863  6.320  6.036  5.896  6.795 10.216 10.109 10.014 12.327 10.952 13.674 14.851 15.909 14.053 13.838 11.091 12.566 11.838 13.925 15.131 16.643 19.584 21.581 23.397 24.684
 16.700 16.533 14.582 15.641 13.986 16.741 16.851 19.720 22.949 22.774 20.678 18.923 16.289 16.374 13.485 14.127 11.760 12.877 12.985 11.635  8.331  5.277  3.840  0.000  3.856  5.410  5.054  6.259  8.813  9.865 10.468 12.625 14.338 15.103 14.779 12.842 11.104  7.543  9.685 11.950  9.949 10.165  9.864 13.003 14.617 18.117 18.655 16.061 12.757  9.673  8.338  4.876  6.377  8.097  8.707 10.347 13.535 13.310 13.649 16.055 14.709 17.215 18.008 18.907 17.333 16.768 13.864 14.671 12.989 14.561 14.794 15.900 18.548 20.450 22.311 23.721
 14.049 14.129 12.906 14.445 13.470 16.704 17.142 20.294 23.193 22.714 20.134 18.009 14.892 14.326 10.987 11.043  8.782 10.182 11.293 10.169  6.413  5.196  5.376  3.856  0.000  3.865  5.353  4.904  6.344  8.742  9.639 10.669 12.464 14.141 14.171 13.185 12.117  9.321 12.337 14.294 12.148 12.782 11.846 14.921 16.006 19.582 20.683 18.491 15.525 12.293 11.605  8.454  9.072 10.024  9.151 10.205 13.314 14.135 14.699 16.296 14.514 16.259 16.388 17.416 16.606 16.450 14.203 15.582 14.179 16.436 16.741 18.402 20.869 22.819 24.749 26.114
 12.302 11.533  9.665 10.755  9.641 12.940 13.681 17.041 19.878 19.125 16.606 14.349 11.434 11.071  8.119  9.141  7.507  9.860 10.761 10.924  7.401  6.535  4.899  5.410  3.865  0.000  3.840  5.468  5.249  6.528  8.842 10.105 10.714 12.145 13.077 11.931 11.864  9.242 12.429 13.409 10.523 10.817  9.157 12.087 13.053 16.719 17.949 16.267 13.625 10.746 11.284  9.032 10.686 10.713  9.450  9.104 12.727 13.833 13.437 14.811 12.356 14.000 13.887 14.310 13.310 12.784 10.580 12.036 10.942 13.702 14.550 16.800 19.401 21.497 23.481 24.788
 15.904 14.682 12.429 12.503 10.284 12.783 12.456 15.333 18.358 18.312 16.017 14.572 11.883 12.662 10.413 12.226 11.169 13.641 14.441 14.282 10.687  8.838  6.283  5.054  5.353  3.840  0.000  3.852  5.419  5.019  6.304  8.839  9.816 10.232 10.429  8.620  8.174  5.524  8.871  9.766  7.256  8.528  8.174 11.761 13.777 17.522 17.968 16.194 13.079 10.839 11.045  8.531 11.104 12.099 11.951 12.089 15.806 16.242 15.601 17.560 15.216 17.218 17.195 17.107 15.722 14.355 11.535 11.762  9.532 11.529 11.578 13.564 16.026 18.124 20.195 21.640
 16.507 15.657 14.220 14.660 12.909 15.549 15.018 17.730 20.432 20.554 17.852 16.452 13.237 13.638 10.982 12.193 11.371 13.840 15.454 14.860 11.066  9.871  8.656  6.259  4.904  5.468  3.852  0.000  3.845  5.383  4.905  6.447  8.763  9.996  9.431  8.777  7.986  6.383 10.081 11.552 10.038 12.030 12.007 15.592 17.461 21.204 21.787 19.961 16.780 14.327 13.962 10.801 12.553 14.059 13.653 14.210 17.669 18.438 18.389 20.091 17.787 19.372 18.935 19.062 18.318 17.268 14.869 15.271 12.945 14.839 14.261 16.033 18.029 19.975 22.045 23.520
 13.835 12.619 11.582 12.009 10.856 13.771 13.727 16.739 19.037 18.679 15.597 13.806 10.265 10.204  7.547  8.977  9.116 12.272 14.424 14.663 11.033 10.964  9.893  8.813  6.344  5.249  5.419  3.845  0.000  3.870  5.318  5.084  6.223  8.546  9.309  9.616 10.304  9.356 13.165 13.836 11.752 13.477 12.607 15.835 17.174 20.864 21.911 20.620 17.899 15.491 15.931 13.238 14.939 15.625 14.344 13.982 17.426 18.906 18.567 19.611 16.802 17.709 16.607 16.418 16.259 15.340 13.643 14.476 12.696 15.314 15.239 17.701 19.658 21.681 23.773 25.125
 15.707 13.686 11.805 11.021  8.837 10.990 10.258 13.046 15.428 15.414 12.558 11.396  8.316  9.668  8.297 10.997 11.573 14.945 16.564 17.177 13.615 12.877 10.686  9.865  8.742  6.528  5.019  5.383  3.870  0.000  3.847  5.397  4.982  5.647  7.000  6.663  8.379  8.000 11.589 11.283  9.086 11.145 10.635 13.893 15.746 19.404 19.995 19.051 16.390 14.717 15.662 13.473 16.015 16.689 15.875 15.165 18.887 20.013 19.002 20.311 17.296 18.458 17.442 16.517 15.845 14.053 12.026 11.949  9.651 12.060 11.826 14.595 16.462 18.563 20.727 22.107
 18.855 17.148 15.524 14.838 12.519 14.245 12.760 14.841 17.143 17.835 15.117 14.599 11.647 13.138 11.672 13.915 14.306 17.431 19.232 19.232 15.480 14.398 12.473 10.468  9.639  8.842  6.304  4.905  5.318  3.847  0.000  3.824  5.594  5.607  4.565  4.727  5.737  6.644 10.191 10.312  9.413 12.379 12.922 16.488 18.797 22.483 22.682 21.428 18.386 16.769 16.998 14.301 16.749 18.206 17.888 17.862 21.533 22.366 21.706 23.339 20.587 21.940 21.031 20.286 19.617 17.795 15.526 15.019 12.121 13.633 12.328 14.421 15.785 17.708 19.885 21.384
 17.945 16.371 15.555 15.191 13.652 15.679 14.608 16.811 18.584 18.948 15.777 14.960 11.591 12.398 10.841 12.616 13.655 16.911 19.366 19.530 15.881 15.668 14.444 12.625 10.669 10.105  8.839  6.447  5.084  5.397  3.824  0.000  3.861  6.034  5.717  7.850  9.216 10.247 13.848 14.087 13.088 15.821 15.823 19.210 21.047 24.712 25.345 24.265 21.417 19.508 19.828 16.985 18.941 20.172 19.246 19.012 22.484 23.867 23.431 24.566 21.636 22.400 20.942 20.232 20.284 18.851 17.224 17.240 14.815 16.803 15.745 18.054 19.242 21.076 23.179 24.555
 16.987 14.725 13.767 12.721 11.264 12.908 11.944 14.168 15.535 15.615 12.269 11.525  8.293  9.576  9.094 11.679 13.525 17.170 19.520 20.404 16.952 16.971 15.314 14.338 12.464 10.714  9.816  8.763  6.223  4.982  5.594  3.861  0.000  3.822  6.019  8.210 10.867 11.915 15.419 14.799 13.265 15.687 15.230 18.206 19.817 23.311 24.057 23.533 21.104 19.565 20.605 18.304 20.603 21.278 20.065 19.111 22.647 24.260 23.301 24.127 20.839 21.276 19.471 18.136 18.332 16.600 15.433 15.339 13.274 15.597 14.985 17.874 19.073 20.986 23.080 24.338
 19.704 17.116 15.463 13.654 11.297 11.927  9.922 11.418 12.838 13.676 10.809 11.144  8.827 11.345 11.568 14.672 16.267 19.894 21.783 22.647 19.120 18.481 16.167 15.103 14.141 12.145 10.232  9.996  8.546  5.647  5.607  6.034  3.822  0.000  3.854  5.636  9.163 10.933 13.887 12.498 11.392 14.158 14.347 17.292 19.439 22.832 23.016 22.653 20.203 19.292 20.452 18.448 21.271 22.139 21.454 20.540 24.262 25.432 24.106 25.310 22.056 22.888 21.390 19.692 19.305 16.913 15.326 14.295 11.671 13.289 12.158 15.020 15.887 17.785 19.929 21.242
 22.152 19.963 18.327 16.880 14.316 15.034 12.675 13.736 15.403 16.808 14.288 14.821 12.467 14.747 14.315 17.005 18.084 21.461 23.364 23.631 19.915 18.862 16.680 14.779 14.171 13.077 10.429  9.431  9.309  7.000  4.565  5.717  6.019  3.854  0.000  3.824  6.634  9.407 12.064 11.110 11.105 14.489 15.507 18.833 21.400 24.907 24.755 23.939 21.067 20.091 20.592 18.187 20.930 22.435 22.224 21.947 25.684 26.514 25.522 27.122 24.159 25.349 24.147 22.818 22.234 19.915 17.854 16.630 13.477 14.362 12.348 14.413 14.900 16.657 18.831 20.301
 22.307 20.135 17.901 16.354 13.255 13.767 11.195 12.243 14.604 16.149 14.150 14.716 12.747 15.294 14.742 17.600 18.080 21.248 22.574 22.712 19.035 17.351 14.676 12.842 13.185 11.931  8.620  8.777  9.616  6.663  4.727  7.850  8.210  5.636  3.824  0.000  3.918  6.523  8.726  7.362  7.487 11.038 12.594 15.972 18.910 22.370 21.845 20.847 17.850 17.180 17.626 15.510 18.606 20.189 20.475 20.359 24.160 24.512 23.346 25.338 22.611 24.297 23.619 22.378 21.173 18.639 16.030 14.395 10.879 11.199  8.927 10.783 11.628 13.594 15.924 17.588
 23.413 21.749 19.512 18.518 15.466 16.388 14.101 15.268 17.963 19.490 17.642 17.889 15.718 17.827 16.573 18.931 18.688 21.395 22.506 22.007 18.317 16.130 13.679 11.104 12.117 11.864  8.174  7.986 10.304  8.379  5.737  9.216 10.867  9.163  6.634  3.918  0.000  3.908  5.652  5.805  7.012 10.648 12.813 16.427 19.543 23.049 22.348 20.735 17.342 16.417 16.030 13.535 16.426 18.612 19.446 20.045 23.720 23.643 22.903 25.287 23.012 25.096 24.862 24.147 22.711 20.471 17.467 16.024 12.440 12.325  9.831 10.565 11.591 13.391 15.637 17.437
 21.375 20.049 17.643 17.118 14.201 15.636 14.043 15.840 18.952 19.939 18.137 17.748 15.505 17.155 15.419 17.465 16.546 18.853 19.519 18.823 15.263 12.683 10.111  7.543  9.321  9.242  5.524  6.383  9.356  8.000  6.644 10.247 11.915 10.933  9.407  6.523  3.908  0.000  3.861  5.517  5.325  8.192 10.138 13.843 16.820 20.365 19.820 17.808 14.257 12.925 12.261  9.666 12.619 14.783 15.834 16.684 20.275 19.948 19.345 21.912 19.940 22.324 22.530 22.228 20.516 18.601 15.354 14.351 11.096 11.317  9.727 10.461 12.436 14.363 16.492 18.211
 24.613 23.300 20.617 19.911 16.735 17.644 15.739 16.946 20.183 21.562 20.307 20.307 18.530 20.456 18.912 21.020 19.875 21.914 22.131 21.213 17.890 14.807 12.101  9.685 12.337 12.429  8.871 10.081 13.165 11.589 10.191 13.848 15.419 13.887 12.064  8.726  5.652  3.861  0.000  3.837  5.598  8.033 11.056 14.389 17.746 20.982 19.802 17.562 13.915 13.265 12.148 10.116 13.196 15.697 17.532 18.702 22.125 21.169 20.492 23.482 21.900 24.668 25.280 24.979 22.851 20.748 17.215 15.694 12.337 11.392  9.299  8.626 10.512 12.180 14.162 16.021
 25.078 23.237 20.279 18.897 15.376 15.526 13.116 13.795 16.952 18.636 17.765 18.304 17.078 19.572 18.724 21.385 20.746 23.180 23.388 23.037 19.712 16.841 13.632 11.950 14.294 13.409  9.766 11.552 13.836 11.283 10.312 14.087 14.799 12.498 11.110  7.362  5.805  5.517  3.837  0.000  3.830  6.867 10.224 13.285 16.901 19.987 18.502 16.854 13.548 13.715 13.557 12.257 15.775 17.703 19.276 19.787 23.384 22.574 21.291 24.141 22.216 24.858 25.278 24.427 22.177 19.564 16.087 13.867 10.228  8.589  5.812  5.265  7.233  9.394 11.728 13.756
 21.721 19.810 16.697 15.351 11.877 12.315 10.497 11.981 15.384 16.392 15.378 15.385 14.182 16.479 15.646 18.359 17.678 20.135 20.170 20.195 16.992 14.304 10.787  9.949 12.148 10.523  7.256 10.038 11.752  9.086  9.413 13.088 13.265 11.392 11.105  7.487  7.012  5.325  5.598  3.830  0.000  3.815  6.586  9.868 13.342 16.602 15.519 13.994 10.779 10.710 11.287 10.287 14.009 15.270 16.431 16.481 20.148 19.567 18.020 20.674 18.572 21.154 21.596 20.729 18.399 15.841 12.327 10.342  6.840  6.152  4.997  6.400  9.260 11.574 13.783 15.448
 21.099 19.303 15.880 14.670 11.373 11.770 10.797 12.527 16.103 16.574 15.985 15.596 14.854 16.844 16.053 18.605 17.531 19.585 18.933 19.140 16.415 13.559  9.801 10.165 12.782 10.817  8.528 12.030 13.477 11.145 12.379 15.821 15.687 14.158 14.489 11.038 10.648  8.192  8.033  6.867  3.815  0.000  3.828  6.555 10.172 13.241 11.988 10.269  7.078  7.557  8.803  9.029 12.847 13.424 14.784 14.616 18.075 17.123 15.193 18.024 16.231 19.150 20.121 19.395 16.563 14.112 10.373  8.456  5.885  5.190  6.221  7.430 10.768 12.966 14.899 16.304
 17.901 16.091 12.545 11.536  8.652  9.631  9.905 12.471 15.916 15.509 14.717 13.564 12.874 14.347 13.576 15.998 14.879 16.848 15.961 16.705 14.294 11.937  8.181  9.864 11.846  9.157  8.174 12.007 12.607 10.635 12.922 15.823 15.230 14.347 15.507 12.594 12.813 10.138 11.056 10.224  6.586  3.828  0.000  3.788  6.855 10.332 10.002  8.571  5.967  5.713  8.299  8.977 12.434 11.990 12.577 11.642 15.118 14.579 12.276 14.727 12.645 15.464 16.475 15.780 12.837 10.594  6.818  5.813  4.751  6.278  8.733 10.800 13.986 16.141 17.980 19.203
 18.684 16.815 13.097 11.926  9.540  9.838 10.866 13.152 16.403 15.535 15.412 14.188 14.337 15.661 15.381 17.713 16.601 18.230 16.737 17.919 16.169 14.057 10.596 13.003 14.921 12.087 11.761 15.592 15.835 13.893 16.488 19.210 18.206 17.292 18.833 15.972 16.427 13.843 14.389 13.285  9.868  6.555  3.788  0.000  3.816  6.806  6.293  5.491  4.516  5.831  9.379 11.288 14.364 13.125 13.631 12.127 15.081 14.315 11.285 13.569 11.751 14.658 16.111 15.257 11.777  9.514  6.046  5.066  6.217  7.372 10.729 12.633 15.736 17.721 19.315 20.355
 16.976 15.317 11.738 11.064  9.844 10.545 12.691 15.275 18.161 16.551 16.387 14.513 14.852 15.426 15.214 17.092 15.880 17.066 15.106 16.826 15.779 14.308 11.461 14.617 16.006 13.053 13.777 17.461 17.174 15.746 18.797 21.047 19.817 19.439 21.400 18.910 19.543 16.820 17.746 16.901 13.342 10.172  6.855  3.816  0.000  3.852  5.526  5.576  6.475  6.952 10.769 12.971 15.342 13.194 12.978 10.705 13.080 12.645  9.136 10.706  8.920 11.699 13.522 12.861  9.116  7.641  5.229  6.280  8.935 10.805 14.318 16.398 19.426 21.330 22.817 23.742
 19.245 17.686 14.305 13.591 12.821 12.911 15.215 17.353 19.944 18.121 18.534 16.802 17.719 18.218 18.341 20.069 18.893 19.735 17.380 19.268 18.763 17.426 14.858 18.117 19.582 16.719 17.522 21.204 20.864 19.404 22.483 24.712 23.311 22.832 24.907 22.370 23.049 20.365 20.982 19.987 16.602 13.241 10.332  6.806  3.852  0.000  3.851  5.598  8.350  9.628 13.244 15.994 18.075 15.611 15.485 13.129 14.693 13.982 10.223 11.340 10.317 12.812 14.990 14.289 10.490  9.425  8.187  8.949 11.974 13.316 16.983 18.822 21.711 23.438 24.720 25.506
 22.318 20.571 16.972 15.779 14.171 13.593 15.043 16.536 19.295 18.083 18.965 17.924 19.021 20.174 20.387 22.491 21.343 22.428 20.211 21.688 20.801 18.877 15.880 18.655 20.683 17.949 17.968 21.787 21.911 19.995 22.682 25.345 24.057 23.016 24.755 21.845 22.348 19.820 19.802 18.502 15.519 11.988 10.002  6.293  5.526  3.851  0.000  3.826  6.990  9.682 13.054 16.045 18.560 16.676 17.320 15.551 17.417 16.146 12.584 14.442 13.591 16.349 18.426 17.522 13.712 11.920  9.911  9.191 11.487 11.711 15.252 16.571 19.359 20.947 22.087 22.877
 21.914 20.596 17.062 16.430 14.646 14.803 15.966 17.761 20.899 20.001 20.391 19.178 19.580 20.566 20.109 21.934 20.265 21.065 18.717 19.601 18.676 16.319 13.414 16.061 18.491 16.267 16.194 19.961 20.620 19.051 21.428 24.265 23.533 22.653 23.939 20.847 20.735 17.808 17.562 16.854 13.994 10.269  8.571  5.491  5.576  5.598  3.826  0.000  3.807  6.598  9.598 12.868 15.237 13.534 14.751 13.674 15.572 13.733 10.556 13.230 12.857 16.188 18.586 18.300 14.532 13.113 10.421 10.026 11.481 11.591 14.719 15.585 18.564 20.215 21.413 22.310
 21.164 19.920 16.410 15.897 13.651 14.233 14.840 16.795 20.210 19.737 19.672 18.541 18.347 19.475 18.593 20.458 18.651 19.642 17.675 18.061 16.591 13.791 10.608 12.757 15.525 13.625 13.079 16.780 17.899 16.390 18.386 21.417 21.104 20.203 21.067 17.850 17.342 14.257 13.915 13.548 10.779  7.078  5.967  4.516  6.475  8.350  6.990  3.807  0.000  3.844  6.521  9.491 12.303 11.304 12.965 12.536 15.014 13.144 10.578 13.763 13.106 16.610 18.745 18.613 15.087 13.504 10.139  9.508  9.778  9.756 12.335 13.018 16.176 17.978 19.378 20.420
 18.407 17.637 14.443 14.712 12.899 14.486 15.426 17.995 21.424 20.730 19.990 18.318 17.418 17.960 16.426 17.787 15.550 16.243 14.281 14.360 12.880 10.039  7.099  9.673 12.293 10.746 10.839 14.327 15.491 14.717 16.769 19.508 19.565 19.292 20.091 17.180 16.417 12.925 13.265 13.715 10.710  7.557  5.713  5.831  6.952  9.628  9.682  6.598  3.844  0.000  3.843  6.514  8.996  7.702  9.218  9.144 11.807 10.082  8.096 11.456 10.824 14.434 16.601 17.061 13.891 12.987  9.692 10.214 10.352 11.334 13.575 14.567 17.783 19.670 21.209 22.331
 20.080 19.794 16.956 17.615 15.769 17.602 18.119 20.583 24.115 23.768 22.809 21.223 19.858 20.306 18.244 19.222 16.571 16.879 15.023 14.096 12.550  9.070  6.816  8.338 11.605 11.284 11.045 13.962 15.931 15.662 16.998 19.828 20.605 20.452 20.592 17.626 16.030 12.261 12.148 13.557 11.287  8.803  8.299  9.379 10.769 13.244 13.054  9.598  6.521  3.843  0.000  3.834  5.932  5.821  8.706 10.172 12.501 10.208  9.574 13.220 13.196 16.823 19.046 19.960 17.096 16.450 13.147 13.586 12.980 13.522 14.918 15.216 18.314 20.046 21.527 22.729
 19.182 19.039 16.562 17.433 15.563 17.809 18.022 20.628 24.114 23.957 22.505 20.899 18.941 19.286 16.797 17.595 14.927 15.433 14.323 12.899 10.628  6.858  4.863  4.876  8.454  9.032  8.531 10.801 13.238 13.473 14.301 16.985 18.304 18.448 18.187 15.510 13.535  9.666 10.116 12.257 10.287  9.029  8.977 11.288 12.971 15.994 16.045 12.868  9.491  6.514  3.834  0.000  3.871  5.673  8.197 10.277 12.997 11.432 11.552 14.789 14.294 17.546 19.233 20.234 17.893 17.274 14.000 14.523 13.234 14.058 14.744 15.158 18.084 19.853 21.493 22.823
 19.323 19.925 17.980 19.540 18.245 20.872 21.424 24.212 27.646 27.278 25.636 23.695 21.489 21.257 18.338 18.357 15.162 14.761 13.406 11.118  9.554  5.966  6.320  6.377  9.072 10.686 11.104 12.553 14.939 16.015 16.749 18.941 20.603 21.271 20.930 18.606 16.426 12.619 13.196 15.775 14.009 12.847 12.434 14.364 15.342 18.075 18.560 15.237 12.303  8.996  5.932  3.871  0.000  3.810  6.798 10.028 11.840 10.050 11.421 14.455 14.687 17.813 19.746 21.415 19.374 19.450 16.561 17.683 16.759 17.832 18.564 18.901 21.729 23.376 24.925 26.232
 17.201 17.982 16.048 17.916 17.144 19.889 21.081 24.102 27.451 26.602 25.056 22.754 20.802 20.194 17.401 17.199 13.826 12.976 10.822  9.016  8.375  5.441  6.036  8.097 10.024 10.713 12.099 14.059 15.625 16.689 18.206 20.172 21.278 22.139 22.435 20.189 18.612 14.783 15.697 17.703 15.270 13.424 11.990 13.125 13.194 15.611 16.676 13.534 11.304  7.702  5.821  5.673  3.810  0.000  3.844  6.951  8.322  6.285  7.784 10.741 11.371 14.596 16.932 18.872 16.744 17.315 14.814 16.544 16.452 17.986 19.450 20.234 23.250 25.005 26.537 27.735
 13.589 14.750 13.305 15.756 15.723 18.888 20.588 23.933 27.038 25.770 23.925 21.199 19.078 17.857 14.900 14.162 10.615  9.340  6.994  5.524  5.397  4.119  5.896  8.707  9.151  9.450 11.951 13.653 14.344 15.875 17.888 19.246 20.065 21.454 22.224 20.475 19.446 15.834 17.532 19.276 16.431 14.784 12.577 13.631 12.978 15.485 17.320 14.751 12.965  9.218  8.706  8.197  6.798  3.844  0.000  3.823  5.264  5.103  6.880  8.639  8.835 11.515 13.625 15.938 14.336 15.533 13.695 16.160 16.533 18.786 20.525 21.920 24.935 26.814 28.454 29.619
 10.879 11.710 10.096 12.675 13.186 16.382 18.624 22.117 24.990 23.303 21.511 18.527 16.713 15.247 12.692 12.105  8.925  8.040  5.264  6.194  6.248  6.331  6.795 10.347 10.205  9.104 12.089 14.210 13.982 15.165 17.862 19.012 19.111 20.540 21.947 20.359 20.045 16.684 18.702 19.787 16.481 14.616 11.642 12.127 10.705 13.129 15.551 13.674 12.536  9.144 10.172 10.277 10.028  6.951  3.823  0.000  3.852  5.500  5.484  6.137  5.219  7.849 10.012 12.252 10.624 12.184 10.930 13.951 15.037 17.770 20.010 21.923 24.963 26.931 28.606 29.700
 11.879 13.544 12.611 15.534 16.546 19.663 22.156 25.629 28.429 26.532 24.835 21.693 20.020 18.180 15.658 14.429 11.128  8.995  5.261  5.957  8.067  8.836 10.216 13.535 13.314 12.727 15.806 17.669 17.426 18.887 21.533 22.484 22.647 24.262 25.684 24.160 23.720 20.275 22.125 23.384 20.148 18.075 15.118 15.081 13.080 14.693 17.417 15.572 15.014 11.807 12.501 12.997 11.840  8.322  5.264  3.852  0.000  3.867  5.397  4.583  5.850  7.819 10.645 13.644 12.347 14.654 13.970 17.171 18.610 21.260 23.639 25.418 28.495 30.395 31.981 33.021
 15.487 16.766 15.222 17.620 17.940 20.707 22.864 26.095 29.160 27.566 26.199 23.383 21.904 20.611 18.173 17.438 14.078 12.287  8.785  8.333  9.893  9.183 10.109 13.310 14.135 13.833 16.242 18.438 18.906 20.013 22.366 23.867 24.260 25.432 26.514 24.512 23.643 19.948 21.169 22.574 19.567 17.123 14.579 14.315 12.645 13.982 16.146 13.733 13.144 10.082 10.208 11.432 10.050  6.285  5.103  5.500  3.867  0.000  3.822  5.438  7.774 10.722 13.894 16.470 14.456 16.165 14.787 17.445 18.672 20.747 23.071 24.355 27.483 29.288 30.753 31.792
 15.226 15.717 13.546 15.379 15.552 17.921 20.243 23.358 26.350 24.635 23.604 20.907 19.934 18.975 17.118 17.046 14.199 13.226  9.856 10.588 11.382 10.431 10.014 13.649 14.699 13.437 15.601 18.389 18.567 19.002 21.706 23.431 23.301 24.106 25.522 23.346 22.903 19.345 20.492 21.291 18.020 15.193 12.276 11.285  9.136 10.223 12.584 10.556 10.578  8.096  9.574 11.552 11.421  7.784  6.880  5.484  5.397  3.822  0.000  3.852  5.603  9.187 12.535 14.458 11.822 13.199 11.825 14.419 16.118 18.189 20.917 22.400 25.550 27.381 28.828 29.805
 13.307 14.169 12.626 14.931 16.013 18.539 21.376 24.653 27.333 25.168 24.005 20.943 20.054 18.504 16.805 16.245 13.611 12.219  8.632 10.376 11.952 12.201 12.327 16.055 16.296 14.811 17.560 20.091 19.611 20.311 23.339 24.566 24.127 25.310 27.122 25.338 25.287 21.912 23.482 24.141 20.674 18.024 14.727 13.569 10.706 11.340 14.442 13.230 13.763 11.456 13.220 14.789 14.455 10.741  8.639  6.137  4.583  5.438  3.852  0.000  3.842  6.360 10.031 12.459 10.411 12.784 12.518 15.720 17.934 20.470 23.390 25.264 28.377 30.250 31.723 32.654
 10.560 10.741  8.877 11.137 12.447 15.124 18.122 21.536 24.050 21.764 20.412 17.237 16.335 14.746 13.284 13.078 10.944 10.452  7.596 10.243 10.877 11.405 10.952 14.709 14.514 12.356 15.216 17.787 16.802 17.296 20.587 21.636 20.839 22.056 24.159 22.611 23.012 19.940 21.900 22.216 18.572 16.231 12.645 11.751  8.920 10.317 13.591 12.857 13.106 10.824 13.196 14.294 14.687 11.371  8.835  5.219  5.850  7.774  5.603  3.842  0.000  3.836  7.032  8.997  6.872  9.294  9.341 12.872 15.189 18.140 21.082 23.373 26.401 28.359 29.946 30.890
  8.313  8.776  8.032 10.781 13.145 15.898 19.250 22.743 24.830 22.152 20.585 17.096 16.233 13.960 12.791 12.040 10.533  9.928  7.683 11.184 12.166 13.696 13.674 17.215 16.259 14.000 17.218 19.372 17.709 18.458 21.940 22.400 21.276 22.888 25.349 24.297 25.096 22.324 24.668 24.858 21.154 19.150 15.464 14.658 11.699 12.812 16.349 16.188 16.610 14.434 16.823 17.546 17.813 14.596 11.515  7.849  7.819 10.722  9.187  6.360  3.836  0.000  3.830  6.617  6.039  9.546 10.914 14.692 17.234 20.528 23.476 26.094 29.006 30.978 32.596 33.485
  5.671  5.596  5.989  8.994 12.133 15.006 18.443 21.989 23.687 20.826 18.889 15.195 14.180 11.361 10.536  9.611  9.191  9.376  8.603 12.396 12.833 14.898 14.851 18.008 16.388 13.887 17.195 18.935 16.607 17.442 21.031 20.942 19.471 21.390 24.147 23.619 24.862 22.530 25.280 25.278 21.596 20.121 16.475 16.111 13.522 14.990 18.426 18.586 18.745 16.601 19.046 19.233 19.746 16.932 13.625 10.012 10.645 13.894 12.535 10.031  7.032  3.830  0.000  3.865  5.599  9.112 11.233 14.984 17.381 20.981 23.737 26.702 29.449 31.476 33.178 34.070
  7.689  5.465  4.882  6.405  9.917 12.241 15.860 19.243 20.580 17.487 15.687 12.019 11.654  9.161  9.639  9.945 10.684 12.036 11.777 15.431 15.132 16.746 15.909 18.907 17.416 14.310 17.107 19.062 16.418 16.517 20.286 20.232 18.136 19.692 22.818 22.378 24.147 22.228 24.979 24.427 20.729 19.395 15.780 15.257 12.861 14.289 17.522 18.300 18.613 17.061 19.960 20.234 21.415 18.872 15.938 12.252 13.644 16.470 14.458 12.459  8.997  6.617  3.865  0.000  3.853  6.636  9.633 13.059 15.678 19.321 22.157 25.383 27.964 29.983 31.676 32.521
 10.022  7.956  5.442  6.045  8.454 10.488 14.134 17.458 19.229 16.338 15.055 11.708 11.744 10.282 10.617 11.632 11.585 12.895 11.820 15.151 14.697 15.485 14.053 17.333 16.606 13.310 15.722 18.318 16.259 15.845 19.617 20.284 18.332 19.305 22.234 21.173 22.711 20.516 22.851 22.177 18.399 16.563 12.837 11.777  9.116 10.490 13.712 14.532 15.087 13.891 17.096 17.893 19.374 16.744 14.336 10.624 12.347 14.456 11.822 10.411  6.872  6.039  5.599  3.853  0.000  3.830  6.552 10.112 13.115 16.537 19.675 22.709 25.435 27.427 29.068 29.919
 12.540  9.744  6.368  4.617  5.646  6.871 10.552 13.759 15.586 12.821 11.824  8.866  9.556  9.355 10.425 12.591 12.952 15.012 14.274 17.190 15.993 16.092 13.838 16.768 16.450 12.784 14.355 17.268 15.340 14.053 17.795 18.851 16.600 16.913 19.915 18.639 20.471 18.601 20.748 19.564 15.841 14.112 10.594  9.514  7.641  9.425 11.920 13.113 13.504 12.987 16.450 17.274 19.450 17.315 15.533 12.184 14.654 16.165 13.199 12.784  9.294  9.546  9.112  6.636  3.830  0.000  3.801  6.710  9.892 13.246 16.447 19.624 22.237 24.231 25.881 26.738
 13.894 11.428  7.643  6.075  4.746  6.164  9.012 12.297 14.863 12.875 11.938  9.579  9.715 10.336 10.637 13.091 12.834 14.971 14.100 16.336 14.657 13.934 11.091 13.864 14.203 10.580 11.535 14.869 13.643 12.026 15.526 17.224 15.433 15.326 17.854 16.030 17.467 15.354 17.215 16.087 12.327 10.373  6.818  6.046  5.229  8.187  9.911 10.421 10.139  9.692 13.147 14.000 16.561 14.814 13.695 10.930 13.970 14.787 11.825 12.518  9.341 10.914 11.233  9.633  6.552  3.801  0.000  3.836  6.725 10.034 13.250 16.231 19.032 21.085 22.811 23.789
 17.352 14.642 10.894  8.464  5.608  4.844  6.441  9.170 12.069 10.722 10.479  9.325 10.116 11.996 12.762 15.770 15.764 18.198 17.508 19.363 17.281 15.955 12.566 14.671 15.582 12.036 11.762 15.271 14.476 11.949 15.019 17.240 15.339 14.295 16.630 14.395 16.024 14.351 15.694 13.867 10.342  8.456  5.813  5.066  6.280  8.949  9.191 10.026  9.508 10.214 13.586 14.523 17.683 16.544 16.160 13.951 17.171 17.445 14.419 15.720 12.872 14.692 14.984 13.059 10.112  6.710  3.836  0.000  3.830  6.641 10.099 13.162 15.871 17.907 19.656 20.662
 18.746 16.116 12.547 10.225  6.574  5.987  5.284  7.796 11.200 10.976 10.380 10.000 10.046 12.549 12.934 16.160 16.152 18.868 18.619 19.905 17.249 15.482 11.838 12.989 14.179 10.942  9.532 12.945 12.696  9.651 12.121 14.815 13.274 11.671 13.477 10.879 12.440 11.096 12.337 10.228  6.840  5.885  4.751  6.217  8.935 11.974 11.487 11.481  9.778 10.352 12.980 13.234 16.759 16.452 16.533 15.037 18.610 18.672 16.118 17.934 15.189 17.234 17.381 15.678 13.115  9.892  6.725  3.830  0.000  3.839  6.619  9.902 12.621 14.802 16.791 18.009
 22.454 19.907 16.323 13.977 10.323  9.025  7.194  7.975 11.456 12.228 12.434 12.980 13.357 16.170 16.572 19.792 19.618 22.200 21.778 22.708 20.006 17.716 13.925 14.561 16.436 13.702 11.529 14.839 15.314 12.060 13.633 16.803 15.597 13.289 14.362 11.199 12.325 11.317 11.392  8.589  6.152  5.190  6.278  7.372 10.805 13.316 11.711 11.591  9.756 11.334 13.522 14.058 17.832 17.986 18.786 17.770 21.260 20.747 18.189 20.470 18.140 20.528 20.981 19.321 16.537 13.246 10.034  6.641  3.839  0.000  3.825  6.644  9.451 11.651 13.654 15.010
 24.508 22.022 18.678 16.411 12.645 11.533  8.773  8.797 12.025 13.727 13.667 14.753 14.670 17.727 17.936 21.182 21.103 23.845 23.814 24.345 21.286 18.813 15.131 14.794 16.741 14.550 11.578 14.261 15.239 11.826 12.328 15.745 14.985 12.158 12.348  8.927  9.831  9.727  9.299  5.812  4.997  6.221  8.733 10.729 14.318 16.983 15.252 14.719 12.335 13.575 14.918 14.744 18.564 19.450 20.525 20.010 23.639 23.071 20.917 23.390 21.082 23.476 23.737 22.157 19.675 16.447 13.250 10.099  6.619  3.825  0.000  3.817  6.366  8.854 11.189 12.913
 27.475 25.230 21.876 19.858 16.137 15.146 12.473 12.130 15.152 17.144 17.311 18.476 18.311 21.253 21.168 24.216 23.782 26.261 26.032 26.142 23.123 20.232 16.643 15.900 18.402 16.800 13.564 16.033 17.701 14.595 14.421 18.054 17.874 15.020 14.413 10.783 10.565 10.461  8.626  5.265  6.400  7.430 10.800 12.633 16.398 18.822 16.571 15.585 13.018 14.567 15.216 15.158 18.901 20.234 21.920 21.923 25.418 24.355 22.400 25.264 23.373 26.094 26.702 25.383 22.709 19.624 16.231 13.162  9.902  6.644  3.817  0.000  3.857  6.382  8.733 10.828
 30.056 27.685 24.451 22.249 18.523 17.261 14.235 13.289 15.757 18.217 18.515 20.151 20.096 23.244 23.373 26.521 26.323 28.947 28.920 29.009 25.885 23.067 19.584 18.548 20.869 19.401 16.026 18.029 19.658 16.462 15.785 19.242 19.073 15.887 14.900 11.628 11.591 12.436 10.512  7.233  9.260 10.768 13.986 15.736 19.426 21.711 19.359 18.564 16.176 17.783 18.314 18.084 21.729 23.250 24.935 24.963 28.495 27.483 25.550 28.377 26.401 29.006 29.449 27.964 25.435 22.237 19.032 15.871 12.621  9.451  6.366  3.857  0.000  3.831  6.594  9.134
 32.122 29.749 26.541 24.320 20.641 19.254 16.196 14.989 17.179 19.779 20.265 22.079 22.133 25.302 25.470 28.594 28.384 30.968 30.915 30.925 27.836 24.974 21.581 20.450 22.819 21.497 18.124 19.975 21.681 18.563 17.708 21.076 20.986 17.785 16.657 13.594 13.391 14.363 12.180  9.394 11.574 12.966 16.141 17.721 21.330 23.438 20.947 20.215 17.978 19.670 20.046 19.853 23.376 25.005 26.814 26.931 30.395 29.288 27.381 30.250 28.359 30.978 31.476 29.983 27.427 24.231 21.085 17.907 14.802 11.651  8.854  6.382  3.831  0.000  3.861  6.875
 33.963 31.594 28.366 26.140 22.541 21.051 18.094 16.739 18.657 21.283 21.975 23.865 24.073 27.221 27.443 30.542 30.294 32.806 32.655 32.649 29.649 26.741 23.397 22.311 24.749 23.481 20.195 22.045 23.773 20.727 19.885 23.179 23.080 19.929 18.831 15.924 15.637 16.492 14.162 11.728 13.783 14.899 17.980 19.315 22.817 24.720 22.087 21.413 19.378 21.209 21.527 21.493 24.925 26.537 28.454 28.606 31.981 30.753 28.828 31.723 29.946 32.596 33.178 31.676 29.068 25.881 22.811 19.656 16.791 13.654 11.189  8.733  6.594  3.861  0.000  3.814
