  0.000  3.833  6.732 10.301 13.226 16.711 19.667 23.301 24.882 22.425 19.752 16.028 13.810 10.311  8.276  5.505  5.456  5.860  7.623 10.806 10.730 13.715 14.483 16.785 14.151 12.385 16.001 16.557 13.830 15.675 18.857 17.969 17.093 19.818 22.256 22.387 23.495 21.448 24.606 25.042 21.665 21.055 17.853 18.619 16.862 19.131 22.196 21.750 21.162 18.467 20.047 19.196 19.368 17.242 13.643 10.907 11.889 15.481 15.150 13.256 10.471  8.398  5.667  7.623  9.921 12.560 13.873 17.332 18.668 22.360 24.412 27.369 30.096 31.680 33.566 34.840
  3.833  0.000  3.823  6.820 10.034 13.316 16.338 19.901 21.274 18.725 16.056 12.305 10.321  6.805  5.726  4.663  6.276  8.421 10.000 13.170 12.225 14.496 14.283 16.559 14.179 11.559 14.720 15.644 12.555 13.591 17.079 16.346 14.790 17.185 20.015 20.157 21.763 20.064 23.230 23.141 19.699 19.214 16.009 16.727 15.212 17.568 20.454 20.434 19.886 17.668 19.723 19.019 19.932 18.003 14.790 11.750 13.585 16.772 15.657 14.167 10.712  8.889  5.667  5.458  7.881  9.764 11.374 14.590 15.995 19.773 21.879 25.079 27.737 29.407 31.342 32.641
  6.732  3.823  0.000  3.821  6.701 10.075 13.218 16.861 18.584 16.148 13.772 10.106  8.488  6.013  5.389  6.404  7.086  9.561 10.232 13.246 11.837 13.156 12.055 14.621 12.976  9.729 12.495 14.240 11.543 11.742 15.479 15.567 13.879 15.577 18.396 17.940 19.546 17.692 20.567 20.203 16.606 15.807 12.472 13.010 11.639 14.187 16.860 16.910 16.377 14.480 16.900 16.571 18.009 16.094 13.372 10.167 12.682 15.252 13.505 12.649  8.892  8.141  6.057  4.882  5.343  6.399  7.589 10.843 12.435 16.203 18.556 21.744 24.508 26.266 28.197 29.503
 10.301  6.820  3.821  0.000  3.823  6.577  9.901 13.427 14.921 12.369 10.118  6.487  5.776  4.735  6.253  8.869 10.239 13.139 13.792 16.583 14.740 15.382 13.444 15.721 14.542 10.847 12.602 14.699 11.983 10.976 14.793 15.202 12.820 13.768 16.946 16.406 18.569 17.211 19.911 18.869 15.320 14.680 11.567 11.950 11.117 13.583 15.795 16.413 15.960 14.843 17.649 17.527 19.640 18.044 15.892 12.827 15.685 17.741 15.448 15.058 11.268 10.907  9.067  6.435  6.058  4.740  6.101  8.492 10.181 13.930 16.348 19.787 22.422 24.270 26.228 27.546
 13.226 10.034  6.701  3.823  0.000  3.828  6.582 10.302 12.394 10.510  8.379  5.639  5.038  6.376  7.530 10.839 11.734 14.815 15.322 17.507 15.099 14.842 12.153 14.010 13.518  9.682 10.334 12.917 10.810  8.784 12.453 13.661 11.367 11.421 14.362 13.282 15.482 14.265 16.699 15.316 11.813 11.351  8.657  9.547  9.893 12.809 14.184 14.620 13.669 12.981 15.753 15.616 18.301 17.229 15.809 13.293 16.657 18.025 15.594 16.119 12.573 13.265 12.195  9.939  8.437  5.760  4.757  5.628  6.508 10.247 12.555 16.033 18.664 20.571 22.600 24.006
 16.711 13.316 10.075  6.577  3.828  0.000  3.837  7.161  9.079  7.097  5.928  4.632  6.363  8.907 10.952 14.419 15.537 18.599 18.923 21.124 18.727 18.115 15.055 16.728 16.726 12.956 12.788 15.527 13.715 10.924 14.142 15.674 12.987 12.017 15.035 13.736 16.343 15.654 17.560 15.415 12.215 11.723  9.626  9.842 10.641 12.928 13.646 14.809 14.225 14.535 17.570 17.846 20.907 19.961 18.968 16.492 19.790 20.800 17.977 18.668 15.274 16.008 15.084 12.299 10.528  6.972  6.168  4.851  5.905  8.926 11.409 15.002 17.420 19.405 21.366 22.714
 19.667 16.338 13.218  9.901  6.582  3.837  0.000  3.850  6.537  6.235  5.366  6.316  7.681 11.105 12.933 16.620 17.733 20.975 21.499 23.251 20.447 19.381 16.054 16.979 17.330 13.849 12.617 15.190 13.892 10.428 12.862 14.826 12.226 10.210 12.854 11.325 14.196 14.201 15.772 13.095 10.506 10.819  9.980 10.886 12.779 15.187 15.045 15.961 14.831 15.514 18.153 18.166 21.568 21.244 20.757 18.809 22.346 23.015 20.337 21.535 18.316 19.418 18.580 15.952 14.179 10.644  9.050  6.455  5.310  7.088  8.675 12.338 14.426 16.411 18.456 19.922
 23.301 19.901 16.861 13.427 10.302  7.161  3.850  0.000  3.863  5.550  6.319  8.883 10.770 14.377 16.433 20.159 21.389 24.660 25.172 26.842 23.974 22.695 19.244 19.875 20.490 17.206 15.499 17.908 16.901 13.224 14.957 17.028 14.412 11.678 13.922 12.393 15.392 16.036 17.050 13.845 12.072 12.646 12.618 13.260 15.445 17.412 16.662 17.874 16.868 18.133 20.680 20.821 24.398 24.304 24.125 22.315 25.841 26.283 23.497 24.846 21.749 22.897 22.104 19.307 17.507 13.840 12.363  9.264  7.945  8.025  8.825 12.075 13.557 15.452 17.335 18.718
 24.882 21.274 18.584 14.921 12.394  9.079  6.537  3.863  0.000  3.840  5.729  9.268 11.772 15.347 17.980 21.716 23.445 26.861 27.614 29.524 26.699 25.738 22.428 23.061 23.330 19.978 18.474 20.544 19.125 15.531 17.196 18.723 15.687 13.016 15.539 14.722 18.065 19.120 20.295 17.041 15.496 16.250 16.070 16.532 18.339 20.014 19.466 21.045 20.312 21.565 24.206 24.283 27.801 27.620 27.186 25.146 28.598 29.313 26.466 27.489 24.218 24.924 23.736 20.587 19.249 15.631 14.900 12.167 11.343 11.600 12.152 15.215 16.223 17.947 19.628 20.830
 22.425 18.725 16.148 12.369 10.510  7.097  6.235  5.550  3.840  0.000  3.809  6.746 10.017 13.165 16.181 19.783 21.673 24.996 25.677 27.958 25.432 24.858 21.731 22.878 22.834 19.223 18.413 20.617 18.708 15.445 17.810 18.998 15.693 13.768 16.860 16.201 19.538 20.074 21.630 18.684 16.477 16.722 15.690 15.721 16.808 18.281 18.342 20.213 19.900 20.924 23.890 24.136 27.443 26.799 25.954 23.507 26.752 27.770 24.813 25.392 21.993 22.295 20.927 17.565 16.452 12.944 12.978 10.892 11.131 12.381 13.816 17.182 18.652 20.476 22.203 23.381
 19.752 16.056 13.772 10.118  8.379  5.928  5.366  6.319  5.729  3.809  0.000  3.833  6.600  9.950 12.970 16.619 18.751 22.252 23.341 25.538 22.866 22.579 19.711 20.658 20.157 16.603 15.992 17.799 15.550 12.478 14.967 15.736 12.279 10.794 14.225 14.057 17.530 18.098 20.189 17.616 15.261 15.941 14.736 15.453 16.519 18.589 19.072 20.437 19.680 20.054 22.776 22.530 25.666 25.133 24.012 21.641 24.984 26.312 23.686 24.167 20.590 20.746 19.022 15.813 15.157 11.958 11.970 10.523 10.339 12.355 13.523 17.134 18.747 20.548 22.463 23.783
 16.028 12.305 10.106  6.487  5.639  4.632  6.316  8.883  9.268  6.746  3.833  0.000  3.819  6.511  9.721 13.230 15.408 18.824 19.928 22.351 19.916 20.037 17.492 18.849 17.967 14.282 14.488 16.318 13.654 11.202 14.366 14.818 11.450 11.068 14.702 14.577 17.733 17.654 20.138 18.111 15.211 15.505 13.534 14.203 14.624 16.860 18.019 19.199 18.540 18.366 21.156 20.875 23.679 22.793 21.249 18.623 21.811 23.469 20.966 21.087 17.392 17.248 15.318 12.148 11.811  9.025  9.599  9.348  9.895 12.859 14.569 18.273 20.319 22.165 24.143 25.484
 13.810 10.321  8.488  5.776  5.038  6.363  7.681 10.770 11.772 10.017  6.600  3.819  0.000  3.844  6.444 10.128 12.403 16.037 17.618 19.737 17.050 17.393 15.197 16.202 14.833 11.342 11.793 13.095 10.109  8.119 11.428 11.455  8.249  8.797 12.395 12.654 15.596 15.411 18.369 16.905 14.011 14.754 12.829 14.334 14.905 17.733 19.062 19.546 18.324 17.446 19.758 18.882 21.443 20.802 19.082 16.765 20.081 21.939 19.940 20.144 16.442 16.389 14.292 11.766 11.796  9.726  9.739 10.149  9.952 13.237 14.502 18.124 20.238 21.998 24.089 25.540
 10.311  6.805  6.013  4.735  6.376  8.907 11.105 14.377 15.347 13.165  9.950  6.511  3.844  0.000  3.818  6.926  9.718 13.249 15.125 17.561 15.286 16.421 14.946 16.320 14.301 11.002 12.622 13.550 10.094  9.521 13.004 12.335  9.612 11.391 14.772 15.283 17.784 17.113 20.338 19.441 16.334 16.741 14.269 15.598 15.386 18.143 20.122 20.454 19.423 17.966 20.191 19.221 21.211 20.175 17.840 15.259 18.193 20.598 18.919 18.520 14.767 14.060 11.425  9.217 10.258  9.444 10.293 11.968 12.430 16.037 17.576 21.089 23.381 25.093 27.143 28.544
  8.276  5.726  5.389  6.253  7.530 10.952 12.933 16.433 17.980 16.181 12.970  9.721  6.444  3.818  0.000  3.810  6.218  9.940 12.184 14.222 11.770 13.186 12.268 13.485 11.006  8.101 10.431 10.935  7.460  8.196 11.581 10.785  9.149 11.636 14.359 14.770 16.578 15.416 18.842 18.640 15.550 15.997 13.545 15.371 15.198 18.318 20.369 20.029 18.596 16.487 18.175 16.769 18.333 17.421 14.916 12.735 15.692 18.193 17.098 16.852 13.340 12.974 10.649  9.714 10.609 10.572 10.671 12.796 12.874 16.479 17.824 21.043 23.457 25.073 27.132 28.574
  5.505  4.663  6.404  8.869 10.839 14.419 16.620 20.159 21.716 19.783 16.619 13.230 10.128  6.926  3.810  0.000  3.826  7.142 10.080 12.145 10.285 12.704 12.888 14.204 11.147  9.188 12.308 12.231  8.977 10.963 13.913 12.634 11.775 14.771 17.111 17.684 19.010 17.522 21.009 21.347 18.298 18.561 15.959 17.672 17.009 19.986 22.411 21.806 20.458 17.852 19.176 17.600 18.395 17.239 14.189 12.126 14.429 17.436 16.987 16.228 13.049 12.171  9.646  9.915 11.538 12.652 13.082 15.766 16.089 19.692 21.081 24.107 26.581 28.105 30.104 31.501
  5.456  6.276  7.086 10.239 11.734 15.537 17.733 21.389 23.445 21.673 18.751 15.408 12.403  9.718  6.218  3.826  0.000  3.824  6.688  8.397  6.589  9.329 10.179 11.790  8.828  7.510 11.195 11.354  9.040 11.485 14.251 13.608 13.564 16.315 18.114 18.098 18.710 16.548 19.807 20.656 17.567 17.433 14.786 16.518 15.748 18.793 21.217 20.091 18.613 15.574 16.484 14.879 15.162 13.834 10.618  8.913 11.114 14.062 14.119 13.584 10.902 10.710  9.251 10.659 11.475 12.999 12.806 15.723 16.038 19.472 20.955 23.629 26.269 27.740 29.672 31.046
  5.860  8.421  9.561 13.139 14.815 18.599 20.975 24.660 26.861 24.996 22.252 18.824 16.037 13.249  9.940  7.142  3.824  0.000  3.874  5.473  5.417  8.995 10.982 12.877 10.173  9.843 13.642 13.796 12.172 14.845 17.363 16.839 17.189 19.928 21.468 21.245 21.398 18.834 21.822 23.077 20.012 19.472 16.734 18.128 16.904 19.626 22.272 20.861 19.593 16.242 16.774 15.350 14.724 12.941  9.302  7.968  8.933 12.233 13.115 12.155 10.363 10.105  9.429 12.010 12.792 15.048 14.941 18.146 18.744 22.048 23.690 26.101 28.835 30.237 32.063 33.358
  7.623 10.000 10.232 13.792 15.322 18.923 21.499 25.172 27.614 25.677 23.341 19.928 17.618 15.125 12.184 10.080  6.688  3.874  0.000  3.840  5.544  8.331 10.299 12.987 11.279 10.833 14.512 15.460 14.391 16.564 19.237 19.370 19.655 21.940 23.450 22.647 22.564 19.560 22.077 23.352 20.132 18.902 15.940 16.734 15.046 17.385 20.146 18.582 17.696 14.326 14.941 14.249 13.323 10.741  6.924  5.209  5.164  8.689  9.766  8.606  7.603  7.996  8.805 11.918 11.890 14.465 14.225 17.592 18.623 21.747 23.769 25.966 28.867 30.299 32.020 33.231
 10.806 13.170 13.246 16.583 17.507 21.124 23.251 26.842 29.524 27.958 25.538 22.351 19.737 17.561 14.222 12.145  8.397  5.473  3.840  0.000  3.837  6.527  9.646 11.617 10.075 10.933 14.294 14.784 14.537 17.104 19.153 19.409 20.411 22.692 23.604 22.704 22.001 18.806 21.133 22.979 20.141 19.118 16.703 17.971 16.832 19.376 21.704 19.560 18.158 14.479 14.092 12.849 11.083  9.024  5.546  6.242  6.039  8.421 10.664 10.514 10.364 11.541 12.587 15.547 15.223 17.385 16.477 19.455 19.905 22.672 24.282 26.069 28.872 30.134 31.787 32.999
 10.730 12.225 11.837 14.740 15.099 18.727 20.447 23.974 26.699 25.432 22.866 19.916 17.050 15.286 11.770 10.285  6.589  5.417  5.544  3.837  0.000  3.838  6.824  8.280  6.301  7.359 10.650 10.968 10.889 13.507 15.375 15.749 16.933 19.123 19.855 18.983 18.272 15.199 17.764 19.594 16.870 16.314 14.214 16.136 15.700 18.774 20.730 18.552 16.596 12.924 12.469 10.526  9.510  8.371  5.401  6.263  8.119  9.947 11.390 12.031 10.953 12.471 12.982 15.190 14.679 16.117 14.714 17.289 17.168 19.879 21.143 22.969 25.680 26.941 28.689 29.999
 13.715 14.496 13.156 15.382 14.842 18.115 19.381 22.695 25.738 24.858 22.579 20.037 17.393 16.421 13.186 12.704  9.329  8.995  8.331  6.527  3.838  0.000  3.831  5.241  5.128  6.543  8.831  9.844 10.888 12.834 14.354 15.610 17.012 18.538 18.840 17.332 16.124 12.658 14.706 16.751 14.208 13.461 11.855 14.016 14.211 17.421 18.783 16.179 13.770 10.051  8.960  6.740  5.917  5.432  4.122  6.339  8.874  9.223 10.423 12.260 11.484 13.950 15.017 16.785 15.443 16.203 13.989 15.959 15.418 17.597 18.692 20.097 22.820 24.029 25.711 27.020
 14.483 14.283 12.055 13.444 12.153 15.055 16.054 19.244 22.428 21.731 19.711 17.492 15.197 14.946 12.268 12.888 10.179 10.982 10.299  9.646  6.824  3.831  0.000  3.847  5.380  4.960  6.317  8.687  9.854 10.678 12.461 14.437 15.398 16.265 16.688 14.683 13.708 10.145 12.032 13.564 10.708  9.705  8.093 10.547 11.361 14.838 15.782 13.273 10.566  7.101  6.700  4.804  6.335  6.080  5.944  6.835 10.272 10.161 10.009 12.389 11.047 13.883 14.940 15.926 13.989 13.931 11.138 12.563 11.781 13.810 15.026 16.525 19.374 20.745 22.512 23.886
 16.785 16.559 14.621 15.721 14.010 16.728 16.979 19.875 23.061 22.878 20.658 18.849 16.202 16.320 13.485 14.204 11.790 12.877 12.987 11.617  8.280  5.241  3.847  0.000  3.850  5.420  5.063  6.302  8.807  9.892 10.486 12.623 14.412 15.190 14.784 12.859 11.147  7.562  9.624 11.899  9.887 10.087  9.816 12.995 14.556 18.125 18.600 15.968 12.739  9.692  8.239  4.795  6.387  8.127  8.716 10.369 13.564 13.348 13.652 16.113 14.804 17.438 18.109 18.936 17.278 16.881 13.925 14.694 12.963 14.462 14.702 15.793 18.304 19.446 21.230 22.705
 14.151 14.179 12.976 14.542 13.518 16.726 17.330 20.490 23.330 22.834 20.157 17.967 14.833 14.301 11.006 11.147  8.828 10.173 11.279 10.075  6.301  5.128  5.380  3.850  0.000  3.860  5.381  4.931  6.355  8.781  9.672 10.677 12.562 14.251 14.223 13.241 12.174  9.324 12.280 14.250 12.089 12.715 11.805 14.913 15.941 19.576 20.626 18.383 15.509 12.312 11.486  8.348  9.025  9.996  9.099 10.188 13.292 14.119 14.658 16.316 14.576 16.496 16.504 17.466 16.563 16.591 14.273 15.624 14.161 16.349 16.658 18.301 20.714 21.885 23.761 25.251
 12.385 11.559  9.729 10.847  9.682 12.956 13.849 17.206 19.978 19.223 16.603 14.282 11.342 11.002  8.101  9.188  7.510  9.843 10.833 10.933  7.359  6.543  4.960  5.420  3.860  0.000  3.850  5.403  5.117  6.455  8.753 10.017 10.737 12.193 13.051 11.919 11.854  9.229 12.353 13.335 10.441 10.773  9.153 12.126 13.060 16.765 17.956 16.229 13.668 10.849 11.245  9.024 10.724 10.789  9.511  9.192 12.811 13.921 13.488 14.924 12.499 14.270 14.025 14.375 13.299 12.950 10.679 12.100 10.921 13.620 14.453 16.694 19.315 20.763 22.762 24.281
 16.001 14.720 12.495 12.602 10.334 12.788 12.617 15.499 18.474 18.413 15.992 14.488 11.793 12.622 10.431 12.308 11.195 13.642 14.512 14.294 10.650  8.831  6.317  5.063  5.381  3.850  0.000  3.844  5.399  5.031  6.249  8.809  9.872 10.293 10.394  8.600  8.156  5.498  8.768  9.663  7.154  8.467  8.183 11.811 13.801 17.570 17.983 16.170 13.096 10.918 10.995  8.533 11.152 12.178 12.012 12.178 15.892 16.330 15.654 17.675 15.369 17.469 17.330 17.177 15.714 14.517 11.632 11.827  9.525 11.430 11.460 13.432 15.893 17.315 19.407 21.063
 16.557 15.644 14.240 14.699 12.917 15.527 15.190 17.908 20.544 20.617 17.799 16.318 13.095 13.550 10.935 12.231 11.354 13.796 15.460 14.784 10.968  9.844  8.687  6.302  4.931  5.403  3.844  0.000  3.844  5.408  4.910  6.398  8.774 10.027  9.431  8.813  8.040  6.380 10.052 11.513  9.985 11.993 12.007 15.624 17.446 21.218 21.784 19.920 16.797 14.392 13.911 10.793 12.596 14.107 13.658 14.233 17.683 18.472 18.389 20.141 17.868 19.581 19.016 19.077 18.255 17.388 14.921 15.314 12.933 14.754 14.172 15.941 17.941 19.085 21.138 22.796
 13.830 12.555 11.543 11.983 10.810 13.715 13.892 16.901 19.125 18.708 15.550 13.654 10.109 10.094  7.460  8.977  9.040 12.172 14.391 14.537 10.889 10.888  9.854  8.807  6.355  5.117  5.399  3.844  0.000  3.856  5.342  5.126  6.307  8.635  9.407  9.701 10.377  9.355 13.118 13.776 11.655 13.386 12.535 15.784 17.079 20.781 21.827 20.490 17.839 15.485 15.808 13.174 14.918 15.598 14.280 13.927 17.363 18.853 18.471 19.569 16.788 17.833 16.622 16.375 16.127 15.395 13.614 14.456 12.619 15.184 15.118 17.579 19.658 20.979 23.093 24.710
 15.675 13.591 11.742 10.976  8.784 10.924 10.428 13.224 15.531 15.445 12.478 11.202  8.119  9.521  8.196 10.963 11.485 14.845 16.564 17.104 13.507 12.834 10.678  9.892  8.781  6.455  5.031  5.408  3.856  0.000  3.851  5.437  5.061  5.761  7.099  6.776  8.476  8.061 11.594 11.266  9.038 11.112 10.624 13.894 15.715 19.362 19.972 18.992 16.376 14.761 15.603 13.489 16.056 16.725 15.869 15.165 18.879 20.017 18.963 20.320 17.329 18.571 17.447 16.464 15.722 14.106 12.009 11.955  9.610 11.968 11.743 14.513 16.556 18.054 20.284 21.981
 18.857 17.079 15.479 14.793 12.453 14.142 12.862 14.957 17.196 17.810 14.967 14.366 11.428 13.004 11.581 13.913 14.251 17.363 19.237 19.153 15.375 14.354 12.461 10.486  9.672  8.753  6.249  4.910  5.342  3.851  0.000  3.841  5.560  5.579  4.580  4.778  5.805  6.633 10.170 10.253  9.324 12.309 12.888 16.475 18.756 22.438 22.647 21.363 18.347 16.791 16.925 14.300 16.792 18.242 17.880 17.862 21.529 22.376 21.672 23.356 20.631 22.079 21.057 20.246 19.500 17.842 15.501 14.997 12.053 13.495 12.189 14.290 15.794 16.997 19.223 20.999
 17.969 16.346 15.567 15.202 13.661 15.674 14.826 17.028 18.723 18.998 15.736 14.818 11.455 12.335 10.785 12.634 13.608 16.839 19.370 19.409 15.749 15.610 14.437 12.623 10.677 10.017  8.809  6.398  5.126  5.437  3.841  0.000  3.844  6.055  5.822  7.950  9.271 10.212 13.817 14.050 13.034 15.791 15.830 19.242 21.049 24.712 25.357 24.231 21.415 19.555 19.749 16.954 18.944 20.179 19.214 19.007 22.463 23.859 23.396 24.586 21.688 22.571 21.005 20.248 20.222 18.967 17.258 17.292 14.812 16.736 15.671 17.973 19.339 20.445 22.585 24.255
 17.093 14.790 13.879 12.820 11.367 12.987 12.226 14.412 15.687 15.693 12.279 11.450  8.249  9.612  9.149 11.775 13.564 17.189 19.655 20.411 16.933 17.012 15.398 14.412 12.562 10.737  9.872  8.774  6.307  5.061  5.560  3.844  0.000  3.839  6.071  8.283 10.895 11.927 15.403 14.771 13.250 15.726 15.327 18.328 19.937 23.407 24.172 23.598 21.191 19.712 20.620 18.367 20.691 21.389 20.151 19.230 22.752 24.367 23.382 24.269 21.009 21.538 19.634 18.258 18.388 16.813 15.560 15.478 13.341 15.590 14.943 17.808 19.254 20.577 22.759 24.395
 19.818 17.185 15.577 13.768 11.421 12.017 10.210 11.678 13.016 13.768 10.794 11.068  8.797 11.391 11.636 14.771 16.315 19.928 21.940 22.692 19.123 18.538 16.265 15.190 14.251 12.193 10.293 10.027  8.635  5.761  5.579  6.055  3.839  0.000  3.857  5.702  9.179 10.969 13.888 12.483 11.409 14.234 14.491 17.457 19.610 22.969 23.184 22.776 20.318 19.463 20.504 18.554 21.392 22.286 21.576 20.695 24.409 25.581 24.231 25.495 22.269 23.160 21.566 19.828 19.386 17.139 15.478 14.465 11.786 13.318 12.141 14.966 16.123 17.488 19.732 21.441
 22.256 20.015 18.396 16.946 14.362 15.035 12.854 13.922 15.539 16.860 14.225 14.702 12.395 14.772 14.359 17.111 18.114 21.468 23.450 23.604 19.855 18.840 16.688 14.784 14.223 13.051 10.394  9.431  9.407  7.099  4.580  5.822  6.071  3.857  0.000  3.822  6.578  9.335 11.978 10.998 11.021 14.446 15.532 18.884 21.451 24.939 24.801 23.943 21.055 20.137 20.528 18.185 20.962 22.485 22.254 22.013 25.746 26.571 25.549 27.216 24.292 25.569 24.279 22.905 22.239 20.064 17.914 16.692 13.489 14.274 12.227 14.258 14.975 16.048 18.286 20.077
 22.387 20.157 17.940 16.406 13.282 13.736 11.325 12.393 14.722 16.201 14.057 14.577 12.654 15.283 14.770 17.684 18.098 21.245 22.647 22.704 18.983 17.332 14.683 12.859 13.241 11.919  8.600  8.813  9.701  6.776  4.778  7.950  8.283  5.702  3.822  0.000  3.897  6.503  8.667  7.263  7.420 11.002 12.623 16.021 18.954 22.397 21.883 20.852 17.833 17.222 17.579 15.537 18.660 20.256 20.517 20.427 24.227 24.576 23.379 25.431 22.741 24.491 23.724 22.432 21.150 18.759 16.076 14.438 10.890 11.101  8.797 10.628 11.658 12.949 15.354 17.303
 23.495 21.763 19.546 18.569 15.482 16.343 14.196 15.392 18.065 19.538 17.530 17.733 15.596 17.784 16.578 19.010 18.710 21.398 22.564 22.001 18.272 16.124 13.708 11.147 12.174 11.854  8.156  8.040 10.377  8.476  5.805  9.271 10.895  9.179  6.578  3.897  0.000  3.898  5.643  5.756  6.997 10.631 12.849 16.488 19.581 23.096 22.390 20.756 17.347 16.474 16.015 13.593 16.517 18.704 19.500 20.116 23.794 23.727 22.954 25.388 23.147 25.304 24.965 24.188 22.676 20.586 17.522 16.065 12.459 12.239  9.726 10.440 11.461 12.428 14.686 16.664
 21.448 20.064 17.692 17.211 14.265 15.654 14.201 16.036 19.120 20.074 18.098 17.654 15.411 17.113 15.416 17.522 16.548 18.834 19.560 18.806 15.199 12.658 10.145  7.562  9.324  9.229  5.498  6.380  9.355  8.061  6.633 10.212 11.927 10.969  9.335  6.503  3.898  0.000  3.842  5.520  5.366  8.243 10.229 13.971 16.908 20.481 19.924 17.884 14.335 13.033 12.279  9.735 12.707 14.884 15.892 16.767 20.360 20.053 19.433 22.044 20.107 22.562 22.650 22.290 20.515 18.767 15.472 14.459 11.180 11.309  9.701 10.418 12.285 13.405 15.521 17.375
 24.606 23.230 20.567 19.911 16.699 17.560 15.772 17.050 20.295 21.630 20.189 20.138 18.369 20.338 18.842 21.009 19.807 21.822 22.077 21.133 17.764 14.706 12.032  9.624 12.280 12.353  8.768 10.052 13.118 11.594 10.170 13.817 15.403 13.888 11.978  8.667  5.643  3.842  0.000  3.840  5.584  7.998 11.034 14.406 17.725 21.001 19.805 17.552 13.880 13.246 12.088 10.115 13.222 15.718 17.506 18.687 22.125 21.189 20.488 23.518 21.967 24.789 25.297 24.938 22.744 20.792 17.218 15.686 12.330 11.309  9.234  8.561 10.185 11.062 13.016 14.934
 25.042 23.141 20.203 18.869 15.316 15.415 13.095 13.845 17.041 18.684 17.616 18.111 16.905 19.441 18.640 21.347 20.656 23.077 23.352 22.979 19.594 16.751 13.564 11.899 14.250 13.335  9.663 11.513 13.776 11.266 10.253 14.050 14.771 12.483 10.998  7.263  5.756  5.520  3.840  0.000  3.837  6.847 10.217 13.309 16.906 20.009 18.532 16.880 13.519 13.706 13.522 12.294 15.820 17.748 19.271 19.791 23.404 22.614 21.305 24.189 22.292 24.955 25.279 24.371 22.066 19.586 16.070 13.844 10.218  8.519  5.756  5.216  7.049  8.580 11.003 13.172
 21.665 19.699 16.606 15.320 11.813 12.215 10.506 12.072 15.496 16.477 15.261 15.211 14.011 16.334 15.550 18.298 17.567 20.012 20.132 20.141 16.870 14.208 10.708  9.887 12.089 10.441  7.154  9.985 11.655  9.038  9.324 13.034 13.250 11.409 11.021  7.420  6.997  5.366  5.584  3.837  0.000  3.816  6.592  9.911 13.359 16.636 15.565 14.030 10.778 10.725 11.257 10.332 14.051 15.317 16.430 16.487 20.171 19.608 18.034 20.725 18.649 21.244 21.587 20.666 18.285 15.866 12.316 10.336  6.837  6.088  4.950  6.371  9.191 11.035 13.348 15.245
 21.055 19.214 15.807 14.680 11.351 11.723 10.819 12.646 16.250 16.722 15.941 15.505 14.754 16.741 15.997 18.561 17.433 19.472 18.902 19.118 16.314 13.461  9.705 10.087 12.715 10.773  8.467 11.993 13.386 11.112 12.309 15.791 15.726 14.234 14.446 11.002 10.631  8.243  7.998  6.847  3.816  0.000  3.827  6.606 10.206 13.293 12.039 10.304  7.068  7.552  8.766  9.071 12.866 13.463 14.791 14.631 18.114 17.170 15.218 18.091 16.325 19.235 20.122 19.351 16.475 14.152 10.387  8.471  5.914  5.174  6.218  7.413 10.653 12.555 14.567 16.179
 17.853 16.009 12.472 11.567  8.657  9.626  9.980 12.618 16.070 15.690 14.736 13.534 12.829 14.269 13.545 15.959 14.786 16.734 15.940 16.703 14.214 11.855  8.093  9.816 11.805  9.153  8.183 12.007 12.535 10.624 12.888 15.830 15.327 14.491 15.532 12.623 12.849 10.229 11.034 10.217  6.592  3.827  0.000  3.822  6.864 10.349 10.011  8.550  5.953  5.722  8.252  9.021 12.445 12.019 12.587 11.656 15.148 14.605 12.273 14.771 12.723 15.526 16.467 15.736 12.744 10.641  6.846  5.849  4.782  6.279  8.740 10.786 13.981 15.873 17.787 19.227
 18.619 16.727 13.010 11.950  9.547  9.842 10.886 13.260 16.532 15.721 15.453 14.203 14.334 15.598 15.371 17.672 16.518 18.128 16.734 17.971 16.136 14.016 10.547 12.995 14.913 12.126 11.811 15.624 15.784 13.894 16.475 19.242 18.328 17.457 18.884 16.021 16.488 13.971 14.406 13.309  9.911  6.606  3.822  0.000  3.825  6.785  6.269  5.467  4.525  5.849  9.390 11.376 14.406 13.179 13.675 12.160 15.135 14.357 11.296 13.612 11.820 14.655 16.070 15.187 11.677  9.501  6.048  5.071  6.249  7.415 10.766 12.655 15.792 17.699 19.385 20.602
 16.862 15.212 11.639 11.117  9.893 10.641 12.779 15.445 18.339 16.808 16.519 14.624 14.905 15.386 15.198 17.009 15.748 16.904 15.046 16.832 15.700 14.211 11.361 14.556 15.941 13.060 13.801 17.446 17.079 15.715 18.756 21.049 19.937 19.610 21.451 18.954 19.581 16.908 17.725 16.906 13.359 10.206  6.864  3.825  0.000  3.853  5.535  5.519  6.498  6.930 10.723 12.982 15.299 13.163 12.953 10.672 13.071 12.608  9.072 10.689  8.926 11.617 13.443 12.787  9.032  7.652  5.280  6.360  8.987 10.882 14.369 16.428 19.519 21.362 22.942 24.025
 19.131 17.568 14.187 13.583 12.809 12.928 15.187 17.412 20.014 18.281 18.589 16.860 17.733 18.143 18.318 19.986 18.793 19.626 17.385 19.376 18.774 17.421 14.838 18.125 19.576 16.765 17.570 21.218 20.781 19.362 22.438 24.712 23.407 22.969 24.939 22.397 23.096 20.481 21.001 20.009 16.636 13.293 10.349  6.785  3.853  0.000  3.849  5.618  8.419  9.675 13.320 16.096 18.134 15.689 15.564 13.180 14.782 14.058 10.280 11.395 10.358 12.677 14.878 14.162 10.378  9.313  8.164  8.934 11.982 13.373 17.021 18.850 21.812 23.608 24.978 25.879
 22.196 20.454 16.860 15.795 14.184 13.646 15.045 16.662 19.466 18.342 19.072 18.019 19.062 20.122 20.369 22.411 21.217 22.272 20.146 21.704 20.730 18.783 15.782 18.600 20.626 17.956 17.983 21.784 21.827 19.972 22.647 25.357 24.172 23.184 24.801 21.883 22.390 19.924 19.805 18.532 15.565 12.039 10.011  6.269  5.535  3.849  0.000  3.820  6.972  9.617 13.042 16.079 18.527 16.650 17.301 15.520 17.410 16.110 12.532 14.410 13.587 16.211 18.317 17.418 13.615 11.849  9.904  9.209 11.543 11.829 15.347 16.650 19.474 21.237 22.489 23.342
 21.750 20.434 16.910 16.413 14.620 14.809 15.961 17.874 21.045 20.213 20.437 19.199 19.546 20.454 20.029 21.806 20.091 20.861 18.582 19.560 18.552 16.179 13.273 15.968 18.383 16.229 16.170 19.920 20.490 18.992 21.363 24.231 23.598 22.776 23.943 20.852 20.756 17.884 17.552 16.880 14.030 10.304  8.550  5.467  5.519  5.618  3.820  0.000  3.825  6.493  9.575 12.883 15.182 13.478 14.685 13.585 15.514 13.664 10.470 13.162 12.812 16.045 18.444 18.160 14.389 13.042 10.399 10.022 11.510 11.678 14.794 15.668 18.604 20.255 21.511 22.415
 21.162 19.886 16.377 15.960 13.669 14.225 14.831 16.868 20.312 19.900 19.680 18.540 18.324 19.423 18.596 20.458 18.613 19.593 17.696 18.158 16.596 13.770 10.566 12.739 15.509 13.668 13.096 16.797 17.839 16.376 18.347 21.415 21.191 20.318 21.055 17.833 17.347 14.335 13.880 13.519 10.778  7.068  5.953  4.525  6.498  8.419  6.972  3.825  0.000  3.825  6.569  9.587 12.358 11.391 13.050 12.609 15.123 13.253 10.671 13.875 13.238 16.684 18.769 18.600 15.048 13.540 10.188  9.510  9.786  9.743 12.317 12.987 16.025 17.664 19.075 20.157
 18.467 17.668 14.480 14.843 12.981 14.535 15.514 18.133 21.565 20.924 20.054 18.366 17.446 17.966 16.487 17.852 15.574 16.242 14.326 14.479 12.924 10.051  7.101  9.692 12.312 10.849 10.918 14.392 15.485 14.761 16.791 19.555 19.712 19.463 20.137 17.222 16.474 13.033 13.246 13.706 10.725  7.552  5.722  5.849  6.930  9.675  9.617  6.493  3.825  0.000  3.836  6.605  9.045  7.788  9.318  9.239 11.920 10.181  8.170 11.566 10.978 14.582 16.683 17.102 13.884 13.092  9.802 10.266 10.387 11.321 13.563 14.530 17.618 19.156 20.669 21.825
 20.047 19.723 16.900 17.649 15.753 17.570 18.153 20.680 24.206 23.890 22.776 21.156 19.758 20.191 18.175 19.176 16.484 16.774 14.941 14.092 12.469  8.960  6.700  8.239 11.486 11.245 10.995 13.911 15.808 15.603 16.925 19.749 20.620 20.504 20.528 17.579 16.015 12.279 12.088 13.522 11.257  8.766  8.252  9.390 10.723 13.320 13.042  9.575  6.569  3.836  0.000  3.841  5.928  5.850  8.703 10.153 12.527 10.272  9.621 13.282 13.273 16.928 19.052 19.919 17.011 16.495 13.189 13.590 12.961 13.477 14.879 15.181 18.046 19.282 20.661 21.797
 19.196 19.019 16.571 17.527 15.616 17.846 18.166 20.821 24.283 24.136 22.530 20.875 18.882 19.221 16.769 17.600 14.879 15.350 14.249 12.849 10.526  6.740  4.804  4.795  8.348  9.024  8.533 10.793 13.174 13.489 14.300 16.954 18.367 18.554 18.185 15.537 13.593  9.735 10.115 12.294 10.332  9.071  9.021 11.376 12.982 16.096 16.079 12.883  9.587  6.605  3.841  0.000  3.853  5.694  8.179 10.273 13.008 11.477 11.594 14.855 14.398 17.722 19.294 20.248 17.854 17.400 14.114 14.611 13.293 14.075 14.768 15.179 17.870 18.983 20.505 21.795
 19.368 19.932 18.009 19.640 18.301 20.907 21.568 24.398 27.801 27.443 25.666 23.679 21.443 21.211 18.333 18.395 15.162 14.724 13.323 11.083  9.510  5.917  6.335  6.387  9.025 10.724 11.152 12.596 14.918 16.056 16.792 18.944 20.691 21.392 20.962 18.660 16.517 12.707 13.222 15.820 14.051 12.866 12.445 14.406 15.299 18.134 18.527 15.182 12.358  9.045  5.928  3.853  0.000  3.812  6.773 10.004 11.825 10.068 11.430 14.487 14.759 17.996 19.813 21.430 19.329 19.566 16.660 17.748 16.797 17.825 18.572 18.909 21.485 22.428 23.805 24.981
 17.242 18.003 16.094 18.044 17.229 19.961 21.244 24.304 27.620 26.799 25.133 22.793 20.802 20.175 17.421 17.239 13.834 12.941 10.741  9.024  8.371  5.432  6.080  8.127  9.996 10.789 12.178 14.107 15.598 16.725 18.242 20.179 21.389 22.286 22.485 20.256 18.704 14.884 15.718 17.748 15.317 13.463 12.019 13.179 13.163 15.689 16.650 13.478 11.391  7.788  5.850  5.694  3.812  0.000  3.835  6.936  8.317  6.304  7.800 10.781 11.450 14.777 17.004 18.902 16.727 17.448 14.941 16.632 16.506 18.006 19.476 20.256 23.081 24.230 25.643 26.761
 13.643 14.790 13.372 15.892 15.809 18.968 20.757 24.125 27.186 25.954 24.012 21.249 19.082 17.840 14.916 14.189 10.618  9.302  6.924  5.546  5.401  4.122  5.944  8.716  9.099  9.511 12.012 13.658 14.280 15.869 17.880 19.214 20.151 21.576 22.254 20.517 19.500 15.892 17.506 19.271 16.430 14.791 12.587 13.675 12.953 15.564 17.301 14.685 13.050  9.318  8.703  8.179  6.773  3.835  0.000  3.824  5.285  5.143  6.907  8.711  8.932 11.758 13.733 15.996 14.350 15.691 13.828 16.248 16.561 18.780 20.511 21.897 24.800 26.083 27.644 28.818
 10.907 11.750 10.167 12.827 13.293 16.492 18.809 22.315 25.146 23.507 21.641 18.623 16.765 15.259 12.735 12.126  8.913  7.968  5.209  6.242  6.263  6.339  6.835 10.369 10.188  9.192 12.178 14.233 13.927 15.165 17.862 19.007 19.230 20.695 22.013 20.427 20.116 16.767 18.687 19.791 16.487 14.631 11.656 12.160 10.672 13.180 15.520 13.585 12.609  9.239 10.153 10.273 10.004  6.936  3.824  0.000  3.853  5.481  5.453  6.175  5.307  8.076 10.108 12.311 10.646 12.351 11.072 14.046 15.069 17.777 20.009 21.913 24.931 26.412 28.066 29.248
 11.889 13.585 12.682 15.685 16.657 19.790 22.346 25.841 28.598 26.752 24.984 21.811 20.081 18.193 15.692 14.429 11.114  8.933  5.164  6.039  8.119  8.874 10.272 13.564 13.292 12.811 15.892 17.683 17.363 18.879 21.529 22.463 22.752 24.409 25.746 24.227 23.794 20.360 22.125 23.404 20.171 18.114 15.148 15.135 13.071 14.782 17.410 15.514 15.123 11.920 12.527 13.008 11.825  8.317  5.285  3.853  0.000  3.858  5.412  4.646  5.912  8.034 10.735 13.707 12.400 14.817 14.119 17.281 18.658 21.294 23.659 25.429 28.454 29.877 31.421 32.506
 15.481 16.772 15.252 17.741 18.025 20.800 23.015 26.283 29.313 27.770 26.312 23.469 21.939 20.598 18.193 17.436 14.062 12.233  8.689  8.421  9.947  9.223 10.161 13.348 14.119 13.921 16.330 18.472 18.853 20.017 22.376 23.859 24.367 25.581 26.571 24.576 23.727 20.053 21.189 22.614 19.608 17.170 14.605 14.357 12.608 14.058 16.110 13.664 13.253 10.181 10.272 11.477 10.068  6.304  5.143  5.481  3.858  0.000  3.834  5.450  7.805 10.840 13.928 16.482 14.455 16.275 14.906 17.528 18.716 20.782 23.103 24.386 27.398 28.734 30.126 31.129
 15.150 15.657 13.505 15.448 15.594 17.977 20.337 23.497 26.466 24.813 23.686 20.966 19.940 18.919 17.098 16.987 14.119 13.115  9.766 10.664 11.390 10.423 10.009 13.652 14.658 13.488 15.654 18.389 18.471 18.963 21.672 23.396 23.382 24.231 25.549 23.379 22.954 19.433 20.488 21.305 18.034 15.218 12.273 11.296  9.072 10.280 12.532 10.470 10.671  8.170  9.621 11.594 11.430  7.800  6.907  5.453  5.412  3.834  0.000  3.854  5.608  9.209 12.500 14.407 11.769 13.248 11.898 14.464 16.130 18.208 20.929 22.418 25.509 27.001 28.425 29.422
 13.256 14.167 12.649 15.058 16.119 18.668 21.535 24.846 27.489 25.392 24.167 21.087 20.144 18.520 16.852 16.228 13.584 12.155  8.606 10.514 12.031 12.260 12.389 16.113 16.316 14.924 17.675 20.141 19.569 20.320 23.356 24.586 24.269 25.495 27.216 25.431 25.388 22.044 23.518 24.189 20.725 18.091 14.771 13.612 10.689 11.395 14.410 13.162 13.875 11.566 13.282 14.855 14.487 10.781  8.711  6.175  4.646  5.450  3.854  0.000  3.842  6.371 10.020 12.457 10.433 12.885 12.644 15.817 17.989 20.531 23.441 25.311 28.415 29.970 31.448 32.443
 10.471 10.712  8.892 11.268 12.573 15.274 18.316 21.749 24.218 21.993 20.590 17.392 16.442 14.767 13.340 13.049 10.902 10.363  7.603 10.364 10.953 11.484 11.047 14.804 14.576 12.499 15.369 17.868 16.788 17.329 20.631 21.688 21.009 22.269 24.292 22.741 23.147 20.107 21.967 22.292 18.649 16.325 12.723 11.820  8.926 10.358 13.587 12.812 13.238 10.978 13.273 14.398 14.759 11.450  8.932  5.307  5.912  7.805  5.608  3.842  0.000  3.830  6.981  8.964  6.867  9.415  9.488 12.994 15.267 18.220 21.154 23.441 26.531 28.190 29.818 30.910
  8.398  8.889  8.141 10.907 13.265 16.008 19.418 22.897 24.924 22.295 20.746 17.248 16.389 14.060 12.974 12.171 10.710 10.105  7.996 11.541 12.471 13.950 13.883 17.438 16.496 14.270 17.469 19.581 17.833 18.571 22.079 22.571 21.538 23.160 25.569 24.491 25.304 22.562 24.789 24.955 21.244 19.235 15.526 14.655 11.617 12.677 16.211 16.045 16.684 14.582 16.928 17.722 17.996 14.777 11.758  8.076  8.034 10.840  9.209  6.371  3.830  0.000  3.835  6.577  6.000  9.577 10.982 14.743 17.272 20.558 23.516 26.134 29.163 30.858 32.537 33.632
  5.667  5.667  6.057  9.067 12.195 15.084 18.580 22.104 23.736 20.927 19.022 15.318 14.292 11.425 10.649  9.646  9.251  9.429  8.805 12.587 12.982 15.017 14.940 18.109 16.504 14.025 17.330 19.016 16.622 17.447 21.057 21.005 19.634 21.566 24.279 23.724 24.965 22.650 25.297 25.279 21.587 20.122 16.467 16.070 13.443 14.878 18.317 18.444 18.769 16.683 19.052 19.294 19.813 17.004 13.733 10.108 10.735 13.928 12.500 10.020  6.981  3.835  0.000  3.845  5.578  9.148 11.251 15.000 17.352 20.946 23.699 26.654 29.562 31.283 33.065 34.226
  7.623  5.458  4.882  6.435  9.939 12.299 15.952 19.307 20.587 17.565 15.813 12.148 11.766  9.217  9.714  9.915 10.659 12.010 11.918 15.547 15.190 16.785 15.926 18.936 17.466 14.375 17.177 19.077 16.375 16.464 20.246 20.248 18.258 19.828 22.905 22.432 24.188 22.290 24.938 24.371 20.666 19.351 15.736 15.187 12.787 14.162 17.418 18.160 18.600 17.102 19.919 20.248 21.430 18.902 15.996 12.311 13.707 16.482 14.407 12.457  8.964  6.577  3.845  0.000  3.847  6.641  9.602 13.037 15.607 19.252 22.080 25.291 28.093 29.896 31.712 32.882
  9.921  7.881  5.343  6.058  8.437 10.528 14.179 17.507 19.249 16.452 15.157 11.811 11.796 10.258 10.609 11.538 11.475 12.792 11.890 15.223 14.679 15.443 13.989 17.278 16.563 13.299 15.714 18.255 16.127 15.722 19.500 20.222 18.388 19.386 22.239 21.150 22.676 20.515 22.744 22.066 18.285 16.475 12.744 11.677  9.032 10.378 13.615 14.389 15.048 13.884 17.011 17.854 19.329 16.727 14.350 10.646 12.400 14.455 11.769 10.433  6.867  6.000  5.578  3.847  0.000  3.828  6.492 10.067 13.011 16.444 19.564 22.584 25.501 27.343 29.108 30.252
 12.560  9.764  6.399  4.740  5.760  6.972 10.644 13.840 15.631 12.944 11.958  9.025  9.726  9.444 10.572 12.652 12.999 15.048 14.465 17.385 16.117 16.203 13.931 16.881 16.591 12.950 14.517 17.388 15.395 14.106 17.842 18.967 16.813 17.139 20.064 18.759 20.586 18.767 20.792 19.586 15.866 14.152 10.641  9.501  7.652  9.313 11.849 13.042 13.540 13.092 16.495 17.400 19.566 17.448 15.691 12.351 14.817 16.275 13.248 12.885  9.415  9.577  9.148  6.641  3.828  0.000  3.818  6.727  9.891 13.244 16.444 19.602 22.437 24.357 26.154 27.334
 13.873 11.374  7.589  6.101  4.757  6.168  9.050 12.363 14.900 12.978 11.970  9.599  9.739 10.293 10.671 13.082 12.806 14.941 14.225 16.477 14.714 13.989 11.138 13.925 14.273 10.679 11.632 14.921 13.614 12.009 15.501 17.258 15.560 15.478 17.914 16.076 17.522 15.472 17.218 16.070 12.316 10.387  6.846  6.048  5.280  8.164  9.904 10.399 10.188  9.802 13.189 14.114 16.660 14.941 13.828 11.072 14.119 14.906 11.898 12.644  9.488 10.982 11.251  9.602  6.492  3.818  0.000  3.830  6.687  9.997 13.208 16.176 19.141 21.077 22.923 24.185
 17.332 14.590 10.843  8.492  5.628  4.851  6.455  9.264 12.167 10.892 10.523  9.348 10.149 11.968 12.796 15.766 15.723 18.146 17.592 19.455 17.289 15.959 12.563 14.694 15.624 12.100 11.827 15.314 14.456 11.955 14.997 17.292 15.478 14.465 16.692 14.438 16.065 14.459 15.686 13.844 10.336  8.471  5.849  5.071  6.360  8.934  9.209 10.022  9.510 10.266 13.590 14.611 17.748 16.632 16.248 14.046 17.281 17.528 14.464 15.817 12.994 14.743 15.000 13.037 10.067  6.727  3.830  0.000  3.821  6.619 10.069 13.101 15.988 18.031 19.907 21.217
 18.668 15.995 12.435 10.181  6.508  5.905  5.310  7.945 11.343 11.131 10.339  9.895  9.952 12.430 12.874 16.089 16.038 18.744 18.623 19.905 17.168 15.418 11.781 12.963 14.161 10.921  9.525 12.933 12.619  9.610 12.053 14.812 13.341 11.786 13.489 10.890 12.459 11.180 12.330 10.218  6.837  5.914  4.782  6.249  8.987 11.982 11.543 11.510  9.786 10.387 12.961 13.293 16.797 16.506 16.561 15.069 18.658 18.716 16.130 17.989 15.267 17.272 17.352 15.607 13.011  9.891  6.687  3.821  0.000  3.825  6.614  9.884 12.777 14.873 16.970 18.507
 22.360 19.773 16.203 13.930 10.247  8.926  7.088  8.025 11.600 12.381 12.355 12.859 13.237 16.037 16.479 19.692 19.472 22.048 21.747 22.672 19.879 17.597 13.810 14.462 16.349 13.620 11.430 14.754 15.184 11.968 13.495 16.736 15.590 13.318 14.274 11.101 12.239 11.309 11.309  8.519  6.088  5.174  6.279  7.415 10.882 13.373 11.829 11.678  9.743 11.321 13.477 14.075 17.825 18.006 18.780 17.777 21.294 20.782 18.208 20.531 18.220 20.558 20.946 19.252 16.444 13.244  9.997  6.619  3.825  0.000  3.822  6.631  9.586 11.847 13.970 15.593
 24.412 21.879 18.556 16.348 12.555 11.409  8.675  8.825 12.152 13.816 13.523 14.569 14.502 17.576 17.824 21.081 20.955 23.690 23.769 24.282 21.143 18.692 15.026 14.702 16.658 14.453 11.460 14.172 15.118 11.743 12.189 15.671 14.943 12.141 12.227  8.797  9.726  9.701  9.234  5.756  4.950  6.218  8.740 10.766 14.369 17.021 15.347 14.794 12.317 13.563 14.879 14.768 18.572 19.476 20.511 20.009 23.659 23.103 20.929 23.441 21.154 23.516 23.699 22.080 19.564 16.444 13.208 10.069  6.614  3.822  0.000  3.824  6.514  8.910 11.399 13.377
 27.369 25.079 21.744 19.787 16.033 15.002 12.338 12.075 15.215 17.182 17.134 18.273 18.124 21.089 21.043 24.107 23.629 26.101 25.966 26.069 22.969 20.097 16.525 15.793 18.301 16.694 13.432 15.941 17.579 14.513 14.290 17.973 17.808 14.966 14.258 10.628 10.440 10.418  8.561  5.216  6.371  7.413 10.786 12.655 16.428 18.850 16.650 15.668 12.987 14.530 15.181 15.179 18.909 20.256 21.897 21.913 25.429 24.386 22.418 25.311 23.441 26.134 26.654 25.291 22.584 19.602 16.176 13.101  9.884  6.631  3.824  0.000  3.830  6.356  8.899 11.085
 30.096 27.737 24.508 22.422 18.664 17.420 14.426 13.557 16.223 18.652 18.747 20.319 20.238 23.381 23.457 26.581 26.269 28.835 28.867 28.872 25.680 22.820 19.374 18.304 20.714 19.315 15.893 17.941 19.658 16.556 15.794 19.339 19.254 16.123 14.975 11.658 11.461 12.285 10.185  7.049  9.191 10.653 13.981 15.792 19.519 21.812 19.474 18.604 16.025 17.618 18.046 17.870 21.485 23.081 24.800 24.931 28.454 27.398 25.509 28.415 26.531 29.163 29.562 28.093 25.501 22.437 19.141 15.988 12.777  9.586  6.514  3.830  0.000  3.833  6.658  9.123
 31.680 29.407 26.266 24.270 20.571 19.405 16.411 15.452 17.947 20.476 20.548 22.165 21.998 25.093 25.073 28.105 27.740 30.237 30.299 30.134 26.941 24.029 20.745 19.446 21.885 20.763 17.315 19.085 20.979 18.054 16.997 20.445 20.577 17.488 16.048 12.949 12.428 13.405 11.062  8.580 11.035 12.555 15.873 17.699 21.362 23.608 21.237 20.255 17.664 19.156 19.282 18.983 22.428 24.230 26.083 26.412 29.877 28.734 27.001 29.970 28.190 30.858 31.283 29.896 27.343 24.357 21.077 18.031 14.873 11.847  8.910  6.356  3.833  0.000  3.851  6.770
 33.566 31.342 28.197 26.228 22.600 21.366 18.456 17.335 19.628 22.203 22.463 24.143 24.089 27.143 27.132 30.104 29.672 32.063 32.020 31.787 28.689 25.711 22.512 21.230 23.761 22.762 19.407 21.138 23.093 20.284 19.223 22.585 22.759 19.732 18.286 15.354 14.686 15.521 13.016 11.003 13.348 14.567 17.787 19.385 22.942 24.978 22.489 21.511 19.075 20.669 20.661 20.505 23.805 25.643 27.644 28.066 31.421 30.126 28.425 31.448 29.818 32.537 33.065 31.712 29.108 26.154 22.923 19.907 16.970 13.970 11.399  8.899  6.658  3.851  0.000  3.809
