  0.000  3.832  6.735 10.309 13.235 16.722 19.674 23.311 24.893 22.441 19.768 16.049 13.824 10.328  8.290  5.513  5.461  5.856  7.630 10.801 10.735 13.727 14.491 16.788 14.154 12.380 15.991 16.554 13.826 15.670 18.848 17.948 17.066 19.798 22.235 22.380 23.485 21.438 24.603 25.038 21.668 21.066 17.863 18.638 16.874 19.133 22.206 21.737 21.165 18.463 20.046 19.205 19.377 17.247 13.651 10.912 11.888 15.483 15.147 13.252 10.461  8.379  5.656  7.638  9.929 12.575 13.887 17.348 18.683 22.373 24.426 27.375 30.094 31.670 33.522 34.867
  3.832  0.000  3.828  6.834 10.051 13.334 16.353 19.919 21.292 18.746 16.077 12.329 10.338  6.824  5.741  4.666  6.279  8.416 10.006 13.173 12.237 14.517 14.303 16.570 14.191 11.566 14.719 15.648 12.558 13.593 17.077 16.331 14.767 17.171 20.000 20.154 21.759 20.061 23.237 23.145 19.712 19.236 16.031 16.755 15.227 17.570 20.471 20.432 19.901 17.673 19.732 19.037 19.950 18.015 14.807 11.763 13.590 16.781 15.661 14.168 10.709  8.877  5.648  5.468  7.892  9.785 11.396 14.616 16.019 19.796 21.904 25.097 27.748 29.414 31.318 32.684
  6.735  3.828  0.000  3.821  6.707 10.081 13.221 16.867 18.587 16.152 13.775 10.116  8.489  6.013  5.390  6.397  7.084  9.553 10.238 13.256 11.851 13.179 12.074 14.629 12.983  9.732 12.486 14.235 11.538 11.733 15.469 15.545 13.849 15.556 18.373 17.927 19.534 17.684 20.570 20.201 16.613 15.825 12.491 13.035 11.651 14.187 16.876 16.908 16.392 14.486 16.909 16.588 18.028 16.107 13.393 10.186 12.693 15.267 13.514 12.656  8.897  8.139  6.043  4.879  5.348  6.412  7.605 10.861 12.453 16.219 18.572 21.754 24.509 26.266 28.165 29.541
 10.309  6.834  3.821  0.000  3.824  6.580  9.901 13.430 14.923 12.372 10.122  6.498  5.775  4.735  6.252  8.867 10.235 13.130 13.792 16.587 14.747 15.396 13.454 15.719 14.544 10.847 12.586 14.687 11.977 10.965 14.781 15.184 12.796 13.751 16.922 16.386 18.547 17.193 19.904 18.858 15.319 14.689 11.577 11.963 11.111 13.565 15.799 16.403 15.965 14.837 17.646 17.532 19.647 18.044 15.903 12.836 15.688 17.746 15.447 15.057 11.266 10.905  9.057  6.431  6.056  4.748  6.107  8.504 10.192 13.939 16.359 19.792 22.419 24.268 26.196 27.577
 13.235 10.051  6.707  3.824  0.000  3.828  6.580 10.301 12.392 10.507  8.380  5.650  5.041  6.380  7.534 10.840 11.732 14.805 15.318 17.512 15.106 14.854 12.162 14.006 13.520  9.686 10.320 12.905 10.808  8.777 12.446 13.652 11.355 11.416 14.344 13.263 15.461 14.247 16.692 15.304 11.811 11.357  8.665  9.553  9.876 12.784 14.185 14.610 13.673 12.972 15.745 15.617 18.303 17.225 15.817 13.296 16.656 18.027 15.589 16.115 12.570 13.262 12.185  9.934  8.430  5.759  4.752  5.633  6.515 10.253 12.564 16.037 18.662 20.569 22.567 24.035
 16.722 13.334 10.081  6.580  3.828  0.000  3.833  7.160  9.073  7.090  5.923  4.634  6.357  8.905 10.951 14.419 15.534 18.590 18.920 21.130 18.733 18.125 15.063 16.721 16.725 12.958 12.772 15.511 13.710 10.914 14.131 15.664 12.976 12.013 15.015 13.708 16.314 15.632 17.549 15.399 12.210 11.727  9.634  9.847 10.622 12.900 13.649 14.805 14.232 14.528 17.562 17.844 20.906 19.956 18.977 16.498 19.793 20.804 17.977 18.668 15.278 16.014 15.079 12.296 10.528  6.975  6.166  4.858  5.910  8.930 11.415 15.005 17.414 19.405 21.338 22.741
 19.674 16.353 13.221  9.901  6.580  3.833  0.000  3.850  6.536  6.227  5.360  6.316  7.676 11.100 12.928 16.617 17.725 20.961 21.490 23.251 20.447 19.383 16.055 16.967 17.324 13.849 12.601 15.170 13.885 10.419 12.852 14.821 12.224 10.217 12.840 11.297 14.165 14.175 15.756 13.074 10.498 10.819  9.983 10.883 12.755 15.157 15.045 15.960 14.836 15.502 18.139 18.156 21.559 21.232 20.758 18.807 22.341 23.013 20.332 21.531 18.314 19.418 18.572 15.948 14.175 10.643  9.043  6.454  5.307  7.091  8.682 12.344 14.423 16.415 18.431 19.941
 23.311 19.919 16.867 13.430 10.301  7.160  3.850  0.000  3.862  5.548  6.313  8.881 10.764 14.373 16.427 20.156 21.380 24.645 25.163 26.842 23.972 22.693 19.240 19.855 20.479 17.203 15.479 17.884 16.890 13.210 14.941 17.021 14.412 11.686 13.906 12.355 15.349 16.001 17.023 13.811 12.053 12.635 12.614 13.252 15.421 17.383 16.661 17.874 16.869 18.118 20.659 20.803 24.381 24.287 24.123 22.312 25.836 26.281 23.493 24.845 21.751 22.903 22.101 19.308 17.508 13.842 12.357  9.261  7.931  8.014  8.815 12.069 13.540 15.447 17.304 18.714
 24.893 21.292 18.587 14.923 12.392  9.073  6.536  3.862  0.000  3.839  5.729  9.262 11.770 15.347 17.980 21.718 23.441 26.851 27.607 29.526 26.703 25.743 22.431 23.051 23.330 19.983 18.465 20.532 19.126 15.530 17.195 18.732 15.701 13.037 15.541 14.700 18.038 19.099 20.279 17.019 15.489 16.246 16.070 16.522 18.307 19.972 19.454 21.038 20.311 21.551 24.190 24.274 27.792 27.606 27.187 25.145 28.593 29.309 26.457 27.482 24.215 24.924 23.728 20.583 19.244 15.626 14.889 12.160 11.335 11.595 12.154 15.224 16.225 17.960 19.620 20.837
 22.441 18.746 16.152 12.372 10.507  7.090  6.227  5.548  3.839  0.000  3.809  6.741 10.014 13.168 16.181 19.787 21.671 24.989 25.673 27.961 25.436 24.863 21.732 22.866 22.832 19.225 18.398 20.602 18.707 15.439 17.801 19.001 15.699 13.777 16.851 16.171 19.504 20.045 21.607 18.654 16.462 16.711 15.684 15.707 16.772 18.233 18.324 20.196 19.891 20.905 23.870 24.123 27.433 26.784 25.956 23.508 26.750 27.765 24.802 25.384 21.991 22.300 20.924 17.565 16.449 12.941 12.966 10.882 11.118 12.366 13.808 17.178 18.639 20.472 22.174 23.378
 19.768 16.077 13.775 10.122  8.380  5.923  5.360  6.313  5.729  3.809  0.000  3.830  6.598  9.951 12.969 16.623 18.751 22.247 23.342 25.544 22.874 22.588 19.717 20.651 20.158 16.607 15.980 17.786 15.549 12.471 14.957 15.734 12.279 10.794 14.209 14.024 17.497 18.071 20.168 17.589 15.251 15.938 14.739 15.450 16.495 18.554 19.067 20.429 19.682 20.042 22.763 22.524 25.663 25.126 24.019 21.645 24.986 26.315 23.683 24.166 20.591 20.751 19.018 15.815 15.158 11.960 11.964 10.522 10.335 12.352 13.525 17.137 18.744 20.547 22.436 23.789
 16.049 12.329 10.116  6.498  5.650  4.634  6.316  8.881  9.262  6.741  3.830  0.000  3.820  6.516  9.727 13.240 15.417 18.830 19.941 22.369 19.937 20.061 17.513 18.857 17.981 14.298 14.485 16.316 13.660 11.203 14.362 14.817 11.445 11.062 14.686 14.555 17.711 17.640 20.132 18.099 15.214 15.517 13.551 14.216 14.614 16.837 18.025 19.200 18.554 18.368 21.159 20.886 23.693 22.801 21.270 18.641 21.824 23.484 20.974 21.096 17.402 17.259 15.319 12.154 11.817  9.035  9.605  9.361  9.905 12.869 14.583 18.285 20.323 22.170 24.119 25.506
 13.824 10.338  8.489  5.775  5.041  6.357  7.676 10.764 11.770 10.014  6.598  3.820  0.000  3.842  6.444 10.132 12.405 16.037 17.624 19.747 17.065 17.412 15.214 16.206 14.845 11.353 11.788 13.092 10.113  8.117 11.421 11.450  8.238  8.782 12.375 12.632 15.574 15.394 18.359 16.891 14.011 14.763 12.840 14.343 14.893 17.710 19.066 19.543 18.335 17.443 19.757 18.890 21.453 20.806 19.095 16.774 20.087 21.949 19.943 20.146 16.442 16.388 14.281 11.765 11.794  9.729  9.738 10.155  9.959 13.246 14.515 18.134 20.244 21.998 24.058 25.560
 10.328  6.824  6.013  4.735  6.380  8.905 11.100 14.373 15.347 13.168  9.951  6.516  3.842  0.000  3.816  6.931  9.722 13.253 15.137 17.573 15.302 16.441 14.962 16.323 14.311 11.008 12.612 13.544 10.091  9.511 12.989 12.317  9.582 11.361 14.742 15.260 17.761 17.093 20.326 19.426 16.332 16.750 14.280 15.610 15.382 18.127 20.129 20.448 19.433 17.964 20.191 19.231 21.223 20.182 17.856 15.271 18.201 20.611 18.924 18.525 14.769 14.059 11.417  9.222 10.260  9.453 10.297 11.976 12.436 16.045 17.586 21.095 23.381 25.087 27.106 28.563
  8.290  5.741  5.390  6.252  7.534 10.951 12.928 16.427 17.980 16.181 12.969  9.727  6.444  3.816  0.000  3.814  6.224  9.945 12.199 14.235 11.789 13.209 12.287 13.493 11.018  8.107 10.424 10.931  7.456  8.185 11.566 10.761  9.112 11.604 14.327 14.752 16.559 15.400 18.834 18.629 15.550 16.008 13.558 15.387 15.203 18.312 20.380 20.027 18.610 16.490 18.180 16.783 18.349 17.433 14.933 12.747 15.703 18.210 17.107 16.861 13.342 12.970 10.639  9.719 10.612 10.582 10.678 12.805 12.882 16.489 17.836 21.049 23.458 25.065 27.092 28.596
  5.513  4.666  6.397  8.867 10.840 14.419 16.617 20.156 21.718 19.787 16.623 13.240 10.132  6.931  3.814  0.000  3.827  7.145 10.091 12.149 10.295 12.718 12.899 14.206 11.152  9.183 12.296 12.226  8.969 10.951 13.897 12.607 11.738 14.740 17.081 17.671 18.994 17.506 21.000 21.336 18.295 18.567 15.965 17.684 17.014 19.980 22.417 21.797 20.464 17.848 19.176 17.608 18.406 17.245 14.198 12.129 14.431 17.445 16.988 16.229 13.040 12.156  9.630  9.920 11.538 12.660 13.087 15.772 16.095 19.700 21.090 24.109 26.577 28.092 30.059 31.520
  5.461  6.279  7.084 10.235 11.732 15.534 17.725 21.380 23.441 21.671 18.751 15.417 12.405  9.722  6.224  3.827  0.000  3.824  6.698  8.401  6.597  9.341 10.184 11.790  8.827  7.497 11.179 11.345  9.027 11.470 14.234 13.578 13.529 16.286 18.084 18.085 18.694 16.532 19.796 20.643 17.560 17.435 14.786 16.526 15.754 18.791 21.222 20.077 18.614 15.566 16.481 14.885 15.171 13.838 10.624  8.912 11.115 14.070 14.119 13.586 10.891 10.693  9.237 10.663 11.473 13.003 12.807 15.724 16.040 19.475 20.958 23.624 26.258 27.720 29.618 31.061
  5.856  8.416  9.553 13.130 14.805 18.590 20.961 24.645 26.851 24.989 22.247 18.830 16.037 13.253  9.945  7.145  3.824  0.000  3.878  5.469  5.416  8.997 10.975 12.871 10.166  9.822 13.623 13.787 12.160 14.830 17.347 16.811 17.157 19.900 21.440 21.233 21.383 18.817 21.811 23.062 19.999 19.464 16.723 18.125 16.903 19.618 22.265 20.833 19.579 16.224 16.762 15.348 14.726 12.939  9.297  7.954  8.922 12.229 13.102 12.145 10.338 10.074  9.411 12.008 12.781 15.042 14.934 18.138 18.738 22.042 23.684 26.086 28.815 30.208 32.000 33.369
  7.630 10.006 10.238 13.792 15.318 18.920 21.490 25.163 27.607 25.673 23.342 19.941 17.624 15.137 12.199 10.091  6.698  3.878  0.000  3.840  5.545  8.331 10.291 12.982 11.273 10.817 14.495 15.453 14.385 16.555 19.227 19.349 19.629 21.922 23.427 22.639 22.552 19.548 22.071 23.341 20.121 18.896 15.930 16.733 15.052 17.385 20.139 18.551 17.679 14.308 14.929 14.247 13.323 10.737  6.920  5.196  5.150  8.680  9.751  8.596  7.581  7.974  8.803 11.924 11.886 14.464 14.223 17.588 18.621 21.742 23.765 25.949 28.843 30.270 31.955 33.244
 10.801 13.173 13.256 16.587 17.512 21.130 23.251 26.842 29.526 27.961 25.544 22.369 19.747 17.573 14.235 12.149  8.401  5.469  3.840  0.000  3.838  6.535  9.650 11.625 10.074 10.925 14.291 14.783 14.533 17.101 19.149 19.389 20.389 22.678 23.587 22.708 22.002 18.808 21.140 22.983 20.145 19.128 16.709 17.987 16.858 19.398 21.719 19.556 18.164 14.484 14.101 12.864 11.099  9.041  5.554  6.241  6.039  8.434 10.674 10.525 10.359 11.528 12.585 15.554 15.227 17.394 16.488 19.463 19.916 22.682 24.290 26.066 28.862 30.115 31.732 33.020
 10.735 12.237 11.851 14.747 15.106 18.733 20.447 23.972 26.703 25.436 22.874 19.937 17.065 15.302 11.789 10.295  6.597  5.416  5.545  3.838  0.000  3.842  6.826  8.283  6.298  7.352 10.647 10.968 10.889 13.507 15.373 15.734 16.918 19.114 19.840 18.988 18.272 15.198 17.765 19.594 16.871 16.320 14.217 16.148 15.719 18.789 20.741 18.546 16.600 12.923 12.469 10.533  9.516  8.374  5.396  6.253  8.113  9.953 11.395 12.039 10.947 12.460 12.980 15.201 14.684 16.128 14.723 17.295 17.177 19.887 21.148 22.964 25.669 26.920 28.631 30.015
 13.727 14.517 13.179 15.396 14.854 18.125 19.383 22.693 25.743 24.863 22.588 20.061 17.412 16.441 13.209 12.718  9.341  8.997  8.331  6.535  3.842  0.000  3.832  5.242  5.124  6.545  8.832  9.843 10.893 12.839 14.356 15.601 17.006 18.538 18.830 17.340 16.126 12.660 14.708 16.752 14.209 13.465 11.857 14.028 14.234 17.441 18.798 16.179 13.776 10.052  8.958  6.744  5.915  5.430  4.114  6.332  8.873  9.233 10.434 12.275 11.486 13.949 15.023 16.800 15.453 16.217 14.001 15.966 15.428 17.606 18.696 20.088 22.807 24.007 25.655 27.039
 14.491 14.303 12.074 13.454 12.162 15.063 16.055 19.240 22.431 21.732 19.717 17.513 15.214 14.962 12.287 12.899 10.184 10.975 10.291  9.650  6.826  3.832  0.000  3.846  5.379  4.967  6.319  8.686  9.862 10.686 12.467 14.435 15.397 16.271 16.683 14.693 13.710 10.149 12.038 13.567 10.710  9.709  8.093 10.553 11.374 14.847 15.792 13.269 10.569  7.095  6.689  4.804  6.329  6.066  5.935  6.822 10.263 10.161 10.011 12.394 11.043 13.877 14.939 15.934 13.991 13.939 11.144 12.566 11.789 13.817 15.030 16.516 19.363 20.728 22.463 23.913
 16.788 16.570 14.629 15.719 14.006 16.721 16.967 19.855 23.051 22.866 20.651 18.857 16.206 16.323 13.493 14.206 11.790 12.871 12.982 11.625  8.283  5.242  3.846  0.000  3.849  5.422  5.063  6.298  8.809  9.892 10.487 12.617 14.407 15.187 14.773 12.865 11.147  7.564  9.622 11.894  9.879 10.081  9.806 12.990 14.559 18.127 18.604 15.967 12.744  9.688  8.232  4.796  6.389  8.123  8.709 10.356 13.558 13.356 13.657 16.120 14.798 17.427 18.100 18.935 17.272 16.879 13.919 14.683 12.956 14.458 14.695 15.777 18.289 19.421 21.174 22.717
 14.154 14.191 12.983 14.544 13.520 16.725 17.324 20.479 23.330 22.832 20.158 17.981 14.845 14.311 11.018 11.152  8.827 10.166 11.273 10.074  6.298  5.124  5.379  3.849  0.000  3.859  5.382  4.934  6.361  8.785  9.673 10.671 12.557 14.247 14.212 13.250 12.176  9.322 12.275 14.246 12.085 12.716 11.802 14.915 15.946 19.576 20.631 18.378 15.513 12.306 11.477  8.348  9.022  9.989  9.086 10.171 13.281 14.121 14.658 16.318 14.565 16.480 16.493 17.468 16.559 16.593 14.272 15.621 14.161 16.353 16.660 18.294 20.708 21.865 23.709 25.264
 12.380 11.566  9.732 10.847  9.686 12.958 13.849 17.203 19.983 19.225 16.607 14.298 11.353 11.008  8.107  9.183  7.497  9.822 10.817 10.925  7.352  6.545  4.967  5.422  3.859  0.000  3.849  5.400  5.119  6.459  8.755 10.008 10.729 12.192 13.042 11.928 11.856  9.229 12.356 13.338 10.447 10.784  9.159 12.134 13.063 16.763 17.965 16.227 13.679 10.844 11.241  9.030 10.726 10.782  9.502  9.175 12.796 13.919 13.485 14.919 12.484 14.251 14.007 14.371 13.291 12.951 10.679 12.102 10.930 13.633 14.466 16.699 19.319 20.757 22.723 24.309
 15.991 14.719 12.486 12.586 10.320 12.772 12.601 15.479 18.465 18.398 15.980 14.485 11.788 12.612 10.424 12.296 11.179 13.623 14.495 14.291 10.647  8.832  6.319  5.063  5.382  3.849  0.000  3.841  5.398  5.030  6.256  8.808  9.868 10.293 10.388  8.610  8.161  5.500  8.772  9.665  7.154  8.469  8.175 11.803 13.788 17.554 17.981 16.165 13.103 10.909 10.987  8.535 11.153 12.170 12.002 12.157 15.876 16.327 15.647 17.666 15.349 17.445 17.303 17.160 15.693 14.503 11.614 11.810  9.515 11.432 11.464 13.433 15.896 17.310 19.372 21.090
 16.554 15.648 14.235 14.687 12.905 15.511 15.170 17.884 20.532 20.602 17.786 16.316 13.092 13.544 10.931 12.226 11.345 13.787 15.453 14.783 10.968  9.843  8.686  6.298  4.934  5.400  3.841  0.000  3.845  5.402  4.907  6.395  8.769 10.015  9.415  8.815  8.035  6.366 10.035 11.498  9.971 11.986 11.996 15.613 17.434 21.202 21.779 19.913 16.799 14.380 13.899 10.790 12.594 14.099 13.647 14.215 17.671 18.473 18.385 20.137 17.851 19.559 18.994 19.067 18.240 17.378 14.906 15.297 12.918 14.748 14.166 15.931 17.935 19.063 21.087 22.798
 13.826 12.558 11.538 11.977 10.808 13.710 13.885 16.890 19.126 18.707 15.549 13.660 10.113 10.091  7.456  8.969  9.027 12.160 14.385 14.533 10.889 10.893  9.862  8.809  6.361  5.119  5.398  3.845  0.000  3.854  5.337  5.113  6.294  8.619  9.389  9.703 10.373  9.345 13.109 13.770 11.654 13.392 12.539 15.787 17.074 20.769 21.831 20.487 17.850 15.481 15.803 13.179 14.921 15.595 14.275 13.915 17.353 18.856 18.470 19.567 16.773 17.813 16.600 16.369 16.117 15.393 13.609 14.453 12.619 15.192 15.130 17.585 19.666 20.971 23.055 24.725
 15.670 13.593 11.733 10.965  8.777 10.914 10.419 13.210 15.530 15.439 12.471 11.203  8.117  9.511  8.185 10.951 11.470 14.830 16.555 17.101 13.507 12.839 10.686  9.892  8.785  6.459  5.030  5.402  3.854  0.000  3.850  5.434  5.057  5.755  7.086  6.776  8.470  8.050 11.587 11.262  9.041 11.120 10.628 13.894 15.703 19.343 19.974 18.991 16.388 14.755 15.597 13.491 16.057 16.720 15.865 15.153 18.869 20.017 18.960 20.314 17.315 18.552 17.422 16.452 15.708 14.100 11.999 11.948  9.609 11.979 11.758 14.526 16.571 18.055 20.256 22.005
 18.848 17.077 15.469 14.781 12.446 14.131 12.852 14.941 17.195 17.801 14.957 14.362 11.421 12.989 11.566 13.897 14.234 17.347 19.227 19.149 15.373 14.356 12.467 10.487  9.673  8.755  6.256  4.907  5.337  3.850  0.000  3.841  5.561  5.572  4.568  4.790  5.807  6.626 10.163 10.251  9.329 12.318 12.892 16.475 18.746 22.423 22.652 21.370 18.365 16.790 16.923 14.304 16.793 18.238 17.874 17.848 21.518 22.378 21.672 23.352 20.617 22.059 21.030 20.233 19.485 17.835 15.491 14.989 12.049 13.507 12.204 14.306 15.814 16.996 19.195 21.013
 17.948 16.331 15.545 15.184 13.652 15.664 14.821 17.021 18.732 19.001 15.734 14.817 11.450 12.317 10.761 12.607 13.578 16.811 19.349 19.389 15.734 15.601 14.435 12.617 10.671 10.008  8.808  6.395  5.113  5.434  3.841  0.000  3.845  6.046  5.821  7.965  9.277 10.204 13.809 14.050 13.038 15.798 15.831 19.240 21.034 24.690 25.358 24.229 21.425 19.546 19.739 16.951 18.938 20.166 19.196 18.982 22.439 23.850 23.384 24.571 21.662 22.536 20.965 20.227 20.200 18.956 17.244 17.285 14.810 16.749 15.691 17.993 19.368 20.450 22.564 24.273
 17.066 14.767 13.849 12.796 11.355 12.976 12.224 14.412 15.701 15.699 12.279 11.445  8.238  9.582  9.112 11.738 13.529 17.157 19.629 20.389 16.918 17.006 15.397 14.407 12.557 10.729  9.868  8.769  6.294  5.057  5.561  3.845  0.000  3.834  6.076  8.295 10.898 11.919 15.399 14.774 13.259 15.737 15.332 18.327 19.917 23.378 24.171 23.595 21.202 19.702 20.611 18.366 20.686 21.375 20.134 19.205 22.726 24.355 23.365 24.248 20.979 21.499 19.587 18.229 18.360 16.797 15.544 15.472 13.343 15.608 14.971 17.838 19.290 20.594 22.750 24.424
 19.798 17.171 15.556 13.751 11.416 12.013 10.217 11.686 13.037 13.777 10.794 11.062  8.782 11.361 11.604 14.740 16.286 19.900 21.922 22.678 19.114 18.538 16.271 15.187 14.247 12.192 10.293 10.015  8.619  5.755  5.572  6.046  3.834  0.000  3.854  5.707  9.177 10.962 13.886 12.491 11.427 14.256 14.506 17.466 19.599 22.951 23.196 22.789 20.343 19.466 20.504 18.558 21.392 22.280 21.568 20.681 24.394 25.580 24.227 25.485 22.253 23.135 21.530 19.806 19.368 17.133 15.470 14.469 11.796 13.348 12.181 15.010 16.170 17.515 19.735 21.476
 22.235 20.000 18.373 16.922 14.344 15.015 12.840 13.906 15.541 16.851 14.209 14.686 12.375 14.742 14.327 17.081 18.084 21.440 23.427 23.587 19.840 18.830 16.683 14.773 14.212 13.042 10.388  9.415  9.389  7.086  4.568  5.821  6.076  3.854  0.000  3.824  6.572  9.319 11.964 10.994 11.021 14.449 15.529 18.875 21.428 24.910 24.799 23.945 21.067 20.128 20.516 18.178 20.952 22.470 22.237 21.989 25.724 26.562 25.538 27.200 24.267 25.537 24.239 22.879 22.213 20.046 17.893 16.676 13.477 14.283 12.245 14.282 15.010 16.057 18.275 20.094
 22.380 20.154 17.927 16.386 13.263 13.708 11.297 12.355 14.700 16.171 14.024 14.555 12.632 15.260 14.752 17.671 18.085 21.233 22.639 22.708 18.988 17.340 14.693 12.865 13.250 11.928  8.610  8.815  9.703  6.776  4.790  7.965  8.295  5.707  3.824  0.000  3.897  6.502  8.665  7.260  7.422 11.006 12.621 16.011 18.933 22.371 21.879 20.858 17.848 17.221 17.579 15.543 18.667 20.256 20.517 20.418 24.220 24.581 23.379 25.428 22.728 24.471 23.696 22.411 21.129 18.741 16.055 14.416 10.870 11.099  8.800 10.641 11.679 12.949 15.333 17.316
 23.485 21.759 19.534 18.547 15.461 16.314 14.165 15.349 18.038 19.504 17.497 17.711 15.574 17.761 16.559 18.994 18.694 21.383 22.552 22.002 18.272 16.126 13.710 11.147 12.176 11.856  8.161  8.035 10.373  8.470  5.807  9.277 10.898  9.177  6.572  3.897  0.000  3.895  5.632  5.743  6.985 10.622 12.837 16.471 19.561 23.073 22.385 20.760 17.358 16.470 16.011 13.594 16.519 18.699 19.494 20.101 23.784 23.730 22.953 25.384 23.131 25.282 24.937 24.167 22.653 20.567 17.497 16.037 12.432 12.227  9.712 10.432 11.466 12.412 14.653 16.666
 21.438 20.061 17.684 17.193 14.247 15.632 14.175 16.001 19.099 20.045 18.071 17.640 15.394 17.093 15.400 17.506 16.532 18.817 19.548 18.808 15.198 12.660 10.149  7.564  9.322  9.229  5.500  6.366  9.345  8.050  6.626 10.204 11.919 10.962  9.319  6.502  3.895  0.000  3.843  5.516  5.357  8.240 10.221 13.962 16.899 20.473 19.930 17.896 14.353 13.036 12.283  9.742 12.713 14.884 15.889 16.754 20.352 20.061 19.438 22.046 20.096 22.544 22.626 22.273 20.497 18.753 15.455 14.439 11.161 11.304  9.692 10.410 12.284 13.391 15.484 17.389
 24.603 23.237 20.570 19.904 16.692 17.549 15.756 17.023 20.279 21.607 20.168 20.132 18.359 20.326 18.834 21.000 19.796 21.811 22.071 21.140 17.765 14.708 12.038  9.622 12.275 12.356  8.772 10.035 13.109 11.587 10.163 13.809 15.399 13.886 11.964  8.665  5.632  3.843  0.000  3.841  5.580  8.002 11.035 14.407 17.731 21.010 19.827 17.584 13.912 13.262 12.100 10.121 13.226 15.721 17.508 18.684 22.126 21.205 20.505 23.532 21.970 24.786 25.287 24.932 22.739 20.790 17.212 15.676 12.321 11.310  9.224  8.549 10.177 11.042 12.974 14.940
 25.038 23.145 20.201 18.858 15.304 15.399 13.074 13.811 17.019 18.654 17.589 18.099 16.891 19.426 18.629 21.336 20.643 23.062 23.341 22.983 19.594 16.752 13.567 11.894 14.246 13.338  9.665 11.498 13.770 11.262 10.251 14.050 14.774 12.491 10.994  7.260  5.743  5.516  3.841  0.000  3.834  6.846 10.213 13.300 16.896 20.001 18.541 16.902 13.542 13.711 13.524 12.294 15.820 17.744 19.270 19.784 23.400 22.622 21.312 24.195 22.289 24.948 25.263 24.359 22.054 19.576 16.056 13.826 10.201  8.515  5.744  5.217  7.054  8.577 10.980 13.194
 21.668 19.712 16.613 15.319 11.811 12.210 10.498 12.053 15.489 16.462 15.251 15.214 14.011 16.332 15.550 18.295 17.560 19.999 20.121 20.145 16.871 14.209 10.710  9.879 12.085 10.447  7.154  9.971 11.654  9.041  9.329 13.038 13.259 11.427 11.021  7.422  6.985  5.357  5.580  3.834  0.000  3.818  6.592  9.905 13.352 16.628 15.574 14.046 10.798 10.726 11.250 10.326 14.045 15.308 16.427 16.480 20.166 19.612 18.038 20.728 18.648 21.241 21.578 20.661 18.279 15.864 12.309 10.326  6.830  6.092  4.949  6.370  9.188 11.032 13.321 15.281
 21.066 19.236 15.825 14.689 11.357 11.727 10.819 12.635 16.246 16.711 15.938 15.517 14.763 16.750 16.008 18.567 17.435 19.464 18.896 19.128 16.320 13.465  9.709 10.081 12.716 10.784  8.469 11.986 13.392 11.120 12.318 15.798 15.737 14.256 14.449 11.006 10.622  8.240  8.002  6.846  3.818  0.000  3.827  6.602 10.204 13.293 12.050 10.320  7.084  7.553  8.757  9.064 12.859 13.453 14.793 14.630 18.114 17.174 15.224 18.098 16.331 19.240 20.124 19.355 16.476 14.156 10.388  8.467  5.916  5.176  6.212  7.396 10.630 12.543 14.530 16.219
 17.863 16.031 12.491 11.577  8.665  9.634  9.983 12.614 16.070 15.684 14.739 13.551 12.840 14.280 13.558 15.965 14.786 16.723 15.930 16.709 14.217 11.857  8.093  9.806 11.802  9.159  8.175 11.996 12.539 10.628 12.892 15.831 15.332 14.506 15.529 12.621 12.837 10.221 11.035 10.213  6.592  3.827  0.000  3.822  6.859 10.344 10.018  8.550  5.957  5.710  8.237  9.012 12.437 12.005 12.588 11.654 15.144 14.604 12.273 14.773 12.726 15.530 16.468 15.739 12.746 10.645  6.849  5.849  4.791  6.285  8.740 10.777 13.963 15.861 17.747 19.264
 18.638 16.755 13.035 11.963  9.553  9.847 10.883 13.252 16.522 15.707 15.450 14.216 14.343 15.610 15.387 17.684 16.526 18.125 16.733 17.987 16.148 14.028 10.553 12.990 14.915 12.134 11.803 15.613 15.787 13.894 16.475 19.240 18.327 17.466 18.875 16.011 16.471 13.962 14.407 13.300  9.905  6.602  3.822  0.000  3.825  6.784  6.275  5.464  4.520  5.844  9.382 11.374 14.405 13.176 13.690 12.174 15.145 14.365 11.305 13.624 11.838 14.675 16.084 15.195 11.686  9.508  6.055  5.069  6.251  7.406 10.755 12.635 15.759 17.678 19.340 20.637
 16.874 15.227 11.651 11.111  9.876 10.622 12.755 15.421 18.307 16.772 16.495 14.614 14.893 15.382 15.203 17.014 15.754 16.903 15.052 16.858 15.719 14.234 11.374 14.559 15.946 13.063 13.788 17.434 17.074 15.703 18.746 21.034 19.917 19.599 21.428 18.933 19.561 16.899 17.731 16.896 13.352 10.204  6.859  3.825  0.000  3.848  5.531  5.505  6.495  6.937 10.733 12.994 15.317 13.178 12.985 10.700 13.096 12.633  9.095 10.712  8.953 11.641 13.453 12.782  9.028  7.636  5.267  6.339  8.975 10.864 14.354 16.407 19.485 21.341 22.897 24.062
 19.133 17.570 14.187 13.565 12.784 12.900 15.157 17.383 19.972 18.233 18.554 16.837 17.710 18.127 18.312 19.980 18.791 19.618 17.385 19.398 18.789 17.441 14.847 18.127 19.576 16.763 17.554 21.202 20.769 19.343 22.423 24.690 23.378 22.951 24.910 22.371 23.073 20.473 21.010 20.001 16.628 13.293 10.344  6.784  3.848  0.000  3.849  5.613  8.418  9.685 13.335 16.109 18.154 15.707 15.595 13.206 14.806 14.083 10.302 11.418 10.382 12.697 14.883 14.144 10.362  9.283  8.144  8.909 11.967 13.353 17.005 18.832 21.782 23.598 24.955 25.939
 22.206 20.471 16.876 15.799 14.185 13.649 15.045 16.661 19.454 18.324 19.067 18.025 19.066 20.129 20.380 22.417 21.222 22.265 20.139 21.719 20.741 18.798 15.792 18.604 20.631 17.965 17.981 21.779 21.831 19.974 22.652 25.358 24.171 23.196 24.799 21.879 22.385 19.930 19.827 18.541 15.574 12.050 10.018  6.275  5.531  3.849  0.000  3.821  6.970  9.624 13.049 16.086 18.536 16.654 17.320 15.536 17.419 16.116 12.536 14.415 13.602 16.228 18.325 17.412 13.612 11.842  9.904  9.208 11.550 11.828 15.347 16.645 19.457 21.241 22.479 23.411
 21.737 20.432 16.908 16.403 14.610 14.805 15.960 17.874 21.038 20.196 20.429 19.200 19.543 20.448 20.027 21.797 20.077 20.833 18.551 19.556 18.546 16.179 13.269 15.967 18.378 16.227 16.165 19.913 20.487 18.991 21.370 24.229 23.595 22.789 23.945 20.858 20.760 17.896 17.584 16.902 14.046 10.320  8.550  5.464  5.505  5.613  3.821  0.000  3.826  6.494  9.579 12.887 15.184 13.468 14.684 13.575 15.497 13.647 10.451 13.142 12.799 16.031 18.427 18.135 14.364 13.019 10.385 10.013 11.517 11.686 14.804 15.676 18.600 20.268 21.503 22.491
 21.165 19.901 16.392 15.965 13.673 14.232 14.836 16.869 20.311 19.891 19.682 18.554 18.335 19.433 18.610 20.464 18.614 19.579 17.679 18.164 16.600 13.776 10.569 12.744 15.513 13.679 13.103 16.799 17.850 16.388 18.365 21.425 21.202 20.343 21.067 17.848 17.358 14.353 13.912 13.542 10.798  7.084  5.957  4.520  6.495  8.418  6.970  3.826  0.000  3.826  6.568  9.592 12.358 11.382 13.053 12.605 15.114 13.245 10.663 13.868 13.236 16.681 18.765 18.593 15.039 13.533 10.185  9.507  9.797  9.752 12.327 12.988 16.014 17.666 19.052 20.217
 18.463 17.673 14.486 14.837 12.972 14.528 15.502 18.118 21.551 20.905 20.042 18.368 17.443 17.964 16.490 17.848 15.566 16.224 14.308 14.484 12.923 10.052  7.095  9.688 12.306 10.844 10.909 14.380 15.481 14.755 16.790 19.546 19.702 19.466 20.128 17.221 16.470 13.036 13.262 13.711 10.726  7.553  5.710  5.844  6.937  9.685  9.624  6.494  3.826  0.000  3.838  6.609  9.048  7.781  9.321  9.232 11.914 10.182  8.171 11.567 10.974 14.577 16.675 17.091 13.871 13.080  9.793 10.254 10.384 11.317 13.557 14.516 17.596 19.143 20.628 21.870
 20.046 19.732 16.909 17.646 15.745 17.562 18.139 20.659 24.190 23.870 22.763 21.159 19.757 20.191 18.180 19.176 16.481 16.762 14.929 14.101 12.469  8.958  6.689  8.232 11.477 11.241 10.987 13.899 15.803 15.597 16.923 19.739 20.611 20.504 20.516 17.579 16.011 12.283 12.100 13.524 11.250  8.757  8.237  9.382 10.733 13.335 13.049  9.579  6.568  3.838  0.000  3.838  5.926  5.844  8.703 10.145 12.524 10.279  9.630 13.291 13.274 16.926 19.050 19.914 17.004 16.488 13.182 13.577 12.954 13.467 14.865 15.157 18.015 19.258 20.609 21.828
 19.205 19.037 16.588 17.532 15.617 17.844 18.156 20.803 24.274 24.123 22.524 20.886 18.890 19.231 16.783 17.608 14.885 15.348 14.247 12.864 10.533  6.744  4.804  4.796  8.348  9.030  8.535 10.790 13.179 13.491 14.304 16.951 18.366 18.558 18.178 15.543 13.594  9.742 10.121 12.294 10.326  9.064  9.012 11.374 12.994 16.109 16.086 12.887  9.592  6.609  3.838  0.000  3.853  5.691  8.180 10.269 13.010 11.490 11.608 14.870 14.403 17.723 19.297 20.253 17.855 17.403 14.113 14.604 13.290 14.071 14.758 15.156 17.844 18.956 20.447 21.814
 19.377 19.950 18.028 19.647 18.303 20.906 21.559 24.381 27.792 27.433 25.663 23.693 21.453 21.223 18.349 18.406 15.171 14.726 13.323 11.099  9.516  5.915  6.329  6.389  9.022 10.726 11.153 12.594 14.921 16.057 16.793 18.938 20.686 21.392 20.952 18.667 16.519 12.713 13.226 15.820 14.045 12.859 12.437 14.405 15.317 18.154 18.536 15.184 12.358  9.048  5.926  3.853  0.000  3.813  6.770  9.998 11.827 10.082 11.445 14.504 14.764 17.997 19.819 21.439 19.333 19.571 16.663 17.743 16.794 17.821 18.562 18.885 21.459 22.396 23.742 24.991
 17.247 18.015 16.107 18.044 17.225 19.956 21.232 24.287 27.606 26.784 25.126 22.801 20.806 20.182 17.433 17.245 13.838 12.939 10.737  9.041  8.374  5.430  6.066  8.123  9.989 10.782 12.170 14.099 15.595 16.720 18.238 20.166 21.375 22.280 22.470 20.256 18.699 14.884 15.721 17.744 15.308 13.453 12.005 13.176 13.178 15.707 16.654 13.468 11.382  7.781  5.844  5.691  3.813  0.000  3.835  6.929  8.318  6.317  7.811 10.796 11.451 14.776 17.008 18.905 16.725 17.447 14.938 16.622 16.500 17.997 19.463 20.230 23.049 24.196 25.575 26.773
 13.651 14.807 13.393 15.903 15.817 18.977 20.758 24.123 27.187 25.956 24.019 21.270 19.095 17.856 14.933 14.198 10.624  9.297  6.920  5.554  5.396  4.114  5.935  8.709  9.086  9.502 12.002 13.647 14.275 15.865 17.874 19.196 20.134 21.568 22.237 20.517 19.494 15.889 17.508 19.270 16.427 14.793 12.588 13.690 12.985 15.595 17.320 14.684 13.053  9.321  8.703  8.180  6.770  3.835  0.000  3.825  5.291  5.161  6.927  8.735  8.942 11.764 13.746 16.012 14.362 15.705 13.842 16.256 16.570 18.786 20.511 21.884 24.780 26.058 27.584 28.837
 10.912 11.763 10.186 12.836 13.296 16.498 18.807 22.312 25.145 23.508 21.645 18.641 16.774 15.271 12.747 12.129  8.912  7.954  5.196  6.241  6.253  6.332  6.822 10.356 10.171  9.175 12.157 14.215 13.915 15.153 17.848 18.982 19.205 20.681 21.989 20.418 20.101 16.754 18.684 19.784 16.480 14.630 11.654 12.174 10.700 13.206 15.536 13.575 12.605  9.232 10.145 10.269  9.998  6.929  3.825  0.000  3.854  5.486  5.462  6.194  5.316  8.083 10.121 12.325 10.659 12.364 11.084 14.054 15.075 17.780 20.007 21.899 24.909 26.388 28.008 29.271
 11.888 13.590 12.693 15.688 16.656 19.793 22.341 25.836 28.593 26.750 24.986 21.824 20.087 18.201 15.703 14.431 11.115  8.922  5.150  6.039  8.113  8.873 10.263 13.558 13.281 12.796 15.876 17.671 17.353 18.869 21.518 22.439 22.726 24.394 25.724 24.220 23.784 20.352 22.126 23.400 20.166 18.114 15.144 15.145 13.096 14.806 17.419 15.497 15.114 11.914 12.524 13.010 11.827  8.318  5.291  3.854  0.000  3.858  5.414  4.659  5.911  8.033 10.745 13.714 12.405 14.822 14.126 17.284 18.662 21.295 23.657 25.415 28.431 29.851 31.359 32.526
 15.483 16.781 15.267 17.746 18.027 20.804 23.013 26.281 29.309 27.765 26.315 23.484 21.949 20.611 18.210 17.445 14.070 12.229  8.680  8.434  9.953  9.233 10.161 13.356 14.121 13.919 16.327 18.473 18.856 20.017 22.378 23.850 24.355 25.580 26.562 24.581 23.730 20.061 21.205 22.622 19.612 17.174 14.604 14.365 12.633 14.083 16.116 13.647 13.245 10.182 10.279 11.490 10.082  6.317  5.161  5.486  3.858  0.000  3.836  5.457  7.804 10.839 13.936 16.486 14.456 16.277 14.912 17.530 18.723 20.785 23.104 24.374 27.377 28.712 30.070 31.156
 15.147 15.661 13.514 15.447 15.589 17.977 20.332 23.493 26.457 24.802 23.683 20.974 19.943 18.924 17.107 16.988 14.119 13.102  9.751 10.674 11.395 10.434 10.011 13.657 14.658 13.485 15.647 18.385 18.470 18.960 21.672 23.384 23.365 24.227 25.538 23.379 22.953 19.438 20.505 21.312 18.038 15.224 12.273 11.305  9.095 10.302 12.536 10.451 10.663  8.171  9.630 11.608 11.445  7.811  6.927  5.462  5.414  3.836  0.000  3.854  5.606  9.207 12.501 14.401 11.761 13.242 11.899 14.463 16.135 18.209 20.930 22.409 25.489 26.985 28.376 29.457
 13.252 14.168 12.656 15.057 16.115 18.668 21.531 24.845 27.482 25.384 24.166 21.096 20.146 18.525 16.861 16.229 13.586 12.145  8.596 10.525 12.039 12.275 12.394 16.120 16.318 14.919 17.666 20.137 19.567 20.314 23.352 24.571 24.248 25.485 27.200 25.428 25.384 22.046 23.532 24.195 20.728 18.098 14.773 13.624 10.712 11.418 14.415 13.142 13.868 11.567 13.291 14.870 14.504 10.796  8.735  6.194  4.659  5.457  3.854  0.000  3.841  6.370 10.024 12.452 10.428 12.881 12.648 15.820 17.996 20.534 23.445 25.304 28.396 29.954 31.400 32.476
 10.461 10.709  8.897 11.266 12.570 15.278 18.314 21.751 24.215 21.991 20.591 17.402 16.442 14.769 13.342 13.040 10.891 10.338  7.581 10.359 10.947 11.486 11.043 14.798 14.565 12.484 15.349 17.851 16.773 17.315 20.617 21.662 20.979 22.253 24.267 22.728 23.131 20.096 21.970 22.289 18.648 16.331 12.726 11.838  8.953 10.382 13.602 12.799 13.236 10.974 13.274 14.403 14.764 11.451  8.942  5.316  5.911  7.804  5.606  3.841  0.000  3.830  6.981  8.961  6.868  9.418  9.497 13.003 15.276 18.225 21.158 23.436 26.515 28.176 29.773 30.946
  8.379  8.877  8.139 10.905 13.262 16.014 19.418 22.903 24.924 22.300 20.751 17.259 16.388 14.059 12.970 12.156 10.693 10.074  7.974 11.528 12.460 13.949 13.877 17.427 16.480 14.251 17.445 19.559 17.813 18.552 22.059 22.536 21.499 23.135 25.537 24.471 25.282 22.544 24.786 24.948 21.241 19.240 15.530 14.675 11.641 12.697 16.228 16.031 16.681 14.577 16.926 17.723 17.997 14.776 11.764  8.083  8.033 10.839  9.207  6.370  3.830  0.000  3.836  6.576  6.008  9.586 10.995 14.756 17.282 20.564 23.521 26.130 29.149 30.845 32.492 33.667
  5.656  5.648  6.043  9.057 12.185 15.079 18.572 22.101 23.728 20.924 19.018 15.319 14.281 11.417 10.639  9.630  9.237  9.411  8.803 12.585 12.980 15.023 14.939 18.100 16.493 14.007 17.303 18.994 16.600 17.422 21.030 20.965 19.587 21.530 24.239 23.696 24.937 22.626 25.287 25.263 21.578 20.124 16.468 16.084 13.453 14.883 18.325 18.427 18.765 16.675 19.050 19.297 19.819 17.008 13.746 10.121 10.745 13.936 12.501 10.024  6.981  3.836  0.000  3.844  5.581  9.151 11.256 15.005 17.354 20.946 23.699 26.646 29.544 31.265 33.016 34.253
  7.638  5.468  4.879  6.431  9.934 12.296 15.948 19.308 20.583 17.565 15.815 12.154 11.765  9.222  9.719  9.920 10.663 12.008 11.924 15.554 15.201 16.800 15.934 18.935 17.468 14.371 17.160 19.067 16.369 16.452 20.233 20.227 18.229 19.806 22.879 22.411 24.167 22.273 24.932 24.359 20.661 19.355 15.739 15.195 12.782 14.144 17.412 18.135 18.593 17.091 19.914 20.253 21.439 18.905 16.012 12.325 13.714 16.486 14.401 12.452  8.961  6.576  3.844  0.000  3.844  6.640  9.603 13.042 15.611 19.253 22.083 25.288 28.081 29.886 31.672 32.913
  9.929  7.892  5.348  6.056  8.430 10.528 14.175 17.508 19.244 16.449 15.158 11.817 11.794 10.260 10.612 11.538 11.473 12.781 11.886 15.227 14.684 15.453 13.991 17.272 16.559 13.291 15.693 18.240 16.117 15.708 19.485 20.200 18.360 19.368 22.213 21.129 22.653 20.497 22.739 22.054 18.279 16.476 12.746 11.686  9.028 10.362 13.612 14.364 15.039 13.871 17.004 17.855 19.333 16.725 14.362 10.659 12.405 14.456 11.761 10.428  6.868  6.008  5.581  3.844  0.000  3.828  6.495 10.072 13.015 16.443 19.566 22.579 25.485 27.333 29.067 30.286
 12.575  9.785  6.412  4.748  5.759  6.975 10.643 13.842 15.626 12.941 11.960  9.035  9.729  9.453 10.582 12.660 13.003 15.042 14.464 17.394 16.128 16.217 13.939 16.879 16.593 12.951 14.503 17.378 15.393 14.100 17.835 18.956 16.797 17.133 20.046 18.741 20.567 18.753 20.790 19.576 15.864 14.156 10.645  9.508  7.636  9.283 11.842 13.019 13.533 13.080 16.488 17.403 19.571 17.447 15.705 12.364 14.822 16.277 13.242 12.881  9.418  9.586  9.151  6.640  3.828  0.000  3.820  6.733  9.897 13.244 16.448 19.600 22.424 24.351 26.120 27.369
 13.887 11.396  7.605  6.107  4.752  6.166  9.043 12.357 14.889 12.966 11.964  9.605  9.738 10.297 10.678 13.087 12.807 14.934 14.223 16.488 14.723 14.001 11.144 13.919 14.272 10.679 11.614 14.906 13.609 11.999 15.491 17.244 15.544 15.470 17.893 16.055 17.497 15.455 17.212 16.056 12.309 10.388  6.849  6.055  5.267  8.144  9.904 10.385 10.185  9.793 13.182 14.113 16.663 14.938 13.842 11.084 14.126 14.912 11.899 12.648  9.497 10.995 11.256  9.603  6.495  3.820  0.000  3.829  6.688  9.993 13.205 16.168 19.122 21.066 22.884 24.218
 17.348 14.616 10.861  8.504  5.633  4.858  6.454  9.261 12.160 10.882 10.522  9.361 10.155 11.976 12.805 15.772 15.724 18.138 17.588 19.463 17.295 15.966 12.566 14.683 15.621 12.102 11.810 15.297 14.453 11.948 14.989 17.285 15.472 14.469 16.676 14.416 16.037 14.439 15.676 13.826 10.326  8.467  5.849  5.069  6.339  8.909  9.208 10.013  9.507 10.254 13.577 14.604 17.743 16.622 16.256 14.054 17.284 17.530 14.463 15.820 13.003 14.756 15.005 13.042 10.072  6.733  3.829  0.000  3.821  6.611 10.063 13.089 15.964 18.017 19.868 21.246
 18.683 16.019 12.453 10.192  6.515  5.910  5.307  7.931 11.335 11.118 10.335  9.905  9.959 12.436 12.882 16.095 16.040 18.738 18.621 19.916 17.177 15.428 11.789 12.956 14.161 10.930  9.515 12.918 12.619  9.609 12.049 14.810 13.343 11.796 13.477 10.870 12.432 11.161 12.321 10.201  6.830  5.916  4.791  6.251  8.975 11.967 11.550 11.517  9.797 10.384 12.954 13.290 16.794 16.500 16.570 15.075 18.662 18.723 16.135 17.996 15.276 17.282 17.354 15.611 13.015  9.897  6.688  3.821  0.000  3.823  6.610  9.877 12.758 14.862 16.933 18.536
 22.373 19.796 16.219 13.939 10.253  8.930  7.091  8.014 11.595 12.366 12.352 12.869 13.246 16.045 16.489 19.700 19.475 22.042 21.742 22.682 19.887 17.606 13.817 14.458 16.353 13.633 11.432 14.748 15.192 11.979 13.507 16.749 15.608 13.348 14.283 11.099 12.227 11.304 11.310  8.515  6.092  5.176  6.285  7.406 10.864 13.353 11.828 11.686  9.752 11.317 13.467 14.071 17.821 17.997 18.786 17.780 21.295 20.785 18.209 20.534 18.225 20.564 20.946 19.253 16.443 13.244  9.993  6.611  3.823  0.000  3.822  6.629  9.574 11.851 13.949 15.637
 24.426 21.904 18.572 16.359 12.564 11.415  8.682  8.815 12.154 13.808 13.525 14.583 14.515 17.586 17.836 21.090 20.958 23.684 23.765 24.290 21.148 18.696 15.030 14.695 16.660 14.466 11.464 14.166 15.130 11.758 12.204 15.691 14.971 12.181 12.245  8.800  9.712  9.692  9.224  5.744  4.949  6.212  8.740 10.755 14.354 17.005 15.347 14.804 12.327 13.557 14.865 14.758 18.562 19.463 20.511 20.007 23.657 23.104 20.930 23.445 21.158 23.521 23.699 22.083 19.566 16.448 13.205 10.063  6.610  3.822  0.000  3.823  6.506  8.910 11.376 13.405
 27.375 25.097 21.754 19.792 16.037 15.005 12.344 12.069 15.224 17.178 17.137 18.285 18.134 21.095 21.049 24.109 23.624 26.086 25.949 26.066 22.964 20.088 16.516 15.777 18.294 16.699 13.433 15.931 17.585 14.526 14.306 17.993 17.838 15.010 14.282 10.641 10.432 10.410  8.549  5.217  6.370  7.396 10.777 12.635 16.407 18.832 16.645 15.676 12.988 14.516 15.157 15.156 18.885 20.230 21.884 21.899 25.415 24.374 22.409 25.304 23.436 26.130 26.646 25.288 22.579 19.600 16.168 13.089  9.877  6.629  3.823  0.000  3.832  6.370  8.892 11.115
 30.094 27.748 24.509 22.419 18.662 17.414 14.423 13.540 16.225 18.639 18.744 20.323 20.244 23.381 23.458 26.577 26.258 28.815 28.843 28.862 25.669 22.807 19.363 18.289 20.708 19.319 15.896 17.935 19.666 16.571 15.814 19.368 19.290 16.170 15.010 11.679 11.466 12.284 10.177  7.054  9.188 10.630 13.963 15.759 19.485 21.782 19.457 18.600 16.014 17.596 18.015 17.844 21.459 23.049 24.780 24.909 28.431 27.377 25.489 28.396 26.515 29.149 29.544 28.081 25.485 22.424 19.122 15.964 12.758  9.574  6.506  3.832  0.000  3.833  6.635  9.114
 31.670 29.414 26.266 24.268 20.569 19.405 16.415 15.447 17.960 20.472 20.547 22.170 21.998 25.087 25.065 28.092 27.720 30.208 30.270 30.115 26.920 24.007 20.728 19.421 21.865 20.757 17.310 19.063 20.971 18.055 16.996 20.450 20.594 17.515 16.057 12.949 12.412 13.391 11.042  8.577 11.032 12.543 15.861 17.678 21.341 23.598 21.241 20.268 17.666 19.143 19.258 18.956 22.396 24.196 26.058 26.388 29.851 28.712 26.985 29.954 28.176 30.845 31.265 29.886 27.333 24.351 21.066 18.017 14.862 11.851  8.910  6.370  3.833  0.000  3.844  6.767
 33.522 31.318 28.165 26.196 22.567 21.338 18.431 17.304 19.620 22.174 22.436 24.119 24.058 27.106 27.092 30.059 29.618 32.000 31.955 31.732 28.631 25.655 22.463 21.174 23.709 22.723 19.372 21.087 23.055 20.256 19.195 22.564 22.750 19.735 18.275 15.333 14.653 15.484 12.974 10.980 13.321 14.530 17.747 19.340 22.897 24.955 22.479 21.503 19.052 20.628 20.609 20.447 23.742 25.575 27.584 28.008 31.359 30.070 28.376 31.400 29.773 32.492 33.016 31.672 29.067 26.120 22.884 19.868 16.933 13.949 11.376  8.892  6.635  3.844  0.000  3.811
