  0.000  3.833  6.734 10.310 13.236 16.722 19.678 23.316 24.892 22.442 19.764 16.045 13.822 10.328  8.287  5.511  5.461  5.855  7.624 10.795 10.731 13.724 14.487 16.787 14.157 12.378 15.989 16.552 13.825 15.671 18.847 17.948 17.067 19.798 22.237 22.377 23.483 21.434 24.598 25.037 21.665 21.064 17.863 18.641 16.878 19.136 22.207 21.738 21.164 18.463 20.047 19.203 19.372 17.242 13.645 10.909 11.885 15.480 15.144 13.249 10.460  8.380  5.656  7.641  9.933 12.578 13.888 17.346 18.684 22.375 24.430 27.377 30.095 31.682 33.546 34.880
  3.833  0.000  3.827  6.834 10.052 13.334 16.357 19.923 21.290 18.745 16.071 12.324 10.337  6.823  5.738  4.667  6.282  8.418 10.001 13.168 12.235 14.516 14.300 16.571 14.195 11.565 14.718 15.648 12.558 13.594 17.077 16.333 14.768 17.171 20.002 20.151 21.758 20.058 23.233 23.145 19.709 19.235 16.031 16.757 15.230 17.571 20.471 20.432 19.900 17.674 19.734 19.037 19.946 18.013 14.802 11.760 13.588 16.778 15.659 14.164 10.707  8.875  5.645  5.467  7.894  9.788 11.396 14.614 16.021 19.798 21.908 25.100 27.750 29.427 31.341 32.696
  6.734  3.827  0.000  3.820  6.708 10.082 13.225 16.871 18.588 16.153 13.771 10.111  8.488  6.012  5.387  6.399  7.087  9.555 10.233 13.251 11.848 13.177 12.071 14.629 12.988  9.732 12.485 14.235 11.538 11.735 15.470 15.546 13.850 15.556 18.375 17.925 19.532 17.680 20.567 20.201 16.611 15.825 12.491 13.038 11.654 14.187 16.876 16.909 16.391 14.486 16.911 16.586 18.024 16.105 13.388 10.182 12.690 15.264 13.511 12.653  8.893  8.136  6.040  4.878  5.352  6.417  7.607 10.860 12.454 16.221 18.577 21.757 24.511 26.279 28.188 29.552
 10.310  6.834  3.820  0.000  3.825  6.580  9.904 13.433 14.923 12.374 10.118  6.493  5.775  4.736  6.252  8.870 10.238 13.131 13.786 16.581 14.743 15.393 13.450 15.717 14.546 10.847 12.584 14.686 11.976 10.966 14.781 15.184 12.796 13.749 16.923 16.382 18.545 17.188 19.900 18.857 15.316 14.687 11.575 11.962 11.111 13.561 15.796 16.401 15.961 14.835 17.646 17.528 19.641 18.041 15.897 12.831 15.685 17.742 15.442 15.052 11.261 10.901  9.054  6.429  6.057  4.751  6.105  8.501 10.192 13.939 16.362 19.795 22.421 24.279 26.215 27.585
 13.236 10.052  6.708  3.825  0.000  3.827  6.583 10.304 12.394 10.510  8.377  5.645  5.041  6.380  7.536 10.844 11.736 14.808 15.314 17.507 15.102 14.851 12.158 14.004 13.522  9.687 10.318 12.905 10.807  8.778 12.446 13.652 11.355 11.414 14.344 13.259 15.458 14.242 16.688 15.303 11.808 11.355  8.662  9.551  9.875 12.778 14.181 14.607 13.668 12.970 15.746 15.613 18.298 17.222 15.811 13.293 16.654 18.024 15.586 16.112 12.566 13.260 12.183  9.933  8.433  5.762  4.752  5.629  6.515 10.253 12.567 16.039 18.663 20.579 22.586 24.043
 16.722 13.334 10.082  6.580  3.827  0.000  3.834  7.162  9.076  7.095  5.919  4.631  6.357  8.904 10.952 14.421 15.538 18.592 18.917 21.126 18.730 18.124 15.060 16.720 16.727 12.960 12.770 15.510 13.708 10.913 14.130 15.662 12.973 12.008 15.013 13.704 16.311 15.627 17.547 15.398 12.209 11.727  9.633  9.845 10.621 12.894 13.646 14.804 14.228 14.527 17.564 17.841 20.902 19.955 18.973 16.495 19.792 20.802 17.975 18.666 15.274 16.012 15.078 12.296 10.530  6.978  6.166  4.857  5.911  8.930 11.418 15.009 17.416 19.415 21.354 22.747
 19.678 16.357 13.225  9.904  6.583  3.834  0.000  3.851  6.538  6.230  5.360  6.318  7.681 11.104 12.935 16.624 17.733 20.968 21.491 23.251 20.448 19.386 16.058 16.969 17.330 13.856 12.604 15.175 13.889 10.423 12.856 14.824 12.227 10.216 12.842 11.297 14.165 14.175 15.757 13.077 10.501 10.821  9.984 10.880 12.753 15.149 15.039 15.956 14.833 15.504 18.144 18.156 21.558 21.234 20.758 18.808 22.344 23.014 20.333 21.531 18.314 19.419 18.573 15.949 14.179 10.647  9.045  6.453  5.310  7.090  8.686 12.348 14.425 16.426 18.448 19.947
 23.316 19.923 16.871 13.433 10.304  7.162  3.851  0.000  3.862  5.548  6.314  8.884 10.768 14.375 16.434 20.163 21.389 24.654 25.166 26.845 23.976 22.699 19.247 19.862 20.488 17.213 15.487 17.892 16.896 13.216 14.948 17.026 14.414 11.686 13.909 12.359 15.354 16.006 17.031 13.820 12.062 12.644 12.620 13.252 15.423 17.377 16.659 17.875 16.871 18.124 20.670 20.808 24.386 24.294 24.127 22.316 25.842 26.286 23.498 24.848 21.752 22.905 22.102 19.308 17.512 13.846 12.361  9.265  7.939  8.020  8.824 12.080 13.550 15.463 17.322 18.721
 24.892 21.290 18.588 14.923 12.394  9.076  6.538  3.862  0.000  3.839  5.727  9.263 11.769 15.343 17.979 21.717 23.444 26.853 27.606 29.524 26.701 25.746 22.434 23.054 23.332 19.987 18.466 20.533 19.123 15.527 17.192 18.725 15.693 13.027 15.533 14.697 18.037 19.098 20.284 17.027 15.496 16.255 16.077 16.527 18.313 19.972 19.460 21.045 20.317 21.559 24.201 24.277 27.794 27.612 27.188 25.147 28.597 29.313 26.463 27.485 24.216 24.925 23.727 20.581 19.247 15.632 14.894 12.168 11.343 11.603 12.164 15.238 16.238 17.979 19.641 20.851
 22.442 18.745 16.153 12.374 10.510  7.095  6.230  5.548  3.839  0.000  3.810  6.744 10.016 13.166 16.183 19.789 21.676 24.993 25.672 27.959 25.436 24.866 21.735 22.870 22.837 19.230 18.400 20.605 18.707 15.439 17.802 18.998 15.694 13.772 16.848 16.169 19.505 20.046 21.612 18.661 16.469 16.720 15.691 15.711 16.777 18.233 18.329 20.202 19.896 20.911 23.879 24.126 27.434 26.789 25.957 23.509 26.753 27.768 24.807 25.387 21.991 22.299 20.923 17.564 16.452 12.946 12.971 10.889 11.126 12.374 13.819 17.191 18.651 20.491 22.196 23.392
 19.764 16.071 13.771 10.118  8.377  5.919  5.360  6.314  5.727  3.810  0.000  3.830  6.597  9.946 12.967 16.620 18.749 22.245 23.333 25.535 22.867 22.583 19.712 20.648 20.157 16.605 15.976 17.783 15.545 12.468 14.955 15.730 12.274 10.789 14.206 14.021 17.494 18.066 20.166 17.591 15.250 15.938 14.736 15.445 16.490 18.544 19.061 20.425 19.676 20.039 22.764 22.519 25.656 25.121 24.011 21.638 24.980 26.308 23.677 24.158 20.582 20.743 19.010 15.807 15.154 11.958 11.960 10.518 10.335 12.352 13.530 17.145 18.751 20.562 22.455 23.799
 16.045 12.324 10.111  6.493  5.645  4.631  6.318  8.884  9.263  6.744  3.830  0.000  3.820  6.512  9.724 13.237 15.414 18.826 19.930 22.357 19.926 20.053 17.505 18.850 17.977 14.293 14.478 16.311 13.654 11.197 14.358 14.812 11.440 11.057 14.683 14.549 17.706 17.632 20.126 18.097 15.209 15.513 13.545 14.210 14.609 16.826 18.018 19.194 18.546 18.362 21.156 20.878 23.682 22.793 21.259 18.631 21.816 23.475 20.966 21.087 17.392 17.251 15.311 12.147 11.813  9.032  9.599  9.355  9.903 12.867 14.585 18.288 20.326 22.181 24.136 25.512
 13.822 10.337  8.488  5.775  5.041  6.357  7.681 10.768 11.769 10.016  6.597  3.820  0.000  3.842  6.444 10.132 12.404 16.035 17.616 19.738 17.056 17.406 15.207 16.201 14.842 11.348 11.781 13.086 10.107  8.111 11.416 11.445  8.233  8.777 12.371 12.625 15.567 15.385 18.352 16.888 14.005 14.759 12.836 14.339 14.891 17.703 19.061 19.539 18.328 17.439 19.755 18.883 21.443 20.799 19.087 16.767 20.082 21.942 19.937 20.140 16.436 16.384 14.277 11.763 11.795  9.732  9.737 10.151  9.957 13.244 14.517 18.136 20.245 22.009 24.077 25.569
 10.328  6.823  6.012  4.736  6.380  8.904 11.104 14.375 15.343 13.166  9.946  6.512  3.842  0.000  3.816  6.931  9.723 13.253 15.130 17.566 15.296 16.437 14.957 16.322 14.312 11.006 12.608 13.542 10.089  9.509 12.987 12.315  9.582 11.360 14.742 15.255 17.758 17.087 20.321 19.425 16.328 16.747 14.278 15.609 15.381 18.122 20.125 20.446 19.428 17.962 20.192 19.227 21.216 20.178 17.849 15.266 18.198 20.606 18.920 18.520 14.764 14.056 11.413  9.220 10.262  9.455 10.297 11.973 12.436 16.045 17.589 21.098 23.384 25.100 27.127 28.574
  8.287  5.738  5.387  6.252  7.536 10.952 12.935 16.434 17.979 16.183 12.967  9.724  6.444  3.816  0.000  3.814  6.223  9.943 12.192 14.227 11.783 13.206 12.284 13.494 11.021  8.107 10.423 10.932  7.457  8.188 11.568 10.765  9.117 11.607 14.333 14.752 16.560 15.397 18.831 18.631 15.549 16.007 13.559 15.388 15.203 18.309 20.378 20.026 18.608 16.490 18.182 16.782 18.344 17.429 14.927 12.742 15.698 18.204 17.103 16.855 13.337 12.966 10.634  9.716 10.613 10.585 10.680 12.804 12.885 16.492 17.842 21.055 23.463 25.080 27.118 28.612
  5.511  4.667  6.399  8.870 10.844 14.421 16.624 20.163 21.717 19.789 16.620 13.237 10.132  6.931  3.814  0.000  3.826  7.145 10.087 12.144 10.293 12.718 12.898 14.210 11.158  9.184 12.297 12.227  8.971 10.954 13.898 12.609 11.742 14.743 17.085 17.670 18.995 17.505 20.997 21.338 18.294 18.568 15.968 17.689 17.018 19.983 22.419 21.799 20.465 17.851 19.181 17.610 18.404 17.243 14.195 12.128 14.430 17.443 16.988 16.227 13.041 12.156  9.628  9.921 11.543 12.666 13.091 15.773 16.099 19.704 21.096 24.114 26.582 28.108 30.086 31.536
  5.461  6.282  7.087 10.238 11.736 15.538 17.733 21.389 23.444 21.676 18.749 15.414 12.404  9.723  6.223  3.826  0.000  3.824  6.696  8.396  6.595  9.341 10.184 11.792  8.832  7.497 11.180 11.344  9.027 11.473 14.234 13.579 13.531 16.287 18.088 18.084 18.693 16.530 19.793 20.645 17.559 17.436 14.791 16.534 15.762 18.798 21.227 20.082 18.618 15.571 16.487 14.888 15.169 13.837 10.623  8.914 11.116 14.070 14.122 13.588 10.896 10.698  9.240 10.667 11.483 13.012 12.815 15.727 16.044 19.480 20.964 23.628 26.262 27.735 29.646 31.079
  5.855  8.418  9.555 13.131 14.808 18.592 20.968 24.654 26.853 24.993 22.245 18.826 16.035 13.253  9.943  7.145  3.824  0.000  3.878  5.464  5.415  8.997 10.975 12.873 10.172  9.822 13.623 13.787 12.161 14.833 17.348 16.814 17.160 19.902 21.444 21.232 21.383 18.816 21.807 23.062 19.998 19.464 16.726 18.133 16.910 19.625 22.269 20.837 19.582 16.228 16.766 15.350 14.725 12.937  9.296  7.956  8.922 12.229 13.104 12.147 10.343 10.080  9.414 12.012 12.789 15.049 14.940 18.140 18.741 22.046 23.690 26.089 28.817 30.222 32.027 33.386
  7.624 10.001 10.233 13.786 15.314 18.917 21.491 25.166 27.606 25.672 23.333 19.930 17.616 15.130 12.192 10.087  6.696  3.878  0.000  3.840  5.546  8.332 10.288 12.981 11.277 10.814 14.493 15.451 14.384 16.554 19.225 19.350 19.628 21.919 23.428 22.635 22.550 19.544 22.066 23.338 20.117 18.892 15.929 16.737 15.054 17.388 20.139 18.553 17.680 14.308 14.930 14.247 13.322 10.736  6.919  5.196  5.152  8.681  9.751  8.595  7.583  7.975  8.800 11.922 11.886 14.463 14.223 17.585 18.619 21.742 23.765 25.948 28.841 30.278 31.977 33.256
 10.795 13.168 13.251 16.581 17.507 21.126 23.251 26.845 29.524 27.959 25.535 22.357 19.738 17.566 14.227 12.144  8.396  5.464  3.840  0.000  3.837  6.534  9.647 11.623 10.075 10.920 14.287 14.780 14.531 17.100 19.147 19.389 20.387 22.674 23.588 22.702 21.999 18.804 21.134 22.978 20.139 19.123 16.707 17.990 16.859 19.401 21.718 19.556 18.164 14.484 14.102 12.865 11.099  9.039  5.553  6.241  6.039  8.433 10.673 10.525 10.360 11.529 12.582 15.552 15.227 17.393 16.487 19.459 19.912 22.681 24.289 26.062 28.858 30.122 31.753 33.032
 10.731 12.235 11.848 14.743 15.102 18.730 20.448 23.976 26.701 25.436 22.867 19.926 17.056 15.296 11.783 10.293  6.595  5.415  5.546  3.837  0.000  3.842  6.824  8.283  6.300  7.347 10.643 10.965 10.887 13.506 15.370 15.735 16.917 19.110 19.841 18.983 18.269 15.193 17.759 19.590 16.865 16.315 14.215 16.150 15.720 18.790 20.740 18.545 16.599 12.923 12.472 10.534  9.514  8.373  5.396  6.254  8.114  9.952 11.395 12.038 10.949 12.462 12.979 15.200 14.687 16.129 14.724 17.291 17.174 19.887 21.148 22.961 25.666 26.927 28.654 30.028
 13.724 14.516 13.177 15.393 14.851 18.124 19.386 22.699 25.746 24.866 22.583 20.053 17.406 16.437 13.206 12.718  9.341  8.997  8.332  6.534  3.842  0.000  3.832  5.242  5.126  6.543  8.830  9.843 10.894 12.840 14.357 15.605 17.007 18.537 18.834 17.338 16.125 12.658 14.703 16.749 14.205 13.462 11.857 14.031 14.235 17.443 18.797 16.178 13.775 10.053  8.961  6.745  5.912  5.427  4.114  6.334  8.873  9.230 10.433 12.274 11.488 13.952 15.022 16.801 15.457 16.220 14.004 15.964 15.426 17.607 18.697 20.086 22.805 24.014 25.677 27.053
 14.487 14.300 12.071 13.450 12.158 15.060 16.058 19.247 22.434 21.735 19.712 17.505 15.207 14.957 12.284 12.898 10.184 10.975 10.288  9.647  6.824  3.832  0.000  3.846  5.382  4.967  6.319  8.688  9.864 10.688 12.470 14.439 15.399 16.270 16.688 14.692 13.711 10.149 12.036 13.566 10.708  9.707  8.093 10.556 11.373 14.846 15.788 13.267 10.568  7.096  6.694  4.806  6.327  6.065  5.933  6.821 10.261 10.157 10.008 12.391 11.042 13.876 14.936 15.931 13.993 13.939 11.145 12.564 11.788 13.819 15.032 16.516 19.362 20.737 22.485 23.927
 16.787 16.571 14.629 15.717 14.004 16.720 16.969 19.862 23.054 22.870 20.648 18.850 16.201 16.322 13.494 14.210 11.792 12.873 12.981 11.623  8.283  5.242  3.846  0.000  3.849  5.423  5.064  6.301  8.813  9.896 10.491 12.624 14.411 15.188 14.779 12.865 11.148  7.563  9.617 11.891  9.874 10.075  9.804 12.990 14.557 18.124 18.598 15.961 12.739  9.686  8.234  4.795  6.383  8.119  8.708 10.356 13.557 13.351 13.654 16.117 14.797 17.428 18.099 18.935 17.276 16.882 13.921 14.680 12.954 14.458 14.694 15.774 18.286 19.428 21.196 22.731
 14.157 14.195 12.988 14.546 13.522 16.727 17.330 20.488 23.332 22.837 20.157 17.977 14.842 14.312 11.021 11.158  8.832 10.172 11.277 10.075  6.300  5.126  5.382  3.849  0.000  3.860  5.380  4.931  6.363  8.788  9.674 10.675 12.561 14.248 14.215 13.247 12.172  9.317 12.266 14.241 12.080 12.712 11.803 14.918 15.949 19.578 20.630 18.378 15.512 12.308 11.481  8.348  9.017  9.987  9.088 10.176 13.284 14.121 14.660 16.320 14.570 16.487 16.497 17.473 16.568 16.601 14.279 15.621 14.162 16.354 16.661 18.292 20.705 21.871 23.731 25.277
 12.378 11.565  9.732 10.847  9.687 12.960 13.856 17.213 19.987 19.230 16.605 14.293 11.348 11.006  8.107  9.184  7.497  9.822 10.814 10.920  7.347  6.543  4.967  5.423  3.860  0.000  3.849  5.400  5.119  6.463  8.757 10.011 10.731 12.192 13.046 11.927 11.856  9.227 12.353 13.339 10.446 10.785  9.163 12.139 13.066 16.764 17.965 16.228 13.680 10.848 11.247  9.031 10.722 10.780  9.500  9.175 12.796 13.917 13.485 14.918 12.485 14.252 14.005 14.371 13.298 12.958 10.685 12.104 10.933 13.638 14.472 16.703 19.322 20.770 22.750 24.327
 15.989 14.718 12.485 12.584 10.318 12.770 12.604 15.487 18.466 18.400 15.976 14.478 11.781 12.608 10.423 12.297 11.180 13.623 14.493 14.287 10.643  8.830  6.319  5.064  5.380  3.849  0.000  3.842  5.398  5.032  6.258  8.811  9.869 10.292 10.391  8.609  8.161  5.499  8.769  9.665  7.151  8.467  8.176 11.803 13.787 17.551 17.977 16.162 13.100 10.910 10.993  8.536 11.150 12.168 12.001 12.157 15.875 16.324 15.646 17.664 15.348 17.444 17.300 17.158 15.697 14.506 11.617 11.808  9.514 11.433 11.467 13.436 15.898 17.321 19.397 21.106
 16.552 15.648 14.235 14.686 12.905 15.510 15.175 17.892 20.533 20.605 17.783 16.311 13.086 13.542 10.932 12.227 11.344 13.787 15.451 14.780 10.965  9.843  8.688  6.301  4.931  5.400  3.842  0.000  3.845  5.404  4.908  6.399  8.771 10.016  9.420  8.815  8.036  6.364 10.031 11.499  9.969 11.984 11.997 15.615 17.435 21.200 21.777 19.911 16.797 14.383 13.905 10.792 12.591 14.098 13.647 14.215 17.671 18.470 18.384 20.136 17.851 19.560 18.992 19.067 18.245 17.383 14.910 15.296 12.919 14.750 14.170 15.934 17.938 19.076 21.114 22.817
 13.825 12.558 11.538 11.976 10.807 13.708 13.889 16.896 19.123 18.707 15.545 13.654 10.107 10.089  7.457  8.971  9.027 12.161 14.384 14.531 10.887 10.894  9.864  8.813  6.363  5.119  5.398  3.845  0.000  3.855  5.336  5.115  6.295  8.619  9.392  9.700 10.372  9.342 13.105 13.770 11.651 13.390 12.539 15.789 17.076 20.767 21.829 20.486 17.848 15.483 15.809 13.181 14.919 15.594 14.274 13.916 17.354 18.854 18.470 19.566 16.774 17.814 16.598 16.369 16.122 15.398 13.612 14.451 12.620 15.194 15.133 17.588 19.669 20.984 23.081 24.743
 15.671 13.594 11.735 10.966  8.778 10.913 10.423 13.216 15.527 15.439 12.468 11.197  8.111  9.509  8.188 10.954 11.473 14.833 16.554 17.100 13.506 12.840 10.688  9.896  8.788  6.463  5.032  5.404  3.855  0.000  3.849  5.434  5.055  5.752  7.086  6.771  8.468  8.047 11.584 11.263  9.039 11.120 10.630 13.896 15.705 19.340 19.972 18.990 16.387 14.759 15.604 13.494 16.056 16.721 15.866 15.155 18.870 20.017 18.961 20.315 17.316 18.554 17.422 16.452 15.714 14.106 12.004 11.947  9.610 11.981 11.762 14.530 16.574 18.067 20.281 22.020
 18.847 17.077 15.470 14.781 12.446 14.130 12.856 14.948 17.192 17.802 14.955 14.358 11.416 12.987 11.568 13.898 14.234 17.348 19.225 19.147 15.370 14.357 12.470 10.491  9.674  8.757  6.258  4.908  5.336  3.849  0.000  3.841  5.560  5.572  4.570  4.788  5.807  6.625 10.161 10.254  9.328 12.318 12.894 16.477 18.747 22.420 22.650 21.368 18.363 16.793 16.931 14.307 16.792 18.238 17.874 17.850 21.519 22.377 21.673 23.352 20.617 22.060 21.028 20.232 19.490 17.840 15.495 14.989 12.050 13.508 12.209 14.311 15.819 17.010 19.222 21.032
 17.948 16.333 15.546 15.184 13.652 15.662 14.824 17.026 18.725 18.998 15.730 14.812 11.445 12.315 10.765 12.609 13.579 16.814 19.350 19.389 15.735 15.605 14.439 12.624 10.675 10.011  8.811  6.399  5.115  5.434  3.841  0.000  3.845  6.046  5.823  7.964  9.277 10.204 13.807 14.053 13.037 15.798 15.834 19.242 21.036 24.688 25.356 24.228 21.424 19.550 19.748 16.956 18.939 20.168 19.199 18.985 22.442 23.851 23.386 24.572 21.663 22.539 20.965 20.227 20.206 18.961 17.248 17.284 14.811 16.750 15.695 17.998 19.372 20.465 22.592 24.293
 17.067 14.768 13.850 12.796 11.355 12.973 12.227 14.414 15.693 15.694 12.274 11.440  8.233  9.582  9.117 11.742 13.531 17.160 19.628 20.387 16.917 17.007 15.399 14.411 12.561 10.731  9.869  8.771  6.295  5.055  5.560  3.845  0.000  3.834  6.076  8.291 10.897 11.916 15.396 14.775 13.257 15.736 15.332 18.326 19.917 23.373 24.166 23.592 21.198 19.703 20.617 18.367 20.684 21.375 20.134 19.206 22.727 24.354 23.365 24.247 20.978 21.500 19.586 18.228 18.364 16.801 15.546 15.470 13.342 15.607 14.974 17.842 19.294 20.608 22.775 24.441
 19.798 17.171 15.556 13.749 11.414 12.008 10.216 11.686 13.027 13.772 10.789 11.057  8.777 11.360 11.607 14.743 16.287 19.902 21.919 22.674 19.110 18.537 16.270 15.188 14.248 12.192 10.292 10.016  8.619  5.752  5.572  6.046  3.834  0.000  3.854  5.704  9.175 10.958 13.883 12.491 11.423 14.252 14.503 17.462 19.595 22.942 23.188 22.783 20.336 19.464 20.507 18.557 21.388 22.277 21.565 20.679 24.392 25.576 24.224 25.482 22.249 23.133 21.527 19.803 19.369 17.134 15.469 14.463 11.792 13.344 12.181 15.013 16.174 17.529 19.757 21.490
 22.237 20.002 18.375 16.923 14.344 15.013 12.842 13.909 15.533 16.848 14.206 14.683 12.371 14.742 14.333 17.085 18.088 21.444 23.428 23.588 19.841 18.834 16.688 14.779 14.215 13.046 10.391  9.420  9.392  7.086  4.570  5.823  6.076  3.854  0.000  3.824  6.573  9.320 11.964 10.997 11.021 14.449 15.530 18.874 21.429 24.905 24.795 23.942 21.064 20.131 20.525 18.182 20.953 22.472 22.239 21.992 25.727 26.562 25.540 27.201 24.268 25.539 24.239 22.879 22.218 20.051 17.896 16.675 13.477 14.282 12.247 14.287 15.015 16.070 18.298 20.110
 22.377 20.151 17.925 16.382 13.259 13.704 11.297 12.359 14.697 16.169 14.021 14.549 12.625 15.255 14.752 17.670 18.084 21.232 22.635 22.702 18.983 17.338 14.692 12.865 13.247 11.927  8.609  8.815  9.700  6.771  4.788  7.964  8.291  5.704  3.824  0.000  3.897  6.501  8.665  7.263  7.420 11.003 12.619 16.007 18.929 22.363 21.872 20.852 17.842 17.220 17.583 15.542 18.663 20.254 20.515 20.416 24.218 24.577 23.376 25.424 22.725 24.468 23.691 22.407 21.129 18.741 16.055 14.412 10.867 11.097  8.802 10.646 11.685 12.962 15.356 17.331
 23.483 21.758 19.532 18.545 15.458 16.311 14.165 15.354 18.037 19.505 17.494 17.706 15.567 17.758 16.560 18.995 18.693 21.383 22.550 21.999 18.269 16.125 13.711 11.148 12.172 11.856  8.161  8.036 10.372  8.468  5.807  9.277 10.897  9.175  6.573  3.897  0.000  3.896  5.632  5.745  6.982 10.619 12.836 16.468 19.558 23.066 22.379 20.754 17.353 16.470 16.016 13.594 16.516 18.698 19.494 20.101 23.783 23.727 22.952 25.382 23.130 25.282 24.934 24.164 22.656 20.569 17.499 16.034 12.429 12.225  9.712 10.435 11.468 12.421 14.674 16.680
 21.434 20.058 17.680 17.188 14.242 15.627 14.175 16.006 19.098 20.046 18.066 17.632 15.385 17.087 15.397 17.505 16.530 18.816 19.544 18.804 15.193 12.658 10.149  7.563  9.317  9.227  5.499  6.364  9.342  8.047  6.625 10.204 11.916 10.958  9.320  6.501  3.896  0.000  3.842  5.517  5.353  8.237 10.218 13.959 16.895 20.466 19.923 17.891 14.348 13.036 12.288  9.743 12.710 14.882 15.887 16.752 20.350 20.057 19.436 22.043 20.093 22.542 22.621 22.269 20.498 18.753 15.455 14.434 11.156 11.302  9.691 10.411 12.285 13.400 15.507 17.404
 24.598 23.233 20.567 19.900 16.688 17.547 15.757 17.031 20.284 21.612 20.166 20.126 18.352 20.321 18.831 20.997 19.793 21.807 22.066 21.134 17.759 14.703 12.036  9.617 12.266 12.353  8.769 10.031 13.105 11.584 10.161 13.807 15.396 13.883 11.964  8.665  5.632  3.842  0.000  3.841  5.579  8.000 11.034 14.405 17.728 21.005 19.822 17.579 13.908 13.261 12.104 10.119 13.220 15.718 17.504 18.681 22.123 21.200 20.502 23.529 21.967 24.784 25.282 24.929 22.740 20.791 17.214 15.675 12.318 11.311  9.224  8.550 10.178 11.049 12.996 14.955
 25.037 23.145 20.201 18.857 15.303 15.398 13.077 13.820 17.027 18.661 17.591 18.097 16.888 19.425 18.631 21.338 20.645 23.062 23.338 22.978 19.590 16.749 13.566 11.891 14.241 13.339  9.665 11.499 13.770 11.263 10.254 14.053 14.775 12.491 10.997  7.263  5.745  5.517  3.841  0.000  3.834  6.843 10.212 13.296 16.892 19.994 18.534 16.895 13.536 13.709 13.525 12.290 15.814 17.741 19.267 19.782 23.398 22.617 21.310 24.192 22.287 24.946 25.261 24.358 22.057 19.579 16.058 13.826 10.200  8.515  5.743  5.217  7.054  8.582 10.997 13.203
 21.665 19.709 16.611 15.316 11.808 12.209 10.501 12.062 15.496 16.469 15.250 15.209 14.005 16.328 15.549 18.294 17.559 19.998 20.117 20.139 16.865 14.205 10.708  9.874 12.080 10.446  7.151  9.969 11.651  9.039  9.328 13.037 13.257 11.423 11.021  7.420  6.982  5.353  5.579  3.834  0.000  3.818  6.591  9.904 13.349 16.623 15.570 14.042 10.794 10.726 11.253 10.322 14.039 15.305 16.424 16.477 20.164 19.608 18.037 20.726 18.645 21.239 21.574 20.659 18.282 15.866 12.312 10.326  6.829  6.095  4.952  6.373  9.190 11.041 13.342 15.292
 21.064 19.235 15.825 14.687 11.355 11.727 10.821 12.644 16.255 16.720 15.938 15.513 14.759 16.747 16.007 18.568 17.436 19.464 18.892 19.123 16.315 13.462  9.707 10.075 12.712 10.785  8.467 11.984 13.390 11.120 12.318 15.798 15.736 14.252 14.449 11.003 10.619  8.237  8.000  6.843  3.818  0.000  3.827  6.602 10.202 13.289 12.047 10.317  7.081  7.552  8.758  9.058 12.853 13.451 14.790 14.628 18.112 17.171 15.223 18.096 16.329 19.239 20.122 19.354 16.480 14.158 10.391  8.469  5.915  5.180  6.214  7.396 10.629 12.548 14.546 16.226
 17.863 16.031 12.491 11.575  8.662  9.633  9.984 12.620 16.077 15.691 14.736 13.545 12.836 14.278 13.559 15.968 14.791 16.726 15.929 16.707 14.215 11.857  8.093  9.804 11.803  9.163  8.176 11.997 12.539 10.630 12.894 15.834 15.332 14.503 15.530 12.619 12.836 10.218 11.034 10.212  6.591  3.827  0.000  3.822  6.858 10.340 10.015  8.548  5.954  5.711  8.240  9.008 12.434 12.005 12.586 11.653 15.145 14.603 12.273 14.772 12.725 15.531 16.467 15.739 12.749 10.647  6.851  5.848  4.789  6.286  8.741 10.775 13.960 15.866 17.763 19.271
 18.641 16.757 13.038 11.962  9.551  9.845 10.880 13.252 16.527 15.711 15.445 14.210 14.339 15.609 15.388 17.689 16.534 18.133 16.737 17.990 16.150 14.031 10.556 12.990 14.918 12.139 11.803 15.615 15.789 13.896 16.477 19.242 18.326 17.462 18.874 16.007 16.468 13.959 14.405 13.296  9.904  6.602  3.822  0.000  3.825  6.781  6.272  5.464  4.520  5.847  9.386 11.372 14.406 13.181 13.693 12.178 15.150 14.370 11.310 13.629 11.841 14.679 16.087 15.198 11.691  9.510  6.058  5.068  6.247  7.403 10.752 12.629 15.752 17.679 19.350 20.637
 16.878 15.230 11.654 11.111  9.875 10.621 12.753 15.423 18.313 16.777 16.490 14.609 14.891 15.381 15.203 17.018 15.762 16.910 15.054 16.859 15.720 14.235 11.373 14.557 15.949 13.066 13.787 17.435 17.076 15.705 18.747 21.036 19.917 19.595 21.429 18.929 19.558 16.895 17.728 16.892 13.349 10.202  6.858  3.825  0.000  3.848  5.529  5.504  6.493  6.935 10.732 12.990 15.315 13.180 12.984 10.701 13.099 12.636  9.098 10.715  8.955 11.644 13.457 12.786  9.033  7.638  5.268  6.337  8.973 10.863 14.352 16.403 19.480 21.343 22.908 24.063
 19.136 17.571 14.187 13.561 12.778 12.894 15.149 17.377 19.972 18.233 18.544 16.826 17.703 18.122 18.309 19.983 18.798 19.625 17.388 19.401 18.790 17.443 14.846 18.124 19.578 16.764 17.551 21.200 20.767 19.340 22.420 24.688 23.373 22.942 24.905 22.363 23.066 20.466 21.005 19.994 16.623 13.289 10.340  6.781  3.848  0.000  3.849  5.616  8.418  9.684 13.333 16.105 18.154 15.711 15.597 13.208 14.812 14.090 10.309 11.425 10.385 12.702 14.887 14.146 10.364  9.279  8.139  8.904 11.961 13.348 16.998 18.825 21.773 23.596 24.960 25.935
 22.207 20.471 16.876 15.796 14.181 13.646 15.039 16.659 19.460 18.329 19.061 18.018 19.061 20.125 20.378 22.419 21.227 22.269 20.139 21.718 20.740 18.797 15.788 18.598 20.630 17.965 17.977 21.777 21.829 19.972 22.650 25.356 24.166 23.188 24.795 21.872 22.379 19.923 19.822 18.534 15.570 12.047 10.015  6.272  5.529  3.849  0.000  3.821  6.969  9.621 13.045 16.079 18.533 16.655 17.318 15.535 17.421 16.117 12.539 14.418 13.602 16.229 18.327 17.414 13.614 11.840  9.902  9.207 11.545 11.825 15.342 16.638 19.447 21.238 22.481 23.405
 21.738 20.432 16.909 16.401 14.607 14.804 15.956 17.875 21.045 20.202 20.425 19.194 19.539 20.446 20.026 21.799 20.082 20.837 18.553 19.556 18.545 16.178 13.267 15.961 18.378 16.228 16.162 19.911 20.486 18.990 21.368 24.228 23.592 22.783 23.942 20.852 20.754 17.891 17.579 16.895 14.042 10.317  8.548  5.464  5.504  5.616  3.821  0.000  3.826  6.492  9.575 12.881 15.181 13.470 14.683 13.575 15.500 13.650 10.455 13.146 12.801 16.035 18.429 18.137 14.368 13.020 10.385 10.013 11.513 11.683 14.799 15.668 18.591 20.265 21.508 22.487
 21.164 19.900 16.391 15.961 13.668 14.228 14.833 16.871 20.317 19.896 19.676 18.546 18.328 19.428 18.608 20.465 18.618 19.582 17.680 18.164 16.599 13.775 10.568 12.739 15.512 13.680 13.100 16.797 17.848 16.387 18.363 21.424 21.198 20.336 21.064 17.842 17.353 14.348 13.908 13.536 10.794  7.081  5.954  4.520  6.493  8.418  6.969  3.826  0.000  3.825  6.568  9.587 12.357 11.385 13.053 12.606 15.117 13.247 10.666 13.871 13.237 16.683 18.765 18.593 15.042 13.533 10.185  9.506  9.792  9.750 12.322 12.980 16.005 17.664 19.060 20.216
 18.463 17.674 14.486 14.835 12.970 14.527 15.504 18.124 21.559 20.911 20.039 18.362 17.439 17.962 16.490 17.851 15.571 16.228 14.308 14.484 12.923 10.053  7.096  9.686 12.308 10.848 10.910 14.383 15.483 14.759 16.793 19.550 19.703 19.464 20.131 17.220 16.470 13.036 13.261 13.709 10.726  7.552  5.711  5.847  6.935  9.684  9.621  6.492  3.825  0.000  3.839  6.606  9.047  7.784  9.321  9.233 11.915 10.181  8.171 11.567 10.975 14.578 16.675 17.092 13.875 13.081  9.795 10.254 10.383 11.319 13.557 14.513 17.591 19.146 20.643 21.875
 20.047 19.734 16.911 17.646 15.746 17.564 18.144 20.670 24.201 23.879 22.764 21.156 19.755 20.192 18.182 19.181 16.487 16.766 14.930 14.102 12.472  8.961  6.694  8.234 11.481 11.247 10.993 13.905 15.809 15.604 16.931 19.748 20.617 20.507 20.525 17.583 16.016 12.288 12.104 13.525 11.253  8.758  8.240  9.386 10.732 13.333 13.045  9.575  6.568  3.839  0.000  3.838  5.926  5.845  8.705 10.147 12.524 10.275  9.628 13.289 13.274 16.928 19.050 19.916 17.008 16.491 13.186 13.579 12.955 13.471 14.868 15.156 18.014 19.263 20.627 21.836
 19.203 19.037 16.586 17.528 15.613 17.841 18.156 20.808 24.277 24.126 22.519 20.878 18.883 19.227 16.782 17.610 14.888 15.350 14.247 12.865 10.534  6.745  4.806  4.795  8.348  9.031  8.536 10.792 13.181 13.494 14.307 16.956 18.367 18.557 18.182 15.542 13.594  9.743 10.119 12.290 10.322  9.058  9.008 11.372 12.990 16.105 16.079 12.881  9.587  6.606  3.838  0.000  3.853  5.691  8.181 10.269 13.010 11.486 11.606 14.867 14.402 17.724 19.294 20.252 17.856 17.402 14.113 14.600 13.285 14.069 14.755 15.150 17.838 18.958 20.464 21.822
 19.372 19.946 18.024 19.641 18.298 20.902 21.558 24.386 27.794 27.434 25.656 23.682 21.443 21.216 18.344 18.404 15.169 14.725 13.322 11.099  9.514  5.912  6.327  6.383  9.017 10.722 11.150 12.591 14.919 16.056 16.792 18.939 20.684 21.388 20.953 18.663 16.516 12.710 13.220 15.814 14.039 12.853 12.434 14.406 15.315 18.154 18.533 15.181 12.357  9.047  5.926  3.853  0.000  3.812  6.771  9.998 11.827 10.080 11.444 14.503 14.764 17.998 19.816 21.436 19.334 19.570 16.662 17.739 16.790 17.819 18.559 18.879 21.452 22.398 23.759 25.001
 17.242 18.013 16.105 18.041 17.222 19.955 21.234 24.294 27.612 26.789 25.121 22.793 20.799 20.178 17.429 17.243 13.837 12.937 10.736  9.039  8.373  5.427  6.065  8.119  9.987 10.780 12.168 14.098 15.594 16.721 18.238 20.168 21.375 22.277 22.472 20.254 18.698 14.882 15.718 17.741 15.305 13.451 12.005 13.181 13.180 15.711 16.655 13.470 11.385  7.784  5.845  5.691  3.812  0.000  3.836  6.929  8.318  6.315  7.812 10.796 11.453 14.777 17.006 18.904 16.728 17.448 14.940 16.622 16.499 18.000 19.464 20.228 23.046 24.202 25.595 26.784
 13.645 14.802 13.388 15.897 15.811 18.973 20.758 24.127 27.188 25.957 24.011 21.259 19.087 17.849 14.927 14.195 10.623  9.296  6.919  5.553  5.396  4.114  5.933  8.708  9.088  9.500 12.001 13.647 14.274 15.866 17.874 19.199 20.134 21.565 22.239 20.515 19.494 15.887 17.504 19.267 16.424 14.790 12.586 13.693 12.984 15.597 17.318 14.683 13.053  9.321  8.705  8.181  6.771  3.836  0.000  3.823  5.289  5.158  6.925  8.732  8.941 11.763 13.741 16.008 14.362 15.704 13.841 16.252 16.567 18.786 20.511 21.882 24.777 26.064 27.605 28.848
 10.909 11.760 10.182 12.831 13.293 16.495 18.808 22.316 25.147 23.509 21.638 18.631 16.767 15.266 12.742 12.128  8.914  7.956  5.196  6.241  6.254  6.334  6.821 10.356 10.176  9.175 12.157 14.215 13.916 15.155 17.850 18.985 19.206 20.679 21.992 20.416 20.101 16.752 18.681 19.782 16.477 14.628 11.653 12.178 10.701 13.208 15.535 13.575 12.606  9.233 10.147 10.269  9.998  6.929  3.823  0.000  3.855  5.485  5.461  6.192  5.316  8.083 10.118 12.323 10.659 12.363 11.083 14.051 15.074 17.781 20.009 21.898 24.907 26.395 28.028 29.282
 11.885 13.588 12.690 15.685 16.654 19.792 22.344 25.842 28.597 26.753 24.980 21.816 20.082 18.198 15.698 14.430 11.116  8.922  5.152  6.039  8.114  8.873 10.261 13.557 13.284 12.796 15.875 17.671 17.354 18.870 21.519 22.442 22.727 24.392 25.727 24.218 23.783 20.350 22.123 23.398 20.164 18.112 15.145 15.150 13.099 14.812 17.421 15.500 15.117 11.915 12.524 13.010 11.827  8.318  5.289  3.855  0.000  3.858  5.413  4.659  5.914  8.035 10.744 13.714 12.407 14.822 14.126 17.283 18.662 21.297 23.659 25.414 28.429 29.859 31.380 32.537
 15.480 16.778 15.264 17.742 18.024 20.802 23.014 26.286 29.313 27.768 26.308 23.475 21.942 20.606 18.204 17.443 14.070 12.229  8.681  8.433  9.952  9.230 10.157 13.351 14.121 13.917 16.324 18.470 18.854 20.017 22.377 23.851 24.354 25.576 26.562 24.577 23.727 20.057 21.200 22.617 19.608 17.171 14.603 14.370 12.636 14.090 16.117 13.650 13.247 10.181 10.275 11.486 10.080  6.315  5.158  5.485  3.858  0.000  3.837  5.459  7.806 10.841 13.935 16.485 14.457 16.276 14.912 17.528 18.721 20.785 23.104 24.371 27.372 28.717 30.087 31.164
 15.144 15.659 13.511 15.442 15.586 17.975 20.333 23.498 26.463 24.807 23.677 20.966 19.937 18.920 17.103 16.988 14.122 13.104  9.751 10.673 11.395 10.433 10.008 13.654 14.660 13.485 15.646 18.384 18.470 18.961 21.673 23.386 23.365 24.224 25.540 23.376 22.952 19.436 20.502 21.310 18.037 15.223 12.273 11.310  9.098 10.309 12.539 10.455 10.666  8.171  9.628 11.606 11.444  7.812  6.925  5.461  5.413  3.837  0.000  3.855  5.607  9.206 12.500 14.400 11.762 13.241 11.899 14.462 16.134 18.211 20.932 22.407 25.486 26.991 28.394 29.465
 13.249 14.164 12.653 15.052 16.112 18.666 21.531 24.848 27.485 25.387 24.158 21.087 20.140 18.520 16.855 16.227 13.588 12.147  8.595 10.525 12.038 12.274 12.391 16.117 16.320 14.918 17.664 20.136 19.566 20.315 23.352 24.572 24.247 25.482 27.201 25.424 25.382 22.043 23.529 24.192 20.726 18.096 14.772 13.629 10.715 11.425 14.418 13.146 13.871 11.567 13.289 14.867 14.503 10.796  8.732  6.192  4.659  5.459  3.855  0.000  3.842  6.368 10.022 12.450 10.426 12.878 12.646 15.818 17.995 20.535 23.445 25.303 28.394 29.961 31.417 32.484
 10.460 10.707  8.893 11.261 12.566 15.274 18.314 21.752 24.216 21.991 20.582 17.392 16.436 14.764 13.337 13.041 10.896 10.343  7.583 10.360 10.949 11.488 11.042 14.797 14.570 12.485 15.348 17.851 16.774 17.316 20.617 21.663 20.978 22.249 24.268 22.725 23.130 20.093 21.967 22.287 18.645 16.329 12.725 11.841  8.955 10.385 13.602 12.801 13.237 10.975 13.274 14.402 14.764 11.453  8.941  5.316  5.914  7.806  5.607  3.842  0.000  3.829  6.980  8.959  6.866  9.415  9.494 13.000 15.274 18.226 21.159 23.435 26.513 28.184 29.791 30.953
  8.380  8.875  8.136 10.901 13.260 16.012 19.419 22.905 24.925 22.299 20.743 17.251 16.384 14.056 12.966 12.156 10.698 10.080  7.975 11.529 12.462 13.952 13.876 17.428 16.487 14.252 17.444 19.560 17.814 18.554 22.060 22.539 21.500 23.133 25.539 24.468 25.282 22.542 24.784 24.946 21.239 19.239 15.531 14.679 11.644 12.702 16.229 16.035 16.683 14.578 16.928 17.724 17.998 14.777 11.763  8.083  8.035 10.841  9.206  6.368  3.829  0.000  3.836  6.575  6.006  9.584 10.993 14.754 17.282 20.566 23.524 26.131 29.148 30.855 32.512 33.675
  5.656  5.645  6.040  9.054 12.183 15.078 18.573 22.102 23.727 20.923 19.010 15.311 14.277 11.413 10.634  9.628  9.240  9.414  8.800 12.582 12.979 15.022 14.936 18.099 16.497 14.005 17.300 18.992 16.598 17.422 21.028 20.965 19.586 21.527 24.239 23.691 24.934 22.621 25.282 25.261 21.574 20.122 16.467 16.087 13.457 14.887 18.327 18.429 18.765 16.675 19.050 19.294 19.816 17.006 13.741 10.118 10.744 13.935 12.500 10.022  6.980  3.836  0.000  3.844  5.582  9.151 11.255 15.003 17.354 20.947 23.701 26.646 29.543 31.274 33.035 34.261
  7.641  5.467  4.878  6.429  9.933 12.296 15.949 19.308 20.581 17.564 15.807 12.147 11.763  9.220  9.716  9.921 10.667 12.012 11.922 15.552 15.200 16.801 15.931 18.935 17.473 14.371 17.158 19.067 16.369 16.452 20.232 20.227 18.228 19.803 22.879 22.407 24.164 22.269 24.929 24.358 20.659 19.354 15.739 15.198 12.786 14.146 17.414 18.137 18.593 17.092 19.916 20.252 21.436 18.904 16.008 12.323 13.714 16.485 14.400 12.450  8.959  6.575  3.844  0.000  3.844  6.640  9.602 13.040 15.612 19.254 22.086 25.290 28.082 29.897 31.691 32.920
  9.933  7.894  5.352  6.057  8.433 10.530 14.179 17.512 19.247 16.452 15.154 11.813 11.795 10.262 10.613 11.543 11.483 12.789 11.886 15.227 14.687 15.457 13.993 17.276 16.568 13.298 15.697 18.245 16.122 15.714 19.490 20.206 18.364 19.369 22.218 21.129 22.656 20.498 22.740 22.057 18.282 16.480 12.749 11.691  9.033 10.364 13.614 14.368 15.042 13.875 17.008 17.856 19.334 16.728 14.362 10.659 12.407 14.457 11.762 10.426  6.866  6.006  5.582  3.844  0.000  3.828  6.496 10.073 13.019 16.448 19.572 22.584 25.489 27.346 29.089 30.297
 12.578  9.788  6.417  4.751  5.762  6.978 10.647 13.846 15.632 12.946 11.958  9.032  9.732  9.455 10.585 12.666 13.012 15.049 14.463 17.393 16.129 16.220 13.939 16.882 16.601 12.958 14.506 17.383 15.398 14.106 17.840 18.961 16.801 17.134 20.051 18.741 20.569 18.753 20.791 19.579 15.866 14.158 10.647  9.510  7.638  9.279 11.840 13.020 13.533 13.081 16.491 17.402 19.570 17.448 15.704 12.363 14.822 16.276 13.241 12.878  9.415  9.584  9.151  6.640  3.828  0.000  3.820  6.734  9.901 13.248 16.453 19.605 22.428 24.364 26.139 27.377
 13.888 11.396  7.607  6.105  4.752  6.166  9.045 12.361 14.894 12.971 11.960  9.599  9.737 10.297 10.680 13.091 12.815 14.940 14.223 16.487 14.724 14.004 11.145 13.921 14.279 10.685 11.617 14.910 13.612 12.004 15.495 17.248 15.546 15.469 17.896 16.055 17.499 15.455 17.214 16.058 12.312 10.391  6.851  6.058  5.268  8.139  9.902 10.385 10.185  9.795 13.186 14.113 16.662 14.940 13.841 11.083 14.126 14.912 11.899 12.646  9.494 10.993 11.255  9.602  6.496  3.820  0.000  3.828  6.692  9.997 13.210 16.172 19.124 21.077 22.903 24.227
 17.346 14.614 10.860  8.501  5.629  4.857  6.453  9.265 12.168 10.889 10.518  9.355 10.151 11.973 12.804 15.773 15.727 18.140 17.585 19.459 17.291 15.964 12.564 14.680 15.621 12.104 11.808 15.296 14.451 11.947 14.989 17.284 15.470 14.463 16.675 14.412 16.034 14.434 15.675 13.826 10.326  8.469  5.848  5.068  6.337  8.904  9.207 10.013  9.506 10.254 13.579 14.600 17.739 16.622 16.252 14.051 17.283 17.528 14.462 15.818 13.000 14.754 15.003 13.040 10.073  6.734  3.828  0.000  3.822  6.613 10.066 13.091 15.965 18.026 19.884 21.252
 18.684 16.021 12.454 10.192  6.515  5.911  5.310  7.939 11.343 11.126 10.335  9.903  9.957 12.436 12.885 16.099 16.044 18.741 18.619 19.912 17.174 15.426 11.788 12.954 14.162 10.933  9.514 12.919 12.620  9.610 12.050 14.811 13.342 11.792 13.477 10.867 12.429 11.156 12.318 10.200  6.829  5.915  4.789  6.247  8.973 11.961 11.545 11.513  9.792 10.383 12.955 13.285 16.790 16.499 16.567 15.074 18.662 18.721 16.134 17.995 15.274 17.282 17.354 15.612 13.019  9.901  6.692  3.822  0.000  3.824  6.612  9.878 12.757 14.869 16.947 18.541
 22.375 19.798 16.221 13.939 10.253  8.930  7.090  8.020 11.603 12.374 12.352 12.867 13.244 16.045 16.492 19.704 19.480 22.046 21.742 22.681 19.887 17.607 13.819 14.458 16.354 13.638 11.433 14.750 15.194 11.981 13.508 16.750 15.607 13.344 14.282 11.097 12.225 11.302 11.311  8.515  6.095  5.180  6.286  7.403 10.863 13.348 11.825 11.683  9.750 11.319 13.471 14.069 17.819 18.000 18.786 17.781 21.297 20.785 18.211 20.535 18.226 20.566 20.947 19.254 16.448 13.248  9.997  6.613  3.824  0.000  3.822  6.630  9.573 11.856 13.961 15.639
 24.430 21.908 18.577 16.362 12.567 11.418  8.686  8.824 12.164 13.819 13.530 14.585 14.517 17.589 17.842 21.096 20.964 23.690 23.765 24.289 21.148 18.697 15.032 14.694 16.661 14.472 11.467 14.170 15.133 11.762 12.209 15.695 14.974 12.181 12.247  8.802  9.712  9.691  9.224  5.743  4.952  6.214  8.741 10.752 14.352 16.998 15.342 14.799 12.322 13.557 14.868 14.755 18.559 19.464 20.511 20.009 23.659 23.104 20.932 23.445 21.159 23.524 23.701 22.086 19.572 16.453 13.210 10.066  6.612  3.822  0.000  3.823  6.505  8.915 11.388 13.407
 27.377 25.100 21.757 19.795 16.039 15.009 12.348 12.080 15.238 17.191 17.145 18.288 18.136 21.098 21.055 24.114 23.628 26.089 25.948 26.062 22.961 20.086 16.516 15.774 18.292 16.703 13.436 15.934 17.588 14.530 14.311 17.998 17.842 15.013 14.287 10.646 10.435 10.411  8.550  5.217  6.373  7.396 10.775 12.629 16.403 18.825 16.638 15.668 12.980 14.513 15.156 15.150 18.879 20.228 21.882 21.898 25.414 24.371 22.407 25.303 23.435 26.131 26.646 25.290 22.584 19.605 16.172 13.091  9.878  6.630  3.823  0.000  3.830  6.371  8.899 11.113
 30.095 27.750 24.511 22.421 18.663 17.416 14.425 13.550 16.238 18.651 18.751 20.326 20.245 23.384 23.463 26.582 26.262 28.817 28.841 28.858 25.666 22.805 19.362 18.286 20.705 19.322 15.898 17.938 19.669 16.574 15.819 19.372 19.294 16.174 15.015 11.685 11.468 12.285 10.178  7.054  9.190 10.629 13.960 15.752 19.480 21.773 19.447 18.591 16.005 17.591 18.014 17.838 21.452 23.046 24.777 24.907 28.429 27.372 25.486 28.394 26.513 29.148 29.543 28.082 25.489 22.428 19.124 15.965 12.757  9.573  6.505  3.830  0.000  3.832  6.636  9.112
 31.682 29.427 26.279 24.279 20.579 19.415 16.426 15.463 17.979 20.491 20.562 22.181 22.009 25.100 25.080 28.108 27.735 30.222 30.278 30.122 26.927 24.014 20.737 19.428 21.871 20.770 17.321 19.076 20.984 18.067 17.010 20.465 20.608 17.529 16.070 12.962 12.421 13.400 11.049  8.582 11.041 12.548 15.866 17.679 21.343 23.596 21.238 20.265 17.664 19.146 19.263 18.958 22.398 24.202 26.064 26.395 29.859 28.717 26.991 29.961 28.184 30.855 31.274 29.897 27.346 24.364 21.077 18.026 14.869 11.856  8.915  6.371  3.832  0.000  3.845  6.771
 33.546 31.341 28.188 26.215 22.586 21.354 18.448 17.322 19.641 22.196 22.455 24.136 24.077 27.127 27.118 30.086 29.646 32.027 31.977 31.753 28.654 25.677 22.485 21.196 23.731 22.750 19.397 21.114 23.081 20.281 19.222 22.592 22.775 19.757 18.298 15.356 14.674 15.507 12.996 10.997 13.342 14.546 17.763 19.350 22.908 24.960 22.481 21.508 19.060 20.643 20.627 20.464 23.759 25.595 27.605 28.028 31.380 30.087 28.394 31.417 29.791 32.512 33.035 31.691 29.089 26.139 22.903 19.884 16.947 13.961 11.388  8.899  6.636  3.845  0.000  3.812
