  0.000  3.814  6.603 10.292 13.235 16.629 19.512 23.168 24.926 22.672 19.728 16.042 13.850 10.560  8.240  5.359  5.426  5.724  7.445 10.678 10.559 13.402 14.268 16.458 13.754 12.200 15.828 16.300 13.648 15.553 18.675 17.664 16.564 19.407 21.997 22.272 23.386 21.455 24.719 24.875 21.370 20.964 17.677 18.454 16.743 18.861 21.958 21.739 21.102 18.483 20.045 19.092 19.055 17.016 13.432 10.671 11.709 15.296 15.039 13.136 10.370  8.282  5.619  7.736  9.999 12.473 13.705 17.158 18.575 22.230 24.181 27.309 30.393 32.271 34.262 35.539
  3.814  0.000  3.851  6.998 10.285 13.436 16.385 19.951 21.473 19.074 16.159 12.436 10.500  7.140  5.791  4.577  6.438  8.480 10.024 13.299 12.389 14.524 14.429 16.568 14.076 11.644 14.881 15.682 12.613 13.730 17.152 16.210 14.386 16.936 19.928 20.283 21.936 20.346 23.634 23.264 19.748 19.449 16.202 16.904 15.392 17.631 20.501 20.732 20.144 18.047 20.100 19.270 19.971 18.102 14.903 11.811 13.651 16.841 15.811 14.289 10.847  8.931  5.556  5.510  8.047  9.865 11.512 14.710 16.195 19.932 21.947 25.315 28.249 30.181 32.196 33.401
  6.603  3.851  0.000  3.829  6.850 10.083 13.167 16.811 18.691 16.450 13.752 10.068  8.467  6.230  5.351  6.243  7.124  9.604 10.233 13.405 12.073 13.243 12.236 14.681 12.919  9.794 12.695 14.334 11.639 11.877 15.607 15.467 13.458 15.329 18.373 18.132 19.807 18.018 21.023 20.346 16.696 16.047 12.688 13.175 11.779 14.220 16.866 17.180 16.619 14.872 17.306 16.843 18.096 16.217 13.519 10.223 12.738 15.297 13.633 12.755  8.991  8.163  5.851  4.810  5.443  6.379  7.677 10.905 12.604 16.349 18.638 21.988 25.037 27.038 29.111 30.310
 10.292  6.998  3.829  0.000  3.789  6.469  9.677 13.217 14.952 12.643 10.068  6.429  5.640  4.918  6.128  8.763 10.172 13.113 13.688 16.607 14.815 15.251 13.364 15.519 14.262 10.619 12.561 14.591 11.907 10.930 14.756 14.971 12.318 13.399 16.751 16.397 18.603 17.224 20.037 18.720 15.181 14.625 11.561 11.912 11.062 13.570 15.636 16.453 15.915 14.961 17.781 17.504 19.469 17.907 15.825 12.683 15.590 17.575 15.366 15.053 11.244 10.949  8.972  6.490  6.079  4.669  6.072  8.400 10.125 13.838 16.211 19.762 22.621 24.674 26.782 27.917
 13.235 10.285  6.850  3.789  0.000  3.805  6.397 10.128 12.425 10.839  8.346  5.586  4.913  6.578  7.604 10.884 11.747 14.876 15.270 17.617 15.308 14.844 12.182 13.951 13.426  9.590 10.468 13.025 10.965  8.938 12.648 13.683 11.128 11.286 14.420 13.478 15.711 14.392 16.906 15.249 11.782 11.310  8.677  9.432  9.706 12.690 13.925 14.559 13.556 13.071 15.908 15.654 18.211 17.130 15.805 13.185 16.578 17.837 15.474 16.075 12.540 13.300 12.099  9.976  8.458  5.595  4.701  5.444  6.444 10.136 12.468 16.045 18.882 20.979 23.158 24.384
 16.629 13.436 10.083  6.469  3.805  0.000  3.825  7.090  9.266  7.529  6.004  4.553  6.290  8.995 10.991 14.433 15.528 18.616 18.809 21.209 18.958 18.190 15.179 16.830 16.767 12.963 13.120 15.836 14.017 11.295 14.606 15.916 13.020 12.200 15.378 14.249 16.881 15.991 17.979 15.615 12.529 11.877  9.867  9.857 10.447 12.827 13.356 14.732 14.154 14.683 17.813 17.998 20.930 19.914 18.982 16.361 19.643 20.564 17.788 18.530 15.121 15.900 14.831 12.122 10.302  6.682  6.152  4.838  6.094  9.073 11.678 15.284 17.834 19.965 22.160 23.207
 19.512 16.385 13.167  9.677  6.397  3.825  0.000  3.822  6.593  6.484  5.210  6.077  7.405 10.971 12.855 16.554 17.622 20.927 21.340 23.293 20.614 19.399 16.105 17.012 17.309 13.747 12.844 15.424 14.087 10.677 13.267 15.019 12.265 10.398 13.179 11.786 14.666 14.392 16.026 13.191 10.752 10.837 10.096 10.798 12.527 15.105 14.782 15.844 14.686 15.570 18.330 18.244 21.541 21.140 20.721 18.630 22.169 22.741 20.127 21.384 18.160 19.299 18.297 15.751 13.973 10.360  8.977  6.321  5.287  7.051  8.839 12.486 14.620 16.691 18.909 20.024
 23.168 19.951 16.811 13.217 10.128  7.090  3.822  0.000  3.804  5.483  6.034  8.591 10.491 14.202 16.365 20.110 21.295 24.639 25.042 26.921 24.178 22.756 19.325 19.955 20.520 17.134 15.753 18.190 17.115 13.486 15.405 17.278 14.562 11.970 14.307 12.889 15.913 16.223 17.278 13.977 12.392 12.666 12.755 13.203 15.219 17.383 16.414 17.745 16.715 18.194 20.879 20.928 24.428 24.241 24.126 22.173 25.693 26.033 23.308 24.721 21.612 22.799 21.830 19.093 17.284 13.578 12.324  9.169  7.903  7.974  9.056 12.219 13.606 15.488 17.541 18.370
 24.926 21.473 18.691 14.952 12.425  9.266  6.593  3.804  0.000  3.843  5.723  9.304 11.678 15.273 17.980 21.770 23.464 26.947 27.614 29.689 26.945 25.814 22.528 23.072 23.300 19.890 18.622 20.680 19.239 15.676 17.413 18.774 15.723 13.076 15.550 14.840 18.226 19.048 20.226 16.902 15.634 16.202 16.256 16.638 18.345 20.288 19.450 21.093 20.260 21.712 24.432 24.371 27.811 27.605 27.260 25.123 28.590 29.202 26.441 27.567 24.284 25.047 23.686 20.605 19.243 15.663 15.089 12.304 11.368 11.521 12.187 15.122 15.935 17.583 19.375 19.974
 22.672 19.074 16.450 12.643 10.839  7.529  6.484  5.483  3.843  0.000  3.804  6.847 10.063 13.217 16.341 20.001 21.946 25.336 25.968 28.432 25.990 25.280 22.209 23.244 23.098 19.456 18.901 21.019 19.054 15.846 18.228 19.165 15.749 13.859 16.952 16.535 19.969 20.374 21.996 18.923 16.988 17.132 16.325 16.297 17.256 18.955 18.714 20.714 20.316 21.538 24.565 24.646 27.849 27.190 26.400 23.838 27.093 28.053 25.177 25.822 22.374 22.686 21.092 17.740 16.657 13.273 13.542 11.462 11.595 12.764 14.242 17.533 18.842 20.677 22.584 23.238
 19.728 16.159 13.752 10.068  8.346  6.004  5.210  6.034  5.723  3.804  0.000  3.841  6.488  9.800 12.890 16.618 18.710 22.255 23.247 25.606 23.011 22.533 19.704 20.552 20.004 16.432 16.053 17.832 15.583 12.572 15.085 15.685 12.164 10.682 14.089 14.058 17.572 17.983 20.113 17.411 15.236 15.824 14.797 15.428 16.411 18.684 18.905 20.395 19.552 20.128 22.922 22.540 25.553 25.009 23.975 21.504 24.875 26.104 23.561 24.129 20.539 20.751 18.864 15.715 15.030 11.862 12.032 10.515 10.267 12.180 13.405 17.010 18.574 20.441 22.431 23.339
 16.042 12.436 10.068  6.429  5.586  4.553  6.077  8.591  9.304  6.847  3.841  0.000  3.813  6.500  9.702 13.279 15.412 18.849 19.831 22.415 20.065 19.976 17.469 18.737 17.815 14.135 14.564 16.375 13.737 11.341 14.511 14.802 11.290 10.924 14.608 14.626 17.818 17.622 20.162 17.943 15.148 15.389 13.540 14.103 14.441 16.798 17.730 19.086 18.367 18.409 21.270 20.872 23.540 22.642 21.189 18.461 21.680 23.234 20.794 20.996 17.287 17.211 15.141 12.021 11.625  8.835  9.566  9.239  9.795 12.677 14.429 18.182 20.279 22.270 24.338 25.358
 13.850 10.500  8.467  5.640  4.913  6.290  7.405 10.491 11.678 10.063  6.488  3.813  0.000  3.840  6.445 10.229 12.408 16.072 17.523 19.793 17.155 17.254 15.072 15.960 14.591 11.110 11.714 13.028 10.107  8.117 11.412 11.352  7.955  8.458 12.144 12.488 15.462 15.212 18.213 16.552 13.690 14.467 12.621 14.052 14.605 17.529 18.690 19.348 18.048 17.370 19.757 18.773 21.193 20.564 18.958 16.550 19.931 21.665 19.735 20.022 16.334 16.353 14.139 11.701 11.687  9.484  9.576  9.856  9.662 12.846 14.100 17.831 20.039 21.991 24.070 25.314
 10.560  7.140  6.230  4.918  6.578  8.995 10.971 14.202 15.273 13.217  9.800  6.500  3.840  0.000  3.841  7.105  9.939 13.494 15.324 17.877 15.601 16.522 15.102 16.277 14.185 10.987 12.679 13.491 10.038  9.489 12.876 11.994  8.968 10.825 14.329 15.069 17.653 17.075 20.388 19.258 16.180 16.762 14.375 15.697 15.517 18.318 20.147 20.690 19.566 18.289 20.544 19.421 21.245 20.282 18.037 15.396 18.400 20.728 19.134 18.790 15.041 14.346 11.552  9.404 10.488  9.552 10.475 12.007 12.438 15.926 17.348 20.996 23.399 25.328 27.367 28.611
  8.240  5.791  5.351  6.128  7.604 10.991 12.855 16.365 17.980 16.341 12.890  9.702  6.445  3.841  0.000  3.879  6.316 10.039 12.199 14.398 11.976 13.188 12.330 13.410 10.876  8.084 10.484 10.929  7.480  8.230 11.573 10.628  8.682 11.281 14.174 14.724 16.576 15.502 19.000 18.551 15.374 15.991 13.499 15.279 15.105 18.194 20.218 20.107 18.630 16.666 18.415 16.911 18.280 17.402 14.961 12.681 15.697 18.137 17.114 16.860 13.372 12.963 10.484  9.648 10.643 10.423 10.610 12.665 12.826 16.349 17.611 21.004 23.639 25.500 27.516 28.892
  5.359  4.577  6.243  8.763 10.884 14.433 16.554 20.110 21.770 20.001 16.618 13.279 10.229  7.105  3.879  0.000  3.849  7.089  9.936 12.141 10.274 12.504 12.773 13.979 10.872  9.098 12.243 12.120  8.926 10.963 13.852 12.484 11.388 14.469 16.948 17.621 18.953 17.573 21.129 21.232 18.038 18.489 15.790 17.470 16.815 19.698 22.153 21.773 20.393 17.887 19.250 17.597 18.167 17.053 14.042 11.898 14.260 17.229 16.853 16.059 12.922 11.990  9.381  9.808 11.502 12.459 12.910 15.573 16.005 19.539 20.841 24.047 26.809 28.590 30.529 31.891
  5.426  6.438  7.124 10.172 11.747 15.528 17.622 21.295 23.464 21.946 18.710 15.412 12.408  9.939  6.316  3.849  0.000  3.852  6.616  8.408  6.512  9.030  9.956 11.452  8.436  7.353 11.001 11.118  8.900 11.354 14.088 13.391 13.107 15.962 17.948 17.996 18.601 16.559 19.894 20.468 17.197 17.291 14.513 16.246 15.534 18.452 20.957 20.029 18.512 15.535 16.463 14.773 14.842 13.590 10.428  8.690 10.987 13.864 14.016 13.465 10.864 10.655  9.195 10.771 11.631 12.866 12.610 15.483 15.895 19.265 20.633 23.495 26.496 28.245 30.165 31.585
  5.724  8.480  9.604 13.113 14.876 18.616 20.927 24.639 26.947 25.336 22.255 18.849 16.072 13.494 10.039  7.089  3.852  0.000  3.846  5.481  5.328  8.804 10.883 12.697  9.962  9.870 13.580 13.687 12.148 14.811 17.305 16.717 16.808 19.665 21.428 21.287 21.450 19.036 22.120 23.059 19.786 19.478 16.572 17.959 16.788 19.301 22.095 20.900 19.625 16.308 16.848 15.368 14.529 12.827  9.192  7.853  8.856 12.141 13.102 12.055 10.357 10.013  9.388 12.124 12.984 14.966 14.800 17.989 18.713 21.978 23.508 26.122 29.272 30.980 32.858 34.253
  7.445 10.024 10.233 13.688 15.270 18.809 21.340 25.042 27.614 25.968 23.247 19.831 17.523 15.324 12.199  9.936  6.616  3.846  0.000  3.872  5.502  8.177 10.180 12.843 11.111 10.821 14.442 15.369 14.363 16.487 19.188 19.239 19.217 21.642 23.433 22.727 22.687 19.814 22.455 23.347 19.916 18.894 15.740 16.518 14.881 16.962 19.911 18.574 17.701 14.360 14.990 14.254 13.181 10.675  6.852  5.113  5.108  8.635  9.740  8.479  7.553  7.875  8.768 12.012 12.054 14.319 13.989 17.357 18.536 21.659 23.591 25.994 29.370 31.121 33.014 34.343
 10.678 13.299 13.405 16.607 17.617 21.209 23.293 26.921 29.689 28.432 25.606 22.415 19.793 17.877 14.398 12.141  8.408  5.481  3.872  0.000  3.820  6.486  9.651 11.619 10.108 11.127 14.360 14.845 14.672 17.175 19.258 19.472 20.186 22.600 23.810 22.960 22.282 19.234 21.664 23.144 20.050 19.244 16.596 17.839 16.748 19.007 21.587 19.635 18.273 14.567 14.184 12.945 10.994  9.003  5.498  6.259  5.997  8.366 10.695 10.389 10.404 11.484 12.615 15.735 15.519 17.368 16.383 19.351 19.963 22.722 24.233 26.231 29.547 31.121 32.910 34.318
 10.559 12.389 12.073 14.815 15.308 18.958 20.614 24.178 26.945 25.990 23.011 20.065 17.155 15.601 11.976 10.274  6.512  5.328  5.502  3.820  0.000  3.804  6.920  8.300  6.336  7.633 10.763 11.042 11.043 13.613 15.504 15.828 16.749 19.083 20.099 19.272 18.569 15.652 18.303 19.806 16.826 16.516 14.189 16.095 15.707 18.560 20.748 18.745 16.808 13.117 12.678 10.703  9.423  8.357  5.387  6.294  8.101  9.897 11.499 12.001 11.090 12.495 13.006 15.417 15.063 16.184 14.741 17.290 17.317 19.998 21.144 23.183 26.359 27.914 29.701 31.187
 13.402 14.524 13.243 15.251 14.844 18.190 19.399 22.756 25.814 25.280 22.533 19.976 17.254 16.522 13.188 12.504  9.030  8.804  8.177  6.486  3.804  0.000  3.839  5.267  5.145  6.635  8.834  9.860 10.919 12.779 14.412 15.614 16.719 18.409 19.065 17.588 16.435 13.115 15.273 16.927 14.089 13.576 11.685 13.829 14.068 17.095 18.729 16.287 13.913 10.149  9.157  6.932  5.900  5.428  4.084  6.252  8.798  9.112 10.461 12.164 11.514 13.888 14.900 16.862 15.692 16.105 13.856 15.798 15.417 17.604 18.600 20.242 23.479 24.996 26.742 28.259
 14.268 14.429 12.236 13.364 12.182 15.179 16.105 19.325 22.528 22.209 19.704 17.469 15.072 15.102 12.330 12.773  9.956 10.883 10.180  9.651  6.920  3.839  0.000  3.852  5.401  5.019  6.379  8.779  9.972 10.682 12.610 14.513 15.178 16.211 16.995 15.023 14.098 10.615 12.599 13.725 10.610  9.797  7.902 10.328 11.184 14.534 15.708 13.329 10.641  7.150  6.865  4.898  6.219  5.946  5.884  6.727 10.178  9.954  9.972 12.303 11.093 13.894 14.877 16.068 14.283 13.877 11.045 12.415 11.791 13.815 14.949 16.660 20.010 21.663 23.500 24.999
 16.458 16.568 14.681 15.519 13.951 16.830 17.012 19.955 23.072 23.244 20.552 18.737 15.960 16.277 13.410 13.979 11.452 12.697 12.843 11.619  8.300  5.267  3.852  0.000  3.846  5.370  4.940  6.262  8.756  9.723 10.482 12.596 14.122 15.050 15.019 13.071 11.423  7.967 10.113 12.024  9.670 10.128  9.567 12.751 14.362 17.859 18.570 16.059 12.845  9.739  8.455  5.017  6.374  8.085  8.685 10.262 13.495 13.216 13.666 16.044 14.833 17.396 17.950 18.960 17.481 16.743 13.790 14.495 12.892 14.381 14.520 15.861 18.842 20.248 21.949 23.616
 13.754 14.076 12.919 14.262 13.426 16.767 17.309 20.520 23.300 23.098 20.004 17.815 14.591 14.185 10.876 10.872  8.436  9.962 11.111 10.108  6.336  5.145  5.401  3.846  0.000  3.865  5.284  4.894  6.266  8.603  9.632 10.623 12.216 14.037 14.356 13.355 12.344  9.662 12.669 14.326 11.836 12.722 11.545 14.639 15.699 19.249 20.507 18.430 15.573 12.373 11.703  8.572  9.026  9.975  9.066 10.034 13.196 13.989 14.637 16.189 14.530 16.349 16.238 17.371 16.649 16.353 14.064 15.368 14.047 16.209 16.418 18.319 21.145 22.581 24.316 25.974
 12.200 11.644  9.794 10.619  9.590 12.963 13.747 17.134 19.890 19.456 16.432 14.135 11.110 10.987  8.084  9.098  7.353  9.870 10.821 11.127  7.633  6.635  5.019  5.370  3.865  0.000  3.803  5.463  5.200  6.329  8.775  9.998 10.385 11.947 13.132 12.002 11.988  9.453 12.614 13.257 10.111 10.661  8.841 11.805 12.789 16.453 17.757 16.204 13.624 10.885 11.426  9.154 10.689 10.759  9.560  9.115 12.800 13.814 13.469 14.874 12.525 14.251 13.881 14.381 13.440 12.736 10.470 11.795 10.731 13.376 14.120 16.590 19.582 21.302 23.221 24.814
 15.828 14.881 12.695 12.561 10.468 13.120 12.844 15.753 18.622 18.901 16.053 14.564 11.714 12.679 10.484 12.243 11.001 13.580 14.442 14.360 10.763  8.834  6.379  4.940  5.284  3.803  0.000  3.858  5.460  4.988  6.348  8.835  9.697 10.257 10.658  8.840  8.366  5.710  8.993  9.692  6.947  8.514  8.077 11.693 13.715 17.490 18.023 16.305 13.192 11.033 11.209  8.622 11.030 12.084 12.000 12.112 15.863 16.200 15.687 17.687 15.486 17.549 17.273 17.314 16.013 14.529 11.694 11.794  9.585 11.398 11.310 13.478 16.246 17.872 19.783 21.543
 16.300 15.682 14.334 14.591 13.025 15.836 15.424 18.190 20.680 21.019 17.832 16.375 13.028 13.491 10.929 12.120 11.118 13.687 15.369 14.845 11.042  9.860  8.779  6.262  4.894  5.463  3.858  0.000  3.822  5.333  4.914  6.423  8.630  9.972  9.646  8.929  8.115  6.552 10.219 11.577  9.785 12.057 11.904 15.501 17.345 21.110 21.818 20.069 16.926 14.527 14.160 10.976 12.530 14.057 13.649 14.154 17.646 18.368 18.434 20.122 17.944 19.579 18.870 19.108 18.468 17.330 14.936 15.257 12.971 14.702 13.994 15.979 18.245 19.587 21.336 23.150
 13.648 12.613 11.639 11.907 10.965 14.017 14.087 17.115 19.239 19.054 15.583 13.737 10.107 10.038  7.480  8.926  8.900 12.148 14.363 14.672 11.043 10.919  9.972  8.756  6.266  5.200  5.460  3.822  0.000  3.855  5.303  5.024  6.025  8.449  9.403  9.684 10.339  9.435 13.222 13.753 11.454 13.432 12.476 15.700 17.014 20.713 21.840 20.650 17.963 15.671 16.086 13.368 14.871 15.582 14.318 13.888 17.373 18.795 18.544 19.594 16.891 17.862 16.496 16.405 16.325 15.347 13.654 14.414 12.656 15.108 14.909 17.567 19.863 21.392 23.237 24.907
 15.553 13.730 11.877 10.930  8.938 11.295 10.677 13.486 15.676 15.846 12.572 11.341  8.117  9.489  8.230 10.963 11.354 14.811 16.487 17.175 13.613 12.779 10.682  9.723  8.603  6.329  4.988  5.333  3.855  0.000  3.873  5.389  4.883  5.648  7.142  6.760  8.396  7.930 11.512 11.093  8.761 11.026 10.513 13.759 15.595 19.309 19.937 19.061 16.374 14.836 15.759 13.521 15.892 16.587 15.821 15.051 18.817 19.853 18.937 20.302 17.389 18.614 17.342 16.527 15.909 14.075 12.063 11.905  9.597 11.811 11.463 14.396 16.589 18.263 20.252 21.961
 18.675 17.152 15.607 14.756 12.648 14.606 13.267 15.405 17.413 18.228 15.085 14.511 11.412 12.876 11.573 13.852 14.088 17.305 19.188 19.258 15.504 14.412 12.610 10.482  9.632  8.775  6.348  4.914  5.303  3.873  0.000  3.781  5.556  5.620  4.756  4.776  5.688  6.536 10.117 10.284  9.245 12.426 12.941 16.493 18.766 22.518 22.800 21.606 18.543 17.016 17.248 14.509 16.774 18.241 17.929 17.840 21.546 22.324 21.776 23.422 20.771 22.153 20.950 20.299 19.729 17.870 15.656 15.084 12.197 13.514 12.081 14.344 15.915 17.211 19.018 20.873
 17.664 16.210 15.467 14.971 13.683 15.916 15.019 17.278 18.774 19.165 15.685 14.802 11.352 11.994 10.628 12.484 13.391 16.717 19.239 19.472 15.828 15.614 14.513 12.596 10.623  9.998  8.835  6.423  5.024  5.389  3.781  0.000  3.837  5.945  5.764  7.790  9.107 10.147 13.768 14.019 12.846 15.780 15.729 19.091 20.880 24.588 25.303 24.312 21.468 19.670 19.994 17.136 18.899 20.125 19.187 18.868 22.376 23.723 23.371 24.501 21.657 22.449 20.702 20.065 20.212 18.769 17.203 17.178 14.772 16.587 15.425 17.914 19.349 20.601 22.311 24.006
 16.564 14.386 13.458 12.318 11.128 13.020 12.265 14.562 15.723 15.749 12.164 11.290  7.955  8.968  8.682 11.388 13.107 16.808 19.217 20.186 16.749 16.719 15.178 14.122 12.216 10.385  9.697  8.630  6.025  4.883  5.556  3.837  0.000  3.775  6.067  8.170 10.774 11.740 15.266 14.626 12.962 15.510 15.021 17.950 19.494 23.036 23.831 23.401 20.963 19.563 20.600 18.276 20.379 21.033 19.818 18.765 22.336 23.899 23.014 23.861 20.637 21.104 19.025 17.764 18.026 16.331 15.238 15.143 13.101 15.286 14.626 17.672 19.196 20.684 22.528 24.082
 19.407 16.936 15.329 13.399 11.286 12.200 10.398 11.970 13.076 13.859 10.682 10.924  8.458 10.825 11.281 14.469 15.962 19.665 21.642 22.600 19.083 18.409 16.211 15.050 14.037 11.947 10.257  9.972  8.449  5.648  5.620  5.945  3.775  0.000  3.818  5.625  9.124 10.792 13.773 12.429 11.311 14.166 14.396 17.290 19.370 22.858 23.074 22.782 20.277 19.499 20.668 18.611 21.249 22.102 21.418 20.408 24.164 25.284 24.049 25.287 22.087 22.920 21.118 19.488 19.190 16.832 15.359 14.321 11.695 13.156 11.965 14.947 16.088 17.564 19.464 21.059
 21.997 19.928 18.373 16.751 14.420 15.378 13.179 14.307 15.550 16.952 14.089 14.608 12.144 14.329 14.174 16.948 17.948 21.428 23.433 23.810 20.099 19.065 16.995 15.019 14.356 13.132 10.658  9.646  9.403  7.142  4.756  5.764  6.067  3.818  0.000  3.809  6.673  9.404 12.076 11.239 11.205 14.695 15.728 19.003 21.506 25.114 25.024 24.288 21.373 20.515 21.067 18.629 21.205 22.681 22.448 22.062 25.835 26.635 25.732 27.334 24.426 25.594 24.053 22.768 22.308 19.980 18.049 16.781 13.637 14.337 12.234 14.438 15.050 16.200 17.926 19.695
 22.272 20.283 18.132 16.397 13.478 14.249 11.786 12.889 14.840 16.535 14.058 14.626 12.488 15.069 14.724 17.621 17.996 21.287 22.727 22.960 19.272 17.588 15.023 13.071 13.355 12.002  8.840  8.929  9.684  6.760  4.776  7.790  8.170  5.625  3.809  0.000  3.917  6.433  8.660  7.460  7.663 11.323 12.928 16.274 19.166 22.750 22.284 21.326 18.252 17.671 18.150 15.959 18.901 20.488 20.776 20.588 24.428 24.728 23.682 25.702 23.045 24.720 23.711 22.545 21.462 18.890 16.390 14.689 11.167 11.276  8.860 10.831 11.752 13.094 15.044 17.050
 23.386 21.936 19.807 18.603 15.711 16.881 14.666 15.913 18.226 19.969 17.572 17.818 15.462 17.653 16.576 18.953 18.601 21.450 22.687 22.282 18.569 16.435 14.098 11.423 12.344 11.988  8.366  8.115 10.339  8.396  5.688  9.107 10.774  9.124  6.673  3.917  0.000  3.846  5.662  6.098  7.234 11.030 13.163 16.776 19.854 23.486 22.896 21.318 17.868 16.971 16.647 14.081 16.823 19.005 19.814 20.345 24.062 23.954 23.348 25.729 23.533 25.600 25.025 24.391 23.101 20.786 17.872 16.345 12.768 12.473  9.824 10.707 11.688 12.681 14.439 16.659
 21.455 20.346 18.018 17.224 14.392 15.991 14.392 16.223 19.048 20.374 17.983 17.622 15.212 17.075 15.502 17.573 16.559 19.036 19.814 19.234 15.652 13.115 10.615  7.967  9.662  9.453  5.710  6.552  9.435  7.930  6.536 10.147 11.740 10.792  9.404  6.433  3.846  0.000  3.855  5.432  5.178  8.416 10.345 14.063 17.057 20.696 20.240 18.284 14.710 13.448 12.876 10.254 13.089 15.261 16.311 17.083 20.722 20.345 19.851 22.424 20.536 22.920 22.799 22.560 20.971 18.905 15.703 14.531 11.249 11.241  9.410 10.310 12.342 13.551 15.317 17.445
 24.719 23.634 21.023 20.037 16.906 17.979 16.026 17.278 20.226 21.996 20.113 20.162 18.213 20.388 19.000 21.129 19.894 22.120 22.455 21.664 18.303 15.273 12.599 10.113 12.669 12.614  8.993 10.219 13.222 11.512 10.117 13.768 15.266 13.773 12.076  8.660  5.662  3.855  0.000  3.790  5.616  8.328 11.324 14.683 18.063 21.436 20.358 18.150 14.459 13.820 12.856 10.762 13.784 16.269 18.078 19.167 22.649 21.655 21.093 24.088 22.570 25.324 25.602 25.361 23.363 21.086 17.601 15.904 12.509 11.366  9.037  8.462 10.255 11.123 12.719 15.075
 24.875 23.264 20.346 18.720 15.249 15.615 13.191 13.977 16.902 18.923 17.411 17.943 16.552 19.258 18.551 21.232 20.468 23.059 23.347 23.144 19.806 16.927 13.725 12.024 14.326 13.257  9.692 11.577 13.753 11.093 10.284 14.019 14.626 12.429 11.239  7.460  6.098  5.432  3.790  0.000  3.847  6.847 10.230 13.277 16.879 20.147 18.747 17.100 13.692 13.878 13.861 12.491 15.981 17.855 19.424 19.843 23.493 22.620 21.442 24.330 22.467 25.102 25.219 24.447 22.300 19.558 16.149 13.806 10.156  8.357  5.444  5.068  7.094  8.679 10.720 13.173
 21.370 19.748 16.696 15.181 11.782 12.529 10.752 12.392 15.634 16.988 15.236 15.148 13.690 16.180 15.374 18.038 17.197 19.786 19.916 20.050 16.826 14.089 10.610  9.670 11.836 10.111  6.947  9.785 11.454  8.761  9.245 12.846 12.962 11.311 11.205  7.663  7.234  5.178  5.616  3.847  0.000  3.859  6.590  9.917 13.346 16.795 15.833 14.282 10.942 10.816 11.428 10.256 13.894 15.159 16.333 16.342 20.057 19.405 18.018 20.728 18.710 21.297 21.449 20.722 18.512 15.877 12.421 10.394  6.915  6.192  4.985  6.585  9.660 11.595 13.700 15.617
 20.964 19.449 16.047 14.625 11.310 11.877 10.837 12.666 16.202 17.132 15.824 15.389 14.467 16.762 15.991 18.489 17.291 19.478 18.894 19.244 16.516 13.576  9.797 10.128 12.722 10.661  8.514 12.057 13.432 11.026 12.426 15.780 15.510 14.166 14.695 11.323 11.030  8.416  8.328  6.847  3.859  0.000  3.852  6.550 10.183 13.415 12.219 10.490  7.180  7.689  9.009  9.113 12.908 13.482 14.898 14.674 18.172 17.111 15.299 18.226 16.509 19.435 20.151 19.541 16.796 14.200 10.493  8.430  5.864  5.099  6.120  7.448 11.108 13.164 15.273 16.768
 17.677 16.202 12.688 11.561  8.677  9.867 10.096 12.755 16.256 16.325 14.797 13.540 12.621 14.375 13.499 15.790 14.513 16.572 15.740 16.596 14.189 11.685  7.902  9.567 11.545  8.841  8.077 11.904 12.476 10.513 12.941 15.729 15.021 14.396 15.728 12.928 13.163 10.345 11.324 10.230  6.590  3.852  0.000  3.804  6.847 10.438 10.174  8.719  5.985  5.722  8.266  8.791 12.182 11.757 12.438 11.489 15.000 14.323 12.168 14.757 12.787 15.646 16.449 15.941 13.088 10.760  6.994  5.924  4.915  6.451  8.830 10.980 14.580 16.666 18.789 20.112
 18.454 16.904 13.175 11.912  9.432  9.857 10.798 13.203 16.638 16.297 15.428 14.103 14.052 15.697 15.279 17.470 16.246 17.959 16.518 17.839 16.095 13.829 10.328 12.751 14.639 11.805 11.693 15.501 15.700 13.759 16.493 19.091 17.950 17.290 19.003 16.274 16.776 14.063 14.683 13.277  9.917  6.550  3.804  0.000  3.795  6.918  6.420  5.566  4.371  5.750  9.315 11.107 14.147 12.911 13.513 11.980 14.963 14.051 11.128 13.592 11.838 14.781 16.069 15.392 11.977  9.608  6.101  5.060  6.243  7.547 10.873 12.841 16.397 18.531 20.650 21.732
 16.743 15.392 11.779 11.062  9.706 10.447 12.527 15.219 18.345 17.256 16.411 14.441 14.605 15.517 15.105 16.815 15.534 16.788 14.881 16.748 15.707 14.068 11.184 14.362 15.699 12.789 13.715 17.345 17.014 15.595 18.766 20.880 19.494 19.370 21.506 19.166 19.854 17.057 18.063 16.879 13.346 10.183  6.847  3.795  0.000  3.864  5.467  5.557  6.383  6.917 10.702 12.792 15.113 12.978 12.851 10.543 12.948 12.371  8.923 10.719  8.952 11.783 13.491 13.013  9.325  7.722  5.176  6.217  8.919 10.941 14.421 16.582 20.105 22.213 24.302 25.296
 18.861 17.631 14.220 13.570 12.690 12.827 15.105 17.383 20.288 18.955 18.684 16.798 17.529 18.318 18.194 19.698 18.452 19.301 16.962 19.007 18.560 17.095 14.534 17.859 19.249 16.453 17.490 21.110 20.713 19.309 22.518 24.588 23.036 22.858 25.114 22.750 23.486 20.696 21.436 20.147 16.795 13.415 10.438  6.918  3.864  0.000  3.822  5.516  8.263  9.508 13.115 15.781 17.783 15.280 15.204 12.803 14.324 13.485  9.746 11.061 10.049 12.598 14.787 14.304 10.505  9.420  8.101  9.009 12.099 13.698 17.359 19.280 22.672 24.755 26.801 27.640
 21.958 20.501 16.866 15.636 13.925 13.356 14.782 16.414 19.450 18.714 18.905 17.730 18.690 20.147 20.218 22.153 20.957 22.095 19.911 21.587 20.748 18.729 15.708 18.570 20.507 17.757 18.023 21.818 21.840 19.937 22.800 25.303 23.831 23.074 25.024 22.284 22.896 20.240 20.358 18.747 15.833 12.219 10.174  6.420  5.467  3.822  0.000  3.821  6.950  9.639 13.107 16.017 18.506 16.561 17.238 15.379 17.220 15.851 12.309 14.309 13.444 16.196 18.202 17.438 13.627 11.757  9.762  9.117 11.556 12.092 15.690 17.105 20.342 22.397 24.404 25.194
 21.739 20.732 17.180 16.453 14.559 14.732 15.844 17.745 21.093 20.714 20.395 19.086 19.348 20.690 20.107 21.773 20.029 20.900 18.574 19.635 18.745 16.287 13.329 16.059 18.430 16.204 16.305 20.069 20.650 19.061 21.606 24.312 23.401 22.782 24.288 21.326 21.318 18.284 18.150 17.100 14.282 10.490  8.719  5.566  5.557  5.516  3.821  0.000  3.820  6.548  9.654 12.862 15.245 13.501 14.786 13.664 15.542 13.567 10.448 13.272 12.942 16.283 18.589 18.450 14.723 13.158 10.430 10.002 11.580 11.900 15.060 16.030 19.458 21.406 23.353 24.276
 21.102 20.144 16.619 15.915 13.556 14.154 14.686 16.715 20.260 20.316 19.552 18.367 18.048 19.566 18.630 20.393 18.512 19.625 17.701 18.273 16.808 13.913 10.641 12.845 15.573 13.624 13.192 16.926 17.963 16.374 18.543 21.468 20.963 20.277 21.373 18.252 17.868 14.710 14.459 13.692 10.942  7.180  5.985  4.371  6.383  8.263  6.950  3.820  0.000  3.876  6.723  9.591 12.466 11.451 13.182 12.692 15.181 13.189 10.704 13.991 13.386 16.895 18.858 18.833 15.366 13.569 10.158  9.366  9.743  9.815 12.429 13.230 16.793 18.731 20.698 21.776
 18.483 18.047 14.872 14.961 13.071 14.683 15.570 18.194 21.712 21.538 20.128 18.409 17.370 18.289 16.666 17.887 15.535 16.308 14.360 14.567 13.117 10.149  7.150  9.739 12.373 10.885 11.033 14.527 15.671 14.836 17.016 19.670 19.563 19.499 20.515 17.671 16.971 13.448 13.820 13.878 10.816  7.689  5.722  5.750  6.917  9.508  9.639  6.548  3.876  0.000  3.824  6.474  8.966  7.701  9.393  9.343 11.968 10.042  8.205 11.679 11.217 14.870 16.887 17.494 14.395 13.277  9.903 10.264 10.487 11.461 13.660 14.751 18.389 20.207 22.122 23.350
 20.045 20.100 17.306 17.781 15.908 17.813 18.330 20.879 24.432 24.565 22.922 21.270 19.757 20.544 18.415 19.250 16.463 16.848 14.990 14.184 12.678  9.157  6.865  8.455 11.703 11.426 11.209 14.160 16.086 15.759 17.248 19.994 20.600 20.668 21.067 18.150 16.647 12.876 12.856 13.861 11.428  9.009  8.266  9.315 10.702 13.115 13.107  9.654  6.723  3.824  0.000  3.809  5.933  5.804  8.802 10.280 12.573 10.130  9.669 13.340 13.492 17.168 19.237 20.300 17.518 16.668 13.294 13.622 13.127 13.677 15.030 15.480 18.937 20.452 22.178 23.497
 19.092 19.270 16.843 17.504 15.654 17.998 18.244 20.928 24.371 24.646 22.540 20.872 18.773 19.421 16.911 17.597 14.773 15.368 14.254 12.945 10.703  6.932  4.898  5.017  8.572  9.154  8.622 10.976 13.368 13.521 14.509 17.136 18.276 18.611 18.629 15.959 14.081 10.254 10.762 12.491 10.256  9.113  8.791 11.107 12.792 15.781 16.017 12.862  9.591  6.474  3.809  0.000  3.847  5.612  8.227 10.299 13.012 11.326 11.593 14.831 14.518 17.835 19.342 20.480 18.219 17.403 14.062 14.468 13.283 14.059 14.682 15.274 18.536 19.908 21.572 23.079
 19.055 19.971 18.096 19.469 18.211 20.930 21.541 24.428 27.811 27.849 25.553 23.540 21.193 21.245 18.280 18.167 14.842 14.529 13.181 10.994  9.423  5.900  6.219  6.374  9.026 10.689 11.030 12.530 14.871 15.892 16.774 18.899 20.379 21.249 21.205 18.901 16.823 13.089 13.784 15.981 13.894 12.908 12.182 14.147 15.113 17.783 18.506 15.245 12.466  8.966  5.933  3.847  0.000  3.760  6.708  9.939 11.770  9.959 11.465 14.413 14.797 17.979 19.730 21.525 19.588 19.461 16.495 17.538 16.723 17.794 18.457 19.025 22.199 23.437 25.020 26.551
 17.016 18.102 16.217 17.907 17.130 19.914 21.140 24.241 27.605 27.190 25.009 22.642 20.564 20.282 17.402 17.053 13.590 12.827 10.675  9.003  8.357  5.428  5.946  8.085  9.975 10.759 12.084 14.057 15.582 16.587 18.241 20.125 21.033 22.102 22.681 20.488 19.005 15.261 16.269 17.855 15.159 13.482 11.757 12.911 12.978 15.280 16.561 13.501 11.451  7.701  5.804  5.612  3.760  0.000  3.861  6.952  8.340  6.254  7.876 10.757 11.528 14.821 17.005 19.060 17.022 17.360 14.750 16.398 16.411 17.956 19.346 20.344 23.762 25.243 26.948 28.349
 13.432 14.903 13.519 15.825 15.805 18.982 20.721 24.126 27.260 26.400 23.975 21.189 18.958 18.037 14.961 14.042 10.428  9.192  6.852  5.498  5.387  4.084  5.884  8.685  9.066  9.560 12.000 13.649 14.318 15.821 17.929 19.187 19.818 21.418 22.448 20.776 19.814 16.311 18.078 19.424 16.333 14.898 12.438 13.513 12.851 15.204 17.238 14.786 13.182  9.393  8.802  8.227  6.708  3.861  0.000  3.868  5.277  5.086  7.008  8.668  9.022 11.776 13.743 16.175 14.669 15.650 13.696 16.096 16.563 18.812 20.453 22.056 25.511 27.121 28.915 30.288
 10.671 11.811 10.223 12.683 13.185 16.361 18.630 22.173 25.123 23.838 21.504 18.461 16.550 15.396 12.681 11.898  8.690  7.853  5.113  6.259  6.294  6.252  6.727 10.262 10.034  9.115 12.112 14.154 13.888 15.051 17.840 18.868 18.765 20.408 22.062 20.588 20.345 17.083 19.167 19.843 16.342 14.674 11.489 11.980 10.543 12.803 15.379 13.664 12.692  9.343 10.280 10.299  9.939  6.952  3.868  0.000  3.886  5.472  5.553  6.181  5.378  8.084 10.084 12.440 10.898 12.228 10.840 13.819 14.993 17.742 19.894 22.008 25.537 27.342 29.264 30.570
 11.709 13.651 12.738 15.590 16.578 19.643 22.169 25.693 28.590 27.093 24.875 21.680 19.931 18.400 15.697 14.260 10.987  8.856  5.108  5.997  8.101  8.798 10.178 13.495 13.196 12.800 15.863 17.646 17.373 18.817 21.546 22.376 22.336 24.164 25.835 24.428 24.062 20.722 22.649 23.493 20.057 18.172 15.000 14.963 12.948 14.324 17.220 15.542 15.181 11.968 12.573 13.012 11.770  8.340  5.277  3.886  0.000  3.886  5.441  4.528  5.896  7.980 10.759 13.852 12.619 14.711 13.891 17.067 18.602 21.287 23.582 25.556 29.131 30.898 32.777 34.018
 15.296 16.841 15.297 17.575 17.837 20.564 22.741 26.033 29.202 28.053 26.104 23.234 21.665 20.728 18.137 17.229 13.864 12.141  8.635  8.366  9.897  9.112  9.954 13.216 13.989 13.814 16.200 18.368 18.795 19.853 22.324 23.723 23.899 25.284 26.635 24.728 23.954 20.345 21.655 22.620 19.405 17.111 14.323 14.051 12.371 13.485 15.851 13.567 13.189 10.042 10.130 11.326  9.959  6.254  5.086  5.472  3.886  0.000  3.806  5.371  7.787 10.844 13.964 16.625 14.664 16.122 14.598 17.208 18.544 20.675 22.935 24.416 28.027 29.724 31.539 32.756
 15.039 15.811 13.633 15.366 15.474 17.788 20.127 23.308 26.441 25.177 23.561 20.794 19.735 19.134 17.114 16.853 14.016 13.102  9.740 10.695 11.499 10.461  9.972 13.666 14.637 13.469 15.687 18.434 18.544 18.937 21.776 23.371 23.014 24.049 25.732 23.682 23.348 19.851 21.093 21.442 18.018 15.299 12.168 11.128  8.923  9.746 12.309 10.448 10.704  8.205  9.669 11.593 11.465  7.876  7.008  5.553  5.441  3.806  0.000  3.853  5.645  9.288 12.572 14.597 12.023 13.166 11.671 14.244 16.076 18.239 20.928 22.598 26.255 28.092 29.992 31.114
 13.136 14.289 12.755 15.053 16.075 18.530 21.384 24.721 27.567 25.822 24.129 20.996 20.022 18.790 16.860 16.059 13.465 12.055  8.479 10.389 12.001 12.164 12.303 16.044 16.189 14.874 17.687 20.122 19.594 20.302 23.422 24.501 23.861 25.287 27.334 25.702 25.729 22.424 24.088 24.330 20.728 18.226 14.757 13.592 10.719 11.061 14.309 13.272 13.991 11.679 13.340 14.831 14.413 10.757  8.668  6.181  4.528  5.371  3.853  0.000  3.850  6.440 10.134 12.693 10.721 12.901 12.506 15.717 18.023 20.647 23.502 25.547 29.190 31.081 33.029 34.128
 10.370 10.847  8.991 11.244 12.540 15.121 18.160 21.612 24.284 22.374 20.539 17.287 16.334 15.041 13.372 12.922 10.864 10.357  7.553 10.404 11.090 11.514 11.093 14.833 14.530 12.525 15.486 17.944 16.891 17.389 20.771 21.657 20.637 22.087 24.426 23.045 23.533 20.536 22.570 22.467 18.710 16.509 12.787 11.838  8.952 10.049 13.444 12.942 13.386 11.217 13.492 14.518 14.797 11.528  9.022  5.378  5.896  7.787  5.645  3.850  0.000  3.854  7.007  9.129  7.095  9.362  9.341 12.897 15.329 18.345 21.236 23.698 27.264 29.239 31.251 32.366
  8.282  8.931  8.163 10.949 13.300 15.900 19.299 22.799 25.047 22.686 20.751 17.211 16.353 14.346 12.963 11.990 10.655 10.013  7.875 11.484 12.495 13.888 13.894 17.396 16.349 14.251 17.549 19.579 17.862 18.614 22.153 22.449 21.104 22.920 25.594 24.720 25.600 22.920 25.324 25.102 21.297 19.435 15.646 14.781 11.783 12.598 16.196 16.283 16.895 14.870 17.168 17.835 17.979 14.821 11.776  8.084  7.980 10.844  9.288  6.440  3.854  0.000  3.879  6.751  6.211  9.624 10.944 14.750 17.392 20.724 23.616 26.399 29.861 31.851 33.869 34.932
  5.619  5.556  5.851  8.972 12.099 14.831 18.297 21.830 23.686 21.092 18.864 15.141 14.139 11.552 10.484  9.381  9.195  9.388  8.768 12.615 13.006 14.900 14.877 17.950 16.238 13.881 17.273 18.870 16.496 17.342 20.950 20.702 19.025 21.118 24.053 23.711 25.025 22.799 25.602 25.219 21.449 20.151 16.449 16.069 13.491 14.787 18.202 18.589 18.858 16.887 19.237 19.342 19.730 17.005 13.743 10.084 10.759 13.964 12.572 10.134  7.007  3.879  0.000  3.872  5.570  9.045 11.104 14.868 17.304 20.913 23.586 26.706 29.980 31.986 34.019 35.099
  7.736  5.510  4.810  6.490  9.976 12.122 15.751 19.093 20.605 17.740 15.715 12.021 11.701  9.404  9.648  9.808 10.771 12.124 12.012 15.735 15.417 16.862 16.068 18.960 17.371 14.381 17.314 19.108 16.405 16.527 20.299 20.065 17.764 19.488 22.768 22.545 24.391 22.560 25.361 24.447 20.722 19.541 15.941 15.392 13.013 14.304 17.438 18.450 18.833 17.494 20.300 20.480 21.525 19.060 16.175 12.440 13.852 16.625 14.597 12.693  9.129  6.751  3.872  0.000  3.836  6.686  9.672 13.091 15.720 19.366 22.130 25.485 28.574 30.636 32.692 33.695
  9.999  8.047  5.443  6.079  8.458 10.302 13.973 17.284 19.243 16.657 15.030 11.625 11.687 10.488 10.643 11.502 11.631 12.984 12.054 15.519 15.063 15.692 14.283 17.481 16.649 13.440 16.013 18.468 16.325 15.909 19.729 20.212 18.026 19.190 22.308 21.462 23.101 20.971 23.363 22.300 18.512 16.796 13.088 11.977  9.325 10.505 13.627 14.723 15.366 14.395 17.518 18.219 19.588 17.022 14.669 10.898 12.619 14.664 12.023 10.721  7.095  6.211  5.570  3.836  0.000  3.816  6.594 10.144 13.201 16.664 19.759 22.920 26.154 28.239 30.322 31.303
 12.473  9.865  6.379  4.669  5.595  6.682 10.360 13.578 15.663 13.273 11.862  8.835  9.484  9.552 10.423 12.459 12.866 14.966 14.319 17.368 16.184 16.105 13.877 16.743 16.353 12.736 14.529 17.330 15.347 14.075 17.870 18.769 16.331 16.832 19.980 18.890 20.786 18.905 21.086 19.558 15.877 14.200 10.760  9.608  7.722  9.420 11.757 13.158 13.569 13.277 16.668 17.403 19.461 17.360 15.650 12.228 14.711 16.122 13.166 12.901  9.362  9.624  9.045  6.686  3.816  0.000  3.802  6.706  9.909 13.299 16.477 19.731 22.842 24.987 27.116 28.092
 13.705 11.512  7.677  6.072  4.701  6.152  8.977 12.324 15.089 13.542 12.032  9.566  9.576 10.475 10.610 12.910 12.610 14.800 13.989 16.383 14.741 13.856 11.045 13.790 14.064 10.470 11.694 14.936 13.654 12.063 15.656 17.203 15.238 15.359 18.049 16.390 17.872 15.703 17.601 16.149 12.421 10.493  6.994  6.101  5.176  8.101  9.762 10.430 10.158  9.903 13.294 14.062 16.495 14.750 13.696 10.840 13.891 14.598 11.671 12.506  9.341 10.944 11.104  9.672  6.594  3.802  0.000  3.855  6.819 10.163 13.362 16.418 19.701 21.847 24.014 25.123
 17.158 14.710 10.905  8.400  5.444  4.838  6.321  9.169 12.304 11.462 10.515  9.239  9.856 12.007 12.665 15.573 15.483 17.989 17.357 19.351 17.290 15.798 12.415 14.495 15.368 11.795 11.794 15.257 14.414 11.905 15.084 17.178 15.143 14.321 16.781 14.689 16.345 14.531 15.904 13.806 10.394  8.430  5.924  5.060  6.217  9.009  9.117 10.002  9.366 10.264 13.622 14.468 17.538 16.398 16.096 13.819 17.067 17.208 14.244 15.717 12.897 14.750 14.868 13.091 10.144  6.706  3.855  0.000  3.831  6.718 10.192 13.261 16.411 18.624 20.850 21.920
 18.575 16.195 12.604 10.125  6.444  6.094  5.287  7.903 11.368 11.595 10.267  9.795  9.662 12.438 12.826 16.005 15.895 18.713 18.536 19.963 17.317 15.417 11.791 12.892 14.047 10.731  9.585 12.971 12.656  9.597 12.197 14.772 13.101 11.695 13.637 11.167 12.768 11.249 12.509 10.156  6.915  5.864  4.915  6.243  8.919 12.099 11.556 11.580  9.743 10.487 13.127 13.283 16.723 16.411 16.563 14.993 18.602 18.544 16.076 18.023 15.329 17.392 17.304 15.720 13.201  9.909  6.819  3.831  0.000  3.785  6.629  9.947 13.054 15.307 17.618 18.941
 22.230 19.932 16.349 13.838 10.136  9.073  7.051  7.974 11.521 12.764 12.180 12.677 12.846 15.926 16.349 19.539 19.265 21.978 21.659 22.722 19.998 17.604 13.815 14.381 16.209 13.376 11.398 14.702 15.108 11.811 13.514 16.587 15.286 13.156 14.337 11.276 12.473 11.241 11.366  8.357  6.192  5.099  6.451  7.547 10.941 13.698 12.092 11.900  9.815 11.461 13.677 14.059 17.794 17.956 18.812 17.742 21.287 20.675 18.239 20.647 18.345 20.724 20.913 19.366 16.664 13.299 10.163  6.718  3.785  0.000  3.846  6.643  9.749 12.150 14.549 15.937
 24.181 21.947 18.638 16.211 12.468 11.678  8.839  9.056 12.187 14.242 13.405 14.429 14.100 17.348 17.611 20.841 20.633 23.508 23.591 24.233 21.144 18.600 14.949 14.520 16.418 14.120 11.310 13.994 14.909 11.463 12.081 15.425 14.626 11.965 12.234  8.860  9.824  9.410  9.037  5.444  4.985  6.120  8.830 10.873 14.421 17.359 15.690 15.060 12.429 13.660 15.030 14.682 18.457 19.346 20.453 19.894 23.582 22.935 20.928 23.502 21.236 23.616 23.586 22.130 19.759 16.477 13.362 10.192  6.629  3.846  0.000  3.797  6.538  9.037 11.585 13.417
 27.309 25.315 21.988 19.762 16.045 15.284 12.486 12.219 15.122 17.533 17.010 18.182 17.831 20.996 21.004 24.047 23.495 26.122 25.994 26.231 23.183 20.242 16.660 15.861 18.319 16.590 13.478 15.979 17.567 14.396 14.344 17.914 17.672 14.947 14.438 10.831 10.707 10.310  8.462  5.068  6.585  7.448 10.980 12.841 16.582 19.280 17.105 16.030 13.230 14.751 15.480 15.274 19.025 20.344 22.056 22.008 25.556 24.416 22.598 25.547 23.698 26.399 26.706 25.485 22.920 19.731 16.418 13.261  9.947  6.643  3.797  0.000  3.878  6.457  9.048 11.215
 30.393 28.249 25.037 22.621 18.882 17.834 14.620 13.606 15.935 18.842 18.574 20.279 20.039 23.399 23.639 26.809 26.496 29.272 29.370 29.547 26.359 23.479 20.010 18.842 21.145 19.582 16.246 18.245 19.863 16.589 15.915 19.349 19.196 16.088 15.050 11.752 11.688 12.342 10.255  7.094  9.660 11.108 14.580 16.397 20.105 22.672 20.342 19.458 16.793 18.389 18.937 18.536 22.199 23.762 25.511 25.537 29.131 28.027 26.255 29.190 27.264 29.861 29.980 28.574 26.154 22.842 19.701 16.411 13.054  9.749  6.538  3.878  0.000  3.875  6.713  9.164
 32.271 30.181 27.038 24.674 20.979 19.965 16.691 15.488 17.583 20.677 20.441 22.270 21.991 25.328 25.500 28.590 28.245 30.980 31.121 31.121 27.914 24.996 21.663 20.248 22.581 21.302 17.872 19.587 21.392 18.263 17.211 20.601 20.684 17.564 16.200 13.094 12.681 13.551 11.123  8.679 11.595 13.164 16.666 18.531 22.213 24.755 22.397 21.406 18.731 20.207 20.452 19.908 23.437 25.243 27.121 27.342 30.898 29.724 28.092 31.081 29.239 31.851 31.986 30.636 28.239 24.987 21.847 18.624 15.307 12.150  9.037  6.457  3.875  0.000  3.870  6.878
 34.262 32.196 29.111 26.782 23.158 22.160 18.909 17.541 19.375 22.584 22.431 24.338 24.070 27.367 27.516 30.529 30.165 32.858 33.014 32.910 29.701 26.742 23.500 21.949 24.316 23.221 19.783 21.336 23.237 20.252 19.018 22.311 22.528 19.464 17.926 15.044 14.439 15.317 12.719 10.720 13.700 15.273 18.789 20.650 24.302 26.801 24.404 23.353 20.698 22.122 22.178 21.572 25.020 26.948 28.915 29.264 32.777 31.539 29.992 33.029 31.251 33.869 34.019 32.692 30.322 27.116 24.014 20.850 17.618 14.549 11.585  9.048  6.713  3.870  0.000  3.824
