  0.000  3.832  6.735 10.310 13.235 16.722 19.674 23.312 24.895 22.444 19.768 16.050 13.824 10.330  8.289  5.512  5.461  5.855  7.629 10.800 10.733 13.726 14.491 16.788 14.153 12.381 15.993 16.555 13.828 15.672 18.850 17.948 17.067 19.801 22.237 22.383 23.490 21.442 24.605 25.039 21.668 21.067 17.865 18.641 16.877 19.136 22.209 21.739 21.168 18.466 20.050 19.206 19.378 17.248 13.653 10.914 11.890 15.485 15.149 13.253 10.462  8.378  5.656  7.640  9.932 12.576 13.887 17.347 18.685 22.375 24.427 27.375 30.092 31.672 33.528 34.869
  3.832  0.000  3.828  6.835 10.052 13.335 16.355 19.921 21.294 18.750 16.078 12.330 10.340  6.826  5.741  4.667  6.279  8.415 10.006 13.172 12.236 14.517 14.304 16.571 14.191 11.568 14.722 15.651 12.562 13.597 17.080 16.334 14.770 17.175 20.004 20.159 21.765 20.067 23.240 23.148 19.713 19.238 16.033 16.758 15.230 17.571 20.474 20.434 19.904 17.676 19.736 19.039 19.951 18.017 14.810 11.766 13.591 16.783 15.664 14.168 10.710  8.874  5.646  5.468  7.893  9.787 11.396 14.615 16.022 19.799 21.906 25.098 27.747 29.417 31.325 32.687
  6.735  3.828  0.000  3.820  6.707 10.081 13.221 16.868 18.589 16.154 13.775 10.115  8.488  6.011  5.389  6.398  7.084  9.553 10.239 13.257 11.851 13.180 12.076 14.631 12.984  9.734 12.490 14.238 11.542 11.737 15.472 15.547 13.850 15.560 18.377 17.931 19.539 17.689 20.573 20.204 16.614 15.828 12.493 13.038 11.654 14.187 16.879 16.911 16.395 14.489 16.914 16.590 18.029 16.110 13.398 10.189 12.694 15.270 13.517 12.658  8.897  8.137  6.042  4.878  5.350  6.414  7.606 10.860 12.455 16.221 18.574 21.755 24.508 26.269 28.172 29.543
 10.310  6.835  3.820  0.000  3.824  6.580  9.901 13.431 14.925 12.375 10.123  6.498  5.776  4.735  6.254  8.869 10.235 13.129 13.791 16.587 14.746 15.395 13.454 15.720 14.544 10.847 12.589 14.690 11.981 10.969 14.785 15.187 12.799 13.756 16.928 16.390 18.552 17.198 19.907 18.860 15.320 14.690 11.577 11.964 11.111 13.560 15.798 16.403 15.966 14.837 17.647 17.531 19.646 18.044 15.906 12.836 15.687 17.746 15.447 15.055 11.264 10.902  9.055  6.430  6.056  4.748  6.106  8.502 10.193 13.940 16.360 19.793 22.418 24.269 26.201 27.577
 13.235 10.052  6.707  3.824  0.000  3.828  6.580 10.301 12.395 10.510  8.381  5.649  5.040  6.378  7.536 10.842 11.731 14.804 15.317 17.511 15.104 14.853 12.161 14.007 13.520  9.685 10.322 12.908 10.811  8.781 12.449 13.654 11.357 11.421 14.349 13.267 15.465 14.251 16.693 15.306 11.811 11.357  8.664  9.552  9.875 12.778 14.183 14.610 13.673 12.971 15.746 15.615 18.301 17.224 15.818 13.296 16.654 18.026 15.590 16.114 12.568 13.260 12.183  9.933  8.431  5.759  4.752  5.630  6.516 10.254 12.565 16.038 18.661 20.571 22.573 24.035
 16.722 13.335 10.081  6.580  3.828  0.000  3.833  7.160  9.076  7.093  5.923  4.633  6.356  8.903 10.952 14.420 15.534 18.589 18.920 21.130 18.732 18.125 15.062 16.722 16.725 12.957 12.774 15.513 13.712 10.917 14.133 15.666 12.977 12.017 15.020 13.711 16.317 15.635 17.551 15.400 12.211 11.727  9.634  9.846 10.621 12.894 13.647 14.805 14.232 14.527 17.562 17.842 20.905 19.956 18.980 16.498 19.791 20.804 17.978 18.667 15.276 16.013 15.079 12.296 10.529  6.976  6.167  4.857  5.911  8.930 11.417 15.006 17.414 19.407 21.343 22.740
 19.674 16.355 13.221  9.901  6.580  3.833  0.000  3.851  6.537  6.228  5.360  6.315  7.675 11.098 12.930 16.618 17.725 20.961 21.490 23.251 20.446 19.383 16.055 16.968 17.324 13.848 12.602 15.172 13.887 10.421 12.855 14.823 12.226 10.221 12.846 11.301 14.168 14.179 15.758 13.076 10.499 10.819  9.982 10.881 12.753 15.149 15.041 15.958 14.836 15.501 18.138 18.154 21.557 21.231 20.760 18.806 22.340 23.013 20.333 21.530 18.313 19.417 18.571 15.948 14.176 10.644  9.044  6.453  5.307  7.090  8.684 12.345 14.422 16.417 18.436 19.939
 23.312 19.921 16.868 13.431 10.301  7.160  3.851  0.000  3.862  5.548  6.314  8.881 10.764 14.371 16.429 20.158 21.380 24.645 25.163 26.842 23.971 22.692 19.240 19.855 20.479 17.201 15.480 17.885 16.892 13.212 14.943 17.023 14.413 11.689 13.910 12.357 15.350 16.003 17.024 13.811 12.053 12.634 12.613 13.249 15.419 17.374 16.656 17.871 16.867 18.115 20.657 20.800 24.378 24.286 24.124 22.311 25.835 26.280 23.494 24.844 21.750 22.902 22.101 19.308 17.509 13.843 12.358  9.260  7.931  8.012  8.816 12.069 13.540 15.448 17.307 18.710
 24.895 21.294 18.589 14.925 12.395  9.076  6.537  3.862  0.000  3.839  5.730  9.263 11.771 15.346 17.981 21.719 23.441 26.851 27.608 29.526 26.702 25.743 22.431 23.051 23.328 19.981 18.464 20.532 19.126 15.529 17.194 18.731 15.700 13.036 15.541 14.699 18.036 19.098 20.278 17.018 15.488 16.244 16.070 16.522 18.308 19.967 19.453 21.038 20.312 21.550 24.189 24.270 27.789 27.606 27.189 25.146 28.593 29.310 26.460 27.483 24.216 24.926 23.730 20.585 19.247 15.631 14.892 12.163 11.336 11.593 12.154 15.224 16.224 17.959 19.621 20.832
 22.444 18.750 16.154 12.375 10.510  7.093  6.228  5.548  3.839  0.000  3.809  6.742 10.015 13.167 16.183 19.790 21.673 24.991 25.676 27.963 25.437 24.864 21.734 22.868 22.833 19.224 18.399 20.604 18.709 15.440 17.802 19.001 15.698 13.778 16.852 16.170 19.504 20.047 21.608 18.654 16.462 16.712 15.686 15.709 16.775 18.231 18.326 20.199 19.895 20.907 23.872 24.123 27.432 26.786 25.961 23.511 26.752 27.769 24.808 25.388 21.994 22.303 20.927 17.569 16.455 12.947 12.972 10.886 11.120 12.366 13.809 17.179 18.638 20.472 22.177 23.374
 19.768 16.078 13.775 10.123  8.381  5.923  5.360  6.314  5.730  3.809  0.000  3.830  6.598  9.949 12.970 16.624 18.750 22.246 23.342 25.543 22.872 22.587 19.717 20.651 20.157 16.605 15.979 17.786 15.549 12.472 14.958 15.735 12.279 10.796 14.212 14.025 17.498 18.072 20.168 17.589 15.250 15.937 14.738 15.449 16.494 18.548 19.065 20.429 19.682 20.041 22.763 22.521 25.660 25.125 24.021 21.645 24.985 26.315 23.685 24.165 20.590 20.750 19.017 15.815 15.160 11.963 11.965 10.522 10.335 12.351 13.525 17.138 18.742 20.547 22.439 23.785
 16.050 12.330 10.115  6.498  5.649  4.633  6.315  8.881  9.263  6.742  3.830  0.000  3.820  6.514  9.727 13.240 15.416 18.828 19.940 22.367 19.934 20.059 17.512 18.856 17.979 14.295 14.485 16.316 13.661 11.203 14.362 14.817 11.445 11.064 14.689 14.555 17.712 17.641 20.131 18.098 15.212 15.515 13.549 14.215 14.613 16.831 18.023 19.199 18.554 18.367 21.158 20.883 23.690 22.800 21.271 18.641 21.823 23.484 20.975 21.095 17.400 17.258 15.318 12.154 11.819  9.036  9.605  9.359  9.905 12.867 14.582 18.284 20.320 22.169 24.121 25.501
 13.824 10.340  8.488  5.776  5.040  6.356  7.675 10.764 11.771 10.015  6.598  3.820  0.000  3.842  6.445 10.133 12.404 16.036 17.623 19.745 17.061 17.409 15.211 16.204 14.841 11.349 11.786 13.091 10.113  8.116 11.421 11.450  8.238  8.784 12.377 12.632 15.574 15.393 18.357 16.889 14.007 14.760 12.837 14.340 14.891 17.704 19.063 19.541 18.333 17.440 19.754 18.885 21.448 20.803 19.095 16.772 20.084 21.946 19.943 20.144 16.440 16.385 14.280 11.766 11.795  9.731  9.737 10.151  9.956 13.242 14.512 18.131 20.239 21.996 24.060 25.556
 10.330  6.826  6.011  4.735  6.378  8.903 11.098 14.371 15.346 13.167  9.949  6.514  3.842  0.000  3.817  6.933  9.722 13.253 15.137 17.572 15.300 16.439 14.960 16.322 14.309 11.006 12.612 13.545 10.093  9.512 12.990 12.318  9.584 11.364 14.745 15.261 17.763 17.095 20.326 19.425 16.329 16.747 14.277 15.608 15.380 18.122 20.126 20.446 19.432 17.963 20.191 19.228 21.221 20.181 17.857 15.271 18.200 20.610 18.924 18.524 14.767 14.056 11.416  9.222 10.261  9.452 10.295 11.972 12.435 16.043 17.584 21.093 23.377 25.085 27.108 28.560
  8.289  5.741  5.389  6.254  7.536 10.952 12.930 16.429 17.981 16.183 12.970  9.727  6.445  3.817  0.000  3.814  6.224  9.944 12.199 14.234 11.788 13.209 12.288 13.494 11.019  8.108 10.427 10.935  7.461  8.189 11.570 10.764  9.116 11.609 14.332 14.757 16.566 15.405 18.838 18.632 15.551 16.010 13.560 15.389 15.204 18.311 20.381 20.029 18.613 16.492 18.183 16.784 18.350 17.434 14.936 12.747 15.702 18.211 17.110 16.861 13.341 12.967 10.637  9.719 10.614 10.584 10.679 12.804 12.885 16.491 17.837 21.051 23.458 25.068 27.099 28.599
  5.512  4.667  6.398  8.869 10.842 14.420 16.618 20.158 21.719 19.790 16.624 13.240 10.133  6.933  3.814  0.000  3.826  7.144 10.091 12.147 10.294 12.717 12.899 14.207 11.152  9.185 12.299 12.228  8.973 10.954 13.900 12.608 11.741 14.744 17.085 17.674 19.000 17.511 21.002 21.338 18.295 18.569 15.967 17.686 17.016 19.981 22.419 21.799 20.467 17.850 19.179 17.609 18.407 17.245 14.200 12.130 14.431 17.446 16.990 16.229 13.041 12.153  9.629  9.921 11.540 12.662 13.087 15.771 16.098 19.702 21.091 24.110 26.576 28.094 30.065 31.522
  5.461  6.279  7.084 10.235 11.731 15.534 17.725 21.380 23.441 21.673 18.750 15.416 12.404  9.722  6.224  3.826  0.000  3.824  6.699  8.400  6.596  9.340 10.183 11.789  8.827  7.498 11.181 11.346  9.029 11.472 14.235 13.578 13.530 16.288 18.086 18.087 18.698 16.536 19.798 20.644 17.559 17.435 14.786 16.527 15.755 18.792 21.223 20.078 18.616 15.568 16.484 14.886 15.171 13.838 10.625  8.912 11.114 14.071 14.121 13.586 10.891 10.690  9.237 10.663 11.475 13.003 12.807 15.722 16.040 19.476 20.957 23.623 26.256 27.721 29.624 31.064
  5.855  8.415  9.553 13.129 14.804 18.589 20.961 24.645 26.851 24.991 22.246 18.828 16.036 13.253  9.944  7.144  3.824  0.000  3.878  5.467  5.415  8.996 10.975 12.870 10.166  9.824 13.624 13.789 12.161 14.831 17.348 16.812 17.158 19.903 21.442 21.235 21.388 18.821 21.812 23.062 19.998 19.464 16.723 18.127 16.904 19.620 22.267 20.834 19.581 16.226 16.765 15.349 14.728 12.939  9.298  7.954  8.921 12.229 13.103 12.144 10.337 10.071  9.411 12.007 12.782 15.042 14.932 18.136 18.738 22.043 23.684 26.085 28.812 30.210 32.006 33.374
  7.629 10.006 10.239 13.791 15.317 18.920 21.490 25.163 27.608 25.676 23.342 19.940 17.623 15.137 12.199 10.091  6.699  3.878  0.000  3.840  5.545  8.331 10.291 12.981 11.274 10.820 14.498 15.455 14.387 16.557 19.229 19.350 19.631 21.925 23.430 22.642 22.558 19.553 22.073 23.343 20.122 18.897 15.931 16.736 15.053 17.388 20.142 18.553 17.682 14.311 14.933 14.249 13.325 10.738  6.922  5.197  5.150  8.681  9.752  8.595  7.580  7.970  8.803 11.924 11.886 14.463 14.222 17.587 18.622 21.744 23.765 25.949 28.841 30.273 31.963 33.251
 10.800 13.172 13.257 16.587 17.511 21.130 23.251 26.842 29.526 27.963 25.543 22.367 19.745 17.572 14.234 12.147  8.400  5.467  3.840  0.000  3.838  6.536  9.651 11.624 10.074 10.928 14.292 14.784 14.534 17.103 19.150 19.388 20.389 22.680 23.589 22.710 22.007 18.812 21.142 22.984 20.145 19.129 16.710 17.990 16.860 19.403 21.723 19.559 18.168 14.487 14.106 12.867 11.103  9.044  5.555  6.241  6.039  8.436 10.676 10.526 10.360 11.525 12.585 15.554 15.227 17.394 16.487 19.462 19.917 22.684 24.290 26.066 28.860 30.119 31.740 33.028
 10.733 12.236 11.851 14.746 15.104 18.732 20.446 23.971 26.702 25.437 22.872 19.934 17.061 15.300 11.788 10.294  6.596  5.415  5.545  3.838  0.000  3.842  6.826  8.283  6.299  7.354 10.647 10.968 10.889 13.508 15.373 15.733 16.917 19.115 19.841 18.990 18.276 15.201 17.767 19.595 16.870 16.320 14.217 16.149 15.719 18.791 20.743 18.547 16.602 12.925 12.473 10.535  9.518  8.375  5.396  6.250  8.111  9.953 11.396 12.037 10.945 12.456 12.979 15.200 14.684 16.127 14.721 17.292 17.177 19.888 21.147 22.963 25.667 26.921 28.637 30.021
 13.726 14.517 13.180 15.395 14.853 18.125 19.383 22.692 25.743 24.864 22.587 20.059 17.409 16.439 13.209 12.717  9.340  8.996  8.331  6.536  3.842  0.000  3.832  5.241  5.125  6.547  8.832  9.844 10.893 12.840 14.357 15.601 17.005 18.539 18.832 17.343 16.130 12.664 14.709 16.753 14.208 13.466 11.857 14.029 14.233 17.444 18.799 16.180 13.778 10.054  8.962  6.746  5.917  5.430  4.112  6.328  8.870  9.231 10.434 12.273 11.485 13.946 15.023 16.800 15.454 16.217 14.000 15.964 15.428 17.607 18.695 20.087 22.805 24.009 25.662 27.046
 14.491 14.304 12.076 13.454 12.161 15.062 16.055 19.240 22.431 21.734 19.717 17.512 15.211 14.960 12.288 12.899 10.183 10.975 10.291  9.651  6.826  3.832  0.000  3.846  5.380  4.969  6.320  8.687  9.864 10.688 12.469 14.435 15.397 16.273 16.686 14.696 13.714 10.153 12.040 13.568 10.710  9.710  8.093 10.554 11.373 14.848 15.792 13.270 10.571  7.096  6.692  4.804  6.328  6.065  5.935  6.819 10.260 10.159 10.011 12.393 11.042 13.875 14.939 15.933 13.992 13.939 11.143 12.563 11.789 13.818 15.029 16.516 19.361 20.731 22.469 23.919
 16.788 16.571 14.631 15.720 14.007 16.722 16.968 19.855 23.051 22.868 20.651 18.856 16.204 16.322 13.494 14.207 11.789 12.870 12.981 11.624  8.283  5.241  3.846  0.000  3.848  5.423  5.064  6.298  8.809  9.893 10.488 12.618 14.407 15.189 14.775 12.868 11.152  7.568  9.624 11.896  9.879 10.082  9.806 12.991 14.558 18.128 18.604 15.968 12.746  9.688  8.234  4.796  6.386  8.121  8.708 10.352 13.554 13.354 13.658 16.118 14.797 17.425 18.100 18.935 17.274 16.880 13.919 14.682 12.957 14.460 14.694 15.777 18.287 19.424 21.181 22.724
 14.153 14.191 12.984 14.544 13.520 16.725 17.324 20.479 23.328 22.833 20.157 17.979 14.841 14.309 11.019 11.152  8.827 10.166 11.274 10.074  6.299  5.125  5.380  3.848  0.000  3.860  5.382  4.934  6.360  8.785  9.674 10.670 12.556 14.247 14.213 13.252 12.180  9.325 12.276 14.246 12.084 12.715 11.801 14.914 15.945 19.576 20.631 18.379 15.515 12.306 11.479  8.349  9.022  9.988  9.086 10.168 13.278 14.120 14.659 16.317 14.564 16.477 16.492 17.468 16.560 16.594 14.271 15.618 14.161 16.353 16.658 18.293 20.705 21.865 23.714 25.269
 12.381 11.568  9.734 10.847  9.685 12.957 13.848 17.201 19.981 19.224 16.605 14.295 11.349 11.006  8.108  9.185  7.498  9.824 10.820 10.928  7.354  6.547  4.969  5.423  3.860  0.000  3.849  5.401  5.119  6.459  8.755 10.007 10.727 12.191 13.041 11.928 11.859  9.231 12.357 13.337 10.445 10.784  9.158 12.134 13.063 16.762 17.965 16.228 13.681 10.845 11.244  9.030 10.726 10.783  9.505  9.175 12.796 13.921 13.488 14.920 12.485 14.250 14.008 14.372 13.294 12.952 10.679 12.099 10.929 13.632 14.464 16.697 19.315 20.757 22.728 24.312
 15.993 14.722 12.490 12.589 10.322 12.774 12.602 15.480 18.464 18.399 15.979 14.485 11.786 12.612 10.427 12.299 11.181 13.624 14.498 14.292 10.647  8.832  6.320  5.064  5.382  3.849  0.000  3.841  5.398  5.031  6.256  8.807  9.867 10.293 10.388  8.611  8.164  5.503  8.772  9.664  7.152  8.469  8.175 11.803 13.788 17.554 17.981 16.166 13.105 10.909 10.989  8.534 11.151 12.170 12.004 12.157 15.875 16.327 15.650 17.667 15.350 17.445 17.305 17.162 15.697 14.506 11.616 11.809  9.516 11.432 11.462 13.432 15.892 17.309 19.376 21.092
 16.555 15.651 14.238 14.690 12.908 15.513 15.172 17.885 20.532 20.604 17.786 16.316 13.091 13.545 10.935 12.228 11.346 13.789 15.455 14.784 10.968  9.844  8.687  6.298  4.934  5.401  3.841  0.000  3.845  5.403  4.907  6.395  8.769 10.016  9.416  8.817  8.039  6.368 10.036 11.498  9.969 11.985 11.996 15.614 17.435 21.202 21.780 19.914 16.801 14.381 13.900 10.789 12.592 14.098 13.648 14.213 17.670 18.473 18.387 20.137 17.852 19.558 18.995 19.070 18.244 17.382 14.908 15.296 12.920 14.748 14.165 15.931 17.932 19.063 21.091 22.800
 13.828 12.562 11.542 11.981 10.811 13.712 13.887 16.892 19.126 18.709 15.549 13.661 10.113 10.093  7.461  8.973  9.029 12.161 14.387 14.534 10.889 10.893  9.864  8.809  6.360  5.119  5.398  3.845  0.000  3.854  5.337  5.111  6.294  8.620  9.389  9.704 10.376  9.346 13.110 13.770 11.652 13.392 12.539 15.788 17.076 20.769 21.832 20.489 17.852 15.481 15.805 13.178 14.920 15.595 14.276 13.915 17.353 18.856 18.473 19.568 16.775 17.813 16.602 16.373 16.122 15.397 13.611 14.452 12.621 15.192 15.128 17.585 19.663 20.970 23.058 24.726
 15.672 13.597 11.737 10.969  8.781 10.917 10.421 13.212 15.529 15.440 12.472 11.203  8.116  9.512  8.189 10.954 11.472 14.831 16.557 17.103 13.508 12.840 10.688  9.893  8.785  6.459  5.031  5.403  3.854  0.000  3.849  5.432  5.055  5.755  7.086  6.776  8.472  8.051 11.588 11.261  9.040 11.120 10.629 13.895 15.704 19.342 19.975 18.993 16.391 14.756 15.599 13.491 16.056 16.720 15.868 15.154 18.869 20.019 18.963 20.316 17.317 18.552 17.424 16.455 15.713 14.104 12.002 11.948  9.611 11.979 11.757 14.526 16.567 18.054 20.260 22.004
 18.850 17.080 15.472 14.785 12.449 14.133 12.855 14.943 17.194 17.802 14.958 14.362 11.421 12.990 11.570 13.900 14.235 17.348 19.229 19.150 15.373 14.357 12.469 10.488  9.674  8.755  6.256  4.907  5.337  3.849  0.000  3.840  5.560  5.572  4.567  4.790  5.810  6.627 10.164 10.251  9.327 12.318 12.892 16.476 18.747 22.421 22.652 21.371 18.367 16.790 16.924 14.303 16.792 18.238 17.876 17.848 21.517 22.379 21.675 23.353 20.618 22.058 21.031 20.235 19.490 17.839 15.493 14.988 12.051 13.506 12.203 14.306 15.812 16.995 19.199 21.014
 17.948 16.334 15.547 15.187 13.654 15.666 14.823 17.023 18.731 19.001 15.735 14.817 11.450 12.318 10.764 12.608 13.578 16.812 19.350 19.388 15.733 15.601 14.435 12.618 10.670 10.007  8.807  6.395  5.111  5.432  3.840  0.000  3.846  6.046  5.822  7.966  9.280 10.204 13.810 14.050 13.036 15.797 15.831 19.240 21.034 24.688 25.357 24.229 21.426 19.545 19.739 16.949 18.935 20.165 19.196 18.980 22.437 23.850 23.385 24.570 21.662 22.534 20.965 20.229 20.204 18.959 17.246 17.283 14.811 16.748 15.690 17.994 19.365 20.449 22.568 24.273
 17.067 14.770 13.850 12.799 11.357 12.977 12.226 14.413 15.700 15.698 12.279 11.445  8.238  9.584  9.116 11.741 13.530 17.158 19.631 20.389 16.917 17.005 15.397 14.407 12.556 10.727  9.867  8.769  6.294  5.055  5.560  3.846  0.000  3.834  6.076  8.294 10.899 11.919 15.399 14.772 13.256 15.735 15.330 18.326 19.916 23.374 24.169 23.594 21.202 19.701 20.610 18.364 20.684 21.374 20.135 19.204 22.725 24.354 23.367 24.248 20.979 21.498 19.588 18.230 18.364 16.801 15.545 15.470 13.343 15.606 14.969 17.837 19.286 20.591 22.751 24.422
 19.801 17.175 15.560 13.756 11.421 12.017 10.221 11.689 13.036 13.778 10.796 11.064  8.784 11.364 11.609 14.744 16.288 19.903 21.925 22.680 19.115 18.539 16.273 15.189 14.247 12.191 10.293 10.016  8.620  5.755  5.572  6.046  3.834  0.000  3.854  5.706  9.177 10.962 13.887 12.490 11.426 14.255 14.507 17.468 19.601 22.949 23.196 22.791 20.346 19.466 20.505 18.557 21.391 22.280 21.571 20.682 24.395 25.581 24.231 25.488 22.255 23.136 21.533 19.810 19.374 17.138 15.474 14.470 11.799 13.348 12.180 15.011 16.167 17.513 19.737 21.473
 22.237 20.004 18.377 16.928 14.349 15.020 12.846 13.910 15.541 16.852 14.212 14.689 12.377 14.745 14.332 17.085 18.086 21.442 23.430 23.589 19.841 18.832 16.686 14.775 14.213 13.041 10.388  9.416  9.389  7.086  4.567  5.822  6.076  3.854  0.000  3.824  6.572  9.319 11.965 10.994 11.020 14.449 15.530 18.876 21.430 24.909 24.800 23.947 21.069 20.128 20.517 18.178 20.951 22.470 22.239 21.990 25.724 26.563 25.541 27.202 24.269 25.538 24.242 22.882 22.218 20.052 17.897 16.678 13.480 14.283 12.245 14.284 15.008 16.055 18.278 20.092
 22.383 20.159 17.931 16.390 13.267 13.711 11.301 12.357 14.699 16.170 14.025 14.555 12.632 15.261 14.757 17.674 18.087 21.235 22.642 22.710 18.990 17.343 14.696 12.868 13.252 11.928  8.611  8.817  9.704  6.776  4.790  7.966  8.294  5.706  3.824  0.000  3.898  6.503  8.667  7.260  7.422 11.005 12.622 16.011 18.934 22.370 21.879 20.859 17.850 17.221 17.580 15.543 18.666 20.257 20.520 20.419 24.221 24.583 23.383 25.430 22.730 24.472 23.699 22.414 21.133 18.745 16.059 14.417 10.872 11.098  8.799 10.642 11.676 12.948 15.337 17.316
 23.490 21.765 19.539 18.552 15.465 16.317 14.168 15.350 18.036 19.504 17.498 17.712 15.574 17.763 16.566 19.000 18.698 21.388 22.558 22.007 18.276 16.130 13.714 11.152 12.180 11.859  8.164  8.039 10.376  8.472  5.810  9.280 10.899  9.177  6.572  3.898  0.000  3.895  5.633  5.741  6.983 10.621 12.838 16.471 19.561 23.072 22.385 20.761 17.360 16.470 16.012 13.595 16.519 18.701 19.498 20.103 23.785 23.732 22.957 25.387 23.135 25.285 24.941 24.171 22.659 20.572 17.502 16.038 12.434 12.225  9.709 10.431 11.460 12.408 14.654 16.666
 21.442 20.067 17.689 17.198 14.251 15.635 14.179 16.003 19.098 20.047 18.072 17.641 15.393 17.095 15.405 17.511 16.536 18.821 19.553 18.812 15.201 12.664 10.153  7.568  9.325  9.231  5.503  6.368  9.346  8.051  6.627 10.204 11.919 10.962  9.319  6.503  3.895  0.000  3.843  5.516  5.357  8.241 10.222 13.963 16.901 20.474 19.931 17.899 14.356 13.038 12.285  9.743 12.713 14.885 15.893 16.755 20.354 20.063 19.443 22.049 20.100 22.547 22.630 22.277 20.503 18.758 15.459 14.440 11.163 11.304  9.690 10.409 12.280 13.390 15.487 17.391
 24.605 23.240 20.573 19.907 16.693 17.551 15.758 17.024 20.278 21.608 20.168 20.131 18.357 20.326 18.838 21.002 19.798 21.812 22.073 21.142 17.767 14.709 12.040  9.624 12.276 12.357  8.772 10.036 13.110 11.588 10.164 13.810 15.399 13.887 11.965  8.667  5.633  3.843  0.000  3.841  5.580  8.001 11.034 14.406 17.730 21.008 19.825 17.584 13.912 13.259 12.099 10.120 13.223 15.720 17.508 18.682 22.125 21.204 20.506 23.532 21.970 24.786 25.288 24.934 22.742 20.792 17.214 15.675 12.321 11.310  9.222  8.548 10.173 11.041 12.978 14.945
 25.039 23.148 20.204 18.860 15.306 15.400 13.076 13.811 17.018 18.654 17.589 18.098 16.889 19.425 18.632 21.338 20.644 23.062 23.343 22.984 19.595 16.753 13.568 11.896 14.246 13.337  9.664 11.498 13.770 11.261 10.251 14.050 14.772 12.490 10.994  7.260  5.741  5.516  3.841  0.000  3.834  6.845 10.213 13.298 16.895 19.999 18.539 16.902 13.543 13.710 13.523 12.292 15.817 17.743 19.271 19.782 23.399 22.621 21.314 24.195 22.290 24.947 25.264 24.361 22.057 19.579 16.058 13.826 10.201  8.515  5.742  5.216  7.051  8.576 10.985 13.198
 21.668 19.713 16.614 15.320 11.811 12.211 10.499 12.053 15.488 16.462 15.250 15.212 14.007 16.329 15.551 18.295 17.559 19.998 20.122 20.145 16.870 14.208 10.710  9.879 12.084 10.445  7.152  9.969 11.652  9.040  9.327 13.036 13.256 11.426 11.020  7.422  6.983  5.357  5.580  3.834  0.000  3.818  6.591  9.904 13.351 16.626 15.573 14.047 10.799 10.724 11.249 10.323 14.042 15.307 16.428 16.478 20.164 19.611 18.040 20.728 18.647 21.240 21.578 20.661 18.281 15.866 12.311 10.326  6.830  6.093  4.948  6.370  9.186 11.033 13.327 15.285
 21.067 19.238 15.828 14.690 11.357 11.727 10.819 12.634 16.244 16.712 15.937 15.515 14.760 16.747 16.010 18.569 17.435 19.464 18.897 19.129 16.320 13.466  9.710 10.082 12.715 10.784  8.469 11.985 13.392 11.120 12.318 15.797 15.735 14.255 14.449 11.005 10.621  8.241  8.001  6.845  3.818  0.000  3.827  6.602 10.203 13.292 12.050 10.322  7.086  7.552  8.756  9.062 12.857 13.453 14.796 14.630 18.113 17.174 15.227 18.099 16.332 19.241 20.125 19.356 16.479 14.158 10.390  8.467  5.915  5.176  6.211  7.394 10.626 12.543 14.534 16.222
 17.865 16.033 12.493 11.577  8.664  9.634  9.982 12.613 16.070 15.686 14.738 13.549 12.837 14.277 13.560 15.967 14.786 16.723 15.931 16.710 14.217 11.857  8.093  9.806 11.801  9.158  8.175 11.996 12.539 10.629 12.892 15.831 15.330 14.507 15.530 12.622 12.838 10.222 11.034 10.213  6.591  3.827  0.000  3.822  6.859 10.343 10.018  8.552  5.959  5.709  8.236  9.009 12.434 12.005 12.590 11.653 15.143 14.604 12.275 14.773 12.727 15.531 16.470 15.740 12.748 10.647  6.850  5.848  4.791  6.286  8.740 10.775 13.959 15.861 17.752 19.267
 18.641 16.758 13.038 11.964  9.552  9.846 10.881 13.249 16.522 15.709 15.449 14.215 14.340 15.608 15.389 17.686 16.527 18.127 16.736 17.990 16.149 14.029 10.554 12.991 14.914 12.134 11.803 15.614 15.788 13.895 16.476 19.240 18.326 17.468 18.876 16.011 16.471 13.963 14.406 13.298  9.904  6.602  3.822  0.000  3.825  6.783  6.275  5.465  4.521  5.844  9.382 11.371 14.404 13.177 13.694 12.176 15.145 14.367 11.308 13.627 11.840 14.678 16.087 15.197 11.689  9.510  6.057  5.069  6.249  7.406 10.754 12.631 15.754 17.677 19.343 20.638
 16.877 15.230 11.654 11.111  9.875 10.621 12.753 15.419 18.308 16.775 16.494 14.613 14.891 15.380 15.204 17.016 15.755 16.904 15.053 16.860 15.719 14.233 11.373 14.558 15.945 13.063 13.788 17.435 17.076 15.704 18.747 21.034 19.916 19.601 21.430 18.934 19.561 16.901 17.730 16.895 13.351 10.203  6.859  3.825  0.000  3.848  5.532  5.504  6.494  6.936 10.732 12.991 15.315 13.179 12.988 10.702 13.097 12.635  9.097 10.714  8.955 11.644 13.457 12.784  9.030  7.637  5.267  6.338  8.974 10.864 14.352 16.404 19.482 21.341 22.900 24.063
 19.136 17.571 14.187 13.560 12.778 12.894 15.149 17.374 19.967 18.231 18.548 16.831 17.704 18.122 18.311 19.981 18.792 19.620 17.388 19.403 18.791 17.444 14.848 18.128 19.576 16.762 17.554 21.202 20.769 19.342 22.421 24.688 23.374 22.949 24.909 22.370 23.072 20.474 21.008 19.999 16.626 13.292 10.343  6.783  3.848  0.000  3.849  5.614  8.419  9.687 13.337 16.109 18.157 15.711 15.602 13.211 14.811 14.090 10.309 11.424 10.386 12.702 14.885 14.143 10.360  9.278  8.140  8.904 11.962 13.350 17.001 18.827 21.777 23.597 24.957 25.940
 22.209 20.474 16.879 15.798 14.183 13.647 15.041 16.656 19.453 18.326 19.065 18.023 19.063 20.126 20.381 22.419 21.223 22.267 20.142 21.723 20.743 18.799 15.792 18.604 20.631 17.965 17.981 21.780 21.832 19.975 22.652 25.357 24.169 23.196 24.800 21.879 22.385 19.931 19.825 18.539 15.573 12.050 10.018  6.275  5.532  3.849  0.000  3.821  6.969  9.625 13.048 16.085 18.536 16.656 17.324 15.539 17.421 16.119 12.540 14.418 13.605 16.232 18.328 17.414 13.613 11.842  9.904  9.208 11.547 11.828 15.346 16.641 19.452 21.239 22.479 23.410
 21.739 20.434 16.911 16.403 14.610 14.805 15.958 17.871 21.038 20.199 20.429 19.199 19.541 20.446 20.029 21.799 20.078 20.834 18.553 19.559 18.547 16.180 13.270 15.968 18.379 16.228 16.166 19.914 20.489 18.993 21.371 24.229 23.594 22.791 23.947 20.859 20.761 17.899 17.584 16.902 14.047 10.322  8.552  5.465  5.504  5.614  3.821  0.000  3.826  6.495  9.579 12.886 15.183 13.469 14.688 13.576 15.497 13.649 10.453 13.144 12.800 16.034 18.429 18.136 14.365 13.019 10.385 10.014 11.516 11.688 14.805 15.673 18.598 20.269 21.507 22.494
 21.168 19.904 16.395 15.966 13.673 14.232 14.836 16.867 20.312 19.895 19.682 18.554 18.333 19.432 18.613 20.467 18.616 19.581 17.682 18.168 16.602 13.778 10.571 12.746 15.515 13.681 13.105 16.801 17.852 16.391 18.367 21.426 21.202 20.346 21.069 17.850 17.360 14.356 13.912 13.543 10.799  7.086  5.959  4.521  6.494  8.419  6.969  3.826  0.000  3.826  6.568  9.591 12.358 11.383 13.057 12.606 15.115 13.246 10.665 13.870 13.238 16.684 18.768 18.595 15.041 13.534 10.187  9.508  9.798  9.754 12.327 12.985 16.012 17.667 19.056 20.221
 18.466 17.676 14.489 14.837 12.971 14.527 15.501 18.115 21.550 20.907 20.041 18.367 17.440 17.963 16.492 17.850 15.568 16.226 14.311 14.487 12.925 10.054  7.096  9.688 12.306 10.845 10.909 14.381 15.481 14.756 16.790 19.545 19.701 19.466 20.128 17.221 16.470 13.038 13.259 13.710 10.724  7.552  5.709  5.844  6.936  9.687  9.625  6.495  3.826  0.000  3.838  6.607  9.046  7.783  9.325  9.233 11.915 10.184  8.175 11.569 10.977 14.579 16.679 17.093 13.874 13.082  9.793 10.253 10.383 11.317 13.555 14.512 17.591 19.142 20.631 21.872
 20.050 19.736 16.914 17.647 15.746 17.562 18.138 20.657 24.189 23.872 22.763 21.158 19.754 20.191 18.183 19.179 16.484 16.765 14.933 14.106 12.473  8.962  6.692  8.234 11.479 11.244 10.989 13.900 15.805 15.599 16.924 19.739 20.610 20.505 20.517 17.580 16.012 12.285 12.099 13.523 11.249  8.756  8.236  9.382 10.732 13.337 13.048  9.579  6.568  3.838  0.000  3.838  5.927  5.846  8.708 10.146 12.525 10.280  9.633 13.293 13.276 16.929 19.054 19.917 17.007 16.490 13.182 13.575 12.953 13.467 14.862 15.153 18.010 19.257 20.612 21.831
 19.206 19.039 16.590 17.531 15.615 17.842 18.154 20.800 24.270 24.123 22.521 20.883 18.885 19.228 16.784 17.609 14.886 15.349 14.249 12.867 10.535  6.746  4.804  4.796  8.349  9.030  8.534 10.789 13.178 13.491 14.303 16.949 18.364 18.557 18.178 15.543 13.595  9.743 10.120 12.292 10.323  9.062  9.009 11.371 12.991 16.109 16.085 12.886  9.591  6.607  3.838  0.000  3.853  5.692  8.181 10.266 13.008 11.489 11.609 14.869 14.403 17.723 19.297 20.253 17.855 17.402 14.112 14.600 13.287 14.069 14.754 15.152 17.838 18.955 20.450 21.818
 19.378 19.951 18.029 19.646 18.301 20.905 21.557 24.378 27.789 27.432 25.660 23.690 21.448 21.221 18.350 18.407 15.171 14.728 13.325 11.103  9.518  5.917  6.328  6.386  9.022 10.726 11.151 12.592 14.920 16.056 16.792 18.935 20.684 21.391 20.951 18.666 16.519 12.713 13.223 15.817 14.042 12.857 12.434 14.404 15.315 18.157 18.536 15.183 12.358  9.046  5.927  3.853  0.000  3.812  6.770  9.996 11.826 10.082 11.446 14.504 14.765 17.997 19.821 21.439 19.334 19.571 16.661 17.739 16.792 17.820 18.558 18.881 21.453 22.395 23.744 24.996
 17.248 18.017 16.110 18.044 17.224 19.956 21.231 24.286 27.606 26.786 25.125 22.800 20.803 20.181 17.434 17.245 13.838 12.939 10.738  9.044  8.375  5.430  6.065  8.121  9.988 10.783 12.170 14.098 15.595 16.720 18.238 20.165 21.374 22.280 22.470 20.257 18.701 14.885 15.720 17.743 15.307 13.453 12.005 13.177 13.179 15.711 16.656 13.469 11.383  7.783  5.846  5.692  3.812  0.000  3.835  6.927  8.317  6.317  7.813 10.797 11.452 14.776 17.010 18.906 16.727 17.447 14.938 16.621 16.500 17.999 19.462 20.228 23.046 24.197 25.580 26.779
 13.653 14.810 13.398 15.906 15.818 18.980 20.760 24.124 27.189 25.961 24.021 21.271 19.095 17.857 14.936 14.200 10.625  9.298  6.922  5.555  5.396  4.112  5.935  8.708  9.086  9.505 12.004 13.648 14.276 15.868 17.876 19.196 20.135 21.571 22.239 20.520 19.498 15.893 17.508 19.271 16.428 14.796 12.590 13.694 12.988 15.602 17.324 14.688 13.057  9.325  8.708  8.181  6.770  3.835  0.000  3.825  5.290  5.161  6.930  8.737  8.946 11.765 13.749 16.015 14.366 15.709 13.844 16.257 16.572 18.789 20.512 21.884 24.778 26.061 27.591 28.845
 10.914 11.766 10.189 12.836 13.296 16.498 18.806 22.311 25.146 23.511 21.645 18.641 16.772 15.271 12.747 12.130  8.912  7.954  5.197  6.241  6.250  6.328  6.819 10.352 10.168  9.175 12.157 14.213 13.915 15.154 17.848 18.980 19.204 20.682 21.990 20.419 20.103 16.755 18.682 19.782 16.478 14.630 11.653 12.176 10.702 13.211 15.539 13.576 12.606  9.233 10.146 10.266  9.996  6.927  3.825  0.000  3.854  5.486  5.464  6.196  5.319  8.085 10.125 12.328 10.662 12.365 11.083 14.052 15.075 17.781 20.006 21.897 24.905 26.388 28.012 29.275
 11.890 13.591 12.694 15.687 16.654 19.791 22.340 25.835 28.593 26.752 24.985 21.823 20.084 18.200 15.702 14.431 11.114  8.921  5.150  6.039  8.111  8.870 10.260 13.554 13.278 12.796 15.875 17.670 17.353 18.869 21.517 22.437 22.725 24.395 25.724 24.221 23.785 20.354 22.125 23.399 20.164 18.113 15.143 15.145 13.097 14.811 17.421 15.497 15.115 11.915 12.525 13.008 11.826  8.317  5.290  3.854  0.000  3.858  5.413  4.659  5.912  8.034 10.748 13.716 12.406 14.821 14.123 17.282 18.661 21.295 23.655 25.412 28.426 29.851 31.363 32.530
 15.485 16.783 15.270 17.746 18.026 20.804 23.013 26.280 29.310 27.769 26.315 23.484 21.946 20.610 18.211 17.446 14.071 12.229  8.681  8.436  9.953  9.231 10.159 13.354 14.120 13.921 16.327 18.473 18.856 20.019 22.379 23.850 24.354 25.581 26.563 24.583 23.732 20.063 21.204 22.621 19.611 17.174 14.604 14.367 12.635 14.090 16.119 13.649 13.246 10.184 10.280 11.489 10.082  6.317  5.161  5.486  3.858  0.000  3.836  5.458  7.806 10.840 13.939 16.487 14.457 16.277 14.911 17.529 18.723 20.786 23.103 24.372 27.373 28.714 30.075 31.162
 15.149 15.664 13.517 15.447 15.590 17.978 20.333 23.494 26.460 24.808 23.685 20.975 19.943 18.924 17.110 16.990 14.121 13.103  9.752 10.676 11.396 10.434 10.011 13.658 14.659 13.488 15.650 18.387 18.473 18.963 21.675 23.385 23.367 24.231 25.541 23.383 22.957 19.443 20.506 21.314 18.040 15.227 12.275 11.308  9.097 10.309 12.540 10.453 10.665  8.175  9.633 11.609 11.446  7.813  6.930  5.464  5.413  3.836  0.000  3.854  5.608  9.209 12.505 14.403 11.763 13.243 11.900 14.464 16.137 18.213 20.932 22.409 25.488 26.989 28.384 29.464
 13.253 14.168 12.658 15.055 16.114 18.667 21.530 24.844 27.483 25.388 24.165 21.095 20.144 18.524 16.861 16.229 13.586 12.144  8.595 10.526 12.037 12.273 12.393 16.118 16.317 14.920 17.667 20.137 19.568 20.316 23.353 24.570 24.248 25.488 27.202 25.430 25.387 22.049 23.532 24.195 20.728 18.099 14.773 13.627 10.714 11.424 14.418 13.144 13.870 11.569 13.293 14.869 14.504 10.797  8.737  6.196  4.659  5.458  3.854  0.000  3.842  6.371 10.026 12.452 10.427 12.880 12.646 15.819 17.996 20.536 23.445 25.303 28.394 29.956 31.406 32.482
 10.462 10.710  8.897 11.264 12.568 15.276 18.313 21.750 24.216 21.994 20.590 17.400 16.440 14.767 13.341 13.041 10.891 10.337  7.580 10.360 10.945 11.485 11.042 14.797 14.564 12.485 15.350 17.852 16.775 17.317 20.618 21.662 20.979 22.255 24.269 22.730 23.135 20.100 21.970 22.290 18.647 16.332 12.727 11.840  8.955 10.386 13.605 12.800 13.238 10.977 13.276 14.403 14.765 11.452  8.946  5.319  5.912  7.806  5.608  3.842  0.000  3.830  6.982  8.961  6.867  9.417  9.495 13.001 15.276 18.227 21.158 23.435 26.513 28.179 29.779 30.951
  8.378  8.874  8.137 10.902 13.260 16.013 19.417 22.902 24.926 22.303 20.750 17.258 16.385 14.056 12.967 12.153 10.690 10.071  7.970 11.525 12.456 13.946 13.875 17.425 16.477 14.250 17.445 19.558 17.813 18.552 22.058 22.534 21.498 23.136 25.538 24.472 25.285 22.547 24.786 24.947 21.240 19.241 15.531 14.678 11.644 12.702 16.232 16.034 16.684 14.579 16.929 17.723 17.997 14.776 11.765  8.085  8.034 10.840  9.209  6.371  3.830  0.000  3.836  6.575  6.007  9.585 10.993 14.755 17.282 20.566 23.521 26.129 29.146 30.847 32.498 33.671
  5.656  5.646  6.042  9.055 12.183 15.079 18.571 22.101 23.730 20.927 19.017 15.318 14.280 11.416 10.637  9.629  9.237  9.411  8.803 12.585 12.979 15.023 14.939 18.100 16.492 14.008 17.305 18.995 16.602 17.424 21.031 20.965 19.588 21.533 24.242 23.699 24.941 22.630 25.288 25.264 21.578 20.125 16.470 16.087 13.457 14.885 18.328 18.429 18.768 16.679 19.054 19.297 19.821 17.010 13.749 10.125 10.748 13.939 12.505 10.026  6.982  3.836  0.000  3.843  5.582  9.151 11.255 15.005 17.356 20.948 23.700 26.646 29.542 31.267 33.022 34.256
  7.640  5.468  4.878  6.430  9.933 12.296 15.948 19.308 20.585 17.569 15.815 12.154 11.766  9.222  9.719  9.921 10.663 12.007 11.924 15.554 15.200 16.800 15.933 18.935 17.468 14.372 17.162 19.070 16.373 16.455 20.235 20.229 18.230 19.810 22.882 22.414 24.171 22.277 24.934 24.361 20.661 19.356 15.740 15.197 12.784 14.143 17.414 18.136 18.595 17.093 19.917 20.253 21.439 18.906 16.015 12.328 13.716 16.487 14.403 12.452  8.961  6.575  3.843  0.000  3.844  6.640  9.602 13.041 15.613 19.254 22.084 25.288 28.079 29.888 31.677 32.914
  9.932  7.893  5.350  6.056  8.431 10.529 14.176 17.509 19.247 16.455 15.160 11.819 11.795 10.261 10.614 11.540 11.475 12.782 11.886 15.227 14.684 15.454 13.992 17.274 16.560 13.294 15.697 18.244 16.122 15.713 19.490 20.204 18.364 19.374 22.218 21.133 22.659 20.503 22.742 22.057 18.281 16.479 12.748 11.689  9.030 10.360 13.613 14.365 15.041 13.874 17.007 17.855 19.334 16.727 14.366 10.662 12.406 14.457 11.763 10.427  6.867  6.007  5.582  3.844  0.000  3.828  6.495 10.072 13.018 16.447 19.568 22.580 25.485 27.336 29.075 30.290
 12.576  9.787  6.414  4.748  5.759  6.976 10.644 13.843 15.631 12.947 11.963  9.036  9.731  9.452 10.584 12.662 13.003 15.042 14.463 17.394 16.127 16.217 13.939 16.880 16.594 12.952 14.506 17.382 15.397 14.104 17.839 18.959 16.801 17.138 20.052 18.745 20.572 18.758 20.792 19.579 15.866 14.158 10.647  9.510  7.637  9.278 11.842 13.019 13.534 13.082 16.490 17.402 19.571 17.447 15.709 12.365 14.821 16.277 13.243 12.880  9.417  9.585  9.151  6.640  3.828  0.000  3.821  6.734  9.900 13.247 16.450 19.601 22.425 24.355 26.127 27.372
 13.887 11.396  7.606  6.106  4.752  6.167  9.044 12.358 14.892 12.972 11.965  9.605  9.737 10.295 10.679 13.087 12.807 14.932 14.222 16.487 14.721 14.000 11.143 13.919 14.271 10.679 11.616 14.908 13.611 12.002 15.493 17.246 15.545 15.474 17.897 16.059 17.502 15.459 17.214 16.058 12.311 10.390  6.850  6.057  5.267  8.140  9.904 10.385 10.187  9.793 13.182 14.112 16.661 14.938 13.844 11.083 14.123 14.911 11.900 12.646  9.495 10.993 11.255  9.602  6.495  3.821  0.000  3.830  6.691  9.996 13.208 16.169 19.122 21.070 22.890 24.221
 17.347 14.615 10.860  8.502  5.630  4.857  6.453  9.260 12.163 10.886 10.522  9.359 10.151 11.972 12.804 15.771 15.722 18.136 17.587 19.462 17.292 15.964 12.563 14.682 15.618 12.099 11.809 15.296 14.452 11.948 14.988 17.283 15.470 14.470 16.678 14.417 16.038 14.440 15.675 13.826 10.326  8.467  5.848  5.069  6.338  8.904  9.208 10.014  9.508 10.253 13.575 14.600 17.739 16.621 16.257 14.052 17.282 17.529 14.464 15.819 13.001 14.755 15.005 13.041 10.072  6.734  3.830  0.000  3.821  6.613 10.064 13.089 15.962 18.019 19.873 21.247
 18.685 16.022 12.455 10.193  6.516  5.911  5.307  7.931 11.336 11.120 10.335  9.905  9.956 12.435 12.885 16.098 16.040 18.738 18.622 19.917 17.177 15.428 11.789 12.957 14.161 10.929  9.516 12.920 12.621  9.611 12.051 14.811 13.343 11.799 13.480 10.872 12.434 11.163 12.321 10.201  6.830  5.915  4.791  6.249  8.974 11.962 11.547 11.516  9.798 10.383 12.953 13.287 16.792 16.500 16.572 15.075 18.661 18.723 16.137 17.996 15.276 17.282 17.356 15.613 13.018  9.900  6.691  3.821  0.000  3.823  6.611  9.876 12.755 14.862 16.936 18.536
 22.375 19.799 16.221 13.940 10.254  8.930  7.090  8.012 11.593 12.366 12.351 12.867 13.242 16.043 16.491 19.702 19.476 22.043 21.744 22.684 19.888 17.607 13.818 14.460 16.353 13.632 11.432 14.748 15.192 11.979 13.506 16.748 15.606 13.348 14.283 11.098 12.225 11.304 11.310  8.515  6.093  5.176  6.286  7.406 10.864 13.350 11.828 11.688  9.754 11.317 13.467 14.069 17.820 17.999 18.789 17.781 21.295 20.786 18.213 20.536 18.227 20.566 20.948 19.254 16.447 13.247  9.996  6.613  3.823  0.000  3.822  6.628  9.572 11.851 13.953 15.637
 24.427 21.906 18.574 16.360 12.565 11.417  8.684  8.816 12.154 13.809 13.525 14.582 14.512 17.584 17.837 21.091 20.957 23.684 23.765 24.290 21.147 18.695 15.029 14.694 16.658 14.464 11.462 14.165 15.128 11.757 12.203 15.690 14.969 12.180 12.245  8.799  9.709  9.690  9.222  5.742  4.948  6.211  8.740 10.754 14.352 17.001 15.346 14.805 12.327 13.555 14.862 14.754 18.558 19.462 20.512 20.006 23.655 23.103 20.932 23.445 21.158 23.521 23.700 22.084 19.568 16.450 13.208 10.064  6.611  3.822  0.000  3.823  6.504  8.910 11.380 13.406
 27.375 25.098 21.755 19.793 16.038 15.006 12.345 12.069 15.224 17.179 17.138 18.284 18.131 21.093 21.051 24.110 23.623 26.085 25.949 26.066 22.963 20.087 16.516 15.777 18.293 16.697 13.432 15.931 17.585 14.526 14.306 17.994 17.837 15.011 14.284 10.642 10.431 10.409  8.548  5.216  6.370  7.394 10.775 12.631 16.404 18.827 16.641 15.673 12.985 14.512 15.153 15.152 18.881 20.228 21.884 21.897 25.412 24.372 22.409 25.303 23.435 26.129 26.646 25.288 22.580 19.601 16.169 13.089  9.876  6.628  3.823  0.000  3.832  6.371  8.895 11.117
 30.092 27.747 24.508 22.418 18.661 17.414 14.422 13.540 16.224 18.638 18.742 20.320 20.239 23.377 23.458 26.576 26.256 28.812 28.841 28.860 25.667 22.805 19.361 18.287 20.705 19.315 15.892 17.932 19.663 16.567 15.812 19.365 19.286 16.167 15.008 11.676 11.460 12.280 10.173  7.051  9.186 10.626 13.959 15.754 19.482 21.777 19.452 18.598 16.012 17.591 18.010 17.838 21.453 23.046 24.778 24.905 28.426 27.373 25.488 28.394 26.513 29.146 29.542 28.079 25.485 22.425 19.122 15.962 12.755  9.572  6.504  3.832  0.000  3.833  6.636  9.115
 31.672 29.417 26.269 24.269 20.571 19.407 16.417 15.448 17.959 20.472 20.547 22.169 21.996 25.085 25.068 28.094 27.721 30.210 30.273 30.119 26.921 24.009 20.731 19.424 21.865 20.757 17.309 19.063 20.970 18.054 16.995 20.449 20.591 17.513 16.055 12.948 12.408 13.390 11.041  8.576 11.033 12.543 15.861 17.677 21.341 23.597 21.239 20.269 17.667 19.142 19.257 18.955 22.395 24.197 26.061 26.388 29.851 28.714 26.989 29.956 28.179 30.847 31.267 29.888 27.336 24.355 21.070 18.019 14.862 11.851  8.910  6.371  3.833  0.000  3.845  6.767
 33.528 31.325 28.172 26.201 22.573 21.343 18.436 17.307 19.621 22.177 22.439 24.121 24.060 27.108 27.099 30.065 29.624 32.006 31.963 31.740 28.637 25.662 22.469 21.181 23.714 22.728 19.376 21.091 23.058 20.260 19.199 22.568 22.751 19.737 18.278 15.337 14.654 15.487 12.978 10.985 13.327 14.534 17.752 19.343 22.900 24.957 22.479 21.507 19.056 20.631 20.612 20.450 23.744 25.580 27.591 28.012 31.363 30.075 28.384 31.406 29.779 32.498 33.022 31.677 29.075 26.127 22.890 19.873 16.936 13.953 11.380  8.895  6.636  3.845  0.000  3.811
