  0.000  3.833  6.733 10.308 13.235 16.721 19.675 23.311 24.894 22.441 19.768 16.048 13.823 10.328  8.289  5.513  5.462  5.858  7.623 10.797 10.730 13.721 14.485 16.784 14.152 12.377 15.989 16.551 13.823 15.667 18.844 17.944 17.060 19.791 22.230 22.370 23.481 21.436 24.596 25.034 21.663 21.061 17.860 18.634 16.866 19.126 22.197 21.731 21.160 18.457 20.043 19.202 19.371 17.241 13.644 10.907 11.883 15.477 15.140 13.241 10.454  8.377  5.653  7.636  9.927 12.576 13.885 17.345 18.685 22.375 24.429 27.378 30.101 31.690 33.556 34.870
  3.833  0.000  3.827  6.833 10.051 13.332 16.353 19.918 21.291 18.745 16.075 12.327 10.336  6.822  5.737  4.665  6.282  8.420 10.002 13.169 12.232 14.511 14.296 16.565 14.187 11.561 14.714 15.643 12.553 13.587 17.070 16.325 14.759 17.160 19.991 20.141 21.753 20.056 23.227 23.139 19.705 19.231 16.027 16.750 15.220 17.564 20.463 20.426 19.896 17.668 19.730 19.034 19.944 18.010 14.800 11.760 13.589 16.777 15.657 14.161 10.705  8.875  5.647  5.465  7.890  9.786 11.393 14.612 16.021 19.798 21.906 25.099 27.754 29.433 31.350 32.686
  6.733  3.827  0.000  3.821  6.707 10.081 13.222 16.867 18.589 16.152 13.775 10.115  8.489  6.014  5.390  6.399  7.089  9.557 10.235 13.252 11.845 13.173 12.067 14.623 12.980  9.727 12.482 14.231 11.534 11.729 15.464 15.541 13.845 15.549 18.367 17.916 19.528 17.679 20.562 20.196 16.607 15.821 12.487 13.031 11.644 14.181 16.868 16.904 16.387 14.480 16.907 16.584 18.022 16.101 13.386 10.182 12.691 15.262 13.509 12.650  8.891  8.137  6.044  4.878  5.348  6.416  7.604 10.859 12.455 16.221 18.574 21.757 24.515 26.285 28.199 29.544
 10.308  6.833  3.821  0.000  3.824  6.580  9.902 13.430 14.924 12.373 10.121  6.496  5.772  4.736  6.251  8.868 10.240 13.134 13.789 16.583 14.742 15.389 13.446 15.712 14.539 10.841 12.580 14.682 11.971 10.959 14.774 15.179 12.791 13.741 16.913 16.372 18.539 17.187 19.895 18.852 15.312 14.684 11.572 11.959 11.105 13.559 15.792 16.399 15.961 14.832 17.643 17.527 19.640 18.039 15.896 12.832 15.687 17.742 15.443 15.052 11.262 10.903  9.057  6.429  6.055  4.751  6.104  8.501 10.193 13.940 16.360 19.794 22.425 24.286 26.229 27.581
 13.235 10.051  6.707  3.824  0.000  3.828  6.581 10.301 12.394 10.507  8.379  5.648  5.042  6.384  7.538 10.844 11.739 14.812 15.318 17.509 15.103 14.849 12.156 14.002 13.518  9.683 10.316 12.905 10.807  8.775 12.443 13.652 11.356 11.412 14.339 13.252 15.455 14.243 16.684 15.299 11.805 11.352  8.658  9.547  9.870 12.776 14.176 14.605 13.668 12.967 15.744 15.613 18.299 17.220 15.811 13.294 16.656 18.023 15.587 16.112 12.567 13.261 12.186  9.932  8.430  5.760  4.749  5.629  6.516 10.254 12.565 16.039 18.668 20.587 22.599 24.039
 16.721 13.332 10.081  6.580  3.828  0.000  3.835  7.161  9.075  7.089  5.919  4.631  6.358  8.908 10.954 14.422 15.542 18.597 18.921 21.129 18.731 18.123 15.060 16.719 16.725 12.958 12.771 15.513 13.710 10.914 14.130 15.666 12.980 12.011 15.012 13.701 16.311 15.630 17.545 15.396 12.208 11.726  9.631  9.844 10.618 12.894 13.642 14.802 14.230 14.526 17.563 17.843 20.904 19.954 18.973 16.497 19.793 20.801 17.976 18.666 15.275 16.011 15.079 12.293 10.526  6.973  6.163  4.855  5.911  8.933 11.418 15.011 17.424 19.426 21.374 22.750
 19.675 16.353 13.222  9.902  6.581  3.835  0.000  3.850  6.538  6.229  5.359  6.316  7.681 11.105 12.934 16.621 17.733 20.969 21.492 23.250 20.446 19.381 16.053 16.965 17.324 13.850 12.600 15.173 13.887 10.421 12.853 14.826 12.232 10.218 12.839 11.290 14.160 14.172 15.750 13.071 10.494 10.817  9.978 10.879 12.751 15.150 15.037 15.956 14.834 15.500 18.139 18.154 21.557 21.229 20.755 18.806 22.343 23.010 20.331 21.530 18.313 19.417 18.573 15.945 14.174 10.643  9.042  6.451  5.306  7.092  8.683 12.346 14.430 16.434 18.463 19.949
 23.311 19.918 16.867 13.430 10.301  7.161  3.850  0.000  3.863  5.548  6.310  8.880 10.766 14.375 16.431 20.159 21.388 24.653 25.165 26.841 23.971 22.692 19.240 19.855 20.480 17.204 15.479 17.887 16.893 13.213 14.943 17.027 14.420 11.688 13.905 12.350 15.345 15.999 17.019 13.808 12.051 12.636 12.611 13.250 15.420 17.378 16.657 17.873 16.870 18.118 20.663 20.804 24.381 24.287 24.121 22.313 25.839 26.280 23.494 24.845 21.750 22.901 22.101 19.304 17.507 13.841 12.356  9.260  7.931  8.016  8.815 12.073 13.550 15.468 17.338 18.727
 24.894 21.291 18.589 14.924 12.394  9.075  6.538  3.863  0.000  3.839  5.726  9.264 11.773 15.350 17.983 21.721 23.449 26.858 27.609 29.525 26.702 25.742 22.430 23.050 23.330 19.984 18.464 20.535 19.128 15.531 17.194 18.736 15.708 13.035 15.536 14.692 18.031 19.094 20.274 17.017 15.486 16.246 16.067 16.521 18.306 19.967 19.450 21.037 20.312 21.551 24.193 24.273 27.791 27.605 27.185 25.146 28.596 29.308 26.458 27.483 24.214 24.923 23.729 20.580 19.243 15.626 14.888 12.160 11.335 11.596 12.153 15.227 16.232 17.978 19.651 20.852
 22.441 18.745 16.152 12.373 10.507  7.089  6.229  5.548  3.839  0.000  3.810  6.744 10.018 13.170 16.184 19.791 21.679 24.995 25.673 27.959 25.434 24.860 21.729 22.864 22.832 19.224 18.396 20.604 18.709 15.440 17.801 19.005 15.705 13.775 16.846 16.162 19.498 20.041 21.602 18.651 16.459 16.710 15.680 15.703 16.768 18.226 18.317 20.192 19.889 20.902 23.870 24.121 27.430 26.781 25.952 23.506 26.750 27.762 24.800 25.382 21.987 22.295 20.922 17.560 16.446 12.938 12.963 10.879 11.117 12.367 13.809 17.183 18.649 20.494 22.211 23.398
 19.768 16.075 13.775 10.121  8.379  5.919  5.359  6.310  5.726  3.810  0.000  3.830  6.601  9.953 12.972 16.626 18.757 22.253 23.340 25.541 22.870 22.583 19.712 20.647 20.156 16.605 15.976 17.786 15.549 12.471 14.955 15.737 12.284 10.789 14.202 14.013 17.488 18.064 20.160 17.585 15.244 15.934 14.732 15.442 16.487 18.543 19.056 20.422 19.677 20.037 22.761 22.520 25.658 25.120 24.012 21.642 24.984 26.309 23.678 24.160 20.585 20.745 19.015 15.808 15.153 11.955 11.958 10.515 10.332 12.351 13.524 17.139 18.751 20.567 22.468 23.801
 16.048 12.327 10.115  6.496  5.648  4.631  6.316  8.880  9.264  6.744  3.830  0.000  3.820  6.517  9.727 13.241 15.421 18.833 19.937 22.363 19.930 20.054 17.505 18.850 17.976 14.292 14.479 16.313 13.657 11.197 14.356 14.815 11.444 11.053 14.677 14.540 17.701 17.632 20.122 18.092 15.205 15.511 13.542 14.209 14.606 16.827 18.015 19.193 18.548 18.361 21.155 20.880 23.685 22.794 21.261 18.636 21.821 23.477 20.968 21.090 17.395 17.253 15.316 12.147 11.812  9.031  9.599  9.354  9.904 12.868 14.582 18.286 20.330 22.189 24.151 25.514
 13.823 10.336  8.489  5.772  5.042  6.358  7.681 10.766 11.773 10.018  6.601  3.820  0.000  3.843  6.446 10.134 12.410 16.041 17.622 19.744 17.060 17.407 15.209 16.203 14.842 11.349 11.784 13.091 10.111  8.113 11.416 11.448  8.236  8.773 12.366 12.620 15.566 15.388 18.351 16.888 14.006 14.761 12.836 14.339 14.887 17.703 19.059 19.539 18.332 17.440 19.757 18.887 21.448 20.802 19.090 16.772 20.085 21.944 19.940 20.141 16.438 16.385 14.279 11.759 11.791  9.729  9.736 10.153  9.962 13.250 14.519 18.138 20.252 22.018 24.091 25.568
 10.328  6.822  6.014  4.736  6.384  8.908 11.105 14.375 15.350 13.170  9.953  6.517  3.843  0.000  3.816  6.931  9.727 13.257 15.134 17.570 15.298 16.437 14.958 16.321 14.308 11.005 12.610 13.542 10.088  9.507 12.983 12.312  9.577 11.352 14.733 15.247 17.754 17.088 20.319 19.424 16.328 16.748 14.278 15.609 15.378 18.123 20.123 20.447 19.432 17.963 20.193 19.229 21.219 20.179 17.851 15.271 18.201 20.608 18.922 18.521 14.766 14.058 11.416  9.217 10.260  9.456 10.298 11.977 12.442 16.051 17.591 21.101 23.391 25.109 27.139 28.571
  8.289  5.737  5.390  6.251  7.538 10.954 12.934 16.431 17.983 16.184 12.972  9.727  6.446  3.816  0.000  3.814  6.228  9.949 12.197 14.233 11.786 13.206 12.285 13.493 11.018  8.107 10.424 10.932  7.455  8.184 11.563 10.758  9.108 11.598 14.323 14.743 16.556 15.398 18.829 18.629 15.549 16.007 13.559 15.388 15.200 18.309 20.376 20.027 18.611 16.490 18.183 16.784 18.347 17.431 14.930 12.748 15.703 18.207 17.106 16.856 13.340 12.970 10.638  9.715 10.612 10.586 10.681 12.807 12.890 16.497 17.843 21.056 23.468 25.087 27.125 28.601
  5.513  4.665  6.399  8.868 10.844 14.422 16.621 20.159 21.721 19.791 16.626 13.241 10.134  6.931  3.814  0.000  3.828  7.146 10.087 12.146 10.291 12.714 12.895 14.205 11.151  9.182 12.295 12.224  8.967 10.949 13.893 12.603 11.733 14.734 17.077 17.662 18.991 17.504 20.993 21.335 18.292 18.565 15.965 17.684 17.010 19.977 22.413 21.795 20.463 17.846 19.177 17.608 18.402 17.242 14.194 12.129 14.430 17.441 16.986 16.223 13.039 12.158  9.630  9.918 11.539 12.665 13.089 15.774 16.102 19.706 21.096 24.114 26.586 28.113 30.091 31.523
  5.462  6.282  7.089 10.240 11.739 15.542 17.733 21.388 23.449 21.679 18.757 15.421 12.410  9.727  6.228  3.828  0.000  3.824  6.695  8.396  6.592  9.337 10.182 11.789  8.826  7.498 11.181 11.343  9.026 11.471 14.232 13.574 13.526 16.285 18.083 18.080 18.694 16.533 19.792 20.645 17.560 17.437 14.791 16.531 15.755 18.793 21.222 20.080 18.617 15.568 16.484 14.886 15.167 13.836 10.621  8.915 11.114 14.067 14.120 13.583 10.895 10.701  9.244 10.668 11.481 13.014 12.816 15.731 16.050 19.485 20.967 23.632 26.270 27.743 29.652 31.065
  5.858  8.420  9.557 13.134 14.812 18.597 20.969 24.653 26.858 24.995 22.253 18.833 16.041 13.257  9.949  7.146  3.824  0.000  3.877  5.466  5.413  8.996 10.976 12.871 10.168  9.825 13.626 13.787 12.160 14.831 17.346 16.809 17.154 19.899 21.440 21.229 21.385 18.821 21.808 23.063 20.001 19.466 16.729 18.131 16.905 19.621 22.266 20.836 19.583 16.227 16.765 15.350 14.725 12.938  9.297  7.960  8.923 12.228 13.104 12.143 10.344 10.087  9.420 12.015 12.790 15.053 14.943 18.145 18.748 22.052 23.694 26.094 28.826 30.231 32.035 33.374
  7.623 10.002 10.235 13.789 15.318 18.921 21.492 25.165 27.609 25.673 23.340 19.937 17.622 15.134 12.197 10.087  6.695  3.877  0.000  3.840  5.545  8.333 10.290 12.982 11.274 10.818 14.497 15.452 14.383 16.553 19.225 19.345 19.625 21.918 23.427 22.634 22.555 19.552 22.069 23.341 20.122 18.896 15.934 16.736 15.050 17.384 20.137 18.552 17.680 14.309 14.932 14.249 13.324 10.739  6.921  5.200  5.153  8.681  9.752  8.592  7.584  7.982  8.805 11.925 11.888 14.468 14.227 17.590 18.626 21.748 23.771 25.956 28.852 30.290 31.990 33.246
 10.797 13.169 13.252 16.583 17.509 21.129 23.250 26.841 29.525 27.959 25.541 22.363 19.744 17.570 14.233 12.146  8.396  5.466  3.840  0.000  3.837  6.534  9.647 11.622 10.073 10.924 14.289 14.780 14.530 17.099 19.147 19.385 20.384 22.675 23.587 22.703 22.004 18.810 21.135 22.980 20.142 19.123 16.709 17.986 16.853 19.394 21.713 19.552 18.161 14.480 14.099 12.862 11.097  9.039  5.552  6.242  6.037  8.430 10.671 10.519 10.361 11.534 12.587 15.554 15.227 17.397 16.489 19.462 19.917 22.683 24.293 26.067 28.866 30.130 31.759 33.016
 10.730 12.232 11.845 14.742 15.103 18.731 20.446 23.971 26.702 25.434 22.870 19.930 17.060 15.298 11.786 10.291  6.592  5.413  5.545  3.837  0.000  3.841  6.825  8.282  6.298  7.351 10.646 10.965 10.886 13.504 15.370 15.730 16.912 19.111 19.840 18.983 18.273 15.199 17.761 19.592 16.868 16.316 14.217 16.147 15.714 18.784 20.736 18.543 16.598 12.921 12.470 10.533  9.515  8.374  5.396  6.256  8.112  9.949 11.394 12.033 10.948 12.466 12.981 15.199 14.684 16.130 14.724 17.294 17.179 19.890 21.152 22.966 25.674 26.934 28.658 30.012
 13.721 14.511 13.173 15.389 14.849 18.123 19.381 22.692 25.742 24.860 22.583 20.054 17.407 16.437 13.206 12.714  9.337  8.996  8.333  6.534  3.841  0.000  3.832  5.240  5.123  6.544  8.831  9.840 10.890 12.836 14.355 15.598 17.002 18.536 18.832 17.337 16.129 12.663 14.704 16.750 14.207 13.462 11.858 14.028 14.230 17.437 18.793 16.177 13.775 10.051  8.960  6.745  5.915  5.430  4.115  6.335  8.872  9.229 10.433 12.271 11.489 13.955 15.024 16.798 15.453 16.219 14.002 15.966 15.429 17.608 18.699 20.090 22.810 24.019 25.679 27.035
 14.485 14.296 12.067 13.446 12.156 15.060 16.053 19.240 22.430 21.729 19.712 17.505 15.209 14.958 12.285 12.895 10.182 10.976 10.290  9.647  6.825  3.832  0.000  3.846  5.380  4.967  6.320  8.686  9.862 10.685 12.469 14.435 15.397 16.272 16.688 14.692 13.716 10.156 12.037 13.566 10.709  9.707  8.093 10.552 11.368 14.841 15.785 13.266 10.567  7.093  6.693  4.806  6.330  6.065  5.933  6.822 10.261 10.155 10.009 12.389 11.042 13.879 14.938 15.929 13.989 13.938 11.143 12.565 11.790 13.819 15.034 16.520 19.368 20.743 22.490 23.912
 16.784 16.565 14.623 15.712 14.002 16.719 16.965 19.855 23.050 22.864 20.647 18.850 16.203 16.321 13.493 14.205 11.789 12.871 12.982 11.622  8.282  5.240  3.846  0.000  3.849  5.422  5.064  6.299  8.810  9.893 10.490 12.619 14.408 15.191 14.779 12.866 11.154  7.569  9.618 11.893  9.877 10.076  9.805 12.988 14.554 18.120 18.597 15.962 12.741  9.684  8.232  4.795  6.386  8.119  8.707 10.357 13.556 13.349 13.655 16.115 14.798 17.431 18.100 18.932 17.271 16.880 13.919 14.682 12.957 14.460 14.697 15.777 18.291 19.432 21.195 22.712
 14.152 14.187 12.980 14.539 13.518 16.725 17.324 20.480 23.330 22.832 20.156 17.976 14.842 14.308 11.018 11.151  8.826 10.168 11.274 10.073  6.298  5.123  5.380  3.849  0.000  3.859  5.382  4.931  6.360  8.784  9.673 10.669 12.555 14.248 14.215 13.247 12.177  9.323 12.269 14.244 12.083 12.711 11.802 14.914 15.942 19.571 20.626 18.376 15.512 12.304 11.479  8.348  9.020  9.987  9.086 10.175 13.281 14.116 14.657 16.314 14.567 16.486 16.495 17.466 16.560 16.596 14.274 15.621 14.164 16.356 16.664 18.295 20.711 21.876 23.729 25.258
 12.377 11.561  9.727 10.841  9.683 12.958 13.850 17.204 19.984 19.224 16.605 14.292 11.349 11.005  8.107  9.182  7.498  9.825 10.818 10.924  7.351  6.544  4.967  5.422  3.859  0.000  3.849  5.400  5.117  6.458  8.754 10.006 10.727 12.191 13.042 11.923 11.857  9.230 12.351 13.337 10.445 10.782  9.160 12.134 13.059 16.758 17.960 16.226 13.679 10.844 11.245  9.031 10.725 10.781  9.501  9.178 12.797 13.916 13.485 14.916 12.485 14.255 14.008 14.367 13.292 12.954 10.681 12.103 10.934 13.638 14.471 16.703 19.325 20.773 22.750 24.309
 15.989 14.714 12.482 12.580 10.316 12.771 12.600 15.479 18.464 18.396 15.976 14.479 11.784 12.610 10.424 12.295 11.181 13.626 14.497 14.289 10.646  8.831  6.320  5.064  5.382  3.849  0.000  3.842  5.398  5.030  6.257  8.808  9.869 10.295 10.391  8.607  8.163  5.501  8.766  9.663  7.151  8.465  8.174 11.802 13.784 17.548 17.975 16.163 13.102 10.908 10.991  8.536 11.152 12.168 12.001 12.160 15.876 16.323 15.647 17.664 15.350 17.448 17.304 17.156 15.693 14.504 11.615 11.810  9.517 11.435 11.468 13.434 15.900 17.323 19.394 21.087
 16.551 15.643 14.231 14.682 12.905 15.513 15.173 17.887 20.535 20.604 17.786 16.313 13.091 13.542 10.932 12.224 11.343 13.787 15.452 14.780 10.965  9.840  8.686  6.299  4.931  5.400  3.842  0.000  3.846  5.405  4.909  6.396  8.770 10.020  9.421  8.815  8.037  6.365 10.030 11.499  9.971 11.984 11.996 15.614 17.432 21.198 21.776 19.912 16.799 14.380 13.902 10.790 12.591 14.096 13.645 14.216 17.669 18.467 18.384 20.132 17.851 19.563 18.994 19.064 18.240 17.381 14.908 15.299 12.924 14.754 14.173 15.934 17.941 19.078 21.108 22.796
 13.823 12.553 11.534 11.971 10.807 13.710 13.887 16.893 19.128 18.709 15.549 13.657 10.111 10.088  7.455  8.967  9.026 12.160 14.383 14.530 10.886 10.890  9.862  8.810  6.360  5.117  5.398  3.846  0.000  3.854  5.335  5.112  6.292  8.619  9.389  9.697 10.371  9.341 13.103 13.770 11.652 13.389 12.538 15.786 17.070 20.763 21.826 20.486 17.849 15.479 15.806 13.179 14.919 15.592 14.272 13.916 17.352 18.850 18.468 19.561 16.772 17.815 16.599 16.364 16.116 15.395 13.610 14.453 12.625 15.198 15.136 17.588 19.673 20.988 23.080 24.727
 15.667 13.587 11.729 10.959  8.775 10.914 10.421 13.213 15.531 15.440 12.471 11.197  8.113  9.507  8.184 10.949 11.471 14.831 16.553 17.099 13.504 12.836 10.685  9.893  8.784  6.458  5.030  5.405  3.854  0.000  3.849  5.435  5.058  5.755  7.086  6.769  8.468  8.047 11.582 11.263  9.040 11.119 10.627 13.894 15.700 19.337 19.970 18.991 16.389 14.755 15.601 13.492 16.056 16.718 15.863 15.154 18.868 20.013 18.959 20.310 17.313 18.552 17.420 16.445 15.706 14.100 11.999 11.949  9.614 11.986 11.765 14.530 16.579 18.073 20.283 22.007
 18.844 17.070 15.464 14.774 12.443 14.130 12.853 14.943 17.194 17.801 14.955 14.356 11.416 12.983 11.563 13.893 14.232 17.346 19.225 19.147 15.370 14.355 12.469 10.490  9.673  8.754  6.257  4.909  5.335  3.849  0.000  3.841  5.560  5.575  4.570  4.786  5.806  6.623 10.160 10.255  9.330 12.319 12.893 16.476 18.744 22.419 22.649 21.371 18.367 16.792 16.930 14.307 16.794 18.238 17.873 17.850 21.517 22.375 21.672 23.349 20.616 22.060 21.028 20.225 19.483 17.835 15.491 14.990 12.054 13.514 12.212 14.311 15.823 17.012 19.217 21.015
 17.944 16.325 15.541 15.179 13.652 15.666 14.826 17.027 18.736 19.005 15.737 14.815 11.448 12.312 10.758 12.603 13.574 16.809 19.345 19.385 15.730 15.598 14.435 12.619 10.669 10.006  8.808  6.396  5.112  5.435  3.841  0.000  3.845  6.050  5.824  7.963  9.275 10.200 13.805 14.055 13.039 15.798 15.832 19.241 21.032 24.685 25.355 24.229 21.427 19.547 19.744 16.952 18.936 20.164 19.193 18.983 22.437 23.845 23.383 24.566 21.660 22.537 20.963 20.220 20.199 18.958 17.246 17.287 14.817 16.758 15.701 17.999 19.378 20.469 22.588 24.277
 17.060 14.759 13.845 12.791 11.356 12.980 12.232 14.420 15.708 15.705 12.284 11.444  8.236  9.577  9.108 11.733 13.526 17.154 19.625 20.384 16.912 17.002 15.397 14.408 12.555 10.727  9.869  8.770  6.292  5.058  5.560  3.845  0.000  3.836  6.075  8.291 10.896 11.916 15.396 14.780 13.262 15.740 15.333 18.329 19.915 23.374 24.169 23.596 21.205 19.703 20.616 18.367 20.685 21.373 20.131 19.205 22.724 24.350 23.364 24.243 20.976 21.498 19.583 18.220 18.357 16.799 15.545 15.476 13.352 15.619 14.983 17.847 19.304 20.618 22.780 24.435
 19.791 17.160 15.549 13.741 11.412 12.011 10.218 11.688 13.035 13.775 10.789 11.053  8.773 11.352 11.598 14.734 16.285 19.899 21.918 22.675 19.111 18.536 16.272 15.191 14.248 12.191 10.295 10.020  8.619  5.755  5.575  6.050  3.836  0.000  3.854  5.706  9.178 10.963 13.889 12.500 11.431 14.259 14.506 17.467 19.596 22.945 23.192 22.790 20.347 19.468 20.511 18.562 21.394 22.280 21.566 20.681 24.393 25.576 24.226 25.481 22.249 23.131 21.524 19.794 19.362 17.129 15.468 14.468 11.801 13.357 12.192 15.020 16.185 17.540 19.766 21.488
 22.230 19.991 18.367 16.913 14.339 15.012 12.839 13.905 15.536 16.846 14.202 14.677 12.366 14.733 14.323 17.077 18.083 21.440 23.427 23.587 19.840 18.832 16.688 14.779 14.215 13.042 10.391  9.421  9.389  7.086  4.570  5.824  6.075  3.854  0.000  3.825  6.572  9.320 11.968 11.004 11.026 14.453 15.530 18.877 21.427 24.906 24.797 23.948 21.072 20.132 20.526 18.185 20.957 22.473 22.239 21.993 25.725 26.561 25.540 27.199 24.267 25.537 24.235 22.869 22.208 20.044 17.892 16.676 13.482 14.291 12.254 14.290 15.022 16.077 18.297 20.100
 22.370 20.141 17.916 16.372 13.252 13.701 11.290 12.350 14.692 16.162 14.013 14.540 12.620 15.247 14.743 17.662 18.080 21.229 22.634 22.703 18.983 17.337 14.692 12.866 13.247 11.923  8.607  8.815  9.697  6.769  4.786  7.963  8.291  5.706  3.825  0.000  3.898  6.500  8.668  7.269  7.424 11.006 12.618 16.008 18.928 22.364 21.874 20.857 17.850 17.221 17.585 15.546 18.668 20.255 20.514 20.416 24.217 24.576 23.377 25.422 22.723 24.467 23.688 22.397 21.120 18.734 16.050 14.412 10.869 11.103  8.807 10.648 11.691 12.967 15.353 17.318
 23.481 21.753 19.528 18.539 15.455 16.311 14.160 15.345 18.031 19.498 17.488 17.701 15.566 17.754 16.556 18.991 18.694 21.385 22.555 22.004 18.273 16.129 13.716 11.154 12.177 11.857  8.163  8.037 10.371  8.468  5.806  9.275 10.896  9.178  6.572  3.898  0.000  3.895  5.637  5.750  6.988 10.625 12.840 16.474 19.562 23.071 22.385 20.764 17.364 16.476 16.022 13.601 16.525 18.704 19.498 20.107 23.787 23.731 22.958 25.386 23.134 25.286 24.937 24.160 22.652 20.567 17.499 16.038 12.434 12.231  9.717 10.436 11.471 12.419 14.660 16.656
 21.436 20.056 17.679 17.187 14.243 15.630 14.172 15.999 19.094 20.041 18.064 17.632 15.388 17.088 15.398 17.504 16.533 18.821 19.552 18.810 15.199 12.663 10.156  7.569  9.323  9.230  5.501  6.365  9.341  8.047  6.623 10.200 11.916 10.963  9.320  6.500  3.895  0.000  3.841  5.518  5.358  8.242 10.224 13.966 16.901 20.472 19.930 17.901 14.359 13.043 12.294  9.750 12.719 14.889 15.893 16.760 20.357 20.062 19.444 22.049 20.101 22.550 22.628 22.269 20.498 18.755 15.458 14.441 11.163 11.308  9.695 10.412 12.287 13.398 15.496 17.379
 24.596 23.227 20.562 19.895 16.684 17.545 15.750 17.019 20.274 21.602 20.160 20.122 18.351 20.319 18.829 20.993 19.792 21.808 22.069 21.135 17.761 14.704 12.037  9.618 12.269 12.351  8.766 10.030 13.103 11.582 10.160 13.805 15.396 13.889 11.968  8.668  5.637  3.841  0.000  3.841  5.579  8.000 11.033 14.407 17.729 21.006 19.825 17.585 13.914 13.263 12.105 10.121 13.225 15.719 17.505 18.683 22.124 21.200 20.505 23.530 21.969 24.786 25.283 24.925 22.735 20.788 17.211 15.675 12.318 11.310  9.224  8.549 10.179 11.047 12.984 14.931
 25.034 23.139 20.196 18.852 15.299 15.396 13.071 13.808 17.017 18.651 17.585 18.092 16.888 19.424 18.629 21.335 20.645 23.063 23.341 22.980 19.592 16.750 13.566 11.893 14.244 13.337  9.663 11.499 13.770 11.263 10.255 14.055 14.780 12.500 11.004  7.269  5.750  5.518  3.841  0.000  3.834  6.843 10.210 13.297 16.894 19.995 18.536 16.900 13.541 13.710 13.525 12.292 15.818 17.741 19.267 19.783 23.399 22.616 21.311 24.193 22.289 24.948 25.262 24.354 22.052 19.575 16.055 13.825 10.198  8.514  5.743  5.213  7.055  8.582 10.993 13.189
 21.663 19.705 16.607 15.312 11.805 12.208 10.494 12.051 15.486 16.459 15.244 15.205 14.006 16.328 15.549 18.292 17.560 20.001 20.122 20.142 16.868 14.207 10.709  9.877 12.083 10.445  7.151  9.971 11.652  9.040  9.330 13.039 13.262 11.431 11.026  7.424  6.988  5.358  5.579  3.834  0.000  3.817  6.590  9.905 13.350 16.624 15.571 14.046 10.800 10.727 11.255 10.326 14.045 15.307 16.425 16.480 20.166 19.608 18.039 20.728 18.647 21.241 21.577 20.656 18.277 15.863 12.309 10.326  6.828  6.094  4.952  6.373  9.194 11.046 13.344 15.279
 21.061 19.231 15.821 14.684 11.352 11.726 10.817 12.636 16.246 16.710 15.934 15.511 14.761 16.748 16.007 18.565 17.437 19.466 18.896 19.123 16.316 13.462  9.707 10.076 12.711 10.782  8.465 11.984 13.389 11.119 12.319 15.798 15.740 14.259 14.453 11.006 10.625  8.242  8.000  6.843  3.817  0.000  3.826  6.604 10.204 13.291 12.049 10.321  7.087  7.553  8.758  9.061 12.856 13.450 14.790 14.629 18.113 17.170 15.225 18.098 16.332 19.241 20.124 19.352 16.477 14.157 10.390  8.470  5.914  5.179  6.215  7.401 10.637 12.558 14.558 16.221
 17.860 16.027 12.487 11.572  8.658  9.631  9.978 12.611 16.067 15.680 14.732 13.542 12.836 14.278 13.559 15.965 14.791 16.729 15.934 16.709 14.217 11.858  8.093  9.805 11.802  9.160  8.174 11.996 12.538 10.627 12.893 15.832 15.333 14.506 15.530 12.618 12.840 10.224 11.033 10.210  6.590  3.826  0.000  3.822  6.859 10.341 10.015  8.551  5.960  5.713  8.242  9.013 12.438 12.006 12.588 11.655 15.147 14.604 12.276 14.775 12.728 15.533 16.469 15.737 12.746 10.645  6.849  5.848  4.788  6.284  8.740 10.779 13.967 15.876 17.777 19.267
 18.634 16.750 13.031 11.959  9.547  9.844 10.879 13.250 16.521 15.703 15.442 14.209 14.339 15.609 15.388 17.684 16.531 18.131 16.736 17.986 16.147 14.028 10.552 12.988 14.914 12.134 11.802 15.614 15.786 13.894 16.476 19.241 18.329 17.467 18.877 16.008 16.474 13.966 14.407 13.297  9.905  6.604  3.822  0.000  3.826  6.781  6.271  5.465  4.523  5.846  9.385 11.374 14.406 13.176 13.688 12.173 15.146 14.365 11.307 13.627 11.839 14.676 16.084 15.194 11.686  9.507  6.055  5.069  6.247  7.405 10.756 12.639 15.765 17.695 19.374 20.641
 16.866 15.220 11.644 11.105  9.870 10.618 12.751 15.420 18.306 16.768 16.487 14.606 14.887 15.378 15.200 17.010 15.755 16.905 15.050 16.853 15.714 14.230 11.368 14.554 15.942 13.059 13.784 17.432 17.070 15.700 18.744 21.032 19.915 19.596 21.427 18.928 19.562 16.901 17.729 16.894 13.350 10.204  6.859  3.826  0.000  3.849  5.530  5.507  6.497  6.936 10.733 12.992 15.315 13.176 12.979 10.694 13.095 12.631  9.094 10.713  8.949 11.637 13.450 12.779  9.025  7.633  5.264  6.337  8.973 10.865 14.355 16.413 19.494 21.361 22.934 24.068
 19.126 17.564 14.181 13.559 12.776 12.894 15.150 17.378 19.967 18.226 18.543 16.827 17.703 18.123 18.309 19.977 18.793 19.621 17.384 19.394 18.784 17.437 14.841 18.120 19.571 16.758 17.548 21.198 20.763 19.337 22.419 24.685 23.374 22.945 24.906 22.364 23.071 20.472 21.006 19.995 16.624 13.291 10.341  6.781  3.849  0.000  3.849  5.614  8.418  9.682 13.332 16.106 18.152 15.704 15.590 13.200 14.806 14.083 10.302 11.421 10.380 12.694 14.881 14.143 10.361  9.279  8.140  8.905 11.961 13.350 17.002 18.835 21.786 23.614 24.988 25.942
 22.197 20.463 16.868 15.792 14.176 13.642 15.037 16.657 19.450 18.317 19.056 18.015 19.059 20.123 20.376 22.413 21.222 22.266 20.137 21.713 20.736 18.793 15.785 18.597 20.626 17.960 17.975 21.776 21.826 19.970 22.649 25.355 24.169 23.192 24.797 21.874 22.385 19.930 19.825 18.536 15.571 12.049 10.015  6.271  5.530  3.849  0.000  3.821  6.970  9.621 13.046 16.083 18.534 16.650 17.313 15.529 17.416 16.113 12.534 14.416 13.597 16.222 18.321 17.408 13.608 11.836  9.899  9.204 11.542 11.824 15.345 16.650 19.461 21.257 22.512 23.415
 21.731 20.426 16.904 16.399 14.605 14.802 15.956 17.873 21.037 20.192 20.422 19.193 19.539 20.447 20.027 21.795 20.080 20.836 18.552 19.552 18.543 16.177 13.266 15.962 18.376 16.226 16.163 19.912 20.486 18.991 21.371 24.229 23.596 22.790 23.948 20.857 20.764 17.901 17.585 16.900 14.046 10.321  8.551  5.465  5.507  5.614  3.821  0.000  3.826  6.493  9.578 12.886 15.183 13.466 14.680 13.570 15.496 13.646 10.451 13.145 12.798 16.030 18.426 18.134 14.364 13.018 10.384 10.013 11.513 11.684 14.804 15.681 18.606 20.284 21.536 22.495
 21.160 19.896 16.387 15.961 13.668 14.230 14.834 16.870 20.312 19.889 19.677 18.548 18.332 19.432 18.611 20.463 18.617 19.583 17.680 18.161 16.598 13.775 10.567 12.741 15.512 13.679 13.102 16.799 17.849 16.389 18.367 21.427 21.205 20.347 21.072 17.850 17.364 14.359 13.914 13.541 10.800  7.087  5.960  4.523  6.497  8.418  6.970  3.826  0.000  3.826  6.567  9.591 12.357 11.380 13.049 12.602 15.113 13.241 10.663 13.869 13.236 16.682 18.766 18.592 15.039 13.533 10.186  9.509  9.796  9.753 12.328 12.993 16.020 17.681 19.083 20.219
 18.457 17.668 14.480 14.832 12.967 14.526 15.500 18.118 21.551 20.902 20.037 18.361 17.440 17.963 16.490 17.846 15.568 16.227 14.309 14.480 12.921 10.051  7.093  9.684 12.304 10.844 10.908 14.380 15.479 14.755 16.792 19.547 19.703 19.468 20.132 17.221 16.476 13.043 13.263 13.710 10.727  7.553  5.713  5.846  6.936  9.682  9.621  6.493  3.826  0.000  3.839  6.608  9.047  7.780  9.318  9.230 11.913 10.178  8.172 11.567 10.976 14.579 16.676 17.089 13.872 13.081  9.794 10.255 10.383 11.318 13.560 14.520 17.601 19.157 20.657 21.870
 20.043 19.730 16.907 17.643 15.744 17.563 18.139 20.663 24.193 23.870 22.761 21.155 19.757 20.193 18.183 19.177 16.484 16.765 14.932 14.099 12.470  8.960  6.693  8.232 11.479 11.245 10.991 13.902 15.806 15.601 16.930 19.744 20.616 20.511 20.526 17.585 16.022 12.294 12.105 13.525 11.255  8.758  8.242  9.385 10.733 13.332 13.046  9.578  6.567  3.839  0.000  3.839  5.926  5.842  8.702 10.146 12.524 10.274  9.630 13.291 13.277 16.931 19.052 19.915 17.007 16.492 13.185 13.580 12.956 13.470 14.869 15.162 18.020 19.269 20.634 21.824
 19.202 19.034 16.584 17.527 15.613 17.843 18.154 20.804 24.273 24.121 22.520 20.880 18.887 19.229 16.784 17.608 14.886 15.350 14.249 12.862 10.533  6.745  4.806  4.795  8.348  9.031  8.536 10.790 13.179 13.492 14.307 16.952 18.367 18.562 18.185 15.546 13.601  9.750 10.121 12.292 10.326  9.061  9.013 11.374 12.992 16.106 16.083 12.886  9.591  6.608  3.839  0.000  3.852  5.690  8.180 10.270 13.010 11.485 11.609 14.869 14.406 17.729 19.299 20.253 17.856 17.405 14.115 14.605 13.290 14.071 14.759 15.156 17.844 18.963 20.467 21.807
 19.371 19.944 18.022 19.640 18.299 20.904 21.557 24.381 27.791 27.430 25.658 23.685 21.448 21.219 18.347 18.402 15.167 14.725 13.324 11.097  9.515  5.915  6.330  6.386  9.020 10.725 11.152 12.591 14.919 16.056 16.794 18.936 20.685 21.394 20.957 18.668 16.525 12.719 13.225 15.818 14.045 12.856 12.438 14.406 15.315 18.152 18.534 15.183 12.357  9.047  5.926  3.852  0.000  3.812  6.771 10.000 11.826 10.078 11.446 14.503 14.767 18.003 19.820 21.437 19.334 19.573 16.664 17.743 16.795 17.822 18.564 18.886 21.460 22.404 23.761 24.985
 17.241 18.010 16.101 18.039 17.220 19.954 21.229 24.287 27.605 26.781 25.120 22.794 20.802 20.179 17.431 17.242 13.836 12.938 10.739  9.039  8.374  5.430  6.065  8.119  9.987 10.781 12.168 14.096 15.592 16.718 18.238 20.164 21.373 22.280 22.473 20.255 18.704 14.889 15.719 17.741 15.307 13.450 12.006 13.176 13.176 15.704 16.650 13.466 11.380  7.780  5.842  5.690  3.812  0.000  3.836  6.929  8.318  6.314  7.812 10.795 11.454 14.782 17.010 18.905 16.726 17.448 14.939 16.622 16.500 17.998 19.465 20.231 23.051 24.207 25.600 26.769
 13.644 14.800 13.386 15.896 15.811 18.973 20.755 24.121 27.185 25.952 24.012 21.261 19.090 17.851 14.930 14.194 10.621  9.297  6.921  5.552  5.396  4.115  5.933  8.707  9.086  9.501 12.001 13.645 14.272 15.863 17.873 19.193 20.131 21.566 22.239 20.514 19.498 15.893 17.505 19.267 16.425 14.790 12.588 13.688 12.979 15.590 17.313 14.680 13.049  9.318  8.702  8.180  6.771  3.836  0.000  3.824  5.288  5.155  6.924  8.729  8.943 11.768 13.745 16.009 14.361 15.705 13.841 16.254 16.569 18.786 20.512 21.886 24.783 26.071 27.611 28.834
 10.907 11.760 10.182 12.832 13.294 16.497 18.806 22.313 25.146 23.506 21.642 18.636 16.772 15.271 12.748 12.129  8.915  7.960  5.200  6.242  6.256  6.335  6.822 10.357 10.175  9.178 12.160 14.216 13.916 15.154 17.850 18.983 19.205 20.681 21.993 20.416 20.107 16.760 18.683 19.783 16.480 14.629 11.655 12.173 10.694 13.200 15.529 13.570 12.602  9.230 10.146 10.270 10.000  6.929  3.824  0.000  3.854  5.482  5.457  6.187  5.316  8.087 10.121 12.325 10.659 12.365 11.085 14.053 15.078 17.783 20.011 21.904 24.916 26.405 28.040 29.273
 11.883 13.589 12.691 15.687 16.656 19.793 22.343 25.839 28.596 26.750 24.984 21.821 20.085 18.201 15.703 14.430 11.114  8.923  5.153  6.037  8.112  8.872 10.261 13.556 13.281 12.797 15.876 17.669 17.352 18.868 21.517 22.437 22.724 24.393 25.725 24.217 23.787 20.357 22.124 23.399 20.166 18.113 15.147 15.146 13.095 14.806 17.416 15.496 15.113 11.913 12.524 13.010 11.826  8.318  5.288  3.854  0.000  3.857  5.413  4.656  5.916  8.042 10.748 13.718 12.409 14.827 14.129 17.286 18.666 21.298 23.662 25.420 28.438 29.869 31.392 32.527
 15.477 16.777 15.262 17.742 18.023 20.801 23.010 26.280 29.308 27.762 26.309 23.477 21.944 20.608 18.207 17.441 14.067 12.228  8.681  8.430  9.949  9.229 10.155 13.349 14.116 13.916 16.323 18.467 18.850 20.013 22.375 23.845 24.350 25.576 26.561 24.576 23.731 20.062 21.200 22.616 19.608 17.170 14.604 14.365 12.631 14.083 16.113 13.646 13.241 10.178 10.274 11.485 10.078  6.314  5.155  5.482  3.857  0.000  3.837  5.459  7.809 10.846 13.938 16.487 14.458 16.278 14.913 17.529 18.722 20.784 23.104 24.375 27.379 28.725 30.099 31.153
 15.140 15.657 13.509 15.443 15.587 17.976 20.331 23.494 26.458 24.800 23.678 20.968 19.940 18.922 17.106 16.986 14.120 13.104  9.752 10.671 11.394 10.433 10.009 13.655 14.657 13.485 15.647 18.384 18.468 18.959 21.672 23.383 23.364 24.226 25.540 23.377 22.958 19.444 20.505 21.311 18.039 15.225 12.276 11.307  9.094 10.302 12.534 10.451 10.663  8.172  9.630 11.609 11.446  7.812  6.924  5.457  5.413  3.837  0.000  3.855  5.608  9.209 12.501 14.401 11.762 13.244 11.901 14.464 16.137 18.212 20.934 22.415 25.497 27.003 28.412 29.461
 13.241 14.161 12.650 15.052 16.112 18.666 21.530 24.845 27.483 25.382 24.160 21.090 20.141 18.521 16.856 16.223 13.583 12.143  8.592 10.519 12.033 12.271 12.389 16.115 16.314 14.916 17.664 20.132 19.561 20.310 23.349 24.566 24.243 25.481 27.199 25.422 25.386 22.049 23.530 24.193 20.728 18.098 14.775 13.627 10.713 11.421 14.416 13.145 13.869 11.567 13.291 14.869 14.503 10.795  8.729  6.187  4.656  5.459  3.855  0.000  3.841  6.369 10.021 12.451 10.428 12.882 12.649 15.821 17.998 20.537 23.448 25.311 28.405 29.974 31.437 32.481
 10.454 10.705  8.891 11.262 12.567 15.275 18.313 21.750 24.214 21.987 20.585 17.395 16.438 14.766 13.340 13.039 10.895 10.344  7.584 10.361 10.948 11.489 11.042 14.798 14.567 12.485 15.350 17.851 16.772 17.313 20.616 21.660 20.976 22.249 24.267 22.723 23.134 20.101 21.969 22.289 18.647 16.332 12.728 11.839  8.949 10.380 13.597 12.798 13.236 10.976 13.277 14.406 14.767 11.454  8.943  5.316  5.916  7.809  5.608  3.841  0.000  3.830  6.979  8.959  6.866  9.418  9.497 13.002 15.278 18.228 21.162 23.443 26.524 28.197 29.810 30.951
  8.377  8.875  8.137 10.903 13.261 16.011 19.417 22.901 24.923 22.295 20.745 17.253 16.385 14.058 12.970 12.158 10.701 10.087  7.982 11.534 12.466 13.955 13.879 17.431 16.486 14.255 17.448 19.563 17.815 18.552 22.060 22.537 21.498 23.131 25.537 24.467 25.286 22.550 24.786 24.948 21.241 19.241 15.533 14.676 11.637 12.694 16.222 16.030 16.682 14.579 16.931 17.729 18.003 14.782 11.768  8.087  8.042 10.846  9.209  6.369  3.830  0.000  3.835  6.575  6.006  9.585 10.994 14.755 17.285 20.568 23.526 26.137 29.159 30.868 32.532 33.674
  5.653  5.647  6.044  9.057 12.186 15.079 18.573 22.101 23.729 20.922 19.015 15.316 14.279 11.416 10.638  9.630  9.244  9.420  8.805 12.587 12.981 15.024 14.938 18.100 16.495 14.008 17.304 18.994 16.599 17.420 21.028 20.963 19.583 21.524 24.235 23.688 24.937 22.628 25.283 25.262 21.577 20.124 16.469 16.084 13.450 14.881 18.321 18.426 18.766 16.676 19.052 19.299 19.820 17.010 13.745 10.121 10.748 13.938 12.501 10.021  6.979  3.835  0.000  3.845  5.582  9.154 11.257 15.005 17.359 20.950 23.704 26.653 29.554 31.288 33.055 34.259
  7.636  5.465  4.878  6.429  9.932 12.293 15.945 19.304 20.580 17.560 15.808 12.147 11.759  9.217  9.715  9.918 10.668 12.015 11.925 15.554 15.199 16.798 15.929 18.932 17.466 14.367 17.156 19.064 16.364 16.445 20.225 20.220 18.220 19.794 22.869 22.397 24.160 22.269 24.925 24.354 20.656 19.352 15.737 15.194 12.779 14.143 17.408 18.134 18.592 17.089 19.915 20.253 21.437 18.905 16.009 12.325 13.718 16.487 14.401 12.451  8.959  6.575  3.845  0.000  3.844  6.641  9.601 13.039 15.612 19.254 22.084 25.291 28.087 29.906 31.707 32.917
  9.927  7.890  5.348  6.055  8.430 10.526 14.174 17.507 19.243 16.446 15.153 11.812 11.791 10.260 10.612 11.539 11.481 12.790 11.888 15.227 14.684 15.453 13.989 17.271 16.560 13.292 15.693 18.240 16.116 15.706 19.483 20.199 18.357 19.362 22.208 21.120 22.652 20.498 22.735 22.052 18.277 16.477 12.746 11.686  9.025 10.361 13.608 14.364 15.039 13.872 17.007 17.856 19.334 16.726 14.361 10.659 12.409 14.458 11.762 10.428  6.866  6.006  5.582  3.844  0.000  3.829  6.494 10.071 13.018 16.447 19.569 22.585 25.495 27.355 29.106 30.294
 12.576  9.786  6.416  4.751  5.760  6.973 10.643 13.841 15.626 12.938 11.955  9.031  9.729  9.456 10.586 12.665 13.014 15.053 14.468 17.397 16.130 16.219 13.938 16.880 16.596 12.954 14.504 17.381 15.395 14.100 17.835 18.958 16.799 17.129 20.044 18.734 20.567 18.755 20.788 19.575 15.863 14.157 10.645  9.507  7.633  9.279 11.836 13.018 13.533 13.081 16.492 17.405 19.573 17.448 15.705 12.365 14.827 16.278 13.244 12.882  9.418  9.585  9.154  6.641  3.829  0.000  3.820  6.732  9.900 13.247 16.451 19.606 22.434 24.374 26.159 27.378
 13.885 11.393  7.604  6.104  4.749  6.163  9.042 12.356 14.888 12.963 11.958  9.599  9.736 10.298 10.681 13.089 12.816 14.943 14.227 16.489 14.724 14.002 11.143 13.919 14.274 10.681 11.615 14.908 13.610 11.999 15.491 17.246 15.545 15.468 17.892 16.050 17.499 15.458 17.211 16.055 12.309 10.390  6.849  6.055  5.264  8.140  9.899 10.384 10.186  9.794 13.185 14.115 16.664 14.939 13.841 11.085 14.129 14.913 11.901 12.649  9.497 10.994 11.257  9.601  6.494  3.820  0.000  3.828  6.691  9.996 13.209 16.175 19.131 21.088 22.921 24.226
 17.345 14.612 10.859  8.501  5.629  4.855  6.451  9.260 12.160 10.879 10.515  9.354 10.153 11.977 12.807 15.774 15.731 18.145 17.590 19.462 17.294 15.966 12.565 14.682 15.621 12.103 11.810 15.299 14.453 11.949 14.990 17.287 15.476 14.468 16.676 14.412 16.038 14.441 15.675 13.825 10.326  8.470  5.848  5.069  6.337  8.905  9.204 10.013  9.509 10.255 13.580 14.605 17.743 16.622 16.254 14.053 17.286 17.529 14.464 15.821 13.002 14.755 15.005 13.039 10.071  6.732  3.828  0.000  3.822  6.615 10.067 13.096 15.974 18.039 19.906 21.256
 18.685 16.021 12.455 10.193  6.516  5.911  5.306  7.931 11.335 11.117 10.332  9.904  9.962 12.442 12.890 16.102 16.050 18.748 18.626 19.917 17.179 15.429 11.790 12.957 14.164 10.934  9.517 12.924 12.625  9.614 12.054 14.817 13.352 11.801 13.482 10.869 12.434 11.163 12.318 10.198  6.828  5.914  4.788  6.247  8.973 11.961 11.542 11.513  9.796 10.383 12.956 13.290 16.795 16.500 16.569 15.078 18.666 18.722 16.137 17.998 15.278 17.285 17.359 15.612 13.018  9.900  6.691  3.822  0.000  3.824  6.611  9.879 12.763 14.878 16.963 18.539
 22.375 19.798 16.221 13.940 10.254  8.933  7.092  8.016 11.596 12.367 12.351 12.868 13.250 16.051 16.497 19.706 19.485 22.052 21.748 22.683 19.890 17.608 13.819 14.460 16.356 13.638 11.435 14.754 15.198 11.986 13.514 16.758 15.619 13.357 14.291 11.103 12.231 11.308 11.310  8.514  6.094  5.179  6.284  7.405 10.865 13.350 11.824 11.684  9.753 11.318 13.470 14.071 17.822 17.998 18.786 17.783 21.298 20.784 18.212 20.537 18.228 20.568 20.950 19.254 16.447 13.247  9.996  6.615  3.824  0.000  3.822  6.631  9.579 11.865 13.976 15.638
 24.429 21.906 18.574 16.360 12.565 11.418  8.683  8.815 12.153 13.809 13.524 14.582 14.519 17.591 17.843 21.096 20.967 23.694 23.771 24.293 21.152 18.699 15.034 14.697 16.664 14.471 11.468 14.173 15.136 11.765 12.212 15.701 14.983 12.192 12.254  8.807  9.717  9.695  9.224  5.743  4.952  6.215  8.740 10.756 14.355 17.002 15.345 14.804 12.328 13.560 14.869 14.759 18.564 19.465 20.512 20.011 23.662 23.104 20.934 23.448 21.162 23.526 23.704 22.084 19.569 16.451 13.209 10.067  6.611  3.822  0.000  3.823  6.510  8.922 11.398 13.406
 27.378 25.099 21.757 19.794 16.039 15.011 12.346 12.073 15.227 17.183 17.139 18.286 18.138 21.101 21.056 24.114 23.632 26.094 25.956 26.067 22.966 20.090 16.520 15.777 18.295 16.703 13.434 15.934 17.588 14.530 14.311 17.999 17.847 15.020 14.290 10.648 10.436 10.412  8.549  5.213  6.373  7.401 10.779 12.639 16.413 18.835 16.650 15.681 12.993 14.520 15.162 15.156 18.886 20.231 21.886 21.904 25.420 24.375 22.415 25.311 23.443 26.137 26.653 25.291 22.585 19.606 16.175 13.096  9.879  6.631  3.823  0.000  3.830  6.370  8.902 11.109
 30.101 27.754 24.515 22.425 18.668 17.424 14.430 13.550 16.232 18.649 18.751 20.330 20.252 23.391 23.468 26.586 26.270 28.826 28.852 28.866 25.674 22.810 19.368 18.291 20.711 19.325 15.900 17.941 19.673 16.579 15.823 19.378 19.304 16.185 15.022 11.691 11.471 12.287 10.179  7.055  9.194 10.637 13.967 15.765 19.494 21.786 19.461 18.606 16.020 17.601 18.020 17.844 21.460 23.051 24.783 24.916 28.438 27.379 25.497 28.405 26.524 29.159 29.554 28.087 25.495 22.434 19.131 15.974 12.763  9.579  6.510  3.830  0.000  3.832  6.640  9.110
 31.690 29.433 26.285 24.286 20.587 19.426 16.434 15.468 17.978 20.494 20.567 22.189 22.018 25.109 25.087 28.113 27.743 30.231 30.290 30.130 26.934 24.019 20.743 19.432 21.876 20.773 17.323 19.078 20.988 18.073 17.012 20.469 20.618 17.540 16.077 12.967 12.419 13.398 11.047  8.582 11.046 12.558 15.876 17.695 21.361 23.614 21.257 20.284 17.681 19.157 19.269 18.963 22.404 24.207 26.071 26.405 29.869 28.725 27.003 29.974 28.197 30.868 31.288 29.906 27.355 24.374 21.088 18.039 14.878 11.865  8.922  6.370  3.832  0.000  3.845  6.764
 33.556 31.350 28.199 26.229 22.599 21.374 18.463 17.338 19.651 22.211 22.468 24.151 24.091 27.139 27.125 30.091 29.652 32.035 31.990 31.759 28.658 25.679 22.490 21.195 23.729 22.750 19.394 21.108 23.080 20.283 19.217 22.588 22.780 19.766 18.297 15.353 14.660 15.496 12.984 10.993 13.344 14.558 17.777 19.374 22.934 24.988 22.512 21.536 19.083 20.657 20.634 20.467 23.761 25.600 27.611 28.040 31.392 30.099 28.412 31.437 29.810 32.532 33.055 31.707 29.106 26.159 22.921 19.906 16.963 13.976 11.398  8.902  6.640  3.845  0.000  3.812
