  0.000  3.831  6.715 10.302 13.221 16.708 19.631 23.267 24.836 22.397 19.716 15.994 13.796 10.298  8.265  5.510  5.450  5.846  7.627 10.811 10.725 13.698 14.453 16.766 14.136 12.373 15.988 16.547 13.810 15.678 18.855 17.969 17.104 19.839 22.275 22.413 23.558 21.478 24.623 25.061 21.658 21.047 17.843 18.625 16.861 19.129 22.197 21.783 21.131 18.454 20.033 19.154 19.364 17.225 13.629 10.885 11.883 15.471 15.147 13.246 10.465  8.406  5.687  7.614  9.905 12.533 13.883 17.327 18.654 22.349 24.416 27.369 30.082 31.703 33.531 34.810
  3.831  0.000  3.822  6.834 10.055 13.329 16.321 19.884 21.240 18.704 16.023 12.275 10.320  6.803  5.746  4.708  6.318  8.448 10.046 13.221 12.277 14.535 14.311 16.598 14.215 11.600 14.759 15.680 12.572 13.630 17.115 16.375 14.820 17.233 20.068 20.226 21.870 20.138 23.293 23.201 19.732 19.243 16.033 16.759 15.237 17.593 20.476 20.487 19.884 17.694 19.754 19.025 19.976 18.033 14.821 11.768 13.607 16.791 15.681 14.178 10.728  8.907  5.676  5.426  7.861  9.743 11.406 14.608 16.010 19.791 21.919 25.116 27.758 29.463 31.343 32.646
  6.715  3.822  0.000  3.824  6.714 10.085 13.203 16.848 18.549 16.119 13.740 10.073  8.480  6.005  5.378  6.412  7.098  9.571 10.274 13.292 11.883 13.192 12.083 14.657 13.002  9.759 12.526 14.265 11.541 11.762 15.500 15.575 13.885 15.601 18.433 17.997 19.633 17.749 20.614 20.249 16.631 15.830 12.491 13.039 11.662 14.212 16.882 16.956 16.370 14.502 16.926 16.570 18.042 16.118 13.397 10.182 12.695 15.263 13.524 12.659  8.909  8.165  6.065  4.873  5.335  6.379  7.621 10.859 12.448 16.216 18.587 21.771 24.523 26.317 28.192 29.497
 10.302  6.834  3.824  0.000  3.822  6.572  9.870 13.398 14.875 12.334 10.077  6.448  5.763  4.746  6.250  8.887 10.251 13.150 13.830 16.622 14.779 15.407 13.461 15.745 14.554 10.862 12.620 14.707 11.967 10.978 14.798 15.195 12.809 13.777 16.970 16.451 18.633 17.242 19.933 18.890 15.321 14.673 11.554 11.945 11.116 13.597 15.792 16.420 15.919 14.839 17.650 17.505 19.651 18.049 15.900 12.827 15.685 17.733 15.446 15.058 11.272 10.928  9.082  6.444  6.044  4.708  6.106  8.482 10.168 13.915 16.359 19.788 22.412 24.291 26.198 27.518
 13.221 10.055  6.714  3.822  0.000  3.832  6.558 10.276 12.359 10.488  8.383  5.641  5.054  6.402  7.528 10.849 11.739 14.822 15.355 17.544 15.137 14.867 12.173 14.038 13.529  9.695 10.355 12.927 10.793  8.782 12.458 13.652 11.350 11.421 14.385 13.328 15.539 14.289 16.715 15.334 11.812 11.338  8.636  9.530  9.880 12.814 14.172 14.602 13.614 12.966 15.748 15.591 18.305 17.229 15.812 13.288 16.650 18.008 15.584 16.111 12.577 13.284 12.207  9.954  8.440  5.742  4.761  5.611  6.491 10.231 12.565 16.034 18.654 20.588 22.569 23.985
 16.708 13.329 10.085  6.572  3.832  0.000  3.833  7.149  9.046  7.062  5.922  4.631  6.369  8.925 10.950 14.429 15.545 18.610 18.963 21.169 18.774 18.153 15.093 16.773 16.746 12.977 12.822 15.543 13.701 10.922 14.149 15.660 12.958 12.007 15.056 13.789 16.397 15.680 17.582 15.437 12.225 11.719  9.616  9.831 10.640 12.951 13.641 14.790 14.183 14.537 17.581 17.839 20.922 19.975 18.983 16.498 19.791 20.792 17.976 18.670 15.282 16.028 15.093 12.313 10.531  6.967  6.168  4.840  5.899  8.912 11.427 15.006 17.415 19.425 21.345 22.699
 19.631 16.321 13.203  9.870  6.558  3.833  0.000  3.846  6.520  6.230  5.385  6.306  7.640 11.074 12.884 16.581 17.704 20.956 21.519 23.276 20.470 19.402 16.083 17.008 17.317 13.838 12.621 15.163 13.828 10.369 12.816 14.748 12.124 10.123 12.816 11.336 14.211 14.198 15.785 13.116 10.510 10.829  9.980 10.901 12.802 15.245 15.086 15.965 14.813 15.528 18.172 18.158 21.577 21.257 20.765 18.808 22.343 23.011 20.347 21.544 18.329 19.435 18.577 15.950 14.184 10.646  9.062  6.472  5.316  7.106  8.712 12.369 14.439 16.441 18.457 19.939
 23.267 19.884 16.848 13.398 10.276  7.149  3.846  0.000  3.855  5.553  6.335  8.875 10.728 14.347 16.383 20.118 21.358 24.640 25.191 26.866 23.993 22.712 19.268 19.896 20.467 17.187 15.493 17.867 16.828 13.152 14.891 16.930 14.290 11.563 13.855 12.376 15.375 16.010 17.046 13.846 12.061 12.646 12.610 13.268 15.467 17.475 16.705 17.868 16.847 18.143 20.695 20.811 24.401 24.316 24.131 22.314 25.839 26.279 23.507 24.859 21.764 22.917 22.103 19.307 17.513 13.846 12.368  9.272  7.939  8.026  8.841 12.089 13.553 15.452 17.306 18.717
 24.836 21.240 18.549 14.875 12.359  9.046  6.520  3.855  0.000  3.842  5.733  9.260 11.735 15.317 17.935 21.676 23.411 26.830 27.614 29.530 26.706 25.741 22.437 23.077 23.306 19.958 18.472 20.513 19.067 15.481 17.156 18.652 15.597 12.946 15.511 14.736 18.071 19.104 20.296 17.048 15.479 16.224 16.033 16.496 18.316 20.027 19.451 20.992 20.251 21.544 24.196 24.257 27.788 27.607 27.168 25.119 28.566 29.276 26.438 27.464 24.196 24.909 23.707 20.558 19.213 15.597 14.865 12.131 11.312 11.570 12.164 15.220 16.219 17.945 19.607 20.836
 22.397 18.704 16.119 12.334 10.488  7.062  6.230  5.553  3.842  0.000  3.811  6.755 10.014 13.166 16.168 19.776 21.663 24.981 25.684 27.973 25.452 24.870 21.746 22.908 22.835 19.226 18.435 20.622 18.689 15.441 17.819 18.984 15.668 13.776 16.897 16.267 19.590 20.088 21.647 18.704 16.474 16.693 15.646 15.665 16.762 18.263 18.289 20.138 19.820 20.891 23.873 24.109 27.434 26.783 25.937 23.478 26.714 27.722 24.769 25.351 21.956 22.269 20.895 17.532 16.399 12.895 12.929 10.838 11.097 12.341 13.835 17.185 18.649 20.488 22.188 23.389
 19.716 16.023 13.740 10.077  8.383  5.922  5.385  6.335  5.733  3.811  0.000  3.826  6.599  9.937 12.965 16.614 18.755 22.253 23.365 25.581 22.922 22.635 19.774 20.746 20.206 16.652 16.074 17.859 15.574 12.530 15.039 15.770 12.295 10.865 14.329 14.201 17.671 18.196 20.297 17.729 15.336 15.988 14.757 15.455 16.513 18.600 19.065 20.421 19.659 20.076 22.819 22.563 25.717 25.167 24.036 21.641 24.973 26.301 23.678 24.146 20.570 20.722 18.981 15.754 15.097 11.905 11.958 10.517 10.369 12.396 13.629 17.227 18.826 20.638 22.522 23.869
 15.994 12.275 10.073  6.448  5.641  4.631  6.306  8.875  9.260  6.755  3.826  0.000  3.825  6.508  9.715 13.225 15.404 18.816 19.942 22.377 19.952 20.067 17.524 18.900 17.990 14.310 14.538 16.351 13.658 11.235 14.410 14.836 11.461 11.124 14.777 14.683 17.842 17.720 20.205 18.181 15.248 15.519 13.530 14.191 14.607 16.861 18.002 19.177 18.496 18.363 21.168 20.872 23.699 22.799 21.250 18.607 21.788 23.442 20.943 21.057 17.365 17.225 15.283 12.096 11.750  8.968  9.583  9.333  9.901 12.870 14.630 18.321 20.353 22.217 24.157 25.517
 13.796 10.320  8.480  5.763  5.054  6.369  7.640 10.728 11.735 10.014  6.599  3.825  0.000  3.844  6.446 10.128 12.413 16.048 17.653 19.782 17.099 17.432 15.234 16.252 14.858 11.375 11.838 13.120 10.110  8.148 11.458 11.460  8.247  8.837 12.447 12.736 15.696 15.472 18.431 16.967 14.037 14.768 12.832 14.337 14.908 17.752 19.066 19.546 18.290 17.453 19.777 18.882 21.473 20.822 19.101 16.769 20.084 21.937 19.946 20.142 16.449 16.402 14.293 11.746 11.773  9.698  9.755 10.146  9.954 13.246 14.549 18.162 20.255 22.031 24.085 25.565
 10.298  6.803  6.005  4.746  6.402  8.925 11.074 14.347 15.317 13.166  9.937  6.508  3.844  0.000  3.819  6.927  9.726 13.254 15.154 17.596 15.322 16.445 14.965 16.349 14.310 11.023 12.648 13.559 10.082  9.542 13.019 12.332  9.613 11.428 14.810 15.346 17.874 17.164 20.388 19.492 16.351 16.752 14.273 15.610 15.398 18.170 20.136 20.472 19.394 17.972 20.204 19.208 21.233 20.186 17.852 15.259 18.196 20.597 18.927 18.521 14.776 14.078 11.435  9.201 10.240  9.425 10.321 11.976 12.433 16.047 17.615 21.121 23.391 25.125 27.131 28.554
  8.265  5.746  5.378  6.250  7.528 10.950 12.884 16.383 17.935 16.168 12.965  9.715  6.446  3.819  0.000  3.813  6.225  9.944 12.203 14.247 11.793 13.188 12.255 13.485 10.997  8.099 10.428 10.929  7.441  8.206 11.587 10.789  9.163 11.669 14.390 14.810 16.654 15.451 18.871 18.670 15.542 15.982 13.524 15.360 15.184 18.311 20.357 20.025 18.542 16.463 18.158 16.728 18.333 17.409 14.908 12.714 15.683 18.176 17.088 16.835 13.337 12.986 10.663  9.701 10.589 10.537 10.680 12.781 12.852 16.468 17.836 21.052 23.448 25.090 27.101 28.566
  5.510  4.708  6.412  8.887 10.849 14.429 16.581 20.118 21.676 19.776 16.614 13.225 10.128  6.927  3.813  0.000  3.829  7.143 10.096 12.162 10.291 12.690 12.862 14.184 11.121  9.175 12.290 12.208  8.948 10.965 13.904 12.626 11.786 14.796 17.127 17.709 19.075 17.550 21.032 21.372 18.288 18.553 15.949 17.678 17.014 19.995 22.417 21.827 20.419 17.836 19.161 17.554 18.392 17.224 14.181 12.111 14.430 17.431 16.992 16.225 13.063 12.201  9.684  9.923 11.541 12.639 13.108 15.767 16.078 19.688 21.093 24.116 26.570 28.125 30.075 31.493
  5.450  6.318  7.098 10.251 11.739 15.545 17.704 21.358 23.411 21.663 18.755 15.404 12.413  9.726  6.225  3.829  0.000  3.824  6.695  8.410  6.591  9.310 10.144 11.768  8.812  7.500 11.182 11.351  9.036 11.500 14.260 13.627 13.594 16.346 18.144 18.128 18.780 16.586 19.833 20.684 17.564 17.430 14.779 16.522 15.742 18.782 21.215 20.110 18.575 15.552 16.465 14.834 15.157 13.812 10.601  8.888 11.107 14.048 14.116 13.568 10.907 10.730  9.280 10.668 11.481 12.981 12.828 15.723 16.030 19.473 20.968 23.640 26.264 27.769 29.646 31.036
  5.846  8.448  9.571 13.150 14.822 18.610 20.956 24.640 26.830 24.981 22.253 18.816 16.048 13.254  9.944  7.143  3.824  0.000  3.868  5.484  5.415  8.983 10.955 12.862 10.177  9.846 13.640 13.812 12.184 14.870 17.384 16.870 17.227 19.963 21.506 21.281 21.477 18.885 21.860 23.116 20.024 19.484 16.743 18.147 16.908 19.615 22.280 20.901 19.576 16.236 16.769 15.321 14.735 12.932  9.295  7.952  8.933 12.231 13.121 12.140 10.369 10.118  9.449 12.016 12.802 15.035 14.967 18.156 18.748 22.061 23.710 26.122 28.840 30.276 32.039 33.342
  7.627 10.046 10.274 13.830 15.355 18.963 21.519 25.191 27.614 25.684 23.365 19.942 17.653 15.154 12.203 10.096  6.695  3.868  0.000  3.835  5.540  8.326 10.289 12.984 11.298 10.853 14.529 15.491 14.414 16.602 19.270 19.409 19.699 21.984 23.498 22.697 22.647 19.618 22.120 23.400 20.166 18.938 15.978 16.785 15.080 17.398 20.182 18.657 17.713 14.345 14.953 14.236 13.335 10.738  6.923  5.217  5.172  8.694  9.790  8.606  7.637  8.034  8.846 11.963 11.941 14.489 14.279 17.635 18.658 21.787 23.808 26.002 28.891 30.362 32.012 33.216
 10.811 13.221 13.292 16.622 17.544 21.169 23.276 26.866 29.530 27.973 25.581 22.377 19.782 17.596 14.247 12.162  8.410  5.484  3.835  0.000  3.840  6.531  9.643 11.621 10.112 10.963 14.320 14.831 14.580 17.155 19.202 19.468 20.471 22.745 23.665 22.760 22.093 18.878 21.190 23.041 20.188 19.168 16.753 18.028 16.866 19.383 21.745 19.637 18.185 14.504 14.112 12.851 11.108  9.032  5.559  6.261  6.056  8.436 10.696 10.515 10.402 11.576 12.626 15.590 15.276 17.412 16.536 19.503 19.949 22.726 24.332 26.122 28.915 30.211 31.793 33.003
 10.725 12.277 11.883 14.779 15.137 18.774 20.470 23.993 26.706 25.452 22.922 19.952 17.099 15.322 11.793 10.291  6.591  5.415  5.540  3.840  0.000  3.834  6.818  8.281  6.332  7.389 10.675 11.013 10.931 13.558 15.423 15.806 16.991 19.175 19.913 19.038 18.365 15.272 17.824 19.660 16.916 16.364 14.261 16.190 15.731 18.783 20.769 18.615 16.611 12.942 12.484 10.519  9.529  8.371  5.401  6.268  8.123  9.950 11.416 12.028 10.990 12.508 13.021 15.231 14.731 16.142 14.776 17.337 17.212 19.935 21.196 23.027 25.725 27.016 28.699 30.018
 13.698 14.535 13.192 15.407 14.867 18.153 19.402 22.712 25.741 24.870 22.635 20.067 17.432 16.445 13.188 12.690  9.310  8.983  8.326  6.531  3.834  0.000  3.824  5.237  5.152  6.556  8.845  9.879 10.911 12.863 14.386 15.646 17.045 18.564 18.880 17.369 16.197 12.718 14.756 16.807 14.251 13.512 11.902 14.068 14.236 17.423 18.821 16.235 13.788 10.069  8.979  6.739  5.937  5.436  4.122  6.342  8.875  9.225 10.448 12.257 11.519 13.985 15.046 16.822 15.496 16.225 14.043 16.003 15.458 17.654 18.738 20.152 22.865 24.104 25.720 27.038
 14.453 14.311 12.083 13.461 12.173 15.093 16.083 19.268 22.437 21.746 19.774 17.524 15.234 14.965 12.255 12.862 10.144 10.955 10.289  9.643  6.818  3.824  0.000  3.850  5.384  4.956  6.331  8.711  9.858 10.694 12.483 14.457 15.412 16.277 16.721 14.719 13.770 10.195 12.074 13.615 10.754  9.761  8.146 10.600 11.383 14.841 15.821 13.318 10.577  7.113  6.712  4.785  6.329  6.066  5.924  6.819 10.253 10.140 10.017 12.376 11.070 13.907 14.957 15.958 14.037 13.952 11.189 12.609 11.826 13.871 15.073 16.580 19.420 20.823 22.524 23.909
 16.766 16.598 14.657 15.745 14.038 16.773 17.008 19.896 23.077 22.908 20.746 18.900 16.252 16.349 13.485 14.184 11.768 12.862 12.984 11.621  8.281  5.237  3.850  0.000  3.852  5.424  5.079  6.335  8.827  9.919 10.519 12.657 14.440 15.210 14.824 12.894 11.214  7.623  9.681 11.964  9.938 10.144  9.862 13.038 14.574 18.126 18.633 15.995 12.739  9.692  8.241  4.780  6.380  8.115  8.704 10.362 13.554 13.336 13.663 16.106 14.833 17.470 18.135 18.971 17.328 16.905 13.979 14.739 13.009 14.530 14.757 15.861 18.359 19.520 21.239 22.736
 14.136 14.215 13.002 14.554 13.529 16.746 17.317 20.467 23.306 22.835 20.206 17.990 14.858 14.310 10.997 11.121  8.812 10.177 11.298 10.112  6.332  5.152  5.384  3.852  0.000  3.858  5.370  4.941  6.360  8.790  9.680 10.692 12.574 14.254 14.238 13.254 12.237  9.375 12.330 14.299 12.109 12.745 11.829 14.943 15.956 19.579 20.652 18.414 15.500 12.316 11.499  8.343  9.057 10.014  9.117 10.198 13.310 14.136 14.688 16.325 14.614 16.535 16.536 17.489 16.600 16.596 14.316 15.646 14.176 16.384 16.688 18.344 20.738 21.928 23.747 25.265
 12.373 11.600  9.759 10.862  9.695 12.977 13.838 17.187 19.958 19.226 16.652 14.310 11.375 11.023  8.099  9.175  7.500  9.846 10.853 10.963  7.389  6.556  4.956  5.424  3.858  0.000  3.847  5.414  5.119  6.469  8.765 10.032 10.751 12.204 13.076 11.947 11.922  9.272 12.387 13.373 10.452 10.785  9.160 12.141 13.061 16.762 17.968 16.239 13.634 10.832 11.237  8.991 10.728 10.783  9.510  9.185 12.810 13.913 13.495 14.917 12.523 14.303 14.054 14.400 13.331 12.952 10.717 12.116 10.930 13.643 14.476 16.722 19.327 20.797 22.740 24.285
 15.988 14.759 12.526 12.620 10.355 12.822 12.621 15.493 18.472 18.435 16.074 14.538 11.838 12.648 10.428 12.290 11.182 13.640 14.529 14.320 10.675  8.845  6.331  5.079  5.370  3.847  0.000  3.842  5.390  5.037  6.257  8.812  9.875 10.293 10.415  8.625  8.218  5.536  8.805  9.712  7.175  8.489  8.198 11.830 13.808 17.576 18.003 16.171 13.064 10.905 10.990  8.506 11.150 12.175 12.012 12.174 15.891 16.321 15.664 17.673 15.397 17.505 17.359 17.206 15.753 14.531 11.677 11.853  9.548 11.473 11.498 13.477 15.920 17.359 19.399 21.092
 16.547 15.680 14.265 14.707 12.927 15.543 15.163 17.867 20.513 20.622 17.859 16.351 13.120 13.559 10.929 12.208 11.351 13.812 15.491 14.831 11.013  9.879  8.711  6.335  4.941  5.414  3.842  0.000  3.848  5.411  4.910  6.399  8.773 10.019  9.438  8.819  8.115  6.439 10.115 11.572  9.999 12.015 12.020 15.641 17.455 21.224 21.803 19.929 16.773 14.392 13.925 10.795 12.630 14.130 13.683 14.246 17.705 18.490 18.419 20.153 17.906 19.622 19.049 19.096 18.285 17.390 14.961 15.327 12.939 14.784 14.203 15.987 17.961 19.117 21.127 22.833
 13.810 12.572 11.541 11.967 10.793 13.701 13.828 16.828 19.067 18.689 15.574 13.658 10.110 10.082  7.441  8.948  9.036 12.184 14.414 14.580 10.931 10.911  9.858  8.827  6.360  5.119  5.390  3.848  0.000  3.857  5.351  5.142  6.316  8.640  9.427  9.721 10.462  9.404 13.169 13.822 11.649 13.378 12.517 15.770 17.060 20.763 21.816 20.475 17.786 15.462 15.801 13.154 14.940 15.605 14.289 13.920 17.367 18.851 18.476 19.559 16.799 17.851 16.635 16.364 16.120 15.361 13.623 14.435 12.592 15.179 15.130 17.601 19.657 20.996 23.071 24.734
 15.678 13.630 11.762 10.978  8.782 10.922 10.369 13.152 15.481 15.441 12.530 11.235  8.148  9.542  8.206 10.965 11.500 14.870 16.602 17.155 13.558 12.863 10.694  9.919  8.790  6.469  5.037  5.411  3.857  0.000  3.852  5.438  5.060  5.758  7.117  6.799  8.543  8.085 11.622 11.295  9.017 11.089 10.596 13.872 15.697 19.351 19.957 18.961 16.311 14.733 15.589 13.462 16.066 16.729 15.880 15.166 18.887 20.013 18.967 20.318 17.349 18.604 17.476 16.476 15.733 14.089 12.024 11.935  9.579 11.954 11.746 14.521 16.538 18.052 20.252 21.998
 18.855 17.115 15.500 14.798 12.458 14.149 12.816 14.891 17.156 17.819 15.039 14.410 11.458 13.019 11.587 13.904 14.260 17.384 19.270 19.202 15.423 14.386 12.483 10.519  9.680  8.765  6.257  4.910  5.351  3.852  0.000  3.837  5.555  5.564  4.588  4.784  5.885  6.665 10.219 10.303  9.316 12.303 12.876 16.466 18.748 22.434 22.643 21.338 18.296 16.773 16.923 14.289 16.811 18.255 17.897 17.868 21.542 22.380 21.686 23.359 20.658 22.114 21.086 20.258 19.516 17.833 15.525 14.990 12.038 13.501 12.208 14.319 15.791 16.999 19.201 21.040
 17.969 16.375 15.575 15.195 13.652 15.660 14.748 16.930 18.652 18.984 15.770 14.836 11.460 12.332 10.789 12.626 13.627 16.870 19.409 19.468 15.806 15.646 14.457 12.657 10.692 10.032  8.812  6.399  5.142  5.438  3.837  0.000  3.843  6.048  5.818  7.948  9.345 10.250 13.870 14.095 13.019 15.777 15.811 19.226 21.035 24.704 25.347 24.207 21.360 19.538 19.751 16.946 18.976 20.199 19.238 19.015 22.483 23.872 23.412 24.590 21.712 22.602 21.031 20.244 20.222 18.940 17.272 17.270 14.780 16.723 15.678 17.990 19.325 20.438 22.559 24.298
 17.104 14.820 13.885 12.809 11.350 12.958 12.124 14.290 15.597 15.668 12.295 11.461  8.247  9.613  9.163 11.786 13.594 17.227 19.699 20.471 16.991 17.045 15.412 14.440 12.574 10.751  9.875  8.773  6.316  5.060  5.555  3.843  0.000  3.846  6.078  8.292 10.957 11.948 15.435 14.795 13.218 15.690 15.288 18.292 19.909 23.390 24.142 23.557 21.116 19.681 20.608 18.345 20.711 21.398 20.167 19.232 22.765 24.368 23.385 24.266 21.024 21.565 19.660 18.250 18.375 16.775 15.559 15.437 13.289 15.551 14.931 17.801 19.218 20.549 22.717 24.421
 19.839 17.233 15.601 13.777 11.421 12.007 10.123 11.563 12.946 13.776 10.865 11.124  8.837 11.428 11.669 14.796 16.346 19.963 21.984 22.745 19.175 18.564 16.277 15.210 14.254 12.204 10.293 10.019  8.640  5.758  5.564  6.048  3.846  0.000  3.856  5.697  9.206 10.957 13.888 12.480 11.356 14.178 14.440 17.411 19.579 22.952 23.147 22.712 20.227 19.420 20.475 18.517 21.391 22.281 21.582 20.694 24.416 25.571 24.226 25.490 22.286 23.195 21.603 19.844 19.391 17.120 15.480 14.426 11.731 13.269 12.115 14.940 16.059 17.431 19.675 21.456
 22.275 20.068 18.433 16.970 14.385 15.056 12.816 13.855 15.511 16.897 14.329 14.777 12.447 14.810 14.390 17.127 18.144 21.506 23.498 23.665 19.913 18.880 16.721 14.824 14.238 13.076 10.415  9.438  9.427  7.117  4.588  5.818  6.078  3.856  0.000  3.825  6.623  9.345 12.012 11.036 11.007 14.432 15.520 18.873 21.450 24.947 24.799 23.909 21.000 20.123 20.527 18.178 20.981 22.502 22.278 22.030 25.768 26.581 25.569 27.229 24.329 25.617 24.325 22.934 22.267 20.070 17.946 16.690 13.479 14.277 12.245 14.279 14.952 16.025 18.270 20.142
 22.413 20.226 17.997 16.451 13.328 13.789 11.336 12.376 14.736 16.267 14.201 14.683 12.736 15.346 14.810 17.709 18.128 21.281 22.697 22.760 19.038 17.369 14.719 12.894 13.254 11.947  8.625  8.819  9.721  6.799  4.784  7.948  8.292  5.697  3.825  0.000  3.898  6.483  8.672  7.288  7.407 10.994 12.623 16.024 18.966 22.419 21.895 20.822 17.783 17.209 17.573 15.523 18.665 20.268 20.539 20.448 24.249 24.584 23.401 25.451 22.789 24.552 23.783 22.486 21.205 18.793 16.128 14.463 10.907 11.127  8.829 10.655 11.642 12.931 15.329 17.345
 23.558 21.870 19.633 18.633 15.539 16.397 14.211 15.375 18.071 19.590 17.671 17.842 15.696 17.874 16.654 19.075 18.780 21.477 22.647 22.093 18.365 16.197 13.770 11.214 12.237 11.922  8.218  8.115 10.462  8.543  5.885  9.345 10.957  9.206  6.623  3.898  0.000  3.900  5.644  5.759  6.980 10.623 12.857 16.489 19.591 23.103 22.389 20.714 17.292 16.462 16.011 13.597 16.541 18.735 19.550 20.164 23.843 23.755 22.992 25.425 23.217 25.390 25.053 24.268 22.754 20.633 17.583 16.090 12.476 12.257  9.731 10.443 11.420 12.377 14.619 16.661
 21.478 20.138 17.749 17.242 14.289 15.680 14.198 16.010 19.104 20.088 18.196 17.720 15.472 17.164 15.451 17.550 16.586 18.885 19.618 18.878 15.272 12.718 10.195  7.623  9.375  9.272  5.536  6.439  9.404  8.085  6.665 10.250 11.948 10.957  9.345  6.483  3.900  0.000  3.851  5.529  5.348  8.236 10.229 13.964 16.902 20.470 19.917 17.843 14.278 13.012 12.271  9.735 12.727 14.907 15.928 16.797 20.391 20.069 19.458 22.064 20.157 22.623 22.708 22.343 20.570 18.788 15.511 14.469 11.183 11.324  9.698 10.428 12.268 13.388 15.467 17.373
 24.623 23.293 20.614 19.933 16.715 17.582 15.785 17.046 20.296 21.647 20.297 20.205 18.431 20.388 18.871 21.032 19.833 21.860 22.120 21.190 17.824 14.756 12.074  9.681 12.330 12.387  8.805 10.115 13.169 11.622 10.219 13.870 15.435 13.888 12.012  8.672  5.644  3.851  0.000  3.845  5.578  7.984 11.024 14.380 17.698 20.964 19.774 17.475 13.804 13.204 12.061 10.115 13.227 15.727 17.527 18.703 22.135 21.182 20.488 23.515 21.997 24.831 25.338 24.981 22.787 20.804 17.239 15.686 12.334 11.324  9.230  8.576 10.185 11.039 12.946 14.897
 25.061 23.201 20.249 18.890 15.334 15.437 13.116 13.846 17.048 18.704 17.729 18.181 16.967 19.492 18.670 21.372 20.684 23.116 23.400 23.041 19.660 16.807 13.615 11.964 14.299 13.373  9.712 11.572 13.822 11.295 10.303 14.095 14.795 12.480 11.036  7.288  5.759  5.529  3.845  0.000  3.836  6.827 10.204 13.276 16.878 19.978 18.498 16.794 13.440 13.671 13.506 12.301 15.831 17.763 19.296 19.809 23.416 22.609 21.304 24.189 22.321 24.995 25.317 24.414 22.107 19.600 16.088 13.841 10.221  8.530  5.751  5.223  7.025  8.547 10.939 13.153
 21.658 19.732 16.631 15.321 11.812 12.225 10.510 12.061 15.479 16.474 15.336 15.248 14.037 16.351 15.542 18.288 17.564 20.024 20.166 20.188 16.916 14.251 10.754  9.938 12.109 10.452  7.175  9.999 11.649  9.017  9.316 13.019 13.218 11.356 11.007  7.407  6.980  5.348  5.578  3.836  0.000  3.815  6.589  9.901 13.351 16.631 15.566 13.988 10.732 10.716 11.265 10.340 14.067 15.339 16.451 16.500 20.181 19.610 18.046 20.733 18.678 21.279 21.611 20.695 18.321 15.875 12.335 10.340  6.841  6.116  4.958  6.397  9.197 11.054 13.328 15.259
 21.047 19.243 15.830 14.673 11.338 11.719 10.829 12.646 16.224 16.693 15.988 15.519 14.768 16.752 15.982 18.553 17.430 19.484 18.938 19.168 16.364 13.512  9.761 10.144 12.745 10.785  8.489 12.015 13.378 11.089 12.303 15.777 15.690 14.178 14.432 10.994 10.623  8.236  7.984  6.827  3.815  0.000  3.825  6.592 10.189 13.276 12.031 10.254  7.019  7.549  8.785  9.091 12.887 13.492 14.818 14.649 18.125 17.172 15.228 18.099 16.352 19.265 20.140 19.381 16.511 14.158 10.394  8.467  5.911  5.184  6.193  7.403 10.643 12.570 14.531 16.150
 17.843 16.033 12.491 11.554  8.636  9.616  9.980 12.610 16.033 15.646 14.757 13.530 12.832 14.273 13.524 15.949 14.779 16.743 15.978 16.753 14.261 11.902  8.146  9.862 11.829  9.160  8.198 12.020 12.517 10.596 12.876 15.811 15.288 14.440 15.520 12.623 12.857 10.229 11.024 10.204  6.589  3.825  0.000  3.823  6.855 10.344 10.017  8.533  5.915  5.730  8.275  9.027 12.464 12.047 12.614 11.675 15.160 14.610 12.287 14.784 12.751 15.558 16.484 15.766 12.782 10.646  6.852  5.845  4.775  6.277  8.720 10.774 13.973 15.902 17.762 19.200
 18.625 16.759 13.039 11.945  9.530  9.831 10.901 13.268 16.496 15.665 15.455 14.191 14.337 15.610 15.360 17.678 16.522 18.147 16.785 18.028 16.190 14.068 10.600 13.038 14.943 12.141 11.830 15.641 15.770 13.872 16.466 19.226 18.292 17.411 18.873 16.024 16.489 13.964 14.380 13.276  9.901  6.592  3.823  0.000  3.827  6.788  6.274  5.456  4.497  5.872  9.414 11.384 14.423 13.212 13.710 12.194 15.157 14.370 11.318 13.642 11.858 14.699 16.097 15.235 11.731  9.525  6.047  5.071  6.245  7.391 10.729 12.615 15.766 17.725 19.361 20.554
 16.861 15.237 11.662 11.116  9.880 10.640 12.802 15.467 18.316 16.762 16.513 14.607 14.908 15.398 15.184 17.014 15.742 16.908 15.080 16.866 15.731 14.236 11.383 14.574 15.956 13.061 13.808 17.455 17.060 15.697 18.748 21.035 19.909 19.579 21.450 18.966 19.591 16.902 17.698 16.878 13.351 10.189  6.855  3.827  0.000  3.856  5.540  5.535  6.471  6.932 10.721 12.963 15.291 13.166 12.961 10.684 13.071 12.595  9.066 10.702  8.946 11.649 13.461 12.840  9.092  7.686  5.271  6.369  8.989 10.865 14.343 16.393 19.494 21.387 22.912 23.965
 19.129 17.593 14.212 13.597 12.814 12.951 15.245 17.475 20.027 18.263 18.600 16.861 17.752 18.170 18.311 19.995 18.782 19.615 17.398 19.383 18.783 17.423 14.841 18.126 19.579 16.762 17.576 21.224 20.763 19.351 22.434 24.704 23.390 22.952 24.947 22.419 23.103 20.470 20.964 19.978 16.631 13.276 10.344  6.788  3.856  0.000  3.847  5.618  8.395  9.658 13.291 16.058 18.095 15.659 15.544 13.170 14.751 14.008 10.232 11.382 10.351 12.694 14.891 14.227 10.446  9.372  8.159  8.963 12.001 13.368 17.005 18.816 21.791 23.642 24.958 25.820
 22.197 20.476 16.882 15.792 14.172 13.641 15.086 16.705 19.451 18.289 19.065 18.002 19.066 20.136 20.357 22.417 21.215 22.280 20.182 21.745 20.769 18.821 15.821 18.633 20.652 17.968 18.003 21.803 21.816 19.957 22.643 25.347 24.142 23.147 24.799 21.895 22.389 19.917 19.774 18.498 15.566 12.031 10.017  6.274  5.540  3.847  0.000  3.815  6.982  9.639 13.056 16.083 18.530 16.669 17.321 15.544 17.416 16.106 12.531 14.431 13.605 16.239 18.330 17.467 13.668 11.885  9.889  9.218 11.553 11.813 15.316 16.606 19.451 21.279 22.488 23.294
 21.783 20.487 16.956 16.420 14.602 14.790 15.965 17.868 20.992 20.138 20.421 19.177 19.546 20.472 20.025 21.827 20.110 20.901 18.657 19.637 18.615 16.235 13.318 15.995 18.414 16.239 16.171 19.929 20.475 18.961 21.338 24.207 23.557 22.712 23.909 20.822 20.714 17.843 17.475 16.794 13.988 10.254  8.533  5.456  5.535  5.618  3.815  0.000  3.816  6.518  9.590 12.886 15.192 13.523 14.740 13.648 15.571 13.712 10.529 13.242 12.888 16.126 18.502 18.241 14.476 13.087 10.397 10.014 11.488 11.621 14.708 15.566 18.522 20.240 21.442 22.299
 21.131 19.884 16.370 15.919 13.614 14.183 14.813 16.847 20.251 19.820 19.659 18.496 18.290 19.394 18.542 20.419 18.575 19.576 17.713 18.185 16.611 13.788 10.577 12.739 15.500 13.634 13.064 16.773 17.786 16.311 18.296 21.360 21.116 20.227 21.000 17.783 17.292 14.278 13.804 13.440 10.732  7.019  5.915  4.497  6.471  8.395  6.982  3.816  0.000  3.829  6.581  9.578 12.351 11.411 13.063 12.617 15.129 13.260 10.686 13.895 13.259 16.705 18.769 18.620 15.079 13.534 10.155  9.481  9.750  9.702 12.244 12.917 15.982 17.683 19.036 20.089
 18.454 17.694 14.502 14.839 12.966 14.537 15.528 18.143 21.544 20.891 20.076 18.363 17.453 17.972 16.463 17.836 15.552 16.236 14.345 14.504 12.942 10.069  7.113  9.692 12.316 10.832 10.905 14.392 15.462 14.733 16.773 19.538 19.681 19.420 20.123 17.209 16.462 13.012 13.204 13.671 10.716  7.549  5.730  5.872  6.932  9.658  9.639  6.518  3.829  0.000  3.829  6.582  9.026  7.792  9.324  9.250 11.923 10.176  8.184 11.581 11.012 14.618 16.704 17.146 13.941 13.112  9.814 10.281 10.394 11.329 13.541 14.509 17.609 19.199 20.643 21.781
 20.033 19.754 16.926 17.650 15.748 17.581 18.172 20.695 24.196 23.873 22.819 21.168 19.777 20.204 18.158 19.161 16.465 16.769 14.953 14.112 12.484  8.979  6.712  8.241 11.499 11.237 10.990 13.925 15.801 15.589 16.923 19.751 20.608 20.475 20.527 17.573 16.011 12.271 12.061 13.506 11.265  8.785  8.275  9.414 10.721 13.291 13.056  9.590  6.581  3.829  0.000  3.842  5.910  5.856  8.708 10.161 12.526 10.264  9.630 13.284 13.302 16.959 19.072 19.958 17.064 16.513 13.208 13.611 12.980 13.505 14.874 15.183 18.060 19.338 20.643 21.766
 19.154 19.025 16.570 17.505 15.591 17.839 18.158 20.811 24.257 24.109 22.563 20.872 18.882 19.208 16.728 17.554 14.834 15.321 14.236 12.851 10.519  6.739  4.785  4.780  8.343  8.991  8.506 10.795 13.154 13.462 14.289 16.946 18.345 18.517 18.178 15.523 13.597  9.735 10.115 12.301 10.340  9.091  9.027 11.384 12.963 16.058 16.083 12.886  9.578  6.582  3.842  0.000  3.853  5.692  8.167 10.255 12.991 11.462 11.592 14.835 14.405 17.729 19.290 20.255 17.876 17.389 14.117 14.613 13.295 14.101 14.771 15.202 17.898 19.044 20.497 21.795
 19.364 19.976 18.042 19.651 18.305 20.922 21.577 24.401 27.788 27.434 25.717 23.699 21.473 21.233 18.333 18.392 15.157 14.735 13.335 11.108  9.529  5.937  6.329  6.380  9.057 10.728 11.150 12.630 14.940 16.066 16.811 18.976 20.711 21.391 20.981 18.665 16.541 12.727 13.227 15.831 14.067 12.887 12.464 14.423 15.291 18.095 18.530 15.192 12.351  9.026  5.910  3.853  0.000  3.811  6.782 10.012 11.831 10.067 11.440 14.481 14.788 18.028 19.842 21.469 19.378 19.578 16.686 17.765 16.812 17.855 18.578 18.926 21.506 22.478 23.783 24.955
 17.225 18.033 16.118 18.049 17.229 19.975 21.257 24.316 27.607 26.783 25.167 22.799 20.822 20.186 17.409 17.224 13.812 12.932 10.738  9.032  8.371  5.436  6.066  8.115 10.014 10.783 12.175 14.130 15.605 16.729 18.255 20.199 21.398 22.281 22.502 20.268 18.735 14.907 15.727 17.763 15.339 13.492 12.047 13.212 13.166 15.659 16.669 13.523 11.411  7.792  5.856  5.692  3.811  0.000  3.834  6.940  8.314  6.300  7.816 10.774 11.475 14.801 17.021 18.936 16.774 17.460 14.966 16.655 16.527 18.040 19.488 20.277 23.105 24.294 25.634 26.737
 13.629 14.821 13.397 15.900 15.812 18.983 20.765 24.131 27.168 25.937 24.036 21.250 19.101 17.852 14.908 14.181 10.601  9.295  6.923  5.559  5.401  4.122  5.924  8.704  9.117  9.510 12.012 13.683 14.289 15.880 17.897 19.238 20.167 21.582 22.278 20.539 19.550 15.928 17.527 19.296 16.451 14.818 12.614 13.710 12.961 15.544 17.321 14.740 13.063  9.324  8.708  8.167  6.782  3.834  0.000  3.828  5.286  5.145  6.928  8.704  8.959 11.783 13.753 16.029 14.394 15.699 13.857 16.271 16.580 18.810 20.527 21.919 24.820 26.145 27.638 28.803
 10.885 11.768 10.182 12.827 13.288 16.498 18.808 22.314 25.119 23.478 21.641 18.607 16.769 15.259 12.714 12.111  8.888  7.952  5.217  6.261  6.268  6.342  6.819 10.362 10.198  9.185 12.174 14.246 13.920 15.166 17.868 19.015 19.232 20.694 22.030 20.448 20.164 16.797 18.703 19.809 16.500 14.649 11.675 12.194 10.684 13.170 15.544 13.648 12.617  9.250 10.161 10.255 10.012  6.940  3.828  0.000  3.855  5.485  5.477  6.175  5.335  8.101 10.121 12.339 10.685 12.352 11.094 14.064 15.080 17.795 20.018 21.924 24.938 26.465 28.054 29.228
 11.883 13.607 12.695 15.685 16.650 19.791 22.343 25.839 28.566 26.714 24.973 21.788 20.084 18.196 15.683 14.430 11.107  8.933  5.172  6.056  8.123  8.875 10.253 13.554 13.310 12.810 15.891 17.705 17.367 18.887 21.542 22.483 22.765 24.416 25.768 24.249 23.843 20.391 22.135 23.416 20.181 18.125 15.160 15.157 13.071 14.751 17.416 15.571 15.129 11.923 12.526 12.991 11.831  8.314  5.286  3.855  0.000  3.857  5.417  4.626  5.918  8.046 10.744 13.733 12.430 14.812 14.129 17.290 18.663 21.303 23.661 25.432 28.455 29.928 31.405 32.472
 15.471 16.791 15.263 17.733 18.008 20.792 23.011 26.279 29.276 27.722 26.301 23.442 21.937 20.597 18.176 17.431 14.048 12.231  8.694  8.436  9.950  9.225 10.140 13.336 14.136 13.913 16.321 18.490 18.851 20.013 22.380 23.872 24.368 25.571 26.581 24.584 23.755 20.069 21.182 22.609 19.610 17.172 14.610 14.370 12.595 14.008 16.106 13.712 13.260 10.176 10.264 11.462 10.067  6.300  5.145  5.485  3.857  0.000  3.834  5.435  7.810 10.849 13.933 16.508 14.486 16.268 14.905 17.529 18.715 20.784 23.090 24.375 27.392 28.781 30.106 31.082
 15.147 15.681 13.524 15.446 15.584 17.976 20.347 23.507 26.438 24.769 23.678 20.943 19.946 18.927 17.088 16.992 14.116 13.121  9.790 10.696 11.416 10.448 10.017 13.663 14.688 13.495 15.664 18.419 18.476 18.967 21.686 23.412 23.385 24.226 25.569 23.401 22.992 19.458 20.488 21.304 18.046 15.228 12.287 11.318  9.066 10.232 12.531 10.529 10.686  8.184  9.630 11.592 11.440  7.816  6.928  5.477  5.417  3.834  0.000  3.852  5.620  9.222 12.507 14.443 11.810 13.252 11.900 14.473 16.138 18.213 20.922 22.410 25.506 27.055 28.414 29.379
 13.246 14.178 12.659 15.058 16.111 18.670 21.544 24.859 27.464 25.351 24.146 21.057 20.142 18.521 16.835 16.225 13.568 12.140  8.606 10.515 12.028 12.257 12.376 16.106 16.325 14.917 17.673 20.153 19.559 20.318 23.359 24.590 24.266 25.490 27.229 25.451 25.425 22.064 23.515 24.189 20.733 18.099 14.784 13.642 10.702 11.382 14.431 13.242 13.895 11.581 13.284 14.835 14.481 10.774  8.704  6.175  4.626  5.435  3.852  0.000  3.842  6.378 10.021 12.494 10.474 12.893 12.650 15.832 17.999 20.537 23.438 25.303 28.407 30.016 31.429 32.392
 10.465 10.728  8.909 11.272 12.577 15.282 18.329 21.764 24.196 21.956 20.570 17.365 16.449 14.776 13.337 13.063 10.907 10.369  7.637 10.402 10.990 11.519 11.070 14.833 14.614 12.523 15.397 17.906 16.799 17.349 20.658 21.712 21.024 22.286 24.329 22.789 23.217 20.157 21.997 22.321 18.678 16.352 12.751 11.858  8.946 10.351 13.605 12.888 13.259 11.012 13.302 14.405 14.788 11.475  8.959  5.335  5.918  7.810  5.620  3.842  0.000  3.832  6.976  8.993  6.900  9.416  9.503 13.015 15.287 18.237 21.172 23.456 26.543 28.254 29.820 30.890
  8.406  8.907  8.165 10.928 13.284 16.028 19.435 22.917 24.909 22.269 20.722 17.225 16.402 14.078 12.986 12.201 10.730 10.118  8.034 11.576 12.508 13.985 13.907 17.470 16.535 14.303 17.505 19.622 17.851 18.604 22.114 22.602 21.565 23.195 25.617 24.552 25.390 22.623 24.831 24.995 21.279 19.265 15.558 14.699 11.649 12.694 16.239 16.126 16.705 14.618 16.959 17.729 18.028 14.801 11.783  8.101  8.046 10.849  9.222  6.378  3.832  0.000  3.836  6.612  6.027  9.586 11.009 14.772 17.299 20.579 23.545 26.156 29.178 30.922 32.540 33.616
  5.687  5.676  6.065  9.082 12.207 15.093 18.577 22.103 23.707 20.895 18.981 15.283 14.293 11.435 10.663  9.684  9.280  9.449  8.846 12.626 13.021 15.046 14.957 18.135 16.536 14.054 17.359 19.049 16.635 17.476 21.086 21.031 19.660 21.603 24.325 23.783 25.053 22.708 25.338 25.317 21.611 20.140 16.484 16.097 13.461 14.891 18.330 18.502 18.769 16.704 19.072 19.290 19.842 17.021 13.753 10.121 10.744 13.933 12.507 10.021  6.976  3.836  0.000  3.851  5.563  9.134 11.268 15.013 17.363 20.953 23.722 26.670 29.569 31.335 33.059 34.208
  7.614  5.426  4.873  6.444  9.954 12.313 15.950 19.307 20.558 17.532 15.754 12.096 11.746  9.201  9.701  9.923 10.668 12.016 11.963 15.590 15.231 16.822 15.958 18.971 17.489 14.400 17.206 19.096 16.364 16.476 20.258 20.244 18.250 19.844 22.934 22.486 24.268 22.343 24.981 24.414 20.695 19.381 15.766 15.235 12.840 14.227 17.467 18.241 18.620 17.146 19.958 20.255 21.469 18.936 16.029 12.339 13.733 16.508 14.443 12.494  8.993  6.612  3.851  0.000  3.844  6.650  9.637 13.068 15.628 19.269 22.112 25.318 28.108 29.953 31.715 32.875
  9.905  7.861  5.335  6.044  8.440 10.531 14.184 17.513 19.213 16.399 15.097 11.750 11.773 10.240 10.589 11.541 11.481 12.802 11.941 15.276 14.731 15.496 14.037 17.328 16.600 13.331 15.753 18.285 16.120 15.733 19.516 20.222 18.375 19.391 22.267 21.205 22.754 20.570 22.787 22.107 18.321 16.511 12.782 11.731  9.092 10.446 13.668 14.476 15.079 13.941 17.064 17.876 19.378 16.774 14.394 10.685 12.430 14.486 11.810 10.474  6.900  6.027  5.563  3.844  0.000  3.828  6.522 10.097 13.036 16.462 19.594 22.609 25.520 27.406 29.116 30.244
 12.533  9.743  6.379  4.708  5.742  6.967 10.646 13.846 15.597 12.895 11.905  8.968  9.698  9.425 10.537 12.639 12.981 15.035 14.489 17.412 16.142 16.225 13.952 16.905 16.596 12.952 14.531 17.390 15.361 14.089 17.833 18.940 16.775 17.120 20.070 18.793 20.633 18.788 20.804 19.600 15.875 14.158 10.646  9.525  7.686  9.372 11.885 13.087 13.534 13.112 16.513 17.389 19.578 17.460 15.699 12.352 14.812 16.268 13.252 12.893  9.416  9.586  9.134  6.650  3.828  0.000  3.819  6.742  9.897 13.241 16.454 19.605 22.435 24.393 26.138 27.301
 13.883 11.406  7.621  6.106  4.761  6.168  9.062 12.368 14.865 12.929 11.958  9.583  9.755 10.321 10.680 13.108 12.828 14.967 14.279 16.536 14.776 14.043 11.189 13.979 14.316 10.717 11.677 14.961 13.623 12.024 15.525 17.272 15.559 15.480 17.946 16.128 17.583 15.511 17.239 16.088 12.335 10.394  6.852  6.047  5.271  8.159  9.889 10.397 10.155  9.814 13.208 14.117 16.686 14.966 13.857 11.094 14.129 14.905 11.900 12.650  9.503 11.009 11.268  9.637  6.522  3.819  0.000  3.829  6.695  9.990 13.215 16.175 19.137 21.114 22.903 24.152
 17.327 14.608 10.859  8.482  5.611  4.840  6.472  9.272 12.131 10.838 10.517  9.333 10.146 11.976 12.781 15.767 15.723 18.156 17.635 19.503 17.337 16.003 12.609 14.739 15.646 12.116 11.853 15.327 14.435 11.935 14.990 17.270 15.437 14.426 16.690 14.463 16.090 14.469 15.686 13.841 10.340  8.467  5.845  5.071  6.369  8.963  9.218 10.014  9.481 10.281 13.611 14.613 17.765 16.655 16.271 14.064 17.290 17.529 14.473 15.832 13.015 14.772 15.013 13.068 10.097  6.742  3.829  0.000  3.823  6.603 10.065 13.089 15.977 18.055 19.886 21.184
 18.654 16.010 12.448 10.168  6.491  5.899  5.316  7.939 11.312 11.097 10.369  9.901  9.954 12.433 12.852 16.078 16.030 18.748 18.658 19.949 17.212 15.458 11.826 13.009 14.176 10.930  9.548 12.939 12.592  9.579 12.038 14.780 13.289 11.731 13.479 10.907 12.476 11.183 12.334 10.221  6.841  5.911  4.775  6.245  8.989 12.001 11.553 11.488  9.750 10.394 12.980 13.295 16.812 16.527 16.580 15.080 18.663 18.715 16.138 17.999 15.287 17.299 17.363 15.628 13.036  9.897  6.695  3.823  0.000  3.825  6.616  9.883 12.768 14.888 16.949 18.498
 22.349 19.791 16.216 13.915 10.231  8.912  7.106  8.026 11.570 12.341 12.396 12.870 13.246 16.047 16.468 19.688 19.473 22.061 21.787 22.726 19.935 17.654 13.871 14.530 16.384 13.643 11.473 14.784 15.179 11.954 13.501 16.723 15.551 13.269 14.277 11.127 12.257 11.324 11.324  8.530  6.116  5.184  6.277  7.391 10.865 13.368 11.813 11.621  9.702 11.329 13.505 14.101 17.855 18.040 18.810 17.795 21.303 20.784 18.213 20.537 18.237 20.579 20.953 19.269 16.462 13.241  9.990  6.603  3.825  0.000  3.825  6.640  9.587 11.865 13.953 15.585
 24.416 21.919 18.587 16.359 12.565 11.427  8.712  8.841 12.164 13.835 13.629 14.630 14.549 17.615 17.836 21.093 20.968 23.710 23.808 24.332 21.196 18.738 15.073 14.757 16.688 14.476 11.498 14.203 15.130 11.746 12.208 15.678 14.931 12.115 12.245  8.829  9.731  9.698  9.230  5.751  4.958  6.193  8.720 10.729 14.343 17.005 15.316 14.708 12.244 13.541 14.874 14.771 18.578 19.488 20.527 20.018 23.661 23.090 20.922 23.438 21.172 23.545 23.722 22.112 19.594 16.454 13.215 10.065  6.616  3.825  0.000  3.818  6.503  8.907 11.379 13.394
 27.369 25.116 21.771 19.788 16.034 15.006 12.369 12.089 15.220 17.185 17.227 18.321 18.162 21.121 21.052 24.116 23.640 26.122 26.002 26.122 23.027 20.152 16.580 15.861 18.344 16.722 13.477 15.987 17.601 14.521 14.319 17.990 17.801 14.940 14.279 10.655 10.443 10.428  8.576  5.223  6.397  7.403 10.774 12.615 16.393 18.816 16.606 15.566 12.917 14.509 15.183 15.202 18.926 20.277 21.919 21.924 25.432 24.375 22.410 25.303 23.456 26.156 26.670 25.318 22.609 19.605 16.175 13.089  9.883  6.640  3.818  0.000  3.837  6.356  8.867 11.092
 30.082 27.758 24.523 22.412 18.654 17.415 14.439 13.553 16.219 18.649 18.826 20.353 20.255 23.391 23.448 26.570 26.264 28.840 28.891 28.915 25.725 22.865 19.420 18.359 20.738 19.327 15.920 17.961 19.657 16.538 15.791 19.325 19.218 16.059 14.952 11.642 11.420 12.268 10.185  7.025  9.197 10.643 13.973 15.766 19.494 21.791 19.451 18.522 15.982 17.609 18.060 17.898 21.506 23.105 24.820 24.938 28.455 27.392 25.506 28.407 26.543 29.178 29.569 28.108 25.520 22.435 19.137 15.977 12.768  9.587  6.503  3.837  0.000  3.832  6.673  9.168
 31.703 29.463 26.317 24.291 20.588 19.425 16.441 15.452 17.945 20.488 20.638 22.217 22.031 25.125 25.090 28.125 27.769 30.276 30.362 30.211 27.016 24.104 20.823 19.520 21.928 20.797 17.359 19.117 20.996 18.052 16.999 20.438 20.549 17.431 16.025 12.931 12.377 13.388 11.039  8.547 11.054 12.570 15.902 17.725 21.387 23.642 21.279 20.240 17.683 19.199 19.338 19.044 22.478 24.294 26.145 26.465 29.928 28.781 27.055 30.016 28.254 30.922 31.335 29.953 27.406 24.393 21.114 18.055 14.888 11.865  8.907  6.356  3.832  0.000  3.849  6.797
 33.531 31.343 28.192 26.198 22.569 21.345 18.457 17.306 19.607 22.188 22.522 24.157 24.085 27.131 27.101 30.075 29.646 32.039 32.012 31.793 28.699 25.720 22.524 21.239 23.747 22.740 19.399 21.127 23.071 20.252 19.201 22.559 22.717 19.675 18.270 15.329 14.619 15.467 12.946 10.939 13.328 14.531 17.762 19.361 22.912 24.958 22.488 21.442 19.036 20.643 20.643 20.497 23.783 25.634 27.638 28.054 31.405 30.106 28.414 31.429 29.820 32.540 33.059 31.715 29.116 26.138 22.903 19.886 16.949 13.953 11.379  8.867  6.673  3.849  0.000  3.809
