  0.000  3.832  6.734 10.311 13.237 16.724 19.677 23.311 24.894 22.441 19.768 16.047 13.824 10.327  8.289  5.511  5.464  5.860  7.630 10.807 10.737 13.728 14.494 16.791 14.157 12.381 15.991 16.549 13.818 15.662 18.840 17.936 17.056 19.790 22.226 22.370 23.484 21.440 24.596 25.038 21.669 21.069 17.865 18.638 16.876 19.138 22.205 21.745 21.170 18.468 20.054 19.210 19.376 17.245 13.648 10.910 11.888 15.483 15.145 13.242 10.459  8.383  5.657  7.641  9.933 12.585 13.892 17.351 18.691 22.384 24.439 27.387 30.114 31.682 33.529 34.841
  3.832  0.000  3.828  6.836 10.054 13.336 16.356 19.919 21.292 18.747 16.076 12.327 10.338  6.823  5.740  4.666  6.286  8.422 10.008 13.177 12.239 14.517 14.304 16.572 14.193 11.567 14.719 15.643 12.550 13.585 17.068 16.320 14.759 17.162 19.991 20.144 21.757 20.063 23.229 23.144 19.711 19.238 16.030 16.752 15.227 17.574 20.466 20.436 19.903 17.675 19.738 19.040 19.947 18.011 14.801 11.759 13.588 16.778 15.656 14.154 10.701  8.872  5.644  5.465  7.890  9.792 11.398 14.617 16.028 19.806 21.915 25.108 27.769 29.428 31.328 32.663
  6.734  3.828  0.000  3.822  6.709 10.084 13.225 16.868 18.589 16.151 13.774 10.114  8.488  6.011  5.387  6.396  7.092  9.558 10.239 13.257 11.850 13.176 12.073 14.629 12.984  9.732 12.485 14.230 11.530 11.725 15.461 15.536 13.844 15.550 18.367 17.919 19.533 17.685 20.562 20.200 16.612 15.826 12.490 13.032 11.651 14.191 16.870 16.911 16.392 14.486 16.913 16.588 18.022 16.100 13.384 10.179 12.688 15.261 13.506 12.642  8.885  8.131  6.041  4.878  5.346  6.422  7.609 10.863 12.460 16.228 18.584 21.766 24.530 26.279 28.175 29.519
 10.311  6.836  3.822  0.000  3.823  6.580  9.902 13.429 14.922 12.370 10.118  6.494  5.769  4.733  6.248  8.866 10.242 13.135 13.792 16.586 14.744 15.389 13.447 15.713 14.541 10.843 12.580 14.678 11.965 10.952 14.769 15.172 12.789 13.741 16.912 16.373 18.540 17.189 19.892 18.851 15.312 14.684 11.569 11.955 11.107 13.568 15.788 16.399 15.960 14.831 17.644 17.525 19.636 18.033 15.891 12.827 15.682 17.737 15.437 15.042 11.252 10.895  9.056  6.429  6.049  4.751  6.104  8.502 10.194 13.943 16.365 19.798 22.437 24.281 26.208 27.560
 13.237 10.054  6.709  3.823  0.000  3.829  6.582 10.300 12.394 10.506  8.380  5.652  5.044  6.383  7.536 10.842 11.741 14.812 15.320 17.510 15.103 14.846 12.154 14.001 13.520  9.685 10.316 12.901 10.803  8.770 12.439 13.648 11.357 11.414 14.342 13.256 15.457 14.246 16.680 15.299 11.804 11.350  8.653  9.541  9.868 12.781 14.169 14.600 13.663 12.962 15.742 15.608 18.291 17.211 15.803 13.287 16.649 18.015 15.578 16.100 12.554 13.252 12.183  9.932  8.424  5.757  4.746  5.628  6.517 10.256 12.570 16.043 18.680 20.584 22.582 24.020
 16.724 13.336 10.084  6.580  3.829  0.000  3.836  7.160  9.071  7.082  5.916  4.631  6.355  8.906 10.951 14.420 15.544 18.598 18.924 21.130 18.733 18.121 15.058 16.718 16.727 12.960 12.770 15.509 13.706 10.909 14.126 15.661 12.979 12.011 15.014 13.704 16.312 15.633 17.541 15.395 12.205 11.723  9.627  9.838 10.618 12.902 13.634 14.796 14.224 14.521 17.562 17.837 20.898 19.947 18.967 16.492 19.788 20.795 17.969 18.657 15.264 16.004 15.078 12.294 10.521  6.969  6.160  4.854  5.912  8.933 11.421 15.013 17.437 19.427 21.363 22.740
 19.677 16.356 13.225  9.902  6.582  3.836  0.000  3.850  6.536  6.225  5.358  6.318  7.674 11.100 12.928 16.617 17.734 20.970 21.496 23.252 20.447 19.379 16.051 16.963 17.324 13.850 12.598 15.167 13.881 10.413 12.844 14.817 12.225 10.212 12.836 11.289 14.157 14.172 15.746 13.068 10.491 10.814  9.977 10.879 12.756 15.164 15.036 15.954 14.831 15.499 18.140 18.149 21.551 21.223 20.750 18.804 22.340 23.008 20.329 21.525 18.306 19.412 18.573 15.948 14.172 10.643  9.044  6.455  5.310  7.091  8.685 12.348 14.442 16.437 18.460 19.947
 23.311 19.919 16.868 13.429 10.300  7.160  3.850  0.000  3.862  5.548  6.311  8.882 10.761 14.371 16.425 20.153 21.386 24.651 25.166 26.839 23.969 22.685 19.233 19.848 20.477 17.202 15.474 17.879 16.885 13.205 14.933 17.018 14.413 11.681 13.900 12.347 15.338 15.994 17.010 13.801 12.042 12.628 12.606 13.245 15.420 17.387 16.650 17.864 16.860 18.111 20.658 20.793 24.371 24.276 24.112 22.306 25.832 26.273 23.488 24.837 21.739 22.894 22.099 19.305 17.502 13.838 12.354  9.259  7.928  8.007  8.811 12.068 13.559 15.472 17.341 18.733
 24.894 21.292 18.589 14.922 12.394  9.071  6.536  3.862  0.000  3.841  5.726  9.264 11.770 15.348 17.981 21.719 23.450 26.859 27.611 29.527 26.704 25.740 22.427 23.050 23.334 19.987 18.466 20.535 19.128 15.532 17.195 18.737 15.710 13.039 15.543 14.701 18.035 19.099 20.274 17.018 15.484 16.242 16.063 16.514 18.303 19.972 19.436 21.024 20.301 21.544 24.190 24.267 27.785 27.597 27.178 25.140 28.589 29.301 26.450 27.471 24.200 24.912 23.724 20.576 19.233 15.617 14.883 12.156 11.335 11.590 12.155 15.229 16.249 17.995 19.669 20.873
 22.441 18.747 16.151 12.370 10.506  7.082  6.225  5.548  3.841  0.000  3.810  6.745 10.017 13.172 16.183 19.790 21.680 24.995 25.672 27.958 25.434 24.855 21.723 22.861 22.833 19.225 18.396 20.603 18.708 15.440 17.802 19.007 15.710 13.782 16.854 16.170 19.501 20.043 21.598 18.649 16.453 16.700 15.670 15.688 16.757 18.223 18.294 20.172 19.872 20.889 23.861 24.111 27.419 26.768 25.940 23.496 26.738 27.749 24.785 25.364 21.968 22.280 20.916 17.555 16.432 12.923 12.951 10.867 11.112 12.357 13.807 17.180 18.662 20.504 22.220 23.407
 19.768 16.076 13.774 10.118  8.380  5.916  5.358  6.311  5.726  3.810  0.000  3.830  6.601  9.954 12.973 16.627 18.761 22.256 23.344 25.545 22.876 22.585 19.714 20.652 20.165 16.613 15.983 17.791 15.554 12.477 14.962 15.744 12.292 10.801 14.215 14.026 17.499 18.074 20.165 17.591 15.247 15.934 14.729 15.436 16.483 18.546 19.042 20.412 19.669 20.033 22.762 22.519 25.656 25.115 24.008 21.637 24.978 26.303 23.670 24.147 20.571 20.733 19.009 15.801 15.139 11.944 11.952 10.511 10.336 12.349 13.530 17.145 18.771 20.582 22.478 23.814
 16.047 12.327 10.114  6.494  5.652  4.631  6.318  8.882  9.264  6.745  3.830  0.000  3.820  6.517  9.727 13.241 15.425 18.836 19.941 22.368 19.936 20.056 17.509 18.856 17.984 14.300 14.486 16.317 13.659 11.202 14.360 14.819 11.450 11.061 14.686 14.551 17.710 17.641 20.126 18.098 15.210 15.513 13.542 14.205 14.606 16.833 18.006 19.188 18.545 18.360 21.159 20.881 23.684 22.790 21.258 18.632 21.816 23.473 20.962 21.078 17.382 17.242 15.310 12.140 11.800  9.021  9.595  9.354  9.909 12.871 14.590 18.294 20.350 22.199 24.151 25.515
 13.824 10.338  8.488  5.769  5.044  6.355  7.674 10.761 11.770 10.017  6.601  3.820  0.000  3.842  6.447 10.135 12.415 16.046 17.627 19.750 17.067 17.411 15.213 16.208 14.850 11.358 11.790 13.093 10.113  8.116 11.418 11.450  8.241  8.778 12.370 12.625 15.572 15.394 18.352 16.890 14.008 14.761 12.833 14.334 14.887 17.709 19.051 19.536 18.329 17.439 19.760 18.889 21.447 20.799 19.088 16.768 20.082 21.941 19.936 20.132 16.428 16.376 14.275 11.754 11.781  9.723  9.733 10.151  9.965 13.248 14.522 18.142 20.267 22.021 24.082 25.562
 10.327  6.823  6.011  4.733  6.383  8.906 11.100 14.371 15.348 13.172  9.954  6.517  3.842  0.000  3.814  6.930  9.728 13.258 15.137 17.573 15.301 16.436 14.958 16.321 14.311 11.007 12.609 13.538 10.083  9.502 12.979 12.307  9.575 11.350 14.731 15.247 17.754 17.089 20.315 19.422 16.327 16.747 14.273 15.603 15.378 18.128 20.117 20.444 19.428 17.961 20.193 19.227 21.215 20.173 17.846 15.264 18.196 20.603 18.916 18.510 14.755 14.049 11.411  9.213 10.251  9.452 10.296 11.975 12.443 16.049 17.593 21.103 23.402 25.105 27.122 28.555
  8.289  5.740  5.387  6.248  7.536 10.951 12.928 16.425 17.981 16.183 12.973  9.727  6.447  3.814  0.000  3.815  6.231  9.952 12.201 14.238 11.791 13.207 12.287 13.494 11.021  8.109 10.423 10.927  7.449  8.178 11.558 10.752  9.106 11.596 14.319 14.741 16.556 15.398 18.825 18.627 15.548 16.007 13.553 15.381 15.200 18.312 20.371 20.027 18.609 16.489 18.185 16.784 18.344 17.427 14.926 12.742 15.699 18.204 17.102 16.847 13.331 12.964 10.635  9.713 10.606 10.585 10.680 12.805 12.890 16.495 17.844 21.057 23.476 25.078 27.100 28.576
  5.511  4.666  6.396  8.866 10.842 14.420 16.617 20.153 21.719 19.790 16.627 13.241 10.135  6.930  3.815  0.000  3.827  7.148 10.090 12.151 10.295 12.715 12.897 14.206 11.153  9.182 12.294 12.219  8.960 10.943 13.887 12.595 11.729 14.732 17.071 17.659 18.990 17.503 20.989 21.333 18.292 18.566 15.961 17.679 17.011 19.981 22.411 21.798 20.463 17.848 19.180 17.609 18.400 17.238 14.191 12.123 14.426 17.439 16.983 16.215 13.033 12.153  9.628  9.917 11.536 12.666 13.090 15.774 16.103 19.707 21.099 24.117 26.594 28.101 30.061 31.492
  5.464  6.286  7.092 10.242 11.741 15.544 17.734 21.386 23.450 21.680 18.761 15.425 12.415  9.728  6.231  3.827  0.000  3.825  6.699  8.401  6.596  9.340 10.188 11.793  8.828  7.500 11.182 11.340  9.021 11.467 14.228 13.567 13.525 16.284 18.080 18.079 18.695 16.535 19.791 20.646 17.565 17.443 14.792 16.532 15.762 18.801 21.228 20.090 18.624 15.575 16.491 14.891 15.168 13.836 10.621  8.913 11.114 14.069 14.122 13.581 10.895 10.702  9.246 10.672 11.486 13.022 12.823 15.736 16.055 19.491 20.975 23.639 26.279 27.731 29.621 31.032
  5.860  8.422  9.558 13.135 14.812 18.598 20.970 24.651 26.859 24.995 22.256 18.836 16.046 13.258  9.952  7.148  3.825  0.000  3.877  5.470  5.417  9.000 10.981 12.876 10.170  9.827 13.627 13.787 12.158 14.829 17.345 16.805 17.156 19.902 21.440 21.231 21.389 18.824 21.808 23.066 20.005 19.472 16.729 18.130 16.909 19.623 22.270 20.845 19.589 16.232 16.771 15.355 14.725 12.937  9.296  7.956  8.920 12.227 13.104 12.138 10.344 10.086  9.420 12.018 12.794 15.060 14.947 18.148 18.751 22.058 23.702 26.101 28.834 30.216 31.999 33.333
  7.630 10.008 10.239 13.792 15.320 18.924 21.496 25.166 27.611 25.672 23.344 19.941 17.627 15.137 12.201 10.090  6.699  3.877  0.000  3.843  5.546  8.336 10.296 12.987 11.276 10.820 14.498 15.452 14.382 16.551 19.224 19.342 19.627 21.922 23.428 22.637 22.559 19.557 22.069 23.345 20.128 18.903 15.937 16.738 15.055 17.387 20.144 18.564 17.689 14.316 14.937 14.255 13.324 10.739  6.921  5.200  5.151  8.682  9.754  8.591  7.590  7.987  8.810 11.932 11.897 14.478 14.234 17.595 18.630 21.757 23.780 25.964 28.861 30.274 31.950 33.201
 10.807 13.177 13.257 16.586 17.510 21.130 23.252 26.839 29.527 27.958 25.545 22.368 19.750 17.573 14.238 12.151  8.401  5.470  3.843  0.000  3.836  6.535  9.650 11.624 10.072 10.924 14.289 14.780 14.530 17.096 19.145 19.382 20.387 22.678 23.587 22.703 22.005 18.812 21.132 22.980 20.145 19.128 16.709 17.985 16.855 19.393 21.719 19.562 18.167 14.485 14.101 12.865 11.094  9.037  5.552  6.242  6.037  8.431 10.674 10.521 10.367 11.542 12.594 15.563 15.237 17.406 16.495 19.465 19.919 22.689 24.299 26.073 28.869 30.108 31.713 32.963
 10.737 12.239 11.850 14.744 15.103 18.733 20.447 23.969 26.704 25.434 22.876 19.936 17.067 15.301 11.791 10.295  6.596  5.417  5.546  3.836  0.000  3.843  6.828  8.285  6.299  7.351 10.646 10.965 10.887 13.504 15.370 15.728 16.917 19.114 19.841 18.984 18.276 15.202 17.759 19.593 16.872 16.321 14.216 16.146 15.717 18.784 20.740 18.551 16.602 12.924 12.473 10.537  9.512  8.370  5.394  6.254  8.110  9.949 11.396 12.033 10.949 12.468 12.985 15.206 14.691 16.138 14.729 17.298 17.181 19.895 21.158 22.972 25.678 26.915 28.616 29.965
 13.728 14.517 13.176 15.389 14.846 18.121 19.379 22.685 25.740 24.855 22.585 20.056 17.411 16.436 13.207 12.715  9.340  9.000  8.336  6.535  3.843  0.000  3.832  5.241  5.121  6.540  8.827  9.839 10.890 12.832 14.352 15.594 17.004 18.537 18.831 17.336 16.129 12.663 14.700 16.748 14.207 13.463 11.854 14.024 14.230 17.434 18.796 16.182 13.777 10.052  8.961  6.747  5.911  5.426  4.115  6.337  8.872  9.230 10.438 12.273 11.489 13.957 15.028 16.804 15.459 16.224 14.005 15.966 15.427 17.610 18.702 20.092 22.810 23.995 25.633 26.983
 14.494 14.304 12.073 13.447 12.154 15.058 16.051 19.233 22.427 21.723 19.714 17.509 15.213 14.958 12.287 12.897 10.188 10.981 10.296  9.650  6.828  3.832  0.000  3.846  5.381  4.966  6.316  8.686  9.862 10.681 12.465 14.431 15.398 16.273 16.688 14.692 13.716 10.156 12.031 13.564 10.709  9.707  8.090 10.548 11.369 14.840 15.788 13.270 10.569  7.094  6.694  4.805  6.325  6.061  5.933  6.825 10.262 10.157 10.014 12.392 11.043 13.882 14.944 15.937 13.995 13.945 11.148 12.565 11.788 13.821 15.036 16.522 19.367 20.719 22.444 23.860
 16.791 16.572 14.629 15.713 14.001 16.718 16.963 19.848 23.050 22.861 20.652 18.856 16.208 16.321 13.494 14.206 11.793 12.876 12.987 11.624  8.285  5.241  3.846  0.000  3.850  5.421  5.062  6.300  8.813  9.891 10.488 12.617 14.411 15.193 14.780 12.865 11.153  7.569  9.613 11.891  9.879 10.079  9.802 12.986 14.556 18.121 18.600 15.967 12.743  9.686  8.236  4.798  6.384  8.118  8.709 10.359 13.556 13.352 13.661 16.118 14.798 17.432 18.105 18.938 17.277 16.886 13.924 14.684 12.957 14.461 14.700 15.780 18.289 19.409 21.152 22.665
 14.157 14.193 12.984 14.541 13.520 16.727 17.324 20.477 23.334 22.833 20.165 17.984 14.850 14.311 11.021 11.153  8.828 10.170 11.276 10.072  6.299  5.121  5.381  3.850  0.000  3.859  5.383  4.933  6.365  8.786  9.674 10.669 12.561 14.252 14.217 13.248 12.180  9.324 12.267 14.245 12.087 12.716 11.800 14.912 15.945 19.573 20.629 18.381 15.514 12.306 11.482  8.351  9.017  9.983  9.084 10.173 13.278 14.116 14.660 16.313 14.564 16.486 16.498 17.472 16.564 16.603 14.280 15.625 14.168 16.360 16.670 18.301 20.715 21.860 23.694 25.220
 12.381 11.567  9.732 10.843  9.685 12.960 13.850 17.202 19.987 19.225 16.613 14.300 11.358 11.007  8.109  9.182  7.500  9.827 10.820 10.924  7.351  6.540  4.966  5.421  3.859  0.000  3.849  5.398  5.117  6.457  8.753 10.003 10.731 12.195 13.044 11.925 11.860  9.232 12.348 13.337 10.449 10.786  9.157 12.131 13.062 16.761 17.962 16.229 13.680 10.845 11.247  9.030 10.720 10.775  9.496  9.174 12.792 13.913 13.485 14.912 12.480 14.252 14.009 14.372 13.294 12.960 10.687 12.107 10.937 13.642 14.477 16.708 19.331 20.759 22.718 24.274
 15.991 14.719 12.485 12.580 10.316 12.770 12.598 15.474 18.466 18.396 15.983 14.486 11.790 12.609 10.423 12.294 11.182 13.627 14.498 14.289 10.646  8.827  6.316  5.062  5.383  3.849  0.000  3.843  5.401  5.030  6.257  8.807  9.874 10.299 10.394  8.609  8.166  5.504  8.763  9.663  7.153  8.467  8.169 11.797 13.785 17.550 17.975 16.163 13.100 10.906 10.992  8.534 11.147 12.162 11.997 12.156 15.872 16.320 15.647 17.660 15.343 17.444 17.304 17.159 15.693 14.507 11.618 11.812  9.519 11.435 11.472 13.439 15.905 17.310 19.364 21.056
 16.549 15.643 14.230 14.678 12.901 15.509 15.167 17.879 20.535 20.603 17.791 16.317 13.093 13.538 10.927 12.219 11.340 13.787 15.452 14.780 10.965  9.839  8.686  6.300  4.933  5.398  3.843  0.000  3.846  5.403  4.907  6.392  8.770 10.019  9.420  8.813  8.039  6.365 10.030 11.500  9.973 11.987 11.992 15.610 17.432 21.199 21.776 19.914 16.800 14.381 13.908 10.794 12.591 14.095 13.644 14.213 17.666 18.467 18.385 20.128 17.844 19.557 18.991 19.062 18.237 17.381 14.910 15.300 12.925 14.753 14.175 15.939 17.946 19.068 21.082 22.771
 13.818 12.550 11.530 11.965 10.803 13.706 13.881 16.885 19.128 18.708 15.554 13.659 10.113 10.083  7.449  8.960  9.021 12.158 14.382 14.530 10.887 10.890  9.862  8.813  6.365  5.117  5.401  3.846  0.000  3.854  5.336  5.109  6.294  8.620  9.390  9.698 10.376  9.345 13.104 13.772 11.655 13.392 12.532 15.780 17.070 20.765 21.823 20.486 17.848 15.479 15.810 13.182 14.918 15.589 14.268 13.910 17.346 18.848 18.466 19.553 16.762 17.806 16.592 16.359 16.109 15.392 13.609 14.452 12.626 15.197 15.139 17.594 19.681 20.981 23.058 24.706
 15.662 13.585 11.725 10.952  8.770 10.909 10.413 13.205 15.532 15.440 12.477 11.202  8.116  9.502  8.178 10.943 11.467 14.829 16.551 17.096 13.504 12.832 10.681  9.891  8.786  6.457  5.030  5.403  3.854  0.000  3.851  5.436  5.063  5.760  7.091  6.773  8.472  8.048 11.581 11.263  9.040 11.117 10.618 13.885 15.696 19.337 19.962 18.985 16.383 14.750 15.601 13.490 16.051 16.710 15.855 15.146 18.859 20.006 18.953 20.299 17.300 18.541 17.413 16.441 15.697 14.095 11.996 11.945  9.614 11.981 11.767 14.534 16.588 18.069 20.266 21.993
 18.840 17.068 15.461 14.769 12.439 14.126 12.844 14.933 17.195 17.802 14.962 14.360 11.418 12.979 11.558 13.887 14.228 17.345 19.224 19.145 15.370 14.352 12.465 10.488  9.674  8.753  6.257  4.907  5.336  3.851  0.000  3.840  5.561  5.576  4.572  4.784  5.807  6.621 10.159 10.254  9.329 12.318 12.885 16.469 18.742 22.420 22.645 21.367 18.363 16.788 16.931 14.306 16.791 18.232 17.868 17.844 21.511 22.371 21.670 23.341 20.605 22.051 21.022 20.222 19.477 17.832 15.490 14.989 12.055 13.508 12.212 14.313 15.830 17.010 19.204 21.007
 17.936 16.320 15.536 15.172 13.648 15.661 14.817 17.018 18.737 19.007 15.744 14.819 11.450 12.307 10.752 12.595 13.567 16.805 19.342 19.382 15.728 15.594 14.431 12.617 10.669 10.003  8.807  6.392  5.109  5.436  3.840  0.000  3.845  6.049  5.822  7.959  9.275 10.196 13.803 14.053 13.038 15.797 15.824 19.233 21.028 24.686 25.348 24.225 21.422 19.542 19.744 16.951 18.932 20.157 19.187 18.974 22.429 23.840 23.378 24.555 21.647 22.526 20.954 20.213 20.189 18.953 17.243 17.284 14.817 16.752 15.700 18.001 19.385 20.468 22.575 24.269
 17.056 14.759 13.844 12.789 11.357 12.979 12.225 14.413 15.710 15.710 12.292 11.450  8.241  9.575  9.106 11.729 13.525 17.156 19.627 20.387 16.917 17.004 15.398 14.411 12.561 10.731  9.874  8.770  6.294  5.063  5.561  3.845  0.000  3.835  6.073  8.290 10.898 11.918 15.397 14.781 13.264 15.742 15.330 18.325 19.917 23.381 24.165 23.596 21.203 19.703 20.620 18.370 20.685 21.371 20.129 19.202 22.720 24.349 23.363 24.236 20.967 21.491 19.579 18.217 18.351 16.797 15.546 15.477 13.357 15.616 14.985 17.851 19.316 20.621 22.774 24.434
 19.790 17.162 15.550 13.741 11.414 12.011 10.212 11.681 13.039 13.782 10.801 11.061  8.778 11.350 11.596 14.732 16.284 19.902 21.922 22.678 19.114 18.537 16.273 15.193 14.252 12.195 10.299 10.019  8.620  5.760  5.576  6.049  3.835  0.000  3.854  5.706  9.179 10.963 13.889 12.500 11.432 14.261 14.503 17.464 19.598 22.952 23.189 22.789 20.344 19.467 20.515 18.563 21.393 22.277 21.564 20.678 24.390 25.575 24.226 25.475 22.240 23.125 21.521 19.792 19.357 17.128 15.470 14.471 11.807 13.354 12.194 15.024 16.198 17.548 19.766 21.495
 22.226 19.991 18.367 16.912 14.342 15.014 12.836 13.900 15.543 16.854 14.215 14.686 12.370 14.731 14.319 17.071 18.080 21.440 23.428 23.587 19.841 18.831 16.688 14.780 14.217 13.044 10.394  9.420  9.390  7.091  4.572  5.822  6.073  3.854  0.000  3.826  6.575  9.321 11.971 11.008 11.030 14.457 15.529 18.876 21.431 24.914 24.798 23.949 21.072 20.134 20.532 18.187 20.957 22.471 22.237 21.990 25.722 26.561 25.541 27.194 24.259 25.531 24.232 22.867 22.205 20.044 17.896 16.681 13.489 14.291 12.259 14.298 15.038 16.090 18.305 20.116
 22.370 20.144 17.919 16.373 13.256 13.704 11.289 12.347 14.701 16.170 14.026 14.551 12.625 15.247 14.741 17.659 18.079 21.231 22.637 22.703 18.984 17.336 14.692 12.865 13.248 11.925  8.609  8.813  9.698  6.773  4.784  7.959  8.290  5.706  3.826  0.000  3.897  6.500  8.669  7.272  7.429 11.011 12.619 16.010 18.934 22.373 21.877 20.859 17.851 17.223 17.590 15.546 18.666 20.252 20.513 20.415 24.215 24.577 23.380 25.420 22.718 24.463 23.688 22.400 21.120 18.737 16.056 14.419 10.878 11.103  8.813 10.656 11.704 12.975 15.356 17.327
 23.484 21.757 19.533 18.540 15.457 16.312 14.157 15.338 18.035 19.501 17.499 17.710 15.572 17.754 16.556 18.990 18.695 21.389 22.559 22.005 18.276 16.129 13.716 11.153 12.180 11.860  8.166  8.039 10.376  8.472  5.807  9.275 10.898  9.179  6.575  3.897  0.000  3.895  5.640  5.752  6.992 10.629 12.839 16.474 19.566 23.077 22.387 20.766 17.365 16.477 16.027 13.603 16.525 18.703 19.499 20.108 23.787 23.733 22.963 25.386 23.131 25.284 24.938 24.164 22.654 20.570 17.504 16.043 12.439 12.229  9.718 10.440 11.476 12.419 14.652 16.654
 21.440 20.063 17.685 17.189 14.246 15.633 14.172 15.994 19.099 20.043 18.074 17.641 15.394 17.089 15.398 17.503 16.535 18.824 19.557 18.812 15.202 12.663 10.156  7.569  9.324  9.232  5.504  6.365  9.345  8.048  6.621 10.196 11.918 10.963  9.321  6.500  3.895  0.000  3.841  5.520  5.366  8.251 10.227 13.969 16.908 20.480 19.937 17.907 14.364 13.048 12.301  9.753 12.719 14.889 15.895 16.763 20.358 20.067 19.452 22.053 20.100 22.551 22.632 22.276 20.503 18.762 15.466 14.448 11.170 11.311  9.701 10.419 12.290 13.388 15.474 17.361
 24.596 23.229 20.562 19.892 16.680 17.541 15.746 17.010 20.274 21.598 20.165 20.126 18.352 20.315 18.825 20.989 19.791 21.808 22.069 21.132 17.759 14.700 12.031  9.613 12.267 12.348  8.763 10.030 13.104 11.581 10.159 13.803 15.397 13.889 11.971  8.669  5.640  3.841  0.000  3.841  5.579  8.001 11.030 14.404 17.728 21.005 19.825 17.583 13.912 13.260 12.105 10.118 13.221 15.715 17.502 18.681 22.121 21.199 20.507 23.528 21.962 24.782 25.283 24.926 22.735 20.788 17.213 15.675 12.317 11.308  9.224  8.552 10.174 11.032 12.958 14.908
 25.038 23.144 20.200 18.851 15.299 15.395 13.068 13.801 17.018 18.649 17.591 18.098 16.890 19.422 18.627 21.333 20.646 23.066 23.345 22.980 19.593 16.748 13.564 11.891 14.245 13.337  9.663 11.500 13.772 11.263 10.254 14.053 14.781 12.500 11.008  7.272  5.752  5.520  3.841  0.000  3.834  6.844 10.209 13.298 16.896 20.000 18.538 16.899 13.539 13.709 13.527 12.289 15.815 17.738 19.266 19.784 23.398 22.617 21.315 24.193 22.284 24.946 25.264 24.358 22.054 19.577 16.059 13.828 10.200  8.511  5.742  5.216  7.057  8.579 10.983 13.184
 21.669 19.711 16.612 15.312 11.804 12.205 10.491 12.042 15.484 16.453 15.247 15.210 14.008 16.327 15.548 18.292 17.565 20.005 20.128 20.145 16.872 14.207 10.709  9.879 12.087 10.449  7.153  9.973 11.655  9.040  9.329 13.038 13.264 11.432 11.030  7.429  6.992  5.366  5.579  3.834  0.000  3.818  6.588  9.903 13.352 16.628 15.570 14.044 10.797 10.726 11.258 10.324 14.043 15.305 16.425 16.482 20.166 19.610 18.043 20.728 18.644 21.240 21.580 20.661 18.279 15.865 12.313 10.328  6.828  6.091  4.952  6.374  9.196 11.035 13.320 15.256
 21.069 19.238 15.826 14.684 11.350 11.723 10.814 12.628 16.242 16.700 15.934 15.513 14.761 16.747 16.007 18.566 17.443 19.472 18.903 19.128 16.321 13.463  9.707 10.079 12.716 10.786  8.467 11.987 13.392 11.117 12.318 15.797 15.742 14.261 14.457 11.011 10.629  8.251  8.001  6.844  3.818  0.000  3.826  6.602 10.205 13.294 12.049 10.319  7.083  7.552  8.761  9.059 12.855 13.449 14.790 14.633 18.114 17.172 15.229 18.100 16.329 19.241 20.128 19.358 16.480 14.159 10.393  8.470  5.910  5.177  6.217  7.403 10.637 12.539 14.523 16.181
 17.865 16.030 12.490 11.569  8.653  9.627  9.977 12.606 16.063 15.670 14.729 13.542 12.833 14.273 13.553 15.961 14.792 16.729 15.937 16.709 14.216 11.854  8.090  9.802 11.800  9.157  8.169 11.992 12.532 10.618 12.885 15.824 15.330 14.503 15.529 12.619 12.839 10.227 11.030 10.209  6.588  3.826  0.000  3.823  6.863 10.348 10.019  8.554  5.961  5.713  8.243  9.007 12.433 12.001 12.584 11.655 15.145 14.603 12.278 14.775 12.724 15.530 16.471 15.741 12.749 10.649  6.853  5.850  4.782  6.289  8.745 10.784 13.972 15.861 17.745 19.228
 18.638 16.752 13.032 11.955  9.541  9.838 10.879 13.245 16.514 15.688 15.436 14.205 14.334 15.603 15.381 17.679 16.532 18.130 16.738 17.985 16.146 14.024 10.548 12.986 14.912 12.131 11.797 15.610 15.780 13.885 16.469 19.233 18.325 17.464 18.876 16.010 16.474 13.969 14.404 13.298  9.903  6.602  3.823  0.000  3.827  6.786  6.275  5.466  4.522  5.843  9.384 11.367 14.400 13.170 13.683 12.172 15.143 14.361 11.306 13.624 11.832 14.671 16.085 15.196 11.687  9.507  6.054  5.065  6.240  7.411 10.760 12.643 15.771 17.680 19.340 20.600
 16.876 15.227 11.651 11.107  9.868 10.618 12.756 15.420 18.303 16.757 16.483 14.606 14.887 15.378 15.200 17.011 15.762 16.909 15.055 16.855 15.717 14.230 11.369 14.556 15.945 13.062 13.785 17.432 17.070 15.696 18.742 21.028 19.917 19.598 21.431 18.934 19.566 16.908 17.728 16.896 13.352 10.205  6.863  3.827  0.000  3.849  5.529  5.507  6.496  6.935 10.732 12.988 15.310 13.171 12.975 10.695 13.092 12.626  9.090 10.709  8.945 11.635 13.456 12.787  9.032  7.640  5.267  6.338  8.971 10.874 14.363 16.419 19.502 21.347 22.901 24.028
 19.138 17.574 14.191 13.568 12.781 12.902 15.164 17.387 19.972 18.223 18.546 16.833 17.709 18.128 18.312 19.981 18.801 19.623 17.387 19.393 18.784 17.434 14.840 18.121 19.573 16.761 17.550 21.199 20.765 19.337 22.420 24.686 23.381 22.952 24.914 22.373 23.077 20.480 21.005 20.000 16.628 13.294 10.348  6.786  3.849  0.000  3.848  5.608  8.414  9.678 13.325 16.098 18.143 15.694 15.582 13.199 14.800 14.072 10.291 11.413 10.375 12.693 14.889 14.155 10.372  9.291  8.147  8.911 11.964 13.364 17.013 18.844 21.797 23.602 24.958 25.904
 22.205 20.466 16.870 15.788 14.169 13.634 15.036 16.650 19.436 18.294 19.042 18.006 19.051 20.117 20.371 22.411 21.228 22.270 20.144 21.719 20.740 18.796 15.788 18.600 20.629 17.962 17.975 21.776 21.823 19.962 22.645 25.348 24.165 23.189 24.798 21.877 22.387 19.937 19.825 18.538 15.570 12.049 10.019  6.275  5.529  3.848  0.000  3.822  6.973  9.624 13.049 16.081 18.534 16.652 17.314 15.534 17.419 16.115 12.537 14.419 13.596 16.222 18.325 17.412 13.610 11.834  9.894  9.197 11.534 11.828 15.348 16.652 19.467 21.241 22.480 23.374
 21.745 20.436 16.911 16.399 14.600 14.796 15.954 17.864 21.024 20.172 20.412 19.188 19.536 20.444 20.027 21.798 20.090 20.845 18.564 19.562 18.551 16.182 13.270 15.967 18.381 16.229 16.163 19.914 20.486 18.985 21.367 24.225 23.596 22.789 23.949 20.859 20.766 17.907 17.583 16.899 14.044 10.319  8.554  5.466  5.507  5.608  3.822  0.000  3.827  6.497  9.580 12.885 15.185 13.470 14.685 13.582 15.505 13.653 10.461 13.155 12.804 16.037 18.436 18.144 14.373 13.022 10.384 10.008 11.504 11.685 14.804 15.679 18.604 20.257 21.491 22.438
 21.170 19.903 16.392 15.960 13.663 14.224 14.831 16.860 20.301 19.872 19.669 18.545 18.329 19.428 18.609 20.463 18.624 19.589 17.689 18.167 16.602 13.777 10.569 12.743 15.514 13.680 13.100 16.800 17.848 16.383 18.363 21.422 21.203 20.344 21.072 17.851 17.365 14.364 13.912 13.539 10.797  7.083  5.961  4.522  6.496  8.414  6.973  3.827  0.000  3.827  6.569  9.588 12.358 11.382 13.052 12.610 15.118 13.246 10.671 13.877 13.238 16.685 18.772 18.599 15.046 13.536 10.187  9.504  9.786  9.753 12.328 12.992 16.017 17.654 19.037 20.163
 18.468 17.675 14.486 14.831 12.962 14.521 15.499 18.111 21.544 20.889 20.033 18.360 17.439 17.961 16.489 17.848 15.575 16.232 14.316 14.485 12.924 10.052  7.094  9.686 12.306 10.845 10.906 14.381 15.479 14.750 16.788 19.542 19.703 19.467 20.134 17.223 16.477 13.048 13.260 13.709 10.726  7.552  5.713  5.843  6.935  9.678  9.624  6.497  3.827  0.000  3.839  6.604  9.045  7.779  9.319  9.237 11.916 10.181  8.178 11.573 10.977 14.582 16.682 17.097 13.879 13.086  9.796 10.253 10.377 11.320 13.561 14.521 17.599 19.130 20.610 21.812
 20.054 19.738 16.913 17.644 15.742 17.562 18.140 20.658 24.190 23.861 22.762 21.159 19.760 20.193 18.185 19.180 16.491 16.771 14.937 14.101 12.473  8.961  6.694  8.236 11.482 11.247 10.992 13.908 15.810 15.601 16.931 19.744 20.620 20.515 20.532 17.590 16.027 12.301 12.105 13.527 11.258  8.761  8.243  9.384 10.732 13.325 13.049  9.580  6.569  3.839  0.000  3.837  5.924  5.841  8.704 10.152 12.525 10.275  9.636 13.296 13.278 16.933 19.058 19.923 17.014 16.497 13.189 13.580 12.952 13.474 14.874 15.165 18.017 19.241 20.583 21.763
 19.210 19.040 16.588 17.525 15.608 17.837 18.149 20.793 24.267 24.111 22.519 20.881 18.889 19.227 16.784 17.609 14.891 15.355 14.255 12.865 10.537  6.747  4.805  4.798  8.351  9.030  8.534 10.794 13.182 13.490 14.306 16.951 18.370 18.563 18.187 15.546 13.603  9.753 10.118 12.289 10.324  9.059  9.007 11.367 12.988 16.098 16.081 12.885  9.588  6.604  3.837  0.000  3.853  5.690  8.183 10.274 13.011 11.487 11.614 14.872 14.405 17.729 19.302 20.257 17.860 17.407 14.116 14.601 13.283 14.069 14.758 15.156 17.837 18.933 20.415 21.747
 19.376 19.947 18.022 19.636 18.291 20.898 21.551 24.371 27.785 27.419 25.656 23.684 21.447 21.215 18.344 18.400 15.168 14.725 13.324 11.094  9.512  5.911  6.325  6.384  9.017 10.720 11.147 12.591 14.918 16.051 16.791 18.932 20.685 21.393 20.957 18.666 16.525 12.719 13.221 15.815 14.043 12.855 12.433 14.400 15.310 18.143 18.534 15.185 12.358  9.045  5.924  3.853  0.000  3.811  6.772 10.001 11.825 10.079 11.451 14.506 14.766 18.002 19.821 21.440 19.336 19.574 16.663 17.739 16.788 17.821 18.563 18.886 21.452 22.373 23.708 24.923
 17.245 18.011 16.100 18.033 17.211 19.947 21.223 24.276 27.597 26.768 25.115 22.790 20.799 20.173 17.427 17.238 13.836 12.937 10.739  9.037  8.370  5.426  6.061  8.118  9.983 10.775 12.162 14.095 15.589 16.710 18.232 20.157 21.371 22.277 22.471 20.252 18.703 14.889 15.715 17.738 15.305 13.449 12.001 13.170 13.171 15.694 16.652 13.470 11.382  7.779  5.841  5.690  3.811  0.000  3.836  6.931  8.317  6.316  7.817 10.799 11.453 14.781 17.010 18.906 16.728 17.449 14.937 16.617 16.492 17.998 19.465 20.232 23.046 24.176 25.546 26.706
 13.648 14.801 13.384 15.891 15.803 18.967 20.750 24.112 27.178 25.940 24.008 21.258 19.088 17.846 14.926 14.191 10.621  9.296  6.921  5.552  5.394  4.115  5.933  8.709  9.084  9.496 11.997 13.644 14.268 15.855 17.868 19.187 20.129 21.564 22.237 20.513 19.499 15.895 17.502 19.266 16.425 14.790 12.584 13.683 12.975 15.582 17.314 14.685 13.052  9.319  8.704  8.183  6.772  3.836  0.000  3.823  5.287  5.157  6.927  8.730  8.942 11.767 13.745 16.010 14.363 15.706 13.840 16.250 16.563 18.787 20.515 21.888 24.782 26.045 27.561 28.775
 10.910 11.759 10.179 12.827 13.287 16.492 18.804 22.306 25.140 23.496 21.637 18.632 16.768 15.264 12.742 12.123  8.913  7.956  5.200  6.242  6.254  6.337  6.825 10.359 10.173  9.174 12.156 14.213 13.910 15.146 17.844 18.974 19.202 20.678 21.990 20.415 20.108 16.763 18.681 19.784 16.482 14.633 11.655 12.172 10.695 13.199 15.534 13.582 12.610  9.237 10.152 10.274 10.001  6.931  3.823  0.000  3.853  5.485  5.462  6.188  5.316  8.086 10.121 12.326 10.662 12.369 11.086 14.052 15.075 17.788 20.017 21.909 24.920 26.385 27.997 29.222
 11.888 13.588 12.688 15.682 16.649 19.788 22.340 25.832 28.589 26.738 24.978 21.816 20.082 18.196 15.699 14.426 11.114  8.920  5.151  6.037  8.110  8.872 10.262 13.556 13.278 12.792 15.872 17.666 17.346 18.859 21.511 22.429 22.720 24.390 25.722 24.215 23.787 20.358 22.121 23.398 20.166 18.114 15.145 15.143 13.092 14.800 17.419 15.505 15.118 11.916 12.525 13.011 11.825  8.317  5.287  3.853  0.000  3.858  5.413  4.658  5.920  8.044 10.749 13.720 12.413 14.829 14.128 17.283 18.661 21.301 23.665 25.423 28.439 29.844 31.343 32.469
 15.483 16.778 15.261 17.737 18.015 20.795 23.008 26.273 29.301 27.749 26.303 23.473 21.941 20.603 18.204 17.439 14.069 12.227  8.682  8.431  9.949  9.230 10.157 13.352 14.116 13.913 16.320 18.467 18.848 20.006 22.371 23.840 24.349 25.575 26.561 24.577 23.733 20.067 21.199 22.617 19.610 17.172 14.603 14.361 12.626 14.072 16.115 13.653 13.246 10.181 10.275 11.487 10.079  6.316  5.157  5.485  3.858  0.000  3.838  5.463  7.811 10.846 13.939 16.489 14.461 16.280 14.911 17.526 18.717 20.788 23.108 24.379 27.380 28.699 30.048 31.092
 15.145 15.656 13.506 15.437 15.578 17.969 20.329 23.488 26.450 24.785 23.670 20.962 19.936 18.916 17.102 16.983 14.122 13.104  9.754 10.674 11.396 10.438 10.014 13.661 14.660 13.485 15.647 18.385 18.466 18.953 21.670 23.378 23.363 24.226 25.541 23.380 22.963 19.452 20.507 21.315 18.043 15.229 12.278 11.306  9.090 10.291 12.537 10.461 10.671  8.178  9.636 11.614 11.451  7.817  6.927  5.462  5.413  3.838  0.000  3.855  5.607  9.205 12.500 14.401 11.764 13.243 11.898 14.460 16.132 18.218 20.941 22.422 25.503 26.983 28.368 29.406
 13.242 14.154 12.642 15.042 16.100 18.657 21.525 24.837 27.471 25.364 24.147 21.078 20.132 18.510 16.847 16.215 13.581 12.138  8.591 10.521 12.033 12.273 12.392 16.118 16.313 14.912 17.660 20.128 19.553 20.299 23.341 24.555 24.236 25.475 27.194 25.420 25.386 22.053 23.528 24.193 20.728 18.100 14.775 13.624 10.709 11.413 14.419 13.155 13.877 11.573 13.296 14.872 14.506 10.799  8.730  6.188  4.658  5.463  3.855  0.000  3.841  6.364 10.016 12.447 10.427 12.879 12.643 15.815 17.991 20.541 23.452 25.315 28.409 29.952 31.392 32.426
 10.459 10.701  8.885 11.252 12.554 15.264 18.306 21.739 24.200 21.968 20.571 17.382 16.428 14.755 13.331 13.033 10.895 10.344  7.590 10.367 10.949 11.489 11.043 14.798 14.564 12.480 15.343 17.844 16.762 17.300 20.605 21.647 20.967 22.240 24.259 22.718 23.131 20.100 21.962 22.284 18.644 16.329 12.724 11.832  8.945 10.375 13.596 12.804 13.238 10.977 13.278 14.405 14.766 11.453  8.942  5.316  5.920  7.811  5.607  3.841  0.000  3.830  6.980  8.959  6.866  9.415  9.489 12.994 15.269 18.228 21.162 23.442 26.525 28.174 29.766 30.899
  8.383  8.872  8.131 10.895 13.252 16.004 19.412 22.894 24.912 22.280 20.733 17.242 16.376 14.049 12.964 12.153 10.702 10.086  7.987 11.542 12.468 13.957 13.882 17.432 16.486 14.252 17.444 19.557 17.806 18.541 22.051 22.526 21.491 23.125 25.531 24.463 25.284 22.551 24.782 24.946 21.240 19.241 15.530 14.671 11.635 12.693 16.222 16.037 16.685 14.582 16.933 17.729 18.002 14.781 11.767  8.086  8.044 10.846  9.205  6.364  3.830  0.000  3.835  6.573  6.005  9.584 10.989 14.750 17.279 20.569 23.528 26.139 29.164 30.849 32.492 33.628
  5.657  5.644  6.041  9.056 12.183 15.078 18.573 22.099 23.724 20.916 19.009 15.310 14.275 11.411 10.635  9.628  9.246  9.420  8.810 12.594 12.985 15.028 14.944 18.105 16.498 14.009 17.304 18.991 16.592 17.413 21.022 20.954 19.579 21.521 24.232 23.688 24.938 22.632 25.283 25.264 21.580 20.128 16.471 16.085 13.456 14.889 18.325 18.436 18.772 16.682 19.058 19.302 19.821 17.010 13.745 10.121 10.749 13.939 12.500 10.016  6.980  3.835  0.000  3.846  5.585  9.159 11.259 15.007 17.360 20.957 23.712 26.660 29.566 31.278 33.025 34.226
  7.641  5.465  4.878  6.429  9.932 12.294 15.948 19.305 20.576 17.555 15.801 12.140 11.754  9.213  9.713  9.917 10.672 12.018 11.932 15.563 15.206 16.804 15.937 18.938 17.472 14.372 17.159 19.062 16.359 16.441 20.222 20.213 18.217 19.792 22.867 22.400 24.164 22.276 24.926 24.358 20.661 19.358 15.741 15.196 12.787 14.155 17.412 18.144 18.599 17.097 19.923 20.257 21.440 18.906 16.010 12.326 13.720 16.489 14.401 12.447  8.959  6.573  3.846  0.000  3.844  6.646  9.604 13.043 15.616 19.262 22.093 25.300 28.103 29.900 31.684 32.891
  9.933  7.890  5.346  6.049  8.424 10.521 14.172 17.502 19.233 16.432 15.139 11.800 11.781 10.251 10.606 11.536 11.486 12.794 11.897 15.237 14.691 15.459 13.995 17.277 16.564 13.294 15.693 18.237 16.109 15.697 19.477 20.189 18.351 19.357 22.205 21.120 22.654 20.503 22.735 22.054 18.279 16.480 12.749 11.687  9.032 10.372 13.610 14.373 15.046 13.879 17.014 17.860 19.336 16.728 14.363 10.662 12.413 14.461 11.764 10.427  6.866  6.005  5.585  3.844  0.000  3.829  6.494 10.070 13.017 16.452 19.575 22.591 25.507 27.345 29.078 30.261
 12.585  9.792  6.422  4.751  5.757  6.969 10.643 13.838 15.617 12.923 11.944  9.021  9.723  9.452 10.585 12.666 13.022 15.060 14.478 17.406 16.138 16.224 13.945 16.886 16.603 12.960 14.507 17.381 15.392 14.095 17.832 18.953 16.797 17.128 20.044 18.737 20.570 18.762 20.788 19.577 15.865 14.159 10.649  9.507  7.640  9.291 11.834 13.022 13.536 13.086 16.497 17.407 19.574 17.449 15.706 12.369 14.829 16.280 13.243 12.879  9.415  9.584  9.159  6.646  3.829  0.000  3.820  6.731  9.900 13.252 16.457 19.612 22.447 24.368 26.136 27.352
 13.892 11.398  7.609  6.104  4.746  6.160  9.044 12.354 14.883 12.951 11.952  9.595  9.733 10.296 10.680 13.090 12.823 14.947 14.234 16.495 14.729 14.005 11.148 13.924 14.280 10.687 11.618 14.910 13.609 11.996 15.490 17.243 15.546 15.470 17.896 16.056 17.504 15.466 17.213 16.059 12.313 10.393  6.853  6.054  5.267  8.147  9.894 10.384 10.187  9.796 13.189 14.116 16.663 14.937 13.840 11.086 14.128 14.911 11.898 12.643  9.489 10.989 11.259  9.604  6.494  3.820  0.000  3.828  6.692 10.003 13.217 16.181 19.144 21.081 22.897 24.198
 17.351 14.617 10.863  8.502  5.628  4.854  6.455  9.259 12.156 10.867 10.511  9.354 10.151 11.975 12.805 15.774 15.736 18.148 17.595 19.465 17.298 15.966 12.565 14.684 15.625 12.107 11.812 15.300 14.452 11.945 14.989 17.284 15.477 14.471 16.681 14.419 16.043 14.448 15.675 13.828 10.328  8.470  5.850  5.065  6.338  8.911  9.197 10.008  9.504 10.253 13.580 14.601 17.739 16.617 16.250 14.052 17.283 17.526 14.460 15.815 12.994 14.750 15.007 13.043 10.070  6.731  3.828  0.000  3.822  6.621 10.074 13.102 15.987 18.035 19.887 21.234
 18.691 16.028 12.460 10.194  6.517  5.912  5.310  7.928 11.335 11.112 10.336  9.909  9.965 12.443 12.890 16.103 16.055 18.751 18.630 19.919 17.181 15.427 11.788 12.957 14.168 10.937  9.519 12.925 12.626  9.614 12.055 14.817 13.357 11.807 13.489 10.878 12.439 11.170 12.317 10.200  6.828  5.910  4.782  6.240  8.971 11.964 11.534 11.504  9.786 10.377 12.952 13.283 16.788 16.492 16.563 15.075 18.661 18.717 16.132 17.991 15.269 17.279 17.360 15.616 13.017  9.900  6.692  3.822  0.000  3.825  6.617  9.882 12.774 14.874 16.945 18.519
 22.384 19.806 16.228 13.943 10.256  8.933  7.091  8.007 11.590 12.357 12.349 12.871 13.248 16.049 16.495 19.707 19.491 22.058 21.757 22.689 19.895 17.610 13.821 14.461 16.360 13.642 11.435 14.753 15.197 11.981 13.508 16.752 15.616 13.354 14.291 11.103 12.229 11.311 11.308  8.511  6.091  5.177  6.289  7.411 10.874 13.364 11.828 11.685  9.753 11.320 13.474 14.069 17.821 17.998 18.787 17.788 21.301 20.788 18.218 20.541 18.228 20.569 20.957 19.262 16.452 13.252 10.003  6.621  3.825  0.000  3.822  6.630  9.586 11.858 13.959 15.619
 24.439 21.915 18.584 16.365 12.570 11.421  8.685  8.811 12.155 13.807 13.530 14.590 14.522 17.593 17.844 21.099 20.975 23.702 23.780 24.299 21.158 18.702 15.036 14.700 16.670 14.477 11.472 14.175 15.139 11.767 12.212 15.700 14.985 12.194 12.259  8.813  9.718  9.701  9.224  5.742  4.952  6.217  8.745 10.760 14.363 17.013 15.348 14.804 12.328 13.561 14.874 14.758 18.563 19.465 20.515 20.017 23.665 23.108 20.941 23.452 21.162 23.528 23.712 22.093 19.575 16.457 13.217 10.074  6.617  3.822  0.000  3.823  6.517  8.920 11.390 13.400
 27.387 25.108 21.766 19.798 16.043 15.013 12.348 12.068 15.229 17.180 17.145 18.294 18.142 21.103 21.057 24.117 23.639 26.101 25.964 26.073 22.972 20.092 16.522 15.780 18.301 16.708 13.439 15.939 17.594 14.534 14.313 18.001 17.851 15.024 14.298 10.656 10.440 10.419  8.552  5.216  6.374  7.403 10.784 12.643 16.419 18.844 16.652 15.679 12.992 14.521 15.165 15.156 18.886 20.232 21.888 21.909 25.423 24.379 22.422 25.315 23.442 26.139 26.660 25.300 22.591 19.612 16.181 13.102  9.882  6.630  3.823  0.000  3.831  6.368  8.899 11.111
 30.114 27.769 24.530 22.437 18.680 17.437 14.442 13.559 16.249 18.662 18.771 20.350 20.267 23.402 23.476 26.594 26.279 28.834 28.861 28.869 25.678 22.810 19.367 18.289 20.715 19.331 15.905 17.946 19.681 16.588 15.830 19.385 19.316 16.198 15.038 11.704 11.476 12.290 10.174  7.057  9.196 10.637 13.972 15.771 19.502 21.797 19.467 18.604 16.017 17.599 18.017 17.837 21.452 23.046 24.782 24.920 28.439 27.380 25.503 28.409 26.525 29.164 29.566 28.103 25.507 22.447 19.144 15.987 12.774  9.586  6.517  3.831  0.000  3.832  6.644  9.123
 31.682 29.428 26.279 24.281 20.584 19.427 16.437 15.472 17.995 20.504 20.582 22.199 22.021 25.105 25.078 28.101 27.731 30.216 30.274 30.108 26.915 23.995 20.719 19.409 21.860 20.759 17.310 19.068 20.981 18.069 17.010 20.468 20.621 17.548 16.090 12.975 12.419 13.388 11.032  8.579 11.035 12.539 15.861 17.680 21.347 23.602 21.241 20.257 17.654 19.130 19.241 18.933 22.373 24.176 26.045 26.385 29.844 28.699 26.983 29.952 28.174 30.849 31.278 29.900 27.345 24.368 21.081 18.035 14.874 11.858  8.920  6.368  3.832  0.000  3.845  6.766
 33.529 31.328 28.175 26.208 22.582 21.363 18.460 17.341 19.669 22.220 22.478 24.151 24.082 27.122 27.100 30.061 29.621 31.999 31.950 31.713 28.616 25.633 22.444 21.152 23.694 22.718 19.364 21.082 23.058 20.266 19.204 22.575 22.774 19.766 18.305 15.356 14.652 15.474 12.958 10.983 13.320 14.523 17.745 19.340 22.901 24.958 22.480 21.491 19.037 20.610 20.583 20.415 23.708 25.546 27.561 27.997 31.343 30.048 28.368 31.392 29.766 32.492 33.025 31.684 29.078 26.136 22.897 19.887 16.945 13.959 11.390  8.899  6.644  3.845  0.000  3.813
