  0.000  3.833  6.734 10.310 13.235 16.722 19.674 23.312 24.894 22.443 19.768 16.049 13.824 10.330  8.290  5.513  5.461  5.855  7.628 10.799 10.732 13.725 14.490 16.787 14.153 12.380 15.991 16.553 13.826 15.672 18.849 17.949 17.067 19.801 22.237 22.382 23.486 21.437 24.601 25.038 21.667 21.065 17.863 18.638 16.874 19.132 22.206 21.736 21.164 18.462 20.047 19.204 19.376 17.246 13.650 10.912 11.886 15.482 15.147 13.251 10.461  8.377  5.656  7.639  9.930 12.575 13.886 17.346 18.683 22.374 24.425 27.373 30.091 31.670 33.525 34.871
  3.833  0.000  3.828  6.835 10.052 13.335 16.354 19.921 21.293 18.749 16.077 12.330 10.339  6.825  5.741  4.667  6.279  8.416 10.006 13.172 12.237 14.518 14.303 16.571 14.192 11.567 14.721 15.649 12.560 13.596 17.079 16.334 14.770 17.175 20.004 20.158 21.763 20.063 23.237 23.147 19.713 19.237 16.032 16.756 15.228 17.569 20.471 20.431 19.901 17.674 19.734 19.038 19.951 18.016 14.808 11.765 13.590 16.782 15.663 14.168 10.710  8.875  5.647  5.468  7.893  9.786 11.396 14.615 16.021 19.798 21.905 25.097 27.747 29.416 31.322 32.689
  6.734  3.828  0.000  3.820  6.707 10.082 13.222 16.868 18.588 16.154 13.775 10.116  8.489  6.012  5.389  6.397  7.084  9.553 10.238 13.256 11.851 13.180 12.076 14.631 12.985  9.734 12.489 14.237 11.540 11.737 15.473 15.548 13.851 15.561 18.377 17.931 19.538 17.685 20.571 20.204 16.615 15.827 12.492 13.037 11.652 14.186 16.876 16.909 16.392 14.487 16.912 16.590 18.029 16.109 13.396 10.188 12.693 15.269 13.517 12.657  8.897  8.138  6.042  4.878  5.349  6.413  7.605 10.861 12.455 16.221 18.574 21.755 24.509 26.268 28.170 29.546
 10.310  6.835  3.820  0.000  3.824  6.581  9.901 13.431 14.924 12.374 10.122  6.498  5.775  4.735  6.252  8.868 10.235 13.129 13.791 16.587 14.747 15.396 13.455 15.720 14.545 10.848 12.588 14.688 11.978 10.969 14.784 15.187 12.798 13.756 16.927 16.389 18.551 17.194 19.905 18.860 15.320 14.689 11.577 11.963 11.110 13.561 15.798 16.401 15.963 14.836 17.646 17.532 19.647 18.045 15.905 12.836 15.688 17.747 15.448 15.057 11.265 10.904  9.056  6.430  6.055  4.748  6.106  8.503 10.193 13.940 16.360 19.792 22.418 24.269 26.198 27.580
 13.235 10.052  6.707  3.824  0.000  3.828  6.580 10.301 12.393 10.509  8.380  5.649  5.040  6.378  7.534 10.840 11.731 14.804 15.317 17.511 15.105 14.854 12.162 14.007 13.521  9.686 10.322 12.907 10.809  8.781 12.450 13.654 11.357 11.420 14.349 13.267 15.464 14.249 16.692 15.306 11.812 11.357  8.664  9.552  9.875 12.780 14.183 14.608 13.671 12.970 15.746 15.617 18.303 17.225 15.818 13.297 16.656 18.028 15.591 16.116 12.569 13.261 12.184  9.933  8.431  5.759  4.752  5.631  6.516 10.254 12.564 16.037 18.661 20.570 22.570 24.038
 16.722 13.335 10.082  6.581  3.828  0.000  3.833  7.160  9.075  7.093  5.923  4.634  6.357  8.904 10.951 14.419 15.533 18.589 18.920 21.130 18.733 18.126 15.063 16.722 16.726 12.959 12.774 15.512 13.710 10.917 14.134 15.666 12.977 12.017 15.020 13.712 16.318 15.633 17.550 15.401 12.212 11.727  9.634  9.845 10.620 12.896 13.647 14.803 14.230 14.526 17.562 17.844 20.906 19.957 18.979 16.499 19.792 20.805 17.979 18.669 15.277 16.014 15.079 12.296 10.528  6.976  6.166  4.857  5.911  8.930 11.416 15.005 17.413 19.406 21.340 22.743
 19.674 16.354 13.222  9.901  6.580  3.833  0.000  3.851  6.536  6.227  5.359  6.315  7.675 11.099 12.928 16.617 17.725 20.961 21.490 23.251 20.447 19.384 16.056 16.968 17.325 13.850 12.602 15.172 13.885 10.420 12.856 14.823 12.225 10.220 12.845 11.302 14.168 14.178 15.758 13.077 10.501 10.820  9.983 10.882 12.754 15.153 15.043 15.958 14.835 15.502 18.139 18.156 21.559 21.233 20.760 18.807 22.342 23.015 20.334 21.532 18.315 19.418 18.571 15.948 14.176 10.644  9.044  6.454  5.308  7.090  8.683 12.345 14.422 16.417 18.434 19.942
 23.312 19.921 16.868 13.431 10.301  7.160  3.851  0.000  3.861  5.548  6.314  8.881 10.764 14.372 16.428 20.156 21.380 24.645 25.163 26.842 23.971 22.693 19.241 19.856 20.480 17.204 15.480 17.885 16.890 13.211 14.944 17.023 14.412 11.688 13.910 12.358 15.352 16.003 17.024 13.813 12.055 12.635 12.614 13.250 15.420 17.379 16.660 17.872 16.867 18.117 20.659 20.802 24.381 24.288 24.124 22.312 25.837 26.282 23.495 24.846 21.751 22.904 22.101 19.308 17.509 13.843 12.358  9.262  7.932  8.013  8.815 12.069 13.540 15.448 17.305 18.713
 24.894 21.293 18.588 14.924 12.393  9.075  6.536  3.861  0.000  3.839  5.729  9.263 11.770 15.346 17.979 21.718 23.440 26.850 27.607 29.525 26.702 25.744 22.432 23.052 23.329 19.983 18.465 20.532 19.125 15.529 17.196 18.731 15.699 13.036 15.542 14.701 18.039 19.099 20.279 17.020 15.489 16.246 16.070 16.522 18.307 19.970 19.454 21.037 20.310 21.550 24.191 24.273 27.791 27.607 27.189 25.146 28.594 29.311 26.461 27.484 24.216 24.926 23.729 20.584 19.246 15.629 14.891 12.162 11.336 11.594 12.154 15.224 16.224 17.960 19.620 20.836
 22.443 18.749 16.154 12.374 10.509  7.093  6.227  5.548  3.839  0.000  3.809  6.742 10.015 13.167 16.182 19.789 21.672 24.990 25.675 27.962 25.437 24.865 21.734 22.868 22.833 19.226 18.399 20.603 18.708 15.440 17.804 19.001 15.698 13.779 16.854 16.173 19.506 20.046 21.608 18.656 16.464 16.712 15.686 15.708 16.774 18.233 18.326 20.197 19.892 20.906 23.872 24.124 27.434 26.787 25.960 23.511 26.752 27.769 24.808 25.388 21.994 22.303 20.926 17.568 16.453 12.945 12.970 10.886 11.120 12.366 13.809 17.179 18.639 20.472 22.175 23.376
 19.768 16.077 13.775 10.122  8.380  5.923  5.359  6.314  5.729  3.809  0.000  3.830  6.598  9.949 12.969 16.622 18.749 22.246 23.341 25.543 22.873 22.588 19.717 20.651 20.158 16.607 15.980 17.786 15.548 12.472 14.960 15.735 12.279 10.797 14.213 14.027 17.499 18.071 20.169 17.591 15.251 15.938 14.738 15.448 16.493 18.550 19.065 20.427 19.680 20.041 22.763 22.523 25.662 25.126 24.020 21.645 24.986 26.315 23.685 24.166 20.590 20.750 19.017 15.814 15.158 11.961 11.964 10.522 10.335 12.351 13.525 17.138 18.743 20.548 22.438 23.789
 16.049 12.330 10.116  6.498  5.649  4.634  6.315  8.881  9.263  6.742  3.830  0.000  3.820  6.514  9.726 13.240 15.416 18.828 19.939 22.367 19.934 20.060 17.513 18.857 17.980 14.297 14.485 16.316 13.660 11.204 14.364 14.818 11.446 11.066 14.691 14.557 17.713 17.640 20.131 18.099 15.213 15.515 13.549 14.214 14.612 16.832 18.023 19.197 18.551 18.366 21.159 20.884 23.691 22.801 21.270 18.641 21.823 23.484 20.975 21.096 17.401 17.258 15.318 12.153 11.817  9.035  9.605  9.360  9.905 12.868 14.582 18.284 20.321 22.170 24.120 25.505
 13.824 10.339  8.489  5.775  5.040  6.357  7.675 10.764 11.770 10.015  6.598  3.820  0.000  3.842  6.444 10.132 12.404 16.036 17.623 19.745 17.062 17.410 15.212 16.205 14.843 11.351 11.786 13.090 10.112  8.117 11.422 11.451  8.239  8.785 12.378 12.633 15.575 15.392 18.357 16.890 14.009 14.760 12.838 14.340 14.890 17.705 19.063 19.539 18.331 17.440 19.755 18.887 21.450 20.804 19.095 16.772 20.085 21.947 19.943 20.145 16.441 16.386 14.280 11.765 11.794  9.730  9.737 10.152  9.957 13.243 14.513 18.131 20.240 21.996 24.059 25.560
 10.330  6.825  6.012  4.735  6.378  8.904 11.099 14.372 15.346 13.167  9.949  6.514  3.842  0.000  3.816  6.932  9.722 13.253 15.136 17.572 15.301 16.440 14.961 16.323 14.310 11.007 12.612 13.544 10.092  9.513 12.991 12.318  9.584 11.365 14.745 15.261 17.763 17.092 20.325 19.425 16.331 16.748 14.278 15.608 15.380 18.123 20.126 20.445 19.430 17.962 20.191 19.230 21.222 20.182 17.856 15.271 18.201 20.611 18.925 18.525 14.768 14.058 11.416  9.222 10.261  9.453 10.296 11.973 12.436 16.043 17.584 21.093 23.378 25.086 27.106 28.564
  8.290  5.741  5.389  6.252  7.534 10.951 12.928 16.428 17.979 16.182 12.969  9.726  6.444  3.816  0.000  3.814  6.224  9.945 12.198 14.234 11.788 13.209 12.287 13.493 11.019  8.107 10.425 10.933  7.458  8.188 11.569 10.764  9.116 11.608 14.332 14.755 16.562 15.401 18.834 18.630 15.550 16.007 13.558 15.386 15.202 18.309 20.378 20.025 18.609 16.489 18.181 16.783 18.350 17.433 14.934 12.747 15.702 18.209 17.108 16.860 13.341 12.967 10.637  9.718 10.612 10.582 10.678 12.802 12.883 16.490 17.835 21.049 23.456 25.066 27.096 28.600
  5.513  4.667  6.397  8.868 10.840 14.419 16.617 20.156 21.718 19.789 16.622 13.240 10.132  6.932  3.814  0.000  3.826  7.144 10.090 12.147 10.294 12.718 12.898 14.206 11.152  9.183 12.296 12.226  8.970 10.953 13.898 12.608 11.740 14.743 17.084 17.672 18.996 17.506 20.998 21.336 18.294 18.567 15.965 17.684 17.013 19.979 22.417 21.795 20.463 17.847 19.177 17.608 18.406 17.245 14.198 12.129 14.430 17.444 16.989 16.229 13.040 12.153  9.629  9.920 11.539 12.661 13.086 15.770 16.096 19.700 21.089 24.108 26.575 28.092 30.062 31.524
  5.461  6.279  7.084 10.235 11.731 15.533 17.725 21.380 23.440 21.672 18.749 15.416 12.404  9.722  6.224  3.826  0.000  3.824  6.698  8.399  6.596  9.340 10.182 11.788  8.827  7.495 11.179 11.344  9.027 11.471 14.234 13.578 13.530 16.288 18.086 18.085 18.694 16.531 19.794 20.642 17.558 17.434 14.785 16.525 15.753 18.790 21.221 20.075 18.612 15.565 16.482 14.884 15.171 13.837 10.624  8.911 11.114 14.069 14.120 13.586 10.890 10.690  9.237 10.663 11.474 13.003 12.806 15.721 16.039 19.475 20.956 23.621 26.255 27.719 29.621 31.066
  5.855  8.416  9.553 13.129 14.804 18.589 20.961 24.645 26.850 24.990 22.246 18.828 16.036 13.253  9.945  7.144  3.824  0.000  3.878  5.467  5.414  8.996 10.974 12.870 10.166  9.822 13.622 13.787 12.160 14.831 17.347 16.812 17.158 19.902 21.441 21.233 21.383 18.816 21.808 23.061 19.997 19.463 16.722 18.125 16.903 19.618 22.265 20.832 19.578 16.224 16.763 15.348 14.727 12.938  9.297  7.953  8.920 12.228 13.103 12.145 10.337 10.071  9.411 12.007 12.782 15.042 14.933 18.136 18.737 22.042 23.683 26.084 28.811 30.208 32.003 33.375
  7.628 10.006 10.238 13.791 15.317 18.920 21.490 25.163 27.607 25.675 23.341 19.939 17.623 15.136 12.198 10.090  6.698  3.878  0.000  3.840  5.545  8.332 10.290 12.981 11.274 10.818 14.496 15.454 14.386 16.557 19.227 19.350 19.631 21.924 23.429 22.640 22.554 19.548 22.069 23.341 20.121 18.896 15.930 16.734 15.052 17.385 20.140 18.551 17.679 14.308 14.930 14.248 13.324 10.737  6.921  5.196  5.150  8.680  9.751  8.595  7.580  7.970  8.802 11.923 11.886 14.464 14.222 17.586 18.621 21.744 23.764 25.948 28.841 30.271 31.959 33.252
 10.799 13.172 13.256 16.587 17.511 21.130 23.251 26.842 29.525 27.962 25.543 22.367 19.745 17.572 14.234 12.147  8.399  5.467  3.840  0.000  3.837  6.535  9.650 11.624 10.074 10.925 14.290 14.783 14.533 17.102 19.148 19.388 20.389 22.679 23.588 22.708 22.002 18.808 21.138 22.983 20.144 19.128 16.710 17.989 16.860 19.401 21.721 19.557 18.166 14.486 14.104 12.866 11.102  9.043  5.555  6.241  6.039  8.435 10.675 10.526 10.360 11.525 12.585 15.554 15.227 17.395 16.488 19.462 19.916 22.683 24.290 26.064 28.859 30.116 31.737 33.029
 10.732 12.237 11.851 14.747 15.105 18.733 20.447 23.971 26.702 25.437 22.873 19.934 17.062 15.301 11.788 10.294  6.596  5.414  5.545  3.837  0.000  3.842  6.825  8.282  6.299  7.352 10.646 10.967 10.888 13.508 15.372 15.734 16.918 19.114 19.841 18.988 18.272 15.197 17.763 19.593 16.869 16.319 14.216 16.148 15.719 18.789 20.742 18.546 16.600 12.923 12.471 10.534  9.518  8.375  5.396  6.251  8.112  9.953 11.396 12.038 10.946 12.457 12.979 15.200 14.684 16.128 14.722 17.293 17.176 19.888 21.147 22.962 25.666 26.919 28.634 30.022
 13.725 14.518 13.180 15.396 14.854 18.126 19.384 22.693 25.744 24.865 22.588 20.060 17.410 16.440 13.209 12.718  9.340  8.996  8.332  6.535  3.842  0.000  3.832  5.242  5.125  6.546  8.832  9.843 10.893 12.840 14.356 15.602 17.006 18.539 18.832 17.341 16.127 12.660 14.706 16.752 14.208 13.465 11.858 14.029 14.234 17.442 18.799 16.179 13.777 10.053  8.960  6.745  5.916  5.430  4.113  6.331  8.872  9.232 10.434 12.274 11.486 13.947 15.023 16.801 15.454 16.218 14.002 15.965 15.428 17.608 18.696 20.087 22.805 24.007 25.659 27.048
 14.490 14.303 12.076 13.455 12.162 15.063 16.056 19.241 22.432 21.734 19.717 17.513 15.212 14.961 12.287 12.898 10.182 10.974 10.290  9.650  6.825  3.832  0.000  3.846  5.380  4.968  6.320  8.687  9.863 10.688 12.469 14.436 15.398 16.273 16.686 14.695 13.712 10.150 12.037 13.567 10.710  9.710  8.093 10.554 11.373 14.847 15.792 13.269 10.569  7.095  6.691  4.804  6.329  6.066  5.935  6.820 10.262 10.160 10.011 12.393 11.042 13.875 14.938 15.933 13.992 13.940 11.144 12.564 11.789 13.819 15.030 16.516 19.361 20.729 22.466 23.921
 16.787 16.571 14.631 15.720 14.007 16.722 16.968 19.856 23.052 22.868 20.651 18.857 16.205 16.323 13.493 14.206 11.788 12.870 12.981 11.624  8.282  5.242  3.846  0.000  3.848  5.422  5.064  6.299  8.810  9.894 10.487 12.619 14.407 15.188 14.774 12.866 11.149  7.564  9.621 11.894  9.879 10.081  9.806 12.991 14.559 18.127 18.605 15.967 12.744  9.688  8.234  4.797  6.388  8.123  8.708 10.354 13.557 13.355 13.658 16.119 14.797 17.425 18.099 18.935 17.274 16.881 13.920 14.682 12.957 14.460 14.694 15.776 18.286 19.422 21.178 22.725
 14.153 14.192 12.985 14.545 13.521 16.726 17.325 20.480 23.329 22.833 20.158 17.980 14.843 14.310 11.019 11.152  8.827 10.166 11.274 10.074  6.299  5.125  5.380  3.848  0.000  3.860  5.381  4.933  6.361  8.785  9.673 10.671 12.557 14.247 14.213 13.250 12.176  9.321 12.272 14.244 12.084 12.715 11.802 14.915 15.946 19.576 20.632 18.378 15.513 12.306 11.479  8.349  9.023  9.990  9.086 10.170 13.280 14.121 14.659 16.318 14.565 16.478 16.493 17.469 16.561 16.595 14.273 15.619 14.161 16.353 16.658 18.292 20.704 21.864 23.712 25.270
 12.380 11.567  9.734 10.848  9.686 12.959 13.850 17.204 19.983 19.226 16.607 14.297 11.351 11.007  8.107  9.183  7.495  9.822 10.818 10.925  7.352  6.546  4.968  5.422  3.860  0.000  3.849  5.400  5.119  6.460  8.755 10.009 10.729 12.192 13.043 11.928 11.857  9.228 12.355 13.338 10.446 10.784  9.159 12.134 13.063 16.762 17.966 16.227 13.679 10.845 11.243  9.031 10.727 10.783  9.503  9.175 12.796 13.920 13.487 14.920 12.484 14.249 14.006 14.371 13.293 12.953 10.680 12.101 10.930 13.634 14.465 16.698 19.316 20.757 22.726 24.315
 15.991 14.721 12.489 12.588 10.322 12.774 12.602 15.480 18.465 18.399 15.980 14.485 11.786 12.612 10.425 12.296 11.179 13.622 14.496 14.290 10.646  8.832  6.320  5.064  5.381  3.849  0.000  3.841  5.398  5.031  6.257  8.808  9.868 10.293 10.389  8.611  8.162  5.500  8.770  9.664  7.153  8.469  8.175 11.803 13.788 17.553 17.982 16.165 13.102 10.908 10.989  8.535 11.153 12.170 12.003 12.157 15.875 16.327 15.649 17.667 15.349 17.444 17.304 17.161 15.695 14.505 11.616 11.809  9.515 11.432 11.463 13.432 15.893 17.309 19.374 21.095
 16.553 15.649 14.237 14.688 12.907 15.512 15.172 17.885 20.532 20.603 17.786 16.316 13.090 13.544 10.933 12.226 11.344 13.787 15.454 14.783 10.967  9.843  8.687  6.299  4.933  5.400  3.841  0.000  3.845  5.402  4.906  6.395  8.768 10.015  9.416  8.815  8.036  6.365 10.035 11.498  9.970 11.985 11.996 15.613 17.434 21.201 21.780 19.912 16.799 14.380 13.901 10.790 12.594 14.100 13.648 14.214 17.670 18.473 18.386 20.137 17.851 19.558 18.993 19.068 18.242 17.381 14.907 15.296 12.919 14.748 14.165 15.930 17.932 19.063 21.090 22.803
 13.826 12.560 11.540 11.978 10.809 13.710 13.885 16.890 19.125 18.708 15.548 13.660 10.112 10.092  7.458  8.970  9.027 12.160 14.386 14.533 10.888 10.893  9.863  8.810  6.361  5.119  5.398  3.845  0.000  3.854  5.337  5.113  6.294  8.619  9.390  9.703 10.374  9.344 13.108 13.769 11.653 13.391 12.538 15.786 17.074 20.767 21.831 20.486 17.849 15.480 15.804 13.179 14.922 15.596 14.275 13.915 17.353 18.856 18.471 19.567 16.774 17.811 16.600 16.370 16.119 15.395 13.610 14.451 12.620 15.192 15.127 17.584 19.663 20.970 23.057 24.729
 15.672 13.596 11.737 10.969  8.781 10.917 10.420 13.211 15.529 15.440 12.472 11.204  8.117  9.513  8.188 10.953 11.471 14.831 16.557 17.102 13.508 12.840 10.688  9.894  8.785  6.460  5.031  5.402  3.854  0.000  3.850  5.433  5.055  5.754  7.086  6.775  8.470  8.049 11.586 11.261  9.040 11.120 10.629 13.895 15.704 19.342 19.975 18.991 16.388 14.756 15.599 13.492 16.058 16.722 15.868 15.155 18.870 20.019 18.963 20.317 17.317 18.553 17.424 16.455 15.712 14.104 12.002 11.948  9.610 11.979 11.756 14.524 16.567 18.053 20.258 22.007
 18.849 17.079 15.473 14.784 12.450 14.134 12.856 14.944 17.196 17.804 14.960 14.364 11.422 12.991 11.569 13.898 14.234 17.347 19.227 19.148 15.372 14.356 12.469 10.487  9.673  8.755  6.257  4.906  5.337  3.850  0.000  3.841  5.561  5.572  4.569  4.790  5.808  6.626 10.163 10.251  9.329 12.318 12.893 16.476 18.747 22.423 22.654 21.370 18.365 16.790 16.925 14.304 16.793 18.239 17.875 17.848 21.518 22.379 21.675 23.354 20.618 22.059 21.031 20.235 19.489 17.839 15.494 14.990 12.052 13.508 12.204 14.306 15.812 16.995 19.199 21.017
 17.949 16.334 15.548 15.187 13.654 15.666 14.823 17.023 18.731 19.001 15.735 14.818 11.451 12.318 10.764 12.608 13.578 16.812 19.350 19.388 15.734 15.602 14.436 12.619 10.671 10.009  8.808  6.395  5.113  5.433  3.841  0.000  3.846  6.046  5.822  7.965  9.278 10.203 13.809 14.050 13.037 15.798 15.832 19.240 21.034 24.689 25.359 24.229 21.425 19.546 19.741 16.952 18.938 20.167 19.197 18.982 22.439 23.851 23.386 24.572 21.663 22.536 20.966 20.229 20.203 18.959 17.246 17.284 14.811 16.748 15.690 17.993 19.365 20.450 22.567 24.276
 17.067 14.770 13.851 12.798 11.357 12.977 12.225 14.412 15.699 15.698 12.279 11.446  8.239  9.584  9.116 11.740 13.530 17.158 19.631 20.389 16.918 17.006 15.398 14.407 12.557 10.729  9.868  8.768  6.294  5.055  5.561  3.846  0.000  3.834  6.076  8.293 10.898 11.917 15.397 14.772 13.257 15.735 15.331 18.326 19.916 23.375 24.170 23.593 21.200 19.700 20.611 18.365 20.686 21.376 20.135 19.206 22.726 24.355 23.367 24.249 20.980 21.499 19.588 18.230 18.363 16.800 15.545 15.471 13.343 15.606 14.968 17.836 19.285 20.591 22.750 24.424
 19.801 17.175 15.561 13.756 11.420 12.017 10.220 11.688 13.036 13.779 10.797 11.066  8.785 11.365 11.608 14.743 16.288 19.902 21.924 22.679 19.114 18.539 16.273 15.188 14.247 12.192 10.293 10.015  8.619  5.754  5.572  6.046  3.834  0.000  3.853  5.706  9.176 10.960 13.885 12.489 11.425 14.254 14.506 17.467 19.600 22.950 23.197 22.789 20.342 19.465 20.505 18.558 21.392 22.281 21.570 20.682 24.395 25.581 24.230 25.488 22.255 23.137 21.533 19.810 19.373 17.138 15.474 14.470 11.798 13.346 12.178 15.008 16.166 17.513 19.735 21.475
 22.237 20.004 18.377 16.927 14.349 15.020 12.845 13.910 15.542 16.854 14.213 14.691 12.378 14.745 14.332 17.084 18.086 21.441 23.429 23.588 19.841 18.832 16.686 14.774 14.213 13.043 10.389  9.416  9.390  7.086  4.569  5.822  6.076  3.853  0.000  3.824  6.572  9.319 11.965 10.994 11.021 14.449 15.530 18.876 21.430 24.911 24.802 23.946 21.067 20.129 20.518 18.179 20.953 22.471 22.239 21.991 25.725 26.564 25.541 27.203 24.270 25.539 24.242 22.883 22.218 20.052 17.898 16.679 13.481 14.284 12.244 14.283 15.008 16.055 18.278 20.095
 22.382 20.158 17.931 16.389 13.267 13.712 11.302 12.358 14.701 16.173 14.027 14.557 12.633 15.261 14.755 17.672 18.085 21.233 22.640 22.708 18.988 17.341 14.695 12.866 13.250 11.928  8.611  8.815  9.703  6.775  4.790  7.965  8.293  5.706  3.824  0.000  3.898  6.502  8.666  7.260  7.423 11.006 12.622 16.012 18.934 22.371 21.881 20.858 17.848 17.221 17.580 15.543 18.666 20.257 20.519 20.419 24.221 24.583 23.382 25.430 22.730 24.472 23.698 22.414 21.132 18.745 16.059 14.418 10.873 11.099  8.799 10.642 11.677 12.948 15.336 17.318
 23.486 21.763 19.538 18.551 15.464 16.318 14.168 15.352 18.039 19.506 17.499 17.713 15.575 17.763 16.562 18.996 18.694 21.383 22.554 22.002 18.272 16.127 13.712 11.149 12.176 11.857  8.162  8.036 10.374  8.470  5.808  9.278 10.898  9.176  6.572  3.898  0.000  3.895  5.633  5.742  6.984 10.622 12.838 16.472 19.561 23.073 22.387 20.760 17.358 16.470 16.012 13.594 16.518 18.700 19.495 20.101 23.784 23.731 22.955 25.385 23.133 25.283 24.939 24.169 22.657 20.571 17.501 16.038 12.434 12.227  9.711 10.432 11.462 12.410 14.655 16.670
 21.437 20.063 17.685 17.194 14.249 15.633 14.178 16.003 19.099 20.046 18.071 17.640 15.392 17.092 15.401 17.506 16.531 18.816 19.548 18.808 15.197 12.660 10.150  7.564  9.321  9.228  5.500  6.365  9.344  8.049  6.626 10.203 11.917 10.960  9.319  6.502  3.895  0.000  3.843  5.516  5.356  8.240 10.221 13.962 16.899 20.472 19.931 17.896 14.353 13.036 12.284  9.742 12.713 14.884 15.889 16.753 20.352 20.061 19.440 22.046 20.096 22.543 22.626 22.273 20.499 18.755 15.457 14.438 11.161 11.304  9.691 10.410 12.281 13.391 15.487 17.395
 24.601 23.237 20.571 19.905 16.692 17.550 15.758 17.024 20.279 21.608 20.169 20.131 18.357 20.325 18.834 20.998 19.794 21.808 22.069 21.138 17.763 14.706 12.037  9.621 12.272 12.355  8.770 10.035 13.108 11.586 10.163 13.809 15.397 13.885 11.965  8.666  5.633  3.843  0.000  3.841  5.579  8.001 11.034 14.406 17.729 21.008 19.827 17.582 13.910 13.259 12.098 10.119 13.223 15.719 17.506 18.681 22.124 21.203 20.504 23.530 21.968 24.784 25.285 24.932 22.739 20.791 17.213 15.675 12.320 11.311  9.223  8.549 10.175 11.043 12.978 14.948
 25.038 23.147 20.204 18.860 15.306 15.401 13.077 13.813 17.020 18.656 17.591 18.099 16.890 19.425 18.630 21.336 20.642 23.061 23.341 22.983 19.593 16.752 13.567 11.894 14.244 13.338  9.664 11.498 13.769 11.261 10.251 14.050 14.772 12.489 10.994  7.260  5.742  5.516  3.841  0.000  3.834  6.846 10.214 13.300 16.896 20.001 18.543 16.903 13.542 13.711 13.524 12.293 15.818 17.744 19.270 19.783 23.400 22.622 21.314 24.195 22.290 24.947 25.263 24.360 22.056 19.579 16.059 13.827 10.202  8.516  5.744  5.217  7.052  8.576 10.984 13.200
 21.667 19.713 16.615 15.320 11.812 12.212 10.501 12.055 15.489 16.464 15.251 15.213 14.009 16.331 15.550 18.294 17.558 19.997 20.121 20.144 16.869 14.208 10.710  9.879 12.084 10.446  7.153  9.970 11.653  9.040  9.329 13.037 13.257 11.425 11.021  7.423  6.984  5.356  5.579  3.834  0.000  3.818  6.592  9.905 13.351 16.628 15.575 14.046 10.798 10.725 11.250 10.324 14.043 15.308 16.428 16.479 20.166 19.612 18.040 20.729 18.648 21.240 21.578 20.662 18.281 15.866 12.312 10.327  6.831  6.093  4.949  6.369  9.185 11.032 13.324 15.286
 21.065 19.237 15.827 14.689 11.357 11.727 10.820 12.635 16.246 16.712 15.938 15.515 14.760 16.748 16.007 18.567 17.434 19.463 18.896 19.128 16.319 13.465  9.710 10.081 12.715 10.784  8.469 11.985 13.391 11.120 12.318 15.798 15.735 14.254 14.449 11.006 10.622  8.240  8.001  6.846  3.818  0.000  3.827  6.602 10.203 13.293 12.052 10.320  7.084  7.553  8.757  9.063 12.858 13.454 14.794 14.630 18.114 17.175 15.226 18.099 16.331 19.240 20.123 19.355 16.478 14.157 10.390  8.467  5.915  5.177  6.212  7.395 10.627 12.542 14.531 16.224
 17.863 16.032 12.492 11.577  8.664  9.634  9.983 12.614 16.070 15.686 14.738 13.549 12.838 14.278 13.558 15.965 14.785 16.722 15.930 16.710 14.216 11.858  8.093  9.806 11.802  9.159  8.175 11.996 12.538 10.629 12.893 15.832 15.331 14.506 15.530 12.622 12.838 10.221 11.034 10.214  6.592  3.827  0.000  3.822  6.859 10.344 10.019  8.550  5.956  5.709  8.237  9.010 12.435 12.006 12.589 11.653 15.145 14.605 12.275 14.774 12.726 15.530 16.468 15.739 12.747 10.647  6.850  5.848  4.790  6.286  8.740 10.775 13.960 15.861 17.749 19.269
 18.638 16.756 13.037 11.963  9.552  9.845 10.882 13.250 16.522 15.708 15.448 14.214 14.340 15.608 15.386 17.684 16.525 18.125 16.734 17.989 16.148 14.029 10.554 12.991 14.915 12.134 11.803 15.613 15.786 13.895 16.476 19.240 18.326 17.467 18.876 16.012 16.472 13.962 14.406 13.300  9.905  6.602  3.822  0.000  3.825  6.784  6.276  5.463  4.519  5.844  9.382 11.372 14.404 13.177 13.693 12.175 15.146 14.368 11.309 13.627 11.839 14.677 16.085 15.196 11.687  9.509  6.056  5.068  6.249  7.407 10.755 12.632 15.756 17.677 19.340 20.641
 16.874 15.228 11.652 11.110  9.875 10.620 12.754 15.420 18.307 16.774 16.493 14.612 14.890 15.380 15.202 17.013 15.753 16.903 15.052 16.860 15.719 14.234 11.373 14.559 15.946 13.063 13.788 17.434 17.074 15.704 18.747 21.034 19.916 19.600 21.430 18.934 19.561 16.899 17.729 16.896 13.351 10.203  6.859  3.825  0.000  3.848  5.531  5.503  6.493  6.936 10.732 12.992 15.316 13.179 12.987 10.701 13.098 12.636  9.098 10.715  8.954 11.642 13.454 12.783  9.028  7.636  5.266  6.337  8.974 10.865 14.353 16.405 19.483 21.341 22.898 24.066
 19.132 17.569 14.186 13.561 12.780 12.896 15.153 17.379 19.970 18.233 18.550 16.832 17.705 18.123 18.309 19.979 18.790 19.618 17.385 19.401 18.789 17.442 14.847 18.127 19.576 16.762 17.553 21.201 20.767 19.342 22.423 24.689 23.375 22.950 24.911 22.371 23.073 20.472 21.008 20.001 16.628 13.293 10.344  6.784  3.848  0.000  3.849  5.613  8.418  9.685 13.335 16.109 18.154 15.709 15.599 13.208 14.809 14.088 10.307 11.421 10.383 12.699 14.882 14.142 10.359  9.279  8.141  8.906 11.964 13.353 17.004 18.830 21.780 23.599 24.956 25.944
 22.206 20.471 16.876 15.798 14.183 13.647 15.043 16.660 19.454 18.326 19.065 18.023 19.063 20.126 20.378 22.417 21.221 22.265 20.140 21.721 20.742 18.799 15.792 18.605 20.632 17.966 17.982 21.780 21.831 19.975 22.654 25.359 24.170 23.197 24.802 21.881 22.387 19.931 19.827 18.543 15.575 12.052 10.019  6.276  5.531  3.849  0.000  3.821  6.971  9.625 13.049 16.086 18.536 16.656 17.322 15.537 17.421 16.119 12.539 14.417 13.602 16.229 18.325 17.411 13.611 11.841  9.903  9.208 11.549 11.830 15.349 16.645 19.456 21.242 22.480 23.416
 21.736 20.431 16.909 16.401 14.608 14.803 15.958 17.872 21.037 20.197 20.427 19.197 19.539 20.445 20.025 21.795 20.075 20.832 18.551 19.557 18.546 16.179 13.269 15.967 18.378 16.227 16.165 19.912 20.486 18.991 21.370 24.229 23.593 22.789 23.946 20.858 20.760 17.896 17.582 16.903 14.046 10.320  8.550  5.463  5.503  5.613  3.821  0.000  3.826  6.495  9.579 12.886 15.183 13.469 14.686 13.575 15.498 13.650 10.453 13.144 12.799 16.032 18.426 18.133 14.363 13.018 10.383 10.012 11.515 11.687 14.805 15.673 18.599 20.268 21.504 22.495
 21.164 19.901 16.392 15.963 13.671 14.230 14.835 16.867 20.310 19.892 19.680 18.551 18.331 19.430 18.609 20.463 18.612 19.578 17.679 18.166 16.600 13.777 10.569 12.744 15.513 13.679 13.102 16.799 17.849 16.388 18.365 21.425 21.200 20.342 21.067 17.848 17.358 14.353 13.910 13.542 10.798  7.084  5.956  4.519  6.493  8.418  6.971  3.826  0.000  3.826  6.568  9.591 12.357 11.383 13.055 12.605 15.115 13.247 10.664 13.869 13.235 16.681 18.765 18.592 15.038 13.532 10.185  9.506  9.795  9.753 12.326 12.985 16.012 17.665 19.053 20.222
 18.462 17.674 14.487 14.836 12.970 14.526 15.502 18.117 21.550 20.906 20.041 18.366 17.440 17.962 16.489 17.847 15.565 16.224 14.308 14.486 12.923 10.053  7.095  9.688 12.306 10.845 10.908 14.380 15.480 14.756 16.790 19.546 19.700 19.465 20.129 17.221 16.470 13.036 13.259 13.711 10.725  7.553  5.709  5.844  6.936  9.685  9.625  6.495  3.826  0.000  3.838  6.607  9.047  7.783  9.323  9.232 11.915 10.184  8.173 11.568 10.974 14.576 16.675 17.090 13.872 13.081  9.792 10.253 10.383 11.318 13.557 14.514 17.593 19.142 20.629 21.875
 20.047 19.734 16.912 17.646 15.746 17.562 18.139 20.659 24.191 23.872 22.763 21.159 19.755 20.191 18.181 19.177 16.482 16.763 14.930 14.104 12.471  8.960  6.691  8.234 11.479 11.243 10.989 13.901 15.804 15.599 16.925 19.741 20.611 20.505 20.518 17.580 16.012 12.284 12.098 13.524 11.250  8.757  8.237  9.382 10.732 13.335 13.049  9.579  6.568  3.838  0.000  3.838  5.926  5.846  8.706 10.146 12.526 10.280  9.631 13.291 13.274 16.926 19.051 19.915 17.005 16.490 13.182 13.576 12.953 13.469 14.865 15.155 18.012 19.258 20.611 21.834
 19.204 19.038 16.590 17.532 15.617 17.844 18.156 20.802 24.273 24.124 22.523 20.884 18.887 19.230 16.783 17.608 14.884 15.348 14.248 12.866 10.534  6.745  4.804  4.797  8.349  9.031  8.535 10.790 13.179 13.492 14.304 16.952 18.365 18.558 18.179 15.543 13.594  9.742 10.119 12.293 10.324  9.063  9.010 11.372 12.992 16.109 16.086 12.886  9.591  6.607  3.838  0.000  3.853  5.692  8.181 10.267 13.010 11.490 11.608 14.869 14.402 17.722 19.296 20.253 17.855 17.403 14.113 14.601 13.288 14.071 14.756 15.153 17.840 18.955 20.449 21.821
 19.376 19.951 18.029 19.647 18.303 20.906 21.559 24.381 27.791 27.434 25.662 23.691 21.450 21.222 18.350 18.406 15.171 14.727 13.324 11.102  9.518  5.916  6.329  6.388  9.023 10.727 11.153 12.594 14.922 16.058 16.793 18.938 20.686 21.392 20.953 18.666 16.518 12.713 13.223 15.818 14.043 12.858 12.435 14.404 15.316 18.154 18.536 15.183 12.357  9.047  5.926  3.853  0.000  3.812  6.770  9.997 11.827 10.081 11.445 14.503 14.763 17.996 19.819 21.439 19.334 19.571 16.662 17.740 16.793 17.821 18.560 18.882 21.455 22.395 23.743 24.998
 17.246 18.016 16.109 18.045 17.225 19.957 21.233 24.288 27.607 26.787 25.126 22.801 20.804 20.182 17.433 17.245 13.837 12.938 10.737  9.043  8.375  5.430  6.066  8.123  9.990 10.783 12.170 14.100 15.596 16.722 18.239 20.167 21.376 22.281 22.471 20.257 18.700 14.884 15.719 17.744 15.308 13.454 12.006 13.177 13.179 15.709 16.656 13.469 11.383  7.783  5.846  5.692  3.812  0.000  3.835  6.927  8.318  6.316  7.811 10.795 11.450 14.774 17.008 18.905 16.726 17.448 14.939 16.622 16.501 18.000 19.463 20.229 23.047 24.197 25.579 26.782
 13.650 14.808 13.396 15.905 15.818 18.979 20.760 24.124 27.189 25.960 24.020 21.270 19.095 17.856 14.934 14.198 10.624  9.297  6.921  5.555  5.396  4.113  5.935  8.708  9.086  9.503 12.003 13.648 14.275 15.868 17.875 19.197 20.135 21.570 22.239 20.519 19.495 15.889 17.506 19.270 16.428 14.794 12.589 13.693 12.987 15.599 17.322 14.686 13.055  9.323  8.706  8.181  6.770  3.835  0.000  3.824  5.291  5.161  6.928  8.735  8.943 11.763 13.747 16.013 14.365 15.708 13.844 16.256 16.571 18.789 20.511 21.883 24.778 26.059 27.588 28.846
 10.912 11.765 10.188 12.836 13.297 16.499 18.807 22.312 25.146 23.511 21.645 18.641 16.772 15.271 12.747 12.129  8.911  7.953  5.196  6.241  6.251  6.331  6.820 10.354 10.170  9.175 12.157 14.214 13.915 15.155 17.848 18.982 19.206 20.682 21.991 20.419 20.101 16.753 18.681 19.783 16.479 14.630 11.653 12.175 10.701 13.208 15.537 13.575 12.605  9.232 10.146 10.267  9.997  6.927  3.824  0.000  3.855  5.486  5.463  6.195  5.317  8.083 10.122 12.327 10.661 12.366 11.084 14.053 15.075 17.782 20.007 21.897 24.906 26.388 28.010 29.278
 11.886 13.590 12.693 15.688 16.656 19.792 22.342 25.837 28.594 26.752 24.986 21.823 20.085 18.201 15.702 14.430 11.114  8.920  5.150  6.039  8.112  8.872 10.262 13.557 13.280 12.796 15.875 17.670 17.353 18.870 21.518 22.439 22.726 24.395 25.725 24.221 23.784 20.352 22.124 23.400 20.166 18.114 15.145 15.146 13.098 14.809 17.421 15.498 15.115 11.915 12.526 13.010 11.827  8.318  5.291  3.855  0.000  3.858  5.414  4.659  5.911  8.032 10.745 13.714 12.406 14.823 14.125 17.283 18.662 21.297 23.657 25.413 28.428 29.852 31.362 32.534
 15.482 16.782 15.269 17.747 18.028 20.805 23.015 26.282 29.311 27.769 26.315 23.484 21.947 20.611 18.209 17.444 14.069 12.228  8.680  8.435  9.953  9.232 10.160 13.355 14.121 13.920 16.327 18.473 18.856 20.019 22.379 23.851 24.355 25.581 26.564 24.583 23.731 20.061 21.203 22.622 19.612 17.175 14.605 14.368 12.636 14.088 16.119 13.650 13.247 10.184 10.280 11.490 10.081  6.316  5.161  5.486  3.858  0.000  3.837  5.457  7.804 10.838 13.937 16.486 14.457 16.278 14.913 17.531 18.724 20.788 23.105 24.374 27.375 28.714 30.073 31.165
 15.147 15.663 13.517 15.448 15.591 17.979 20.334 23.495 26.461 24.808 23.685 20.975 19.943 18.925 17.108 16.989 14.120 13.103  9.751 10.675 11.396 10.434 10.011 13.658 14.659 13.487 15.649 18.386 18.471 18.963 21.675 23.386 23.367 24.230 25.541 23.382 22.955 19.440 20.504 21.314 18.040 15.226 12.275 11.309  9.098 10.307 12.539 10.453 10.664  8.173  9.631 11.608 11.445  7.811  6.928  5.463  5.414  3.837  0.000  3.854  5.607  9.207 12.503 14.402 11.764 13.244 11.901 14.464 16.137 18.213 20.933 22.409 25.489 26.987 28.381 29.466
 13.251 14.168 12.657 15.057 16.116 18.669 21.532 24.846 27.484 25.388 24.166 21.096 20.145 18.525 16.860 16.229 13.586 12.145  8.595 10.526 12.038 12.274 12.393 16.119 16.318 14.920 17.667 20.137 19.567 20.317 23.354 24.572 24.249 25.488 27.203 25.430 25.385 22.046 23.530 24.195 20.729 18.099 14.774 13.627 10.715 11.421 14.417 13.144 13.869 11.568 13.291 14.869 14.503 10.795  8.735  6.195  4.659  5.457  3.854  0.000  3.842  6.370 10.025 12.452 10.429 12.882 12.648 15.820 17.997 20.537 23.446 25.303 28.395 29.956 31.403 32.484
 10.461 10.710  8.897 11.265 12.569 15.277 18.315 21.751 24.216 21.994 20.590 17.401 16.441 14.768 13.341 13.040 10.890 10.337  7.580 10.360 10.946 11.486 11.042 14.797 14.565 12.484 15.349 17.851 16.774 17.317 20.618 21.663 20.980 22.255 24.270 22.730 23.133 20.096 21.968 22.290 18.648 16.331 12.726 11.839  8.954 10.383 13.602 12.799 13.235 10.974 13.274 14.402 14.763 11.450  8.943  5.317  5.911  7.804  5.607  3.842  0.000  3.830  6.982  8.961  6.869  9.418  9.496 13.002 15.276 18.227 21.158 23.435 26.513 28.177 29.776 30.953
  8.377  8.875  8.138 10.904 13.261 16.014 19.418 22.904 24.926 22.303 20.750 17.258 16.386 14.058 12.967 12.153 10.690 10.071  7.970 11.525 12.457 13.947 13.875 17.425 16.478 14.249 17.444 19.558 17.811 18.553 22.059 22.536 21.499 23.137 25.539 24.472 25.283 22.543 24.784 24.947 21.240 19.240 15.530 14.677 11.642 12.699 16.229 16.032 16.681 14.576 16.926 17.722 17.996 14.774 11.763  8.083  8.032 10.838  9.207  6.370  3.830  0.000  3.836  6.576  6.009  9.587 10.993 14.756 17.282 20.566 23.521 26.128 29.147 30.846 32.495 33.673
  5.656  5.647  6.042  9.056 12.184 15.079 18.571 22.101 23.729 20.926 19.017 15.318 14.280 11.416 10.637  9.629  9.237  9.411  8.802 12.585 12.979 15.023 14.938 18.099 16.493 14.006 17.304 18.993 16.600 17.424 21.031 20.966 19.588 21.533 24.242 23.698 24.939 22.626 25.285 25.263 21.578 20.123 16.468 16.085 13.454 14.882 18.325 18.426 18.765 16.675 19.051 19.296 19.819 17.008 13.747 10.122 10.745 13.937 12.503 10.025  6.982  3.836  0.000  3.843  5.581  9.151 11.255 15.004 17.355 20.947 23.699 26.644 29.542 31.265 33.019 34.258
  7.639  5.468  4.878  6.430  9.933 12.296 15.948 19.308 20.584 17.568 15.814 12.153 11.765  9.222  9.718  9.920 10.663 12.007 11.923 15.554 15.200 16.801 15.933 18.935 17.469 14.371 17.161 19.068 16.370 16.455 20.235 20.229 18.230 19.810 22.883 22.414 24.169 22.273 24.932 24.360 20.662 19.355 15.739 15.196 12.783 14.142 17.411 18.133 18.592 17.090 19.915 20.253 21.439 18.905 16.013 12.327 13.714 16.486 14.402 12.452  8.961  6.576  3.843  0.000  3.843  6.640  9.602 13.041 15.612 19.254 22.084 25.287 28.080 29.887 31.675 32.917
  9.930  7.893  5.349  6.055  8.431 10.528 14.176 17.509 19.246 16.453 15.158 11.817 11.794 10.261 10.612 11.539 11.474 12.782 11.886 15.227 14.684 15.454 13.992 17.274 16.561 13.293 15.695 18.242 16.119 15.712 19.489 20.203 18.363 19.373 22.218 21.132 22.657 20.499 22.739 22.056 18.281 16.478 12.747 11.687  9.028 10.359 13.611 14.363 15.038 13.872 17.005 17.855 19.334 16.726 14.365 10.661 12.406 14.457 11.764 10.429  6.869  6.009  5.581  3.843  0.000  3.828  6.494 10.072 13.017 16.446 19.567 22.579 25.485 27.335 29.071 30.292
 12.575  9.786  6.413  4.748  5.759  6.976 10.644 13.843 15.629 12.945 11.961  9.035  9.730  9.453 10.582 12.661 13.003 15.042 14.464 17.395 16.128 16.218 13.940 16.881 16.595 12.953 14.505 17.381 15.395 14.104 17.839 18.959 16.800 17.138 20.052 18.745 20.571 18.755 20.791 19.579 15.866 14.157 10.647  9.509  7.636  9.279 11.841 13.018 13.532 13.081 16.490 17.403 19.571 17.448 15.708 12.366 14.823 16.278 13.244 12.882  9.418  9.587  9.151  6.640  3.828  0.000  3.820  6.734  9.899 13.247 16.450 19.601 22.425 24.354 26.124 27.374
 13.886 11.396  7.605  6.106  4.752  6.166  9.044 12.358 14.891 12.970 11.964  9.605  9.737 10.296 10.678 13.086 12.806 14.933 14.222 16.488 14.722 14.002 11.144 13.920 14.273 10.680 11.616 14.907 13.610 12.002 15.494 17.246 15.545 15.474 17.898 16.059 17.501 15.457 17.213 16.059 12.312 10.390  6.850  6.056  5.266  8.141  9.903 10.383 10.185  9.792 13.182 14.113 16.662 14.939 13.844 11.084 14.125 14.913 11.901 12.648  9.496 10.993 11.255  9.602  6.494  3.820  0.000  3.830  6.691  9.996 13.207 16.169 19.122 21.069 22.887 24.224
 17.346 14.615 10.861  8.503  5.631  4.857  6.454  9.262 12.162 10.886 10.522  9.360 10.152 11.973 12.802 15.770 15.721 18.136 17.586 19.462 17.293 15.965 12.564 14.682 15.619 12.101 11.809 15.296 14.451 11.948 14.990 17.284 15.471 14.470 16.679 14.418 16.038 14.438 15.675 13.827 10.327  8.467  5.848  5.068  6.337  8.906  9.208 10.012  9.506 10.253 13.576 14.601 17.740 16.622 16.256 14.053 17.283 17.531 14.464 15.820 13.002 14.756 15.004 13.041 10.072  6.734  3.830  0.000  3.821  6.613 10.064 13.089 15.963 18.018 19.869 21.249
 18.683 16.021 12.455 10.193  6.516  5.911  5.308  7.932 11.336 11.120 10.335  9.905  9.957 12.436 12.883 16.096 16.039 18.737 18.621 19.916 17.176 15.428 11.789 12.957 14.161 10.930  9.515 12.919 12.620  9.610 12.052 14.811 13.343 11.798 13.481 10.873 12.434 11.161 12.320 10.202  6.831  5.915  4.790  6.249  8.974 11.964 11.549 11.515  9.795 10.383 12.953 13.288 16.793 16.501 16.571 15.075 18.662 18.724 16.137 17.997 15.276 17.282 17.355 15.612 13.017  9.899  6.691  3.821  0.000  3.823  6.611  9.875 12.755 14.861 16.933 18.538
 22.374 19.798 16.221 13.940 10.254  8.930  7.090  8.013 11.594 12.366 12.351 12.868 13.243 16.043 16.490 19.700 19.475 22.042 21.744 22.683 19.888 17.608 13.819 14.460 16.353 13.634 11.432 14.748 15.192 11.979 13.508 16.748 15.606 13.346 14.284 11.099 12.227 11.304 11.311  8.516  6.093  5.177  6.286  7.407 10.865 13.353 11.830 11.687  9.753 11.318 13.469 14.071 17.821 18.000 18.789 17.782 21.297 20.788 18.213 20.537 18.227 20.566 20.947 19.254 16.446 13.247  9.996  6.613  3.823  0.000  3.822  6.627  9.572 11.850 13.950 15.639
 24.425 21.905 18.574 16.360 12.564 11.416  8.683  8.815 12.154 13.809 13.525 14.582 14.513 17.584 17.835 21.089 20.956 23.683 23.764 24.290 21.147 18.696 15.030 14.694 16.658 14.465 11.463 14.165 15.127 11.756 12.204 15.690 14.968 12.178 12.244  8.799  9.711  9.691  9.223  5.744  4.949  6.212  8.740 10.755 14.353 17.004 15.349 14.805 12.326 13.557 14.865 14.756 18.560 19.463 20.511 20.007 23.657 23.105 20.933 23.446 21.158 23.521 23.699 22.084 19.567 16.450 13.207 10.064  6.611  3.822  0.000  3.823  6.505  8.911 11.378 13.409
 27.373 25.097 21.755 19.792 16.037 15.005 12.345 12.069 15.224 17.179 17.138 18.284 18.131 21.093 21.049 24.108 23.621 26.084 25.948 26.064 22.962 20.087 16.516 15.776 18.292 16.698 13.432 15.930 17.584 14.524 14.306 17.993 17.836 15.008 14.283 10.642 10.432 10.410  8.549  5.217  6.369  7.395 10.775 12.632 16.405 18.830 16.645 15.673 12.985 14.514 15.155 15.153 18.882 20.229 21.883 21.897 25.413 24.374 22.409 25.303 23.435 26.128 26.644 25.287 22.579 19.601 16.169 13.089  9.875  6.627  3.823  0.000  3.832  6.371  8.894 11.120
 30.091 27.747 24.509 22.418 18.661 17.413 14.422 13.540 16.224 18.639 18.743 20.321 20.240 23.378 23.456 26.575 26.255 28.811 28.841 28.859 25.666 22.805 19.361 18.286 20.704 19.316 15.893 17.932 19.663 16.567 15.812 19.365 19.285 16.166 15.008 11.677 11.462 12.281 10.175  7.052  9.185 10.627 13.960 15.756 19.483 21.780 19.456 18.599 16.012 17.593 18.012 17.840 21.455 23.047 24.778 24.906 28.428 27.375 25.489 28.395 26.513 29.147 29.542 28.080 25.485 22.425 19.122 15.963 12.755  9.572  6.505  3.832  0.000  3.833  6.635  9.117
 31.670 29.416 26.268 24.269 20.570 19.406 16.417 15.448 17.960 20.472 20.548 22.170 21.996 25.086 25.066 28.092 27.719 30.208 30.271 30.116 26.919 24.007 20.729 19.422 21.864 20.757 17.309 19.063 20.970 18.053 16.995 20.450 20.591 17.513 16.055 12.948 12.410 13.391 11.043  8.576 11.032 12.542 15.861 17.677 21.341 23.599 21.242 20.268 17.665 19.142 19.258 18.955 22.395 24.197 26.059 26.388 29.852 28.714 26.987 29.956 28.177 30.846 31.265 29.887 27.335 24.354 21.069 18.018 14.861 11.850  8.911  6.371  3.833  0.000  3.845  6.769
 33.525 31.322 28.170 26.198 22.570 21.340 18.434 17.305 19.620 22.175 22.438 24.120 24.059 27.106 27.096 30.062 29.621 32.003 31.959 31.737 28.634 25.659 22.466 21.178 23.712 22.726 19.374 21.090 23.057 20.258 19.199 22.567 22.750 19.735 18.278 15.336 14.655 15.487 12.978 10.984 13.324 14.531 17.749 19.340 22.898 24.956 22.480 21.504 19.053 20.629 20.611 20.449 23.743 25.579 27.588 28.010 31.362 30.073 28.381 31.403 29.776 32.495 33.019 31.675 29.071 26.124 22.887 19.869 16.933 13.950 11.378  8.894  6.635  3.845  0.000  3.811
