  0.000  3.832  6.734 10.309 13.234 16.721 19.674 23.312 24.893 22.443 19.768 16.049 13.824 10.330  8.289  5.512  5.461  5.855  7.629 10.800 10.733 13.725 14.491 16.788 14.154 12.381 15.993 16.555 13.828 15.672 18.850 17.949 17.067 19.801 22.238 22.383 23.489 21.441 24.603 25.039 21.667 21.065 17.862 18.638 16.874 19.132 22.206 21.736 21.164 18.463 20.048 19.205 19.377 17.246 13.652 10.913 11.888 15.483 15.148 13.250 10.460  8.377  5.655  7.637  9.929 12.574 13.885 17.345 18.683 22.373 24.425 27.374 30.091 31.671 33.526 34.870
  3.832  0.000  3.828  6.835 10.052 13.334 16.355 19.921 21.293 18.748 16.077 12.330 10.340  6.826  5.741  4.667  6.280  8.416 10.007 13.173 12.237 14.518 14.305 16.573 14.193 11.568 14.723 15.652 12.563 13.597 17.080 16.334 14.770 17.176 20.005 20.159 21.766 20.067 23.240 23.148 19.714 19.238 16.032 16.756 15.229 17.569 20.472 20.433 19.902 17.675 19.736 19.039 19.952 18.017 14.810 11.766 13.592 16.783 15.664 14.168 10.710  8.875  5.646  5.467  7.892  9.786 11.396 14.614 16.021 19.799 21.905 25.098 27.748 29.417 31.324 32.688
  6.734  3.828  0.000  3.820  6.707 10.082 13.222 16.868 18.588 16.154 13.775 10.116  8.489  6.012  5.389  6.397  7.083  9.552 10.238 13.256 11.851 13.180 12.077 14.632 12.985  9.734 12.490 14.238 11.542 11.737 15.472 15.547 13.851 15.560 18.377 17.932 19.540 17.688 20.573 20.204 16.615 15.827 12.492 13.037 11.653 14.186 16.877 16.910 16.393 14.488 16.913 16.590 18.029 16.109 13.398 10.189 12.694 15.269 13.518 12.657  8.897  8.137  6.043  4.878  5.349  6.414  7.606 10.860 12.454 16.221 18.574 21.755 24.509 26.269 28.171 29.544
 10.309  6.835  3.820  0.000  3.824  6.580  9.901 13.431 14.924 12.375 10.123  6.498  5.775  4.735  6.253  8.868 10.234 13.128 13.791 16.587 14.746 15.395 13.455 15.720 14.544 10.847 12.589 14.689 11.980 10.968 14.784 15.186 12.798 13.755 16.927 16.390 18.552 17.197 19.906 18.860 15.320 14.689 11.577 11.963 11.110 13.560 15.797 16.402 15.964 14.837 17.647 17.531 19.646 18.045 15.906 12.837 15.688 17.746 15.448 15.056 11.265 10.902  9.056  6.430  6.055  4.748  6.106  8.502 10.192 13.939 16.360 19.793 22.418 24.269 26.200 27.578
 13.234 10.052  6.707  3.824  0.000  3.828  6.580 10.301 12.394 10.509  8.380  5.649  5.040  6.378  7.536 10.842 11.730 14.804 15.317 17.511 15.104 14.853 12.162 14.008 13.521  9.686 10.322 12.908 10.810  8.781 12.448 13.653 11.356 11.420 14.349 13.267 15.465 14.251 16.693 15.306 11.812 11.357  8.664  9.552  9.875 12.778 14.183 14.609 13.672 12.971 15.747 15.616 18.302 17.225 15.819 13.297 16.656 18.027 15.592 16.116 12.569 13.260 12.184  9.933  8.431  5.760  4.752  5.630  6.516 10.254 12.565 16.038 18.661 20.571 22.572 24.036
 16.721 13.334 10.082  6.580  3.828  0.000  3.833  7.161  9.075  7.093  5.924  4.634  6.356  8.903 10.952 14.420 15.533 18.588 18.920 21.130 18.732 18.125 15.063 16.724 16.726 12.959 12.774 15.513 13.711 10.917 14.133 15.665 12.977 12.017 15.020 13.713 16.319 15.636 17.551 15.401 12.212 11.728  9.634  9.846 10.620 12.894 13.646 14.804 14.231 14.527 17.563 17.844 20.906 19.957 18.980 16.499 19.792 20.804 17.979 18.669 15.277 16.013 15.079 12.296 10.528  6.976  6.167  4.857  5.911  8.931 11.418 15.007 17.414 19.407 21.342 22.741
 19.674 16.355 13.222  9.901  6.580  3.833  0.000  3.851  6.536  6.227  5.360  6.316  7.675 11.099 12.931 16.619 17.725 20.960 21.490 23.251 20.446 19.383 16.056 16.970 17.325 13.849 12.603 15.173 13.887 10.421 12.855 14.823 12.225 10.220 12.846 11.303 14.169 14.179 15.758 13.077 10.501 10.820  9.983 10.881 12.753 15.150 15.041 15.957 14.835 15.502 18.139 18.155 21.558 21.233 20.761 18.807 22.341 23.014 20.335 21.532 18.314 19.417 18.572 15.948 14.176 10.644  9.044  6.452  5.308  7.090  8.685 12.346 14.423 16.418 18.435 19.940
 23.312 19.921 16.868 13.431 10.301  7.161  3.851  0.000  3.862  5.548  6.315  8.882 10.765 14.372 16.430 20.158 21.380 24.645 25.163 26.842 23.971 22.693 19.240 19.857 20.480 17.203 15.481 17.886 16.892 13.212 14.944 17.023 14.413 11.689 13.911 12.359 15.353 16.004 17.025 13.812 12.055 12.635 12.613 13.249 15.419 17.375 16.657 17.870 16.866 18.116 20.659 20.801 24.380 24.287 24.125 22.312 25.836 26.281 23.495 24.846 21.750 22.902 22.101 19.308 17.509 13.843 12.358  9.260  7.932  8.013  8.818 12.070 13.540 15.448 17.306 18.710
 24.893 21.293 18.588 14.924 12.394  9.075  6.536  3.862  0.000  3.839  5.729  9.263 11.770 15.346 17.981 21.719 23.440 26.850 27.608 29.525 26.701 25.743 22.431 23.053 23.329 19.982 18.465 20.532 19.126 15.529 17.194 18.731 15.699 13.036 15.541 14.701 18.038 19.099 20.279 17.019 15.489 16.246 16.070 16.521 18.307 19.967 19.452 21.037 20.311 21.550 24.191 24.272 27.790 27.607 27.190 25.146 28.594 29.311 26.461 27.484 24.216 24.925 23.729 20.584 19.246 15.629 14.892 12.162 11.336 11.594 12.156 15.225 16.224 17.960 19.621 20.833
 22.443 18.748 16.154 12.375 10.509  7.093  6.227  5.548  3.839  0.000  3.809  6.742 10.014 13.167 16.183 19.789 21.672 24.989 25.675 27.963 25.436 24.864 21.734 22.869 22.833 19.225 18.399 20.603 18.708 15.440 17.802 19.000 15.698 13.777 16.852 16.172 19.506 20.047 21.608 18.655 16.464 16.713 15.686 15.709 16.774 18.231 18.325 20.198 19.893 20.906 23.873 24.124 27.433 26.787 25.961 23.511 26.752 27.769 24.808 25.389 21.994 22.302 20.927 17.568 16.454 12.946 12.971 10.886 11.120 12.367 13.811 17.180 18.639 20.473 22.176 23.374
 19.768 16.077 13.775 10.123  8.380  5.924  5.360  6.315  5.729  3.809  0.000  3.830  6.598  9.949 12.970 16.623 18.749 22.246 23.341 25.543 22.872 22.587 19.717 20.653 20.157 16.606 15.980 17.786 15.549 12.472 14.958 15.734 12.278 10.795 14.212 14.027 17.499 18.073 20.169 17.590 15.251 15.938 14.738 15.449 16.494 18.549 19.065 20.428 19.681 20.042 22.764 22.523 25.661 25.126 24.021 21.646 24.986 26.315 23.686 24.167 20.590 20.750 19.018 15.815 15.159 11.962 11.965 10.521 10.336 12.352 13.527 17.139 18.743 20.548 22.439 23.786
 16.049 12.330 10.116  6.498  5.649  4.634  6.316  8.882  9.263  6.742  3.830  0.000  3.820  6.514  9.727 13.241 15.415 18.828 19.940 22.367 19.934 20.060 17.513 18.858 17.980 14.296 14.486 16.317 13.661 11.204 14.363 14.818 11.445 11.065 14.690 14.558 17.715 17.642 20.132 18.099 15.214 15.516 13.549 14.215 14.612 16.830 18.022 19.198 18.552 18.367 21.160 20.885 23.691 22.801 21.272 18.641 21.824 23.484 20.976 21.096 17.401 17.257 15.319 12.153 11.818  9.036  9.605  9.359  9.905 12.868 14.584 18.285 20.321 22.170 24.121 25.502
 13.824 10.340  8.489  5.775  5.040  6.356  7.675 10.765 11.770 10.014  6.598  3.820  0.000  3.842  6.445 10.133 12.404 16.035 17.623 19.745 17.061 17.409 15.212 16.206 14.842 11.350 11.787 13.091 10.113  8.117 11.421 11.450  8.238  8.784 12.377 12.634 15.576 15.394 18.358 16.890 14.009 14.760 12.837 14.339 14.890 17.704 19.062 19.540 18.331 17.440 19.755 18.887 21.449 20.804 19.096 16.772 20.085 21.947 19.944 20.145 16.441 16.385 14.281 11.765 11.794  9.730  9.737 10.150  9.956 13.243 14.513 18.133 20.240 21.996 24.059 25.557
 10.330  6.826  6.012  4.735  6.378  8.903 11.099 14.372 15.346 13.167  9.949  6.514  3.842  0.000  3.816  6.932  9.722 13.252 15.137 17.572 15.300 16.439 14.961 16.324 14.310 11.006 12.612 13.544 10.093  9.512 12.990 12.317  9.583 11.363 14.744 15.261 17.764 17.094 20.326 19.425 16.330 16.747 14.277 15.608 15.380 18.122 20.126 20.446 19.430 17.963 20.192 19.229 21.221 20.182 17.857 15.272 18.201 20.611 18.926 18.525 14.768 14.057 11.417  9.222 10.261  9.453 10.296 11.972 12.435 16.043 17.584 21.094 23.378 25.086 27.107 28.561
  8.289  5.741  5.389  6.253  7.536 10.952 12.931 16.430 17.981 16.183 12.970  9.727  6.445  3.816  0.000  3.814  6.223  9.944 12.199 14.234 11.788 13.209 12.289 13.495 11.019  8.109 10.427 10.935  7.460  8.189 11.570 10.764  9.116 11.609 14.333 14.757 16.566 15.405 18.837 18.633 15.552 16.009 13.559 15.388 15.203 18.310 20.380 20.028 18.611 16.492 18.183 16.784 18.350 17.434 14.936 12.748 15.702 18.210 17.110 16.861 13.342 12.967 10.638  9.718 10.613 10.583 10.679 12.803 12.884 16.491 17.837 21.052 23.458 25.068 27.098 28.600
  5.512  4.667  6.397  8.868 10.842 14.420 16.619 20.158 21.719 19.789 16.623 13.241 10.133  6.932  3.814  0.000  3.826  7.144 10.091 12.147 10.294 12.718 12.900 14.208 11.153  9.185 12.299 12.229  8.973 10.955 13.900 12.610 11.742 14.745 17.086 17.675 19.001 17.510 21.002 21.338 18.296 18.568 15.966 17.685 17.014 19.979 22.418 21.798 20.465 17.849 19.179 17.610 18.407 17.245 14.199 12.129 14.431 17.445 16.990 16.228 13.040 12.153  9.629  9.919 11.539 12.661 13.087 15.771 16.097 19.702 21.091 24.111 26.577 28.095 30.064 31.524
  5.461  6.280  7.083 10.234 11.730 15.533 17.725 21.380 23.440 21.672 18.749 15.415 12.404  9.722  6.223  3.826  0.000  3.824  6.699  8.400  6.596  9.340 10.183 11.789  8.828  7.497 11.180 11.346  9.029 11.471 14.235 13.578 13.530 16.288 18.087 18.087 18.698 16.534 19.796 20.643 17.558 17.433 14.785 16.525 15.753 18.790 21.221 20.077 18.613 15.566 16.483 14.885 15.171 13.838 10.625  8.911 11.114 14.070 14.121 13.585 10.890 10.690  9.237 10.662 11.473 13.002 12.806 15.720 16.039 19.474 20.956 23.622 26.255 27.721 29.622 31.065
  5.855  8.416  9.552 13.128 14.804 18.588 20.960 24.645 26.850 24.989 22.246 18.828 16.035 13.252  9.944  7.144  3.824  0.000  3.878  5.467  5.415  8.996 10.975 12.870 10.167  9.823 13.623 13.788 12.161 14.831 17.348 16.812 17.158 19.902 21.442 21.235 21.387 18.820 21.811 23.062 19.997 19.462 16.721 18.125 16.903 19.618 22.265 20.832 19.579 16.224 16.764 15.348 14.727 12.938  9.297  7.953  8.920 12.228 13.103 12.143 10.337 10.071  9.410 12.006 12.780 15.041 14.932 18.135 18.737 22.041 23.682 26.084 28.812 30.209 32.004 33.374
  7.629 10.007 10.238 13.791 15.317 18.920 21.490 25.163 27.608 25.675 23.341 19.940 17.623 15.137 12.199 10.091  6.699  3.878  0.000  3.841  5.546  8.331 10.291 12.981 11.274 10.819 14.497 15.455 14.387 16.557 19.228 19.350 19.631 21.924 23.430 22.642 22.557 19.551 22.071 23.342 20.121 18.895 15.930 16.734 15.052 17.386 20.140 18.552 17.679 14.309 14.931 14.247 13.324 10.737  6.921  5.196  5.149  8.680  9.751  8.593  7.580  7.971  8.803 11.923 11.885 14.463 14.222 17.586 18.621 21.743 23.763 25.948 28.841 30.272 31.961 33.251
 10.800 13.173 13.256 16.587 17.511 21.130 23.251 26.842 29.525 27.963 25.543 22.367 19.745 17.572 14.234 12.147  8.400  5.467  3.841  0.000  3.837  6.535  9.651 11.624 10.074 10.926 14.291 14.783 14.533 17.102 19.149 19.388 20.388 22.679 23.588 22.709 22.005 18.810 21.140 22.984 20.145 19.128 16.709 17.990 16.860 19.402 21.722 19.559 18.167 14.486 14.105 12.866 11.102  9.043  5.554  6.241  6.039  8.436 10.677 10.525 10.361 11.527 12.586 15.554 15.227 17.395 16.488 19.462 19.916 22.683 24.288 26.064 28.860 30.118 31.739 33.029
 10.733 12.237 11.851 14.746 15.104 18.732 20.446 23.971 26.701 25.436 22.872 19.934 17.061 15.300 11.788 10.294  6.596  5.415  5.546  3.837  0.000  3.842  6.826  8.282  6.298  7.352 10.646 10.968 10.888 13.507 15.372 15.733 16.917 19.114 19.841 18.989 18.275 15.199 17.765 19.594 16.869 16.319 14.216 16.148 15.719 18.789 20.742 18.547 16.601 12.924 12.472 10.534  9.517  8.375  5.396  6.251  8.112  9.953 11.397 12.037 10.946 12.458 12.980 15.200 14.684 16.127 14.721 17.292 17.176 19.887 21.145 22.962 25.666 26.921 28.636 30.022
 13.725 14.518 13.180 15.395 14.853 18.125 19.383 22.693 25.743 24.864 22.587 20.060 17.409 16.439 13.209 12.718  9.340  8.996  8.331  6.535  3.842  0.000  3.832  5.241  5.125  6.546  8.832  9.843 10.893 12.839 14.356 15.601 17.005 18.538 18.832 17.342 16.129 12.662 14.708 16.753 14.208 13.465 11.857 14.029 14.234 17.443 18.800 16.181 13.778 10.053  8.961  6.746  5.916  5.430  4.113  6.329  8.871  9.232 10.436 12.274 11.486 13.948 15.023 16.800 15.454 16.217 14.001 15.964 15.427 17.607 18.694 20.087 22.805 24.009 25.660 27.048
 14.491 14.305 12.077 13.455 12.162 15.063 16.056 19.240 22.431 21.734 19.717 17.513 15.212 14.961 12.289 12.900 10.183 10.975 10.291  9.651  6.826  3.832  0.000  3.846  5.380  4.969  6.320  8.687  9.863 10.687 12.468 14.435 15.397 16.272 16.686 14.695 13.713 10.152 12.038 13.567 10.709  9.709  8.093 10.554 11.374 14.848 15.793 13.270 10.570  7.095  6.692  4.804  6.328  6.066  5.936  6.820 10.262 10.161 10.014 12.394 11.043 13.876 14.940 15.934 13.992 13.940 11.144 12.564 11.789 13.818 15.028 16.515 19.360 20.730 22.468 23.920
 16.788 16.573 14.632 15.720 14.008 16.724 16.970 19.857 23.053 22.869 20.653 18.858 16.206 16.324 13.495 14.208 11.789 12.870 12.981 11.624  8.282  5.241  3.846  0.000  3.848  5.423  5.065  6.299  8.810  9.894 10.488 12.618 14.408 15.189 14.776 12.868 11.151  7.567  9.623 11.896  9.880 10.082  9.807 12.992 14.560 18.129 18.606 15.969 12.746  9.688  8.235  4.797  6.387  8.122  8.708 10.353 13.556 13.355 13.660 16.120 14.798 17.426 18.101 18.936 17.275 16.882 13.921 14.683 12.958 14.461 14.694 15.777 18.288 19.424 21.180 22.726
 14.154 14.193 12.985 14.544 13.521 16.726 17.325 20.480 23.329 22.833 20.157 17.980 14.842 14.310 11.019 11.153  8.828 10.167 11.274 10.074  6.298  5.125  5.380  3.848  0.000  3.860  5.381  4.934  6.360  8.785  9.673 10.671 12.557 14.247 14.213 13.251 12.179  9.323 12.275 14.246 12.084 12.714 11.801 14.914 15.945 19.576 20.631 18.380 15.514 12.306 11.480  8.349  9.023  9.989  9.087 10.169 13.279 14.121 14.660 16.318 14.565 16.479 16.494 17.468 16.560 16.595 14.272 15.618 14.161 16.353 16.657 18.292 20.705 21.865 23.713 25.270
 12.381 11.568  9.734 10.847  9.686 12.959 13.849 17.203 19.982 19.225 16.606 14.296 11.350 11.006  8.109  9.185  7.497  9.823 10.819 10.926  7.352  6.546  4.969  5.423  3.860  0.000  3.849  5.401  5.119  6.459  8.755 10.007 10.728 12.192 13.042 11.928 11.859  9.230 12.356 13.337 10.445 10.783  9.158 12.134 13.063 16.762 17.966 16.228 13.680 10.845 11.244  9.031 10.726 10.783  9.505  9.175 12.797 13.921 13.489 14.921 12.485 14.250 14.008 14.372 13.294 12.953 10.680 12.100 10.929 13.633 14.463 16.698 19.316 20.757 22.727 24.314
 15.993 14.723 12.490 12.589 10.322 12.774 12.603 15.481 18.465 18.399 15.980 14.486 11.787 12.612 10.427 12.299 11.180 13.623 14.497 14.291 10.646  8.832  6.320  5.065  5.381  3.849  0.000  3.841  5.398  5.031  6.256  8.807  9.868 10.294 10.389  8.611  8.164  5.502  8.771  9.664  7.152  8.468  8.175 11.803 13.788 17.553 17.982 16.166 13.104 10.909 10.989  8.535 11.152 12.170 12.004 12.157 15.875 16.327 15.651 17.668 15.350 17.445 17.306 17.162 15.696 14.506 11.616 11.809  9.515 11.432 11.462 13.432 15.893 17.309 19.375 21.094
 16.555 15.652 14.238 14.689 12.908 15.513 15.173 17.886 20.532 20.603 17.786 16.317 13.091 13.544 10.935 12.229 11.346 13.788 15.455 14.783 10.968  9.843  8.687  6.299  4.934  5.401  3.841  0.000  3.844  5.402  4.907  6.395  8.769 10.015  9.416  8.816  8.038  6.367 10.036 11.498  9.970 11.985 11.996 15.614 17.434 21.201 21.780 19.914 16.800 14.381 13.902 10.790 12.593 14.099 13.649 14.214 17.670 18.473 18.388 20.138 17.852 19.559 18.996 19.069 18.243 17.382 14.908 15.296 12.919 14.748 14.164 15.931 17.933 19.063 21.090 22.802
 13.828 12.563 11.542 11.980 10.810 13.711 13.887 16.892 19.126 18.708 15.549 13.661 10.113 10.093  7.460  8.973  9.029 12.161 14.387 14.533 10.888 10.893  9.863  8.810  6.360  5.119  5.398  3.844  0.000  3.854  5.336  5.112  6.294  8.620  9.390  9.703 10.376  9.345 13.109 13.769 11.653 13.390 12.538 15.787 17.075 20.768 21.831 20.488 17.850 15.481 15.805 13.179 14.921 15.595 14.276 13.915 17.353 18.857 18.473 19.568 16.775 17.813 16.602 16.371 16.120 15.397 13.611 14.451 12.620 15.192 15.127 17.585 19.663 20.970 23.058 24.727
 15.672 13.597 11.737 10.968  8.781 10.917 10.421 13.212 15.529 15.440 12.472 11.204  8.117  9.512  8.189 10.955 11.471 14.831 16.557 17.102 13.507 12.839 10.687  9.894  8.785  6.459  5.031  5.402  3.854  0.000  3.849  5.433  5.055  5.755  7.087  6.776  8.472  8.050 11.587 11.261  9.040 11.119 10.628 13.894 15.703 19.341 19.974 18.992 16.389 14.756 15.599 13.491 16.057 16.721 15.868 15.154 18.869 20.019 18.964 20.316 17.317 18.552 17.425 16.455 15.712 14.104 12.002 11.947  9.609 11.979 11.757 14.526 16.568 18.054 20.259 22.006
 18.850 17.080 15.472 14.784 12.448 14.133 12.855 14.944 17.194 17.802 14.958 14.363 11.421 12.990 11.570 13.900 14.235 17.348 19.228 19.149 15.372 14.356 12.468 10.488  9.673  8.755  6.256  4.907  5.336  3.849  0.000  3.840  5.560  5.572  4.569  4.790  5.810  6.626 10.164 10.251  9.327 12.317 12.892 16.475 18.746 22.421 22.652 21.370 18.365 16.790 16.925 14.304 16.792 18.238 17.875 17.848 21.517 22.379 21.676 23.353 20.618 22.058 21.032 20.234 19.488 17.839 15.493 14.988 12.050 13.506 12.203 14.307 15.812 16.995 19.198 21.016
 17.949 16.334 15.547 15.186 13.653 15.665 14.823 17.023 18.731 19.000 15.734 14.818 11.450 12.317 10.764 12.610 13.578 16.812 19.350 19.388 15.733 15.601 14.435 12.618 10.671 10.007  8.807  6.395  5.112  5.433  3.840  0.000  3.846  6.046  5.822  7.965  9.279 10.203 13.810 14.050 13.036 15.796 15.830 19.239 21.033 24.687 25.357 24.229 21.425 19.545 19.741 16.951 18.937 20.166 19.197 18.981 22.438 23.850 23.387 24.571 21.662 22.535 20.966 20.228 20.203 18.959 17.246 17.282 14.810 16.748 15.690 17.994 19.366 20.450 22.567 24.275
 17.067 14.770 13.851 12.798 11.356 12.977 12.225 14.413 15.699 15.698 12.278 11.445  8.238  9.583  9.116 11.742 13.530 17.158 19.631 20.388 16.917 17.005 15.397 14.408 12.557 10.728  9.868  8.769  6.294  5.055  5.560  3.846  0.000  3.834  6.076  8.294 10.899 11.918 15.398 14.772 13.257 15.735 15.330 18.325 19.915 23.374 24.169 23.594 21.201 19.701 20.611 18.365 20.685 21.375 20.136 19.205 22.725 24.355 23.368 24.248 20.979 21.499 19.589 18.230 18.363 16.800 15.545 15.469 13.342 15.605 14.968 17.837 19.286 20.592 22.751 24.423
 19.801 17.176 15.560 13.755 11.420 12.017 10.220 11.689 13.036 13.777 10.795 11.065  8.784 11.363 11.609 14.745 16.288 19.902 21.924 22.679 19.114 18.538 16.272 15.189 14.247 12.192 10.294 10.015  8.620  5.755  5.572  6.046  3.834  0.000  3.854  5.707  9.178 10.962 13.887 12.490 11.426 14.254 14.506 17.466 19.599 22.948 23.196 22.790 20.344 19.466 20.506 18.558 21.392 22.281 21.571 20.682 24.395 25.581 24.232 25.488 22.255 23.136 21.534 19.809 19.373 17.137 15.474 14.468 11.797 13.347 12.180 15.011 16.167 17.513 19.736 21.474
 22.238 20.005 18.377 16.927 14.349 15.020 12.846 13.911 15.541 16.852 14.212 14.690 12.377 14.744 14.333 17.086 18.087 21.442 23.430 23.588 19.841 18.832 16.686 14.776 14.213 13.042 10.389  9.416  9.390  7.087  4.569  5.822  6.076  3.854  0.000  3.824  6.573  9.319 11.966 10.994 11.021 14.449 15.530 18.876 21.430 24.909 24.801 23.947 21.069 20.129 20.519 18.180 20.952 22.471 22.240 21.991 25.725 26.564 25.543 27.204 24.270 25.539 24.243 22.882 22.218 20.052 17.898 16.677 13.480 14.284 12.245 14.285 15.009 16.056 18.278 20.094
 22.383 20.159 17.932 16.390 13.267 13.713 11.303 12.359 14.701 16.172 14.027 14.558 12.634 15.261 14.757 17.675 18.087 21.235 22.642 22.709 18.989 17.342 14.695 12.868 13.251 11.928  8.611  8.816  9.703  6.776  4.790  7.965  8.294  5.707  3.824  0.000  3.897  6.502  8.666  7.260  7.423 11.006 12.622 16.011 18.934 22.371 21.880 20.859 17.850 17.222 17.581 15.544 18.666 20.257 20.520 20.419 24.221 24.584 23.384 25.431 22.731 24.473 23.700 22.415 21.133 18.746 16.060 14.417 10.872 11.099  8.800 10.644 11.678 12.948 15.336 17.317
 23.489 21.766 19.540 18.552 15.465 16.319 14.169 15.353 18.038 19.506 17.499 17.715 15.576 17.764 16.566 19.001 18.698 21.387 22.557 22.005 18.275 16.129 13.713 11.151 12.179 11.859  8.164  8.038 10.376  8.472  5.810  9.279 10.899  9.178  6.573  3.897  0.000  3.895  5.633  5.741  6.984 10.621 12.838 16.472 19.562 23.073 22.386 20.761 17.359 16.471 16.013 13.595 16.519 18.701 19.498 20.103 23.785 23.733 22.959 25.388 23.135 25.285 24.942 24.171 22.659 20.572 17.502 16.038 12.434 12.226  9.710 10.432 11.462 12.409 14.653 16.667
 21.441 20.067 17.688 17.197 14.251 15.636 14.179 16.004 19.099 20.047 18.073 17.642 15.394 17.094 15.405 17.510 16.534 18.820 19.551 18.810 15.199 12.662 10.152  7.567  9.323  9.230  5.502  6.367  9.345  8.050  6.626 10.203 11.918 10.962  9.319  6.502  3.895  0.000  3.843  5.516  5.357  8.241 10.222 13.963 16.901 20.474 19.932 17.899 14.356 13.038 12.286  9.744 12.713 14.885 15.892 16.755 20.354 20.063 19.444 22.049 20.099 22.546 22.630 22.276 20.502 18.758 15.459 14.440 11.162 11.305  9.690 10.410 12.281 13.390 15.486 17.393
 24.603 23.240 20.573 19.906 16.693 17.551 15.758 17.025 20.279 21.608 20.169 20.132 18.358 20.326 18.837 21.002 19.796 21.811 22.071 21.140 17.765 14.708 12.038  9.623 12.275 12.356  8.771 10.036 13.109 11.587 10.164 13.810 15.398 13.887 11.966  8.666  5.633  3.843  0.000  3.841  5.579  8.001 11.034 14.406 17.729 21.008 19.826 17.584 13.912 13.260 12.099 10.120 13.223 15.720 17.508 18.681 22.124 21.204 20.507 23.532 21.970 24.785 25.288 24.933 22.741 20.792 17.214 15.675 12.320 11.310  9.221  8.548 10.174 11.042 12.978 14.947
 25.039 23.148 20.204 18.860 15.306 15.401 13.077 13.812 17.019 18.655 17.590 18.099 16.890 19.425 18.633 21.338 20.643 23.062 23.342 22.984 19.594 16.753 13.567 11.896 14.246 13.337  9.664 11.498 13.769 11.261 10.251 14.050 14.772 12.490 10.994  7.260  5.741  5.516  3.841  0.000  3.834  6.846 10.214 13.299 16.896 20.000 18.541 16.903 13.543 13.711 13.524 12.293 15.818 17.744 19.271 19.783 23.400 22.622 21.316 24.196 22.290 24.947 25.265 24.361 22.057 19.580 16.059 13.826 10.202  8.515  5.741  5.217  7.052  8.577 10.985 13.200
 21.667 19.714 16.615 15.320 11.812 12.212 10.501 12.055 15.489 16.464 15.251 15.214 14.009 16.330 15.552 18.296 17.558 19.997 20.121 20.145 16.869 14.208 10.709  9.880 12.084 10.445  7.152  9.970 11.653  9.040  9.327 13.036 13.257 11.426 11.021  7.423  6.984  5.357  5.579  3.834  0.000  3.818  6.592  9.905 13.351 16.627 15.574 14.047 10.799 10.725 11.250 10.324 14.042 15.307 16.429 16.479 20.165 19.612 18.042 20.730 18.648 21.240 21.579 20.662 18.281 15.867 12.312 10.326  6.830  6.093  4.947  6.370  9.186 11.033 13.326 15.285
 21.065 19.238 15.827 14.689 11.357 11.728 10.820 12.635 16.246 16.713 15.938 15.516 14.760 16.747 16.009 18.568 17.433 19.462 18.895 19.128 16.319 13.465  9.709 10.082 12.714 10.783  8.468 11.985 13.390 11.119 12.317 15.796 15.735 14.254 14.449 11.006 10.621  8.241  8.001  6.846  3.818  0.000  3.827  6.602 10.203 13.292 12.051 10.321  7.085  7.552  8.757  9.062 12.857 13.453 14.795 14.629 18.113 17.174 15.227 18.099 16.331 19.239 20.124 19.355 16.478 14.157 10.390  8.467  5.915  5.177  6.210  7.394 10.627 12.544 14.534 16.224
 17.862 16.032 12.492 11.577  8.664  9.634  9.983 12.613 16.070 15.686 14.738 13.549 12.837 14.277 13.559 15.966 14.785 16.721 15.930 16.709 14.216 11.857  8.093  9.807 11.801  9.158  8.175 11.996 12.538 10.628 12.892 15.830 15.330 14.506 15.530 12.622 12.838 10.222 11.034 10.214  6.592  3.827  0.000  3.822  6.859 10.343 10.019  8.551  5.958  5.710  8.237  9.010 12.435 12.005 12.591 11.653 15.144 14.605 12.276 14.774 12.726 15.530 16.469 15.739 12.747 10.647  6.850  5.848  4.790  6.286  8.739 10.775 13.960 15.862 17.751 19.268
 18.638 16.756 13.037 11.963  9.552  9.846 10.881 13.249 16.521 15.709 15.449 14.215 14.339 15.608 15.388 17.685 16.525 18.125 16.734 17.990 16.148 14.029 10.554 12.992 14.914 12.134 11.803 15.614 15.787 13.894 16.475 19.239 18.325 17.466 18.876 16.011 16.472 13.963 14.406 13.299  9.905  6.602  3.822  0.000  3.825  6.783  6.276  5.464  4.520  5.844  9.383 11.372 14.404 13.178 13.694 12.176 15.146 14.368 11.310 13.628 11.840 14.677 16.086 15.197 11.688  9.509  6.056  5.069  6.249  7.405 10.753 12.631 15.754 17.677 19.342 20.639
 16.874 15.229 11.653 11.110  9.875 10.620 12.753 15.419 18.307 16.774 16.494 14.612 14.890 15.380 15.203 17.014 15.753 16.903 15.052 16.860 15.719 14.234 11.374 14.560 15.945 13.063 13.788 17.434 17.075 15.703 18.746 21.033 19.915 19.599 21.430 18.934 19.562 16.901 17.729 16.896 13.351 10.203  6.859  3.825  0.000  3.848  5.531  5.504  6.493  6.936 10.733 12.992 15.315 13.180 12.988 10.702 13.098 12.636  9.099 10.716  8.954 11.642 13.456 12.784  9.029  7.636  5.266  6.338  8.974 10.864 14.352 16.404 19.482 21.341 22.900 24.064
 19.132 17.569 14.186 13.560 12.778 12.894 15.150 17.375 19.967 18.231 18.549 16.830 17.704 18.122 18.310 19.979 18.790 19.618 17.386 19.402 18.789 17.443 14.848 18.129 19.576 16.762 17.553 21.201 20.768 19.341 22.421 24.687 23.374 22.948 24.909 22.371 23.073 20.474 21.008 20.000 16.627 13.292 10.343  6.783  3.848  0.000  3.849  5.614  8.418  9.687 13.336 16.109 18.156 15.711 15.601 13.209 14.810 14.089 10.308 11.424 10.384 12.699 14.883 14.142 10.359  9.278  8.140  8.906 11.963 13.351 17.001 18.828 21.777 23.598 24.957 25.940
 22.206 20.472 16.877 15.797 14.183 13.646 15.041 16.657 19.452 18.325 19.065 18.022 19.062 20.126 20.380 22.418 21.221 22.265 20.140 21.722 20.742 18.800 15.793 18.606 20.631 17.966 17.982 21.780 21.831 19.974 22.652 25.357 24.169 23.196 24.801 21.880 22.386 19.932 19.826 18.541 15.574 12.051 10.019  6.276  5.531  3.849  0.000  3.821  6.970  9.625 13.049 16.086 18.537 16.657 17.325 15.538 17.421 16.119 12.540 14.419 13.603 16.229 18.326 17.413 13.612 11.840  9.903  9.208 11.548 11.828 15.346 16.642 19.453 21.241 22.481 23.412
 21.736 20.433 16.910 16.402 14.609 14.804 15.957 17.870 21.037 20.198 20.428 19.198 19.540 20.446 20.028 21.798 20.077 20.832 18.552 19.559 18.547 16.181 13.270 15.969 18.380 16.228 16.166 19.914 20.488 18.992 21.370 24.229 23.594 22.790 23.947 20.859 20.761 17.899 17.584 16.903 14.047 10.321  8.551  5.464  5.504  5.614  3.821  0.000  3.826  6.496  9.580 12.887 15.184 13.471 14.688 13.577 15.498 13.650 10.454 13.146 12.800 16.032 18.428 18.135 14.364 13.019 10.384 10.014 11.516 11.686 14.803 15.672 18.597 20.269 21.506 22.494
 21.164 19.902 16.393 15.964 13.672 14.231 14.835 16.866 20.311 19.893 19.681 18.552 18.331 19.430 18.611 20.465 18.613 19.579 17.679 18.167 16.601 13.778 10.570 12.746 15.514 13.680 13.104 16.800 17.850 16.389 18.365 21.425 21.201 20.344 21.069 17.850 17.359 14.356 13.912 13.543 10.799  7.085  5.958  4.520  6.493  8.418  6.970  3.826  0.000  3.826  6.568  9.591 12.358 11.384 13.057 12.606 15.115 13.246 10.665 13.870 13.236 16.681 18.766 18.593 15.039 13.533 10.185  9.507  9.796  9.753 12.325 12.984 16.011 17.667 19.056 20.222
 18.463 17.675 14.488 14.837 12.971 14.527 15.502 18.116 21.550 20.906 20.042 18.367 17.440 17.963 16.492 17.849 15.566 16.224 14.309 14.486 12.924 10.053  7.095  9.688 12.306 10.845 10.909 14.381 15.481 14.756 16.790 19.545 19.701 19.466 20.129 17.222 16.471 13.038 13.260 13.711 10.725  7.552  5.710  5.844  6.936  9.687  9.625  6.496  3.826  0.000  3.838  6.607  9.047  7.783  9.325  9.233 11.915 10.184  8.175 11.570 10.976 14.577 16.677 17.092 13.873 13.081  9.793 10.253 10.383 11.317 13.554 14.512 17.591 19.143 20.631 21.874
 20.048 19.736 16.913 17.647 15.747 17.563 18.139 20.659 24.191 23.873 22.764 21.160 19.755 20.192 18.183 19.179 16.483 16.764 14.931 14.105 12.472  8.961  6.692  8.235 11.480 11.244 10.989 13.902 15.805 15.599 16.925 19.741 20.611 20.506 20.519 17.581 16.013 12.286 12.099 13.524 11.250  8.757  8.237  9.383 10.733 13.336 13.049  9.580  6.568  3.838  0.000  3.838  5.927  5.846  8.707 10.146 12.525 10.280  9.633 13.293 13.275 16.927 19.053 19.916 17.006 16.490 13.183 13.576 12.953 13.468 14.862 15.153 18.012 19.259 20.613 21.834
 19.205 19.039 16.590 17.531 15.616 17.844 18.155 20.801 24.272 24.124 22.523 20.885 18.887 19.229 16.784 17.610 14.885 15.348 14.247 12.866 10.534  6.746  4.804  4.797  8.349  9.031  8.535 10.790 13.179 13.491 14.304 16.951 18.365 18.558 18.180 15.544 13.595  9.744 10.120 12.293 10.324  9.062  9.010 11.372 12.992 16.109 16.086 12.887  9.591  6.607  3.838  0.000  3.853  5.692  8.181 10.266 13.008 11.489 11.610 14.869 14.402 17.722 19.297 20.253 17.855 17.402 14.112 14.601 13.288 14.069 14.753 15.152 17.839 18.956 20.451 21.821
 19.377 19.952 18.029 19.646 18.302 20.906 21.558 24.380 27.790 27.433 25.661 23.691 21.449 21.221 18.350 18.407 15.171 14.727 13.324 11.102  9.517  5.916  6.328  6.387  9.023 10.726 11.152 12.593 14.921 16.057 16.792 18.937 20.685 21.392 20.952 18.666 16.519 12.713 13.223 15.818 14.042 12.857 12.435 14.404 15.315 18.156 18.537 15.184 12.358  9.047  5.927  3.853  0.000  3.812  6.769  9.995 11.826 10.082 11.447 14.504 14.764 17.997 19.820 21.439 19.334 19.571 16.662 17.740 16.792 17.820 18.557 18.881 21.454 22.396 23.745 24.999
 17.246 18.017 16.109 18.045 17.225 19.957 21.233 24.287 27.607 26.787 25.126 22.801 20.804 20.182 17.434 17.245 13.838 12.938 10.737  9.043  8.375  5.430  6.066  8.122  9.989 10.783 12.170 14.099 15.595 16.721 18.238 20.166 21.375 22.281 22.471 20.257 18.701 14.885 15.720 17.744 15.307 13.453 12.005 13.178 13.180 15.711 16.657 13.471 11.384  7.783  5.846  5.692  3.812  0.000  3.835  6.926  8.317  6.317  7.813 10.796 11.452 14.776 17.010 18.906 16.726 17.448 14.939 16.622 16.500 17.999 19.461 20.228 23.047 24.198 25.581 26.782
 13.652 14.810 13.398 15.906 15.819 18.980 20.761 24.125 27.190 25.961 24.021 21.272 19.096 17.857 14.936 14.199 10.625  9.297  6.921  5.554  5.396  4.113  5.936  8.708  9.087  9.505 12.004 13.649 14.276 15.868 17.875 19.197 20.136 21.571 22.240 20.520 19.498 15.892 17.508 19.271 16.429 14.795 12.591 13.694 12.988 15.601 17.325 14.688 13.057  9.325  8.707  8.181  6.769  3.835  0.000  3.825  5.290  5.161  6.931  8.736  8.945 11.765 13.749 16.015 14.366 15.709 13.845 16.258 16.572 18.789 20.511 21.884 24.779 26.061 27.591 28.847
 10.913 11.766 10.189 12.837 13.297 16.499 18.807 22.312 25.146 23.511 21.646 18.641 16.772 15.272 12.748 12.129  8.911  7.953  5.196  6.241  6.251  6.329  6.820 10.353 10.169  9.175 12.157 14.214 13.915 15.154 17.848 18.981 19.205 20.682 21.991 20.419 20.103 16.755 18.681 19.783 16.479 14.629 11.653 12.176 10.702 13.209 15.538 13.577 12.606  9.233 10.146 10.266  9.995  6.926  3.825  0.000  3.855  5.486  5.465  6.196  5.319  8.085 10.124 12.328 10.662 12.366 11.084 14.053 15.075 17.781 20.005 21.896 24.905 26.389 28.012 29.277
 11.888 13.592 12.694 15.688 16.656 19.792 22.341 25.836 28.594 26.752 24.986 21.824 20.085 18.201 15.702 14.431 11.114  8.920  5.149  6.039  8.112  8.871 10.262 13.556 13.279 12.797 15.875 17.670 17.353 18.869 21.517 22.438 22.725 24.395 25.725 24.221 23.785 20.354 22.124 23.400 20.165 18.113 15.144 15.146 13.098 14.810 17.421 15.498 15.115 11.915 12.525 13.008 11.826  8.317  5.290  3.855  0.000  3.857  5.414  4.659  5.912  8.035 10.747 13.716 12.406 14.823 14.125 17.283 18.662 21.295 23.655 25.412 28.427 29.852 31.364 32.532
 15.483 16.783 15.269 17.746 18.027 20.804 23.014 26.281 29.311 27.769 26.315 23.484 21.947 20.611 18.210 17.445 14.070 12.228  8.680  8.436  9.953  9.232 10.161 13.355 14.121 13.921 16.327 18.473 18.857 20.019 22.379 23.850 24.355 25.581 26.564 24.584 23.733 20.063 21.204 22.622 19.612 17.174 14.605 14.368 12.636 14.089 16.119 13.650 13.246 10.184 10.280 11.489 10.082  6.317  5.161  5.486  3.857  0.000  3.836  5.457  7.805 10.840 13.938 16.487 14.457 16.277 14.912 17.530 18.724 20.787 23.103 24.372 27.374 28.715 30.075 31.164
 15.148 15.664 13.518 15.448 15.592 17.979 20.335 23.495 26.461 24.808 23.686 20.976 19.944 18.926 17.110 16.990 14.121 13.103  9.751 10.677 11.397 10.436 10.014 13.660 14.660 13.489 15.651 18.388 18.473 18.964 21.676 23.387 23.368 24.232 25.543 23.384 22.959 19.444 20.507 21.316 18.042 15.227 12.276 11.310  9.099 10.308 12.540 10.454 10.665  8.175  9.633 11.610 11.447  7.813  6.931  5.465  5.414  3.836  0.000  3.854  5.607  9.208 12.504 14.403 11.764 13.244 11.901 14.465 16.138 18.214 20.932 22.410 25.489 26.990 28.385 29.467
 13.250 14.168 12.657 15.056 16.116 18.669 21.532 24.846 27.484 25.389 24.167 21.096 20.145 18.525 16.861 16.228 13.585 12.143  8.593 10.525 12.037 12.274 12.394 16.120 16.318 14.921 17.668 20.138 19.568 20.316 23.353 24.571 24.248 25.488 27.204 25.431 25.388 22.049 23.532 24.196 20.730 18.099 14.774 13.628 10.716 11.424 14.419 13.146 13.870 11.570 13.293 14.869 14.504 10.796  8.736  6.196  4.659  5.457  3.854  0.000  3.842  6.370 10.025 12.452 10.428 12.881 12.648 15.821 17.998 20.537 23.445 25.303 28.395 29.958 31.407 32.484
 10.460 10.710  8.897 11.265 12.569 15.277 18.314 21.750 24.216 21.994 20.590 17.401 16.441 14.768 13.342 13.040 10.890 10.337  7.580 10.361 10.946 11.486 11.043 14.798 14.565 12.485 15.350 17.852 16.775 17.317 20.618 21.662 20.979 22.255 24.270 22.731 23.135 20.099 21.970 22.290 18.648 16.331 12.726 11.840  8.954 10.384 13.603 12.800 13.236 10.976 13.275 14.402 14.764 11.452  8.945  5.319  5.912  7.805  5.607  3.842  0.000  3.830  6.983  8.961  6.868  9.418  9.495 13.002 15.276 18.227 21.157 23.434 26.513 28.179 29.779 30.952
  8.377  8.875  8.137 10.902 13.260 16.013 19.417 22.902 24.925 22.302 20.750 17.257 16.385 14.057 12.967 12.153 10.690 10.071  7.971 11.527 12.458 13.948 13.876 17.426 16.479 14.250 17.445 19.559 17.813 18.552 22.058 22.535 21.499 23.136 25.539 24.473 25.285 22.546 24.785 24.947 21.240 19.239 15.530 14.677 11.642 12.699 16.229 16.032 16.681 14.577 16.927 17.722 17.997 14.776 11.765  8.085  8.035 10.840  9.208  6.370  3.830  0.000  3.836  6.576  6.007  9.585 10.992 14.755 17.281 20.565 23.520 26.128 29.146 30.847 32.497 33.671
  5.655  5.646  6.043  9.056 12.184 15.079 18.572 22.101 23.729 20.927 19.018 15.319 14.281 11.417 10.638  9.629  9.237  9.410  8.803 12.586 12.980 15.023 14.940 18.101 16.494 14.008 17.306 18.996 16.602 17.425 21.032 20.966 19.589 21.534 24.243 23.700 24.942 22.630 25.288 25.265 21.579 20.124 16.469 16.086 13.456 14.883 18.326 18.428 18.766 16.677 19.053 19.297 19.820 17.010 13.749 10.124 10.747 13.938 12.504 10.025  6.983  3.836  0.000  3.843  5.582  9.151 11.256 15.005 17.356 20.948 23.700 26.646 29.543 31.267 33.021 34.257
  7.637  5.467  4.878  6.430  9.933 12.296 15.948 19.308 20.584 17.568 15.815 12.153 11.765  9.222  9.718  9.919 10.662 12.006 11.923 15.554 15.200 16.800 15.934 18.936 17.468 14.372 17.162 19.069 16.371 16.455 20.234 20.228 18.230 19.809 22.882 22.415 24.171 22.276 24.933 24.361 20.662 19.355 15.739 15.197 12.784 14.142 17.413 18.135 18.593 17.092 19.916 20.253 21.439 18.906 16.015 12.328 13.716 16.487 14.403 12.452  8.961  6.576  3.843  0.000  3.844  6.640  9.602 13.041 15.612 19.254 22.084 25.288 28.080 29.888 31.677 32.915
  9.929  7.892  5.349  6.055  8.431 10.528 14.176 17.509 19.246 16.454 15.159 11.818 11.794 10.261 10.613 11.539 11.473 12.780 11.885 15.227 14.684 15.454 13.992 17.275 16.560 13.294 15.696 18.243 16.120 15.712 19.488 20.203 18.363 19.373 22.218 21.133 22.659 20.502 22.741 22.057 18.281 16.478 12.747 11.688  9.029 10.359 13.612 14.364 15.039 13.873 17.006 17.855 19.334 16.726 14.366 10.662 12.406 14.457 11.764 10.428  6.868  6.007  5.582  3.844  0.000  3.828  6.494 10.072 13.017 16.446 19.568 22.579 25.485 27.336 29.073 30.290
 12.574  9.786  6.414  4.748  5.760  6.976 10.644 13.843 15.629 12.946 11.962  9.036  9.730  9.453 10.583 12.661 13.002 15.041 14.463 17.395 16.127 16.217 13.940 16.882 16.595 12.953 14.506 17.382 15.397 14.104 17.839 18.959 16.800 17.137 20.052 18.746 20.572 18.758 20.792 19.580 15.867 14.157 10.647  9.509  7.636  9.278 11.840 13.019 13.533 13.081 16.490 17.402 19.571 17.448 15.709 12.366 14.823 16.277 13.244 12.881  9.418  9.585  9.151  6.640  3.828  0.000  3.821  6.734  9.900 13.247 16.450 19.601 22.425 24.355 26.126 27.373
 13.885 11.396  7.606  6.106  4.752  6.167  9.044 12.358 14.892 12.971 11.965  9.605  9.737 10.296 10.679 13.087 12.806 14.932 14.222 16.488 14.721 14.001 11.144 13.921 14.272 10.680 11.616 14.908 13.611 12.002 15.493 17.246 15.545 15.474 17.898 16.060 17.502 15.459 17.214 16.059 12.312 10.390  6.850  6.056  5.266  8.140  9.903 10.384 10.185  9.793 13.183 14.112 16.662 14.939 13.845 11.084 14.125 14.912 11.901 12.648  9.495 10.992 11.256  9.602  6.494  3.821  0.000  3.830  6.691  9.996 13.207 16.169 19.122 21.070 22.889 24.222
 17.345 14.614 10.860  8.502  5.630  4.857  6.452  9.260 12.162 10.886 10.521  9.359 10.150 11.972 12.803 15.771 15.720 18.135 17.586 19.462 17.292 15.964 12.564 14.683 15.618 12.100 11.809 15.296 14.451 11.947 14.988 17.282 15.469 14.468 16.677 14.417 16.038 14.440 15.675 13.826 10.326  8.467  5.848  5.069  6.338  8.906  9.208 10.014  9.507 10.253 13.576 14.601 17.740 16.622 16.258 14.053 17.283 17.530 14.465 15.821 13.002 14.755 15.005 13.041 10.072  6.734  3.830  0.000  3.821  6.612 10.064 13.088 15.962 18.018 19.871 21.247
 18.683 16.021 12.454 10.192  6.516  5.911  5.308  7.932 11.336 11.120 10.336  9.905  9.956 12.435 12.884 16.097 16.039 18.737 18.621 19.916 17.176 15.427 11.789 12.958 14.161 10.929  9.515 12.919 12.620  9.609 12.050 14.810 13.342 11.797 13.480 10.872 12.434 11.162 12.320 10.202  6.830  5.915  4.790  6.249  8.974 11.963 11.548 11.516  9.796 10.383 12.953 13.288 16.792 16.500 16.572 15.075 18.662 18.724 16.138 17.998 15.276 17.281 17.356 15.612 13.017  9.900  6.691  3.821  0.000  3.823  6.610  9.876 12.755 14.862 16.935 18.536
 22.373 19.799 16.221 13.939 10.254  8.931  7.090  8.013 11.594 12.367 12.352 12.868 13.243 16.043 16.491 19.702 19.474 22.041 21.743 22.683 19.887 17.607 13.818 14.461 16.353 13.633 11.432 14.748 15.192 11.979 13.506 16.748 15.605 13.347 14.284 11.099 12.226 11.305 11.310  8.515  6.093  5.177  6.286  7.405 10.864 13.351 11.828 11.686  9.753 11.317 13.468 14.069 17.820 17.999 18.789 17.781 21.295 20.787 18.214 20.537 18.227 20.565 20.948 19.254 16.446 13.247  9.996  6.612  3.823  0.000  3.821  6.628  9.572 11.851 13.952 15.638
 24.425 21.905 18.574 16.360 12.565 11.418  8.685  8.818 12.156 13.811 13.527 14.584 14.513 17.584 17.837 21.091 20.956 23.682 23.763 24.288 21.145 18.694 15.028 14.694 16.657 14.463 11.462 14.164 15.127 11.757 12.203 15.690 14.968 12.180 12.245  8.800  9.710  9.690  9.221  5.741  4.947  6.210  8.739 10.753 14.352 17.001 15.346 14.803 12.325 13.554 14.862 14.753 18.557 19.461 20.511 20.005 23.655 23.103 20.932 23.445 21.157 23.520 23.700 22.084 19.568 16.450 13.207 10.064  6.610  3.821  0.000  3.823  6.504  8.911 11.379 13.407
 27.374 25.098 21.755 19.793 16.038 15.007 12.346 12.070 15.225 17.180 17.139 18.285 18.133 21.094 21.052 24.111 23.622 26.084 25.948 26.064 22.962 20.087 16.515 15.777 18.292 16.698 13.432 15.931 17.585 14.526 14.307 17.994 17.837 15.011 14.285 10.644 10.432 10.410  8.548  5.217  6.370  7.394 10.775 12.631 16.404 18.828 16.642 15.672 12.984 14.512 15.153 15.152 18.881 20.228 21.884 21.896 25.412 24.372 22.410 25.303 23.434 26.128 26.646 25.288 22.579 19.601 16.169 13.088  9.876  6.628  3.823  0.000  3.832  6.371  8.895 11.118
 30.091 27.748 24.509 22.418 18.661 17.414 14.423 13.540 16.224 18.639 18.743 20.321 20.240 23.378 23.458 26.577 26.255 28.812 28.841 28.860 25.666 22.805 19.360 18.288 20.705 19.316 15.893 17.933 19.663 16.568 15.812 19.366 19.286 16.167 15.009 11.678 11.462 12.281 10.174  7.052  9.186 10.627 13.960 15.754 19.482 21.777 19.453 18.597 16.011 17.591 18.012 17.839 21.454 23.047 24.779 24.905 28.427 27.374 25.489 28.395 26.513 29.146 29.543 28.080 25.485 22.425 19.122 15.962 12.755  9.572  6.504  3.832  0.000  3.833  6.635  9.115
 31.671 29.417 26.269 24.269 20.571 19.407 16.418 15.448 17.960 20.473 20.548 22.170 21.996 25.086 25.068 28.095 27.721 30.209 30.272 30.118 26.921 24.009 20.730 19.424 21.865 20.757 17.309 19.063 20.970 18.054 16.995 20.450 20.592 17.513 16.056 12.948 12.409 13.390 11.042  8.577 11.033 12.544 15.862 17.677 21.341 23.598 21.241 20.269 17.667 19.143 19.259 18.956 22.396 24.198 26.061 26.389 29.852 28.715 26.990 29.958 28.179 30.847 31.267 29.888 27.336 24.355 21.070 18.018 14.862 11.851  8.911  6.371  3.833  0.000  3.845  6.768
 33.526 31.324 28.171 26.200 22.572 21.342 18.435 17.306 19.621 22.176 22.439 24.121 24.059 27.107 27.098 30.064 29.622 32.004 31.961 31.739 28.636 25.660 22.468 21.180 23.713 22.727 19.375 21.090 23.058 20.259 19.198 22.567 22.751 19.736 18.278 15.336 14.653 15.486 12.978 10.985 13.326 14.534 17.751 19.342 22.900 24.957 22.481 21.506 19.056 20.631 20.613 20.451 23.745 25.581 27.591 28.012 31.364 30.075 28.385 31.407 29.779 32.497 33.021 31.677 29.073 26.126 22.889 19.871 16.935 13.952 11.379  8.895  6.635  3.845  0.000  3.811
