  1.000  0.755  0.497  0.206 -0.234 -0.357 -0.341 -0.198 -0.153 -0.189 -0.260 -0.185 -0.123  0.190  0.261  0.618  0.632  0.625  0.463  0.331  0.252 -0.060 -0.290 -0.355 -0.221 -0.314 -0.477 -0.430 -0.376 -0.449 -0.459 -0.392 -0.338 -0.349 -0.405 -0.413 -0.411 -0.433 -0.366 -0.405 -0.445 -0.390 -0.441 -0.394 -0.260 -0.172 -0.274 -0.307 -0.406 -0.383 -0.394 -0.386 -0.278 -0.171  0.036  0.169  0.263  0.091  0.037  0.214  0.265  0.438  0.621  0.537  0.295  0.020 -0.220 -0.409 -0.483 -0.394 -0.308 -0.153  0.163  0.378  0.428  0.427
  0.755  1.000  0.642  0.361 -0.078 -0.202 -0.268 -0.207 -0.195 -0.211 -0.179 -0.046  0.050  0.374  0.460  0.635  0.467  0.431  0.273  0.138  0.052 -0.231 -0.378 -0.409 -0.297 -0.319 -0.434 -0.401 -0.321 -0.367 -0.388 -0.321 -0.268 -0.279 -0.338 -0.360 -0.360 -0.386 -0.331 -0.359 -0.402 -0.343 -0.404 -0.388 -0.273 -0.192 -0.283 -0.330 -0.417 -0.405 -0.451 -0.452 -0.394 -0.331 -0.153  0.004  0.076 -0.098 -0.102  0.081  0.175  0.354  0.536  0.576  0.322  0.078 -0.168 -0.341 -0.406 -0.327 -0.239 -0.101  0.156  0.395  0.453  0.437
  0.497  0.642  1.000  0.667  0.233  0.045 -0.141 -0.210 -0.184 -0.071 -0.035  0.109  0.178  0.445  0.479  0.433  0.325  0.220  0.114 -0.009 -0.057 -0.244 -0.298 -0.315 -0.297 -0.275 -0.300 -0.318 -0.263 -0.249 -0.277 -0.252 -0.196 -0.192 -0.245 -0.256 -0.265 -0.276 -0.228 -0.222 -0.233 -0.185 -0.217 -0.173 -0.102 -0.060 -0.119 -0.145 -0.208 -0.222 -0.271 -0.305 -0.283 -0.243 -0.152 -0.042  0.029 -0.049 -0.015  0.083  0.125  0.240  0.416  0.526  0.395  0.352  0.172 -0.096 -0.199 -0.159 -0.111 -0.035  0.005  0.148  0.206  0.213
  0.206  0.361  0.667  1.000  0.618  0.404  0.114 -0.111 -0.081  0.099  0.234  0.409  0.431  0.553  0.409  0.253  0.098 -0.036 -0.131 -0.246 -0.260 -0.364 -0.307 -0.289 -0.321 -0.236 -0.182 -0.227 -0.167 -0.096 -0.131 -0.131 -0.075 -0.051 -0.099 -0.121 -0.138 -0.151 -0.122 -0.104 -0.089 -0.037 -0.042 -0.025 -0.025 -0.021 -0.057 -0.071 -0.103 -0.149 -0.222 -0.269 -0.321 -0.335 -0.316 -0.226 -0.193 -0.228 -0.147 -0.095 -0.052  0.020  0.183  0.399  0.362  0.555  0.414  0.143  0.030  0.009 -0.012  0.006 -0.082  0.034  0.071  0.071
 -0.234 -0.078  0.233  0.618  1.000  0.778  0.434  0.080  0.036  0.226  0.421  0.530  0.572  0.360  0.248 -0.052 -0.170 -0.313 -0.356 -0.385 -0.317 -0.225 -0.048  0.019 -0.089  0.017  0.170  0.105  0.102  0.210  0.186  0.128  0.140  0.164  0.168  0.155  0.140  0.138  0.121  0.188  0.242  0.261  0.295  0.273  0.159  0.091  0.128  0.138  0.189  0.122  0.075  0.042 -0.067 -0.157 -0.277 -0.310 -0.355 -0.285 -0.206 -0.279 -0.266 -0.290 -0.247 -0.061  0.047  0.404  0.580  0.476  0.449  0.327  0.213  0.104 -0.251 -0.302 -0.296 -0.283
 -0.357 -0.202  0.045  0.404  0.778  1.000  0.617  0.225  0.122  0.231  0.435  0.513  0.462  0.217  0.097 -0.167 -0.277 -0.410 -0.420 -0.438 -0.354 -0.205  0.001  0.063 -0.059  0.047  0.210  0.134  0.114  0.231  0.217  0.143  0.149  0.188  0.202  0.206  0.197  0.201  0.197  0.266  0.332  0.337  0.370  0.345  0.200  0.110  0.172  0.178  0.248  0.171  0.130  0.093 -0.027 -0.126 -0.275 -0.317 -0.387 -0.292 -0.202 -0.297 -0.294 -0.345 -0.338 -0.167 -0.027  0.349  0.523  0.575  0.551  0.415  0.287  0.132 -0.257 -0.339 -0.350 -0.346
 -0.341 -0.268 -0.141  0.114  0.434  0.617  1.000  0.652  0.419  0.213  0.345  0.301  0.283  0.066 -0.033 -0.187 -0.257 -0.330 -0.331 -0.314 -0.245 -0.120  0.038  0.102 -0.000  0.064  0.208  0.160  0.107  0.184  0.205  0.139  0.105  0.128  0.166  0.167  0.190  0.235  0.256  0.226  0.296  0.302  0.354  0.315  0.166  0.088  0.162  0.151  0.218  0.140  0.108  0.092  0.014 -0.066 -0.188 -0.245 -0.295 -0.215 -0.161 -0.244 -0.260 -0.319 -0.337 -0.263 -0.167  0.074  0.266  0.498  0.473  0.290  0.142  0.013 -0.232 -0.329 -0.361 -0.354
 -0.198 -0.207 -0.210 -0.111  0.080  0.225  0.652  1.000  0.659  0.094  0.095  0.023  0.003 -0.111 -0.146 -0.137 -0.151 -0.148 -0.163 -0.115 -0.079 -0.034 -0.003  0.043  0.005 -0.016  0.052  0.065  0.003  0.005  0.058  0.034 -0.020 -0.025  0.026  0.025  0.083  0.111  0.134  0.069  0.078  0.076  0.130  0.127  0.039  0.027  0.081  0.051  0.086  0.014  0.016  0.023  0.010 -0.024 -0.071 -0.113 -0.126 -0.095 -0.089 -0.118 -0.129 -0.180 -0.216 -0.241 -0.200 -0.176  0.018  0.262  0.216  0.041 -0.016 -0.115 -0.118 -0.179 -0.180 -0.165
 -0.153 -0.195 -0.184 -0.081  0.036  0.122  0.419  0.659  1.000  0.374  0.287  0.171  0.058 -0.027 -0.122 -0.097 -0.081 -0.091 -0.116 -0.085 -0.059 -0.054 -0.034  0.000 -0.027 -0.041 -0.000  0.012 -0.026 -0.054 -0.012 -0.008 -0.061 -0.076 -0.034 -0.044  0.016  0.058  0.073 -0.039 -0.030  0.003  0.056  0.045 -0.009  0.001  0.026  0.027  0.052 -0.011 -0.019 -0.017 -0.019 -0.043 -0.076 -0.104 -0.105 -0.084 -0.078 -0.097 -0.115 -0.144 -0.162 -0.197 -0.190 -0.144 -0.029  0.112  0.065 -0.046 -0.108 -0.160 -0.137 -0.138 -0.126 -0.122
 -0.189 -0.211 -0.071  0.099  0.226  0.231  0.213  0.094  0.374  1.000  0.642  0.371  0.182  0.060 -0.028 -0.107 -0.139 -0.203 -0.230 -0.231 -0.170 -0.108 -0.010  0.025 -0.037  0.002  0.102  0.068  0.039  0.094  0.107  0.080  0.082  0.119  0.125  0.103  0.116  0.122  0.116  0.097  0.097  0.134  0.154  0.114  0.028  0.014  0.044  0.066  0.109  0.088  0.075  0.051 -0.023 -0.074 -0.151 -0.193 -0.206 -0.150 -0.118 -0.174 -0.202 -0.211 -0.188 -0.151 -0.162  0.067  0.117  0.105  0.113  0.115  0.076  0.039 -0.213 -0.259 -0.215 -0.203
 -0.260 -0.179 -0.035  0.234  0.421  0.435  0.345  0.095  0.287  0.642  1.000  0.727  0.553  0.332  0.137 -0.063 -0.176 -0.312 -0.365 -0.387 -0.305 -0.230 -0.057  0.015 -0.059  0.036  0.179  0.145  0.149  0.232  0.231  0.200  0.211  0.250  0.250  0.198  0.183  0.174  0.146  0.137  0.160  0.162  0.175  0.095 -0.017 -0.028  0.005  0.029  0.079  0.032  0.002  0.008 -0.117 -0.225 -0.320 -0.354 -0.397 -0.351 -0.296 -0.352 -0.356 -0.349 -0.313 -0.193 -0.187  0.087  0.132  0.176  0.217  0.180  0.108  0.069 -0.189 -0.228 -0.224 -0.223
 -0.185 -0.046  0.109  0.409  0.530  0.513  0.301  0.023  0.171  0.371  0.727  1.000  0.749  0.535  0.256  0.026 -0.122 -0.283 -0.345 -0.403 -0.340 -0.300 -0.124 -0.067 -0.131 -0.011  0.098  0.047  0.083  0.156  0.130  0.116  0.136  0.158  0.143  0.093  0.086  0.086  0.066  0.057  0.080  0.128  0.149  0.081  0.006 -0.018 -0.003  0.010  0.045 -0.010 -0.074 -0.083 -0.212 -0.304 -0.370 -0.351 -0.399 -0.383 -0.300 -0.322 -0.288 -0.263 -0.205 -0.053 -0.040  0.174  0.175  0.202  0.201  0.150  0.062  0.057 -0.136 -0.125 -0.133 -0.141
 -0.123  0.050  0.178  0.431  0.572  0.462  0.283  0.003  0.058  0.182  0.553  0.749  1.000  0.737  0.478  0.162 -0.023 -0.218 -0.320 -0.371 -0.290 -0.271 -0.115 -0.023 -0.066  0.037  0.138  0.118  0.148  0.198  0.171  0.163  0.172  0.176  0.172  0.108  0.096  0.088  0.061  0.070  0.085  0.089  0.087  0.006 -0.069 -0.058 -0.044 -0.043 -0.015 -0.070 -0.115 -0.083 -0.201 -0.318 -0.378 -0.380 -0.432 -0.433 -0.378 -0.394 -0.353 -0.310 -0.236 -0.076 -0.101  0.098  0.119  0.144  0.180  0.131  0.056  0.051 -0.115 -0.102 -0.095 -0.098
  0.190  0.374  0.445  0.553  0.360  0.217  0.066 -0.111 -0.027  0.060  0.332  0.535  0.737  1.000  0.723  0.451  0.224  0.013 -0.134 -0.235 -0.200 -0.313 -0.247 -0.182 -0.175 -0.099 -0.067 -0.077 -0.021 -0.007 -0.042 -0.026  0.007  0.009 -0.026 -0.081 -0.088 -0.098 -0.093 -0.111 -0.125 -0.104 -0.134 -0.201 -0.198 -0.144 -0.177 -0.192 -0.209 -0.244 -0.297 -0.259 -0.333 -0.405 -0.372 -0.311 -0.316 -0.396 -0.360 -0.295 -0.227 -0.111  0.040  0.198  0.064  0.137 -0.006 -0.084 -0.079 -0.072 -0.081 -0.009 -0.014  0.106  0.148  0.138
  0.261  0.460  0.479  0.409  0.248  0.097 -0.033 -0.146 -0.122 -0.028  0.137  0.256  0.478  0.723  1.000  0.657  0.380  0.142 -0.043 -0.113 -0.061 -0.183 -0.167 -0.093 -0.077 -0.032 -0.023 -0.027 -0.000 -0.003 -0.037 -0.030 -0.008 -0.020 -0.043 -0.081 -0.084 -0.093 -0.084 -0.082 -0.098 -0.112 -0.163 -0.233 -0.236 -0.154 -0.180 -0.209 -0.223 -0.242 -0.260 -0.190 -0.220 -0.296 -0.260 -0.240 -0.246 -0.328 -0.335 -0.280 -0.217 -0.101  0.065  0.168 -0.002  0.030 -0.057 -0.144 -0.113 -0.085 -0.053  0.005 -0.014  0.084  0.147  0.144
  0.618  0.635  0.433  0.253 -0.052 -0.167 -0.187 -0.137 -0.097 -0.107 -0.063  0.026  0.162  0.451  0.657  1.000  0.689  0.473  0.263  0.178  0.186 -0.071 -0.211 -0.202 -0.115 -0.178 -0.253 -0.221 -0.204 -0.260 -0.276 -0.236 -0.204 -0.218 -0.254 -0.280 -0.273 -0.282 -0.244 -0.283 -0.309 -0.298 -0.349 -0.383 -0.327 -0.221 -0.287 -0.316 -0.358 -0.350 -0.352 -0.286 -0.246 -0.233 -0.083 -0.020  0.021 -0.133 -0.202 -0.083 -0.016  0.139  0.350  0.333  0.055 -0.076 -0.234 -0.346 -0.347 -0.292 -0.236 -0.111  0.114  0.269  0.318  0.313
  0.632  0.467  0.325  0.098 -0.170 -0.277 -0.257 -0.151 -0.081 -0.139 -0.176 -0.122 -0.023  0.224  0.380  0.689  1.000  0.787  0.523  0.434  0.481  0.183 -0.043 -0.074  0.016 -0.126 -0.249 -0.215 -0.228 -0.312 -0.329 -0.297 -0.271 -0.293 -0.322 -0.323 -0.317 -0.318 -0.270 -0.294 -0.301 -0.302 -0.340 -0.324 -0.241 -0.153 -0.217 -0.228 -0.280 -0.255 -0.215 -0.145 -0.039  0.028  0.204  0.241  0.258  0.118  0.002  0.093  0.131  0.227  0.368  0.254  0.081 -0.098 -0.235 -0.356 -0.369 -0.308 -0.260 -0.146  0.044  0.173  0.219  0.234
  0.625  0.431  0.220 -0.036 -0.313 -0.410 -0.330 -0.148 -0.091 -0.203 -0.312 -0.283 -0.218  0.013  0.142  0.473  0.787  1.000  0.771  0.666  0.620  0.286 -0.029 -0.107  0.035 -0.165 -0.361 -0.297 -0.303 -0.415 -0.424 -0.373 -0.341 -0.368 -0.406 -0.392 -0.394 -0.397 -0.331 -0.358 -0.369 -0.356 -0.393 -0.339 -0.217 -0.138 -0.214 -0.233 -0.299 -0.258 -0.208 -0.157  0.014  0.147  0.376  0.438  0.494  0.338  0.199  0.311  0.307  0.351  0.431  0.273  0.139 -0.129 -0.270 -0.409 -0.443 -0.371 -0.312 -0.182  0.073  0.219  0.258  0.279
  0.463  0.273  0.114 -0.131 -0.356 -0.420 -0.331 -0.163 -0.116 -0.230 -0.365 -0.345 -0.320 -0.134 -0.043  0.263  0.523  0.771  1.000  0.793  0.614  0.342  0.043 -0.078  0.024 -0.169 -0.356 -0.314 -0.330 -0.427 -0.434 -0.391 -0.356 -0.376 -0.415 -0.384 -0.390 -0.376 -0.294 -0.313 -0.308 -0.283 -0.304 -0.225 -0.087 -0.057 -0.117 -0.130 -0.183 -0.127 -0.076 -0.071  0.120  0.304  0.538  0.642  0.695  0.552  0.418  0.506  0.465  0.420  0.398  0.238  0.215 -0.065 -0.201 -0.331 -0.382 -0.306 -0.260 -0.153  0.030  0.142  0.159  0.187
  0.331  0.138 -0.009 -0.246 -0.385 -0.438 -0.314 -0.115 -0.085 -0.231 -0.387 -0.403 -0.371 -0.235 -0.113  0.178  0.434  0.666  0.793  1.000  0.811  0.544  0.216  0.101  0.200 -0.043 -0.231 -0.173 -0.232 -0.352 -0.353 -0.326 -0.312 -0.341 -0.360 -0.325 -0.327 -0.307 -0.241 -0.255 -0.240 -0.255 -0.261 -0.188 -0.078 -0.054 -0.097 -0.088 -0.114 -0.045  0.041  0.082  0.286  0.461  0.672  0.658  0.706  0.604  0.433  0.477  0.409  0.320  0.273  0.090  0.090 -0.167 -0.216 -0.315 -0.332 -0.275 -0.236 -0.156  0.010  0.062  0.065  0.099
  0.252  0.052 -0.057 -0.260 -0.317 -0.354 -0.245 -0.079 -0.059 -0.170 -0.305 -0.340 -0.290 -0.200 -0.061  0.186  0.481  0.620  0.614  0.811  1.000  0.764  0.427  0.320  0.417  0.147 -0.036  0.015 -0.089 -0.216 -0.225 -0.229 -0.232 -0.257 -0.259 -0.221 -0.225 -0.201 -0.159 -0.155 -0.124 -0.184 -0.172 -0.128 -0.071 -0.060 -0.076 -0.041 -0.029  0.051  0.168  0.264  0.429  0.550  0.691  0.581  0.541  0.479  0.291  0.279  0.236  0.161  0.135 -0.035 -0.046 -0.220 -0.202 -0.252 -0.227 -0.188 -0.176 -0.130 -0.054 -0.068 -0.074 -0.035
 -0.060 -0.231 -0.244 -0.364 -0.225 -0.205 -0.120 -0.034 -0.054 -0.108 -0.230 -0.300 -0.271 -0.313 -0.183 -0.071  0.183  0.286  0.342  0.544  0.764  1.000  0.768  0.648  0.685  0.462  0.279  0.275  0.129  0.018 -0.012 -0.064 -0.088 -0.103 -0.081 -0.025 -0.031  0.019  0.025  0.057  0.124  0.022  0.095  0.130  0.128  0.068  0.107  0.180  0.252  0.363  0.509  0.624  0.716  0.772  0.732  0.526  0.411  0.477  0.314  0.194  0.136 -0.003 -0.107 -0.253 -0.155 -0.203 -0.067 -0.028  0.028  0.031 -0.014 -0.052 -0.177 -0.328 -0.373 -0.326
 -0.290 -0.378 -0.298 -0.307 -0.048  0.001  0.038 -0.003 -0.034 -0.010 -0.057 -0.124 -0.115 -0.247 -0.167 -0.211 -0.043 -0.029  0.043  0.216  0.427  0.768  1.000  0.838  0.687  0.618  0.582  0.473  0.270  0.222  0.193  0.090  0.039  0.041  0.084  0.140  0.163  0.258  0.221  0.226  0.326  0.218  0.343  0.341  0.292  0.182  0.263  0.361  0.478  0.582  0.682  0.785  0.704  0.665  0.509  0.315  0.140  0.276  0.215  0.022 -0.020 -0.164 -0.290 -0.365 -0.209 -0.111  0.077  0.190  0.251  0.213  0.124  0.019 -0.285 -0.506 -0.565 -0.517
 -0.355 -0.409 -0.315 -0.289  0.019  0.063  0.102  0.043  0.000  0.025  0.015 -0.067 -0.023 -0.182 -0.093 -0.202 -0.074 -0.107 -0.078  0.101  0.320  0.648  0.838  1.000  0.815  0.633  0.718  0.674  0.435  0.383  0.373  0.276  0.214  0.197  0.245  0.259  0.235  0.311  0.228  0.253  0.377  0.169  0.297  0.296  0.221  0.160  0.245  0.329  0.435  0.505  0.631  0.796  0.713  0.562  0.377  0.138 -0.034  0.116  0.049 -0.162 -0.187 -0.296 -0.397 -0.451 -0.320 -0.167  0.062  0.199  0.290  0.207  0.132  0.006 -0.293 -0.530 -0.572 -0.528
 -0.221 -0.297 -0.297 -0.321 -0.089 -0.059 -0.000  0.005 -0.027 -0.037 -0.059 -0.131 -0.066 -0.175 -0.077 -0.115  0.016  0.035  0.024  0.200  0.417  0.685  0.687  0.815  1.000  0.747  0.581  0.651  0.503  0.338  0.305  0.256  0.186  0.142  0.183  0.187  0.163  0.203  0.136  0.167  0.252  0.074  0.138  0.108  0.032  0.001  0.054  0.127  0.220  0.300  0.436  0.603  0.588  0.477  0.369  0.154  0.024  0.108 -0.004 -0.145 -0.171 -0.251 -0.321 -0.392 -0.332 -0.259 -0.084  0.024  0.134  0.097  0.046 -0.017 -0.172 -0.353 -0.397 -0.368
 -0.314 -0.319 -0.275 -0.236  0.017  0.047  0.064 -0.016 -0.041  0.002  0.036 -0.011  0.037 -0.099 -0.032 -0.178 -0.126 -0.165 -0.169 -0.043  0.147  0.462  0.618  0.633  0.747  1.000  0.740  0.637  0.610  0.509  0.398  0.333  0.257  0.203  0.238  0.242  0.266  0.337  0.246  0.233  0.295  0.207  0.271  0.193  0.096  0.042  0.105  0.155  0.249  0.295  0.354  0.484  0.404  0.282  0.128 -0.026 -0.149 -0.055 -0.092 -0.217 -0.238 -0.307 -0.375 -0.377 -0.299 -0.159 -0.010  0.119  0.211  0.166  0.098  0.036 -0.194 -0.356 -0.398 -0.377
 -0.477 -0.434 -0.300 -0.182  0.170  0.210  0.208  0.052 -0.000  0.102  0.179  0.098  0.138 -0.067 -0.023 -0.253 -0.249 -0.361 -0.356 -0.231 -0.036  0.279  0.582  0.718  0.581  0.740  1.000  0.844  0.640  0.690  0.672  0.518  0.423  0.427  0.494  0.497  0.503  0.584  0.455  0.415  0.513  0.335  0.415  0.333  0.187  0.122  0.223  0.273  0.390  0.399  0.450  0.579  0.424  0.227  0.012 -0.176 -0.331 -0.180 -0.172 -0.364 -0.378 -0.450 -0.524 -0.485 -0.370 -0.106  0.117  0.303  0.414  0.322  0.233  0.086 -0.288 -0.540 -0.589 -0.563
 -0.430 -0.401 -0.318 -0.227  0.105  0.134  0.160  0.065  0.012  0.068  0.145  0.047  0.118 -0.077 -0.027 -0.221 -0.215 -0.297 -0.314 -0.173  0.015  0.275  0.473  0.674  0.651  0.637  0.844  1.000  0.797  0.709  0.751  0.667  0.537  0.492  0.572  0.521  0.484  0.500  0.364  0.363  0.447  0.221  0.262  0.175  0.022  0.006  0.089  0.135  0.246  0.260  0.354  0.495  0.393  0.195  0.016 -0.186 -0.316 -0.193 -0.225 -0.393 -0.410 -0.464 -0.520 -0.502 -0.437 -0.217  0.006  0.173  0.316  0.233  0.166  0.049 -0.220 -0.453 -0.496 -0.474
 -0.376 -0.321 -0.263 -0.167  0.102  0.114  0.107  0.003 -0.026  0.039  0.149  0.083  0.148 -0.021 -0.000 -0.204 -0.228 -0.303 -0.330 -0.232 -0.089  0.129  0.270  0.435  0.503  0.610  0.640  0.797  1.000  0.827  0.714  0.764  0.687  0.551  0.556  0.434  0.330  0.321  0.170  0.210  0.308  0.104  0.128  0.037 -0.085 -0.065 -0.015  0.013  0.086  0.087  0.165  0.295  0.218  0.037 -0.113 -0.263 -0.351 -0.267 -0.291 -0.397 -0.409 -0.426 -0.452 -0.405 -0.374 -0.184 -0.043  0.067  0.186  0.109  0.074  0.029 -0.156 -0.270 -0.295 -0.289
 -0.449 -0.367 -0.249 -0.096  0.210  0.231  0.184  0.005 -0.054  0.094  0.232  0.156  0.198 -0.007 -0.003 -0.260 -0.312 -0.415 -0.427 -0.352 -0.216  0.018  0.222  0.383  0.338  0.509  0.690  0.709  0.827  1.000  0.872  0.784  0.765  0.739  0.724  0.651  0.509  0.481  0.341  0.384  0.475  0.247  0.256  0.170  0.020  0.009  0.085  0.103  0.180  0.143  0.185  0.291  0.180 -0.011 -0.194 -0.334 -0.426 -0.316 -0.301 -0.428 -0.440 -0.462 -0.491 -0.410 -0.340 -0.081  0.074  0.223  0.333  0.266  0.196  0.098 -0.225 -0.389 -0.432 -0.425
 -0.459 -0.388 -0.277 -0.131  0.186  0.217  0.205  0.058 -0.012  0.107  0.231  0.130  0.171 -0.042 -0.037 -0.276 -0.329 -0.424 -0.434 -0.353 -0.225 -0.012  0.193  0.373  0.305  0.398  0.672  0.751  0.714  0.872  1.000  0.859  0.748  0.767  0.830  0.763  0.664  0.603  0.466  0.471  0.494  0.285  0.263  0.169 -0.005 -0.007  0.075  0.088  0.180  0.137  0.187  0.279  0.174 -0.015 -0.194 -0.342 -0.426 -0.312 -0.300 -0.434 -0.455 -0.482 -0.518 -0.449 -0.388 -0.130  0.054  0.226  0.354  0.295  0.219  0.098 -0.206 -0.426 -0.473 -0.462
 -0.392 -0.321 -0.252 -0.131  0.128  0.143  0.139  0.034 -0.008  0.080  0.200  0.116  0.163 -0.026 -0.030 -0.236 -0.297 -0.373 -0.391 -0.326 -0.229 -0.064  0.090  0.276  0.256  0.333  0.518  0.667  0.764  0.784  0.859  1.000  0.875  0.743  0.765  0.582  0.425  0.368  0.218  0.253  0.313  0.103  0.104  0.029 -0.097 -0.054 -0.002  0.001  0.060  0.021  0.077  0.180  0.097 -0.082 -0.224 -0.345 -0.406 -0.325 -0.324 -0.417 -0.429 -0.429 -0.450 -0.388 -0.364 -0.161 -0.025  0.090  0.197  0.120  0.087  0.029 -0.147 -0.263 -0.279 -0.274
 -0.338 -0.268 -0.196 -0.075  0.140  0.149  0.105 -0.020 -0.061  0.082  0.211  0.136  0.172  0.007 -0.008 -0.204 -0.271 -0.341 -0.356 -0.312 -0.232 -0.088  0.039  0.214  0.186  0.257  0.423  0.537  0.687  0.765  0.748  0.875  1.000  0.859  0.751  0.571  0.302  0.240  0.108  0.170  0.285  0.042  0.057  0.012 -0.083 -0.041 -0.003  0.000  0.036 -0.002  0.047  0.147  0.066 -0.098 -0.225 -0.324 -0.377 -0.309 -0.303 -0.380 -0.380 -0.367 -0.375 -0.305 -0.280 -0.094  0.000  0.078  0.158  0.093  0.060  0.016 -0.154 -0.221 -0.234 -0.232
 -0.349 -0.279 -0.192 -0.051  0.164  0.188  0.128 -0.025 -0.076  0.119  0.250  0.158  0.176  0.009 -0.020 -0.218 -0.293 -0.368 -0.376 -0.341 -0.257 -0.103  0.041  0.197  0.142  0.203  0.427  0.492  0.551  0.739  0.767  0.743  0.859  1.000  0.896  0.781  0.497  0.393  0.285  0.322  0.406  0.151  0.137  0.084 -0.035 -0.024  0.029  0.038  0.089  0.045  0.081  0.155  0.058 -0.096 -0.232 -0.327 -0.382 -0.303 -0.281 -0.371 -0.371 -0.367 -0.376 -0.299 -0.262 -0.054  0.046  0.153  0.242  0.217  0.155  0.065 -0.182 -0.305 -0.342 -0.339
 -0.405 -0.338 -0.245 -0.099  0.168  0.202  0.166  0.026 -0.034  0.125  0.250  0.143  0.172 -0.026 -0.043 -0.254 -0.322 -0.406 -0.415 -0.360 -0.259 -0.081  0.084  0.245  0.183  0.238  0.494  0.572  0.556  0.724  0.830  0.765  0.751  0.896  1.000  0.888  0.677  0.544  0.425  0.458  0.485  0.254  0.214  0.134 -0.029 -0.027  0.048  0.056  0.133  0.082  0.124  0.195  0.093 -0.072 -0.227 -0.344 -0.409 -0.312 -0.291 -0.405 -0.417 -0.429 -0.450 -0.380 -0.338 -0.106  0.044  0.200  0.324  0.309  0.244  0.123 -0.180 -0.374 -0.425 -0.421
 -0.413 -0.360 -0.256 -0.121  0.155  0.206  0.167  0.025 -0.044  0.103  0.198  0.093  0.108 -0.081 -0.081 -0.280 -0.323 -0.392 -0.384 -0.325 -0.221 -0.025  0.140  0.259  0.187  0.242  0.497  0.521  0.434  0.651  0.763  0.582  0.571  0.781  0.888  1.000  0.828  0.664  0.549  0.587  0.566  0.380  0.316  0.233  0.054  0.014  0.104  0.121  0.214  0.168  0.196  0.235  0.140  0.004 -0.158 -0.277 -0.347 -0.234 -0.208 -0.337 -0.359 -0.399 -0.438 -0.380 -0.311 -0.074  0.092  0.272  0.393  0.421  0.320  0.184 -0.179 -0.433 -0.515 -0.510
 -0.411 -0.360 -0.265 -0.138  0.140  0.197  0.190  0.083  0.016  0.116  0.183  0.086  0.096 -0.088 -0.084 -0.273 -0.317 -0.394 -0.390 -0.327 -0.225 -0.031  0.163  0.235  0.163  0.266  0.503  0.484  0.330  0.509  0.664  0.425  0.302  0.497  0.677  0.828  1.000  0.857  0.706  0.653  0.501  0.454  0.356  0.239  0.041 -0.009  0.088  0.098  0.213  0.175  0.199  0.207  0.112 -0.006 -0.165 -0.277 -0.344 -0.231 -0.198 -0.323 -0.355 -0.407 -0.452 -0.400 -0.335 -0.106  0.072  0.274  0.402  0.422  0.332  0.196 -0.095 -0.402 -0.492 -0.493
 -0.433 -0.386 -0.276 -0.151  0.138  0.201  0.235  0.111  0.058  0.122  0.174  0.086  0.088 -0.098 -0.093 -0.282 -0.318 -0.397 -0.376 -0.307 -0.201  0.019  0.258  0.311  0.203  0.337  0.584  0.500  0.321  0.481  0.603  0.368  0.240  0.393  0.544  0.664  0.857  1.000  0.824  0.605  0.529  0.505  0.432  0.308  0.120  0.046  0.150  0.168  0.288  0.262  0.272  0.275  0.166  0.054 -0.116 -0.233 -0.311 -0.186 -0.146 -0.284 -0.322 -0.390 -0.456 -0.412 -0.320 -0.082  0.099  0.313  0.417  0.413  0.305  0.149 -0.131 -0.447 -0.536 -0.530
 -0.366 -0.331 -0.228 -0.122  0.121  0.197  0.256  0.134  0.073  0.116  0.146  0.066  0.061 -0.093 -0.084 -0.244 -0.270 -0.331 -0.294 -0.241 -0.159  0.025  0.221  0.228  0.136  0.246  0.455  0.364  0.170  0.341  0.466  0.218  0.108  0.285  0.425  0.549  0.706  0.824  1.000  0.734  0.608  0.607  0.492  0.346  0.153  0.048  0.155  0.170  0.292  0.273  0.260  0.221  0.139  0.080 -0.065 -0.156 -0.218 -0.104 -0.062 -0.189 -0.234 -0.316 -0.386 -0.350 -0.245 -0.044  0.118  0.339  0.453  0.502  0.412  0.227 -0.145 -0.459 -0.557 -0.547
 -0.405 -0.359 -0.222 -0.104  0.188  0.266  0.226  0.069 -0.039  0.097  0.137  0.057  0.070 -0.111 -0.082 -0.283 -0.294 -0.358 -0.313 -0.255 -0.155  0.057  0.226  0.253  0.167  0.233  0.415  0.363  0.210  0.384  0.471  0.253  0.170  0.322  0.458  0.587  0.653  0.605  0.734  1.000  0.788  0.716  0.562  0.414  0.184  0.058  0.184  0.215  0.351  0.321  0.305  0.270  0.190  0.122 -0.043 -0.155 -0.229 -0.096 -0.055 -0.210 -0.254 -0.349 -0.424 -0.373 -0.239 -0.009  0.195  0.408  0.582  0.686  0.646  0.494 -0.197 -0.523 -0.620 -0.607
 -0.445 -0.402 -0.233 -0.089  0.242  0.332  0.296  0.078 -0.030  0.097  0.160  0.080  0.085 -0.125 -0.098 -0.309 -0.301 -0.369 -0.308 -0.240 -0.124  0.124  0.326  0.377  0.252  0.295  0.513  0.447  0.308  0.475  0.494  0.313  0.285  0.406  0.485  0.566  0.501  0.529  0.608  0.788  1.000  0.721  0.641  0.521  0.300  0.137  0.272  0.327  0.460  0.435  0.416  0.389  0.283  0.206  0.018 -0.107 -0.209 -0.054 -0.008 -0.194 -0.231 -0.343 -0.429 -0.377 -0.202  0.057  0.283  0.512  0.668  0.714  0.618  0.408 -0.344 -0.611 -0.702 -0.680
 -0.390 -0.343 -0.185 -0.037  0.261  0.337  0.302  0.076  0.003  0.134  0.162  0.128  0.089 -0.104 -0.112 -0.298 -0.302 -0.356 -0.283 -0.255 -0.184  0.022  0.218  0.169  0.074  0.207  0.335  0.221  0.104  0.247  0.285  0.103  0.042  0.151  0.254  0.380  0.454  0.505  0.607  0.716  0.721  1.000  0.808  0.589  0.336  0.121  0.245  0.289  0.445  0.426  0.341  0.219  0.136  0.130 -0.032 -0.097 -0.160 -0.029  0.045 -0.090 -0.139 -0.256 -0.341 -0.284 -0.121  0.113  0.312  0.540  0.683  0.782  0.623  0.472 -0.211 -0.516 -0.625 -0.611
 -0.441 -0.404 -0.217 -0.042  0.295  0.370  0.354  0.130  0.056  0.154  0.175  0.149  0.087 -0.134 -0.163 -0.349 -0.340 -0.393 -0.304 -0.261 -0.172  0.095  0.343  0.297  0.138  0.271  0.415  0.262  0.128  0.256  0.263  0.104  0.057  0.137  0.214  0.316  0.356  0.432  0.492  0.562  0.641  0.808  1.000  0.819  0.549  0.266  0.404  0.459  0.625  0.602  0.496  0.380  0.255  0.223  0.025 -0.062 -0.158  0.005  0.093 -0.081 -0.115 -0.245 -0.343 -0.289 -0.094  0.161  0.418  0.674  0.714  0.677  0.484  0.300 -0.323 -0.591 -0.678 -0.648
 -0.394 -0.388 -0.173 -0.025  0.273  0.345  0.315  0.127  0.045  0.114  0.095  0.081  0.006 -0.201 -0.233 -0.383 -0.324 -0.339 -0.225 -0.188 -0.128  0.130  0.341  0.296  0.108  0.193  0.333  0.175  0.037  0.170  0.169  0.029  0.012  0.084  0.134  0.233  0.239  0.308  0.346  0.414  0.521  0.589  0.819  1.000  0.805  0.486  0.621  0.675  0.715  0.626  0.524  0.414  0.313  0.296  0.104  0.024 -0.064  0.100  0.185  0.020 -0.003 -0.125 -0.231 -0.197  0.021  0.243  0.509  0.724  0.632  0.548  0.349  0.152 -0.381 -0.594 -0.661 -0.618
 -0.260 -0.273 -0.102 -0.025  0.159  0.200  0.166  0.039 -0.009  0.028 -0.017  0.006 -0.069 -0.198 -0.236 -0.327 -0.241 -0.217 -0.087 -0.078 -0.071  0.128  0.292  0.221  0.032  0.096  0.187  0.022 -0.085  0.020 -0.005 -0.097 -0.083 -0.035 -0.029  0.054  0.041  0.120  0.153  0.184  0.300  0.336  0.549  0.805  1.000  0.716  0.664  0.686  0.587  0.563  0.471  0.356  0.274  0.295  0.161  0.132  0.054  0.179  0.264  0.145  0.155  0.074 -0.047 -0.049  0.178  0.301  0.459  0.538  0.393  0.300  0.149  0.019 -0.336 -0.444 -0.490 -0.447
 -0.172 -0.192 -0.060 -0.021  0.091  0.110  0.088  0.027  0.001  0.014 -0.028 -0.018 -0.058 -0.144 -0.154 -0.221 -0.153 -0.138 -0.057 -0.054 -0.060  0.068  0.182  0.160  0.001  0.042  0.122  0.006 -0.065  0.009 -0.007 -0.054 -0.041 -0.024 -0.027  0.014 -0.009  0.046  0.048  0.058  0.137  0.121  0.266  0.486  0.716  1.000  0.749  0.568  0.380  0.340  0.302  0.256  0.203  0.189  0.093  0.068  0.020  0.102  0.152  0.082  0.089  0.044 -0.037 -0.055  0.074  0.146  0.285  0.332  0.199  0.099  0.014 -0.080 -0.267 -0.311 -0.317 -0.279
 -0.274 -0.283 -0.119 -0.057  0.128  0.172  0.162  0.081  0.026  0.044  0.005 -0.003 -0.044 -0.177 -0.180 -0.287 -0.217 -0.214 -0.117 -0.097 -0.076  0.107  0.263  0.245  0.054  0.105  0.223  0.089 -0.015  0.085  0.075 -0.002 -0.003  0.029  0.048  0.104  0.088  0.150  0.155  0.184  0.272  0.245  0.404  0.621  0.664  0.749  1.000  0.771  0.578  0.434  0.370  0.340  0.275  0.247  0.110  0.057 -0.010  0.107  0.166  0.057  0.046 -0.035 -0.132 -0.139  0.016  0.128  0.309  0.434  0.326  0.230  0.122 -0.007 -0.330 -0.436 -0.455 -0.414
 -0.307 -0.330 -0.145 -0.071  0.138  0.178  0.151  0.051  0.027  0.066  0.029  0.010 -0.043 -0.192 -0.209 -0.316 -0.228 -0.233 -0.130 -0.088 -0.041  0.180  0.361  0.329  0.127  0.155  0.273  0.135  0.013  0.103  0.088  0.001  0.000  0.038  0.056  0.121  0.098  0.168  0.170  0.215  0.327  0.289  0.459  0.675  0.686  0.568  0.771  1.000  0.796  0.618  0.502  0.449  0.345  0.319  0.162  0.087 -0.001  0.144  0.214  0.064  0.047 -0.056 -0.162 -0.168  0.009  0.154  0.332  0.428  0.359  0.290  0.167  0.027 -0.338 -0.487 -0.530 -0.488
 -0.406 -0.417 -0.208 -0.103  0.189  0.248  0.218  0.086  0.052  0.109  0.079  0.045 -0.015 -0.209 -0.223 -0.358 -0.280 -0.299 -0.183 -0.114 -0.029  0.252  0.478  0.435  0.220  0.249  0.390  0.246  0.086  0.180  0.180  0.060  0.036  0.089  0.133  0.214  0.213  0.288  0.292  0.351  0.460  0.445  0.625  0.715  0.587  0.380  0.578  0.796  1.000  0.814  0.658  0.566  0.425  0.405  0.207  0.101 -0.012  0.175  0.255  0.052  0.010 -0.147 -0.279 -0.275 -0.066  0.140  0.364  0.509  0.489  0.438  0.281  0.110 -0.363 -0.594 -0.655 -0.611
 -0.383 -0.405 -0.222 -0.149  0.122  0.171  0.140  0.014 -0.011  0.088  0.032 -0.010 -0.070 -0.244 -0.242 -0.350 -0.255 -0.258 -0.127 -0.045  0.051  0.363  0.582  0.505  0.300  0.295  0.399  0.260  0.087  0.143  0.137  0.021 -0.002  0.045  0.082  0.168  0.175  0.262  0.273  0.321  0.435  0.426  0.602  0.626  0.563  0.340  0.434  0.618  0.814  1.000  0.855  0.687  0.516  0.525  0.316  0.202  0.068  0.268  0.346  0.122  0.083 -0.089 -0.251 -0.270 -0.047  0.131  0.334  0.422  0.430  0.399  0.259  0.111 -0.346 -0.572 -0.642 -0.592
 -0.394 -0.451 -0.271 -0.222  0.075  0.130  0.108  0.016 -0.019  0.075  0.002 -0.074 -0.115 -0.297 -0.260 -0.352 -0.215 -0.208 -0.076  0.041  0.168  0.509  0.682  0.631  0.436  0.354  0.450  0.354  0.165  0.185  0.187  0.077  0.047  0.081  0.124  0.196  0.199  0.272  0.260  0.305  0.416  0.341  0.496  0.524  0.471  0.302  0.370  0.502  0.658  0.855  1.000  0.854  0.708  0.682  0.449  0.274  0.122  0.341  0.361  0.109  0.058 -0.124 -0.298 -0.348 -0.115  0.055  0.278  0.358  0.388  0.350  0.235  0.076 -0.335 -0.585 -0.657 -0.605
 -0.386 -0.452 -0.305 -0.269  0.042  0.093  0.092  0.023 -0.017  0.051  0.008 -0.083 -0.083 -0.259 -0.190 -0.286 -0.145 -0.157 -0.071  0.082  0.264  0.624  0.785  0.796  0.603  0.484  0.579  0.495  0.295  0.291  0.279  0.180  0.147  0.155  0.195  0.235  0.207  0.275  0.221  0.270  0.389  0.219  0.380  0.414  0.356  0.256  0.340  0.449  0.566  0.687  0.854  1.000  0.842  0.701  0.462  0.228  0.049  0.252  0.207 -0.044 -0.080 -0.227 -0.366 -0.418 -0.231 -0.061  0.174  0.274  0.332  0.262  0.173  0.025 -0.324 -0.574 -0.629 -0.580
 -0.278 -0.394 -0.283 -0.321 -0.067 -0.027  0.014  0.010 -0.019 -0.023 -0.117 -0.212 -0.201 -0.333 -0.220 -0.246 -0.039  0.014  0.120  0.286  0.429  0.716  0.704  0.713  0.588  0.404  0.424  0.393  0.218  0.180  0.174  0.097  0.066  0.058  0.093  0.140  0.112  0.166  0.139  0.190  0.283  0.136  0.255  0.313  0.274  0.203  0.275  0.345  0.425  0.516  0.708  0.842  1.000  0.851  0.645  0.405  0.269  0.440  0.322  0.113  0.047 -0.109 -0.255 -0.358 -0.182 -0.110  0.103  0.170  0.217  0.166  0.103 -0.011 -0.281 -0.501 -0.546 -0.493
 -0.171 -0.331 -0.243 -0.335 -0.157 -0.126 -0.066 -0.024 -0.043 -0.074 -0.225 -0.304 -0.318 -0.405 -0.296 -0.233  0.028  0.147  0.304  0.461  0.550  0.772  0.665  0.562  0.477  0.282  0.227  0.195  0.037 -0.011 -0.015 -0.082 -0.098 -0.096 -0.072  0.004 -0.006  0.054  0.080  0.122  0.206  0.130  0.223  0.296  0.295  0.189  0.247  0.319  0.405  0.525  0.682  0.701  0.851  1.000  0.847  0.635  0.520  0.673  0.537  0.353  0.264  0.070 -0.097 -0.237 -0.046 -0.068  0.093  0.114  0.132  0.128  0.065 -0.019 -0.259 -0.440 -0.491 -0.432
  0.036 -0.153 -0.152 -0.316 -0.277 -0.275 -0.188 -0.071 -0.076 -0.151 -0.320 -0.370 -0.378 -0.372 -0.260 -0.083  0.204  0.376  0.538  0.672  0.691  0.732  0.509  0.377  0.369  0.128  0.012  0.016 -0.113 -0.194 -0.194 -0.224 -0.225 -0.232 -0.227 -0.158 -0.165 -0.116 -0.065 -0.043  0.018 -0.032  0.025  0.104  0.161  0.093  0.110  0.162  0.207  0.316  0.449  0.462  0.645  0.847  1.000  0.836  0.727  0.781  0.608  0.506  0.422  0.231  0.088 -0.084  0.060 -0.087 -0.027 -0.066 -0.071 -0.040 -0.065 -0.081 -0.169 -0.255 -0.288 -0.233
  0.169  0.004 -0.042 -0.226 -0.310 -0.317 -0.245 -0.113 -0.104 -0.193 -0.354 -0.351 -0.380 -0.311 -0.240 -0.020  0.241  0.438  0.642  0.658  0.581  0.526  0.315  0.138  0.154 -0.026 -0.176 -0.186 -0.263 -0.334 -0.342 -0.345 -0.324 -0.327 -0.344 -0.277 -0.277 -0.233 -0.156 -0.155 -0.107 -0.097 -0.062  0.024  0.132  0.068  0.057  0.087  0.101  0.202  0.274  0.228  0.405  0.635  0.836  1.000  0.852  0.791  0.712  0.687  0.647  0.431  0.280  0.103  0.221 -0.011 -0.050 -0.130 -0.184 -0.124 -0.135 -0.104 -0.115 -0.108 -0.135 -0.090
  0.263  0.076  0.029 -0.193 -0.355 -0.387 -0.295 -0.126 -0.105 -0.206 -0.397 -0.399 -0.432 -0.316 -0.246  0.021  0.258  0.494  0.695  0.706  0.541  0.411  0.140 -0.034  0.024 -0.149 -0.331 -0.316 -0.351 -0.426 -0.426 -0.406 -0.377 -0.382 -0.409 -0.347 -0.344 -0.311 -0.218 -0.229 -0.209 -0.160 -0.158 -0.064  0.054  0.020 -0.010 -0.001 -0.012  0.068  0.122  0.049  0.269  0.520  0.727  0.852  1.000  0.879  0.738  0.786  0.661  0.480  0.380  0.203  0.265 -0.004 -0.082 -0.206 -0.276 -0.202 -0.183 -0.117 -0.035  0.015  0.006  0.045
  0.091 -0.098 -0.049 -0.228 -0.285 -0.292 -0.215 -0.095 -0.084 -0.150 -0.351 -0.383 -0.433 -0.396 -0.328 -0.133  0.118  0.338  0.552  0.604  0.479  0.477  0.276  0.116  0.108 -0.055 -0.180 -0.193 -0.267 -0.316 -0.312 -0.325 -0.309 -0.303 -0.312 -0.234 -0.231 -0.186 -0.104 -0.096 -0.054 -0.029  0.005  0.100  0.179  0.102  0.107  0.144  0.175  0.268  0.341  0.252  0.440  0.673  0.781  0.791  0.879  1.000  0.863  0.770  0.601  0.383  0.254  0.087  0.208  0.024  0.024 -0.068 -0.122 -0.066 -0.078 -0.071 -0.119 -0.157 -0.186 -0.138
  0.037 -0.102 -0.015 -0.147 -0.206 -0.202 -0.161 -0.089 -0.078 -0.118 -0.296 -0.300 -0.378 -0.360 -0.335 -0.202  0.002  0.199  0.418  0.433  0.291  0.314  0.215  0.049 -0.004 -0.092 -0.172 -0.225 -0.291 -0.301 -0.300 -0.324 -0.303 -0.281 -0.291 -0.208 -0.198 -0.146 -0.062 -0.055 -0.008  0.045  0.093  0.185  0.264  0.152  0.166  0.214  0.255  0.346  0.361  0.207  0.322  0.537  0.608  0.712  0.738  0.863  1.000  0.843  0.720  0.454  0.294  0.141  0.286  0.121  0.110  0.027 -0.051  0.004 -0.027 -0.035 -0.145 -0.179 -0.218 -0.174
  0.214  0.081  0.083 -0.095 -0.279 -0.297 -0.244 -0.118 -0.097 -0.174 -0.352 -0.322 -0.394 -0.295 -0.280 -0.083  0.093  0.311  0.506  0.477  0.279  0.194  0.022 -0.162 -0.145 -0.217 -0.364 -0.393 -0.397 -0.428 -0.434 -0.417 -0.380 -0.371 -0.405 -0.337 -0.323 -0.284 -0.189 -0.210 -0.194 -0.090 -0.081  0.020  0.145  0.082  0.057  0.064  0.052  0.122  0.109 -0.044  0.113  0.353  0.506  0.687  0.786  0.770  0.843  1.000  0.845  0.600  0.467  0.303  0.377  0.120  0.019 -0.110 -0.222 -0.156 -0.153 -0.093 -0.031  0.031  0.010  0.041
  0.265  0.175  0.125 -0.052 -0.266 -0.294 -0.260 -0.129 -0.115 -0.202 -0.356 -0.288 -0.353 -0.227 -0.217 -0.016  0.131  0.307  0.465  0.409  0.236  0.136 -0.020 -0.187 -0.171 -0.238 -0.378 -0.410 -0.409 -0.440 -0.455 -0.429 -0.380 -0.371 -0.417 -0.359 -0.355 -0.322 -0.234 -0.254 -0.231 -0.139 -0.115 -0.003  0.155  0.089  0.046  0.047  0.010  0.083  0.058 -0.080  0.047  0.264  0.422  0.647  0.661  0.601  0.720  0.845  1.000  0.792  0.588  0.392  0.493  0.165  0.023 -0.110 -0.242 -0.181 -0.177 -0.110 -0.022  0.078  0.056  0.081
  0.438  0.354  0.240  0.020 -0.290 -0.345 -0.319 -0.180 -0.144 -0.211 -0.349 -0.263 -0.310 -0.111 -0.101  0.139  0.227  0.351  0.420  0.320  0.161 -0.003 -0.164 -0.296 -0.251 -0.307 -0.450 -0.464 -0.426 -0.462 -0.482 -0.429 -0.367 -0.367 -0.429 -0.399 -0.407 -0.390 -0.316 -0.349 -0.343 -0.256 -0.245 -0.125  0.074  0.044 -0.035 -0.056 -0.147 -0.089 -0.124 -0.227 -0.109  0.070  0.231  0.431  0.480  0.383  0.454  0.600  0.792  1.000  0.779  0.543  0.568  0.186 -0.043 -0.208 -0.349 -0.286 -0.249 -0.141  0.058  0.225  0.230  0.244
  0.621  0.536  0.416  0.183 -0.247 -0.338 -0.337 -0.216 -0.162 -0.188 -0.313 -0.205 -0.236  0.040  0.065  0.350  0.368  0.431  0.398  0.273  0.135 -0.107 -0.290 -0.397 -0.321 -0.375 -0.524 -0.520 -0.452 -0.491 -0.518 -0.450 -0.375 -0.376 -0.450 -0.438 -0.452 -0.456 -0.386 -0.424 -0.429 -0.341 -0.343 -0.231 -0.047 -0.037 -0.132 -0.162 -0.279 -0.251 -0.298 -0.366 -0.255 -0.097  0.088  0.280  0.380  0.254  0.294  0.467  0.588  0.779  1.000  0.802  0.603  0.250 -0.063 -0.269 -0.422 -0.360 -0.305 -0.161  0.106  0.330  0.356  0.358
  0.537  0.576  0.526  0.399 -0.061 -0.167 -0.263 -0.241 -0.197 -0.151 -0.193 -0.053 -0.076  0.198  0.168  0.333  0.254  0.273  0.238  0.090 -0.035 -0.253 -0.365 -0.451 -0.392 -0.377 -0.485 -0.502 -0.405 -0.410 -0.449 -0.388 -0.305 -0.299 -0.380 -0.380 -0.400 -0.412 -0.350 -0.373 -0.377 -0.284 -0.289 -0.197 -0.049 -0.055 -0.139 -0.168 -0.275 -0.270 -0.348 -0.418 -0.358 -0.237 -0.084  0.103  0.203  0.087  0.141  0.303  0.392  0.543  0.802  1.000  0.746  0.445  0.073 -0.168 -0.335 -0.278 -0.228 -0.104  0.092  0.324  0.356  0.349
  0.295  0.322  0.395  0.362  0.047 -0.027 -0.167 -0.200 -0.190 -0.162 -0.187 -0.040 -0.101  0.064 -0.002  0.055  0.081  0.139  0.215  0.090 -0.046 -0.155 -0.209 -0.320 -0.332 -0.299 -0.370 -0.437 -0.374 -0.340 -0.388 -0.364 -0.280 -0.262 -0.338 -0.311 -0.335 -0.320 -0.245 -0.239 -0.202 -0.121 -0.094  0.021  0.178  0.074  0.016  0.009 -0.066 -0.047 -0.115 -0.231 -0.182 -0.046  0.060  0.221  0.265  0.208  0.286  0.377  0.493  0.568  0.603  0.746  1.000  0.659  0.310  0.052 -0.135 -0.104 -0.097 -0.046 -0.040  0.127  0.135  0.142
  0.020  0.078  0.352  0.555  0.404  0.349  0.074 -0.176 -0.144  0.067  0.087  0.174  0.098  0.137  0.030 -0.076 -0.098 -0.129 -0.065 -0.167 -0.220 -0.203 -0.111 -0.167 -0.259 -0.159 -0.106 -0.217 -0.184 -0.081 -0.130 -0.161 -0.094 -0.054 -0.106 -0.074 -0.106 -0.082 -0.044 -0.009  0.057  0.113  0.161  0.243  0.301  0.146  0.128  0.154  0.140  0.131  0.055 -0.061 -0.110 -0.068 -0.087 -0.011 -0.004  0.024  0.121  0.120  0.165  0.186  0.250  0.445  0.659  1.000  0.695  0.345  0.157  0.140  0.086  0.058 -0.186 -0.123 -0.120 -0.110
 -0.220 -0.168  0.172  0.414  0.580  0.523  0.266  0.018 -0.029  0.117  0.132  0.175  0.119 -0.006 -0.057 -0.234 -0.235 -0.270 -0.201 -0.216 -0.202 -0.067  0.077  0.062 -0.084 -0.010  0.117  0.006 -0.043  0.074  0.054 -0.025  0.000  0.046  0.044  0.092  0.072  0.099  0.118  0.195  0.283  0.312  0.418  0.509  0.459  0.285  0.309  0.332  0.364  0.334  0.278  0.174  0.103  0.093 -0.027 -0.050 -0.082  0.024  0.110  0.019  0.023 -0.043 -0.063  0.073  0.310  0.695  1.000  0.680  0.476  0.357  0.230  0.090 -0.296 -0.378 -0.393 -0.363
 -0.409 -0.341 -0.096  0.143  0.476  0.575  0.498  0.262  0.112  0.105  0.176  0.202  0.144 -0.084 -0.144 -0.346 -0.356 -0.409 -0.331 -0.315 -0.252 -0.028  0.190  0.199  0.024  0.119  0.303  0.173  0.067  0.223  0.226  0.090  0.078  0.153  0.200  0.272  0.274  0.313  0.339  0.408  0.512  0.540  0.674  0.724  0.538  0.332  0.434  0.428  0.509  0.422  0.358  0.274  0.170  0.114 -0.066 -0.130 -0.206 -0.068  0.027 -0.110 -0.110 -0.208 -0.269 -0.168  0.052  0.345  0.680  1.000  0.804  0.586  0.374  0.142 -0.344 -0.529 -0.578 -0.551
 -0.483 -0.406 -0.199  0.030  0.449  0.551  0.473  0.216  0.065  0.113  0.217  0.201  0.180 -0.079 -0.113 -0.347 -0.369 -0.443 -0.382 -0.332 -0.227  0.028  0.251  0.290  0.134  0.211  0.414  0.316  0.186  0.333  0.354  0.197  0.158  0.242  0.324  0.393  0.402  0.417  0.453  0.582  0.668  0.683  0.714  0.632  0.393  0.199  0.326  0.359  0.489  0.430  0.388  0.332  0.217  0.132 -0.071 -0.184 -0.276 -0.122 -0.051 -0.222 -0.242 -0.349 -0.422 -0.335 -0.135  0.157  0.476  0.804  1.000  0.789  0.579  0.313 -0.294 -0.564 -0.639 -0.621
 -0.394 -0.327 -0.159  0.009  0.327  0.415  0.290  0.041 -0.046  0.115  0.180  0.150  0.131 -0.072 -0.085 -0.292 -0.308 -0.371 -0.306 -0.275 -0.188  0.031  0.213  0.207  0.097  0.166  0.322  0.233  0.109  0.266  0.295  0.120  0.093  0.217  0.309  0.421  0.422  0.413  0.502  0.686  0.714  0.782  0.677  0.548  0.300  0.099  0.230  0.290  0.438  0.399  0.350  0.262  0.166  0.128 -0.040 -0.124 -0.202 -0.066  0.004 -0.156 -0.181 -0.286 -0.360 -0.278 -0.104  0.140  0.357  0.586  0.789  1.000  0.800  0.539 -0.213 -0.506 -0.622 -0.624
 -0.308 -0.239 -0.111 -0.012  0.213  0.287  0.142 -0.016 -0.108  0.076  0.108  0.062  0.056 -0.081 -0.053 -0.236 -0.260 -0.312 -0.260 -0.236 -0.176 -0.014  0.124  0.132  0.046  0.098  0.233  0.166  0.074  0.196  0.219  0.087  0.060  0.155  0.244  0.320  0.332  0.305  0.412  0.646  0.618  0.623  0.484  0.349  0.149  0.014  0.122  0.167  0.281  0.259  0.235  0.173  0.103  0.065 -0.065 -0.135 -0.183 -0.078 -0.027 -0.153 -0.177 -0.249 -0.305 -0.228 -0.097  0.086  0.230  0.374  0.579  0.800  1.000  0.791 -0.093 -0.364 -0.467 -0.494
 -0.153 -0.101 -0.035  0.006  0.104  0.132  0.013 -0.115 -0.160  0.039  0.069  0.057  0.051 -0.009  0.005 -0.111 -0.146 -0.182 -0.153 -0.156 -0.130 -0.052  0.019  0.006 -0.017  0.036  0.086  0.049  0.029  0.098  0.098  0.029  0.016  0.065  0.123  0.184  0.196  0.149  0.227  0.494  0.408  0.472  0.300  0.152  0.019 -0.080 -0.007  0.027  0.110  0.111  0.076  0.025 -0.011 -0.019 -0.081 -0.104 -0.117 -0.071 -0.035 -0.093 -0.110 -0.141 -0.161 -0.104 -0.046  0.058  0.090  0.142  0.313  0.539  0.791  1.000  0.052 -0.162 -0.284 -0.336
  0.163  0.156  0.005 -0.082 -0.251 -0.257 -0.232 -0.118 -0.137 -0.213 -0.189 -0.136 -0.115 -0.014 -0.014  0.114  0.044  0.073  0.030  0.010 -0.054 -0.177 -0.285 -0.293 -0.172 -0.194 -0.288 -0.220 -0.156 -0.225 -0.206 -0.147 -0.154 -0.182 -0.180 -0.179 -0.095 -0.131 -0.145 -0.197 -0.344 -0.211 -0.323 -0.381 -0.336 -0.267 -0.330 -0.338 -0.363 -0.346 -0.335 -0.324 -0.281 -0.259 -0.169 -0.115 -0.035 -0.119 -0.145 -0.031 -0.022  0.058  0.106  0.092 -0.040 -0.186 -0.296 -0.344 -0.294 -0.213 -0.093  0.052  1.000  0.695  0.380  0.205
  0.378  0.395  0.148  0.034 -0.302 -0.339 -0.329 -0.179 -0.138 -0.259 -0.228 -0.125 -0.102  0.106  0.084  0.269  0.173  0.219  0.142  0.062 -0.068 -0.328 -0.506 -0.530 -0.353 -0.356 -0.540 -0.453 -0.270 -0.389 -0.426 -0.263 -0.221 -0.305 -0.374 -0.433 -0.402 -0.447 -0.459 -0.523 -0.611 -0.516 -0.591 -0.594 -0.444 -0.311 -0.436 -0.487 -0.594 -0.572 -0.585 -0.574 -0.501 -0.440 -0.255 -0.108  0.015 -0.157 -0.179  0.031  0.078  0.225  0.330  0.324  0.127 -0.123 -0.378 -0.529 -0.564 -0.506 -0.364 -0.162  0.695  1.000  0.790  0.606
  0.428  0.453  0.206  0.071 -0.296 -0.350 -0.361 -0.180 -0.126 -0.215 -0.224 -0.133 -0.095  0.148  0.147  0.318  0.219  0.258  0.159  0.065 -0.074 -0.373 -0.565 -0.572 -0.397 -0.398 -0.589 -0.496 -0.295 -0.432 -0.473 -0.279 -0.234 -0.342 -0.425 -0.515 -0.492 -0.536 -0.557 -0.620 -0.702 -0.625 -0.678 -0.661 -0.490 -0.317 -0.455 -0.530 -0.655 -0.642 -0.657 -0.629 -0.546 -0.491 -0.288 -0.135  0.006 -0.186 -0.218  0.010  0.056  0.230  0.356  0.356  0.135 -0.120 -0.393 -0.578 -0.639 -0.622 -0.467 -0.284  0.380  0.790  1.000  0.904
