  1.000  0.793  0.563  0.267 -0.197 -0.335 -0.393 -0.309 -0.286 -0.239 -0.268 -0.147 -0.076  0.280  0.354  0.668  0.680  0.661  0.505  0.341  0.237 -0.127 -0.372 -0.433 -0.261 -0.325 -0.531 -0.474 -0.356 -0.462 -0.493 -0.375 -0.315 -0.374 -0.450 -0.488 -0.506 -0.536 -0.493 -0.529 -0.591 -0.502 -0.537 -0.490 -0.338 -0.226 -0.349 -0.405 -0.516 -0.495 -0.512 -0.488 -0.386 -0.283 -0.017  0.170  0.272  0.044 -0.011  0.221  0.303  0.509  0.686  0.601  0.373  0.072 -0.233 -0.453 -0.538 -0.505 -0.428 -0.139  0.288  0.544  0.554  0.520
  0.793  1.000  0.679  0.438 -0.012 -0.172 -0.286 -0.260 -0.239 -0.176 -0.125  0.038  0.111  0.456  0.525  0.686  0.525  0.491  0.326  0.150  0.037 -0.301 -0.458 -0.496 -0.346 -0.326 -0.486 -0.450 -0.297 -0.367 -0.419 -0.305 -0.229 -0.284 -0.370 -0.422 -0.454 -0.489 -0.458 -0.500 -0.552 -0.454 -0.483 -0.452 -0.311 -0.216 -0.338 -0.404 -0.509 -0.506 -0.564 -0.554 -0.506 -0.443 -0.207  0.014  0.101 -0.135 -0.136  0.107  0.243  0.457  0.638  0.663  0.426  0.166 -0.144 -0.353 -0.449 -0.434 -0.390 -0.109  0.276  0.496  0.510  0.479
  0.563  0.679  1.000  0.706  0.266  0.089 -0.100 -0.154 -0.140 -0.059  0.022  0.209  0.248  0.534  0.527  0.486  0.378  0.249  0.138 -0.035 -0.123 -0.365 -0.417 -0.449 -0.406 -0.328 -0.388 -0.415 -0.291 -0.268 -0.323 -0.262 -0.175 -0.188 -0.268 -0.298 -0.328 -0.365 -0.338 -0.343 -0.379 -0.271 -0.278 -0.219 -0.119 -0.069 -0.149 -0.208 -0.295 -0.334 -0.409 -0.448 -0.439 -0.390 -0.250 -0.064  0.017 -0.106 -0.039  0.112  0.202  0.361  0.537  0.630  0.514  0.422  0.180 -0.089 -0.222 -0.226 -0.228 -0.046  0.131  0.210  0.253  0.239
  0.267  0.438  0.706  1.000  0.660  0.478  0.216  0.031  0.071  0.178  0.373  0.548  0.533  0.654  0.484  0.309  0.124 -0.046 -0.155 -0.326 -0.376 -0.515 -0.424 -0.422 -0.439 -0.271 -0.234 -0.299 -0.168 -0.063 -0.131 -0.112 -0.016  0.004 -0.072 -0.106 -0.152 -0.197 -0.179 -0.160 -0.166 -0.060 -0.045 -0.013  0.013  0.008 -0.040 -0.099 -0.151 -0.239 -0.354 -0.407 -0.489 -0.509 -0.462 -0.291 -0.248 -0.323 -0.199 -0.097  0.006  0.123  0.292  0.509  0.487  0.632  0.448  0.213  0.073  0.030 -0.040  0.047  0.035 -0.027  0.013  0.011
 -0.197 -0.012  0.266  0.660  1.000  0.823  0.568  0.284  0.295  0.355  0.581  0.669  0.665  0.451  0.284 -0.035 -0.190 -0.367 -0.430 -0.501 -0.457 -0.381 -0.150 -0.110 -0.226 -0.034  0.125  0.025  0.073  0.239  0.182  0.122  0.180  0.227  0.201  0.191  0.154  0.133  0.127  0.183  0.229  0.289  0.331  0.321  0.229  0.138  0.178  0.155  0.183  0.075 -0.020 -0.075 -0.218 -0.313 -0.436 -0.408 -0.446 -0.395 -0.259 -0.301 -0.239 -0.230 -0.169  0.044  0.162  0.494  0.620  0.556  0.503  0.395  0.255  0.144 -0.157 -0.397 -0.399 -0.386
 -0.335 -0.172  0.089  0.478  0.823  1.000  0.746  0.452  0.432  0.472  0.665  0.675  0.566  0.300  0.108 -0.184 -0.321 -0.483 -0.504 -0.560 -0.495 -0.345 -0.078 -0.046 -0.193 -0.006  0.184  0.062  0.076  0.270  0.229  0.139  0.191  0.269  0.256  0.267  0.240  0.229  0.233  0.303  0.363  0.405  0.450  0.446  0.319  0.196  0.269  0.245  0.293  0.176  0.084  0.016 -0.145 -0.244 -0.412 -0.408 -0.463 -0.368 -0.222 -0.306 -0.267 -0.300 -0.273 -0.070  0.083  0.458  0.602  0.682  0.632  0.523  0.376  0.186 -0.221 -0.524 -0.522 -0.502
 -0.393 -0.286 -0.100  0.216  0.568  0.746  1.000  0.776  0.630  0.434  0.595  0.469  0.424  0.154  0.007 -0.221 -0.341 -0.461 -0.472 -0.472 -0.384 -0.217  0.015  0.058 -0.065  0.076  0.257  0.169  0.135  0.291  0.285  0.186  0.188  0.260  0.285  0.303  0.305  0.326  0.348  0.378  0.418  0.463  0.473  0.421  0.252  0.142  0.237  0.217  0.291  0.188  0.126  0.084 -0.043 -0.144 -0.320 -0.375 -0.424 -0.318 -0.220 -0.319 -0.330 -0.381 -0.378 -0.241 -0.126  0.200  0.386  0.611  0.615  0.494  0.349  0.152 -0.277 -0.545 -0.553 -0.524
 -0.309 -0.260 -0.154  0.031  0.284  0.452  0.776  1.000  0.736  0.420  0.391  0.221  0.176 -0.001 -0.070 -0.197 -0.278 -0.336 -0.331 -0.311 -0.242 -0.110  0.037  0.071 -0.020  0.045  0.179  0.126  0.074  0.172  0.186  0.114  0.104  0.158  0.189  0.210  0.228  0.256  0.276  0.291  0.313  0.335  0.330  0.294  0.166  0.098  0.167  0.153  0.206  0.141  0.119  0.091  0.014 -0.052 -0.183 -0.257 -0.287 -0.195 -0.150 -0.229 -0.261 -0.302 -0.313 -0.239 -0.162  0.038  0.200  0.420  0.423  0.331  0.250  0.082 -0.284 -0.435 -0.429 -0.392
 -0.286 -0.239 -0.140  0.071  0.295  0.432  0.630  0.736  1.000  0.738  0.613  0.324  0.216  0.044 -0.043 -0.168 -0.241 -0.307 -0.311 -0.298 -0.242 -0.146 -0.015  0.031 -0.047  0.013  0.135  0.098  0.069  0.156  0.168  0.116  0.113  0.161  0.181  0.182  0.186  0.194  0.204  0.218  0.234  0.244  0.248  0.215  0.105  0.062  0.115  0.105  0.149  0.085  0.064  0.045 -0.028 -0.098 -0.208 -0.267 -0.294 -0.215 -0.164 -0.237 -0.264 -0.299 -0.301 -0.219 -0.151  0.061  0.180  0.328  0.320  0.254  0.176  0.042 -0.258 -0.397 -0.388 -0.354
 -0.239 -0.176 -0.059  0.178  0.355  0.472  0.434  0.420  0.738  1.000  0.692  0.437  0.263  0.113  0.002 -0.137 -0.208 -0.295 -0.312 -0.324 -0.277 -0.202 -0.071 -0.027 -0.099 -0.026  0.087  0.046  0.055  0.152  0.143  0.105  0.134  0.178  0.168  0.155  0.137  0.125  0.123  0.167  0.185  0.184  0.191  0.164  0.082  0.041  0.078  0.077  0.111  0.051  0.021 -0.003 -0.092 -0.160 -0.255 -0.275 -0.307 -0.246 -0.171 -0.229 -0.222 -0.245 -0.232 -0.129 -0.059  0.157  0.223  0.276  0.267  0.238  0.190  0.095 -0.147 -0.327 -0.331 -0.319
 -0.268 -0.125  0.022  0.373  0.581  0.665  0.595  0.391  0.613  0.692  1.000  0.789  0.633  0.398  0.178 -0.068 -0.222 -0.385 -0.439 -0.488 -0.424 -0.341 -0.127 -0.066 -0.151 -0.004  0.143  0.084  0.126  0.255  0.224  0.184  0.227  0.281  0.261  0.228  0.185  0.165  0.156  0.188  0.221  0.243  0.264  0.215  0.108  0.056  0.100  0.085  0.127  0.030 -0.042 -0.062 -0.209 -0.318 -0.431 -0.419 -0.465 -0.419 -0.310 -0.357 -0.319 -0.320 -0.273 -0.096 -0.038  0.248  0.297  0.385  0.380  0.315  0.203  0.106 -0.158 -0.387 -0.376 -0.358
 -0.147  0.038  0.209  0.548  0.669  0.675  0.469  0.221  0.324  0.437  0.789  1.000  0.815  0.605  0.336  0.054 -0.132 -0.333 -0.418 -0.513 -0.466 -0.427 -0.205 -0.153 -0.219 -0.035  0.087  0.021  0.110  0.238  0.181  0.162  0.230  0.272  0.226  0.177  0.117  0.081  0.066  0.099  0.136  0.169  0.199  0.162  0.091  0.042  0.066  0.037  0.059 -0.042 -0.142 -0.162 -0.325 -0.431 -0.509 -0.439 -0.481 -0.477 -0.347 -0.350 -0.267 -0.220 -0.138  0.069  0.102  0.340  0.323  0.363  0.328  0.267  0.156  0.111 -0.088 -0.297 -0.278 -0.264
 -0.076  0.111  0.248  0.533  0.665  0.566  0.424  0.176  0.216  0.263  0.633  0.815  1.000  0.761  0.511  0.192 -0.018 -0.243 -0.370 -0.453 -0.387 -0.378 -0.180 -0.103 -0.138  0.029  0.129  0.093  0.175  0.263  0.206  0.198  0.245  0.260  0.228  0.166  0.108  0.078  0.057  0.066  0.091  0.121  0.139  0.077  0.005 -0.011  0.007 -0.027 -0.007 -0.103 -0.185 -0.164 -0.310 -0.436 -0.496 -0.449 -0.493 -0.514 -0.418 -0.408 -0.326 -0.254 -0.148  0.043  0.018  0.230  0.225  0.264  0.260  0.195  0.078  0.073 -0.060 -0.233 -0.218 -0.206
  0.280  0.456  0.534  0.654  0.451  0.300  0.154 -0.001  0.044  0.113  0.398  0.605  0.761  1.000  0.759  0.504  0.268  0.038 -0.132 -0.276 -0.271 -0.427 -0.344 -0.294 -0.254 -0.119 -0.113 -0.124  0.002  0.040 -0.025  0.010  0.080  0.080  0.017 -0.049 -0.108 -0.153 -0.159 -0.181 -0.197 -0.142 -0.147 -0.189 -0.173 -0.129 -0.176 -0.229 -0.262 -0.332 -0.416 -0.383 -0.476 -0.550 -0.482 -0.351 -0.341 -0.464 -0.397 -0.282 -0.165 -0.005  0.176  0.345  0.207  0.262  0.076 -0.010 -0.054 -0.084 -0.146  0.005  0.086  0.061  0.089  0.086
  0.354  0.525  0.527  0.484  0.284  0.108  0.007 -0.070 -0.043  0.002  0.178  0.336  0.511  0.759  1.000  0.698  0.430  0.197 -0.010 -0.114 -0.085 -0.268 -0.261 -0.203 -0.136 -0.048 -0.090 -0.082  0.019  0.011 -0.055 -0.014  0.040  0.013 -0.039 -0.095 -0.143 -0.170 -0.174 -0.217 -0.238 -0.205 -0.230 -0.285 -0.269 -0.189 -0.243 -0.291 -0.318 -0.361 -0.396 -0.320 -0.357 -0.431 -0.344 -0.263 -0.253 -0.388 -0.384 -0.268 -0.163  0.006  0.203  0.297  0.108  0.100 -0.050 -0.150 -0.166 -0.186 -0.221 -0.049  0.106  0.146  0.167  0.162
  0.668  0.686  0.486  0.309 -0.035 -0.184 -0.221 -0.197 -0.168 -0.137 -0.068  0.054  0.192  0.504  0.698  1.000  0.719  0.518  0.304  0.195  0.176 -0.135 -0.292 -0.285 -0.145 -0.171 -0.300 -0.250 -0.161 -0.244 -0.281 -0.198 -0.154 -0.204 -0.261 -0.314 -0.343 -0.365 -0.342 -0.390 -0.443 -0.395 -0.440 -0.476 -0.410 -0.288 -0.381 -0.425 -0.480 -0.478 -0.483 -0.399 -0.362 -0.351 -0.146 -0.035  0.021 -0.186 -0.260 -0.087  0.011  0.214  0.438  0.415  0.134 -0.031 -0.258 -0.394 -0.416 -0.399 -0.374 -0.112  0.223  0.395  0.414  0.396
  0.680  0.525  0.378  0.124 -0.190 -0.321 -0.341 -0.278 -0.241 -0.208 -0.222 -0.132 -0.018  0.268  0.430  0.719  1.000  0.801  0.542  0.435  0.461  0.111 -0.133 -0.159 -0.024 -0.140 -0.304 -0.252 -0.212 -0.327 -0.352 -0.280 -0.254 -0.311 -0.352 -0.377 -0.382 -0.394 -0.370 -0.412 -0.453 -0.428 -0.462 -0.455 -0.358 -0.238 -0.324 -0.359 -0.426 -0.396 -0.352 -0.258 -0.157 -0.097  0.134  0.211  0.236  0.039 -0.080  0.059  0.123  0.265  0.425  0.311  0.114 -0.103 -0.300 -0.446 -0.467 -0.442 -0.395 -0.156  0.206  0.413  0.393  0.366
  0.661  0.491  0.249 -0.046 -0.367 -0.483 -0.461 -0.336 -0.307 -0.295 -0.385 -0.333 -0.243  0.038  0.197  0.518  0.801  1.000  0.784  0.669  0.610  0.224 -0.117 -0.180  0.003 -0.185 -0.417 -0.334 -0.303 -0.460 -0.469 -0.376 -0.358 -0.425 -0.463 -0.475 -0.465 -0.469 -0.427 -0.475 -0.526 -0.491 -0.538 -0.502 -0.373 -0.248 -0.349 -0.385 -0.460 -0.403 -0.340 -0.261 -0.089  0.035  0.321  0.412  0.479  0.267  0.111  0.268  0.278  0.367  0.454  0.294  0.128 -0.177 -0.375 -0.537 -0.562 -0.519 -0.437 -0.202  0.237  0.519  0.501  0.470
  0.505  0.326  0.138 -0.155 -0.430 -0.504 -0.472 -0.331 -0.311 -0.312 -0.439 -0.418 -0.370 -0.132 -0.010  0.304  0.542  0.784  1.000  0.793  0.601  0.273 -0.062 -0.164 -0.029 -0.226 -0.440 -0.373 -0.368 -0.511 -0.503 -0.425 -0.412 -0.465 -0.493 -0.483 -0.451 -0.444 -0.394 -0.430 -0.477 -0.435 -0.473 -0.409 -0.264 -0.175 -0.260 -0.288 -0.352 -0.281 -0.212 -0.182  0.018  0.198  0.487  0.614  0.685  0.501  0.344  0.470  0.426  0.417  0.404  0.237  0.167 -0.148 -0.324 -0.481 -0.520 -0.467 -0.373 -0.195  0.197  0.460  0.441  0.412
  0.341  0.150 -0.035 -0.326 -0.501 -0.560 -0.472 -0.311 -0.298 -0.324 -0.488 -0.513 -0.453 -0.276 -0.114  0.195  0.435  0.669  0.793  1.000  0.812  0.512  0.153  0.056  0.178 -0.080 -0.285 -0.209 -0.273 -0.437 -0.413 -0.364 -0.384 -0.435 -0.434 -0.410 -0.361 -0.335 -0.294 -0.331 -0.370 -0.370 -0.406 -0.365 -0.263 -0.182 -0.242 -0.237 -0.260 -0.163 -0.049  0.016  0.230  0.400  0.649  0.633  0.689  0.562  0.361  0.424  0.334  0.272  0.229  0.036 -0.015 -0.297 -0.374 -0.485 -0.472 -0.418 -0.326 -0.201  0.145  0.382  0.356  0.332
  0.237  0.037 -0.123 -0.376 -0.457 -0.495 -0.384 -0.242 -0.242 -0.277 -0.424 -0.466 -0.387 -0.271 -0.085  0.176  0.461  0.610  0.601  0.812  1.000  0.749  0.386  0.294  0.415  0.128 -0.073 -0.005 -0.122 -0.292 -0.273 -0.263 -0.302 -0.346 -0.326 -0.292 -0.242 -0.205 -0.180 -0.203 -0.226 -0.276 -0.301 -0.296 -0.253 -0.190 -0.219 -0.184 -0.164 -0.053  0.095  0.216  0.389  0.503  0.670  0.541  0.505  0.423  0.203  0.205  0.137  0.087  0.064 -0.120 -0.179 -0.378 -0.377 -0.424 -0.362 -0.313 -0.248 -0.170  0.064  0.243  0.205  0.188
 -0.127 -0.301 -0.365 -0.515 -0.381 -0.345 -0.217 -0.110 -0.146 -0.202 -0.341 -0.427 -0.378 -0.427 -0.268 -0.135  0.111  0.224  0.273  0.512  0.749  1.000  0.760  0.653  0.688  0.448  0.266  0.274  0.094 -0.051 -0.044 -0.100 -0.169 -0.187 -0.134 -0.075 -0.009  0.056  0.054  0.056  0.081 -0.028  0.010  0.006 -0.017 -0.032  0.009  0.091  0.176  0.311  0.484  0.618  0.712  0.758  0.709  0.455  0.334  0.413  0.223  0.094 -0.001 -0.132 -0.235 -0.392 -0.346 -0.399 -0.241 -0.177 -0.079 -0.051 -0.028 -0.118 -0.128 -0.081 -0.131 -0.127
 -0.372 -0.458 -0.417 -0.424 -0.150 -0.078  0.015  0.037 -0.015 -0.071 -0.127 -0.205 -0.180 -0.344 -0.261 -0.292 -0.133 -0.117 -0.062  0.153  0.386  0.760  1.000  0.844  0.675  0.605  0.589  0.478  0.235  0.180  0.185  0.057 -0.033 -0.014  0.061  0.130  0.226  0.325  0.290  0.268  0.334  0.221  0.319  0.291  0.220  0.138  0.227  0.338  0.464  0.571  0.681  0.791  0.711  0.658  0.466  0.223  0.040  0.201  0.132 -0.080 -0.150 -0.298 -0.419 -0.494 -0.380 -0.272 -0.030  0.116  0.208  0.197  0.167 -0.037 -0.278 -0.382 -0.432 -0.414
 -0.433 -0.496 -0.449 -0.422 -0.110 -0.046  0.058  0.071  0.031 -0.027 -0.066 -0.153 -0.103 -0.294 -0.203 -0.285 -0.159 -0.180 -0.164  0.056  0.294  0.653  0.844  1.000  0.809  0.615  0.714  0.676  0.401  0.341  0.364  0.243  0.148  0.152  0.228  0.260  0.296  0.381  0.313  0.303  0.405  0.185  0.279  0.242  0.150  0.112  0.202  0.294  0.416  0.495  0.635  0.798  0.724  0.570  0.349  0.054 -0.122  0.055 -0.024 -0.255 -0.312 -0.422 -0.516 -0.574 -0.486 -0.330 -0.058  0.111  0.233  0.192  0.162 -0.068 -0.296 -0.413 -0.447 -0.422
 -0.261 -0.346 -0.406 -0.439 -0.226 -0.193 -0.065 -0.020 -0.047 -0.099 -0.151 -0.219 -0.138 -0.254 -0.136 -0.145 -0.024  0.003 -0.029  0.178  0.415  0.688  0.675  0.809  1.000  0.736  0.563  0.651  0.489  0.293  0.284  0.236  0.136  0.093  0.152  0.158  0.178  0.233  0.178  0.174  0.234  0.050  0.082  0.007 -0.089 -0.086 -0.032  0.042  0.155  0.247  0.403  0.581  0.575  0.455  0.336  0.075 -0.054  0.037 -0.098 -0.243 -0.296 -0.360 -0.410 -0.492 -0.493 -0.429 -0.243 -0.102  0.040  0.037  0.028 -0.087 -0.164 -0.188 -0.220 -0.205
 -0.325 -0.326 -0.328 -0.271 -0.034 -0.006  0.076  0.045  0.013 -0.026 -0.004 -0.035  0.029 -0.119 -0.048 -0.171 -0.140 -0.185 -0.226 -0.080  0.128  0.448  0.605  0.615  0.736  1.000  0.728  0.638  0.611  0.492  0.392  0.328  0.238  0.188  0.229  0.232  0.280  0.355  0.280  0.236  0.279  0.198  0.243  0.139  0.031 -0.008  0.056  0.114  0.215  0.259  0.319  0.458  0.375  0.239  0.068 -0.110 -0.231 -0.138 -0.179 -0.299 -0.326 -0.380 -0.418 -0.419 -0.396 -0.256 -0.094  0.064  0.164  0.134  0.085 -0.030 -0.199 -0.292 -0.323 -0.300
 -0.531 -0.486 -0.388 -0.234  0.125  0.184  0.257  0.179  0.135  0.087  0.143  0.087  0.129 -0.113 -0.090 -0.300 -0.304 -0.417 -0.440 -0.285 -0.073  0.266  0.589  0.714  0.563  0.728  1.000  0.847  0.624  0.686  0.685  0.508  0.401  0.433  0.511  0.532  0.565  0.644  0.544  0.474  0.567  0.389  0.446  0.342  0.184  0.119  0.228  0.286  0.415  0.412  0.458  0.575  0.421  0.218 -0.040 -0.263 -0.419 -0.246 -0.231 -0.439 -0.466 -0.539 -0.592 -0.547 -0.463 -0.189  0.078  0.298  0.414  0.356  0.286  0.041 -0.328 -0.566 -0.596 -0.558
 -0.474 -0.450 -0.415 -0.299  0.025  0.062  0.169  0.126  0.098  0.046  0.084  0.021  0.093 -0.124 -0.082 -0.250 -0.252 -0.334 -0.373 -0.209 -0.005  0.274  0.478  0.676  0.651  0.638  0.847  1.000  0.787  0.700  0.754  0.659  0.517  0.492  0.578  0.542  0.525  0.554  0.450  0.411  0.493  0.266  0.279  0.153 -0.015 -0.027  0.063  0.113  0.246  0.256  0.351  0.485  0.387  0.185 -0.025 -0.266 -0.394 -0.254 -0.291 -0.472 -0.506 -0.552 -0.586 -0.566 -0.540 -0.320 -0.076  0.129  0.284  0.242  0.200  0.008 -0.248 -0.434 -0.462 -0.427
 -0.356 -0.297 -0.291 -0.168  0.073  0.076  0.135  0.074  0.069  0.055  0.126  0.110  0.175  0.002  0.019 -0.161 -0.212 -0.303 -0.368 -0.273 -0.122  0.094  0.235  0.401  0.489  0.611  0.624  0.787  1.000  0.821  0.710  0.770  0.692  0.561  0.561  0.441  0.338  0.339  0.218  0.222  0.306  0.124  0.132  0.004 -0.131 -0.105 -0.058 -0.039  0.051  0.045  0.116  0.247  0.166 -0.025 -0.189 -0.351 -0.428 -0.350 -0.375 -0.471 -0.479 -0.470 -0.463 -0.408 -0.422 -0.239 -0.104  0.044  0.164  0.102  0.060 -0.035 -0.149 -0.260 -0.275 -0.248
 -0.462 -0.367 -0.268 -0.063  0.239  0.270  0.291  0.172  0.156  0.152  0.255  0.238  0.263  0.040  0.011 -0.244 -0.327 -0.460 -0.511 -0.437 -0.292 -0.051  0.180  0.341  0.293  0.492  0.686  0.700  0.821  1.000  0.879  0.793  0.777  0.766  0.750  0.681  0.547  0.520  0.409  0.412  0.497  0.303  0.303  0.188  0.023  0.004  0.088  0.091  0.185  0.127  0.150  0.243  0.121 -0.086 -0.301 -0.449 -0.530 -0.415 -0.380 -0.506 -0.509 -0.518 -0.516 -0.413 -0.369 -0.099  0.077  0.268  0.372  0.314  0.241  0.073 -0.227 -0.468 -0.492 -0.457
 -0.493 -0.419 -0.323 -0.131  0.182  0.229  0.285  0.186  0.168  0.143  0.224  0.181  0.206 -0.025 -0.055 -0.281 -0.352 -0.469 -0.503 -0.413 -0.273 -0.044  0.185  0.364  0.284  0.392  0.685  0.754  0.710  0.879  1.000  0.857  0.752  0.789  0.846  0.790  0.695  0.643  0.542  0.517  0.555  0.357  0.320  0.198  0.013 -0.004  0.092  0.102  0.209  0.151  0.188  0.263  0.151 -0.044 -0.259 -0.425 -0.506 -0.374 -0.347 -0.494 -0.515 -0.542 -0.554 -0.469 -0.425 -0.157  0.047  0.257  0.382  0.349  0.291  0.105 -0.234 -0.509 -0.539 -0.501
 -0.375 -0.305 -0.262 -0.112  0.122  0.139  0.186  0.114  0.116  0.105  0.184  0.162  0.198  0.010 -0.014 -0.198 -0.280 -0.376 -0.425 -0.364 -0.263 -0.100  0.057  0.243  0.236  0.328  0.508  0.659  0.770  0.793  0.857  1.000  0.883  0.762  0.775  0.602  0.437  0.393  0.279  0.285  0.348  0.157  0.139  0.028 -0.106 -0.070 -0.017 -0.020  0.051  0.004  0.048  0.140  0.055 -0.129 -0.288 -0.417 -0.466 -0.382 -0.375 -0.466 -0.474 -0.458 -0.449 -0.372 -0.375 -0.174 -0.044  0.102  0.209  0.152  0.116  0.006 -0.142 -0.309 -0.320 -0.288
 -0.315 -0.229 -0.175 -0.016  0.180  0.191  0.188  0.104  0.113  0.134  0.227  0.230  0.245  0.080  0.040 -0.154 -0.254 -0.358 -0.412 -0.384 -0.302 -0.169 -0.033  0.148  0.136  0.238  0.401  0.517  0.692  0.777  0.752  0.883  1.000  0.867  0.762  0.588  0.325  0.269  0.165  0.193  0.292  0.095  0.096  0.011 -0.098 -0.061 -0.021 -0.040  0.012 -0.045 -0.016  0.073 -0.014 -0.191 -0.332 -0.429 -0.463 -0.401 -0.379 -0.445 -0.432 -0.395 -0.369 -0.275 -0.276 -0.087  0.004  0.117  0.199  0.137  0.094 -0.002 -0.133 -0.276 -0.282 -0.252
 -0.374 -0.284 -0.188  0.004  0.227  0.269  0.260  0.158  0.161  0.178  0.281  0.272  0.260  0.080  0.013 -0.204 -0.311 -0.425 -0.465 -0.435 -0.346 -0.187 -0.014  0.152  0.093  0.188  0.433  0.492  0.561  0.766  0.789  0.762  0.867  1.000  0.907  0.798  0.536  0.441  0.361  0.360  0.439  0.233  0.211  0.122 -0.023 -0.027  0.043  0.030  0.103  0.030  0.043  0.100 -0.007 -0.178 -0.344 -0.442 -0.484 -0.398 -0.352 -0.444 -0.435 -0.423 -0.405 -0.299 -0.270 -0.046  0.076  0.231  0.321  0.296  0.242  0.094 -0.186 -0.413 -0.433 -0.399
 -0.450 -0.370 -0.268 -0.072  0.201  0.256  0.285  0.189  0.181  0.168  0.261  0.226  0.228  0.017 -0.039 -0.261 -0.352 -0.463 -0.493 -0.434 -0.326 -0.134  0.061  0.228  0.152  0.229  0.511  0.578  0.561  0.750  0.846  0.775  0.762  0.907  1.000  0.901  0.702  0.584  0.502  0.497  0.543  0.336  0.289  0.181  0.003 -0.015  0.076  0.074  0.168  0.095  0.119  0.171  0.060 -0.114 -0.304 -0.433 -0.491 -0.377 -0.336 -0.462 -0.472 -0.488 -0.487 -0.393 -0.354 -0.107  0.065  0.267  0.389  0.381  0.330  0.151 -0.197 -0.483 -0.518 -0.481
 -0.488 -0.422 -0.298 -0.106  0.191  0.267  0.303  0.210  0.182  0.155  0.228  0.177  0.166 -0.049 -0.095 -0.314 -0.377 -0.475 -0.483 -0.410 -0.292 -0.075  0.130  0.260  0.158  0.232  0.532  0.542  0.441  0.681  0.790  0.602  0.588  0.798  0.901  1.000  0.847  0.702  0.621  0.613  0.625  0.451  0.389  0.285  0.091  0.033  0.146  0.153  0.260  0.191  0.206  0.226  0.120 -0.030 -0.235 -0.373 -0.440 -0.304 -0.256 -0.405 -0.430 -0.482 -0.504 -0.423 -0.349 -0.091  0.114  0.340  0.456  0.482  0.420  0.222 -0.224 -0.550 -0.602 -0.567
 -0.506 -0.454 -0.328 -0.152  0.154  0.240  0.305  0.228  0.186  0.137  0.185  0.117  0.108 -0.108 -0.143 -0.343 -0.382 -0.465 -0.451 -0.361 -0.242 -0.009  0.226  0.296  0.178  0.280  0.565  0.525  0.338  0.547  0.695  0.437  0.325  0.536  0.702  0.847  1.000  0.880  0.767  0.694  0.627  0.540  0.455  0.348  0.148  0.063  0.186  0.218  0.333  0.276  0.284  0.271  0.165  0.047 -0.159 -0.297 -0.375 -0.224 -0.172 -0.334 -0.380 -0.464 -0.513 -0.449 -0.360 -0.106  0.121  0.355  0.463  0.502  0.439  0.245 -0.238 -0.568 -0.620 -0.588
 -0.536 -0.489 -0.365 -0.197  0.133  0.229  0.326  0.256  0.194  0.125  0.165  0.081  0.078 -0.153 -0.170 -0.365 -0.394 -0.469 -0.444 -0.335 -0.205  0.056  0.325  0.381  0.233  0.355  0.644  0.554  0.339  0.520  0.643  0.393  0.269  0.441  0.584  0.702  0.880  1.000  0.867  0.677  0.661  0.594  0.519  0.398  0.197  0.097  0.227  0.273  0.400  0.356  0.361  0.348  0.233  0.115 -0.107 -0.263 -0.353 -0.185 -0.137 -0.315 -0.374 -0.476 -0.542 -0.488 -0.387 -0.124  0.125  0.373  0.477  0.503  0.429  0.187 -0.287 -0.591 -0.638 -0.602
 -0.493 -0.458 -0.338 -0.179  0.127  0.233  0.348  0.276  0.204  0.123  0.156  0.066  0.057 -0.159 -0.174 -0.342 -0.370 -0.427 -0.394 -0.294 -0.180  0.054  0.290  0.313  0.178  0.280  0.544  0.450  0.218  0.409  0.542  0.279  0.165  0.361  0.502  0.621  0.767  0.867  1.000  0.774  0.701  0.670  0.555  0.418  0.205  0.085  0.221  0.262  0.392  0.354  0.343  0.302  0.206  0.123 -0.079 -0.216 -0.290 -0.130 -0.080 -0.249 -0.315 -0.430 -0.495 -0.450 -0.350 -0.106  0.134  0.385  0.500  0.563  0.519  0.263 -0.238 -0.574 -0.643 -0.616
 -0.529 -0.500 -0.343 -0.160  0.183  0.303  0.378  0.291  0.218  0.167  0.188  0.099  0.066 -0.181 -0.217 -0.390 -0.412 -0.475 -0.430 -0.331 -0.203  0.056  0.268  0.303  0.174  0.236  0.474  0.411  0.222  0.412  0.517  0.285  0.193  0.360  0.497  0.613  0.694  0.677  0.774  1.000  0.834  0.754  0.615  0.475  0.239  0.097  0.245  0.287  0.427  0.387  0.373  0.327  0.233  0.148 -0.076 -0.224 -0.306 -0.125 -0.066 -0.259 -0.325 -0.456 -0.524 -0.466 -0.338 -0.064  0.203  0.457  0.609  0.692  0.698  0.463 -0.163 -0.609 -0.695 -0.684
 -0.591 -0.552 -0.379 -0.166  0.229  0.363  0.418  0.313  0.234  0.185  0.221  0.136  0.091 -0.197 -0.238 -0.443 -0.453 -0.526 -0.477 -0.370 -0.226  0.081  0.334  0.405  0.234  0.279  0.567  0.493  0.306  0.497  0.555  0.348  0.292  0.439  0.543  0.625  0.627  0.661  0.701  0.834  1.000  0.768  0.697  0.564  0.317  0.150  0.314  0.366  0.522  0.475  0.463  0.429  0.305  0.192 -0.069 -0.244 -0.351 -0.145 -0.076 -0.299 -0.352 -0.490 -0.569 -0.504 -0.347 -0.042  0.267  0.553  0.712  0.753  0.710  0.369 -0.269 -0.677 -0.759 -0.736
 -0.502 -0.454 -0.271 -0.060  0.289  0.405  0.463  0.335  0.244  0.184  0.243  0.169  0.121 -0.142 -0.205 -0.395 -0.428 -0.491 -0.435 -0.370 -0.276 -0.028  0.221  0.185  0.050  0.198  0.389  0.266  0.124  0.303  0.357  0.157  0.095  0.233  0.336  0.451  0.540  0.594  0.670  0.754  0.768  1.000  0.827  0.640  0.379  0.161  0.317  0.370  0.518  0.467  0.376  0.246  0.137  0.103 -0.117 -0.208 -0.272 -0.104  0.003 -0.159 -0.222 -0.374 -0.445 -0.369 -0.216  0.067  0.339  0.604  0.725  0.807  0.691  0.445 -0.212 -0.614 -0.698 -0.687
 -0.537 -0.483 -0.278 -0.045  0.331  0.450  0.473  0.330  0.248  0.191  0.264  0.199  0.139 -0.147 -0.230 -0.440 -0.462 -0.538 -0.473 -0.406 -0.301  0.010  0.319  0.279  0.082  0.243  0.446  0.279  0.132  0.303  0.320  0.139  0.096  0.211  0.289  0.389  0.455  0.519  0.555  0.615  0.697  0.827  1.000  0.839  0.577  0.298  0.460  0.519  0.677  0.625  0.509  0.382  0.224  0.165 -0.095 -0.203 -0.301 -0.102  0.027 -0.170 -0.209 -0.357 -0.442 -0.358 -0.173  0.133  0.445  0.714  0.759  0.742  0.606  0.308 -0.308 -0.670 -0.729 -0.706
 -0.490 -0.452 -0.219 -0.013  0.321  0.446  0.421  0.294  0.215  0.164  0.215  0.162  0.077 -0.189 -0.285 -0.476 -0.455 -0.502 -0.409 -0.365 -0.296  0.006  0.291  0.242  0.007  0.139  0.342  0.153  0.004  0.188  0.198  0.028  0.011  0.122  0.181  0.285  0.348  0.398  0.418  0.475  0.564  0.640  0.839  1.000  0.818  0.509  0.662  0.711  0.746  0.634  0.517  0.387  0.249  0.208 -0.046 -0.135 -0.225 -0.029  0.109 -0.075 -0.096 -0.233 -0.332 -0.259 -0.039  0.237  0.541  0.762  0.698  0.647  0.515  0.210 -0.347 -0.654 -0.690 -0.662
 -0.338 -0.311 -0.119  0.013  0.229  0.319  0.252  0.166  0.105  0.082  0.108  0.091  0.005 -0.173 -0.269 -0.410 -0.358 -0.373 -0.264 -0.263 -0.253 -0.017  0.220  0.150 -0.089  0.031  0.184 -0.015 -0.131  0.023  0.013 -0.106 -0.098 -0.023  0.003  0.091  0.148  0.197  0.205  0.239  0.317  0.379  0.577  0.818  1.000  0.731  0.703  0.711  0.606  0.551  0.437  0.307  0.191  0.186  0.001 -0.024 -0.106  0.040  0.184  0.058  0.079 -0.014 -0.129 -0.089  0.141  0.317  0.508  0.594  0.470  0.397  0.299  0.065 -0.297 -0.475 -0.496 -0.475
 -0.226 -0.216 -0.069  0.008  0.138  0.196  0.142  0.098  0.062  0.041  0.056  0.042 -0.011 -0.129 -0.189 -0.288 -0.238 -0.248 -0.175 -0.182 -0.190 -0.032  0.138  0.112 -0.086 -0.008  0.119 -0.027 -0.105  0.004 -0.004 -0.070 -0.061 -0.027 -0.015  0.033  0.063  0.097  0.085  0.097  0.150  0.161  0.298  0.509  0.731  1.000  0.774  0.586  0.405  0.345  0.287  0.226  0.149  0.123 -0.010 -0.030 -0.085  0.014  0.110  0.033  0.050 -0.002 -0.082 -0.067  0.075  0.184  0.335  0.384  0.264  0.178  0.119 -0.055 -0.245 -0.326 -0.327 -0.306
 -0.349 -0.338 -0.149 -0.040  0.178  0.269  0.237  0.167  0.115  0.078  0.100  0.066  0.007 -0.176 -0.243 -0.381 -0.324 -0.349 -0.260 -0.242 -0.219  0.009  0.227  0.202 -0.032  0.056  0.228  0.063 -0.058  0.088  0.092 -0.017 -0.021  0.043  0.076  0.146  0.186  0.227  0.221  0.245  0.314  0.317  0.460  0.662  0.703  0.774  1.000  0.779  0.598  0.457  0.380  0.324  0.233  0.189 -0.001 -0.059 -0.130  0.017  0.124 -0.005 -0.015 -0.109 -0.207 -0.180 -0.007  0.156  0.368  0.501  0.411  0.339  0.262  0.030 -0.304 -0.474 -0.486 -0.458
 -0.405 -0.404 -0.208 -0.099  0.155  0.245  0.217  0.153  0.105  0.077  0.085  0.037 -0.027 -0.229 -0.291 -0.425 -0.359 -0.385 -0.288 -0.237 -0.184  0.091  0.338  0.294  0.042  0.114  0.286  0.113 -0.039  0.091  0.102 -0.020 -0.040  0.030  0.074  0.153  0.218  0.273  0.262  0.287  0.366  0.370  0.519  0.711  0.711  0.586  0.779  1.000  0.814  0.643  0.524  0.444  0.315  0.275  0.054 -0.036 -0.130  0.049  0.168 -0.004 -0.027 -0.150 -0.264 -0.243 -0.054  0.137  0.367  0.481  0.434  0.390  0.314  0.069 -0.329 -0.508 -0.528 -0.503
 -0.516 -0.509 -0.295 -0.151  0.183  0.293  0.291  0.206  0.149  0.111  0.127  0.059 -0.007 -0.262 -0.318 -0.480 -0.426 -0.460 -0.352 -0.260 -0.164  0.176  0.464  0.416  0.155  0.215  0.415  0.246  0.051  0.185  0.209  0.051  0.012  0.103  0.168  0.260  0.333  0.400  0.392  0.427  0.522  0.518  0.677  0.746  0.606  0.405  0.598  0.814  1.000  0.833  0.683  0.571  0.408  0.370  0.106 -0.027 -0.145  0.084  0.203 -0.032 -0.087 -0.264 -0.399 -0.370 -0.163  0.088  0.374  0.543  0.553  0.534  0.442  0.145 -0.361 -0.620 -0.654 -0.625
 -0.495 -0.506 -0.334 -0.239  0.075  0.176  0.188  0.141  0.085  0.051  0.030 -0.042 -0.103 -0.332 -0.361 -0.478 -0.396 -0.403 -0.281 -0.163 -0.053  0.311  0.571  0.495  0.247  0.259  0.412  0.256  0.045  0.127  0.151  0.004 -0.045  0.030  0.095  0.191  0.276  0.356  0.354  0.387  0.475  0.467  0.625  0.634  0.551  0.345  0.457  0.643  0.833  1.000  0.861  0.693  0.513  0.506  0.240  0.089 -0.051  0.190  0.292  0.039 -0.021 -0.215 -0.387 -0.393 -0.183  0.025  0.303  0.426  0.460  0.451  0.384  0.103 -0.331 -0.543 -0.590 -0.568
 -0.512 -0.564 -0.409 -0.354 -0.020  0.084  0.126  0.119  0.064  0.021 -0.042 -0.142 -0.185 -0.416 -0.396 -0.483 -0.352 -0.340 -0.212 -0.049  0.095  0.484  0.681  0.635  0.403  0.319  0.458  0.351  0.116  0.150  0.188  0.048 -0.016  0.043  0.119  0.206  0.284  0.361  0.343  0.373  0.463  0.376  0.509  0.517  0.437  0.287  0.380  0.524  0.683  0.861  1.000  0.864  0.720  0.685  0.400  0.173  0.012  0.275  0.304  0.018 -0.066 -0.269 -0.454 -0.497 -0.285 -0.097  0.203  0.328  0.390  0.379  0.335  0.043 -0.337 -0.514 -0.563 -0.541
 -0.488 -0.554 -0.448 -0.407 -0.075  0.016  0.084  0.091  0.045 -0.003 -0.062 -0.162 -0.164 -0.383 -0.320 -0.399 -0.258 -0.261 -0.182  0.016  0.216  0.618  0.791  0.798  0.581  0.458  0.575  0.485  0.247  0.243  0.263  0.140  0.073  0.100  0.171  0.226  0.271  0.348  0.302  0.327  0.429  0.246  0.382  0.387  0.307  0.226  0.324  0.444  0.571  0.693  0.864  1.000  0.851  0.713  0.429  0.139 -0.047  0.194  0.146 -0.135 -0.206 -0.362 -0.507 -0.558 -0.398 -0.218  0.076  0.218  0.307  0.273  0.239 -0.037 -0.338 -0.475 -0.514 -0.486
 -0.386 -0.506 -0.439 -0.489 -0.218 -0.145 -0.043  0.014 -0.028 -0.092 -0.209 -0.325 -0.310 -0.476 -0.357 -0.362 -0.157 -0.089  0.018  0.230  0.389  0.712  0.711  0.724  0.575  0.375  0.421  0.387  0.166  0.121  0.151  0.055 -0.014 -0.007  0.060  0.120  0.165  0.233  0.206  0.233  0.305  0.137  0.224  0.249  0.191  0.149  0.233  0.315  0.408  0.513  0.720  0.851  1.000  0.858  0.618  0.320  0.178  0.383  0.257  0.019 -0.088 -0.256 -0.411 -0.518 -0.373 -0.296 -0.033  0.071  0.156  0.138  0.134 -0.091 -0.275 -0.327 -0.367 -0.347
 -0.283 -0.443 -0.390 -0.509 -0.313 -0.244 -0.144 -0.052 -0.098 -0.160 -0.318 -0.431 -0.436 -0.550 -0.431 -0.351 -0.097  0.035  0.198  0.400  0.503  0.758  0.658  0.570  0.455  0.239  0.218  0.185 -0.025 -0.086 -0.044 -0.129 -0.191 -0.178 -0.114 -0.030  0.047  0.115  0.123  0.148  0.192  0.103  0.165  0.208  0.186  0.123  0.189  0.275  0.370  0.506  0.685  0.713  0.858  1.000  0.825  0.558  0.433  0.623  0.477  0.261  0.127 -0.081 -0.263 -0.407 -0.250 -0.265 -0.053  0.001  0.062  0.080  0.097 -0.089 -0.214 -0.220 -0.268 -0.262
 -0.017 -0.207 -0.250 -0.462 -0.436 -0.412 -0.320 -0.183 -0.208 -0.255 -0.431 -0.509 -0.496 -0.482 -0.344 -0.146  0.134  0.321  0.487  0.649  0.670  0.709  0.466  0.349  0.336  0.068 -0.040 -0.025 -0.189 -0.301 -0.259 -0.288 -0.332 -0.344 -0.304 -0.235 -0.159 -0.107 -0.079 -0.076 -0.069 -0.117 -0.095 -0.046  0.001 -0.010 -0.001  0.054  0.106  0.240  0.400  0.429  0.618  0.825  1.000  0.806  0.687  0.752  0.552  0.440  0.318  0.127 -0.025 -0.206 -0.108 -0.270 -0.196 -0.226 -0.192 -0.147 -0.092 -0.150 -0.065  0.044  0.002 -0.007
  0.170  0.014 -0.064 -0.291 -0.408 -0.408 -0.375 -0.257 -0.267 -0.275 -0.419 -0.439 -0.449 -0.351 -0.263 -0.035  0.211  0.412  0.614  0.633  0.541  0.455  0.223  0.054  0.075 -0.110 -0.263 -0.266 -0.351 -0.449 -0.425 -0.417 -0.429 -0.442 -0.433 -0.373 -0.297 -0.263 -0.216 -0.224 -0.244 -0.208 -0.203 -0.135 -0.024 -0.030 -0.059 -0.036 -0.027  0.089  0.173  0.139  0.320  0.558  0.806  1.000  0.838  0.762  0.670  0.657  0.600  0.387  0.231  0.053  0.129 -0.125 -0.179 -0.272 -0.301 -0.237 -0.174 -0.147  0.035  0.184  0.149  0.129
  0.272  0.101  0.017 -0.248 -0.446 -0.463 -0.424 -0.287 -0.294 -0.307 -0.465 -0.481 -0.493 -0.341 -0.253  0.021  0.236  0.479  0.685  0.689  0.505  0.334  0.040 -0.122 -0.054 -0.231 -0.419 -0.394 -0.428 -0.530 -0.506 -0.466 -0.463 -0.484 -0.491 -0.440 -0.375 -0.353 -0.290 -0.306 -0.351 -0.272 -0.301 -0.225 -0.106 -0.085 -0.130 -0.130 -0.145 -0.051  0.012 -0.047  0.178  0.433  0.687  0.838  1.000  0.857  0.693  0.762  0.620  0.449  0.340  0.164  0.193 -0.100 -0.207 -0.343 -0.389 -0.319 -0.235 -0.150  0.112  0.310  0.295  0.269
  0.044 -0.135 -0.106 -0.323 -0.395 -0.368 -0.318 -0.195 -0.215 -0.246 -0.419 -0.477 -0.514 -0.464 -0.388 -0.186  0.039  0.267  0.501  0.562  0.423  0.413  0.201  0.055  0.037 -0.138 -0.246 -0.254 -0.350 -0.415 -0.374 -0.382 -0.401 -0.398 -0.377 -0.304 -0.224 -0.185 -0.130 -0.125 -0.145 -0.104 -0.102 -0.029  0.040  0.014  0.017  0.049  0.084  0.190  0.275  0.194  0.383  0.623  0.752  0.762  0.857  1.000  0.840  0.734  0.531  0.307  0.161 -0.002  0.090 -0.102 -0.098 -0.185 -0.209 -0.146 -0.079 -0.118 -0.013  0.092  0.076  0.064
 -0.011 -0.136 -0.039 -0.199 -0.259 -0.222 -0.220 -0.150 -0.164 -0.171 -0.310 -0.347 -0.418 -0.397 -0.384 -0.260 -0.080  0.111  0.344  0.361  0.203  0.223  0.132 -0.024 -0.098 -0.179 -0.231 -0.291 -0.375 -0.380 -0.347 -0.375 -0.379 -0.352 -0.336 -0.256 -0.172 -0.137 -0.080 -0.066 -0.076  0.003  0.027  0.109  0.184  0.110  0.124  0.168  0.203  0.292  0.304  0.146  0.257  0.477  0.552  0.670  0.693  0.840  1.000  0.824  0.679  0.394  0.214  0.073  0.205  0.045  0.049 -0.033 -0.088 -0.025  0.014 -0.060 -0.059 -0.014 -0.029 -0.037
  0.221  0.107  0.112 -0.097 -0.301 -0.306 -0.319 -0.229 -0.237 -0.229 -0.357 -0.350 -0.408 -0.282 -0.268 -0.087  0.059  0.268  0.470  0.424  0.205  0.094 -0.080 -0.255 -0.243 -0.299 -0.439 -0.472 -0.471 -0.506 -0.494 -0.466 -0.445 -0.444 -0.462 -0.405 -0.334 -0.315 -0.249 -0.259 -0.299 -0.159 -0.170 -0.075  0.058  0.033 -0.005 -0.004 -0.032  0.039  0.018 -0.135  0.019  0.261  0.440  0.657  0.762  0.734  0.824  1.000  0.838  0.588  0.439  0.289  0.351  0.089 -0.027 -0.174 -0.269 -0.207 -0.150 -0.096  0.069  0.215  0.208  0.190
  0.303  0.243  0.202  0.006 -0.239 -0.267 -0.330 -0.261 -0.264 -0.222 -0.319 -0.267 -0.326 -0.165 -0.163  0.011  0.123  0.278  0.426  0.334  0.137 -0.001 -0.150 -0.312 -0.296 -0.326 -0.466 -0.506 -0.479 -0.509 -0.515 -0.474 -0.432 -0.435 -0.472 -0.430 -0.380 -0.374 -0.315 -0.325 -0.352 -0.222 -0.209 -0.096  0.079  0.050 -0.015 -0.027 -0.087 -0.021 -0.066 -0.206 -0.088  0.127  0.318  0.600  0.620  0.531  0.679  0.838  1.000  0.794  0.590  0.421  0.505  0.181  0.007 -0.160 -0.283 -0.231 -0.182 -0.101  0.098  0.253  0.241  0.220
  0.509  0.457  0.361  0.123 -0.230 -0.300 -0.381 -0.302 -0.299 -0.245 -0.320 -0.220 -0.254 -0.005  0.006  0.214  0.265  0.367  0.417  0.272  0.087 -0.132 -0.298 -0.422 -0.360 -0.380 -0.539 -0.552 -0.470 -0.518 -0.542 -0.458 -0.395 -0.423 -0.488 -0.482 -0.464 -0.476 -0.430 -0.456 -0.490 -0.374 -0.357 -0.233 -0.014 -0.002 -0.109 -0.150 -0.264 -0.215 -0.269 -0.362 -0.256 -0.081  0.127  0.387  0.449  0.307  0.394  0.588  0.794  1.000  0.803  0.605  0.609  0.233 -0.044 -0.258 -0.399 -0.367 -0.304 -0.137  0.177  0.398  0.406  0.381
  0.686  0.638  0.537  0.292 -0.169 -0.273 -0.378 -0.313 -0.301 -0.232 -0.273 -0.138 -0.148  0.176  0.203  0.438  0.425  0.454  0.404  0.229  0.064 -0.235 -0.419 -0.516 -0.410 -0.418 -0.592 -0.586 -0.463 -0.516 -0.554 -0.449 -0.369 -0.405 -0.487 -0.504 -0.513 -0.542 -0.495 -0.524 -0.569 -0.445 -0.442 -0.332 -0.129 -0.082 -0.207 -0.264 -0.399 -0.387 -0.454 -0.507 -0.411 -0.263 -0.025  0.231  0.340  0.161  0.214  0.439  0.590  0.803  1.000  0.838  0.659  0.304 -0.057 -0.300 -0.452 -0.427 -0.368 -0.133  0.235  0.470  0.495  0.468
  0.601  0.663  0.630  0.509  0.044 -0.070 -0.241 -0.239 -0.219 -0.129 -0.096  0.069  0.043  0.345  0.297  0.415  0.311  0.294  0.237  0.036 -0.120 -0.392 -0.494 -0.574 -0.492 -0.419 -0.547 -0.566 -0.408 -0.413 -0.469 -0.372 -0.275 -0.299 -0.393 -0.423 -0.449 -0.488 -0.450 -0.466 -0.504 -0.369 -0.358 -0.259 -0.089 -0.067 -0.180 -0.243 -0.370 -0.393 -0.497 -0.558 -0.518 -0.407 -0.206  0.053  0.164 -0.002  0.073  0.289  0.421  0.605  0.838  1.000  0.798  0.506  0.104 -0.156 -0.333 -0.327 -0.295 -0.078  0.211  0.376  0.417  0.393
  0.373  0.426  0.514  0.487  0.162  0.083 -0.126 -0.162 -0.151 -0.059 -0.038  0.102  0.018  0.207  0.108  0.134  0.114  0.128  0.167 -0.015 -0.179 -0.346 -0.380 -0.486 -0.493 -0.396 -0.463 -0.540 -0.422 -0.369 -0.425 -0.375 -0.276 -0.270 -0.354 -0.349 -0.360 -0.387 -0.350 -0.338 -0.347 -0.216 -0.173 -0.039  0.141  0.075 -0.007 -0.054 -0.163 -0.183 -0.285 -0.398 -0.373 -0.250 -0.108  0.129  0.193  0.090  0.205  0.351  0.505  0.609  0.659  0.798  1.000  0.704  0.342  0.062 -0.144 -0.153 -0.145 -0.040  0.103  0.192  0.207  0.186
  0.072  0.166  0.422  0.632  0.494  0.458  0.200  0.038  0.061  0.157  0.248  0.340  0.230  0.262  0.100 -0.031 -0.103 -0.177 -0.148 -0.297 -0.378 -0.399 -0.272 -0.330 -0.429 -0.256 -0.189 -0.320 -0.239 -0.099 -0.157 -0.174 -0.087 -0.046 -0.107 -0.091 -0.106 -0.124 -0.106 -0.064 -0.042  0.067  0.133  0.237  0.317  0.184  0.156  0.137  0.088  0.025 -0.097 -0.218 -0.296 -0.265 -0.270 -0.125 -0.100 -0.102  0.045  0.089  0.181  0.233  0.304  0.506  0.704  1.000  0.717  0.404  0.195  0.144  0.083  0.063 -0.056 -0.148 -0.130 -0.134
 -0.233 -0.144  0.180  0.448  0.620  0.602  0.386  0.200  0.180  0.223  0.297  0.323  0.225  0.076 -0.050 -0.258 -0.300 -0.375 -0.324 -0.374 -0.377 -0.241 -0.030 -0.058 -0.243 -0.094  0.078 -0.076 -0.104  0.077  0.047 -0.044  0.004  0.076  0.065  0.114  0.121  0.125  0.134  0.203  0.267  0.339  0.445  0.541  0.508  0.335  0.368  0.367  0.374  0.303  0.203  0.076 -0.033 -0.053 -0.196 -0.179 -0.207 -0.098  0.049 -0.027  0.007 -0.044 -0.057  0.104  0.342  0.717  1.000  0.720  0.527  0.426  0.316  0.132 -0.221 -0.440 -0.440 -0.425
 -0.453 -0.353 -0.089  0.213  0.556  0.682  0.611  0.420  0.328  0.276  0.385  0.363  0.264 -0.010 -0.150 -0.394 -0.446 -0.537 -0.481 -0.485 -0.424 -0.177  0.116  0.111 -0.102  0.064  0.298  0.129  0.044  0.268  0.257  0.102  0.117  0.231  0.267  0.340  0.355  0.373  0.385  0.457  0.553  0.604  0.714  0.762  0.594  0.384  0.501  0.481  0.543  0.426  0.328  0.218  0.071  0.001 -0.226 -0.272 -0.343 -0.185 -0.033 -0.174 -0.160 -0.258 -0.300 -0.156  0.062  0.404  0.720  1.000  0.845  0.695  0.521  0.207 -0.334 -0.662 -0.676 -0.645
 -0.538 -0.449 -0.222  0.073  0.503  0.632  0.615  0.423  0.320  0.267  0.380  0.328  0.260 -0.054 -0.166 -0.416 -0.467 -0.562 -0.520 -0.472 -0.362 -0.079  0.208  0.233  0.040  0.164  0.414  0.284  0.164  0.372  0.382  0.209  0.199  0.321  0.389  0.456  0.463  0.477  0.500  0.609  0.712  0.725  0.759  0.698  0.470  0.264  0.411  0.434  0.553  0.460  0.390  0.307  0.156  0.062 -0.192 -0.301 -0.389 -0.209 -0.088 -0.269 -0.283 -0.399 -0.452 -0.333 -0.144  0.195  0.527  0.845  1.000  0.849  0.673  0.319 -0.298 -0.697 -0.742 -0.717
 -0.505 -0.434 -0.226  0.030  0.395  0.523  0.494  0.331  0.254  0.238  0.315  0.267  0.195 -0.084 -0.186 -0.399 -0.442 -0.519 -0.467 -0.418 -0.313 -0.051  0.197  0.192  0.037  0.134  0.356  0.242  0.102  0.314  0.349  0.152  0.137  0.296  0.381  0.482  0.502  0.503  0.563  0.692  0.753  0.807  0.742  0.647  0.397  0.178  0.339  0.390  0.534  0.451  0.379  0.273  0.138  0.080 -0.147 -0.237 -0.319 -0.146 -0.025 -0.207 -0.231 -0.367 -0.427 -0.327 -0.153  0.144  0.426  0.695  0.849  1.000  0.829  0.486 -0.212 -0.663 -0.732 -0.716
 -0.428 -0.390 -0.228 -0.040  0.255  0.376  0.349  0.250  0.176  0.190  0.203  0.156  0.078 -0.146 -0.221 -0.374 -0.395 -0.437 -0.373 -0.326 -0.248 -0.028  0.167  0.162  0.028  0.085  0.286  0.200  0.060  0.241  0.291  0.116  0.094  0.242  0.330  0.420  0.439  0.429  0.519  0.698  0.710  0.691  0.606  0.515  0.299  0.119  0.262  0.314  0.442  0.384  0.335  0.239  0.134  0.097 -0.092 -0.174 -0.235 -0.079  0.014 -0.150 -0.182 -0.304 -0.368 -0.295 -0.145  0.083  0.316  0.521  0.673  0.829  1.000  0.684 -0.004 -0.542 -0.649 -0.657
 -0.139 -0.109 -0.046  0.047  0.144  0.186  0.152  0.082  0.042  0.095  0.106  0.111  0.073  0.005 -0.049 -0.112 -0.156 -0.202 -0.195 -0.201 -0.170 -0.118 -0.037 -0.068 -0.087 -0.030  0.041  0.008 -0.035  0.073  0.105  0.006 -0.002  0.094  0.151  0.222  0.245  0.187  0.263  0.463  0.369  0.445  0.308  0.210  0.065 -0.055  0.030  0.069  0.145  0.103  0.043 -0.037 -0.091 -0.089 -0.150 -0.147 -0.150 -0.118 -0.060 -0.096 -0.101 -0.137 -0.133 -0.078 -0.040  0.063  0.132  0.207  0.319  0.486  0.684  1.000  0.318 -0.158 -0.339 -0.406
  0.288  0.276  0.131  0.035 -0.157 -0.221 -0.277 -0.284 -0.258 -0.147 -0.158 -0.088 -0.060  0.086  0.106  0.223  0.206  0.237  0.197  0.145  0.064 -0.128 -0.278 -0.296 -0.164 -0.199 -0.328 -0.248 -0.149 -0.227 -0.234 -0.142 -0.133 -0.186 -0.197 -0.224 -0.238 -0.287 -0.238 -0.163 -0.269 -0.212 -0.308 -0.347 -0.297 -0.245 -0.304 -0.329 -0.361 -0.331 -0.337 -0.338 -0.275 -0.214 -0.065  0.035  0.112 -0.013 -0.059  0.069  0.098  0.177  0.235  0.211  0.103 -0.056 -0.221 -0.334 -0.298 -0.212 -0.004  0.318  1.000  0.517  0.303  0.189
  0.544  0.496  0.210 -0.027 -0.397 -0.524 -0.545 -0.435 -0.397 -0.327 -0.387 -0.297 -0.233  0.061  0.146  0.395  0.413  0.519  0.460  0.382  0.243 -0.081 -0.382 -0.413 -0.188 -0.292 -0.566 -0.434 -0.260 -0.468 -0.509 -0.309 -0.276 -0.413 -0.483 -0.550 -0.568 -0.591 -0.574 -0.609 -0.677 -0.614 -0.670 -0.654 -0.475 -0.326 -0.474 -0.508 -0.620 -0.543 -0.514 -0.475 -0.327 -0.220  0.044  0.184  0.310  0.092 -0.014  0.215  0.253  0.398  0.470  0.376  0.192 -0.148 -0.440 -0.662 -0.697 -0.663 -0.542 -0.158  0.517  1.000  0.846  0.700
  0.554  0.510  0.253  0.013 -0.399 -0.522 -0.553 -0.429 -0.388 -0.331 -0.376 -0.278 -0.218  0.089  0.167  0.414  0.393  0.501  0.441  0.356  0.205 -0.131 -0.432 -0.447 -0.220 -0.323 -0.596 -0.462 -0.275 -0.492 -0.539 -0.320 -0.282 -0.433 -0.518 -0.602 -0.620 -0.638 -0.643 -0.695 -0.759 -0.698 -0.729 -0.690 -0.496 -0.327 -0.486 -0.528 -0.654 -0.590 -0.563 -0.514 -0.367 -0.268  0.002  0.149  0.295  0.076 -0.029  0.208  0.241  0.406  0.495  0.417  0.207 -0.130 -0.440 -0.676 -0.742 -0.732 -0.649 -0.339  0.303  0.846  1.000  0.914
