  0.000  3.832  6.734 10.309 13.234 16.722 19.674 23.311 24.894 22.443 19.767 16.049 13.824 10.329  8.289  5.512  5.461  5.855  7.630 10.800 10.732 13.725 14.491 16.787 14.153 12.381 15.992 16.555 13.828 15.672 18.850 17.948 17.067 19.801 22.237 22.383 23.490 21.442 24.604 25.039 21.667 21.067 17.864 18.640 16.876 19.135 22.208 21.738 21.167 18.465 20.049 19.205 19.377 17.247 13.652 10.914 11.889 15.484 15.149 13.252 10.461  8.377  5.656  7.639  9.931 12.575 13.886 17.346 18.684 22.374 24.426 27.374 30.092 31.672 33.527 34.869
  3.832  0.000  3.828  6.835 10.052 13.334 16.355 19.921 21.293 18.748 16.077 12.329 10.340  6.826  5.742  4.667  6.280  8.416 10.007 13.173 12.237 14.518 14.305 16.572 14.192 11.568 14.722 15.652 12.563 13.597 17.081 16.334 14.770 17.176 20.005 20.159 21.766 20.067 23.240 23.148 19.713 19.238 16.033 16.758 15.230 17.571 20.473 20.434 19.904 17.676 19.736 19.039 19.952 18.017 14.810 11.766 13.591 16.783 15.664 14.168 10.710  8.874  5.646  5.468  7.893  9.786 11.396 14.615 16.022 19.799 21.906 25.098 27.748 29.417 31.324 32.686
  6.734  3.828  0.000  3.820  6.707 10.081 13.221 16.868 18.588 16.153 13.774 10.115  8.488  6.011  5.389  6.398  7.084  9.553 10.239 13.257 11.851 13.179 12.076 14.631 12.984  9.734 12.489 14.238 11.542 11.737 15.472 15.547 13.851 15.561 18.377 17.931 19.540 17.689 20.573 20.204 16.614 15.828 12.493 13.038 11.654 14.187 16.878 16.911 16.395 14.489 16.913 16.590 18.029 16.109 13.398 10.189 12.694 15.270 13.518 12.657  8.897  8.137  6.042  4.878  5.350  6.414  7.606 10.860 12.455 16.221 18.574 21.755 24.508 26.269 28.171 29.543
 10.309  6.835  3.820  0.000  3.824  6.580  9.901 13.431 14.924 12.374 10.123  6.498  5.776  4.736  6.254  8.869 10.235 13.129 13.791 16.587 14.746 15.395 13.454 15.720 14.544 10.847 12.588 14.690 11.981 10.969 14.784 15.187 12.799 13.756 16.928 16.390 18.552 17.197 19.906 18.859 15.319 14.689 11.577 11.963 11.110 13.560 15.798 16.403 15.965 14.837 17.646 17.531 19.646 18.044 15.905 12.836 15.687 17.746 15.448 15.055 11.263 10.901  9.055  6.430  6.056  4.748  6.106  8.502 10.193 13.939 16.360 19.793 22.418 24.269 26.200 27.577
 13.234 10.052  6.707  3.824  0.000  3.828  6.580 10.302 12.394 10.509  8.380  5.650  5.040  6.378  7.535 10.842 11.731 14.804 15.318 17.511 15.104 14.852 12.161 14.007 13.519  9.684 10.321 12.907 10.810  8.781 12.449 13.654 11.357 11.421 14.349 13.266 15.464 14.251 16.693 15.305 11.811 11.357  8.664  9.553  9.875 12.778 14.183 14.610 13.673 12.971 15.746 15.615 18.301 17.224 15.818 13.295 16.654 18.026 15.591 16.114 12.567 13.259 12.183  9.933  8.431  5.760  4.752  5.630  6.516 10.254 12.565 16.038 18.661 20.571 22.572 24.035
 16.722 13.334 10.081  6.580  3.828  0.000  3.833  7.160  9.075  7.093  5.923  4.634  6.356  8.903 10.952 14.420 15.533 18.589 18.920 21.130 18.732 18.125 15.062 16.723 16.724 12.957 12.773 15.512 13.712 10.917 14.133 15.665 12.977 12.017 15.020 13.711 16.317 15.635 17.550 15.400 12.211 11.727  9.634  9.846 10.621 12.894 13.647 14.805 14.232 14.527 17.562 17.842 20.905 19.956 18.980 16.498 19.791 20.803 17.978 18.667 15.276 16.012 15.079 12.296 10.529  6.976  6.167  4.857  5.911  8.930 11.417 15.007 17.414 19.407 21.342 22.740
 19.674 16.355 13.221  9.901  6.580  3.833  0.000  3.851  6.537  6.227  5.360  6.316  7.676 11.099 12.930 16.619 17.725 20.961 21.491 23.251 20.446 19.383 16.056 16.968 17.324 13.848 12.602 15.172 13.887 10.421 12.855 14.823 12.226 10.221 12.846 11.301 14.167 14.179 15.758 13.076 10.499 10.819  9.982 10.881 12.753 15.149 15.040 15.958 14.836 15.501 18.138 18.154 21.557 21.231 20.761 18.806 22.340 23.013 20.333 21.530 18.313 19.416 18.571 15.947 14.176 10.644  9.044  6.452  5.307  7.090  8.684 12.346 14.423 16.418 18.435 19.939
 23.311 19.921 16.868 13.431 10.302  7.160  3.851  0.000  3.862  5.548  6.315  8.882 10.764 14.372 16.429 20.158 21.380 24.645 25.163 26.842 23.971 22.692 19.240 19.856 20.479 17.202 15.479 17.885 16.892 13.212 14.943 17.023 14.413 11.690 13.911 12.357 15.350 16.003 17.024 13.811 12.054 12.634 12.613 13.249 15.419 17.374 16.656 17.872 16.867 18.115 20.657 20.800 24.378 24.286 24.125 22.311 25.834 26.280 23.494 24.843 21.749 22.901 22.100 19.308 17.509 13.843 12.358  9.260  7.931  8.012  8.817 12.070 13.541 15.449 17.306 18.710
 24.894 21.293 18.588 14.924 12.394  9.075  6.537  3.862  0.000  3.839  5.730  9.264 11.771 15.346 17.981 21.719 23.441 26.850 27.608 29.526 26.701 25.742 22.430 23.052 23.328 19.981 18.463 20.531 19.126 15.529 17.194 18.731 15.699 13.036 15.541 14.699 18.036 19.098 20.278 17.018 15.488 16.244 16.070 16.522 18.307 19.966 19.452 21.038 20.312 21.550 24.189 24.270 27.789 27.606 27.189 25.145 28.593 29.310 26.460 27.482 24.214 24.924 23.729 20.584 19.247 15.630 14.892 12.162 11.336 11.593 12.154 15.225 16.224 17.960 19.621 20.832
 22.443 18.748 16.153 12.374 10.509  7.093  6.227  5.548  3.839  0.000  3.809  6.742 10.014 13.167 16.183 19.789 21.672 24.990 25.675 27.963 25.436 24.863 21.733 22.868 22.832 19.224 18.398 20.603 18.708 15.439 17.801 19.000 15.698 13.777 16.852 16.170 19.504 20.046 21.607 18.653 16.462 16.711 15.685 15.709 16.774 18.230 18.325 20.199 19.894 20.906 23.871 24.122 27.432 26.786 25.961 23.510 26.751 27.768 24.807 25.387 21.993 22.302 20.926 17.568 16.454 12.946 12.971 10.886 11.120 12.366 13.810 17.179 18.639 20.472 22.176 23.373
 19.767 16.077 13.774 10.123  8.380  5.923  5.360  6.315  5.730  3.809  0.000  3.830  6.598  9.949 12.970 16.623 18.749 22.246 23.342 25.543 22.872 22.586 19.717 20.651 20.156 16.605 15.979 17.786 15.549 12.471 14.957 15.734 12.278 10.795 14.211 14.025 17.497 18.072 20.168 17.589 15.250 15.937 14.738 15.449 16.494 18.548 19.065 20.430 19.682 20.041 22.763 22.522 25.660 25.125 24.021 21.645 24.985 26.314 23.685 24.165 20.589 20.749 19.017 15.814 15.159 11.963 11.965 10.522 10.335 12.351 13.526 17.139 18.743 20.548 22.439 23.785
 16.049 12.329 10.115  6.498  5.650  4.634  6.316  8.882  9.264  6.742  3.830  0.000  3.820  6.513  9.727 13.240 15.416 18.828 19.940 22.367 19.934 20.059 17.512 18.856 17.979 14.295 14.484 16.316 13.661 11.203 14.362 14.817 11.445 11.064 14.689 14.555 17.713 17.641 20.131 18.098 15.212 15.515 13.549 14.215 14.613 16.831 18.023 19.200 18.554 18.367 21.158 20.883 23.690 22.800 21.271 18.640 21.823 23.483 20.975 21.095 17.400 17.256 15.318 12.153 11.819  9.036  9.605  9.359  9.905 12.868 14.583 18.285 20.321 22.170 24.121 25.501
 13.824 10.340  8.488  5.776  5.040  6.356  7.676 10.764 11.771 10.014  6.598  3.820  0.000  3.842  6.445 10.133 12.404 16.036 17.623 19.745 17.061 17.409 15.211 16.204 14.841 11.348 11.785 13.091 10.113  8.116 11.420 11.450  8.238  8.784 12.377 12.632 15.574 15.393 18.357 16.889 14.007 14.760 12.837 14.340 14.891 17.704 19.062 19.541 18.333 17.440 19.754 18.885 21.448 20.803 19.095 16.772 20.084 21.946 19.943 20.144 16.440 16.384 14.280 11.765 11.795  9.731  9.737 10.151  9.957 13.243 14.513 18.132 20.239 21.996 24.059 25.556
 10.329  6.826  6.011  4.736  6.378  8.903 11.099 14.372 15.346 13.167  9.949  6.513  3.842  0.000  3.817  6.933  9.722 13.252 15.137 17.572 15.300 16.438 14.960 16.322 14.309 11.005 12.612 13.545 10.093  9.512 12.990 12.318  9.584 11.364 14.745 15.260 17.763 17.094 20.326 19.424 16.329 16.747 14.277 15.609 15.380 18.122 20.126 20.447 19.432 17.963 20.191 19.228 21.221 20.181 17.857 15.271 18.200 20.610 18.925 18.524 14.767 14.056 11.416  9.222 10.262  9.453 10.295 11.972 12.435 16.043 17.584 21.094 23.377 25.085 27.107 28.560
  8.289  5.742  5.389  6.254  7.535 10.952 12.930 16.429 17.981 16.183 12.970  9.727  6.445  3.817  0.000  3.814  6.223  9.944 12.199 14.234 11.787 13.208 12.288 13.494 11.018  8.108 10.426 10.935  7.460  8.189 11.570 10.764  9.116 11.609 14.332 14.756 16.566 15.405 18.837 18.632 15.551 16.009 13.560 15.389 15.204 18.311 20.381 20.029 18.613 16.492 18.183 16.783 18.349 17.433 14.935 12.747 15.702 18.210 17.110 16.860 13.341 12.966 10.637  9.719 10.614 10.584 10.679 12.804 12.885 16.491 17.837 21.051 23.458 25.068 27.098 28.599
  5.512  4.667  6.398  8.869 10.842 14.420 16.619 20.158 21.719 19.789 16.623 13.240 10.133  6.933  3.814  0.000  3.826  7.144 10.091 12.147 10.293 12.717 12.899 14.207 11.152  9.184 12.298 12.228  8.973 10.954 13.900 12.609 11.741 14.744 17.085 17.674 19.000 17.511 21.002 21.338 18.295 18.569 15.966 17.686 17.016 19.981 22.419 21.799 20.466 17.850 19.179 17.609 18.406 17.245 14.199 12.129 14.431 17.445 16.991 16.229 13.040 12.152  9.629  9.921 11.540 12.662 13.087 15.771 16.097 19.702 21.091 24.110 26.576 28.094 30.065 31.522
  5.461  6.280  7.084 10.235 11.731 15.533 17.725 21.380 23.441 21.672 18.749 15.416 12.404  9.722  6.223  3.826  0.000  3.824  6.699  8.400  6.596  9.339 10.183 11.789  8.827  7.497 11.181 11.346  9.029 11.472 14.236 13.579 13.531 16.289 18.087 18.088 18.699 16.536 19.798 20.644 17.559 17.435 14.786 16.527 15.755 18.792 21.223 20.078 18.615 15.568 16.483 14.885 15.171 13.838 10.625  8.912 11.114 14.070 14.121 13.586 10.890 10.689  9.237 10.663 11.474 13.003 12.806 15.721 16.040 19.476 20.957 23.623 26.256 27.721 29.623 31.064
  5.855  8.416  9.553 13.129 14.804 18.589 20.961 24.645 26.850 24.990 22.246 18.828 16.036 13.252  9.944  7.144  3.824  0.000  3.878  5.467  5.415  8.996 10.975 12.870 10.167  9.824 13.624 13.789 12.162 14.832 17.349 16.812 17.159 19.903 21.443 21.236 21.388 18.822 21.812 23.063 19.998 19.464 16.723 18.127 16.904 19.620 22.267 20.833 19.581 16.226 16.765 15.349 14.727 12.939  9.297  7.954  8.920 12.229 13.103 12.144 10.337 10.070  9.410 12.007 12.781 15.042 14.932 18.136 18.738 22.043 23.683 26.085 28.812 30.210 32.006 33.374
  7.630 10.007 10.239 13.791 15.318 18.920 21.491 25.163 27.608 25.675 23.342 19.940 17.623 15.137 12.199 10.091  6.699  3.878  0.000  3.840  5.545  8.331 10.291 12.981 11.274 10.820 14.498 15.456 14.388 16.558 19.229 19.350 19.632 21.926 23.431 22.643 22.558 19.553 22.073 23.343 20.122 18.897 15.931 16.736 15.053 17.389 20.142 18.552 17.681 14.310 14.932 14.248 13.324 10.738  6.921  5.197  5.150  8.681  9.752  8.595  7.581  7.971  8.804 11.924 11.886 14.464 14.222 17.587 18.622 21.744 23.764 25.949 28.841 30.273 31.962 33.251
 10.800 13.173 13.257 16.587 17.511 21.130 23.251 26.842 29.526 27.963 25.543 22.367 19.745 17.572 14.234 12.147  8.400  5.467  3.840  0.000  3.838  6.535  9.651 11.624 10.074 10.928 14.292 14.784 14.534 17.103 19.150 19.388 20.389 22.680 23.589 22.710 22.007 18.812 21.142 22.984 20.145 19.129 16.711 17.990 16.861 19.404 21.723 19.559 18.168 14.488 14.106 12.867 11.103  9.043  5.555  6.242  6.039  8.436 10.677 10.526 10.360 11.526 12.586 15.554 15.228 17.395 16.488 19.462 19.917 22.684 24.290 26.065 28.860 30.119 31.740 33.028
 10.732 12.237 11.851 14.746 15.104 18.732 20.446 23.971 26.701 25.436 22.872 19.934 17.061 15.300 11.787 10.293  6.596  5.415  5.545  3.838  0.000  3.842  6.826  8.282  6.299  7.354 10.647 10.968 10.889 13.508 15.374 15.733 16.918 19.115 19.841 18.990 18.277 15.202 17.767 19.595 16.870 16.321 14.217 16.149 15.719 18.791 20.743 18.547 16.602 12.925 12.473 10.535  9.518  8.375  5.396  6.250  8.111  9.953 11.396 12.038 10.945 12.456 12.979 15.199 14.684 16.127 14.721 17.292 17.177 19.888 21.147 22.963 25.667 26.921 28.637 30.021
 13.725 14.518 13.179 15.395 14.852 18.125 19.383 22.692 25.742 24.863 22.586 20.059 17.409 16.438 13.208 12.717  9.339  8.996  8.331  6.535  3.842  0.000  3.832  5.241  5.125  6.547  8.832  9.843 10.893 12.840 14.357 15.601 17.006 18.539 18.832 17.343 16.131 12.664 14.709 16.754 14.208 13.466 11.858 14.029 14.234 17.444 18.799 16.180 13.778 10.054  8.962  6.746  5.917  5.430  4.112  6.328  8.869  9.231 10.435 12.273 11.485 13.946 15.022 16.799 15.453 16.217 14.000 15.964 15.428 17.607 18.695 20.087 22.805 24.009 25.661 27.047
 14.491 14.305 12.076 13.454 12.161 15.062 16.056 19.240 22.430 21.733 19.717 17.512 15.211 14.960 12.288 12.899 10.183 10.975 10.291  9.651  6.826  3.832  0.000  3.846  5.380  4.969  6.320  8.687  9.864 10.688 12.469 14.435 15.398 16.274 16.686 14.696 13.715 10.154 12.039 13.568 10.709  9.710  8.093 10.554 11.373 14.848 15.792 13.270 10.571  7.096  6.692  4.804  6.328  6.065  5.936  6.819 10.260 10.160 10.012 12.393 11.042 13.875 14.940 15.933 13.992 13.939 11.143 12.564 11.789 13.818 15.029 16.515 19.360 20.730 22.469 23.919
 16.787 16.572 14.631 15.720 14.007 16.723 16.968 19.856 23.052 22.868 20.651 18.856 16.204 16.322 13.494 14.207 11.789 12.870 12.981 11.624  8.282  5.241  3.846  0.000  3.848  5.423  5.065  6.298  8.809  9.894 10.489 12.618 14.407 15.189 14.775 12.869 11.153  7.569  9.625 11.896  9.880 10.083  9.807 12.992 14.559 18.129 18.605 15.968 12.746  9.688  8.234  4.796  6.386  8.121  8.708 10.352 13.554 13.354 13.658 16.119 14.797 17.424 18.100 18.935 17.274 16.881 13.920 14.682 12.958 14.461 14.694 15.777 18.287 19.424 21.181 22.724
 14.153 14.192 12.984 14.544 13.519 16.724 17.324 20.479 23.328 22.832 20.156 17.979 14.841 14.309 11.018 11.152  8.827 10.167 11.274 10.074  6.299  5.125  5.380  3.848  0.000  3.860  5.382  4.933  6.360  8.785  9.674 10.670 12.557 14.247 14.213 13.252 12.180  9.325 12.276 14.246 12.084 12.715 11.801 14.914 15.945 19.576 20.631 18.379 15.515 12.306 11.479  8.349  9.022  9.988  9.086 10.168 13.278 14.120 14.659 16.317 14.563 16.477 16.492 17.468 16.560 16.594 14.271 15.617 14.161 16.353 16.657 18.292 20.705 21.865 23.714 25.269
 12.381 11.568  9.734 10.847  9.684 12.957 13.848 17.202 19.981 19.224 16.605 14.295 11.348 11.005  8.108  9.184  7.497  9.824 10.820 10.928  7.354  6.547  4.969  5.423  3.860  0.000  3.849  5.401  5.119  6.459  8.755 10.007 10.728 12.192 13.042 11.928 11.860  9.232 12.357 13.337 10.445 10.784  9.159 12.134 13.063 16.763 17.965 16.228 13.681 10.845 11.244  9.030 10.726 10.783  9.505  9.175 12.796 13.921 13.488 14.920 12.484 14.249 14.007 14.371 13.293 12.952 10.679 12.099 10.929 13.633 14.463 16.697 19.315 20.757 22.728 24.312
 15.992 14.722 12.489 12.588 10.321 12.773 12.602 15.479 18.463 18.398 15.979 14.484 11.785 12.612 10.426 12.298 11.181 13.624 14.498 14.292 10.647  8.832  6.320  5.065  5.382  3.849  0.000  3.841  5.398  5.031  6.257  8.807  9.868 10.294 10.389  8.611  8.164  5.503  8.772  9.664  7.152  8.469  8.175 11.803 13.788 17.554 17.981 16.167 13.105 10.909 10.988  8.534 11.152 12.170 12.004 12.156 15.875 16.327 15.650 17.667 15.349 17.444 17.305 17.161 15.697 14.506 11.615 11.808  9.515 11.432 11.462 13.432 15.892 17.309 19.375 21.092
 16.555 15.652 14.238 14.690 12.907 15.512 15.172 17.885 20.531 20.603 17.786 16.316 13.091 13.545 10.935 12.228 11.346 13.789 15.456 14.784 10.968  9.843  8.687  6.298  4.933  5.401  3.841  0.000  3.845  5.403  4.908  6.395  8.769 10.016  9.416  8.817  8.039  6.367 10.036 11.498  9.969 11.985 11.996 15.614 17.434 21.202 21.779 19.914 16.801 14.380 13.900 10.789 12.592 14.098 13.648 14.213 17.669 18.472 18.387 20.137 17.851 19.558 18.995 19.069 18.243 17.382 14.908 15.295 12.919 14.748 14.164 15.930 17.932 19.063 21.090 22.800
 13.828 12.563 11.542 11.981 10.810 13.712 13.887 16.892 19.126 18.708 15.549 13.661 10.113 10.093  7.460  8.973  9.029 12.162 14.388 14.534 10.889 10.893  9.864  8.809  6.360  5.119  5.398  3.845  0.000  3.854  5.337  5.111  6.294  8.620  9.389  9.704 10.376  9.346 13.109 13.769 11.653 13.392 12.539 15.788 17.076 20.769 21.832 20.489 17.852 15.481 15.805 13.178 14.920 15.595 14.276 13.915 17.353 18.856 18.473 19.568 16.775 17.812 16.602 16.372 16.122 15.397 13.611 14.451 12.621 15.192 15.128 17.585 19.663 20.970 23.058 24.726
 15.672 13.597 11.737 10.969  8.781 10.917 10.421 13.212 15.529 15.439 12.471 11.203  8.116  9.512  8.189 10.954 11.472 14.832 16.558 17.103 13.508 12.840 10.688  9.894  8.785  6.459  5.031  5.403  3.854  0.000  3.849  5.432  5.055  5.755  7.086  6.776  8.472  8.051 11.588 11.261  9.040 11.121 10.629 13.896 15.705 19.342 19.975 18.994 16.391 14.757 15.599 13.491 16.056 16.721 15.868 15.154 18.869 20.019 18.964 20.316 17.316 18.552 17.424 16.455 15.713 14.105 12.002 11.948  9.611 11.979 11.757 14.526 16.568 18.054 20.260 22.005
 18.850 17.081 15.472 14.784 12.449 14.133 12.855 14.943 17.194 17.801 14.957 14.362 11.420 12.990 11.570 13.900 14.236 17.349 19.229 19.150 15.374 14.357 12.469 10.489  9.674  8.755  6.257  4.908  5.337  3.849  0.000  3.840  5.560  5.572  4.568  4.790  5.810  6.626 10.164 10.251  9.328 12.318 12.892 16.476 18.747 22.421 22.652 21.372 18.367 16.790 16.924 14.303 16.792 18.238 17.876 17.848 21.517 22.379 21.676 23.354 20.618 22.058 21.031 20.235 19.490 17.839 15.493 14.988 12.051 13.506 12.203 14.306 15.812 16.995 19.199 21.014
 17.948 16.334 15.547 15.187 13.654 15.665 14.823 17.023 18.731 19.000 15.734 14.817 11.450 12.318 10.764 12.609 13.579 16.812 19.350 19.388 15.733 15.601 14.435 12.618 10.670 10.007  8.807  6.395  5.111  5.432  3.840  0.000  3.846  6.046  5.822  7.966  9.280 10.204 13.810 14.050 13.036 15.797 15.831 19.240 21.034 24.688 25.357 24.230 21.427 19.545 19.739 16.950 18.936 20.165 19.197 18.980 22.438 23.850 23.386 24.571 21.661 22.534 20.966 20.228 20.204 18.959 17.246 17.283 14.811 16.748 15.690 17.994 19.365 20.450 22.567 24.273
 17.067 14.770 13.851 12.799 11.357 12.977 12.226 14.413 15.699 15.698 12.278 11.445  8.238  9.584  9.116 11.741 13.531 17.159 19.632 20.389 16.918 17.006 15.398 14.407 12.557 10.728  9.868  8.769  6.294  5.055  5.560  3.846  0.000  3.834  6.076  8.294 10.899 11.919 15.399 14.773 13.257 15.736 15.331 18.327 19.917 23.375 24.169 23.595 21.203 19.701 20.611 18.364 20.684 21.375 20.136 19.205 22.725 24.355 23.368 24.248 20.979 21.498 19.588 18.230 18.364 16.801 15.545 15.470 13.343 15.606 14.969 17.838 19.286 20.592 22.751 24.422
 19.801 17.176 15.561 13.756 11.421 12.017 10.221 11.690 13.036 13.777 10.795 11.064  8.784 11.364 11.609 14.744 16.289 19.903 21.926 22.680 19.115 18.539 16.274 15.189 14.247 12.192 10.294 10.016  8.620  5.755  5.572  6.046  3.834  0.000  3.854  5.706  9.177 10.962 13.887 12.491 11.427 14.256 14.507 17.468 19.601 22.949 23.196 22.792 20.346 19.467 20.506 18.558 21.392 22.281 21.572 20.682 24.395 25.581 24.232 25.488 22.254 23.136 21.533 19.810 19.374 17.139 15.475 14.470 11.799 13.348 12.181 15.012 16.168 17.514 19.737 21.473
 22.237 20.005 18.377 16.928 14.349 15.020 12.846 13.911 15.541 16.852 14.211 14.689 12.377 14.745 14.332 17.085 18.087 21.443 23.431 23.589 19.841 18.832 16.686 14.775 14.213 13.042 10.389  9.416  9.389  7.086  4.568  5.822  6.076  3.854  0.000  3.824  6.572  9.319 11.965 10.995 11.021 14.449 15.530 18.877 21.431 24.909 24.800 23.948 21.070 20.129 20.518 18.178 20.951 22.470 22.240 21.990 25.724 26.563 25.542 27.203 24.269 25.537 24.242 22.882 22.218 20.052 17.898 16.678 13.480 14.284 12.245 14.285 15.009 16.055 18.278 20.093
 22.383 20.159 17.931 16.390 13.266 13.711 11.301 12.357 14.699 16.170 14.025 14.555 12.632 15.260 14.756 17.674 18.088 21.236 22.643 22.710 18.990 17.343 14.696 12.869 13.252 11.928  8.611  8.817  9.704  6.776  4.790  7.966  8.294  5.706  3.824  0.000  3.897  6.502  8.667  7.260  7.423 11.006 12.622 16.012 18.934 22.370 21.879 20.860 17.851 17.221 17.580 15.544 18.666 20.257 20.521 20.419 24.221 24.583 23.384 25.430 22.730 24.472 23.699 22.414 21.133 18.746 16.059 14.417 10.872 11.099  8.799 10.643 11.677 12.948 15.337 17.316
 23.490 21.766 19.540 18.552 15.464 16.317 14.167 15.350 18.036 19.504 17.497 17.713 15.574 17.763 16.566 19.000 18.699 21.388 22.558 22.007 18.277 16.131 13.715 11.153 12.180 11.860  8.164  8.039 10.376  8.472  5.810  9.280 10.899  9.177  6.572  3.897  0.000  3.895  5.633  5.741  6.984 10.622 12.838 16.472 19.562 23.072 22.385 20.762 17.360 16.471 16.013 13.595 16.520 18.701 19.499 20.103 23.786 23.733 22.958 25.387 23.134 25.284 24.941 24.171 22.659 20.572 17.502 16.037 12.433 12.225  9.709 10.431 11.460 12.407 14.653 16.665
 21.442 20.067 17.689 17.197 14.251 15.635 14.179 16.003 19.098 20.046 18.072 17.641 15.393 17.094 15.405 17.511 16.536 18.822 19.553 18.812 15.202 12.664 10.154  7.569  9.325  9.232  5.503  6.367  9.346  8.051  6.626 10.204 11.919 10.962  9.319  6.502  3.895  0.000  3.843  5.516  5.357  8.242 10.223 13.964 16.902 20.475 19.931 17.900 14.357 13.038 12.285  9.744 12.714 14.886 15.893 16.756 20.354 20.064 19.444 22.050 20.100 22.546 22.630 22.277 20.503 18.758 15.459 14.440 11.163 11.305  9.690 10.409 12.280 13.389 15.486 17.391
 24.604 23.240 20.573 19.906 16.693 17.550 15.758 17.024 20.278 21.607 20.168 20.131 18.357 20.326 18.837 21.002 19.798 21.812 22.073 21.142 17.767 14.709 12.039  9.625 12.276 12.357  8.772 10.036 13.109 11.588 10.164 13.810 15.399 13.887 11.965  8.667  5.633  3.843  0.000  3.841  5.580  8.002 11.034 14.406 17.730 21.008 19.825 17.584 13.912 13.259 12.099 10.120 13.224 15.720 17.509 18.682 22.125 21.204 20.507 23.532 21.970 24.785 25.288 24.934 22.741 20.792 17.214 15.675 12.321 11.310  9.221  8.547 10.173 11.041 12.978 14.945
 25.039 23.148 20.204 18.859 15.305 15.400 13.076 13.811 17.018 18.653 17.589 18.098 16.889 19.424 18.632 21.338 20.644 23.063 23.343 22.984 19.595 16.754 13.568 11.896 14.246 13.337  9.664 11.498 13.769 11.261 10.251 14.050 14.773 12.491 10.995  7.260  5.741  5.516  3.841  0.000  3.834  6.845 10.213 13.298 16.895 19.999 18.539 16.903 13.543 13.709 13.522 12.292 15.818 17.743 19.271 19.782 23.399 22.621 21.314 24.195 22.289 24.946 25.264 24.360 22.056 19.579 16.058 13.826 10.201  8.515  5.741  5.216  7.051  8.577 10.985 13.198
 21.667 19.713 16.614 15.319 11.811 12.211 10.499 12.054 15.488 16.462 15.250 15.212 14.007 16.329 15.551 18.295 17.559 19.998 20.122 20.145 16.870 14.208 10.709  9.880 12.084 10.445  7.152  9.969 11.653  9.040  9.328 13.036 13.257 11.427 11.021  7.423  6.984  5.357  5.580  3.834  0.000  3.818  6.591  9.904 13.350 16.626 15.572 14.047 10.799 10.724 11.249 10.323 14.042 15.307 16.428 16.477 20.164 19.611 18.040 20.728 18.647 21.239 21.578 20.661 18.281 15.866 12.311 10.326  6.830  6.093  4.948  6.370  9.186 11.034 13.327 15.285
 21.067 19.238 15.828 14.689 11.357 11.727 10.819 12.634 16.244 16.711 15.937 15.515 14.760 16.747 16.009 18.569 17.435 19.464 18.897 19.129 16.321 13.466  9.710 10.083 12.715 10.784  8.469 11.985 13.392 11.121 12.318 15.797 15.736 14.256 14.449 11.006 10.622  8.242  8.002  6.845  3.818  0.000  3.827  6.602 10.203 13.292 12.049 10.322  7.086  7.552  8.756  9.062 12.857 13.453 14.796 14.629 18.113 17.174 15.227 18.099 16.331 19.240 20.125 19.355 16.479 14.157 10.390  8.467  5.915  5.176  6.210  7.394 10.626 12.543 14.533 16.222
 17.864 16.033 12.493 11.577  8.664  9.634  9.982 12.613 16.070 15.685 14.738 13.549 12.837 14.277 13.560 15.966 14.786 16.723 15.931 16.711 14.217 11.858  8.093  9.807 11.801  9.159  8.175 11.996 12.539 10.629 12.892 15.831 15.331 14.507 15.530 12.622 12.838 10.223 11.034 10.213  6.591  3.827  0.000  3.822  6.859 10.343 10.018  8.552  5.959  5.710  8.237  9.010 12.435 12.005 12.591 11.653 15.143 14.604 12.275 14.773 12.726 15.530 16.469 15.739 12.748 10.647  6.850  5.848  4.790  6.286  8.739 10.774 13.959 15.861 17.751 19.267
 18.640 16.758 13.038 11.963  9.553  9.846 10.881 13.249 16.522 15.709 15.449 14.215 14.340 15.609 15.389 17.686 16.527 18.127 16.736 17.990 16.149 14.029 10.554 12.992 14.914 12.134 11.803 15.614 15.788 13.896 16.476 19.240 18.327 17.468 18.877 16.012 16.472 13.964 14.406 13.298  9.904  6.602  3.822  0.000  3.825  6.783  6.275  5.465  4.521  5.844  9.382 11.372 14.404 13.177 13.695 12.176 15.146 14.367 11.309 13.626 11.840 14.677 16.087 15.197 11.688  9.509  6.057  5.069  6.249  7.406 10.753 12.631 15.754 17.677 19.342 20.638
 16.876 15.230 11.654 11.110  9.875 10.621 12.753 15.419 18.307 16.774 16.494 14.613 14.891 15.380 15.204 17.016 15.755 16.904 15.053 16.861 15.719 14.234 11.373 14.559 15.945 13.063 13.788 17.434 17.076 15.705 18.747 21.034 19.917 19.601 21.431 18.934 19.562 16.902 17.730 16.895 13.350 10.203  6.859  3.825  0.000  3.848  5.531  5.504  6.493  6.936 10.732 12.992 15.315 13.179 12.989 10.702 13.097 12.635  9.098 10.714  8.954 11.643 13.457 12.784  9.030  7.637  5.267  6.338  8.974 10.864 14.352 16.404 19.481 21.341 22.900 24.063
 19.135 17.571 14.187 13.560 12.778 12.894 15.149 17.374 19.966 18.230 18.548 16.831 17.704 18.122 18.311 19.981 18.792 19.620 17.389 19.404 18.791 17.444 14.848 18.129 19.576 16.763 17.554 21.202 20.769 19.342 22.421 24.688 23.375 22.949 24.909 22.370 23.072 20.475 21.008 19.999 16.626 13.292 10.343  6.783  3.848  0.000  3.849  5.614  8.418  9.688 13.338 16.110 18.157 15.712 15.603 13.211 14.812 14.091 10.310 11.424 10.386 12.702 14.885 14.143 10.360  9.278  8.140  8.905 11.962 13.350 17.001 18.827 21.776 23.597 24.957 25.939
 22.208 20.473 16.878 15.798 14.183 13.647 15.040 16.656 19.452 18.325 19.065 18.023 19.062 20.126 20.381 22.419 21.223 22.267 20.142 21.723 20.743 18.799 15.792 18.605 20.631 17.965 17.981 21.779 21.832 19.975 22.652 25.357 24.169 23.196 24.800 21.879 22.385 19.931 19.825 18.539 15.572 12.049 10.018  6.275  5.531  3.849  0.000  3.821  6.969  9.625 13.049 16.085 18.536 16.656 17.325 15.539 17.421 16.119 12.540 14.418 13.604 16.231 18.328 17.414 13.613 11.841  9.904  9.208 11.547 11.827 15.345 16.640 19.451 21.239 22.478 23.410
 21.738 20.434 16.911 16.403 14.610 14.805 15.958 17.872 21.038 20.199 20.430 19.200 19.541 20.447 20.029 21.799 20.078 20.833 18.552 19.559 18.547 16.180 13.270 15.968 18.379 16.228 16.167 19.914 20.489 18.994 21.372 24.230 23.595 22.792 23.948 20.860 20.762 17.900 17.584 16.903 14.047 10.322  8.552  5.465  5.504  5.614  3.821  0.000  3.826  6.496  9.580 12.887 15.184 13.470 14.688 13.576 15.497 13.649 10.453 13.143 12.800 16.033 18.429 18.135 14.365 13.019 10.385 10.014 11.517 11.688 14.805 15.673 18.598 20.270 21.507 22.495
 21.167 19.904 16.395 15.965 13.673 14.232 14.836 16.867 20.312 19.894 19.682 18.554 18.333 19.432 18.613 20.466 18.615 19.581 17.681 18.168 16.602 13.778 10.571 12.746 15.515 13.681 13.105 16.801 17.852 16.391 18.367 21.427 21.203 20.346 21.070 17.851 17.360 14.357 13.912 13.543 10.799  7.086  5.959  4.521  6.493  8.418  6.969  3.826  0.000  3.826  6.568  9.592 12.358 11.383 13.057 12.606 15.114 13.245 10.665 13.869 13.236 16.682 18.768 18.594 15.040 13.534 10.186  9.508  9.798  9.754 12.326 12.985 16.012 17.667 19.056 20.221
 18.465 17.676 14.489 14.837 12.971 14.527 15.501 18.115 21.550 20.906 20.041 18.367 17.440 17.963 16.492 17.850 15.568 16.226 14.310 14.488 12.925 10.054  7.096  9.688 12.306 10.845 10.909 14.380 15.481 14.757 16.790 19.545 19.701 19.467 20.129 17.221 16.471 13.038 13.259 13.709 10.724  7.552  5.710  5.844  6.936  9.688  9.625  6.496  3.826  0.000  3.838  6.607  9.047  7.783  9.326  9.233 11.915 10.184  8.175 11.569 10.976 14.578 16.678 17.093 13.874 13.081  9.793 10.253 10.383 11.317 13.554 14.511 17.591 19.142 20.630 21.873
 20.049 19.736 16.913 17.646 15.746 17.562 18.138 20.657 24.189 23.871 22.763 21.158 19.754 20.191 18.183 19.179 16.483 16.765 14.932 14.106 12.473  8.962  6.692  8.234 11.479 11.244 10.988 13.900 15.805 15.599 16.924 19.739 20.611 20.506 20.518 17.580 16.013 12.285 12.099 13.522 11.249  8.756  8.237  9.382 10.732 13.338 13.049  9.580  6.568  3.838  0.000  3.838  5.927  5.847  8.708 10.146 12.525 10.280  9.633 13.293 13.276 16.928 19.053 19.916 17.007 16.490 13.182 13.576 12.953 13.467 14.862 15.152 18.010 19.257 20.611 21.832
 19.205 19.039 16.590 17.531 15.615 17.842 18.154 20.800 24.270 24.122 22.522 20.883 18.885 19.228 16.783 17.609 14.885 15.349 14.248 12.867 10.535  6.746  4.804  4.796  8.349  9.030  8.534 10.789 13.178 13.491 14.303 16.950 18.364 18.558 18.178 15.544 13.595  9.744 10.120 12.292 10.323  9.062  9.010 11.372 12.992 16.110 16.085 12.887  9.592  6.607  3.838  0.000  3.853  5.692  8.182 10.266 13.008 11.489 11.610 14.870 14.402 17.722 19.297 20.253 17.855 17.402 14.112 14.600 13.287 14.069 14.753 15.151 17.838 18.955 20.450 21.819
 19.377 19.952 18.029 19.646 18.301 20.905 21.557 24.378 27.789 27.432 25.660 23.690 21.448 21.221 18.349 18.406 15.171 14.727 13.324 11.103  9.518  5.917  6.328  6.386  9.022 10.726 11.152 12.592 14.920 16.056 16.792 18.936 20.684 21.392 20.951 18.666 16.520 12.714 13.224 15.818 14.042 12.857 12.435 14.404 15.315 18.157 18.536 15.184 12.358  9.047  5.927  3.853  0.000  3.812  6.770  9.995 11.826 10.082 11.446 14.505 14.764 17.996 19.820 21.439 19.334 19.571 16.661 17.739 16.792 17.820 18.557 18.880 21.453 22.395 23.745 24.997
 17.247 18.017 16.109 18.044 17.224 19.956 21.231 24.286 27.606 26.786 25.125 22.800 20.803 20.181 17.433 17.245 13.838 12.939 10.738  9.043  8.375  5.430  6.065  8.121  9.988 10.783 12.170 14.098 15.595 16.721 18.238 20.165 21.375 22.281 22.470 20.257 18.701 14.886 15.720 17.743 15.307 13.453 12.005 13.177 13.179 15.712 16.656 13.470 11.383  7.783  5.847  5.692  3.812  0.000  3.835  6.926  8.316  6.317  7.813 10.797 11.452 14.775 17.010 18.906 16.726 17.447 14.938 16.621 16.500 17.999 19.461 20.227 23.046 24.197 25.580 26.780
 13.652 14.810 13.398 15.905 15.818 18.980 20.761 24.125 27.189 25.961 24.021 21.271 19.095 17.857 14.935 14.199 10.625  9.297  6.921  5.555  5.396  4.112  5.936  8.708  9.086  9.505 12.004 13.648 14.276 15.868 17.876 19.197 20.136 21.572 22.240 20.521 19.499 15.893 17.509 19.271 16.428 14.796 12.591 13.695 12.989 15.603 17.325 14.688 13.057  9.326  8.708  8.182  6.770  3.835  0.000  3.825  5.290  5.161  6.931  8.737  8.945 11.765 13.749 16.015 14.366 15.709 13.844 16.257 16.572 18.789 20.511 21.884 24.778 26.061 27.591 28.845
 10.914 11.766 10.189 12.836 13.295 16.498 18.806 22.311 25.145 23.510 21.645 18.640 16.772 15.271 12.747 12.129  8.912  7.954  5.197  6.242  6.250  6.328  6.819 10.352 10.168  9.175 12.156 14.213 13.915 15.154 17.848 18.980 19.205 20.682 21.990 20.419 20.103 16.756 18.682 19.782 16.477 14.629 11.653 12.176 10.702 13.211 15.539 13.576 12.606  9.233 10.146 10.266  9.995  6.926  3.825  0.000  3.854  5.486  5.465  6.197  5.319  8.085 10.125 12.328 10.662 12.365 11.083 14.052 15.075 17.781 20.005 21.896 24.904 26.388 28.011 29.275
 11.889 13.591 12.694 15.687 16.654 19.791 22.340 25.834 28.593 26.751 24.985 21.823 20.084 18.200 15.702 14.431 11.114  8.920  5.150  6.039  8.111  8.869 10.260 13.554 13.278 12.796 15.875 17.669 17.353 18.869 21.517 22.438 22.725 24.395 25.724 24.221 23.786 20.354 22.125 23.399 20.164 18.113 15.143 15.146 13.097 14.812 17.421 15.497 15.114 11.915 12.525 13.008 11.826  8.316  5.290  3.854  0.000  3.858  5.413  4.660  5.912  8.034 10.747 13.715 12.406 14.821 14.123 17.282 18.661 21.295 23.655 25.411 28.426 29.851 31.363 32.530
 15.484 16.783 15.270 17.746 18.026 20.803 23.013 26.280 29.310 27.768 26.314 23.483 21.946 20.610 18.210 17.445 14.070 12.229  8.681  8.436  9.953  9.231 10.160 13.354 14.120 13.921 16.327 18.472 18.856 20.019 22.379 23.850 24.355 25.581 26.563 24.583 23.733 20.064 21.204 22.621 19.611 17.174 14.604 14.367 12.635 14.091 16.119 13.649 13.245 10.184 10.280 11.489 10.082  6.317  5.161  5.486  3.858  0.000  3.836  5.458  7.805 10.840 13.939 16.487 14.456 16.277 14.911 17.529 18.723 20.786 23.103 24.371 27.373 28.714 30.074 31.162
 15.149 15.664 13.518 15.448 15.591 17.978 20.333 23.494 26.460 24.807 23.685 20.975 19.943 18.925 17.110 16.991 14.121 13.103  9.752 10.677 11.396 10.435 10.012 13.658 14.659 13.488 15.650 18.387 18.473 18.964 21.676 23.386 23.368 24.232 25.542 23.384 22.958 19.444 20.507 21.314 18.040 15.227 12.275 11.309  9.098 10.310 12.540 10.453 10.665  8.175  9.633 11.610 11.446  7.813  6.931  5.465  5.413  3.836  0.000  3.854  5.608  9.208 12.505 14.403 11.763 13.243 11.900 14.464 16.137 18.213 20.932 22.409 25.488 26.989 28.383 29.465
 13.252 14.168 12.657 15.055 16.114 18.667 21.530 24.843 27.482 25.387 24.165 21.095 20.144 18.524 16.860 16.229 13.586 12.144  8.595 10.526 12.038 12.273 12.393 16.119 16.317 14.920 17.667 20.137 19.568 20.316 23.354 24.571 24.248 25.488 27.203 25.430 25.387 22.050 23.532 24.195 20.728 18.099 14.773 13.626 10.714 11.424 14.418 13.143 13.869 11.569 13.293 14.870 14.505 10.797  8.737  6.197  4.660  5.458  3.854  0.000  3.842  6.371 10.025 12.452 10.427 12.879 12.646 15.819 17.996 20.536 23.444 25.302 28.393 29.956 31.405 32.482
 10.461 10.710  8.897 11.263 12.567 15.276 18.313 21.749 24.214 21.993 20.589 17.400 16.440 14.767 13.341 13.040 10.890 10.337  7.581 10.360 10.945 11.485 11.042 14.797 14.563 12.484 15.349 17.851 16.775 17.316 20.618 21.661 20.979 22.254 24.269 22.730 23.134 20.100 21.970 22.289 18.647 16.331 12.726 11.840  8.954 10.386 13.604 12.800 13.236 10.976 13.276 14.402 14.764 11.452  8.945  5.319  5.912  7.805  5.608  3.842  0.000  3.830  6.983  8.961  6.867  9.416  9.494 13.001 15.275 18.226 21.157 23.434 26.512 28.178 29.778 30.950
  8.377  8.874  8.137 10.901 13.259 16.012 19.416 22.901 24.924 22.302 20.749 17.256 16.384 14.056 12.966 12.152 10.689 10.070  7.971 11.526 12.456 13.946 13.875 17.424 16.477 14.249 17.444 19.558 17.812 18.552 22.058 22.534 21.498 23.136 25.537 24.472 25.284 22.546 24.785 24.946 21.239 19.240 15.530 14.677 11.643 12.702 16.231 16.033 16.682 14.578 16.928 17.722 17.996 14.775 11.765  8.085  8.034 10.840  9.208  6.371  3.830  0.000  3.836  6.575  6.006  9.584 10.992 14.754 17.281 20.565 23.520 26.127 29.145 30.846 32.496 33.670
  5.656  5.646  6.042  9.055 12.183 15.079 18.571 22.100 23.729 20.926 19.017 15.318 14.280 11.416 10.637  9.629  9.237  9.410  8.804 12.586 12.979 15.022 14.940 18.100 16.492 14.007 17.305 18.995 16.602 17.424 21.031 20.966 19.588 21.533 24.242 23.699 24.941 22.630 25.288 25.264 21.578 20.125 16.469 16.087 13.457 14.885 18.328 18.429 18.768 16.678 19.053 19.297 19.820 17.010 13.749 10.125 10.747 13.939 12.505 10.025  6.983  3.836  0.000  3.843  5.582  9.151 11.255 15.005 17.356 20.948 23.700 26.646 29.542 31.267 33.021 34.255
  7.639  5.468  4.878  6.430  9.933 12.296 15.947 19.308 20.584 17.568 15.814 12.153 11.765  9.222  9.719  9.921 10.663 12.007 11.924 15.554 15.199 16.799 15.933 18.935 17.468 14.371 17.161 19.069 16.372 16.455 20.235 20.228 18.230 19.810 22.882 22.414 24.171 22.277 24.934 24.360 20.661 19.355 15.739 15.197 12.784 14.143 17.414 18.135 18.594 17.093 19.916 20.253 21.439 18.906 16.015 12.328 13.715 16.487 14.403 12.452  8.961  6.575  3.843  0.000  3.844  6.639  9.602 13.041 15.612 19.254 22.084 25.288 28.079 29.888 31.676 32.914
  9.931  7.893  5.350  6.056  8.431 10.529 14.176 17.509 19.247 16.454 15.159 11.819 11.795 10.262 10.614 11.540 11.474 12.781 11.886 15.228 14.684 15.453 13.992 17.274 16.560 13.293 15.697 18.243 16.122 15.713 19.490 20.204 18.364 19.374 22.218 21.133 22.659 20.503 22.741 22.056 18.281 16.479 12.748 11.688  9.030 10.360 13.613 14.365 15.040 13.874 17.007 17.855 19.334 16.726 14.366 10.662 12.406 14.456 11.763 10.427  6.867  6.006  5.582  3.844  0.000  3.828  6.495 10.072 13.018 16.446 19.568 22.580 25.485 27.336 29.074 30.289
 12.575  9.786  6.414  4.748  5.760  6.976 10.644 13.843 15.630 12.946 11.963  9.036  9.731  9.453 10.584 12.662 13.003 15.042 14.464 17.395 16.127 16.217 13.939 16.881 16.594 12.952 14.506 17.382 15.397 14.105 17.839 18.959 16.801 17.139 20.052 18.746 20.572 18.758 20.792 19.579 15.866 14.157 10.647  9.509  7.637  9.278 11.841 13.019 13.534 13.081 16.490 17.402 19.571 17.447 15.709 12.365 14.821 16.277 13.243 12.879  9.416  9.584  9.151  6.639  3.828  0.000  3.821  6.734  9.900 13.247 16.450 19.601 22.425 24.355 26.126 27.372
 13.886 11.396  7.606  6.106  4.752  6.167  9.044 12.358 14.892 12.971 11.965  9.605  9.737 10.295 10.679 13.087 12.806 14.932 14.222 16.488 14.721 14.000 11.143 13.920 14.271 10.679 11.615 14.908 13.611 12.002 15.493 17.246 15.545 15.475 17.898 16.059 17.502 15.459 17.214 16.058 12.311 10.390  6.850  6.057  5.267  8.140  9.904 10.385 10.186  9.793 13.182 14.112 16.661 14.938 13.844 11.083 14.123 14.911 11.900 12.646  9.494 10.992 11.255  9.602  6.495  3.821  0.000  3.830  6.691  9.996 13.207 16.169 19.122 21.070 22.889 24.221
 17.346 14.615 10.860  8.502  5.630  4.857  6.452  9.260 12.162 10.886 10.522  9.359 10.151 11.972 12.804 15.771 15.721 18.136 17.587 19.462 17.292 15.964 12.564 14.682 15.617 12.099 11.808 15.295 14.451 11.948 14.988 17.283 15.470 14.470 16.678 14.417 16.037 14.440 15.675 13.826 10.326  8.467  5.848  5.069  6.338  8.905  9.208 10.014  9.508 10.253 13.576 14.600 17.739 16.621 16.257 14.052 17.282 17.529 14.464 15.819 13.001 14.754 15.005 13.041 10.072  6.734  3.830  0.000  3.821  6.613 10.064 13.089 15.962 18.019 19.872 21.246
 18.684 16.022 12.455 10.193  6.516  5.911  5.307  7.931 11.336 11.120 10.335  9.905  9.957 12.435 12.885 16.097 16.040 18.738 18.622 19.917 17.177 15.428 11.789 12.958 14.161 10.929  9.515 12.919 12.621  9.611 12.051 14.811 13.343 11.799 13.480 10.872 12.433 11.163 12.321 10.201  6.830  5.915  4.790  6.249  8.974 11.962 11.547 11.517  9.798 10.383 12.953 13.287 16.792 16.500 16.572 15.075 18.661 18.723 16.137 17.996 15.275 17.281 17.356 15.612 13.018  9.900  6.691  3.821  0.000  3.823  6.610  9.876 12.755 14.862 16.936 18.536
 22.374 19.799 16.221 13.939 10.254  8.930  7.090  8.012 11.593 12.366 12.351 12.868 13.243 16.043 16.491 19.702 19.476 22.043 21.744 22.684 19.888 17.607 13.818 14.461 16.353 13.633 11.432 14.748 15.192 11.979 13.506 16.748 15.606 13.348 14.284 11.099 12.225 11.305 11.310  8.515  6.093  5.176  6.286  7.406 10.864 13.350 11.827 11.688  9.754 11.317 13.467 14.069 17.820 17.999 18.789 17.781 21.295 20.786 18.213 20.536 18.226 20.565 20.948 19.254 16.446 13.247  9.996  6.613  3.823  0.000  3.822  6.628  9.572 11.851 13.952 15.637
 24.426 21.906 18.574 16.360 12.565 11.417  8.684  8.817 12.154 13.810 13.526 14.583 14.513 17.584 17.837 21.091 20.957 23.683 23.764 24.290 21.147 18.695 15.029 14.694 16.657 14.463 11.462 14.164 15.128 11.757 12.203 15.690 14.969 12.181 12.245  8.799  9.709  9.690  9.221  5.741  4.948  6.210  8.739 10.753 14.352 17.001 15.345 14.805 12.326 13.554 14.862 14.753 18.557 19.461 20.511 20.005 23.655 23.103 20.932 23.444 21.157 23.520 23.700 22.084 19.568 16.450 13.207 10.064  6.610  3.822  0.000  3.823  6.505  8.911 11.379 13.406
 27.374 25.098 21.755 19.793 16.038 15.007 12.346 12.070 15.225 17.179 17.139 18.285 18.132 21.094 21.051 24.110 23.623 26.085 25.949 26.065 22.963 20.087 16.515 15.777 18.292 16.697 13.432 15.930 17.585 14.526 14.306 17.994 17.838 15.012 14.285 10.643 10.431 10.409  8.547  5.216  6.370  7.394 10.774 12.631 16.404 18.827 16.640 15.673 12.985 14.511 15.152 15.151 18.880 20.227 21.884 21.896 25.411 24.371 22.409 25.302 23.434 26.127 26.646 25.288 22.580 19.601 16.169 13.089  9.876  6.628  3.823  0.000  3.832  6.371  8.895 11.117
 30.092 27.748 24.508 22.418 18.661 17.414 14.423 13.541 16.224 18.639 18.743 20.321 20.239 23.377 23.458 26.576 26.256 28.812 28.841 28.860 25.667 22.805 19.360 18.287 20.705 19.315 15.892 17.932 19.663 16.568 15.812 19.365 19.286 16.168 15.009 11.677 11.460 12.280 10.173  7.051  9.186 10.626 13.959 15.754 19.481 21.776 19.451 18.598 16.012 17.591 18.010 17.838 21.453 23.046 24.778 24.904 28.426 27.373 25.488 28.393 26.512 29.145 29.542 28.079 25.485 22.425 19.122 15.962 12.755  9.572  6.505  3.832  0.000  3.833  6.635  9.114
 31.672 29.417 26.269 24.269 20.571 19.407 16.418 15.449 17.960 20.472 20.548 22.170 21.996 25.085 25.068 28.094 27.721 30.210 30.273 30.119 26.921 24.009 20.730 19.424 21.865 20.757 17.309 19.063 20.970 18.054 16.995 20.450 20.592 17.514 16.055 12.948 12.407 13.389 11.041  8.577 11.034 12.543 15.861 17.677 21.341 23.597 21.239 20.270 17.667 19.142 19.257 18.955 22.395 24.197 26.061 26.388 29.851 28.714 26.989 29.956 28.178 30.846 31.267 29.888 27.336 24.355 21.070 18.019 14.862 11.851  8.911  6.371  3.833  0.000  3.845  6.767
 33.527 31.324 28.171 26.200 22.572 21.342 18.435 17.306 19.621 22.176 22.439 24.121 24.059 27.107 27.098 30.065 29.623 32.006 31.962 31.740 28.637 25.661 22.469 21.181 23.714 22.728 19.375 21.090 23.058 20.260 19.199 22.567 22.751 19.737 18.278 15.337 14.653 15.486 12.978 10.985 13.327 14.533 17.751 19.342 22.900 24.957 22.478 21.507 19.056 20.630 20.611 20.450 23.745 25.580 27.591 28.011 31.363 30.074 28.383 31.405 29.778 32.496 33.021 31.676 29.074 26.126 22.889 19.872 16.936 13.952 11.379  8.895  6.635  3.845  0.000  3.811
