  1.000  0.746  0.474  0.147 -0.220 -0.316 -0.303 -0.241 -0.270 -0.210 -0.266 -0.178 -0.109  0.097  0.227  0.540  0.541  0.505  0.327  0.186  0.190 -0.018 -0.263 -0.303 -0.234 -0.272 -0.419 -0.378 -0.338 -0.388 -0.391 -0.328 -0.298 -0.351 -0.343 -0.344 -0.303 -0.345 -0.309 -0.236 -0.310 -0.336 -0.366 -0.325 -0.222 -0.123 -0.147 -0.225 -0.330 -0.335 -0.358 -0.351 -0.267 -0.228 -0.132  0.046  0.071 -0.047 -0.019  0.124  0.184  0.298  0.495  0.412  0.180 -0.047 -0.214 -0.355 -0.254 -0.146 -0.023  0.050  0.255  0.226  0.326  0.342
  0.746  1.000  0.658  0.379 -0.058 -0.204 -0.258 -0.270 -0.262 -0.183 -0.146  0.005  0.087  0.373  0.461  0.587  0.378  0.264  0.100  0.006  0.002 -0.242 -0.372 -0.441 -0.378 -0.357 -0.483 -0.456 -0.378 -0.378 -0.414 -0.358 -0.285 -0.315 -0.351 -0.309 -0.348 -0.418 -0.382 -0.308 -0.360 -0.345 -0.371 -0.356 -0.258 -0.168 -0.210 -0.272 -0.376 -0.376 -0.436 -0.466 -0.424 -0.400 -0.303 -0.122 -0.087 -0.214 -0.146  0.015  0.122  0.272  0.493  0.541  0.254  0.062 -0.156 -0.310 -0.290 -0.174 -0.099  0.088  0.340  0.369  0.437  0.434
  0.474  0.658  1.000  0.567  0.186 -0.007 -0.134 -0.196 -0.218 -0.163 -0.065  0.131  0.225  0.446  0.461  0.426  0.269  0.164  0.102  0.005 -0.055 -0.206 -0.300 -0.337 -0.311 -0.299 -0.354 -0.353 -0.318 -0.315 -0.336 -0.292 -0.239 -0.260 -0.309 -0.311 -0.312 -0.305 -0.282 -0.303 -0.338 -0.274 -0.287 -0.237 -0.163 -0.098 -0.142 -0.175 -0.257 -0.247 -0.283 -0.335 -0.291 -0.270 -0.215 -0.102 -0.030 -0.096 -0.052  0.054  0.091  0.218  0.443  0.538  0.387  0.265  0.078 -0.162 -0.245 -0.206 -0.167 -0.071  0.216  0.229  0.280  0.272
  0.147  0.379  0.567  1.000  0.593  0.339  0.110 -0.080 -0.062 -0.030  0.222  0.438  0.488  0.580  0.424  0.283  0.035 -0.124 -0.171 -0.281 -0.295 -0.386 -0.335 -0.342 -0.357 -0.308 -0.259 -0.276 -0.252 -0.174 -0.196 -0.201 -0.124 -0.097 -0.167 -0.125 -0.199 -0.231 -0.221 -0.233 -0.231 -0.148 -0.126 -0.107 -0.081 -0.070 -0.126 -0.138 -0.184 -0.206 -0.254 -0.313 -0.339 -0.365 -0.343 -0.258 -0.249 -0.290 -0.217 -0.159 -0.082  0.023  0.149  0.365  0.346  0.504  0.315  0.084 -0.171 -0.160 -0.206 -0.038  0.149  0.254  0.224  0.210
 -0.220 -0.058  0.186  0.593  1.000  0.701  0.420  0.175  0.158  0.113  0.375  0.524  0.566  0.367  0.216 -0.034 -0.176 -0.256 -0.248 -0.281 -0.218 -0.193 -0.082 -0.046 -0.101 -0.047  0.094  0.048  0.017  0.108  0.088  0.034  0.073  0.109  0.059  0.092  0.015  0.023  0.011 -0.055 -0.017  0.086  0.123  0.123  0.060  0.011 -0.000  0.046  0.080  0.030  0.008 -0.040 -0.090 -0.140 -0.197 -0.239 -0.263 -0.217 -0.181 -0.227 -0.213 -0.196 -0.201 -0.031  0.094  0.365  0.488  0.327  0.048 -0.052 -0.181 -0.123 -0.145 -0.026 -0.098 -0.109
 -0.316 -0.204 -0.007  0.339  0.701  1.000  0.653  0.420  0.317  0.213  0.455  0.519  0.389  0.209  0.012 -0.191 -0.276 -0.294 -0.262 -0.305 -0.188 -0.117 -0.004  0.034 -0.027  0.002  0.135  0.091  0.046  0.108  0.095  0.048  0.084  0.140  0.076  0.096  0.036  0.061  0.068 -0.007  0.047  0.144  0.167  0.182  0.088  0.026  0.030  0.075  0.134  0.067  0.066  0.035 -0.022 -0.077 -0.166 -0.236 -0.275 -0.202 -0.178 -0.251 -0.256 -0.262 -0.296 -0.136  0.009  0.322  0.427  0.453  0.121 -0.029 -0.161 -0.146 -0.183 -0.069 -0.160 -0.178
 -0.303 -0.258 -0.134  0.110  0.420  0.653  1.000  0.826  0.652  0.331  0.451  0.273  0.247  0.091 -0.063 -0.198 -0.254 -0.209 -0.189 -0.227 -0.082  0.016  0.089  0.103  0.057  0.065  0.146  0.112  0.057  0.065  0.047  0.015  0.016  0.050  0.005  0.029 -0.000  0.076  0.127 -0.011  0.017  0.176  0.178  0.176  0.081  0.023  0.056  0.092  0.146  0.088  0.106  0.086  0.061  0.011 -0.094 -0.203 -0.210 -0.136 -0.151 -0.217 -0.268 -0.278 -0.328 -0.243 -0.140  0.100  0.230  0.378 -0.008 -0.129 -0.266 -0.137 -0.236 -0.136 -0.202 -0.209
 -0.241 -0.270 -0.196 -0.080  0.175  0.420  0.826  1.000  0.740  0.417  0.244 -0.009 -0.049 -0.126 -0.173 -0.213 -0.196 -0.110 -0.104 -0.121 -0.001  0.106  0.133  0.142  0.108  0.081  0.120  0.097  0.031 -0.005 -0.009 -0.023 -0.039 -0.021 -0.046 -0.024 -0.008  0.075  0.130  0.024  0.042  0.160  0.155  0.149  0.073  0.030  0.065  0.087  0.136  0.107  0.132  0.129  0.127  0.096  0.001 -0.108 -0.097 -0.030 -0.068 -0.125 -0.186 -0.210 -0.274 -0.260 -0.162 -0.002  0.144  0.322  0.031 -0.079 -0.174 -0.126 -0.228 -0.178 -0.213 -0.215
 -0.270 -0.262 -0.218 -0.062  0.158  0.317  0.652  0.740  1.000  0.605  0.507  0.175  0.074 -0.031 -0.132 -0.199 -0.216 -0.172 -0.158 -0.168 -0.062  0.014  0.061  0.079  0.051  0.033  0.077  0.071  0.028  0.009  0.003 -0.002 -0.002  0.025 -0.019 -0.015 -0.040  0.019  0.057 -0.052 -0.036  0.078  0.086  0.086  0.020 -0.002  0.024  0.049  0.086  0.040  0.068  0.069  0.049  0.009 -0.072 -0.163 -0.169 -0.113 -0.135 -0.188 -0.234 -0.243 -0.302 -0.255 -0.183 -0.030  0.053  0.218 -0.061 -0.150 -0.245 -0.134 -0.169 -0.072 -0.134 -0.148
 -0.210 -0.183 -0.163 -0.030  0.113  0.213  0.331  0.417  0.605  1.000  0.572  0.239  0.055 -0.011 -0.074 -0.139 -0.156 -0.148 -0.153 -0.171 -0.097 -0.065 -0.023 -0.001 -0.015 -0.033  0.007  0.010 -0.010 -0.003 -0.005 -0.012  0.008  0.054 -0.002 -0.003 -0.035 -0.023 -0.016 -0.047 -0.031  0.010  0.010  0.004 -0.045 -0.041 -0.026 -0.016  0.005 -0.031 -0.000  0.005 -0.029 -0.067 -0.115 -0.162 -0.175 -0.147 -0.160 -0.192 -0.210 -0.200 -0.242 -0.187 -0.147 -0.045 -0.011  0.101 -0.049 -0.087 -0.106 -0.050 -0.057  0.002 -0.062 -0.078
 -0.266 -0.146 -0.065  0.222  0.375  0.455  0.451  0.244  0.507  0.572  1.000  0.680  0.499  0.308  0.100 -0.079 -0.213 -0.270 -0.266 -0.305 -0.203 -0.213 -0.128 -0.094 -0.108 -0.079  0.005  0.008  0.018  0.077  0.065  0.064  0.115  0.165  0.087  0.060 -0.056 -0.059 -0.069 -0.145 -0.130 -0.058 -0.051 -0.039 -0.096 -0.076 -0.066 -0.055 -0.051 -0.125 -0.106 -0.114 -0.173 -0.235 -0.285 -0.320 -0.352 -0.326 -0.305 -0.334 -0.336 -0.297 -0.292 -0.137 -0.129  0.051  0.026  0.105 -0.140 -0.198 -0.268 -0.111 -0.039  0.132  0.048  0.017
 -0.178  0.005  0.131  0.438  0.524  0.519  0.273 -0.009  0.175  0.239  0.680  1.000  0.707  0.510  0.245  0.029 -0.165 -0.274 -0.278 -0.342 -0.256 -0.305 -0.215 -0.183 -0.195 -0.148 -0.055 -0.050 -0.027  0.056  0.036  0.034  0.108  0.148  0.068  0.058 -0.080 -0.117 -0.129 -0.171 -0.151 -0.078 -0.079 -0.076 -0.115 -0.094 -0.101 -0.097 -0.105 -0.175 -0.179 -0.197 -0.261 -0.323 -0.353 -0.345 -0.386 -0.377 -0.326 -0.334 -0.301 -0.235 -0.190  0.007 -0.003  0.176  0.100  0.100 -0.123 -0.164 -0.247 -0.064  0.062  0.223  0.134  0.094
 -0.109  0.087  0.225  0.488  0.566  0.389  0.247 -0.049  0.074  0.055  0.499  0.707  1.000  0.690  0.407  0.160 -0.070 -0.202 -0.220 -0.262 -0.219 -0.288 -0.212 -0.184 -0.185 -0.145 -0.065 -0.043 -0.026  0.049  0.040  0.046  0.097  0.116  0.068  0.031 -0.089 -0.108 -0.139 -0.218 -0.225 -0.143 -0.132 -0.125 -0.139 -0.092 -0.101 -0.099 -0.134 -0.184 -0.200 -0.216 -0.252 -0.303 -0.312 -0.308 -0.321 -0.334 -0.302 -0.286 -0.264 -0.192 -0.128  0.032 -0.034  0.093  0.035  0.000 -0.209 -0.225 -0.321 -0.128  0.030  0.210  0.167  0.143
  0.097  0.373  0.446  0.580  0.367  0.209  0.091 -0.126 -0.031 -0.011  0.308  0.510  0.690  1.000  0.629  0.399  0.079 -0.111 -0.179 -0.257 -0.260 -0.376 -0.316 -0.319 -0.302 -0.252 -0.239 -0.213 -0.158 -0.103 -0.146 -0.134 -0.045 -0.023 -0.108 -0.088 -0.215 -0.267 -0.259 -0.301 -0.303 -0.218 -0.232 -0.246 -0.218 -0.151 -0.187 -0.205 -0.263 -0.296 -0.326 -0.343 -0.379 -0.420 -0.390 -0.333 -0.323 -0.387 -0.346 -0.280 -0.221 -0.088  0.044  0.232  0.081  0.158 -0.028 -0.106 -0.260 -0.242 -0.286 -0.023  0.213  0.344  0.330  0.304
  0.227  0.461  0.461  0.424  0.216  0.012 -0.063 -0.173 -0.132 -0.074  0.100  0.245  0.407  0.629  1.000  0.688  0.309  0.069 -0.080 -0.143 -0.172 -0.287 -0.271 -0.263 -0.243 -0.197 -0.202 -0.189 -0.145 -0.094 -0.142 -0.140 -0.073 -0.062 -0.111 -0.079 -0.183 -0.236 -0.239 -0.244 -0.257 -0.209 -0.235 -0.271 -0.241 -0.155 -0.178 -0.200 -0.268 -0.282 -0.309 -0.300 -0.308 -0.342 -0.294 -0.243 -0.234 -0.315 -0.300 -0.227 -0.161 -0.033  0.130  0.252  0.057  0.046 -0.081 -0.176 -0.196 -0.155 -0.207 -0.003  0.182  0.284  0.290  0.274
  0.540  0.587  0.426  0.283 -0.034 -0.191 -0.198 -0.213 -0.199 -0.139 -0.079  0.029  0.160  0.399  0.688  1.000  0.595  0.310  0.106  0.027 -0.046 -0.221 -0.309 -0.337 -0.293 -0.288 -0.345 -0.330 -0.293 -0.273 -0.304 -0.279 -0.210 -0.225 -0.251 -0.216 -0.278 -0.333 -0.322 -0.293 -0.333 -0.308 -0.338 -0.360 -0.291 -0.175 -0.202 -0.250 -0.349 -0.347 -0.374 -0.354 -0.333 -0.328 -0.233 -0.115 -0.083 -0.211 -0.206 -0.087 -0.003  0.133  0.344  0.336  0.064 -0.052 -0.203 -0.322 -0.269 -0.177 -0.158  0.036  0.268  0.318  0.375  0.370
  0.541  0.378  0.269  0.035 -0.176 -0.276 -0.254 -0.196 -0.216 -0.156 -0.213 -0.165 -0.070  0.079  0.309  0.595  1.000  0.719  0.472  0.195  0.116  0.058 -0.125 -0.092 -0.062 -0.135 -0.210 -0.171 -0.176 -0.246 -0.231 -0.211 -0.227 -0.253 -0.223 -0.231 -0.162 -0.191 -0.187 -0.164 -0.207 -0.249 -0.261 -0.229 -0.136 -0.046 -0.072 -0.140 -0.221 -0.216 -0.204 -0.153 -0.083 -0.045  0.073  0.200  0.173  0.047  0.004  0.064  0.120  0.160  0.296  0.194  0.045 -0.117 -0.198 -0.285 -0.162 -0.107 -0.043 -0.060  0.048  0.028  0.136  0.182
  0.505  0.264  0.164 -0.124 -0.256 -0.294 -0.209 -0.110 -0.172 -0.148 -0.270 -0.274 -0.202 -0.111  0.069  0.310  0.719  1.000  0.716  0.339  0.382  0.304  0.024  0.003  0.074 -0.018 -0.179 -0.132 -0.139 -0.267 -0.259 -0.208 -0.244 -0.296 -0.271 -0.313 -0.198 -0.183 -0.174 -0.159 -0.211 -0.231 -0.262 -0.218 -0.145 -0.052 -0.043 -0.116 -0.185 -0.180 -0.157 -0.102  0.007  0.072  0.161  0.240  0.287  0.167  0.082  0.147  0.080  0.096  0.234  0.116 -0.019 -0.183 -0.227 -0.276 -0.146 -0.121 -0.042 -0.103  0.015 -0.028  0.093  0.131
  0.327  0.100  0.102 -0.171 -0.248 -0.262 -0.189 -0.104 -0.158 -0.153 -0.266 -0.278 -0.220 -0.179 -0.080  0.106  0.472  0.716  1.000  0.536  0.339  0.311  0.028  0.052  0.084 -0.022 -0.143 -0.106 -0.137 -0.258 -0.223 -0.179 -0.232 -0.276 -0.236 -0.298 -0.139 -0.104 -0.099 -0.106 -0.156 -0.183 -0.195 -0.107 -0.014  0.044  0.035 -0.041 -0.098 -0.081 -0.046 -0.003  0.109  0.178  0.283  0.390  0.404  0.305  0.217  0.243  0.162  0.142  0.206  0.087  0.042 -0.117 -0.150 -0.211 -0.119 -0.111 -0.018 -0.148 -0.043 -0.118 -0.014  0.022
  0.186  0.006  0.005 -0.281 -0.281 -0.305 -0.227 -0.121 -0.168 -0.171 -0.305 -0.342 -0.262 -0.257 -0.143  0.027  0.195  0.339  0.536  1.000  0.680  0.431  0.225  0.175  0.171  0.071 -0.010 -0.032 -0.124 -0.209 -0.185 -0.180 -0.234 -0.262 -0.210 -0.236 -0.090  0.008  0.057  0.011 -0.032 -0.024 -0.054 -0.025  0.003  0.012  0.035  0.058  0.058  0.096  0.143  0.156  0.252  0.354  0.450  0.415  0.490  0.484  0.403  0.378  0.227  0.095  0.127 -0.044 -0.060 -0.208 -0.152 -0.198 -0.017 -0.004  0.079 -0.074 -0.045 -0.203 -0.160 -0.140
  0.190  0.002 -0.055 -0.295 -0.218 -0.188 -0.082 -0.001 -0.062 -0.097 -0.203 -0.256 -0.219 -0.260 -0.172 -0.046  0.116  0.382  0.339  0.680  1.000  0.704  0.442  0.299  0.301  0.229  0.132  0.077 -0.017 -0.100 -0.120 -0.127 -0.170 -0.196 -0.168 -0.177 -0.073  0.037  0.097  0.052  0.010  0.045 -0.004 -0.028 -0.101 -0.094 -0.000  0.058  0.102  0.104  0.147  0.161  0.233  0.318  0.303  0.174  0.238  0.261  0.175  0.161 -0.008 -0.111 -0.041 -0.133 -0.191 -0.261 -0.176 -0.137  0.008  0.008  0.054 -0.036 -0.080 -0.187 -0.169 -0.167
 -0.018 -0.242 -0.206 -0.386 -0.193 -0.117  0.016  0.106  0.014 -0.065 -0.213 -0.305 -0.288 -0.376 -0.287 -0.221  0.058  0.304  0.311  0.431  0.704  1.000  0.805  0.683  0.660  0.569  0.430  0.347  0.235  0.085  0.036  0.002 -0.087 -0.117 -0.081 -0.088  0.080  0.231  0.271  0.175  0.180  0.218  0.218  0.186  0.064  0.016  0.124  0.218  0.320  0.355  0.436  0.505  0.562  0.632  0.505  0.282  0.286  0.366  0.219  0.148 -0.015 -0.148 -0.175 -0.290 -0.235 -0.241 -0.066  0.038  0.143  0.081  0.087 -0.132 -0.320 -0.471 -0.442 -0.409
 -0.263 -0.372 -0.300 -0.335 -0.082 -0.004  0.089  0.133  0.061 -0.023 -0.128 -0.215 -0.212 -0.316 -0.271 -0.309 -0.125  0.024  0.028  0.225  0.442  0.805  1.000  0.822  0.727  0.692  0.608  0.471  0.341  0.208  0.145  0.070 -0.024 -0.024 -0.002  0.035  0.178  0.356  0.375  0.249  0.304  0.380  0.390  0.312  0.148  0.041  0.144  0.295  0.449  0.506  0.597  0.666  0.633  0.663  0.490  0.220  0.217  0.333  0.216  0.096 -0.044 -0.197 -0.290 -0.359 -0.239 -0.160  0.037  0.187  0.262  0.167  0.095 -0.118 -0.387 -0.523 -0.544 -0.517
 -0.303 -0.441 -0.337 -0.342 -0.046  0.034  0.103  0.142  0.079 -0.001 -0.094 -0.183 -0.184 -0.319 -0.263 -0.337 -0.092  0.003  0.052  0.175  0.299  0.683  0.822  1.000  0.848  0.664  0.716  0.678  0.470  0.326  0.328  0.230  0.097  0.090  0.155  0.158  0.305  0.453  0.443  0.328  0.369  0.367  0.389  0.345  0.208  0.107  0.183  0.310  0.444  0.494  0.612  0.732  0.692  0.648  0.508  0.245  0.154  0.287  0.168 -0.007 -0.097 -0.234 -0.354 -0.426 -0.263 -0.149  0.073  0.219  0.272  0.169  0.107 -0.170 -0.478 -0.597 -0.613 -0.572
 -0.234 -0.378 -0.311 -0.357 -0.101 -0.027  0.057  0.108  0.051 -0.015 -0.108 -0.195 -0.185 -0.302 -0.243 -0.293 -0.062  0.074  0.084  0.171  0.301  0.660  0.727  0.848  1.000  0.794  0.630  0.697  0.592  0.340  0.296  0.274  0.138  0.073  0.108  0.068  0.186  0.313  0.288  0.181  0.216  0.214  0.213  0.169  0.055  0.023  0.092  0.180  0.271  0.308  0.416  0.552  0.540  0.504  0.392  0.150  0.100  0.189  0.058 -0.062 -0.164 -0.259 -0.325 -0.384 -0.301 -0.221 -0.050  0.084  0.159  0.065  0.021 -0.181 -0.374 -0.444 -0.421 -0.381
 -0.272 -0.357 -0.299 -0.308 -0.047  0.002  0.065  0.081  0.033 -0.033 -0.079 -0.148 -0.145 -0.252 -0.197 -0.288 -0.135 -0.018 -0.022  0.071  0.229  0.569  0.692  0.664  0.794  1.000  0.720  0.598  0.649  0.494  0.321  0.302  0.221  0.153  0.128  0.110  0.165  0.292  0.264  0.154  0.208  0.254  0.254  0.165  0.027 -0.010  0.071  0.163  0.269  0.289  0.357  0.436  0.415  0.398  0.247  0.032  0.016  0.120  0.031 -0.070 -0.171 -0.271 -0.338 -0.361 -0.285 -0.191 -0.040  0.096  0.179  0.082  0.013 -0.119 -0.320 -0.366 -0.378 -0.348
 -0.419 -0.483 -0.354 -0.259  0.094  0.135  0.146  0.120  0.077  0.007  0.005 -0.055 -0.065 -0.239 -0.202 -0.345 -0.210 -0.179 -0.143 -0.010  0.132  0.430  0.608  0.716  0.630  0.720  1.000  0.803  0.623  0.640  0.601  0.435  0.318  0.340  0.387  0.410  0.463  0.597  0.512  0.386  0.447  0.453  0.462  0.358  0.170  0.067  0.151  0.276  0.435  0.440  0.525  0.596  0.518  0.455  0.305  0.064 -0.034  0.118  0.050 -0.141 -0.206 -0.331 -0.458 -0.462 -0.290 -0.106  0.123  0.279  0.320  0.219  0.103 -0.107 -0.477 -0.536 -0.607 -0.571
 -0.378 -0.456 -0.353 -0.276  0.048  0.091  0.112  0.097  0.071  0.010  0.008 -0.050 -0.043 -0.213 -0.189 -0.330 -0.171 -0.132 -0.106 -0.032  0.077  0.347  0.471  0.678  0.697  0.598  0.803  1.000  0.780  0.625  0.679  0.585  0.401  0.360  0.440  0.380  0.428  0.501  0.404  0.310  0.346  0.294  0.289  0.218  0.072  0.027  0.089  0.169  0.287  0.291  0.393  0.507  0.452  0.364  0.258  0.036 -0.072  0.044 -0.042 -0.213 -0.267 -0.351 -0.456 -0.454 -0.326 -0.164  0.033  0.175  0.213  0.117  0.031 -0.158 -0.434 -0.448 -0.471 -0.429
 -0.338 -0.378 -0.318 -0.252  0.017  0.046  0.057  0.031  0.028 -0.010  0.018 -0.027 -0.026 -0.158 -0.145 -0.293 -0.176 -0.139 -0.137 -0.124 -0.017  0.235  0.341  0.470  0.592  0.649  0.623  0.780  1.000  0.791  0.656  0.687  0.566  0.445  0.421  0.303  0.256  0.283  0.205  0.129  0.179  0.142  0.139  0.060 -0.055 -0.055 -0.007  0.041  0.128  0.124  0.201  0.301  0.262  0.185  0.082 -0.094 -0.161 -0.070 -0.137 -0.254 -0.303 -0.351 -0.417 -0.382 -0.315 -0.183 -0.060  0.068  0.126  0.017 -0.059 -0.155 -0.305 -0.252 -0.252 -0.214
 -0.388 -0.378 -0.315 -0.174  0.108  0.108  0.065 -0.005  0.009 -0.003  0.077  0.056  0.049 -0.103 -0.094 -0.273 -0.246 -0.267 -0.258 -0.209 -0.100  0.085  0.208  0.326  0.340  0.494  0.640  0.625  0.791  1.000  0.819  0.704  0.661  0.642  0.598  0.554  0.415  0.394  0.296  0.242  0.294  0.242  0.245  0.144 -0.000 -0.033  0.021  0.081  0.190  0.156  0.203  0.259  0.190  0.107  0.001 -0.147 -0.234 -0.126 -0.150 -0.284 -0.302 -0.355 -0.441 -0.385 -0.287 -0.126  0.016  0.148  0.210  0.135  0.037 -0.050 -0.317 -0.265 -0.318 -0.285
 -0.391 -0.414 -0.336 -0.196  0.088  0.095  0.047 -0.009  0.003 -0.005  0.065  0.036  0.040 -0.146 -0.142 -0.304 -0.231 -0.259 -0.223 -0.185 -0.120  0.036  0.145  0.328  0.296  0.321  0.601  0.679  0.656  0.819  1.000  0.810  0.630  0.659  0.753  0.669  0.603  0.553  0.427  0.386  0.393  0.264  0.249  0.179  0.046  0.012  0.059  0.101  0.209  0.169  0.229  0.298  0.233  0.139  0.065 -0.070 -0.186 -0.081 -0.108 -0.261 -0.268 -0.326 -0.434 -0.399 -0.272 -0.120  0.037  0.156  0.226  0.176  0.110 -0.059 -0.380 -0.339 -0.394 -0.348
 -0.328 -0.358 -0.292 -0.201  0.034  0.048  0.015 -0.023 -0.002 -0.012  0.064  0.034  0.046 -0.134 -0.140 -0.279 -0.211 -0.208 -0.179 -0.180 -0.127  0.002  0.070  0.230  0.274  0.302  0.435  0.585  0.687  0.704  0.810  1.000  0.794  0.646  0.672  0.429  0.325  0.297  0.205  0.163  0.168  0.065  0.055  0.014 -0.073 -0.039 -0.003  0.003  0.057  0.026  0.082  0.156  0.121  0.041 -0.017 -0.127 -0.198 -0.122 -0.159 -0.261 -0.281 -0.305 -0.373 -0.335 -0.269 -0.159 -0.060  0.026  0.088  0.010 -0.034 -0.136 -0.256 -0.163 -0.178 -0.145
 -0.298 -0.285 -0.239 -0.124  0.073  0.084  0.016 -0.039 -0.002  0.008  0.115  0.108  0.097 -0.045 -0.073 -0.210 -0.227 -0.244 -0.232 -0.234 -0.170 -0.087 -0.024  0.097  0.138  0.221  0.318  0.401  0.566  0.661  0.630  0.794  1.000  0.811  0.637  0.430  0.169  0.113  0.047  0.007  0.045 -0.011 -0.010 -0.052 -0.121 -0.079 -0.057 -0.053 -0.019 -0.056 -0.017  0.044 -0.004 -0.078 -0.130 -0.214 -0.265 -0.202 -0.221 -0.295 -0.301 -0.297 -0.338 -0.273 -0.236 -0.122 -0.058  0.014  0.037 -0.051 -0.110 -0.125 -0.151 -0.020 -0.042 -0.029
 -0.351 -0.315 -0.260 -0.097  0.109  0.140  0.050 -0.021  0.025  0.054  0.165  0.148  0.116 -0.023 -0.062 -0.225 -0.253 -0.296 -0.276 -0.262 -0.196 -0.117 -0.024  0.090  0.073  0.153  0.340  0.360  0.445  0.642  0.659  0.646  0.811  1.000  0.824  0.661  0.365  0.271  0.192  0.138  0.183  0.112  0.093  0.033 -0.062 -0.060 -0.036 -0.010  0.058  0.006  0.041  0.094  0.014 -0.061 -0.117 -0.205 -0.274 -0.201 -0.212 -0.311 -0.307 -0.315 -0.376 -0.299 -0.227 -0.076  0.001  0.115  0.132  0.048 -0.037 -0.074 -0.212 -0.094 -0.153 -0.137
 -0.343 -0.351 -0.309 -0.167  0.059  0.076  0.005 -0.046 -0.019 -0.002  0.087  0.068  0.068 -0.108 -0.111 -0.251 -0.223 -0.271 -0.236 -0.210 -0.168 -0.081 -0.002  0.155  0.108  0.128  0.387  0.440  0.421  0.598  0.753  0.672  0.637  0.824  1.000  0.808  0.600  0.462  0.339  0.363  0.353  0.204  0.161  0.099 -0.009 -0.019  0.016  0.042  0.124  0.075  0.115  0.177  0.106  0.020 -0.030 -0.113 -0.215 -0.134 -0.142 -0.263 -0.249 -0.283 -0.377 -0.343 -0.245 -0.121 -0.000  0.112  0.232  0.193  0.130  0.004 -0.293 -0.219 -0.281 -0.248
 -0.344 -0.309 -0.311 -0.125  0.092  0.096  0.029 -0.024 -0.015 -0.003  0.060  0.058  0.031 -0.088 -0.079 -0.216 -0.231 -0.313 -0.298 -0.236 -0.177 -0.088  0.035  0.158  0.068  0.110  0.410  0.380  0.303  0.554  0.669  0.429  0.430  0.661  0.808  1.000  0.761  0.563  0.420  0.472  0.478  0.346  0.304  0.209  0.082  0.009  0.041  0.092  0.207  0.159  0.186  0.224  0.129  0.044 -0.011 -0.091 -0.217 -0.128 -0.110 -0.242 -0.199 -0.250 -0.372 -0.331 -0.206 -0.058  0.088  0.209  0.309  0.314  0.235  0.122 -0.295 -0.266 -0.365 -0.336
 -0.303 -0.348 -0.312 -0.199  0.015  0.036 -0.000 -0.008 -0.040 -0.035 -0.056 -0.080 -0.089 -0.215 -0.183 -0.278 -0.162 -0.198 -0.139 -0.090 -0.073  0.080  0.178  0.305  0.186  0.165  0.463  0.428  0.256  0.415  0.603  0.325  0.169  0.365  0.600  0.761  1.000  0.826  0.619  0.669  0.620  0.397  0.375  0.320  0.216  0.099  0.127  0.170  0.310  0.287  0.333  0.367  0.313  0.247  0.200  0.110 -0.027  0.069  0.065 -0.089 -0.070 -0.165 -0.307 -0.332 -0.149 -0.038  0.138  0.234  0.351  0.357  0.351  0.084 -0.423 -0.470 -0.528 -0.460
 -0.345 -0.418 -0.305 -0.231  0.023  0.061  0.076  0.075  0.019 -0.023 -0.059 -0.117 -0.108 -0.267 -0.236 -0.333 -0.191 -0.183 -0.104  0.008  0.037  0.231  0.356  0.453  0.313  0.292  0.597  0.501  0.283  0.394  0.553  0.297  0.113  0.271  0.462  0.563  0.826  1.000  0.776  0.648  0.629  0.494  0.473  0.416  0.277  0.136  0.184  0.267  0.420  0.419  0.481  0.504  0.457  0.402  0.310  0.156  0.059  0.191  0.158 -0.015 -0.056 -0.179 -0.319 -0.362 -0.168 -0.041  0.166  0.284  0.354  0.332  0.300  0.003 -0.462 -0.563 -0.643 -0.587
 -0.309 -0.382 -0.282 -0.221  0.011  0.068  0.127  0.130  0.057 -0.016 -0.069 -0.129 -0.139 -0.259 -0.239 -0.322 -0.187 -0.174 -0.099  0.057  0.097  0.271  0.375  0.443  0.288  0.264  0.512  0.404  0.205  0.296  0.427  0.205  0.047  0.192  0.339  0.420  0.619  0.776  1.000  0.784  0.737  0.635  0.560  0.486  0.333  0.143  0.201  0.306  0.487  0.474  0.528  0.526  0.477  0.435  0.339  0.190  0.093  0.237  0.215  0.034 -0.014 -0.158 -0.302 -0.355 -0.158 -0.026  0.185  0.355  0.388  0.389  0.378  0.101 -0.405 -0.571 -0.703 -0.670
 -0.236 -0.308 -0.303 -0.233 -0.055 -0.007 -0.011  0.024 -0.052 -0.047 -0.145 -0.171 -0.218 -0.301 -0.244 -0.293 -0.164 -0.159 -0.106  0.011  0.052  0.175  0.249  0.328  0.181  0.154  0.386  0.310  0.129  0.242  0.386  0.163  0.007  0.138  0.363  0.472  0.669  0.648  0.784  1.000  0.866  0.634  0.534  0.434  0.299  0.122  0.168  0.244  0.408  0.408  0.435  0.423  0.372  0.322  0.246  0.168  0.046  0.169  0.187  0.028  0.031 -0.104 -0.256 -0.313 -0.129 -0.041  0.157  0.290  0.510  0.606  0.637  0.339 -0.323 -0.497 -0.635 -0.607
 -0.310 -0.360 -0.338 -0.231 -0.017  0.047  0.017  0.042 -0.036 -0.031 -0.130 -0.151 -0.225 -0.303 -0.257 -0.333 -0.207 -0.211 -0.156 -0.032  0.010  0.180  0.304  0.369  0.216  0.208  0.447  0.346  0.179  0.294  0.393  0.168  0.045  0.183  0.353  0.478  0.620  0.629  0.737  0.866  1.000  0.790  0.652  0.515  0.346  0.127  0.173  0.280  0.483  0.488  0.511  0.489  0.415  0.362  0.268  0.160  0.035  0.170  0.184  0.001  0.002 -0.144 -0.312 -0.348 -0.134 -0.003  0.216  0.390  0.620  0.695  0.671  0.342 -0.366 -0.536 -0.684 -0.651
 -0.336 -0.345 -0.274 -0.148  0.086  0.144  0.176  0.160  0.078  0.010 -0.058 -0.078 -0.143 -0.218 -0.209 -0.308 -0.249 -0.231 -0.183 -0.024  0.045  0.218  0.380  0.367  0.214  0.254  0.453  0.294  0.142  0.242  0.264  0.065 -0.011  0.112  0.204  0.346  0.397  0.494  0.635  0.634  0.790  1.000  0.801  0.594  0.367  0.119  0.188  0.346  0.559  0.572  0.578  0.509  0.435  0.404  0.263  0.120  0.048  0.194  0.205  0.035 -0.001 -0.152 -0.311 -0.322 -0.125  0.046  0.271  0.496  0.599  0.624  0.453  0.306 -0.337 -0.527 -0.688 -0.679
 -0.366 -0.371 -0.287 -0.126  0.123  0.167  0.178  0.155  0.086  0.010 -0.051 -0.079 -0.132 -0.232 -0.235 -0.338 -0.261 -0.262 -0.195 -0.054 -0.004  0.218  0.390  0.389  0.213  0.254  0.462  0.289  0.139  0.245  0.249  0.055 -0.010  0.093  0.161  0.304  0.375  0.473  0.560  0.534  0.652  0.801  1.000  0.811  0.518  0.201  0.291  0.444  0.682  0.667  0.632  0.563  0.468  0.433  0.286  0.153  0.061  0.214  0.240  0.064  0.052 -0.113 -0.292 -0.303 -0.069  0.115  0.396  0.610  0.516  0.511  0.370  0.157 -0.380 -0.561 -0.700 -0.678
 -0.325 -0.356 -0.237 -0.107  0.123  0.182  0.176  0.149  0.086  0.004 -0.039 -0.076 -0.125 -0.246 -0.271 -0.360 -0.229 -0.218 -0.107 -0.025 -0.028  0.186  0.312  0.345  0.169  0.165  0.358  0.218  0.060  0.144  0.179  0.014 -0.052  0.033  0.099  0.209  0.320  0.416  0.486  0.434  0.515  0.594  0.811  1.000  0.771  0.409  0.484  0.621  0.731  0.625  0.578  0.498  0.435  0.415  0.297  0.208  0.118  0.256  0.290  0.133  0.131 -0.027 -0.199 -0.224  0.025  0.181  0.459  0.619  0.374  0.366  0.289  0.029 -0.405 -0.565 -0.678 -0.651
 -0.222 -0.258 -0.163 -0.081  0.060  0.088  0.081  0.073  0.020 -0.045 -0.096 -0.115 -0.139 -0.218 -0.241 -0.291 -0.136 -0.145 -0.014  0.003 -0.101  0.064  0.148  0.208  0.055  0.027  0.170  0.072 -0.055 -0.000  0.046 -0.073 -0.121 -0.062 -0.009  0.082  0.216  0.277  0.333  0.299  0.346  0.367  0.518  0.771  1.000  0.654  0.485  0.530  0.494  0.485  0.451  0.350  0.323  0.333  0.306  0.285  0.186  0.279  0.321  0.207  0.249  0.129 -0.044 -0.104  0.149  0.236  0.410  0.444  0.243  0.223  0.187 -0.045 -0.327 -0.451 -0.509 -0.478
 -0.123 -0.168 -0.098 -0.070  0.011  0.026  0.023  0.030 -0.002 -0.041 -0.076 -0.094 -0.092 -0.151 -0.155 -0.175 -0.046 -0.052  0.044  0.012 -0.094  0.016  0.041  0.107  0.023 -0.010  0.067  0.027 -0.055 -0.033  0.012 -0.039 -0.079 -0.060 -0.019  0.009  0.099  0.136  0.143  0.122  0.127  0.119  0.201  0.409  0.654  1.000  0.712  0.487  0.295  0.258  0.240  0.176  0.174  0.182  0.180  0.182  0.119  0.164  0.179  0.122  0.159  0.100 -0.025 -0.083  0.059  0.087  0.215  0.209  0.077  0.073  0.067 -0.094 -0.219 -0.293 -0.315 -0.294
 -0.147 -0.210 -0.142 -0.126 -0.000  0.030  0.056  0.065  0.024 -0.026 -0.066 -0.101 -0.101 -0.187 -0.178 -0.202 -0.072 -0.043  0.035  0.035 -0.000  0.124  0.144  0.183  0.092  0.071  0.151  0.089 -0.007  0.021  0.059 -0.003 -0.057 -0.036  0.016  0.041  0.127  0.184  0.201  0.168  0.173  0.188  0.291  0.484  0.485  0.712  1.000  0.692  0.469  0.300  0.266  0.233  0.232  0.228  0.172  0.144  0.106  0.166  0.169  0.104  0.095  0.010 -0.103 -0.150 -0.040 -0.011  0.165  0.230  0.090  0.114  0.114 -0.051 -0.255 -0.339 -0.394 -0.378
 -0.225 -0.272 -0.175 -0.138  0.046  0.075  0.092  0.087  0.049 -0.016 -0.055 -0.097 -0.099 -0.205 -0.200 -0.250 -0.140 -0.116 -0.041  0.058  0.058  0.218  0.295  0.310  0.180  0.163  0.276  0.169  0.041  0.081  0.101  0.003 -0.053 -0.010  0.042  0.092  0.170  0.267  0.306  0.244  0.280  0.346  0.444  0.621  0.530  0.487  0.692  1.000  0.782  0.588  0.473  0.389  0.358  0.356  0.245  0.173  0.129  0.229  0.257  0.153  0.131 -0.010 -0.154 -0.207 -0.060  0.016  0.228  0.301  0.215  0.224  0.165 -0.025 -0.344 -0.474 -0.542 -0.523
 -0.330 -0.376 -0.257 -0.184  0.080  0.134  0.146  0.136  0.086  0.005 -0.051 -0.105 -0.134 -0.263 -0.268 -0.349 -0.221 -0.185 -0.098  0.058  0.102  0.320  0.449  0.444  0.271  0.269  0.435  0.287  0.128  0.190  0.209  0.057 -0.019  0.058  0.124  0.207  0.310  0.420  0.487  0.408  0.483  0.559  0.682  0.731  0.494  0.295  0.469  0.782  1.000  0.802  0.674  0.568  0.503  0.502  0.343  0.223  0.158  0.312  0.345  0.180  0.132 -0.075 -0.253 -0.304 -0.092  0.042  0.309  0.452  0.361  0.348  0.272  0.016 -0.431 -0.607 -0.706 -0.683
 -0.335 -0.376 -0.247 -0.206  0.030  0.067  0.088  0.107  0.040 -0.031 -0.125 -0.175 -0.184 -0.296 -0.282 -0.347 -0.216 -0.180 -0.081  0.096  0.104  0.355  0.506  0.494  0.308  0.289  0.440  0.291  0.124  0.156  0.169  0.026 -0.056  0.006  0.075  0.159  0.287  0.419  0.474  0.408  0.488  0.572  0.667  0.625  0.485  0.258  0.300  0.588  0.802  1.000  0.858  0.671  0.577  0.600  0.437  0.299  0.240  0.402  0.440  0.266  0.216 -0.002 -0.204 -0.291 -0.055  0.048  0.304  0.383  0.411  0.369  0.270  0.001 -0.443 -0.630 -0.692 -0.660
 -0.358 -0.436 -0.283 -0.254  0.008  0.066  0.106  0.132  0.068 -0.000 -0.106 -0.179 -0.200 -0.326 -0.309 -0.374 -0.204 -0.157 -0.046  0.143  0.147  0.436  0.597  0.612  0.416  0.357  0.525  0.393  0.201  0.203  0.229  0.082 -0.017  0.041  0.115  0.186  0.333  0.481  0.528  0.435  0.511  0.578  0.632  0.578  0.451  0.240  0.266  0.473  0.674  0.858  1.000  0.847  0.733  0.729  0.537  0.347  0.268  0.452  0.444  0.232  0.157 -0.060 -0.262 -0.357 -0.101  0.014  0.270  0.370  0.396  0.340  0.262 -0.034 -0.472 -0.685 -0.744 -0.707
 -0.351 -0.466 -0.335 -0.313 -0.040  0.035  0.086  0.129  0.069  0.005 -0.114 -0.197 -0.216 -0.343 -0.300 -0.354 -0.153 -0.102 -0.003  0.156  0.161  0.505  0.666  0.732  0.552  0.436  0.596  0.507  0.301  0.259  0.298  0.156  0.044  0.094  0.177  0.224  0.367  0.504  0.526  0.423  0.489  0.509  0.563  0.498  0.350  0.176  0.233  0.389  0.568  0.671  0.847  1.000  0.848  0.771  0.590  0.358  0.254  0.418  0.316  0.101  0.030 -0.148 -0.323 -0.415 -0.189 -0.064  0.189  0.326  0.372  0.292  0.221 -0.088 -0.478 -0.669 -0.715 -0.673
 -0.267 -0.424 -0.291 -0.339 -0.090 -0.022  0.061  0.127  0.049 -0.029 -0.173 -0.261 -0.252 -0.379 -0.308 -0.333 -0.083  0.007  0.109  0.252  0.233  0.562  0.633  0.692  0.540  0.415  0.518  0.452  0.262  0.190  0.233  0.121 -0.004  0.014  0.106  0.129  0.313  0.457  0.477  0.372  0.415  0.435  0.468  0.435  0.323  0.174  0.232  0.358  0.503  0.577  0.733  0.848  1.000  0.862  0.685  0.473  0.386  0.530  0.400  0.211  0.114 -0.073 -0.243 -0.374 -0.156 -0.097  0.145  0.242  0.322  0.239  0.200 -0.130 -0.471 -0.684 -0.687 -0.631
 -0.228 -0.400 -0.270 -0.365 -0.140 -0.077  0.011  0.096  0.009 -0.067 -0.235 -0.323 -0.303 -0.420 -0.342 -0.328 -0.045  0.072  0.178  0.354  0.318  0.632  0.663  0.648  0.504  0.398  0.455  0.364  0.185  0.107  0.139  0.041 -0.078 -0.061  0.020  0.044  0.247  0.402  0.435  0.322  0.362  0.404  0.433  0.415  0.333  0.182  0.228  0.356  0.502  0.600  0.729  0.771  0.862  1.000  0.842  0.609  0.541  0.679  0.529  0.350  0.230  0.007 -0.169 -0.327 -0.106 -0.098  0.127  0.199  0.294  0.213  0.188 -0.148 -0.450 -0.683 -0.678 -0.617
 -0.132 -0.303 -0.215 -0.343 -0.197 -0.166 -0.094  0.001 -0.072 -0.115 -0.285 -0.353 -0.312 -0.390 -0.294 -0.233  0.073  0.161  0.283  0.450  0.303  0.505  0.490  0.508  0.392  0.247  0.305  0.258  0.082  0.001  0.065 -0.017 -0.130 -0.117 -0.030 -0.011  0.200  0.310  0.339  0.246  0.268  0.263  0.286  0.297  0.306  0.180  0.172  0.245  0.343  0.437  0.537  0.590  0.685  0.842  1.000  0.801  0.678  0.736  0.573  0.436  0.338  0.108 -0.058 -0.236 -0.031 -0.089  0.073  0.092  0.196  0.146  0.160 -0.165 -0.386 -0.589 -0.554 -0.480
  0.046 -0.122 -0.102 -0.258 -0.239 -0.236 -0.203 -0.108 -0.163 -0.162 -0.320 -0.345 -0.308 -0.333 -0.243 -0.115  0.200  0.240  0.390  0.415  0.174  0.282  0.220  0.245  0.150  0.032  0.064  0.036 -0.094 -0.147 -0.070 -0.127 -0.214 -0.205 -0.113 -0.091  0.110  0.156  0.190  0.168  0.160  0.120  0.153  0.208  0.285  0.182  0.144  0.173  0.223  0.299  0.347  0.358  0.473  0.609  0.801  1.000  0.788  0.716  0.661  0.586  0.564  0.300  0.133 -0.068  0.100 -0.044  0.042 -0.007  0.106  0.118  0.186 -0.093 -0.266 -0.458 -0.399 -0.325
  0.071 -0.087 -0.030 -0.249 -0.263 -0.275 -0.210 -0.097 -0.169 -0.175 -0.352 -0.386 -0.321 -0.323 -0.234 -0.083  0.173  0.287  0.404  0.490  0.238  0.286  0.217  0.154  0.100  0.016 -0.034 -0.072 -0.161 -0.234 -0.186 -0.198 -0.265 -0.274 -0.215 -0.217 -0.027  0.059  0.093  0.046  0.035  0.048  0.061  0.118  0.186  0.119  0.106  0.129  0.158  0.240  0.268  0.254  0.386  0.541  0.678  0.788  1.000  0.855  0.705  0.708  0.530  0.306  0.210  0.015  0.115 -0.063  0.000 -0.079  0.055  0.050  0.117 -0.119 -0.177 -0.365 -0.286 -0.224
 -0.047 -0.214 -0.096 -0.290 -0.217 -0.202 -0.136 -0.030 -0.113 -0.147 -0.326 -0.377 -0.334 -0.387 -0.315 -0.211  0.047  0.167  0.305  0.484  0.261  0.366  0.333  0.287  0.189  0.120  0.118  0.044 -0.070 -0.126 -0.081 -0.122 -0.202 -0.201 -0.134 -0.128  0.069  0.191  0.237  0.169  0.170  0.194  0.214  0.256  0.279  0.164  0.166  0.229  0.312  0.402  0.452  0.418  0.530  0.679  0.736  0.716  0.855  1.000  0.837  0.716  0.504  0.248  0.119 -0.073  0.080 -0.049  0.079  0.035  0.152  0.127  0.172 -0.122 -0.262 -0.491 -0.458 -0.408
 -0.019 -0.146 -0.052 -0.217 -0.181 -0.178 -0.151 -0.068 -0.135 -0.160 -0.305 -0.326 -0.302 -0.346 -0.300 -0.206  0.004  0.082  0.217  0.403  0.175  0.219  0.216  0.168  0.058  0.031  0.050 -0.042 -0.137 -0.150 -0.108 -0.159 -0.221 -0.212 -0.142 -0.110  0.065  0.158  0.215  0.187  0.184  0.205  0.240  0.290  0.321  0.179  0.169  0.257  0.345  0.440  0.444  0.316  0.400  0.529  0.573  0.661  0.705  0.837  1.000  0.828  0.680  0.356  0.204  0.007  0.169  0.021  0.129  0.062  0.151  0.164  0.211 -0.049 -0.223 -0.443 -0.429 -0.388
  0.124  0.015  0.054 -0.159 -0.227 -0.251 -0.217 -0.125 -0.188 -0.192 -0.334 -0.334 -0.286 -0.280 -0.227 -0.087  0.064  0.147  0.243  0.378  0.161  0.148  0.096 -0.007 -0.062 -0.070 -0.141 -0.213 -0.254 -0.284 -0.261 -0.261 -0.295 -0.311 -0.263 -0.242 -0.089 -0.015  0.034  0.028  0.001  0.035  0.064  0.133  0.207  0.122  0.104  0.153  0.180  0.266  0.232  0.101  0.211  0.350  0.436  0.586  0.708  0.716  0.828  1.000  0.779  0.478  0.360  0.154  0.237  0.020  0.054 -0.068  0.023  0.055  0.128 -0.045 -0.083 -0.260 -0.207 -0.175
  0.184  0.122  0.091 -0.082 -0.213 -0.256 -0.268 -0.186 -0.234 -0.210 -0.336 -0.301 -0.264 -0.221 -0.161 -0.003  0.120  0.080  0.162  0.227 -0.008 -0.015 -0.044 -0.097 -0.164 -0.171 -0.206 -0.267 -0.303 -0.302 -0.268 -0.281 -0.301 -0.307 -0.249 -0.199 -0.070 -0.056 -0.014  0.031  0.002 -0.001  0.052  0.131  0.249  0.159  0.095  0.131  0.132  0.216  0.157  0.030  0.114  0.230  0.338  0.564  0.530  0.504  0.680  0.779  1.000  0.740  0.504  0.244  0.392  0.105  0.096 -0.050  0.010  0.074  0.157  0.014 -0.046 -0.199 -0.145 -0.106
  0.298  0.272  0.218  0.023 -0.196 -0.262 -0.278 -0.210 -0.243 -0.200 -0.297 -0.235 -0.192 -0.088 -0.033  0.133  0.160  0.096  0.142  0.095 -0.111 -0.148 -0.197 -0.234 -0.259 -0.271 -0.331 -0.351 -0.351 -0.355 -0.326 -0.305 -0.297 -0.315 -0.283 -0.250 -0.165 -0.179 -0.158 -0.104 -0.144 -0.152 -0.113 -0.027  0.129  0.100  0.010 -0.010 -0.075 -0.002 -0.060 -0.148 -0.073  0.007  0.108  0.300  0.306  0.248  0.356  0.478  0.740  1.000  0.710  0.386  0.495  0.161  0.036 -0.134 -0.103 -0.035  0.050  0.006  0.102  0.017  0.081  0.105
  0.495  0.493  0.443  0.149 -0.201 -0.296 -0.328 -0.274 -0.302 -0.242 -0.292 -0.190 -0.128  0.044  0.130  0.344  0.296  0.234  0.206  0.127 -0.041 -0.175 -0.290 -0.354 -0.325 -0.338 -0.458 -0.456 -0.417 -0.441 -0.434 -0.373 -0.338 -0.376 -0.377 -0.372 -0.307 -0.319 -0.302 -0.256 -0.312 -0.311 -0.292 -0.199 -0.044 -0.025 -0.103 -0.154 -0.253 -0.204 -0.262 -0.323 -0.243 -0.169 -0.058  0.133  0.210  0.119  0.204  0.360  0.504  0.710  1.000  0.733  0.540  0.207 -0.046 -0.245 -0.226 -0.154 -0.049 -0.021  0.237  0.193  0.285  0.294
  0.412  0.541  0.538  0.365 -0.031 -0.136 -0.243 -0.260 -0.255 -0.187 -0.137  0.007  0.032  0.232  0.252  0.336  0.194  0.116  0.087 -0.044 -0.133 -0.290 -0.359 -0.426 -0.384 -0.361 -0.462 -0.454 -0.382 -0.385 -0.399 -0.335 -0.273 -0.299 -0.343 -0.331 -0.332 -0.362 -0.355 -0.313 -0.348 -0.322 -0.303 -0.224 -0.104 -0.083 -0.150 -0.207 -0.304 -0.291 -0.357 -0.415 -0.374 -0.327 -0.236 -0.068  0.015 -0.073  0.007  0.154  0.244  0.386  0.733  1.000  0.692  0.398  0.041 -0.165 -0.256 -0.192 -0.124 -0.018  0.291  0.316  0.371  0.360
  0.180  0.254  0.387  0.346  0.094  0.009 -0.140 -0.162 -0.183 -0.147 -0.129 -0.003 -0.034  0.081  0.057  0.064  0.045 -0.019  0.042 -0.060 -0.191 -0.235 -0.239 -0.263 -0.301 -0.285 -0.290 -0.326 -0.315 -0.287 -0.272 -0.269 -0.236 -0.227 -0.245 -0.206 -0.149 -0.168 -0.158 -0.129 -0.134 -0.125 -0.069  0.025  0.149  0.059 -0.040 -0.060 -0.092 -0.055 -0.101 -0.189 -0.156 -0.106 -0.031  0.100  0.115  0.080  0.169  0.237  0.392  0.495  0.540  0.692  1.000  0.641  0.331  0.073 -0.086 -0.071 -0.022 -0.050  0.076  0.060  0.083  0.101
 -0.047  0.062  0.265  0.504  0.365  0.322  0.100 -0.002 -0.030 -0.045  0.051  0.176  0.093  0.158  0.046 -0.052 -0.117 -0.183 -0.117 -0.208 -0.261 -0.241 -0.160 -0.149 -0.221 -0.191 -0.106 -0.164 -0.183 -0.126 -0.120 -0.159 -0.122 -0.076 -0.121 -0.058 -0.038 -0.041 -0.026 -0.041 -0.003  0.046  0.115  0.181  0.236  0.087 -0.011  0.016  0.042  0.048  0.014 -0.064 -0.097 -0.098 -0.089 -0.044 -0.063 -0.049  0.021  0.020  0.105  0.161  0.207  0.398  0.641  1.000  0.676  0.342  0.023 -0.026 -0.062 -0.084 -0.039 -0.014 -0.043 -0.035
 -0.214 -0.156  0.078  0.315  0.488  0.427  0.230  0.144  0.053 -0.011  0.026  0.100  0.035 -0.028 -0.081 -0.203 -0.198 -0.227 -0.150 -0.152 -0.176 -0.066  0.037  0.073 -0.050 -0.040  0.123  0.033 -0.060  0.016  0.037 -0.060 -0.058  0.001 -0.000  0.088  0.138  0.166  0.185  0.157  0.216  0.271  0.396  0.459  0.410  0.215  0.165  0.228  0.309  0.304  0.270  0.189  0.145  0.127  0.073  0.042  0.000  0.079  0.129  0.054  0.096  0.036 -0.046  0.041  0.331  0.676  1.000  0.638  0.238  0.136  0.056 -0.098 -0.259 -0.281 -0.333 -0.311
 -0.355 -0.310 -0.162  0.084  0.327  0.453  0.378  0.322  0.218  0.101  0.105  0.100  0.000 -0.106 -0.176 -0.322 -0.285 -0.276 -0.211 -0.198 -0.137  0.038  0.187  0.219  0.084  0.096  0.279  0.175  0.068  0.148  0.156  0.026  0.014  0.115  0.112  0.209  0.234  0.284  0.355  0.290  0.390  0.496  0.610  0.619  0.444  0.209  0.230  0.301  0.452  0.383  0.370  0.326  0.242  0.199  0.092 -0.007 -0.079  0.035  0.062 -0.068 -0.050 -0.134 -0.245 -0.165  0.073  0.342  0.638  1.000  0.475  0.272  0.101 -0.057 -0.325 -0.362 -0.477 -0.469
 -0.254 -0.290 -0.245 -0.171  0.048  0.121 -0.008  0.031 -0.061 -0.049 -0.140 -0.123 -0.209 -0.260 -0.196 -0.269 -0.162 -0.146 -0.119 -0.017  0.008  0.143  0.262  0.272  0.159  0.179  0.320  0.213  0.126  0.210  0.226  0.088  0.037  0.132  0.232  0.309  0.351  0.354  0.388  0.510  0.620  0.599  0.516  0.374  0.243  0.077  0.090  0.215  0.361  0.411  0.396  0.372  0.322  0.294  0.196  0.106  0.055  0.152  0.151  0.023  0.010 -0.103 -0.226 -0.256 -0.086  0.023  0.238  0.475  1.000  0.764  0.527  0.226 -0.315 -0.412 -0.497 -0.470
 -0.146 -0.174 -0.206 -0.160 -0.052 -0.029 -0.129 -0.079 -0.150 -0.087 -0.198 -0.164 -0.225 -0.242 -0.155 -0.177 -0.107 -0.121 -0.111 -0.004  0.008  0.081  0.167  0.169  0.065  0.082  0.219  0.117  0.017  0.135  0.176  0.010 -0.051  0.048  0.193  0.314  0.357  0.332  0.389  0.606  0.695  0.624  0.511  0.366  0.223  0.073  0.114  0.224  0.348  0.369  0.340  0.292  0.239  0.213  0.146  0.118  0.050  0.127  0.164  0.055  0.074 -0.035 -0.154 -0.192 -0.071 -0.026  0.136  0.272  0.764  1.000  0.798  0.503 -0.181 -0.366 -0.483 -0.464
 -0.023 -0.099 -0.167 -0.206 -0.181 -0.161 -0.266 -0.174 -0.245 -0.106 -0.268 -0.247 -0.321 -0.286 -0.207 -0.158 -0.043 -0.042 -0.018  0.079  0.054  0.087  0.095  0.107  0.021  0.013  0.103  0.031 -0.059  0.037  0.110 -0.034 -0.110 -0.037  0.130  0.235  0.351  0.300  0.378  0.637  0.671  0.453  0.370  0.289  0.187  0.067  0.114  0.165  0.272  0.270  0.262  0.221  0.200  0.188  0.160  0.186  0.117  0.172  0.211  0.128  0.157  0.050 -0.049 -0.124 -0.022 -0.062  0.056  0.101  0.527  0.798  1.000  0.640 -0.026 -0.310 -0.420 -0.400
  0.050  0.088 -0.071 -0.038 -0.123 -0.146 -0.137 -0.126 -0.134 -0.050 -0.111 -0.064 -0.128 -0.023 -0.003  0.036 -0.060 -0.103 -0.148 -0.074 -0.036 -0.132 -0.118 -0.170 -0.181 -0.119 -0.107 -0.158 -0.155 -0.050 -0.059 -0.136 -0.125 -0.074  0.004  0.122  0.084  0.003  0.101  0.339  0.342  0.306  0.157  0.029 -0.045 -0.094 -0.051 -0.025  0.016  0.001 -0.034 -0.088 -0.130 -0.148 -0.165 -0.093 -0.119 -0.122 -0.049 -0.045  0.014  0.006 -0.021 -0.018 -0.050 -0.084 -0.098 -0.057  0.226  0.503  0.640  1.000  0.377  0.105 -0.076 -0.150
  0.255  0.340  0.216  0.149 -0.145 -0.183 -0.236 -0.228 -0.169 -0.057 -0.039  0.062  0.030  0.213  0.182  0.268  0.048  0.015 -0.043 -0.045 -0.080 -0.320 -0.387 -0.478 -0.374 -0.320 -0.477 -0.434 -0.305 -0.317 -0.380 -0.256 -0.151 -0.212 -0.293 -0.295 -0.423 -0.462 -0.405 -0.323 -0.366 -0.337 -0.380 -0.405 -0.327 -0.219 -0.255 -0.344 -0.431 -0.443 -0.472 -0.478 -0.471 -0.450 -0.386 -0.266 -0.177 -0.262 -0.223 -0.083 -0.046  0.102  0.237  0.291  0.076 -0.039 -0.259 -0.325 -0.315 -0.181 -0.026  0.377  1.000  0.764  0.537  0.331
  0.226  0.369  0.229  0.254 -0.026 -0.069 -0.136 -0.178 -0.072  0.002  0.132  0.223  0.210  0.344  0.284  0.318  0.028 -0.028 -0.118 -0.203 -0.187 -0.471 -0.523 -0.597 -0.444 -0.366 -0.536 -0.448 -0.252 -0.265 -0.339 -0.163 -0.020 -0.094 -0.219 -0.266 -0.470 -0.563 -0.571 -0.497 -0.536 -0.527 -0.561 -0.565 -0.451 -0.293 -0.339 -0.474 -0.607 -0.630 -0.685 -0.669 -0.684 -0.683 -0.589 -0.458 -0.365 -0.491 -0.443 -0.260 -0.199  0.017  0.193  0.316  0.060 -0.014 -0.281 -0.362 -0.412 -0.366 -0.310  0.105  0.764  1.000  0.802  0.579
  0.326  0.437  0.280  0.224 -0.098 -0.160 -0.202 -0.213 -0.134 -0.062  0.048  0.134  0.167  0.330  0.290  0.375  0.136  0.093 -0.014 -0.160 -0.169 -0.442 -0.544 -0.613 -0.421 -0.378 -0.607 -0.471 -0.252 -0.318 -0.394 -0.178 -0.042 -0.153 -0.281 -0.365 -0.528 -0.643 -0.703 -0.635 -0.684 -0.688 -0.700 -0.678 -0.509 -0.315 -0.394 -0.542 -0.706 -0.692 -0.744 -0.715 -0.687 -0.678 -0.554 -0.399 -0.286 -0.458 -0.429 -0.207 -0.145  0.081  0.285  0.371  0.083 -0.043 -0.333 -0.477 -0.497 -0.483 -0.420 -0.076  0.537  0.802  1.000  0.867
