  1.000  0.727  0.380  0.107 -0.095 -0.244 -0.204 -0.065 -0.150 -0.149 -0.211 -0.214 -0.044  0.162  0.317  0.571  0.504  0.479  0.295  0.257  0.276  0.097 -0.106 -0.072  0.049 -0.014 -0.131 -0.056 -0.038 -0.150 -0.151 -0.126 -0.122 -0.070 -0.107 -0.115 -0.213 -0.222 -0.179 -0.055 -0.198 -0.259 -0.364 -0.383 -0.326 -0.234 -0.277 -0.297 -0.355 -0.336 -0.341 -0.246 -0.134 -0.121  0.036  0.072  0.084 -0.042 -0.104 -0.020  0.050  0.253  0.462  0.329  0.065 -0.121 -0.223 -0.349 -0.354 -0.236 -0.198 -0.154  0.026  0.191  0.337  0.313
  0.727  1.000  0.632  0.349  0.134 -0.029 -0.036  0.002 -0.073 -0.074 -0.058  0.007  0.155  0.377  0.506  0.619  0.438  0.328  0.125  0.083  0.094 -0.068 -0.168 -0.104 -0.008 -0.022 -0.063 -0.003  0.015 -0.044 -0.069 -0.210 -0.233 -0.208 -0.253 -0.223 -0.250 -0.251 -0.112 -0.004 -0.162 -0.245 -0.291 -0.299 -0.254 -0.188 -0.233 -0.265 -0.322 -0.322 -0.360 -0.283 -0.245 -0.275 -0.143 -0.075 -0.073 -0.195 -0.205 -0.111  0.006  0.200  0.431  0.428  0.165  0.046 -0.061 -0.178 -0.250 -0.211 -0.197 -0.128  0.043  0.205  0.319  0.277
  0.380  0.632  1.000  0.609  0.342  0.173  0.094  0.025 -0.033 -0.022  0.058  0.195  0.299  0.505  0.522  0.420  0.264  0.103 -0.060 -0.117 -0.101 -0.180 -0.182 -0.104 -0.074 -0.066 -0.019  0.008 -0.008  0.031 -0.001 -0.243 -0.223 -0.218 -0.261 -0.203 -0.191 -0.212 -0.032  0.047 -0.073 -0.151 -0.148 -0.129 -0.106 -0.077 -0.106 -0.142 -0.186 -0.206 -0.231 -0.202 -0.224 -0.280 -0.238 -0.189 -0.204 -0.246 -0.214 -0.170 -0.063  0.098  0.285  0.398  0.279  0.258  0.154  0.031 -0.088 -0.130 -0.136 -0.064  0.002  0.109  0.173  0.151
  0.107  0.349  0.609  1.000  0.740  0.566  0.422  0.208  0.190  0.196  0.389  0.550  0.581  0.659  0.479  0.271  0.090 -0.107 -0.259 -0.345 -0.271 -0.300 -0.151 -0.047 -0.084 -0.028  0.120  0.086  0.046  0.229  0.104 -0.377 -0.391 -0.470 -0.445 -0.304 -0.231 -0.251  0.065  0.142  0.052 -0.040  0.069  0.079  0.056  0.031  0.010 -0.035 -0.060 -0.106 -0.150 -0.136 -0.270 -0.387 -0.414 -0.355 -0.413 -0.427 -0.336 -0.323 -0.201 -0.096  0.075  0.337  0.347  0.565  0.484  0.368  0.191 -0.016 -0.066  0.011  0.032  0.072  0.074  0.024
 -0.095  0.134  0.342  0.740  1.000  0.810  0.679  0.377  0.371  0.365  0.563  0.663  0.684  0.563  0.406  0.168  0.005 -0.180 -0.316 -0.355 -0.245 -0.216 -0.023  0.109  0.027  0.081  0.285  0.232  0.189  0.402  0.178 -0.407 -0.473 -0.580 -0.541 -0.371 -0.273 -0.267  0.145  0.273  0.195  0.119  0.250  0.208  0.122  0.054  0.075  0.045  0.077  0.026  0.002  0.039 -0.127 -0.279 -0.366 -0.365 -0.450 -0.427 -0.349 -0.388 -0.302 -0.272 -0.180  0.050  0.136  0.450  0.596  0.548  0.414  0.141  0.038  0.098  0.018 -0.047 -0.113 -0.150
 -0.244 -0.029  0.173  0.566  0.810  1.000  0.832  0.493  0.496  0.467  0.684  0.725  0.612  0.418  0.235  0.002 -0.133 -0.313 -0.396 -0.458 -0.338 -0.268 -0.007  0.100 -0.023  0.055  0.292  0.203  0.138  0.396  0.192 -0.400 -0.441 -0.604 -0.520 -0.343 -0.220 -0.209  0.181  0.237  0.220  0.163  0.359  0.322  0.222  0.132  0.160  0.122  0.162  0.103  0.075  0.075 -0.134 -0.281 -0.404 -0.385 -0.485 -0.429 -0.312 -0.367 -0.291 -0.296 -0.241 -0.000  0.134  0.497  0.610  0.690  0.541  0.170  0.063  0.120  0.017 -0.075 -0.181 -0.222
 -0.204 -0.036  0.094  0.422  0.679  0.832  1.000  0.698  0.639  0.507  0.684  0.624  0.581  0.382  0.242  0.048 -0.065 -0.222 -0.322 -0.345 -0.219 -0.156  0.054  0.191  0.100  0.153  0.357  0.306  0.255  0.457  0.216 -0.411 -0.475 -0.629 -0.568 -0.392 -0.297 -0.285  0.185  0.316  0.203  0.144  0.306  0.233  0.115  0.050  0.093  0.071  0.127  0.085  0.066  0.118 -0.062 -0.212 -0.317 -0.325 -0.426 -0.381 -0.304 -0.368 -0.318 -0.343 -0.291 -0.105 -0.022  0.300  0.437  0.547  0.471  0.151  0.039  0.105  0.025 -0.104 -0.206 -0.237
 -0.065  0.002  0.025  0.208  0.377  0.493  0.698  1.000  0.747  0.549  0.514  0.360  0.309  0.204  0.131  0.051 -0.010 -0.084 -0.156 -0.158 -0.087 -0.070  0.018  0.132  0.088  0.095  0.187  0.190  0.155  0.227 -0.055 -0.373 -0.286 -0.488 -0.397 -0.262 -0.369 -0.382 -0.049  0.237  0.189  0.105  0.168  0.079 -0.011 -0.023  0.012 -0.009  0.016  0.005 -0.011  0.031 -0.046 -0.125 -0.172 -0.190 -0.256 -0.234 -0.192 -0.227 -0.199 -0.217 -0.181 -0.098 -0.075  0.091  0.208  0.279  0.315  0.184  0.109  0.097  0.110 -0.051 -0.166 -0.214
 -0.150 -0.073 -0.033  0.190  0.371  0.496  0.639  0.747  1.000  0.787  0.662  0.421  0.300  0.167  0.092  0.001 -0.041 -0.107 -0.173 -0.171 -0.097 -0.081  0.016  0.119  0.067  0.075  0.174  0.169  0.144  0.203 -0.039 -0.362 -0.298 -0.525 -0.429 -0.320 -0.347 -0.329  0.007  0.199  0.136  0.071  0.145  0.071 -0.010 -0.022  0.010  0.004  0.039  0.012  0.018  0.051 -0.022 -0.102 -0.167 -0.190 -0.260 -0.212 -0.165 -0.220 -0.213 -0.258 -0.245 -0.148 -0.100  0.109  0.219  0.276  0.273  0.101  0.012  0.085  0.050 -0.063 -0.162 -0.176
 -0.149 -0.074 -0.022  0.196  0.365  0.467  0.507  0.549  0.787  1.000  0.690  0.430  0.278  0.158  0.097  0.009 -0.040 -0.106 -0.174 -0.174 -0.095 -0.072  0.015  0.124  0.078  0.087  0.182  0.178  0.137  0.184 -0.060 -0.348 -0.296 -0.484 -0.375 -0.275 -0.328 -0.328 -0.012  0.231  0.182  0.098  0.131  0.052 -0.043 -0.052 -0.010 -0.016  0.026 -0.014 -0.008  0.044 -0.019 -0.114 -0.178 -0.212 -0.273 -0.242 -0.201 -0.252 -0.239 -0.265 -0.244 -0.145 -0.099  0.108  0.208  0.244  0.257  0.135  0.031  0.091 -0.002 -0.076 -0.124 -0.128
 -0.211 -0.058  0.058  0.389  0.563  0.684  0.684  0.514  0.662  0.690  1.000  0.777  0.622  0.408  0.231  0.032 -0.049 -0.186 -0.282 -0.310 -0.188 -0.149  0.027  0.149  0.078  0.117  0.272  0.233  0.174  0.332  0.096 -0.416 -0.460 -0.622 -0.528 -0.383 -0.330 -0.314  0.096  0.249  0.169  0.079  0.212  0.135  0.033 -0.001  0.034  0.012  0.055  0.012  0.008  0.061 -0.079 -0.216 -0.299 -0.307 -0.398 -0.372 -0.307 -0.351 -0.307 -0.327 -0.287 -0.109 -0.033  0.240  0.322  0.409  0.367  0.106 -0.009  0.068  0.025 -0.037 -0.089 -0.114
 -0.214  0.007  0.195  0.550  0.663  0.725  0.624  0.360  0.421  0.430  0.777  1.000  0.782  0.564  0.316  0.061 -0.050 -0.232 -0.340 -0.403 -0.271 -0.239 -0.022  0.093  0.025  0.086  0.267  0.215  0.157  0.344  0.236 -0.366 -0.451 -0.561 -0.524 -0.379 -0.217 -0.197  0.202  0.201  0.097  0.025  0.203  0.172  0.096  0.050  0.064  0.035  0.057  0.003 -0.023  0.014 -0.167 -0.313 -0.392 -0.366 -0.464 -0.449 -0.355 -0.378 -0.303 -0.292 -0.232 -0.006  0.077  0.347  0.391  0.465  0.329  0.045 -0.047  0.031  0.015 -0.010 -0.050 -0.092
 -0.044  0.155  0.299  0.581  0.684  0.612  0.581  0.309  0.300  0.278  0.622  0.782  1.000  0.776  0.532  0.249  0.115 -0.071 -0.233 -0.267 -0.124 -0.128  0.017  0.169  0.143  0.173  0.310  0.298  0.233  0.391  0.207 -0.402 -0.493 -0.567 -0.560 -0.395 -0.300 -0.307  0.153  0.285  0.104  0.014  0.126  0.057 -0.027 -0.051 -0.028 -0.052 -0.028 -0.061 -0.081  0.018 -0.120 -0.280 -0.317 -0.311 -0.408 -0.436 -0.395 -0.407 -0.331 -0.298 -0.207 -0.018 -0.007  0.214  0.269  0.326  0.241  0.034 -0.058  0.036  0.036  0.014  0.001 -0.036
  0.162  0.377  0.505  0.659  0.563  0.418  0.382  0.204  0.167  0.158  0.408  0.564  0.776  1.000  0.724  0.463  0.290  0.074 -0.116 -0.170 -0.062 -0.120 -0.042  0.101  0.116  0.130  0.220  0.236  0.191  0.270  0.118 -0.397 -0.480 -0.502 -0.523 -0.391 -0.332 -0.336  0.070  0.232  0.029 -0.092 -0.029 -0.078 -0.125 -0.112 -0.116 -0.147 -0.152 -0.177 -0.203 -0.090 -0.184 -0.322 -0.298 -0.271 -0.347 -0.424 -0.405 -0.378 -0.276 -0.179 -0.015  0.158  0.070  0.209  0.173  0.156  0.055 -0.068 -0.130 -0.017  0.063  0.098  0.149  0.105
  0.317  0.506  0.522  0.479  0.406  0.235  0.242  0.131  0.092  0.097  0.231  0.316  0.532  0.724  1.000  0.725  0.478  0.258  0.004  0.009  0.122  0.054  0.050  0.191  0.229  0.227  0.256  0.291  0.236  0.203  0.059 -0.377 -0.467 -0.428 -0.474 -0.366 -0.350 -0.352  0.029  0.257  0.035 -0.083 -0.091 -0.171 -0.231 -0.199 -0.194 -0.194 -0.188 -0.181 -0.179 -0.018 -0.051 -0.190 -0.144 -0.160 -0.243 -0.338 -0.376 -0.357 -0.258 -0.148  0.054  0.122 -0.041  0.029  0.020 -0.014 -0.055 -0.079 -0.132 -0.027  0.051  0.080  0.141  0.122
  0.571  0.619  0.420  0.271  0.168  0.002  0.048  0.051  0.001  0.009  0.032  0.061  0.249  0.463  0.725  1.000  0.709  0.478  0.215  0.211  0.253  0.135  0.032  0.133  0.212  0.164  0.141  0.206  0.165  0.052 -0.050 -0.321 -0.365 -0.300 -0.362 -0.291 -0.330 -0.341 -0.056  0.180 -0.047 -0.166 -0.233 -0.303 -0.336 -0.270 -0.275 -0.275 -0.274 -0.256 -0.258 -0.092 -0.056 -0.129 -0.013 -0.022 -0.054 -0.192 -0.290 -0.242 -0.154 -0.004  0.245  0.188 -0.086 -0.118 -0.147 -0.214 -0.226 -0.152 -0.181 -0.088  0.055  0.130  0.231  0.207
  0.504  0.438  0.264  0.090  0.005 -0.133 -0.065 -0.010 -0.041 -0.040 -0.049 -0.050  0.115  0.290  0.478  0.709  1.000  0.796  0.452  0.401  0.498  0.283  0.109  0.158  0.260  0.185  0.081  0.153  0.126 -0.041 -0.136 -0.231 -0.270 -0.215 -0.254 -0.229 -0.307 -0.295 -0.112  0.130 -0.060 -0.166 -0.263 -0.331 -0.364 -0.284 -0.279 -0.274 -0.262 -0.248 -0.228 -0.061  0.029  0.013  0.176  0.179  0.144 -0.009 -0.137 -0.097 -0.059 -0.003  0.168  0.036 -0.185 -0.245 -0.254 -0.295 -0.263 -0.133 -0.157 -0.110  0.041  0.098  0.192  0.174
  0.479  0.328  0.103 -0.107 -0.180 -0.313 -0.222 -0.084 -0.107 -0.106 -0.186 -0.232 -0.071  0.074  0.258  0.478  0.796  1.000  0.683  0.616  0.632  0.361  0.092  0.092  0.233  0.126 -0.057  0.041  0.043 -0.179 -0.231 -0.119 -0.131 -0.068 -0.092 -0.129 -0.261 -0.247 -0.202  0.030 -0.124 -0.198 -0.347 -0.403 -0.397 -0.299 -0.302 -0.295 -0.291 -0.276 -0.245 -0.097  0.068  0.118  0.337  0.342  0.358  0.199  0.041  0.088  0.058  0.055  0.148 -0.037 -0.229 -0.362 -0.358 -0.423 -0.352 -0.160 -0.157 -0.142  0.023  0.105  0.226  0.224
  0.295  0.125 -0.060 -0.259 -0.316 -0.396 -0.322 -0.156 -0.173 -0.174 -0.282 -0.340 -0.233 -0.116  0.004  0.215  0.452  0.683  1.000  0.736  0.566  0.334  0.073  0.009  0.114 -0.010 -0.184 -0.083 -0.086 -0.304 -0.258 -0.040  0.021  0.079  0.078  0.009 -0.116 -0.124 -0.209 -0.056 -0.142 -0.175 -0.324 -0.343 -0.299 -0.214 -0.221 -0.215 -0.220 -0.201 -0.157 -0.071  0.120  0.241  0.492  0.572  0.600  0.409  0.249  0.305  0.244  0.159  0.124 -0.058 -0.153 -0.336 -0.351 -0.413 -0.341 -0.140 -0.113 -0.142 -0.000  0.059  0.149  0.164
  0.257  0.083 -0.117 -0.345 -0.355 -0.458 -0.345 -0.158 -0.171 -0.174 -0.310 -0.403 -0.267 -0.170  0.009  0.211  0.401  0.616  0.736  1.000  0.763  0.526  0.203  0.143  0.249  0.100 -0.102  0.004  0.002 -0.255 -0.264 -0.005  0.013  0.108  0.088  0.016 -0.148 -0.145 -0.215 -0.008 -0.095 -0.134 -0.295 -0.348 -0.339 -0.265 -0.256 -0.225 -0.197 -0.158 -0.090  0.041  0.260  0.381  0.612  0.561  0.605  0.452  0.252  0.287  0.187  0.066  0.020 -0.187 -0.278 -0.461 -0.410 -0.464 -0.341 -0.100 -0.085 -0.138 -0.020  0.011  0.112  0.141
  0.276  0.094 -0.101 -0.271 -0.245 -0.338 -0.219 -0.087 -0.097 -0.095 -0.188 -0.271 -0.124 -0.062  0.122  0.253  0.498  0.632  0.566  0.763  1.000  0.769  0.434  0.389  0.496  0.336  0.117  0.205  0.177 -0.116 -0.173 -0.078 -0.151 -0.060 -0.080 -0.119 -0.225 -0.189 -0.118  0.112 -0.023 -0.064 -0.188 -0.288 -0.341 -0.293 -0.265 -0.210 -0.158 -0.104 -0.008  0.210  0.383  0.438  0.598  0.458  0.393  0.259  0.065  0.069  0.010 -0.070 -0.076 -0.248 -0.350 -0.454 -0.374 -0.381 -0.251 -0.045 -0.063 -0.103 -0.004 -0.024  0.046  0.068
  0.097 -0.068 -0.180 -0.300 -0.216 -0.268 -0.156 -0.070 -0.081 -0.072 -0.149 -0.239 -0.128 -0.120  0.054  0.135  0.283  0.361  0.334  0.526  0.769  1.000  0.729  0.636  0.676  0.534  0.292  0.320  0.274 -0.003 -0.106 -0.101 -0.166 -0.048 -0.068 -0.075 -0.158 -0.127 -0.019  0.208  0.120  0.091  0.027 -0.096 -0.212 -0.221 -0.160 -0.079  0.026  0.125  0.262  0.508  0.621  0.638  0.615  0.391  0.276  0.233  0.036 -0.003 -0.066 -0.157 -0.195 -0.330 -0.378 -0.420 -0.300 -0.252 -0.095  0.078  0.039 -0.048 -0.039 -0.161 -0.158 -0.112
 -0.106 -0.168 -0.182 -0.151 -0.023 -0.007  0.054  0.018  0.016  0.015  0.027 -0.022  0.017 -0.042  0.050  0.032  0.109  0.092  0.073  0.203  0.434  0.729  1.000  0.794  0.655  0.587  0.481  0.414  0.283  0.134  0.042 -0.170 -0.239 -0.162 -0.169 -0.107 -0.080 -0.040  0.147  0.270  0.256  0.243  0.291  0.151 -0.002 -0.078 -0.003  0.083  0.226  0.340  0.454  0.658  0.583  0.522  0.382  0.207  0.055  0.066 -0.040 -0.115 -0.149 -0.239 -0.279 -0.310 -0.292 -0.205 -0.082  0.028  0.139  0.189  0.136  0.047 -0.035 -0.235 -0.337 -0.306
 -0.072 -0.104 -0.104 -0.047  0.109  0.100  0.191  0.132  0.119  0.124  0.149  0.093  0.169  0.101  0.191  0.133  0.158  0.092  0.009  0.143  0.389  0.636  0.794  1.000  0.842  0.703  0.671  0.663  0.502  0.327  0.155 -0.264 -0.383 -0.313 -0.335 -0.233 -0.182 -0.144  0.240  0.470  0.327  0.244  0.260  0.101 -0.082 -0.136 -0.053  0.029  0.157  0.241  0.370  0.648  0.567  0.385  0.248  0.054 -0.107 -0.103 -0.202 -0.288 -0.294 -0.341 -0.336 -0.337 -0.344 -0.204 -0.054  0.054  0.168  0.216  0.142  0.088 -0.010 -0.239 -0.329 -0.301
  0.049 -0.008 -0.074 -0.084  0.027 -0.023  0.100  0.088  0.067  0.078  0.078  0.025  0.143  0.116  0.229  0.212  0.260  0.233  0.114  0.249  0.496  0.676  0.655  0.842  1.000  0.828  0.639  0.701  0.611  0.312  0.128 -0.231 -0.370 -0.290 -0.337 -0.283 -0.243 -0.190  0.171  0.415  0.186  0.098  0.064 -0.079 -0.232 -0.234 -0.171 -0.099 -0.007  0.054  0.161  0.474  0.467  0.310  0.265  0.085 -0.048 -0.098 -0.231 -0.274 -0.283 -0.307 -0.278 -0.317 -0.381 -0.305 -0.185 -0.114 -0.003  0.094  0.023  0.005 -0.005 -0.150 -0.156 -0.127
 -0.014 -0.022 -0.066 -0.028  0.081  0.055  0.153  0.095  0.075  0.087  0.117  0.086  0.173  0.130  0.227  0.164  0.185  0.126 -0.010  0.100  0.336  0.534  0.587  0.703  0.828  1.000  0.766  0.676  0.630  0.398  0.164 -0.231 -0.366 -0.314 -0.345 -0.282 -0.215 -0.162  0.180  0.390  0.198  0.113  0.116 -0.014 -0.158 -0.184 -0.125 -0.064  0.024  0.069  0.117  0.386  0.339  0.183  0.109 -0.021 -0.136 -0.172 -0.253 -0.290 -0.288 -0.308 -0.276 -0.271 -0.312 -0.204 -0.114 -0.038  0.046  0.084  0.018  0.010 -0.030 -0.134 -0.130 -0.110
 -0.131 -0.063 -0.019  0.120  0.285  0.292  0.357  0.187  0.174  0.182  0.272  0.267  0.310  0.220  0.256  0.141  0.081 -0.057 -0.184 -0.102  0.117  0.292  0.481  0.671  0.639  0.766  1.000  0.841  0.661  0.594  0.385 -0.286 -0.462 -0.435 -0.466 -0.324 -0.146 -0.085  0.381  0.517  0.327  0.237  0.286  0.149 -0.029 -0.097 -0.029  0.034  0.141  0.177  0.219  0.445  0.270  0.063 -0.061 -0.177 -0.322 -0.314 -0.328 -0.407 -0.373 -0.381 -0.335 -0.249 -0.244 -0.028  0.091  0.195  0.243  0.185  0.100  0.116 -0.008 -0.195 -0.280 -0.273
 -0.056 -0.003  0.008  0.086  0.232  0.203  0.306  0.190  0.169  0.178  0.233  0.215  0.298  0.236  0.291  0.206  0.153  0.041 -0.083  0.004  0.205  0.320  0.414  0.663  0.701  0.676  0.841  1.000  0.807  0.572  0.427 -0.244 -0.463 -0.427 -0.500 -0.377 -0.198 -0.151  0.373  0.552  0.238  0.144  0.146  0.004 -0.158 -0.178 -0.118 -0.054  0.029  0.067  0.123  0.387  0.272  0.068 -0.002 -0.131 -0.264 -0.286 -0.343 -0.406 -0.377 -0.372 -0.316 -0.265 -0.297 -0.126 -0.005  0.071  0.120  0.126  0.038  0.071  0.009 -0.164 -0.208 -0.194
 -0.038  0.015 -0.008  0.046  0.189  0.138  0.255  0.155  0.144  0.137  0.174  0.157  0.233  0.191  0.236  0.165  0.126  0.043 -0.086  0.002  0.177  0.274  0.283  0.502  0.611  0.630  0.661  0.807  1.000  0.689  0.392 -0.138 -0.370 -0.376 -0.442 -0.388 -0.236 -0.131  0.267  0.401  0.113  0.047  0.038 -0.088 -0.208 -0.200 -0.169 -0.121 -0.052 -0.031  0.019  0.259  0.198  0.028 -0.017 -0.133 -0.231 -0.248 -0.316 -0.361 -0.347 -0.336 -0.289 -0.248 -0.283 -0.147 -0.036  0.005  0.039  0.038 -0.035  0.009  0.007 -0.091 -0.082 -0.070
 -0.150 -0.044  0.031  0.229  0.402  0.396  0.457  0.227  0.203  0.184  0.332  0.344  0.391  0.270  0.203  0.052 -0.041 -0.179 -0.304 -0.255 -0.116 -0.003  0.134  0.327  0.312  0.398  0.594  0.572  0.689  1.000  0.530 -0.196 -0.385 -0.459 -0.437 -0.267 -0.180 -0.133  0.259  0.333  0.164  0.092  0.183  0.089 -0.025 -0.050 -0.019 -0.011  0.050  0.046  0.055  0.189  0.032 -0.143 -0.240 -0.300 -0.388 -0.354 -0.340 -0.400 -0.362 -0.340 -0.288 -0.159 -0.127  0.100  0.203  0.256  0.250  0.068  0.005  0.065  0.038 -0.068 -0.123 -0.150
 -0.151 -0.069 -0.001  0.104  0.178  0.192  0.216 -0.055 -0.039 -0.060  0.096  0.236  0.207  0.118  0.059 -0.050 -0.136 -0.231 -0.258 -0.264 -0.173 -0.106  0.042  0.155  0.128  0.164  0.385  0.427  0.392  0.530  1.000  0.162 -0.190 -0.124 -0.334 -0.249  0.280  0.324  0.698  0.163 -0.194 -0.109  0.086  0.116  0.106  0.062  0.044  0.084  0.100  0.106  0.091  0.152 -0.035 -0.149 -0.220 -0.227 -0.302 -0.272 -0.210 -0.241 -0.212 -0.189 -0.178 -0.079 -0.037  0.102  0.111  0.170  0.021 -0.102 -0.097 -0.061 -0.069 -0.121 -0.197 -0.199
 -0.126 -0.210 -0.243 -0.377 -0.407 -0.400 -0.411 -0.373 -0.362 -0.348 -0.416 -0.366 -0.402 -0.397 -0.377 -0.321 -0.231 -0.119 -0.040 -0.005 -0.078 -0.101 -0.170 -0.264 -0.231 -0.231 -0.286 -0.244 -0.138 -0.196  0.162  1.000  0.559  0.601  0.498  0.279  0.347  0.438  0.003 -0.408 -0.290 -0.085 -0.139 -0.056  0.027  0.047  0.007  0.026 -0.006 -0.011 -0.003 -0.116 -0.047  0.044  0.046  0.044  0.136  0.175  0.170  0.174  0.090  0.061 -0.036 -0.116 -0.053 -0.173 -0.219 -0.221 -0.217 -0.111 -0.013 -0.045 -0.111 -0.074 -0.056 -0.026
 -0.122 -0.233 -0.223 -0.391 -0.473 -0.441 -0.475 -0.286 -0.298 -0.296 -0.460 -0.451 -0.493 -0.480 -0.467 -0.365 -0.270 -0.131  0.021  0.013 -0.151 -0.166 -0.239 -0.383 -0.370 -0.366 -0.462 -0.463 -0.370 -0.385 -0.190  0.559  1.000  0.787  0.724  0.542  0.418  0.322 -0.213 -0.427 -0.221 -0.060 -0.155 -0.039  0.056  0.092  0.057  0.068  0.009 -0.005 -0.014 -0.188 -0.084  0.063  0.071  0.098  0.211  0.279  0.289  0.305  0.214  0.181  0.068 -0.020  0.017 -0.139 -0.207 -0.238 -0.197 -0.053  0.022 -0.031 -0.025 -0.041 -0.134 -0.111
 -0.070 -0.208 -0.218 -0.470 -0.580 -0.604 -0.629 -0.488 -0.525 -0.484 -0.622 -0.561 -0.567 -0.502 -0.428 -0.300 -0.215 -0.068  0.079  0.108 -0.060 -0.048 -0.162 -0.313 -0.290 -0.314 -0.435 -0.427 -0.376 -0.459 -0.124  0.601  0.787  1.000  0.823  0.626  0.562  0.445 -0.113 -0.377 -0.217 -0.068 -0.188 -0.068  0.026  0.060  0.033  0.060  0.019  0.025  0.032 -0.108  0.013  0.158  0.168  0.170  0.295  0.343  0.310  0.326  0.222  0.196  0.082 -0.052 -0.037 -0.255 -0.330 -0.361 -0.324 -0.090  0.010 -0.062 -0.102 -0.103 -0.115 -0.064
 -0.107 -0.253 -0.261 -0.445 -0.541 -0.520 -0.568 -0.397 -0.429 -0.375 -0.528 -0.524 -0.560 -0.523 -0.474 -0.362 -0.254 -0.092  0.078  0.088 -0.080 -0.068 -0.169 -0.335 -0.337 -0.345 -0.466 -0.500 -0.442 -0.437 -0.334  0.498  0.724  0.823  1.000  0.841  0.538  0.378 -0.283 -0.395 -0.078  0.028 -0.116 -0.030  0.039  0.068  0.058  0.073  0.035  0.034  0.046 -0.122  0.011  0.163  0.160  0.163  0.293  0.354  0.331  0.337  0.240  0.202  0.082 -0.042  0.001 -0.192 -0.257 -0.287 -0.177  0.001  0.095 -0.019 -0.093 -0.107 -0.130 -0.089
 -0.115 -0.223 -0.203 -0.304 -0.371 -0.343 -0.392 -0.262 -0.320 -0.275 -0.383 -0.379 -0.395 -0.391 -0.366 -0.291 -0.229 -0.129  0.009  0.016 -0.119 -0.075 -0.107 -0.233 -0.283 -0.282 -0.324 -0.377 -0.388 -0.267 -0.249  0.279  0.542  0.626  0.841  1.000  0.654  0.341 -0.169 -0.195  0.084  0.123  0.007  0.050  0.076  0.080  0.085  0.097  0.081  0.099  0.111 -0.034  0.032  0.136  0.100  0.098  0.195  0.263  0.252  0.240  0.168  0.132  0.039 -0.039  0.010 -0.104 -0.143 -0.156 -0.048  0.082  0.153  0.043 -0.078 -0.190 -0.263 -0.242
 -0.213 -0.250 -0.191 -0.231 -0.273 -0.220 -0.297 -0.369 -0.347 -0.328 -0.330 -0.217 -0.300 -0.332 -0.350 -0.330 -0.307 -0.261 -0.116 -0.148 -0.225 -0.158 -0.080 -0.182 -0.243 -0.215 -0.146 -0.198 -0.236 -0.180  0.280  0.347  0.418  0.562  0.538  0.654  1.000  0.777  0.423 -0.121 -0.060  0.049  0.057  0.157  0.208  0.173  0.152  0.177  0.167  0.170  0.173  0.043 -0.014  0.044 -0.024 -0.001  0.044  0.128  0.177  0.153  0.103  0.072 -0.024 -0.036  0.044  0.006 -0.044 -0.008 -0.052 -0.003  0.085  0.021 -0.116 -0.252 -0.371 -0.340
 -0.222 -0.251 -0.212 -0.251 -0.267 -0.209 -0.285 -0.382 -0.329 -0.328 -0.314 -0.197 -0.307 -0.336 -0.352 -0.341 -0.295 -0.247 -0.124 -0.145 -0.189 -0.127 -0.040 -0.144 -0.190 -0.162 -0.085 -0.151 -0.131 -0.133  0.324  0.438  0.322  0.445  0.378  0.341  0.777  1.000  0.549 -0.182 -0.045  0.088  0.093  0.159  0.212  0.172  0.139  0.160  0.164  0.175  0.191  0.069  0.007  0.060 -0.006  0.008  0.038  0.129  0.176  0.143  0.095  0.056 -0.047 -0.057  0.024 -0.004 -0.039  0.016 -0.027  0.004  0.104  0.060 -0.071 -0.168 -0.320 -0.296
 -0.179 -0.112 -0.032  0.065  0.145  0.181  0.185 -0.049  0.007 -0.012  0.096  0.202  0.153  0.070  0.029 -0.056 -0.112 -0.202 -0.209 -0.215 -0.118 -0.019  0.147  0.240  0.171  0.180  0.381  0.373  0.267  0.259  0.698  0.003 -0.213 -0.113 -0.283 -0.169  0.423  0.549  1.000  0.434  0.098  0.096  0.208  0.203  0.154  0.086  0.097  0.133  0.180  0.194  0.212  0.275  0.082 -0.028 -0.130 -0.155 -0.248 -0.201 -0.138 -0.197 -0.178 -0.189 -0.199 -0.116 -0.064  0.080  0.117  0.220  0.121  0.058  0.058  0.056 -0.115 -0.255 -0.376 -0.351
 -0.055 -0.004  0.047  0.142  0.273  0.237  0.316  0.237  0.199  0.231  0.249  0.201  0.285  0.232  0.257  0.180  0.130  0.030 -0.056 -0.008  0.112  0.208  0.270  0.470  0.415  0.390  0.517  0.552  0.401  0.333  0.163 -0.408 -0.427 -0.377 -0.395 -0.195 -0.121 -0.182  0.434  1.000  0.647  0.376  0.250  0.121 -0.054 -0.095 -0.002  0.032  0.108  0.113  0.140  0.332  0.236  0.066 -0.015 -0.108 -0.208 -0.217 -0.236 -0.305 -0.278 -0.283 -0.244 -0.197 -0.205 -0.046  0.086  0.168  0.266  0.339  0.272  0.275 -0.016 -0.270 -0.320 -0.301
 -0.198 -0.162 -0.073  0.052  0.195  0.220  0.203  0.189  0.136  0.182  0.169  0.097  0.104  0.029  0.035 -0.047 -0.060 -0.124 -0.142 -0.095 -0.023  0.120  0.256  0.327  0.186  0.198  0.327  0.238  0.113  0.164 -0.194 -0.290 -0.221 -0.217 -0.078  0.084 -0.060 -0.045  0.098  0.647  1.000  0.725  0.510  0.338  0.137  0.038  0.144  0.166  0.262  0.269  0.289  0.336  0.241  0.138  0.003 -0.084 -0.147 -0.079 -0.065 -0.169 -0.167 -0.219 -0.237 -0.183 -0.113  0.039  0.189  0.314  0.519  0.603  0.584  0.490  0.067 -0.249 -0.432 -0.435
 -0.259 -0.245 -0.151 -0.040  0.119  0.163  0.144  0.105  0.071  0.098  0.079  0.025  0.014 -0.092 -0.083 -0.166 -0.166 -0.198 -0.175 -0.134 -0.064  0.091  0.243  0.244  0.098  0.113  0.237  0.144  0.047  0.092 -0.109 -0.085 -0.060 -0.068  0.028  0.123  0.049  0.088  0.096  0.376  0.725  1.000  0.685  0.466  0.262  0.107  0.213  0.251  0.382  0.395  0.382  0.362  0.251  0.182  0.015 -0.074 -0.133 -0.030  0.002 -0.121 -0.135 -0.204 -0.256 -0.206 -0.108  0.038  0.195  0.349  0.548  0.637  0.607  0.540  0.078 -0.270 -0.521 -0.511
 -0.364 -0.291 -0.148  0.069  0.250  0.359  0.306  0.168  0.145  0.131  0.212  0.203  0.126 -0.029 -0.091 -0.233 -0.263 -0.347 -0.324 -0.295 -0.188  0.027  0.291  0.260  0.064  0.116  0.286  0.146  0.038  0.183  0.086 -0.139 -0.155 -0.188 -0.116  0.007  0.057  0.093  0.208  0.250  0.510  0.685  1.000  0.775  0.513  0.245  0.354  0.396  0.548  0.550  0.491  0.429  0.223  0.141 -0.083 -0.165 -0.257 -0.133 -0.049 -0.171 -0.163 -0.241 -0.285 -0.164 -0.016  0.207  0.379  0.600  0.664  0.549  0.460  0.333 -0.010 -0.275 -0.523 -0.523
 -0.383 -0.299 -0.129  0.079  0.208  0.322  0.233  0.079  0.071  0.052  0.135  0.172  0.057 -0.078 -0.171 -0.303 -0.331 -0.403 -0.343 -0.348 -0.288 -0.096  0.151  0.101 -0.079 -0.014  0.149  0.004 -0.088  0.089  0.116 -0.056 -0.039 -0.068 -0.030  0.050  0.157  0.159  0.203  0.121  0.338  0.466  0.775  1.000  0.767  0.431  0.541  0.595  0.621  0.512  0.425  0.301  0.109  0.059 -0.156 -0.199 -0.256 -0.134 -0.018 -0.109 -0.093 -0.146 -0.199 -0.072  0.088  0.286  0.436  0.634  0.568  0.441  0.357  0.228 -0.075 -0.275 -0.486 -0.484
 -0.326 -0.254 -0.106  0.056  0.122  0.222  0.115 -0.011 -0.010 -0.043  0.033  0.096 -0.027 -0.125 -0.231 -0.336 -0.364 -0.397 -0.299 -0.339 -0.341 -0.212 -0.002 -0.082 -0.232 -0.158 -0.029 -0.158 -0.208 -0.025  0.106  0.027  0.056  0.026  0.039  0.076  0.208  0.212  0.154 -0.054  0.137  0.262  0.513  0.767  1.000  0.673  0.551  0.568  0.450  0.405  0.328  0.130 -0.027 -0.019 -0.178 -0.163 -0.177 -0.076  0.055  0.012  0.037  0.021 -0.057  0.047  0.228  0.362  0.420  0.500  0.374  0.226  0.209  0.113 -0.103 -0.186 -0.339 -0.340
 -0.234 -0.188 -0.077  0.031  0.054  0.132  0.050 -0.023 -0.022 -0.052 -0.001  0.050 -0.051 -0.112 -0.199 -0.270 -0.284 -0.299 -0.214 -0.265 -0.293 -0.221 -0.078 -0.136 -0.234 -0.184 -0.097 -0.178 -0.200 -0.050  0.062  0.047  0.092  0.060  0.068  0.080  0.173  0.172  0.086 -0.095  0.038  0.107  0.245  0.431  0.673  1.000  0.655  0.429  0.259  0.198  0.183  0.021 -0.079 -0.062 -0.163 -0.131 -0.126 -0.060  0.038  0.026  0.047  0.041 -0.032  0.032  0.149  0.227  0.268  0.318  0.202  0.091  0.093  0.029 -0.096 -0.113 -0.219 -0.217
 -0.277 -0.233 -0.106  0.010  0.075  0.160  0.093  0.012  0.010 -0.010  0.034  0.064 -0.028 -0.116 -0.194 -0.275 -0.279 -0.302 -0.221 -0.256 -0.265 -0.160 -0.003 -0.053 -0.171 -0.125 -0.029 -0.118 -0.169 -0.019  0.044  0.007  0.057  0.033  0.058  0.085  0.152  0.139  0.097 -0.002  0.144  0.213  0.354  0.541  0.551  0.655  1.000  0.686  0.477  0.280  0.228  0.107  0.004  0.002 -0.134 -0.123 -0.134 -0.052  0.046  0.004  0.011 -0.032 -0.104 -0.038  0.076  0.172  0.252  0.365  0.284  0.213  0.175  0.088 -0.103 -0.183 -0.325 -0.317
 -0.297 -0.265 -0.142 -0.035  0.045  0.122  0.071 -0.009  0.004 -0.016  0.012  0.035 -0.052 -0.147 -0.194 -0.275 -0.274 -0.295 -0.215 -0.225 -0.210 -0.079  0.083  0.029 -0.099 -0.064  0.034 -0.054 -0.121 -0.011  0.084  0.026  0.068  0.060  0.073  0.097  0.177  0.160  0.133  0.032  0.166  0.251  0.396  0.595  0.568  0.429  0.686  1.000  0.707  0.455  0.336  0.215  0.098  0.081 -0.086 -0.109 -0.135 -0.045  0.047 -0.011 -0.018 -0.073 -0.153 -0.092  0.018  0.128  0.220  0.327  0.284  0.255  0.207  0.088 -0.122 -0.247 -0.390 -0.371
 -0.355 -0.322 -0.186 -0.060  0.077  0.162  0.127  0.016  0.039  0.026  0.055  0.057 -0.028 -0.152 -0.188 -0.274 -0.262 -0.291 -0.220 -0.197 -0.158  0.026  0.226  0.157 -0.007  0.024  0.141  0.029 -0.052  0.050  0.100 -0.006  0.009  0.019  0.035  0.081  0.167  0.164  0.180  0.108  0.262  0.382  0.548  0.621  0.450  0.259  0.477  0.707  1.000  0.704  0.510  0.380  0.223  0.211  0.001 -0.051 -0.099  0.026  0.114  0.014 -0.025 -0.149 -0.243 -0.187 -0.059  0.087  0.222  0.379  0.371  0.367  0.291  0.155 -0.096 -0.312 -0.493 -0.464
 -0.336 -0.322 -0.206 -0.106  0.026  0.103  0.085  0.005  0.012 -0.014  0.012  0.003 -0.061 -0.177 -0.181 -0.256 -0.248 -0.276 -0.201 -0.158 -0.104  0.125  0.340  0.241  0.054  0.069  0.177  0.067 -0.031  0.046  0.106 -0.011 -0.005  0.025  0.034  0.099  0.170  0.175  0.194  0.113  0.269  0.395  0.550  0.512  0.405  0.198  0.280  0.455  0.704  1.000  0.782  0.547  0.332  0.348  0.107  0.034 -0.037  0.111  0.197  0.074  0.027 -0.107 -0.224 -0.201 -0.073  0.055  0.173  0.289  0.322  0.302  0.267  0.135 -0.076 -0.297 -0.500 -0.469
 -0.341 -0.360 -0.231 -0.150  0.002  0.075  0.066 -0.011  0.018 -0.008  0.008 -0.023 -0.081 -0.203 -0.179 -0.258 -0.228 -0.245 -0.157 -0.090 -0.008  0.262  0.454  0.370  0.161  0.117  0.219  0.123  0.019  0.055  0.091 -0.003 -0.014  0.032  0.046  0.111  0.173  0.191  0.212  0.140  0.289  0.382  0.491  0.425  0.328  0.183  0.228  0.336  0.510  0.782  1.000  0.773  0.563  0.541  0.247  0.111  0.010  0.182  0.210  0.059  0.003 -0.138 -0.279 -0.274 -0.128 -0.003  0.136  0.245  0.302  0.285  0.258  0.126 -0.063 -0.335 -0.545 -0.502
 -0.246 -0.283 -0.202 -0.136  0.039  0.075  0.118  0.031  0.051  0.044  0.061  0.014  0.018 -0.090 -0.018 -0.092 -0.061 -0.097 -0.071  0.041  0.210  0.508  0.658  0.648  0.474  0.386  0.445  0.387  0.259  0.189  0.152 -0.116 -0.188 -0.108 -0.122 -0.034  0.043  0.069  0.275  0.332  0.336  0.362  0.429  0.301  0.130  0.021  0.107  0.215  0.380  0.547  0.773  1.000  0.768  0.607  0.333  0.129 -0.025  0.088  0.016 -0.133 -0.169 -0.275 -0.361 -0.358 -0.272 -0.131  0.037  0.160  0.252  0.279  0.222  0.120 -0.054 -0.339 -0.510 -0.465
 -0.134 -0.245 -0.224 -0.270 -0.127 -0.134 -0.062 -0.046 -0.022 -0.019 -0.079 -0.167 -0.120 -0.184 -0.051 -0.056  0.029  0.068  0.120  0.260  0.383  0.621  0.583  0.567  0.467  0.339  0.270  0.272  0.198  0.032 -0.035 -0.047 -0.084  0.013  0.011  0.032 -0.014  0.007  0.082  0.236  0.241  0.251  0.223  0.109 -0.027 -0.079  0.004  0.098  0.223  0.332  0.563  0.768  1.000  0.782  0.538  0.311  0.196  0.275  0.125  0.001 -0.069 -0.186 -0.289 -0.368 -0.314 -0.287 -0.125 -0.056  0.083  0.197  0.162  0.049 -0.066 -0.288 -0.378 -0.318
 -0.121 -0.275 -0.280 -0.387 -0.279 -0.281 -0.212 -0.125 -0.102 -0.114 -0.216 -0.313 -0.280 -0.322 -0.190 -0.129  0.013  0.118  0.241  0.381  0.438  0.638  0.522  0.385  0.310  0.183  0.063  0.068  0.028 -0.143 -0.149  0.044  0.063  0.158  0.163  0.136  0.044  0.060 -0.028  0.066  0.138  0.182  0.141  0.059 -0.019 -0.062  0.002  0.081  0.211  0.348  0.541  0.607  0.782  1.000  0.766  0.526  0.428  0.529  0.349  0.225  0.116 -0.053 -0.198 -0.328 -0.264 -0.326 -0.197 -0.151 -0.011  0.137  0.133 -0.013 -0.087 -0.262 -0.333 -0.269
  0.036 -0.143 -0.238 -0.414 -0.366 -0.404 -0.317 -0.172 -0.167 -0.178 -0.299 -0.392 -0.317 -0.298 -0.144 -0.013  0.176  0.337  0.492  0.612  0.598  0.615  0.382  0.248  0.265  0.109 -0.061 -0.002 -0.017 -0.240 -0.220  0.046  0.071  0.168  0.160  0.100 -0.024 -0.006 -0.130 -0.015  0.003  0.015 -0.083 -0.156 -0.178 -0.163 -0.134 -0.086  0.001  0.107  0.247  0.333  0.538  0.766  1.000  0.784  0.657  0.651  0.425  0.361  0.250  0.052 -0.080 -0.262 -0.244 -0.396 -0.321 -0.320 -0.188  0.007  0.024 -0.096 -0.068 -0.145 -0.136 -0.084
  0.072 -0.075 -0.189 -0.355 -0.365 -0.385 -0.325 -0.190 -0.190 -0.212 -0.307 -0.366 -0.311 -0.271 -0.160 -0.022  0.179  0.342  0.572  0.561  0.458  0.391  0.207  0.054  0.085 -0.021 -0.177 -0.131 -0.133 -0.300 -0.227  0.044  0.098  0.170  0.163  0.098 -0.001  0.008 -0.155 -0.108 -0.084 -0.074 -0.165 -0.199 -0.163 -0.131 -0.123 -0.109 -0.051  0.034  0.111  0.129  0.311  0.526  0.784  1.000  0.794  0.676  0.565  0.547  0.485  0.214  0.062 -0.127 -0.113 -0.299 -0.298 -0.314 -0.236 -0.070 -0.031 -0.131 -0.065 -0.075 -0.049 -0.017
  0.084 -0.073 -0.204 -0.413 -0.450 -0.485 -0.426 -0.256 -0.260 -0.273 -0.398 -0.464 -0.408 -0.347 -0.243 -0.054  0.144  0.358  0.600  0.605  0.393  0.276  0.055 -0.107 -0.048 -0.136 -0.322 -0.264 -0.231 -0.388 -0.302  0.136  0.211  0.295  0.293  0.195  0.044  0.038 -0.248 -0.208 -0.147 -0.133 -0.257 -0.256 -0.177 -0.126 -0.134 -0.135 -0.099 -0.037  0.010 -0.025  0.196  0.428  0.657  0.794  1.000  0.832  0.634  0.669  0.503  0.269  0.128 -0.081 -0.079 -0.319 -0.336 -0.389 -0.310 -0.117 -0.058 -0.156 -0.063 -0.018  0.045  0.075
 -0.042 -0.195 -0.246 -0.427 -0.427 -0.429 -0.381 -0.234 -0.212 -0.242 -0.372 -0.449 -0.436 -0.424 -0.338 -0.192 -0.009  0.199  0.409  0.452  0.259  0.233  0.066 -0.103 -0.098 -0.172 -0.314 -0.286 -0.248 -0.354 -0.272  0.175  0.279  0.343  0.354  0.263  0.128  0.129 -0.201 -0.217 -0.079 -0.030 -0.133 -0.134 -0.076 -0.060 -0.052 -0.045  0.026  0.111  0.182  0.088  0.275  0.529  0.651  0.676  0.832  1.000  0.799  0.685  0.476  0.235  0.075 -0.109 -0.062 -0.268 -0.257 -0.288 -0.204 -0.037  0.027 -0.099 -0.075 -0.102 -0.102 -0.060
 -0.104 -0.205 -0.214 -0.336 -0.349 -0.312 -0.304 -0.192 -0.165 -0.201 -0.307 -0.355 -0.395 -0.405 -0.376 -0.290 -0.137  0.041  0.249  0.252  0.065  0.036 -0.040 -0.202 -0.231 -0.253 -0.328 -0.343 -0.316 -0.340 -0.210  0.170  0.289  0.310  0.331  0.252  0.177  0.176 -0.138 -0.236 -0.065  0.002 -0.049 -0.018  0.055  0.038  0.046  0.047  0.114  0.197  0.210  0.016  0.125  0.349  0.425  0.565  0.634  0.799  1.000  0.800  0.654  0.344  0.157 -0.005  0.073 -0.111 -0.133 -0.149 -0.113 -0.005  0.062 -0.065 -0.089 -0.114 -0.146 -0.114
 -0.020 -0.111 -0.170 -0.323 -0.388 -0.367 -0.368 -0.227 -0.220 -0.252 -0.351 -0.378 -0.407 -0.378 -0.357 -0.242 -0.097  0.088  0.305  0.287  0.069 -0.003 -0.115 -0.288 -0.274 -0.290 -0.407 -0.406 -0.361 -0.400 -0.241  0.174  0.305  0.326  0.337  0.240  0.153  0.143 -0.197 -0.305 -0.169 -0.121 -0.171 -0.109  0.012  0.026  0.004 -0.011  0.014  0.074  0.059 -0.133  0.001  0.225  0.361  0.547  0.669  0.685  0.800  1.000  0.788  0.463  0.269  0.086  0.128 -0.103 -0.171 -0.224 -0.214 -0.106 -0.031 -0.139 -0.081 -0.016 -0.000  0.020
  0.050  0.006 -0.063 -0.201 -0.302 -0.291 -0.318 -0.199 -0.213 -0.239 -0.307 -0.303 -0.331 -0.276 -0.258 -0.154 -0.059  0.058  0.244  0.187  0.010 -0.066 -0.149 -0.294 -0.283 -0.288 -0.373 -0.377 -0.347 -0.362 -0.212  0.090  0.214  0.222  0.240  0.168  0.103  0.095 -0.178 -0.278 -0.167 -0.135 -0.163 -0.093  0.037  0.047  0.011 -0.018 -0.025  0.027  0.003 -0.169 -0.069  0.116  0.250  0.485  0.503  0.476  0.654  0.788  1.000  0.702  0.450  0.235  0.294  0.021 -0.087 -0.158 -0.185 -0.114 -0.048 -0.138 -0.059  0.026  0.036  0.042
  0.253  0.200  0.098 -0.096 -0.272 -0.296 -0.343 -0.217 -0.258 -0.265 -0.327 -0.292 -0.298 -0.179 -0.148 -0.004 -0.003  0.055  0.159  0.066 -0.070 -0.157 -0.239 -0.341 -0.307 -0.308 -0.381 -0.372 -0.336 -0.340 -0.189  0.061  0.181  0.196  0.202  0.132  0.072  0.056 -0.189 -0.283 -0.219 -0.204 -0.241 -0.146  0.021  0.041 -0.032 -0.073 -0.149 -0.107 -0.138 -0.275 -0.186 -0.053  0.052  0.214  0.269  0.235  0.344  0.463  0.702  1.000  0.721  0.433  0.425  0.105 -0.071 -0.192 -0.243 -0.185 -0.113 -0.153 -0.021  0.140  0.182  0.170
  0.462  0.431  0.285  0.075 -0.180 -0.241 -0.291 -0.181 -0.245 -0.244 -0.287 -0.232 -0.207 -0.015  0.054  0.245  0.168  0.148  0.124  0.020 -0.076 -0.195 -0.279 -0.336 -0.278 -0.276 -0.335 -0.316 -0.289 -0.288 -0.178 -0.036  0.068  0.082  0.082  0.039 -0.024 -0.047 -0.199 -0.244 -0.237 -0.256 -0.285 -0.199 -0.057 -0.032 -0.104 -0.153 -0.243 -0.224 -0.279 -0.361 -0.289 -0.198 -0.080  0.062  0.128  0.075  0.157  0.269  0.450  0.721  1.000  0.735  0.497  0.195 -0.057 -0.193 -0.266 -0.230 -0.164 -0.161  0.001  0.203  0.296  0.267
  0.329  0.428  0.398  0.337  0.050 -0.000 -0.105 -0.098 -0.148 -0.145 -0.109 -0.006 -0.018  0.158  0.122  0.188  0.036 -0.037 -0.058 -0.187 -0.248 -0.330 -0.310 -0.337 -0.317 -0.271 -0.249 -0.265 -0.248 -0.159 -0.079 -0.116 -0.020 -0.052 -0.042 -0.039 -0.036 -0.057 -0.116 -0.197 -0.183 -0.206 -0.164 -0.072  0.047  0.032 -0.038 -0.092 -0.187 -0.201 -0.274 -0.358 -0.368 -0.328 -0.262 -0.127 -0.081 -0.109 -0.005  0.086  0.235  0.433  0.735  1.000  0.728  0.480  0.164  0.024 -0.111 -0.187 -0.139 -0.103  0.008  0.199  0.262  0.220
  0.065  0.165  0.279  0.347  0.136  0.134 -0.022 -0.075 -0.100 -0.099 -0.033  0.077 -0.007  0.070 -0.041 -0.086 -0.185 -0.229 -0.153 -0.278 -0.350 -0.378 -0.292 -0.344 -0.381 -0.312 -0.244 -0.297 -0.283 -0.127 -0.037 -0.053  0.017 -0.037  0.001  0.010  0.044  0.024 -0.064 -0.205 -0.113 -0.108 -0.016  0.088  0.228  0.149  0.076  0.018 -0.059 -0.073 -0.128 -0.272 -0.314 -0.264 -0.244 -0.113 -0.079 -0.062  0.073  0.128  0.294  0.425  0.497  0.728  1.000  0.696  0.391  0.225  0.057 -0.091 -0.047 -0.062 -0.054  0.092  0.117  0.088
 -0.121  0.046  0.258  0.565  0.450  0.497  0.300  0.091  0.109  0.108  0.240  0.347  0.214  0.209  0.029 -0.118 -0.245 -0.362 -0.336 -0.461 -0.454 -0.420 -0.205 -0.204 -0.305 -0.204 -0.028 -0.126 -0.147  0.100  0.102 -0.173 -0.139 -0.255 -0.192 -0.104  0.006 -0.004  0.080 -0.046  0.039  0.038  0.207  0.286  0.362  0.227  0.172  0.128  0.087  0.055 -0.003 -0.131 -0.287 -0.326 -0.396 -0.299 -0.319 -0.268 -0.111 -0.103  0.021  0.105  0.195  0.480  0.696  1.000  0.709  0.538  0.315  0.033  0.023  0.036 -0.036  0.012 -0.038 -0.078
 -0.223 -0.061  0.154  0.484  0.596  0.610  0.437  0.208  0.219  0.208  0.322  0.391  0.269  0.173  0.020 -0.147 -0.254 -0.358 -0.351 -0.410 -0.374 -0.300 -0.082 -0.054 -0.185 -0.114  0.091 -0.005 -0.036  0.203  0.111 -0.219 -0.207 -0.330 -0.257 -0.143 -0.044 -0.039  0.117  0.086  0.189  0.195  0.379  0.436  0.420  0.268  0.252  0.220  0.222  0.173  0.136  0.037 -0.125 -0.197 -0.321 -0.298 -0.336 -0.257 -0.133 -0.171 -0.087 -0.071 -0.057  0.164  0.391  0.709  1.000  0.752  0.511  0.206  0.134  0.112 -0.029 -0.098 -0.203 -0.233
 -0.349 -0.178  0.031  0.368  0.548  0.690  0.547  0.279  0.276  0.244  0.409  0.465  0.326  0.156 -0.014 -0.214 -0.295 -0.423 -0.413 -0.464 -0.381 -0.252  0.028  0.054 -0.114 -0.038  0.195  0.071  0.005  0.256  0.170 -0.221 -0.238 -0.361 -0.287 -0.156 -0.008  0.016  0.220  0.168  0.314  0.349  0.600  0.634  0.500  0.318  0.365  0.327  0.379  0.289  0.245  0.160 -0.056 -0.151 -0.320 -0.314 -0.389 -0.288 -0.149 -0.224 -0.158 -0.192 -0.193  0.024  0.225  0.538  0.752  1.000  0.744  0.381  0.259  0.195 -0.034 -0.189 -0.351 -0.375
 -0.354 -0.250 -0.088  0.191  0.414  0.541  0.471  0.315  0.273  0.257  0.367  0.329  0.241  0.055 -0.055 -0.226 -0.263 -0.352 -0.341 -0.341 -0.251 -0.095  0.139  0.168 -0.003  0.046  0.243  0.120  0.039  0.250  0.021 -0.217 -0.197 -0.324 -0.177 -0.048 -0.052 -0.027  0.121  0.266  0.519  0.548  0.664  0.568  0.374  0.202  0.284  0.284  0.371  0.322  0.302  0.252  0.083 -0.011 -0.188 -0.236 -0.310 -0.204 -0.113 -0.214 -0.185 -0.243 -0.266 -0.111  0.057  0.315  0.511  0.744  1.000  0.666  0.495  0.319  0.005 -0.232 -0.426 -0.440
 -0.236 -0.211 -0.130 -0.016  0.141  0.170  0.151  0.184  0.101  0.135  0.106  0.045  0.034 -0.068 -0.079 -0.152 -0.133 -0.160 -0.140 -0.100 -0.045  0.078  0.189  0.216  0.094  0.084  0.185  0.126  0.038  0.068 -0.102 -0.111 -0.053 -0.090  0.001  0.082 -0.003  0.004  0.058  0.339  0.603  0.637  0.549  0.441  0.226  0.091  0.213  0.255  0.367  0.302  0.285  0.279  0.197  0.137  0.007 -0.070 -0.117 -0.037 -0.005 -0.106 -0.114 -0.185 -0.230 -0.187 -0.091  0.033  0.206  0.381  0.666  1.000  0.769  0.438  0.063 -0.232 -0.492 -0.494
 -0.198 -0.197 -0.136 -0.066  0.038  0.063  0.039  0.109  0.012  0.031 -0.009 -0.047 -0.058 -0.130 -0.132 -0.181 -0.157 -0.157 -0.113 -0.085 -0.063  0.039  0.136  0.142  0.023  0.018  0.100  0.038 -0.035  0.005 -0.097 -0.013  0.022  0.010  0.095  0.153  0.085  0.104  0.058  0.272  0.584  0.607  0.460  0.357  0.209  0.093  0.175  0.207  0.291  0.267  0.258  0.222  0.162  0.133  0.024 -0.031 -0.058  0.027  0.062 -0.031 -0.048 -0.113 -0.164 -0.139 -0.047  0.023  0.134  0.259  0.495  0.769  1.000  0.689  0.194 -0.145 -0.492 -0.519
 -0.154 -0.128 -0.064  0.011  0.098  0.120  0.105  0.097  0.085  0.091  0.068  0.031  0.036 -0.017 -0.027 -0.088 -0.110 -0.142 -0.142 -0.138 -0.103 -0.048  0.047  0.088  0.005  0.010  0.116  0.071  0.009  0.065 -0.061 -0.045 -0.031 -0.062 -0.019  0.043  0.021  0.060  0.056  0.275  0.490  0.540  0.333  0.228  0.113  0.029  0.088  0.088  0.155  0.135  0.126  0.120  0.049 -0.013 -0.096 -0.131 -0.156 -0.099 -0.065 -0.139 -0.138 -0.153 -0.161 -0.103 -0.062  0.036  0.112  0.195  0.319  0.438  0.689  1.000  0.468  0.064 -0.373 -0.435
  0.026  0.043  0.002  0.032  0.018  0.017  0.025  0.110  0.050 -0.002  0.025  0.015  0.036  0.063  0.051  0.055  0.041  0.023 -0.000 -0.020 -0.004 -0.039 -0.035 -0.010 -0.005 -0.030 -0.008  0.009  0.007  0.038 -0.069 -0.111 -0.025 -0.102 -0.093 -0.078 -0.116 -0.071 -0.115 -0.016  0.067  0.078 -0.010 -0.075 -0.103 -0.096 -0.103 -0.122 -0.096 -0.076 -0.063 -0.054 -0.066 -0.087 -0.068 -0.065 -0.063 -0.075 -0.089 -0.081 -0.059 -0.021  0.001  0.008 -0.054 -0.036 -0.029 -0.034  0.005  0.063  0.194  0.468  1.000  0.502 -0.031 -0.199
  0.191  0.205  0.109  0.072 -0.047 -0.075 -0.104 -0.051 -0.063 -0.076 -0.037 -0.010  0.014  0.098  0.080  0.130  0.098  0.105  0.059  0.011 -0.024 -0.161 -0.235 -0.239 -0.150 -0.134 -0.195 -0.164 -0.091 -0.068 -0.121 -0.074 -0.041 -0.103 -0.107 -0.190 -0.252 -0.168 -0.255 -0.270 -0.249 -0.270 -0.275 -0.275 -0.186 -0.113 -0.183 -0.247 -0.312 -0.297 -0.335 -0.339 -0.288 -0.262 -0.145 -0.075 -0.018 -0.102 -0.114 -0.016  0.026  0.140  0.203  0.199  0.092  0.012 -0.098 -0.189 -0.232 -0.232 -0.145  0.064  0.502  1.000  0.458  0.232
  0.337  0.319  0.173  0.074 -0.113 -0.181 -0.206 -0.166 -0.162 -0.124 -0.089 -0.050  0.001  0.149  0.141  0.231  0.192  0.226  0.149  0.112  0.046 -0.158 -0.337 -0.329 -0.156 -0.130 -0.280 -0.208 -0.082 -0.123 -0.197 -0.056 -0.134 -0.115 -0.130 -0.263 -0.371 -0.320 -0.376 -0.320 -0.432 -0.521 -0.523 -0.486 -0.339 -0.219 -0.325 -0.390 -0.493 -0.500 -0.545 -0.510 -0.378 -0.333 -0.136 -0.049  0.045 -0.102 -0.146 -0.000  0.036  0.182  0.296  0.262  0.117 -0.038 -0.203 -0.351 -0.426 -0.492 -0.492 -0.373 -0.031  0.458  1.000  0.844
