  0.000  3.832  6.710 10.329 13.003 16.631 19.097 22.713 24.394 22.336 19.774 16.233 13.821 10.375  8.332  5.540  5.438  5.902  7.670 10.839 10.865 13.863 14.516 16.957 14.568 12.427 15.907 17.033 14.454 15.554 19.041 20.305 23.160 25.512 24.949 25.564 24.483 21.437 23.807 25.453 22.529 20.970 17.664 18.357 16.527 18.782 21.885 21.363 20.949 18.388 20.068 19.266 19.490 17.300 13.677 10.881 11.764 15.373 15.002 12.935 10.252  8.287  5.656  7.669  9.888 12.563 13.676 17.114 18.546 22.277 25.295 26.602 29.237 32.268 34.324 35.898
  3.832  0.000  3.816  6.902  9.962 13.398 16.029 19.687 21.083 18.838 16.202 12.584 10.386  6.877  5.802  4.690  6.221  8.463 10.129 13.285 12.414 14.749 14.463 16.776 14.616 11.718 14.649 16.096 13.280 13.504 17.091 18.427 21.347 23.484 22.742 23.519 22.932 20.077 22.744 23.947 20.821 19.471 16.110 16.661 14.987 17.171 20.187 20.187 19.878 17.830 19.955 19.208 20.163 18.230 14.974 11.908 13.661 16.873 15.748 14.090 10.697  8.846  5.575  5.405  7.837  9.800 11.308 14.545 16.163 19.929 23.139 24.892 27.582 30.690 32.772 34.344
  6.710  3.816  0.000  3.821  6.588 10.055 12.863 16.466 18.144 15.936 13.714 10.169  8.486  5.981  5.345  6.311  6.885  9.552 10.384 13.393 11.966 13.368 12.184 14.657 13.197  9.756 12.175 14.335 12.035 11.548 15.139 16.920 19.977 21.701 20.498 20.913 20.463 17.488 20.046 20.918 17.598 16.073 12.615 12.993 11.488 13.850 16.652 16.758 16.436 14.726 17.172 16.692 18.206 16.376 13.611 10.430 12.925 15.521 13.800 12.829  9.089  8.261  6.052  4.792  5.286  6.406  7.535 10.783 12.585 16.310 19.632 21.425 24.019 27.190 29.286 30.889
 10.329  6.902  3.821  0.000  3.820  6.657  9.767 13.348 14.699 12.263 10.106  6.523  5.737  4.665  6.090  8.743  9.948 13.035 13.852 16.603 14.678 15.389 13.394 15.457 14.445 10.665 11.961 14.394 12.205 10.536 13.910 15.756 18.762 20.073 18.603 19.117 19.293 16.667 19.427 19.696 16.241 15.055 11.793 11.959 10.952 13.092 15.495 16.243 16.008 15.073 17.827 17.433 19.624 18.189 15.996 12.999 15.899 17.979 15.765 15.318 11.511 11.063  9.114  6.449  6.031  4.738  6.083  8.486 10.491 14.084 17.574 19.889 22.479 25.672 27.761 29.343
 13.003  9.962  6.588  3.820  0.000  3.816  6.330  9.938 11.793  9.964  8.277  5.667  5.157  6.368  7.179 10.448 11.090 14.313 14.999 17.108 14.566 14.406 11.756 13.263 12.835  9.043  9.208 11.967 10.454  8.055 11.082 13.272 16.265 17.184 15.361 15.558 15.859 13.335 16.094 16.078 12.623 11.782  8.936  9.700  9.908 12.558 14.123 14.689 13.859 13.231 15.804 15.211 17.907 17.067 15.563 13.174 16.607 18.053 15.821 16.288 12.712 13.324 12.131  9.925  8.402  5.862  4.807  5.692  6.881 10.511 13.883 16.331 19.071 22.189 24.307 25.928
 16.631 13.398 10.055  6.657  3.816  0.000  3.837  7.021  8.586  6.495  5.802  4.571  6.345  8.913 10.581 14.067 14.875 18.083 18.581 20.616 17.996 17.355 14.254 15.415 15.580 11.977 11.071 13.907 12.885  9.710 11.866 13.997 16.704 16.933 14.703 14.798 15.864 13.871 16.514 15.669 12.217 11.735  9.529  9.721 10.523 12.535 13.389 14.654 14.066 14.424 17.179 16.894 20.052 19.476 18.499 16.249 19.707 20.720 18.128 18.903 15.464 16.203 15.205 12.528 10.663  7.172  6.134  4.726  5.979  8.745 12.221 15.219 17.732 20.815 22.868 24.439
 19.097 16.029 12.863  9.767  6.330  3.837  0.000  3.843  5.926  5.596  5.444  6.390  7.503 10.850 12.080 15.711 16.457 19.781 20.527 22.012 18.945 17.871 14.658 14.879 15.263 12.154 10.155 12.525 12.051  8.426  9.523 11.595 13.992 13.764 11.321 11.371 12.890 11.562 14.324 13.119 10.098 10.761  9.757 10.903 12.799 15.100 15.180 16.092 14.793 15.263 17.429 16.643 20.026 20.169 19.665 18.046 21.741 22.473 20.180 21.447 18.194 19.323 18.395 15.974 14.162 10.810  8.968  6.482  5.307  7.196  9.928 13.280 16.086 18.867 20.899 22.445
 22.713 19.687 16.466 13.348  9.938  7.021  3.843  0.000  3.856  5.533  7.143  9.385 10.942 14.440 15.687 19.295 19.907 23.137 23.720 24.971 21.815 20.296 16.884 16.680 17.602 14.909 12.255 14.429 14.628 11.019 11.064 12.927 14.677 13.653 10.706 10.337 12.597 12.048 14.354 12.306  9.810 11.121 11.205 12.200 14.673 16.627 15.910 16.962 15.581 16.690 18.637 17.986 21.607 22.127 22.151 20.846 24.563 24.881 22.516 24.149 21.120 22.517 21.840 19.395 17.332 13.803 11.764  8.512  6.689  6.485  8.261 11.970 14.498 16.984 18.894 20.371
 24.394 21.083 18.144 14.699 11.793  8.586  5.926  3.856  0.000  3.839  6.039  9.372 11.459 15.169 17.055 20.798 21.972 25.418 26.296 27.762 24.610 23.411 20.141 19.915 20.452 17.665 15.217 16.984 16.673 12.913 12.804 14.013 15.416 14.171 11.679 12.199 15.001 15.022 17.514 15.424 13.271 14.750 14.682 15.407 17.491 19.079 18.533 20.026 18.974 20.154 22.218 21.514 25.075 25.538 25.322 23.792 27.468 28.046 25.598 26.934 23.702 24.673 23.585 20.752 19.115 15.513 14.206 11.252 10.092  9.979 11.471 15.234 17.556 19.806 21.550 22.822
 22.336 18.838 15.936 12.263  9.964  6.495  5.596  5.533  3.839  0.000  3.810  6.715  9.655 13.100 15.512 19.234 20.630 24.069 24.867 26.778 23.922 23.101 19.890 20.317 20.602 17.362 15.592 17.747 16.879 13.168 14.003 15.366 17.256 16.589 14.309 14.921 17.292 16.618 19.254 17.485 14.744 15.412 14.444 14.557 15.907 17.166 17.174 19.065 18.568 19.693 22.240 21.852 25.300 25.223 24.599 22.575 26.076 26.928 24.250 25.160 21.767 22.332 21.071 17.960 16.488 12.865 12.307  9.873  9.977 10.732 13.207 16.885 19.114 21.731 23.539 24.861
 19.774 16.202 13.714 10.106  8.277  5.802  5.444  7.143  6.039  3.810  0.000  3.834  6.414  9.950 12.600 16.338 18.170 21.779 23.016 25.009 22.146 21.823 18.989 19.423 19.055 15.736 14.471 16.248 14.696 11.104 12.390 13.514 15.625 15.605 13.893 15.074 17.117 16.290 19.354 18.196 15.396 16.094 14.683 15.247 16.234 17.902 18.549 20.138 19.470 19.934 22.385 21.608 24.772 24.602 23.517 21.378 24.847 26.160 23.745 24.301 20.700 20.889 19.136 16.022 15.192 11.952 11.799 10.279 10.434 12.234 14.885 18.442 21.058 23.751 25.652 27.019
 16.233 12.584 10.169  6.523  5.667  4.571  6.390  9.385  9.372  6.715  3.834  0.000  3.818  6.675  9.641 13.246 15.168 18.705 19.919 22.230 19.670 19.787 17.222 18.229 17.521 13.917 13.542 15.560 13.532 10.412 12.690 14.088 16.639 17.254 15.692 16.750 18.129 16.595 19.696 19.073 15.908 15.909 13.704 14.073 14.317 16.066 17.421 18.881 18.448 18.464 21.116 20.458 23.320 22.683 21.146 18.653 21.921 23.568 21.178 21.311 17.593 17.427 15.463 12.304 11.791  8.915  9.454  9.154 10.209 12.920 16.092 19.306 21.965 24.914 26.909 28.367
 13.821 10.386  8.486  5.737  5.157  6.345  7.503 10.942 11.459  9.655  6.414  3.818  0.000  3.836  6.312 10.020 12.192 15.903 17.642 19.717 17.008 17.509 15.444 16.204 14.847 11.421 11.552 12.982 10.384  7.761 10.528 11.780 14.487 15.775 14.686 16.004 16.851 15.190 18.519 18.546 15.583 15.765 13.526 14.695 14.993 17.383 18.971 19.770 18.840 18.109 20.322 19.111 21.604 21.101 19.273 17.009 20.297 22.258 20.391 20.437 16.721 16.526 14.282 11.698 11.735  9.702  9.847 10.277 10.655 13.889 16.807 19.710 22.713 25.587 27.642 29.138
 10.375  6.877  5.981  4.665  6.368  8.913 10.850 14.440 15.169 13.100  9.950  6.675  3.836  0.000  3.814  6.938  9.648 13.247 15.243 17.661 15.422 16.693 15.281 16.546 14.633 11.254 12.597 13.876 10.778  9.373 12.658 13.799 16.584 18.388 17.606 18.902 19.209 17.128 20.355 20.894 17.860 17.529 14.780 15.789 15.318 17.683 19.899 20.480 19.763 18.500 20.712 19.543 21.500 20.529 18.105 15.531 18.402 20.886 19.272 18.696 14.957 14.126 11.370  9.077 10.132  9.359 10.295 11.990 12.927 16.508 19.584 22.126 25.091 28.070 30.151 31.673
  8.332  5.802  5.345  6.090  7.179 10.581 12.080 15.687 17.055 15.512 12.600  9.641  6.312  3.814  0.000  3.814  6.180  9.932 12.283 14.308 11.924 13.488 12.651 13.814 11.432  8.394 10.523 11.415  8.196  8.060 11.587 12.800 15.691 17.868 17.273 18.335 17.932 15.541 18.622 19.764 16.949 16.534 13.849 15.450 15.119 18.003 20.205 20.085 18.916 17.003 18.705 17.154 18.661 17.778 15.183 12.994 15.865 18.458 17.421 16.976 13.495 13.068 10.640  9.602 10.476 10.444 10.519 12.568 12.969 16.697 19.486 21.523 24.614 27.501 29.604 31.168
  5.540  4.690  6.311  8.743 10.448 14.067 15.711 19.295 20.798 19.234 16.338 13.246 10.020  6.938  3.814  0.000  3.824  7.104 10.105 12.152 10.415 12.943 13.153 14.550 11.652  9.390 12.425 12.870  9.697 10.832 14.208 15.175 17.928 20.436 20.153 21.158 20.267 17.684 20.509 22.133 19.480 18.781 15.987 17.566 16.801 19.660 22.179 21.695 20.567 18.130 19.516 17.901 18.653 17.456 14.335 12.233 14.428 17.514 17.091 16.129 13.020 12.173  9.618  9.833 11.404 12.533 12.837 15.448 15.972 19.726 22.429 24.072 27.107 29.963 32.052 33.616
  5.438  6.221  6.885  9.948 11.090 14.875 16.457 19.907 21.972 20.630 18.170 15.168 12.192  9.648  6.180  3.824  0.000  3.822  6.660  8.433  6.745  9.523 10.286 12.048  9.295  7.522 11.164 11.851  9.536 11.318 14.583 15.901 18.734 21.119 20.618 21.053 19.599 16.588 18.930 20.888 18.329 17.207 14.428 16.130 15.360 18.443 20.869 19.810 18.483 15.606 16.630 15.054 15.354 13.954 10.688  8.880 11.019 14.038 14.063 13.347 10.706 10.637  9.180 10.480 11.190 12.694 12.304 15.099 15.486 19.128 21.653 22.736 25.628 28.436 30.508 32.109
  5.902  8.463  9.552 13.035 14.313 18.083 19.781 23.137 25.418 24.069 21.779 18.705 15.903 13.247  9.932  7.104  3.822  0.000  3.874  5.468  5.500  9.079 10.957 13.033 10.491  9.722 13.543 14.152 12.442 14.660 17.707 19.023 21.751 24.162 23.701 23.862 22.003 18.797 20.650 22.915 20.517 19.011 16.257 17.758 16.646 19.564 22.112 20.633 19.406 16.150 16.779 15.425 14.836 12.969  9.307  7.905  8.809 12.163 13.026 11.929 10.237 10.230  9.607 12.085 12.768 14.973 14.592 17.636 18.148 21.635 24.038 24.639 27.311 30.053 32.067 33.656
  7.670 10.129 10.384 13.852 14.999 18.581 20.527 23.720 26.296 24.867 23.016 19.919 17.642 15.243 12.283 10.105  6.660  3.874  0.000  3.841  5.545  8.301 10.108 12.954 11.421 10.641 14.277 15.594 14.600 16.468 19.470 21.178 24.004 26.095 25.239 24.911 22.925 19.403 20.748 22.910 20.399 18.272 15.386 16.371 14.882 17.552 20.119 18.350 17.409 14.070 14.763 14.151 13.308 10.664  6.845  5.090  5.022  8.565  9.627  8.405  7.540  8.283  9.138 12.149 12.042 14.560 14.014 17.214 18.057 21.306 23.741 23.950 26.250 29.038 31.004 32.603
 10.839 13.285 13.393 16.603 17.108 20.616 22.012 24.971 27.762 26.778 25.009 22.230 19.717 17.661 14.308 12.152  8.433  5.468  3.841  0.000  3.839  6.536  9.561 11.704 10.206 10.762 14.205 14.930 14.579 17.047 19.577 21.162 23.758 25.876 25.201 24.663 22.203 18.761 19.691 22.281 20.288 18.388 16.117 17.672 16.816 19.765 21.859 19.570 18.044 14.375 14.053 12.905 11.186  9.043  5.570  6.244  6.021  8.450 10.696 10.482 10.430 11.879 12.913 15.756 15.375 17.467 16.263 19.001 19.176 22.151 24.070 23.819 26.133 28.628 30.525 32.100
 10.865 12.414 11.966 14.678 14.566 17.996 18.945 21.815 24.610 23.922 22.146 19.670 17.008 15.422 11.924 10.415  6.745  5.500  5.545  3.839  0.000  3.843  6.778  8.381  6.441  7.182 10.585 11.116 10.908 13.470 15.844 17.445 20.039 22.121 21.449 20.955 18.509 15.147 16.337 18.960 17.050 15.586 13.573 15.746 15.567 18.941 20.707 18.517 16.496 12.896 12.500 10.598  9.575  8.380  5.402  6.254  8.101  9.978 11.440 11.995 10.990 12.738 13.250 15.319 14.690 16.043 14.346 16.635 16.277 19.261 21.012 20.952 23.559 26.013 27.974 29.580
 13.863 14.749 13.368 15.389 14.406 17.355 17.871 20.296 23.411 23.101 21.823 19.787 17.509 16.693 13.488 12.943  9.523  9.079  8.301  6.536  3.843  0.000  3.833  5.298  5.142  6.481  8.848  9.854 10.904 13.049 14.904 16.861 19.373 20.998 19.955 18.873 16.191 12.660 13.245 15.890 14.202 12.610 11.167 13.644 14.156 17.684 18.823 16.258 13.741 10.094  9.036  6.827  5.941  5.439  4.122  6.361  8.888  9.287 10.535 12.294 11.566 14.201 15.262 16.905 15.441 16.131 13.657 15.285 14.440 16.921 18.254 17.734 20.206 22.524 24.463 26.103
 14.516 14.463 12.184 13.394 11.756 14.254 14.658 16.884 20.141 19.890 18.989 17.222 15.444 15.281 12.651 13.153 10.286 10.957 10.108  9.561  6.778  3.833  0.000  3.843  5.446  5.075  6.377  8.701 10.110 11.185 13.006 15.424 18.078 19.272 17.708 16.341 14.026 10.266 10.945 13.030 10.850  8.944  7.362 10.049 11.103 14.790 15.578 13.182 10.457  7.116  6.785  4.834  6.297  6.009  5.794  6.661 10.109 10.041  9.932 12.226 10.906 13.853 14.938 15.834 13.737 13.663 10.668 11.783 10.798 13.165 14.649 14.316 16.836 19.388 21.436 23.168
 16.957 16.776 14.657 15.457 13.263 15.415 14.879 16.680 19.915 20.317 19.423 18.229 16.204 16.546 13.814 14.550 12.048 13.033 12.954 11.704  8.381  5.298  3.843  0.000  3.846  5.449  5.148  6.196  8.804 10.266 11.114 13.343 15.635 16.761 15.418 13.905 11.070  7.531  8.056 10.779  9.508  8.872  8.753 12.199 14.075 17.813 18.094 15.714 12.462  9.604  8.240  4.759  6.316  8.061  8.666 10.268 13.505 13.310 13.592 15.996 14.680 17.448 18.142 18.790 16.901 16.368 13.160 13.451 11.402 13.284 13.906 13.388 16.245 18.352 20.356 22.052
 14.568 14.616 13.197 14.445 12.835 15.580 15.263 17.602 20.452 20.602 19.055 17.521 14.847 14.633 11.432 11.652  9.295 10.491 11.421 10.206  6.441  5.142  5.446  3.846  0.000  3.856  5.423  4.955  6.272  8.899 10.291 11.990 14.412 16.226 15.505 14.867 12.240  9.134 10.688 13.460 12.085 11.849 11.025 14.347 15.653 19.429 20.307 18.268 15.388 12.374 11.551  8.332  8.900  9.948  9.116 10.254 13.366 14.191 14.764 16.369 14.675 16.778 16.818 17.599 16.464 16.331 13.707 14.597 12.857 15.409 16.438 16.542 19.618 21.784 23.782 25.400
 12.427 11.718  9.756 10.665  9.043 11.977 12.154 14.909 17.665 17.362 15.736 13.917 11.421 11.254  8.394  9.390  7.522  9.722 10.641 10.762  7.182  6.481  5.075  5.449  3.856  0.000  3.843  5.491  5.368  6.727  9.203 11.366 14.248 15.938 14.799 14.388 12.572  9.268 11.482 13.445 11.127 10.508  8.745 11.758 12.784 16.522 17.681 16.178 13.737 11.098 11.508  9.144 10.712 10.797  9.424  9.102 12.698 13.894 13.538 14.829 12.424 14.269 14.015 14.257 13.014 12.613 10.128 11.251 10.017 13.132 14.933 15.717 18.827 21.410 23.513 25.183
 15.907 14.649 12.175 11.961  9.208 11.071 10.155 12.255 15.217 15.592 14.471 13.542 11.552 12.597 10.523 12.425 11.164 13.543 14.277 14.205 10.585  8.848  6.377  5.148  5.423  3.843  0.000  3.841  5.550  5.466  6.736  9.448 12.159 13.254 11.648 10.760  9.011  5.678  8.213  9.843  7.643  7.957  7.367 10.967 13.056 16.777 17.174 15.781 12.909 10.999 11.219  8.658 11.205 12.189 11.911 11.953 15.694 16.219 15.517 17.393 15.025 17.155 16.999 16.650 14.948 13.601 10.524 10.273  7.858 10.373 11.611 12.529 15.878 18.304 20.430 22.126
 17.033 16.096 14.335 14.394 11.967 13.907 12.525 14.429 16.984 17.747 16.248 15.560 12.982 13.876 11.415 12.870 11.851 14.152 15.594 14.930 11.116  9.854  8.701  6.196  4.955  5.491  3.841  0.000  3.840  5.555  5.655  7.449  9.847 11.492 10.745 10.444  8.203  5.898  8.631 10.915  9.879 11.118 11.121 14.779 16.823 20.557 20.989 19.499 16.475 14.347 13.885 10.646 12.394 13.997 13.624 14.217 17.699 18.459 18.371 20.082 17.831 19.704 19.197 19.042 17.901 16.799 14.045 13.861 11.253 13.453 14.048 14.844 18.308 20.293 22.296 23.863
 14.454 13.280 12.035 12.205 10.454 12.885 12.051 14.628 16.673 16.879 14.696 13.532 10.384 10.778  8.196  9.697  9.536 12.442 14.600 14.579 10.908 10.904 10.110  8.804  6.272  5.368  5.550  3.840  0.000  3.847  5.732  6.875  9.702 12.025 11.720 12.438 11.064  9.108 12.220 14.089 12.477 13.393 12.463 15.693 17.096 20.714 21.717 20.663 18.125 15.959 16.166 13.285 14.835 15.677 14.383 14.180 17.572 19.079 18.838 19.856 17.159 18.331 17.151 16.798 16.330 15.463 13.435 13.848 11.946 14.824 16.148 17.556 21.031 23.280 25.316 26.854
 15.554 13.504 11.548 10.536  8.055  9.710  8.426 11.019 12.913 13.168 11.104 10.412  7.761  9.373  8.060 10.832 11.318 14.660 16.468 17.047 13.470 13.049 11.185 10.266  8.899  6.727  5.466  5.555  3.847  0.000  3.840  6.017  9.044 10.695  9.682 10.500 10.160  8.479 11.963 12.883 10.804 11.997 11.083 14.047 15.710 19.108 19.880 19.371 17.058 15.621 16.459 14.085 16.437 17.138 16.092 15.341 19.001 20.323 19.375 20.486 17.444 18.569 17.290 16.144 15.354 13.674 11.623 11.315  9.280 12.116 13.707 15.789 19.274 21.670 23.738 25.288
 19.041 17.091 15.139 13.910 11.082 11.866  9.523 11.064 12.804 14.003 12.390 12.690 10.528 12.658 11.587 14.208 14.583 17.707 19.470 19.577 15.844 14.904 13.006 11.114 10.291  9.203  6.736  5.655  5.732  3.840  0.000  3.837  6.522  7.674  6.630  7.560  7.398  6.962 10.516 11.256 10.089 12.338 12.532 15.780 18.048 21.431 21.667 21.049 18.381 17.215 17.555 14.877 17.354 18.747 18.286 18.080 21.771 22.717 21.908 23.407 20.571 21.966 20.849 19.681 18.713 16.748 14.389 13.312 10.488 12.353 12.958 14.972 18.557 20.522 22.495 23.963
 20.305 18.427 16.920 15.756 13.272 13.997 11.595 12.927 14.013 15.366 13.514 14.088 11.780 13.799 12.800 15.175 15.901 19.023 21.178 21.162 17.445 16.861 15.424 13.343 11.990 11.366  9.448  7.449  6.875  6.017  3.837  0.000  3.850  5.831  6.306  8.583  8.706  9.161 12.663 13.525 12.788 15.196 15.436 18.631 20.787 24.127 24.448 23.902 21.255 20.016 20.210 17.352 19.518 21.033 20.421 20.297 23.868 25.014 24.399 25.729 22.860 24.015 22.614 21.434 20.840 18.984 16.925 15.948 13.263 15.019 15.415 17.459 21.021 22.744 24.601 25.925
 23.160 21.347 19.977 18.762 16.265 16.704 13.992 14.677 15.416 17.256 15.625 16.639 14.487 16.584 15.691 17.928 18.734 21.751 24.004 23.758 20.039 19.373 18.078 15.635 14.412 14.248 12.159  9.847  9.702  9.044  6.522  3.850  0.000  3.837  5.999  8.738  9.116 10.728 13.870 14.602 14.548 17.384 18.072 21.325 23.679 26.989 27.104 26.540 23.765 22.631 22.561 19.566 21.636 23.479 23.073 23.191 26.722 27.771 27.282 28.716 25.919 27.098 25.661 24.466 23.930 22.002 19.918 18.703 15.805 17.098 16.952 18.893 22.374 23.731 25.490 26.707
 25.512 23.484 21.701 20.073 17.184 16.933 13.764 13.653 14.171 16.589 15.605 17.254 15.775 18.388 17.868 20.436 21.119 24.162 26.095 25.876 22.121 20.998 19.272 16.761 16.226 15.938 13.254 11.492 12.025 10.695  7.674  5.831  3.837  0.000  3.845  6.866  8.259 10.681 13.506 13.539 13.852 17.043 18.230 21.340 24.028 27.167 26.863 26.441 23.655 22.990 22.944 20.169 22.573 24.587 24.581 24.735 28.380 29.099 28.373 30.080 27.318 28.716 27.486 26.068 25.165 22.845 20.561 18.760 15.624 16.209 15.560 17.603 20.922 22.020 23.650 24.761
 24.949 22.742 20.498 18.603 15.361 14.703 11.321 10.706 11.679 14.309 13.893 15.692 14.686 17.606 17.273 20.153 20.618 23.701 25.239 25.201 21.449 19.955 17.708 15.418 15.505 14.799 11.648 10.745 11.720  9.682  6.630  6.306  5.999  3.845  0.000  3.822  6.439  8.751 11.558 10.877 10.931 14.233 15.643 18.601 21.500 24.511 23.937 23.618 20.890 20.597 20.765 18.331 21.144 23.052 23.283 23.308 27.064 27.519 26.484 28.386 25.647 27.259 26.296 24.747 23.434 20.844 18.332 16.132 12.821 12.987 12.204 14.464 17.756 18.993 20.692 21.899
 25.564 23.519 20.913 19.117 15.558 14.798 11.371 10.337 12.199 14.921 15.074 16.750 16.004 18.902 18.335 21.158 21.053 23.862 24.911 24.663 20.955 18.873 16.341 13.905 14.867 14.388 10.760 10.444 12.438 10.500  7.560  8.583  8.738  6.866  3.822  0.000  3.903  6.612  8.605  7.371  8.081 11.719 13.839 16.872 20.143 23.153 22.159 21.546 18.586 18.504 18.397 16.119 19.131 21.274 22.044 22.372 26.125 26.099 25.049 27.352 24.913 26.964 26.489 25.136 23.338 20.695 17.715 15.215 11.546 10.999  9.433 11.196 14.462 15.546 17.272 18.590
 24.483 22.932 20.463 19.293 15.859 15.864 12.890 12.597 15.001 17.292 17.117 18.129 16.851 19.209 17.932 20.267 19.599 22.003 22.925 22.203 18.509 16.191 14.026 11.070 12.240 12.572  9.011  8.203 11.064 10.160  7.398  8.706  9.116  8.259  6.439  3.903  0.000  3.885  5.515  5.915  7.272 10.686 12.956 16.423 19.663 22.971 22.102 20.879 17.559 16.885 16.137 13.408 16.071 18.569 19.557 20.409 24.028 23.843 23.248 25.715 23.607 25.916 25.715 24.884 23.050 20.854 17.615 15.608 11.888 11.771 10.207 10.889 14.272 15.298 17.085 18.510
 21.437 20.077 17.488 16.667 13.335 13.871 11.562 12.048 15.022 16.618 16.290 16.595 15.190 17.128 15.541 17.684 16.588 18.797 19.403 18.761 15.147 12.660 10.266  7.531  9.134  9.268  5.678  5.898  9.108  8.479  6.962  9.161 10.728 10.681  8.751  6.612  3.885  0.000  3.849  5.465  5.209  7.766  9.624 13.286 16.355 19.823 19.212 17.733 14.370 13.310 12.646  9.896 12.733 14.942 15.856 16.658 20.279 20.066 19.454 21.933 19.923 22.374 22.423 21.851 19.860 17.936 14.549 12.963  9.434 10.014  9.306  9.735 13.254 14.909 16.925 18.567
 23.807 22.744 20.046 19.427 16.094 16.514 14.324 14.354 17.514 19.254 19.354 19.696 18.519 20.355 18.622 20.509 18.930 20.650 20.748 19.691 16.337 13.245 10.945  8.056 10.688 11.482  8.213  8.631 12.220 11.963 10.516 12.663 13.870 13.506 11.558  8.605  5.515  3.849  0.000  3.839  5.474  7.651 10.441 13.905 17.208 20.537 19.445 17.493 13.850 12.945 11.481  8.886 11.632 14.375 16.131 17.521 20.899 20.035 19.631 22.565 21.086 23.956 24.512 24.226 21.898 20.082 16.448 14.754 11.310 11.012  9.395  8.344 11.453 12.604 14.529 16.232
 25.453 23.947 20.918 19.696 16.078 15.669 13.119 12.306 15.424 17.485 18.196 19.073 18.546 20.894 19.764 22.133 20.888 22.915 22.910 22.281 18.960 15.890 13.030 10.779 13.460 13.445  9.843 10.915 14.089 12.883 11.256 13.525 14.602 13.539 10.877  7.371  5.915  5.465  3.839  0.000  3.834  6.947 10.338 13.318 16.960 19.934 18.357 16.874 13.459 13.537 12.732 10.993 14.238 16.613 18.411 19.338 22.837 21.866 20.905 23.891 22.229 25.063 25.599 24.859 22.290 19.963 16.324 13.893 10.288  8.874  6.361  5.567  8.848 10.033 12.026 13.819
 22.529 20.821 17.598 16.241 12.623 12.217 10.098  9.810 13.271 14.744 15.396 15.908 15.583 17.860 16.949 19.480 18.329 20.517 20.399 20.288 17.050 14.202 10.850  9.508 12.085 11.127  7.643  9.879 12.477 10.804 10.089 12.788 14.548 13.852 10.931  8.081  7.272  5.209  5.474  3.834  0.000  3.823  6.845  9.838 13.441 16.468 15.163 13.942 10.734 10.914 11.037  9.755 13.416 15.034 16.380 16.696 20.322 19.589 18.193 20.971 19.043 21.754 22.254 21.348 18.680 16.261 12.621 10.164  6.599  5.662  4.626  5.141  8.762 11.060 13.302 15.209
 20.970 19.471 16.073 15.055 11.782 11.735 10.761 11.121 14.750 15.412 16.094 15.909 15.765 17.529 16.534 18.781 17.207 19.011 18.272 18.388 15.586 12.610  8.944  8.872 11.849 10.508  7.957 11.118 13.393 11.997 12.338 15.196 17.384 17.043 14.233 11.719 10.686  7.766  7.651  6.947  3.823  0.000  3.819  6.540 10.151 13.187 11.914 10.300  6.984  7.275  8.002  7.789 11.621 12.513 13.954 14.045 17.511 16.490 14.795 17.721 16.054 19.027 20.022 19.372 16.337 14.203 10.422  8.409  5.847  5.481  6.070  5.776  8.531 11.468 13.776 15.772
 17.664 16.110 12.615 11.793  8.936  9.529  9.757 11.205 14.682 14.444 14.683 13.704 13.526 14.780 13.849 15.987 14.428 16.257 15.386 16.117 13.573 11.167  7.362  8.753 11.025  8.745  7.367 11.121 12.463 11.083 12.532 15.436 18.072 18.230 15.643 13.839 12.956  9.624 10.441 10.338  6.845  3.819  0.000  3.832  6.873 10.327 10.010  8.639  6.018  5.645  7.840  8.099 11.610 11.406 11.963 11.189 14.731 14.194 12.076 14.574 12.537 15.345 16.317 15.667 12.567 10.640  6.847  5.752  4.655  6.385  8.746  9.311 11.675 14.844 17.064 18.938
 18.357 16.661 12.993 11.959  9.700  9.721 10.903 12.200 15.407 14.557 15.247 14.073 14.695 15.789 15.450 17.566 16.130 17.758 16.371 17.672 15.746 13.644 10.049 12.199 14.347 11.758 10.967 14.779 15.693 14.047 15.780 18.631 21.325 21.340 18.601 16.872 16.423 13.286 13.905 13.318  9.838  6.540  3.832  0.000  3.826  6.726  6.248  5.488  4.456  5.776  9.169 10.752 13.963 12.959 13.391 11.928 15.007 14.280 11.352 13.655 11.736 14.461 15.828 14.951 11.373  9.324  5.996  5.049  6.223  7.324 10.231 10.865 12.304 15.678 17.770 19.575
 16.527 14.987 11.488 10.952  9.908 10.523 12.799 14.673 17.491 15.907 16.234 14.317 14.993 15.318 15.119 16.801 15.360 16.646 14.882 16.816 15.567 14.156 11.103 14.075 15.653 12.784 13.056 16.823 17.096 15.710 18.048 20.787 23.679 24.028 21.500 20.143 19.663 16.355 17.208 16.960 13.441 10.151  6.873  3.826  0.000  3.849  5.567  5.432  6.427  6.976 10.773 12.716 15.278 13.345 13.019 10.698 13.241 12.890  9.434 10.979  8.960 11.410 13.108 12.387  8.604  7.332  5.191  6.392  9.003 10.756 13.939 14.650 15.862 19.215 21.187 22.874
 18.782 17.171 13.850 13.092 12.558 12.535 15.100 16.627 19.079 17.166 17.902 16.066 17.383 17.683 18.003 19.660 18.443 19.564 17.552 19.765 18.941 17.684 14.790 17.813 19.429 16.522 16.777 20.557 20.714 19.108 21.431 24.127 26.989 27.167 24.511 23.153 22.971 19.823 20.537 19.934 16.468 13.187 10.327  6.726  3.849  0.000  3.849  5.607  8.406  9.886 13.647 16.090 18.521 16.346 16.075 13.578 15.459 14.939 11.182 12.230 10.689 12.590 14.502 13.544  9.800  8.667  7.908  8.773 11.849 12.987 16.147 16.876 17.463 20.762 22.550 24.112
 21.885 20.187 16.652 15.495 14.123 13.389 15.180 15.910 18.533 17.174 18.549 17.421 18.971 19.899 20.205 22.179 20.869 22.112 20.119 21.859 20.707 18.823 15.578 18.094 20.307 17.681 17.174 20.989 21.717 19.880 21.667 24.448 27.104 26.863 23.937 22.159 22.102 19.212 19.445 18.357 15.163 11.914 10.010  6.248  5.567  3.849  0.000  3.823  6.863  9.665 13.136 15.827 18.616 16.996 17.525 15.674 17.784 16.631 13.068 14.923 13.729 16.061 17.985 16.946 13.161 11.397  9.766  9.162 11.479 11.479 14.121 14.516 14.535 17.732 19.429 20.992
 21.363 20.187 16.758 16.243 14.689 14.654 16.092 16.962 20.026 19.065 20.138 18.881 19.770 20.480 20.085 21.695 19.810 20.633 18.350 19.570 18.517 16.258 13.182 15.714 18.268 16.178 15.781 19.499 20.663 19.371 21.049 23.902 26.540 26.441 23.618 21.546 20.879 17.733 17.493 16.874 13.942 10.300  8.639  5.488  5.432  5.607  3.823  0.000  3.825  6.531  9.742 12.812 15.349 13.752 14.774 13.528 15.543 13.825 10.581 13.175 12.586 15.599 17.952 17.614 13.820 12.616 10.270 10.020 11.530 11.619 13.768 13.321 13.361 16.474 18.222 19.875
 20.949 19.878 16.436 16.008 13.859 14.066 14.793 15.581 18.974 18.568 19.470 18.448 18.840 19.763 18.916 20.567 18.483 19.406 17.409 18.044 16.496 13.741 10.457 12.462 15.388 13.737 12.909 16.475 18.125 17.058 18.381 21.255 23.765 23.655 20.890 18.586 17.559 14.370 13.850 13.459 10.734  6.984  6.018  4.456  6.427  8.406  6.863  3.825  0.000  3.821  6.580  9.383 12.285 11.394 12.943 12.439 14.969 13.135 10.562 13.725 13.002 16.349 18.459 18.281 14.647 13.284 10.110  9.422  9.700  9.685 11.307 10.394 10.928 14.038 15.989 17.811
 18.388 17.830 14.726 15.073 13.231 14.424 15.263 16.690 20.154 19.693 19.934 18.464 18.109 18.500 17.003 18.130 15.606 16.150 14.070 14.375 12.896 10.094  7.116  9.604 12.374 11.098 10.999 14.347 15.959 15.621 17.215 20.016 22.631 22.990 20.597 18.504 16.885 13.310 12.945 13.537 10.914  7.275  5.645  5.776  6.976  9.886  9.665  6.531  3.821  0.000  3.836  6.507  8.989  7.731  9.183  9.067 11.701  9.938  7.955 11.335 10.770 14.368 16.539 16.978 13.672 13.040  9.824 10.182 10.208 11.248 12.894 11.938 13.177 16.082 18.064 19.862
 20.068 19.955 17.172 17.827 15.804 17.179 17.429 18.637 22.218 22.240 22.385 21.116 20.322 20.712 18.705 19.516 16.630 16.779 14.763 14.053 12.500  9.036  6.785  8.240 11.551 11.508 11.219 13.885 16.166 16.459 17.555 20.210 22.561 22.944 20.765 18.397 16.137 12.646 11.481 12.732 11.037  8.002  7.840  9.169 10.773 13.647 13.136  9.742  6.580  3.836  0.000  3.834  5.878  5.769  8.603 10.042 12.371 10.089  9.496 13.142 13.167 16.864 19.041 19.876 16.864 16.420 13.082 13.239 12.369 13.062 13.765 11.979 13.212 15.559 17.433 19.205
 19.266 19.208 16.692 17.433 15.211 16.894 16.643 17.986 21.514 21.852 21.608 20.458 19.111 19.543 17.154 17.901 15.054 15.425 14.151 12.905 10.598  6.827  4.834  4.759  8.332  9.144  8.658 10.646 13.285 14.085 14.877 17.352 19.566 20.169 18.331 16.119 13.408  9.896  8.886 10.993  9.755  7.789  8.099 10.752 12.716 16.090 15.827 12.812  9.383  6.507  3.834  0.000  3.855  5.669  8.140 10.176 12.938 11.428 11.537 14.759 14.287 17.700 19.293 20.122 17.558 17.050 13.608 13.701 12.057 13.107 13.489 11.948 13.984 16.081 18.015 19.775
 19.490 20.163 18.206 19.624 17.907 20.052 20.026 21.607 25.075 25.300 24.772 23.320 21.604 21.500 18.661 18.653 15.354 14.836 13.308 11.186  9.575  5.941  6.297  6.316  8.900 10.712 11.205 12.394 14.835 16.437 17.354 19.518 21.636 22.573 21.144 19.131 16.071 12.733 11.632 14.238 13.416 11.621 11.610 13.963 15.278 18.521 18.616 15.349 12.285  8.989  5.878  3.855  0.000  3.816  6.807 10.014 11.881 10.172 11.541 14.568 14.826 18.192 19.999 21.482 19.257 19.422 16.312 17.000 15.633 16.914 17.277 15.551 17.360 19.158 20.896 22.515
 17.300 18.230 16.376 18.189 17.067 19.476 20.169 22.127 25.538 25.223 24.602 22.683 21.101 20.529 17.778 17.456 13.954 12.969 10.664  9.043  8.380  5.439  6.009  8.061  9.948 10.797 12.189 13.997 15.677 17.138 18.747 21.033 23.479 24.587 23.052 21.274 18.569 14.942 14.375 16.613 15.034 12.513 11.406 12.959 13.345 16.346 16.996 13.752 11.394  7.731  5.769  5.669  3.816  0.000  3.837  6.959  8.345  6.385  7.943 10.883 11.566 15.009 17.221 19.045 16.812 17.527 14.837 16.230 15.725 17.432 18.518 17.134 18.763 20.973 22.753 24.378
 13.677 14.974 13.611 15.996 15.563 18.499 19.665 22.151 25.322 24.599 23.517 21.146 19.273 18.105 15.183 14.335 10.688  9.307  6.845  5.570  5.402  4.122  5.794  8.666  9.116  9.424 11.911 13.624 14.383 16.092 18.286 20.421 23.073 24.581 23.283 22.044 19.557 15.856 16.131 18.411 16.380 13.954 11.963 13.391 13.019 16.075 17.525 14.774 12.943  9.183  8.603  8.140  6.807  3.837  0.000  3.826  5.302  5.201  6.991  8.752  9.022 12.017 13.972 16.152 14.451 15.769 13.672 15.830 15.822 18.241 19.921 19.201 21.168 23.655 25.532 27.159
 10.881 11.908 10.430 12.999 13.174 16.249 18.046 20.846 23.792 22.575 21.378 18.653 17.009 15.531 12.994 12.233  8.880  7.905  5.090  6.244  6.254  6.361  6.661 10.268 10.254  9.102 11.953 14.217 14.180 15.341 18.080 20.297 23.191 24.735 23.308 22.372 20.409 16.658 17.521 19.338 16.696 14.045 11.189 11.928 10.698 13.578 15.674 13.528 12.439  9.067 10.042 10.176 10.014  6.959  3.826  0.000  3.857  5.489  5.490  6.163  5.381  8.306 10.315 12.475 10.790 12.509 11.008 13.802 14.599 17.429 19.761 19.645 21.650 24.484 26.443 28.093
 11.764 13.661 12.925 15.899 16.607 19.707 21.741 24.563 27.468 26.076 24.847 21.921 20.297 18.402 15.865 14.428 11.019  8.809  5.022  6.021  8.101  8.888 10.109 13.505 13.366 12.698 15.694 17.699 17.572 19.001 21.771 23.868 26.722 28.380 27.064 26.125 24.028 20.279 20.899 22.837 20.322 17.511 14.731 15.007 13.241 15.459 17.784 15.543 14.969 11.701 12.371 12.938 11.881  8.345  5.302  3.857  0.000  3.855  5.415  4.652  6.025  8.345 10.990 13.947 12.694 15.119 14.190 17.204 18.291 21.011 23.322 22.961 24.686 27.441 29.295 30.880
 15.373 16.873 15.521 17.979 18.053 20.720 22.473 24.881 28.046 26.928 26.160 23.568 22.258 20.886 18.458 17.514 14.038 12.163  8.565  8.450  9.978  9.287 10.041 13.310 14.191 13.894 16.219 18.459 19.079 20.323 22.717 25.014 27.771 29.099 27.519 26.099 23.843 20.066 20.035 21.866 19.589 16.490 14.194 14.280 12.890 14.939 16.631 13.825 13.135  9.938 10.089 11.428 10.172  6.385  5.201  5.489  3.855  0.000  3.836  5.487  7.883 11.034 14.101 16.658 14.683 16.553 15.021 17.488 18.339 20.489 22.430 21.508 22.811 25.392 27.132 28.695
 15.002 15.748 13.800 15.765 15.821 18.128 20.180 22.516 25.598 24.250 23.745 21.178 20.391 19.272 17.421 17.091 14.063 13.026  9.627 10.696 11.440 10.535  9.932 13.592 14.764 13.538 15.517 18.371 18.838 19.375 21.908 24.399 27.282 28.373 26.484 25.049 23.248 19.454 19.631 20.905 18.193 14.795 12.076 11.352  9.434 11.182 13.068 10.581 10.562  7.955  9.496 11.537 11.541  7.943  6.991  5.490  5.415  3.836  0.000  3.853  5.640  9.246 12.547 14.516 11.967 13.581 12.165 14.647 16.039 18.127 20.433 19.835 20.997 23.846 25.641 27.239
 12.935 14.090 12.829 15.318 16.288 18.903 21.447 24.149 26.934 25.160 24.301 21.311 20.437 18.696 16.976 16.129 13.347 11.929  8.405 10.482 11.995 12.294 12.226 15.996 16.369 14.829 17.393 20.082 19.856 20.486 23.407 25.729 28.716 30.080 28.386 27.352 25.715 21.933 22.565 23.891 20.971 17.721 14.574 13.655 10.979 12.230 14.923 13.175 13.725 11.335 13.142 14.759 14.568 10.883  8.752  6.163  4.652  5.487  3.853  0.000  3.845  6.390 10.012 12.564 10.717 13.283 12.914 16.054 17.965 20.485 23.173 23.001 24.321 27.290 29.108 30.676
 10.252 10.697  9.089 11.511 12.712 15.464 18.194 21.120 23.702 21.767 20.700 17.593 16.721 14.957 13.495 13.020 10.706 10.237  7.540 10.430 10.990 11.566 10.906 14.680 14.675 12.424 15.025 17.831 17.159 17.444 20.571 22.860 25.919 27.318 25.647 24.913 23.607 19.923 21.086 22.229 19.043 16.054 12.537 11.736  8.960 10.689 13.729 12.586 13.002 10.770 13.167 14.287 14.826 11.566  9.022  5.381  6.025  7.883  5.640  3.845  0.000  3.833  6.971  9.046  7.086  9.730  9.663 13.130 15.253 18.152 21.156 21.554 23.236 26.372 28.314 29.929
  8.287  8.846  8.261 11.063 13.324 16.203 19.323 22.517 24.673 22.332 20.889 17.427 16.526 14.126 13.068 12.173 10.637 10.230  8.283 11.879 12.738 14.201 13.853 17.448 16.778 14.269 17.155 19.704 18.331 18.569 21.966 24.015 27.098 28.716 27.259 26.964 25.916 22.374 23.956 25.063 21.754 19.027 15.345 14.461 11.410 12.590 16.061 15.599 16.349 14.368 16.864 17.700 18.192 15.009 12.017  8.306  8.345 11.034  9.246  6.390  3.833  0.000  3.837  6.628  6.167  9.774 11.033 14.805 17.287 20.463 23.733 24.556 26.374 29.585 31.542 33.122
  5.656  5.575  6.052  9.114 12.131 15.205 18.395 21.840 23.585 21.071 19.136 15.463 14.282 11.370 10.640  9.618  9.180  9.607  9.138 12.913 13.250 15.262 14.938 18.142 16.818 14.015 16.999 19.197 17.151 17.290 20.849 22.614 25.661 27.486 26.296 26.489 25.715 22.423 24.512 25.599 22.254 20.022 16.317 15.828 13.108 14.502 17.985 17.952 18.459 16.539 19.041 19.293 19.999 17.221 13.972 10.315 10.990 14.101 12.547 10.012  6.971  3.837  0.000  3.843  5.618  9.209 11.172 14.952 17.371 20.858 24.256 25.566 27.724 30.961 32.978 34.553
  7.669  5.405  4.792  6.449  9.925 12.528 15.974 19.395 20.752 17.960 16.022 12.304 11.698  9.077  9.602  9.833 10.480 12.085 12.149 15.756 15.319 16.905 15.834 18.790 17.599 14.257 16.650 19.042 16.798 16.144 19.681 21.434 24.466 26.068 24.747 25.136 24.884 21.851 24.226 24.859 21.348 19.372 15.667 14.951 12.387 13.544 16.946 17.614 18.281 16.978 19.876 20.122 21.482 19.045 16.152 12.475 13.947 16.658 14.516 12.564  9.046  6.628  3.843  0.000  3.842  6.661  9.520 13.033 15.757 19.215 22.814 24.614 26.811 30.112 32.143 33.701
  9.888  7.837  5.286  6.031  8.402 10.663 14.162 17.332 19.115 16.488 15.192 11.791 11.735 10.132 10.476 11.404 11.190 12.768 12.042 15.375 14.690 15.441 13.737 16.901 16.464 13.014 14.948 17.901 16.330 15.354 18.713 20.840 23.930 25.165 23.434 23.338 23.050 19.860 21.898 22.290 18.680 16.337 12.567 11.373  8.604  9.800 13.161 13.820 14.647 13.672 16.864 17.558 19.257 16.812 14.451 10.790 12.694 14.683 11.967 10.717  7.086  6.167  5.618  3.842  0.000  3.831  6.379 10.021 13.045 16.261 19.887 21.487 23.448 26.789 28.804 30.393
 12.563  9.800  6.406  4.738  5.862  7.172 10.810 13.803 15.513 12.865 11.952  8.915  9.702  9.359 10.444 12.533 12.694 14.973 14.560 17.467 16.043 16.131 13.663 16.368 16.331 12.613 13.601 16.799 15.463 13.674 16.748 18.984 22.002 22.845 20.844 20.695 20.854 17.936 20.082 19.963 16.261 14.203 10.640  9.324  7.332  8.667 11.397 12.616 13.284 13.040 16.420 17.050 19.422 17.527 15.769 12.509 15.119 16.553 13.581 13.283  9.730  9.774  9.209  6.661  3.831  0.000  3.820  6.775 10.088 13.141 16.891 18.897 20.887 24.240 26.269 27.862
 13.676 11.308  7.535  6.083  4.807  6.134  8.968 11.764 14.206 12.307 11.799  9.454  9.847 10.295 10.519 12.837 12.304 14.592 14.014 16.263 14.346 13.657 10.668 13.160 13.707 10.128 10.524 14.045 13.435 11.623 14.389 16.925 19.918 20.561 18.332 17.715 17.615 14.549 16.448 16.324 12.621 10.422  6.847  5.996  5.191  7.908  9.766 10.270 10.110  9.824 13.082 13.608 16.312 14.837 13.672 11.008 14.190 15.021 12.165 12.914  9.663 11.033 11.172  9.520  6.379  3.820  0.000  3.839  6.779  9.919 13.537 15.290 17.409 20.741 22.835 24.516
 17.114 14.545 10.783  8.486  5.692  4.726  6.482  8.512 11.252  9.873 10.279  9.154 10.277 11.990 12.568 15.448 15.099 17.636 17.214 19.001 16.635 15.285 11.783 13.451 14.597 11.251 10.273 13.861 13.848 11.315 13.312 15.948 18.703 18.760 16.132 15.215 15.608 12.963 14.754 13.893 10.164  8.409  5.752  5.049  6.392  8.773  9.162 10.020  9.422 10.182 13.239 13.701 17.000 16.230 15.830 13.802 17.204 17.488 14.647 16.054 13.130 14.805 14.952 13.033 10.021  6.775  3.839  0.000  3.827  6.401 10.169 12.378 14.501 17.807 19.913 21.617
 18.546 16.163 12.585 10.491  6.881  5.979  5.307  6.689 10.092  9.977 10.434 10.209 10.655 12.927 12.969 15.972 15.486 18.148 18.057 19.176 16.277 14.440 10.798 11.402 12.857 10.017  7.858 11.253 11.946  9.280 10.488 13.263 15.805 15.624 12.821 11.546 11.888  9.434 11.310 10.288  6.599  5.847  4.655  6.223  9.003 11.849 11.479 11.530  9.700 10.208 12.369 12.057 15.633 15.725 15.822 14.599 18.291 18.339 16.039 17.965 15.253 17.287 17.371 15.757 13.045 10.088  6.779  3.827  0.000  3.830  7.151  9.561 12.314 15.408 17.600 19.371
 22.277 19.929 16.310 14.084 10.511  8.745  7.196  6.485  9.979 10.732 12.234 12.920 13.889 16.508 16.697 19.726 19.128 21.635 21.306 22.151 19.261 16.921 13.165 13.284 15.409 13.132 10.373 13.453 14.824 12.116 12.353 15.019 17.098 16.209 12.987 10.999 11.771 10.014 11.012  8.874  5.662  5.481  6.385  7.324 10.756 12.987 11.479 11.619  9.685 11.248 13.062 13.107 16.914 17.432 18.241 17.429 21.011 20.489 18.127 20.485 18.152 20.463 20.858 19.215 16.261 13.141  9.919  6.401  3.830  0.000  3.848  6.712  9.169 12.202 14.390 16.224
 25.295 23.139 19.632 17.574 13.883 12.221  9.928  8.261 11.471 13.207 14.885 16.092 16.807 19.584 19.486 22.429 21.653 24.038 23.741 24.070 21.012 18.254 14.649 13.906 16.438 14.933 11.611 14.048 16.148 13.707 12.958 15.415 16.952 15.560 12.204  9.433 10.207  9.306  9.395  6.361  4.626  6.070  8.746 10.231 13.939 16.147 14.121 13.768 11.307 12.894 13.765 13.489 17.277 18.518 19.921 19.761 23.322 22.430 20.433 23.173 21.156 23.733 24.256 22.814 19.887 16.891 13.537 10.169  7.151  3.848  0.000  3.852  6.667  9.155 11.373 13.311
 26.602 24.892 21.425 19.889 16.331 15.219 13.280 11.970 15.234 16.885 18.442 19.306 19.710 22.126 21.523 24.072 22.736 24.639 23.950 23.819 20.952 17.734 14.316 13.388 16.542 15.717 12.529 14.844 17.556 15.789 14.972 17.459 18.893 17.603 14.464 11.196 10.889  9.735  8.344  5.567  5.141  5.776  9.311 10.865 14.650 16.876 14.516 13.321 10.394 11.938 11.979 11.948 15.551 17.134 19.201 19.645 22.961 21.508 19.835 23.001 21.554 24.556 25.566 24.614 21.487 18.897 15.290 12.378  9.561  6.712  3.852  0.000  3.837  6.286  8.813 11.110
 29.237 27.582 24.019 22.479 19.071 17.732 16.086 14.498 17.556 19.114 21.058 21.965 22.713 25.091 24.614 27.107 25.628 27.311 26.250 26.133 23.559 20.206 16.836 16.245 19.618 18.827 15.878 18.308 21.031 19.274 18.557 21.021 22.374 20.922 17.756 14.462 14.272 13.254 11.453  8.848  8.762  8.531 11.675 12.304 15.862 17.463 14.535 13.361 10.928 13.177 13.212 13.984 17.360 18.763 21.168 21.650 24.686 22.811 20.997 24.321 23.236 26.374 27.724 26.811 23.448 20.887 17.409 14.501 12.314  9.169  6.667  3.837  0.000  3.835  6.611  9.219
 32.268 30.690 27.190 25.672 22.189 20.815 18.867 16.984 19.806 21.731 23.751 24.914 25.587 28.070 27.501 29.963 28.436 30.053 29.038 28.628 26.013 22.524 19.388 18.352 21.784 21.410 18.304 20.293 23.280 21.670 20.522 22.744 23.731 22.020 18.993 15.546 15.298 14.909 12.604 10.033 11.060 11.468 14.844 15.678 19.215 20.762 17.732 16.474 14.038 16.082 15.559 16.081 19.158 20.973 23.655 24.484 27.441 25.392 23.846 27.290 26.372 29.585 30.961 30.112 26.789 24.240 20.741 17.807 15.408 12.202  9.155  6.286  3.835  0.000  3.845  6.790
 34.324 32.772 29.286 27.761 24.307 22.868 20.899 18.894 21.550 23.539 25.652 26.909 27.642 30.151 29.604 32.052 30.508 32.067 31.004 30.525 27.974 24.463 21.436 20.356 23.782 23.513 20.430 22.296 25.316 23.738 22.495 24.601 25.490 23.650 20.692 17.272 17.085 16.925 14.529 12.026 13.302 13.776 17.064 17.770 21.187 22.550 19.429 18.222 15.989 18.064 17.433 18.015 20.896 22.753 25.532 26.443 29.295 27.132 25.641 29.108 28.314 31.542 32.978 32.143 28.804 26.269 22.835 19.913 17.600 14.390 11.373  8.813  6.611  3.845  0.000  3.811
