  1.000  0.756  0.416  0.206 -0.164 -0.259 -0.339 -0.280 -0.192 -0.228 -0.231 -0.195 -0.093  0.141  0.246  0.595  0.558  0.509  0.319  0.188  0.166 -0.044 -0.240 -0.286 -0.147 -0.223 -0.363 -0.324 -0.311 -0.387 -0.374 -0.361 -0.321 -0.321 -0.336 -0.328 -0.294 -0.310 -0.242 -0.279 -0.360 -0.332 -0.367 -0.340 -0.249 -0.130 -0.153 -0.206 -0.334 -0.372 -0.379 -0.335 -0.212 -0.151 -0.012  0.108  0.112 -0.044 -0.060  0.078  0.175  0.298  0.522  0.431  0.148  0.042 -0.179 -0.303 -0.371 -0.332 -0.289 -0.169  0.162  0.326  0.407  0.433
  0.756  1.000  0.684  0.400 -0.026 -0.158 -0.305 -0.275 -0.203 -0.221 -0.200 -0.106 -0.008  0.245  0.450  0.581  0.438  0.373  0.213  0.081  0.040 -0.174 -0.345 -0.385 -0.257 -0.266 -0.385 -0.357 -0.321 -0.359 -0.335 -0.326 -0.300 -0.259 -0.294 -0.294 -0.271 -0.302 -0.217 -0.285 -0.364 -0.350 -0.366 -0.335 -0.275 -0.161 -0.175 -0.215 -0.341 -0.375 -0.431 -0.423 -0.321 -0.272 -0.137  0.019  0.037 -0.121 -0.084  0.065  0.200  0.291  0.569  0.602  0.299  0.190 -0.070 -0.260 -0.359 -0.322 -0.285 -0.177  0.123  0.286  0.431  0.435
  0.416  0.684  1.000  0.603  0.125 -0.040 -0.215 -0.227 -0.190 -0.200 -0.097  0.025  0.111  0.327  0.510  0.343  0.284  0.199  0.053 -0.066 -0.094 -0.261 -0.353 -0.355 -0.301 -0.275 -0.319 -0.297 -0.264 -0.268 -0.226 -0.203 -0.201 -0.144 -0.183 -0.195 -0.183 -0.197 -0.171 -0.257 -0.307 -0.307 -0.291 -0.251 -0.218 -0.139 -0.125 -0.148 -0.246 -0.263 -0.313 -0.339 -0.296 -0.289 -0.207 -0.059 -0.026 -0.110 -0.032  0.072  0.182  0.229  0.419  0.503  0.398  0.302  0.062 -0.171 -0.274 -0.281 -0.261 -0.188  0.028  0.192  0.344  0.328
  0.206  0.400  0.603  1.000  0.522  0.316  0.031 -0.070 -0.088 -0.045  0.151  0.324  0.344  0.450  0.346  0.207  0.153  0.049 -0.075 -0.174 -0.200 -0.313 -0.334 -0.319 -0.277 -0.226 -0.250 -0.229 -0.157 -0.160 -0.170 -0.130 -0.106 -0.101 -0.172 -0.202 -0.209 -0.220 -0.193 -0.217 -0.258 -0.244 -0.210 -0.176 -0.174 -0.130 -0.124 -0.113 -0.192 -0.227 -0.270 -0.299 -0.298 -0.323 -0.285 -0.194 -0.170 -0.230 -0.131 -0.079 -0.009  0.039  0.222  0.381  0.414  0.518  0.294 -0.008 -0.111 -0.162 -0.183 -0.142  0.042  0.151  0.263  0.217
 -0.164 -0.026  0.125  0.522  1.000  0.731  0.445  0.274  0.113  0.174  0.310  0.481  0.500  0.308  0.127 -0.039 -0.108 -0.202 -0.254 -0.277 -0.274 -0.244 -0.173 -0.103 -0.136 -0.081 -0.013 -0.018  0.019  0.070  0.035  0.032  0.053  0.073  0.041  0.016 -0.034 -0.012 -0.019  0.018  0.063  0.099  0.132  0.115  0.041 -0.031 -0.025 -0.006  0.019 -0.021 -0.032 -0.069 -0.129 -0.201 -0.272 -0.292 -0.301 -0.263 -0.199 -0.244 -0.232 -0.199 -0.159 -0.044  0.107  0.306  0.454  0.330  0.339  0.216  0.088  0.027 -0.111 -0.122 -0.101 -0.127
 -0.259 -0.158 -0.040  0.316  0.731  1.000  0.696  0.531  0.359  0.424  0.482  0.593  0.429  0.203 -0.020 -0.119 -0.190 -0.311 -0.347 -0.375 -0.345 -0.270 -0.138 -0.073 -0.133 -0.052  0.039 -0.012  0.032  0.127  0.087  0.065  0.108  0.149  0.111  0.102  0.038  0.039  0.020  0.118  0.168  0.182  0.197  0.192  0.097 -0.001 -0.013  0.044  0.081  0.045  0.033 -0.038 -0.134 -0.219 -0.319 -0.336 -0.370 -0.308 -0.221 -0.295 -0.291 -0.264 -0.236 -0.131  0.023  0.285  0.394  0.437  0.449  0.357  0.208  0.123 -0.139 -0.185 -0.220 -0.260
 -0.339 -0.305 -0.215  0.031  0.445  0.696  1.000  0.800  0.546  0.652  0.520  0.393  0.283  0.050 -0.105 -0.192 -0.246 -0.347 -0.344 -0.338 -0.286 -0.168 -0.027  0.037 -0.040  0.009  0.134  0.087  0.071  0.165  0.151  0.102  0.114  0.152  0.185  0.199  0.148  0.150  0.149  0.263  0.352  0.380  0.331  0.293  0.149  0.038  0.041  0.082  0.172  0.125  0.116  0.064 -0.026 -0.105 -0.230 -0.295 -0.340 -0.241 -0.180 -0.288 -0.327 -0.305 -0.320 -0.289 -0.192  0.006  0.202  0.491  0.627  0.553  0.383  0.278 -0.180 -0.242 -0.423 -0.461
 -0.280 -0.275 -0.227 -0.070  0.274  0.531  0.800  1.000  0.748  0.670  0.337  0.207  0.086 -0.078 -0.170 -0.173 -0.206 -0.306 -0.321 -0.310 -0.251 -0.149 -0.019  0.024 -0.046  0.014  0.126  0.042  0.030  0.166  0.143  0.081  0.128  0.184  0.210  0.241  0.161  0.114  0.126  0.266  0.338  0.356  0.291  0.271  0.125  0.003  0.001  0.060  0.151  0.110  0.103  0.038 -0.044 -0.111 -0.209 -0.263 -0.308 -0.226 -0.181 -0.269 -0.301 -0.275 -0.288 -0.266 -0.213 -0.026  0.145  0.479  0.571  0.556  0.389  0.305 -0.158 -0.221 -0.403 -0.413
 -0.192 -0.203 -0.190 -0.088  0.113  0.359  0.546  0.748  1.000  0.818  0.345  0.221  0.072 -0.054 -0.128 -0.098 -0.135 -0.221 -0.240 -0.238 -0.185 -0.110 -0.021  0.014 -0.034  0.010  0.087  0.000 -0.015  0.108  0.083  0.039  0.106  0.144  0.135  0.153  0.075  0.021  0.049  0.156  0.185  0.192  0.133  0.127  0.045 -0.014 -0.026  0.045  0.095  0.073  0.065  0.025 -0.048 -0.099 -0.169 -0.191 -0.244 -0.193 -0.139 -0.208 -0.217 -0.187 -0.206 -0.199 -0.174 -0.050  0.016  0.240  0.300  0.319  0.211  0.182 -0.132 -0.176 -0.291 -0.290
 -0.228 -0.221 -0.200 -0.045  0.174  0.424  0.652  0.670  0.818  1.000  0.605  0.418  0.248  0.076 -0.072 -0.084 -0.147 -0.252 -0.261 -0.262 -0.204 -0.118 -0.009  0.032 -0.024  0.016  0.094  0.032  0.024  0.104  0.076  0.054  0.110  0.128  0.114  0.102  0.044  0.016  0.029  0.126  0.162  0.175  0.129  0.112  0.045  0.005 -0.006  0.064  0.107  0.076  0.077  0.045 -0.035 -0.090 -0.179 -0.206 -0.273 -0.220 -0.162 -0.239 -0.247 -0.216 -0.226 -0.224 -0.196 -0.065 -0.004  0.218  0.308  0.316  0.198  0.170 -0.138 -0.171 -0.307 -0.331
 -0.231 -0.200 -0.097  0.151  0.310  0.482  0.520  0.337  0.345  0.605  1.000  0.770  0.543  0.303  0.049 -0.055 -0.132 -0.223 -0.225 -0.234 -0.211 -0.147 -0.040 -0.002 -0.063 -0.035  0.002  0.021  0.078  0.064  0.024  0.100  0.140  0.048 -0.016 -0.080 -0.100 -0.051 -0.071 -0.022  0.011  0.045  0.037  0.029  0.002 -0.008 -0.004  0.061  0.067  0.038  0.051  0.042 -0.017 -0.060 -0.159 -0.185 -0.229 -0.177 -0.116 -0.194 -0.217 -0.242 -0.211 -0.168 -0.072  0.027  0.045  0.104  0.166  0.154  0.064  0.028 -0.021 -0.059 -0.163 -0.243
 -0.195 -0.106  0.025  0.324  0.481  0.593  0.393  0.207  0.221  0.418  0.770  1.000  0.719  0.435  0.097 -0.006 -0.099 -0.221 -0.265 -0.300 -0.257 -0.204 -0.086 -0.034 -0.072 -0.019 -0.002 -0.004  0.074  0.063  0.006  0.057  0.115  0.077 -0.003 -0.074 -0.116 -0.081 -0.114 -0.068 -0.052 -0.031  0.001 -0.000  0.006 -0.015 -0.041  0.031  0.010  0.003  0.006 -0.007 -0.088 -0.170 -0.247 -0.249 -0.299 -0.268 -0.196 -0.240 -0.236 -0.220 -0.175 -0.079  0.021  0.159  0.127  0.095  0.117  0.074 -0.018 -0.050 -0.096 -0.095 -0.046 -0.106
 -0.093 -0.008  0.111  0.344  0.500  0.429  0.283  0.086  0.072  0.248  0.543  0.719  1.000  0.670  0.286  0.122  0.025 -0.094 -0.159 -0.214 -0.164 -0.171 -0.105 -0.036 -0.053 -0.030 -0.004  0.030  0.062  0.024 -0.027  0.039  0.058  0.013 -0.050 -0.131 -0.176 -0.113 -0.143 -0.132 -0.106 -0.060 -0.031 -0.046 -0.015  0.004  0.001  0.042 -0.017 -0.051 -0.051 -0.023 -0.100 -0.176 -0.218 -0.213 -0.251 -0.261 -0.214 -0.226 -0.216 -0.186 -0.115 -0.050 -0.017  0.058  0.036  0.005  0.053 -0.009 -0.098 -0.101 -0.114 -0.051 -0.003 -0.028
  0.141  0.245  0.327  0.450  0.308  0.203  0.050 -0.078 -0.054  0.076  0.303  0.435  0.670  1.000  0.553  0.361  0.231  0.097 -0.030 -0.125 -0.107 -0.211 -0.197 -0.118 -0.115 -0.111 -0.102 -0.069 -0.049 -0.098 -0.130 -0.085 -0.077 -0.093 -0.139 -0.198 -0.227 -0.196 -0.193 -0.226 -0.243 -0.211 -0.184 -0.184 -0.128 -0.046 -0.049 -0.047 -0.152 -0.192 -0.202 -0.161 -0.183 -0.262 -0.243 -0.181 -0.180 -0.252 -0.204 -0.153 -0.106 -0.037  0.102  0.188  0.117  0.120 -0.029 -0.137 -0.148 -0.172 -0.224 -0.170 -0.058  0.081  0.180  0.152
  0.246  0.450  0.510  0.346  0.127 -0.020 -0.105 -0.170 -0.128 -0.072  0.049  0.097  0.286  0.553  1.000  0.534  0.357  0.232  0.093 -0.008 -0.053 -0.215 -0.286 -0.221 -0.217 -0.158 -0.145 -0.152 -0.177 -0.127 -0.106 -0.122 -0.170 -0.081 -0.106 -0.132 -0.158 -0.159 -0.107 -0.203 -0.216 -0.208 -0.198 -0.209 -0.226 -0.083 -0.027 -0.095 -0.207 -0.250 -0.299 -0.265 -0.227 -0.280 -0.207 -0.069 -0.030 -0.148 -0.090  0.012  0.105  0.124  0.290  0.387  0.246  0.121 -0.051 -0.157 -0.202 -0.192 -0.205 -0.166 -0.090  0.073  0.195  0.165
  0.595  0.581  0.343  0.207 -0.039 -0.119 -0.192 -0.173 -0.098 -0.084 -0.055 -0.006  0.122  0.361  0.534  1.000  0.763  0.499  0.271  0.167  0.222  0.026 -0.153 -0.135 -0.036 -0.107 -0.216 -0.240 -0.256 -0.303 -0.367 -0.376 -0.316 -0.307 -0.349 -0.337 -0.353 -0.355 -0.285 -0.272 -0.331 -0.271 -0.268 -0.280 -0.216 -0.118 -0.115 -0.134 -0.253 -0.284 -0.280 -0.220 -0.126 -0.133 -0.003  0.076  0.030 -0.115 -0.149 -0.060  0.022  0.134  0.366  0.328  0.041 -0.014 -0.192 -0.256 -0.284 -0.253 -0.260 -0.167  0.061  0.212  0.283  0.300
  0.558  0.438  0.284  0.153 -0.108 -0.190 -0.246 -0.206 -0.135 -0.147 -0.132 -0.099  0.025  0.231  0.357  0.763  1.000  0.745  0.426  0.311  0.408  0.169 -0.057 -0.044  0.077 -0.049 -0.187 -0.177 -0.212 -0.311 -0.365 -0.374 -0.354 -0.361 -0.381 -0.368 -0.367 -0.362 -0.294 -0.304 -0.359 -0.301 -0.282 -0.274 -0.218 -0.111 -0.081 -0.121 -0.224 -0.274 -0.236 -0.145 -0.021 -0.005  0.144  0.191  0.151 -0.007 -0.079  0.001  0.050  0.119  0.317  0.242  0.004 -0.048 -0.220 -0.300 -0.323 -0.300 -0.291 -0.212  0.039  0.190  0.266  0.296
  0.509  0.373  0.199  0.049 -0.202 -0.311 -0.347 -0.306 -0.221 -0.252 -0.223 -0.221 -0.094  0.097  0.232  0.499  0.745  1.000  0.693  0.556  0.541  0.238 -0.056 -0.072  0.082 -0.085 -0.251 -0.192 -0.236 -0.353 -0.372 -0.368 -0.377 -0.406 -0.413 -0.409 -0.369 -0.338 -0.270 -0.335 -0.390 -0.333 -0.317 -0.321 -0.264 -0.133 -0.104 -0.177 -0.257 -0.315 -0.266 -0.166  0.005  0.072  0.269  0.338  0.361  0.182  0.087  0.177  0.166  0.159  0.306  0.216  0.007 -0.094 -0.238 -0.364 -0.393 -0.374 -0.328 -0.251  0.077  0.243  0.336  0.347
  0.319  0.213  0.053 -0.075 -0.254 -0.347 -0.344 -0.321 -0.240 -0.261 -0.225 -0.265 -0.159 -0.030  0.093  0.271  0.426  0.693  1.000  0.707  0.504  0.242 -0.014 -0.077  0.020 -0.127 -0.260 -0.178 -0.217 -0.333 -0.307 -0.288 -0.322 -0.364 -0.349 -0.364 -0.298 -0.260 -0.196 -0.266 -0.319 -0.272 -0.273 -0.296 -0.265 -0.176 -0.156 -0.247 -0.256 -0.250 -0.172 -0.118  0.077  0.215  0.429  0.532  0.577  0.404  0.270  0.341  0.282  0.154  0.193  0.113  0.003 -0.113 -0.222 -0.342 -0.362 -0.326 -0.259 -0.199  0.126  0.217  0.273  0.270
  0.188  0.081 -0.066 -0.174 -0.277 -0.375 -0.338 -0.310 -0.238 -0.262 -0.234 -0.300 -0.214 -0.125 -0.008  0.167  0.311  0.556  0.707  1.000  0.740  0.459  0.164  0.092  0.196  0.015 -0.142 -0.066 -0.120 -0.260 -0.251 -0.245 -0.301 -0.363 -0.339 -0.346 -0.266 -0.213 -0.151 -0.231 -0.275 -0.220 -0.200 -0.247 -0.226 -0.150 -0.126 -0.211 -0.192 -0.171 -0.062  0.022  0.224  0.363  0.561  0.535  0.575  0.444  0.301  0.334  0.240  0.086  0.079 -0.017 -0.104 -0.192 -0.221 -0.323 -0.306 -0.284 -0.224 -0.202  0.092  0.134  0.201  0.188
  0.166  0.040 -0.094 -0.200 -0.274 -0.345 -0.286 -0.251 -0.185 -0.204 -0.211 -0.257 -0.164 -0.107 -0.053  0.222  0.408  0.541  0.504  0.740  1.000  0.739  0.391  0.319  0.430  0.197  0.001  0.052 -0.028 -0.198 -0.240 -0.254 -0.292 -0.358 -0.328 -0.318 -0.262 -0.205 -0.150 -0.193 -0.222 -0.166 -0.136 -0.185 -0.141 -0.090 -0.083 -0.108 -0.102 -0.058  0.069  0.202  0.352  0.455  0.588  0.464  0.400  0.306  0.149  0.141  0.081 -0.007 -0.000 -0.089 -0.217 -0.258 -0.255 -0.305 -0.249 -0.217 -0.183 -0.184  0.026  0.029  0.071  0.098
 -0.044 -0.174 -0.261 -0.313 -0.244 -0.270 -0.168 -0.149 -0.110 -0.118 -0.147 -0.204 -0.171 -0.211 -0.215  0.026  0.169  0.238  0.242  0.459  0.739  1.000  0.714  0.602  0.640  0.431  0.237  0.229  0.118 -0.041 -0.092 -0.132 -0.169 -0.243 -0.194 -0.171 -0.118 -0.048 -0.034 -0.029 -0.029  0.011  0.035 -0.040 -0.017 -0.059 -0.069 -0.023  0.068  0.190  0.352  0.512  0.582  0.643  0.608  0.398  0.266  0.283  0.122  0.040 -0.029 -0.121 -0.195 -0.272 -0.324 -0.313 -0.215 -0.195 -0.095 -0.059 -0.033 -0.081 -0.019 -0.151 -0.172 -0.129
 -0.240 -0.345 -0.353 -0.334 -0.173 -0.138 -0.027 -0.019 -0.021 -0.009 -0.040 -0.086 -0.105 -0.197 -0.286 -0.153 -0.057 -0.056 -0.014  0.164  0.391  0.714  1.000  0.785  0.656  0.547  0.454  0.396  0.275  0.131  0.079  0.044  0.002 -0.074 -0.023  0.001  0.026  0.083  0.050  0.112  0.128  0.139  0.176  0.086  0.063 -0.017 -0.010  0.079  0.218  0.359  0.514  0.661  0.563  0.542  0.398  0.209  0.046  0.135  0.045 -0.082 -0.158 -0.239 -0.353 -0.384 -0.361 -0.303 -0.165 -0.053  0.055  0.094  0.106  0.045 -0.065 -0.243 -0.341 -0.292
 -0.286 -0.385 -0.355 -0.319 -0.103 -0.073  0.037  0.024  0.014  0.032 -0.002 -0.034 -0.036 -0.118 -0.221 -0.135 -0.044 -0.072 -0.077  0.092  0.319  0.602  0.785  1.000  0.789  0.541  0.579  0.525  0.326  0.213  0.171  0.083  0.013 -0.031  0.050  0.084  0.107  0.153  0.120  0.184  0.202  0.202  0.224  0.164  0.132  0.056  0.053  0.144  0.239  0.349  0.511  0.697  0.595  0.439  0.290  0.090 -0.057  0.035 -0.032 -0.169 -0.212 -0.231 -0.371 -0.404 -0.362 -0.284 -0.123  0.001  0.130  0.159  0.156  0.059 -0.148 -0.357 -0.431 -0.388
 -0.147 -0.257 -0.301 -0.277 -0.136 -0.133 -0.040 -0.046 -0.034 -0.024 -0.063 -0.072 -0.053 -0.115 -0.217 -0.036  0.077  0.082  0.020  0.196  0.430  0.640  0.656  0.789  1.000  0.721  0.523  0.545  0.426  0.207  0.098  0.040 -0.024 -0.124 -0.068 -0.057 -0.036  0.039  0.025  0.062  0.077  0.090  0.106  0.049  0.051  0.006 -0.010  0.056  0.127  0.189  0.338  0.532  0.481  0.370  0.290  0.109 -0.026  0.001 -0.087 -0.182 -0.210 -0.231 -0.283 -0.321 -0.369 -0.300 -0.184 -0.112  0.014  0.036  0.050 -0.010 -0.063 -0.236 -0.275 -0.218
 -0.223 -0.266 -0.275 -0.226 -0.081 -0.052  0.009  0.014  0.010  0.016 -0.035 -0.019 -0.030 -0.111 -0.158 -0.107 -0.049 -0.085 -0.127  0.015  0.197  0.431  0.547  0.541  0.721  1.000  0.687  0.534  0.542  0.406  0.225  0.182  0.147  0.059  0.061  0.063  0.029  0.093  0.059  0.084  0.126  0.098  0.111  0.040  0.008 -0.053 -0.044  0.040  0.115  0.142  0.218  0.361  0.290  0.195  0.098 -0.030 -0.131 -0.094 -0.154 -0.217 -0.252 -0.293 -0.319 -0.286 -0.308 -0.223 -0.139 -0.062  0.030  0.041  0.045  0.002 -0.068 -0.213 -0.234 -0.185
 -0.363 -0.385 -0.319 -0.250 -0.013  0.039  0.134  0.126  0.087  0.094  0.002 -0.002 -0.004 -0.102 -0.145 -0.216 -0.187 -0.251 -0.260 -0.142  0.001  0.237  0.454  0.579  0.523  0.687  1.000  0.763  0.535  0.561  0.509  0.345  0.238  0.262  0.336  0.367  0.321  0.342  0.280  0.308  0.372  0.297  0.274  0.202  0.115  0.037  0.047  0.109  0.197  0.218  0.291  0.416  0.305  0.130 -0.018 -0.142 -0.229 -0.145 -0.152 -0.264 -0.277 -0.276 -0.392 -0.359 -0.287 -0.197 -0.044  0.122  0.234  0.241  0.222  0.128 -0.233 -0.431 -0.479 -0.433
 -0.324 -0.357 -0.297 -0.229 -0.018 -0.012  0.087  0.042  0.000  0.032  0.021 -0.004  0.030 -0.069 -0.152 -0.240 -0.177 -0.192 -0.178 -0.066  0.052  0.229  0.396  0.525  0.545  0.534  0.763  1.000  0.718  0.548  0.577  0.493  0.285  0.203  0.306  0.273  0.249  0.273  0.219  0.238  0.281  0.233  0.193  0.125  0.048  0.008  0.006  0.049  0.130  0.156  0.264  0.372  0.292  0.157  0.034 -0.091 -0.162 -0.094 -0.115 -0.225 -0.231 -0.246 -0.361 -0.353 -0.287 -0.215 -0.067  0.034  0.169  0.185  0.184  0.101 -0.184 -0.369 -0.422 -0.384
 -0.311 -0.321 -0.264 -0.157  0.019  0.032  0.071  0.030 -0.015  0.024  0.078  0.074  0.062 -0.049 -0.177 -0.256 -0.212 -0.236 -0.217 -0.120 -0.028  0.118  0.275  0.326  0.426  0.542  0.535  0.718  1.000  0.731  0.522  0.614  0.515  0.281  0.251  0.172  0.117  0.158  0.096  0.114  0.163  0.113  0.093  0.028 -0.026 -0.065 -0.068  0.008  0.087  0.094  0.165  0.242  0.156  0.083 -0.041 -0.157 -0.207 -0.134 -0.175 -0.262 -0.275 -0.328 -0.355 -0.310 -0.245 -0.153 -0.033 -0.002  0.081  0.060  0.065  0.031 -0.081 -0.250 -0.256 -0.209
 -0.387 -0.359 -0.268 -0.160  0.070  0.127  0.165  0.166  0.108  0.104  0.064  0.063  0.024 -0.098 -0.127 -0.303 -0.311 -0.353 -0.333 -0.260 -0.198 -0.041  0.131  0.213  0.207  0.406  0.561  0.548  0.731  1.000  0.757  0.653  0.624  0.561  0.502  0.486  0.353  0.328  0.252  0.273  0.343  0.231  0.181  0.114  0.019 -0.031 -0.015  0.045  0.130  0.108  0.129  0.174  0.045 -0.055 -0.198 -0.282 -0.298 -0.199 -0.197 -0.289 -0.309 -0.335 -0.371 -0.314 -0.200 -0.097  0.040  0.155  0.218  0.198  0.184  0.126 -0.170 -0.356 -0.369 -0.350
 -0.374 -0.335 -0.226 -0.170  0.035  0.087  0.151  0.143  0.083  0.076  0.024  0.006 -0.027 -0.130 -0.106 -0.367 -0.365 -0.372 -0.307 -0.251 -0.240 -0.092  0.079  0.171  0.098  0.225  0.509  0.577  0.522  0.757  1.000  0.777  0.540  0.588  0.669  0.633  0.551  0.490  0.420  0.371  0.401  0.280  0.194  0.139  0.030  0.004  0.016  0.034  0.109  0.106  0.136  0.166  0.048 -0.050 -0.183 -0.235 -0.223 -0.120 -0.093 -0.188 -0.206 -0.240 -0.336 -0.287 -0.155 -0.090  0.037  0.161  0.251  0.269  0.257  0.160 -0.238 -0.440 -0.446 -0.446
 -0.361 -0.326 -0.203 -0.130  0.032  0.065  0.102  0.081  0.039  0.054  0.100  0.057  0.039 -0.085 -0.122 -0.376 -0.374 -0.368 -0.288 -0.245 -0.254 -0.132  0.044  0.083  0.040  0.182  0.345  0.493  0.614  0.653  0.777  1.000  0.751  0.562  0.568  0.416  0.320  0.292  0.216  0.170  0.208  0.116  0.064  0.044 -0.009 -0.002 -0.015  0.032  0.083  0.075  0.107  0.113 -0.008 -0.061 -0.170 -0.224 -0.207 -0.108 -0.101 -0.172 -0.193 -0.227 -0.330 -0.267 -0.112 -0.076  0.028  0.070  0.125  0.102  0.091  0.047 -0.165 -0.293 -0.271 -0.263
 -0.321 -0.300 -0.201 -0.106  0.053  0.108  0.114  0.128  0.106  0.110  0.140  0.115  0.058 -0.077 -0.170 -0.316 -0.354 -0.377 -0.322 -0.301 -0.292 -0.169  0.002  0.013 -0.024  0.147  0.238  0.285  0.515  0.624  0.540  0.751  1.000  0.736  0.523  0.396  0.199  0.138  0.065  0.102  0.159  0.070  0.027  0.000  0.000 -0.016 -0.038  0.034  0.074  0.078  0.072  0.064 -0.085 -0.114 -0.215 -0.287 -0.277 -0.162 -0.172 -0.224 -0.256 -0.250 -0.326 -0.272 -0.120 -0.056  0.051  0.073  0.095  0.072  0.076  0.078 -0.075 -0.203 -0.190 -0.164
 -0.321 -0.259 -0.144 -0.101  0.073  0.149  0.152  0.184  0.144  0.128  0.048  0.077  0.013 -0.093 -0.081 -0.307 -0.361 -0.406 -0.364 -0.363 -0.358 -0.243 -0.074 -0.031 -0.124  0.059  0.262  0.203  0.281  0.561  0.588  0.562  0.736  1.000  0.812  0.708  0.465  0.333  0.256  0.268  0.311  0.172  0.109  0.072  0.022  0.016  0.008  0.036  0.073  0.080  0.053  0.025 -0.139 -0.210 -0.303 -0.333 -0.302 -0.195 -0.162 -0.213 -0.229 -0.216 -0.302 -0.207 -0.088 -0.023  0.066  0.169  0.184  0.192  0.180  0.139 -0.200 -0.335 -0.300 -0.256
 -0.336 -0.294 -0.183 -0.172  0.041  0.111  0.185  0.210  0.135  0.114 -0.016 -0.003 -0.050 -0.139 -0.106 -0.349 -0.381 -0.413 -0.349 -0.339 -0.328 -0.194 -0.023  0.050 -0.068  0.061  0.336  0.306  0.251  0.502  0.669  0.568  0.523  0.812  1.000  0.853  0.633  0.477  0.397  0.397  0.422  0.282  0.197  0.152  0.060  0.033  0.028  0.042  0.102  0.117  0.116  0.092 -0.069 -0.169 -0.264 -0.303 -0.265 -0.152 -0.121 -0.187 -0.216 -0.187 -0.309 -0.242 -0.124 -0.073  0.045  0.218  0.285  0.314  0.303  0.219 -0.288 -0.416 -0.405 -0.382
 -0.328 -0.294 -0.195 -0.202  0.016  0.102  0.199  0.241  0.153  0.102 -0.080 -0.074 -0.131 -0.198 -0.132 -0.337 -0.368 -0.409 -0.364 -0.346 -0.318 -0.171  0.001  0.084 -0.057  0.063  0.367  0.273  0.172  0.486  0.633  0.416  0.396  0.708  0.853  1.000  0.810  0.608  0.517  0.530  0.544  0.384  0.277  0.222  0.105  0.054  0.061  0.076  0.160  0.158  0.135  0.116 -0.036 -0.144 -0.252 -0.303 -0.266 -0.144 -0.113 -0.191 -0.229 -0.190 -0.299 -0.242 -0.138 -0.075  0.060  0.281  0.357  0.406  0.405  0.304 -0.270 -0.457 -0.489 -0.464
 -0.294 -0.271 -0.183 -0.209 -0.034  0.038  0.148  0.161  0.075  0.044 -0.100 -0.116 -0.176 -0.227 -0.158 -0.353 -0.367 -0.369 -0.298 -0.266 -0.262 -0.118  0.026  0.107 -0.036  0.029  0.321  0.249  0.117  0.353  0.551  0.320  0.199  0.465  0.633  0.810  1.000  0.822  0.687  0.613  0.573  0.428  0.298  0.239  0.104  0.068  0.090  0.097  0.179  0.170  0.152  0.134  0.019 -0.057 -0.165 -0.212 -0.177 -0.064 -0.035 -0.122 -0.158 -0.154 -0.258 -0.219 -0.118 -0.061  0.061  0.263  0.330  0.389  0.410  0.305 -0.190 -0.468 -0.510 -0.494
 -0.310 -0.302 -0.197 -0.220 -0.012  0.039  0.150  0.114  0.021  0.016 -0.051 -0.081 -0.113 -0.196 -0.159 -0.355 -0.362 -0.338 -0.260 -0.213 -0.205 -0.048  0.083  0.153  0.039  0.093  0.342  0.273  0.158  0.328  0.490  0.292  0.138  0.333  0.477  0.608  0.822  1.000  0.780  0.585  0.606  0.478  0.371  0.269  0.111  0.052  0.087  0.096  0.223  0.204  0.184  0.176  0.078  0.028 -0.109 -0.160 -0.132 -0.028 -0.011 -0.111 -0.161 -0.207 -0.302 -0.274 -0.167 -0.101  0.046  0.249  0.325  0.368  0.388  0.265 -0.122 -0.442 -0.532 -0.506
 -0.242 -0.217 -0.171 -0.193 -0.019  0.020  0.149  0.126  0.049  0.029 -0.071 -0.114 -0.143 -0.193 -0.107 -0.285 -0.294 -0.270 -0.196 -0.151 -0.150 -0.034  0.050  0.120  0.025  0.059  0.280  0.219  0.096  0.252  0.420  0.216  0.065  0.256  0.397  0.517  0.687  0.780  1.000  0.774  0.704  0.585  0.397  0.259  0.073  0.004  0.033  0.031  0.169  0.164  0.119  0.114  0.066  0.048 -0.073 -0.099 -0.074  0.004  0.043 -0.054 -0.094 -0.177 -0.238 -0.211 -0.165 -0.088  0.042  0.208  0.325  0.426  0.508  0.393 -0.034 -0.433 -0.548 -0.569
 -0.279 -0.285 -0.257 -0.217  0.018  0.118  0.263  0.266  0.156  0.126 -0.022 -0.068 -0.132 -0.226 -0.203 -0.272 -0.304 -0.335 -0.266 -0.231 -0.193 -0.029  0.112  0.184  0.062  0.084  0.308  0.238  0.114  0.273  0.371  0.170  0.102  0.268  0.397  0.530  0.613  0.585  0.774  1.000  0.856  0.711  0.481  0.334  0.124 -0.002  0.003  0.049  0.213  0.221  0.193  0.173  0.088  0.048 -0.105 -0.164 -0.172 -0.055 -0.012 -0.136 -0.173 -0.239 -0.303 -0.284 -0.230 -0.123  0.067  0.319  0.479  0.615  0.724  0.664  0.042 -0.364 -0.651 -0.686
 -0.360 -0.364 -0.307 -0.258  0.063  0.168  0.352  0.338  0.185  0.162  0.011 -0.052 -0.106 -0.243 -0.216 -0.331 -0.359 -0.390 -0.319 -0.275 -0.222 -0.029  0.128  0.202  0.077  0.126  0.372  0.281  0.163  0.343  0.401  0.208  0.159  0.311  0.422  0.544  0.573  0.606  0.704  0.856  1.000  0.852  0.625  0.435  0.178  0.006  0.030  0.080  0.292  0.290  0.240  0.210  0.114  0.067 -0.116 -0.203 -0.217 -0.077 -0.043 -0.186 -0.238 -0.296 -0.379 -0.360 -0.282 -0.155  0.102  0.416  0.604  0.699  0.728  0.610 -0.010 -0.410 -0.696 -0.704
 -0.332 -0.350 -0.307 -0.244  0.099  0.182  0.380  0.356  0.192  0.175  0.045 -0.031 -0.060 -0.211 -0.208 -0.271 -0.301 -0.333 -0.272 -0.220 -0.166  0.011  0.139  0.202  0.090  0.098  0.297  0.233  0.113  0.231  0.280  0.116  0.070  0.172  0.282  0.384  0.428  0.478  0.585  0.711  0.852  1.000  0.782  0.524  0.226 -0.006  0.007  0.047  0.312  0.332  0.293  0.236  0.173  0.134 -0.047 -0.146 -0.172 -0.037 -0.009 -0.152 -0.221 -0.281 -0.365 -0.362 -0.293 -0.156  0.142  0.457  0.658  0.740  0.675  0.578 -0.031 -0.390 -0.658 -0.668
 -0.367 -0.366 -0.291 -0.210  0.132  0.197  0.331  0.291  0.133  0.129  0.037  0.001 -0.031 -0.184 -0.198 -0.268 -0.282 -0.317 -0.273 -0.200 -0.136  0.035  0.176  0.224  0.106  0.111  0.274  0.193  0.093  0.181  0.194  0.064  0.027  0.109  0.197  0.277  0.298  0.371  0.397  0.481  0.625  0.782  1.000  0.728  0.349  0.028  0.051  0.095  0.417  0.437  0.367  0.270  0.198  0.150 -0.029 -0.150 -0.175 -0.044 -0.024 -0.166 -0.237 -0.280 -0.372 -0.363 -0.250 -0.112  0.212  0.540  0.621  0.578  0.446  0.348 -0.103 -0.367 -0.546 -0.526
 -0.340 -0.335 -0.251 -0.176  0.115  0.192  0.293  0.271  0.127  0.112  0.029 -0.000 -0.046 -0.184 -0.209 -0.280 -0.274 -0.321 -0.296 -0.247 -0.185 -0.040  0.086  0.164  0.049  0.040  0.202  0.125  0.028  0.114  0.139  0.044  0.000  0.072  0.152  0.222  0.239  0.269  0.259  0.334  0.435  0.524  0.728  1.000  0.657  0.277  0.348  0.369  0.504  0.362  0.270  0.203  0.128  0.039 -0.130 -0.221 -0.251 -0.156 -0.119 -0.222 -0.242 -0.219 -0.309 -0.302 -0.192 -0.063  0.246  0.565  0.534  0.458  0.317  0.221 -0.138 -0.295 -0.452 -0.432
 -0.249 -0.275 -0.218 -0.174  0.041  0.097  0.149  0.125  0.045  0.045  0.002  0.006 -0.015 -0.128 -0.226 -0.216 -0.218 -0.264 -0.265 -0.226 -0.141 -0.017  0.063  0.132  0.051  0.008  0.115  0.048 -0.026  0.019  0.030 -0.009  0.000  0.022  0.060  0.105  0.104  0.111  0.073  0.124  0.178  0.226  0.349  0.657  1.000  0.631  0.436  0.432  0.331  0.295  0.240  0.191  0.087 -0.014 -0.123 -0.209 -0.278 -0.213 -0.178 -0.249 -0.218 -0.137 -0.226 -0.248 -0.160 -0.040  0.164  0.327  0.285  0.210  0.119  0.040 -0.168 -0.200 -0.214 -0.201
 -0.130 -0.161 -0.139 -0.130 -0.031 -0.001  0.038  0.003 -0.014  0.005 -0.008 -0.015  0.004 -0.046 -0.083 -0.118 -0.111 -0.133 -0.176 -0.150 -0.090 -0.059 -0.017  0.056  0.006 -0.053  0.037  0.008 -0.065 -0.031  0.004 -0.002 -0.016  0.016  0.033  0.054  0.068  0.052  0.004 -0.002  0.006 -0.006  0.028  0.277  0.631  1.000  0.685  0.476  0.180  0.086  0.071  0.097  0.030 -0.104 -0.145 -0.187 -0.220 -0.214 -0.188 -0.197 -0.155 -0.060 -0.110 -0.146 -0.133 -0.101 -0.006  0.092  0.068  0.011 -0.038 -0.100 -0.189 -0.132 -0.078 -0.061
 -0.153 -0.175 -0.125 -0.124 -0.025 -0.013  0.041  0.001 -0.026 -0.006 -0.004 -0.041  0.001 -0.049 -0.027 -0.115 -0.081 -0.104 -0.156 -0.126 -0.083 -0.069 -0.010  0.053 -0.010 -0.044  0.047  0.006 -0.068 -0.015  0.016 -0.015 -0.038  0.008  0.028  0.061  0.090  0.087  0.033  0.003  0.030  0.007  0.051  0.348  0.436  0.685  1.000  0.685  0.349  0.031 -0.015  0.046  0.022 -0.084 -0.141 -0.175 -0.196 -0.206 -0.176 -0.171 -0.138 -0.059 -0.087 -0.122 -0.122 -0.126 -0.042  0.103  0.084  0.018 -0.017 -0.078 -0.140 -0.092 -0.149 -0.120
 -0.206 -0.215 -0.148 -0.113 -0.006  0.044  0.082  0.060  0.045  0.064  0.061  0.031  0.042 -0.047 -0.095 -0.134 -0.121 -0.177 -0.247 -0.211 -0.108 -0.023  0.079  0.144  0.056  0.040  0.109  0.049  0.008  0.045  0.034  0.032  0.034  0.036  0.042  0.076  0.097  0.096  0.031  0.049  0.080  0.047  0.095  0.369  0.432  0.476  0.685  1.000  0.648  0.292  0.115  0.164  0.034 -0.061 -0.164 -0.226 -0.287 -0.254 -0.228 -0.266 -0.235 -0.143 -0.168 -0.180 -0.155 -0.104 -0.039  0.097  0.106  0.061  0.023 -0.012 -0.100 -0.120 -0.231 -0.191
 -0.334 -0.341 -0.246 -0.192  0.019  0.081  0.172  0.151  0.095  0.107  0.067  0.010 -0.017 -0.152 -0.207 -0.253 -0.224 -0.257 -0.256 -0.192 -0.102  0.068  0.218  0.239  0.127  0.115  0.197  0.130  0.087  0.130  0.109  0.083  0.074  0.073  0.102  0.160  0.179  0.223  0.169  0.213  0.292  0.312  0.417  0.504  0.331  0.180  0.349  0.648  1.000  0.626  0.367  0.319  0.164  0.130 -0.040 -0.146 -0.182 -0.068 -0.053 -0.164 -0.222 -0.240 -0.323 -0.323 -0.242 -0.143  0.039  0.254  0.294  0.251  0.185  0.130 -0.123 -0.242 -0.419 -0.378
 -0.372 -0.375 -0.263 -0.227 -0.021  0.045  0.125  0.110  0.073  0.076  0.038  0.003 -0.051 -0.192 -0.250 -0.284 -0.274 -0.315 -0.250 -0.171 -0.058  0.190  0.359  0.349  0.189  0.142  0.218  0.156  0.094  0.108  0.106  0.075  0.078  0.080  0.117  0.158  0.170  0.204  0.164  0.221  0.290  0.332  0.437  0.362  0.295  0.086  0.031  0.292  0.626  1.000  0.751  0.551  0.290  0.289  0.087 -0.036 -0.106  0.066  0.093 -0.083 -0.155 -0.227 -0.385 -0.356 -0.215 -0.096  0.076  0.191  0.243  0.252  0.188  0.103 -0.118 -0.339 -0.400 -0.346
 -0.379 -0.431 -0.313 -0.270 -0.032  0.033  0.116  0.103  0.065  0.077  0.051  0.006 -0.051 -0.202 -0.299 -0.280 -0.236 -0.266 -0.172 -0.062  0.069  0.352  0.514  0.511  0.338  0.218  0.291  0.264  0.165  0.129  0.136  0.107  0.072  0.053  0.116  0.135  0.152  0.184  0.119  0.193  0.240  0.293  0.367  0.270  0.240  0.071 -0.015  0.115  0.367  0.751  1.000  0.784  0.536  0.488  0.270  0.104  0.001  0.193  0.189 -0.016 -0.121 -0.225 -0.420 -0.426 -0.261 -0.139  0.053  0.152  0.219  0.236  0.177  0.067 -0.179 -0.410 -0.442 -0.388
 -0.335 -0.423 -0.339 -0.299 -0.069 -0.038  0.064  0.038  0.025  0.045  0.042 -0.007 -0.023 -0.161 -0.265 -0.220 -0.145 -0.166 -0.118  0.022  0.202  0.512  0.661  0.697  0.532  0.361  0.416  0.372  0.242  0.174  0.166  0.113  0.064  0.025  0.092  0.116  0.134  0.176  0.114  0.173  0.210  0.236  0.270  0.203  0.191  0.097  0.046  0.164  0.319  0.551  0.784  1.000  0.717  0.553  0.330  0.118 -0.024  0.141  0.078 -0.115 -0.197 -0.253 -0.420 -0.439 -0.330 -0.237 -0.058  0.047  0.151  0.180  0.154  0.046 -0.202 -0.425 -0.453 -0.397
 -0.212 -0.321 -0.296 -0.298 -0.129 -0.134 -0.026 -0.044 -0.048 -0.035 -0.017 -0.088 -0.100 -0.183 -0.227 -0.126 -0.021  0.005  0.077  0.224  0.352  0.582  0.563  0.595  0.481  0.290  0.305  0.292  0.156  0.045  0.048 -0.008 -0.085 -0.139 -0.069 -0.036  0.019  0.078  0.066  0.088  0.114  0.173  0.198  0.128  0.087  0.030  0.022  0.034  0.164  0.290  0.536  0.717  1.000  0.749  0.528  0.326  0.199  0.303  0.189  0.037 -0.050 -0.143 -0.284 -0.349 -0.287 -0.258 -0.100 -0.040  0.065  0.084  0.079 -0.013 -0.119 -0.307 -0.343 -0.313
 -0.151 -0.272 -0.289 -0.323 -0.201 -0.219 -0.105 -0.111 -0.099 -0.090 -0.060 -0.170 -0.176 -0.262 -0.280 -0.133 -0.005  0.072  0.215  0.363  0.455  0.643  0.542  0.439  0.370  0.195  0.130  0.157  0.083 -0.055 -0.050 -0.061 -0.114 -0.210 -0.169 -0.144 -0.057  0.028  0.048  0.048  0.067  0.134  0.150  0.039 -0.014 -0.104 -0.084 -0.061  0.130  0.289  0.488  0.553  0.749  1.000  0.768  0.529  0.388  0.504  0.339  0.167  0.060 -0.132 -0.249 -0.322 -0.281 -0.276 -0.120 -0.099 -0.005  0.030  0.058  0.001  0.070 -0.164 -0.277 -0.243
 -0.012 -0.137 -0.207 -0.285 -0.272 -0.319 -0.230 -0.209 -0.169 -0.179 -0.159 -0.247 -0.218 -0.243 -0.207 -0.003  0.144  0.269  0.429  0.561  0.588  0.608  0.398  0.290  0.290  0.098 -0.018  0.034 -0.041 -0.198 -0.183 -0.170 -0.215 -0.303 -0.264 -0.252 -0.165 -0.109 -0.073 -0.105 -0.116 -0.047 -0.029 -0.130 -0.123 -0.145 -0.141 -0.164 -0.040  0.087  0.270  0.330  0.528  0.768  1.000  0.764  0.600  0.626  0.422  0.327  0.222  0.013 -0.102 -0.195 -0.186 -0.248 -0.193 -0.238 -0.168 -0.130 -0.087 -0.115  0.041 -0.042 -0.058 -0.024
  0.108  0.019 -0.059 -0.194 -0.292 -0.336 -0.295 -0.263 -0.191 -0.206 -0.185 -0.249 -0.213 -0.181 -0.069  0.076  0.191  0.338  0.532  0.535  0.464  0.398  0.209  0.090  0.109 -0.030 -0.142 -0.091 -0.157 -0.282 -0.235 -0.224 -0.287 -0.333 -0.303 -0.303 -0.212 -0.160 -0.099 -0.164 -0.203 -0.146 -0.150 -0.221 -0.209 -0.187 -0.175 -0.226 -0.146 -0.036  0.104  0.118  0.326  0.529  0.764  1.000  0.763  0.635  0.556  0.520  0.470  0.159  0.061 -0.045 -0.066 -0.186 -0.230 -0.305 -0.277 -0.219 -0.162 -0.164  0.062  0.043  0.070  0.096
  0.112  0.037 -0.026 -0.170 -0.301 -0.370 -0.340 -0.308 -0.244 -0.273 -0.229 -0.299 -0.251 -0.180 -0.030  0.030  0.151  0.361  0.577  0.575  0.400  0.266  0.046 -0.057 -0.026 -0.131 -0.229 -0.162 -0.207 -0.298 -0.223 -0.207 -0.277 -0.302 -0.265 -0.266 -0.177 -0.132 -0.074 -0.172 -0.217 -0.172 -0.175 -0.251 -0.278 -0.220 -0.196 -0.287 -0.182 -0.106  0.001 -0.024  0.199  0.388  0.600  0.763  1.000  0.807  0.621  0.660  0.466  0.184  0.097  0.020  0.017 -0.134 -0.186 -0.290 -0.297 -0.257 -0.184 -0.175  0.084  0.108  0.167  0.161
 -0.044 -0.121 -0.110 -0.230 -0.263 -0.308 -0.241 -0.226 -0.193 -0.220 -0.177 -0.268 -0.261 -0.252 -0.148 -0.115 -0.007  0.182  0.404  0.444  0.306  0.283  0.135  0.035  0.001 -0.094 -0.145 -0.094 -0.134 -0.199 -0.120 -0.108 -0.162 -0.195 -0.152 -0.144 -0.064 -0.028  0.004 -0.055 -0.077 -0.037 -0.044 -0.156 -0.213 -0.214 -0.206 -0.254 -0.068  0.066  0.193  0.141  0.303  0.504  0.626  0.635  0.807  1.000  0.777  0.637  0.366  0.092 -0.034 -0.094 -0.031 -0.146 -0.113 -0.194 -0.168 -0.127 -0.065 -0.092  0.037 -0.006  0.014  0.006
 -0.060 -0.084 -0.032 -0.131 -0.199 -0.221 -0.180 -0.181 -0.139 -0.162 -0.116 -0.196 -0.214 -0.204 -0.090 -0.149 -0.079  0.087  0.270  0.301  0.149  0.122  0.045 -0.032 -0.087 -0.154 -0.152 -0.115 -0.175 -0.197 -0.093 -0.101 -0.172 -0.162 -0.121 -0.113 -0.035 -0.011  0.043 -0.012 -0.043 -0.009 -0.024 -0.119 -0.178 -0.188 -0.176 -0.228 -0.053  0.093  0.189  0.078  0.189  0.339  0.422  0.556  0.621  0.777  1.000  0.748  0.532  0.172  0.044 -0.018  0.048 -0.064 -0.071 -0.150 -0.135 -0.078 -0.021 -0.068  0.014 -0.031 -0.010 -0.030
  0.078  0.065  0.072 -0.079 -0.244 -0.295 -0.288 -0.269 -0.208 -0.239 -0.194 -0.240 -0.226 -0.153  0.012 -0.060  0.001  0.177  0.341  0.334  0.141  0.040 -0.082 -0.169 -0.182 -0.217 -0.264 -0.225 -0.262 -0.289 -0.188 -0.172 -0.224 -0.213 -0.187 -0.191 -0.122 -0.111 -0.054 -0.136 -0.186 -0.152 -0.166 -0.222 -0.249 -0.197 -0.171 -0.266 -0.164 -0.083 -0.016 -0.115  0.037  0.167  0.327  0.520  0.660  0.637  0.748  1.000  0.714  0.359  0.221  0.130  0.157 -0.015 -0.097 -0.232 -0.258 -0.212 -0.134 -0.141  0.038  0.128  0.192  0.150
  0.175  0.200  0.182 -0.009 -0.232 -0.291 -0.327 -0.301 -0.217 -0.247 -0.217 -0.236 -0.216 -0.106  0.105  0.022  0.050  0.166  0.282  0.240  0.081 -0.029 -0.158 -0.212 -0.210 -0.252 -0.277 -0.231 -0.275 -0.309 -0.206 -0.193 -0.256 -0.229 -0.216 -0.229 -0.158 -0.161 -0.094 -0.173 -0.238 -0.221 -0.237 -0.242 -0.218 -0.155 -0.138 -0.235 -0.222 -0.155 -0.121 -0.197 -0.050  0.060  0.222  0.470  0.466  0.366  0.532  0.714  1.000  0.650  0.420  0.271  0.294  0.064 -0.083 -0.239 -0.307 -0.259 -0.192 -0.182  0.063  0.148  0.242  0.231
  0.298  0.291  0.229  0.039 -0.199 -0.264 -0.305 -0.275 -0.187 -0.216 -0.242 -0.220 -0.186 -0.037  0.124  0.134  0.119  0.159  0.154  0.086 -0.007 -0.121 -0.239 -0.231 -0.231 -0.293 -0.276 -0.246 -0.328 -0.335 -0.240 -0.227 -0.250 -0.216 -0.187 -0.190 -0.154 -0.207 -0.177 -0.239 -0.296 -0.281 -0.280 -0.219 -0.137 -0.060 -0.059 -0.143 -0.240 -0.227 -0.225 -0.253 -0.143 -0.132  0.013  0.159  0.184  0.092  0.172  0.359  0.650  1.000  0.642  0.361  0.370  0.125 -0.048 -0.209 -0.295 -0.280 -0.236 -0.196 -0.009  0.209  0.368  0.324
  0.522  0.569  0.419  0.222 -0.159 -0.236 -0.320 -0.288 -0.206 -0.226 -0.211 -0.175 -0.115  0.102  0.290  0.366  0.317  0.306  0.193  0.079 -0.000 -0.195 -0.353 -0.371 -0.283 -0.319 -0.392 -0.361 -0.355 -0.371 -0.336 -0.330 -0.326 -0.302 -0.309 -0.299 -0.258 -0.302 -0.238 -0.303 -0.379 -0.365 -0.372 -0.309 -0.226 -0.110 -0.087 -0.168 -0.323 -0.385 -0.420 -0.420 -0.284 -0.249 -0.102  0.061  0.097 -0.034  0.044  0.221  0.420  0.642  1.000  0.738  0.481  0.239 -0.071 -0.243 -0.361 -0.332 -0.282 -0.194  0.107  0.345  0.458  0.413
  0.431  0.602  0.503  0.381 -0.044 -0.131 -0.289 -0.266 -0.199 -0.224 -0.168 -0.079 -0.050  0.188  0.387  0.328  0.242  0.216  0.113 -0.017 -0.089 -0.272 -0.384 -0.404 -0.321 -0.286 -0.359 -0.353 -0.310 -0.314 -0.287 -0.267 -0.272 -0.207 -0.242 -0.242 -0.219 -0.274 -0.211 -0.284 -0.360 -0.362 -0.363 -0.302 -0.248 -0.146 -0.122 -0.180 -0.323 -0.356 -0.426 -0.439 -0.349 -0.322 -0.195 -0.045  0.020 -0.094 -0.018  0.130  0.271  0.361  0.738  1.000  0.697  0.428  0.050 -0.182 -0.346 -0.318 -0.280 -0.197  0.101  0.300  0.435  0.417
  0.148  0.299  0.398  0.414  0.107  0.023 -0.192 -0.213 -0.174 -0.196 -0.072  0.021 -0.017  0.117  0.246  0.041  0.004  0.007  0.003 -0.104 -0.217 -0.324 -0.361 -0.362 -0.369 -0.308 -0.287 -0.287 -0.245 -0.200 -0.155 -0.112 -0.120 -0.088 -0.124 -0.138 -0.118 -0.167 -0.165 -0.230 -0.282 -0.293 -0.250 -0.192 -0.160 -0.133 -0.122 -0.155 -0.242 -0.215 -0.261 -0.330 -0.287 -0.281 -0.186 -0.066  0.017 -0.031  0.048  0.157  0.294  0.370  0.481  0.697  1.000  0.657  0.318 -0.027 -0.227 -0.247 -0.227 -0.188  0.028  0.173  0.339  0.295
  0.042  0.190  0.302  0.518  0.306  0.285  0.006 -0.026 -0.050 -0.065  0.027  0.159  0.058  0.120  0.121 -0.014 -0.048 -0.094 -0.113 -0.192 -0.258 -0.313 -0.303 -0.284 -0.300 -0.223 -0.197 -0.215 -0.153 -0.097 -0.090 -0.076 -0.056 -0.023 -0.073 -0.075 -0.061 -0.101 -0.088 -0.123 -0.155 -0.156 -0.112 -0.063 -0.040 -0.101 -0.126 -0.104 -0.143 -0.096 -0.139 -0.237 -0.258 -0.276 -0.248 -0.186 -0.134 -0.146 -0.064 -0.015  0.064  0.125  0.239  0.428  0.657  1.000  0.622  0.163 -0.053 -0.086 -0.110 -0.113  0.028  0.047  0.177  0.153
 -0.179 -0.070  0.062  0.294  0.454  0.394  0.202  0.145  0.016 -0.004  0.045  0.127  0.036 -0.029 -0.051 -0.192 -0.220 -0.238 -0.222 -0.221 -0.255 -0.215 -0.165 -0.123 -0.184 -0.139 -0.044 -0.067 -0.033  0.040  0.037  0.028  0.051  0.066  0.045  0.060  0.061  0.046  0.042  0.067  0.102  0.142  0.212  0.246  0.164 -0.006 -0.042 -0.039  0.039  0.076  0.053 -0.058 -0.100 -0.120 -0.193 -0.230 -0.186 -0.113 -0.071 -0.097 -0.083 -0.048 -0.071  0.050  0.318  0.622  1.000  0.545  0.315  0.207  0.107  0.044 -0.036 -0.125 -0.088 -0.103
 -0.303 -0.260 -0.171 -0.008  0.330  0.437  0.491  0.479  0.240  0.218  0.104  0.095  0.005 -0.137 -0.157 -0.256 -0.300 -0.364 -0.342 -0.323 -0.305 -0.195 -0.053  0.001 -0.112 -0.062  0.122  0.034 -0.002  0.155  0.161  0.070  0.073  0.169  0.218  0.281  0.263  0.249  0.208  0.319  0.416  0.457  0.540  0.565  0.327  0.092  0.103  0.097  0.254  0.191  0.152  0.047 -0.040 -0.099 -0.238 -0.305 -0.290 -0.194 -0.150 -0.232 -0.239 -0.209 -0.243 -0.182 -0.027  0.163  0.545  1.000  0.752  0.562  0.371  0.262 -0.128 -0.242 -0.395 -0.399
 -0.371 -0.359 -0.274 -0.111  0.339  0.449  0.627  0.571  0.300  0.308  0.166  0.117  0.053 -0.148 -0.202 -0.284 -0.323 -0.393 -0.362 -0.306 -0.249 -0.095  0.055  0.130  0.014  0.030  0.234  0.169  0.081  0.218  0.251  0.125  0.095  0.184  0.285  0.357  0.330  0.325  0.325  0.479  0.604  0.658  0.621  0.534  0.285  0.068  0.084  0.106  0.294  0.243  0.219  0.151  0.065 -0.005 -0.168 -0.277 -0.297 -0.168 -0.135 -0.258 -0.307 -0.295 -0.361 -0.346 -0.227 -0.053  0.315  0.752  1.000  0.793  0.579  0.420 -0.161 -0.334 -0.553 -0.572
 -0.332 -0.322 -0.281 -0.162  0.216  0.357  0.553  0.556  0.319  0.316  0.154  0.074 -0.009 -0.172 -0.192 -0.253 -0.300 -0.374 -0.326 -0.284 -0.217 -0.059  0.094  0.159  0.036  0.041  0.241  0.185  0.060  0.198  0.269  0.102  0.072  0.192  0.314  0.406  0.389  0.368  0.426  0.615  0.699  0.740  0.578  0.458  0.210  0.011  0.018  0.061  0.251  0.252  0.236  0.180  0.084  0.030 -0.130 -0.219 -0.257 -0.127 -0.078 -0.212 -0.259 -0.280 -0.332 -0.318 -0.247 -0.086  0.207  0.562  0.793  1.000  0.825  0.632 -0.046 -0.336 -0.640 -0.681
 -0.289 -0.285 -0.261 -0.183  0.088  0.208  0.383  0.389  0.211  0.198  0.064 -0.018 -0.098 -0.224 -0.205 -0.260 -0.291 -0.328 -0.259 -0.224 -0.183 -0.033  0.106  0.156  0.050  0.045  0.222  0.184  0.065  0.184  0.257  0.091  0.076  0.180  0.303  0.405  0.410  0.388  0.508  0.724  0.728  0.675  0.446  0.317  0.119 -0.038 -0.017  0.023  0.185  0.188  0.177  0.154  0.079  0.058 -0.087 -0.162 -0.184 -0.065 -0.021 -0.134 -0.192 -0.236 -0.282 -0.280 -0.227 -0.110  0.107  0.371  0.579  0.825  1.000  0.809  0.138 -0.215 -0.606 -0.687
 -0.169 -0.177 -0.188 -0.142  0.027  0.123  0.278  0.305  0.182  0.170  0.028 -0.050 -0.101 -0.170 -0.166 -0.167 -0.212 -0.251 -0.199 -0.202 -0.184 -0.081  0.045  0.059 -0.010  0.002  0.128  0.101  0.031  0.126  0.160  0.047  0.078  0.139  0.219  0.304  0.305  0.265  0.393  0.664  0.610  0.578  0.348  0.221  0.040 -0.100 -0.078 -0.012  0.130  0.103  0.067  0.046 -0.013  0.001 -0.115 -0.164 -0.175 -0.092 -0.068 -0.141 -0.182 -0.196 -0.194 -0.197 -0.188 -0.113  0.044  0.262  0.420  0.632  0.809  1.000  0.340  0.029 -0.491 -0.595
  0.162  0.123  0.028  0.042 -0.111 -0.139 -0.180 -0.158 -0.132 -0.138 -0.021 -0.096 -0.114 -0.058 -0.090  0.061  0.039  0.077  0.126  0.092  0.026 -0.019 -0.065 -0.148 -0.063 -0.068 -0.233 -0.184 -0.081 -0.170 -0.238 -0.165 -0.075 -0.200 -0.288 -0.270 -0.190 -0.122 -0.034  0.042 -0.010 -0.031 -0.103 -0.138 -0.168 -0.189 -0.140 -0.100 -0.123 -0.118 -0.179 -0.202 -0.119  0.070  0.041  0.062  0.084  0.037  0.014  0.038  0.063 -0.009  0.107  0.101  0.028  0.028 -0.036 -0.128 -0.161 -0.046  0.138  0.340  1.000  0.539  0.042 -0.026
  0.326  0.286  0.192  0.151 -0.122 -0.185 -0.242 -0.221 -0.176 -0.171 -0.059 -0.095 -0.051  0.081  0.073  0.212  0.190  0.243  0.217  0.134  0.029 -0.151 -0.243 -0.357 -0.236 -0.213 -0.431 -0.369 -0.250 -0.356 -0.440 -0.293 -0.203 -0.335 -0.416 -0.457 -0.468 -0.442 -0.433 -0.364 -0.410 -0.390 -0.367 -0.295 -0.200 -0.132 -0.092 -0.120 -0.242 -0.339 -0.410 -0.425 -0.307 -0.164 -0.042  0.043  0.108 -0.006 -0.031  0.128  0.148  0.209  0.345  0.300  0.173  0.047 -0.125 -0.242 -0.334 -0.336 -0.215  0.029  0.539  1.000  0.533  0.338
  0.407  0.431  0.344  0.263 -0.101 -0.220 -0.423 -0.403 -0.291 -0.307 -0.163 -0.046 -0.003  0.180  0.195  0.283  0.266  0.336  0.273  0.201  0.071 -0.172 -0.341 -0.431 -0.275 -0.234 -0.479 -0.422 -0.256 -0.369 -0.446 -0.271 -0.190 -0.300 -0.405 -0.489 -0.510 -0.532 -0.548 -0.651 -0.696 -0.658 -0.546 -0.452 -0.214 -0.078 -0.149 -0.231 -0.419 -0.400 -0.442 -0.453 -0.343 -0.277 -0.058  0.070  0.167  0.014 -0.010  0.192  0.242  0.368  0.458  0.435  0.339  0.177 -0.088 -0.395 -0.553 -0.640 -0.606 -0.491  0.042  0.533  1.000  0.776
