  1.000  0.793  0.530  0.229 -0.208 -0.307 -0.369 -0.305 -0.288 -0.100 -0.154 -0.110 -0.066  0.258  0.337  0.640  0.644  0.631  0.466  0.306  0.214 -0.150 -0.370 -0.427 -0.284 -0.342 -0.508 -0.473 -0.394 -0.459 -0.489 -0.403 -0.320 -0.339 -0.424 -0.451 -0.465 -0.490 -0.427 -0.466 -0.536 -0.464 -0.514 -0.488 -0.344 -0.244 -0.342 -0.385 -0.497 -0.483 -0.501 -0.475 -0.386 -0.292 -0.048  0.134  0.223  0.010 -0.024  0.184  0.267  0.458  0.635  0.549  0.320  0.072 -0.231 -0.431 -0.510 -0.444 -0.282 -0.060  0.253  0.517  0.557  0.525
  0.793  1.000  0.679  0.407 -0.026 -0.160 -0.274 -0.302 -0.265 -0.021 -0.050  0.051  0.101  0.424  0.503  0.652  0.506  0.468  0.303  0.134  0.037 -0.304 -0.442 -0.473 -0.346 -0.332 -0.461 -0.435 -0.324 -0.360 -0.409 -0.322 -0.230 -0.251 -0.347 -0.389 -0.420 -0.451 -0.403 -0.441 -0.496 -0.421 -0.457 -0.438 -0.301 -0.222 -0.320 -0.362 -0.472 -0.477 -0.541 -0.531 -0.491 -0.434 -0.215 -0.000  0.074 -0.145 -0.123  0.093  0.225  0.418  0.611  0.633  0.391  0.182 -0.126 -0.337 -0.429 -0.380 -0.269 -0.045  0.218  0.447  0.490  0.465
  0.530  0.679  1.000  0.691  0.262  0.127 -0.088 -0.183 -0.202 -0.101  0.017  0.184  0.256  0.524  0.543  0.477  0.341  0.209  0.087 -0.076 -0.137 -0.365 -0.403 -0.408 -0.372 -0.314 -0.347 -0.362 -0.271 -0.244 -0.293 -0.252 -0.153 -0.137 -0.222 -0.252 -0.297 -0.325 -0.287 -0.285 -0.301 -0.256 -0.270 -0.235 -0.154 -0.121 -0.176 -0.218 -0.300 -0.337 -0.404 -0.424 -0.424 -0.399 -0.281 -0.119 -0.048 -0.160 -0.101  0.039  0.132  0.293  0.494  0.597  0.472  0.417  0.178 -0.084 -0.190 -0.173 -0.098  0.015  0.177  0.222  0.247  0.234
  0.229  0.407  0.691  1.000  0.665  0.498  0.202 -0.047 -0.043  0.077  0.287  0.496  0.536  0.649  0.497  0.310  0.102 -0.083 -0.199 -0.358 -0.378 -0.496 -0.386 -0.349 -0.363 -0.224 -0.166 -0.208 -0.107 -0.012 -0.072 -0.063  0.032  0.065 -0.010 -0.057 -0.121 -0.156 -0.141 -0.108 -0.089 -0.052 -0.029 -0.011 -0.003 -0.027 -0.058 -0.080 -0.127 -0.221 -0.335 -0.367 -0.462 -0.506 -0.481 -0.340 -0.315 -0.375 -0.261 -0.172 -0.071  0.053  0.257  0.488  0.454  0.634  0.455  0.212  0.106  0.068  0.030  0.078  0.079 -0.042 -0.026 -0.025
 -0.208 -0.026  0.262  0.665  1.000  0.817  0.523  0.210  0.139  0.136  0.397  0.576  0.640  0.448  0.308  0.005 -0.174 -0.370 -0.445 -0.504 -0.436 -0.341 -0.112 -0.025 -0.119  0.031  0.192  0.139  0.176  0.297  0.259  0.215  0.247  0.272  0.262  0.225  0.170  0.147  0.110  0.180  0.254  0.244  0.315  0.310  0.208  0.118  0.150  0.146  0.179  0.070 -0.013 -0.036 -0.184 -0.306 -0.434 -0.440 -0.488 -0.432 -0.330 -0.368 -0.309 -0.277 -0.178  0.043  0.135  0.462  0.610  0.532  0.499  0.367  0.184  0.062 -0.132 -0.402 -0.411 -0.391
 -0.307 -0.160  0.127  0.498  0.817  1.000  0.664  0.366  0.246  0.101  0.343  0.500  0.508  0.300  0.154 -0.110 -0.257 -0.437 -0.473 -0.519 -0.433 -0.286 -0.044  0.024 -0.092  0.049  0.218  0.145  0.162  0.303  0.270  0.201  0.230  0.273  0.271  0.266  0.222  0.210  0.183  0.281  0.369  0.347  0.408  0.418  0.289  0.168  0.222  0.205  0.255  0.147  0.073  0.038 -0.109 -0.221 -0.378 -0.402 -0.465 -0.375 -0.265 -0.336 -0.295 -0.301 -0.233 -0.032  0.095  0.454  0.609  0.652  0.619  0.485  0.286  0.096 -0.163 -0.487 -0.504 -0.484
 -0.369 -0.274 -0.088  0.202  0.523  0.664  1.000  0.707  0.481  0.048  0.251  0.324  0.364  0.143  0.021 -0.178 -0.277 -0.412 -0.436 -0.428 -0.319 -0.161  0.046  0.118  0.025  0.135  0.297  0.249  0.210  0.306  0.315  0.230  0.186  0.214  0.279  0.298  0.312  0.335  0.323  0.358  0.430  0.448  0.462  0.419  0.246  0.131  0.211  0.182  0.245  0.155  0.102  0.091 -0.020 -0.129 -0.288 -0.354 -0.417 -0.323 -0.251 -0.339 -0.335 -0.369 -0.344 -0.220 -0.129  0.147  0.356  0.609  0.623  0.480  0.228  0.069 -0.264 -0.541 -0.529 -0.500
 -0.305 -0.302 -0.183 -0.047  0.210  0.366  0.707  1.000  0.672  0.011  0.124  0.071  0.031 -0.116 -0.161 -0.215 -0.214 -0.255 -0.229 -0.188 -0.118  0.004  0.084  0.118  0.043  0.057  0.164  0.131  0.055  0.111  0.148  0.067  0.018  0.048  0.116  0.177  0.226  0.261  0.265  0.276  0.320  0.327  0.325  0.314  0.184  0.098  0.168  0.134  0.186  0.137  0.143  0.129  0.106  0.062 -0.052 -0.139 -0.169 -0.080 -0.066 -0.147 -0.182 -0.249 -0.281 -0.254 -0.162 -0.005  0.206  0.452  0.447  0.306  0.167  0.010 -0.223 -0.437 -0.430 -0.400
 -0.288 -0.265 -0.202 -0.043  0.139  0.246  0.481  0.672  1.000  0.307  0.296  0.235  0.138 -0.012 -0.092 -0.153 -0.205 -0.251 -0.247 -0.210 -0.148 -0.028  0.067  0.101  0.049  0.079  0.160  0.132  0.071  0.092  0.124  0.068  0.007  0.010  0.070  0.101  0.169  0.233  0.237  0.191  0.232  0.278  0.262  0.219  0.113  0.059  0.102  0.100  0.161  0.115  0.100  0.091  0.050  0.001 -0.102 -0.177 -0.209 -0.131 -0.116 -0.181 -0.221 -0.272 -0.283 -0.236 -0.184 -0.043  0.103  0.302  0.316  0.207  0.042 -0.037 -0.223 -0.398 -0.371 -0.339
 -0.100 -0.021 -0.101  0.077  0.136  0.101  0.048  0.011  0.307  1.000  0.682  0.449  0.254  0.157  0.053  0.017 -0.075 -0.126 -0.189 -0.209 -0.187 -0.183 -0.096 -0.051 -0.052  0.002  0.048  0.045  0.072  0.097  0.086  0.093  0.109  0.124  0.097  0.044  0.027  0.026  0.022 -0.031 -0.027 -0.008  0.017 -0.031 -0.069 -0.065 -0.079 -0.023  0.015 -0.039 -0.084 -0.077 -0.163 -0.227 -0.252 -0.232 -0.252 -0.272 -0.232 -0.224 -0.183 -0.151 -0.123 -0.059 -0.077 -0.024 -0.051 -0.033 -0.005 -0.016 -0.072 -0.014 -0.099 -0.106 -0.113 -0.102
 -0.154 -0.050  0.017  0.287  0.397  0.343  0.251  0.124  0.296  0.682  1.000  0.765  0.564  0.380  0.186  0.040 -0.108 -0.251 -0.326 -0.372 -0.328 -0.290 -0.123 -0.053 -0.087  0.024  0.121  0.102  0.152  0.216  0.195  0.195  0.227  0.255  0.224  0.149  0.104  0.085  0.053  0.032  0.058  0.066  0.119  0.061 -0.004 -0.019 -0.015  0.014  0.060 -0.025 -0.096 -0.089 -0.225 -0.328 -0.392 -0.371 -0.404 -0.405 -0.333 -0.333 -0.281 -0.236 -0.165 -0.033 -0.036  0.112  0.110  0.137  0.155  0.098 -0.018  0.002 -0.129 -0.247 -0.251 -0.234
 -0.110  0.051  0.184  0.496  0.576  0.500  0.324  0.071  0.235  0.449  0.765  1.000  0.801  0.619  0.369  0.141 -0.073 -0.282 -0.396 -0.473 -0.408 -0.395 -0.189 -0.105 -0.128  0.019  0.120  0.098  0.170  0.238  0.200  0.200  0.235  0.253  0.222  0.141  0.096  0.078  0.045  0.034  0.064  0.085  0.125  0.055 -0.010 -0.035 -0.034 -0.012  0.017 -0.081 -0.184 -0.173 -0.338 -0.462 -0.519 -0.474 -0.514 -0.531 -0.438 -0.421 -0.349 -0.264 -0.147  0.051  0.033  0.223  0.192  0.202  0.197  0.131 -0.024  0.026 -0.104 -0.230 -0.213 -0.193
 -0.066  0.101  0.256  0.536  0.640  0.508  0.364  0.031  0.138  0.254  0.564  0.801  1.000  0.778  0.531  0.240  0.015 -0.233 -0.383 -0.455 -0.370 -0.358 -0.154 -0.045 -0.061  0.081  0.176  0.166  0.231  0.277  0.235  0.241  0.261  0.257  0.243  0.150  0.109  0.088  0.043  0.036  0.070  0.081  0.118  0.042 -0.022 -0.023 -0.025 -0.024 -0.008 -0.103 -0.191 -0.151 -0.309 -0.455 -0.514 -0.488 -0.537 -0.563 -0.482 -0.462 -0.385 -0.289 -0.148  0.047  0.004  0.196  0.188  0.200  0.221  0.144 -0.046  0.008 -0.132 -0.228 -0.205 -0.184
  0.258  0.424  0.524  0.649  0.448  0.300  0.143 -0.116 -0.012  0.157  0.380  0.619  0.778  1.000  0.758  0.505  0.258  0.013 -0.171 -0.305 -0.273 -0.418 -0.312 -0.239 -0.199 -0.078 -0.058 -0.064  0.027  0.053 -0.002  0.021  0.081  0.086  0.030 -0.047 -0.087 -0.111 -0.122 -0.155 -0.158 -0.118 -0.121 -0.189 -0.179 -0.139 -0.181 -0.196 -0.230 -0.303 -0.400 -0.358 -0.467 -0.559 -0.507 -0.397 -0.399 -0.514 -0.445 -0.339 -0.231 -0.071  0.135  0.314  0.173  0.260  0.073 -0.025 -0.043 -0.063 -0.140  0.025  0.027  0.036  0.072  0.076
  0.337  0.503  0.543  0.497  0.308  0.154  0.021 -0.161 -0.092  0.053  0.186  0.369  0.531  0.758  1.000  0.692  0.423  0.169 -0.047 -0.151 -0.092 -0.251 -0.214 -0.149 -0.103 -0.022 -0.041 -0.046  0.014  0.010 -0.046 -0.023  0.021  0.005 -0.039 -0.094 -0.124 -0.128 -0.135 -0.178 -0.172 -0.167 -0.179 -0.242 -0.229 -0.153 -0.196 -0.219 -0.255 -0.299 -0.346 -0.272 -0.330 -0.415 -0.353 -0.288 -0.296 -0.413 -0.395 -0.294 -0.197 -0.039  0.168  0.275  0.097  0.134 -0.010 -0.122 -0.130 -0.138 -0.181 -0.029  0.015  0.086  0.124  0.128
  0.640  0.652  0.477  0.310  0.005 -0.110 -0.178 -0.215 -0.153  0.017  0.040  0.141  0.240  0.505  0.692  1.000  0.714  0.482  0.254  0.142  0.151 -0.143 -0.258 -0.251 -0.149 -0.165 -0.250 -0.232 -0.189 -0.234 -0.269 -0.223 -0.172 -0.185 -0.242 -0.280 -0.292 -0.299 -0.269 -0.318 -0.357 -0.326 -0.368 -0.419 -0.364 -0.252 -0.320 -0.347 -0.402 -0.413 -0.435 -0.359 -0.347 -0.347 -0.173 -0.071 -0.036 -0.224 -0.268 -0.119 -0.024  0.157  0.379  0.366  0.106  0.001 -0.212 -0.336 -0.348 -0.315 -0.263 -0.043  0.127  0.301  0.344  0.334
  0.644  0.506  0.341  0.102 -0.174 -0.257 -0.277 -0.214 -0.205 -0.075 -0.108 -0.073  0.015  0.258  0.423  0.714  1.000  0.777  0.493  0.380  0.429  0.080 -0.129 -0.149 -0.052 -0.157 -0.272 -0.246 -0.247 -0.325 -0.341 -0.296 -0.259 -0.283 -0.329 -0.347 -0.338 -0.341 -0.299 -0.350 -0.394 -0.372 -0.413 -0.429 -0.352 -0.229 -0.293 -0.327 -0.390 -0.369 -0.332 -0.243 -0.162 -0.117  0.089  0.162  0.176 -0.006 -0.101  0.018  0.081  0.201  0.351  0.249  0.061 -0.107 -0.290 -0.398 -0.408 -0.372 -0.284 -0.107  0.116  0.348  0.377  0.356
  0.631  0.468  0.209 -0.083 -0.370 -0.437 -0.412 -0.255 -0.251 -0.126 -0.251 -0.282 -0.233  0.013  0.169  0.482  0.777  1.000  0.763  0.641  0.586  0.193 -0.124 -0.188 -0.043 -0.220 -0.405 -0.348 -0.350 -0.461 -0.462 -0.394 -0.358 -0.395 -0.444 -0.446 -0.427 -0.430 -0.368 -0.418 -0.484 -0.444 -0.504 -0.485 -0.366 -0.239 -0.316 -0.361 -0.437 -0.387 -0.324 -0.253 -0.092  0.027  0.295  0.390  0.449  0.251  0.123  0.258  0.265  0.324  0.393  0.235  0.080 -0.181 -0.368 -0.495 -0.523 -0.465 -0.314 -0.141  0.167  0.463  0.494  0.470
  0.466  0.303  0.087 -0.199 -0.445 -0.473 -0.436 -0.229 -0.247 -0.189 -0.326 -0.396 -0.383 -0.171 -0.047  0.254  0.493  0.763  1.000  0.777  0.573  0.239 -0.084 -0.188 -0.079 -0.260 -0.438 -0.388 -0.396 -0.496 -0.488 -0.424 -0.391 -0.419 -0.461 -0.442 -0.418 -0.418 -0.348 -0.380 -0.447 -0.402 -0.458 -0.406 -0.269 -0.178 -0.243 -0.288 -0.350 -0.286 -0.209 -0.186  0.011  0.188  0.470  0.606  0.670  0.490  0.356  0.465  0.423  0.389  0.353  0.186  0.123 -0.150 -0.319 -0.444 -0.490 -0.425 -0.250 -0.146  0.166  0.432  0.450  0.422
  0.306  0.134 -0.076 -0.358 -0.504 -0.519 -0.428 -0.188 -0.210 -0.209 -0.372 -0.473 -0.455 -0.305 -0.151  0.142  0.380  0.641  0.777  1.000  0.793  0.483  0.131  0.024  0.122 -0.113 -0.289 -0.232 -0.298 -0.424 -0.400 -0.362 -0.367 -0.401 -0.412 -0.381 -0.333 -0.318 -0.258 -0.299 -0.356 -0.339 -0.389 -0.359 -0.267 -0.178 -0.220 -0.240 -0.262 -0.169 -0.050  0.006  0.216  0.389  0.634  0.624  0.679  0.557  0.376  0.428  0.337  0.250  0.180 -0.010 -0.048 -0.296 -0.364 -0.444 -0.443 -0.389 -0.235 -0.166  0.111  0.361  0.367  0.343
  0.214  0.037 -0.137 -0.378 -0.436 -0.433 -0.319 -0.118 -0.148 -0.187 -0.328 -0.408 -0.370 -0.273 -0.092  0.151  0.429  0.586  0.573  0.793  1.000  0.729  0.373  0.267  0.362  0.096 -0.074 -0.028 -0.147 -0.286 -0.266 -0.263 -0.298 -0.332 -0.314 -0.275 -0.218 -0.189 -0.153 -0.185 -0.219 -0.241 -0.276 -0.283 -0.252 -0.177 -0.192 -0.183 -0.162 -0.056  0.091  0.202  0.366  0.484  0.648  0.526  0.482  0.406  0.206  0.199  0.134  0.066  0.019 -0.151 -0.200 -0.367 -0.360 -0.373 -0.329 -0.287 -0.192 -0.151  0.019  0.207  0.204  0.195
 -0.150 -0.304 -0.365 -0.496 -0.341 -0.286 -0.161  0.004 -0.028 -0.183 -0.290 -0.395 -0.358 -0.418 -0.251 -0.143  0.080  0.193  0.239  0.483  0.729  1.000  0.753  0.633  0.661  0.430  0.261  0.266  0.112 -0.026 -0.021 -0.060 -0.134 -0.165 -0.111 -0.059  0.003  0.051  0.038  0.039  0.062 -0.021  0.012  0.005 -0.035 -0.025  0.017  0.068  0.162  0.297  0.479  0.606  0.694  0.741  0.688  0.431  0.314  0.398  0.212  0.081 -0.019 -0.153 -0.273 -0.409 -0.356 -0.390 -0.219 -0.138 -0.060 -0.058 -0.050 -0.157 -0.129 -0.099 -0.127 -0.117
 -0.370 -0.442 -0.403 -0.386 -0.112 -0.044  0.046  0.084  0.067 -0.096 -0.123 -0.189 -0.154 -0.312 -0.214 -0.258 -0.129 -0.124 -0.084  0.131  0.373  0.753  1.000  0.834  0.685  0.603  0.575  0.494  0.297  0.208  0.213  0.129  0.026  0.011  0.092  0.138  0.213  0.289  0.228  0.216  0.283  0.188  0.282  0.251  0.165  0.117  0.189  0.273  0.412  0.527  0.645  0.764  0.675  0.615  0.431  0.185  0.012  0.165  0.081 -0.117 -0.192 -0.322 -0.437 -0.490 -0.388 -0.282 -0.039  0.108  0.189  0.150  0.062 -0.121 -0.246 -0.361 -0.400 -0.378
 -0.427 -0.473 -0.408 -0.349 -0.025  0.024  0.118  0.118  0.101 -0.051 -0.053 -0.105 -0.045 -0.239 -0.149 -0.251 -0.149 -0.188 -0.188  0.024  0.267  0.633  0.834  1.000  0.817  0.624  0.714  0.688  0.456  0.367  0.389  0.304  0.185  0.154  0.246  0.257  0.292  0.356  0.258  0.257  0.357  0.177  0.276  0.250  0.144  0.135  0.205  0.281  0.399  0.484  0.620  0.780  0.688  0.525  0.310  0.022 -0.146  0.022 -0.059 -0.274 -0.331 -0.428 -0.521 -0.553 -0.462 -0.309 -0.028  0.139  0.241  0.167  0.041 -0.144 -0.324 -0.433 -0.458 -0.423
 -0.284 -0.346 -0.372 -0.363 -0.119 -0.092  0.025  0.043  0.049 -0.052 -0.087 -0.128 -0.061 -0.199 -0.103 -0.149 -0.052 -0.043 -0.079  0.122  0.362  0.661  0.685  0.817  1.000  0.754  0.600  0.668  0.524  0.332  0.320  0.281  0.157  0.094  0.170  0.165  0.207  0.253  0.175  0.166  0.227  0.086  0.126  0.061 -0.045 -0.026  0.019  0.085  0.191  0.280  0.421  0.586  0.550  0.424  0.295  0.043 -0.092  0.003 -0.112 -0.257 -0.310 -0.377 -0.438 -0.486 -0.462 -0.376 -0.172 -0.031  0.087  0.051 -0.046 -0.126 -0.236 -0.265 -0.283 -0.253
 -0.342 -0.332 -0.314 -0.224  0.031  0.049  0.135  0.057  0.079  0.002  0.024  0.019  0.081 -0.078 -0.022 -0.165 -0.157 -0.220 -0.260 -0.113  0.096  0.430  0.603  0.624  0.754  1.000  0.747  0.659  0.647  0.519  0.417  0.372  0.263  0.188  0.242  0.229  0.286  0.354  0.251  0.210  0.270  0.198  0.255  0.158  0.042  0.022  0.074  0.123  0.224  0.264  0.318  0.453  0.354  0.212  0.042 -0.138 -0.259 -0.162 -0.203 -0.323 -0.355 -0.404 -0.441 -0.417 -0.383 -0.238 -0.062  0.091  0.182  0.127 -0.019 -0.091 -0.244 -0.335 -0.343 -0.311
 -0.508 -0.461 -0.347 -0.166  0.192  0.218  0.297  0.164  0.160  0.048  0.121  0.120  0.176 -0.058 -0.041 -0.250 -0.272 -0.405 -0.438 -0.289 -0.074  0.261  0.575  0.714  0.600  0.747  1.000  0.861  0.673  0.691  0.690  0.549  0.411  0.403  0.503  0.500  0.540  0.609  0.472  0.413  0.511  0.357  0.429  0.338  0.173  0.134  0.217  0.267  0.390  0.392  0.434  0.552  0.390  0.182 -0.058 -0.277 -0.423 -0.264 -0.262 -0.450 -0.477 -0.533 -0.576 -0.514 -0.435 -0.187  0.084  0.289  0.396  0.310  0.119 -0.040 -0.342 -0.569 -0.596 -0.553
 -0.473 -0.435 -0.362 -0.208  0.139  0.145  0.249  0.131  0.132  0.045  0.102  0.098  0.166 -0.064 -0.046 -0.232 -0.246 -0.348 -0.388 -0.232 -0.028  0.266  0.494  0.688  0.668  0.659  0.861  1.000  0.801  0.695  0.753  0.673  0.496  0.442  0.556  0.506  0.521  0.547  0.411  0.375  0.455  0.279  0.319  0.219  0.048  0.050  0.120  0.169  0.286  0.297  0.376  0.496  0.376  0.174 -0.034 -0.262 -0.393 -0.255 -0.283 -0.456 -0.488 -0.535 -0.575 -0.533 -0.483 -0.270 -0.011  0.180  0.312  0.238  0.060 -0.056 -0.332 -0.497 -0.519 -0.475
 -0.394 -0.324 -0.271 -0.107  0.176  0.162  0.210  0.055  0.071  0.072  0.152  0.170  0.231  0.027  0.014 -0.189 -0.247 -0.350 -0.396 -0.298 -0.147  0.112  0.297  0.456  0.524  0.647  0.673  0.801  1.000  0.829  0.715  0.770  0.673  0.526  0.541  0.414  0.349  0.356  0.207  0.207  0.307  0.152  0.201  0.114 -0.014  0.009  0.047  0.077  0.152  0.143  0.197  0.309  0.200  0.012 -0.165 -0.327 -0.421 -0.325 -0.333 -0.443 -0.453 -0.460 -0.468 -0.393 -0.367 -0.177 -0.013  0.121  0.215  0.128 -0.038 -0.099 -0.281 -0.364 -0.364 -0.323
 -0.459 -0.360 -0.244 -0.012  0.297  0.303  0.306  0.111  0.092  0.097  0.216  0.238  0.277  0.053  0.010 -0.234 -0.325 -0.461 -0.496 -0.424 -0.286 -0.026  0.208  0.367  0.332  0.519  0.691  0.695  0.829  1.000  0.866  0.792  0.763  0.727  0.716  0.634  0.513  0.488  0.348  0.364  0.464  0.278  0.315  0.242  0.090  0.077  0.140  0.152  0.229  0.171  0.188  0.271  0.137 -0.060 -0.266 -0.409 -0.497 -0.380 -0.345 -0.467 -0.465 -0.475 -0.475 -0.364 -0.303 -0.062  0.122  0.283  0.367  0.295  0.119  0.001 -0.278 -0.500 -0.526 -0.487
 -0.489 -0.409 -0.293 -0.072  0.259  0.270  0.315  0.148  0.124  0.086  0.195  0.200  0.235 -0.002 -0.046 -0.269 -0.341 -0.462 -0.488 -0.400 -0.266 -0.021  0.213  0.389  0.320  0.417  0.690  0.753  0.715  0.866  1.000  0.861  0.725  0.741  0.821  0.753  0.682  0.631  0.499  0.476  0.521  0.343  0.345  0.260  0.083  0.075  0.147  0.163  0.253  0.199  0.229  0.293  0.169 -0.019 -0.226 -0.385 -0.471 -0.342 -0.313 -0.453 -0.471 -0.499 -0.519 -0.430 -0.364 -0.125  0.092  0.280  0.390  0.336  0.161  0.034 -0.299 -0.551 -0.589 -0.548
 -0.403 -0.322 -0.252 -0.063  0.215  0.201  0.230  0.067  0.068  0.093  0.195  0.200  0.241  0.021 -0.023 -0.223 -0.296 -0.394 -0.424 -0.362 -0.263 -0.060  0.129  0.304  0.281  0.372  0.549  0.673  0.770  0.792  0.861  1.000  0.861  0.724  0.753  0.571  0.441  0.401  0.255  0.258  0.335  0.161  0.198  0.142  0.022  0.055  0.093  0.102  0.152  0.106  0.142  0.217  0.112 -0.066 -0.234 -0.362 -0.431 -0.335 -0.314 -0.416 -0.422 -0.424 -0.435 -0.354 -0.313 -0.123  0.034  0.163  0.244  0.163  0.004 -0.076 -0.290 -0.396 -0.405 -0.365
 -0.320 -0.230 -0.153  0.032  0.247  0.230  0.186  0.018  0.007  0.109  0.227  0.235  0.261  0.081  0.021 -0.172 -0.259 -0.358 -0.391 -0.367 -0.298 -0.134  0.026  0.185  0.157  0.263  0.411  0.496  0.673  0.763  0.725  0.861  1.000  0.851  0.727  0.542  0.287  0.232  0.102  0.142  0.258  0.069  0.127  0.108  0.029  0.057  0.079  0.078  0.103  0.044  0.065  0.136  0.030 -0.130 -0.270 -0.356 -0.407 -0.337 -0.302 -0.375 -0.353 -0.331 -0.316 -0.221 -0.184 -0.015  0.081  0.157  0.202  0.130  0.002 -0.073 -0.229 -0.323 -0.341 -0.310
 -0.339 -0.251 -0.137  0.065  0.272  0.273  0.214  0.048  0.010  0.124  0.255  0.253  0.257  0.086  0.005 -0.185 -0.283 -0.395 -0.419 -0.401 -0.332 -0.165  0.011  0.154  0.094  0.188  0.403  0.442  0.526  0.727  0.741  0.724  0.851  1.000  0.883  0.761  0.482  0.374  0.270  0.295  0.379  0.172  0.199  0.175  0.066  0.064  0.105  0.107  0.151  0.077  0.081  0.127  0.005 -0.146 -0.294 -0.368 -0.419 -0.339 -0.285 -0.368 -0.343 -0.329 -0.310 -0.208 -0.159  0.024  0.130  0.228  0.283  0.257  0.146  0.041 -0.198 -0.410 -0.458 -0.434
 -0.424 -0.347 -0.222 -0.010  0.262  0.271  0.279  0.116  0.070  0.097  0.224  0.222  0.243  0.030 -0.039 -0.242 -0.329 -0.444 -0.461 -0.412 -0.314 -0.111  0.092  0.246  0.170  0.242  0.503  0.556  0.541  0.716  0.821  0.753  0.727  0.883  1.000  0.889  0.690  0.556  0.446  0.459  0.500  0.302  0.297  0.239  0.081  0.071  0.138  0.145  0.218  0.144  0.159  0.203  0.077 -0.087 -0.266 -0.379 -0.444 -0.335 -0.287 -0.404 -0.403 -0.414 -0.416 -0.324 -0.266 -0.058  0.117  0.276  0.374  0.358  0.222  0.096 -0.245 -0.511 -0.560 -0.527
 -0.451 -0.389 -0.252 -0.057  0.225  0.266  0.298  0.177  0.101  0.044  0.149  0.141  0.150 -0.047 -0.094 -0.280 -0.347 -0.446 -0.442 -0.381 -0.275 -0.059  0.138  0.257  0.165  0.229  0.500  0.506  0.414  0.634  0.753  0.571  0.542  0.761  0.889  1.000  0.833  0.669  0.570  0.592  0.595  0.427  0.387  0.319  0.136  0.085  0.175  0.184  0.281  0.212  0.219  0.234  0.121 -0.016 -0.205 -0.325 -0.392 -0.263 -0.215 -0.348 -0.364 -0.406 -0.429 -0.353 -0.274 -0.060  0.145  0.339  0.443  0.464  0.336  0.189 -0.217 -0.561 -0.626 -0.596
 -0.465 -0.420 -0.297 -0.121  0.170  0.222  0.312  0.226  0.169  0.027  0.104  0.096  0.109 -0.087 -0.124 -0.292 -0.338 -0.427 -0.418 -0.333 -0.218  0.003  0.213  0.292  0.207  0.286  0.540  0.521  0.349  0.513  0.682  0.441  0.287  0.482  0.690  0.833  1.000  0.865  0.728  0.672  0.588  0.507  0.429  0.324  0.122  0.062  0.161  0.177  0.293  0.247  0.260  0.255  0.153  0.035 -0.152 -0.285 -0.354 -0.218 -0.179 -0.321 -0.363 -0.427 -0.470 -0.413 -0.336 -0.129  0.098  0.319  0.440  0.456  0.325  0.204 -0.205 -0.555 -0.612 -0.579
 -0.490 -0.451 -0.325 -0.156  0.147  0.210  0.335  0.261  0.233  0.026  0.085  0.078  0.088 -0.111 -0.128 -0.299 -0.341 -0.430 -0.418 -0.318 -0.189  0.051  0.289  0.356  0.253  0.354  0.609  0.547  0.356  0.488  0.631  0.401  0.232  0.374  0.556  0.669  0.865  1.000  0.839  0.644  0.616  0.562  0.486  0.357  0.149  0.078  0.183  0.207  0.333  0.303  0.308  0.305  0.196  0.079 -0.119 -0.269 -0.344 -0.195 -0.163 -0.316 -0.377 -0.458 -0.511 -0.456 -0.376 -0.155  0.086  0.321  0.433  0.435  0.283  0.152 -0.238 -0.562 -0.612 -0.575
 -0.427 -0.403 -0.287 -0.141  0.110  0.183  0.323  0.265  0.237  0.022  0.053  0.045  0.043 -0.122 -0.135 -0.269 -0.299 -0.368 -0.348 -0.258 -0.153  0.038  0.228  0.258  0.175  0.251  0.472  0.411  0.207  0.348  0.499  0.255  0.102  0.270  0.446  0.570  0.728  0.839  1.000  0.763  0.675  0.653  0.514  0.354  0.129  0.029  0.140  0.165  0.301  0.277  0.260  0.225  0.146  0.074 -0.092 -0.212 -0.265 -0.131 -0.097 -0.233 -0.303 -0.394 -0.445 -0.403 -0.333 -0.144  0.076  0.311  0.442  0.507  0.410  0.277 -0.146 -0.504 -0.591 -0.576
 -0.466 -0.441 -0.285 -0.108  0.180  0.281  0.358  0.276  0.191 -0.031  0.032  0.034  0.036 -0.155 -0.178 -0.318 -0.350 -0.418 -0.380 -0.299 -0.185  0.039  0.216  0.257  0.166  0.210  0.413  0.375  0.207  0.364  0.476  0.258  0.142  0.295  0.459  0.592  0.672  0.644  0.763  1.000  0.836  0.755  0.597  0.448  0.191  0.053  0.187  0.220  0.370  0.325  0.300  0.256  0.178  0.105 -0.084 -0.209 -0.274 -0.117 -0.065 -0.223 -0.278 -0.386 -0.443 -0.394 -0.293 -0.080  0.180  0.427  0.598  0.696  0.640  0.474 -0.083 -0.550 -0.670 -0.665
 -0.536 -0.496 -0.301 -0.089  0.254  0.369  0.430  0.320  0.232 -0.027  0.058  0.064  0.070 -0.158 -0.172 -0.357 -0.394 -0.484 -0.447 -0.356 -0.219  0.062  0.283  0.357  0.227  0.270  0.511  0.455  0.307  0.464  0.521  0.335  0.258  0.379  0.500  0.595  0.588  0.616  0.675  0.836  1.000  0.781  0.681  0.551  0.281  0.124  0.270  0.309  0.464  0.415  0.388  0.357  0.246  0.143 -0.090 -0.247 -0.333 -0.148 -0.093 -0.281 -0.329 -0.438 -0.498 -0.425 -0.293 -0.031  0.273  0.540  0.697  0.745  0.622  0.349 -0.186 -0.627 -0.739 -0.727
 -0.464 -0.421 -0.256 -0.052  0.244  0.347  0.448  0.327  0.278 -0.008  0.066  0.085  0.081 -0.118 -0.167 -0.326 -0.372 -0.444 -0.402 -0.339 -0.241 -0.021  0.188  0.177  0.086  0.198  0.357  0.279  0.152  0.278  0.343  0.161  0.069  0.172  0.302  0.427  0.507  0.562  0.653  0.755  0.781  1.000  0.813  0.588  0.296  0.073  0.214  0.258  0.436  0.397  0.303  0.197  0.107  0.071 -0.122 -0.216 -0.269 -0.116 -0.040 -0.182 -0.242 -0.364 -0.418 -0.345 -0.229  0.004  0.270  0.542  0.702  0.791  0.610  0.422 -0.095 -0.547 -0.650 -0.647
 -0.514 -0.457 -0.270 -0.029  0.315  0.408  0.462  0.325  0.262  0.017  0.119  0.125  0.118 -0.121 -0.179 -0.368 -0.413 -0.504 -0.458 -0.389 -0.276  0.012  0.282  0.276  0.126  0.255  0.429  0.319  0.201  0.315  0.345  0.198  0.127  0.199  0.297  0.387  0.429  0.486  0.514  0.597  0.681  0.813  1.000  0.809  0.504  0.219  0.362  0.410  0.601  0.555  0.436  0.336  0.195  0.123 -0.114 -0.234 -0.318 -0.136 -0.047 -0.221 -0.260 -0.376 -0.434 -0.344 -0.198  0.072  0.392  0.668  0.734  0.698  0.480  0.218 -0.201 -0.602 -0.684 -0.671
 -0.488 -0.438 -0.235 -0.011  0.310  0.418  0.419  0.314  0.219 -0.031  0.061  0.055  0.042 -0.189 -0.242 -0.419 -0.429 -0.485 -0.406 -0.359 -0.283  0.005  0.251  0.250  0.061  0.158  0.338  0.219  0.114  0.242  0.260  0.142  0.108  0.175  0.239  0.319  0.324  0.357  0.354  0.448  0.551  0.588  0.809  1.000  0.780  0.456  0.594  0.626  0.679  0.561  0.451  0.356  0.233  0.169 -0.069 -0.174 -0.252 -0.070  0.021 -0.145 -0.159 -0.259 -0.331 -0.253 -0.069  0.179  0.500  0.737  0.680  0.588  0.391  0.072 -0.238 -0.585 -0.651 -0.635
 -0.344 -0.301 -0.154 -0.003  0.208  0.289  0.246  0.184  0.113 -0.069 -0.004 -0.010 -0.022 -0.179 -0.229 -0.364 -0.352 -0.366 -0.269 -0.267 -0.252 -0.035  0.165  0.144 -0.045  0.042  0.173  0.048 -0.014  0.090  0.083  0.022  0.029  0.066  0.081  0.136  0.122  0.149  0.129  0.191  0.281  0.296  0.504  0.780  1.000  0.706  0.640  0.628  0.520  0.467  0.366  0.267  0.163  0.132 -0.040 -0.080 -0.146 -0.018  0.077 -0.033 -0.004 -0.050 -0.138 -0.094  0.096  0.260  0.463  0.558  0.434  0.323  0.196 -0.067 -0.192 -0.397 -0.431 -0.421
 -0.244 -0.222 -0.121 -0.027  0.118  0.168  0.131  0.098  0.059 -0.065 -0.019 -0.035 -0.023 -0.139 -0.153 -0.252 -0.229 -0.239 -0.178 -0.178 -0.177 -0.025  0.117  0.135 -0.026  0.022  0.134  0.050  0.009  0.077  0.075  0.055  0.057  0.064  0.071  0.085  0.062  0.078  0.029  0.053  0.124  0.073  0.219  0.456  0.706  1.000  0.758  0.548  0.341  0.280  0.250  0.224  0.155  0.098 -0.030 -0.072 -0.118 -0.033  0.017 -0.052 -0.030 -0.049 -0.114 -0.102  0.014  0.112  0.277  0.340  0.229  0.113  0.034 -0.163 -0.199 -0.282 -0.279 -0.264
 -0.342 -0.320 -0.176 -0.058  0.150  0.222  0.211  0.168  0.102 -0.079 -0.015 -0.034 -0.025 -0.181 -0.196 -0.320 -0.293 -0.316 -0.243 -0.220 -0.192  0.017  0.189  0.205  0.019  0.074  0.217  0.120  0.047  0.140  0.147  0.093  0.079  0.105  0.138  0.175  0.161  0.183  0.140  0.187  0.270  0.214  0.362  0.594  0.640  0.758  1.000  0.742  0.524  0.362  0.309  0.297  0.223  0.157 -0.013 -0.087 -0.142 -0.020  0.035 -0.069 -0.072 -0.128 -0.204 -0.181 -0.053  0.078  0.297  0.433  0.355  0.250  0.142 -0.101 -0.230 -0.399 -0.414 -0.399
 -0.385 -0.362 -0.218 -0.080  0.146  0.205  0.182  0.134  0.100 -0.023  0.014 -0.012 -0.024 -0.196 -0.219 -0.347 -0.327 -0.361 -0.288 -0.240 -0.183  0.068  0.273  0.281  0.085  0.123  0.267  0.169  0.077  0.152  0.163  0.102  0.078  0.107  0.145  0.184  0.177  0.207  0.165  0.220  0.309  0.258  0.410  0.626  0.628  0.548  0.742  1.000  0.763  0.554  0.430  0.394  0.270  0.199  0.003 -0.094 -0.173 -0.022  0.047 -0.094 -0.107 -0.180 -0.264 -0.231 -0.098  0.064  0.282  0.394  0.358  0.282  0.182 -0.068 -0.208 -0.409 -0.456 -0.442
 -0.497 -0.472 -0.300 -0.127  0.179  0.255  0.245  0.186  0.161  0.015  0.060  0.017 -0.008 -0.230 -0.255 -0.402 -0.390 -0.437 -0.350 -0.262 -0.162  0.162  0.412  0.399  0.191  0.224  0.390  0.286  0.152  0.229  0.253  0.152  0.103  0.151  0.218  0.281  0.293  0.333  0.301  0.370  0.464  0.436  0.601  0.679  0.520  0.341  0.524  0.763  1.000  0.787  0.610  0.528  0.366  0.308  0.064 -0.077 -0.180  0.027  0.104 -0.100 -0.150 -0.288 -0.395 -0.351 -0.191  0.027  0.303  0.469  0.488  0.437  0.299  0.021 -0.228 -0.531 -0.595 -0.578
 -0.483 -0.477 -0.337 -0.221  0.070  0.147  0.155  0.137  0.115 -0.039 -0.025 -0.081 -0.103 -0.303 -0.299 -0.413 -0.369 -0.387 -0.286 -0.169 -0.056  0.297  0.527  0.484  0.280  0.264  0.392  0.297  0.143  0.171  0.199  0.106  0.044  0.077  0.144  0.212  0.247  0.303  0.277  0.325  0.415  0.397  0.555  0.561  0.467  0.280  0.362  0.554  0.787  1.000  0.831  0.666  0.481  0.456  0.201  0.036 -0.086  0.141  0.207 -0.026 -0.089 -0.250 -0.398 -0.387 -0.215 -0.029  0.240  0.360  0.399  0.368  0.257 -0.011 -0.209 -0.461 -0.529 -0.514
 -0.501 -0.541 -0.404 -0.335 -0.013  0.073  0.102  0.143  0.100 -0.084 -0.096 -0.184 -0.191 -0.400 -0.346 -0.435 -0.332 -0.324 -0.209 -0.050  0.091  0.479  0.645  0.620  0.421  0.318  0.434  0.376  0.197  0.188  0.229  0.142  0.065  0.081  0.159  0.219  0.260  0.308  0.260  0.300  0.388  0.303  0.436  0.451  0.366  0.250  0.309  0.430  0.610  0.831  1.000  0.855  0.710  0.663  0.384  0.145  0.005  0.259  0.256 -0.011 -0.100 -0.279 -0.455 -0.486 -0.296 -0.131  0.166  0.284  0.337  0.297  0.212 -0.071 -0.235 -0.447 -0.512 -0.492
 -0.475 -0.531 -0.424 -0.367 -0.036  0.038  0.091  0.129  0.091 -0.077 -0.089 -0.173 -0.151 -0.358 -0.272 -0.359 -0.243 -0.253 -0.186  0.006  0.202  0.606  0.764  0.780  0.586  0.453  0.552  0.496  0.309  0.271  0.293  0.217  0.136  0.127  0.203  0.234  0.255  0.305  0.225  0.256  0.357  0.197  0.336  0.356  0.267  0.224  0.297  0.394  0.528  0.666  0.855  1.000  0.837  0.686  0.409  0.117 -0.052  0.180  0.112 -0.148 -0.222 -0.362 -0.503 -0.537 -0.387 -0.228  0.071  0.207  0.278  0.210  0.116 -0.138 -0.288 -0.446 -0.489 -0.459
 -0.386 -0.491 -0.424 -0.462 -0.184 -0.109 -0.020  0.106  0.050 -0.163 -0.225 -0.338 -0.309 -0.467 -0.330 -0.347 -0.162 -0.092  0.011  0.216  0.366  0.694  0.675  0.688  0.550  0.354  0.390  0.376  0.200  0.137  0.169  0.112  0.030  0.005  0.077  0.121  0.153  0.196  0.146  0.178  0.246  0.107  0.195  0.233  0.163  0.155  0.223  0.270  0.366  0.481  0.710  0.837  1.000  0.847  0.608  0.312  0.186  0.387  0.250  0.026 -0.085 -0.246 -0.412 -0.507 -0.365 -0.300 -0.024  0.085  0.148  0.097  0.055 -0.173 -0.238 -0.306 -0.340 -0.318
 -0.292 -0.434 -0.399 -0.506 -0.306 -0.221 -0.129  0.062  0.001 -0.227 -0.328 -0.462 -0.455 -0.559 -0.415 -0.347 -0.117  0.027  0.188  0.389  0.484  0.741  0.615  0.525  0.424  0.212  0.182  0.174  0.012 -0.060 -0.019 -0.066 -0.130 -0.146 -0.087 -0.016  0.035  0.079  0.074  0.105  0.143  0.071  0.123  0.169  0.132  0.098  0.157  0.199  0.308  0.456  0.663  0.686  0.847  1.000  0.819  0.547  0.437  0.626  0.462  0.256  0.117 -0.085 -0.279 -0.414 -0.268 -0.284 -0.063  0.005  0.050  0.040  0.058 -0.156 -0.145 -0.177 -0.222 -0.215
 -0.048 -0.215 -0.281 -0.481 -0.434 -0.378 -0.288 -0.052 -0.102 -0.252 -0.392 -0.519 -0.514 -0.507 -0.353 -0.173  0.089  0.295  0.470  0.634  0.648  0.688  0.431  0.310  0.295  0.042 -0.058 -0.034 -0.165 -0.266 -0.226 -0.234 -0.270 -0.294 -0.266 -0.205 -0.152 -0.119 -0.092 -0.084 -0.090 -0.122 -0.114 -0.069 -0.040 -0.030 -0.013  0.003  0.064  0.201  0.384  0.409  0.608  0.819  1.000  0.797  0.682  0.749  0.548  0.434  0.307  0.108 -0.063 -0.236 -0.142 -0.282 -0.197 -0.202 -0.181 -0.156 -0.063 -0.171 -0.028  0.061  0.032  0.024
  0.134 -0.000 -0.119 -0.340 -0.440 -0.402 -0.354 -0.139 -0.177 -0.232 -0.371 -0.474 -0.488 -0.397 -0.288 -0.071  0.162  0.390  0.606  0.624  0.526  0.431  0.185  0.022  0.043 -0.138 -0.277 -0.262 -0.327 -0.409 -0.385 -0.362 -0.356 -0.368 -0.379 -0.325 -0.285 -0.269 -0.212 -0.209 -0.247 -0.216 -0.234 -0.174 -0.080 -0.072 -0.087 -0.094 -0.077  0.036  0.145  0.117  0.312  0.547  0.797  1.000  0.831  0.748  0.663  0.643  0.585  0.357  0.192  0.013  0.073 -0.148 -0.200 -0.266 -0.297 -0.238 -0.099 -0.134  0.077  0.206  0.186  0.163
  0.223  0.074 -0.048 -0.315 -0.488 -0.465 -0.417 -0.169 -0.209 -0.252 -0.404 -0.514 -0.537 -0.399 -0.296 -0.036  0.176  0.449  0.670  0.679  0.482  0.314  0.012 -0.146 -0.092 -0.259 -0.423 -0.393 -0.421 -0.497 -0.471 -0.431 -0.407 -0.419 -0.444 -0.392 -0.354 -0.344 -0.265 -0.274 -0.333 -0.269 -0.318 -0.252 -0.146 -0.118 -0.142 -0.173 -0.180 -0.086  0.005 -0.052  0.186  0.437  0.682  0.831  1.000  0.856  0.702  0.757  0.610  0.426  0.294  0.113  0.148 -0.127 -0.225 -0.332 -0.377 -0.305 -0.123 -0.118  0.162  0.335  0.323  0.291
  0.010 -0.145 -0.160 -0.375 -0.432 -0.375 -0.323 -0.080 -0.131 -0.272 -0.405 -0.531 -0.563 -0.514 -0.413 -0.224 -0.006  0.251  0.490  0.557  0.406  0.398  0.165  0.022  0.003 -0.162 -0.264 -0.255 -0.325 -0.380 -0.342 -0.335 -0.337 -0.339 -0.335 -0.263 -0.218 -0.195 -0.131 -0.117 -0.148 -0.116 -0.136 -0.070 -0.018 -0.033 -0.020 -0.022  0.027  0.141  0.259  0.180  0.387  0.626  0.749  0.748  0.856  1.000  0.840  0.730  0.520  0.292  0.128 -0.039  0.051 -0.137 -0.123 -0.186 -0.208 -0.153 -0.006 -0.106  0.082  0.147  0.118  0.098
 -0.024 -0.123 -0.101 -0.261 -0.330 -0.265 -0.251 -0.066 -0.116 -0.232 -0.333 -0.438 -0.482 -0.445 -0.395 -0.268 -0.101  0.123  0.356  0.376  0.206  0.212  0.081 -0.059 -0.112 -0.203 -0.262 -0.283 -0.333 -0.345 -0.313 -0.314 -0.302 -0.285 -0.287 -0.215 -0.179 -0.163 -0.097 -0.065 -0.093 -0.040 -0.047  0.021  0.077  0.017  0.035  0.047  0.104  0.207  0.256  0.112  0.250  0.462  0.548  0.663  0.702  0.840  1.000  0.820  0.672  0.386  0.201  0.047  0.147 -0.017 -0.021 -0.080 -0.120 -0.058  0.071 -0.044  0.086  0.080  0.041  0.020
  0.184  0.093  0.039 -0.172 -0.368 -0.336 -0.339 -0.147 -0.181 -0.224 -0.333 -0.421 -0.462 -0.339 -0.294 -0.119  0.018  0.258  0.465  0.428  0.199  0.081 -0.117 -0.274 -0.257 -0.323 -0.450 -0.456 -0.443 -0.467 -0.453 -0.416 -0.375 -0.368 -0.404 -0.348 -0.321 -0.316 -0.233 -0.223 -0.281 -0.182 -0.221 -0.145 -0.033 -0.052 -0.069 -0.094 -0.100 -0.026 -0.011 -0.148  0.026  0.256  0.434  0.643  0.757  0.730  0.820  1.000  0.823  0.564  0.405  0.239  0.284  0.037 -0.082 -0.203 -0.278 -0.208 -0.040 -0.058  0.171  0.274  0.259  0.228
  0.267  0.225  0.132 -0.071 -0.309 -0.295 -0.335 -0.182 -0.221 -0.183 -0.281 -0.349 -0.385 -0.231 -0.197 -0.024  0.081  0.265  0.423  0.337  0.134 -0.019 -0.192 -0.331 -0.310 -0.355 -0.477 -0.488 -0.453 -0.465 -0.471 -0.422 -0.353 -0.343 -0.403 -0.364 -0.363 -0.377 -0.303 -0.278 -0.329 -0.242 -0.260 -0.159 -0.004 -0.030 -0.072 -0.107 -0.150 -0.089 -0.100 -0.222 -0.085  0.117  0.307  0.585  0.610  0.520  0.672  0.823  1.000  0.778  0.567  0.377  0.432  0.137 -0.040 -0.184 -0.289 -0.222 -0.058 -0.052  0.180  0.297  0.283  0.249
  0.458  0.418  0.293  0.053 -0.277 -0.301 -0.369 -0.249 -0.272 -0.151 -0.236 -0.264 -0.289 -0.071 -0.039  0.157  0.201  0.324  0.389  0.250  0.066 -0.153 -0.322 -0.428 -0.377 -0.404 -0.533 -0.535 -0.460 -0.475 -0.499 -0.424 -0.331 -0.329 -0.414 -0.406 -0.427 -0.458 -0.394 -0.386 -0.438 -0.364 -0.376 -0.259 -0.050 -0.049 -0.128 -0.180 -0.288 -0.250 -0.279 -0.362 -0.246 -0.085  0.108  0.357  0.426  0.292  0.386  0.564  0.778  1.000  0.782  0.557  0.562  0.216 -0.061 -0.255 -0.383 -0.323 -0.145 -0.067  0.229  0.408  0.414  0.378
  0.635  0.611  0.494  0.257 -0.178 -0.233 -0.344 -0.281 -0.283 -0.123 -0.165 -0.147 -0.148  0.135  0.168  0.379  0.351  0.393  0.353  0.180  0.019 -0.273 -0.437 -0.521 -0.438 -0.441 -0.576 -0.575 -0.468 -0.475 -0.519 -0.435 -0.316 -0.310 -0.416 -0.429 -0.470 -0.511 -0.445 -0.443 -0.498 -0.418 -0.434 -0.331 -0.138 -0.114 -0.204 -0.264 -0.395 -0.398 -0.455 -0.503 -0.412 -0.279 -0.063  0.192  0.294  0.128  0.201  0.405  0.567  0.782  1.000  0.817  0.635  0.326 -0.040 -0.266 -0.407 -0.352 -0.178 -0.040  0.271  0.451  0.471  0.439
  0.549  0.633  0.597  0.488  0.043 -0.032 -0.220 -0.254 -0.236 -0.059 -0.033  0.051  0.047  0.314  0.275  0.366  0.249  0.235  0.186 -0.010 -0.151 -0.409 -0.490 -0.553 -0.486 -0.417 -0.514 -0.533 -0.393 -0.364 -0.430 -0.354 -0.221 -0.208 -0.324 -0.353 -0.413 -0.456 -0.403 -0.394 -0.425 -0.345 -0.344 -0.253 -0.094 -0.102 -0.181 -0.231 -0.351 -0.387 -0.486 -0.537 -0.507 -0.414 -0.236  0.013  0.113 -0.039  0.047  0.239  0.377  0.557  0.817  1.000  0.788  0.532  0.130 -0.125 -0.288 -0.254 -0.129 -0.002  0.247  0.353  0.382  0.355
  0.320  0.391  0.472  0.454  0.135  0.095 -0.129 -0.162 -0.184 -0.077 -0.036  0.033  0.004  0.173  0.097  0.106  0.061  0.080  0.123 -0.048 -0.200 -0.356 -0.388 -0.462 -0.462 -0.383 -0.435 -0.483 -0.367 -0.303 -0.364 -0.313 -0.184 -0.159 -0.266 -0.274 -0.336 -0.376 -0.333 -0.293 -0.293 -0.229 -0.198 -0.069  0.096  0.014 -0.053 -0.098 -0.191 -0.215 -0.296 -0.387 -0.365 -0.268 -0.142  0.073  0.148  0.051  0.147  0.284  0.432  0.562  0.635  0.788  1.000  0.700  0.342  0.065 -0.121 -0.118 -0.027 -0.015  0.186  0.207  0.210  0.181
  0.072  0.182  0.417  0.634  0.462  0.454  0.147 -0.005 -0.043 -0.024  0.112  0.223  0.196  0.260  0.134  0.001 -0.107 -0.181 -0.150 -0.296 -0.367 -0.390 -0.282 -0.309 -0.376 -0.238 -0.187 -0.270 -0.177 -0.062 -0.125 -0.123 -0.015  0.024 -0.058 -0.060 -0.129 -0.155 -0.144 -0.080 -0.031  0.004  0.072  0.179  0.260  0.112  0.078  0.064  0.027 -0.029 -0.131 -0.228 -0.300 -0.284 -0.282 -0.148 -0.127 -0.137 -0.017  0.037  0.137  0.216  0.326  0.532  0.700  1.000  0.707  0.372  0.179  0.130  0.112  0.032  0.055 -0.085 -0.089 -0.097
 -0.231 -0.126  0.178  0.455  0.610  0.609  0.356  0.206  0.103 -0.051  0.110  0.192  0.188  0.073 -0.010 -0.212 -0.290 -0.368 -0.319 -0.364 -0.360 -0.219 -0.039 -0.028 -0.172 -0.062  0.084 -0.011 -0.013  0.122  0.092  0.034  0.081  0.130  0.117  0.145  0.098  0.086  0.076  0.180  0.273  0.270  0.392  0.500  0.463  0.277  0.297  0.282  0.303  0.240  0.166  0.071 -0.024 -0.063 -0.197 -0.200 -0.225 -0.123 -0.021 -0.082 -0.040 -0.061 -0.040  0.130  0.342  0.707  1.000  0.713  0.525  0.397  0.277  0.044 -0.097 -0.381 -0.412 -0.403
 -0.431 -0.337 -0.084  0.212  0.532  0.652  0.609  0.452  0.302 -0.033  0.137  0.202  0.200 -0.025 -0.122 -0.336 -0.398 -0.495 -0.444 -0.444 -0.373 -0.138  0.108  0.139 -0.031  0.091  0.289  0.180  0.121  0.283  0.280  0.163  0.157  0.228  0.276  0.339  0.319  0.321  0.311  0.427  0.540  0.542  0.668  0.737  0.558  0.340  0.433  0.394  0.469  0.360  0.284  0.207  0.085  0.005 -0.202 -0.266 -0.332 -0.186 -0.080 -0.203 -0.184 -0.255 -0.266 -0.125  0.065  0.372  0.713  1.000  0.839  0.649  0.408  0.095 -0.241 -0.605 -0.645 -0.624
 -0.510 -0.429 -0.190  0.106  0.499  0.619  0.623  0.447  0.316 -0.005  0.155  0.197  0.221 -0.043 -0.130 -0.348 -0.408 -0.523 -0.490 -0.443 -0.329 -0.060  0.189  0.241  0.087  0.182  0.396  0.312  0.215  0.367  0.390  0.244  0.202  0.283  0.374  0.443  0.440  0.433  0.442  0.598  0.697  0.702  0.734  0.680  0.434  0.229  0.355  0.358  0.488  0.399  0.337  0.278  0.148  0.050 -0.181 -0.297 -0.377 -0.208 -0.120 -0.278 -0.289 -0.383 -0.407 -0.288 -0.121  0.179  0.525  0.839  1.000  0.826  0.559  0.239 -0.218 -0.655 -0.726 -0.708
 -0.444 -0.380 -0.173  0.068  0.367  0.485  0.480  0.306  0.207 -0.016  0.098  0.131  0.144 -0.063 -0.138 -0.315 -0.372 -0.465 -0.425 -0.389 -0.287 -0.058  0.150  0.167  0.051  0.127  0.310  0.238  0.128  0.295  0.336  0.163  0.130  0.257  0.358  0.464  0.456  0.435  0.507  0.696  0.745  0.791  0.698  0.588  0.323  0.113  0.250  0.282  0.437  0.368  0.297  0.210  0.097  0.040 -0.156 -0.238 -0.305 -0.153 -0.058 -0.208 -0.222 -0.323 -0.352 -0.254 -0.118  0.130  0.397  0.649  0.826  1.000  0.775  0.468 -0.052 -0.574 -0.689 -0.688
 -0.282 -0.269 -0.098  0.030  0.184  0.286  0.228  0.167  0.042 -0.072 -0.018 -0.024 -0.046 -0.140 -0.181 -0.263 -0.284 -0.314 -0.250 -0.235 -0.192 -0.050  0.062  0.041 -0.046 -0.019  0.119  0.060 -0.038  0.119  0.161  0.004  0.002  0.146  0.222  0.336  0.325  0.283  0.410  0.640  0.622  0.610  0.480  0.391  0.196  0.034  0.142  0.182  0.299  0.257  0.212  0.116  0.055  0.058 -0.063 -0.099 -0.123 -0.006  0.071 -0.040 -0.058 -0.145 -0.178 -0.129 -0.027  0.112  0.277  0.408  0.559  0.775  1.000  0.747  0.278 -0.355 -0.533 -0.565
 -0.060 -0.045  0.015  0.078  0.062  0.096  0.069  0.010 -0.037 -0.014  0.002  0.026  0.008  0.025 -0.029 -0.043 -0.107 -0.141 -0.146 -0.166 -0.151 -0.157 -0.121 -0.144 -0.126 -0.091 -0.040 -0.056 -0.099  0.001  0.034 -0.076 -0.073  0.041  0.096  0.189  0.204  0.152  0.277  0.474  0.349  0.422  0.218  0.072 -0.067 -0.163 -0.101 -0.068  0.021 -0.011 -0.071 -0.138 -0.173 -0.156 -0.171 -0.134 -0.118 -0.106 -0.044 -0.058 -0.052 -0.067 -0.040 -0.002 -0.015  0.032  0.044  0.095  0.239  0.468  0.747  1.000  0.541 -0.069 -0.245 -0.298
  0.253  0.218  0.177  0.079 -0.132 -0.163 -0.264 -0.223 -0.223 -0.099 -0.129 -0.104 -0.132  0.027  0.015  0.127  0.116  0.167  0.166  0.111  0.019 -0.129 -0.246 -0.324 -0.236 -0.244 -0.342 -0.332 -0.281 -0.278 -0.299 -0.290 -0.229 -0.198 -0.245 -0.217 -0.205 -0.238 -0.146 -0.083 -0.186 -0.095 -0.201 -0.238 -0.192 -0.199 -0.230 -0.208 -0.228 -0.209 -0.235 -0.288 -0.238 -0.145 -0.028  0.077  0.162  0.082  0.086  0.171  0.180  0.229  0.271  0.247  0.186  0.055 -0.097 -0.241 -0.218 -0.052  0.278  0.541  1.000  0.372  0.195  0.104
  0.517  0.447  0.222 -0.042 -0.402 -0.487 -0.541 -0.437 -0.398 -0.106 -0.247 -0.230 -0.228  0.036  0.086  0.301  0.348  0.463  0.432  0.361  0.207 -0.099 -0.361 -0.433 -0.265 -0.335 -0.569 -0.497 -0.364 -0.500 -0.551 -0.396 -0.323 -0.410 -0.511 -0.561 -0.555 -0.562 -0.504 -0.550 -0.627 -0.547 -0.602 -0.585 -0.397 -0.282 -0.399 -0.409 -0.531 -0.461 -0.447 -0.446 -0.306 -0.177  0.061  0.206  0.335  0.147  0.080  0.274  0.297  0.408  0.451  0.353  0.207 -0.085 -0.381 -0.605 -0.655 -0.574 -0.355 -0.069  0.372  1.000  0.833  0.675
  0.557  0.490  0.247 -0.026 -0.411 -0.504 -0.529 -0.430 -0.371 -0.113 -0.251 -0.213 -0.205  0.072  0.124  0.344  0.377  0.494  0.450  0.367  0.204 -0.127 -0.400 -0.458 -0.283 -0.343 -0.596 -0.519 -0.364 -0.526 -0.589 -0.405 -0.341 -0.458 -0.560 -0.626 -0.612 -0.612 -0.591 -0.670 -0.739 -0.650 -0.684 -0.651 -0.431 -0.279 -0.414 -0.456 -0.595 -0.529 -0.512 -0.489 -0.340 -0.222  0.032  0.186  0.323  0.118  0.041  0.259  0.283  0.414  0.471  0.382  0.210 -0.089 -0.412 -0.645 -0.726 -0.689 -0.533 -0.245  0.195  0.833  1.000  0.902
