  1.000  0.776  0.425  0.208 -0.191 -0.308 -0.387 -0.315 -0.208 -0.247 -0.305 -0.247 -0.159  0.118  0.257  0.603  0.537  0.500  0.328  0.200  0.157 -0.062 -0.245 -0.286 -0.154 -0.191 -0.296 -0.296 -0.306 -0.355 -0.344 -0.362 -0.320 -0.282 -0.291 -0.252 -0.157 -0.285 -0.194 -0.239 -0.340 -0.308 -0.377 -0.374 -0.298 -0.184 -0.210 -0.258 -0.378 -0.398 -0.405 -0.361 -0.235 -0.165 -0.012  0.112  0.145 -0.022 -0.048  0.106  0.192  0.321  0.564  0.480  0.179  0.055 -0.158 -0.325 -0.406 -0.340 -0.265 -0.119  0.260  0.330  0.402  0.430
  0.776  1.000  0.655  0.380 -0.066 -0.226 -0.357 -0.308 -0.223 -0.246 -0.294 -0.188 -0.091  0.201  0.444  0.561  0.384  0.343  0.211  0.092  0.034 -0.185 -0.340 -0.378 -0.256 -0.230 -0.312 -0.318 -0.324 -0.341 -0.304 -0.329 -0.303 -0.229 -0.239 -0.203 -0.116 -0.272 -0.123 -0.216 -0.303 -0.284 -0.358 -0.356 -0.311 -0.199 -0.212 -0.264 -0.370 -0.403 -0.453 -0.439 -0.340 -0.280 -0.130  0.026  0.075 -0.098 -0.077  0.096  0.211  0.316  0.600  0.640  0.316  0.195 -0.036 -0.265 -0.374 -0.311 -0.245 -0.119  0.257  0.279  0.404  0.414
  0.425  0.655  1.000  0.599  0.142 -0.056 -0.213 -0.254 -0.222 -0.205 -0.089  0.015  0.128  0.327  0.518  0.295  0.227  0.165  0.034 -0.088 -0.123 -0.276 -0.358 -0.369 -0.317 -0.273 -0.313 -0.304 -0.311 -0.250 -0.182 -0.197 -0.185 -0.110 -0.129 -0.138 -0.095 -0.116 -0.092 -0.215 -0.234 -0.252 -0.267 -0.250 -0.217 -0.140 -0.140 -0.168 -0.233 -0.268 -0.319 -0.346 -0.321 -0.307 -0.222 -0.077 -0.028 -0.108 -0.030  0.078  0.172  0.237  0.407  0.489  0.423  0.298  0.077 -0.147 -0.254 -0.283 -0.253 -0.181  0.063  0.151  0.325  0.332
  0.208  0.380  0.599  1.000  0.529  0.316  0.058 -0.058 -0.091 -0.031  0.153  0.320  0.346  0.462  0.337  0.191  0.117  0.014 -0.091 -0.200 -0.233 -0.334 -0.335 -0.319 -0.284 -0.212 -0.221 -0.221 -0.183 -0.166 -0.167 -0.145 -0.111 -0.091 -0.157 -0.174 -0.144 -0.134 -0.132 -0.186 -0.201 -0.191 -0.168 -0.149 -0.153 -0.134 -0.143 -0.135 -0.179 -0.221 -0.277 -0.308 -0.323 -0.353 -0.314 -0.220 -0.194 -0.249 -0.150 -0.095 -0.032  0.030  0.201  0.363  0.405  0.518  0.306  0.026 -0.074 -0.136 -0.147 -0.105  0.048  0.159  0.250  0.212
 -0.191 -0.066  0.142  0.529  1.000  0.732  0.472  0.285  0.111  0.194  0.358  0.513  0.537  0.334  0.143 -0.066 -0.121 -0.224 -0.271 -0.306 -0.288 -0.236 -0.140 -0.080 -0.117 -0.055  0.006  0.002  0.018  0.071  0.038  0.033  0.062  0.070  0.028 -0.002 -0.058  0.023 -0.005  0.013  0.085  0.109  0.153  0.143  0.066 -0.018 -0.011  0.013  0.063  0.011 -0.013 -0.046 -0.129 -0.213 -0.292 -0.309 -0.333 -0.287 -0.216 -0.265 -0.252 -0.224 -0.208 -0.084  0.090  0.296  0.439  0.350  0.372  0.225  0.097  0.023 -0.151 -0.125 -0.110 -0.139
 -0.308 -0.226 -0.056  0.316  0.732  1.000  0.725  0.544  0.351  0.436  0.534  0.621  0.461  0.224 -0.052 -0.164 -0.208 -0.333 -0.361 -0.399 -0.353 -0.256 -0.111 -0.045 -0.106 -0.049  0.029 -0.002  0.055  0.109  0.051  0.072  0.121  0.128  0.070  0.046  0.008  0.127  0.036  0.107  0.172  0.185  0.237  0.232  0.133  0.011  0.001  0.061  0.129  0.081  0.052 -0.002 -0.120 -0.222 -0.333 -0.356 -0.404 -0.328 -0.235 -0.319 -0.317 -0.302 -0.299 -0.196 -0.012  0.264  0.379  0.462  0.492  0.373  0.220  0.118 -0.187 -0.160 -0.225 -0.261
 -0.387 -0.357 -0.213  0.058  0.472  0.725  1.000  0.800  0.535  0.655  0.594  0.462  0.346  0.101 -0.117 -0.214 -0.247 -0.361 -0.365 -0.366 -0.288 -0.148  0.003  0.067 -0.004  0.029  0.124  0.094  0.103  0.158  0.115  0.106  0.133  0.152  0.147  0.134  0.066  0.197  0.136  0.222  0.316  0.338  0.349  0.329  0.184  0.054  0.066  0.116  0.223  0.166  0.144  0.108 -0.013 -0.112 -0.248 -0.316 -0.381 -0.275 -0.210 -0.328 -0.358 -0.354 -0.382 -0.338 -0.205  0.015  0.202  0.501  0.646  0.537  0.346  0.211 -0.252 -0.250 -0.406 -0.448
 -0.315 -0.308 -0.254 -0.058  0.285  0.544  0.800  1.000  0.730  0.656  0.381  0.245  0.119 -0.044 -0.189 -0.180 -0.201 -0.304 -0.315 -0.302 -0.223 -0.103  0.020  0.073  0.013  0.048  0.145  0.079  0.086  0.148  0.098  0.066  0.110  0.152  0.155  0.167  0.101  0.148  0.124  0.235  0.295  0.326  0.310  0.298  0.151  0.021  0.026  0.080  0.178  0.139  0.131  0.091  0.002 -0.078 -0.187 -0.254 -0.315 -0.232 -0.190 -0.285 -0.307 -0.307 -0.324 -0.297 -0.231 -0.020  0.152  0.472  0.579  0.546  0.357  0.248 -0.189 -0.228 -0.404 -0.426
 -0.208 -0.223 -0.222 -0.091  0.111  0.351  0.535  0.730  1.000  0.812  0.364  0.234  0.089 -0.023 -0.133 -0.075 -0.098 -0.191 -0.213 -0.202 -0.130 -0.051  0.025  0.068  0.029  0.059  0.125  0.054  0.056  0.121  0.065  0.036  0.105  0.134  0.111  0.118  0.027  0.037  0.032  0.120  0.140  0.159  0.133  0.138  0.046 -0.015 -0.020  0.048  0.098  0.079  0.092  0.077  0.015 -0.048 -0.126 -0.170 -0.230 -0.183 -0.146 -0.221 -0.229 -0.219 -0.237 -0.234 -0.216 -0.069  0.003  0.219  0.298  0.307  0.179  0.126 -0.155 -0.181 -0.294 -0.309
 -0.247 -0.246 -0.205 -0.031  0.194  0.436  0.655  0.656  0.812  1.000  0.634  0.448  0.280  0.118 -0.072 -0.067 -0.109 -0.229 -0.248 -0.253 -0.169 -0.083  0.020  0.064  0.017  0.052  0.112  0.057  0.070  0.117  0.054  0.049  0.123  0.135  0.098  0.073 -0.014  0.048  0.012  0.085  0.114  0.131  0.126  0.126  0.049  0.000 -0.005  0.066  0.115  0.082  0.089  0.077 -0.004 -0.074 -0.167 -0.205 -0.278 -0.226 -0.179 -0.262 -0.267 -0.252 -0.268 -0.263 -0.222 -0.075 -0.010  0.212  0.317  0.302  0.165  0.103 -0.186 -0.173 -0.290 -0.328
 -0.305 -0.294 -0.089  0.153  0.358  0.534  0.594  0.381  0.364  0.634  1.000  0.791  0.590  0.337  0.031 -0.101 -0.135 -0.245 -0.265 -0.292 -0.230 -0.137 -0.009  0.030 -0.029  0.009  0.035  0.039  0.098  0.120  0.051  0.117  0.181  0.112  0.030 -0.049 -0.128  0.063 -0.067 -0.040  0.023  0.032  0.082  0.100  0.063  0.023  0.025  0.102  0.135  0.095  0.090  0.087 -0.017 -0.097 -0.203 -0.233 -0.301 -0.227 -0.155 -0.255 -0.272 -0.292 -0.305 -0.267 -0.114  0.007  0.037  0.164  0.246  0.181  0.062 -0.011 -0.192 -0.108 -0.167 -0.240
 -0.247 -0.188  0.015  0.320  0.513  0.621  0.462  0.245  0.234  0.448  0.791  1.000  0.747  0.462  0.088 -0.035 -0.092 -0.226 -0.272 -0.321 -0.260 -0.191 -0.057 -0.005 -0.048  0.010  0.026  0.019  0.091  0.100  0.019  0.072  0.141  0.094 -0.005 -0.079 -0.154 -0.001 -0.119 -0.082 -0.035 -0.031  0.034  0.048  0.037 -0.007 -0.028  0.054  0.067  0.040  0.028  0.023 -0.083 -0.187 -0.273 -0.279 -0.342 -0.296 -0.217 -0.281 -0.277 -0.268 -0.255 -0.169 -0.028  0.122  0.110  0.141  0.190  0.108  0.006 -0.044 -0.197 -0.086 -0.053 -0.115
 -0.159 -0.091  0.128  0.346  0.537  0.461  0.346  0.119  0.089  0.280  0.590  0.747  1.000  0.679  0.310  0.081  0.010 -0.119 -0.189 -0.242 -0.173 -0.142 -0.048  0.011 -0.011  0.034  0.049  0.069  0.069  0.079  0.023  0.050  0.086  0.046 -0.019 -0.104 -0.208 -0.046 -0.123 -0.137 -0.069 -0.059 -0.006  0.004  0.015  0.023  0.020  0.069  0.050 -0.001 -0.007  0.024 -0.076 -0.175 -0.233 -0.231 -0.287 -0.276 -0.224 -0.257 -0.251 -0.224 -0.198 -0.129 -0.041  0.038  0.031  0.054  0.122  0.017 -0.080 -0.117 -0.222 -0.104 -0.023 -0.058
  0.118  0.201  0.327  0.462  0.334  0.224  0.101 -0.044 -0.023  0.118  0.337  0.462  0.679  1.000  0.543  0.358  0.236  0.085 -0.037 -0.132 -0.097 -0.170 -0.135 -0.073 -0.066 -0.029 -0.028 -0.024 -0.044 -0.069 -0.108 -0.109 -0.083 -0.081 -0.132 -0.180 -0.240 -0.158 -0.186 -0.233 -0.225 -0.210 -0.173 -0.158 -0.112 -0.045 -0.059 -0.045 -0.115 -0.163 -0.172 -0.121 -0.162 -0.253 -0.239 -0.182 -0.204 -0.269 -0.223 -0.185 -0.135 -0.060  0.054  0.137  0.095  0.107 -0.034 -0.109 -0.100 -0.154 -0.212 -0.174 -0.118  0.060  0.170  0.129
  0.257  0.444  0.518  0.337  0.143 -0.052 -0.117 -0.189 -0.133 -0.072  0.031  0.088  0.310  0.543  1.000  0.530  0.350  0.235  0.097  0.012 -0.001 -0.135 -0.185 -0.152 -0.127 -0.032 -0.034 -0.066 -0.159 -0.071 -0.048 -0.146 -0.149 -0.041 -0.034 -0.048 -0.156 -0.194 -0.062 -0.196 -0.179 -0.195 -0.217 -0.212 -0.230 -0.080 -0.034 -0.101 -0.177 -0.242 -0.258 -0.201 -0.177 -0.233 -0.164 -0.055 -0.031 -0.145 -0.119 -0.019  0.063  0.111  0.255  0.347  0.214  0.089 -0.056 -0.163 -0.194 -0.205 -0.227 -0.202 -0.074 -0.028  0.164  0.136
  0.603  0.561  0.295  0.191 -0.066 -0.164 -0.214 -0.180 -0.075 -0.067 -0.101 -0.035  0.081  0.358  0.530  1.000  0.777  0.536  0.323  0.230  0.286  0.098 -0.056 -0.046  0.060  0.040 -0.046 -0.108 -0.173 -0.230 -0.316 -0.390 -0.315 -0.278 -0.317 -0.277 -0.335 -0.409 -0.297 -0.294 -0.365 -0.305 -0.322 -0.310 -0.256 -0.147 -0.154 -0.167 -0.272 -0.286 -0.254 -0.167 -0.069 -0.079  0.055  0.120  0.074 -0.081 -0.149 -0.060  0.029  0.144  0.367  0.311  0.003 -0.055 -0.219 -0.308 -0.307 -0.260 -0.255 -0.161  0.078  0.210  0.275  0.259
  0.537  0.384  0.227  0.117 -0.121 -0.208 -0.247 -0.201 -0.098 -0.109 -0.135 -0.092  0.010  0.236  0.350  0.777  1.000  0.762  0.460  0.360  0.456  0.237  0.040  0.051  0.164  0.084 -0.023 -0.056 -0.122 -0.211 -0.299 -0.361 -0.311 -0.304 -0.337 -0.308 -0.368 -0.410 -0.349 -0.333 -0.399 -0.343 -0.340 -0.308 -0.250 -0.133 -0.128 -0.145 -0.237 -0.254 -0.186 -0.076  0.050  0.061  0.199  0.225  0.176  0.032 -0.072 -0.012  0.045  0.121  0.289  0.191 -0.043 -0.102 -0.259 -0.351 -0.337 -0.301 -0.284 -0.200  0.019  0.191  0.255  0.253
  0.500  0.343  0.165  0.014 -0.224 -0.333 -0.361 -0.304 -0.191 -0.229 -0.245 -0.226 -0.119  0.085  0.235  0.536  0.762  1.000  0.713  0.583  0.569  0.281  0.017 -0.002  0.139  0.020 -0.111 -0.102 -0.170 -0.268 -0.308 -0.347 -0.332 -0.346 -0.361 -0.339 -0.349 -0.395 -0.332 -0.346 -0.414 -0.365 -0.377 -0.363 -0.301 -0.161 -0.152 -0.208 -0.284 -0.305 -0.228 -0.120  0.054  0.119  0.312  0.364  0.383  0.223  0.097  0.172  0.168  0.181  0.295  0.181 -0.024 -0.138 -0.276 -0.415 -0.417 -0.379 -0.314 -0.228  0.083  0.244  0.328  0.325
  0.328  0.211  0.034 -0.091 -0.271 -0.361 -0.365 -0.315 -0.213 -0.248 -0.265 -0.272 -0.189 -0.037  0.097  0.323  0.460  0.713  1.000  0.721  0.524  0.270  0.038 -0.023  0.076 -0.029 -0.144 -0.110 -0.178 -0.284 -0.274 -0.287 -0.306 -0.339 -0.329 -0.323 -0.293 -0.328 -0.263 -0.283 -0.346 -0.305 -0.326 -0.329 -0.284 -0.182 -0.176 -0.257 -0.276 -0.252 -0.156 -0.094  0.097  0.228  0.442  0.539  0.579  0.414  0.266  0.330  0.284  0.197  0.206  0.105 -0.017 -0.143 -0.256 -0.385 -0.389 -0.342 -0.254 -0.189  0.137  0.244  0.280  0.268
  0.200  0.092 -0.088 -0.200 -0.306 -0.399 -0.366 -0.302 -0.202 -0.253 -0.292 -0.321 -0.242 -0.132  0.012  0.230  0.360  0.583  0.721  1.000  0.756  0.489  0.218  0.148  0.250  0.106 -0.026  0.007 -0.081 -0.208 -0.209 -0.241 -0.280 -0.328 -0.307 -0.297 -0.282 -0.314 -0.230 -0.256 -0.310 -0.259 -0.267 -0.282 -0.245 -0.147 -0.137 -0.201 -0.206 -0.167 -0.036  0.054  0.257  0.391  0.585  0.556  0.589  0.465  0.296  0.323  0.251  0.131  0.103 -0.011 -0.126 -0.229 -0.266 -0.376 -0.340 -0.302 -0.227 -0.200  0.094  0.150  0.196  0.179
  0.157  0.034 -0.123 -0.233 -0.288 -0.353 -0.288 -0.223 -0.130 -0.169 -0.230 -0.260 -0.173 -0.097 -0.001  0.286  0.456  0.569  0.524  0.756  1.000  0.760  0.447  0.376  0.484  0.301  0.135  0.143  0.033 -0.117 -0.180 -0.244 -0.256 -0.299 -0.279 -0.258 -0.303 -0.313 -0.237 -0.232 -0.271 -0.223 -0.210 -0.218 -0.172 -0.096 -0.091 -0.104 -0.109 -0.046  0.106  0.244  0.402  0.492  0.617  0.489  0.422  0.335  0.147  0.132  0.092  0.021  0.006 -0.101 -0.247 -0.307 -0.310 -0.356 -0.272 -0.230 -0.192 -0.196 -0.009  0.026  0.062  0.066
 -0.062 -0.185 -0.276 -0.334 -0.236 -0.256 -0.148 -0.103 -0.051 -0.083 -0.137 -0.191 -0.142 -0.170 -0.135  0.098  0.237  0.281  0.270  0.489  0.760  1.000  0.745  0.643  0.679  0.499  0.330  0.303  0.176  0.029 -0.053 -0.126 -0.139 -0.195 -0.163 -0.144 -0.227 -0.175 -0.133 -0.096 -0.094 -0.065 -0.027 -0.049 -0.030 -0.035 -0.034  0.016  0.084  0.204  0.387  0.547  0.625  0.667  0.631  0.416  0.275  0.296  0.114  0.018 -0.026 -0.107 -0.195 -0.290 -0.359 -0.357 -0.265 -0.228 -0.101 -0.072 -0.058 -0.122 -0.098 -0.162 -0.178 -0.165
 -0.245 -0.340 -0.358 -0.335 -0.140 -0.111  0.003  0.020  0.025  0.020 -0.009 -0.057 -0.048 -0.135 -0.185 -0.056  0.040  0.017  0.038  0.218  0.447  0.745  1.000  0.812  0.697  0.600  0.520  0.458  0.317  0.180  0.092  0.015 -0.006 -0.068 -0.035 -0.022 -0.135 -0.066 -0.054  0.026  0.052  0.058  0.113  0.079  0.059  0.013  0.032  0.116  0.227  0.363  0.532  0.685  0.607  0.566  0.428  0.235  0.056  0.139  0.029 -0.109 -0.156 -0.234 -0.344 -0.395 -0.393 -0.332 -0.195 -0.078  0.052  0.082  0.074 -0.008 -0.161 -0.266 -0.333 -0.320
 -0.286 -0.378 -0.369 -0.319 -0.080 -0.045  0.067  0.073  0.068  0.064  0.030 -0.005  0.011 -0.073 -0.152 -0.046  0.051 -0.002 -0.023  0.148  0.376  0.643  0.812  1.000  0.810  0.586  0.618  0.576  0.381  0.258  0.179  0.067  0.022 -0.021  0.033  0.050 -0.065 -0.006  0.002  0.093  0.116  0.114  0.156  0.138  0.109  0.074  0.083  0.169  0.246  0.355  0.533  0.719  0.635  0.484  0.334  0.127 -0.039  0.048 -0.041 -0.189 -0.215 -0.253 -0.378 -0.427 -0.409 -0.314 -0.152 -0.027  0.124  0.150  0.124  0.022 -0.228 -0.363 -0.420 -0.415
 -0.154 -0.256 -0.317 -0.284 -0.117 -0.106 -0.004  0.013  0.029  0.017 -0.029 -0.048 -0.011 -0.066 -0.127  0.060  0.164  0.139  0.076  0.250  0.484  0.679  0.697  0.810  1.000  0.752  0.583  0.596  0.450  0.234  0.101  0.007 -0.032 -0.111 -0.073 -0.064 -0.190 -0.112 -0.076 -0.015  0.008  0.018  0.044  0.032  0.030  0.022  0.016  0.078  0.135  0.209  0.375  0.567  0.530  0.415  0.339  0.156  0.004  0.029 -0.084 -0.188 -0.198 -0.225 -0.279 -0.338 -0.409 -0.338 -0.226 -0.135  0.024  0.043  0.039 -0.043 -0.151 -0.247 -0.275 -0.263
 -0.191 -0.230 -0.273 -0.212 -0.055 -0.049  0.029  0.048  0.059  0.052  0.009  0.010  0.034 -0.029 -0.032  0.040  0.084  0.020 -0.029  0.106  0.301  0.499  0.600  0.586  0.752  1.000  0.748  0.592  0.535  0.409  0.193  0.077  0.089  0.036  0.024  0.041 -0.205 -0.154 -0.076 -0.035  0.010 -0.002  0.017  0.033 -0.001 -0.028 -0.012  0.063  0.105  0.143  0.254  0.406  0.368  0.251  0.174  0.043 -0.080 -0.062 -0.148 -0.214 -0.222 -0.252 -0.290 -0.285 -0.342 -0.266 -0.188 -0.103  0.023  0.031  0.010 -0.062 -0.158 -0.222 -0.212 -0.219
 -0.296 -0.312 -0.313 -0.221  0.006  0.029  0.124  0.145  0.125  0.112  0.035  0.026  0.049 -0.028 -0.034 -0.046 -0.023 -0.111 -0.144 -0.026  0.135  0.330  0.520  0.618  0.583  0.748  1.000  0.789  0.545  0.553  0.450  0.216  0.170  0.212  0.256  0.295  0.038  0.014  0.100  0.162  0.204  0.161  0.141  0.145  0.071  0.042  0.058  0.116  0.170  0.195  0.304  0.439  0.369  0.203  0.078 -0.053 -0.167 -0.111 -0.160 -0.263 -0.265 -0.275 -0.360 -0.337 -0.326 -0.219 -0.085  0.042  0.175  0.196  0.149  0.056 -0.281 -0.411 -0.416 -0.435
 -0.296 -0.318 -0.304 -0.221  0.002 -0.002  0.094  0.079  0.054  0.057  0.039  0.019  0.069 -0.024 -0.066 -0.108 -0.056 -0.102 -0.110  0.007  0.143  0.303  0.458  0.576  0.596  0.592  0.789  1.000  0.698  0.528  0.532  0.391  0.231  0.175  0.247  0.223  0.035  0.040  0.093  0.143  0.185  0.153  0.122  0.097  0.029  0.031  0.040  0.077  0.141  0.168  0.293  0.413  0.345  0.211  0.097 -0.036 -0.133 -0.080 -0.128 -0.237 -0.238 -0.263 -0.353 -0.344 -0.325 -0.237 -0.097 -0.005  0.149  0.164  0.138  0.047 -0.247 -0.373 -0.394 -0.408
 -0.306 -0.324 -0.311 -0.183  0.018  0.055  0.103  0.086  0.056  0.070  0.098  0.091  0.069 -0.044 -0.159 -0.173 -0.122 -0.170 -0.178 -0.081  0.033  0.176  0.317  0.381  0.450  0.535  0.545  0.698  1.000  0.728  0.458  0.559  0.514  0.296  0.226  0.159 -0.015  0.038  0.008  0.053  0.104  0.075  0.084  0.041 -0.023 -0.054 -0.044  0.031  0.086  0.108  0.202  0.300  0.234  0.127 -0.008 -0.145 -0.218 -0.139 -0.191 -0.289 -0.302 -0.348 -0.373 -0.346 -0.316 -0.202 -0.076 -0.001  0.098  0.095  0.078  0.028 -0.106 -0.242 -0.286 -0.247
 -0.355 -0.341 -0.250 -0.166  0.071  0.109  0.158  0.148  0.121  0.117  0.120  0.100  0.079 -0.069 -0.071 -0.230 -0.211 -0.268 -0.284 -0.208 -0.117  0.029  0.180  0.258  0.234  0.409  0.553  0.528  0.728  1.000  0.731  0.612  0.639  0.586  0.501  0.483  0.189  0.143  0.138  0.186  0.249  0.156  0.112  0.080 -0.012 -0.037 -0.020  0.052  0.112  0.091  0.150  0.215  0.126  0.002 -0.144 -0.251 -0.288 -0.194 -0.211 -0.306 -0.331 -0.357 -0.395 -0.342 -0.239 -0.140 -0.010  0.100  0.177  0.174  0.125  0.076 -0.217 -0.375 -0.358 -0.343
 -0.344 -0.304 -0.182 -0.167  0.038  0.051  0.115  0.098  0.065  0.054  0.051  0.019  0.023 -0.108 -0.048 -0.316 -0.299 -0.308 -0.274 -0.209 -0.180 -0.053  0.092  0.179  0.101  0.193  0.450  0.532  0.458  0.731  1.000  0.743  0.524  0.589  0.658  0.614  0.413  0.305  0.322  0.317  0.353  0.239  0.140  0.101  0.008  0.023  0.037  0.059  0.120  0.093  0.138  0.169  0.074 -0.013 -0.142 -0.212 -0.207 -0.119 -0.111 -0.196 -0.220 -0.257 -0.341 -0.274 -0.146 -0.097  0.023  0.116  0.197  0.209  0.160  0.098 -0.298 -0.466 -0.403 -0.420
 -0.362 -0.329 -0.197 -0.145  0.033  0.072  0.106  0.066  0.036  0.049  0.117  0.072  0.050 -0.109 -0.146 -0.390 -0.361 -0.347 -0.287 -0.241 -0.244 -0.126  0.015  0.067  0.007  0.077  0.216  0.391  0.559  0.612  0.743  1.000  0.760  0.571  0.550  0.396  0.266  0.272  0.187  0.171  0.229  0.140  0.106  0.065  0.003  0.008  0.011  0.054  0.102  0.084  0.114  0.114  0.011 -0.047 -0.170 -0.247 -0.228 -0.123 -0.110 -0.190 -0.222 -0.258 -0.353 -0.287 -0.125 -0.084  0.026  0.087  0.129  0.105  0.079  0.041 -0.159 -0.285 -0.284 -0.254
 -0.320 -0.303 -0.185 -0.111  0.062  0.121  0.133  0.110  0.105  0.123  0.181  0.141  0.086 -0.083 -0.149 -0.315 -0.311 -0.332 -0.306 -0.280 -0.256 -0.139 -0.006  0.022 -0.032  0.089  0.170  0.231  0.514  0.639  0.524  0.760  1.000  0.758  0.535  0.419  0.166  0.156  0.063  0.086  0.154  0.066  0.054  0.021 -0.015 -0.035 -0.041  0.028  0.070  0.067  0.085  0.085 -0.026 -0.085 -0.201 -0.296 -0.287 -0.170 -0.179 -0.246 -0.284 -0.281 -0.357 -0.303 -0.147 -0.080  0.026  0.080  0.098  0.080  0.059  0.039 -0.081 -0.227 -0.234 -0.175
 -0.282 -0.229 -0.110 -0.091  0.070  0.128  0.152  0.152  0.134  0.135  0.112  0.094  0.046 -0.081 -0.041 -0.278 -0.304 -0.346 -0.339 -0.328 -0.299 -0.195 -0.068 -0.021 -0.111  0.036  0.212  0.175  0.296  0.586  0.589  0.571  0.758  1.000  0.823  0.730  0.404  0.293  0.255  0.235  0.270  0.137  0.086  0.053 -0.017 -0.014 -0.012  0.022  0.059  0.042  0.046  0.033 -0.087 -0.163 -0.264 -0.323 -0.296 -0.201 -0.188 -0.242 -0.265 -0.254 -0.316 -0.217 -0.101 -0.034  0.050  0.144  0.151  0.165  0.116  0.073 -0.193 -0.381 -0.325 -0.267
 -0.291 -0.239 -0.129 -0.157  0.028  0.070  0.147  0.155  0.111  0.098  0.030 -0.005 -0.019 -0.132 -0.034 -0.317 -0.337 -0.361 -0.329 -0.307 -0.279 -0.163 -0.035  0.033 -0.073  0.024  0.256  0.247  0.226  0.501  0.658  0.550  0.535  0.823  1.000  0.864  0.575  0.423  0.418  0.374  0.383  0.249  0.163  0.123  0.027  0.032  0.043  0.049  0.099  0.070  0.083  0.072 -0.047 -0.131 -0.230 -0.289 -0.254 -0.163 -0.150 -0.205 -0.238 -0.217 -0.303 -0.216 -0.109 -0.063  0.046  0.185  0.222  0.265  0.214  0.143 -0.259 -0.492 -0.415 -0.379
 -0.252 -0.203 -0.138 -0.174 -0.002  0.046  0.134  0.167  0.118  0.073 -0.049 -0.079 -0.104 -0.180 -0.048 -0.277 -0.308 -0.339 -0.323 -0.297 -0.258 -0.144 -0.022  0.050 -0.064  0.041  0.295  0.223  0.159  0.483  0.614  0.396  0.419  0.730  0.864  1.000  0.710  0.479  0.506  0.483  0.467  0.318  0.202  0.159  0.043  0.027  0.049  0.056  0.121  0.083  0.082  0.074 -0.032 -0.116 -0.216 -0.276 -0.239 -0.150 -0.141 -0.199 -0.236 -0.205 -0.271 -0.190 -0.117 -0.061  0.054  0.212  0.258  0.333  0.295  0.218 -0.213 -0.501 -0.473 -0.441
 -0.157 -0.116 -0.095 -0.144 -0.058  0.008  0.066  0.101  0.027 -0.014 -0.128 -0.154 -0.208 -0.240 -0.156 -0.335 -0.368 -0.349 -0.293 -0.282 -0.303 -0.227 -0.135 -0.065 -0.190 -0.205  0.038  0.035 -0.015  0.189  0.413  0.266  0.166  0.404  0.575  0.710  1.000  0.764  0.677  0.599  0.516  0.404  0.273  0.155  0.048  0.028  0.041  0.019  0.091  0.049  0.002 -0.036 -0.122 -0.126 -0.207 -0.220 -0.163 -0.096 -0.059 -0.090 -0.130 -0.130 -0.141 -0.077 -0.015  0.032  0.127  0.241  0.222  0.314  0.315  0.301 -0.016 -0.395 -0.425 -0.363
 -0.285 -0.272 -0.116 -0.134  0.023  0.127  0.197  0.148  0.037  0.048  0.063 -0.001 -0.046 -0.158 -0.194 -0.409 -0.410 -0.395 -0.328 -0.314 -0.313 -0.175 -0.066 -0.006 -0.112 -0.154  0.014  0.040  0.038  0.143  0.305  0.272  0.156  0.293  0.423  0.479  0.764  1.000  0.736  0.535  0.549  0.436  0.395  0.262  0.142  0.074  0.100  0.096  0.209  0.164  0.103  0.066 -0.057 -0.079 -0.199 -0.224 -0.202 -0.099 -0.044 -0.123 -0.168 -0.206 -0.258 -0.216 -0.075 -0.008  0.108  0.307  0.313  0.333  0.318  0.223 -0.079 -0.398 -0.475 -0.389
 -0.194 -0.123 -0.092 -0.132 -0.005  0.036  0.136  0.124  0.032  0.012 -0.067 -0.119 -0.123 -0.186 -0.062 -0.297 -0.349 -0.332 -0.263 -0.230 -0.237 -0.133 -0.054  0.002 -0.076 -0.076  0.100  0.093  0.008  0.138  0.322  0.187  0.063  0.255  0.418  0.506  0.677  0.736  1.000  0.753  0.685  0.575  0.402  0.251  0.082  0.029  0.081  0.051  0.177  0.119  0.055  0.030 -0.044 -0.044 -0.148 -0.158 -0.126 -0.062 -0.016 -0.077 -0.120 -0.168 -0.176 -0.103 -0.076 -0.007  0.113  0.257  0.309  0.405  0.451  0.350  0.040 -0.451 -0.537 -0.511
 -0.239 -0.216 -0.215 -0.186  0.013  0.107  0.222  0.235  0.120  0.085 -0.040 -0.082 -0.137 -0.233 -0.196 -0.294 -0.333 -0.346 -0.283 -0.256 -0.232 -0.096  0.026  0.093 -0.015 -0.035  0.162  0.143  0.053  0.186  0.317  0.171  0.086  0.235  0.374  0.483  0.599  0.535  0.753  1.000  0.843  0.709  0.473  0.301  0.107  0.001  0.032  0.053  0.217  0.190  0.140  0.105  0.011 -0.007 -0.143 -0.190 -0.182 -0.087 -0.042 -0.141 -0.180 -0.234 -0.258 -0.208 -0.169 -0.065  0.117  0.314  0.440  0.584  0.683  0.646  0.075 -0.365 -0.611 -0.629
 -0.340 -0.303 -0.234 -0.201  0.085  0.172  0.316  0.295  0.140  0.114  0.023 -0.035 -0.069 -0.225 -0.179 -0.365 -0.399 -0.414 -0.346 -0.310 -0.271 -0.094  0.052  0.116  0.008  0.010  0.204  0.185  0.104  0.249  0.353  0.229  0.154  0.270  0.383  0.467  0.516  0.549  0.685  0.843  1.000  0.853  0.618  0.410  0.175  0.024  0.077  0.101  0.312  0.276  0.209  0.163  0.044  0.002 -0.167 -0.242 -0.248 -0.122 -0.074 -0.197 -0.248 -0.300 -0.347 -0.287 -0.202 -0.083  0.152  0.415  0.571  0.654  0.681  0.570  0.000 -0.421 -0.652 -0.646
 -0.308 -0.284 -0.252 -0.191  0.109  0.185  0.338  0.326  0.159  0.131  0.032 -0.031 -0.059 -0.210 -0.195 -0.305 -0.343 -0.365 -0.305 -0.259 -0.223 -0.065  0.058  0.114  0.018 -0.002  0.161  0.153  0.075  0.156  0.239  0.140  0.066  0.137  0.249  0.318  0.404  0.436  0.575  0.709  0.853  1.000  0.769  0.502  0.226  0.011  0.051  0.079  0.320  0.310  0.245  0.174  0.088  0.057 -0.106 -0.189 -0.204 -0.082 -0.039 -0.162 -0.225 -0.276 -0.318 -0.276 -0.216 -0.082  0.189  0.459  0.626  0.711  0.649  0.560  0.004 -0.379 -0.618 -0.620
 -0.377 -0.358 -0.267 -0.168  0.153  0.237  0.349  0.310  0.133  0.126  0.082  0.034 -0.006 -0.173 -0.217 -0.322 -0.340 -0.377 -0.326 -0.267 -0.210 -0.027  0.113  0.156  0.044  0.017  0.141  0.122  0.084  0.112  0.140  0.106  0.054  0.086  0.163  0.202  0.273  0.395  0.402  0.473  0.618  0.769  1.000  0.736  0.389  0.070  0.127  0.163  0.439  0.433  0.344  0.246  0.140  0.089 -0.089 -0.198 -0.231 -0.092 -0.049 -0.189 -0.249 -0.292 -0.359 -0.329 -0.209 -0.057  0.243  0.569  0.626  0.569  0.436  0.325 -0.092 -0.352 -0.539 -0.506
 -0.374 -0.356 -0.250 -0.149  0.143  0.232  0.329  0.298  0.138  0.126  0.100  0.048  0.004 -0.158 -0.212 -0.310 -0.308 -0.363 -0.329 -0.282 -0.218 -0.049  0.079  0.138  0.032  0.033  0.145  0.097  0.041  0.080  0.101  0.065  0.021  0.053  0.123  0.159  0.155  0.262  0.251  0.301  0.410  0.502  0.736  1.000  0.687  0.303  0.393  0.417  0.525  0.388  0.289  0.215  0.117  0.027 -0.143 -0.234 -0.281 -0.173 -0.115 -0.228 -0.245 -0.237 -0.325 -0.301 -0.181 -0.031  0.258  0.584  0.547  0.455  0.298  0.173 -0.167 -0.297 -0.448 -0.433
 -0.298 -0.311 -0.217 -0.153  0.066  0.133  0.184  0.151  0.046  0.049  0.063  0.037  0.015 -0.112 -0.230 -0.256 -0.250 -0.301 -0.284 -0.245 -0.172 -0.030  0.059  0.109  0.030 -0.001  0.071  0.029 -0.023 -0.012  0.008  0.003 -0.015 -0.017  0.027  0.043  0.048  0.142  0.082  0.107  0.175  0.226  0.389  0.687  1.000  0.629  0.469  0.467  0.366  0.330  0.260  0.194  0.081 -0.010 -0.123 -0.202 -0.275 -0.201 -0.141 -0.214 -0.194 -0.149 -0.244 -0.252 -0.142 -0.015  0.180  0.363  0.312  0.218  0.105  0.014 -0.202 -0.183 -0.214 -0.209
 -0.184 -0.199 -0.140 -0.134 -0.018  0.011  0.054  0.021 -0.015  0.000  0.023 -0.007  0.023 -0.045 -0.080 -0.147 -0.133 -0.161 -0.182 -0.147 -0.096 -0.035  0.013  0.074  0.022 -0.028  0.042  0.031 -0.054 -0.037  0.023  0.008 -0.035 -0.014  0.032  0.027  0.028  0.074  0.029  0.001  0.024  0.011  0.070  0.303  0.629  1.000  0.702  0.503  0.220  0.131  0.121  0.127  0.055 -0.056 -0.115 -0.165 -0.205 -0.186 -0.150 -0.170 -0.142 -0.085 -0.143 -0.169 -0.139 -0.102  0.009  0.121  0.097  0.023 -0.044 -0.119 -0.235 -0.154 -0.091 -0.088
 -0.210 -0.212 -0.140 -0.143 -0.011  0.001  0.066  0.026 -0.020 -0.005  0.025 -0.028  0.020 -0.059 -0.034 -0.154 -0.128 -0.152 -0.176 -0.137 -0.091 -0.034  0.032  0.083  0.016 -0.012  0.058  0.040 -0.044 -0.020  0.037  0.011 -0.041 -0.012  0.043  0.049  0.041  0.100  0.081  0.032  0.077  0.051  0.127  0.393  0.469  0.702  1.000  0.702  0.392  0.113  0.073  0.110  0.064 -0.036 -0.109 -0.154 -0.185 -0.173 -0.136 -0.156 -0.138 -0.091 -0.140 -0.158 -0.139 -0.131 -0.021  0.150  0.134  0.051  0.001 -0.088 -0.183 -0.162 -0.189 -0.167
 -0.258 -0.264 -0.168 -0.135  0.013  0.061  0.116  0.080  0.048  0.066  0.102  0.054  0.069 -0.045 -0.101 -0.167 -0.145 -0.208 -0.257 -0.201 -0.104  0.016  0.116  0.169  0.078  0.063  0.116  0.077  0.031  0.052  0.059  0.054  0.028  0.022  0.049  0.056  0.019  0.096  0.051  0.053  0.101  0.079  0.163  0.417  0.467  0.503  0.702  1.000  0.670  0.359  0.206  0.226  0.103  0.001 -0.118 -0.194 -0.264 -0.209 -0.169 -0.232 -0.219 -0.172 -0.219 -0.227 -0.179 -0.114 -0.020  0.137  0.155  0.091  0.032 -0.038 -0.181 -0.180 -0.263 -0.239
 -0.378 -0.370 -0.233 -0.179  0.063  0.129  0.223  0.178  0.098  0.115  0.135  0.067  0.050 -0.115 -0.177 -0.272 -0.237 -0.284 -0.276 -0.206 -0.109  0.084  0.227  0.246  0.135  0.105  0.170  0.141  0.086  0.112  0.120  0.102  0.070  0.059  0.099  0.121  0.091  0.209  0.177  0.217  0.312  0.320  0.439  0.525  0.366  0.220  0.392  0.670  1.000  0.661  0.426  0.364  0.197  0.148 -0.036 -0.147 -0.206 -0.076 -0.042 -0.176 -0.225 -0.263 -0.353 -0.346 -0.239 -0.128  0.057  0.281  0.340  0.274  0.198  0.097 -0.192 -0.284 -0.448 -0.419
 -0.398 -0.403 -0.268 -0.221  0.011  0.081  0.166  0.139  0.079  0.082  0.095  0.040 -0.001 -0.163 -0.242 -0.286 -0.254 -0.305 -0.252 -0.167 -0.046  0.204  0.363  0.355  0.209  0.143  0.195  0.168  0.108  0.091  0.093  0.084  0.067  0.042  0.070  0.083  0.049  0.164  0.119  0.190  0.276  0.310  0.433  0.388  0.330  0.131  0.113  0.359  0.661  1.000  0.758  0.559  0.316  0.300  0.093 -0.034 -0.126  0.050  0.092 -0.102 -0.157 -0.243 -0.393 -0.378 -0.234 -0.110  0.064  0.205  0.277  0.261  0.196  0.085 -0.176 -0.314 -0.406 -0.371
 -0.405 -0.453 -0.319 -0.277 -0.013  0.052  0.144  0.131  0.092  0.089  0.090  0.028 -0.007 -0.172 -0.258 -0.254 -0.186 -0.228 -0.156 -0.036  0.106  0.387  0.532  0.533  0.375  0.254  0.304  0.293  0.202  0.150  0.138  0.114  0.085  0.046  0.083  0.082  0.002  0.103  0.055  0.140  0.209  0.245  0.344  0.289  0.260  0.121  0.073  0.206  0.426  0.758  1.000  0.798  0.574  0.517  0.288  0.109 -0.017  0.182  0.177 -0.047 -0.129 -0.241 -0.429 -0.454 -0.301 -0.178  0.015  0.147  0.237  0.233  0.169  0.032 -0.237 -0.395 -0.461 -0.422
 -0.361 -0.439 -0.346 -0.308 -0.046 -0.002  0.108  0.091  0.077  0.077  0.087  0.023  0.024 -0.121 -0.201 -0.167 -0.076 -0.120 -0.094  0.054  0.244  0.547  0.685  0.719  0.567  0.406  0.439  0.413  0.300  0.215  0.169  0.114  0.085  0.033  0.072  0.074 -0.036  0.066  0.030  0.105  0.163  0.174  0.246  0.215  0.194  0.127  0.110  0.226  0.364  0.559  0.798  1.000  0.749  0.586  0.354  0.125 -0.041  0.131  0.055 -0.154 -0.209 -0.276 -0.429 -0.468 -0.374 -0.273 -0.092  0.047  0.173  0.182  0.136  0.006 -0.270 -0.426 -0.469 -0.434
 -0.235 -0.340 -0.321 -0.323 -0.129 -0.120 -0.013  0.002  0.015 -0.004 -0.017 -0.083 -0.076 -0.162 -0.177 -0.069  0.050  0.054  0.097  0.257  0.402  0.625  0.607  0.635  0.530  0.368  0.369  0.345  0.234  0.126  0.074  0.011 -0.026 -0.087 -0.047 -0.032 -0.122 -0.057 -0.044  0.011  0.044  0.088  0.140  0.117  0.081  0.055  0.064  0.103  0.197  0.316  0.574  0.749  1.000  0.772  0.550  0.323  0.185  0.302  0.168  0.001 -0.063 -0.157 -0.301 -0.380 -0.336 -0.298 -0.141 -0.067  0.056  0.073  0.055 -0.050 -0.173 -0.310 -0.356 -0.340
 -0.165 -0.280 -0.307 -0.353 -0.213 -0.222 -0.112 -0.078 -0.048 -0.074 -0.097 -0.187 -0.175 -0.253 -0.233 -0.079  0.061  0.119  0.228  0.391  0.492  0.667  0.566  0.484  0.415  0.251  0.203  0.211  0.127  0.002 -0.013 -0.047 -0.085 -0.163 -0.131 -0.116 -0.126 -0.079 -0.044 -0.007  0.002  0.057  0.089  0.027 -0.010 -0.056 -0.036  0.001  0.148  0.300  0.517  0.586  0.772  1.000  0.776  0.526  0.384  0.511  0.331  0.147  0.064 -0.106 -0.237 -0.330 -0.306 -0.304 -0.160 -0.133 -0.030  0.005  0.024 -0.044 -0.015 -0.176 -0.281 -0.260
 -0.012 -0.130 -0.222 -0.314 -0.292 -0.333 -0.248 -0.187 -0.126 -0.167 -0.203 -0.273 -0.233 -0.239 -0.164  0.055  0.199  0.312  0.442  0.585  0.617  0.631  0.428  0.334  0.339  0.174  0.078  0.097 -0.008 -0.144 -0.142 -0.170 -0.201 -0.264 -0.230 -0.216 -0.207 -0.199 -0.148 -0.143 -0.167 -0.106 -0.089 -0.143 -0.123 -0.115 -0.109 -0.118 -0.036  0.093  0.288  0.354  0.550  0.776  1.000  0.769  0.610  0.638  0.419  0.320  0.235  0.050 -0.077 -0.189 -0.206 -0.282 -0.236 -0.275 -0.195 -0.156 -0.114 -0.143  0.002 -0.036 -0.060 -0.043
  0.112  0.026 -0.077 -0.220 -0.309 -0.356 -0.316 -0.254 -0.170 -0.205 -0.233 -0.279 -0.231 -0.182 -0.055  0.120  0.225  0.364  0.539  0.556  0.489  0.416  0.235  0.127  0.156  0.043 -0.053 -0.036 -0.145 -0.251 -0.212 -0.247 -0.296 -0.323 -0.289 -0.276 -0.220 -0.224 -0.158 -0.190 -0.242 -0.189 -0.198 -0.234 -0.202 -0.165 -0.154 -0.194 -0.147 -0.034  0.109  0.125  0.323  0.526  0.769  1.000  0.773  0.650  0.553  0.516  0.476  0.206  0.089 -0.034 -0.074 -0.209 -0.258 -0.336 -0.299 -0.244 -0.178 -0.174  0.053  0.070  0.083  0.095
  0.145  0.075 -0.028 -0.194 -0.333 -0.404 -0.381 -0.315 -0.230 -0.278 -0.301 -0.342 -0.287 -0.204 -0.031  0.074  0.176  0.383  0.579  0.589  0.422  0.275  0.056 -0.039  0.004 -0.080 -0.167 -0.133 -0.218 -0.288 -0.207 -0.228 -0.287 -0.296 -0.254 -0.239 -0.163 -0.202 -0.126 -0.182 -0.248 -0.204 -0.231 -0.281 -0.275 -0.205 -0.185 -0.264 -0.206 -0.126 -0.017 -0.041  0.185  0.384  0.610  0.773  1.000  0.811  0.617  0.661  0.491  0.250  0.152  0.052  0.019 -0.149 -0.217 -0.337 -0.338 -0.292 -0.198 -0.179  0.114  0.144  0.186  0.182
 -0.022 -0.098 -0.108 -0.249 -0.287 -0.328 -0.275 -0.232 -0.183 -0.226 -0.227 -0.296 -0.276 -0.269 -0.145 -0.081  0.032  0.223  0.414  0.465  0.335  0.296  0.139  0.048  0.029 -0.062 -0.111 -0.080 -0.139 -0.194 -0.119 -0.123 -0.170 -0.201 -0.163 -0.150 -0.096 -0.099 -0.062 -0.087 -0.122 -0.082 -0.092 -0.173 -0.201 -0.186 -0.173 -0.209 -0.076  0.050  0.182  0.131  0.302  0.511  0.638  0.650  0.811  1.000  0.776  0.637  0.397  0.150  0.014 -0.075 -0.033 -0.165 -0.155 -0.234 -0.208 -0.167 -0.092 -0.115  0.050  0.029  0.029  0.029
 -0.048 -0.077 -0.030 -0.150 -0.216 -0.235 -0.210 -0.190 -0.146 -0.179 -0.155 -0.217 -0.224 -0.223 -0.119 -0.149 -0.072  0.097  0.266  0.296  0.147  0.114  0.029 -0.041 -0.084 -0.148 -0.160 -0.128 -0.191 -0.211 -0.111 -0.110 -0.179 -0.188 -0.150 -0.141 -0.059 -0.044 -0.016 -0.042 -0.074 -0.039 -0.049 -0.115 -0.141 -0.150 -0.136 -0.169 -0.042  0.092  0.177  0.055  0.168  0.331  0.419  0.553  0.617  0.776  1.000  0.747  0.554  0.226  0.079 -0.008  0.060 -0.065 -0.086 -0.165 -0.161 -0.113 -0.044 -0.077  0.037  0.022  0.013  0.007
  0.106  0.096  0.078 -0.095 -0.265 -0.319 -0.328 -0.285 -0.221 -0.262 -0.255 -0.281 -0.257 -0.185 -0.019 -0.060 -0.012  0.172  0.330  0.323  0.132  0.018 -0.109 -0.189 -0.188 -0.214 -0.263 -0.237 -0.289 -0.306 -0.196 -0.190 -0.246 -0.242 -0.205 -0.199 -0.090 -0.123 -0.077 -0.141 -0.197 -0.162 -0.189 -0.228 -0.214 -0.170 -0.156 -0.232 -0.176 -0.102 -0.047 -0.154  0.001  0.147  0.320  0.516  0.661  0.637  0.747  1.000  0.737  0.416  0.269  0.161  0.180 -0.008 -0.102 -0.242 -0.288 -0.245 -0.157 -0.140  0.096  0.167  0.221  0.201
  0.192  0.211  0.172 -0.032 -0.252 -0.317 -0.358 -0.307 -0.229 -0.267 -0.272 -0.277 -0.251 -0.135  0.063  0.029  0.045  0.168  0.284  0.251  0.092 -0.026 -0.156 -0.215 -0.198 -0.222 -0.265 -0.238 -0.302 -0.331 -0.220 -0.222 -0.284 -0.265 -0.238 -0.236 -0.130 -0.168 -0.120 -0.180 -0.248 -0.225 -0.249 -0.245 -0.194 -0.142 -0.138 -0.219 -0.225 -0.157 -0.129 -0.209 -0.063  0.064  0.235  0.476  0.491  0.397  0.554  0.737  1.000  0.681  0.447  0.285  0.307  0.065 -0.082 -0.248 -0.330 -0.286 -0.205 -0.171  0.111  0.192  0.268  0.265
  0.321  0.316  0.237  0.030 -0.224 -0.302 -0.354 -0.307 -0.219 -0.252 -0.292 -0.268 -0.224 -0.060  0.111  0.144  0.121  0.181  0.197  0.131  0.021 -0.107 -0.234 -0.253 -0.225 -0.252 -0.275 -0.263 -0.348 -0.357 -0.257 -0.258 -0.281 -0.254 -0.217 -0.205 -0.130 -0.206 -0.168 -0.234 -0.300 -0.276 -0.292 -0.237 -0.149 -0.085 -0.091 -0.172 -0.263 -0.243 -0.241 -0.276 -0.157 -0.106  0.050  0.206  0.250  0.150  0.226  0.416  0.681  1.000  0.659  0.394  0.384  0.122 -0.061 -0.234 -0.335 -0.314 -0.249 -0.193  0.079  0.248  0.387  0.360
  0.564  0.600  0.407  0.201 -0.208 -0.299 -0.382 -0.324 -0.237 -0.268 -0.305 -0.255 -0.198  0.054  0.255  0.367  0.289  0.295  0.206  0.103  0.006 -0.195 -0.344 -0.378 -0.279 -0.290 -0.360 -0.353 -0.373 -0.395 -0.341 -0.353 -0.357 -0.316 -0.303 -0.271 -0.141 -0.258 -0.176 -0.258 -0.347 -0.318 -0.359 -0.325 -0.244 -0.143 -0.140 -0.219 -0.353 -0.393 -0.429 -0.429 -0.301 -0.237 -0.077  0.089  0.152  0.014  0.079  0.269  0.447  0.659  1.000  0.762  0.494  0.240 -0.059 -0.254 -0.396 -0.345 -0.268 -0.152  0.216  0.357  0.464  0.437
  0.480  0.640  0.489  0.363 -0.084 -0.196 -0.338 -0.297 -0.234 -0.263 -0.267 -0.169 -0.129  0.137  0.347  0.311  0.191  0.181  0.105 -0.011 -0.101 -0.290 -0.395 -0.427 -0.338 -0.285 -0.337 -0.344 -0.346 -0.342 -0.274 -0.287 -0.303 -0.217 -0.216 -0.190 -0.077 -0.216 -0.103 -0.208 -0.287 -0.276 -0.329 -0.301 -0.252 -0.169 -0.158 -0.227 -0.346 -0.378 -0.454 -0.468 -0.380 -0.330 -0.189 -0.034  0.052 -0.075 -0.008  0.161  0.285  0.394  0.762  1.000  0.696  0.432  0.083 -0.171 -0.353 -0.305 -0.241 -0.132  0.213  0.303  0.436  0.420
  0.179  0.316  0.423  0.405  0.090 -0.012 -0.205 -0.231 -0.216 -0.222 -0.114 -0.028 -0.041  0.095  0.214  0.003 -0.043 -0.024 -0.017 -0.126 -0.247 -0.359 -0.393 -0.409 -0.409 -0.342 -0.326 -0.325 -0.316 -0.239 -0.146 -0.125 -0.147 -0.101 -0.109 -0.117 -0.015 -0.075 -0.076 -0.169 -0.202 -0.216 -0.209 -0.181 -0.142 -0.139 -0.139 -0.179 -0.239 -0.234 -0.301 -0.374 -0.336 -0.306 -0.206 -0.074  0.019 -0.033  0.060  0.180  0.307  0.384  0.494  0.696  1.000  0.656  0.327 -0.005 -0.217 -0.237 -0.200 -0.140  0.081  0.186  0.344  0.322
  0.055  0.195  0.298  0.518  0.296  0.264  0.015 -0.020 -0.069 -0.075  0.007  0.122  0.038  0.107  0.089 -0.055 -0.102 -0.138 -0.143 -0.229 -0.307 -0.357 -0.332 -0.314 -0.338 -0.266 -0.219 -0.237 -0.202 -0.140 -0.097 -0.084 -0.080 -0.034 -0.063 -0.061  0.032 -0.008 -0.007 -0.065 -0.083 -0.082 -0.057 -0.031 -0.015 -0.102 -0.131 -0.114 -0.128 -0.110 -0.178 -0.273 -0.298 -0.304 -0.282 -0.209 -0.149 -0.165 -0.065 -0.008  0.065  0.122  0.240  0.432  0.656  1.000  0.643  0.200 -0.022 -0.054 -0.064 -0.042  0.065  0.076  0.168  0.149
 -0.158 -0.036  0.077  0.306  0.439  0.379  0.202  0.152  0.003 -0.010  0.037  0.110  0.031 -0.034 -0.056 -0.219 -0.259 -0.276 -0.256 -0.266 -0.310 -0.265 -0.195 -0.152 -0.226 -0.188 -0.085 -0.097 -0.076 -0.010  0.023  0.026  0.026  0.050  0.046  0.054  0.127  0.108  0.113  0.117  0.152  0.189  0.243  0.258  0.180  0.009 -0.021 -0.020  0.057  0.064  0.015 -0.092 -0.141 -0.160 -0.236 -0.258 -0.217 -0.155 -0.086 -0.102 -0.082 -0.061 -0.059  0.083  0.327  0.643  1.000  0.562  0.325  0.228  0.139  0.093 -0.001 -0.104 -0.103 -0.110
 -0.325 -0.265 -0.147  0.026  0.350  0.462  0.501  0.472  0.219  0.212  0.164  0.141  0.054 -0.109 -0.163 -0.308 -0.351 -0.415 -0.385 -0.376 -0.356 -0.228 -0.078 -0.027 -0.135 -0.103  0.042 -0.005 -0.001  0.100  0.116  0.087  0.080  0.144  0.185  0.212  0.241  0.307  0.257  0.314  0.415  0.459  0.569  0.584  0.363  0.121  0.150  0.137  0.281  0.205  0.147  0.047 -0.067 -0.133 -0.275 -0.336 -0.337 -0.234 -0.165 -0.242 -0.248 -0.234 -0.254 -0.171 -0.005  0.200  0.562  1.000  0.748  0.552  0.357  0.233 -0.123 -0.252 -0.395 -0.386
 -0.406 -0.374 -0.254 -0.074  0.372  0.492  0.646  0.579  0.298  0.317  0.246  0.190  0.122 -0.100 -0.194 -0.307 -0.337 -0.417 -0.389 -0.340 -0.272 -0.101  0.052  0.124  0.024  0.023  0.175  0.149  0.098  0.177  0.197  0.129  0.098  0.151  0.222  0.258  0.222  0.313  0.309  0.440  0.571  0.626  0.626  0.547  0.312  0.097  0.134  0.155  0.340  0.277  0.237  0.173  0.056 -0.030 -0.195 -0.299 -0.338 -0.208 -0.161 -0.288 -0.330 -0.335 -0.396 -0.353 -0.217 -0.022  0.325  0.748  1.000  0.776  0.545  0.360 -0.197 -0.338 -0.536 -0.556
 -0.340 -0.311 -0.283 -0.136  0.225  0.373  0.537  0.546  0.307  0.302  0.181  0.108  0.017 -0.154 -0.205 -0.260 -0.301 -0.379 -0.342 -0.302 -0.230 -0.072  0.082  0.150  0.043  0.031  0.196  0.164  0.095  0.174  0.209  0.105  0.080  0.165  0.265  0.333  0.314  0.333  0.405  0.584  0.654  0.711  0.569  0.455  0.218  0.023  0.051  0.091  0.274  0.261  0.233  0.182  0.073  0.005 -0.156 -0.244 -0.292 -0.167 -0.113 -0.245 -0.286 -0.314 -0.345 -0.305 -0.237 -0.054  0.228  0.552  0.776  1.000  0.807  0.601 -0.040 -0.330 -0.624 -0.664
 -0.265 -0.245 -0.253 -0.147  0.097  0.220  0.346  0.357  0.179  0.165  0.062  0.006 -0.080 -0.212 -0.227 -0.255 -0.284 -0.314 -0.254 -0.227 -0.192 -0.058  0.074  0.124  0.039  0.010  0.149  0.138  0.078  0.125  0.160  0.079  0.059  0.116  0.214  0.295  0.315  0.318  0.451  0.683  0.681  0.649  0.436  0.298  0.105 -0.044  0.001  0.032  0.198  0.196  0.169  0.136  0.055  0.024 -0.114 -0.178 -0.198 -0.092 -0.044 -0.157 -0.205 -0.249 -0.268 -0.241 -0.200 -0.064  0.139  0.357  0.545  0.807  1.000  0.798  0.169 -0.191 -0.566 -0.634
 -0.119 -0.119 -0.181 -0.105  0.023  0.118  0.211  0.248  0.126  0.103 -0.011 -0.044 -0.117 -0.174 -0.202 -0.161 -0.200 -0.228 -0.189 -0.200 -0.196 -0.122 -0.008  0.022 -0.043 -0.062  0.056  0.047  0.028  0.076  0.098  0.041  0.039  0.073  0.143  0.218  0.301  0.223  0.350  0.646  0.570  0.560  0.325  0.173  0.014 -0.119 -0.088 -0.038  0.097  0.085  0.032  0.006 -0.050 -0.044 -0.143 -0.174 -0.179 -0.115 -0.077 -0.140 -0.171 -0.193 -0.152 -0.132 -0.140 -0.042  0.093  0.233  0.360  0.601  0.798  1.000  0.354  0.030 -0.422 -0.513
  0.260  0.257  0.063  0.048 -0.151 -0.187 -0.252 -0.189 -0.155 -0.186 -0.192 -0.197 -0.222 -0.118 -0.074  0.078  0.019  0.083  0.137  0.094 -0.009 -0.098 -0.161 -0.228 -0.151 -0.158 -0.281 -0.247 -0.106 -0.217 -0.298 -0.159 -0.081 -0.193 -0.259 -0.213 -0.016 -0.079  0.040  0.075  0.000  0.004 -0.092 -0.167 -0.202 -0.235 -0.183 -0.181 -0.192 -0.176 -0.237 -0.270 -0.173 -0.015  0.002  0.053  0.114  0.050  0.037  0.096  0.111  0.079  0.216  0.213  0.081  0.065 -0.001 -0.123 -0.197 -0.040  0.169  0.354  1.000  0.506  0.055  0.043
  0.330  0.279  0.151  0.159 -0.125 -0.160 -0.250 -0.228 -0.181 -0.173 -0.108 -0.086 -0.104  0.060 -0.028  0.210  0.191  0.244  0.244  0.150  0.026 -0.162 -0.266 -0.363 -0.247 -0.222 -0.411 -0.373 -0.242 -0.375 -0.466 -0.285 -0.227 -0.381 -0.492 -0.501 -0.395 -0.398 -0.451 -0.365 -0.421 -0.379 -0.352 -0.297 -0.183 -0.154 -0.162 -0.180 -0.284 -0.314 -0.395 -0.426 -0.310 -0.176 -0.036  0.070  0.144  0.029  0.022  0.167  0.192  0.248  0.357  0.303  0.186  0.076 -0.104 -0.252 -0.338 -0.330 -0.191  0.030  0.506  1.000  0.584  0.412
  0.402  0.404  0.325  0.250 -0.110 -0.225 -0.406 -0.404 -0.294 -0.290 -0.167 -0.053 -0.023  0.170  0.164  0.275  0.255  0.328  0.280  0.196  0.062 -0.178 -0.333 -0.420 -0.275 -0.212 -0.416 -0.394 -0.286 -0.358 -0.403 -0.284 -0.234 -0.325 -0.415 -0.473 -0.425 -0.475 -0.537 -0.611 -0.652 -0.618 -0.539 -0.448 -0.214 -0.091 -0.189 -0.263 -0.448 -0.406 -0.461 -0.469 -0.356 -0.281 -0.060  0.083  0.186  0.029  0.013  0.221  0.268  0.387  0.464  0.436  0.344  0.168 -0.103 -0.395 -0.536 -0.624 -0.566 -0.422  0.055  0.584  1.000  0.799
