  1.000  0.718  0.399  0.124 -0.195 -0.296 -0.352 -0.304 -0.270 -0.327 -0.341 -0.278 -0.210  0.050  0.146  0.595  0.545  0.487  0.283  0.155  0.173 -0.002 -0.170 -0.229 -0.165 -0.216 -0.287 -0.350 -0.389 -0.381 -0.340 -0.400 -0.368 -0.324 -0.253 -0.186 -0.131 -0.183 -0.201 -0.208 -0.285 -0.233 -0.202 -0.181 -0.169 -0.131 -0.088 -0.158 -0.219 -0.274 -0.348 -0.285 -0.139 -0.120  0.006  0.079  0.081 -0.044 -0.061  0.032  0.141  0.290  0.504  0.374  0.070 -0.024 -0.178 -0.223 -0.287 -0.230 -0.208 -0.124  0.046  0.343  0.325  0.380
  0.718  1.000  0.686  0.332 -0.044 -0.187 -0.306 -0.291 -0.293 -0.317 -0.255 -0.148 -0.072  0.198  0.328  0.568  0.432  0.338  0.129 -0.003  0.022 -0.149 -0.232 -0.272 -0.230 -0.229 -0.256 -0.272 -0.307 -0.328 -0.258 -0.290 -0.334 -0.324 -0.225 -0.167 -0.119 -0.204 -0.199 -0.200 -0.297 -0.254 -0.211 -0.165 -0.188 -0.172 -0.131 -0.161 -0.227 -0.269 -0.363 -0.331 -0.272 -0.276 -0.162 -0.073 -0.065 -0.187 -0.139 -0.051  0.108  0.235  0.524  0.529  0.198  0.113 -0.067 -0.156 -0.228 -0.205 -0.180 -0.089  0.037  0.366  0.306  0.362
  0.399  0.686  1.000  0.605  0.157  0.014 -0.135 -0.186 -0.198 -0.193 -0.101  0.016  0.062  0.306  0.357  0.338  0.280  0.176  0.004 -0.097 -0.088 -0.197 -0.244 -0.279 -0.242 -0.219 -0.238 -0.192 -0.205 -0.275 -0.193 -0.153 -0.226 -0.275 -0.239 -0.214 -0.168 -0.213 -0.176 -0.145 -0.249 -0.211 -0.194 -0.142 -0.180 -0.190 -0.171 -0.202 -0.220 -0.228 -0.262 -0.264 -0.256 -0.258 -0.192 -0.104 -0.094 -0.157 -0.077 -0.029  0.111  0.162  0.373  0.442  0.313  0.284  0.114 -0.096 -0.147 -0.137 -0.118 -0.035  0.046  0.308  0.247  0.213
  0.124  0.332  0.605  1.000  0.567  0.379  0.145  0.012 -0.057  0.035  0.221  0.368  0.379  0.479  0.267  0.092  0.050 -0.058 -0.171 -0.255 -0.246 -0.317 -0.281 -0.282 -0.252 -0.178 -0.213 -0.118 -0.008 -0.091 -0.071 -0.001 -0.026 -0.132 -0.158 -0.201 -0.132 -0.128 -0.160 -0.161 -0.219 -0.181 -0.161 -0.143 -0.179 -0.192 -0.206 -0.203 -0.188 -0.197 -0.220 -0.240 -0.303 -0.334 -0.300 -0.272 -0.246 -0.267 -0.190 -0.172 -0.102 -0.052  0.117  0.305  0.342  0.488  0.323  0.040 -0.013 -0.081 -0.096 -0.024 -0.036  0.230  0.176  0.123
 -0.195 -0.044  0.157  0.567  1.000  0.750  0.478  0.315  0.169  0.272  0.434  0.537  0.582  0.417  0.193 -0.096 -0.151 -0.250 -0.304 -0.329 -0.303 -0.287 -0.211 -0.110 -0.145 -0.074 -0.019  0.041  0.155  0.127  0.054  0.153  0.165  0.043 -0.005 -0.075 -0.072 -0.021 -0.016 -0.017  0.028  0.082  0.068  0.034 -0.026 -0.070 -0.105 -0.062 -0.009 -0.055 -0.069 -0.079 -0.150 -0.220 -0.303 -0.356 -0.322 -0.282 -0.252 -0.285 -0.301 -0.255 -0.217 -0.050  0.117  0.305  0.463  0.287  0.309  0.177  0.058  0.058 -0.127 -0.069 -0.107 -0.145
 -0.296 -0.187  0.014  0.379  0.750  1.000  0.722  0.543  0.372  0.496  0.634  0.673  0.593  0.370  0.101 -0.170 -0.225 -0.320 -0.334 -0.364 -0.333 -0.301 -0.198 -0.105 -0.139 -0.048  0.004  0.072  0.190  0.150  0.096  0.194  0.192  0.063  0.012 -0.063 -0.053  0.019  0.001  0.033  0.100  0.130  0.110  0.063 -0.000 -0.085 -0.144 -0.088  0.006 -0.001 -0.005 -0.045 -0.150 -0.229 -0.317 -0.363 -0.339 -0.291 -0.253 -0.289 -0.328 -0.300 -0.280 -0.137  0.064  0.294  0.397  0.371  0.388  0.272  0.141  0.104 -0.141 -0.093 -0.164 -0.269
 -0.352 -0.306 -0.135  0.145  0.478  0.722  1.000  0.794  0.540  0.697  0.683  0.515  0.484  0.267  0.134 -0.233 -0.301 -0.389 -0.346 -0.362 -0.332 -0.254 -0.129  0.000 -0.055 -0.019  0.094  0.167  0.199  0.188  0.171  0.235  0.207  0.112  0.116  0.060  0.061  0.130  0.171  0.256  0.331  0.324  0.222  0.168  0.052  0.002 -0.023  0.001  0.089  0.068  0.047  0.031 -0.076 -0.191 -0.296 -0.331 -0.335 -0.253 -0.203 -0.280 -0.327 -0.318 -0.341 -0.249 -0.084  0.081  0.229  0.433  0.552  0.494  0.362  0.290 -0.088 -0.222 -0.396 -0.494
 -0.304 -0.291 -0.186  0.012  0.315  0.543  0.794  1.000  0.749  0.694  0.510  0.332  0.283  0.100  0.016 -0.206 -0.242 -0.335 -0.288 -0.294 -0.249 -0.180 -0.098  0.006 -0.052 -0.011  0.106  0.099  0.117  0.167  0.145  0.170  0.161  0.096  0.113  0.103  0.092  0.142  0.162  0.263  0.346  0.353  0.254  0.202  0.073 -0.034 -0.030  0.037  0.147  0.113  0.082  0.047 -0.050 -0.141 -0.227 -0.275 -0.272 -0.220 -0.188 -0.257 -0.308 -0.286 -0.311 -0.244 -0.119  0.032  0.175  0.435  0.517  0.511  0.353  0.251 -0.078 -0.247 -0.397 -0.463
 -0.270 -0.293 -0.198 -0.057  0.169  0.372  0.540  0.749  1.000  0.788  0.437  0.285  0.194  0.022 -0.074 -0.205 -0.208 -0.254 -0.214 -0.192 -0.174 -0.116 -0.061  0.003 -0.033 -0.005  0.047  0.021  0.062  0.126  0.096  0.124  0.151  0.087  0.067  0.065  0.047  0.078  0.083  0.150  0.206  0.216  0.153  0.117  0.044 -0.039 -0.049  0.028  0.119  0.091  0.066  0.036 -0.032 -0.089 -0.150 -0.203 -0.196 -0.126 -0.115 -0.177 -0.235 -0.220 -0.270 -0.224 -0.101 -0.011  0.099  0.246  0.282  0.286  0.187  0.111 -0.061 -0.205 -0.247 -0.362
 -0.327 -0.317 -0.193  0.035  0.272  0.496  0.697  0.694  0.788  1.000  0.741  0.535  0.426  0.226  0.040 -0.223 -0.277 -0.356 -0.298 -0.292 -0.282 -0.217 -0.100 -0.005 -0.035  0.010  0.069  0.119  0.183  0.193  0.172  0.232  0.242  0.151  0.121  0.041  0.045  0.106  0.097  0.143  0.201  0.182  0.105  0.056 -0.007 -0.032 -0.048 -0.013  0.055  0.022  0.020  0.036 -0.064 -0.154 -0.224 -0.266 -0.273 -0.196 -0.176 -0.234 -0.303 -0.263 -0.308 -0.251 -0.105  0.008  0.099  0.240  0.317  0.309  0.218  0.148 -0.102 -0.207 -0.278 -0.422
 -0.341 -0.255 -0.101  0.221  0.434  0.634  0.683  0.510  0.437  0.741  1.000  0.833  0.677  0.433  0.141 -0.229 -0.318 -0.389 -0.357 -0.369 -0.366 -0.313 -0.147 -0.048 -0.049  0.022  0.052  0.187  0.325  0.231  0.174  0.320  0.331  0.151  0.083 -0.063 -0.044  0.066  0.042  0.063  0.116  0.111  0.017 -0.027 -0.069 -0.066 -0.097 -0.073 -0.019 -0.038 -0.030 -0.011 -0.121 -0.217 -0.295 -0.335 -0.341 -0.263 -0.234 -0.283 -0.350 -0.310 -0.292 -0.186 -0.024  0.115  0.160  0.197  0.276  0.235  0.174  0.150 -0.138 -0.144 -0.188 -0.344
 -0.278 -0.148  0.016  0.368  0.537  0.673  0.515  0.332  0.285  0.535  0.833  1.000  0.796  0.522  0.136 -0.176 -0.270 -0.335 -0.340 -0.366 -0.363 -0.317 -0.160 -0.084 -0.068  0.027 -0.014  0.099  0.282  0.172  0.099  0.241  0.265  0.094  0.011 -0.142 -0.118 -0.017 -0.080 -0.100 -0.051 -0.034 -0.066 -0.088 -0.099 -0.104 -0.162 -0.130 -0.081 -0.087 -0.076 -0.052 -0.173 -0.251 -0.316 -0.355 -0.340 -0.279 -0.252 -0.277 -0.321 -0.275 -0.228 -0.089  0.060  0.208  0.207  0.130  0.159  0.060 -0.005 -0.002 -0.170 -0.040 -0.000 -0.156
 -0.210 -0.072  0.062  0.379  0.582  0.593  0.484  0.283  0.194  0.426  0.677  0.796  1.000  0.731  0.347 -0.026 -0.136 -0.241 -0.290 -0.345 -0.308 -0.274 -0.144 -0.017 -0.027  0.029  0.030  0.095  0.227  0.161  0.055  0.181  0.229  0.114  0.006 -0.135 -0.135 -0.013 -0.024 -0.031  0.022  0.059 -0.018 -0.075 -0.102 -0.077 -0.106 -0.070 -0.057 -0.077 -0.090 -0.018 -0.145 -0.248 -0.303 -0.329 -0.336 -0.301 -0.276 -0.298 -0.328 -0.280 -0.229 -0.093 -0.029  0.098  0.127  0.097  0.176  0.120  0.049  0.089 -0.168 -0.065 -0.086 -0.205
  0.050  0.198  0.306  0.479  0.417  0.370  0.267  0.100  0.022  0.226  0.433  0.522  0.731  1.000  0.579  0.204  0.065 -0.056 -0.183 -0.297 -0.253 -0.288 -0.212 -0.118 -0.116 -0.079 -0.075 -0.021  0.060 -0.012 -0.044  0.044  0.064 -0.022 -0.080 -0.176 -0.147 -0.077 -0.084 -0.072 -0.076 -0.047 -0.114 -0.155 -0.166 -0.108 -0.132 -0.128 -0.185 -0.174 -0.219 -0.153 -0.240 -0.319 -0.325 -0.286 -0.293 -0.311 -0.254 -0.240 -0.207 -0.145 -0.008  0.136  0.098  0.153  0.064 -0.001  0.029  0.022  0.006  0.094 -0.062  0.133  0.041 -0.071
  0.146  0.328  0.357  0.267  0.193  0.101  0.134  0.016 -0.074  0.040  0.141  0.136  0.347  0.579  1.000  0.439  0.228  0.085 -0.072 -0.230 -0.222 -0.284 -0.226 -0.072 -0.135 -0.114  0.028  0.054 -0.032 -0.008  0.063  0.058 -0.067 -0.053 -0.009 -0.021 -0.005 -0.017  0.062  0.165  0.128  0.108  0.002 -0.036 -0.131 -0.013  0.039 -0.016 -0.110 -0.172 -0.272 -0.189 -0.196 -0.332 -0.321 -0.217 -0.210 -0.276 -0.174 -0.149 -0.056 -0.059  0.107  0.201  0.060  0.026 -0.037  0.011  0.094  0.182  0.212  0.290  0.084  0.184 -0.155 -0.229
  0.595  0.568  0.338  0.092 -0.096 -0.170 -0.233 -0.206 -0.205 -0.223 -0.229 -0.176 -0.026  0.204  0.439  1.000  0.775  0.491  0.234  0.108  0.192  0.027 -0.140 -0.139 -0.099 -0.137 -0.175 -0.289 -0.330 -0.283 -0.328 -0.370 -0.309 -0.276 -0.291 -0.196 -0.172 -0.176 -0.148 -0.117 -0.164 -0.105 -0.106 -0.123 -0.109 -0.059 -0.040 -0.050 -0.119 -0.164 -0.245 -0.196 -0.115 -0.101  0.003  0.039  0.033 -0.086 -0.117 -0.072  0.009  0.089  0.326  0.256 -0.055 -0.072 -0.171 -0.165 -0.196 -0.128 -0.125 -0.037 -0.019  0.174  0.132  0.244
  0.545  0.432  0.280  0.050 -0.151 -0.225 -0.301 -0.242 -0.208 -0.277 -0.318 -0.270 -0.136  0.065  0.228  0.775  1.000  0.714  0.367  0.244  0.363  0.186 -0.016 -0.036 -0.005 -0.118 -0.195 -0.300 -0.357 -0.336 -0.398 -0.430 -0.355 -0.295 -0.316 -0.242 -0.221 -0.224 -0.185 -0.163 -0.219 -0.153 -0.125 -0.127 -0.102 -0.047 -0.024 -0.018 -0.077 -0.104 -0.152 -0.079 -0.004  0.044  0.152  0.160  0.141  0.027 -0.044 -0.019  0.060  0.113  0.275  0.190 -0.061 -0.078 -0.188 -0.216 -0.261 -0.182 -0.169 -0.076 -0.021  0.135  0.153  0.253
  0.487  0.338  0.176 -0.058 -0.250 -0.320 -0.389 -0.335 -0.254 -0.356 -0.389 -0.335 -0.241 -0.056  0.085  0.491  0.714  1.000  0.640  0.474  0.476  0.229  0.012 -0.044 -0.004 -0.166 -0.281 -0.326 -0.395 -0.379 -0.397 -0.429 -0.367 -0.296 -0.293 -0.230 -0.212 -0.229 -0.203 -0.201 -0.275 -0.204 -0.198 -0.194 -0.143 -0.058 -0.027 -0.065 -0.143 -0.175 -0.199 -0.100 -0.014  0.061  0.235  0.308  0.322  0.195  0.125  0.177  0.198  0.160  0.256  0.162 -0.067 -0.150 -0.236 -0.270 -0.338 -0.251 -0.204 -0.125  0.019  0.211  0.244  0.300
  0.283  0.129  0.004 -0.171 -0.304 -0.334 -0.346 -0.288 -0.214 -0.298 -0.357 -0.340 -0.290 -0.183 -0.072  0.234  0.367  0.640  1.000  0.647  0.461  0.247  0.043 -0.044 -0.038 -0.172 -0.249 -0.250 -0.324 -0.308 -0.304 -0.329 -0.288 -0.217 -0.215 -0.192 -0.186 -0.187 -0.152 -0.156 -0.228 -0.170 -0.166 -0.189 -0.138 -0.083 -0.077 -0.149 -0.183 -0.152 -0.093 -0.068  0.055  0.192  0.397  0.509  0.547  0.400  0.285  0.321  0.302  0.170  0.150  0.042 -0.074 -0.160 -0.224 -0.241 -0.309 -0.223 -0.167 -0.088  0.084  0.131  0.172  0.231
  0.155 -0.003 -0.097 -0.255 -0.329 -0.364 -0.362 -0.294 -0.192 -0.292 -0.369 -0.366 -0.345 -0.297 -0.230  0.108  0.244  0.474  0.647  1.000  0.727  0.452  0.211  0.101  0.115 -0.048 -0.156 -0.169 -0.253 -0.248 -0.247 -0.284 -0.236 -0.171 -0.180 -0.146 -0.135 -0.140 -0.103 -0.123 -0.192 -0.148 -0.126 -0.152 -0.103 -0.055 -0.048 -0.085 -0.091 -0.071 -0.000  0.039  0.186  0.333  0.528  0.503  0.537  0.435  0.308  0.314  0.257  0.092  0.018 -0.104 -0.190 -0.226 -0.229 -0.241 -0.248 -0.204 -0.157 -0.112  0.041 -0.017  0.121  0.203
  0.173  0.022 -0.088 -0.246 -0.303 -0.333 -0.332 -0.249 -0.174 -0.282 -0.366 -0.363 -0.308 -0.253 -0.222  0.192  0.363  0.476  0.461  0.727  1.000  0.712  0.403  0.285  0.292  0.076 -0.050 -0.103 -0.200 -0.211 -0.272 -0.313 -0.240 -0.189 -0.213 -0.147 -0.143 -0.141 -0.106 -0.106 -0.147 -0.102 -0.057 -0.086 -0.059 -0.024 -0.018 -0.004 -0.002  0.021  0.103  0.184  0.264  0.415  0.544  0.432  0.376  0.293  0.144  0.138  0.126  0.027 -0.022 -0.123 -0.243 -0.249 -0.245 -0.188 -0.199 -0.157 -0.144 -0.130 -0.058 -0.122  0.021  0.172
 -0.002 -0.149 -0.197 -0.317 -0.287 -0.301 -0.254 -0.180 -0.116 -0.217 -0.313 -0.317 -0.274 -0.288 -0.284  0.027  0.186  0.229  0.247  0.452  0.712  1.000  0.710  0.544  0.538  0.356  0.152  0.012 -0.067 -0.093 -0.172 -0.223 -0.158 -0.094 -0.118 -0.069 -0.090 -0.069 -0.064 -0.061 -0.039 -0.029  0.011 -0.012  0.022  0.013  0.035  0.107  0.139  0.206  0.335  0.472  0.486  0.585  0.549  0.366  0.252  0.256  0.114  0.056  0.028 -0.076 -0.164 -0.243 -0.292 -0.285 -0.236 -0.162 -0.145 -0.112 -0.117 -0.145 -0.143 -0.289 -0.115  0.058
 -0.170 -0.232 -0.244 -0.281 -0.211 -0.198 -0.129 -0.098 -0.061 -0.100 -0.147 -0.160 -0.144 -0.212 -0.226 -0.140 -0.016  0.012  0.043  0.211  0.403  0.710  1.000  0.752  0.634  0.496  0.352  0.233  0.120  0.022 -0.025 -0.056 -0.052  0.000 -0.004 -0.007 -0.030  0.012  0.026  0.015  0.062  0.046  0.088  0.028  0.027  0.010  0.025  0.135  0.197  0.300  0.440  0.628  0.478  0.485  0.367  0.222  0.066  0.092  0.029 -0.035 -0.064 -0.138 -0.241 -0.273 -0.262 -0.243 -0.183 -0.086 -0.036 -0.001  0.010 -0.048 -0.144 -0.336 -0.201 -0.119
 -0.229 -0.272 -0.279 -0.282 -0.110 -0.105  0.000  0.006  0.003 -0.005 -0.048 -0.084 -0.017 -0.118 -0.072 -0.139 -0.036 -0.044 -0.044  0.101  0.285  0.544  0.752  1.000  0.758  0.507  0.503  0.376  0.214  0.168  0.082  0.035  0.029  0.076  0.062  0.061  0.019  0.063  0.056  0.079  0.174  0.134  0.131  0.095  0.073  0.090  0.113  0.207  0.213  0.289  0.409  0.622  0.489  0.388  0.232  0.085 -0.063 -0.003 -0.037 -0.124 -0.148 -0.168 -0.320 -0.326 -0.277 -0.248 -0.150 -0.027  0.084  0.100  0.081  0.004 -0.177 -0.417 -0.335 -0.259
 -0.165 -0.230 -0.242 -0.252 -0.145 -0.139 -0.055 -0.052 -0.033 -0.035 -0.049 -0.068 -0.027 -0.116 -0.135 -0.099 -0.005 -0.004 -0.038  0.115  0.292  0.538  0.634  0.758  1.000  0.705  0.482  0.425  0.346  0.234  0.114  0.062  0.041  0.028  0.036  0.029  0.018  0.077  0.019 -0.001  0.072  0.036  0.046  0.029  0.008  0.036  0.045  0.119  0.127  0.175  0.296  0.485  0.367  0.285  0.179  0.035 -0.087 -0.065 -0.143 -0.214 -0.216 -0.199 -0.296 -0.303 -0.292 -0.243 -0.178 -0.101 -0.015 -0.012 -0.018 -0.055 -0.193 -0.355 -0.219 -0.084
 -0.216 -0.229 -0.219 -0.178 -0.074 -0.048 -0.019 -0.011 -0.005  0.010  0.022  0.027  0.029 -0.079 -0.114 -0.137 -0.118 -0.166 -0.172 -0.048  0.076  0.356  0.496  0.507  0.705  1.000  0.657  0.406  0.452  0.379  0.222  0.172  0.141  0.100  0.102  0.102  0.124  0.206  0.106  0.035  0.108  0.039  0.039  0.024 -0.011 -0.022  0.007  0.113  0.098  0.080  0.155  0.330  0.233  0.142  0.026 -0.089 -0.183 -0.160 -0.228 -0.273 -0.299 -0.287 -0.316 -0.269 -0.236 -0.163 -0.135 -0.097 -0.029 -0.043 -0.032 -0.061 -0.158 -0.253 -0.170 -0.070
 -0.287 -0.256 -0.238 -0.213 -0.019  0.004  0.094  0.106  0.047  0.069  0.052 -0.014  0.030 -0.075  0.028 -0.175 -0.195 -0.281 -0.249 -0.156 -0.050  0.152  0.352  0.503  0.482  0.657  1.000  0.695  0.472  0.505  0.453  0.317  0.190  0.247  0.322  0.351  0.343  0.393  0.291  0.248  0.354  0.209  0.188  0.168  0.073  0.063  0.087  0.165  0.174  0.096  0.153  0.251  0.171  0.055 -0.077 -0.147 -0.249 -0.221 -0.219 -0.273 -0.255 -0.246 -0.337 -0.288 -0.214 -0.149 -0.050  0.105  0.200  0.170  0.154  0.081 -0.187 -0.400 -0.413 -0.318
 -0.350 -0.272 -0.192 -0.118  0.041  0.072  0.167  0.099  0.021  0.119  0.187  0.099  0.095 -0.021  0.054 -0.289 -0.300 -0.326 -0.250 -0.169 -0.103  0.012  0.233  0.376  0.425  0.406  0.695  1.000  0.727  0.581  0.632  0.570  0.336  0.267  0.386  0.322  0.310  0.308  0.208  0.213  0.268  0.118  0.070  0.029 -0.090 -0.018 -0.018 -0.014  0.028  0.011  0.121  0.171  0.073 -0.019 -0.125 -0.172 -0.231 -0.189 -0.173 -0.249 -0.207 -0.212 -0.306 -0.275 -0.148 -0.113 -0.017  0.080  0.206  0.189  0.209  0.130 -0.171 -0.383 -0.349 -0.302
 -0.389 -0.307 -0.205 -0.008  0.155  0.190  0.199  0.117  0.062  0.183  0.325  0.282  0.227  0.060 -0.032 -0.330 -0.357 -0.395 -0.324 -0.253 -0.200 -0.067  0.120  0.214  0.346  0.452  0.472  0.727  1.000  0.758  0.589  0.677  0.575  0.323  0.295  0.159  0.138  0.222  0.082  0.020  0.095  0.001 -0.060 -0.097 -0.166 -0.128 -0.147 -0.095 -0.047 -0.032  0.083  0.139  0.046 -0.047 -0.167 -0.255 -0.292 -0.205 -0.238 -0.296 -0.312 -0.288 -0.326 -0.261 -0.108 -0.026  0.047 -0.006  0.085  0.025  0.037 -0.014 -0.245 -0.311 -0.147 -0.119
 -0.381 -0.328 -0.275 -0.091  0.127  0.150  0.188  0.167  0.126  0.193  0.231  0.172  0.161 -0.012 -0.008 -0.283 -0.336 -0.379 -0.308 -0.248 -0.211 -0.093  0.022  0.168  0.234  0.379  0.505  0.581  0.758  1.000  0.749  0.649  0.602  0.503  0.455  0.412  0.331  0.370  0.221  0.171  0.261  0.121  0.052  0.007 -0.074 -0.072 -0.081 -0.021  0.041 -0.016  0.042  0.052 -0.003 -0.102 -0.205 -0.286 -0.311 -0.222 -0.229 -0.279 -0.309 -0.288 -0.348 -0.286 -0.144 -0.072  0.029  0.083  0.164  0.106  0.103  0.043 -0.213 -0.343 -0.279 -0.240
 -0.340 -0.258 -0.193 -0.071  0.054  0.096  0.171  0.145  0.096  0.172  0.174  0.099  0.055 -0.044  0.063 -0.328 -0.398 -0.397 -0.304 -0.247 -0.272 -0.172 -0.025  0.082  0.114  0.222  0.453  0.632  0.589  0.749  1.000  0.788  0.509  0.511  0.651  0.582  0.543  0.473  0.326  0.277  0.288  0.095  0.016  0.011 -0.084 -0.042 -0.025 -0.035 -0.011 -0.092 -0.017 -0.039 -0.075 -0.168 -0.251 -0.261 -0.275 -0.217 -0.164 -0.207 -0.183 -0.192 -0.259 -0.210 -0.062 -0.038  0.000  0.093  0.195  0.176  0.201  0.120 -0.133 -0.300 -0.357 -0.324
 -0.400 -0.290 -0.153 -0.001  0.153  0.194  0.235  0.170  0.124  0.232  0.320  0.241  0.181  0.044  0.058 -0.370 -0.430 -0.429 -0.329 -0.284 -0.313 -0.223 -0.056  0.035  0.062  0.172  0.317  0.570  0.677  0.649  0.788  1.000  0.750  0.511  0.536  0.323  0.271  0.278  0.178  0.129  0.152  0.019 -0.080 -0.103 -0.149 -0.075 -0.109 -0.098 -0.076 -0.101 -0.003 -0.009 -0.059 -0.142 -0.236 -0.267 -0.277 -0.181 -0.152 -0.199 -0.204 -0.190 -0.280 -0.222 -0.034 -0.010  0.054  0.038  0.133  0.100  0.134  0.074 -0.168 -0.287 -0.205 -0.243
 -0.368 -0.334 -0.226 -0.026  0.165  0.192  0.207  0.161  0.151  0.242  0.331  0.265  0.229  0.064 -0.067 -0.309 -0.355 -0.367 -0.288 -0.236 -0.240 -0.158 -0.052  0.029  0.041  0.141  0.190  0.336  0.575  0.602  0.509  0.750  1.000  0.686  0.422  0.213  0.080  0.151  0.056 -0.033  0.050  0.016 -0.091 -0.158 -0.124 -0.069 -0.113 -0.100 -0.061 -0.060  0.044  0.035 -0.001 -0.050 -0.151 -0.232 -0.237 -0.103 -0.129 -0.156 -0.251 -0.184 -0.309 -0.290 -0.110 -0.063  0.061 -0.026  0.050 -0.002  0.012 -0.038 -0.220 -0.316 -0.055 -0.137
 -0.324 -0.324 -0.275 -0.132  0.043  0.063  0.112  0.096  0.087  0.151  0.151  0.094  0.114 -0.022 -0.053 -0.276 -0.295 -0.296 -0.217 -0.171 -0.189 -0.094  0.000  0.076  0.028  0.100  0.247  0.267  0.323  0.503  0.511  0.511  0.686  1.000  0.718  0.535  0.336  0.290  0.230  0.137  0.192  0.111  0.035 -0.054 -0.055 -0.001 -0.021 -0.037  0.002 -0.019  0.075  0.044  0.023 -0.018 -0.102 -0.147 -0.171 -0.086 -0.071 -0.100 -0.177 -0.180 -0.298 -0.258 -0.166 -0.144 -0.056 -0.025  0.055  0.041  0.061  0.016 -0.159 -0.282 -0.216 -0.231
 -0.253 -0.225 -0.239 -0.158 -0.005  0.012  0.116  0.113  0.067  0.121  0.083  0.011  0.006 -0.080 -0.009 -0.291 -0.316 -0.293 -0.215 -0.180 -0.213 -0.118 -0.004  0.062  0.036  0.102  0.322  0.386  0.295  0.455  0.651  0.536  0.422  0.718  1.000  0.787  0.587  0.439  0.319  0.274  0.273  0.101  0.034 -0.003 -0.075 -0.010 -0.009 -0.047 -0.017 -0.080 -0.010 -0.032 -0.043 -0.108 -0.163 -0.171 -0.185 -0.157 -0.123 -0.141 -0.141 -0.160 -0.228 -0.201 -0.130 -0.130 -0.080  0.070  0.158  0.157  0.178  0.087 -0.134 -0.263 -0.316 -0.272
 -0.186 -0.167 -0.214 -0.201 -0.075 -0.063  0.060  0.103  0.065  0.041 -0.063 -0.142 -0.135 -0.176 -0.021 -0.196 -0.242 -0.230 -0.192 -0.146 -0.147 -0.069 -0.007  0.061  0.029  0.102  0.351  0.322  0.159  0.412  0.582  0.323  0.213  0.535  0.787  1.000  0.813  0.568  0.421  0.394  0.382  0.182  0.130  0.099  0.020  0.038  0.064  0.044  0.063 -0.043 -0.013 -0.047 -0.034 -0.097 -0.145 -0.166 -0.169 -0.147 -0.116 -0.142 -0.128 -0.123 -0.160 -0.162 -0.143 -0.135 -0.083  0.131  0.201  0.201  0.228  0.133 -0.035 -0.246 -0.377 -0.322
 -0.131 -0.119 -0.168 -0.132 -0.072 -0.053  0.061  0.092  0.047  0.045 -0.044 -0.118 -0.135 -0.147 -0.005 -0.172 -0.221 -0.212 -0.186 -0.135 -0.143 -0.090 -0.030  0.019  0.018  0.124  0.343  0.310  0.138  0.331  0.543  0.271  0.080  0.336  0.587  0.813  1.000  0.757  0.537  0.436  0.361  0.141  0.071  0.101  0.020  0.064  0.108  0.056  0.021 -0.118 -0.100 -0.111 -0.094 -0.150 -0.166 -0.184 -0.178 -0.179 -0.169 -0.173 -0.141 -0.107 -0.098 -0.097 -0.089 -0.082 -0.068  0.143  0.200  0.171  0.203  0.124  0.024 -0.162 -0.376 -0.310
 -0.183 -0.204 -0.213 -0.128 -0.021  0.019  0.130  0.142  0.078  0.106  0.066 -0.017 -0.013 -0.077 -0.017 -0.176 -0.224 -0.229 -0.187 -0.140 -0.141 -0.069  0.012  0.063  0.077  0.206  0.393  0.308  0.222  0.370  0.473  0.278  0.151  0.290  0.439  0.568  0.757  1.000  0.693  0.439  0.449  0.268  0.161  0.146  0.061  0.077  0.133  0.090  0.087 -0.049 -0.057 -0.057 -0.072 -0.137 -0.185 -0.194 -0.189 -0.196 -0.211 -0.207 -0.227 -0.194 -0.212 -0.201 -0.164 -0.092 -0.032  0.161  0.246  0.197  0.205  0.125 -0.069 -0.265 -0.399 -0.348
 -0.201 -0.199 -0.176 -0.160 -0.016  0.001  0.171  0.162  0.083  0.097  0.042 -0.080 -0.024 -0.084  0.062 -0.148 -0.185 -0.203 -0.152 -0.103 -0.106 -0.064  0.026  0.056  0.019  0.106  0.291  0.208  0.082  0.221  0.326  0.178  0.056  0.230  0.319  0.421  0.537  0.693  1.000  0.780  0.667  0.541  0.353  0.270  0.125  0.120  0.144  0.155  0.214  0.041 -0.024 -0.008 -0.015 -0.084 -0.142 -0.127 -0.119 -0.115 -0.093 -0.118 -0.152 -0.167 -0.204 -0.186 -0.184 -0.128 -0.037  0.199  0.336  0.379  0.455  0.440  0.133 -0.257 -0.557 -0.522
 -0.208 -0.200 -0.145 -0.161 -0.017  0.033  0.256  0.263  0.150  0.143  0.063 -0.100 -0.031 -0.072  0.165 -0.117 -0.163 -0.201 -0.156 -0.123 -0.106 -0.061  0.015  0.079 -0.001  0.035  0.248  0.213  0.020  0.171  0.277  0.129 -0.033  0.137  0.274  0.394  0.436  0.439  0.780  1.000  0.821  0.653  0.430  0.329  0.117  0.098  0.131  0.150  0.249  0.109  0.038  0.044  0.018 -0.071 -0.143 -0.126 -0.115 -0.099 -0.040 -0.102 -0.103 -0.166 -0.186 -0.166 -0.165 -0.138 -0.033  0.274  0.446  0.591  0.693  0.667  0.258 -0.239 -0.656 -0.636
 -0.285 -0.297 -0.249 -0.219  0.028  0.100  0.331  0.346  0.206  0.201  0.116 -0.051  0.022 -0.076  0.128 -0.164 -0.219 -0.275 -0.228 -0.192 -0.147 -0.039  0.062  0.174  0.072  0.108  0.354  0.268  0.095  0.261  0.288  0.152  0.050  0.192  0.273  0.382  0.361  0.449  0.667  0.821  1.000  0.823  0.570  0.429  0.190  0.122  0.196  0.239  0.349  0.216  0.137  0.129  0.099 -0.030 -0.145 -0.152 -0.164 -0.130 -0.065 -0.136 -0.182 -0.220 -0.292 -0.272 -0.245 -0.179  0.000  0.356  0.567  0.667  0.670  0.574  0.105 -0.354 -0.693 -0.675
 -0.233 -0.254 -0.211 -0.181  0.082  0.130  0.324  0.353  0.216  0.182  0.111 -0.034  0.059 -0.047  0.108 -0.105 -0.153 -0.204 -0.170 -0.148 -0.102 -0.029  0.046  0.134  0.036  0.039  0.209  0.118  0.001  0.121  0.095  0.019  0.016  0.111  0.101  0.182  0.141  0.268  0.541  0.653  0.823  1.000  0.742  0.501  0.226  0.109  0.174  0.227  0.371  0.275  0.188  0.146  0.143  0.022 -0.089 -0.110 -0.114 -0.085 -0.028 -0.101 -0.168 -0.205 -0.267 -0.241 -0.233 -0.146  0.072  0.388  0.601  0.694  0.609  0.563  0.098 -0.339 -0.626 -0.616
 -0.202 -0.211 -0.194 -0.161  0.068  0.110  0.222  0.254  0.153  0.105  0.017 -0.066 -0.018 -0.114  0.002 -0.106 -0.125 -0.198 -0.166 -0.126 -0.057  0.011  0.088  0.131  0.046  0.039  0.188  0.070 -0.060  0.052  0.016 -0.080 -0.091  0.035  0.034  0.130  0.071  0.161  0.353  0.430  0.570  0.742  1.000  0.728  0.380  0.146  0.182  0.275  0.487  0.402  0.281  0.169  0.144  0.063 -0.044 -0.099 -0.111 -0.089 -0.035 -0.113 -0.176 -0.189 -0.237 -0.201 -0.181 -0.064  0.155  0.480  0.538  0.505  0.371  0.338  0.042 -0.295 -0.510 -0.467
 -0.181 -0.165 -0.142 -0.143  0.034  0.063  0.168  0.202  0.117  0.056 -0.027 -0.088 -0.075 -0.155 -0.036 -0.123 -0.127 -0.194 -0.189 -0.152 -0.086 -0.012  0.028  0.095  0.029  0.024  0.168  0.029 -0.097  0.007  0.011 -0.103 -0.158 -0.054 -0.003  0.099  0.101  0.146  0.270  0.329  0.429  0.501  0.728  1.000  0.663  0.328  0.399  0.477  0.569  0.361  0.227  0.148  0.088  0.030 -0.107 -0.156 -0.179 -0.148 -0.099 -0.175 -0.193 -0.184 -0.199 -0.178 -0.153 -0.051  0.185  0.505  0.459  0.395  0.263  0.214  0.028 -0.233 -0.434 -0.396
 -0.169 -0.188 -0.180 -0.179 -0.026 -0.000  0.052  0.073  0.044 -0.007 -0.069 -0.099 -0.102 -0.166 -0.131 -0.109 -0.102 -0.143 -0.138 -0.103 -0.059  0.022  0.027  0.073  0.008 -0.011  0.073 -0.090 -0.166 -0.074 -0.084 -0.149 -0.124 -0.055 -0.075  0.020  0.020  0.061  0.125  0.117  0.190  0.226  0.380  0.663  1.000  0.576  0.450  0.506  0.395  0.346  0.243  0.138  0.076  0.065 -0.059 -0.113 -0.147 -0.122 -0.085 -0.125 -0.144 -0.147 -0.166 -0.159 -0.102 -0.007  0.164  0.304  0.210  0.135  0.047  0.003  0.031 -0.143 -0.229 -0.205
 -0.131 -0.172 -0.190 -0.192 -0.070 -0.085  0.002 -0.034 -0.039 -0.032 -0.066 -0.104 -0.077 -0.108 -0.013 -0.059 -0.047 -0.058 -0.083 -0.055 -0.024  0.013  0.010  0.090  0.036 -0.022  0.063 -0.018 -0.128 -0.072 -0.042 -0.075 -0.069 -0.001 -0.010  0.038  0.064  0.077  0.120  0.098  0.122  0.109  0.146  0.328  0.576  1.000  0.703  0.486  0.247  0.148  0.130  0.102  0.082  0.019 -0.078 -0.108 -0.117 -0.092 -0.086 -0.106 -0.121 -0.105 -0.166 -0.177 -0.178 -0.156 -0.004  0.114  0.080  0.037  0.014 -0.020  0.017 -0.118 -0.192 -0.190
 -0.088 -0.131 -0.171 -0.206 -0.105 -0.144 -0.023 -0.030 -0.049 -0.048 -0.097 -0.162 -0.106 -0.132  0.039 -0.040 -0.024 -0.027 -0.077 -0.048 -0.018  0.035  0.025  0.113  0.045  0.007  0.087 -0.018 -0.147 -0.081 -0.025 -0.109 -0.113 -0.021 -0.009  0.064  0.108  0.133  0.144  0.131  0.196  0.174  0.182  0.399  0.450  0.703  1.000  0.673  0.378  0.130  0.077  0.113  0.117  0.055 -0.041 -0.076 -0.102 -0.071 -0.064 -0.067 -0.080 -0.072 -0.109 -0.139 -0.190 -0.218 -0.077  0.096  0.132  0.100  0.069  0.008 -0.009 -0.135 -0.258 -0.261
 -0.158 -0.161 -0.202 -0.203 -0.062 -0.088  0.001  0.037  0.028 -0.013 -0.073 -0.130 -0.070 -0.128 -0.016 -0.050 -0.018 -0.065 -0.149 -0.085 -0.004  0.107  0.135  0.207  0.119  0.113  0.165 -0.014 -0.095 -0.021 -0.035 -0.098 -0.100 -0.037 -0.047  0.044  0.056  0.090  0.155  0.150  0.239  0.227  0.275  0.477  0.506  0.486  0.673  1.000  0.703  0.401  0.201  0.245  0.185  0.117 -0.045 -0.115 -0.170 -0.123 -0.116 -0.161 -0.190 -0.171 -0.216 -0.208 -0.227 -0.189 -0.047  0.103  0.160  0.127  0.087  0.041  0.003 -0.195 -0.280 -0.317
 -0.219 -0.227 -0.220 -0.188 -0.009  0.006  0.089  0.147  0.119  0.055 -0.019 -0.081 -0.057 -0.185 -0.110 -0.119 -0.077 -0.143 -0.183 -0.091 -0.002  0.139  0.197  0.213  0.127  0.098  0.174  0.028 -0.047  0.041 -0.011 -0.076 -0.061  0.002 -0.017  0.063  0.021  0.087  0.214  0.249  0.349  0.371  0.487  0.569  0.395  0.247  0.378  0.703  1.000  0.625  0.328  0.310  0.228  0.189  0.018 -0.081 -0.115 -0.058 -0.030 -0.101 -0.167 -0.172 -0.245 -0.244 -0.218 -0.119  0.049  0.253  0.292  0.253  0.178  0.109 -0.071 -0.327 -0.374 -0.390
 -0.274 -0.269 -0.228 -0.197 -0.055 -0.001  0.068  0.113  0.091  0.022 -0.038 -0.087 -0.077 -0.174 -0.172 -0.164 -0.104 -0.175 -0.152 -0.071  0.021  0.206  0.300  0.289  0.175  0.080  0.096  0.011 -0.032 -0.016 -0.092 -0.101 -0.060 -0.019 -0.080 -0.043 -0.118 -0.049  0.041  0.109  0.216  0.275  0.402  0.361  0.346  0.148  0.130  0.401  0.625  1.000  0.714  0.488  0.280  0.277  0.106  0.032 -0.047  0.046  0.113 -0.015 -0.094 -0.155 -0.261 -0.241 -0.151 -0.032  0.067  0.165  0.165  0.176  0.101  0.039 -0.045 -0.295 -0.280 -0.244
 -0.348 -0.363 -0.262 -0.220 -0.069 -0.005  0.047  0.082  0.066  0.020 -0.030 -0.076 -0.090 -0.219 -0.272 -0.245 -0.152 -0.199 -0.093 -0.000  0.103  0.335  0.440  0.409  0.296  0.155  0.153  0.121  0.083  0.042 -0.017 -0.003  0.044  0.075 -0.010 -0.013 -0.100 -0.057 -0.024  0.038  0.137  0.188  0.281  0.227  0.243  0.130  0.077  0.201  0.328  0.714  1.000  0.721  0.478  0.483  0.276  0.154  0.047  0.179  0.194  0.048 -0.056 -0.163 -0.331 -0.340 -0.172 -0.048  0.050  0.116  0.104  0.114  0.033 -0.048 -0.121 -0.450 -0.312 -0.189
 -0.285 -0.331 -0.264 -0.240 -0.079 -0.045  0.031  0.047  0.036  0.036 -0.011 -0.052 -0.018 -0.153 -0.189 -0.196 -0.079 -0.100 -0.068  0.039  0.184  0.472  0.628  0.622  0.485  0.330  0.251  0.171  0.139  0.052 -0.039 -0.009  0.035  0.044 -0.032 -0.047 -0.111 -0.057 -0.008  0.044  0.129  0.146  0.169  0.148  0.138  0.102  0.113  0.245  0.310  0.488  0.721  1.000  0.677  0.568  0.320  0.161 -0.013  0.103  0.060 -0.078 -0.132 -0.183 -0.340 -0.353 -0.256 -0.175 -0.075  0.013  0.056  0.097  0.064 -0.018 -0.167 -0.437 -0.306 -0.227
 -0.139 -0.272 -0.256 -0.303 -0.150 -0.150 -0.076 -0.050 -0.032 -0.064 -0.121 -0.173 -0.145 -0.240 -0.196 -0.115 -0.004 -0.014  0.055  0.186  0.264  0.486  0.478  0.489  0.367  0.233  0.171  0.073  0.046 -0.003 -0.075 -0.059 -0.001  0.023 -0.043 -0.034 -0.094 -0.072 -0.015  0.018  0.099  0.143  0.144  0.088  0.076  0.082  0.117  0.185  0.228  0.280  0.478  0.677  1.000  0.731  0.456  0.291  0.170  0.249  0.139  0.052 -0.037 -0.111 -0.241 -0.303 -0.247 -0.241 -0.121 -0.073 -0.004  0.014 -0.019 -0.060 -0.132 -0.382 -0.238 -0.145
 -0.120 -0.276 -0.258 -0.334 -0.220 -0.229 -0.191 -0.141 -0.089 -0.154 -0.217 -0.251 -0.248 -0.319 -0.332 -0.101  0.044  0.061  0.192  0.333  0.415  0.585  0.485  0.388  0.285  0.142  0.055 -0.019 -0.047 -0.102 -0.168 -0.142 -0.050 -0.018 -0.108 -0.097 -0.150 -0.137 -0.084 -0.071 -0.030  0.022  0.063  0.030  0.065  0.019  0.055  0.117  0.189  0.277  0.483  0.568  0.731  1.000  0.734  0.499  0.375  0.467  0.291  0.193  0.076 -0.070 -0.185 -0.278 -0.237 -0.231 -0.127 -0.124 -0.097 -0.096 -0.108 -0.134 -0.109 -0.352 -0.132 -0.016
  0.006 -0.162 -0.192 -0.300 -0.303 -0.317 -0.296 -0.227 -0.150 -0.224 -0.295 -0.316 -0.303 -0.325 -0.321  0.003  0.152  0.235  0.397  0.528  0.544  0.549  0.367  0.232  0.179  0.026 -0.077 -0.125 -0.167 -0.205 -0.251 -0.236 -0.151 -0.102 -0.163 -0.145 -0.166 -0.185 -0.142 -0.143 -0.145 -0.089 -0.044 -0.107 -0.059 -0.078 -0.041 -0.045  0.018  0.106  0.276  0.320  0.456  0.734  1.000  0.758  0.601  0.627  0.428  0.358  0.251  0.032 -0.093 -0.204 -0.196 -0.223 -0.205 -0.218 -0.216 -0.185 -0.173 -0.179 -0.083 -0.182 -0.009  0.131
  0.079 -0.073 -0.104 -0.272 -0.356 -0.363 -0.331 -0.275 -0.203 -0.266 -0.335 -0.355 -0.329 -0.286 -0.217  0.039  0.160  0.308  0.509  0.503  0.432  0.366  0.222  0.085  0.035 -0.089 -0.147 -0.172 -0.255 -0.286 -0.261 -0.267 -0.232 -0.147 -0.171 -0.166 -0.184 -0.194 -0.127 -0.126 -0.152 -0.110 -0.099 -0.156 -0.113 -0.108 -0.076 -0.115 -0.081  0.032  0.154  0.161  0.291  0.499  0.758  1.000  0.776  0.652  0.572  0.532  0.475  0.158  0.022 -0.091 -0.122 -0.225 -0.246 -0.249 -0.266 -0.186 -0.154 -0.129 -0.019 -0.052  0.049  0.160
  0.081 -0.065 -0.094 -0.246 -0.322 -0.339 -0.335 -0.272 -0.196 -0.273 -0.341 -0.340 -0.336 -0.293 -0.210  0.033  0.141  0.322  0.547  0.537  0.376  0.252  0.066 -0.063 -0.087 -0.183 -0.249 -0.231 -0.292 -0.311 -0.275 -0.277 -0.237 -0.171 -0.185 -0.169 -0.178 -0.189 -0.119 -0.115 -0.164 -0.114 -0.111 -0.179 -0.147 -0.117 -0.102 -0.170 -0.115 -0.047  0.047 -0.013  0.170  0.375  0.601  0.776  1.000  0.797  0.610  0.642  0.469  0.178  0.061 -0.057 -0.071 -0.169 -0.201 -0.236 -0.271 -0.202 -0.138 -0.091  0.084  0.042  0.119  0.183
 -0.044 -0.187 -0.157 -0.267 -0.282 -0.291 -0.253 -0.220 -0.126 -0.196 -0.263 -0.279 -0.301 -0.311 -0.276 -0.086  0.027  0.195  0.400  0.435  0.293  0.256  0.092 -0.003 -0.065 -0.160 -0.221 -0.189 -0.205 -0.222 -0.217 -0.181 -0.103 -0.086 -0.157 -0.147 -0.179 -0.196 -0.115 -0.099 -0.130 -0.085 -0.089 -0.148 -0.122 -0.092 -0.071 -0.123 -0.058  0.046  0.179  0.103  0.249  0.467  0.627  0.652  0.797  1.000  0.774  0.650  0.398  0.144  0.001 -0.131 -0.064 -0.148 -0.137 -0.216 -0.229 -0.183 -0.123 -0.124  0.048 -0.070  0.079  0.103
 -0.061 -0.139 -0.077 -0.190 -0.252 -0.253 -0.203 -0.188 -0.115 -0.176 -0.234 -0.252 -0.276 -0.254 -0.174 -0.117 -0.044  0.125  0.285  0.308  0.144  0.114  0.029 -0.037 -0.143 -0.228 -0.219 -0.173 -0.238 -0.229 -0.164 -0.152 -0.129 -0.071 -0.123 -0.116 -0.169 -0.211 -0.093 -0.040 -0.065 -0.028 -0.035 -0.099 -0.085 -0.086 -0.064 -0.116 -0.030  0.113  0.194  0.060  0.139  0.291  0.428  0.572  0.610  0.774  1.000  0.769  0.575  0.238  0.074 -0.029  0.028 -0.085 -0.110 -0.162 -0.176 -0.102 -0.046 -0.050  0.081 -0.028  0.026  0.027
  0.032 -0.051 -0.029 -0.172 -0.285 -0.289 -0.280 -0.257 -0.177 -0.234 -0.283 -0.277 -0.298 -0.240 -0.149 -0.072 -0.019  0.177  0.321  0.314  0.138  0.056 -0.035 -0.124 -0.214 -0.273 -0.273 -0.249 -0.296 -0.279 -0.207 -0.199 -0.156 -0.100 -0.141 -0.142 -0.173 -0.207 -0.118 -0.102 -0.136 -0.101 -0.113 -0.175 -0.125 -0.106 -0.067 -0.161 -0.101 -0.015  0.048 -0.078  0.052  0.193  0.358  0.532  0.642  0.650  0.769  1.000  0.717  0.359  0.191  0.045  0.069 -0.068 -0.134 -0.196 -0.236 -0.177 -0.103 -0.073  0.132  0.125  0.145  0.112
  0.141  0.108  0.111 -0.102 -0.301 -0.328 -0.327 -0.308 -0.235 -0.303 -0.350 -0.321 -0.328 -0.207 -0.056  0.009  0.060  0.198  0.302  0.257  0.126  0.028 -0.064 -0.148 -0.216 -0.299 -0.255 -0.207 -0.312 -0.309 -0.183 -0.204 -0.251 -0.177 -0.141 -0.128 -0.141 -0.227 -0.152 -0.103 -0.182 -0.168 -0.176 -0.193 -0.144 -0.121 -0.080 -0.190 -0.167 -0.094 -0.056 -0.132 -0.037  0.076  0.251  0.475  0.469  0.398  0.575  0.717  1.000  0.638  0.396  0.221  0.238  0.004 -0.126 -0.193 -0.252 -0.164 -0.096 -0.070  0.101  0.202  0.166  0.171
  0.290  0.235  0.162 -0.052 -0.255 -0.300 -0.318 -0.286 -0.220 -0.263 -0.310 -0.275 -0.280 -0.145 -0.059  0.089  0.113  0.160  0.170  0.092  0.027 -0.076 -0.138 -0.168 -0.199 -0.287 -0.246 -0.212 -0.288 -0.288 -0.192 -0.190 -0.184 -0.180 -0.160 -0.123 -0.107 -0.194 -0.167 -0.166 -0.220 -0.205 -0.189 -0.184 -0.147 -0.105 -0.072 -0.171 -0.172 -0.155 -0.163 -0.183 -0.111 -0.070  0.032  0.158  0.178  0.144  0.238  0.359  0.638  1.000  0.625  0.286  0.313  0.078 -0.071 -0.195 -0.261 -0.207 -0.141 -0.119  0.121  0.239  0.296  0.226
  0.504  0.524  0.373  0.117 -0.217 -0.280 -0.341 -0.311 -0.270 -0.308 -0.292 -0.228 -0.229 -0.008  0.107  0.326  0.275  0.256  0.150  0.018 -0.022 -0.164 -0.241 -0.320 -0.296 -0.316 -0.337 -0.306 -0.326 -0.348 -0.259 -0.280 -0.309 -0.298 -0.228 -0.160 -0.098 -0.212 -0.204 -0.186 -0.292 -0.267 -0.237 -0.199 -0.166 -0.166 -0.109 -0.216 -0.245 -0.261 -0.331 -0.340 -0.241 -0.185 -0.093  0.022  0.061  0.001  0.074  0.191  0.396  0.625  1.000  0.709  0.438  0.187 -0.077 -0.182 -0.279 -0.223 -0.173 -0.095  0.124  0.382  0.352  0.324
  0.374  0.529  0.442  0.305 -0.050 -0.137 -0.249 -0.244 -0.224 -0.251 -0.186 -0.089 -0.093  0.136  0.201  0.256  0.190  0.162  0.042 -0.104 -0.123 -0.243 -0.273 -0.326 -0.303 -0.269 -0.288 -0.275 -0.261 -0.286 -0.210 -0.222 -0.290 -0.258 -0.201 -0.162 -0.097 -0.201 -0.186 -0.166 -0.272 -0.241 -0.201 -0.178 -0.159 -0.177 -0.139 -0.208 -0.244 -0.241 -0.340 -0.353 -0.303 -0.278 -0.204 -0.091 -0.057 -0.131 -0.029  0.045  0.221  0.286  0.709  1.000  0.647  0.348  0.028 -0.098 -0.209 -0.183 -0.153 -0.057  0.135  0.447  0.308  0.281
  0.070  0.198  0.313  0.342  0.117  0.064 -0.084 -0.119 -0.101 -0.105 -0.024  0.060 -0.029  0.098  0.060 -0.055 -0.061 -0.067 -0.074 -0.190 -0.243 -0.292 -0.262 -0.277 -0.292 -0.236 -0.214 -0.148 -0.108 -0.144 -0.062 -0.034 -0.110 -0.166 -0.130 -0.143 -0.089 -0.164 -0.184 -0.165 -0.245 -0.233 -0.181 -0.153 -0.102 -0.178 -0.190 -0.227 -0.218 -0.151 -0.172 -0.256 -0.247 -0.237 -0.196 -0.122 -0.071 -0.064  0.028  0.069  0.238  0.313  0.438  0.647  1.000  0.641  0.326  0.023 -0.124 -0.144 -0.124 -0.082  0.107  0.316  0.239  0.155
 -0.024  0.113  0.284  0.488  0.305  0.294  0.081  0.032 -0.011  0.008  0.115  0.208  0.098  0.153  0.026 -0.072 -0.078 -0.150 -0.160 -0.226 -0.249 -0.285 -0.243 -0.248 -0.243 -0.163 -0.149 -0.113 -0.026 -0.072 -0.038 -0.010 -0.063 -0.144 -0.130 -0.135 -0.082 -0.092 -0.128 -0.138 -0.179 -0.146 -0.064 -0.051 -0.007 -0.156 -0.218 -0.189 -0.119 -0.032 -0.048 -0.175 -0.241 -0.231 -0.223 -0.225 -0.169 -0.148 -0.085 -0.068  0.004  0.078  0.187  0.348  0.641  1.000  0.629  0.206  0.001 -0.077 -0.115 -0.089  0.007  0.178  0.127  0.098
 -0.178 -0.067  0.114  0.323  0.463  0.397  0.229  0.175  0.099  0.099  0.160  0.207  0.127  0.064 -0.037 -0.171 -0.188 -0.236 -0.224 -0.229 -0.245 -0.236 -0.183 -0.150 -0.178 -0.135 -0.050 -0.017  0.047  0.029  0.000  0.054  0.061 -0.056 -0.080 -0.083 -0.068 -0.032 -0.037 -0.033  0.000  0.072  0.155  0.185  0.164 -0.004 -0.077 -0.047  0.049  0.067  0.050 -0.075 -0.121 -0.127 -0.205 -0.246 -0.201 -0.137 -0.110 -0.134 -0.126 -0.071 -0.077  0.028  0.326  0.629  1.000  0.517  0.292  0.129  0.009 -0.026 -0.059 -0.077 -0.044 -0.059
 -0.223 -0.156 -0.096  0.040  0.287  0.371  0.433  0.435  0.246  0.240  0.197  0.130  0.097 -0.001  0.011 -0.165 -0.216 -0.270 -0.241 -0.241 -0.188 -0.162 -0.086 -0.027 -0.101 -0.097  0.105  0.080 -0.006  0.083  0.093  0.038 -0.026 -0.025  0.070  0.131  0.143  0.161  0.199  0.274  0.356  0.388  0.480  0.505  0.304  0.114  0.096  0.103  0.253  0.165  0.116  0.013 -0.073 -0.124 -0.218 -0.249 -0.236 -0.216 -0.162 -0.196 -0.193 -0.195 -0.182 -0.098  0.023  0.206  0.517  1.000  0.717  0.505  0.312  0.216 -0.032 -0.196 -0.384 -0.389
 -0.287 -0.228 -0.147 -0.013  0.309  0.388  0.552  0.517  0.282  0.317  0.276  0.159  0.176  0.029  0.094 -0.196 -0.261 -0.338 -0.309 -0.248 -0.199 -0.145 -0.036  0.084 -0.015 -0.029  0.200  0.206  0.085  0.164  0.195  0.133  0.050  0.055  0.158  0.201  0.200  0.246  0.336  0.446  0.567  0.601  0.538  0.459  0.210  0.080  0.132  0.160  0.292  0.165  0.104  0.056 -0.004 -0.097 -0.216 -0.266 -0.271 -0.229 -0.176 -0.236 -0.252 -0.261 -0.279 -0.209 -0.124  0.001  0.292  0.717  1.000  0.761  0.540  0.408  0.004 -0.295 -0.542 -0.559
 -0.230 -0.205 -0.137 -0.081  0.177  0.272  0.494  0.511  0.286  0.309  0.235  0.060  0.120  0.022  0.182 -0.128 -0.182 -0.251 -0.223 -0.204 -0.157 -0.112 -0.001  0.100 -0.012 -0.043  0.170  0.189  0.025  0.106  0.176  0.100 -0.002  0.041  0.157  0.201  0.171  0.197  0.379  0.591  0.667  0.694  0.505  0.395  0.135  0.037  0.100  0.127  0.253  0.176  0.114  0.097  0.014 -0.096 -0.185 -0.186 -0.202 -0.183 -0.102 -0.177 -0.164 -0.207 -0.223 -0.183 -0.144 -0.077  0.129  0.505  0.761  1.000  0.824  0.670  0.145 -0.256 -0.615 -0.647
 -0.208 -0.180 -0.118 -0.096  0.058  0.141  0.362  0.353  0.187  0.218  0.174 -0.005  0.049  0.006  0.212 -0.125 -0.169 -0.204 -0.167 -0.157 -0.144 -0.117  0.010  0.081 -0.018 -0.032  0.154  0.209  0.037  0.103  0.201  0.134  0.012  0.061  0.178  0.228  0.203  0.205  0.455  0.693  0.670  0.609  0.371  0.263  0.047  0.014  0.069  0.087  0.178  0.101  0.033  0.064 -0.019 -0.108 -0.173 -0.154 -0.138 -0.123 -0.046 -0.103 -0.096 -0.141 -0.173 -0.153 -0.124 -0.115  0.009  0.312  0.540  0.824  1.000  0.823  0.306 -0.159 -0.562 -0.638
 -0.124 -0.089 -0.035 -0.024  0.058  0.104  0.290  0.251  0.111  0.148  0.150 -0.002  0.089  0.094  0.290 -0.037 -0.076 -0.125 -0.088 -0.112 -0.130 -0.145 -0.048  0.004 -0.055 -0.061  0.081  0.130 -0.014  0.043  0.120  0.074 -0.038  0.016  0.087  0.133  0.124  0.125  0.440  0.667  0.574  0.563  0.338  0.214  0.003 -0.020  0.008  0.041  0.109  0.039 -0.048 -0.018 -0.060 -0.134 -0.179 -0.129 -0.091 -0.124 -0.050 -0.073 -0.070 -0.119 -0.095 -0.057 -0.082 -0.089 -0.026  0.216  0.408  0.670  0.823  1.000  0.523 -0.005 -0.484 -0.601
  0.046  0.037  0.046 -0.036 -0.127 -0.141 -0.088 -0.078 -0.061 -0.102 -0.138 -0.170 -0.168 -0.062  0.084 -0.019 -0.021  0.019  0.084  0.041 -0.058 -0.143 -0.144 -0.177 -0.193 -0.158 -0.187 -0.171 -0.245 -0.213 -0.133 -0.168 -0.220 -0.159 -0.134 -0.035  0.024 -0.069  0.133  0.258  0.105  0.098  0.042  0.028  0.031  0.017 -0.009  0.003 -0.071 -0.045 -0.121 -0.167 -0.132 -0.109 -0.083 -0.019  0.084  0.048  0.081  0.132  0.101  0.121  0.124  0.135  0.107  0.007 -0.059 -0.032  0.004  0.145  0.306  0.523  1.000  0.531  0.035 -0.243
  0.343  0.366  0.308  0.230 -0.069 -0.093 -0.222 -0.247 -0.205 -0.207 -0.144 -0.040 -0.065  0.133  0.184  0.174  0.135  0.211  0.131 -0.017 -0.122 -0.289 -0.336 -0.417 -0.355 -0.253 -0.400 -0.383 -0.311 -0.343 -0.300 -0.287 -0.316 -0.282 -0.263 -0.246 -0.162 -0.265 -0.257 -0.239 -0.354 -0.339 -0.295 -0.233 -0.143 -0.118 -0.135 -0.195 -0.327 -0.295 -0.450 -0.437 -0.382 -0.352 -0.182 -0.052  0.042 -0.070 -0.028  0.125  0.202  0.239  0.382  0.447  0.316  0.178 -0.077 -0.196 -0.295 -0.256 -0.159 -0.005  0.531  1.000  0.557  0.238
  0.325  0.306  0.247  0.176 -0.107 -0.164 -0.396 -0.397 -0.247 -0.278 -0.188 -0.000 -0.086  0.041 -0.155  0.132  0.153  0.244  0.172  0.121  0.021 -0.115 -0.201 -0.335 -0.219 -0.170 -0.413 -0.349 -0.147 -0.279 -0.357 -0.205 -0.055 -0.216 -0.316 -0.377 -0.376 -0.399 -0.557 -0.656 -0.693 -0.626 -0.510 -0.434 -0.229 -0.192 -0.258 -0.280 -0.374 -0.280 -0.312 -0.306 -0.238 -0.132 -0.009  0.049  0.119  0.079  0.026  0.145  0.166  0.296  0.352  0.308  0.239  0.127 -0.044 -0.384 -0.542 -0.615 -0.562 -0.484  0.035  0.557  1.000  0.642
