  1.000  0.772  0.425  0.220 -0.178 -0.297 -0.389 -0.324 -0.221 -0.255 -0.284 -0.219 -0.134  0.135  0.256  0.606  0.553  0.518  0.339  0.208  0.163 -0.066 -0.243 -0.284 -0.159 -0.196 -0.288 -0.297 -0.317 -0.364 -0.347 -0.372 -0.340 -0.314 -0.329 -0.291 -0.183 -0.313 -0.233 -0.250 -0.348 -0.316 -0.388 -0.386 -0.298 -0.176 -0.213 -0.259 -0.378 -0.400 -0.409 -0.366 -0.237 -0.159 -0.008  0.118  0.144 -0.021 -0.042  0.105  0.193  0.314  0.560  0.472  0.180  0.067 -0.151 -0.335 -0.413 -0.346 -0.275 -0.111  0.235  0.349  0.413  0.436
  0.772  1.000  0.661  0.392 -0.053 -0.220 -0.369 -0.327 -0.236 -0.256 -0.283 -0.163 -0.068  0.215  0.450  0.567  0.413  0.371  0.228  0.104  0.040 -0.192 -0.340 -0.379 -0.267 -0.238 -0.301 -0.317 -0.330 -0.331 -0.289 -0.326 -0.307 -0.241 -0.261 -0.227 -0.136 -0.307 -0.171 -0.223 -0.312 -0.298 -0.383 -0.388 -0.331 -0.205 -0.229 -0.278 -0.379 -0.409 -0.459 -0.448 -0.341 -0.273 -0.129  0.031  0.075 -0.095 -0.072  0.095  0.211  0.306  0.594  0.633  0.319  0.209 -0.032 -0.292 -0.394 -0.323 -0.252 -0.103  0.232  0.296  0.418  0.426
  0.425  0.661  1.000  0.603  0.137 -0.059 -0.231 -0.273 -0.235 -0.220 -0.095  0.022  0.127  0.328  0.517  0.312  0.254  0.194  0.058 -0.066 -0.106 -0.270 -0.350 -0.367 -0.310 -0.269 -0.315 -0.302 -0.303 -0.261 -0.199 -0.200 -0.194 -0.138 -0.173 -0.186 -0.136 -0.155 -0.141 -0.230 -0.246 -0.265 -0.285 -0.285 -0.242 -0.156 -0.154 -0.184 -0.247 -0.265 -0.315 -0.342 -0.315 -0.301 -0.213 -0.066 -0.018 -0.097 -0.023  0.084  0.179  0.236  0.415  0.490  0.417  0.295  0.061 -0.181 -0.275 -0.297 -0.251 -0.168  0.065  0.183  0.346  0.350
  0.220  0.392  0.603  1.000  0.527  0.307  0.035 -0.083 -0.099 -0.041  0.142  0.321  0.343  0.459  0.344  0.212  0.151  0.051 -0.067 -0.178 -0.209 -0.325 -0.337 -0.329 -0.287 -0.211 -0.226 -0.227 -0.179 -0.160 -0.165 -0.141 -0.101 -0.085 -0.167 -0.187 -0.168 -0.175 -0.179 -0.207 -0.228 -0.222 -0.201 -0.189 -0.183 -0.152 -0.163 -0.155 -0.206 -0.236 -0.285 -0.315 -0.320 -0.345 -0.300 -0.208 -0.178 -0.238 -0.147 -0.089 -0.027  0.034  0.212  0.367  0.404  0.513  0.292 -0.011 -0.104 -0.162 -0.169 -0.119  0.046  0.176  0.276  0.233
 -0.178 -0.053  0.137  0.527  1.000  0.729  0.461  0.273  0.114  0.195  0.344  0.503  0.525  0.323  0.145 -0.045 -0.103 -0.205 -0.255 -0.288 -0.273 -0.227 -0.145 -0.090 -0.115 -0.051 -0.003 -0.006  0.022  0.080  0.038  0.034  0.076  0.094  0.043  0.015 -0.062  0.010 -0.016  0.009  0.072  0.093  0.135  0.120  0.042 -0.037 -0.027 -0.007  0.039 -0.004 -0.020 -0.053 -0.127 -0.212 -0.283 -0.305 -0.322 -0.280 -0.219 -0.267 -0.253 -0.217 -0.196 -0.078  0.084  0.287  0.429  0.332  0.354  0.213  0.089  0.011 -0.140 -0.121 -0.100 -0.130
 -0.297 -0.220 -0.059  0.307  0.729  1.000  0.724  0.543  0.364  0.446  0.524  0.612  0.450  0.214 -0.049 -0.149 -0.196 -0.321 -0.355 -0.393 -0.345 -0.248 -0.116 -0.054 -0.108 -0.044  0.027 -0.004  0.063  0.132  0.067  0.083  0.151  0.176  0.110  0.088  0.020  0.123  0.033  0.107  0.163  0.170  0.225  0.217  0.115 -0.002 -0.011  0.045  0.109  0.068  0.051 -0.006 -0.122 -0.222 -0.328 -0.357 -0.401 -0.327 -0.245 -0.327 -0.324 -0.301 -0.297 -0.197 -0.022  0.252  0.365  0.457  0.482  0.364  0.210  0.102 -0.187 -0.174 -0.225 -0.261
 -0.389 -0.369 -0.231  0.035  0.461  0.724  1.000  0.799  0.549  0.667  0.584  0.451  0.333  0.086 -0.125 -0.209 -0.237 -0.351 -0.360 -0.359 -0.277 -0.136  0.005  0.069  0.001  0.036  0.133  0.105  0.124  0.189  0.137  0.123  0.164  0.193  0.188  0.178  0.081  0.199  0.134  0.228  0.313  0.330  0.342  0.318  0.171  0.046  0.060  0.105  0.215  0.159  0.146  0.111 -0.006 -0.107 -0.237 -0.313 -0.375 -0.267 -0.213 -0.331 -0.364 -0.354 -0.391 -0.356 -0.228 -0.013  0.177  0.497  0.643  0.538  0.349  0.207 -0.256 -0.260 -0.414 -0.453
 -0.324 -0.327 -0.273 -0.083  0.273  0.543  0.799  1.000  0.745  0.669  0.374  0.237  0.106 -0.061 -0.203 -0.186 -0.199 -0.304 -0.321 -0.306 -0.223 -0.100  0.022  0.074  0.010  0.051  0.156  0.085  0.106  0.188  0.126  0.090  0.149  0.198  0.200  0.216  0.119  0.148  0.120  0.244  0.295  0.321  0.307  0.299  0.148  0.020  0.026  0.080  0.178  0.136  0.136  0.093  0.005 -0.074 -0.184 -0.259 -0.317 -0.227 -0.191 -0.291 -0.317 -0.313 -0.341 -0.317 -0.251 -0.042  0.135  0.476  0.580  0.553  0.365  0.252 -0.195 -0.237 -0.416 -0.433
 -0.221 -0.236 -0.235 -0.099  0.114  0.364  0.549  0.745  1.000  0.817  0.373  0.241  0.086 -0.031 -0.143 -0.085 -0.107 -0.203 -0.228 -0.220 -0.146 -0.061  0.021  0.062  0.023  0.062  0.135  0.055  0.061  0.134  0.073  0.042  0.120  0.155  0.131  0.145  0.038  0.039  0.040  0.132  0.147  0.166  0.141  0.155  0.061 -0.005 -0.006  0.061  0.113  0.085  0.094  0.072  0.004 -0.060 -0.139 -0.184 -0.245 -0.192 -0.154 -0.229 -0.238 -0.223 -0.247 -0.241 -0.222 -0.071  0.004  0.238  0.313  0.323  0.192  0.136 -0.158 -0.187 -0.306 -0.320
 -0.255 -0.256 -0.220 -0.041  0.195  0.446  0.667  0.669  0.817  1.000  0.640  0.452  0.278  0.110 -0.076 -0.068 -0.111 -0.234 -0.259 -0.264 -0.175 -0.081  0.025  0.069  0.026  0.068  0.130  0.072  0.091  0.139  0.064  0.058  0.141  0.158  0.118  0.095 -0.009  0.044  0.013  0.092  0.118  0.132  0.130  0.134  0.054  0.002  0.001  0.070  0.122  0.085  0.093  0.082 -0.006 -0.081 -0.173 -0.213 -0.290 -0.233 -0.189 -0.273 -0.277 -0.256 -0.276 -0.272 -0.239 -0.086 -0.020  0.223  0.327  0.313  0.171  0.107 -0.188 -0.180 -0.300 -0.339
 -0.284 -0.283 -0.095  0.142  0.344  0.524  0.584  0.374  0.373  0.640  1.000  0.788  0.583  0.335  0.038 -0.069 -0.112 -0.225 -0.248 -0.275 -0.208 -0.115 -0.002  0.033 -0.014  0.026  0.034  0.045  0.115  0.123  0.040  0.111  0.188  0.118  0.028 -0.054 -0.141  0.042 -0.086 -0.055 -0.001  0.006  0.062  0.073  0.038  0.002  0.011  0.085  0.114  0.080  0.086  0.090 -0.010 -0.091 -0.187 -0.219 -0.285 -0.217 -0.164 -0.255 -0.269 -0.281 -0.288 -0.261 -0.129 -0.020 -0.001  0.139  0.226  0.156  0.038 -0.039 -0.181 -0.100 -0.149 -0.228
 -0.219 -0.163  0.022  0.321  0.503  0.612  0.451  0.237  0.241  0.452  0.788  1.000  0.743  0.462  0.104 -0.000 -0.071 -0.208 -0.262 -0.313 -0.247 -0.181 -0.062 -0.017 -0.042  0.023  0.020  0.015  0.096  0.103  0.014  0.065  0.152  0.120  0.012 -0.065 -0.156 -0.021 -0.131 -0.098 -0.063 -0.062  0.008  0.021  0.014 -0.026 -0.046  0.035  0.038  0.019  0.018  0.016 -0.088 -0.193 -0.266 -0.271 -0.333 -0.296 -0.232 -0.284 -0.276 -0.253 -0.231 -0.150 -0.032  0.110  0.081  0.115  0.163  0.079 -0.028 -0.081 -0.191 -0.088 -0.031 -0.098
 -0.134 -0.068  0.127  0.343  0.525  0.450  0.333  0.106  0.086  0.278  0.583  0.743  1.000  0.678  0.313  0.108  0.030 -0.097 -0.173 -0.230 -0.158 -0.136 -0.056 -0.006 -0.011  0.040  0.033  0.056  0.077  0.082  0.007  0.045  0.097  0.061 -0.017 -0.104 -0.222 -0.071 -0.145 -0.155 -0.095 -0.083 -0.029 -0.022 -0.006  0.002  0.006  0.055  0.023 -0.020 -0.022  0.013 -0.083 -0.187 -0.232 -0.230 -0.280 -0.277 -0.236 -0.258 -0.251 -0.211 -0.174 -0.113 -0.049  0.022  0.003  0.023  0.097 -0.007 -0.105 -0.141 -0.207 -0.089  0.002 -0.032
  0.135  0.215  0.328  0.459  0.323  0.214  0.086 -0.061 -0.031  0.110  0.335  0.462  0.678  1.000  0.550  0.376  0.257  0.113 -0.018 -0.118 -0.081 -0.170 -0.149 -0.091 -0.071 -0.026 -0.039 -0.039 -0.040 -0.057 -0.113 -0.107 -0.069 -0.066 -0.130 -0.182 -0.257 -0.191 -0.220 -0.250 -0.250 -0.235 -0.201 -0.185 -0.134 -0.064 -0.078 -0.062 -0.145 -0.185 -0.192 -0.142 -0.174 -0.264 -0.239 -0.179 -0.193 -0.265 -0.225 -0.181 -0.134 -0.053  0.069  0.144  0.089  0.098 -0.054 -0.141 -0.126 -0.175 -0.236 -0.192 -0.112  0.080  0.197  0.154
  0.256  0.450  0.517  0.344  0.145 -0.049 -0.125 -0.203 -0.143 -0.076  0.038  0.104  0.313  0.550  1.000  0.537  0.367  0.253  0.111  0.022  0.002 -0.148 -0.199 -0.167 -0.140 -0.035 -0.042 -0.078 -0.154 -0.062 -0.054 -0.143 -0.152 -0.054 -0.067 -0.081 -0.190 -0.235 -0.113 -0.206 -0.192 -0.206 -0.242 -0.244 -0.255 -0.104 -0.056 -0.116 -0.201 -0.249 -0.273 -0.220 -0.188 -0.249 -0.176 -0.055 -0.024 -0.145 -0.113 -0.011  0.075  0.113  0.263  0.352  0.218  0.093 -0.065 -0.194 -0.211 -0.211 -0.218 -0.181 -0.067  0.016  0.190  0.162
  0.606  0.567  0.312  0.212 -0.045 -0.149 -0.209 -0.186 -0.085 -0.068 -0.069 -0.000  0.108  0.376  0.537  1.000  0.783  0.540  0.317  0.217  0.274  0.072 -0.080 -0.071  0.033  0.032 -0.047 -0.130 -0.186 -0.212 -0.311 -0.393 -0.314 -0.274 -0.325 -0.281 -0.343 -0.428 -0.330 -0.299 -0.374 -0.317 -0.337 -0.313 -0.251 -0.151 -0.166 -0.165 -0.283 -0.303 -0.277 -0.200 -0.095 -0.105  0.031  0.105  0.058 -0.100 -0.154 -0.064  0.024  0.139  0.361  0.311  0.016 -0.033 -0.203 -0.310 -0.313 -0.264 -0.271 -0.161  0.064  0.221  0.288  0.274
  0.553  0.413  0.254  0.151 -0.103 -0.196 -0.237 -0.199 -0.107 -0.111 -0.112 -0.071  0.030  0.257  0.367  0.783  1.000  0.759  0.451  0.346  0.443  0.213  0.016  0.023  0.142  0.080 -0.032 -0.081 -0.145 -0.225 -0.321 -0.390 -0.346 -0.331 -0.364 -0.329 -0.377 -0.417 -0.352 -0.337 -0.405 -0.347 -0.339 -0.292 -0.232 -0.132 -0.125 -0.130 -0.238 -0.268 -0.209 -0.108  0.017  0.027  0.174  0.216  0.164  0.010 -0.079 -0.011  0.047  0.123  0.304  0.215 -0.024 -0.073 -0.241 -0.340 -0.336 -0.304 -0.302 -0.212  0.019  0.198  0.262  0.263
  0.518  0.371  0.194  0.051 -0.205 -0.321 -0.351 -0.304 -0.203 -0.234 -0.225 -0.208 -0.097  0.113  0.253  0.540  0.759  1.000  0.708  0.573  0.557  0.260 -0.001 -0.026  0.118  0.010 -0.126 -0.128 -0.206 -0.297 -0.339 -0.387 -0.383 -0.394 -0.408 -0.380 -0.367 -0.399 -0.325 -0.350 -0.414 -0.362 -0.369 -0.341 -0.279 -0.153 -0.142 -0.185 -0.272 -0.309 -0.242 -0.141  0.031  0.096  0.293  0.363  0.377  0.205  0.097  0.177  0.173  0.178  0.313  0.211  0.001 -0.105 -0.251 -0.400 -0.413 -0.380 -0.328 -0.237  0.086  0.254  0.330  0.329
  0.339  0.228  0.058 -0.067 -0.255 -0.355 -0.360 -0.321 -0.228 -0.259 -0.248 -0.262 -0.173 -0.018  0.111  0.317  0.451  0.708  1.000  0.715  0.516  0.256  0.023 -0.043  0.050 -0.044 -0.159 -0.136 -0.202 -0.300 -0.293 -0.305 -0.331 -0.365 -0.358 -0.349 -0.302 -0.325 -0.255 -0.287 -0.346 -0.301 -0.317 -0.310 -0.269 -0.180 -0.175 -0.242 -0.269 -0.253 -0.161 -0.106  0.089  0.221  0.434  0.542  0.581  0.411  0.276  0.339  0.289  0.190  0.213  0.124  0.005 -0.118 -0.234 -0.374 -0.389 -0.344 -0.269 -0.198  0.144  0.248  0.276  0.268
  0.208  0.104 -0.066 -0.178 -0.288 -0.393 -0.359 -0.306 -0.220 -0.264 -0.275 -0.313 -0.230 -0.118  0.022  0.217  0.346  0.573  0.715  1.000  0.750  0.477  0.207  0.133  0.230  0.096 -0.034 -0.011 -0.101 -0.222 -0.226 -0.258 -0.310 -0.364 -0.340 -0.326 -0.289 -0.307 -0.216 -0.253 -0.302 -0.248 -0.251 -0.254 -0.221 -0.140 -0.125 -0.175 -0.189 -0.162 -0.039  0.045  0.253  0.385  0.578  0.557  0.587  0.460  0.308  0.334  0.258  0.127  0.105  0.003 -0.103 -0.203 -0.239 -0.357 -0.331 -0.297 -0.236 -0.206  0.101  0.148  0.187  0.174
  0.163  0.040 -0.106 -0.209 -0.273 -0.345 -0.277 -0.223 -0.146 -0.175 -0.208 -0.247 -0.158 -0.081  0.002  0.274  0.443  0.557  0.516  0.750  1.000  0.753  0.444  0.370  0.471  0.297  0.134  0.130  0.020 -0.123 -0.196 -0.264 -0.286 -0.337 -0.312 -0.283 -0.311 -0.306 -0.226 -0.230 -0.263 -0.214 -0.195 -0.182 -0.139 -0.083 -0.072 -0.066 -0.085 -0.039  0.105  0.238  0.396  0.481  0.606  0.486  0.410  0.321  0.153  0.135  0.094  0.017  0.004 -0.094 -0.232 -0.283 -0.284 -0.333 -0.261 -0.222 -0.198 -0.202 -0.004  0.021  0.049  0.062
 -0.066 -0.192 -0.270 -0.325 -0.227 -0.248 -0.136 -0.100 -0.061 -0.081 -0.115 -0.181 -0.136 -0.170 -0.148  0.072  0.213  0.260  0.256  0.477  0.753  1.000  0.746  0.639  0.674  0.500  0.329  0.295  0.170  0.032 -0.058 -0.137 -0.157 -0.222 -0.179 -0.151 -0.221 -0.154 -0.117 -0.090 -0.086 -0.053 -0.010 -0.010  0.008 -0.023 -0.018  0.048  0.105  0.213  0.387  0.546  0.621  0.661  0.623  0.414  0.270  0.289  0.122  0.026 -0.023 -0.108 -0.206 -0.296 -0.349 -0.345 -0.247 -0.203 -0.085 -0.061 -0.058 -0.130 -0.094 -0.172 -0.192 -0.167
 -0.243 -0.340 -0.350 -0.337 -0.145 -0.116  0.005  0.022  0.021  0.025 -0.002 -0.062 -0.056 -0.149 -0.199 -0.080  0.016 -0.001  0.023  0.207  0.444  0.746  1.000  0.807  0.695  0.599  0.514  0.446  0.312  0.194  0.103  0.014 -0.004 -0.060 -0.017  0.007 -0.110 -0.043 -0.031  0.033  0.052  0.060  0.117  0.104  0.081  0.017  0.036  0.134  0.233  0.363  0.527  0.678  0.601  0.561  0.426  0.234  0.061  0.142  0.038 -0.097 -0.151 -0.228 -0.351 -0.398 -0.384 -0.331 -0.191 -0.064  0.059  0.084  0.065 -0.026 -0.158 -0.279 -0.341 -0.319
 -0.284 -0.379 -0.367 -0.329 -0.090 -0.054  0.069  0.074  0.062  0.069  0.033 -0.017 -0.006 -0.091 -0.167 -0.071  0.023 -0.026 -0.043  0.133  0.370  0.639  0.807  1.000  0.808  0.585  0.613  0.564  0.374  0.272  0.188  0.063  0.016 -0.014  0.057  0.086 -0.028  0.026  0.036  0.105  0.117  0.121  0.165  0.172  0.143  0.084  0.096  0.196  0.250  0.351  0.525  0.708  0.623  0.469  0.325  0.124 -0.036  0.046 -0.035 -0.174 -0.205 -0.239 -0.379 -0.427 -0.401 -0.316 -0.148 -0.010  0.133  0.154  0.117  0.002 -0.224 -0.379 -0.428 -0.413
 -0.159 -0.267 -0.310 -0.287 -0.115 -0.108  0.001  0.010  0.023  0.026 -0.014 -0.042 -0.011 -0.071 -0.140  0.033  0.142  0.118  0.050  0.230  0.471  0.674  0.695  0.808  1.000  0.751  0.581  0.586  0.459  0.269  0.120  0.015 -0.020 -0.098 -0.051 -0.036 -0.168 -0.088 -0.062 -0.014  0.001  0.014  0.048  0.064  0.063  0.035  0.031  0.115  0.151  0.210  0.370  0.561  0.524  0.404  0.326  0.144 -0.006  0.017 -0.081 -0.183 -0.195 -0.226 -0.293 -0.350 -0.404 -0.335 -0.217 -0.121  0.028  0.042  0.020 -0.069 -0.157 -0.263 -0.283 -0.259
 -0.196 -0.238 -0.269 -0.211 -0.051 -0.044  0.036  0.051  0.062  0.068  0.026  0.023  0.040 -0.026 -0.035  0.032  0.080  0.010 -0.044  0.096  0.297  0.500  0.599  0.585  0.751  1.000  0.751  0.587  0.540  0.444  0.216  0.082  0.104  0.056  0.047  0.071 -0.198 -0.151 -0.077 -0.040 -0.004 -0.016  0.005  0.044  0.013 -0.021 -0.004  0.085  0.114  0.142  0.248  0.401  0.365  0.246  0.167  0.036 -0.086 -0.069 -0.147 -0.214 -0.221 -0.253 -0.301 -0.292 -0.338 -0.261 -0.187 -0.104  0.021  0.027 -0.005 -0.083 -0.174 -0.232 -0.210 -0.215
 -0.288 -0.301 -0.315 -0.226 -0.003  0.027  0.133  0.156  0.135  0.130  0.034  0.020  0.033 -0.039 -0.042 -0.047 -0.032 -0.126 -0.159 -0.034  0.134  0.329  0.514  0.613  0.581  0.751  1.000  0.784  0.550  0.579  0.463  0.215  0.177  0.235  0.282  0.334  0.053  0.017  0.113  0.163  0.195  0.158  0.136  0.162  0.085  0.041  0.059  0.130  0.168  0.189  0.291  0.428  0.359  0.186  0.068 -0.061 -0.166 -0.118 -0.161 -0.258 -0.258 -0.265 -0.352 -0.329 -0.323 -0.221 -0.087  0.049  0.182  0.204  0.149  0.048 -0.276 -0.414 -0.415 -0.431
 -0.297 -0.317 -0.302 -0.227 -0.006 -0.004  0.105  0.085  0.055  0.072  0.045  0.015  0.056 -0.039 -0.078 -0.130 -0.081 -0.128 -0.136 -0.011  0.130  0.295  0.446  0.564  0.586  0.587  0.784  1.000  0.716  0.569  0.566  0.416  0.259  0.213  0.294  0.274  0.063  0.057  0.119  0.150  0.184  0.155  0.122  0.121  0.047  0.030  0.041  0.096  0.145  0.162  0.281  0.399  0.333  0.193  0.081 -0.050 -0.138 -0.090 -0.128 -0.233 -0.231 -0.256 -0.354 -0.344 -0.318 -0.237 -0.093  0.007  0.159  0.176  0.133  0.036 -0.247 -0.384 -0.399 -0.406
 -0.317 -0.330 -0.303 -0.179  0.022  0.063  0.124  0.106  0.061  0.091  0.115  0.096  0.077 -0.040 -0.154 -0.186 -0.145 -0.206 -0.202 -0.101  0.020  0.170  0.312  0.374  0.459  0.540  0.550  0.716  1.000  0.738  0.491  0.557  0.505  0.305  0.264  0.199  0.033  0.086  0.062  0.066  0.101  0.072  0.084  0.063 -0.002 -0.035 -0.029  0.048  0.106  0.109  0.194  0.282  0.209  0.114 -0.015 -0.140 -0.212 -0.144 -0.188 -0.281 -0.287 -0.339 -0.375 -0.343 -0.303 -0.192 -0.067  0.015  0.113  0.102  0.060 -0.002 -0.137 -0.272 -0.293 -0.258
 -0.364 -0.331 -0.261 -0.160  0.080  0.132  0.189  0.188  0.134  0.139  0.123  0.103  0.082 -0.057 -0.062 -0.212 -0.225 -0.297 -0.300 -0.222 -0.123  0.032  0.194  0.272  0.269  0.444  0.579  0.569  0.738  1.000  0.731  0.581  0.599  0.559  0.494  0.484  0.197  0.164  0.186  0.202  0.262  0.176  0.130  0.104  0.008 -0.022  0.003  0.065  0.136  0.105  0.150  0.215  0.104 -0.020 -0.158 -0.249 -0.292 -0.208 -0.219 -0.309 -0.323 -0.344 -0.376 -0.324 -0.241 -0.138 -0.008  0.126  0.215  0.202  0.152  0.081 -0.225 -0.385 -0.366 -0.366
 -0.347 -0.289 -0.199 -0.165  0.038  0.067  0.137  0.126  0.073  0.064  0.040  0.014  0.007 -0.113 -0.054 -0.311 -0.321 -0.339 -0.293 -0.226 -0.196 -0.058  0.103  0.188  0.120  0.216  0.463  0.566  0.491  0.731  1.000  0.743  0.508  0.569  0.648  0.607  0.408  0.311  0.364  0.340  0.382  0.277  0.168  0.123  0.019  0.018  0.044  0.066  0.133  0.106  0.138  0.174  0.063 -0.038 -0.162 -0.222 -0.219 -0.135 -0.118 -0.197 -0.216 -0.249 -0.320 -0.254 -0.150 -0.099  0.024  0.136  0.235  0.250  0.215  0.135 -0.271 -0.458 -0.411 -0.437
 -0.372 -0.326 -0.200 -0.141  0.034  0.083  0.123  0.090  0.042  0.058  0.111  0.065  0.045 -0.107 -0.143 -0.393 -0.390 -0.387 -0.305 -0.258 -0.264 -0.137  0.014  0.063  0.015  0.082  0.215  0.416  0.557  0.581  0.743  1.000  0.741  0.550  0.555  0.391  0.287  0.306  0.242  0.188  0.245  0.159  0.122  0.078  0.015  0.017  0.021  0.059  0.121  0.093  0.111  0.106 -0.014 -0.066 -0.180 -0.238 -0.224 -0.125 -0.105 -0.177 -0.203 -0.238 -0.335 -0.267 -0.112 -0.075  0.031  0.103  0.155  0.124  0.097  0.044 -0.162 -0.288 -0.280 -0.263
 -0.340 -0.307 -0.194 -0.101  0.076  0.151  0.164  0.149  0.120  0.141  0.188  0.152  0.097 -0.069 -0.152 -0.314 -0.346 -0.383 -0.331 -0.310 -0.286 -0.157 -0.004  0.016 -0.020  0.104  0.177  0.259  0.505  0.599  0.508  0.741  1.000  0.741  0.522  0.395  0.171  0.179  0.100  0.098  0.166  0.082  0.067  0.032  0.006 -0.017 -0.023  0.032  0.096  0.083  0.081  0.073 -0.069 -0.114 -0.220 -0.292 -0.295 -0.183 -0.183 -0.242 -0.269 -0.259 -0.342 -0.289 -0.138 -0.068  0.036  0.102  0.133  0.102  0.080  0.046 -0.090 -0.217 -0.222 -0.182
 -0.314 -0.241 -0.138 -0.085  0.094  0.176  0.193  0.198  0.155  0.158  0.118  0.120  0.061 -0.066 -0.054 -0.274 -0.331 -0.394 -0.365 -0.364 -0.337 -0.222 -0.060 -0.014 -0.098  0.056  0.235  0.213  0.305  0.559  0.569  0.550  0.741  1.000  0.810  0.706  0.390  0.290  0.265  0.255  0.298  0.172  0.113  0.070  0.005  0.002  0.007  0.027  0.083  0.069  0.050  0.034 -0.122 -0.202 -0.299 -0.337 -0.322 -0.227 -0.201 -0.251 -0.264 -0.249 -0.314 -0.214 -0.108 -0.029  0.059  0.176  0.204  0.216  0.181  0.125 -0.198 -0.354 -0.319 -0.280
 -0.329 -0.261 -0.173 -0.167  0.043  0.110  0.188  0.200  0.131  0.118  0.028  0.012 -0.017 -0.130 -0.067 -0.325 -0.364 -0.408 -0.358 -0.340 -0.312 -0.179 -0.017  0.057 -0.051  0.047  0.282  0.294  0.264  0.494  0.648  0.555  0.522  0.810  1.000  0.848  0.553  0.411  0.422  0.399  0.421  0.297  0.198  0.145  0.047  0.042  0.057  0.055  0.120  0.108  0.104  0.094 -0.058 -0.157 -0.260 -0.307 -0.281 -0.185 -0.160 -0.216 -0.244 -0.224 -0.311 -0.228 -0.132 -0.073  0.047  0.216  0.281  0.329  0.302  0.218 -0.257 -0.461 -0.420 -0.399
 -0.291 -0.227 -0.186 -0.187  0.015  0.088  0.178  0.216  0.145  0.095 -0.054 -0.065 -0.104 -0.182 -0.081 -0.281 -0.329 -0.380 -0.349 -0.326 -0.283 -0.151  0.007  0.086 -0.036  0.071  0.334  0.274  0.199  0.484  0.607  0.391  0.395  0.706  0.848  1.000  0.697  0.468  0.513  0.515  0.512  0.372  0.241  0.184  0.066  0.042  0.066  0.065  0.150  0.125  0.108  0.103 -0.032 -0.133 -0.241 -0.293 -0.269 -0.173 -0.153 -0.217 -0.249 -0.218 -0.284 -0.208 -0.145 -0.073  0.061  0.250  0.322  0.404  0.394  0.302 -0.212 -0.477 -0.491 -0.472
 -0.183 -0.136 -0.136 -0.168 -0.062  0.020  0.081  0.119  0.038 -0.009 -0.141 -0.156 -0.222 -0.257 -0.190 -0.343 -0.377 -0.367 -0.302 -0.289 -0.311 -0.221 -0.110 -0.028 -0.168 -0.198  0.053  0.063  0.033  0.197  0.408  0.287  0.171  0.390  0.553  0.697  1.000  0.764  0.691  0.621  0.551  0.448  0.308  0.166  0.054  0.036  0.050  0.020  0.111  0.082  0.033 -0.001 -0.102 -0.113 -0.207 -0.227 -0.176 -0.095 -0.057 -0.100 -0.142 -0.149 -0.154 -0.100 -0.045  0.013  0.127  0.261  0.255  0.359  0.388  0.369  0.004 -0.379 -0.448 -0.387
 -0.313 -0.307 -0.155 -0.175  0.010  0.123  0.199  0.148  0.039  0.044  0.042 -0.021 -0.071 -0.191 -0.235 -0.428 -0.417 -0.399 -0.325 -0.307 -0.306 -0.154 -0.043  0.026 -0.088 -0.151  0.017  0.057  0.086  0.164  0.311  0.306  0.179  0.290  0.411  0.468  0.764  1.000  0.734  0.545  0.569  0.459  0.421  0.268  0.144  0.077  0.102  0.093  0.223  0.194  0.136  0.103 -0.027 -0.052 -0.183 -0.219 -0.197 -0.080 -0.034 -0.121 -0.173 -0.221 -0.283 -0.255 -0.111 -0.046  0.087  0.311  0.330  0.357  0.363  0.260 -0.072 -0.380 -0.482 -0.394
 -0.233 -0.171 -0.141 -0.179 -0.016  0.033  0.134  0.120  0.040  0.013 -0.086 -0.131 -0.145 -0.220 -0.113 -0.330 -0.352 -0.325 -0.255 -0.216 -0.226 -0.117 -0.031  0.036 -0.062 -0.077  0.113  0.119  0.062  0.186  0.364  0.242  0.100  0.265  0.422  0.513  0.691  0.734  1.000  0.780  0.713  0.605  0.417  0.244  0.070  0.022  0.069  0.036  0.178  0.144  0.082  0.062 -0.011 -0.014 -0.135 -0.155 -0.121 -0.046 -0.002 -0.075 -0.125 -0.193 -0.218 -0.161 -0.119 -0.044  0.096  0.248  0.322  0.434  0.510  0.412  0.042 -0.438 -0.548 -0.520
 -0.250 -0.223 -0.230 -0.207  0.009  0.107  0.228  0.244  0.132  0.092 -0.055 -0.098 -0.155 -0.250 -0.206 -0.299 -0.337 -0.350 -0.287 -0.253 -0.230 -0.090  0.033  0.105 -0.014 -0.040  0.163  0.150  0.066  0.202  0.340  0.188  0.098  0.255  0.399  0.515  0.621  0.545  0.780  1.000  0.849  0.721  0.484  0.306  0.108  0.006  0.033  0.048  0.219  0.196  0.148  0.116  0.022  0.005 -0.137 -0.190 -0.181 -0.081 -0.040 -0.140 -0.181 -0.240 -0.268 -0.226 -0.187 -0.084  0.112  0.324  0.453  0.597  0.707  0.666  0.080 -0.366 -0.619 -0.639
 -0.348 -0.312 -0.246 -0.228  0.072  0.163  0.313  0.295  0.147  0.118 -0.001 -0.063 -0.095 -0.250 -0.192 -0.374 -0.405 -0.414 -0.346 -0.302 -0.263 -0.086  0.052  0.117  0.001 -0.004  0.195  0.184  0.101  0.262  0.382  0.245  0.166  0.298  0.421  0.512  0.551  0.569  0.713  0.849  1.000  0.857  0.624  0.410  0.171  0.026  0.076  0.093  0.314  0.279  0.211  0.167  0.052  0.016 -0.156 -0.235 -0.234 -0.106 -0.065 -0.186 -0.240 -0.297 -0.354 -0.302 -0.214 -0.104  0.142  0.419  0.576  0.658  0.695  0.579 -0.001 -0.426 -0.655 -0.647
 -0.316 -0.298 -0.265 -0.222  0.093  0.170  0.330  0.321  0.166  0.132  0.006 -0.062 -0.083 -0.235 -0.206 -0.317 -0.347 -0.362 -0.301 -0.248 -0.214 -0.053  0.060  0.121  0.014 -0.016  0.158  0.155  0.072  0.176  0.277  0.159  0.082  0.172  0.297  0.372  0.448  0.459  0.605  0.721  0.857  1.000  0.771  0.498  0.218  0.013  0.048  0.067  0.316  0.308  0.248  0.182  0.104  0.079 -0.089 -0.180 -0.188 -0.062 -0.029 -0.150 -0.221 -0.277 -0.331 -0.296 -0.228 -0.104  0.179  0.460  0.625  0.710  0.656  0.566 -0.003 -0.396 -0.625 -0.625
 -0.388 -0.383 -0.285 -0.201  0.135  0.225  0.342  0.307  0.141  0.130  0.062  0.008 -0.029 -0.201 -0.242 -0.337 -0.339 -0.369 -0.317 -0.251 -0.195 -0.010  0.117  0.165  0.048  0.005  0.136  0.122  0.084  0.130  0.168  0.122  0.067  0.113  0.198  0.241  0.308  0.421  0.417  0.484  0.624  0.771  1.000  0.732  0.381  0.067  0.115  0.142  0.434  0.434  0.350  0.253  0.156  0.111 -0.070 -0.186 -0.210 -0.068 -0.034 -0.177 -0.244 -0.289 -0.376 -0.358 -0.224 -0.083  0.230  0.567  0.624  0.570  0.442  0.330 -0.100 -0.360 -0.544 -0.507
 -0.386 -0.388 -0.285 -0.189  0.120  0.217  0.318  0.299  0.155  0.134  0.073  0.021 -0.022 -0.185 -0.244 -0.313 -0.292 -0.341 -0.310 -0.254 -0.182 -0.010  0.104  0.172  0.064  0.044  0.162  0.121  0.063  0.104  0.123  0.078  0.032  0.070  0.145  0.184  0.166  0.268  0.244  0.306  0.410  0.498  0.732  1.000  0.680  0.298  0.383  0.398  0.518  0.392  0.306  0.240  0.155  0.061 -0.113 -0.217 -0.260 -0.149 -0.108 -0.226 -0.246 -0.237 -0.345 -0.338 -0.211 -0.068  0.235  0.573  0.542  0.454  0.309  0.182 -0.177 -0.306 -0.458 -0.440
 -0.298 -0.331 -0.242 -0.183  0.042  0.115  0.171  0.148  0.061  0.054  0.038  0.014 -0.006 -0.134 -0.255 -0.251 -0.232 -0.279 -0.269 -0.221 -0.139  0.008  0.081  0.143  0.063  0.013  0.085  0.047 -0.002  0.008  0.019  0.015  0.006  0.005  0.047  0.066  0.054  0.144  0.070  0.108  0.171  0.218  0.381  0.680  1.000  0.630  0.461  0.456  0.356  0.331  0.277  0.222  0.119  0.017 -0.100 -0.193 -0.266 -0.189 -0.147 -0.226 -0.205 -0.152 -0.258 -0.278 -0.169 -0.047  0.156  0.345  0.302  0.211  0.112  0.016 -0.210 -0.202 -0.222 -0.212
 -0.176 -0.205 -0.156 -0.152 -0.037 -0.002  0.046  0.020 -0.005  0.002  0.002 -0.026  0.002 -0.064 -0.104 -0.151 -0.132 -0.153 -0.180 -0.140 -0.083 -0.023  0.017  0.084  0.035 -0.021  0.041  0.030 -0.035 -0.022  0.018  0.017 -0.017  0.002  0.042  0.042  0.036  0.077  0.022  0.006  0.026  0.013  0.067  0.298  0.630  1.000  0.696  0.502  0.209  0.127  0.123  0.139  0.074 -0.055 -0.112 -0.167 -0.202 -0.184 -0.157 -0.175 -0.146 -0.084 -0.148 -0.180 -0.151 -0.118 -0.005  0.108  0.093  0.024 -0.038 -0.113 -0.230 -0.167 -0.094 -0.081
 -0.213 -0.229 -0.154 -0.163 -0.027 -0.011  0.060  0.026 -0.006  0.001  0.011 -0.046  0.006 -0.078 -0.056 -0.166 -0.125 -0.142 -0.175 -0.125 -0.072 -0.018  0.036  0.096  0.031 -0.004  0.059  0.041 -0.029  0.003  0.044  0.021 -0.023  0.007  0.057  0.066  0.050  0.102  0.069  0.033  0.076  0.048  0.115  0.383  0.461  0.696  1.000  0.705  0.389  0.103  0.072  0.118  0.085 -0.026 -0.101 -0.152 -0.177 -0.166 -0.139 -0.157 -0.140 -0.092 -0.151 -0.177 -0.153 -0.151 -0.039  0.133  0.126  0.047  0.004 -0.084 -0.184 -0.167 -0.192 -0.161
 -0.259 -0.278 -0.184 -0.155 -0.007  0.045  0.105  0.080  0.061  0.070  0.085  0.035  0.055 -0.062 -0.116 -0.165 -0.130 -0.185 -0.242 -0.175 -0.066  0.048  0.134  0.196  0.115  0.085  0.130  0.096  0.048  0.065  0.066  0.059  0.032  0.027  0.055  0.065  0.020  0.093  0.036  0.048  0.093  0.067  0.142  0.398  0.456  0.502  0.705  1.000  0.661  0.349  0.204  0.239  0.122  0.016 -0.098 -0.182 -0.249 -0.201 -0.178 -0.237 -0.223 -0.170 -0.227 -0.243 -0.197 -0.139 -0.048  0.112  0.141  0.077  0.026 -0.043 -0.188 -0.185 -0.259 -0.233
 -0.378 -0.379 -0.247 -0.206  0.039  0.109  0.215  0.178  0.113  0.122  0.114  0.038  0.023 -0.145 -0.201 -0.283 -0.238 -0.272 -0.269 -0.189 -0.085  0.105  0.233  0.250  0.151  0.114  0.168  0.145  0.106  0.136  0.133  0.121  0.096  0.083  0.120  0.150  0.111  0.223  0.178  0.219  0.314  0.316  0.434  0.518  0.356  0.209  0.389  0.661  1.000  0.657  0.423  0.365  0.205  0.155 -0.023 -0.141 -0.189 -0.065 -0.046 -0.177 -0.233 -0.267 -0.368 -0.365 -0.260 -0.159  0.034  0.270  0.332  0.265  0.195  0.091 -0.185 -0.287 -0.448 -0.411
 -0.400 -0.409 -0.265 -0.236 -0.004  0.068  0.159  0.136  0.085  0.085  0.080  0.019 -0.020 -0.185 -0.249 -0.303 -0.268 -0.309 -0.253 -0.162 -0.039  0.213  0.363  0.351  0.210  0.142  0.189  0.162  0.109  0.105  0.106  0.093  0.083  0.069  0.108  0.125  0.082  0.194  0.144  0.196  0.279  0.308  0.434  0.392  0.331  0.127  0.103  0.349  0.657  1.000  0.758  0.562  0.317  0.304  0.101 -0.034 -0.115  0.061  0.092 -0.095 -0.160 -0.238 -0.405 -0.386 -0.233 -0.121  0.060  0.208  0.273  0.251  0.184  0.066 -0.174 -0.337 -0.407 -0.365
 -0.409 -0.459 -0.315 -0.285 -0.020  0.051  0.146  0.136  0.094  0.093  0.086  0.018 -0.022 -0.192 -0.273 -0.277 -0.209 -0.242 -0.161 -0.039  0.105  0.387  0.527  0.525  0.370  0.248  0.291  0.281  0.194  0.150  0.138  0.111  0.081  0.050  0.104  0.108  0.033  0.136  0.082  0.148  0.211  0.248  0.350  0.306  0.277  0.123  0.072  0.204  0.423  0.758  1.000  0.798  0.570  0.513  0.290  0.110 -0.004  0.191  0.183 -0.032 -0.123 -0.230 -0.436 -0.459 -0.291 -0.175  0.021  0.160  0.242  0.230  0.161  0.015 -0.235 -0.413 -0.458 -0.415
 -0.366 -0.448 -0.342 -0.315 -0.053 -0.006  0.111  0.093  0.072  0.082  0.090  0.016  0.013 -0.142 -0.220 -0.200 -0.108 -0.141 -0.106  0.045  0.238  0.546  0.678  0.708  0.561  0.401  0.428  0.399  0.282  0.215  0.174  0.106  0.073  0.034  0.094  0.103 -0.001  0.103  0.062  0.116  0.167  0.182  0.253  0.240  0.222  0.139  0.118  0.239  0.365  0.562  0.798  1.000  0.740  0.578  0.354  0.131 -0.022  0.145  0.072 -0.129 -0.194 -0.259 -0.439 -0.477 -0.363 -0.271 -0.086  0.059  0.180  0.183  0.129 -0.014 -0.275 -0.446 -0.470 -0.428
 -0.237 -0.341 -0.315 -0.320 -0.127 -0.122 -0.006  0.005  0.004 -0.006 -0.010 -0.088 -0.083 -0.174 -0.188 -0.095  0.017  0.031  0.089  0.253  0.396  0.621  0.601  0.623  0.524  0.365  0.359  0.333  0.209  0.104  0.063 -0.014 -0.069 -0.122 -0.058 -0.032 -0.102 -0.027 -0.011  0.022  0.052  0.104  0.156  0.155  0.119  0.074  0.085  0.122  0.205  0.317  0.570  0.740  1.000  0.770  0.554  0.338  0.205  0.314  0.191  0.030 -0.038 -0.135 -0.299 -0.377 -0.321 -0.290 -0.128 -0.044  0.071  0.081  0.052 -0.067 -0.171 -0.323 -0.360 -0.340
 -0.159 -0.273 -0.301 -0.345 -0.212 -0.222 -0.107 -0.074 -0.060 -0.081 -0.091 -0.193 -0.187 -0.264 -0.249 -0.105  0.027  0.096  0.221  0.385  0.481  0.661  0.561  0.469  0.404  0.246  0.186  0.193  0.114 -0.020 -0.038 -0.066 -0.114 -0.202 -0.157 -0.133 -0.113 -0.052 -0.014  0.005  0.016  0.079  0.111  0.061  0.017 -0.055 -0.026  0.016  0.155  0.304  0.513  0.578  0.770  1.000  0.777  0.535  0.396  0.517  0.347  0.168  0.081 -0.097 -0.235 -0.322 -0.292 -0.291 -0.142 -0.107 -0.015  0.019  0.033 -0.043  0.019 -0.177 -0.292 -0.262
 -0.008 -0.129 -0.213 -0.300 -0.283 -0.328 -0.237 -0.184 -0.139 -0.173 -0.187 -0.266 -0.232 -0.239 -0.176  0.031  0.174  0.293  0.434  0.578  0.606  0.623  0.426  0.325  0.326  0.167  0.068  0.081 -0.015 -0.158 -0.162 -0.180 -0.220 -0.299 -0.260 -0.241 -0.207 -0.183 -0.135 -0.137 -0.156 -0.089 -0.070 -0.113 -0.100 -0.112 -0.101 -0.098 -0.023  0.101  0.290  0.354  0.554  0.777  1.000  0.771  0.610  0.637  0.429  0.329  0.240  0.048 -0.081 -0.187 -0.194 -0.266 -0.217 -0.254 -0.184 -0.143 -0.108 -0.140  0.023 -0.037 -0.073 -0.046
  0.118  0.031 -0.066 -0.208 -0.305 -0.357 -0.313 -0.259 -0.184 -0.213 -0.219 -0.271 -0.230 -0.179 -0.055  0.105  0.216  0.363  0.542  0.557  0.486  0.414  0.234  0.124  0.144  0.036 -0.061 -0.050 -0.140 -0.249 -0.222 -0.238 -0.292 -0.337 -0.307 -0.293 -0.227 -0.219 -0.155 -0.190 -0.235 -0.180 -0.186 -0.217 -0.193 -0.167 -0.152 -0.182 -0.141 -0.034  0.110  0.131  0.338  0.535  0.771  1.000  0.770  0.646  0.555  0.516  0.473  0.194  0.085 -0.032 -0.068 -0.200 -0.247 -0.327 -0.298 -0.238 -0.179 -0.175  0.071  0.063  0.067  0.089
  0.144  0.075 -0.018 -0.178 -0.322 -0.401 -0.375 -0.317 -0.245 -0.290 -0.285 -0.333 -0.280 -0.193 -0.024  0.058  0.164  0.377  0.581  0.587  0.410  0.270  0.061 -0.036 -0.006 -0.086 -0.166 -0.138 -0.212 -0.292 -0.219 -0.224 -0.295 -0.322 -0.281 -0.269 -0.176 -0.197 -0.121 -0.181 -0.234 -0.188 -0.210 -0.260 -0.266 -0.202 -0.177 -0.249 -0.189 -0.115 -0.004 -0.022  0.205  0.396  0.610  0.770  1.000  0.811  0.624  0.662  0.486  0.233  0.145  0.055  0.029 -0.135 -0.195 -0.318 -0.331 -0.283 -0.195 -0.173  0.127  0.135  0.166  0.169
 -0.021 -0.095 -0.097 -0.238 -0.280 -0.327 -0.267 -0.227 -0.192 -0.233 -0.217 -0.296 -0.277 -0.265 -0.145 -0.100  0.010  0.205  0.411  0.460  0.321  0.289  0.142  0.046  0.017 -0.069 -0.118 -0.090 -0.144 -0.208 -0.135 -0.125 -0.183 -0.227 -0.185 -0.173 -0.095 -0.080 -0.046 -0.081 -0.106 -0.062 -0.068 -0.149 -0.189 -0.184 -0.166 -0.201 -0.065  0.061  0.191  0.145  0.314  0.517  0.637  0.646  0.811  1.000  0.783  0.641  0.396  0.141  0.010 -0.069 -0.021 -0.154 -0.132 -0.210 -0.196 -0.155 -0.085 -0.110  0.069  0.023  0.013  0.019
 -0.042 -0.072 -0.023 -0.147 -0.219 -0.245 -0.213 -0.191 -0.154 -0.189 -0.164 -0.232 -0.236 -0.225 -0.113 -0.154 -0.079  0.097  0.276  0.308  0.153  0.122  0.038 -0.035 -0.081 -0.147 -0.161 -0.128 -0.188 -0.219 -0.118 -0.105 -0.183 -0.201 -0.160 -0.153 -0.057 -0.034 -0.002 -0.040 -0.065 -0.029 -0.034 -0.108 -0.147 -0.157 -0.139 -0.178 -0.046  0.092  0.183  0.072  0.191  0.347  0.429  0.555  0.624  0.783  1.000  0.749  0.548  0.214  0.077 -0.001  0.063 -0.067 -0.081 -0.156 -0.159 -0.110 -0.041 -0.080  0.053  0.012  0.003 -0.001
  0.105  0.095  0.084 -0.089 -0.267 -0.327 -0.331 -0.291 -0.229 -0.273 -0.255 -0.284 -0.258 -0.181 -0.011 -0.064 -0.011  0.177  0.339  0.334  0.135  0.026 -0.097 -0.174 -0.183 -0.214 -0.258 -0.233 -0.281 -0.309 -0.197 -0.177 -0.242 -0.251 -0.216 -0.217 -0.100 -0.121 -0.075 -0.140 -0.186 -0.150 -0.177 -0.226 -0.226 -0.175 -0.157 -0.237 -0.177 -0.095 -0.032 -0.129  0.030  0.168  0.329  0.516  0.662  0.641  0.749  1.000  0.729  0.400  0.264  0.163  0.181 -0.008 -0.094 -0.241 -0.291 -0.243 -0.149 -0.134  0.104  0.158  0.205  0.186
  0.193  0.211  0.179 -0.027 -0.253 -0.324 -0.364 -0.317 -0.238 -0.277 -0.269 -0.276 -0.251 -0.134  0.075  0.024  0.047  0.173  0.289  0.258  0.094 -0.023 -0.151 -0.205 -0.195 -0.221 -0.258 -0.231 -0.287 -0.323 -0.216 -0.203 -0.269 -0.264 -0.244 -0.249 -0.142 -0.173 -0.125 -0.181 -0.240 -0.221 -0.244 -0.246 -0.205 -0.146 -0.140 -0.223 -0.233 -0.160 -0.123 -0.194 -0.038  0.081  0.240  0.473  0.486  0.396  0.548  0.729  1.000  0.671  0.441  0.285  0.307  0.065 -0.078 -0.255 -0.336 -0.286 -0.201 -0.169  0.118  0.183  0.255  0.255
  0.314  0.306  0.236  0.034 -0.217 -0.301 -0.354 -0.313 -0.223 -0.256 -0.281 -0.253 -0.211 -0.053  0.113  0.139  0.123  0.178  0.190  0.127  0.017 -0.108 -0.228 -0.239 -0.226 -0.253 -0.265 -0.256 -0.339 -0.344 -0.249 -0.238 -0.259 -0.249 -0.224 -0.218 -0.149 -0.221 -0.193 -0.240 -0.297 -0.277 -0.289 -0.237 -0.152 -0.084 -0.092 -0.170 -0.267 -0.238 -0.230 -0.259 -0.135 -0.097  0.048  0.194  0.233  0.141  0.214  0.400  0.671  1.000  0.649  0.380  0.384  0.126 -0.053 -0.241 -0.339 -0.314 -0.247 -0.184  0.071  0.248  0.380  0.354
  0.560  0.594  0.415  0.212 -0.196 -0.297 -0.391 -0.341 -0.247 -0.276 -0.288 -0.231 -0.174  0.069  0.263  0.361  0.304  0.313  0.213  0.105  0.004 -0.206 -0.351 -0.379 -0.293 -0.301 -0.352 -0.354 -0.375 -0.376 -0.320 -0.335 -0.342 -0.314 -0.311 -0.284 -0.154 -0.283 -0.218 -0.268 -0.354 -0.331 -0.376 -0.345 -0.258 -0.148 -0.151 -0.227 -0.368 -0.405 -0.436 -0.439 -0.299 -0.235 -0.081  0.085  0.145  0.010  0.077  0.264  0.441  0.649  1.000  0.756  0.504  0.255 -0.049 -0.272 -0.412 -0.356 -0.279 -0.145  0.195  0.363  0.472  0.443
  0.472  0.633  0.490  0.367 -0.078 -0.197 -0.356 -0.317 -0.241 -0.272 -0.261 -0.150 -0.113  0.144  0.352  0.311  0.215  0.211  0.124  0.003 -0.094 -0.296 -0.398 -0.427 -0.350 -0.292 -0.329 -0.344 -0.343 -0.324 -0.254 -0.267 -0.289 -0.214 -0.228 -0.208 -0.100 -0.255 -0.161 -0.226 -0.302 -0.296 -0.358 -0.338 -0.278 -0.180 -0.177 -0.243 -0.365 -0.386 -0.459 -0.477 -0.377 -0.322 -0.187 -0.032  0.055 -0.069 -0.001  0.163  0.285  0.380  0.756  1.000  0.705  0.444  0.086 -0.201 -0.378 -0.320 -0.251 -0.123  0.197  0.320  0.452  0.434
  0.180  0.319  0.417  0.404  0.084 -0.022 -0.228 -0.251 -0.222 -0.239 -0.129 -0.032 -0.049  0.089  0.218  0.016 -0.024  0.001  0.005 -0.103 -0.232 -0.349 -0.384 -0.401 -0.404 -0.338 -0.323 -0.318 -0.303 -0.241 -0.150 -0.112 -0.138 -0.108 -0.132 -0.145 -0.045 -0.111 -0.119 -0.187 -0.214 -0.228 -0.224 -0.211 -0.169 -0.151 -0.153 -0.197 -0.260 -0.233 -0.291 -0.363 -0.321 -0.292 -0.194 -0.068  0.029 -0.021  0.063  0.181  0.307  0.384  0.504  0.705  1.000  0.657  0.322 -0.032 -0.238 -0.252 -0.202 -0.136  0.090  0.202  0.358  0.330
  0.067  0.209  0.295  0.513  0.287  0.252 -0.013 -0.042 -0.071 -0.086 -0.020  0.110  0.022  0.098  0.093 -0.033 -0.073 -0.105 -0.118 -0.203 -0.283 -0.345 -0.331 -0.316 -0.335 -0.261 -0.221 -0.237 -0.192 -0.138 -0.099 -0.075 -0.068 -0.029 -0.073 -0.073  0.013 -0.046 -0.044 -0.084 -0.104 -0.104 -0.083 -0.068 -0.047 -0.118 -0.151 -0.139 -0.159 -0.121 -0.175 -0.271 -0.290 -0.291 -0.266 -0.200 -0.135 -0.154 -0.067 -0.008  0.065  0.126  0.255  0.444  0.657  1.000  0.634  0.174 -0.049 -0.076 -0.076 -0.052  0.076  0.090  0.187  0.166
 -0.151 -0.032  0.061  0.292  0.429  0.365  0.177  0.135  0.004 -0.020 -0.001  0.081  0.003 -0.054 -0.065 -0.203 -0.241 -0.251 -0.234 -0.239 -0.284 -0.247 -0.191 -0.148 -0.217 -0.187 -0.087 -0.093 -0.067 -0.008  0.024  0.031  0.036  0.059  0.047  0.061  0.127  0.087  0.096  0.112  0.142  0.179  0.230  0.235  0.156 -0.005 -0.039 -0.048  0.034  0.060  0.021 -0.086 -0.128 -0.142 -0.217 -0.247 -0.195 -0.132 -0.081 -0.094 -0.078 -0.053 -0.049  0.086  0.322  0.634  1.000  0.548  0.307  0.217  0.140  0.093  0.014 -0.097 -0.094 -0.102
 -0.335 -0.292 -0.181 -0.011  0.332  0.457  0.497  0.476  0.238  0.223  0.139  0.115  0.023 -0.141 -0.194 -0.310 -0.340 -0.400 -0.374 -0.357 -0.333 -0.203 -0.064 -0.010 -0.121 -0.104  0.049  0.007  0.015  0.126  0.136  0.103  0.102  0.176  0.216  0.250  0.261  0.311  0.248  0.324  0.419  0.460  0.567  0.573  0.345  0.108  0.133  0.112  0.270  0.208  0.160  0.059 -0.044 -0.107 -0.254 -0.327 -0.318 -0.210 -0.156 -0.241 -0.255 -0.241 -0.272 -0.201 -0.032  0.174  0.548  1.000  0.749  0.560  0.377  0.250 -0.124 -0.254 -0.404 -0.393
 -0.413 -0.394 -0.275 -0.104  0.354  0.482  0.643  0.580  0.313  0.327  0.226  0.163  0.097 -0.126 -0.211 -0.313 -0.336 -0.413 -0.389 -0.331 -0.261 -0.085  0.059  0.133  0.028  0.021  0.182  0.159  0.113  0.215  0.235  0.155  0.133  0.204  0.281  0.322  0.255  0.330  0.322  0.453  0.576  0.625  0.624  0.542  0.302  0.093  0.126  0.141  0.332  0.273  0.242  0.180  0.071 -0.015 -0.184 -0.298 -0.331 -0.196 -0.159 -0.291 -0.336 -0.339 -0.412 -0.378 -0.238 -0.049  0.307  0.749  1.000  0.782  0.558  0.367 -0.201 -0.353 -0.551 -0.566
 -0.346 -0.323 -0.297 -0.162  0.213  0.364  0.538  0.553  0.323  0.313  0.156  0.079 -0.007 -0.175 -0.211 -0.264 -0.304 -0.380 -0.344 -0.297 -0.222 -0.061  0.084  0.154  0.042  0.027  0.204  0.176  0.102  0.202  0.250  0.124  0.102  0.216  0.329  0.404  0.359  0.357  0.434  0.597  0.658  0.710  0.570  0.454  0.211  0.024  0.047  0.077  0.265  0.251  0.230  0.183  0.081  0.019 -0.143 -0.238 -0.283 -0.155 -0.110 -0.243 -0.286 -0.314 -0.356 -0.320 -0.252 -0.076  0.217  0.560  0.782  1.000  0.813  0.602 -0.053 -0.352 -0.636 -0.675
 -0.275 -0.252 -0.251 -0.169  0.089  0.210  0.349  0.365  0.192  0.171  0.038 -0.028 -0.105 -0.236 -0.218 -0.271 -0.302 -0.328 -0.269 -0.236 -0.198 -0.058  0.065  0.117  0.020 -0.005  0.149  0.133  0.060  0.152  0.215  0.097  0.080  0.181  0.302  0.394  0.388  0.363  0.510  0.707  0.695  0.656  0.442  0.309  0.112 -0.038  0.004  0.026  0.195  0.184  0.161  0.129  0.052  0.033 -0.108 -0.179 -0.195 -0.085 -0.041 -0.149 -0.201 -0.247 -0.279 -0.251 -0.202 -0.076  0.140  0.377  0.558  0.813  1.000  0.795  0.151 -0.224 -0.586 -0.656
 -0.111 -0.103 -0.168 -0.119  0.011  0.102  0.207  0.252  0.136  0.107 -0.039 -0.081 -0.141 -0.192 -0.181 -0.161 -0.212 -0.237 -0.198 -0.206 -0.202 -0.130 -0.026  0.002 -0.069 -0.083  0.048  0.036 -0.002  0.081  0.135  0.044  0.046  0.125  0.218  0.302  0.369  0.260  0.412  0.666  0.579  0.566  0.330  0.182  0.016 -0.113 -0.084 -0.043  0.091  0.066  0.015 -0.014 -0.067 -0.043 -0.140 -0.175 -0.173 -0.110 -0.080 -0.134 -0.169 -0.184 -0.145 -0.123 -0.136 -0.052  0.093  0.250  0.367  0.602  0.795  1.000  0.353  0.010 -0.437 -0.533
  0.235  0.232  0.065  0.046 -0.140 -0.187 -0.256 -0.195 -0.158 -0.188 -0.181 -0.191 -0.207 -0.112 -0.067  0.064  0.019  0.086  0.144  0.101 -0.004 -0.094 -0.158 -0.224 -0.157 -0.174 -0.276 -0.247 -0.137 -0.225 -0.271 -0.162 -0.090 -0.198 -0.257 -0.212  0.004 -0.072  0.042  0.080 -0.001 -0.003 -0.100 -0.177 -0.210 -0.230 -0.184 -0.188 -0.185 -0.174 -0.235 -0.275 -0.171  0.019  0.023  0.071  0.127  0.069  0.053  0.104  0.118  0.071  0.195  0.197  0.090  0.076  0.014 -0.124 -0.201 -0.053  0.151  0.353  1.000  0.512  0.050  0.028
  0.349  0.296  0.183  0.176 -0.121 -0.174 -0.260 -0.237 -0.187 -0.180 -0.100 -0.088 -0.089  0.080  0.016  0.221  0.198  0.254  0.248  0.148  0.021 -0.172 -0.279 -0.379 -0.263 -0.232 -0.414 -0.384 -0.272 -0.385 -0.458 -0.288 -0.217 -0.354 -0.461 -0.477 -0.379 -0.380 -0.438 -0.366 -0.426 -0.396 -0.360 -0.306 -0.202 -0.167 -0.167 -0.185 -0.287 -0.337 -0.413 -0.446 -0.323 -0.177 -0.037  0.063  0.135  0.023  0.012  0.158  0.183  0.248  0.363  0.320  0.202  0.090 -0.097 -0.254 -0.353 -0.352 -0.224  0.010  0.512  1.000  0.573  0.392
  0.413  0.418  0.346  0.276 -0.100 -0.225 -0.414 -0.416 -0.306 -0.300 -0.149 -0.031  0.002  0.197  0.190  0.288  0.262  0.330  0.276  0.187  0.049 -0.192 -0.341 -0.428 -0.283 -0.210 -0.415 -0.399 -0.293 -0.366 -0.411 -0.280 -0.222 -0.319 -0.420 -0.491 -0.448 -0.482 -0.548 -0.619 -0.655 -0.625 -0.544 -0.458 -0.222 -0.094 -0.192 -0.259 -0.448 -0.407 -0.458 -0.470 -0.360 -0.292 -0.073  0.067  0.166  0.013  0.003  0.205  0.255  0.380  0.472  0.452  0.358  0.187 -0.094 -0.404 -0.551 -0.636 -0.586 -0.437  0.050  0.573  1.000  0.792
