  1.000  0.766  0.421  0.207 -0.189 -0.295 -0.359 -0.284 -0.195 -0.236 -0.289 -0.239 -0.140  0.117  0.255  0.601  0.534  0.497  0.327  0.198  0.163 -0.046 -0.223 -0.265 -0.117 -0.161 -0.286 -0.278 -0.271 -0.334 -0.339 -0.331 -0.288 -0.249 -0.272 -0.240 -0.160 -0.260 -0.162 -0.229 -0.314 -0.265 -0.330 -0.333 -0.272 -0.177 -0.205 -0.256 -0.365 -0.383 -0.386 -0.341 -0.232 -0.167 -0.012  0.109  0.145 -0.019 -0.056  0.099  0.184  0.316  0.555  0.472  0.170  0.043 -0.155 -0.294 -0.372 -0.303 -0.224 -0.097  0.250  0.301  0.386  0.403
  0.766  1.000  0.650  0.379 -0.072 -0.221 -0.340 -0.295 -0.236 -0.253 -0.279 -0.180 -0.076  0.207  0.445  0.555  0.375  0.352  0.217  0.096  0.048 -0.162 -0.318 -0.360 -0.207 -0.186 -0.295 -0.289 -0.274 -0.324 -0.311 -0.305 -0.271 -0.193 -0.212 -0.184 -0.110 -0.229 -0.063 -0.191 -0.266 -0.229 -0.298 -0.299 -0.274 -0.183 -0.186 -0.259 -0.353 -0.396 -0.442 -0.426 -0.331 -0.279 -0.129  0.028  0.078 -0.095 -0.086  0.094  0.199  0.308  0.589  0.641  0.304  0.176 -0.040 -0.233 -0.342 -0.276 -0.211 -0.108  0.242  0.234  0.380  0.377
  0.421  0.650  1.000  0.587  0.126 -0.068 -0.217 -0.251 -0.224 -0.212 -0.102  0.003  0.107  0.327  0.528  0.305  0.231  0.168  0.045 -0.080 -0.118 -0.269 -0.342 -0.353 -0.303 -0.258 -0.287 -0.291 -0.298 -0.225 -0.162 -0.196 -0.173 -0.072 -0.079 -0.083 -0.047 -0.067 -0.031 -0.185 -0.217 -0.235 -0.248 -0.226 -0.198 -0.117 -0.102 -0.149 -0.209 -0.280 -0.324 -0.344 -0.311 -0.301 -0.215 -0.072 -0.023 -0.105 -0.040  0.079  0.167  0.248  0.409  0.490  0.426  0.292  0.079 -0.140 -0.247 -0.280 -0.262 -0.204  0.028  0.107  0.307  0.309
  0.207  0.379  0.587  1.000  0.528  0.319  0.073 -0.044 -0.105 -0.030  0.157  0.322  0.356  0.468  0.330  0.205  0.126  0.035 -0.069 -0.172 -0.189 -0.288 -0.306 -0.282 -0.233 -0.195 -0.222 -0.206 -0.186 -0.210 -0.196 -0.170 -0.158 -0.137 -0.181 -0.198 -0.152 -0.133 -0.108 -0.176 -0.190 -0.163 -0.141 -0.122 -0.123 -0.111 -0.120 -0.106 -0.170 -0.207 -0.257 -0.283 -0.299 -0.328 -0.285 -0.198 -0.175 -0.232 -0.148 -0.090 -0.029  0.039  0.200  0.366  0.394  0.515  0.313  0.049 -0.050 -0.114 -0.121 -0.090  0.045  0.147  0.236  0.189
 -0.189 -0.072  0.126  0.528  1.000  0.739  0.471  0.274  0.092  0.197  0.368  0.522  0.551  0.336  0.124 -0.051 -0.095 -0.193 -0.240 -0.267 -0.240 -0.197 -0.124 -0.054 -0.091 -0.076 -0.022 -0.002 -0.014  0.001  0.009  0.010  0.006 -0.010 -0.031 -0.059 -0.083 -0.013 -0.039 -0.002  0.062  0.097  0.134  0.125  0.064 -0.008 -0.017  0.028  0.059  0.027  0.007 -0.022 -0.100 -0.170 -0.248 -0.274 -0.306 -0.262 -0.198 -0.253 -0.234 -0.219 -0.210 -0.090  0.077  0.293  0.434  0.343  0.369  0.224  0.112  0.039 -0.129 -0.094 -0.110 -0.140
 -0.295 -0.221 -0.068  0.319  0.739  1.000  0.719  0.526  0.324  0.429  0.537  0.623  0.477  0.229 -0.060 -0.139 -0.178 -0.293 -0.323 -0.349 -0.290 -0.202 -0.086 -0.012 -0.069 -0.060  0.003 -0.001  0.020  0.027  0.010  0.032  0.043  0.021 -0.013 -0.038 -0.038  0.072 -0.012  0.076  0.140  0.166  0.213  0.205  0.118  0.012 -0.011  0.065  0.115  0.100  0.075  0.028 -0.090 -0.173 -0.280 -0.315 -0.370 -0.299 -0.214 -0.303 -0.292 -0.289 -0.294 -0.198 -0.026  0.257  0.372  0.449  0.484  0.359  0.221  0.124 -0.159 -0.123 -0.216 -0.251
 -0.359 -0.340 -0.217  0.073  0.471  0.719  1.000  0.791  0.521  0.653  0.594  0.459  0.356  0.110 -0.127 -0.180 -0.212 -0.321 -0.334 -0.322 -0.228 -0.093  0.032  0.104  0.035  0.024  0.099  0.090  0.061  0.062  0.056  0.048  0.036  0.021  0.029  0.014 -0.005  0.122  0.060  0.172  0.265  0.301  0.317  0.292  0.162  0.045  0.046  0.125  0.201  0.184  0.167  0.141  0.016 -0.071 -0.200 -0.282 -0.357 -0.253 -0.195 -0.319 -0.331 -0.332 -0.365 -0.327 -0.207  0.023  0.200  0.482  0.631  0.507  0.324  0.206 -0.210 -0.200 -0.379 -0.423
 -0.284 -0.295 -0.251 -0.044  0.274  0.526  0.791  1.000  0.725  0.647  0.371  0.232  0.121 -0.040 -0.193 -0.144 -0.177 -0.281 -0.291 -0.270 -0.178 -0.057  0.049  0.103  0.046  0.049  0.121  0.076  0.048  0.057  0.041  0.008  0.014  0.019  0.030  0.041  0.031  0.088  0.050  0.182  0.246  0.283  0.277  0.257  0.131  0.012  0.003  0.073  0.154  0.162  0.155  0.123  0.024 -0.042 -0.147 -0.222 -0.292 -0.203 -0.161 -0.263 -0.266 -0.276 -0.304 -0.294 -0.229 -0.018  0.144  0.445  0.555  0.495  0.318  0.234 -0.144 -0.175 -0.368 -0.389
 -0.195 -0.236 -0.224 -0.105  0.092  0.324  0.521  0.725  1.000  0.803  0.341  0.202  0.061 -0.046 -0.150 -0.069 -0.098 -0.195 -0.207 -0.186 -0.115 -0.026  0.050  0.090  0.036  0.054  0.117  0.047  0.029  0.088  0.052  0.006  0.047  0.048  0.032  0.046 -0.003  0.006 -0.033  0.079  0.102  0.117  0.108  0.101  0.029 -0.024 -0.045  0.033  0.081  0.106  0.125  0.111  0.036 -0.014 -0.095 -0.147 -0.212 -0.157 -0.120 -0.200 -0.199 -0.205 -0.235 -0.259 -0.219 -0.078 -0.003  0.195  0.274  0.259  0.139  0.118 -0.126 -0.133 -0.263 -0.269
 -0.236 -0.253 -0.212 -0.030  0.197  0.429  0.653  0.647  0.803  1.000  0.631  0.434  0.276  0.111 -0.089 -0.058 -0.096 -0.210 -0.229 -0.220 -0.133 -0.042  0.048  0.097  0.041  0.041  0.098  0.055  0.028  0.052  0.028  0.008  0.040  0.028  0.011 -0.007 -0.049  0.004 -0.049  0.045  0.073  0.095  0.104  0.099  0.039 -0.004 -0.018  0.070  0.099  0.102  0.116  0.112  0.022 -0.035 -0.127 -0.179 -0.255 -0.202 -0.161 -0.247 -0.243 -0.240 -0.264 -0.275 -0.225 -0.070 -0.005  0.199  0.303  0.270  0.142  0.097 -0.162 -0.132 -0.267 -0.303
 -0.289 -0.279 -0.102  0.157  0.368  0.537  0.594  0.371  0.341  0.631  1.000  0.789  0.595  0.338  0.016 -0.085 -0.110 -0.206 -0.233 -0.249 -0.173 -0.089  0.012  0.062  0.010  0.003  0.018  0.043  0.064  0.040  0.011  0.077  0.098  0.021 -0.033 -0.104 -0.149  0.024 -0.091 -0.055  0.006  0.029  0.075  0.088  0.055  0.021  0.015  0.104  0.115  0.099  0.101  0.106  0.004 -0.061 -0.161 -0.206 -0.276 -0.209 -0.150 -0.248 -0.259 -0.282 -0.298 -0.256 -0.125  0.012  0.044  0.167  0.249  0.186  0.082  0.010 -0.168 -0.089 -0.169 -0.242
 -0.239 -0.180  0.003  0.322  0.522  0.623  0.459  0.232  0.202  0.434  0.789  1.000  0.752  0.467  0.081 -0.021 -0.067 -0.184 -0.234 -0.273 -0.200 -0.143 -0.037  0.025 -0.013 -0.003  0.008  0.022  0.049  0.019 -0.020  0.031  0.061  0.005 -0.059 -0.125 -0.167 -0.026 -0.125 -0.088 -0.044 -0.026  0.032  0.043  0.034  0.002 -0.023  0.064  0.058  0.046  0.040  0.043 -0.058 -0.146 -0.226 -0.245 -0.311 -0.272 -0.205 -0.271 -0.262 -0.256 -0.248 -0.158 -0.036  0.123  0.114  0.144  0.197  0.118  0.031 -0.025 -0.177 -0.069 -0.061 -0.125
 -0.140 -0.076  0.107  0.356  0.551  0.477  0.356  0.121  0.061  0.276  0.595  0.752  1.000  0.674  0.278  0.101  0.042 -0.069 -0.144 -0.184 -0.102 -0.081 -0.020  0.051  0.038  0.015  0.014  0.070  0.016 -0.045 -0.037  0.000 -0.017 -0.076 -0.106 -0.182 -0.232 -0.083 -0.143 -0.146 -0.086 -0.049 -0.003  0.003  0.022  0.034  0.017  0.078  0.028  0.009  0.013  0.052 -0.045 -0.125 -0.175 -0.189 -0.250 -0.246 -0.208 -0.244 -0.225 -0.205 -0.182 -0.111 -0.049  0.046  0.044  0.069  0.137  0.043 -0.027 -0.070 -0.180 -0.073 -0.033 -0.074
  0.117  0.207  0.327  0.468  0.336  0.229  0.110 -0.040 -0.046  0.111  0.338  0.467  0.674  1.000  0.547  0.379  0.260  0.127  0.008 -0.082 -0.037 -0.113 -0.096 -0.026 -0.017 -0.034 -0.029 -0.014 -0.103 -0.161 -0.147 -0.175 -0.177 -0.154 -0.166 -0.203 -0.222 -0.136 -0.145 -0.218 -0.221 -0.199 -0.166 -0.148 -0.098 -0.007 -0.009 -0.004 -0.094 -0.160 -0.164 -0.093 -0.131 -0.214 -0.192 -0.148 -0.174 -0.248 -0.224 -0.180 -0.119 -0.031  0.066  0.157  0.098  0.117 -0.032 -0.103 -0.082 -0.137 -0.187 -0.176 -0.132  0.043  0.152  0.099
  0.255  0.445  0.528  0.330  0.124 -0.060 -0.127 -0.193 -0.150 -0.089  0.016  0.081  0.278  0.547  1.000  0.539  0.359  0.250  0.121  0.027  0.011 -0.123 -0.164 -0.135 -0.113 -0.030 -0.013 -0.058 -0.179 -0.098 -0.054 -0.177 -0.167 -0.027 -0.002 -0.006 -0.087 -0.116  0.023 -0.158 -0.159 -0.181 -0.200 -0.190 -0.208 -0.043  0.022 -0.076 -0.137 -0.257 -0.269 -0.200 -0.164 -0.219 -0.146 -0.042 -0.018 -0.136 -0.128 -0.018  0.060  0.124  0.254  0.352  0.217  0.085 -0.058 -0.163 -0.189 -0.214 -0.247 -0.244 -0.116 -0.082  0.141  0.109
  0.601  0.555  0.305  0.205 -0.051 -0.139 -0.180 -0.144 -0.069 -0.058 -0.085 -0.021  0.101  0.379  0.539  1.000  0.771  0.541  0.337  0.244  0.301  0.122 -0.028 -0.014  0.093  0.041 -0.046 -0.094 -0.200 -0.287 -0.341 -0.414 -0.354 -0.303 -0.327 -0.288 -0.314 -0.362 -0.244 -0.274 -0.341 -0.273 -0.286 -0.280 -0.234 -0.121 -0.119 -0.150 -0.249 -0.271 -0.237 -0.141 -0.057 -0.065  0.072  0.134  0.087 -0.070 -0.151 -0.061  0.037  0.159  0.366  0.314  0.009 -0.049 -0.205 -0.278 -0.271 -0.234 -0.219 -0.147  0.066  0.180  0.254  0.225
  0.534  0.375  0.231  0.126 -0.095 -0.178 -0.212 -0.177 -0.098 -0.096 -0.110 -0.067  0.042  0.260  0.359  0.771  1.000  0.759  0.467  0.368  0.462  0.247  0.062  0.077  0.178  0.067 -0.030 -0.052 -0.159 -0.260 -0.312 -0.369 -0.331 -0.312 -0.331 -0.306 -0.342 -0.368 -0.299 -0.310 -0.378 -0.317 -0.317 -0.294 -0.241 -0.110 -0.099 -0.128 -0.217 -0.242 -0.170 -0.053  0.056  0.071  0.209  0.233  0.181  0.035 -0.080 -0.022  0.049  0.133  0.287  0.193 -0.037 -0.095 -0.244 -0.324 -0.301 -0.267 -0.238 -0.177  0.008  0.167  0.233  0.221
  0.497  0.352  0.168  0.035 -0.193 -0.293 -0.321 -0.281 -0.195 -0.210 -0.206 -0.184 -0.069  0.127  0.250  0.541  0.759  1.000  0.717  0.583  0.573  0.293  0.040  0.023  0.172  0.026 -0.113 -0.088 -0.187 -0.312 -0.331 -0.353 -0.341 -0.338 -0.347 -0.331 -0.329 -0.352 -0.273 -0.320 -0.388 -0.328 -0.341 -0.337 -0.284 -0.141 -0.125 -0.193 -0.268 -0.298 -0.221 -0.103  0.052  0.118  0.313  0.362  0.380  0.214  0.075  0.153  0.158  0.182  0.293  0.196 -0.025 -0.135 -0.268 -0.379 -0.374 -0.334 -0.260 -0.200  0.075  0.206  0.301  0.286
  0.327  0.217  0.045 -0.069 -0.240 -0.323 -0.334 -0.291 -0.207 -0.229 -0.233 -0.234 -0.144  0.008  0.121  0.337  0.467  0.717  1.000  0.714  0.520  0.272  0.050 -0.003  0.098 -0.026 -0.140 -0.099 -0.194 -0.307 -0.283 -0.298 -0.313 -0.319 -0.306 -0.301 -0.271 -0.292 -0.218 -0.266 -0.333 -0.288 -0.310 -0.317 -0.272 -0.162 -0.144 -0.232 -0.260 -0.256 -0.160 -0.085  0.092  0.216  0.434  0.531  0.570  0.398  0.239  0.308  0.270  0.202  0.204  0.117 -0.014 -0.136 -0.251 -0.364 -0.360 -0.316 -0.223 -0.178  0.116  0.214  0.265  0.243
  0.198  0.096 -0.080 -0.172 -0.267 -0.349 -0.322 -0.270 -0.186 -0.220 -0.249 -0.273 -0.184 -0.082  0.027  0.244  0.368  0.583  0.714  1.000  0.757  0.495  0.236  0.176  0.275  0.102 -0.028  0.019 -0.103 -0.246 -0.234 -0.257 -0.295 -0.327 -0.308 -0.299 -0.277 -0.296 -0.218 -0.250 -0.305 -0.249 -0.255 -0.280 -0.244 -0.142 -0.127 -0.192 -0.202 -0.162 -0.033  0.072  0.255  0.385  0.583  0.550  0.578  0.449  0.269  0.293  0.233  0.129  0.099 -0.006 -0.128 -0.220 -0.260 -0.355 -0.311 -0.268 -0.181 -0.164  0.094  0.137  0.181  0.158
  0.163  0.048 -0.118 -0.189 -0.240 -0.290 -0.228 -0.178 -0.115 -0.133 -0.173 -0.200 -0.102 -0.037  0.011  0.301  0.462  0.573  0.520  0.757  1.000  0.767  0.463  0.403  0.511  0.292  0.122  0.153 -0.002 -0.198 -0.236 -0.274 -0.298 -0.341 -0.321 -0.306 -0.320 -0.310 -0.236 -0.231 -0.264 -0.202 -0.191 -0.217 -0.177 -0.102 -0.093 -0.108 -0.119 -0.038  0.109  0.261  0.396  0.489  0.618  0.488  0.411  0.318  0.121  0.098  0.080  0.023  0.009 -0.086 -0.246 -0.290 -0.298 -0.324 -0.230 -0.181 -0.123 -0.133  0.020  0.030  0.048  0.040
 -0.046 -0.162 -0.269 -0.288 -0.197 -0.202 -0.093 -0.057 -0.026 -0.042 -0.089 -0.143 -0.081 -0.113 -0.123  0.122  0.247  0.293  0.272  0.495  0.767  1.000  0.748  0.657  0.693  0.489  0.308  0.303  0.137 -0.063 -0.124 -0.171 -0.201 -0.266 -0.236 -0.221 -0.263 -0.204 -0.169 -0.115 -0.109 -0.065 -0.030 -0.071 -0.053 -0.057 -0.050  0.001  0.056  0.202  0.378  0.551  0.612  0.657  0.628  0.414  0.265  0.276  0.089 -0.011 -0.034 -0.102 -0.182 -0.269 -0.359 -0.340 -0.258 -0.210 -0.076 -0.039 -0.007 -0.061 -0.054 -0.131 -0.171 -0.166
 -0.223 -0.318 -0.342 -0.306 -0.124 -0.086  0.032  0.049  0.050  0.048  0.012 -0.037 -0.020 -0.096 -0.164 -0.028  0.062  0.040  0.050  0.236  0.463  0.748  1.000  0.815  0.692  0.580  0.503  0.449  0.255  0.093  0.035 -0.043 -0.077 -0.135 -0.099 -0.085 -0.150 -0.080 -0.090  0.003  0.026  0.037  0.092  0.042  0.026 -0.007  0.017  0.099  0.204  0.355  0.518  0.682  0.595  0.561  0.432  0.241  0.054  0.127  0.013 -0.126 -0.154 -0.216 -0.325 -0.377 -0.387 -0.322 -0.200 -0.082  0.056  0.082  0.081  0.010 -0.136 -0.237 -0.319 -0.309
 -0.265 -0.360 -0.353 -0.282 -0.054 -0.012  0.104  0.103  0.090  0.097  0.062  0.025  0.051 -0.026 -0.135 -0.014  0.077  0.023 -0.003  0.176  0.403  0.657  0.815  1.000  0.802  0.556  0.590  0.563  0.296  0.134  0.103 -0.013 -0.080 -0.130 -0.065 -0.050 -0.104 -0.037 -0.054  0.057  0.078  0.079  0.121  0.091  0.074  0.059  0.073  0.165  0.227  0.348  0.519  0.717  0.624  0.488  0.348  0.142 -0.035  0.040 -0.054 -0.206 -0.205 -0.228 -0.353 -0.405 -0.398 -0.298 -0.156 -0.034  0.129  0.146  0.130  0.036 -0.202 -0.313 -0.397 -0.397
 -0.117 -0.207 -0.303 -0.233 -0.091 -0.069  0.035  0.046  0.036  0.041  0.010 -0.013  0.038 -0.017 -0.113  0.093  0.178  0.172  0.098  0.275  0.511  0.693  0.692  0.802  1.000  0.736  0.536  0.580  0.392  0.096 -0.012 -0.062 -0.118 -0.213 -0.185 -0.182 -0.251 -0.155 -0.119 -0.046 -0.012  0.023  0.046  0.013  0.004 -0.011 -0.015  0.046  0.098  0.205  0.357  0.559  0.511  0.408  0.347  0.169  0.014  0.024 -0.097 -0.196 -0.186 -0.203 -0.250 -0.297 -0.401 -0.322 -0.223 -0.116  0.044  0.067  0.086  0.013 -0.088 -0.199 -0.251 -0.253
 -0.161 -0.186 -0.258 -0.195 -0.076 -0.060  0.024  0.049  0.054  0.041  0.003 -0.003  0.015 -0.034 -0.030  0.041  0.067  0.026 -0.026  0.102  0.292  0.489  0.580  0.556  0.736  1.000  0.720  0.575  0.521  0.337  0.122  0.052  0.068  0.007 -0.021 -0.007 -0.212 -0.149 -0.074 -0.040  0.019  0.022  0.037  0.029 -0.017 -0.062 -0.042  0.016  0.075  0.132  0.230  0.384  0.346  0.232  0.163  0.043 -0.075 -0.063 -0.151 -0.210 -0.218 -0.241 -0.268 -0.255 -0.338 -0.265 -0.193 -0.094  0.023  0.039  0.025 -0.026 -0.105 -0.205 -0.197 -0.204
 -0.286 -0.295 -0.287 -0.222 -0.022  0.003  0.099  0.121  0.117  0.098  0.018  0.008  0.014 -0.029 -0.013 -0.046 -0.030 -0.113 -0.140 -0.028  0.122  0.308  0.503  0.590  0.536  0.720  1.000  0.774  0.488  0.488  0.416  0.175  0.138  0.189  0.235  0.276  0.068  0.053  0.112  0.159  0.199  0.140  0.131  0.125  0.052  0.034  0.073  0.111  0.179  0.185  0.284  0.417  0.351  0.193  0.073 -0.051 -0.163 -0.112 -0.162 -0.258 -0.257 -0.257 -0.341 -0.316 -0.306 -0.213 -0.097  0.023  0.151  0.160  0.099  0.009 -0.285 -0.404 -0.405 -0.421
 -0.278 -0.289 -0.291 -0.206 -0.002 -0.001  0.090  0.076  0.047  0.055  0.043  0.022  0.070 -0.014 -0.058 -0.094 -0.052 -0.088 -0.099  0.019  0.153  0.303  0.449  0.563  0.580  0.575  0.774  1.000  0.646  0.428  0.462  0.334  0.172  0.118  0.185  0.161  0.015  0.033  0.076  0.126  0.172  0.143  0.119  0.089  0.019  0.019  0.037  0.066  0.130  0.167  0.284  0.401  0.334  0.209  0.101 -0.027 -0.126 -0.079 -0.132 -0.235 -0.231 -0.251 -0.332 -0.315 -0.317 -0.228 -0.100 -0.003  0.140  0.150  0.128  0.038 -0.224 -0.352 -0.385 -0.403
 -0.271 -0.274 -0.298 -0.186 -0.014  0.020  0.061  0.048  0.029  0.028  0.064  0.049  0.016 -0.103 -0.179 -0.200 -0.159 -0.187 -0.194 -0.103 -0.002  0.137  0.255  0.296  0.392  0.521  0.488  0.646  1.000  0.700  0.397  0.559  0.534  0.317  0.218  0.150 -0.039  0.008  0.000  0.048  0.123  0.115  0.113  0.059 -0.035 -0.112 -0.106 -0.041  0.048  0.101  0.181  0.242  0.196  0.090 -0.042 -0.159 -0.210 -0.134 -0.170 -0.256 -0.293 -0.350 -0.352 -0.312 -0.310 -0.204 -0.073  0.010  0.081  0.109  0.102  0.074 -0.033 -0.209 -0.258 -0.216
 -0.334 -0.324 -0.225 -0.210  0.001  0.027  0.062  0.057  0.088  0.052  0.040  0.019 -0.045 -0.161 -0.098 -0.287 -0.260 -0.312 -0.307 -0.246 -0.198 -0.063  0.093  0.134  0.096  0.337  0.488  0.428  0.700  1.000  0.719  0.632  0.696  0.650  0.548  0.533  0.238  0.174  0.145  0.186  0.252  0.148  0.104  0.074 -0.028 -0.073 -0.051  0.001  0.102  0.071  0.115  0.131  0.078 -0.037 -0.182 -0.262 -0.273 -0.176 -0.164 -0.248 -0.303 -0.344 -0.371 -0.327 -0.208 -0.142 -0.015  0.065  0.111  0.123  0.057  0.037 -0.196 -0.339 -0.313 -0.269
 -0.339 -0.311 -0.162 -0.196  0.009  0.010  0.056  0.041  0.052  0.028  0.011 -0.020 -0.037 -0.147 -0.054 -0.341 -0.312 -0.331 -0.283 -0.234 -0.236 -0.124  0.035  0.103 -0.012  0.122  0.416  0.462  0.397  0.719  1.000  0.734  0.545  0.611  0.675  0.635  0.441  0.325  0.299  0.297  0.324  0.190  0.103  0.079  0.004  0.028  0.047  0.061  0.123  0.074  0.113  0.114  0.046 -0.030 -0.160 -0.216 -0.202 -0.111 -0.083 -0.163 -0.203 -0.246 -0.330 -0.275 -0.116 -0.085  0.025  0.084  0.139  0.137  0.063  0.014 -0.322 -0.438 -0.377 -0.368
 -0.331 -0.305 -0.196 -0.170  0.010  0.032  0.048  0.008  0.006  0.008  0.077  0.031  0.000 -0.175 -0.177 -0.414 -0.369 -0.353 -0.298 -0.257 -0.274 -0.171 -0.043 -0.013 -0.062  0.052  0.175  0.334  0.559  0.632  0.734  1.000  0.784  0.601  0.564  0.417  0.249  0.236  0.154  0.155  0.223  0.148  0.106  0.069 -0.001 -0.027 -0.038  0.002  0.061  0.068  0.100  0.060 -0.012 -0.062 -0.190 -0.250 -0.217 -0.111 -0.077 -0.155 -0.211 -0.273 -0.343 -0.280 -0.125 -0.087  0.033  0.082  0.092  0.094  0.064  0.048 -0.128 -0.255 -0.266 -0.220
 -0.288 -0.271 -0.173 -0.158  0.006  0.043  0.036  0.014  0.047  0.040  0.098  0.061 -0.017 -0.177 -0.167 -0.354 -0.331 -0.341 -0.313 -0.295 -0.298 -0.201 -0.077 -0.080 -0.118  0.068  0.138  0.172  0.534  0.696  0.545  0.784  1.000  0.792  0.582  0.479  0.198  0.163  0.086  0.100  0.175  0.098  0.071  0.037 -0.030 -0.078 -0.087 -0.047  0.049  0.043  0.058  0.010 -0.050 -0.103 -0.225 -0.291 -0.255 -0.141 -0.120 -0.184 -0.255 -0.290 -0.334 -0.284 -0.138 -0.093  0.024  0.062  0.052  0.065  0.035  0.036 -0.066 -0.219 -0.216 -0.137
 -0.249 -0.193 -0.072 -0.137 -0.010  0.021  0.021  0.019  0.048  0.028  0.021  0.005 -0.076 -0.154 -0.027 -0.303 -0.312 -0.338 -0.319 -0.327 -0.341 -0.266 -0.135 -0.130 -0.213  0.007  0.189  0.118  0.317  0.650  0.611  0.601  0.792  1.000  0.846  0.767  0.446  0.333  0.299  0.238  0.271  0.136  0.081  0.057 -0.032 -0.038 -0.014 -0.029  0.062 -0.006 -0.004 -0.056 -0.111 -0.179 -0.279 -0.308 -0.251 -0.162 -0.131 -0.168 -0.232 -0.237 -0.273 -0.183 -0.065 -0.043  0.036  0.093  0.071  0.091  0.015 -0.022 -0.214 -0.381 -0.289 -0.214
 -0.272 -0.212 -0.079 -0.181 -0.031 -0.013  0.029  0.030  0.032  0.011 -0.033 -0.059 -0.106 -0.166 -0.002 -0.327 -0.331 -0.347 -0.306 -0.308 -0.321 -0.236 -0.099 -0.065 -0.185 -0.021  0.235  0.185  0.218  0.548  0.675  0.564  0.582  0.846  1.000  0.880  0.603  0.455  0.441  0.363  0.359  0.207  0.125  0.105  0.008  0.028  0.069  0.034  0.114  0.014  0.021 -0.013 -0.075 -0.147 -0.245 -0.281 -0.223 -0.139 -0.113 -0.148 -0.210 -0.198 -0.266 -0.180 -0.062 -0.058  0.032  0.120  0.135  0.169  0.083  0.013 -0.296 -0.486 -0.373 -0.323
 -0.240 -0.184 -0.083 -0.198 -0.059 -0.038  0.014  0.041  0.046 -0.007 -0.104 -0.125 -0.182 -0.203 -0.006 -0.288 -0.306 -0.331 -0.301 -0.299 -0.306 -0.221 -0.085 -0.050 -0.182 -0.007  0.276  0.161  0.150  0.533  0.635  0.417  0.479  0.767  0.880  1.000  0.735  0.515  0.521  0.466  0.434  0.261  0.156  0.128  0.020  0.025  0.073  0.034  0.132  0.024  0.017 -0.016 -0.066 -0.138 -0.232 -0.266 -0.208 -0.125 -0.105 -0.142 -0.208 -0.183 -0.236 -0.158 -0.064 -0.054  0.038  0.137  0.160  0.220  0.141  0.068 -0.261 -0.492 -0.423 -0.372
 -0.160 -0.110 -0.047 -0.152 -0.083 -0.038 -0.005  0.031 -0.003 -0.049 -0.149 -0.167 -0.232 -0.222 -0.087 -0.314 -0.342 -0.329 -0.271 -0.277 -0.320 -0.263 -0.150 -0.104 -0.251 -0.212  0.068  0.015 -0.039  0.238  0.441  0.249  0.198  0.446  0.603  0.735  1.000  0.777  0.672  0.584  0.481  0.336  0.222  0.134  0.039  0.048  0.088  0.030  0.115  0.009 -0.034 -0.082 -0.134 -0.138 -0.212 -0.212 -0.146 -0.085 -0.044 -0.061 -0.116 -0.112 -0.124 -0.060  0.021  0.033  0.110  0.186  0.156  0.223  0.183  0.152 -0.099 -0.414 -0.406 -0.336
 -0.260 -0.229 -0.067 -0.133 -0.013  0.072  0.122  0.088  0.006  0.004  0.024 -0.026 -0.083 -0.136 -0.116 -0.362 -0.368 -0.352 -0.292 -0.296 -0.310 -0.204 -0.080 -0.037 -0.155 -0.149  0.053  0.033  0.008  0.174  0.325  0.236  0.163  0.333  0.455  0.515  0.777  1.000  0.738  0.529  0.524  0.384  0.340  0.231  0.117  0.081  0.134  0.087  0.208  0.107  0.051  0.013 -0.078 -0.097 -0.204 -0.215 -0.182 -0.094 -0.041 -0.096 -0.149 -0.168 -0.218 -0.166 -0.036 -0.004  0.085  0.254  0.250  0.254  0.203  0.094 -0.150 -0.426 -0.456 -0.369
 -0.162 -0.063 -0.031 -0.108 -0.039 -0.012  0.060  0.050 -0.033 -0.049 -0.091 -0.125 -0.143 -0.145  0.023 -0.244 -0.299 -0.273 -0.218 -0.218 -0.236 -0.169 -0.090 -0.054 -0.119 -0.074  0.112  0.076  0.000  0.145  0.299  0.154  0.086  0.299  0.441  0.521  0.672  0.738  1.000  0.735  0.657  0.529  0.366  0.242  0.074  0.045  0.135  0.048  0.180  0.046 -0.025 -0.043 -0.075 -0.079 -0.164 -0.158 -0.110 -0.063 -0.025 -0.054 -0.110 -0.130 -0.125 -0.027 -0.028  0.004  0.092  0.218  0.251  0.323  0.325  0.202 -0.036 -0.480 -0.504 -0.484
 -0.229 -0.191 -0.185 -0.176 -0.002  0.076  0.172  0.182  0.079  0.045 -0.055 -0.088 -0.146 -0.218 -0.158 -0.274 -0.310 -0.320 -0.266 -0.250 -0.231 -0.115  0.003  0.057 -0.046 -0.040  0.159  0.126  0.048  0.186  0.297  0.155  0.100  0.238  0.363  0.466  0.584  0.529  0.735  1.000  0.829  0.677  0.445  0.284  0.096  0.003  0.049  0.042  0.207  0.152  0.096  0.064 -0.005 -0.023 -0.150 -0.187 -0.172 -0.083 -0.040 -0.127 -0.173 -0.219 -0.234 -0.174 -0.145 -0.061  0.106  0.283  0.400  0.538  0.608  0.562  0.052 -0.368 -0.594 -0.609
 -0.314 -0.266 -0.217 -0.190  0.062  0.140  0.265  0.246  0.102  0.073  0.006 -0.044 -0.086 -0.221 -0.159 -0.341 -0.378 -0.388 -0.333 -0.305 -0.264 -0.109  0.026  0.078 -0.012  0.019  0.199  0.172  0.123  0.252  0.324  0.223  0.175  0.271  0.359  0.434  0.481  0.524  0.657  0.829  1.000  0.840  0.600  0.398  0.159  0.011  0.070  0.068  0.282  0.240  0.166  0.121  0.024 -0.019 -0.179 -0.244 -0.240 -0.123 -0.075 -0.187 -0.244 -0.289 -0.321 -0.250 -0.190 -0.081  0.138  0.390  0.537  0.621  0.620  0.506 -0.006 -0.416 -0.632 -0.622
 -0.265 -0.229 -0.235 -0.163  0.097  0.166  0.301  0.283  0.117  0.095  0.029 -0.026 -0.049 -0.199 -0.181 -0.273 -0.317 -0.328 -0.288 -0.249 -0.202 -0.065  0.037  0.079  0.023  0.022  0.140  0.143  0.115  0.148  0.190  0.148  0.098  0.136  0.207  0.261  0.336  0.384  0.529  0.677  0.840  1.000  0.761  0.492  0.203 -0.023  0.015  0.026  0.269  0.278  0.206  0.137  0.068  0.038 -0.117 -0.191 -0.195 -0.083 -0.043 -0.157 -0.223 -0.273 -0.290 -0.234 -0.215 -0.083  0.173  0.442  0.604  0.693  0.615  0.524  0.026 -0.364 -0.592 -0.595
 -0.330 -0.298 -0.248 -0.141  0.134  0.213  0.317  0.277  0.108  0.104  0.075  0.032 -0.003 -0.166 -0.200 -0.286 -0.317 -0.341 -0.310 -0.255 -0.191 -0.030  0.092  0.121  0.046  0.037  0.131  0.119  0.113  0.104  0.103  0.106  0.071  0.081  0.125  0.156  0.222  0.340  0.366  0.445  0.600  0.761  1.000  0.728  0.365  0.035  0.094  0.122  0.389  0.403  0.310  0.209  0.119  0.070 -0.100 -0.197 -0.224 -0.094 -0.052 -0.183 -0.243 -0.291 -0.329 -0.285 -0.207 -0.050  0.231  0.555  0.602  0.543  0.405  0.301 -0.058 -0.333 -0.519 -0.489
 -0.333 -0.299 -0.226 -0.122  0.125  0.205  0.292  0.257  0.101  0.099  0.088  0.043  0.003 -0.148 -0.190 -0.280 -0.294 -0.337 -0.317 -0.280 -0.217 -0.071  0.042  0.091  0.013  0.029  0.125  0.089  0.059  0.074  0.079  0.069  0.037  0.057  0.105  0.128  0.134  0.231  0.242  0.284  0.398  0.492  0.728  1.000  0.680  0.279  0.359  0.382  0.482  0.352  0.247  0.168  0.082 -0.002 -0.163 -0.242 -0.281 -0.185 -0.123 -0.220 -0.237 -0.231 -0.290 -0.250 -0.163 -0.014  0.254  0.574  0.520  0.424  0.265  0.148 -0.136 -0.280 -0.424 -0.416
 -0.272 -0.274 -0.198 -0.123  0.064  0.118  0.162  0.131  0.029  0.039  0.055  0.034  0.022 -0.098 -0.208 -0.234 -0.241 -0.284 -0.272 -0.244 -0.177 -0.053  0.026  0.074  0.004 -0.017  0.052  0.019 -0.035 -0.028  0.004 -0.001 -0.030 -0.032  0.008  0.020  0.039  0.117  0.074  0.096  0.159  0.203  0.365  0.680  1.000  0.611  0.447  0.453  0.338  0.303  0.223  0.157  0.048 -0.035 -0.139 -0.204 -0.278 -0.215 -0.149 -0.207 -0.179 -0.134 -0.214 -0.211 -0.111  0.015  0.190  0.353  0.287  0.189  0.084  0.002 -0.174 -0.155 -0.192 -0.192
 -0.177 -0.183 -0.117 -0.111 -0.008  0.012  0.045  0.012 -0.024 -0.004  0.021  0.002  0.034 -0.007 -0.043 -0.121 -0.110 -0.141 -0.162 -0.142 -0.102 -0.057 -0.007  0.059 -0.011 -0.062  0.034  0.019 -0.112 -0.073  0.028 -0.027 -0.078 -0.038  0.028  0.025  0.048  0.081  0.045  0.003  0.011 -0.023  0.035  0.279  0.611  1.000  0.704  0.516  0.225  0.103  0.085  0.107  0.037 -0.068 -0.119 -0.161 -0.204 -0.192 -0.158 -0.171 -0.128 -0.061 -0.121 -0.138 -0.106 -0.076  0.015  0.100  0.080 -0.005 -0.071 -0.146 -0.245 -0.144 -0.079 -0.081
 -0.205 -0.186 -0.102 -0.120 -0.017 -0.011  0.046  0.003 -0.045 -0.018  0.015 -0.023  0.017 -0.009  0.022 -0.119 -0.099 -0.125 -0.144 -0.127 -0.093 -0.050  0.017  0.073 -0.015 -0.042  0.073  0.037 -0.106 -0.051  0.047 -0.038 -0.087 -0.014  0.069  0.073  0.088  0.134  0.135  0.049  0.070  0.015  0.094  0.359  0.447  0.704  1.000  0.707  0.399  0.080  0.030  0.084  0.051 -0.045 -0.110 -0.150 -0.181 -0.178 -0.147 -0.157 -0.129 -0.062 -0.109 -0.113 -0.099 -0.103 -0.023  0.120  0.112  0.009 -0.053 -0.156 -0.231 -0.181 -0.175 -0.170
 -0.256 -0.259 -0.149 -0.106  0.028  0.065  0.125  0.073  0.033  0.070  0.104  0.064  0.078 -0.004 -0.076 -0.150 -0.128 -0.193 -0.232 -0.192 -0.108  0.001  0.099  0.165  0.046  0.016  0.111  0.066 -0.041  0.001  0.061  0.002 -0.047 -0.029  0.034  0.034  0.030  0.087  0.048  0.042  0.068  0.026  0.122  0.382  0.453  0.516  0.707  1.000  0.661  0.332  0.178  0.213  0.093 -0.009 -0.119 -0.193 -0.265 -0.222 -0.175 -0.231 -0.202 -0.143 -0.194 -0.197 -0.141 -0.076 -0.008  0.120  0.144  0.058 -0.011 -0.085 -0.210 -0.159 -0.229 -0.223
 -0.365 -0.353 -0.209 -0.170  0.059  0.115  0.201  0.154  0.081  0.099  0.115  0.058  0.028 -0.094 -0.137 -0.249 -0.217 -0.268 -0.260 -0.202 -0.119  0.056  0.204  0.227  0.098  0.075  0.179  0.130  0.048  0.102  0.123  0.061  0.049  0.062  0.114  0.132  0.115  0.208  0.180  0.207  0.282  0.269  0.389  0.482  0.338  0.225  0.399  0.661  1.000  0.627  0.383  0.336  0.185  0.129 -0.048 -0.152 -0.209 -0.093 -0.050 -0.174 -0.213 -0.243 -0.329 -0.314 -0.209 -0.109  0.050  0.243  0.312  0.225  0.134  0.031 -0.223 -0.287 -0.421 -0.395
 -0.383 -0.396 -0.280 -0.207  0.027  0.100  0.184  0.162  0.106  0.102  0.099  0.046  0.009 -0.160 -0.257 -0.271 -0.242 -0.298 -0.256 -0.162 -0.038  0.202  0.355  0.348  0.205  0.132  0.185  0.167  0.101  0.071  0.074  0.068  0.043 -0.006  0.014  0.024  0.009  0.107  0.046  0.152  0.240  0.278  0.403  0.352  0.303  0.103  0.080  0.332  0.627  1.000  0.757  0.554  0.307  0.297  0.091 -0.036 -0.137  0.033  0.085 -0.113 -0.152 -0.245 -0.382 -0.375 -0.235 -0.100  0.068  0.200  0.274  0.247  0.191  0.102 -0.140 -0.257 -0.387 -0.350
 -0.386 -0.442 -0.324 -0.257  0.007  0.075  0.167  0.155  0.125  0.116  0.101  0.040  0.013 -0.164 -0.269 -0.237 -0.170 -0.221 -0.160 -0.033  0.109  0.378  0.518  0.519  0.357  0.230  0.284  0.284  0.181  0.115  0.113  0.100  0.058 -0.004  0.021  0.017 -0.034  0.051 -0.025  0.096  0.166  0.206  0.310  0.247  0.223  0.085  0.030  0.178  0.383  0.757  1.000  0.787  0.560  0.511  0.279  0.105 -0.029  0.163  0.167 -0.062 -0.125 -0.244 -0.418 -0.451 -0.298 -0.164  0.022  0.145  0.229  0.220  0.168  0.057 -0.190 -0.331 -0.441 -0.398
 -0.341 -0.426 -0.344 -0.283 -0.022  0.028  0.141  0.123  0.111  0.112  0.106  0.043  0.052 -0.093 -0.200 -0.141 -0.053 -0.103 -0.085  0.072  0.261  0.551  0.682  0.717  0.559  0.384  0.417  0.401  0.242  0.131  0.114  0.060  0.010 -0.056 -0.013 -0.016 -0.082  0.013 -0.043  0.064  0.121  0.137  0.209  0.168  0.157  0.107  0.084  0.213  0.336  0.554  0.787  1.000  0.745  0.588  0.358  0.130 -0.046  0.114  0.038 -0.173 -0.203 -0.266 -0.416 -0.458 -0.371 -0.258 -0.092  0.041  0.176  0.178  0.140  0.031 -0.230 -0.365 -0.445 -0.414
 -0.232 -0.331 -0.311 -0.299 -0.100 -0.090  0.016  0.024  0.036  0.022  0.004 -0.058 -0.045 -0.131 -0.164 -0.057  0.056  0.052  0.092  0.255  0.396  0.612  0.595  0.624  0.511  0.346  0.351  0.334  0.196  0.078  0.046 -0.012 -0.050 -0.111 -0.075 -0.066 -0.134 -0.078 -0.075 -0.005  0.024  0.068  0.119  0.082  0.048  0.037  0.051  0.093  0.185  0.307  0.560  0.745  1.000  0.765  0.540  0.315  0.172  0.282  0.146 -0.023 -0.069 -0.160 -0.299 -0.372 -0.335 -0.287 -0.138 -0.070  0.065  0.082  0.070 -0.025 -0.151 -0.283 -0.350 -0.335
 -0.167 -0.279 -0.301 -0.328 -0.170 -0.173 -0.071 -0.042 -0.014 -0.035 -0.061 -0.146 -0.125 -0.214 -0.219 -0.065  0.071  0.118  0.216  0.385  0.489  0.657  0.561  0.488  0.408  0.232  0.193  0.209  0.090 -0.037 -0.030 -0.062 -0.103 -0.179 -0.147 -0.138 -0.138 -0.097 -0.079 -0.023 -0.019  0.038  0.070 -0.002 -0.035 -0.068 -0.045 -0.009  0.129  0.297  0.511  0.588  0.765  1.000  0.771  0.516  0.365  0.490  0.307  0.117  0.051 -0.112 -0.242 -0.330 -0.310 -0.293 -0.158 -0.130 -0.017  0.020  0.047 -0.015 -0.008 -0.159 -0.283 -0.261
 -0.012 -0.129 -0.215 -0.285 -0.248 -0.280 -0.200 -0.147 -0.095 -0.127 -0.161 -0.226 -0.175 -0.192 -0.146  0.072  0.209  0.313  0.434  0.583  0.618  0.628  0.432  0.348  0.347  0.163  0.073  0.101 -0.042 -0.182 -0.160 -0.190 -0.225 -0.279 -0.245 -0.232 -0.212 -0.204 -0.164 -0.150 -0.179 -0.117 -0.100 -0.163 -0.139 -0.119 -0.110 -0.119 -0.048  0.091  0.279  0.358  0.540  0.771  1.000  0.764  0.597  0.620  0.393  0.288  0.221  0.048 -0.080 -0.189 -0.207 -0.269 -0.228 -0.261 -0.174 -0.136 -0.080 -0.108  0.012 -0.025 -0.066 -0.051
  0.109  0.028 -0.072 -0.198 -0.274 -0.315 -0.282 -0.222 -0.147 -0.179 -0.206 -0.245 -0.189 -0.148 -0.042  0.134  0.233  0.362  0.531  0.550  0.488  0.414  0.241  0.142  0.169  0.043 -0.051 -0.027 -0.159 -0.262 -0.216 -0.250 -0.291 -0.308 -0.281 -0.266 -0.212 -0.215 -0.158 -0.187 -0.244 -0.191 -0.197 -0.242 -0.204 -0.161 -0.150 -0.193 -0.152 -0.036  0.105  0.130  0.315  0.516  0.764  1.000  0.764  0.634  0.529  0.490  0.463  0.202  0.085 -0.036 -0.076 -0.200 -0.246 -0.319 -0.279 -0.227 -0.147 -0.144  0.055  0.068  0.073  0.083
  0.145  0.078 -0.023 -0.175 -0.306 -0.370 -0.357 -0.292 -0.212 -0.255 -0.276 -0.311 -0.250 -0.174 -0.018  0.087  0.181  0.380  0.570  0.578  0.411  0.265  0.054 -0.035  0.014 -0.075 -0.163 -0.126 -0.210 -0.273 -0.202 -0.217 -0.255 -0.251 -0.223 -0.208 -0.146 -0.182 -0.110 -0.172 -0.240 -0.195 -0.224 -0.281 -0.278 -0.204 -0.181 -0.265 -0.209 -0.137 -0.029 -0.046  0.172  0.365  0.597  0.764  1.000  0.804  0.598  0.642  0.473  0.239  0.148  0.054  0.016 -0.142 -0.208 -0.321 -0.323 -0.274 -0.170 -0.157  0.107  0.127  0.172  0.169
 -0.019 -0.095 -0.105 -0.232 -0.262 -0.299 -0.253 -0.203 -0.157 -0.202 -0.209 -0.272 -0.246 -0.248 -0.136 -0.070  0.035  0.214  0.398  0.449  0.318  0.276  0.127  0.040  0.024 -0.063 -0.112 -0.079 -0.134 -0.176 -0.111 -0.111 -0.141 -0.162 -0.139 -0.125 -0.085 -0.094 -0.063 -0.083 -0.123 -0.083 -0.094 -0.185 -0.215 -0.192 -0.178 -0.222 -0.093  0.033  0.163  0.114  0.282  0.490  0.620  0.634  0.804  1.000  0.765  0.622  0.382  0.138  0.011 -0.073 -0.035 -0.158 -0.147 -0.223 -0.199 -0.156 -0.072 -0.093  0.056  0.027  0.020  0.026
 -0.056 -0.086 -0.040 -0.148 -0.198 -0.214 -0.195 -0.161 -0.120 -0.161 -0.150 -0.205 -0.208 -0.224 -0.128 -0.151 -0.080  0.075  0.239  0.269  0.121  0.089  0.013 -0.054 -0.097 -0.151 -0.162 -0.132 -0.170 -0.164 -0.083 -0.077 -0.120 -0.131 -0.113 -0.105 -0.044 -0.041 -0.025 -0.040 -0.075 -0.043 -0.052 -0.123 -0.149 -0.158 -0.147 -0.175 -0.050  0.085  0.167  0.038  0.146  0.307  0.393  0.529  0.598  0.765  1.000  0.736  0.544  0.212  0.070 -0.022  0.054 -0.065 -0.077 -0.152 -0.156 -0.107 -0.032 -0.059  0.044  0.028  0.005  0.010
  0.099  0.094  0.079 -0.090 -0.253 -0.303 -0.319 -0.263 -0.200 -0.247 -0.248 -0.271 -0.244 -0.180 -0.018 -0.061 -0.022  0.153  0.308  0.293  0.098 -0.011 -0.126 -0.206 -0.196 -0.210 -0.258 -0.235 -0.256 -0.248 -0.163 -0.155 -0.184 -0.168 -0.148 -0.142 -0.061 -0.096 -0.054 -0.127 -0.187 -0.157 -0.183 -0.220 -0.207 -0.171 -0.157 -0.231 -0.174 -0.113 -0.062 -0.173 -0.023  0.117  0.288  0.490  0.642  0.622  0.736  1.000  0.729  0.405  0.263  0.158  0.179 -0.006 -0.095 -0.227 -0.283 -0.238 -0.146 -0.130  0.094  0.151  0.211  0.198
  0.184  0.199  0.167 -0.029 -0.234 -0.292 -0.331 -0.266 -0.199 -0.243 -0.259 -0.262 -0.225 -0.119  0.060  0.037  0.049  0.158  0.270  0.233  0.080 -0.034 -0.154 -0.205 -0.186 -0.218 -0.257 -0.231 -0.293 -0.303 -0.203 -0.211 -0.255 -0.232 -0.210 -0.208 -0.116 -0.149 -0.110 -0.173 -0.244 -0.223 -0.243 -0.237 -0.179 -0.128 -0.129 -0.202 -0.213 -0.152 -0.125 -0.203 -0.069  0.051  0.221  0.463  0.473  0.382  0.544  0.729  1.000  0.679  0.440  0.272  0.301  0.062 -0.079 -0.235 -0.315 -0.276 -0.190 -0.160  0.099  0.184  0.260  0.256
  0.316  0.308  0.248  0.039 -0.219 -0.289 -0.332 -0.276 -0.205 -0.240 -0.282 -0.256 -0.205 -0.031  0.124  0.159  0.133  0.182  0.202  0.129  0.023 -0.102 -0.216 -0.228 -0.203 -0.241 -0.257 -0.251 -0.350 -0.344 -0.246 -0.273 -0.290 -0.237 -0.198 -0.183 -0.112 -0.168 -0.130 -0.219 -0.289 -0.273 -0.291 -0.231 -0.134 -0.061 -0.062 -0.143 -0.243 -0.245 -0.244 -0.266 -0.160 -0.112  0.048  0.202  0.239  0.138  0.212  0.405  0.679  1.000  0.664  0.400  0.393  0.123 -0.070 -0.229 -0.321 -0.307 -0.244 -0.201  0.054  0.231  0.382  0.349
  0.555  0.589  0.409  0.200 -0.210 -0.294 -0.365 -0.304 -0.235 -0.264 -0.298 -0.248 -0.182  0.066  0.254  0.366  0.287  0.293  0.204  0.099  0.009 -0.182 -0.325 -0.353 -0.250 -0.268 -0.341 -0.332 -0.352 -0.371 -0.330 -0.343 -0.334 -0.273 -0.266 -0.236 -0.124 -0.218 -0.125 -0.234 -0.321 -0.290 -0.329 -0.290 -0.214 -0.121 -0.109 -0.194 -0.329 -0.382 -0.418 -0.416 -0.299 -0.242 -0.080  0.085  0.148  0.011  0.070  0.263  0.440  0.664  1.000  0.760  0.496  0.234 -0.063 -0.235 -0.373 -0.324 -0.249 -0.154  0.190  0.324  0.450  0.414
  0.472  0.641  0.490  0.366 -0.090 -0.198 -0.327 -0.294 -0.259 -0.275 -0.256 -0.158 -0.111  0.157  0.352  0.314  0.193  0.196  0.117 -0.006 -0.086 -0.269 -0.377 -0.405 -0.297 -0.255 -0.316 -0.315 -0.312 -0.327 -0.275 -0.280 -0.284 -0.183 -0.180 -0.158 -0.060 -0.166 -0.027 -0.174 -0.250 -0.234 -0.285 -0.250 -0.211 -0.138 -0.113 -0.197 -0.314 -0.375 -0.451 -0.458 -0.372 -0.330 -0.189 -0.036  0.054 -0.073 -0.022  0.158  0.272  0.400  0.760  1.000  0.689  0.418  0.073 -0.151 -0.327 -0.280 -0.223 -0.142  0.181  0.254  0.413  0.382
  0.170  0.304  0.426  0.394  0.077 -0.026 -0.207 -0.229 -0.219 -0.225 -0.125 -0.036 -0.049  0.098  0.217  0.009 -0.037 -0.025 -0.014 -0.128 -0.246 -0.359 -0.387 -0.398 -0.401 -0.338 -0.306 -0.317 -0.310 -0.208 -0.116 -0.125 -0.138 -0.065 -0.062 -0.064  0.021 -0.036 -0.028 -0.145 -0.190 -0.215 -0.207 -0.163 -0.111 -0.106 -0.099 -0.141 -0.209 -0.235 -0.298 -0.371 -0.335 -0.310 -0.207 -0.076  0.016 -0.035  0.054  0.179  0.301  0.393  0.496  0.689  1.000  0.650  0.318 -0.007 -0.216 -0.243 -0.216 -0.165  0.045  0.161  0.333  0.310
  0.043  0.176  0.292  0.515  0.293  0.257  0.023 -0.018 -0.078 -0.070  0.012  0.123  0.046  0.117  0.085 -0.049 -0.095 -0.135 -0.136 -0.220 -0.290 -0.340 -0.322 -0.298 -0.322 -0.265 -0.213 -0.228 -0.204 -0.142 -0.085 -0.087 -0.093 -0.043 -0.058 -0.054  0.033 -0.004  0.004 -0.061 -0.081 -0.083 -0.050 -0.014  0.015 -0.076 -0.103 -0.076 -0.109 -0.100 -0.164 -0.258 -0.287 -0.293 -0.269 -0.200 -0.142 -0.158 -0.065 -0.006  0.062  0.123  0.234  0.418  0.650  1.000  0.642  0.208 -0.018 -0.059 -0.070 -0.055  0.042  0.074  0.160  0.140
 -0.155 -0.040  0.079  0.313  0.434  0.372  0.200  0.144 -0.003 -0.005  0.044  0.114  0.044 -0.032 -0.058 -0.205 -0.244 -0.268 -0.251 -0.260 -0.298 -0.258 -0.200 -0.156 -0.223 -0.193 -0.097 -0.100 -0.073 -0.015  0.025  0.033  0.024  0.036  0.032  0.038  0.110  0.085  0.092  0.106  0.138  0.173  0.231  0.254  0.190  0.015 -0.023 -0.008  0.050  0.068  0.022 -0.092 -0.138 -0.158 -0.228 -0.246 -0.208 -0.147 -0.077 -0.095 -0.079 -0.070 -0.063  0.073  0.318  0.642  1.000  0.560  0.314  0.212  0.126  0.086  0.005 -0.087 -0.102 -0.107
 -0.294 -0.233 -0.140  0.049  0.343  0.449  0.482  0.445  0.195  0.199  0.167  0.144  0.069 -0.103 -0.163 -0.278 -0.324 -0.379 -0.364 -0.355 -0.324 -0.210 -0.082 -0.034 -0.116 -0.094  0.023 -0.003  0.010  0.065  0.084  0.082  0.062  0.093  0.120  0.137  0.186  0.254  0.218  0.283  0.390  0.442  0.555  0.574  0.353  0.100  0.120  0.120  0.243  0.200  0.145  0.041 -0.070 -0.130 -0.261 -0.319 -0.321 -0.223 -0.152 -0.227 -0.235 -0.229 -0.235 -0.151 -0.007  0.208  0.560  1.000  0.732  0.526  0.332  0.214 -0.095 -0.226 -0.377 -0.372
 -0.372 -0.342 -0.247 -0.050  0.369  0.484  0.631  0.555  0.274  0.303  0.249  0.197  0.137 -0.082 -0.189 -0.271 -0.301 -0.374 -0.360 -0.311 -0.230 -0.076  0.056  0.129  0.044  0.023  0.151  0.140  0.081  0.111  0.139  0.092  0.052  0.071  0.135  0.160  0.156  0.250  0.251  0.400  0.537  0.604  0.602  0.520  0.287  0.080  0.112  0.144  0.312  0.274  0.229  0.176  0.065 -0.017 -0.174 -0.279 -0.323 -0.199 -0.156 -0.283 -0.315 -0.321 -0.373 -0.327 -0.216 -0.018  0.314  0.732  1.000  0.757  0.517  0.339 -0.167 -0.306 -0.512 -0.536
 -0.303 -0.276 -0.280 -0.114  0.224  0.359  0.507  0.495  0.259  0.270  0.186  0.118  0.043 -0.137 -0.214 -0.234 -0.267 -0.334 -0.316 -0.268 -0.181 -0.039  0.082  0.146  0.067  0.039  0.160  0.150  0.109  0.123  0.137  0.094  0.065  0.091  0.169  0.220  0.223  0.254  0.323  0.538  0.621  0.693  0.543  0.424  0.189 -0.005  0.009  0.058  0.225  0.247  0.220  0.178  0.082  0.020 -0.136 -0.227 -0.274 -0.156 -0.107 -0.238 -0.276 -0.307 -0.324 -0.280 -0.243 -0.059  0.212  0.526  0.757  1.000  0.800  0.596  0.009 -0.284 -0.590 -0.634
 -0.224 -0.211 -0.262 -0.121  0.112  0.221  0.324  0.318  0.139  0.142  0.082  0.031 -0.027 -0.187 -0.247 -0.219 -0.238 -0.260 -0.223 -0.181 -0.123 -0.007  0.081  0.130  0.086  0.025  0.099  0.128  0.102  0.057  0.063  0.064  0.035  0.015  0.083  0.141  0.183  0.203  0.325  0.608  0.620  0.615  0.405  0.265  0.084 -0.071 -0.053 -0.011  0.134  0.191  0.168  0.140  0.070  0.047 -0.080 -0.147 -0.170 -0.072 -0.032 -0.146 -0.190 -0.244 -0.249 -0.223 -0.216 -0.070  0.126  0.332  0.517  0.800  1.000  0.798  0.227 -0.127 -0.516 -0.585
 -0.097 -0.108 -0.204 -0.090  0.039  0.124  0.206  0.234  0.118  0.097  0.010 -0.025 -0.070 -0.176 -0.244 -0.147 -0.177 -0.200 -0.178 -0.164 -0.133 -0.061  0.010  0.036  0.013 -0.026  0.009  0.038  0.074  0.037  0.014  0.048  0.036 -0.022  0.013  0.068  0.152  0.094  0.202  0.562  0.506  0.524  0.301  0.148  0.002 -0.146 -0.156 -0.085  0.031  0.102  0.057  0.031 -0.025 -0.015 -0.108 -0.144 -0.157 -0.093 -0.059 -0.130 -0.160 -0.201 -0.154 -0.142 -0.165 -0.055  0.086  0.214  0.339  0.596  0.798  1.000  0.426  0.093 -0.369 -0.452
  0.250  0.242  0.028  0.045 -0.129 -0.159 -0.210 -0.144 -0.126 -0.162 -0.168 -0.177 -0.180 -0.132 -0.116  0.066  0.008  0.075  0.116  0.094  0.020 -0.054 -0.136 -0.202 -0.088 -0.105 -0.285 -0.224 -0.033 -0.196 -0.322 -0.128 -0.066 -0.214 -0.296 -0.261 -0.099 -0.150 -0.036  0.052 -0.006  0.026 -0.058 -0.136 -0.174 -0.245 -0.231 -0.210 -0.223 -0.140 -0.190 -0.230 -0.151 -0.008  0.012  0.055  0.107  0.056  0.044  0.094  0.099  0.054  0.190  0.181  0.045  0.042  0.005 -0.095 -0.167  0.009  0.227  0.426  1.000  0.517  0.069  0.049
  0.301  0.234  0.107  0.147 -0.094 -0.123 -0.200 -0.175 -0.133 -0.132 -0.089 -0.069 -0.073  0.043 -0.082  0.180  0.167  0.206  0.214  0.137  0.030 -0.131 -0.237 -0.313 -0.199 -0.205 -0.404 -0.352 -0.209 -0.339 -0.438 -0.255 -0.219 -0.381 -0.486 -0.492 -0.414 -0.426 -0.480 -0.368 -0.416 -0.364 -0.333 -0.280 -0.155 -0.144 -0.181 -0.159 -0.287 -0.257 -0.331 -0.365 -0.283 -0.159 -0.025  0.068  0.127  0.027  0.028  0.151  0.184  0.231  0.324  0.254  0.161  0.074 -0.087 -0.226 -0.306 -0.284 -0.127  0.093  0.517  1.000  0.583  0.414
  0.386  0.380  0.307  0.236 -0.110 -0.216 -0.379 -0.368 -0.263 -0.267 -0.169 -0.061 -0.033  0.152  0.141  0.254  0.233  0.301  0.265  0.181  0.048 -0.171 -0.319 -0.397 -0.251 -0.197 -0.405 -0.385 -0.258 -0.313 -0.377 -0.266 -0.216 -0.289 -0.373 -0.423 -0.406 -0.456 -0.504 -0.594 -0.632 -0.592 -0.519 -0.424 -0.192 -0.079 -0.175 -0.229 -0.421 -0.387 -0.441 -0.445 -0.350 -0.283 -0.066  0.073  0.172  0.020  0.005  0.211  0.260  0.382  0.450  0.413  0.333  0.160 -0.102 -0.377 -0.512 -0.590 -0.516 -0.369  0.069  0.583  1.000  0.797
