  1.000  0.769  0.513  0.207 -0.196 -0.315 -0.353 -0.312 -0.272 -0.291 -0.276 -0.178 -0.079  0.217  0.308  0.612  0.613  0.591  0.406  0.276  0.225 -0.063 -0.238 -0.291 -0.181 -0.230 -0.385 -0.360 -0.313 -0.388 -0.400 -0.334 -0.274 -0.276 -0.309 -0.314 -0.330 -0.384 -0.337 -0.304 -0.385 -0.357 -0.384 -0.401 -0.313 -0.221 -0.276 -0.299 -0.396 -0.383 -0.406 -0.364 -0.290 -0.228 -0.034  0.106  0.158 -0.019 -0.049  0.110  0.201  0.395  0.578  0.468  0.261  0.021 -0.206 -0.366 -0.419 -0.347 -0.278 -0.126  0.137  0.343  0.466  0.450
  0.769  1.000  0.727  0.408 -0.025 -0.166 -0.251 -0.252 -0.232 -0.227 -0.176 -0.036  0.064  0.381  0.490  0.611  0.475  0.415  0.250  0.110  0.056 -0.210 -0.330 -0.360 -0.249 -0.234 -0.350 -0.315 -0.240 -0.297 -0.314 -0.246 -0.183 -0.172 -0.216 -0.241 -0.273 -0.339 -0.311 -0.254 -0.315 -0.308 -0.324 -0.338 -0.270 -0.201 -0.252 -0.270 -0.353 -0.391 -0.459 -0.435 -0.393 -0.366 -0.192 -0.014  0.033 -0.147 -0.112  0.056  0.191  0.369  0.579  0.599  0.343  0.142 -0.089 -0.262 -0.328 -0.280 -0.235 -0.098  0.084  0.263  0.364  0.359
  0.513  0.727  1.000  0.611  0.156 -0.022 -0.165 -0.224 -0.234 -0.208 -0.111  0.071  0.182  0.464  0.524  0.438  0.386  0.279  0.136  0.013 -0.029 -0.260 -0.322 -0.323 -0.287 -0.246 -0.288 -0.264 -0.207 -0.218 -0.228 -0.187 -0.131 -0.121 -0.165 -0.193 -0.222 -0.262 -0.249 -0.241 -0.265 -0.279 -0.272 -0.275 -0.226 -0.184 -0.215 -0.230 -0.278 -0.321 -0.365 -0.363 -0.337 -0.334 -0.211 -0.063 -0.027 -0.138 -0.075  0.039  0.163  0.293  0.451  0.505  0.410  0.281  0.065 -0.160 -0.237 -0.231 -0.205 -0.123 -0.000  0.194  0.285  0.278
  0.207  0.408  0.611  1.000  0.581  0.403  0.177  0.035  0.008  0.092  0.235  0.419  0.453  0.581  0.418  0.252  0.132  0.005 -0.110 -0.241 -0.254 -0.379 -0.346 -0.283 -0.250 -0.186 -0.155 -0.132 -0.063 -0.036 -0.050 -0.022  0.021  0.023 -0.022 -0.079 -0.111 -0.138 -0.144 -0.106 -0.069 -0.108 -0.080 -0.075 -0.078 -0.107 -0.138 -0.115 -0.160 -0.236 -0.307 -0.324 -0.374 -0.425 -0.380 -0.257 -0.248 -0.311 -0.212 -0.142 -0.037  0.063  0.210  0.416  0.420  0.553  0.364  0.140  0.063  0.003 -0.045 -0.023 -0.136  0.062  0.020 -0.001
 -0.196 -0.025  0.156  0.581  1.000  0.782  0.521  0.311  0.214  0.324  0.457  0.570  0.606  0.387  0.242 -0.003 -0.138 -0.270 -0.340 -0.372 -0.325 -0.263 -0.147 -0.043 -0.069 -0.007  0.110  0.128  0.167  0.225  0.204  0.194  0.209  0.188  0.163  0.113  0.070  0.083  0.054  0.103  0.199  0.188  0.213  0.193  0.087 -0.015  0.009  0.049  0.079  0.012 -0.019 -0.046 -0.139 -0.248 -0.336 -0.356 -0.395 -0.355 -0.289 -0.319 -0.275 -0.262 -0.206 -0.017  0.070  0.341  0.509  0.440  0.463  0.304  0.166  0.074 -0.226 -0.224 -0.333 -0.335
 -0.315 -0.166 -0.022  0.403  0.782  1.000  0.725  0.519  0.406  0.502  0.581  0.626  0.533  0.279  0.099 -0.114 -0.242 -0.368 -0.403 -0.433 -0.365 -0.250 -0.106  0.002 -0.029  0.019  0.155  0.158  0.181  0.263  0.253  0.219  0.228  0.228  0.210  0.173  0.153  0.175  0.132  0.183  0.293  0.261  0.281  0.280  0.147  0.025  0.053  0.098  0.142  0.072  0.045  0.007 -0.108 -0.218 -0.338 -0.366 -0.427 -0.361 -0.281 -0.336 -0.305 -0.319 -0.288 -0.101 -0.003  0.337  0.469  0.553  0.573  0.410  0.250  0.125 -0.268 -0.285 -0.459 -0.453
 -0.353 -0.251 -0.165  0.177  0.521  0.725  1.000  0.792  0.594  0.690  0.631  0.471  0.414  0.148  0.009 -0.161 -0.272 -0.385 -0.412 -0.409 -0.315 -0.156 -0.010  0.088  0.051  0.088  0.236  0.237  0.211  0.287  0.302  0.251  0.232  0.236  0.251  0.224  0.207  0.261  0.236  0.257  0.388  0.356  0.378  0.348  0.178  0.064  0.098  0.132  0.206  0.138  0.119  0.089 -0.019 -0.125 -0.277 -0.350 -0.406 -0.315 -0.261 -0.354 -0.353 -0.373 -0.364 -0.228 -0.167  0.135  0.313  0.564  0.665  0.495  0.310  0.140 -0.294 -0.404 -0.566 -0.558
 -0.312 -0.252 -0.224  0.035  0.311  0.519  0.792  1.000  0.696  0.603  0.398  0.241  0.184 -0.000 -0.086 -0.174 -0.242 -0.322 -0.337 -0.316 -0.223 -0.070  0.035  0.119  0.096  0.101  0.220  0.196  0.146  0.217  0.233  0.172  0.148  0.158  0.185  0.185  0.199  0.251  0.233  0.226  0.331  0.314  0.342  0.319  0.180  0.068  0.086  0.112  0.188  0.154  0.144  0.119  0.035 -0.052 -0.194 -0.270 -0.330 -0.248 -0.207 -0.295 -0.300 -0.316 -0.327 -0.232 -0.183  0.073  0.237  0.502  0.564  0.423  0.250  0.090 -0.248 -0.338 -0.503 -0.471
 -0.272 -0.232 -0.234  0.008  0.214  0.406  0.594  0.696  1.000  0.856  0.558  0.377  0.233  0.050 -0.052 -0.112 -0.212 -0.288 -0.308 -0.308 -0.223 -0.093  0.008  0.079  0.066  0.089  0.186  0.160  0.140  0.206  0.208  0.168  0.166  0.178  0.180  0.164  0.158  0.190  0.157  0.152  0.239  0.227  0.230  0.206  0.101  0.036  0.045  0.110  0.141  0.099  0.088  0.076 -0.010 -0.084 -0.192 -0.243 -0.296 -0.237 -0.201 -0.266 -0.268 -0.283 -0.277 -0.208 -0.196  0.011  0.095  0.306  0.367  0.292  0.140  0.049 -0.257 -0.311 -0.440 -0.415
 -0.291 -0.227 -0.208  0.092  0.324  0.502  0.690  0.603  0.856  1.000  0.791  0.564  0.417  0.169  0.013 -0.095 -0.217 -0.314 -0.347 -0.359 -0.262 -0.132 -0.013  0.069  0.057  0.086  0.194  0.194  0.189  0.248  0.251  0.227  0.228  0.231  0.225  0.180  0.151  0.185  0.145  0.152  0.258  0.234  0.241  0.211  0.099  0.045  0.062  0.125  0.150  0.089  0.066  0.060 -0.042 -0.126 -0.237 -0.280 -0.342 -0.289 -0.246 -0.308 -0.303 -0.317 -0.301 -0.208 -0.200  0.035  0.118  0.325  0.406  0.313  0.153  0.060 -0.296 -0.349 -0.489 -0.471
 -0.276 -0.176 -0.111  0.235  0.457  0.581  0.631  0.398  0.558  0.791  1.000  0.798  0.625  0.338  0.118 -0.056 -0.195 -0.306 -0.352 -0.387 -0.300 -0.193 -0.068  0.017  0.012  0.052  0.149  0.177  0.211  0.264  0.260  0.265  0.281  0.273  0.245  0.170  0.113  0.147  0.099  0.133  0.239  0.193  0.206  0.177  0.069  0.023  0.052  0.119  0.126  0.046  0.007  0.006 -0.103 -0.191 -0.289 -0.306 -0.369 -0.332 -0.275 -0.318 -0.303 -0.318 -0.281 -0.149 -0.139  0.097  0.157  0.300  0.373  0.295  0.155  0.080 -0.273 -0.312 -0.446 -0.448
 -0.178 -0.036  0.071  0.419  0.570  0.626  0.471  0.241  0.377  0.564  0.798  1.000  0.788  0.532  0.265  0.060 -0.095 -0.236 -0.306 -0.376 -0.302 -0.262 -0.140 -0.042 -0.041  0.011  0.091  0.112  0.175  0.218  0.190  0.203  0.239  0.237  0.189  0.112  0.045  0.042 -0.011  0.053  0.152  0.087  0.117  0.095  0.031 -0.020 -0.007  0.063  0.046 -0.030 -0.082 -0.074 -0.195 -0.296 -0.351 -0.328 -0.388 -0.381 -0.308 -0.318 -0.271 -0.240 -0.170 -0.010 -0.005  0.204  0.201  0.246  0.280  0.211  0.088  0.030 -0.271 -0.204 -0.319 -0.327
 -0.079  0.064  0.182  0.453  0.606  0.533  0.414  0.184  0.233  0.417  0.625  0.788  1.000  0.712  0.436  0.193  0.034 -0.137 -0.254 -0.313 -0.229 -0.227 -0.114 -0.016 -0.024  0.029  0.116  0.146  0.178  0.205  0.186  0.198  0.222  0.214  0.180  0.106  0.025  0.032 -0.005  0.027  0.124  0.073  0.105  0.063  0.003 -0.030 -0.023  0.045  0.027 -0.058 -0.111 -0.073 -0.191 -0.302 -0.338 -0.321 -0.383 -0.400 -0.339 -0.338 -0.286 -0.240 -0.156 -0.006 -0.035  0.136  0.155  0.190  0.251  0.159  0.047  0.010 -0.264 -0.226 -0.292 -0.288
  0.217  0.381  0.464  0.581  0.387  0.279  0.148 -0.000  0.050  0.169  0.338  0.532  0.712  1.000  0.697  0.456  0.282  0.095 -0.063 -0.177 -0.130 -0.256 -0.207 -0.133 -0.108 -0.064 -0.045 -0.021  0.018  0.016 -0.004  0.015  0.063  0.078  0.034 -0.020 -0.097 -0.117 -0.134 -0.103 -0.050 -0.107 -0.080 -0.123 -0.118 -0.114 -0.133 -0.078 -0.138 -0.213 -0.285 -0.234 -0.313 -0.398 -0.344 -0.247 -0.281 -0.380 -0.311 -0.243 -0.137 -0.025  0.119  0.260  0.152  0.212  0.057 -0.011  0.006 -0.025 -0.084 -0.051 -0.191 -0.023 -0.042 -0.048
  0.308  0.490  0.524  0.418  0.242  0.099  0.009 -0.086 -0.052  0.013  0.118  0.265  0.436  0.697  1.000  0.681  0.461  0.233  0.026 -0.044  0.017 -0.124 -0.128 -0.082 -0.055 -0.001 -0.008  0.008  0.019  0.013 -0.007 -0.000  0.063  0.085  0.034 -0.000 -0.110 -0.128 -0.119 -0.111 -0.059 -0.126 -0.116 -0.170 -0.188 -0.150 -0.155 -0.123 -0.147 -0.227 -0.269 -0.187 -0.217 -0.294 -0.224 -0.169 -0.195 -0.305 -0.287 -0.222 -0.116  0.000  0.172  0.248  0.088  0.077 -0.023 -0.101 -0.065 -0.082 -0.111 -0.082 -0.151 -0.058 -0.015  0.002
  0.612  0.611  0.438  0.252 -0.003 -0.114 -0.161 -0.174 -0.112 -0.095 -0.056  0.060  0.193  0.456  0.681  1.000  0.744  0.496  0.269  0.180  0.224 -0.013 -0.119 -0.122 -0.054 -0.081 -0.155 -0.143 -0.141 -0.186 -0.207 -0.179 -0.107 -0.095 -0.141 -0.152 -0.243 -0.277 -0.240 -0.210 -0.208 -0.238 -0.253 -0.307 -0.276 -0.201 -0.232 -0.205 -0.272 -0.295 -0.317 -0.229 -0.216 -0.224 -0.072  0.000 -0.010 -0.173 -0.225 -0.123 -0.023  0.140  0.347  0.306  0.071 -0.037 -0.187 -0.264 -0.234 -0.200 -0.192 -0.103 -0.047  0.126  0.181  0.185
  0.613  0.475  0.386  0.132 -0.138 -0.242 -0.272 -0.242 -0.212 -0.217 -0.195 -0.095  0.034  0.282  0.461  0.744  1.000  0.765  0.461  0.376  0.457  0.150 -0.021 -0.036  0.004 -0.099 -0.186 -0.179 -0.212 -0.273 -0.283 -0.263 -0.207 -0.191 -0.221 -0.218 -0.287 -0.319 -0.257 -0.262 -0.283 -0.299 -0.314 -0.359 -0.310 -0.212 -0.245 -0.243 -0.306 -0.289 -0.252 -0.144 -0.081 -0.056  0.121  0.158  0.144 -0.013 -0.113 -0.035  0.029  0.156  0.322  0.215  0.055 -0.091 -0.245 -0.348 -0.328 -0.277 -0.237 -0.145  0.008  0.181  0.264  0.263
  0.591  0.415  0.279  0.005 -0.270 -0.368 -0.385 -0.322 -0.288 -0.314 -0.306 -0.236 -0.137  0.095  0.233  0.496  0.765  1.000  0.705  0.578  0.561  0.213 -0.037 -0.091 -0.002 -0.155 -0.306 -0.283 -0.313 -0.392 -0.395 -0.356 -0.305 -0.300 -0.327 -0.319 -0.354 -0.378 -0.301 -0.307 -0.374 -0.350 -0.380 -0.409 -0.344 -0.231 -0.267 -0.294 -0.355 -0.328 -0.278 -0.181 -0.060  0.025  0.258  0.321  0.361  0.190  0.060  0.161  0.162  0.238  0.345  0.202  0.071 -0.140 -0.293 -0.424 -0.427 -0.351 -0.272 -0.163  0.114  0.279  0.417  0.394
  0.406  0.250  0.136 -0.110 -0.340 -0.403 -0.412 -0.337 -0.308 -0.347 -0.352 -0.306 -0.254 -0.063  0.026  0.269  0.461  0.705  1.000  0.720  0.514  0.184 -0.060 -0.137 -0.071 -0.214 -0.356 -0.333 -0.349 -0.425 -0.411 -0.365 -0.331 -0.330 -0.343 -0.336 -0.325 -0.360 -0.285 -0.293 -0.392 -0.358 -0.404 -0.409 -0.319 -0.205 -0.239 -0.297 -0.341 -0.306 -0.243 -0.188 -0.026  0.114  0.389  0.525  0.579  0.390  0.252  0.352  0.309  0.295  0.285  0.150  0.110 -0.119 -0.283 -0.419 -0.448 -0.358 -0.255 -0.163  0.151  0.338  0.454  0.414
  0.276  0.110  0.013 -0.241 -0.372 -0.433 -0.409 -0.316 -0.308 -0.359 -0.387 -0.376 -0.313 -0.177 -0.044  0.180  0.376  0.578  0.720  1.000  0.761  0.434  0.150  0.039  0.082 -0.086 -0.240 -0.235 -0.294 -0.379 -0.378 -0.357 -0.328 -0.331 -0.340 -0.316 -0.306 -0.317 -0.229 -0.274 -0.350 -0.309 -0.342 -0.366 -0.300 -0.198 -0.227 -0.274 -0.287 -0.212 -0.099 -0.008  0.164  0.318  0.559  0.531  0.587  0.451  0.267  0.320  0.238  0.170  0.136 -0.016 -0.028 -0.237 -0.296 -0.408 -0.399 -0.326 -0.228 -0.171  0.168  0.238  0.392  0.375
  0.225  0.056 -0.029 -0.254 -0.325 -0.365 -0.315 -0.223 -0.223 -0.262 -0.300 -0.302 -0.229 -0.130  0.017  0.224  0.457  0.561  0.514  0.761  1.000  0.719  0.404  0.295  0.343  0.123 -0.044 -0.052 -0.159 -0.259 -0.282 -0.292 -0.262 -0.258 -0.269 -0.234 -0.251 -0.240 -0.173 -0.223 -0.250 -0.248 -0.256 -0.297 -0.266 -0.181 -0.198 -0.205 -0.194 -0.094  0.043  0.197  0.321  0.431  0.590  0.447  0.393  0.295  0.090  0.095  0.054  0.015  0.027 -0.109 -0.155 -0.295 -0.302 -0.349 -0.304 -0.253 -0.191 -0.156  0.088  0.083  0.205  0.208
 -0.063 -0.210 -0.260 -0.379 -0.263 -0.250 -0.156 -0.070 -0.093 -0.132 -0.193 -0.262 -0.227 -0.256 -0.124 -0.013  0.150  0.213  0.184  0.434  0.719  1.000  0.742  0.604  0.618  0.415  0.225  0.183  0.051 -0.054 -0.103 -0.146 -0.146 -0.152 -0.149 -0.101 -0.101 -0.041 -0.028 -0.076 -0.072 -0.067 -0.045 -0.095 -0.126 -0.101 -0.081 -0.056  0.037  0.186  0.367  0.540  0.598  0.654  0.598  0.338  0.219  0.260  0.067 -0.027 -0.090 -0.183 -0.227 -0.327 -0.327 -0.359 -0.230 -0.179 -0.100 -0.088 -0.058 -0.091  0.056 -0.144 -0.070 -0.035
 -0.238 -0.330 -0.322 -0.346 -0.147 -0.106 -0.010  0.035  0.008 -0.013 -0.068 -0.140 -0.114 -0.207 -0.128 -0.119 -0.021 -0.037 -0.060  0.150  0.404  0.742  1.000  0.796  0.649  0.555  0.492  0.394  0.209  0.125  0.087  0.006 -0.033 -0.034 -0.010  0.039  0.063  0.146  0.121  0.050  0.097  0.077  0.138  0.070  0.003 -0.016  0.025  0.077  0.229  0.382  0.532  0.686  0.589  0.549  0.383  0.149 -0.013  0.091 -0.011 -0.159 -0.211 -0.307 -0.361 -0.411 -0.376 -0.309 -0.146 -0.013  0.066  0.037  0.026 -0.048 -0.052 -0.286 -0.278 -0.233
 -0.291 -0.360 -0.323 -0.283 -0.043  0.002  0.088  0.119  0.079  0.069  0.017 -0.042 -0.016 -0.133 -0.082 -0.122 -0.036 -0.091 -0.137  0.039  0.295  0.604  0.796  1.000  0.780  0.546  0.612  0.561  0.321  0.246  0.222  0.129  0.085  0.078  0.105  0.137  0.113  0.185  0.144  0.094  0.182  0.110  0.167  0.135  0.059  0.039  0.073  0.135  0.259  0.374  0.529  0.717  0.604  0.452  0.266  0.022 -0.147 -0.033 -0.110 -0.272 -0.292 -0.364 -0.403 -0.430 -0.389 -0.258 -0.076  0.077  0.160  0.103  0.066 -0.052 -0.172 -0.372 -0.395 -0.342
 -0.181 -0.249 -0.287 -0.250 -0.069 -0.029  0.051  0.096  0.066  0.057  0.012 -0.041 -0.024 -0.108 -0.055 -0.054  0.004 -0.002 -0.071  0.082  0.343  0.618  0.649  0.780  1.000  0.725  0.538  0.562  0.420  0.253  0.177  0.128  0.091  0.061  0.067  0.082  0.039  0.095  0.052  0.043  0.125  0.061  0.092  0.043 -0.031 -0.033 -0.015  0.026  0.123  0.219  0.344  0.535  0.452  0.335  0.220  0.016 -0.126 -0.072 -0.166 -0.271 -0.278 -0.314 -0.316 -0.336 -0.361 -0.260 -0.121  0.003  0.089  0.058  0.034 -0.033 -0.111 -0.286 -0.302 -0.253
 -0.230 -0.234 -0.246 -0.186 -0.007  0.019  0.088  0.101  0.089  0.086  0.052  0.011  0.029 -0.064 -0.001 -0.081 -0.099 -0.155 -0.214 -0.086  0.123  0.415  0.555  0.546  0.725  1.000  0.709  0.568  0.558  0.440  0.284  0.227  0.192  0.150  0.141  0.149  0.118  0.185  0.114  0.083  0.176  0.129  0.166  0.083 -0.006 -0.032 -0.005  0.019  0.127  0.181  0.233  0.377  0.280  0.162  0.017 -0.129 -0.232 -0.171 -0.215 -0.294 -0.308 -0.334 -0.334 -0.302 -0.323 -0.202 -0.078  0.045  0.121  0.081  0.039  0.002 -0.094 -0.290 -0.309 -0.261
 -0.385 -0.350 -0.288 -0.155  0.110  0.155  0.236  0.220  0.186  0.194  0.149  0.091  0.116 -0.045 -0.008 -0.155 -0.186 -0.306 -0.356 -0.240 -0.044  0.225  0.492  0.612  0.538  0.709  1.000  0.806  0.583  0.612  0.569  0.406  0.332  0.350  0.383  0.407  0.368  0.432  0.340  0.248  0.386  0.268  0.307  0.245  0.114  0.070  0.117  0.140  0.273  0.282  0.332  0.450  0.304  0.122 -0.070 -0.236 -0.359 -0.249 -0.253 -0.386 -0.392 -0.431 -0.446 -0.386 -0.356 -0.139  0.040  0.229  0.305  0.224  0.138  0.022 -0.270 -0.483 -0.561 -0.502
 -0.360 -0.315 -0.264 -0.132  0.128  0.158  0.237  0.196  0.160  0.194  0.177  0.112  0.146 -0.021  0.008 -0.143 -0.179 -0.283 -0.333 -0.235 -0.052  0.183  0.394  0.561  0.562  0.568  0.806  1.000  0.742  0.630  0.662  0.571  0.449  0.417  0.461  0.429  0.333  0.350  0.269  0.240  0.375  0.236  0.250  0.196  0.060  0.041  0.081  0.096  0.212  0.225  0.291  0.395  0.267  0.097 -0.071 -0.228 -0.340 -0.243 -0.254 -0.379 -0.377 -0.414 -0.421 -0.367 -0.352 -0.146  0.030  0.199  0.290  0.216  0.142  0.024 -0.292 -0.481 -0.559 -0.498
 -0.313 -0.240 -0.207 -0.063  0.167  0.181  0.211  0.146  0.140  0.189  0.211  0.175  0.178  0.018  0.019 -0.141 -0.212 -0.313 -0.349 -0.294 -0.159  0.051  0.209  0.321  0.420  0.558  0.583  0.742  1.000  0.797  0.630  0.692  0.635  0.501  0.461  0.358  0.203  0.204  0.095  0.130  0.293  0.156  0.171  0.108 -0.006 -0.022  0.004  0.014  0.104  0.106  0.144  0.222  0.116 -0.026 -0.175 -0.283 -0.358 -0.278 -0.271 -0.352 -0.352 -0.376 -0.362 -0.281 -0.280 -0.096  0.041  0.153  0.218  0.151  0.086  0.019 -0.247 -0.352 -0.426 -0.366
 -0.388 -0.297 -0.218 -0.036  0.225  0.263  0.287  0.217  0.206  0.248  0.264  0.218  0.205  0.016  0.013 -0.186 -0.273 -0.392 -0.425 -0.379 -0.259 -0.054  0.125  0.246  0.253  0.440  0.612  0.630  0.797  1.000  0.827  0.733  0.726  0.694  0.645  0.586  0.396  0.365  0.268  0.260  0.427  0.246  0.238  0.184  0.055  0.023  0.058  0.061  0.161  0.113  0.129  0.188  0.069 -0.087 -0.253 -0.353 -0.417 -0.319 -0.289 -0.379 -0.383 -0.406 -0.400 -0.297 -0.257 -0.038  0.106  0.254  0.312  0.256  0.160  0.068 -0.324 -0.427 -0.558 -0.507
 -0.400 -0.314 -0.228 -0.050  0.204  0.253  0.302  0.233  0.208  0.251  0.260  0.190  0.186 -0.004 -0.007 -0.207 -0.283 -0.395 -0.411 -0.378 -0.282 -0.103  0.087  0.222  0.177  0.284  0.569  0.662  0.630  0.827  1.000  0.829  0.704  0.736  0.775  0.718  0.557  0.480  0.400  0.356  0.465  0.287  0.254  0.217  0.083  0.064  0.104  0.100  0.188  0.135  0.151  0.182  0.061 -0.085 -0.240 -0.326 -0.382 -0.282 -0.244 -0.341 -0.345 -0.378 -0.393 -0.303 -0.251 -0.032  0.102  0.269  0.336  0.289  0.192  0.073 -0.372 -0.488 -0.632 -0.587
 -0.334 -0.246 -0.187 -0.022  0.194  0.219  0.251  0.172  0.168  0.227  0.265  0.203  0.198  0.015 -0.000 -0.179 -0.263 -0.356 -0.365 -0.357 -0.292 -0.146  0.006  0.129  0.128  0.227  0.406  0.571  0.692  0.733  0.829  1.000  0.851  0.721  0.715  0.545  0.327  0.273  0.179  0.206  0.341  0.178  0.166  0.141  0.031  0.033  0.056  0.054  0.112  0.074  0.080  0.104  0.002 -0.122 -0.246 -0.305 -0.345 -0.264 -0.226 -0.299 -0.302 -0.326 -0.327 -0.240 -0.210 -0.031  0.082  0.195  0.244  0.185  0.116  0.027 -0.330 -0.381 -0.482 -0.436
 -0.274 -0.183 -0.131  0.021  0.209  0.228  0.232  0.148  0.166  0.228  0.281  0.239  0.222  0.063  0.063 -0.107 -0.207 -0.305 -0.331 -0.328 -0.262 -0.146 -0.033  0.085  0.091  0.192  0.332  0.449  0.635  0.726  0.704  0.851  1.000  0.841  0.702  0.542  0.221  0.176  0.088  0.130  0.302  0.124  0.118  0.088 -0.016 -0.020 -0.003  0.007  0.073  0.024  0.030  0.069 -0.025 -0.142 -0.247 -0.300 -0.338 -0.272 -0.243 -0.301 -0.295 -0.305 -0.283 -0.192 -0.179 -0.014  0.083  0.164  0.207  0.160  0.086  0.008 -0.328 -0.337 -0.425 -0.390
 -0.276 -0.172 -0.121  0.023  0.188  0.228  0.236  0.158  0.178  0.231  0.273  0.237  0.214  0.078  0.085 -0.095 -0.191 -0.300 -0.330 -0.331 -0.258 -0.152 -0.034  0.078  0.061  0.150  0.350  0.417  0.501  0.694  0.736  0.721  0.841  1.000  0.881  0.769  0.433  0.323  0.257  0.237  0.378  0.179  0.149  0.115  0.007 -0.006  0.010  0.012  0.089  0.028  0.032  0.067 -0.041 -0.161 -0.261 -0.307 -0.343 -0.287 -0.253 -0.307 -0.295 -0.303 -0.277 -0.183 -0.169  0.000  0.079  0.188  0.233  0.221  0.131  0.040 -0.372 -0.388 -0.519 -0.485
 -0.309 -0.216 -0.165 -0.022  0.163  0.210  0.251  0.185  0.180  0.225  0.245  0.189  0.180  0.034  0.034 -0.141 -0.221 -0.327 -0.343 -0.340 -0.269 -0.149 -0.010  0.105  0.067  0.141  0.383  0.461  0.461  0.645  0.775  0.715  0.702  0.881  1.000  0.880  0.606  0.445  0.378  0.347  0.438  0.247  0.191  0.164  0.047  0.038  0.064  0.056  0.134  0.066  0.072  0.097 -0.018 -0.142 -0.252 -0.301 -0.340 -0.273 -0.235 -0.299 -0.294 -0.306 -0.301 -0.220 -0.191 -0.017  0.073  0.220  0.276  0.278  0.195  0.088 -0.367 -0.437 -0.589 -0.553
 -0.314 -0.241 -0.193 -0.079  0.113  0.173  0.224  0.185  0.164  0.180  0.170  0.112  0.106 -0.020 -0.000 -0.152 -0.218 -0.319 -0.336 -0.316 -0.234 -0.101  0.039  0.137  0.082  0.149  0.407  0.429  0.358  0.586  0.718  0.545  0.542  0.769  0.880  1.000  0.765  0.560  0.497  0.449  0.481  0.319  0.238  0.198  0.079  0.050  0.083  0.078  0.175  0.111  0.115  0.132  0.021 -0.098 -0.214 -0.276 -0.320 -0.246 -0.213 -0.287 -0.291 -0.307 -0.312 -0.252 -0.213 -0.042  0.063  0.232  0.295  0.329  0.244  0.148 -0.290 -0.442 -0.618 -0.582
 -0.330 -0.273 -0.222 -0.111  0.070  0.153  0.207  0.199  0.158  0.151  0.113  0.045  0.025 -0.097 -0.110 -0.243 -0.287 -0.354 -0.325 -0.306 -0.251 -0.101  0.063  0.113  0.039  0.118  0.368  0.333  0.203  0.396  0.557  0.327  0.221  0.433  0.606  0.765  1.000  0.793  0.629  0.528  0.441  0.360  0.271  0.238  0.136  0.102  0.143  0.129  0.213  0.147  0.151  0.129  0.031 -0.055 -0.173 -0.224 -0.262 -0.177 -0.130 -0.208 -0.227 -0.263 -0.300 -0.244 -0.176 -0.016  0.077  0.256  0.294  0.315  0.256  0.199 -0.154 -0.402 -0.575 -0.528
 -0.384 -0.339 -0.262 -0.138  0.083  0.175  0.261  0.251  0.190  0.185  0.147  0.042  0.032 -0.117 -0.128 -0.277 -0.319 -0.378 -0.360 -0.317 -0.240 -0.041  0.146  0.185  0.095  0.185  0.432  0.350  0.204  0.365  0.480  0.273  0.176  0.323  0.445  0.560  0.793  1.000  0.777  0.495  0.488  0.441  0.373  0.297  0.153  0.105  0.166  0.163  0.274  0.220  0.220  0.197  0.089  0.008 -0.148 -0.234 -0.283 -0.173 -0.128 -0.233 -0.270 -0.343 -0.387 -0.313 -0.238 -0.049  0.074  0.288  0.348  0.330  0.257  0.162 -0.144 -0.455 -0.575 -0.507
 -0.337 -0.311 -0.249 -0.144  0.054  0.132  0.236  0.233  0.157  0.145  0.099 -0.011 -0.005 -0.134 -0.119 -0.240 -0.257 -0.301 -0.285 -0.229 -0.173 -0.028  0.121  0.144  0.052  0.114  0.340  0.269  0.095  0.268  0.400  0.179  0.088  0.257  0.378  0.497  0.629  0.777  1.000  0.658  0.586  0.538  0.417  0.292  0.124  0.074  0.144  0.125  0.244  0.210  0.196  0.154  0.085  0.032 -0.104 -0.181 -0.212 -0.116 -0.084 -0.182 -0.234 -0.324 -0.352 -0.300 -0.239 -0.072  0.059  0.265  0.363  0.404  0.372  0.250 -0.088 -0.395 -0.548 -0.522
 -0.304 -0.254 -0.241 -0.106  0.103  0.183  0.257  0.226  0.152  0.152  0.133  0.053  0.027 -0.103 -0.111 -0.210 -0.262 -0.307 -0.293 -0.274 -0.223 -0.076  0.050  0.094  0.043  0.083  0.248  0.240  0.130  0.260  0.356  0.206  0.130  0.237  0.347  0.449  0.528  0.495  0.658  1.000  0.736  0.623  0.430  0.296  0.114  0.046  0.111  0.123  0.240  0.193  0.141  0.095  0.030 -0.039 -0.165 -0.220 -0.259 -0.171 -0.122 -0.217 -0.227 -0.292 -0.313 -0.254 -0.221 -0.073  0.091  0.279  0.422  0.545  0.622  0.601  0.140 -0.307 -0.583 -0.604
 -0.385 -0.315 -0.265 -0.069  0.199  0.293  0.388  0.331  0.239  0.258  0.239  0.152  0.124 -0.050 -0.059 -0.208 -0.283 -0.374 -0.392 -0.350 -0.250 -0.072  0.097  0.182  0.125  0.176  0.386  0.375  0.293  0.427  0.465  0.341  0.302  0.378  0.438  0.481  0.441  0.488  0.586  0.736  1.000  0.708  0.551  0.392  0.151  0.038  0.121  0.153  0.308  0.242  0.180  0.158  0.044 -0.056 -0.221 -0.312 -0.366 -0.260 -0.210 -0.325 -0.334 -0.398 -0.408 -0.309 -0.270 -0.055  0.155  0.411  0.578  0.627  0.603  0.429 -0.148 -0.394 -0.643 -0.663
 -0.357 -0.308 -0.279 -0.108  0.188  0.261  0.356  0.314  0.227  0.234  0.193  0.087  0.073 -0.107 -0.126 -0.238 -0.299 -0.350 -0.358 -0.309 -0.248 -0.067  0.077  0.110  0.061  0.129  0.268  0.236  0.156  0.246  0.287  0.178  0.124  0.179  0.247  0.319  0.360  0.441  0.538  0.623  0.708  1.000  0.756  0.493  0.195  0.020  0.102  0.149  0.335  0.307  0.213  0.124  0.044 -0.015 -0.175 -0.265 -0.296 -0.193 -0.145 -0.251 -0.294 -0.375 -0.396 -0.318 -0.284 -0.089  0.152  0.413  0.618  0.705  0.576  0.458  0.016 -0.380 -0.541 -0.551
 -0.384 -0.324 -0.272 -0.080  0.213  0.281  0.378  0.342  0.230  0.241  0.206  0.117  0.105 -0.080 -0.116 -0.253 -0.314 -0.380 -0.404 -0.342 -0.256 -0.045  0.138  0.167  0.092  0.166  0.307  0.250  0.171  0.238  0.254  0.166  0.118  0.149  0.191  0.238  0.271  0.373  0.417  0.430  0.551  0.756  1.000  0.740  0.384  0.093  0.185  0.236  0.466  0.436  0.311  0.215  0.093  0.011 -0.187 -0.303 -0.350 -0.225 -0.169 -0.298 -0.332 -0.401 -0.413 -0.319 -0.270 -0.033  0.246  0.538  0.622  0.555  0.389  0.245 -0.096 -0.375 -0.510 -0.502
 -0.401 -0.338 -0.275 -0.075  0.193  0.280  0.348  0.319  0.206  0.211  0.177  0.095  0.063 -0.123 -0.170 -0.307 -0.359 -0.409 -0.409 -0.366 -0.297 -0.095  0.070  0.135  0.043  0.083  0.245  0.196  0.108  0.184  0.217  0.141  0.088  0.115  0.164  0.198  0.238  0.297  0.292  0.296  0.392  0.493  0.740  1.000  0.692  0.318  0.422  0.467  0.546  0.401  0.282  0.202  0.090 -0.013 -0.214 -0.315 -0.353 -0.234 -0.171 -0.281 -0.289 -0.328 -0.366 -0.273 -0.208  0.030  0.304  0.590  0.542  0.423  0.276  0.130 -0.135 -0.334 -0.443 -0.436
 -0.313 -0.270 -0.226 -0.078  0.087  0.147  0.178  0.180  0.101  0.099  0.069  0.031  0.003 -0.118 -0.188 -0.276 -0.310 -0.344 -0.319 -0.300 -0.266 -0.126  0.003  0.059 -0.031 -0.006  0.114  0.060 -0.006  0.055  0.083  0.031 -0.016  0.007  0.047  0.079  0.136  0.153  0.124  0.114  0.151  0.195  0.384  0.692  1.000  0.624  0.481  0.483  0.363  0.312  0.212  0.127  0.021 -0.054 -0.202 -0.258 -0.286 -0.203 -0.135 -0.201 -0.184 -0.166 -0.228 -0.177 -0.102  0.082  0.250  0.377  0.285  0.164  0.078  0.005 -0.085 -0.155 -0.215 -0.211
 -0.221 -0.201 -0.184 -0.107 -0.015  0.025  0.064  0.068  0.036  0.045  0.023 -0.020 -0.030 -0.114 -0.150 -0.201 -0.212 -0.231 -0.205 -0.198 -0.181 -0.101 -0.016  0.039 -0.033 -0.032  0.070  0.041 -0.022  0.023  0.064  0.033 -0.020 -0.006  0.038  0.050  0.102  0.105  0.074  0.046  0.038  0.020  0.093  0.318  0.624  1.000  0.693  0.463  0.225  0.134  0.107  0.082  0.020 -0.050 -0.141 -0.177 -0.195 -0.151 -0.122 -0.149 -0.137 -0.110 -0.168 -0.157 -0.137 -0.054  0.050  0.145  0.088  0.009 -0.017 -0.066 -0.082 -0.125 -0.114 -0.103
 -0.276 -0.252 -0.215 -0.138  0.009  0.053  0.098  0.086  0.045  0.062  0.052 -0.007 -0.023 -0.133 -0.155 -0.232 -0.245 -0.267 -0.239 -0.227 -0.198 -0.081  0.025  0.073 -0.015 -0.005  0.117  0.081  0.004  0.058  0.104  0.056 -0.003  0.010  0.064  0.083  0.143  0.166  0.144  0.111  0.121  0.102  0.185  0.422  0.481  0.693  1.000  0.680  0.404  0.177  0.124  0.128  0.068 -0.007 -0.124 -0.178 -0.199 -0.137 -0.107 -0.154 -0.160 -0.158 -0.226 -0.200 -0.181 -0.095  0.037  0.187  0.156  0.072  0.042 -0.037 -0.104 -0.192 -0.201 -0.189
 -0.299 -0.270 -0.230 -0.115  0.049  0.098  0.132  0.112  0.110  0.125  0.119  0.063  0.045 -0.078 -0.123 -0.205 -0.243 -0.294 -0.297 -0.274 -0.205 -0.056  0.077  0.135  0.026  0.019  0.140  0.096  0.014  0.061  0.100  0.054  0.007  0.012  0.056  0.078  0.129  0.163  0.125  0.123  0.153  0.149  0.236  0.467  0.483  0.463  0.680  1.000  0.664  0.365  0.202  0.201  0.084 -0.015 -0.155 -0.227 -0.285 -0.211 -0.153 -0.226 -0.220 -0.221 -0.273 -0.232 -0.215 -0.088  0.030  0.173  0.188  0.123  0.074  0.002 -0.091 -0.205 -0.236 -0.234
 -0.396 -0.353 -0.278 -0.160  0.079  0.142  0.206  0.188  0.141  0.150  0.126  0.046  0.027 -0.138 -0.147 -0.272 -0.306 -0.355 -0.341 -0.287 -0.194  0.037  0.229  0.259  0.123  0.127  0.273  0.212  0.104  0.161  0.188  0.112  0.073  0.089  0.134  0.175  0.213  0.274  0.244  0.240  0.308  0.335  0.466  0.546  0.363  0.225  0.404  0.664  1.000  0.670  0.421  0.355  0.194  0.120 -0.086 -0.200 -0.276 -0.134 -0.060 -0.200 -0.235 -0.315 -0.382 -0.330 -0.284 -0.106  0.084  0.284  0.328  0.277  0.190  0.071 -0.095 -0.321 -0.406 -0.387
 -0.383 -0.391 -0.321 -0.236  0.012  0.072  0.138  0.154  0.099  0.089  0.046 -0.030 -0.058 -0.213 -0.227 -0.295 -0.289 -0.328 -0.306 -0.212 -0.094  0.186  0.382  0.374  0.219  0.181  0.282  0.225  0.106  0.113  0.135  0.074  0.024  0.028  0.066  0.111  0.147  0.220  0.210  0.193  0.242  0.307  0.436  0.401  0.312  0.134  0.177  0.365  0.670  1.000  0.757  0.559  0.328  0.298  0.054 -0.103 -0.206 -0.023  0.044 -0.148 -0.203 -0.317 -0.409 -0.393 -0.312 -0.131  0.074  0.211  0.271  0.229  0.158  0.048 -0.051 -0.273 -0.343 -0.322
 -0.406 -0.459 -0.365 -0.307 -0.019  0.045  0.119  0.144  0.088  0.066  0.007 -0.082 -0.111 -0.285 -0.269 -0.317 -0.252 -0.278 -0.243 -0.099  0.043  0.367  0.532  0.529  0.344  0.233  0.332  0.291  0.144  0.129  0.151  0.080  0.030  0.032  0.072  0.115  0.151  0.220  0.196  0.141  0.180  0.213  0.311  0.282  0.212  0.107  0.124  0.202  0.421  0.757  1.000  0.797  0.599  0.553  0.267  0.039 -0.087  0.139  0.139 -0.092 -0.171 -0.329 -0.447 -0.469 -0.338 -0.172  0.063  0.187  0.232  0.176  0.131 -0.006 -0.073 -0.317 -0.374 -0.334
 -0.364 -0.435 -0.363 -0.324 -0.046  0.007  0.089  0.119  0.076  0.060  0.006 -0.074 -0.073 -0.234 -0.187 -0.229 -0.144 -0.181 -0.188 -0.008  0.197  0.540  0.686  0.717  0.535  0.377  0.450  0.395  0.222  0.188  0.182  0.104  0.069  0.067  0.097  0.132  0.129  0.197  0.154  0.095  0.158  0.124  0.215  0.202  0.127  0.082  0.128  0.201  0.355  0.559  0.797  1.000  0.765  0.609  0.332  0.057 -0.106  0.085  0.011 -0.206 -0.257 -0.372 -0.457 -0.479 -0.388 -0.243 -0.021  0.116  0.177  0.115  0.080 -0.053 -0.127 -0.366 -0.393 -0.338
 -0.290 -0.393 -0.337 -0.374 -0.139 -0.108 -0.019  0.035 -0.010 -0.042 -0.103 -0.195 -0.191 -0.313 -0.217 -0.216 -0.081 -0.060 -0.026  0.164  0.321  0.598  0.589  0.604  0.452  0.280  0.304  0.267  0.116  0.069  0.061  0.002 -0.025 -0.041 -0.018  0.021  0.031  0.089  0.085  0.030  0.044  0.044  0.093  0.090  0.021  0.020  0.068  0.084  0.194  0.328  0.599  0.765  1.000  0.789  0.526  0.247  0.127  0.288  0.141 -0.041 -0.119 -0.255 -0.358 -0.430 -0.336 -0.285 -0.076  0.006  0.066  0.031  0.043 -0.068 -0.024 -0.262 -0.242 -0.202
 -0.228 -0.366 -0.334 -0.425 -0.248 -0.218 -0.125 -0.052 -0.084 -0.126 -0.191 -0.296 -0.302 -0.398 -0.294 -0.224 -0.056  0.025  0.114  0.318  0.431  0.654  0.549  0.452  0.335  0.162  0.122  0.097 -0.026 -0.087 -0.085 -0.122 -0.142 -0.161 -0.142 -0.098 -0.055  0.008  0.032 -0.039 -0.056 -0.015  0.011 -0.013 -0.054 -0.050 -0.007 -0.015  0.120  0.298  0.553  0.609  0.789  1.000  0.761  0.462  0.349  0.514  0.321  0.140  0.024 -0.151 -0.280 -0.383 -0.286 -0.310 -0.140 -0.101 -0.047 -0.049 -0.010 -0.093  0.075 -0.130 -0.083 -0.065
 -0.034 -0.192 -0.211 -0.380 -0.336 -0.338 -0.277 -0.194 -0.192 -0.237 -0.289 -0.351 -0.338 -0.344 -0.224 -0.072  0.121  0.258  0.389  0.559  0.590  0.598  0.383  0.266  0.220  0.017 -0.070 -0.071 -0.175 -0.253 -0.240 -0.246 -0.247 -0.261 -0.252 -0.214 -0.173 -0.148 -0.104 -0.165 -0.221 -0.175 -0.187 -0.214 -0.202 -0.141 -0.124 -0.155 -0.086  0.054  0.267  0.332  0.526  0.761  1.000  0.748  0.613  0.654  0.420  0.325  0.211  0.031 -0.086 -0.225 -0.158 -0.292 -0.239 -0.274 -0.241 -0.200 -0.124 -0.144  0.114  0.024  0.139  0.142
  0.106 -0.014 -0.063 -0.257 -0.356 -0.366 -0.350 -0.270 -0.243 -0.280 -0.306 -0.328 -0.321 -0.247 -0.169  0.000  0.158  0.321  0.525  0.531  0.447  0.338  0.149  0.022  0.016 -0.129 -0.236 -0.228 -0.283 -0.353 -0.326 -0.305 -0.300 -0.307 -0.301 -0.276 -0.224 -0.234 -0.181 -0.220 -0.312 -0.265 -0.303 -0.315 -0.258 -0.177 -0.178 -0.227 -0.200 -0.103  0.039  0.057  0.247  0.462  0.748  1.000  0.780  0.654  0.550  0.540  0.485  0.249  0.125 -0.024  0.016 -0.183 -0.259 -0.345 -0.357 -0.286 -0.187 -0.149  0.128  0.179  0.284  0.258
  0.158  0.033 -0.027 -0.248 -0.395 -0.427 -0.406 -0.330 -0.296 -0.342 -0.369 -0.388 -0.383 -0.281 -0.195 -0.010  0.144  0.361  0.579  0.587  0.393  0.219 -0.013 -0.147 -0.126 -0.232 -0.359 -0.340 -0.358 -0.417 -0.382 -0.345 -0.338 -0.343 -0.340 -0.320 -0.262 -0.283 -0.212 -0.259 -0.366 -0.296 -0.350 -0.353 -0.286 -0.195 -0.199 -0.285 -0.276 -0.206 -0.087 -0.106  0.127  0.349  0.613  0.780  1.000  0.817  0.624  0.681  0.508  0.325  0.209  0.050  0.090 -0.157 -0.258 -0.382 -0.412 -0.331 -0.208 -0.155  0.195  0.273  0.420  0.383
 -0.019 -0.147 -0.138 -0.311 -0.355 -0.361 -0.315 -0.248 -0.237 -0.289 -0.332 -0.381 -0.400 -0.380 -0.305 -0.173 -0.013  0.190  0.390  0.451  0.295  0.260  0.091 -0.033 -0.072 -0.171 -0.249 -0.243 -0.278 -0.319 -0.282 -0.264 -0.272 -0.287 -0.273 -0.246 -0.177 -0.173 -0.116 -0.171 -0.260 -0.193 -0.225 -0.234 -0.203 -0.151 -0.137 -0.211 -0.134 -0.023  0.139  0.085  0.288  0.514  0.654  0.654  0.817  1.000  0.794  0.665  0.424  0.213  0.062 -0.085  0.009 -0.181 -0.196 -0.280 -0.287 -0.231 -0.120 -0.124  0.178  0.158  0.272  0.246
 -0.049 -0.112 -0.075 -0.212 -0.289 -0.281 -0.261 -0.207 -0.201 -0.246 -0.275 -0.308 -0.339 -0.311 -0.287 -0.225 -0.113  0.060  0.252  0.267  0.090  0.067 -0.011 -0.110 -0.166 -0.215 -0.253 -0.254 -0.271 -0.289 -0.244 -0.226 -0.243 -0.253 -0.235 -0.213 -0.130 -0.128 -0.084 -0.122 -0.210 -0.145 -0.169 -0.171 -0.135 -0.122 -0.107 -0.153 -0.060  0.044  0.139  0.011  0.141  0.321  0.420  0.550  0.624  0.794  1.000  0.769  0.588  0.299  0.127 -0.008  0.089 -0.081 -0.129 -0.210 -0.238 -0.181 -0.083 -0.083  0.152  0.163  0.226  0.194
  0.110  0.056  0.039 -0.142 -0.319 -0.336 -0.354 -0.295 -0.266 -0.308 -0.318 -0.318 -0.338 -0.243 -0.222 -0.123 -0.035  0.161  0.352  0.320  0.095 -0.027 -0.159 -0.272 -0.271 -0.294 -0.386 -0.379 -0.352 -0.379 -0.341 -0.299 -0.301 -0.307 -0.299 -0.287 -0.208 -0.233 -0.182 -0.217 -0.325 -0.251 -0.298 -0.281 -0.201 -0.149 -0.154 -0.226 -0.200 -0.148 -0.092 -0.206 -0.041  0.140  0.325  0.540  0.681  0.665  0.769  1.000  0.761  0.479  0.307  0.154  0.215 -0.025 -0.161 -0.299 -0.360 -0.297 -0.185 -0.130  0.183  0.297  0.405  0.362
  0.201  0.191  0.163 -0.037 -0.275 -0.305 -0.353 -0.300 -0.268 -0.303 -0.303 -0.271 -0.286 -0.137 -0.116 -0.023  0.029  0.162  0.309  0.238  0.054 -0.090 -0.211 -0.292 -0.278 -0.308 -0.392 -0.377 -0.352 -0.383 -0.345 -0.302 -0.295 -0.295 -0.294 -0.291 -0.227 -0.270 -0.234 -0.227 -0.334 -0.294 -0.332 -0.289 -0.184 -0.137 -0.160 -0.220 -0.235 -0.203 -0.171 -0.257 -0.119  0.024  0.211  0.485  0.508  0.424  0.588  0.761  1.000  0.716  0.486  0.305  0.360  0.077 -0.111 -0.273 -0.369 -0.305 -0.196 -0.117  0.154  0.318  0.401  0.354
  0.395  0.369  0.293  0.063 -0.262 -0.319 -0.373 -0.316 -0.283 -0.317 -0.318 -0.240 -0.240 -0.025  0.000  0.140  0.156  0.238  0.295  0.170  0.015 -0.183 -0.307 -0.364 -0.314 -0.334 -0.431 -0.414 -0.376 -0.406 -0.378 -0.326 -0.305 -0.303 -0.306 -0.307 -0.263 -0.343 -0.324 -0.292 -0.398 -0.375 -0.401 -0.328 -0.166 -0.110 -0.158 -0.221 -0.315 -0.317 -0.329 -0.372 -0.255 -0.151  0.031  0.249  0.325  0.213  0.299  0.479  0.716  1.000  0.740  0.491  0.488  0.150 -0.110 -0.302 -0.417 -0.360 -0.259 -0.155  0.153  0.375  0.494  0.458
  0.578  0.579  0.451  0.210 -0.206 -0.288 -0.364 -0.327 -0.277 -0.301 -0.281 -0.170 -0.156  0.119  0.172  0.347  0.322  0.345  0.285  0.136  0.027 -0.227 -0.361 -0.403 -0.316 -0.334 -0.446 -0.421 -0.362 -0.400 -0.393 -0.327 -0.283 -0.277 -0.301 -0.312 -0.300 -0.387 -0.352 -0.313 -0.408 -0.396 -0.413 -0.366 -0.228 -0.168 -0.226 -0.273 -0.382 -0.409 -0.447 -0.457 -0.358 -0.280 -0.086  0.125  0.209  0.062  0.127  0.307  0.486  0.740  1.000  0.768  0.570  0.235 -0.094 -0.293 -0.425 -0.362 -0.276 -0.140  0.137  0.395  0.510  0.466
  0.468  0.599  0.505  0.416 -0.017 -0.101 -0.228 -0.232 -0.208 -0.208 -0.149 -0.010 -0.006  0.260  0.248  0.306  0.215  0.202  0.150 -0.016 -0.109 -0.327 -0.411 -0.430 -0.336 -0.302 -0.386 -0.367 -0.281 -0.297 -0.303 -0.240 -0.192 -0.183 -0.220 -0.252 -0.244 -0.313 -0.300 -0.254 -0.309 -0.318 -0.319 -0.273 -0.177 -0.157 -0.200 -0.232 -0.330 -0.393 -0.469 -0.479 -0.430 -0.383 -0.225 -0.024  0.050 -0.085 -0.008  0.154  0.305  0.491  0.768  1.000  0.747  0.438  0.071 -0.145 -0.302 -0.264 -0.209 -0.095  0.075  0.327  0.401  0.354
  0.261  0.343  0.410  0.420  0.070 -0.003 -0.167 -0.183 -0.196 -0.200 -0.139 -0.005 -0.035  0.152  0.088  0.071  0.055  0.071  0.110 -0.028 -0.155 -0.327 -0.376 -0.389 -0.361 -0.323 -0.356 -0.352 -0.280 -0.257 -0.251 -0.210 -0.179 -0.169 -0.191 -0.213 -0.176 -0.238 -0.239 -0.221 -0.270 -0.284 -0.270 -0.208 -0.102 -0.137 -0.181 -0.215 -0.284 -0.312 -0.338 -0.388 -0.336 -0.286 -0.158  0.016  0.090  0.009  0.089  0.215  0.360  0.488  0.570  0.747  1.000  0.635  0.265 -0.031 -0.220 -0.220 -0.171 -0.100  0.050  0.286  0.336  0.295
  0.021  0.142  0.281  0.553  0.341  0.337  0.135  0.073  0.011  0.035  0.097  0.204  0.136  0.212  0.077 -0.037 -0.091 -0.140 -0.119 -0.237 -0.295 -0.359 -0.309 -0.258 -0.260 -0.202 -0.139 -0.146 -0.096 -0.038 -0.032 -0.031 -0.014  0.000 -0.017 -0.042 -0.016 -0.049 -0.072 -0.073 -0.055 -0.089 -0.033  0.030  0.082 -0.054 -0.095 -0.088 -0.106 -0.131 -0.172 -0.243 -0.285 -0.310 -0.292 -0.183 -0.157 -0.181 -0.081 -0.025  0.077  0.150  0.235  0.438  0.635  1.000  0.632  0.280  0.075 -0.005 -0.034 -0.027 -0.097  0.091  0.026 -0.003
 -0.206 -0.089  0.065  0.364  0.509  0.469  0.313  0.237  0.095  0.118  0.157  0.201  0.155  0.057 -0.023 -0.187 -0.245 -0.293 -0.283 -0.296 -0.302 -0.230 -0.146 -0.076 -0.121 -0.078  0.040  0.030  0.041  0.106  0.102  0.082  0.083  0.079  0.073  0.063  0.077  0.074  0.059  0.091  0.155  0.152  0.246  0.304  0.250  0.050  0.037  0.030  0.084  0.074  0.063 -0.021 -0.076 -0.140 -0.239 -0.259 -0.258 -0.196 -0.129 -0.161 -0.111 -0.110 -0.094  0.071  0.265  0.632  1.000  0.621  0.405  0.249  0.156  0.071 -0.102 -0.125 -0.216 -0.225
 -0.366 -0.262 -0.160  0.140  0.440  0.553  0.564  0.502  0.306  0.325  0.300  0.246  0.190 -0.011 -0.101 -0.264 -0.348 -0.424 -0.419 -0.408 -0.349 -0.179 -0.013  0.077  0.003  0.045  0.229  0.199  0.153  0.254  0.269  0.195  0.164  0.188  0.220  0.232  0.256  0.288  0.265  0.279  0.411  0.413  0.538  0.590  0.377  0.145  0.187  0.173  0.284  0.211  0.187  0.116  0.006 -0.101 -0.274 -0.345 -0.382 -0.280 -0.210 -0.299 -0.273 -0.302 -0.293 -0.145 -0.031  0.280  0.621  1.000  0.765  0.520  0.332  0.145 -0.218 -0.336 -0.497 -0.485
 -0.419 -0.328 -0.237  0.063  0.463  0.573  0.665  0.564  0.367  0.406  0.373  0.280  0.251  0.006 -0.065 -0.234 -0.328 -0.427 -0.448 -0.399 -0.304 -0.100  0.066  0.160  0.089  0.121  0.305  0.290  0.218  0.312  0.336  0.244  0.207  0.233  0.276  0.295  0.294  0.348  0.363  0.422  0.578  0.618  0.622  0.542  0.285  0.088  0.156  0.188  0.328  0.271  0.232  0.177  0.066 -0.047 -0.241 -0.357 -0.412 -0.287 -0.238 -0.360 -0.369 -0.417 -0.425 -0.302 -0.220  0.075  0.405  0.765  1.000  0.745  0.512  0.283 -0.203 -0.424 -0.622 -0.612
 -0.347 -0.280 -0.231  0.003  0.304  0.410  0.495  0.423  0.292  0.313  0.295  0.211  0.159 -0.025 -0.082 -0.200 -0.277 -0.351 -0.358 -0.326 -0.253 -0.088  0.037  0.103  0.058  0.081  0.224  0.216  0.151  0.256  0.289  0.185  0.160  0.221  0.278  0.329  0.315  0.330  0.404  0.545  0.627  0.705  0.555  0.423  0.164  0.009  0.072  0.123  0.277  0.229  0.176  0.115  0.031 -0.049 -0.200 -0.286 -0.331 -0.231 -0.181 -0.297 -0.305 -0.360 -0.362 -0.264 -0.220 -0.005  0.249  0.520  0.745  1.000  0.781  0.529 -0.024 -0.350 -0.590 -0.614
 -0.278 -0.235 -0.205 -0.045  0.166  0.250  0.310  0.250  0.140  0.153  0.155  0.088  0.047 -0.084 -0.111 -0.192 -0.237 -0.272 -0.255 -0.228 -0.191 -0.058  0.026  0.066  0.034  0.039  0.138  0.142  0.086  0.160  0.192  0.116  0.086  0.131  0.195  0.244  0.256  0.257  0.372  0.622  0.603  0.576  0.389  0.276  0.078 -0.017  0.042  0.074  0.190  0.158  0.131  0.080  0.043 -0.010 -0.124 -0.187 -0.208 -0.120 -0.083 -0.185 -0.196 -0.259 -0.276 -0.209 -0.171 -0.034  0.156  0.332  0.512  0.781  1.000  0.749  0.196 -0.179 -0.485 -0.549
 -0.126 -0.098 -0.123 -0.023  0.074  0.125  0.140  0.090  0.049  0.060  0.080  0.030  0.010 -0.051 -0.082 -0.103 -0.145 -0.163 -0.163 -0.171 -0.156 -0.091 -0.048 -0.052 -0.033  0.002  0.022  0.024  0.019  0.068  0.073  0.027  0.008  0.040  0.088  0.148  0.199  0.162  0.250  0.601  0.429  0.458  0.245  0.130  0.005 -0.066 -0.037  0.002  0.071  0.048 -0.006 -0.053 -0.068 -0.093 -0.144 -0.149 -0.155 -0.124 -0.083 -0.130 -0.117 -0.155 -0.140 -0.095 -0.100 -0.027  0.071  0.145  0.283  0.529  0.749  1.000  0.510  0.053 -0.325 -0.432
  0.137  0.084 -0.000 -0.136 -0.226 -0.268 -0.294 -0.248 -0.257 -0.296 -0.273 -0.271 -0.264 -0.191 -0.151 -0.047  0.008  0.114  0.151  0.168  0.088  0.056 -0.052 -0.172 -0.111 -0.094 -0.270 -0.292 -0.247 -0.324 -0.372 -0.330 -0.328 -0.372 -0.367 -0.290 -0.154 -0.144 -0.088  0.140 -0.148  0.016 -0.096 -0.135 -0.085 -0.082 -0.104 -0.091 -0.095 -0.051 -0.073 -0.127 -0.024  0.075  0.114  0.128  0.195  0.178  0.152  0.183  0.154  0.153  0.137  0.075  0.050 -0.097 -0.102 -0.218 -0.203 -0.024  0.196  0.510  1.000  0.379  0.231  0.134
  0.343  0.263  0.194  0.062 -0.224 -0.285 -0.404 -0.338 -0.311 -0.349 -0.312 -0.204 -0.226 -0.023 -0.058  0.126  0.181  0.279  0.338  0.238  0.083 -0.144 -0.286 -0.372 -0.286 -0.290 -0.483 -0.481 -0.352 -0.427 -0.488 -0.381 -0.337 -0.388 -0.437 -0.442 -0.402 -0.455 -0.395 -0.307 -0.394 -0.380 -0.375 -0.334 -0.155 -0.125 -0.192 -0.205 -0.321 -0.273 -0.317 -0.366 -0.262 -0.130  0.024  0.179  0.273  0.158  0.163  0.297  0.318  0.375  0.395  0.327  0.286  0.091 -0.125 -0.336 -0.424 -0.350 -0.179  0.053  0.379  1.000  0.644  0.412
  0.466  0.364  0.285  0.020 -0.333 -0.459 -0.566 -0.503 -0.440 -0.489 -0.446 -0.319 -0.292 -0.042 -0.015  0.181  0.264  0.417  0.454  0.392  0.205 -0.070 -0.278 -0.395 -0.302 -0.309 -0.561 -0.559 -0.426 -0.558 -0.632 -0.482 -0.425 -0.519 -0.589 -0.618 -0.575 -0.575 -0.548 -0.583 -0.643 -0.541 -0.510 -0.443 -0.215 -0.114 -0.201 -0.236 -0.406 -0.343 -0.374 -0.393 -0.242 -0.083  0.139  0.284  0.420  0.272  0.226  0.405  0.401  0.494  0.510  0.401  0.336  0.026 -0.216 -0.497 -0.622 -0.590 -0.485 -0.325  0.231  0.644  1.000  0.830
