  1.000  0.729  0.418  0.201 -0.171 -0.276 -0.325 -0.234 -0.179 -0.218 -0.274 -0.220 -0.130  0.115  0.244  0.583  0.532  0.481  0.301  0.178  0.151 -0.047 -0.207 -0.251 -0.116 -0.166 -0.282 -0.267 -0.251 -0.312 -0.318 -0.293 -0.243 -0.219 -0.254 -0.232 -0.180 -0.264 -0.176 -0.197 -0.305 -0.254 -0.309 -0.309 -0.265 -0.179 -0.189 -0.241 -0.328 -0.360 -0.360 -0.319 -0.219 -0.166 -0.024  0.081  0.118 -0.033 -0.069  0.072  0.159  0.293  0.527  0.432  0.166  0.027 -0.146 -0.278 -0.349 -0.283 -0.195 -0.061  0.248  0.288  0.378  0.403
  0.729  1.000  0.639  0.375 -0.078 -0.234 -0.315 -0.267 -0.236 -0.257 -0.266 -0.158 -0.067  0.201  0.446  0.532  0.348  0.351  0.190  0.058  0.021 -0.161 -0.294 -0.342 -0.193 -0.171 -0.265 -0.257 -0.241 -0.285 -0.266 -0.255 -0.214 -0.143 -0.190 -0.182 -0.121 -0.189 -0.075 -0.151 -0.250 -0.209 -0.253 -0.246 -0.239 -0.165 -0.158 -0.220 -0.286 -0.360 -0.411 -0.399 -0.313 -0.271 -0.142  0.005  0.050 -0.113 -0.089  0.061  0.177  0.279  0.563  0.629  0.297  0.154 -0.044 -0.217 -0.319 -0.256 -0.184 -0.088  0.227  0.190  0.354  0.356
  0.418  0.639  1.000  0.585  0.126 -0.081 -0.213 -0.286 -0.270 -0.264 -0.162 -0.029  0.087  0.306  0.526  0.303  0.245  0.177  0.066 -0.067 -0.119 -0.271 -0.331 -0.342 -0.306 -0.265 -0.276 -0.277 -0.283 -0.214 -0.151 -0.191 -0.152 -0.043 -0.075 -0.057 -0.040 -0.065 -0.034 -0.119 -0.196 -0.214 -0.238 -0.208 -0.194 -0.118 -0.088 -0.137 -0.171 -0.274 -0.313 -0.336 -0.292 -0.288 -0.201 -0.071 -0.012 -0.092 -0.032  0.070  0.164  0.240  0.399  0.473  0.424  0.282  0.083 -0.144 -0.236 -0.241 -0.203 -0.148  0.041  0.088  0.303  0.308
  0.201  0.375  0.585  1.000  0.525  0.294  0.062 -0.062 -0.124 -0.053  0.134  0.308  0.356  0.467  0.344  0.215  0.129  0.038 -0.062 -0.171 -0.192 -0.284 -0.299 -0.267 -0.222 -0.192 -0.215 -0.202 -0.183 -0.205 -0.194 -0.173 -0.161 -0.139 -0.186 -0.197 -0.133 -0.106 -0.095 -0.134 -0.175 -0.137 -0.120 -0.105 -0.116 -0.107 -0.109 -0.086 -0.144 -0.196 -0.248 -0.273 -0.288 -0.319 -0.277 -0.196 -0.174 -0.232 -0.145 -0.095 -0.036  0.030  0.190  0.361  0.383  0.501  0.302  0.039 -0.048 -0.100 -0.097 -0.063  0.048  0.132  0.226  0.187
 -0.171 -0.078  0.126  0.525  1.000  0.729  0.445  0.239  0.092  0.186  0.344  0.493  0.538  0.330  0.124 -0.032 -0.076 -0.179 -0.217 -0.236 -0.216 -0.181 -0.123 -0.042 -0.079 -0.074 -0.032 -0.015 -0.017 -0.011 -0.019 -0.016 -0.022 -0.050 -0.057 -0.077 -0.080 -0.026 -0.037 -0.013  0.050  0.095  0.117  0.101  0.045 -0.022 -0.033  0.019  0.038  0.019  0.006 -0.023 -0.089 -0.159 -0.222 -0.255 -0.286 -0.244 -0.189 -0.237 -0.225 -0.212 -0.197 -0.086  0.072  0.292  0.422  0.321  0.353  0.208  0.098  0.033 -0.124 -0.075 -0.097 -0.126
 -0.276 -0.234 -0.081  0.294  0.729  1.000  0.696  0.476  0.304  0.393  0.484  0.564  0.450  0.205 -0.067 -0.132 -0.151 -0.261 -0.287 -0.287 -0.237 -0.166 -0.078  0.007 -0.047 -0.051 -0.000 -0.004  0.014  0.015 -0.015  0.003  0.008 -0.025 -0.037 -0.045 -0.040  0.041 -0.007  0.047  0.124  0.158  0.187  0.170  0.092 -0.003 -0.031  0.038  0.072  0.081  0.076  0.036 -0.068 -0.143 -0.233 -0.279 -0.331 -0.261 -0.199 -0.272 -0.276 -0.279 -0.286 -0.205 -0.038  0.247  0.363  0.430  0.470  0.332  0.190  0.095 -0.161 -0.102 -0.197 -0.234
 -0.325 -0.315 -0.213  0.062  0.445  0.696  1.000  0.741  0.498  0.602  0.534  0.404  0.320  0.088 -0.129 -0.165 -0.174 -0.265 -0.293 -0.266 -0.184 -0.072  0.020  0.093  0.040  0.023  0.083  0.077  0.052  0.046  0.032  0.027  0.011 -0.014  0.005 -0.006 -0.017  0.092  0.049  0.114  0.223  0.265  0.276  0.245  0.132  0.027  0.012  0.084  0.137  0.151  0.146  0.126  0.017 -0.055 -0.171 -0.252 -0.311 -0.220 -0.182 -0.280 -0.307 -0.310 -0.341 -0.305 -0.200  0.025  0.188  0.447  0.590  0.447  0.271  0.151 -0.210 -0.181 -0.345 -0.386
 -0.234 -0.267 -0.286 -0.062  0.239  0.476  0.741  1.000  0.748  0.655  0.384  0.215  0.112 -0.039 -0.212 -0.122 -0.132 -0.195 -0.257 -0.204 -0.092  0.014  0.069  0.122  0.099  0.085  0.120  0.095  0.072  0.051  0.017  0.017  0.001 -0.040 -0.003 -0.031 -0.037  0.042  0.023  0.024  0.147  0.199  0.228  0.199  0.104  0.004 -0.038  0.019  0.058  0.127  0.150  0.138  0.053  0.008 -0.099 -0.178 -0.252 -0.180 -0.171 -0.240 -0.259 -0.264 -0.278 -0.266 -0.239 -0.043  0.111  0.388  0.467  0.359  0.182  0.106 -0.151 -0.143 -0.331 -0.334
 -0.179 -0.236 -0.270 -0.124  0.092  0.304  0.498  0.748  1.000  0.822  0.396  0.223  0.076 -0.038 -0.174 -0.057 -0.086 -0.149 -0.189 -0.146 -0.059  0.020  0.063  0.107  0.072  0.068  0.100  0.050  0.038  0.055  0.012  0.003  0.008 -0.033 -0.012 -0.021 -0.032 -0.008 -0.032 -0.023  0.046  0.081  0.092  0.069  0.022 -0.021 -0.063  0.013  0.032  0.096  0.125  0.121  0.055  0.024 -0.056 -0.111 -0.185 -0.136 -0.122 -0.180 -0.199 -0.206 -0.236 -0.255 -0.241 -0.103 -0.026  0.161  0.228  0.175  0.047  0.031 -0.146 -0.107 -0.245 -0.249
 -0.218 -0.257 -0.264 -0.053  0.186  0.393  0.602  0.655  0.822  1.000  0.663  0.444  0.282  0.117 -0.112 -0.035 -0.088 -0.169 -0.204 -0.181 -0.087 -0.009  0.049  0.109  0.064  0.038  0.071  0.039  0.017  0.009 -0.021 -0.014 -0.019 -0.068 -0.044 -0.075 -0.051  0.004 -0.038 -0.046  0.024  0.073  0.089  0.064  0.035  0.005 -0.033  0.063  0.055  0.097  0.113  0.113  0.028 -0.004 -0.082 -0.132 -0.219 -0.175 -0.150 -0.211 -0.232 -0.232 -0.257 -0.268 -0.249 -0.096 -0.038  0.155  0.250  0.182  0.046  0.017 -0.181 -0.103 -0.241 -0.272
 -0.274 -0.266 -0.162  0.134  0.344  0.484  0.534  0.384  0.396  0.663  1.000  0.794  0.594  0.354  0.012 -0.036 -0.110 -0.189 -0.222 -0.242 -0.151 -0.067  0.010  0.074  0.036  0.003  0.007  0.026  0.038 -0.003 -0.034  0.033  0.025 -0.062 -0.077 -0.151 -0.104  0.057 -0.060 -0.080 -0.003  0.044  0.088  0.072  0.053  0.030  0.009  0.121  0.099  0.100  0.087  0.096 -0.009 -0.059 -0.141 -0.173 -0.261 -0.212 -0.151 -0.229 -0.254 -0.274 -0.288 -0.239 -0.165 -0.018  0.002  0.128  0.213  0.137  0.022 -0.023 -0.174 -0.075 -0.170 -0.233
 -0.220 -0.158 -0.029  0.308  0.493  0.564  0.404  0.215  0.223  0.444  0.794  1.000  0.755  0.487  0.103  0.031 -0.062 -0.163 -0.209 -0.261 -0.181 -0.127 -0.043  0.031  0.003 -0.014 -0.016 -0.009  0.012 -0.035 -0.078 -0.027 -0.019 -0.083 -0.119 -0.178 -0.121  0.013 -0.094 -0.076 -0.036  0.005  0.051  0.032  0.028  0.004 -0.021  0.088  0.059  0.044  0.021  0.028 -0.071 -0.147 -0.203 -0.209 -0.288 -0.268 -0.193 -0.246 -0.247 -0.240 -0.233 -0.136 -0.062  0.096  0.072  0.102  0.168  0.091  0.005 -0.032 -0.171 -0.056 -0.059 -0.115
 -0.130 -0.067  0.087  0.356  0.538  0.450  0.320  0.112  0.076  0.282  0.594  0.755  1.000  0.689  0.291  0.142  0.048 -0.067 -0.132 -0.186 -0.103 -0.086 -0.030  0.050  0.034  0.000 -0.003  0.037 -0.011 -0.075 -0.077 -0.045 -0.067 -0.125 -0.141 -0.202 -0.178 -0.044 -0.106 -0.122 -0.075 -0.023  0.009 -0.009  0.012  0.030  0.013  0.093  0.026  0.002 -0.005  0.032 -0.062 -0.134 -0.167 -0.170 -0.242 -0.251 -0.206 -0.232 -0.221 -0.199 -0.174 -0.097 -0.064  0.041  0.022  0.043  0.120  0.031 -0.038 -0.067 -0.175 -0.062 -0.032 -0.067
  0.115  0.201  0.306  0.467  0.330  0.205  0.088 -0.039 -0.038  0.117  0.354  0.487  0.689  1.000  0.554  0.405  0.250  0.105  0.007 -0.099 -0.050 -0.125 -0.105 -0.029 -0.024 -0.053 -0.050 -0.046 -0.125 -0.186 -0.178 -0.207 -0.212 -0.193 -0.201 -0.219 -0.157 -0.077 -0.099 -0.167 -0.189 -0.151 -0.133 -0.140 -0.094 -0.008 -0.003  0.025 -0.073 -0.152 -0.171 -0.107 -0.148 -0.224 -0.191 -0.138 -0.172 -0.257 -0.219 -0.173 -0.122 -0.038  0.059  0.153  0.079  0.105 -0.053 -0.119 -0.083 -0.126 -0.168 -0.143 -0.122  0.041  0.140  0.099
  0.244  0.446  0.526  0.344  0.124 -0.067 -0.129 -0.212 -0.174 -0.112  0.012  0.103  0.291  0.554  1.000  0.555  0.353  0.229  0.115 -0.001 -0.016 -0.139 -0.161 -0.133 -0.118 -0.039 -0.015 -0.062 -0.171 -0.102 -0.067 -0.186 -0.162 -0.028 -0.031 -0.021 -0.057 -0.065  0.029 -0.093 -0.131 -0.146 -0.164 -0.162 -0.184 -0.037  0.030 -0.045 -0.092 -0.244 -0.268 -0.205 -0.173 -0.229 -0.156 -0.055 -0.033 -0.154 -0.134 -0.040  0.040  0.103  0.235  0.342  0.205  0.084 -0.062 -0.166 -0.179 -0.190 -0.209 -0.201 -0.104 -0.099  0.132  0.109
  0.583  0.532  0.303  0.215 -0.032 -0.132 -0.165 -0.122 -0.057 -0.035 -0.036  0.031  0.142  0.405  0.555  1.000  0.738  0.497  0.307  0.195  0.255  0.086 -0.041 -0.026  0.065  0.011 -0.063 -0.113 -0.208 -0.285 -0.333 -0.391 -0.335 -0.291 -0.323 -0.286 -0.263 -0.293 -0.204 -0.228 -0.309 -0.233 -0.246 -0.252 -0.214 -0.106 -0.101 -0.113 -0.211 -0.254 -0.236 -0.149 -0.081 -0.090  0.041  0.104  0.056 -0.101 -0.163 -0.078  0.016  0.139  0.344  0.298  0.006 -0.054 -0.208 -0.272 -0.256 -0.218 -0.201 -0.120  0.058  0.161  0.236  0.218
  0.532  0.348  0.245  0.129 -0.076 -0.151 -0.174 -0.132 -0.086 -0.088 -0.110 -0.062  0.048  0.250  0.353  0.738  1.000  0.737  0.445  0.342  0.432  0.212  0.041  0.053  0.134  0.029 -0.055 -0.080 -0.172 -0.250 -0.295 -0.342 -0.295 -0.273 -0.299 -0.265 -0.297 -0.336 -0.259 -0.274 -0.352 -0.291 -0.302 -0.287 -0.237 -0.108 -0.097 -0.124 -0.216 -0.242 -0.171 -0.065  0.033  0.049  0.185  0.202  0.156  0.016 -0.097 -0.041  0.029  0.113  0.267  0.168 -0.025 -0.085 -0.225 -0.304 -0.277 -0.240 -0.208 -0.147  0.009  0.166  0.231  0.215
  0.481  0.351  0.177  0.038 -0.179 -0.261 -0.265 -0.195 -0.149 -0.169 -0.189 -0.163 -0.067  0.105  0.229  0.497  0.737  1.000  0.690  0.552  0.548  0.272  0.026  0.005  0.140 -0.002 -0.131 -0.115 -0.203 -0.299 -0.315 -0.333 -0.304 -0.292 -0.316 -0.299 -0.297 -0.321 -0.243 -0.290 -0.366 -0.298 -0.315 -0.314 -0.273 -0.141 -0.122 -0.190 -0.258 -0.293 -0.215 -0.107  0.040  0.107  0.298  0.340  0.358  0.197  0.058  0.129  0.137  0.160  0.269  0.182 -0.018 -0.128 -0.254 -0.346 -0.338 -0.298 -0.225 -0.181  0.063  0.188  0.292  0.270
  0.301  0.190  0.066 -0.062 -0.217 -0.287 -0.293 -0.257 -0.189 -0.204 -0.222 -0.209 -0.132  0.007  0.115  0.307  0.445  0.690  1.000  0.705  0.499  0.239  0.027 -0.024  0.058 -0.067 -0.169 -0.140 -0.234 -0.316 -0.281 -0.309 -0.306 -0.288 -0.283 -0.251 -0.211 -0.261 -0.176 -0.207 -0.297 -0.249 -0.301 -0.313 -0.271 -0.167 -0.143 -0.228 -0.254 -0.260 -0.169 -0.098  0.073  0.195  0.427  0.526  0.570  0.394  0.235  0.303  0.264  0.200  0.178  0.089 -0.002 -0.123 -0.237 -0.347 -0.331 -0.268 -0.165 -0.134  0.107  0.210  0.260  0.229
  0.178  0.058 -0.067 -0.171 -0.236 -0.287 -0.266 -0.204 -0.146 -0.181 -0.242 -0.261 -0.186 -0.099 -0.001  0.195  0.342  0.552  0.705  1.000  0.743  0.463  0.209  0.153  0.225  0.056 -0.062 -0.027 -0.140 -0.244 -0.233 -0.263 -0.280 -0.293 -0.278 -0.245 -0.240 -0.291 -0.190 -0.217 -0.281 -0.230 -0.260 -0.282 -0.244 -0.147 -0.135 -0.205 -0.216 -0.173 -0.039  0.059  0.239  0.368  0.577  0.534  0.572  0.448  0.261  0.288  0.224  0.127  0.073 -0.041 -0.110 -0.197 -0.228 -0.319 -0.276 -0.223 -0.133 -0.127  0.092  0.145  0.180  0.153
  0.151  0.021 -0.119 -0.192 -0.216 -0.237 -0.184 -0.092 -0.059 -0.087 -0.151 -0.181 -0.103 -0.050 -0.016  0.255  0.432  0.548  0.499  0.743  1.000  0.758  0.456  0.396  0.483  0.267  0.103  0.121 -0.025 -0.191 -0.238 -0.267 -0.275 -0.312 -0.298 -0.280 -0.304 -0.303 -0.218 -0.227 -0.254 -0.195 -0.182 -0.207 -0.169 -0.099 -0.102 -0.125 -0.135 -0.043  0.111  0.261  0.390  0.487  0.610  0.467  0.388  0.303  0.098  0.076  0.059  0.006 -0.008 -0.104 -0.230 -0.269 -0.264 -0.281 -0.199 -0.160 -0.113 -0.120  0.022  0.034  0.038  0.034
 -0.047 -0.161 -0.271 -0.284 -0.181 -0.166 -0.072  0.014  0.020 -0.009 -0.067 -0.127 -0.086 -0.125 -0.139  0.086  0.212  0.272  0.239  0.463  0.758  1.000  0.746  0.650  0.681  0.487  0.301  0.285  0.135 -0.045 -0.121 -0.149 -0.166 -0.232 -0.214 -0.220 -0.277 -0.205 -0.169 -0.137 -0.112 -0.067 -0.013 -0.052 -0.046 -0.054 -0.057 -0.023  0.030  0.192  0.371  0.547  0.600  0.649  0.603  0.377  0.229  0.248  0.058 -0.042 -0.059 -0.123 -0.185 -0.257 -0.340 -0.314 -0.223 -0.163 -0.052 -0.031 -0.018 -0.063 -0.039 -0.124 -0.180 -0.170
 -0.207 -0.294 -0.331 -0.299 -0.123 -0.078  0.020  0.069  0.063  0.049  0.010 -0.043 -0.030 -0.105 -0.161 -0.041  0.041  0.026  0.027  0.209  0.456  0.746  1.000  0.807  0.685  0.584  0.499  0.436  0.256  0.103  0.027 -0.031 -0.052 -0.113 -0.095 -0.099 -0.171 -0.082 -0.097 -0.019  0.025  0.034  0.109  0.058  0.032 -0.008  0.011  0.074  0.183  0.343  0.505  0.674  0.584  0.553  0.409  0.212  0.028  0.103 -0.014 -0.149 -0.168 -0.228 -0.312 -0.346 -0.365 -0.299 -0.175 -0.050  0.066  0.069  0.054 -0.002 -0.114 -0.231 -0.319 -0.302
 -0.251 -0.342 -0.342 -0.267 -0.042  0.007  0.093  0.122  0.107  0.109  0.074  0.031  0.050 -0.029 -0.133 -0.026  0.053  0.005 -0.024  0.153  0.396  0.650  0.807  1.000  0.795  0.556  0.581  0.543  0.286  0.135  0.076 -0.019 -0.066 -0.125 -0.079 -0.077 -0.131 -0.045 -0.063  0.025  0.073  0.075  0.135  0.104  0.087  0.064  0.067  0.142  0.199  0.338  0.512  0.710  0.615  0.483  0.333  0.120 -0.058  0.017 -0.082 -0.226 -0.220 -0.243 -0.340 -0.374 -0.377 -0.271 -0.129  0.001  0.137  0.133  0.096  0.022 -0.177 -0.304 -0.395 -0.388
 -0.116 -0.193 -0.306 -0.222 -0.079 -0.047  0.040  0.099  0.072  0.064  0.036  0.003  0.034 -0.024 -0.118  0.065  0.134  0.140  0.058  0.225  0.483  0.681  0.685  0.795  1.000  0.737  0.532  0.568  0.387  0.113 -0.014 -0.044 -0.086 -0.185 -0.173 -0.198 -0.270 -0.148 -0.124 -0.073 -0.014  0.021  0.073  0.044  0.023 -0.005 -0.015  0.037  0.084  0.200  0.349  0.551  0.495  0.395  0.315  0.134 -0.023 -0.009 -0.126 -0.223 -0.210 -0.222 -0.249 -0.274 -0.379 -0.295 -0.189 -0.068  0.059  0.058  0.054 -0.002 -0.072 -0.198 -0.259 -0.250
 -0.166 -0.171 -0.265 -0.192 -0.074 -0.051  0.023  0.085  0.068  0.038  0.003 -0.014  0.000 -0.053 -0.039  0.011  0.029 -0.002 -0.067  0.056  0.267  0.487  0.584  0.556  0.737  1.000  0.721  0.579  0.528  0.354  0.140  0.093  0.103  0.034 -0.000 -0.024 -0.227 -0.130 -0.078 -0.060  0.027  0.028  0.078  0.061  0.003 -0.051 -0.042  0.004  0.069  0.138  0.230  0.385  0.340  0.228  0.131  0.007 -0.113 -0.090 -0.172 -0.239 -0.239 -0.259 -0.270 -0.237 -0.325 -0.244 -0.159 -0.045  0.042  0.033  0.000 -0.039 -0.090 -0.213 -0.215 -0.205
 -0.282 -0.265 -0.276 -0.215 -0.032 -0.000  0.083  0.120  0.100  0.071  0.007 -0.016 -0.003 -0.050 -0.015 -0.063 -0.055 -0.131 -0.169 -0.062  0.103  0.301  0.499  0.581  0.532  0.721  1.000  0.777  0.497  0.501  0.418  0.202  0.175  0.213  0.239  0.250  0.043  0.079  0.112  0.123  0.206  0.140  0.164  0.156  0.080  0.050  0.075  0.099  0.173  0.186  0.281  0.410  0.338  0.183  0.045 -0.082 -0.196 -0.138 -0.185 -0.281 -0.274 -0.276 -0.329 -0.282 -0.294 -0.196 -0.075  0.062  0.159  0.146  0.064 -0.021 -0.265 -0.415 -0.422 -0.416
 -0.267 -0.257 -0.277 -0.202 -0.015 -0.004  0.077  0.095  0.050  0.039  0.026 -0.009  0.037 -0.046 -0.062 -0.113 -0.080 -0.115 -0.140 -0.027  0.121  0.285  0.436  0.543  0.568  0.579  0.777  1.000  0.660  0.463  0.474  0.363  0.231  0.175  0.217  0.163 -0.016  0.036  0.059  0.078  0.166  0.128  0.142  0.120  0.047  0.032  0.037  0.054  0.125  0.171  0.281  0.389  0.319  0.194  0.062 -0.069 -0.165 -0.108 -0.158 -0.259 -0.250 -0.269 -0.321 -0.284 -0.303 -0.211 -0.075  0.036  0.143  0.127  0.080  0.003 -0.207 -0.366 -0.398 -0.391
 -0.251 -0.241 -0.283 -0.183 -0.017  0.014  0.052  0.072  0.038  0.017  0.038  0.012 -0.011 -0.125 -0.171 -0.208 -0.172 -0.203 -0.234 -0.140 -0.025  0.135  0.256  0.286  0.387  0.528  0.497  0.660  1.000  0.718  0.429  0.583  0.559  0.350  0.256  0.148 -0.089 -0.021 -0.044 -0.002  0.107  0.090  0.124  0.081 -0.013 -0.094 -0.101 -0.051  0.051  0.109  0.182  0.240  0.191  0.087 -0.069 -0.190 -0.239 -0.151 -0.181 -0.268 -0.295 -0.349 -0.335 -0.283 -0.293 -0.186 -0.046  0.040  0.086  0.077  0.048  0.035 -0.037 -0.225 -0.261 -0.202
 -0.312 -0.285 -0.214 -0.205 -0.011  0.015  0.046  0.051  0.055  0.009 -0.003 -0.035 -0.075 -0.186 -0.102 -0.285 -0.250 -0.299 -0.316 -0.244 -0.191 -0.045  0.103  0.135  0.113  0.354  0.501  0.463  0.718  1.000  0.737  0.647  0.702  0.656  0.562  0.510  0.178  0.148  0.121  0.120  0.228  0.120  0.110  0.092 -0.009 -0.056 -0.047 -0.019  0.094  0.072  0.117  0.133  0.085 -0.029 -0.186 -0.273 -0.279 -0.176 -0.168 -0.248 -0.291 -0.334 -0.346 -0.291 -0.198 -0.133 -0.000  0.088  0.108  0.100  0.015 -0.013 -0.198 -0.351 -0.324 -0.262
 -0.318 -0.266 -0.151 -0.194 -0.019 -0.015  0.032  0.017  0.012 -0.021 -0.034 -0.078 -0.077 -0.178 -0.067 -0.333 -0.295 -0.315 -0.281 -0.233 -0.238 -0.121  0.027  0.076 -0.014  0.140  0.418  0.474  0.429  0.737  1.000  0.748  0.591  0.655  0.703  0.636  0.391  0.301  0.278  0.212  0.289  0.154  0.100  0.091  0.014  0.033  0.041  0.033  0.112  0.069  0.102  0.096  0.036 -0.040 -0.175 -0.227 -0.202 -0.110 -0.085 -0.156 -0.191 -0.235 -0.296 -0.237 -0.110 -0.085  0.027  0.096  0.119  0.111  0.020 -0.044 -0.318 -0.436 -0.379 -0.353
 -0.293 -0.255 -0.191 -0.173 -0.016  0.003  0.027  0.017  0.003 -0.014  0.033 -0.027 -0.045 -0.207 -0.186 -0.391 -0.342 -0.333 -0.309 -0.263 -0.267 -0.149 -0.031 -0.019 -0.044  0.093  0.202  0.363  0.583  0.647  0.748  1.000  0.812  0.637  0.606  0.416  0.169  0.167  0.087  0.058  0.172  0.103  0.100  0.078  0.007 -0.023 -0.051 -0.033  0.049  0.074  0.101  0.058 -0.008 -0.058 -0.200 -0.256 -0.222 -0.108 -0.076 -0.153 -0.201 -0.263 -0.302 -0.242 -0.127 -0.090  0.037  0.095  0.075  0.055  0.001 -0.007 -0.129 -0.258 -0.260 -0.202
 -0.243 -0.214 -0.152 -0.161 -0.022  0.008  0.011  0.001  0.008 -0.019  0.025 -0.019 -0.067 -0.212 -0.162 -0.335 -0.295 -0.304 -0.306 -0.280 -0.275 -0.166 -0.052 -0.066 -0.086  0.103  0.175  0.231  0.559  0.702  0.591  0.812  1.000  0.807  0.619  0.468  0.110  0.095  0.019  0.024  0.132  0.061  0.072  0.055 -0.021 -0.076 -0.095 -0.084  0.042  0.046  0.067  0.022 -0.028 -0.083 -0.219 -0.285 -0.246 -0.127 -0.111 -0.177 -0.230 -0.270 -0.286 -0.233 -0.125 -0.089  0.032  0.079  0.042  0.028 -0.023 -0.014 -0.076 -0.240 -0.218 -0.126
 -0.219 -0.143 -0.043 -0.139 -0.050 -0.025 -0.014 -0.040 -0.033 -0.068 -0.062 -0.083 -0.125 -0.193 -0.028 -0.291 -0.273 -0.292 -0.288 -0.293 -0.312 -0.232 -0.113 -0.125 -0.185  0.034  0.213  0.175  0.350  0.656  0.655  0.637  0.807  1.000  0.854  0.752  0.363  0.275  0.244  0.163  0.229  0.094  0.073  0.069 -0.027 -0.036 -0.020 -0.063  0.064 -0.010 -0.002 -0.051 -0.092 -0.157 -0.261 -0.290 -0.222 -0.135 -0.114 -0.149 -0.197 -0.214 -0.229 -0.143 -0.048 -0.042  0.037  0.093  0.049  0.065 -0.023 -0.073 -0.219 -0.387 -0.283 -0.200
 -0.254 -0.190 -0.075 -0.186 -0.057 -0.037  0.005 -0.003 -0.012 -0.044 -0.077 -0.119 -0.141 -0.201 -0.031 -0.323 -0.299 -0.316 -0.283 -0.278 -0.298 -0.214 -0.095 -0.079 -0.173 -0.000  0.239  0.217  0.256  0.562  0.703  0.606  0.619  0.854  1.000  0.866  0.531  0.390  0.389  0.260  0.309  0.158  0.099  0.093  0.001  0.023  0.046 -0.005  0.092  0.007  0.016 -0.019 -0.069 -0.136 -0.234 -0.266 -0.200 -0.115 -0.097 -0.126 -0.184 -0.185 -0.239 -0.167 -0.062 -0.062  0.030  0.114  0.105  0.141  0.039 -0.045 -0.299 -0.459 -0.358 -0.305
 -0.232 -0.182 -0.057 -0.197 -0.077 -0.045 -0.006 -0.031 -0.021 -0.075 -0.151 -0.178 -0.202 -0.219 -0.021 -0.286 -0.265 -0.299 -0.251 -0.245 -0.280 -0.220 -0.099 -0.077 -0.198 -0.024  0.250  0.163  0.148  0.510  0.636  0.416  0.468  0.752  0.866  1.000  0.697  0.463  0.496  0.391  0.395  0.210  0.104  0.092 -0.000  0.025  0.063  0.007  0.111  0.003  0.000 -0.034 -0.069 -0.135 -0.209 -0.236 -0.165 -0.086 -0.079 -0.100 -0.166 -0.153 -0.214 -0.159 -0.051 -0.051  0.032  0.112  0.123  0.202  0.115  0.015 -0.277 -0.448 -0.386 -0.347
 -0.180 -0.121 -0.040 -0.133 -0.080 -0.040 -0.017 -0.037 -0.032 -0.051 -0.104 -0.121 -0.178 -0.157 -0.057 -0.263 -0.297 -0.297 -0.211 -0.240 -0.304 -0.277 -0.171 -0.131 -0.270 -0.227  0.043 -0.016 -0.089  0.178  0.391  0.169  0.110  0.363  0.531  0.697  1.000  0.767  0.671  0.539  0.464  0.315  0.181  0.101  0.031  0.067  0.111  0.069  0.132 -0.005 -0.068 -0.114 -0.158 -0.162 -0.198 -0.171 -0.107 -0.069 -0.022 -0.014 -0.078 -0.075 -0.116 -0.064  0.016  0.025  0.066  0.130  0.125  0.209  0.172  0.096 -0.156 -0.368 -0.362 -0.325
 -0.264 -0.189 -0.065 -0.106 -0.026  0.041  0.092  0.042 -0.008  0.004  0.057  0.013 -0.044 -0.077 -0.065 -0.293 -0.336 -0.321 -0.261 -0.291 -0.303 -0.205 -0.082 -0.045 -0.148 -0.130  0.079  0.036 -0.021  0.148  0.301  0.167  0.095  0.275  0.390  0.463  0.767  1.000  0.733  0.501  0.516  0.377  0.331  0.228  0.126  0.108  0.161  0.130  0.227  0.093  0.020 -0.011 -0.100 -0.123 -0.210 -0.199 -0.173 -0.115 -0.048 -0.086 -0.134 -0.147 -0.197 -0.124 -0.040 -0.009  0.048  0.214  0.221  0.231  0.176  0.044 -0.183 -0.421 -0.445 -0.369
 -0.176 -0.075 -0.034 -0.095 -0.037 -0.007  0.049  0.023 -0.032 -0.038 -0.060 -0.094 -0.106 -0.099  0.029 -0.204 -0.259 -0.243 -0.176 -0.190 -0.218 -0.169 -0.097 -0.063 -0.124 -0.078  0.112  0.059 -0.044  0.121  0.278  0.087  0.019  0.244  0.389  0.496  0.671  0.733  1.000  0.669  0.629  0.494  0.322  0.211  0.070  0.069  0.151  0.075  0.166  0.028 -0.044 -0.062 -0.093 -0.101 -0.158 -0.140 -0.093 -0.067 -0.030 -0.038 -0.098 -0.107 -0.120 -0.038 -0.037 -0.006  0.055  0.179  0.221  0.309  0.296  0.144 -0.087 -0.436 -0.479 -0.470
 -0.197 -0.151 -0.119 -0.134 -0.013  0.047  0.114  0.024 -0.023 -0.046 -0.080 -0.076 -0.122 -0.167 -0.093 -0.228 -0.274 -0.290 -0.207 -0.217 -0.227 -0.137 -0.019  0.025 -0.073 -0.060  0.123  0.078 -0.002  0.120  0.212  0.058  0.024  0.163  0.260  0.391  0.539  0.501  0.669  1.000  0.805  0.637  0.392  0.240  0.080  0.002  0.059  0.066  0.208  0.124  0.056  0.028 -0.030 -0.056 -0.150 -0.166 -0.138 -0.071 -0.022 -0.091 -0.131 -0.163 -0.200 -0.139 -0.101 -0.036  0.086  0.219  0.348  0.501  0.593  0.551  0.079 -0.316 -0.508 -0.545
 -0.305 -0.250 -0.196 -0.175  0.050  0.124  0.223  0.147  0.046  0.024 -0.003 -0.036 -0.075 -0.189 -0.131 -0.309 -0.352 -0.366 -0.297 -0.281 -0.254 -0.112  0.025  0.073 -0.014  0.027  0.206  0.166  0.107  0.228  0.289  0.172  0.132  0.229  0.309  0.395  0.464  0.516  0.629  0.805  1.000  0.825  0.575  0.376  0.154  0.013  0.074  0.079  0.276  0.221  0.142  0.106  0.014 -0.038 -0.176 -0.230 -0.223 -0.120 -0.069 -0.167 -0.224 -0.262 -0.306 -0.233 -0.176 -0.072  0.121  0.358  0.515  0.604  0.598  0.467 -0.019 -0.399 -0.598 -0.601
 -0.254 -0.209 -0.214 -0.137  0.095  0.158  0.265  0.199  0.081  0.073  0.044  0.005 -0.023 -0.151 -0.146 -0.233 -0.291 -0.298 -0.249 -0.230 -0.195 -0.067  0.034  0.075  0.021  0.028  0.140  0.128  0.090  0.120  0.154  0.103  0.061  0.094  0.158  0.210  0.315  0.377  0.494  0.637  0.825  1.000  0.742  0.466  0.188 -0.036  0.011  0.033  0.252  0.255  0.178  0.119  0.050  0.016 -0.116 -0.176 -0.180 -0.085 -0.042 -0.144 -0.208 -0.253 -0.278 -0.213 -0.204 -0.073  0.149  0.408  0.588  0.675  0.585  0.480  0.005 -0.347 -0.555 -0.568
 -0.309 -0.253 -0.238 -0.120  0.117  0.187  0.276  0.228  0.092  0.089  0.088  0.051  0.009 -0.133 -0.164 -0.246 -0.302 -0.315 -0.301 -0.260 -0.182 -0.013  0.109  0.135  0.073  0.078  0.164  0.142  0.124  0.110  0.100  0.100  0.072  0.073  0.099  0.104  0.181  0.331  0.322  0.392  0.575  0.742  1.000  0.726  0.366  0.038  0.095  0.124  0.380  0.389  0.293  0.207  0.112  0.058 -0.111 -0.201 -0.233 -0.119 -0.074 -0.202 -0.246 -0.288 -0.309 -0.236 -0.200 -0.047  0.214  0.532  0.582  0.504  0.355  0.244 -0.069 -0.341 -0.506 -0.475
 -0.309 -0.246 -0.208 -0.105  0.101  0.170  0.245  0.199  0.069  0.064  0.072  0.032 -0.009 -0.140 -0.162 -0.252 -0.287 -0.314 -0.313 -0.282 -0.207 -0.052  0.058  0.104  0.044  0.061  0.156  0.120  0.081  0.092  0.091  0.078  0.055  0.069  0.093  0.092  0.101  0.228  0.211  0.240  0.376  0.466  0.726  1.000  0.680  0.286  0.359  0.374  0.471  0.343  0.240  0.170  0.084 -0.002 -0.167 -0.246 -0.286 -0.200 -0.141 -0.239 -0.239 -0.231 -0.261 -0.199 -0.150 -0.009  0.248  0.560  0.498  0.384  0.222  0.101 -0.129 -0.296 -0.425 -0.405
 -0.265 -0.239 -0.194 -0.116  0.045  0.092  0.132  0.104  0.022  0.035  0.053  0.028  0.012 -0.094 -0.184 -0.214 -0.237 -0.273 -0.271 -0.244 -0.169 -0.046  0.032  0.087  0.023  0.003  0.080  0.047 -0.013 -0.009  0.014  0.007 -0.021 -0.027  0.001 -0.000  0.031  0.126  0.070  0.080  0.154  0.188  0.366  0.680  1.000  0.612  0.441  0.441  0.324  0.300  0.222  0.154  0.049 -0.028 -0.138 -0.201 -0.275 -0.220 -0.157 -0.218 -0.179 -0.140 -0.196 -0.178 -0.108  0.022  0.189  0.345  0.271  0.163  0.065 -0.012 -0.148 -0.169 -0.207 -0.201
 -0.179 -0.165 -0.118 -0.107 -0.022 -0.003  0.027  0.004 -0.021  0.005  0.030  0.004  0.030 -0.008 -0.037 -0.106 -0.108 -0.141 -0.167 -0.147 -0.099 -0.054 -0.008  0.064 -0.005 -0.051  0.050  0.032 -0.094 -0.056  0.033 -0.023 -0.076 -0.036  0.023  0.025  0.067  0.108  0.069  0.002  0.013 -0.036  0.038  0.286  0.612  1.000  0.702  0.513  0.223  0.105  0.087  0.098  0.030 -0.064 -0.120 -0.162 -0.209 -0.203 -0.171 -0.185 -0.138 -0.074 -0.119 -0.129 -0.115 -0.080  0.012  0.098  0.067 -0.021 -0.079 -0.148 -0.219 -0.145 -0.100 -0.098
 -0.189 -0.158 -0.088 -0.109 -0.033 -0.031  0.012 -0.038 -0.063 -0.033  0.009 -0.021  0.013 -0.003  0.030 -0.101 -0.097 -0.122 -0.143 -0.135 -0.102 -0.057  0.011  0.067 -0.015 -0.042  0.075  0.037 -0.101 -0.047  0.041 -0.051 -0.095 -0.020  0.046  0.063  0.111  0.161  0.151  0.059  0.074  0.011  0.095  0.359  0.441  0.702  1.000  0.706  0.406  0.081  0.023  0.071  0.037 -0.050 -0.113 -0.148 -0.181 -0.182 -0.150 -0.159 -0.130 -0.066 -0.103 -0.099 -0.098 -0.105 -0.027  0.107  0.096 -0.001 -0.052 -0.157 -0.216 -0.183 -0.178 -0.169
 -0.241 -0.220 -0.137 -0.086  0.019  0.038  0.084  0.019  0.013  0.063  0.121  0.088  0.093  0.025 -0.045 -0.113 -0.124 -0.190 -0.228 -0.205 -0.125 -0.023  0.074  0.142  0.037  0.004  0.099  0.054 -0.051 -0.019  0.033 -0.033 -0.084 -0.063 -0.005  0.007  0.069  0.130  0.075  0.066  0.079  0.033  0.124  0.374  0.441  0.513  0.706  1.000  0.663  0.326  0.152  0.180  0.064 -0.031 -0.131 -0.188 -0.264 -0.233 -0.173 -0.221 -0.193 -0.138 -0.182 -0.172 -0.146 -0.084 -0.025  0.092  0.123  0.041 -0.013 -0.083 -0.189 -0.155 -0.221 -0.217
 -0.328 -0.286 -0.171 -0.144  0.038  0.072  0.137  0.058  0.032  0.055  0.099  0.059  0.026 -0.073 -0.092 -0.211 -0.216 -0.258 -0.254 -0.216 -0.135  0.030  0.183  0.199  0.084  0.069  0.173  0.125  0.051  0.094  0.112  0.049  0.042  0.064  0.092  0.111  0.132  0.227  0.166  0.208  0.276  0.252  0.380  0.471  0.324  0.223  0.406  0.663  1.000  0.607  0.345  0.297  0.153  0.097 -0.070 -0.155 -0.212 -0.110 -0.053 -0.166 -0.194 -0.223 -0.294 -0.259 -0.190 -0.108  0.035  0.214  0.281  0.189  0.111  0.004 -0.212 -0.295 -0.396 -0.371
 -0.360 -0.360 -0.274 -0.196  0.019  0.081  0.151  0.127  0.096  0.097  0.100  0.044  0.002 -0.152 -0.244 -0.254 -0.242 -0.293 -0.260 -0.173 -0.043  0.192  0.343  0.338  0.200  0.138  0.186  0.171  0.109  0.072  0.069  0.074  0.046 -0.010  0.007  0.003 -0.005  0.093  0.028  0.124  0.221  0.255  0.389  0.343  0.300  0.105  0.081  0.326  0.607  1.000  0.746  0.539  0.298  0.283  0.069 -0.050 -0.151  0.011  0.071 -0.117 -0.150 -0.235 -0.353 -0.339 -0.232 -0.097  0.065  0.190  0.258  0.223  0.164  0.092 -0.109 -0.238 -0.376 -0.347
 -0.360 -0.411 -0.313 -0.248  0.006  0.076  0.146  0.150  0.125  0.113  0.087  0.021 -0.005 -0.171 -0.268 -0.236 -0.171 -0.215 -0.169 -0.039  0.111  0.371  0.505  0.512  0.349  0.230  0.281  0.281  0.182  0.117  0.102  0.101  0.067 -0.002  0.016  0.000 -0.068  0.020 -0.044  0.056  0.142  0.178  0.293  0.240  0.222  0.087  0.023  0.152  0.345  0.746  1.000  0.781  0.554  0.505  0.264  0.087 -0.044  0.144  0.144 -0.074 -0.126 -0.238 -0.389 -0.413 -0.279 -0.145  0.040  0.155  0.224  0.197  0.134  0.048 -0.154 -0.306 -0.429 -0.393
 -0.319 -0.399 -0.336 -0.273 -0.023  0.036  0.126  0.138  0.121  0.113  0.096  0.028  0.032 -0.107 -0.205 -0.149 -0.065 -0.107 -0.098  0.059  0.261  0.547  0.674  0.710  0.551  0.385  0.410  0.389  0.240  0.133  0.096  0.058  0.022 -0.051 -0.019 -0.034 -0.114 -0.011 -0.062  0.028  0.106  0.119  0.207  0.170  0.154  0.098  0.071  0.180  0.297  0.539  0.781  1.000  0.742  0.587  0.345  0.114 -0.061  0.097  0.015 -0.186 -0.207 -0.267 -0.395 -0.420 -0.346 -0.232 -0.064  0.067  0.177  0.162  0.107  0.022 -0.192 -0.340 -0.438 -0.411
 -0.219 -0.313 -0.292 -0.288 -0.089 -0.068  0.017  0.053  0.055  0.028 -0.009 -0.071 -0.062 -0.148 -0.173 -0.081  0.033  0.040  0.073  0.239  0.390  0.600  0.584  0.615  0.495  0.340  0.338  0.319  0.191  0.085  0.036 -0.008 -0.028 -0.092 -0.069 -0.069 -0.158 -0.100 -0.093 -0.030  0.014  0.050  0.112  0.084  0.049  0.030  0.037  0.064  0.153  0.298  0.554  0.742  1.000  0.760  0.525  0.293  0.151  0.265  0.122 -0.041 -0.077 -0.163 -0.289 -0.348 -0.306 -0.257 -0.106 -0.037  0.073  0.077  0.054 -0.027 -0.124 -0.270 -0.347 -0.324
 -0.166 -0.271 -0.288 -0.319 -0.159 -0.143 -0.055  0.008  0.024 -0.004 -0.059 -0.147 -0.134 -0.224 -0.229 -0.090  0.049  0.107  0.195  0.368  0.487  0.649  0.553  0.483  0.395  0.228  0.183  0.194  0.087 -0.029 -0.040 -0.058 -0.083 -0.157 -0.136 -0.135 -0.162 -0.123 -0.101 -0.056 -0.038  0.016  0.058 -0.002 -0.028 -0.064 -0.050 -0.031  0.097  0.283  0.505  0.587  0.760  1.000  0.760  0.496  0.344  0.473  0.282  0.101  0.041 -0.113 -0.239 -0.315 -0.285 -0.271 -0.131 -0.100 -0.005  0.013  0.027 -0.024 -0.002 -0.148 -0.276 -0.251
 -0.024 -0.142 -0.201 -0.277 -0.222 -0.233 -0.171 -0.099 -0.056 -0.082 -0.141 -0.203 -0.167 -0.191 -0.156  0.041  0.185  0.298  0.427  0.577  0.610  0.603  0.409  0.333  0.315  0.131  0.045  0.062 -0.069 -0.186 -0.175 -0.200 -0.219 -0.261 -0.234 -0.209 -0.198 -0.210 -0.158 -0.150 -0.176 -0.116 -0.111 -0.167 -0.138 -0.120 -0.113 -0.131 -0.070  0.069  0.264  0.345  0.525  0.760  1.000  0.755  0.585  0.609  0.376  0.277  0.212  0.046 -0.088 -0.195 -0.187 -0.247 -0.201 -0.233 -0.154 -0.118 -0.067 -0.096  0.012 -0.011 -0.058 -0.049
  0.081  0.005 -0.071 -0.196 -0.255 -0.279 -0.252 -0.178 -0.111 -0.132 -0.173 -0.209 -0.170 -0.138 -0.055  0.104  0.202  0.340  0.526  0.534  0.467  0.377  0.212  0.120  0.134  0.007 -0.082 -0.069 -0.190 -0.273 -0.227 -0.256 -0.285 -0.290 -0.266 -0.236 -0.171 -0.199 -0.140 -0.166 -0.230 -0.176 -0.201 -0.246 -0.201 -0.162 -0.148 -0.188 -0.155 -0.050  0.087  0.114  0.293  0.496  0.755  1.000  0.756  0.623  0.520  0.483  0.456  0.204  0.071 -0.047 -0.064 -0.188 -0.231 -0.302 -0.262 -0.203 -0.119 -0.121  0.050  0.080  0.080  0.078
  0.118  0.050 -0.012 -0.174 -0.286 -0.331 -0.311 -0.252 -0.185 -0.219 -0.261 -0.288 -0.242 -0.172 -0.033  0.056  0.156  0.358  0.570  0.572  0.388  0.229  0.028 -0.058 -0.023 -0.113 -0.196 -0.165 -0.239 -0.279 -0.202 -0.222 -0.246 -0.222 -0.200 -0.165 -0.107 -0.173 -0.093 -0.138 -0.223 -0.180 -0.233 -0.286 -0.275 -0.209 -0.181 -0.264 -0.212 -0.151 -0.044 -0.061  0.151  0.344  0.585  0.756  1.000  0.800  0.593  0.639  0.472  0.251  0.134  0.031  0.027 -0.132 -0.195 -0.305 -0.300 -0.236 -0.126 -0.124  0.098  0.134  0.177  0.166
 -0.033 -0.113 -0.092 -0.232 -0.244 -0.261 -0.220 -0.180 -0.136 -0.175 -0.212 -0.268 -0.251 -0.257 -0.154 -0.101  0.016  0.197  0.394  0.448  0.303  0.248  0.103  0.017 -0.009 -0.090 -0.138 -0.108 -0.151 -0.176 -0.110 -0.108 -0.127 -0.135 -0.115 -0.086 -0.069 -0.115 -0.067 -0.071 -0.120 -0.085 -0.119 -0.200 -0.220 -0.203 -0.182 -0.233 -0.110  0.011  0.144  0.097  0.265  0.473  0.609  0.623  0.800  1.000  0.763  0.626  0.390  0.154  0.008 -0.088 -0.019 -0.143 -0.130 -0.211 -0.184 -0.130 -0.045 -0.071  0.056  0.046  0.034  0.033
 -0.069 -0.089 -0.032 -0.145 -0.189 -0.199 -0.182 -0.171 -0.122 -0.150 -0.151 -0.193 -0.206 -0.219 -0.134 -0.163 -0.097  0.058  0.235  0.261  0.098  0.058 -0.014 -0.082 -0.126 -0.172 -0.185 -0.158 -0.181 -0.168 -0.085 -0.076 -0.111 -0.114 -0.097 -0.079 -0.022 -0.048 -0.030 -0.022 -0.069 -0.042 -0.074 -0.141 -0.157 -0.171 -0.150 -0.173 -0.053  0.071  0.144  0.015  0.122  0.282  0.376  0.520  0.593  0.763  1.000  0.743  0.557  0.234  0.077 -0.021  0.066 -0.055 -0.073 -0.152 -0.151 -0.090 -0.009 -0.038  0.046  0.043  0.024  0.020
  0.072  0.061  0.070 -0.095 -0.237 -0.272 -0.280 -0.240 -0.180 -0.211 -0.229 -0.246 -0.232 -0.173 -0.040 -0.078 -0.041  0.129  0.303  0.288  0.076 -0.042 -0.149 -0.226 -0.223 -0.239 -0.281 -0.259 -0.268 -0.248 -0.156 -0.153 -0.177 -0.149 -0.126 -0.100 -0.014 -0.086 -0.038 -0.091 -0.167 -0.144 -0.202 -0.239 -0.218 -0.185 -0.159 -0.221 -0.166 -0.117 -0.074 -0.186 -0.041  0.101  0.277  0.483  0.639  0.626  0.743  1.000  0.728  0.412  0.252  0.130  0.174 -0.006 -0.096 -0.226 -0.267 -0.204 -0.102 -0.099  0.081  0.158  0.213  0.194
  0.159  0.177  0.164 -0.036 -0.225 -0.276 -0.307 -0.259 -0.199 -0.232 -0.254 -0.247 -0.221 -0.122  0.040  0.016  0.029  0.137  0.264  0.224  0.059 -0.059 -0.168 -0.220 -0.210 -0.239 -0.274 -0.250 -0.295 -0.291 -0.191 -0.201 -0.230 -0.197 -0.184 -0.166 -0.078 -0.134 -0.098 -0.131 -0.224 -0.208 -0.246 -0.239 -0.179 -0.138 -0.130 -0.193 -0.194 -0.150 -0.126 -0.207 -0.077  0.041  0.212  0.456  0.472  0.390  0.557  0.728  1.000  0.685  0.435  0.252  0.302  0.059 -0.077 -0.227 -0.297 -0.242 -0.141 -0.123  0.096  0.180  0.257  0.248
  0.293  0.279  0.240  0.030 -0.212 -0.279 -0.310 -0.264 -0.206 -0.232 -0.274 -0.240 -0.199 -0.038  0.103  0.139  0.113  0.160  0.200  0.127  0.006 -0.123 -0.228 -0.243 -0.222 -0.259 -0.276 -0.269 -0.349 -0.334 -0.235 -0.263 -0.270 -0.214 -0.185 -0.153 -0.075 -0.147 -0.107 -0.163 -0.262 -0.253 -0.288 -0.231 -0.140 -0.074 -0.066 -0.138 -0.223 -0.235 -0.238 -0.267 -0.163 -0.113  0.046  0.204  0.251  0.154  0.234  0.412  0.685  1.000  0.655  0.373  0.391  0.120 -0.071 -0.226 -0.308 -0.273 -0.193 -0.151  0.069  0.232  0.369  0.340
  0.527  0.563  0.399  0.190 -0.197 -0.286 -0.341 -0.278 -0.236 -0.257 -0.288 -0.233 -0.174  0.059  0.235  0.344  0.267  0.269  0.178  0.073 -0.008 -0.185 -0.312 -0.340 -0.249 -0.270 -0.329 -0.321 -0.335 -0.346 -0.296 -0.302 -0.286 -0.229 -0.239 -0.214 -0.116 -0.197 -0.120 -0.200 -0.306 -0.278 -0.309 -0.261 -0.196 -0.119 -0.103 -0.182 -0.294 -0.353 -0.389 -0.395 -0.289 -0.239 -0.088  0.071  0.134  0.008  0.077  0.252  0.435  0.655  1.000  0.746  0.497  0.231 -0.052 -0.215 -0.351 -0.299 -0.218 -0.127  0.179  0.297  0.430  0.407
  0.432  0.629  0.473  0.361 -0.086 -0.205 -0.305 -0.266 -0.255 -0.268 -0.239 -0.136 -0.097  0.153  0.342  0.298  0.168  0.182  0.089 -0.041 -0.104 -0.257 -0.346 -0.374 -0.274 -0.237 -0.282 -0.284 -0.283 -0.291 -0.237 -0.242 -0.233 -0.143 -0.167 -0.159 -0.064 -0.124 -0.038 -0.139 -0.233 -0.213 -0.236 -0.199 -0.178 -0.129 -0.099 -0.172 -0.259 -0.339 -0.413 -0.420 -0.348 -0.315 -0.195 -0.047  0.031 -0.088 -0.021  0.130  0.252  0.373  0.746  1.000  0.683  0.408  0.075 -0.130 -0.304 -0.259 -0.196 -0.124  0.167  0.211  0.382  0.360
  0.166  0.297  0.424  0.383  0.072 -0.038 -0.200 -0.239 -0.241 -0.249 -0.165 -0.062 -0.064  0.079  0.205  0.006 -0.025 -0.018 -0.002 -0.110 -0.230 -0.340 -0.365 -0.377 -0.379 -0.325 -0.294 -0.303 -0.293 -0.198 -0.110 -0.127 -0.125 -0.048 -0.062 -0.051  0.016 -0.040 -0.037 -0.101 -0.176 -0.204 -0.200 -0.150 -0.108 -0.115 -0.098 -0.146 -0.190 -0.232 -0.279 -0.346 -0.306 -0.285 -0.187 -0.064  0.027 -0.019  0.066  0.174  0.302  0.391  0.497  0.683  1.000  0.641  0.313 -0.007 -0.205 -0.215 -0.171 -0.126  0.055  0.150  0.325  0.303
  0.027  0.154  0.282  0.501  0.292  0.247  0.025 -0.043 -0.103 -0.096 -0.018  0.096  0.041  0.105  0.084 -0.054 -0.085 -0.128 -0.123 -0.197 -0.269 -0.314 -0.299 -0.271 -0.295 -0.244 -0.196 -0.211 -0.186 -0.133 -0.085 -0.090 -0.089 -0.042 -0.062 -0.051  0.025 -0.009 -0.006 -0.036 -0.072 -0.073 -0.047 -0.009  0.022 -0.080 -0.105 -0.084 -0.108 -0.097 -0.145 -0.232 -0.257 -0.271 -0.247 -0.188 -0.132 -0.143 -0.055 -0.006  0.059  0.120  0.231  0.408  0.641  1.000  0.641  0.209 -0.008 -0.043 -0.046 -0.034  0.043  0.070  0.158  0.133
 -0.146 -0.044  0.083  0.302  0.422  0.363  0.188  0.111 -0.026 -0.038  0.002  0.072  0.022 -0.053 -0.062 -0.208 -0.225 -0.254 -0.237 -0.228 -0.264 -0.223 -0.175 -0.129 -0.189 -0.159 -0.075 -0.075 -0.046 -0.000  0.027  0.037  0.032  0.037  0.030  0.032  0.066  0.048  0.055  0.086  0.121  0.149  0.214  0.248  0.189  0.012 -0.027 -0.025  0.035  0.065  0.040 -0.064 -0.106 -0.131 -0.201 -0.231 -0.195 -0.130 -0.073 -0.096 -0.077 -0.071 -0.052  0.075  0.313  0.641  1.000  0.561  0.312  0.205  0.123  0.081  0.014 -0.080 -0.097 -0.104
 -0.278 -0.217 -0.144  0.039  0.321  0.430  0.447  0.388  0.161  0.155  0.128  0.102  0.043 -0.119 -0.166 -0.272 -0.304 -0.346 -0.347 -0.319 -0.281 -0.163 -0.050  0.001 -0.068 -0.045  0.062  0.036  0.040  0.088  0.096  0.095  0.079  0.093  0.114  0.112  0.130  0.214  0.179  0.219  0.358  0.408  0.532  0.560  0.345  0.098  0.107  0.092  0.214  0.190  0.155  0.067 -0.037 -0.100 -0.233 -0.302 -0.305 -0.211 -0.152 -0.226 -0.227 -0.226 -0.215 -0.130 -0.007  0.209  0.561  1.000  0.720  0.491  0.291  0.159 -0.099 -0.228 -0.370 -0.363
 -0.349 -0.319 -0.236 -0.048  0.353  0.470  0.590  0.467  0.228  0.250  0.213  0.168  0.120 -0.083 -0.179 -0.256 -0.277 -0.338 -0.331 -0.276 -0.199 -0.052  0.066  0.137  0.059  0.042  0.159  0.143  0.086  0.108  0.119  0.075  0.042  0.049  0.105  0.123  0.125  0.221  0.221  0.348  0.515  0.588  0.582  0.498  0.271  0.067  0.096  0.123  0.281  0.258  0.224  0.177  0.073 -0.005 -0.154 -0.262 -0.300 -0.184 -0.151 -0.267 -0.297 -0.308 -0.351 -0.304 -0.205 -0.008  0.312  0.720  1.000  0.732  0.480  0.290 -0.165 -0.297 -0.486 -0.515
 -0.283 -0.256 -0.241 -0.100  0.208  0.332  0.447  0.359  0.175  0.182  0.137  0.091  0.031 -0.126 -0.190 -0.218 -0.240 -0.298 -0.268 -0.223 -0.160 -0.031  0.069  0.133  0.058  0.033  0.146  0.127  0.077  0.100  0.111  0.055  0.028  0.065  0.141  0.202  0.209  0.231  0.309  0.501  0.604  0.675  0.504  0.384  0.163 -0.021 -0.001  0.041  0.189  0.223  0.197  0.162  0.077  0.013 -0.118 -0.203 -0.236 -0.130 -0.090 -0.204 -0.242 -0.273 -0.299 -0.259 -0.215 -0.043  0.205  0.491  0.732  1.000  0.785  0.562  0.013 -0.255 -0.542 -0.603
 -0.195 -0.184 -0.203 -0.097  0.098  0.190  0.271  0.182  0.047  0.046  0.022  0.005 -0.038 -0.168 -0.209 -0.201 -0.208 -0.225 -0.165 -0.133 -0.113 -0.018  0.054  0.096  0.054  0.000  0.064  0.080  0.048  0.015  0.020  0.001 -0.023 -0.023  0.039  0.115  0.172  0.176  0.296  0.593  0.598  0.585  0.355  0.222  0.065 -0.079 -0.052 -0.013  0.111  0.164  0.134  0.107  0.054  0.027 -0.067 -0.119 -0.126 -0.045 -0.009 -0.102 -0.141 -0.193 -0.218 -0.196 -0.171 -0.046  0.123  0.291  0.480  0.785  1.000  0.775  0.239 -0.092 -0.442 -0.533
 -0.061 -0.088 -0.148 -0.063  0.033  0.095  0.151  0.106  0.031  0.017 -0.023 -0.032 -0.067 -0.143 -0.201 -0.120 -0.147 -0.181 -0.134 -0.127 -0.120 -0.063 -0.002  0.022 -0.002 -0.039 -0.021  0.003  0.035 -0.013 -0.044 -0.007 -0.014 -0.073 -0.045  0.015  0.096  0.044  0.144  0.551  0.467  0.480  0.244  0.101 -0.012 -0.148 -0.157 -0.083  0.004  0.092  0.048  0.022 -0.027 -0.024 -0.096 -0.121 -0.124 -0.071 -0.038 -0.099 -0.123 -0.151 -0.127 -0.124 -0.126 -0.034  0.081  0.159  0.290  0.562  0.775  1.000  0.475  0.137 -0.289 -0.393
  0.248  0.227  0.041  0.048 -0.124 -0.161 -0.210 -0.151 -0.146 -0.181 -0.174 -0.171 -0.175 -0.122 -0.104  0.058  0.009  0.063  0.107  0.092  0.022 -0.039 -0.114 -0.177 -0.072 -0.090 -0.265 -0.207 -0.037 -0.198 -0.318 -0.129 -0.076 -0.219 -0.299 -0.277 -0.156 -0.183 -0.087  0.079 -0.019  0.005 -0.069 -0.129 -0.148 -0.219 -0.216 -0.189 -0.212 -0.109 -0.154 -0.192 -0.124 -0.002  0.012  0.050  0.098  0.056  0.046  0.081  0.096  0.069  0.179  0.167  0.055  0.043  0.014 -0.099 -0.165  0.013  0.239  0.475  1.000  0.517  0.093  0.061
  0.288  0.190  0.088  0.132 -0.075 -0.102 -0.181 -0.143 -0.107 -0.103 -0.075 -0.056 -0.062  0.041 -0.099  0.161  0.166  0.188  0.210  0.145  0.034 -0.124 -0.231 -0.304 -0.198 -0.213 -0.415 -0.366 -0.225 -0.351 -0.436 -0.258 -0.240 -0.387 -0.459 -0.448 -0.368 -0.421 -0.436 -0.316 -0.399 -0.347 -0.341 -0.296 -0.169 -0.145 -0.183 -0.155 -0.295 -0.238 -0.306 -0.340 -0.270 -0.148 -0.011  0.080  0.134  0.046  0.043  0.158  0.180  0.232  0.297  0.211  0.150  0.070 -0.080 -0.228 -0.297 -0.255 -0.092  0.137  0.517  1.000  0.589  0.401
  0.378  0.354  0.303  0.226 -0.097 -0.197 -0.345 -0.331 -0.245 -0.241 -0.170 -0.059 -0.032  0.140  0.132  0.236  0.231  0.292  0.260  0.180  0.038 -0.180 -0.319 -0.395 -0.259 -0.215 -0.422 -0.398 -0.261 -0.324 -0.379 -0.260 -0.218 -0.283 -0.358 -0.386 -0.362 -0.445 -0.479 -0.508 -0.598 -0.555 -0.506 -0.425 -0.207 -0.100 -0.178 -0.221 -0.396 -0.376 -0.429 -0.438 -0.347 -0.276 -0.058  0.080  0.177  0.034  0.024  0.213  0.257  0.369  0.430  0.382  0.325  0.158 -0.097 -0.370 -0.486 -0.542 -0.442 -0.289  0.093  0.589  1.000  0.779
