  1.000  0.789  0.525  0.226 -0.199 -0.288 -0.343 -0.262 -0.272 -0.099 -0.159 -0.116 -0.059  0.253  0.331  0.634  0.640  0.633  0.470  0.315  0.225 -0.147 -0.365 -0.412 -0.269 -0.326 -0.492 -0.455 -0.376 -0.449 -0.475 -0.381 -0.309 -0.341 -0.413 -0.445 -0.454 -0.477 -0.415 -0.461 -0.528 -0.466 -0.495 -0.456 -0.318 -0.217 -0.312 -0.362 -0.481 -0.486 -0.511 -0.474 -0.388 -0.307 -0.053  0.135  0.223 -0.001 -0.033  0.182  0.267  0.451  0.620  0.535  0.315  0.047 -0.219 -0.388 -0.479 -0.433 -0.304 -0.115  0.162  0.490  0.533  0.506
  0.789  1.000  0.690  0.415 -0.006 -0.133 -0.241 -0.246 -0.246 -0.003 -0.026  0.058  0.113  0.421  0.499  0.644  0.499  0.467  0.304  0.136  0.045 -0.302 -0.428 -0.456 -0.333 -0.315 -0.439 -0.415 -0.305 -0.345 -0.391 -0.299 -0.216 -0.244 -0.326 -0.368 -0.405 -0.439 -0.392 -0.429 -0.475 -0.418 -0.423 -0.382 -0.250 -0.177 -0.269 -0.319 -0.431 -0.458 -0.534 -0.518 -0.489 -0.447 -0.222  0.006  0.076 -0.151 -0.118  0.102  0.242  0.423  0.607  0.629  0.394  0.174 -0.094 -0.277 -0.386 -0.362 -0.281 -0.100  0.128  0.392  0.437  0.415
  0.525  0.690  1.000  0.682  0.253  0.142 -0.059 -0.106 -0.108 -0.089 -0.001  0.156  0.234  0.505  0.519  0.455  0.341  0.230  0.115 -0.048 -0.109 -0.352 -0.399 -0.416 -0.379 -0.321 -0.366 -0.386 -0.300 -0.271 -0.319 -0.280 -0.188 -0.189 -0.265 -0.286 -0.316 -0.328 -0.279 -0.265 -0.284 -0.228 -0.244 -0.187 -0.107 -0.087 -0.133 -0.184 -0.270 -0.325 -0.399 -0.426 -0.416 -0.383 -0.256 -0.070 -0.003 -0.121 -0.046  0.097  0.198  0.319  0.498  0.590  0.487  0.402  0.192 -0.022 -0.138 -0.149 -0.095 -0.018  0.105  0.183  0.203  0.192
  0.226  0.415  0.682  1.000  0.658  0.512  0.222  0.028  0.045  0.099  0.274  0.466  0.498  0.611  0.454  0.269  0.094 -0.059 -0.155 -0.321 -0.345 -0.469 -0.367 -0.353 -0.369 -0.239 -0.196 -0.248 -0.152 -0.048 -0.111 -0.113 -0.015  0.015 -0.061 -0.085 -0.151 -0.175 -0.145 -0.085 -0.056 -0.023  0.001  0.058  0.074  0.028  0.003 -0.023 -0.075 -0.179 -0.302 -0.353 -0.438 -0.464 -0.434 -0.261 -0.241 -0.302 -0.168 -0.080  0.028  0.109  0.286  0.499  0.495  0.648  0.489  0.285  0.160  0.095  0.062  0.064  0.045 -0.095 -0.093 -0.095
 -0.199 -0.006  0.253  0.658  1.000  0.821  0.522  0.251  0.207  0.190  0.415  0.563  0.611  0.415  0.276 -0.025 -0.179 -0.347 -0.404 -0.476 -0.416 -0.319 -0.097 -0.038 -0.132  0.011  0.152  0.088  0.125  0.260  0.211  0.154  0.200  0.231  0.209  0.196  0.136  0.113  0.084  0.183  0.268  0.254  0.320  0.351  0.265  0.154  0.187  0.188  0.217  0.109  0.022 -0.021 -0.160 -0.262 -0.392 -0.376 -0.428 -0.372 -0.252 -0.290 -0.223 -0.218 -0.143  0.064  0.182  0.491  0.638  0.572  0.525  0.373  0.216  0.064 -0.115 -0.432 -0.454 -0.439
 -0.288 -0.133  0.142  0.512  0.821  1.000  0.656  0.389  0.312  0.169  0.393  0.518  0.507  0.294  0.140 -0.121 -0.252 -0.413 -0.438 -0.497 -0.418 -0.269 -0.034  0.009 -0.102  0.032  0.181  0.101  0.121  0.270  0.227  0.147  0.191  0.242  0.225  0.233  0.186  0.172  0.153  0.268  0.366  0.342  0.399  0.436  0.323  0.187  0.237  0.231  0.277  0.173  0.098  0.046 -0.096 -0.189 -0.347 -0.350 -0.415 -0.326 -0.201 -0.273 -0.224 -0.244 -0.189  0.002  0.149  0.487  0.629  0.669  0.628  0.478  0.309  0.105 -0.112 -0.509 -0.546 -0.531
 -0.343 -0.241 -0.059  0.222  0.522  0.656  1.000  0.715  0.522  0.110  0.291  0.334  0.350  0.138  0.020 -0.181 -0.271 -0.391 -0.403 -0.414 -0.313 -0.149  0.050  0.099  0.005  0.105  0.250  0.191  0.166  0.272  0.259  0.175  0.165  0.202  0.234  0.252  0.242  0.279  0.269  0.306  0.425  0.402  0.432  0.425  0.281  0.156  0.221  0.199  0.256  0.182  0.127  0.101 -0.008 -0.098 -0.261 -0.314 -0.379 -0.277 -0.195 -0.292 -0.275 -0.301 -0.292 -0.175 -0.062  0.201  0.384  0.603  0.589  0.447  0.246  0.053 -0.211 -0.528 -0.544 -0.520
 -0.262 -0.246 -0.106  0.028  0.251  0.389  0.715  1.000  0.702 -0.007  0.129  0.111  0.077 -0.056 -0.114 -0.188 -0.203 -0.250 -0.227 -0.209 -0.150 -0.030  0.055  0.078  0.004  0.031  0.127  0.084  0.039  0.102  0.115  0.049  0.033  0.060  0.094  0.135  0.167  0.211  0.198  0.194  0.278  0.266  0.288  0.301  0.201  0.116  0.164  0.133  0.163  0.130  0.130  0.108  0.078  0.042 -0.072 -0.149 -0.177 -0.086 -0.064 -0.147 -0.173 -0.202 -0.228 -0.181 -0.074  0.081  0.249  0.445  0.410  0.265  0.157 -0.012 -0.143 -0.410 -0.422 -0.395
 -0.272 -0.246 -0.108  0.045  0.207  0.312  0.522  0.702  1.000  0.232  0.298  0.270  0.164  0.032 -0.037 -0.126 -0.217 -0.288 -0.277 -0.253 -0.185 -0.050  0.060  0.093  0.030  0.065  0.164  0.125  0.070  0.113  0.132  0.066  0.031  0.049  0.086  0.116  0.166  0.244  0.238  0.196  0.273  0.284  0.273  0.240  0.129  0.066  0.110  0.108  0.171  0.134  0.115  0.097  0.045 -0.003 -0.125 -0.214 -0.231 -0.132 -0.116 -0.197 -0.251 -0.266 -0.256 -0.186 -0.135  0.051  0.178  0.328  0.324  0.224  0.096 -0.003 -0.143 -0.417 -0.414 -0.382
 -0.099 -0.003 -0.089  0.099  0.190  0.169  0.110 -0.007  0.232  1.000  0.667  0.433  0.255  0.151  0.078  0.029 -0.083 -0.134 -0.190 -0.207 -0.174 -0.157 -0.057 -0.014 -0.019  0.032  0.084  0.077  0.099  0.126  0.113  0.104  0.123  0.151  0.129  0.092  0.051  0.043  0.037  0.007  0.026  0.020  0.056  0.018 -0.027 -0.039 -0.040  0.019  0.062  0.009 -0.045 -0.039 -0.134 -0.202 -0.238 -0.225 -0.247 -0.264 -0.229 -0.226 -0.187 -0.153 -0.125 -0.058 -0.090  0.027  0.011  0.013  0.035  0.019 -0.046 -0.011 -0.114 -0.154 -0.153 -0.153
 -0.159 -0.026 -0.001  0.274  0.415  0.393  0.291  0.129  0.298  0.667  1.000  0.758  0.570  0.369  0.193  0.024 -0.123 -0.248 -0.308 -0.355 -0.306 -0.258 -0.084 -0.024 -0.061  0.038  0.129  0.106  0.148  0.222  0.196  0.183  0.219  0.254  0.222  0.166  0.104  0.087  0.056  0.067  0.111  0.093  0.146  0.113  0.049  0.014  0.030  0.061  0.107  0.026 -0.052 -0.052 -0.189 -0.289 -0.359 -0.333 -0.379 -0.378 -0.299 -0.304 -0.252 -0.226 -0.177 -0.044 -0.033  0.149  0.156  0.190  0.196  0.131  0.012  0.003 -0.151 -0.284 -0.289 -0.283
 -0.116  0.058  0.156  0.466  0.563  0.518  0.334  0.111  0.270  0.433  0.758  1.000  0.781  0.585  0.351  0.118 -0.078 -0.258 -0.352 -0.428 -0.360 -0.342 -0.141 -0.073 -0.101  0.023  0.115  0.086  0.147  0.225  0.180  0.167  0.207  0.233  0.193  0.137  0.076  0.069  0.041  0.060  0.115  0.102  0.146  0.112  0.056  0.011  0.023  0.041  0.073 -0.021 -0.129 -0.128 -0.287 -0.400 -0.460 -0.405 -0.455 -0.468 -0.369 -0.358 -0.284 -0.227 -0.139  0.042  0.048  0.247  0.227  0.251  0.223  0.139 -0.005  0.010 -0.139 -0.260 -0.262 -0.253
 -0.059  0.113  0.234  0.498  0.611  0.507  0.350  0.077  0.164  0.255  0.570  0.781  1.000  0.761  0.518  0.228  0.026 -0.195 -0.327 -0.401 -0.308 -0.298 -0.114 -0.024 -0.043  0.070  0.153  0.139  0.190  0.247  0.199  0.190  0.217  0.222  0.201  0.134  0.081  0.071  0.035  0.059  0.115  0.085  0.118  0.078  0.021  0.002  0.011  0.011  0.034 -0.059 -0.144 -0.110 -0.257 -0.392 -0.449 -0.415 -0.471 -0.498 -0.413 -0.397 -0.317 -0.251 -0.140  0.034  0.011  0.199  0.201  0.227  0.232  0.148 -0.010  0.002 -0.154 -0.248 -0.242 -0.228
  0.253  0.421  0.505  0.611  0.415  0.294  0.138 -0.056  0.032  0.151  0.369  0.585  0.761  1.000  0.748  0.492  0.270  0.050 -0.118 -0.248 -0.209 -0.358 -0.265 -0.201 -0.169 -0.076 -0.061 -0.069  0.004  0.030 -0.023 -0.007  0.046  0.048 -0.002 -0.061 -0.106 -0.113 -0.118 -0.130 -0.114 -0.118 -0.113 -0.141 -0.125 -0.095 -0.126 -0.148 -0.182 -0.262 -0.356 -0.312 -0.410 -0.502 -0.447 -0.329 -0.337 -0.454 -0.381 -0.278 -0.167 -0.037  0.136  0.295  0.178  0.244  0.085  0.015 -0.022 -0.062 -0.134 -0.021 -0.049 -0.001  0.025  0.027
  0.331  0.499  0.519  0.454  0.276  0.140  0.020 -0.114 -0.037  0.078  0.193  0.351  0.518  0.748  1.000  0.684  0.427  0.193 -0.017 -0.115 -0.044 -0.206 -0.178 -0.119 -0.076 -0.009 -0.033 -0.037  0.007 -0.003 -0.054 -0.036 -0.004 -0.028 -0.062 -0.101 -0.125 -0.116 -0.119 -0.153 -0.144 -0.155 -0.166 -0.214 -0.203 -0.135 -0.168 -0.194 -0.224 -0.276 -0.320 -0.239 -0.291 -0.383 -0.319 -0.252 -0.265 -0.387 -0.366 -0.266 -0.167 -0.033  0.151  0.247  0.083  0.099 -0.018 -0.099 -0.113 -0.136 -0.185 -0.064 -0.053  0.055  0.092  0.097
  0.634  0.644  0.455  0.269 -0.025 -0.121 -0.181 -0.188 -0.126  0.029  0.024  0.118  0.228  0.492  0.684  1.000  0.714  0.503  0.283  0.180  0.195 -0.108 -0.234 -0.224 -0.122 -0.151 -0.239 -0.220 -0.187 -0.241 -0.271 -0.223 -0.183 -0.207 -0.254 -0.283 -0.289 -0.285 -0.253 -0.307 -0.342 -0.323 -0.360 -0.400 -0.346 -0.236 -0.300 -0.329 -0.387 -0.404 -0.427 -0.343 -0.324 -0.330 -0.145 -0.046 -0.010 -0.209 -0.259 -0.107 -0.015  0.153  0.356  0.337  0.086 -0.039 -0.224 -0.319 -0.338 -0.313 -0.277 -0.086  0.054  0.288  0.330  0.321
  0.640  0.499  0.341  0.094 -0.179 -0.252 -0.271 -0.203 -0.217 -0.083 -0.123 -0.078  0.026  0.270  0.427  0.714  1.000  0.780  0.495  0.387  0.443  0.086 -0.125 -0.131 -0.039 -0.151 -0.259 -0.231 -0.237 -0.320 -0.331 -0.282 -0.254 -0.286 -0.321 -0.340 -0.325 -0.326 -0.288 -0.349 -0.390 -0.381 -0.413 -0.424 -0.350 -0.226 -0.287 -0.321 -0.391 -0.379 -0.342 -0.241 -0.161 -0.128  0.088  0.153  0.167 -0.025 -0.125 -0.002  0.060  0.182  0.327  0.234  0.051 -0.127 -0.295 -0.386 -0.402 -0.370 -0.298 -0.138  0.060  0.352  0.382  0.362
  0.633  0.467  0.230 -0.059 -0.347 -0.413 -0.391 -0.250 -0.288 -0.134 -0.248 -0.258 -0.195  0.050  0.193  0.503  0.780  1.000  0.751  0.629  0.579  0.170 -0.141 -0.185 -0.043 -0.215 -0.387 -0.328 -0.328 -0.441 -0.439 -0.362 -0.333 -0.376 -0.414 -0.426 -0.405 -0.415 -0.359 -0.424 -0.492 -0.457 -0.501 -0.488 -0.378 -0.246 -0.321 -0.369 -0.453 -0.416 -0.358 -0.272 -0.120 -0.019  0.263  0.353  0.415  0.204  0.070  0.212  0.219  0.295  0.376  0.236  0.071 -0.191 -0.367 -0.484 -0.516 -0.461 -0.335 -0.168  0.114  0.464  0.505  0.484
  0.470  0.304  0.115 -0.155 -0.404 -0.438 -0.403 -0.227 -0.277 -0.190 -0.308 -0.352 -0.327 -0.118 -0.017  0.283  0.495  0.751  1.000  0.761  0.549  0.192 -0.120 -0.205 -0.096 -0.261 -0.428 -0.376 -0.372 -0.474 -0.465 -0.388 -0.358 -0.392 -0.427 -0.426 -0.401 -0.412 -0.349 -0.395 -0.471 -0.416 -0.458 -0.419 -0.290 -0.194 -0.262 -0.309 -0.381 -0.333 -0.265 -0.228 -0.042  0.124  0.427  0.571  0.640  0.441  0.298  0.418  0.378  0.366  0.349  0.203  0.131 -0.145 -0.315 -0.433 -0.482 -0.421 -0.276 -0.167  0.125  0.435  0.466  0.442
  0.315  0.136 -0.048 -0.321 -0.476 -0.497 -0.414 -0.209 -0.253 -0.207 -0.355 -0.428 -0.401 -0.248 -0.115  0.180  0.387  0.629  0.761  1.000  0.777  0.439  0.089 -0.001  0.095 -0.122 -0.288 -0.231 -0.287 -0.415 -0.389 -0.338 -0.345 -0.383 -0.390 -0.376 -0.322 -0.316 -0.261 -0.324 -0.395 -0.358 -0.401 -0.396 -0.309 -0.210 -0.258 -0.284 -0.313 -0.231 -0.116 -0.046  0.157  0.323  0.592  0.574  0.638  0.498  0.305  0.370  0.279  0.220  0.173  0.004 -0.050 -0.300 -0.380 -0.459 -0.456 -0.397 -0.270 -0.183  0.081  0.392  0.418  0.396
  0.225  0.045 -0.109 -0.345 -0.416 -0.418 -0.313 -0.150 -0.185 -0.174 -0.306 -0.360 -0.308 -0.209 -0.044  0.195  0.443  0.579  0.549  0.777  1.000  0.707  0.343  0.251  0.346  0.093 -0.072 -0.025 -0.138 -0.281 -0.261 -0.247 -0.285 -0.320 -0.300 -0.274 -0.207 -0.185 -0.153 -0.208 -0.255 -0.258 -0.294 -0.331 -0.304 -0.217 -0.241 -0.235 -0.218 -0.116  0.030  0.160  0.317  0.428  0.608  0.467  0.425  0.332  0.121  0.128  0.064  0.031  0.007 -0.139 -0.204 -0.370 -0.386 -0.403 -0.351 -0.298 -0.226 -0.162 -0.003  0.248  0.262  0.254
 -0.147 -0.302 -0.352 -0.469 -0.319 -0.269 -0.149 -0.030 -0.050 -0.157 -0.258 -0.342 -0.298 -0.358 -0.206 -0.108  0.086  0.170  0.192  0.439  0.707  1.000  0.739  0.625  0.654  0.439  0.270  0.273  0.127 -0.014 -0.015 -0.048 -0.120 -0.150 -0.100 -0.058  0.017  0.059  0.036  0.017  0.021 -0.026 -0.005 -0.051 -0.100 -0.081 -0.045  0.008  0.106  0.244  0.434  0.583  0.663  0.705  0.645  0.358  0.238  0.314  0.119 -0.003 -0.104 -0.209 -0.297 -0.408 -0.378 -0.391 -0.251 -0.178 -0.083 -0.065 -0.071 -0.136 -0.105 -0.060 -0.070 -0.057
 -0.365 -0.428 -0.399 -0.367 -0.097 -0.034  0.050  0.055  0.060 -0.057 -0.084 -0.141 -0.114 -0.265 -0.178 -0.234 -0.125 -0.141 -0.120  0.089  0.343  0.739  1.000  0.825  0.666  0.603  0.578  0.487  0.290  0.209  0.206  0.117  0.019  0.015  0.087  0.135  0.220  0.291  0.225  0.205  0.257  0.191  0.268  0.210  0.121  0.074  0.142  0.230  0.376  0.497  0.620  0.747  0.645  0.584  0.389  0.129 -0.051  0.099  0.019 -0.174 -0.245 -0.355 -0.448 -0.481 -0.394 -0.268 -0.061  0.078  0.170  0.145  0.062 -0.084 -0.199 -0.333 -0.358 -0.336
 -0.412 -0.456 -0.416 -0.353 -0.038  0.009  0.099  0.078  0.093 -0.014 -0.024 -0.073 -0.024 -0.201 -0.119 -0.224 -0.131 -0.185 -0.205 -0.001  0.251  0.625  0.825  1.000  0.809  0.620  0.711  0.682  0.444  0.359  0.376  0.284  0.169  0.148  0.230  0.248  0.297  0.355  0.249  0.241  0.321  0.172  0.245  0.192  0.087  0.083  0.150  0.225  0.350  0.446  0.592  0.762  0.669  0.499  0.278 -0.026 -0.198 -0.038 -0.119 -0.326 -0.378 -0.456 -0.531 -0.552 -0.478 -0.311 -0.069  0.088  0.203  0.147  0.035 -0.102 -0.268 -0.382 -0.399 -0.368
 -0.269 -0.333 -0.379 -0.369 -0.132 -0.102  0.005  0.004  0.030 -0.019 -0.061 -0.101 -0.043 -0.169 -0.076 -0.122 -0.039 -0.043 -0.096  0.095  0.346  0.654  0.666  0.809  1.000  0.752  0.596  0.666  0.526  0.331  0.312  0.276  0.154  0.095  0.163  0.158  0.207  0.249  0.162  0.143  0.195  0.069  0.094  0.007 -0.097 -0.070 -0.028  0.032  0.142  0.236  0.384  0.564  0.526  0.390  0.259 -0.010 -0.144 -0.060 -0.179 -0.313 -0.362 -0.406 -0.447 -0.484 -0.481 -0.378 -0.208 -0.079  0.047  0.027 -0.064 -0.110 -0.205 -0.214 -0.216 -0.188
 -0.326 -0.315 -0.321 -0.239  0.011  0.032  0.105  0.031  0.065  0.032  0.038  0.023  0.070 -0.076 -0.009 -0.151 -0.151 -0.215 -0.261 -0.122  0.093  0.439  0.603  0.620  0.752  1.000  0.742  0.648  0.638  0.513  0.400  0.355  0.251  0.182  0.227  0.217  0.272  0.340  0.233  0.187  0.255  0.176  0.225  0.126  0.016 -0.002  0.048  0.096  0.201  0.250  0.309  0.451  0.351  0.206  0.029 -0.162 -0.279 -0.188 -0.229 -0.342 -0.373 -0.409 -0.441 -0.413 -0.388 -0.233 -0.079  0.056  0.143  0.102 -0.024 -0.087 -0.211 -0.304 -0.299 -0.268
 -0.492 -0.439 -0.366 -0.196  0.152  0.181  0.250  0.127  0.164  0.084  0.129  0.115  0.153 -0.061 -0.033 -0.239 -0.259 -0.387 -0.428 -0.288 -0.072  0.270  0.578  0.711  0.596  0.742  1.000  0.850  0.651  0.677  0.670  0.518  0.384  0.388  0.476  0.486  0.531  0.602  0.460  0.400  0.498  0.343  0.394  0.296  0.143  0.108  0.187  0.236  0.362  0.381  0.432  0.550  0.393  0.185 -0.062 -0.287 -0.433 -0.278 -0.275 -0.457 -0.482 -0.530 -0.573 -0.513 -0.438 -0.186  0.053  0.243  0.352  0.281  0.120 -0.016 -0.288 -0.532 -0.551 -0.513
 -0.455 -0.415 -0.386 -0.248  0.088  0.101  0.191  0.084  0.125  0.077  0.106  0.086  0.139 -0.069 -0.037 -0.220 -0.231 -0.328 -0.376 -0.231 -0.025  0.273  0.487  0.682  0.666  0.648  0.850  1.000  0.789  0.682  0.739  0.654  0.478  0.431  0.535  0.493  0.511  0.536  0.395  0.358  0.438  0.259  0.275  0.165  0.007  0.017  0.082  0.126  0.247  0.276  0.365  0.488  0.376  0.173 -0.038 -0.278 -0.405 -0.275 -0.307 -0.472 -0.502 -0.537 -0.578 -0.536 -0.494 -0.278 -0.053  0.122  0.258  0.202  0.053 -0.038 -0.289 -0.442 -0.456 -0.418
 -0.376 -0.305 -0.300 -0.152  0.125  0.121  0.166  0.039  0.070  0.099  0.148  0.147  0.190  0.004  0.007 -0.187 -0.237 -0.328 -0.372 -0.287 -0.138  0.127  0.290  0.444  0.526  0.638  0.651  0.789  1.000  0.822  0.699  0.757  0.661  0.514  0.520  0.399  0.331  0.336  0.183  0.187  0.293  0.130  0.160  0.074 -0.040 -0.017  0.019  0.048  0.125  0.128  0.193  0.304  0.207  0.021 -0.158 -0.324 -0.412 -0.325 -0.338 -0.438 -0.446 -0.450 -0.464 -0.396 -0.370 -0.185 -0.044  0.079  0.169  0.095 -0.045 -0.095 -0.251 -0.320 -0.316 -0.282
 -0.449 -0.345 -0.271 -0.048  0.260  0.270  0.272  0.102  0.113  0.126  0.222  0.225  0.247  0.030 -0.003 -0.241 -0.320 -0.441 -0.474 -0.415 -0.281 -0.014  0.209  0.359  0.331  0.513  0.677  0.682  0.822  1.000  0.860  0.778  0.751  0.719  0.699  0.624  0.506  0.478  0.337  0.358  0.462  0.270  0.287  0.219  0.083  0.069  0.128  0.144  0.218  0.174  0.197  0.274  0.149 -0.044 -0.256 -0.397 -0.482 -0.369 -0.332 -0.448 -0.443 -0.457 -0.468 -0.365 -0.297 -0.060  0.106  0.259  0.342  0.274  0.122  0.012 -0.237 -0.482 -0.509 -0.477
 -0.475 -0.391 -0.319 -0.111  0.211  0.227  0.259  0.115  0.132  0.113  0.196  0.180  0.199 -0.023 -0.054 -0.271 -0.331 -0.439 -0.465 -0.389 -0.261 -0.015  0.206  0.376  0.312  0.400  0.670  0.739  0.699  0.860  1.000  0.852  0.715  0.738  0.809  0.746  0.675  0.620  0.487  0.468  0.515  0.327  0.307  0.222  0.063  0.061  0.128  0.144  0.231  0.195  0.232  0.290  0.176 -0.007 -0.217 -0.376 -0.457 -0.332 -0.304 -0.439 -0.455 -0.483 -0.513 -0.430 -0.362 -0.126  0.066  0.237  0.351  0.307  0.163  0.050 -0.252 -0.517 -0.554 -0.522
 -0.381 -0.299 -0.280 -0.113  0.154  0.147  0.175  0.049  0.066  0.104  0.183  0.167  0.190 -0.007 -0.036 -0.223 -0.282 -0.362 -0.388 -0.338 -0.247 -0.048  0.117  0.284  0.276  0.355  0.518  0.654  0.757  0.778  0.852  1.000  0.855  0.716  0.736  0.559  0.426  0.381  0.232  0.239  0.316  0.138  0.151  0.096 -0.005  0.028  0.064  0.075  0.122  0.092  0.137  0.205  0.117 -0.053 -0.217 -0.342 -0.400 -0.316 -0.301 -0.392 -0.397 -0.401 -0.423 -0.351 -0.309 -0.132 -0.001  0.116  0.196  0.128  0.000 -0.065 -0.251 -0.346 -0.360 -0.330
 -0.309 -0.216 -0.188 -0.015  0.200  0.191  0.165  0.033  0.031  0.123  0.219  0.207  0.217  0.046 -0.004 -0.183 -0.254 -0.333 -0.358 -0.345 -0.285 -0.120  0.019  0.169  0.154  0.251  0.384  0.478  0.661  0.751  0.715  0.855  1.000  0.843  0.712  0.534  0.278  0.215  0.085  0.137  0.250  0.062  0.099  0.088  0.024  0.046  0.068  0.073  0.091  0.041  0.068  0.131  0.041 -0.112 -0.250 -0.328 -0.374 -0.312 -0.279 -0.340 -0.317 -0.305 -0.306 -0.223 -0.178 -0.023  0.061  0.140  0.183  0.113  0.003 -0.067 -0.205 -0.301 -0.324 -0.302
 -0.341 -0.244 -0.189  0.015  0.231  0.242  0.202  0.060  0.049  0.151  0.254  0.233  0.222  0.048 -0.028 -0.207 -0.286 -0.376 -0.392 -0.383 -0.320 -0.150  0.015  0.148  0.095  0.182  0.388  0.431  0.514  0.719  0.738  0.716  0.843  1.000  0.881  0.765  0.488  0.368  0.267  0.311  0.386  0.182  0.187  0.171  0.076  0.069  0.111  0.117  0.154  0.087  0.094  0.132  0.021 -0.122 -0.273 -0.338 -0.392 -0.316 -0.258 -0.334 -0.305 -0.310 -0.311 -0.220 -0.161  0.013  0.114  0.224  0.284  0.255  0.153  0.051 -0.186 -0.411 -0.461 -0.443
 -0.413 -0.326 -0.265 -0.061  0.209  0.225  0.234  0.094  0.086  0.129  0.222  0.193  0.201 -0.002 -0.062 -0.254 -0.321 -0.414 -0.427 -0.390 -0.300 -0.100  0.087  0.230  0.163  0.227  0.476  0.535  0.520  0.699  0.809  0.736  0.712  0.881  1.000  0.890  0.691  0.546  0.434  0.463  0.496  0.298  0.268  0.215  0.074  0.067  0.129  0.138  0.207  0.144  0.164  0.199  0.085 -0.069 -0.246 -0.350 -0.416 -0.313 -0.263 -0.374 -0.366 -0.390 -0.409 -0.329 -0.266 -0.069  0.089  0.246  0.350  0.343  0.230  0.119 -0.220 -0.489 -0.539 -0.514
 -0.445 -0.368 -0.286 -0.085  0.196  0.233  0.252  0.135  0.116  0.092  0.166  0.137  0.134 -0.061 -0.101 -0.283 -0.340 -0.426 -0.426 -0.376 -0.274 -0.058  0.135  0.248  0.158  0.217  0.486  0.493  0.399  0.624  0.746  0.559  0.534  0.765  0.890  1.000  0.831  0.657  0.556  0.592  0.591  0.418  0.362  0.296  0.129  0.088  0.169  0.182  0.275  0.215  0.224  0.233  0.124 -0.009 -0.201 -0.314 -0.388 -0.260 -0.204 -0.337 -0.343 -0.391 -0.426 -0.354 -0.274 -0.064  0.123  0.307  0.420  0.448  0.338  0.208 -0.190 -0.550 -0.608 -0.581
 -0.454 -0.405 -0.316 -0.151  0.136  0.186  0.242  0.167  0.166  0.051  0.104  0.076  0.081 -0.106 -0.125 -0.289 -0.325 -0.405 -0.401 -0.322 -0.207  0.017  0.220  0.297  0.207  0.272  0.531  0.511  0.331  0.506  0.675  0.426  0.278  0.488  0.691  0.831  1.000  0.859  0.716  0.664  0.588  0.479  0.394  0.293  0.106  0.066  0.154  0.168  0.283  0.255  0.277  0.270  0.172  0.058 -0.135 -0.276 -0.349 -0.207 -0.171 -0.319 -0.359 -0.421 -0.472 -0.420 -0.342 -0.133  0.078  0.274  0.400  0.429  0.329  0.214 -0.164 -0.539 -0.585 -0.554
 -0.477 -0.439 -0.328 -0.175  0.113  0.172  0.279  0.211  0.244  0.043  0.087  0.069  0.071 -0.113 -0.116 -0.285 -0.326 -0.415 -0.412 -0.316 -0.185  0.059  0.291  0.355  0.249  0.340  0.602  0.536  0.336  0.478  0.620  0.381  0.215  0.368  0.546  0.657  0.859  1.000  0.832  0.635  0.614  0.542  0.452  0.319  0.122  0.070  0.166  0.185  0.312  0.303  0.313  0.309  0.204  0.089 -0.118 -0.279 -0.352 -0.197 -0.169 -0.326 -0.391 -0.460 -0.513 -0.458 -0.385 -0.159  0.062  0.271  0.387  0.403  0.279  0.163 -0.187 -0.540 -0.575 -0.540
 -0.415 -0.392 -0.279 -0.145  0.084  0.153  0.269  0.198  0.238  0.037  0.056  0.041  0.035 -0.118 -0.119 -0.253 -0.288 -0.359 -0.349 -0.261 -0.153  0.036  0.225  0.249  0.162  0.233  0.460  0.395  0.183  0.337  0.487  0.232  0.085  0.267  0.434  0.556  0.716  0.832  1.000  0.759  0.679  0.644  0.491  0.322  0.104  0.017  0.123  0.146  0.285  0.276  0.256  0.219  0.140  0.074 -0.101 -0.225 -0.275 -0.135 -0.100 -0.240 -0.311 -0.389 -0.437 -0.395 -0.335 -0.141  0.056  0.263  0.404  0.485  0.410  0.296 -0.087 -0.483 -0.556 -0.543
 -0.461 -0.429 -0.265 -0.085  0.183  0.268  0.306  0.194  0.196  0.007  0.067  0.060  0.059 -0.130 -0.153 -0.307 -0.349 -0.424 -0.395 -0.324 -0.208  0.017  0.205  0.241  0.143  0.187  0.400  0.358  0.187  0.358  0.468  0.239  0.137  0.311  0.463  0.592  0.664  0.635  0.759  1.000  0.842  0.754  0.584  0.424  0.172  0.040  0.168  0.211  0.367  0.325  0.294  0.244  0.158  0.089 -0.112 -0.232 -0.299 -0.134 -0.069 -0.232 -0.281 -0.376 -0.426 -0.372 -0.279 -0.057  0.175  0.389  0.578  0.691  0.656  0.516  0.016 -0.545 -0.658 -0.657
 -0.528 -0.475 -0.284 -0.056  0.268  0.366  0.425  0.278  0.273  0.026  0.111  0.115  0.115 -0.114 -0.144 -0.342 -0.390 -0.492 -0.471 -0.395 -0.255  0.021  0.257  0.321  0.195  0.255  0.498  0.438  0.293  0.462  0.515  0.316  0.250  0.386  0.496  0.591  0.588  0.614  0.679  0.842  1.000  0.810  0.680  0.527  0.256  0.096  0.239  0.286  0.447  0.397  0.359  0.320  0.200  0.101 -0.141 -0.285 -0.375 -0.189 -0.114 -0.300 -0.340 -0.439 -0.485 -0.401 -0.283 -0.009  0.262  0.514  0.695  0.751  0.631  0.408 -0.089 -0.621 -0.733 -0.725
 -0.466 -0.418 -0.228 -0.023  0.254  0.342  0.402  0.266  0.284  0.020  0.093  0.102  0.085 -0.118 -0.155 -0.323 -0.381 -0.457 -0.416 -0.358 -0.258 -0.026  0.191  0.172  0.069  0.176  0.343  0.259  0.130  0.270  0.327  0.138  0.062  0.182  0.298  0.418  0.479  0.542  0.644  0.754  0.810  1.000  0.814  0.588  0.295  0.072  0.211  0.268  0.455  0.422  0.322  0.207  0.109  0.083 -0.130 -0.224 -0.277 -0.105 -0.018 -0.172 -0.235 -0.347 -0.400 -0.320 -0.211  0.035  0.287  0.523  0.694  0.790  0.634  0.440 -0.021 -0.559 -0.654 -0.649
 -0.495 -0.423 -0.244  0.001  0.320  0.399  0.432  0.288  0.273  0.056  0.146  0.146  0.118 -0.113 -0.166 -0.360 -0.413 -0.501 -0.458 -0.401 -0.294 -0.005  0.268  0.245  0.094  0.225  0.394  0.275  0.160  0.287  0.307  0.151  0.099  0.187  0.268  0.362  0.394  0.452  0.491  0.584  0.680  0.814  1.000  0.805  0.502  0.209  0.346  0.406  0.601  0.565  0.436  0.320  0.174  0.117 -0.129 -0.234 -0.320 -0.135 -0.029 -0.201 -0.233 -0.340 -0.398 -0.304 -0.160  0.111  0.400  0.648  0.720  0.691  0.504  0.254 -0.116 -0.594 -0.676 -0.664
 -0.456 -0.382 -0.187  0.058  0.351  0.436  0.425  0.301  0.240  0.018  0.113  0.112  0.078 -0.141 -0.214 -0.400 -0.424 -0.488 -0.419 -0.396 -0.331 -0.051  0.210  0.192  0.007  0.126  0.296  0.165  0.074  0.219  0.222  0.096  0.088  0.171  0.215  0.296  0.293  0.319  0.322  0.424  0.527  0.588  0.805  1.000  0.780  0.443  0.575  0.620  0.667  0.550  0.422  0.308  0.172  0.119 -0.121 -0.195 -0.274 -0.102  0.017 -0.135 -0.133 -0.220 -0.279 -0.189 -0.011  0.242  0.520  0.733  0.674  0.587  0.413  0.120 -0.146 -0.581 -0.652 -0.636
 -0.318 -0.250 -0.107  0.074  0.265  0.323  0.281  0.201  0.129 -0.027  0.049  0.056  0.021 -0.125 -0.203 -0.346 -0.350 -0.378 -0.290 -0.309 -0.304 -0.100  0.121  0.087 -0.097  0.016  0.143  0.007 -0.040  0.083  0.063 -0.005  0.024  0.076  0.074  0.129  0.106  0.122  0.104  0.172  0.256  0.295  0.502  0.780  1.000  0.695  0.624  0.623  0.509  0.453  0.331  0.216  0.094  0.069 -0.100 -0.104 -0.175 -0.061  0.065 -0.031  0.016 -0.024 -0.096 -0.036  0.150  0.323  0.489  0.569  0.438  0.327  0.219 -0.019 -0.117 -0.411 -0.446 -0.433
 -0.217 -0.177 -0.087  0.028  0.154  0.187  0.156  0.116  0.066 -0.039  0.014  0.011  0.002 -0.095 -0.135 -0.236 -0.226 -0.246 -0.194 -0.210 -0.217 -0.081  0.074  0.083 -0.070 -0.002  0.108  0.017 -0.017  0.069  0.061  0.028  0.046  0.069  0.067  0.088  0.066  0.070  0.017  0.040  0.096  0.072  0.209  0.443  0.695  1.000  0.749  0.540  0.320  0.256  0.210  0.172  0.093  0.038 -0.082 -0.095 -0.141 -0.071  0.001 -0.053 -0.018 -0.037 -0.083 -0.058  0.045  0.151  0.287  0.341  0.224  0.113  0.054 -0.114 -0.135 -0.288 -0.284 -0.265
 -0.312 -0.269 -0.133  0.003  0.187  0.237  0.221  0.164  0.110 -0.040  0.030  0.023  0.011 -0.126 -0.168 -0.300 -0.287 -0.321 -0.262 -0.258 -0.241 -0.045  0.142  0.150 -0.028  0.048  0.187  0.082  0.019  0.128  0.128  0.064  0.068  0.111  0.129  0.169  0.154  0.166  0.123  0.168  0.239  0.211  0.346  0.575  0.624  0.749  1.000  0.737  0.501  0.336  0.266  0.241  0.154  0.093 -0.072 -0.117 -0.173 -0.064  0.013 -0.076 -0.065 -0.111 -0.166 -0.130 -0.014  0.121  0.303  0.422  0.343  0.248  0.162 -0.049 -0.154 -0.395 -0.415 -0.395
 -0.362 -0.319 -0.184 -0.023  0.188  0.231  0.199  0.133  0.108  0.019  0.061  0.041  0.011 -0.148 -0.194 -0.329 -0.321 -0.369 -0.309 -0.284 -0.235  0.008  0.230  0.225  0.032  0.096  0.236  0.126  0.048  0.144  0.144  0.075  0.073  0.117  0.138  0.182  0.168  0.185  0.146  0.211  0.286  0.268  0.406  0.620  0.623  0.540  0.737  1.000  0.753  0.539  0.395  0.345  0.206  0.141 -0.056 -0.127 -0.208 -0.068  0.025 -0.103 -0.102 -0.165 -0.228 -0.181 -0.057  0.115  0.297  0.395  0.360  0.292  0.206 -0.012 -0.136 -0.409 -0.462 -0.444
 -0.481 -0.431 -0.270 -0.075  0.217  0.277  0.256  0.163  0.171  0.062  0.107  0.073  0.034 -0.182 -0.224 -0.387 -0.391 -0.453 -0.381 -0.313 -0.218  0.106  0.376  0.350  0.142  0.201  0.362  0.247  0.125  0.218  0.231  0.122  0.091  0.154  0.207  0.275  0.283  0.312  0.285  0.367  0.447  0.455  0.601  0.667  0.509  0.320  0.501  0.753  1.000  0.782  0.588  0.488  0.308  0.258  0.006 -0.116 -0.222 -0.019  0.081 -0.114 -0.155 -0.279 -0.368 -0.307 -0.153  0.079  0.314  0.463  0.490  0.450  0.325  0.084 -0.146 -0.524 -0.590 -0.573
 -0.486 -0.458 -0.325 -0.179  0.109  0.173  0.182  0.130  0.134  0.009  0.026 -0.021 -0.059 -0.262 -0.276 -0.404 -0.379 -0.416 -0.333 -0.231 -0.116  0.244  0.497  0.446  0.236  0.250  0.381  0.276  0.128  0.174  0.195  0.092  0.041  0.087  0.144  0.215  0.255  0.303  0.276  0.325  0.397  0.422  0.565  0.550  0.453  0.256  0.336  0.539  0.782  1.000  0.819  0.637  0.432  0.413  0.140 -0.017 -0.146  0.084  0.172 -0.057 -0.112 -0.261 -0.392 -0.363 -0.201  0.008  0.244  0.359  0.409  0.381  0.270  0.038 -0.148 -0.463 -0.522 -0.504
 -0.511 -0.534 -0.399 -0.302  0.022  0.098  0.127  0.130  0.115 -0.045 -0.052 -0.129 -0.144 -0.356 -0.320 -0.427 -0.342 -0.358 -0.265 -0.116  0.030  0.434  0.620  0.592  0.384  0.309  0.432  0.365  0.193  0.197  0.232  0.137  0.068  0.094  0.164  0.224  0.277  0.313  0.256  0.294  0.359  0.322  0.436  0.422  0.331  0.210  0.266  0.395  0.588  0.819  1.000  0.842  0.682  0.635  0.332  0.084 -0.064  0.198  0.207 -0.061 -0.147 -0.314 -0.467 -0.477 -0.299 -0.107  0.158  0.271  0.342  0.307  0.219 -0.021 -0.173 -0.436 -0.488 -0.466
 -0.474 -0.518 -0.426 -0.353 -0.021  0.046  0.101  0.108  0.097 -0.039 -0.052 -0.128 -0.110 -0.312 -0.239 -0.343 -0.241 -0.272 -0.228 -0.046  0.160  0.583  0.747  0.762  0.564  0.451  0.550  0.488  0.304  0.274  0.290  0.205  0.131  0.132  0.199  0.233  0.270  0.309  0.219  0.244  0.320  0.207  0.320  0.308  0.216  0.172  0.241  0.345  0.488  0.637  0.842  1.000  0.822  0.665  0.367  0.059 -0.120  0.113  0.050 -0.207 -0.276 -0.401 -0.519 -0.535 -0.400 -0.219  0.044  0.175  0.264  0.208  0.118 -0.084 -0.222 -0.415 -0.448 -0.420
 -0.388 -0.489 -0.416 -0.438 -0.160 -0.096 -0.008  0.078  0.045 -0.134 -0.189 -0.287 -0.257 -0.410 -0.291 -0.324 -0.161 -0.120 -0.042  0.157  0.317  0.663  0.645  0.669  0.526  0.351  0.393  0.376  0.207  0.149  0.176  0.117  0.041  0.021  0.085  0.124  0.172  0.204  0.140  0.158  0.200  0.109  0.174  0.172  0.094  0.093  0.154  0.206  0.308  0.432  0.682  0.822  1.000  0.829  0.565  0.242  0.111  0.316  0.172 -0.050 -0.160 -0.299 -0.435 -0.508 -0.385 -0.296 -0.055  0.043  0.128  0.091  0.047 -0.125 -0.179 -0.268 -0.288 -0.266
 -0.307 -0.447 -0.383 -0.464 -0.262 -0.189 -0.098  0.042 -0.003 -0.202 -0.289 -0.400 -0.392 -0.502 -0.383 -0.330 -0.128 -0.019  0.124  0.323  0.428  0.705  0.584  0.499  0.390  0.206  0.185  0.173  0.021 -0.044 -0.007 -0.053 -0.112 -0.122 -0.069 -0.009  0.058  0.089  0.074  0.089  0.101  0.083  0.117  0.119  0.069  0.038  0.093  0.141  0.258  0.413  0.635  0.665  0.829  1.000  0.790  0.483  0.367  0.567  0.391  0.183  0.039 -0.140 -0.303 -0.410 -0.279 -0.270 -0.079 -0.021  0.046  0.047  0.051 -0.114 -0.099 -0.153 -0.182 -0.172
 -0.053 -0.222 -0.256 -0.434 -0.392 -0.347 -0.261 -0.072 -0.125 -0.238 -0.359 -0.460 -0.449 -0.447 -0.319 -0.145  0.088  0.263  0.427  0.592  0.608  0.645  0.389  0.278  0.259  0.029 -0.062 -0.038 -0.158 -0.256 -0.217 -0.217 -0.250 -0.273 -0.246 -0.201 -0.135 -0.118 -0.101 -0.112 -0.141 -0.130 -0.129 -0.121 -0.100 -0.082 -0.072 -0.056  0.006  0.140  0.332  0.367  0.565  0.790  1.000  0.764  0.639  0.703  0.482  0.373  0.242  0.069 -0.074 -0.220 -0.140 -0.269 -0.213 -0.226 -0.191 -0.158 -0.086 -0.154 -0.014  0.090  0.080  0.075
  0.135  0.006 -0.070 -0.261 -0.376 -0.350 -0.314 -0.149 -0.214 -0.225 -0.333 -0.405 -0.415 -0.329 -0.252 -0.046  0.153  0.353  0.571  0.574  0.467  0.358  0.129 -0.026 -0.010 -0.162 -0.287 -0.278 -0.324 -0.397 -0.376 -0.342 -0.328 -0.338 -0.350 -0.314 -0.276 -0.279 -0.225 -0.232 -0.285 -0.224 -0.234 -0.195 -0.104 -0.095 -0.117 -0.127 -0.116 -0.017  0.084  0.059  0.242  0.483  0.764  1.000  0.810  0.709  0.622  0.610  0.556  0.349  0.207  0.057  0.111 -0.107 -0.182 -0.254 -0.286 -0.224 -0.108 -0.124  0.081  0.214  0.206  0.186
  0.223  0.076 -0.003 -0.241 -0.428 -0.415 -0.379 -0.177 -0.231 -0.247 -0.379 -0.455 -0.471 -0.337 -0.265 -0.010  0.167  0.415  0.640  0.638  0.425  0.238 -0.051 -0.198 -0.144 -0.279 -0.433 -0.405 -0.412 -0.482 -0.457 -0.400 -0.374 -0.392 -0.416 -0.388 -0.349 -0.352 -0.275 -0.299 -0.375 -0.277 -0.320 -0.274 -0.175 -0.141 -0.173 -0.208 -0.222 -0.146 -0.064 -0.120  0.111  0.367  0.639  0.810  1.000  0.837  0.668  0.734  0.579  0.411  0.305  0.147  0.166 -0.098 -0.210 -0.321 -0.368 -0.297 -0.147 -0.125  0.143  0.345  0.348  0.320
 -0.001 -0.151 -0.121 -0.302 -0.372 -0.326 -0.277 -0.086 -0.132 -0.264 -0.378 -0.468 -0.498 -0.454 -0.387 -0.209 -0.025  0.204  0.441  0.498  0.332  0.314  0.099 -0.038 -0.060 -0.188 -0.278 -0.275 -0.325 -0.369 -0.332 -0.316 -0.312 -0.316 -0.313 -0.260 -0.207 -0.197 -0.135 -0.134 -0.189 -0.105 -0.135 -0.102 -0.061 -0.071 -0.064 -0.068 -0.019  0.084  0.198  0.113  0.316  0.567  0.703  0.709  0.837  1.000  0.823  0.709  0.484  0.269  0.133 -0.009  0.068 -0.106 -0.115 -0.181 -0.194 -0.137 -0.015 -0.079  0.094  0.156  0.146  0.130
 -0.033 -0.118 -0.046 -0.168 -0.252 -0.201 -0.195 -0.064 -0.116 -0.229 -0.299 -0.369 -0.413 -0.381 -0.366 -0.259 -0.125  0.070  0.298  0.305  0.121  0.119  0.019 -0.119 -0.179 -0.229 -0.275 -0.307 -0.338 -0.332 -0.304 -0.301 -0.279 -0.258 -0.263 -0.204 -0.171 -0.169 -0.100 -0.069 -0.114 -0.018 -0.029  0.017  0.065  0.001  0.013  0.025  0.081  0.172  0.207  0.050  0.172  0.391  0.482  0.622  0.668  0.823  1.000  0.810  0.653  0.378  0.218  0.091  0.193  0.037  0.015 -0.049 -0.086 -0.023  0.088 -0.003  0.117  0.066  0.039  0.021
  0.182  0.102  0.097 -0.080 -0.290 -0.273 -0.292 -0.147 -0.197 -0.226 -0.304 -0.358 -0.397 -0.278 -0.266 -0.107 -0.002  0.212  0.418  0.370  0.128 -0.003 -0.174 -0.326 -0.313 -0.342 -0.457 -0.472 -0.438 -0.448 -0.439 -0.392 -0.340 -0.334 -0.374 -0.337 -0.319 -0.326 -0.240 -0.232 -0.300 -0.172 -0.201 -0.135 -0.031 -0.053 -0.076 -0.103 -0.114 -0.057 -0.061 -0.207 -0.050  0.183  0.373  0.610  0.734  0.709  0.810  1.000  0.811  0.558  0.424  0.283  0.324  0.086 -0.039 -0.164 -0.243 -0.177 -0.030 -0.040  0.178  0.256  0.248  0.221
  0.267  0.242  0.198  0.028 -0.223 -0.224 -0.275 -0.173 -0.251 -0.187 -0.252 -0.284 -0.317 -0.167 -0.167 -0.015  0.060  0.219  0.378  0.279  0.064 -0.104 -0.245 -0.378 -0.362 -0.373 -0.482 -0.502 -0.446 -0.443 -0.455 -0.397 -0.317 -0.305 -0.366 -0.343 -0.359 -0.391 -0.311 -0.281 -0.340 -0.235 -0.233 -0.133  0.016 -0.018 -0.065 -0.102 -0.155 -0.112 -0.147 -0.276 -0.160  0.039  0.242  0.556  0.579  0.484  0.653  0.811  1.000  0.786  0.592  0.429  0.489  0.195  0.015 -0.129 -0.244 -0.182 -0.035 -0.031  0.191  0.269  0.256  0.224
  0.451  0.423  0.319  0.109 -0.218 -0.244 -0.301 -0.202 -0.266 -0.153 -0.226 -0.227 -0.251 -0.037 -0.033  0.153  0.182  0.295  0.366  0.220  0.031 -0.209 -0.355 -0.456 -0.406 -0.409 -0.530 -0.537 -0.450 -0.457 -0.483 -0.401 -0.305 -0.310 -0.390 -0.391 -0.421 -0.460 -0.389 -0.376 -0.439 -0.347 -0.340 -0.220 -0.024 -0.037 -0.111 -0.165 -0.279 -0.261 -0.314 -0.401 -0.299 -0.140  0.069  0.349  0.411  0.269  0.378  0.558  0.786  1.000  0.788  0.582  0.585  0.240 -0.021 -0.193 -0.331 -0.283 -0.131 -0.063  0.204  0.368  0.375  0.343
  0.620  0.607  0.498  0.286 -0.143 -0.189 -0.292 -0.228 -0.256 -0.125 -0.177 -0.139 -0.140  0.136  0.151  0.356  0.327  0.376  0.349  0.173  0.007 -0.297 -0.448 -0.531 -0.447 -0.441 -0.573 -0.578 -0.464 -0.468 -0.513 -0.423 -0.306 -0.311 -0.409 -0.426 -0.472 -0.513 -0.437 -0.426 -0.485 -0.400 -0.398 -0.279 -0.096 -0.083 -0.166 -0.228 -0.368 -0.392 -0.467 -0.519 -0.435 -0.303 -0.074  0.207  0.305  0.133  0.218  0.424  0.592  0.788  1.000  0.827  0.655  0.335 -0.002 -0.197 -0.352 -0.314 -0.164 -0.057  0.220  0.407  0.424  0.395
  0.535  0.629  0.590  0.499  0.064  0.002 -0.175 -0.181 -0.186 -0.058 -0.044  0.042  0.034  0.295  0.247  0.337  0.234  0.236  0.203  0.004 -0.139 -0.408 -0.481 -0.552 -0.484 -0.413 -0.513 -0.536 -0.396 -0.365 -0.430 -0.351 -0.223 -0.220 -0.329 -0.354 -0.420 -0.458 -0.395 -0.372 -0.401 -0.320 -0.304 -0.189 -0.036 -0.058 -0.130 -0.181 -0.307 -0.363 -0.477 -0.535 -0.508 -0.410 -0.220  0.057  0.147 -0.009  0.091  0.283  0.429  0.582  0.827  1.000  0.802  0.536  0.169 -0.049 -0.229 -0.218 -0.116 -0.031  0.185  0.297  0.315  0.291
  0.315  0.394  0.487  0.495  0.182  0.149 -0.062 -0.074 -0.135 -0.090 -0.033  0.048  0.011  0.178  0.083  0.086  0.051  0.071  0.131 -0.050 -0.204 -0.378 -0.394 -0.478 -0.481 -0.388 -0.438 -0.494 -0.370 -0.297 -0.362 -0.309 -0.178 -0.161 -0.266 -0.274 -0.342 -0.385 -0.335 -0.279 -0.283 -0.211 -0.160 -0.011  0.150  0.045 -0.014 -0.057 -0.153 -0.201 -0.299 -0.400 -0.385 -0.279 -0.140  0.111  0.166  0.068  0.193  0.324  0.489  0.585  0.655  0.802  1.000  0.724  0.391  0.146 -0.059 -0.084 -0.014 -0.032  0.140  0.144  0.145  0.123
  0.047  0.174  0.402  0.648  0.491  0.487  0.201  0.081  0.051  0.027  0.149  0.247  0.199  0.244  0.099 -0.039 -0.127 -0.191 -0.145 -0.300 -0.370 -0.391 -0.268 -0.311 -0.378 -0.233 -0.186 -0.278 -0.185 -0.060 -0.126 -0.132 -0.023  0.013 -0.069 -0.064 -0.133 -0.159 -0.141 -0.057 -0.009  0.035  0.111  0.242  0.323  0.151  0.121  0.115  0.079  0.008 -0.107 -0.219 -0.296 -0.270 -0.269 -0.107 -0.098 -0.106  0.037  0.086  0.195  0.240  0.335  0.536  0.724  1.000  0.732  0.447  0.244  0.163  0.133  0.022  0.034 -0.163 -0.173 -0.175
 -0.219 -0.094  0.192  0.489  0.638  0.629  0.384  0.249  0.178  0.011  0.156  0.227  0.201  0.085 -0.018 -0.224 -0.295 -0.367 -0.315 -0.380 -0.386 -0.251 -0.061 -0.069 -0.208 -0.079  0.053 -0.053 -0.044  0.106  0.066 -0.001  0.061  0.114  0.089  0.123  0.078  0.062  0.056  0.175  0.262  0.287  0.400  0.520  0.489  0.287  0.303  0.297  0.314  0.244  0.158  0.044 -0.055 -0.079 -0.213 -0.182 -0.210 -0.115  0.015 -0.039  0.015 -0.021 -0.002  0.169  0.391  0.732  1.000  0.743  0.553  0.408  0.299  0.069 -0.050 -0.412 -0.451 -0.441
 -0.388 -0.277 -0.022  0.285  0.572  0.669  0.603  0.445  0.328  0.013  0.190  0.251  0.227  0.015 -0.099 -0.319 -0.386 -0.484 -0.433 -0.459 -0.403 -0.178  0.078  0.088 -0.079  0.056  0.243  0.122  0.079  0.259  0.237  0.116  0.140  0.224  0.246  0.307  0.274  0.271  0.263  0.389  0.514  0.523  0.648  0.733  0.569  0.341  0.422  0.395  0.463  0.359  0.271  0.175  0.043 -0.021 -0.226 -0.254 -0.321 -0.181 -0.049 -0.164 -0.129 -0.193 -0.197 -0.049  0.146  0.447  0.743  1.000  0.829  0.633  0.429  0.127 -0.145 -0.606 -0.663 -0.644
 -0.479 -0.386 -0.138  0.160  0.525  0.628  0.589  0.410  0.324  0.035  0.196  0.223  0.232 -0.022 -0.113 -0.338 -0.402 -0.516 -0.482 -0.456 -0.351 -0.083  0.170  0.203  0.047  0.143  0.352  0.258  0.169  0.342  0.351  0.196  0.183  0.284  0.350  0.420  0.400  0.387  0.404  0.578  0.695  0.694  0.720  0.674  0.438  0.224  0.343  0.360  0.490  0.409  0.342  0.264  0.128  0.046 -0.191 -0.286 -0.368 -0.194 -0.086 -0.243 -0.244 -0.331 -0.352 -0.229 -0.059  0.244  0.553  0.829  1.000  0.826  0.601  0.284 -0.108 -0.649 -0.739 -0.726
 -0.433 -0.362 -0.149  0.095  0.373  0.478  0.447  0.265  0.224  0.019  0.131  0.139  0.148 -0.062 -0.136 -0.313 -0.370 -0.461 -0.421 -0.397 -0.298 -0.065  0.145  0.147  0.027  0.102  0.281  0.202  0.095  0.274  0.307  0.128  0.113  0.255  0.343  0.448  0.429  0.403  0.485  0.691  0.751  0.790  0.691  0.587  0.327  0.113  0.248  0.292  0.450  0.381  0.307  0.208  0.091  0.047 -0.158 -0.224 -0.297 -0.137 -0.023 -0.177 -0.182 -0.283 -0.314 -0.218 -0.084  0.163  0.408  0.633  0.826  1.000  0.800  0.507  0.037 -0.584 -0.701 -0.703
 -0.304 -0.281 -0.095  0.062  0.216  0.309  0.246  0.157  0.096 -0.046  0.012 -0.005 -0.010 -0.134 -0.185 -0.277 -0.298 -0.335 -0.276 -0.270 -0.226 -0.071  0.062  0.035 -0.064 -0.024  0.120  0.053 -0.045  0.122  0.163  0.000  0.003  0.153  0.230  0.338  0.329  0.279  0.410  0.656  0.631  0.634  0.504  0.413  0.219  0.054  0.162  0.206  0.325  0.270  0.219  0.118  0.047  0.051 -0.086 -0.108 -0.147 -0.015  0.088 -0.030 -0.035 -0.131 -0.164 -0.116 -0.014  0.133  0.299  0.429  0.601  0.800  1.000  0.768  0.326 -0.405 -0.567 -0.593
 -0.115 -0.100 -0.018  0.064  0.064  0.105  0.053 -0.012 -0.003 -0.011  0.003  0.010  0.002 -0.021 -0.064 -0.086 -0.138 -0.168 -0.167 -0.183 -0.162 -0.136 -0.084 -0.102 -0.110 -0.087 -0.016 -0.038 -0.095  0.012  0.050 -0.065 -0.067  0.051  0.119  0.208  0.214  0.163  0.296  0.516  0.408  0.440  0.254  0.120 -0.019 -0.114 -0.049 -0.012  0.084  0.038 -0.021 -0.084 -0.125 -0.114 -0.154 -0.124 -0.125 -0.079 -0.003 -0.040 -0.031 -0.063 -0.057 -0.031 -0.032  0.022  0.069  0.127  0.284  0.507  0.768  1.000  0.546 -0.148 -0.293 -0.334
  0.162  0.128  0.105  0.045 -0.115 -0.112 -0.211 -0.143 -0.143 -0.114 -0.151 -0.139 -0.154 -0.049 -0.053  0.054  0.060  0.114  0.125  0.081 -0.003 -0.105 -0.199 -0.268 -0.205 -0.211 -0.288 -0.289 -0.251 -0.237 -0.252 -0.251 -0.205 -0.186 -0.220 -0.190 -0.164 -0.187 -0.087  0.016 -0.089 -0.021 -0.116 -0.146 -0.117 -0.135 -0.154 -0.136 -0.146 -0.148 -0.173 -0.222 -0.179 -0.099 -0.014  0.081  0.143  0.094  0.117  0.178  0.191  0.204  0.220  0.185  0.140  0.034 -0.050 -0.145 -0.108  0.037  0.326  0.546  1.000  0.252  0.094  0.019
  0.490  0.392  0.183 -0.095 -0.432 -0.509 -0.528 -0.410 -0.417 -0.154 -0.284 -0.260 -0.248 -0.001  0.055  0.288  0.352  0.464  0.435  0.392  0.248 -0.060 -0.333 -0.382 -0.214 -0.304 -0.532 -0.442 -0.320 -0.482 -0.517 -0.346 -0.301 -0.411 -0.489 -0.550 -0.539 -0.540 -0.483 -0.545 -0.621 -0.559 -0.594 -0.581 -0.411 -0.288 -0.395 -0.409 -0.524 -0.463 -0.436 -0.415 -0.268 -0.153  0.090  0.214  0.345  0.156  0.066  0.256  0.269  0.368  0.407  0.297  0.144 -0.163 -0.412 -0.606 -0.649 -0.584 -0.405 -0.148  0.252  1.000  0.844  0.695
  0.533  0.437  0.203 -0.093 -0.454 -0.546 -0.544 -0.422 -0.414 -0.153 -0.289 -0.262 -0.242  0.025  0.092  0.330  0.382  0.505  0.466  0.418  0.262 -0.070 -0.358 -0.399 -0.216 -0.299 -0.551 -0.456 -0.316 -0.509 -0.554 -0.360 -0.324 -0.461 -0.539 -0.608 -0.585 -0.575 -0.556 -0.658 -0.733 -0.654 -0.676 -0.652 -0.446 -0.284 -0.415 -0.462 -0.590 -0.522 -0.488 -0.448 -0.288 -0.182  0.080  0.206  0.348  0.146  0.039  0.248  0.256  0.375  0.424  0.315  0.145 -0.173 -0.451 -0.663 -0.739 -0.701 -0.567 -0.293  0.094  0.844  1.000  0.903
