  1.000  0.800  0.530  0.232 -0.203 -0.302 -0.367 -0.307 -0.292 -0.092 -0.151 -0.106 -0.063  0.260  0.339  0.642  0.645  0.633  0.469  0.304  0.208 -0.160 -0.384 -0.437 -0.293 -0.352 -0.516 -0.481 -0.399 -0.462 -0.492 -0.405 -0.319 -0.339 -0.426 -0.455 -0.471 -0.497 -0.433 -0.473 -0.542 -0.468 -0.520 -0.491 -0.345 -0.243 -0.345 -0.392 -0.508 -0.494 -0.511 -0.486 -0.396 -0.301 -0.053  0.133  0.225  0.006 -0.030  0.185  0.269  0.464  0.637  0.557  0.342  0.076 -0.230 -0.429 -0.510 -0.446 -0.278 -0.053  0.267  0.526  0.560  0.529
  0.800  1.000  0.681  0.406 -0.026 -0.161 -0.274 -0.301 -0.269 -0.020 -0.051  0.049  0.101  0.424  0.505  0.654  0.515  0.476  0.312  0.139  0.038 -0.307 -0.448 -0.479 -0.350 -0.337 -0.467 -0.442 -0.330 -0.366 -0.415 -0.328 -0.233 -0.253 -0.350 -0.392 -0.426 -0.459 -0.408 -0.447 -0.503 -0.424 -0.461 -0.440 -0.299 -0.219 -0.321 -0.366 -0.478 -0.484 -0.547 -0.536 -0.495 -0.437 -0.213  0.005  0.082 -0.143 -0.125  0.098  0.230  0.428  0.616  0.638  0.412  0.186 -0.124 -0.336 -0.430 -0.383 -0.268 -0.039  0.232  0.457  0.491  0.463
  0.530  0.681  1.000  0.697  0.274  0.142 -0.079 -0.181 -0.203 -0.099  0.027  0.191  0.264  0.530  0.546  0.477  0.340  0.205  0.082 -0.086 -0.149 -0.380 -0.415 -0.417 -0.384 -0.321 -0.347 -0.364 -0.270 -0.236 -0.285 -0.243 -0.140 -0.126 -0.213 -0.249 -0.297 -0.326 -0.288 -0.282 -0.298 -0.248 -0.262 -0.226 -0.148 -0.118 -0.171 -0.218 -0.301 -0.342 -0.410 -0.431 -0.433 -0.410 -0.292 -0.125 -0.053 -0.168 -0.101  0.038  0.134  0.294  0.494  0.602  0.487  0.424  0.185 -0.074 -0.179 -0.164 -0.085  0.030  0.193  0.226  0.234  0.219
  0.232  0.406  0.697  1.000  0.672  0.506  0.209 -0.041 -0.045  0.071  0.294  0.497  0.540  0.653  0.503  0.312  0.106 -0.083 -0.200 -0.363 -0.383 -0.501 -0.387 -0.350 -0.369 -0.225 -0.163 -0.208 -0.105 -0.006 -0.066 -0.058  0.043  0.078 -0.001 -0.048 -0.119 -0.155 -0.141 -0.105 -0.086 -0.041 -0.016  0.003  0.011 -0.018 -0.047 -0.074 -0.119 -0.217 -0.333 -0.367 -0.464 -0.509 -0.485 -0.338 -0.315 -0.378 -0.255 -0.167 -0.062  0.059  0.264  0.492  0.465  0.640  0.463  0.222  0.116  0.077  0.039  0.088  0.094 -0.041 -0.045 -0.051
 -0.203 -0.026  0.274  0.672  1.000  0.820  0.528  0.215  0.137  0.129  0.404  0.577  0.643  0.454  0.315  0.010 -0.171 -0.372 -0.446 -0.508 -0.441 -0.345 -0.108 -0.023 -0.121  0.036  0.196  0.139  0.181  0.304  0.262  0.219  0.257  0.285  0.271  0.234  0.173  0.145  0.106  0.180  0.254  0.246  0.323  0.319  0.218  0.127  0.161  0.154  0.188  0.075 -0.010 -0.032 -0.183 -0.308 -0.439 -0.441 -0.490 -0.435 -0.324 -0.363 -0.301 -0.270 -0.167  0.051  0.140  0.472  0.618  0.538  0.503  0.370  0.181  0.057 -0.128 -0.405 -0.422 -0.410
 -0.302 -0.161  0.142  0.506  0.820  1.000  0.668  0.374  0.246  0.085  0.346  0.497  0.511  0.306  0.160 -0.106 -0.254 -0.438 -0.472 -0.520 -0.435 -0.285 -0.038  0.027 -0.093  0.054  0.221  0.145  0.164  0.306  0.270  0.201  0.234  0.279  0.275  0.272  0.223  0.209  0.180  0.280  0.369  0.351  0.418  0.429  0.301  0.178  0.235  0.215  0.266  0.155  0.079  0.044 -0.105 -0.218 -0.378 -0.399 -0.462 -0.372 -0.255 -0.328 -0.285 -0.292 -0.219 -0.025  0.097  0.464  0.621  0.659  0.623  0.489  0.284  0.089 -0.161 -0.490 -0.516 -0.505
 -0.367 -0.274 -0.079  0.209  0.528  0.668  1.000  0.708  0.474  0.026  0.244  0.323  0.368  0.149  0.026 -0.175 -0.277 -0.414 -0.437 -0.429 -0.320 -0.160  0.051  0.120  0.025  0.142  0.301  0.250  0.215  0.312  0.316  0.232  0.192  0.220  0.281  0.300  0.311  0.336  0.320  0.359  0.431  0.453  0.472  0.428  0.256  0.137  0.221  0.187  0.252  0.160  0.105  0.094 -0.019 -0.127 -0.290 -0.353 -0.418 -0.322 -0.243 -0.336 -0.328 -0.365 -0.337 -0.217 -0.137  0.153  0.364  0.616  0.628  0.485  0.224  0.063 -0.267 -0.544 -0.535 -0.509
 -0.307 -0.301 -0.181 -0.041  0.215  0.374  0.708  1.000  0.675  0.002  0.123  0.077  0.036 -0.110 -0.160 -0.214 -0.219 -0.260 -0.234 -0.194 -0.122 -0.001  0.084  0.116  0.041  0.062  0.168  0.134  0.060  0.120  0.155  0.074  0.026  0.055  0.120  0.181  0.230  0.268  0.266  0.279  0.322  0.331  0.332  0.322  0.190  0.101  0.174  0.137  0.189  0.138  0.142  0.128  0.104  0.060 -0.057 -0.141 -0.175 -0.084 -0.061 -0.147 -0.177 -0.248 -0.278 -0.253 -0.170 -0.003  0.210  0.460  0.452  0.311  0.166  0.005 -0.229 -0.445 -0.438 -0.408
 -0.292 -0.269 -0.203 -0.045  0.137  0.246  0.474  0.675  1.000  0.311  0.294  0.234  0.134 -0.015 -0.095 -0.159 -0.212 -0.257 -0.251 -0.213 -0.152 -0.027  0.072  0.104  0.050  0.084  0.165  0.133  0.070  0.095  0.125  0.066  0.008  0.012  0.070  0.103  0.173  0.242  0.244  0.200  0.240  0.290  0.272  0.229  0.122  0.066  0.109  0.106  0.169  0.122  0.105  0.095  0.054  0.006 -0.101 -0.177 -0.208 -0.127 -0.111 -0.179 -0.219 -0.269 -0.282 -0.237 -0.183 -0.042  0.107  0.307  0.321  0.212  0.041 -0.038 -0.226 -0.401 -0.381 -0.350
 -0.092 -0.020 -0.099  0.071  0.129  0.085  0.026  0.002  0.311  1.000  0.683  0.450  0.254  0.160  0.058  0.023 -0.063 -0.118 -0.181 -0.200 -0.175 -0.168 -0.078 -0.036 -0.038  0.014  0.058  0.055  0.077  0.093  0.085  0.090  0.107  0.124  0.099  0.049  0.030  0.029  0.026 -0.034 -0.031 -0.010  0.018 -0.032 -0.066 -0.062 -0.076 -0.016  0.025 -0.027 -0.074 -0.066 -0.154 -0.217 -0.240 -0.222 -0.246 -0.267 -0.230 -0.220 -0.175 -0.145 -0.117 -0.063 -0.096 -0.030 -0.053 -0.042 -0.013 -0.027 -0.085 -0.022 -0.110 -0.108 -0.112 -0.109
 -0.151 -0.051  0.027  0.294  0.404  0.346  0.244  0.123  0.294  0.683  1.000  0.774  0.573  0.391  0.198  0.045 -0.103 -0.254 -0.332 -0.381 -0.334 -0.294 -0.119 -0.048 -0.082  0.033  0.130  0.110  0.161  0.225  0.204  0.203  0.240  0.273  0.240  0.165  0.113  0.090  0.058  0.038  0.062  0.070  0.124  0.066  0.002 -0.013 -0.009  0.019  0.067 -0.022 -0.096 -0.087 -0.227 -0.335 -0.400 -0.378 -0.416 -0.419 -0.337 -0.337 -0.279 -0.236 -0.160 -0.033 -0.046  0.117  0.117  0.142  0.160  0.103 -0.022  0.001 -0.131 -0.251 -0.259 -0.249
 -0.106  0.049  0.191  0.497  0.577  0.497  0.323  0.077  0.234  0.450  0.774  1.000  0.804  0.623  0.377  0.147 -0.066 -0.279 -0.396 -0.474 -0.409 -0.395 -0.184 -0.100 -0.125  0.026  0.127  0.102  0.174  0.242  0.203  0.203  0.242  0.265  0.229  0.151  0.100  0.081  0.048  0.035  0.064  0.090  0.132  0.060 -0.004 -0.030 -0.028 -0.008  0.024 -0.077 -0.181 -0.169 -0.336 -0.463 -0.522 -0.476 -0.517 -0.536 -0.438 -0.420 -0.345 -0.262 -0.142  0.051  0.029  0.227  0.196  0.203  0.197  0.129 -0.034  0.025 -0.099 -0.225 -0.223 -0.212
 -0.063  0.101  0.264  0.540  0.643  0.511  0.368  0.036  0.134  0.254  0.573  0.804  1.000  0.780  0.535  0.242  0.017 -0.234 -0.385 -0.460 -0.376 -0.363 -0.155 -0.047 -0.065  0.082  0.177  0.164  0.232  0.281  0.237  0.243  0.269  0.268  0.250  0.158  0.110  0.087  0.043  0.038  0.071  0.084  0.123  0.048 -0.017 -0.019 -0.021 -0.024 -0.004 -0.102 -0.191 -0.151 -0.310 -0.459 -0.521 -0.493 -0.541 -0.569 -0.483 -0.463 -0.384 -0.288 -0.145  0.051  0.009  0.204  0.194  0.205  0.225  0.149 -0.048  0.009 -0.122 -0.225 -0.212 -0.197
  0.260  0.424  0.530  0.653  0.454  0.306  0.149 -0.110 -0.015  0.160  0.391  0.623  0.780  1.000  0.761  0.507  0.261  0.013 -0.173 -0.311 -0.280 -0.427 -0.318 -0.244 -0.207 -0.082 -0.059 -0.067  0.026  0.057 -0.000  0.023  0.089  0.096  0.037 -0.040 -0.088 -0.113 -0.122 -0.153 -0.157 -0.114 -0.117 -0.184 -0.175 -0.137 -0.178 -0.199 -0.229 -0.306 -0.404 -0.362 -0.471 -0.567 -0.516 -0.403 -0.401 -0.521 -0.449 -0.341 -0.230 -0.069  0.137  0.319  0.185  0.267  0.079 -0.018 -0.038 -0.058 -0.137  0.035  0.043  0.042  0.064  0.063
  0.339  0.505  0.546  0.503  0.315  0.160  0.026 -0.160 -0.095  0.058  0.198  0.377  0.535  0.761  1.000  0.694  0.427  0.169 -0.049 -0.155 -0.098 -0.259 -0.219 -0.154 -0.109 -0.026 -0.042 -0.048  0.014  0.014 -0.043 -0.020  0.029  0.015 -0.033 -0.088 -0.125 -0.131 -0.136 -0.177 -0.172 -0.166 -0.177 -0.240 -0.229 -0.155 -0.198 -0.225 -0.258 -0.304 -0.350 -0.274 -0.334 -0.423 -0.360 -0.292 -0.297 -0.417 -0.401 -0.299 -0.201 -0.041  0.167  0.281  0.110  0.140 -0.005 -0.117 -0.126 -0.134 -0.176 -0.020  0.030  0.089  0.118  0.120
  0.642  0.654  0.477  0.312  0.010 -0.106 -0.175 -0.214 -0.159  0.023  0.045  0.147  0.242  0.507  0.694  1.000  0.717  0.483  0.254  0.140  0.148 -0.149 -0.265 -0.256 -0.155 -0.171 -0.253 -0.236 -0.192 -0.233 -0.268 -0.223 -0.167 -0.180 -0.239 -0.278 -0.294 -0.302 -0.270 -0.319 -0.359 -0.328 -0.371 -0.420 -0.366 -0.255 -0.325 -0.355 -0.410 -0.420 -0.441 -0.365 -0.352 -0.353 -0.176 -0.074 -0.035 -0.227 -0.275 -0.123 -0.028  0.157  0.377  0.370  0.119  0.004 -0.211 -0.333 -0.347 -0.314 -0.259 -0.036  0.142  0.309  0.343  0.332
  0.645  0.515  0.340  0.106 -0.171 -0.254 -0.277 -0.219 -0.212 -0.063 -0.103 -0.066  0.017  0.261  0.427  0.717  1.000  0.777  0.492  0.377  0.423  0.071 -0.142 -0.159 -0.060 -0.167 -0.281 -0.254 -0.252 -0.326 -0.344 -0.297 -0.256 -0.282 -0.329 -0.352 -0.344 -0.349 -0.307 -0.358 -0.400 -0.383 -0.424 -0.436 -0.357 -0.233 -0.301 -0.337 -0.403 -0.382 -0.343 -0.253 -0.172 -0.127  0.083  0.157  0.174 -0.012 -0.111  0.014  0.077  0.204  0.352  0.257  0.078 -0.103 -0.291 -0.398 -0.412 -0.376 -0.283 -0.105  0.126  0.357  0.386  0.367
  0.633  0.476  0.205 -0.083 -0.372 -0.438 -0.414 -0.260 -0.257 -0.118 -0.254 -0.279 -0.234  0.013  0.169  0.483  0.777  1.000  0.765  0.642  0.585  0.190 -0.134 -0.195 -0.047 -0.227 -0.413 -0.354 -0.355 -0.465 -0.468 -0.398 -0.362 -0.401 -0.450 -0.455 -0.435 -0.438 -0.375 -0.428 -0.491 -0.456 -0.517 -0.494 -0.371 -0.242 -0.324 -0.369 -0.450 -0.397 -0.332 -0.261 -0.098  0.022  0.295  0.390  0.451  0.250  0.115  0.257  0.263  0.331  0.394  0.241  0.098 -0.180 -0.372 -0.497 -0.528 -0.472 -0.315 -0.142  0.174  0.471  0.505  0.485
  0.469  0.312  0.082 -0.200 -0.446 -0.472 -0.437 -0.234 -0.251 -0.181 -0.332 -0.396 -0.385 -0.173 -0.049  0.254  0.492  0.765  1.000  0.777  0.573  0.236 -0.092 -0.194 -0.082 -0.267 -0.445 -0.393 -0.399 -0.499 -0.491 -0.425 -0.393 -0.424 -0.466 -0.450 -0.424 -0.424 -0.355 -0.387 -0.451 -0.411 -0.468 -0.412 -0.273 -0.181 -0.250 -0.293 -0.361 -0.295 -0.217 -0.194  0.004  0.183  0.469  0.606  0.672  0.488  0.349  0.464  0.422  0.397  0.356  0.193  0.144 -0.149 -0.323 -0.445 -0.493 -0.430 -0.248 -0.146  0.170  0.437  0.459  0.436
  0.304  0.139 -0.086 -0.363 -0.508 -0.520 -0.429 -0.194 -0.213 -0.200 -0.381 -0.474 -0.460 -0.311 -0.155  0.140  0.377  0.642  0.777  1.000  0.795  0.485  0.127  0.023  0.123 -0.116 -0.292 -0.233 -0.300 -0.426 -0.402 -0.362 -0.372 -0.409 -0.416 -0.388 -0.336 -0.320 -0.261 -0.302 -0.357 -0.348 -0.400 -0.368 -0.275 -0.184 -0.229 -0.247 -0.273 -0.177 -0.054  0.001  0.214  0.388  0.636  0.624  0.680  0.557  0.369  0.424  0.332  0.252  0.175 -0.010 -0.037 -0.301 -0.372 -0.446 -0.447 -0.394 -0.233 -0.168  0.110  0.363  0.379  0.361
  0.208  0.038 -0.149 -0.383 -0.441 -0.435 -0.320 -0.122 -0.152 -0.175 -0.334 -0.409 -0.376 -0.280 -0.098  0.148  0.423  0.585  0.573  0.795  1.000  0.729  0.369  0.266  0.364  0.094 -0.076 -0.028 -0.147 -0.285 -0.266 -0.263 -0.302 -0.336 -0.316 -0.279 -0.217 -0.188 -0.152 -0.184 -0.218 -0.249 -0.285 -0.291 -0.262 -0.184 -0.201 -0.191 -0.171 -0.062  0.088  0.199  0.365  0.484  0.650  0.524  0.484  0.408  0.200  0.196  0.127  0.064  0.012 -0.153 -0.195 -0.372 -0.368 -0.377 -0.333 -0.291 -0.190 -0.152  0.017  0.206  0.215  0.212
 -0.160 -0.307 -0.380 -0.501 -0.345 -0.285 -0.160 -0.001 -0.027 -0.168 -0.294 -0.395 -0.363 -0.427 -0.259 -0.149  0.071  0.190  0.236  0.485  0.729  1.000  0.751  0.633  0.664  0.430  0.262  0.271  0.116 -0.021 -0.015 -0.054 -0.134 -0.166 -0.108 -0.058  0.008  0.057  0.041  0.043  0.067 -0.026  0.006 -0.001 -0.044 -0.031  0.010  0.064  0.157  0.295  0.479  0.607  0.696  0.743  0.689  0.428  0.313  0.398  0.208  0.076 -0.028 -0.162 -0.284 -0.416 -0.362 -0.397 -0.227 -0.141 -0.062 -0.059 -0.049 -0.162 -0.139 -0.105 -0.119 -0.103
 -0.384 -0.448 -0.415 -0.387 -0.108 -0.038  0.051  0.084  0.072 -0.078 -0.119 -0.184 -0.155 -0.318 -0.219 -0.265 -0.142 -0.134 -0.092  0.127  0.369  0.751  1.000  0.835  0.687  0.605  0.579  0.500  0.304  0.218  0.222  0.138  0.030  0.015  0.099  0.144  0.221  0.296  0.232  0.222  0.291  0.186  0.280  0.250  0.160  0.114  0.187  0.274  0.413  0.528  0.647  0.766  0.677  0.614  0.427  0.176  0.003  0.160  0.076 -0.126 -0.202 -0.334 -0.449 -0.497 -0.398 -0.283 -0.040  0.110  0.192  0.153  0.062 -0.128 -0.261 -0.372 -0.398 -0.371
 -0.437 -0.479 -0.417 -0.350 -0.023  0.027  0.120  0.116  0.104 -0.036 -0.048 -0.100 -0.047 -0.244 -0.154 -0.256 -0.159 -0.195 -0.194  0.023  0.266  0.633  0.835  1.000  0.818  0.626  0.716  0.692  0.460  0.374  0.395  0.310  0.186  0.156  0.251  0.261  0.300  0.363  0.262  0.263  0.363  0.175  0.274  0.248  0.136  0.129  0.202  0.278  0.401  0.486  0.624  0.783  0.692  0.527  0.309  0.016 -0.151  0.020 -0.063 -0.281 -0.341 -0.441 -0.533 -0.561 -0.477 -0.313 -0.030  0.138  0.241  0.169  0.038 -0.152 -0.338 -0.440 -0.454 -0.415
 -0.293 -0.350 -0.384 -0.369 -0.121 -0.093  0.025  0.041  0.050 -0.038 -0.082 -0.125 -0.065 -0.207 -0.109 -0.155 -0.060 -0.047 -0.082  0.123  0.364  0.664  0.687  0.818  1.000  0.754  0.601  0.670  0.526  0.336  0.324  0.283  0.155  0.092  0.172  0.167  0.213  0.260  0.181  0.171  0.232  0.083  0.123  0.057 -0.054 -0.033  0.014  0.079  0.190  0.280  0.424  0.589  0.556  0.428  0.297  0.040 -0.092  0.005 -0.117 -0.264 -0.321 -0.389 -0.452 -0.494 -0.474 -0.384 -0.178 -0.033  0.086  0.052 -0.049 -0.131 -0.243 -0.270 -0.276 -0.242
 -0.352 -0.337 -0.321 -0.225  0.036  0.054  0.142  0.062  0.084  0.014  0.033  0.026  0.082 -0.082 -0.026 -0.171 -0.167 -0.227 -0.267 -0.116  0.094  0.430  0.605  0.626  0.754  1.000  0.749  0.662  0.650  0.525  0.424  0.377  0.265  0.191  0.250  0.237  0.294  0.361  0.259  0.217  0.277  0.201  0.257  0.160  0.040  0.019  0.074  0.122  0.227  0.267  0.322  0.457  0.358  0.213  0.040 -0.146 -0.264 -0.167 -0.210 -0.331 -0.366 -0.416 -0.454 -0.425 -0.392 -0.239 -0.060  0.096  0.188  0.134 -0.019 -0.092 -0.248 -0.345 -0.345 -0.311
 -0.516 -0.467 -0.347 -0.163  0.196  0.221  0.301  0.168  0.165  0.058  0.130  0.127  0.177 -0.059 -0.042 -0.253 -0.281 -0.413 -0.445 -0.292 -0.076  0.262  0.579  0.716  0.601  0.749  1.000  0.862  0.676  0.696  0.695  0.553  0.412  0.406  0.508  0.507  0.547  0.614  0.477  0.419  0.516  0.357  0.430  0.338  0.169  0.131  0.218  0.267  0.394  0.396  0.439  0.558  0.395  0.183 -0.062 -0.284 -0.429 -0.267 -0.266 -0.456 -0.486 -0.545 -0.585 -0.519 -0.450 -0.187  0.087  0.290  0.398  0.314  0.116 -0.046 -0.350 -0.579 -0.596 -0.551
 -0.481 -0.442 -0.364 -0.208  0.139  0.145  0.250  0.134  0.133  0.055  0.110  0.102  0.164 -0.067 -0.048 -0.236 -0.254 -0.354 -0.393 -0.233 -0.028  0.271  0.500  0.692  0.670  0.662  0.862  1.000  0.802  0.697  0.755  0.674  0.493  0.441  0.557  0.510  0.527  0.553  0.418  0.380  0.460  0.277  0.318  0.217  0.042  0.046  0.119  0.166  0.290  0.302  0.382  0.503  0.384  0.179 -0.034 -0.268 -0.395 -0.255 -0.286 -0.461 -0.498 -0.548 -0.586 -0.539 -0.498 -0.274 -0.011  0.179  0.312  0.239  0.054 -0.064 -0.340 -0.505 -0.516 -0.469
 -0.399 -0.330 -0.270 -0.105  0.181  0.164  0.215  0.060  0.070  0.077  0.161  0.174  0.232  0.026  0.014 -0.192 -0.252 -0.355 -0.399 -0.300 -0.147  0.116  0.304  0.460  0.526  0.650  0.676  0.802  1.000  0.830  0.717  0.770  0.672  0.526  0.545  0.421  0.358  0.364  0.216  0.214  0.314  0.156  0.206  0.118 -0.014  0.008  0.049  0.077  0.158  0.150  0.205  0.316  0.207  0.016 -0.165 -0.332 -0.423 -0.326 -0.338 -0.449 -0.462 -0.471 -0.477 -0.398 -0.373 -0.178 -0.007  0.125  0.220  0.135 -0.041 -0.101 -0.282 -0.373 -0.367 -0.327
 -0.462 -0.366 -0.236 -0.006  0.304  0.306  0.312  0.120  0.095  0.093  0.225  0.242  0.281  0.057  0.014 -0.233 -0.326 -0.465 -0.499 -0.426 -0.285 -0.021  0.218  0.374  0.336  0.525  0.696  0.697  0.830  1.000  0.868  0.791  0.761  0.728  0.719  0.641  0.521  0.494  0.356  0.370  0.471  0.284  0.323  0.248  0.093  0.079  0.145  0.157  0.239  0.182  0.198  0.281  0.145 -0.055 -0.266 -0.412 -0.499 -0.380 -0.346 -0.469 -0.470 -0.483 -0.479 -0.367 -0.312 -0.057  0.132  0.289  0.374  0.303  0.119 -0.000 -0.277 -0.512 -0.535 -0.499
 -0.492 -0.415 -0.285 -0.066  0.262  0.270  0.316  0.155  0.125  0.085  0.204  0.203  0.237 -0.000 -0.043 -0.268 -0.344 -0.468 -0.491 -0.402 -0.266 -0.015  0.222  0.395  0.324  0.424  0.695  0.755  0.717  0.868  1.000  0.861  0.723  0.739  0.821  0.756  0.686  0.633  0.504  0.480  0.525  0.343  0.348  0.261  0.083  0.074  0.151  0.165  0.261  0.207  0.237  0.303  0.177 -0.014 -0.227 -0.389 -0.473 -0.340 -0.313 -0.454 -0.476 -0.507 -0.522 -0.431 -0.376 -0.123  0.099  0.281  0.392  0.338  0.155  0.026 -0.304 -0.560 -0.590 -0.551
 -0.405 -0.328 -0.243 -0.058  0.219  0.201  0.232  0.074  0.066  0.090  0.203  0.203  0.243  0.023 -0.020 -0.223 -0.297 -0.398 -0.425 -0.362 -0.263 -0.054  0.138  0.310  0.283  0.377  0.553  0.674  0.770  0.791  0.861  1.000  0.859  0.723  0.753  0.575  0.447  0.406  0.260  0.260  0.337  0.160  0.200  0.144  0.024  0.057  0.098  0.104  0.159  0.114  0.150  0.226  0.119 -0.061 -0.234 -0.366 -0.431 -0.333 -0.316 -0.417 -0.427 -0.431 -0.438 -0.354 -0.317 -0.121  0.042  0.166  0.247  0.165 -0.003 -0.085 -0.293 -0.402 -0.407 -0.368
 -0.319 -0.233 -0.140  0.043  0.257  0.234  0.192  0.026  0.008  0.107  0.240  0.242  0.269  0.089  0.029 -0.167 -0.256 -0.362 -0.393 -0.372 -0.302 -0.134  0.030  0.186  0.155  0.265  0.412  0.493  0.672  0.761  0.723  0.859  1.000  0.850  0.728  0.546  0.290  0.232  0.102  0.141  0.259  0.069  0.130  0.112  0.033  0.061  0.085  0.081  0.109  0.050  0.070  0.140  0.031 -0.132 -0.276 -0.362 -0.411 -0.341 -0.307 -0.376 -0.356 -0.333 -0.315 -0.217 -0.182 -0.006  0.094  0.163  0.207  0.134 -0.002 -0.078 -0.227 -0.330 -0.343 -0.317
 -0.339 -0.253 -0.126  0.078  0.285  0.279  0.220  0.055  0.012  0.124  0.273  0.265  0.268  0.096  0.015 -0.180 -0.282 -0.401 -0.424 -0.409 -0.336 -0.166  0.015  0.156  0.092  0.191  0.406  0.441  0.526  0.728  0.739  0.723  0.850  1.000  0.884  0.765  0.485  0.372  0.270  0.298  0.382  0.174  0.205  0.180  0.071  0.067  0.112  0.112  0.160  0.083  0.086  0.132  0.006 -0.148 -0.301 -0.374 -0.426 -0.345 -0.288 -0.370 -0.344 -0.333 -0.309 -0.204 -0.163  0.033  0.143  0.234  0.290  0.264  0.147  0.039 -0.197 -0.419 -0.464 -0.444
 -0.426 -0.350 -0.213 -0.001  0.271  0.275  0.281  0.120  0.070  0.099  0.240  0.229  0.250  0.037 -0.033 -0.239 -0.329 -0.450 -0.466 -0.416 -0.316 -0.108  0.099  0.251  0.172  0.250  0.508  0.557  0.545  0.719  0.821  0.753  0.728  0.884  1.000  0.891  0.692  0.557  0.446  0.463  0.502  0.303  0.302  0.244  0.084  0.073  0.143  0.149  0.227  0.151  0.166  0.211  0.082 -0.085 -0.270 -0.383 -0.449 -0.337 -0.288 -0.406 -0.405 -0.421 -0.418 -0.323 -0.276 -0.054  0.126  0.279  0.377  0.362  0.219  0.091 -0.252 -0.519 -0.564 -0.533
 -0.455 -0.392 -0.249 -0.048  0.234  0.272  0.300  0.181  0.103  0.049  0.165  0.151  0.158 -0.040 -0.088 -0.278 -0.352 -0.455 -0.450 -0.388 -0.279 -0.058  0.144  0.261  0.167  0.237  0.507  0.510  0.421  0.641  0.756  0.575  0.546  0.765  0.891  1.000  0.834  0.669  0.570  0.598  0.599  0.428  0.392  0.322  0.137  0.085  0.180  0.188  0.289  0.218  0.224  0.240  0.124 -0.016 -0.210 -0.331 -0.401 -0.268 -0.215 -0.352 -0.367 -0.414 -0.432 -0.353 -0.289 -0.057  0.151  0.342  0.447  0.468  0.335  0.184 -0.228 -0.572 -0.629 -0.599
 -0.471 -0.426 -0.297 -0.119  0.173  0.223  0.311  0.230  0.173  0.030  0.113  0.100  0.110 -0.088 -0.125 -0.294 -0.344 -0.435 -0.424 -0.336 -0.217  0.008  0.221  0.300  0.213  0.294  0.547  0.527  0.358  0.521  0.686  0.447  0.290  0.485  0.692  0.834  1.000  0.866  0.732  0.677  0.591  0.506  0.431  0.325  0.119  0.059  0.162  0.179  0.300  0.252  0.266  0.264  0.161  0.040 -0.152 -0.288 -0.360 -0.218 -0.178 -0.325 -0.369 -0.440 -0.477 -0.418 -0.357 -0.132  0.100  0.319  0.441  0.458  0.321  0.198 -0.216 -0.566 -0.613 -0.578
 -0.497 -0.459 -0.326 -0.155  0.145  0.209  0.336  0.268  0.242  0.029  0.090  0.081  0.087 -0.113 -0.131 -0.302 -0.349 -0.438 -0.424 -0.320 -0.188  0.057  0.296  0.363  0.260  0.361  0.614  0.553  0.364  0.494  0.633  0.406  0.232  0.372  0.557  0.669  0.866  1.000  0.841  0.648  0.619  0.560  0.485  0.354  0.143  0.073  0.182  0.206  0.337  0.306  0.312  0.312  0.204  0.084 -0.120 -0.274 -0.350 -0.196 -0.163 -0.321 -0.385 -0.470 -0.519 -0.463 -0.399 -0.160  0.086  0.318  0.431  0.433  0.276  0.142 -0.250 -0.572 -0.608 -0.570
 -0.433 -0.408 -0.288 -0.141  0.106  0.180  0.320  0.266  0.244  0.026  0.058  0.048  0.043 -0.122 -0.136 -0.270 -0.307 -0.375 -0.355 -0.261 -0.152  0.041  0.232  0.262  0.181  0.259  0.477  0.418  0.216  0.356  0.504  0.260  0.102  0.270  0.446  0.570  0.732  0.841  1.000  0.765  0.676  0.652  0.512  0.347  0.119  0.020  0.136  0.163  0.301  0.276  0.259  0.228  0.149  0.075 -0.097 -0.217 -0.272 -0.134 -0.098 -0.237 -0.307 -0.401 -0.449 -0.407 -0.354 -0.150  0.070  0.304  0.436  0.504  0.403  0.268 -0.159 -0.512 -0.584 -0.566
 -0.473 -0.447 -0.282 -0.105  0.180  0.280  0.359  0.279  0.200 -0.034  0.038  0.035  0.038 -0.153 -0.177 -0.319 -0.358 -0.428 -0.387 -0.302 -0.184  0.043  0.222  0.263  0.171  0.217  0.419  0.380  0.214  0.370  0.480  0.260  0.141  0.298  0.463  0.598  0.677  0.648  0.765  1.000  0.837  0.756  0.599  0.447  0.189  0.050  0.189  0.222  0.376  0.330  0.305  0.262  0.184  0.109 -0.086 -0.212 -0.279 -0.116 -0.061 -0.225 -0.280 -0.392 -0.445 -0.396 -0.311 -0.079  0.182  0.426  0.599  0.697  0.637  0.465 -0.095 -0.564 -0.671 -0.665
 -0.542 -0.503 -0.298 -0.086  0.254  0.369  0.431  0.322  0.240 -0.031  0.062  0.064  0.071 -0.157 -0.172 -0.359 -0.400 -0.491 -0.451 -0.357 -0.218  0.067  0.291  0.363  0.232  0.277  0.516  0.460  0.314  0.471  0.525  0.337  0.259  0.382  0.502  0.599  0.591  0.619  0.676  0.837  1.000  0.782  0.685  0.552  0.282  0.125  0.275  0.312  0.471  0.420  0.394  0.365  0.254  0.150 -0.089 -0.247 -0.335 -0.144 -0.085 -0.279 -0.328 -0.442 -0.497 -0.427 -0.312 -0.030  0.276  0.540  0.697  0.746  0.617  0.337 -0.200 -0.638 -0.741 -0.729
 -0.468 -0.424 -0.248 -0.041  0.246  0.351  0.453  0.331  0.290 -0.010  0.070  0.090  0.084 -0.114 -0.166 -0.328 -0.383 -0.456 -0.411 -0.348 -0.249 -0.026  0.186  0.175  0.083  0.201  0.357  0.277  0.156  0.284  0.343  0.160  0.069  0.174  0.303  0.428  0.506  0.560  0.652  0.756  0.782  1.000  0.813  0.587  0.296  0.073  0.218  0.260  0.438  0.395  0.298  0.194  0.103  0.066 -0.132 -0.224 -0.279 -0.121 -0.038 -0.183 -0.242 -0.366 -0.414 -0.340 -0.243  0.012  0.277  0.546  0.704  0.792  0.606  0.412 -0.108 -0.559 -0.647 -0.643
 -0.520 -0.461 -0.262 -0.016  0.323  0.418  0.472  0.332  0.272  0.018  0.124  0.132  0.123 -0.117 -0.177 -0.371 -0.424 -0.517 -0.468 -0.400 -0.285  0.006  0.280  0.274  0.123  0.257  0.430  0.318  0.206  0.323  0.348  0.200  0.130  0.205  0.302  0.392  0.431  0.485  0.512  0.599  0.685  0.813  1.000  0.810  0.506  0.223  0.369  0.415  0.605  0.555  0.434  0.334  0.191  0.117 -0.126 -0.244 -0.330 -0.146 -0.047 -0.223 -0.258 -0.375 -0.429 -0.339 -0.206  0.084  0.401  0.674  0.739  0.702  0.477  0.209 -0.217 -0.614 -0.685 -0.672
 -0.491 -0.440 -0.226  0.003  0.319  0.429  0.428  0.322  0.229 -0.032  0.066  0.060  0.048 -0.184 -0.240 -0.420 -0.436 -0.494 -0.412 -0.368 -0.291 -0.001  0.250  0.248  0.057  0.160  0.338  0.217  0.118  0.248  0.261  0.144  0.112  0.180  0.244  0.322  0.325  0.354  0.347  0.447  0.552  0.587  0.810  1.000  0.784  0.462  0.601  0.633  0.682  0.562  0.450  0.355  0.230  0.164 -0.079 -0.180 -0.260 -0.078  0.024 -0.142 -0.152 -0.252 -0.321 -0.246 -0.071  0.193  0.511  0.743  0.684  0.592  0.387  0.059 -0.257 -0.595 -0.654 -0.639
 -0.345 -0.299 -0.148  0.011  0.218  0.301  0.256  0.190  0.122 -0.066  0.002 -0.004 -0.017 -0.175 -0.229 -0.366 -0.357 -0.371 -0.273 -0.275 -0.262 -0.044  0.160  0.136 -0.054  0.040  0.169  0.042 -0.014  0.093  0.083  0.024  0.033  0.071  0.084  0.137  0.119  0.143  0.119  0.189  0.282  0.296  0.506  0.784  1.000  0.710  0.647  0.634  0.524  0.467  0.362  0.262  0.156  0.125 -0.049 -0.082 -0.150 -0.025  0.081 -0.027  0.007 -0.040 -0.127 -0.084  0.106  0.278  0.474  0.566  0.439  0.328  0.197 -0.074 -0.204 -0.406 -0.436 -0.426
 -0.243 -0.219 -0.118 -0.018  0.127  0.178  0.137  0.101  0.066 -0.062 -0.013 -0.030 -0.019 -0.137 -0.155 -0.255 -0.233 -0.242 -0.181 -0.184 -0.184 -0.031  0.114  0.129 -0.033  0.019  0.131  0.046  0.008  0.079  0.074  0.057  0.061  0.067  0.073  0.085  0.059  0.073  0.020  0.050  0.125  0.073  0.223  0.462  0.710  1.000  0.761  0.552  0.343  0.282  0.248  0.221  0.151  0.093 -0.035 -0.072 -0.120 -0.037  0.020 -0.047 -0.022 -0.044 -0.106 -0.093  0.022  0.127  0.288  0.349  0.235  0.116  0.034 -0.172 -0.209 -0.289 -0.282 -0.267
 -0.345 -0.321 -0.171 -0.047  0.161  0.235  0.221  0.174  0.109 -0.076 -0.009 -0.028 -0.021 -0.178 -0.198 -0.325 -0.301 -0.324 -0.250 -0.229 -0.201  0.010  0.187  0.202  0.014  0.074  0.218  0.119  0.049  0.145  0.151  0.098  0.085  0.112  0.143  0.180  0.162  0.182  0.136  0.189  0.275  0.218  0.369  0.601  0.647  0.761  1.000  0.745  0.527  0.366  0.311  0.296  0.220  0.154 -0.019 -0.090 -0.149 -0.025  0.038 -0.068 -0.068 -0.126 -0.198 -0.176 -0.050  0.093  0.311  0.444  0.364  0.257  0.143 -0.111 -0.245 -0.409 -0.421 -0.405
 -0.392 -0.366 -0.218 -0.074  0.154  0.215  0.187  0.137  0.106 -0.016  0.019 -0.008 -0.024 -0.199 -0.225 -0.355 -0.337 -0.369 -0.293 -0.247 -0.191  0.064  0.274  0.278  0.079  0.122  0.267  0.166  0.077  0.157  0.165  0.104  0.081  0.112  0.149  0.188  0.179  0.206  0.163  0.222  0.312  0.260  0.415  0.633  0.634  0.552  0.745  1.000  0.766  0.560  0.434  0.395  0.270  0.200  0.000 -0.094 -0.175 -0.021  0.054 -0.089 -0.101 -0.177 -0.261 -0.228 -0.097  0.076  0.294  0.404  0.365  0.288  0.184 -0.076 -0.221 -0.417 -0.462 -0.447
 -0.508 -0.478 -0.301 -0.119  0.188  0.266  0.252  0.189  0.169  0.025  0.067  0.024 -0.004 -0.229 -0.258 -0.410 -0.403 -0.450 -0.361 -0.273 -0.171  0.157  0.413  0.401  0.190  0.227  0.394  0.290  0.158  0.239  0.261  0.159  0.109  0.160  0.227  0.289  0.300  0.337  0.301  0.376  0.471  0.438  0.605  0.682  0.524  0.343  0.527  0.766  1.000  0.789  0.613  0.530  0.366  0.305  0.056 -0.084 -0.190  0.020  0.104 -0.103 -0.151 -0.291 -0.395 -0.351 -0.198  0.036  0.313  0.477  0.495  0.444  0.300  0.013 -0.247 -0.542 -0.600 -0.582
 -0.494 -0.484 -0.342 -0.217  0.075  0.155  0.160  0.138  0.122 -0.027 -0.022 -0.077 -0.102 -0.306 -0.304 -0.420 -0.382 -0.397 -0.295 -0.177 -0.062  0.295  0.528  0.486  0.280  0.267  0.396  0.302  0.150  0.182  0.207  0.114  0.050  0.083  0.151  0.218  0.252  0.306  0.276  0.330  0.420  0.395  0.555  0.562  0.467  0.282  0.366  0.560  0.789  1.000  0.831  0.667  0.482  0.455  0.195  0.029 -0.095  0.135  0.206 -0.029 -0.092 -0.253 -0.401 -0.389 -0.225 -0.023  0.245  0.365  0.403  0.370  0.255 -0.022 -0.230 -0.471 -0.529 -0.511
 -0.511 -0.547 -0.410 -0.333 -0.010  0.079  0.105  0.142  0.105 -0.074 -0.096 -0.181 -0.191 -0.404 -0.350 -0.441 -0.343 -0.332 -0.217 -0.054  0.088  0.479  0.647  0.624  0.424  0.322  0.439  0.382  0.205  0.198  0.237  0.150  0.070  0.086  0.166  0.224  0.266  0.312  0.259  0.305  0.394  0.298  0.434  0.450  0.362  0.248  0.311  0.434  0.613  0.831  1.000  0.856  0.713  0.664  0.381  0.139 -0.002  0.255  0.254 -0.016 -0.106 -0.287 -0.461 -0.491 -0.309 -0.131  0.167  0.285  0.339  0.298  0.209 -0.083 -0.257 -0.456 -0.508 -0.485
 -0.486 -0.536 -0.431 -0.367 -0.032  0.044  0.094  0.128  0.095 -0.066 -0.087 -0.169 -0.151 -0.362 -0.274 -0.365 -0.253 -0.261 -0.194  0.001  0.199  0.607  0.766  0.783  0.589  0.457  0.558  0.503  0.316  0.281  0.303  0.226  0.140  0.132  0.211  0.240  0.264  0.312  0.228  0.262  0.365  0.194  0.334  0.355  0.262  0.221  0.296  0.395  0.530  0.667  0.856  1.000  0.838  0.686  0.405  0.109 -0.060  0.175  0.108 -0.155 -0.230 -0.373 -0.512 -0.544 -0.402 -0.229  0.072  0.209  0.281  0.212  0.114 -0.148 -0.307 -0.456 -0.486 -0.453
 -0.396 -0.495 -0.433 -0.464 -0.183 -0.105 -0.019  0.104  0.054 -0.154 -0.227 -0.336 -0.310 -0.471 -0.334 -0.352 -0.172 -0.098  0.004  0.214  0.365  0.696  0.677  0.692  0.556  0.358  0.395  0.384  0.207  0.145  0.177  0.119  0.031  0.006  0.082  0.124  0.161  0.204  0.149  0.184  0.254  0.103  0.191  0.230  0.156  0.151  0.220  0.270  0.366  0.482  0.713  0.838  1.000  0.848  0.607  0.306  0.180  0.386  0.247  0.019 -0.094 -0.256 -0.422 -0.514 -0.377 -0.304 -0.027  0.084  0.149  0.098  0.054 -0.183 -0.256 -0.316 -0.335 -0.308
 -0.301 -0.437 -0.410 -0.509 -0.308 -0.218 -0.127  0.060  0.006 -0.217 -0.335 -0.463 -0.459 -0.567 -0.423 -0.353 -0.127  0.022  0.183  0.388  0.484  0.743  0.614  0.527  0.428  0.213  0.183  0.179  0.016 -0.055 -0.014 -0.061 -0.132 -0.148 -0.085 -0.016  0.040  0.084  0.075  0.109  0.150  0.066  0.117  0.164  0.125  0.093  0.154  0.200  0.305  0.455  0.664  0.686  0.848  1.000  0.818  0.541  0.434  0.625  0.460  0.252  0.111 -0.089 -0.286 -0.418 -0.272 -0.286 -0.067  0.004  0.050  0.039  0.059 -0.164 -0.163 -0.186 -0.215 -0.202
 -0.053 -0.213 -0.292 -0.485 -0.439 -0.378 -0.290 -0.057 -0.101 -0.240 -0.400 -0.522 -0.521 -0.516 -0.360 -0.176  0.083  0.295  0.469  0.636  0.650  0.689  0.427  0.309  0.297  0.040 -0.062 -0.034 -0.165 -0.266 -0.227 -0.234 -0.276 -0.301 -0.270 -0.210 -0.152 -0.120 -0.097 -0.086 -0.089 -0.132 -0.126 -0.079 -0.049 -0.035 -0.019  0.000  0.056  0.195  0.381  0.405  0.607  0.818  1.000  0.795  0.683  0.749  0.544  0.433  0.304  0.112 -0.065 -0.236 -0.135 -0.285 -0.204 -0.206 -0.186 -0.162 -0.062 -0.176 -0.038  0.060  0.045  0.042
  0.133  0.005 -0.125 -0.338 -0.441 -0.399 -0.353 -0.141 -0.177 -0.222 -0.378 -0.476 -0.493 -0.403 -0.292 -0.074  0.157  0.390  0.606  0.624  0.524  0.428  0.176  0.016  0.040 -0.146 -0.284 -0.268 -0.332 -0.412 -0.389 -0.366 -0.362 -0.374 -0.383 -0.331 -0.288 -0.274 -0.217 -0.212 -0.247 -0.224 -0.244 -0.180 -0.082 -0.072 -0.090 -0.094 -0.084  0.029  0.139  0.109  0.306  0.541  0.795  1.000  0.833  0.747  0.659  0.645  0.587  0.368  0.196  0.020  0.093 -0.144 -0.201 -0.264 -0.298 -0.240 -0.094 -0.134  0.073  0.206  0.194  0.176
  0.225  0.082 -0.053 -0.315 -0.490 -0.462 -0.418 -0.175 -0.208 -0.246 -0.416 -0.517 -0.541 -0.401 -0.297 -0.035  0.174  0.451  0.672  0.680  0.484  0.313  0.003 -0.151 -0.092 -0.264 -0.429 -0.395 -0.423 -0.499 -0.473 -0.431 -0.411 -0.426 -0.449 -0.401 -0.360 -0.350 -0.272 -0.279 -0.335 -0.279 -0.330 -0.260 -0.150 -0.120 -0.149 -0.175 -0.190 -0.095 -0.002 -0.060  0.180  0.434  0.683  0.833  1.000  0.856  0.700  0.758  0.611  0.434  0.297  0.116  0.156 -0.127 -0.229 -0.333 -0.381 -0.310 -0.122 -0.120  0.156  0.338  0.333  0.307
  0.006 -0.143 -0.168 -0.378 -0.435 -0.372 -0.322 -0.084 -0.127 -0.267 -0.419 -0.536 -0.569 -0.521 -0.417 -0.227 -0.012  0.250  0.488  0.557  0.408  0.398  0.160  0.020  0.005 -0.167 -0.267 -0.255 -0.326 -0.380 -0.340 -0.333 -0.341 -0.345 -0.337 -0.268 -0.218 -0.196 -0.134 -0.116 -0.144 -0.121 -0.146 -0.078 -0.025 -0.037 -0.025 -0.021  0.020  0.135  0.255  0.175  0.386  0.625  0.749  0.747  0.856  1.000  0.841  0.733  0.522  0.299  0.129 -0.040  0.055 -0.139 -0.129 -0.187 -0.209 -0.155 -0.002 -0.106  0.072  0.146  0.126  0.112
 -0.030 -0.125 -0.101 -0.255 -0.324 -0.255 -0.243 -0.061 -0.111 -0.230 -0.337 -0.438 -0.483 -0.449 -0.401 -0.275 -0.111  0.115  0.349  0.369  0.200  0.208  0.076 -0.063 -0.117 -0.210 -0.266 -0.286 -0.338 -0.346 -0.313 -0.316 -0.307 -0.288 -0.288 -0.215 -0.178 -0.163 -0.098 -0.061 -0.085 -0.038 -0.047  0.024  0.081  0.020  0.038  0.054  0.104  0.206  0.254  0.108  0.247  0.460  0.544  0.659  0.700  0.841  1.000  0.822  0.672  0.394  0.205  0.051  0.164 -0.008 -0.013 -0.070 -0.113 -0.052  0.083 -0.041  0.079  0.071  0.039  0.023
  0.185  0.098  0.038 -0.167 -0.363 -0.328 -0.336 -0.147 -0.179 -0.220 -0.337 -0.420 -0.463 -0.341 -0.299 -0.123  0.014  0.257  0.464  0.424  0.196  0.076 -0.126 -0.281 -0.264 -0.331 -0.456 -0.461 -0.449 -0.469 -0.454 -0.417 -0.376 -0.370 -0.406 -0.352 -0.325 -0.321 -0.237 -0.225 -0.279 -0.183 -0.223 -0.142 -0.027 -0.047 -0.068 -0.089 -0.103 -0.029 -0.016 -0.155  0.019  0.252  0.433  0.645  0.758  0.733  0.822  1.000  0.824  0.570  0.410  0.245  0.301  0.044 -0.076 -0.195 -0.272 -0.205 -0.030 -0.055  0.170  0.270  0.258  0.231
  0.269  0.230  0.134 -0.062 -0.301 -0.285 -0.328 -0.177 -0.219 -0.175 -0.279 -0.345 -0.384 -0.230 -0.201 -0.028  0.077  0.263  0.422  0.332  0.127 -0.028 -0.202 -0.341 -0.321 -0.366 -0.486 -0.498 -0.462 -0.470 -0.476 -0.427 -0.356 -0.344 -0.405 -0.367 -0.369 -0.385 -0.307 -0.280 -0.328 -0.242 -0.258 -0.152  0.007 -0.022 -0.068 -0.101 -0.151 -0.092 -0.106 -0.230 -0.094  0.111  0.304  0.587  0.611  0.522  0.672  0.824  1.000  0.785  0.574  0.387  0.461  0.151 -0.029 -0.171 -0.280 -0.215 -0.045 -0.047  0.183  0.291  0.279  0.247
  0.464  0.428  0.294  0.059 -0.270 -0.292 -0.365 -0.248 -0.269 -0.145 -0.236 -0.262 -0.288 -0.069 -0.041  0.157  0.204  0.331  0.397  0.252  0.064 -0.162 -0.334 -0.441 -0.389 -0.416 -0.545 -0.548 -0.471 -0.483 -0.507 -0.431 -0.333 -0.333 -0.421 -0.414 -0.440 -0.470 -0.401 -0.392 -0.442 -0.366 -0.375 -0.252 -0.040 -0.044 -0.126 -0.177 -0.291 -0.253 -0.287 -0.373 -0.256 -0.089  0.112  0.368  0.434  0.299  0.394  0.570  0.785  1.000  0.787  0.567  0.583  0.225 -0.055 -0.245 -0.378 -0.319 -0.135 -0.063  0.236  0.409  0.410  0.377
  0.637  0.616  0.494  0.264 -0.167 -0.219 -0.337 -0.278 -0.282 -0.117 -0.160 -0.142 -0.145  0.137  0.167  0.377  0.352  0.394  0.356  0.175  0.012 -0.284 -0.449 -0.533 -0.452 -0.454 -0.585 -0.586 -0.477 -0.479 -0.522 -0.438 -0.315 -0.309 -0.418 -0.432 -0.477 -0.519 -0.449 -0.445 -0.497 -0.414 -0.429 -0.321 -0.127 -0.106 -0.198 -0.261 -0.395 -0.401 -0.461 -0.512 -0.422 -0.286 -0.065  0.196  0.297  0.129  0.205  0.410  0.574  0.787  1.000  0.823  0.658  0.336 -0.030 -0.253 -0.398 -0.343 -0.163 -0.029  0.285  0.451  0.462  0.430
  0.557  0.638  0.602  0.492  0.051 -0.025 -0.217 -0.253 -0.237 -0.063 -0.033  0.051  0.051  0.319  0.281  0.370  0.257  0.241  0.193 -0.010 -0.153 -0.416 -0.497 -0.561 -0.494 -0.425 -0.519 -0.539 -0.398 -0.367 -0.431 -0.354 -0.217 -0.204 -0.323 -0.353 -0.418 -0.463 -0.407 -0.396 -0.427 -0.340 -0.339 -0.246 -0.084 -0.093 -0.176 -0.228 -0.351 -0.389 -0.491 -0.544 -0.514 -0.418 -0.236  0.020  0.116 -0.040  0.051  0.245  0.387  0.567  0.823  1.000  0.800  0.540  0.138 -0.117 -0.282 -0.248 -0.121  0.007  0.258  0.360  0.372  0.342
  0.342  0.412  0.487  0.465  0.140  0.097 -0.137 -0.170 -0.183 -0.096 -0.046  0.029  0.009  0.185  0.110  0.119  0.078  0.098  0.144 -0.037 -0.195 -0.362 -0.398 -0.477 -0.474 -0.392 -0.450 -0.498 -0.373 -0.312 -0.376 -0.317 -0.182 -0.163 -0.276 -0.289 -0.357 -0.399 -0.354 -0.311 -0.312 -0.243 -0.206 -0.071  0.106  0.022 -0.050 -0.097 -0.198 -0.225 -0.309 -0.402 -0.377 -0.272 -0.135  0.093  0.156  0.055  0.164  0.301  0.461  0.583  0.658  0.800  1.000  0.711  0.349  0.065 -0.130 -0.127 -0.038 -0.026  0.182  0.223  0.216  0.186
  0.076  0.186  0.424  0.640  0.472  0.464  0.153 -0.003 -0.042 -0.030  0.117  0.227  0.204  0.267  0.140  0.004 -0.103 -0.180 -0.149 -0.301 -0.372 -0.397 -0.283 -0.313 -0.384 -0.239 -0.187 -0.274 -0.178 -0.057 -0.123 -0.121 -0.006  0.033 -0.054 -0.057 -0.132 -0.160 -0.150 -0.079 -0.030  0.012  0.084  0.193  0.278  0.127  0.093  0.076  0.036 -0.023 -0.131 -0.229 -0.304 -0.286 -0.285 -0.144 -0.127 -0.139 -0.008  0.044  0.151  0.225  0.336  0.540  0.711  1.000  0.713  0.384  0.189  0.139  0.119  0.034  0.058 -0.088 -0.105 -0.118
 -0.230 -0.124  0.185  0.463  0.618  0.621  0.364  0.210  0.107 -0.053  0.117  0.196  0.194  0.079 -0.005 -0.211 -0.291 -0.372 -0.323 -0.372 -0.368 -0.227 -0.040 -0.030 -0.178 -0.060  0.087 -0.011 -0.007  0.132  0.099  0.042  0.094  0.143  0.126  0.151  0.100  0.086  0.070  0.182  0.276  0.277  0.401  0.511  0.474  0.288  0.311  0.294  0.313  0.245  0.167  0.072 -0.027 -0.067 -0.204 -0.201 -0.229 -0.129 -0.013 -0.076 -0.029 -0.055 -0.030  0.138  0.349  0.713  1.000  0.719  0.532  0.405  0.280  0.041 -0.100 -0.388 -0.427 -0.423
 -0.429 -0.336 -0.074  0.222  0.538  0.659  0.616  0.460  0.307 -0.042  0.142  0.203  0.205 -0.018 -0.117 -0.333 -0.398 -0.497 -0.445 -0.446 -0.377 -0.141  0.110  0.138 -0.033  0.096  0.290  0.179  0.125  0.289  0.281  0.166  0.163  0.234  0.279  0.342  0.319  0.318  0.304  0.426  0.540  0.546  0.674  0.743  0.566  0.349  0.444  0.404  0.477  0.365  0.285  0.209  0.084  0.004 -0.206 -0.264 -0.333 -0.187 -0.070 -0.195 -0.171 -0.245 -0.253 -0.117  0.065  0.384  0.719  1.000  0.841  0.651  0.403  0.086 -0.250 -0.613 -0.655 -0.638
 -0.510 -0.430 -0.179  0.116  0.503  0.623  0.628  0.452  0.321 -0.013  0.160  0.197  0.225 -0.038 -0.126 -0.347 -0.412 -0.528 -0.493 -0.447 -0.333 -0.062  0.192  0.241  0.086  0.188  0.398  0.312  0.220  0.374  0.392  0.247  0.207  0.290  0.377  0.447  0.441  0.431  0.436  0.599  0.697  0.704  0.739  0.684  0.439  0.235  0.364  0.365  0.495  0.403  0.339  0.281  0.149  0.050 -0.186 -0.298 -0.381 -0.209 -0.113 -0.272 -0.280 -0.378 -0.398 -0.282 -0.130  0.189  0.532  0.841  1.000  0.828  0.554  0.228 -0.230 -0.663 -0.731 -0.717
 -0.446 -0.383 -0.164  0.077  0.370  0.489  0.485  0.311  0.212 -0.027  0.103  0.129  0.149 -0.058 -0.134 -0.314 -0.376 -0.472 -0.430 -0.394 -0.291 -0.059  0.153  0.169  0.052  0.134  0.314  0.239  0.135  0.303  0.338  0.165  0.134  0.264  0.362  0.468  0.458  0.433  0.504  0.697  0.746  0.792  0.702  0.592  0.328  0.116  0.257  0.288  0.444  0.370  0.298  0.212  0.098  0.039 -0.162 -0.240 -0.310 -0.155 -0.052 -0.205 -0.215 -0.319 -0.343 -0.248 -0.127  0.139  0.405  0.651  0.828  1.000  0.771  0.460 -0.066 -0.584 -0.693 -0.694
 -0.278 -0.268 -0.085  0.039  0.181  0.284  0.224  0.166  0.041 -0.085 -0.022 -0.034 -0.048 -0.137 -0.176 -0.259 -0.283 -0.315 -0.248 -0.233 -0.190 -0.049  0.062  0.038 -0.049 -0.019  0.116  0.054 -0.041  0.119  0.155 -0.003 -0.002  0.147  0.219  0.335  0.321  0.276  0.403  0.637  0.617  0.606  0.477  0.387  0.197  0.034  0.143  0.184  0.300  0.255  0.209  0.114  0.054  0.059 -0.062 -0.094 -0.122 -0.002  0.083 -0.030 -0.045 -0.135 -0.163 -0.121 -0.038  0.119  0.280  0.403  0.554  0.771  1.000  0.745  0.272 -0.356 -0.529 -0.563
 -0.053 -0.039  0.030  0.088  0.057  0.089  0.063  0.005 -0.038 -0.022  0.001  0.025  0.009  0.035 -0.020 -0.036 -0.105 -0.142 -0.146 -0.168 -0.152 -0.162 -0.128 -0.152 -0.131 -0.092 -0.046 -0.064 -0.101 -0.000  0.026 -0.085 -0.078  0.039  0.091  0.184  0.198  0.142  0.268  0.465  0.337  0.412  0.209  0.059 -0.074 -0.172 -0.111 -0.076  0.013 -0.022 -0.083 -0.148 -0.183 -0.164 -0.176 -0.134 -0.120 -0.106 -0.041 -0.055 -0.047 -0.063 -0.029  0.007 -0.026  0.034  0.041  0.086  0.228  0.460  0.745  1.000  0.545 -0.066 -0.231 -0.284
  0.267  0.232  0.193  0.094 -0.128 -0.161 -0.267 -0.229 -0.226 -0.110 -0.131 -0.099 -0.122  0.043  0.030  0.142  0.126  0.174  0.170  0.110  0.017 -0.139 -0.261 -0.338 -0.243 -0.248 -0.350 -0.340 -0.282 -0.277 -0.304 -0.293 -0.227 -0.197 -0.252 -0.228 -0.216 -0.250 -0.159 -0.095 -0.200 -0.108 -0.217 -0.257 -0.204 -0.209 -0.245 -0.221 -0.247 -0.230 -0.257 -0.307 -0.256 -0.163 -0.038  0.073  0.156  0.072  0.079  0.170  0.183  0.236  0.285  0.258  0.182  0.058 -0.100 -0.250 -0.230 -0.066  0.272  0.545  1.000  0.382  0.210  0.124
  0.526  0.457  0.226 -0.041 -0.405 -0.490 -0.544 -0.445 -0.401 -0.108 -0.251 -0.225 -0.225  0.042  0.089  0.309  0.357  0.471  0.437  0.363  0.206 -0.105 -0.372 -0.440 -0.270 -0.345 -0.579 -0.505 -0.373 -0.512 -0.560 -0.402 -0.330 -0.419 -0.519 -0.572 -0.566 -0.572 -0.512 -0.564 -0.638 -0.559 -0.614 -0.595 -0.406 -0.289 -0.409 -0.417 -0.542 -0.471 -0.456 -0.456 -0.316 -0.186  0.060  0.206  0.338  0.146  0.071  0.270  0.291  0.409  0.451  0.360  0.223 -0.088 -0.388 -0.613 -0.663 -0.584 -0.356 -0.066  0.382  1.000  0.847  0.697
  0.560  0.491  0.234 -0.045 -0.422 -0.516 -0.535 -0.438 -0.381 -0.112 -0.259 -0.223 -0.212  0.064  0.118  0.343  0.386  0.505  0.459  0.379  0.215 -0.119 -0.398 -0.454 -0.276 -0.345 -0.596 -0.516 -0.367 -0.535 -0.590 -0.407 -0.343 -0.464 -0.564 -0.629 -0.613 -0.608 -0.584 -0.671 -0.741 -0.647 -0.685 -0.654 -0.436 -0.282 -0.421 -0.462 -0.600 -0.529 -0.508 -0.486 -0.335 -0.215  0.045  0.194  0.333  0.126  0.039  0.258  0.279  0.410  0.462  0.372  0.216 -0.105 -0.427 -0.655 -0.731 -0.693 -0.529 -0.231  0.210  0.847  1.000  0.903
