  1.000  0.802  0.559  0.224 -0.214 -0.306 -0.351 -0.291 -0.289 -0.064 -0.147 -0.119 -0.065  0.254  0.341  0.644  0.644  0.642  0.486  0.332  0.238 -0.148 -0.381 -0.429 -0.279 -0.340 -0.508 -0.476 -0.409 -0.477 -0.500 -0.412 -0.334 -0.360 -0.438 -0.459 -0.468 -0.484 -0.407 -0.458 -0.532 -0.458 -0.496 -0.463 -0.339 -0.254 -0.333 -0.376 -0.496 -0.505 -0.534 -0.498 -0.402 -0.314 -0.043  0.153  0.251  0.022 -0.015  0.211  0.287  0.470  0.636  0.545  0.317  0.048 -0.231 -0.394 -0.483 -0.439 -0.320 -0.109  0.134  0.508  0.539  0.505
  0.802  1.000  0.758  0.449  0.001 -0.122 -0.233 -0.260 -0.251 -0.006 -0.039  0.050  0.107  0.426  0.503  0.647  0.490  0.456  0.309  0.135  0.033 -0.322 -0.460 -0.493 -0.370 -0.348 -0.471 -0.464 -0.361 -0.379 -0.429 -0.351 -0.249 -0.263 -0.355 -0.383 -0.425 -0.450 -0.382 -0.409 -0.458 -0.384 -0.403 -0.354 -0.235 -0.187 -0.261 -0.302 -0.423 -0.470 -0.556 -0.550 -0.512 -0.457 -0.222  0.021  0.109 -0.116 -0.081  0.149  0.275  0.454  0.651  0.668  0.425  0.215 -0.062 -0.245 -0.360 -0.335 -0.255 -0.068  0.125  0.391  0.417  0.391
  0.559  0.758  1.000  0.670  0.239  0.106 -0.080 -0.173 -0.186 -0.002  0.039  0.175  0.236  0.509  0.529  0.463  0.359  0.262  0.151 -0.024 -0.102 -0.378 -0.423 -0.445 -0.407 -0.332 -0.382 -0.413 -0.316 -0.280 -0.340 -0.293 -0.184 -0.181 -0.277 -0.297 -0.352 -0.369 -0.314 -0.308 -0.323 -0.256 -0.250 -0.181 -0.081 -0.081 -0.131 -0.165 -0.268 -0.327 -0.427 -0.457 -0.456 -0.421 -0.265 -0.038  0.019 -0.128 -0.036  0.127  0.260  0.385  0.533  0.611  0.518  0.405  0.174 -0.038 -0.173 -0.182 -0.135 -0.041  0.082  0.203  0.218  0.199
  0.224  0.449  0.670  1.000  0.674  0.519  0.227 -0.006  0.014  0.174  0.314  0.503  0.513  0.614  0.445  0.252  0.071 -0.073 -0.155 -0.337 -0.376 -0.502 -0.371 -0.366 -0.391 -0.233 -0.187 -0.259 -0.149 -0.024 -0.107 -0.111  0.010  0.050 -0.047 -0.068 -0.165 -0.191 -0.157 -0.097 -0.052 -0.006  0.041  0.115  0.148  0.071  0.045  0.038 -0.024 -0.137 -0.297 -0.360 -0.467 -0.493 -0.454 -0.245 -0.238 -0.312 -0.155 -0.059  0.076  0.160  0.313  0.522  0.536  0.675  0.513  0.315  0.169  0.109  0.061  0.057  0.035 -0.128 -0.135 -0.141
 -0.214  0.001  0.239  0.674  1.000  0.826  0.522  0.222  0.190  0.225  0.424  0.583  0.616  0.414  0.262 -0.045 -0.210 -0.375 -0.422 -0.507 -0.458 -0.349 -0.094 -0.045 -0.153  0.017  0.163  0.081  0.132  0.289  0.223  0.162  0.225  0.267  0.231  0.221  0.129  0.108  0.090  0.195  0.297  0.293  0.369  0.407  0.333  0.199  0.230  0.251  0.276  0.161  0.039 -0.018 -0.180 -0.283 -0.419 -0.373 -0.436 -0.384 -0.235 -0.273 -0.187 -0.187 -0.124  0.084  0.207  0.512  0.660  0.594  0.536  0.405  0.252  0.092 -0.074 -0.460 -0.497 -0.487
 -0.306 -0.122  0.106  0.519  0.826  1.000  0.655  0.356  0.279  0.209  0.399  0.534  0.507  0.285  0.120 -0.149 -0.279 -0.432 -0.444 -0.515 -0.446 -0.286 -0.023  0.010 -0.112  0.047  0.196  0.099  0.134  0.300  0.238  0.156  0.215  0.275  0.245  0.257  0.176  0.164  0.155  0.278  0.393  0.383  0.449  0.487  0.391  0.233  0.274  0.288  0.332  0.233  0.121  0.055 -0.106 -0.198 -0.362 -0.334 -0.417 -0.332 -0.179 -0.253 -0.180 -0.209 -0.181  0.011  0.171  0.501  0.647  0.686  0.635  0.505  0.338  0.127 -0.082 -0.535 -0.582 -0.574
 -0.351 -0.233 -0.080  0.227  0.522  0.655  1.000  0.716  0.527  0.088  0.270  0.334  0.342  0.133  0.006 -0.197 -0.284 -0.390 -0.390 -0.413 -0.319 -0.160  0.044  0.079 -0.014  0.102  0.230  0.164  0.154  0.260  0.232  0.152  0.146  0.181  0.209  0.234  0.211  0.258  0.263  0.296  0.426  0.429  0.452  0.444  0.317  0.184  0.236  0.217  0.274  0.201  0.124  0.086 -0.023 -0.104 -0.264 -0.292 -0.363 -0.271 -0.171 -0.266 -0.234 -0.266 -0.276 -0.163 -0.040  0.211  0.391  0.600  0.570  0.449  0.251  0.061 -0.182 -0.524 -0.540 -0.516
 -0.291 -0.260 -0.173 -0.006  0.222  0.356  0.716  1.000  0.695 -0.009  0.120  0.074  0.037 -0.110 -0.167 -0.232 -0.228 -0.249 -0.209 -0.195 -0.142 -0.026  0.054  0.064 -0.008  0.021  0.105  0.060  0.017  0.080  0.087  0.022  0.009  0.044  0.086  0.145  0.158  0.202  0.212  0.218  0.307  0.310  0.315  0.314  0.218  0.119  0.157  0.142  0.181  0.153  0.138  0.102  0.075  0.055 -0.057 -0.108 -0.147 -0.059 -0.014 -0.101 -0.108 -0.161 -0.224 -0.195 -0.077  0.056  0.228  0.430  0.403  0.300  0.208  0.051 -0.121 -0.398 -0.421 -0.404
 -0.289 -0.251 -0.186  0.014  0.190  0.279  0.527  0.695  1.000  0.241  0.302  0.242  0.141 -0.003 -0.088 -0.165 -0.227 -0.283 -0.260 -0.244 -0.179 -0.046  0.060  0.087  0.030  0.064  0.148  0.109  0.056  0.096  0.108  0.040  0.008  0.040  0.090  0.134  0.164  0.223  0.230  0.212  0.286  0.304  0.289  0.263  0.170  0.093  0.119  0.129  0.186  0.142  0.111  0.087  0.039 -0.002 -0.119 -0.180 -0.220 -0.133 -0.096 -0.174 -0.193 -0.219 -0.242 -0.197 -0.123  0.036  0.162  0.327  0.322  0.245  0.123  0.047 -0.168 -0.418 -0.412 -0.380
 -0.064 -0.006 -0.002  0.174  0.225  0.209  0.088 -0.009  0.241  1.000  0.647  0.429  0.264  0.187  0.093  0.044 -0.072 -0.135 -0.187 -0.220 -0.199 -0.183 -0.100 -0.062 -0.047 -0.000  0.033  0.022  0.058  0.100  0.073  0.056  0.100  0.140  0.100  0.056  0.016  0.013  0.013 -0.013  0.009  0.008  0.035  0.018 -0.025 -0.038 -0.035  0.020  0.051 -0.024 -0.076 -0.076 -0.161 -0.221 -0.253 -0.235 -0.230 -0.252 -0.223 -0.208 -0.182 -0.140 -0.065  0.008 -0.034  0.096  0.062  0.025  0.037  0.023 -0.013  0.013 -0.049 -0.141 -0.159 -0.157
 -0.147 -0.039  0.039  0.314  0.424  0.399  0.270  0.120  0.302  0.647  1.000  0.752  0.564  0.374  0.181  0.014 -0.136 -0.262 -0.304 -0.362 -0.332 -0.275 -0.097 -0.053 -0.096  0.012  0.097  0.055  0.106  0.194  0.152  0.133  0.191  0.237  0.190  0.134  0.064  0.060  0.038  0.045  0.102  0.099  0.158  0.145  0.095  0.050  0.065  0.105  0.140  0.044 -0.047 -0.060 -0.198 -0.286 -0.358 -0.321 -0.353 -0.350 -0.267 -0.268 -0.223 -0.201 -0.132  0.003  0.016  0.203  0.201  0.206  0.194  0.131  0.033  0.008 -0.126 -0.282 -0.300 -0.292
 -0.119  0.050  0.175  0.503  0.583  0.534  0.334  0.074  0.242  0.429  0.752  1.000  0.787  0.592  0.331  0.093 -0.102 -0.285 -0.362 -0.454 -0.400 -0.372 -0.145 -0.085 -0.126  0.012  0.107  0.058  0.128  0.224  0.160  0.141  0.202  0.238  0.186  0.131  0.052  0.048  0.031  0.065  0.131  0.126  0.181  0.173  0.132  0.062  0.078  0.106  0.125  0.011 -0.119 -0.132 -0.306 -0.418 -0.479 -0.397 -0.452 -0.469 -0.346 -0.333 -0.243 -0.188 -0.093  0.084  0.100  0.301  0.278  0.289  0.244  0.169  0.036  0.037 -0.131 -0.277 -0.294 -0.285
 -0.065  0.107  0.236  0.513  0.616  0.507  0.342  0.037  0.141  0.264  0.564  0.787  1.000  0.762  0.507  0.214  0.009 -0.213 -0.329 -0.412 -0.330 -0.312 -0.103 -0.024 -0.061  0.067  0.155  0.117  0.172  0.243  0.180  0.164  0.208  0.221  0.187  0.126  0.054  0.055  0.030  0.048  0.121  0.102  0.152  0.135  0.096  0.056  0.065  0.081  0.090 -0.015 -0.125 -0.103 -0.263 -0.398 -0.456 -0.402 -0.466 -0.497 -0.393 -0.378 -0.285 -0.221 -0.112  0.060  0.047  0.234  0.236  0.250  0.233  0.152 -0.004 -0.001 -0.162 -0.257 -0.263 -0.253
  0.254  0.426  0.509  0.614  0.414  0.285  0.133 -0.110 -0.003  0.187  0.374  0.592  0.762  1.000  0.741  0.483  0.259  0.042 -0.110 -0.247 -0.219 -0.369 -0.259 -0.205 -0.186 -0.081 -0.065 -0.095 -0.022  0.015 -0.053 -0.043  0.028  0.039 -0.024 -0.076 -0.138 -0.135 -0.123 -0.140 -0.111 -0.103 -0.084 -0.092 -0.061 -0.058 -0.085 -0.090 -0.137 -0.231 -0.348 -0.311 -0.422 -0.514 -0.451 -0.308 -0.323 -0.449 -0.361 -0.253 -0.127  0.003  0.168  0.318  0.212  0.273  0.107  0.034 -0.022 -0.056 -0.131 -0.015 -0.073 -0.008  0.008  0.006
  0.341  0.503  0.529  0.445  0.262  0.120  0.006 -0.167 -0.088  0.093  0.181  0.331  0.507  0.741  1.000  0.678  0.427  0.198 -0.000 -0.100 -0.042 -0.209 -0.180 -0.124 -0.087 -0.018 -0.044 -0.065 -0.018 -0.019 -0.084 -0.071 -0.019 -0.037 -0.084 -0.118 -0.159 -0.146 -0.136 -0.165 -0.148 -0.163 -0.166 -0.189 -0.166 -0.115 -0.144 -0.161 -0.208 -0.274 -0.326 -0.243 -0.297 -0.390 -0.315 -0.228 -0.247 -0.382 -0.351 -0.243 -0.129  0.007  0.188  0.270  0.110  0.116 -0.013 -0.097 -0.125 -0.142 -0.185 -0.057 -0.063  0.067  0.097  0.098
  0.644  0.647  0.463  0.252 -0.045 -0.149 -0.197 -0.232 -0.165  0.044  0.014  0.093  0.214  0.483  0.678  1.000  0.721  0.521  0.311  0.208  0.214 -0.099 -0.238 -0.225 -0.119 -0.162 -0.256 -0.243 -0.218 -0.270 -0.304 -0.261 -0.208 -0.228 -0.281 -0.303 -0.317 -0.310 -0.267 -0.317 -0.351 -0.338 -0.374 -0.398 -0.346 -0.249 -0.301 -0.326 -0.395 -0.421 -0.440 -0.351 -0.324 -0.328 -0.127 -0.022  0.017 -0.192 -0.249 -0.088  0.004  0.175  0.377  0.343  0.093 -0.037 -0.235 -0.329 -0.354 -0.327 -0.292 -0.084  0.014  0.319  0.351  0.335
  0.644  0.490  0.359  0.071 -0.210 -0.279 -0.284 -0.228 -0.227 -0.072 -0.136 -0.102  0.009  0.259  0.427  0.721  1.000  0.786  0.506  0.409  0.461  0.099 -0.126 -0.127 -0.029 -0.161 -0.269 -0.239 -0.260 -0.347 -0.353 -0.306 -0.278 -0.310 -0.341 -0.352 -0.337 -0.331 -0.283 -0.347 -0.388 -0.385 -0.422 -0.440 -0.383 -0.262 -0.308 -0.342 -0.406 -0.397 -0.351 -0.244 -0.153 -0.118  0.104  0.162  0.184 -0.008 -0.116  0.010  0.057  0.178  0.328  0.228  0.036 -0.146 -0.321 -0.405 -0.416 -0.379 -0.311 -0.133  0.026  0.380  0.402  0.378
  0.642  0.456  0.262 -0.073 -0.375 -0.432 -0.390 -0.249 -0.283 -0.135 -0.262 -0.285 -0.213  0.042  0.198  0.521  0.786  1.000  0.754  0.641  0.592  0.176 -0.159 -0.194 -0.045 -0.237 -0.408 -0.341 -0.357 -0.473 -0.460 -0.385 -0.356 -0.399 -0.434 -0.436 -0.411 -0.416 -0.354 -0.414 -0.490 -0.460 -0.518 -0.516 -0.429 -0.297 -0.353 -0.405 -0.484 -0.451 -0.379 -0.288 -0.120 -0.013  0.277  0.357  0.431  0.226  0.083  0.226  0.215  0.292  0.384  0.236  0.053 -0.207 -0.393 -0.499 -0.522 -0.466 -0.345 -0.158  0.085  0.490  0.526  0.503
  0.486  0.309  0.151 -0.155 -0.422 -0.444 -0.390 -0.209 -0.260 -0.187 -0.304 -0.362 -0.329 -0.110 -0.000  0.311  0.506  0.754  1.000  0.764  0.551  0.181 -0.151 -0.230 -0.112 -0.287 -0.455 -0.395 -0.397 -0.502 -0.485 -0.404 -0.371 -0.407 -0.442 -0.437 -0.408 -0.419 -0.352 -0.391 -0.475 -0.423 -0.477 -0.450 -0.340 -0.247 -0.299 -0.352 -0.420 -0.375 -0.299 -0.260 -0.061  0.112  0.427  0.572  0.649  0.455  0.308  0.431  0.382  0.373  0.366  0.216  0.125 -0.152 -0.337 -0.442 -0.483 -0.424 -0.284 -0.162  0.097  0.455  0.485  0.459
  0.332  0.135 -0.024 -0.337 -0.507 -0.515 -0.413 -0.195 -0.244 -0.220 -0.362 -0.454 -0.412 -0.247 -0.100  0.208  0.409  0.641  0.764  1.000  0.781  0.432  0.055 -0.021  0.089 -0.149 -0.318 -0.242 -0.301 -0.441 -0.405 -0.343 -0.351 -0.395 -0.398 -0.385 -0.329 -0.331 -0.278 -0.325 -0.404 -0.386 -0.442 -0.450 -0.381 -0.273 -0.308 -0.346 -0.373 -0.291 -0.153 -0.074  0.146  0.314  0.592  0.568  0.638  0.502  0.303  0.370  0.273  0.219  0.185  0.007 -0.069 -0.325 -0.422 -0.489 -0.470 -0.408 -0.277 -0.177  0.063  0.434  0.461  0.435
  0.238  0.033 -0.102 -0.376 -0.458 -0.446 -0.319 -0.142 -0.179 -0.199 -0.332 -0.400 -0.330 -0.219 -0.042  0.214  0.461  0.592  0.551  0.781  1.000  0.705  0.318  0.239  0.347  0.069 -0.101 -0.034 -0.146 -0.304 -0.276 -0.249 -0.286 -0.329 -0.308 -0.285 -0.221 -0.203 -0.172 -0.212 -0.260 -0.292 -0.339 -0.385 -0.369 -0.270 -0.284 -0.291 -0.275 -0.172  0.001  0.141  0.316  0.427  0.611  0.458  0.423  0.331  0.113  0.122  0.053  0.024  0.015 -0.144 -0.227 -0.405 -0.435 -0.443 -0.375 -0.315 -0.238 -0.158 -0.002  0.302  0.315  0.299
 -0.148 -0.322 -0.378 -0.502 -0.349 -0.286 -0.160 -0.026 -0.046 -0.183 -0.275 -0.372 -0.312 -0.369 -0.209 -0.099  0.099  0.176  0.181  0.432  0.705  1.000  0.729  0.624  0.663  0.432  0.262  0.286  0.144 -0.008  0.002 -0.022 -0.098 -0.131 -0.075 -0.038  0.031  0.059  0.024  0.025  0.023 -0.057 -0.044 -0.098 -0.151 -0.106 -0.074 -0.035  0.060  0.206  0.419  0.576  0.668  0.705  0.639  0.337  0.215  0.292  0.096 -0.029 -0.129 -0.235 -0.309 -0.428 -0.414 -0.434 -0.293 -0.212 -0.101 -0.073 -0.078 -0.139 -0.090 -0.019 -0.028 -0.022
 -0.381 -0.460 -0.423 -0.371 -0.094 -0.023  0.044  0.054  0.060 -0.100 -0.097 -0.145 -0.103 -0.259 -0.180 -0.238 -0.126 -0.159 -0.151  0.055  0.318  0.729  1.000  0.826  0.673  0.609  0.586  0.509  0.328  0.246  0.245  0.162  0.067  0.062  0.133  0.171  0.241  0.298  0.216  0.220  0.273  0.172  0.247  0.187  0.102  0.079  0.139  0.217  0.357  0.480  0.616  0.749  0.649  0.576  0.364  0.090 -0.093  0.059 -0.015 -0.211 -0.279 -0.391 -0.468 -0.498 -0.416 -0.285 -0.071  0.069  0.172  0.154  0.071 -0.084 -0.170 -0.313 -0.342 -0.321
 -0.429 -0.493 -0.445 -0.366 -0.045  0.010  0.079  0.064  0.087 -0.062 -0.053 -0.085 -0.024 -0.205 -0.124 -0.225 -0.127 -0.194 -0.230 -0.021  0.239  0.624  0.826  1.000  0.813  0.618  0.711  0.694  0.467  0.376  0.400  0.314  0.197  0.173  0.258  0.270  0.309  0.359  0.240  0.250  0.330  0.154  0.227  0.174  0.073  0.095  0.153  0.218  0.337  0.435  0.595  0.769  0.680  0.502  0.265 -0.053 -0.226 -0.065 -0.142 -0.353 -0.408 -0.490 -0.550 -0.572 -0.504 -0.334 -0.084  0.071  0.197  0.151  0.041 -0.105 -0.246 -0.353 -0.370 -0.342
 -0.279 -0.370 -0.407 -0.391 -0.153 -0.112 -0.014 -0.008  0.030 -0.047 -0.096 -0.126 -0.061 -0.186 -0.087 -0.119 -0.029 -0.045 -0.112  0.089  0.347  0.663  0.673  0.813  1.000  0.743  0.587  0.665  0.524  0.322  0.313  0.279  0.154  0.098  0.171  0.169  0.214  0.250  0.157  0.153  0.200  0.053  0.076 -0.005 -0.109 -0.059 -0.022  0.026  0.128  0.223  0.388  0.572  0.543  0.403  0.259 -0.026 -0.160 -0.074 -0.193 -0.332 -0.386 -0.434 -0.455 -0.501 -0.509 -0.403 -0.226 -0.096  0.036  0.026 -0.066 -0.119 -0.203 -0.176 -0.181 -0.162
 -0.340 -0.348 -0.332 -0.233  0.017  0.047  0.102  0.021  0.064 -0.000  0.012  0.012  0.067 -0.081 -0.018 -0.162 -0.161 -0.237 -0.287 -0.149  0.069  0.432  0.609  0.618  0.743  1.000  0.743  0.645  0.642  0.520  0.407  0.358  0.255  0.193  0.241  0.234  0.278  0.344  0.238  0.206  0.277  0.183  0.230  0.144  0.039  0.036  0.081  0.116  0.211  0.255  0.319  0.459  0.359  0.209  0.013 -0.184 -0.300 -0.204 -0.236 -0.355 -0.387 -0.429 -0.441 -0.413 -0.391 -0.225 -0.061  0.071  0.156  0.123 -0.010 -0.092 -0.213 -0.289 -0.293 -0.267
 -0.508 -0.471 -0.382 -0.187  0.163  0.196  0.230  0.105  0.148  0.033  0.097  0.107  0.155 -0.065 -0.044 -0.256 -0.269 -0.408 -0.455 -0.318 -0.101  0.262  0.586  0.711  0.587  0.743  1.000  0.850  0.662  0.688  0.681  0.528  0.395  0.398  0.490  0.498  0.530  0.598  0.455  0.404  0.510  0.340  0.397  0.317  0.179  0.160  0.229  0.265  0.382  0.395  0.448  0.565  0.403  0.187 -0.079 -0.309 -0.456 -0.299 -0.285 -0.472 -0.494 -0.545 -0.577 -0.513 -0.433 -0.174  0.073  0.250  0.357  0.298  0.145 -0.008 -0.265 -0.521 -0.538 -0.500
 -0.476 -0.464 -0.413 -0.259  0.081  0.099  0.164  0.060  0.109  0.022  0.055  0.058  0.117 -0.095 -0.065 -0.243 -0.239 -0.341 -0.395 -0.242 -0.034  0.286  0.509  0.694  0.665  0.645  0.850  1.000  0.789  0.674  0.739  0.654  0.470  0.421  0.533  0.494  0.510  0.535  0.393  0.361  0.443  0.253  0.278  0.189  0.042  0.068  0.126  0.160  0.271  0.297  0.395  0.516  0.406  0.199 -0.032 -0.285 -0.413 -0.276 -0.303 -0.478 -0.513 -0.555 -0.583 -0.547 -0.502 -0.280 -0.043  0.121  0.257  0.209  0.072 -0.037 -0.273 -0.422 -0.435 -0.399
 -0.409 -0.361 -0.316 -0.149  0.132  0.134  0.154  0.017  0.056  0.058  0.106  0.128  0.172 -0.022 -0.018 -0.218 -0.260 -0.357 -0.397 -0.301 -0.146  0.144  0.328  0.467  0.524  0.642  0.662  0.789  1.000  0.816  0.697  0.748  0.644  0.497  0.513  0.401  0.336  0.351  0.205  0.214  0.321  0.163  0.201  0.133  0.022  0.047  0.085  0.109  0.180  0.181  0.241  0.344  0.245  0.059 -0.145 -0.322 -0.413 -0.310 -0.312 -0.429 -0.446 -0.466 -0.469 -0.403 -0.374 -0.172 -0.008  0.108  0.194  0.127 -0.016 -0.102 -0.269 -0.325 -0.330 -0.299
 -0.477 -0.379 -0.280 -0.024  0.289  0.300  0.260  0.080  0.096  0.100  0.194  0.224  0.243  0.015 -0.019 -0.270 -0.347 -0.473 -0.502 -0.441 -0.304 -0.008  0.246  0.376  0.322  0.520  0.688  0.674  0.816  1.000  0.854  0.765  0.736  0.706  0.693  0.627  0.502  0.484  0.350  0.371  0.487  0.310  0.343  0.295  0.171  0.153  0.210  0.223  0.295  0.244  0.251  0.316  0.175 -0.019 -0.257 -0.397 -0.491 -0.364 -0.310 -0.440 -0.436 -0.461 -0.470 -0.358 -0.280 -0.021  0.164  0.301  0.374  0.316  0.164  0.020 -0.236 -0.513 -0.537 -0.500
 -0.500 -0.429 -0.340 -0.107  0.223  0.238  0.232  0.087  0.108  0.073  0.152  0.160  0.180 -0.053 -0.084 -0.304 -0.353 -0.460 -0.485 -0.405 -0.276  0.002  0.245  0.400  0.313  0.407  0.681  0.739  0.697  0.854  1.000  0.849  0.703  0.722  0.805  0.746  0.672  0.621  0.491  0.466  0.522  0.340  0.338  0.278  0.137  0.138  0.199  0.212  0.292  0.253  0.286  0.338  0.213  0.026 -0.207 -0.373 -0.462 -0.325 -0.286 -0.436 -0.453 -0.488 -0.518 -0.433 -0.353 -0.103  0.105  0.257  0.362  0.326  0.202  0.066 -0.234 -0.531 -0.561 -0.523
 -0.412 -0.351 -0.293 -0.111  0.162  0.156  0.152  0.022  0.040  0.056  0.133  0.141  0.164 -0.043 -0.071 -0.261 -0.306 -0.385 -0.404 -0.343 -0.249 -0.022  0.162  0.314  0.279  0.358  0.528  0.654  0.748  0.765  0.849  1.000  0.843  0.696  0.724  0.549  0.421  0.388  0.244  0.246  0.328  0.160  0.190  0.158  0.067  0.101  0.134  0.147  0.187  0.156  0.195  0.257  0.163 -0.006 -0.192 -0.327 -0.390 -0.287 -0.266 -0.374 -0.389 -0.405 -0.424 -0.353 -0.304 -0.112  0.040  0.143  0.216  0.149  0.031 -0.069 -0.261 -0.357 -0.374 -0.340
 -0.334 -0.249 -0.184  0.010  0.225  0.215  0.146  0.009  0.008  0.100  0.191  0.202  0.208  0.028 -0.019 -0.208 -0.278 -0.356 -0.371 -0.351 -0.286 -0.098  0.067  0.197  0.154  0.255  0.395  0.470  0.644  0.736  0.703  0.843  1.000  0.835  0.700  0.525  0.266  0.220  0.097  0.142  0.265  0.099  0.156  0.164  0.109  0.121  0.144  0.156  0.172  0.118  0.126  0.181  0.078 -0.072 -0.229 -0.309 -0.363 -0.284 -0.239 -0.315 -0.299 -0.300 -0.300 -0.210 -0.160  0.014  0.119  0.181  0.217  0.148  0.041 -0.069 -0.215 -0.342 -0.363 -0.334
 -0.360 -0.263 -0.181  0.050  0.267  0.275  0.181  0.044  0.040  0.140  0.237  0.238  0.221  0.039 -0.037 -0.228 -0.310 -0.399 -0.407 -0.395 -0.329 -0.131  0.062  0.173  0.098  0.193  0.398  0.421  0.497  0.706  0.722  0.696  0.835  1.000  0.875  0.761  0.477  0.370  0.273  0.303  0.394  0.214  0.243  0.249  0.168  0.152  0.190  0.203  0.240  0.164  0.153  0.181  0.052 -0.090 -0.259 -0.326 -0.388 -0.300 -0.230 -0.319 -0.295 -0.306 -0.308 -0.203 -0.134  0.063  0.182  0.270  0.318  0.291  0.202  0.065 -0.163 -0.466 -0.505 -0.478
 -0.438 -0.355 -0.277 -0.047  0.231  0.245  0.209  0.086  0.090  0.100  0.190  0.186  0.187 -0.024 -0.084 -0.281 -0.341 -0.434 -0.442 -0.398 -0.308 -0.075  0.133  0.258  0.171  0.241  0.490  0.533  0.513  0.693  0.805  0.724  0.700  0.875  1.000  0.889  0.690  0.556  0.444  0.447  0.497  0.314  0.306  0.277  0.153  0.147  0.201  0.213  0.279  0.211  0.222  0.251  0.125 -0.031 -0.230 -0.342 -0.414 -0.300 -0.243 -0.368 -0.366 -0.397 -0.417 -0.327 -0.251 -0.034  0.141  0.277  0.368  0.360  0.268  0.126 -0.177 -0.522 -0.566 -0.537
 -0.459 -0.383 -0.297 -0.068  0.221  0.257  0.234  0.145  0.134  0.056  0.134  0.131  0.126 -0.076 -0.118 -0.303 -0.352 -0.436 -0.437 -0.385 -0.285 -0.038  0.171  0.270  0.169  0.234  0.498  0.494  0.401  0.627  0.746  0.549  0.525  0.761  0.889  1.000  0.833  0.663  0.560  0.568  0.586  0.420  0.383  0.341  0.194  0.159  0.228  0.239  0.328  0.263  0.269  0.276  0.156  0.019 -0.191 -0.312 -0.392 -0.260 -0.198 -0.342 -0.349 -0.399 -0.436 -0.352 -0.257 -0.029  0.170  0.333  0.433  0.457  0.376  0.222 -0.113 -0.581 -0.628 -0.599
 -0.468 -0.425 -0.352 -0.165  0.129  0.176  0.211  0.158  0.164  0.016  0.064  0.052  0.054 -0.138 -0.159 -0.317 -0.337 -0.411 -0.408 -0.329 -0.221  0.031  0.241  0.309  0.214  0.278  0.530  0.510  0.336  0.502  0.672  0.421  0.266  0.477  0.690  0.833  1.000  0.858  0.713  0.639  0.579  0.464  0.390  0.309  0.144  0.118  0.192  0.200  0.310  0.281  0.312  0.304  0.202  0.083 -0.128 -0.277 -0.353 -0.210 -0.171 -0.330 -0.367 -0.432 -0.487 -0.433 -0.343 -0.130  0.088  0.267  0.384  0.420  0.355  0.241 -0.098 -0.528 -0.566 -0.535
 -0.484 -0.450 -0.369 -0.191  0.108  0.164  0.258  0.202  0.223  0.013  0.060  0.048  0.055 -0.135 -0.146 -0.310 -0.331 -0.416 -0.419 -0.331 -0.203  0.059  0.298  0.359  0.250  0.344  0.598  0.535  0.351  0.484  0.621  0.388  0.220  0.370  0.556  0.663  0.858  1.000  0.824  0.603  0.597  0.510  0.430  0.322  0.153  0.118  0.197  0.201  0.316  0.305  0.329  0.329  0.219  0.095 -0.125 -0.290 -0.371 -0.222 -0.188 -0.349 -0.397 -0.460 -0.520 -0.470 -0.381 -0.160  0.060  0.256  0.359  0.385  0.291  0.182 -0.146 -0.521 -0.543 -0.505
 -0.407 -0.382 -0.314 -0.157  0.090  0.155  0.263  0.212  0.230  0.013  0.038  0.031  0.030 -0.123 -0.136 -0.267 -0.283 -0.354 -0.352 -0.278 -0.172  0.024  0.216  0.240  0.157  0.238  0.455  0.393  0.205  0.350  0.491  0.244  0.097  0.273  0.444  0.560  0.713  0.824  1.000  0.725  0.654  0.604  0.457  0.313  0.125  0.055  0.138  0.144  0.269  0.259  0.254  0.221  0.137  0.058 -0.122 -0.248 -0.307 -0.183 -0.146 -0.283 -0.331 -0.389 -0.445 -0.404 -0.322 -0.136  0.053  0.248  0.369  0.458  0.417  0.311 -0.031 -0.463 -0.517 -0.501
 -0.458 -0.409 -0.308 -0.097  0.195  0.278  0.296  0.218  0.212 -0.013  0.045  0.065  0.048 -0.140 -0.165 -0.317 -0.347 -0.414 -0.391 -0.325 -0.212  0.025  0.220  0.250  0.153  0.206  0.404  0.361  0.214  0.371  0.466  0.246  0.142  0.303  0.447  0.568  0.639  0.603  0.725  1.000  0.830  0.735  0.575  0.433  0.210  0.083  0.186  0.229  0.381  0.344  0.319  0.268  0.175  0.097 -0.113 -0.241 -0.320 -0.168 -0.104 -0.272 -0.302 -0.379 -0.449 -0.385 -0.264 -0.046  0.187  0.382  0.556  0.667  0.667  0.513  0.129 -0.532 -0.638 -0.641
 -0.532 -0.458 -0.323 -0.052  0.297  0.393  0.426  0.307  0.286  0.009  0.102  0.131  0.121 -0.111 -0.148 -0.351 -0.388 -0.490 -0.475 -0.404 -0.260  0.023  0.273  0.330  0.200  0.277  0.510  0.443  0.321  0.487  0.522  0.328  0.265  0.394  0.497  0.586  0.579  0.597  0.654  0.830  1.000  0.806  0.687  0.550  0.307  0.151  0.270  0.314  0.469  0.422  0.381  0.340  0.208  0.100 -0.152 -0.297 -0.403 -0.230 -0.147 -0.335 -0.352 -0.438 -0.503 -0.408 -0.263  0.010  0.286  0.524  0.691  0.744  0.639  0.388 -0.014 -0.632 -0.730 -0.721
 -0.458 -0.384 -0.256 -0.006  0.293  0.383  0.429  0.310  0.304  0.008  0.099  0.126  0.102 -0.103 -0.163 -0.338 -0.385 -0.460 -0.423 -0.386 -0.292 -0.057  0.172  0.154  0.053  0.183  0.340  0.253  0.163  0.310  0.340  0.160  0.099  0.214  0.314  0.420  0.464  0.510  0.604  0.735  0.806  1.000  0.813  0.607  0.345  0.117  0.231  0.286  0.457  0.422  0.319  0.198  0.090  0.054 -0.165 -0.250 -0.317 -0.163 -0.063 -0.215 -0.240 -0.330 -0.400 -0.311 -0.168  0.070  0.318  0.544  0.695  0.789  0.646  0.426  0.058 -0.560 -0.653 -0.648
 -0.496 -0.403 -0.250  0.041  0.369  0.449  0.452  0.315  0.289  0.035  0.158  0.181  0.152 -0.084 -0.166 -0.374 -0.422 -0.518 -0.477 -0.442 -0.339 -0.044  0.247  0.227  0.076  0.230  0.397  0.278  0.201  0.343  0.338  0.190  0.156  0.243  0.306  0.383  0.390  0.430  0.457  0.575  0.687  0.813  1.000  0.818  0.541  0.249  0.365  0.424  0.607  0.567  0.431  0.310  0.152  0.084 -0.172 -0.265 -0.359 -0.187 -0.062 -0.231 -0.237 -0.331 -0.393 -0.284 -0.120  0.152  0.441  0.675  0.736  0.704  0.524  0.249 -0.046 -0.607 -0.691 -0.680
 -0.463 -0.354 -0.181  0.115  0.407  0.487  0.444  0.314  0.263  0.018  0.145  0.173  0.135 -0.092 -0.189 -0.398 -0.440 -0.516 -0.450 -0.450 -0.385 -0.098  0.187  0.174 -0.005  0.144  0.317  0.189  0.133  0.295  0.278  0.158  0.164  0.249  0.277  0.341  0.309  0.322  0.313  0.433  0.550  0.607  0.818  1.000  0.792  0.465  0.578  0.625  0.673  0.554  0.406  0.289  0.135  0.070 -0.182 -0.235 -0.320 -0.157 -0.013 -0.159 -0.138 -0.223 -0.284 -0.171  0.011  0.272  0.552  0.755  0.697  0.614  0.436  0.126 -0.087 -0.613 -0.687 -0.671
 -0.339 -0.235 -0.081  0.148  0.333  0.391  0.317  0.218  0.170 -0.025  0.095  0.132  0.096 -0.061 -0.166 -0.346 -0.383 -0.429 -0.340 -0.381 -0.369 -0.151  0.102  0.073 -0.109  0.039  0.179  0.042  0.022  0.171  0.137  0.067  0.109  0.168  0.153  0.194  0.144  0.153  0.125  0.210  0.307  0.345  0.541  0.792  1.000  0.696  0.619  0.627  0.533  0.468  0.319  0.199  0.055  0.020 -0.167 -0.152 -0.224 -0.107  0.046 -0.046  0.004 -0.045 -0.110 -0.019  0.162  0.360  0.535  0.614  0.490  0.382  0.259  0.009 -0.087 -0.474 -0.514 -0.498
 -0.254 -0.187 -0.081  0.071  0.199  0.233  0.184  0.119  0.093 -0.038  0.050  0.062  0.056 -0.058 -0.115 -0.249 -0.262 -0.297 -0.247 -0.273 -0.270 -0.106  0.079  0.095 -0.059  0.036  0.160  0.068  0.047  0.153  0.138  0.101  0.121  0.152  0.147  0.159  0.118  0.118  0.055  0.083  0.151  0.117  0.249  0.465  0.696  1.000  0.756  0.560  0.358  0.287  0.220  0.182  0.083  0.016 -0.130 -0.136 -0.187 -0.103 -0.009 -0.068 -0.038 -0.070 -0.112 -0.062  0.037  0.166  0.317  0.378  0.271  0.164  0.092 -0.078 -0.121 -0.358 -0.356 -0.330
 -0.333 -0.261 -0.131  0.045  0.230  0.274  0.236  0.157  0.119 -0.035  0.065  0.078  0.065 -0.085 -0.144 -0.301 -0.308 -0.353 -0.299 -0.308 -0.284 -0.074  0.139  0.153 -0.022  0.081  0.229  0.126  0.085  0.210  0.199  0.134  0.144  0.190  0.201  0.228  0.192  0.197  0.138  0.186  0.270  0.231  0.365  0.578  0.619  0.756  1.000  0.747  0.520  0.354  0.264  0.240  0.136  0.060 -0.123 -0.157 -0.217 -0.107 -0.009 -0.097 -0.081 -0.134 -0.188 -0.129 -0.018  0.130  0.322  0.440  0.367  0.278  0.181 -0.034 -0.123 -0.440 -0.460 -0.438
 -0.376 -0.302 -0.165  0.038  0.251  0.288  0.217  0.142  0.129  0.020  0.105  0.106  0.081 -0.090 -0.161 -0.326 -0.342 -0.405 -0.352 -0.346 -0.291 -0.035  0.217  0.218  0.026  0.116  0.265  0.160  0.109  0.223  0.212  0.147  0.156  0.203  0.213  0.239  0.200  0.201  0.144  0.229  0.314  0.286  0.424  0.625  0.627  0.560  0.747  1.000  0.762  0.550  0.388  0.337  0.177  0.097 -0.117 -0.173 -0.259 -0.120 -0.003 -0.127 -0.116 -0.185 -0.241 -0.167 -0.043  0.144  0.335  0.429  0.399  0.330  0.234 -0.006 -0.100 -0.453 -0.513 -0.493
 -0.496 -0.423 -0.268 -0.024  0.276  0.332  0.274  0.181  0.186  0.051  0.140  0.125  0.090 -0.137 -0.208 -0.395 -0.406 -0.484 -0.420 -0.373 -0.275  0.060  0.357  0.337  0.128  0.211  0.382  0.271  0.180  0.295  0.292  0.187  0.172  0.240  0.279  0.328  0.310  0.316  0.269  0.381  0.469  0.457  0.607  0.673  0.533  0.358  0.520  0.762  1.000  0.782  0.578  0.476  0.278  0.213 -0.055 -0.164 -0.279 -0.081  0.043 -0.150 -0.170 -0.294 -0.375 -0.293 -0.131  0.110  0.352  0.494  0.522  0.482  0.357  0.088 -0.076 -0.555 -0.626 -0.608
 -0.505 -0.470 -0.327 -0.137  0.161  0.233  0.201  0.153  0.142 -0.024  0.044  0.011 -0.015 -0.231 -0.274 -0.421 -0.397 -0.451 -0.375 -0.291 -0.172  0.206  0.480  0.435  0.223  0.255  0.395  0.297  0.181  0.244  0.253  0.156  0.118  0.164  0.211  0.263  0.281  0.305  0.259  0.344  0.422  0.422  0.567  0.554  0.468  0.287  0.354  0.550  0.782  1.000  0.815  0.633  0.414  0.382  0.090 -0.065 -0.200  0.031  0.138 -0.092 -0.135 -0.286 -0.404 -0.357 -0.184  0.037  0.282  0.393  0.447  0.416  0.312  0.052 -0.083 -0.486 -0.549 -0.531
 -0.534 -0.556 -0.427 -0.297  0.039  0.121  0.124  0.138  0.111 -0.076 -0.047 -0.119 -0.125 -0.348 -0.326 -0.440 -0.351 -0.379 -0.299 -0.153  0.001  0.419  0.616  0.595  0.388  0.319  0.448  0.395  0.241  0.251  0.286  0.195  0.126  0.153  0.222  0.269  0.312  0.329  0.254  0.319  0.381  0.319  0.431  0.406  0.319  0.220  0.264  0.388  0.578  0.815  1.000  0.845  0.678  0.623  0.302  0.046 -0.109  0.158  0.178 -0.095 -0.177 -0.351 -0.494 -0.493 -0.316 -0.120  0.157  0.271  0.358  0.330  0.251 -0.001 -0.114 -0.438 -0.490 -0.471
 -0.498 -0.550 -0.457 -0.360 -0.018  0.055  0.086  0.102  0.087 -0.076 -0.060 -0.132 -0.103 -0.311 -0.243 -0.351 -0.244 -0.288 -0.260 -0.074  0.141  0.576  0.749  0.769  0.572  0.459  0.565  0.516  0.344  0.316  0.338  0.257  0.181  0.181  0.251  0.276  0.304  0.329  0.221  0.268  0.340  0.198  0.310  0.289  0.199  0.182  0.240  0.337  0.476  0.633  0.845  1.000  0.823  0.659  0.345  0.025 -0.158  0.079  0.024 -0.239 -0.308 -0.441 -0.547 -0.557 -0.428 -0.242  0.032  0.163  0.269  0.225  0.141 -0.071 -0.181 -0.405 -0.439 -0.413
 -0.402 -0.512 -0.456 -0.467 -0.180 -0.106 -0.023  0.075  0.039 -0.161 -0.198 -0.306 -0.263 -0.422 -0.297 -0.324 -0.153 -0.120 -0.061  0.146  0.316  0.668  0.649  0.680  0.543  0.359  0.403  0.406  0.245  0.175  0.213  0.163  0.078  0.052  0.125  0.156  0.202  0.219  0.137  0.175  0.208  0.090  0.152  0.135  0.055  0.083  0.136  0.177  0.278  0.414  0.678  0.823  1.000  0.829  0.554  0.217  0.079  0.287  0.148 -0.078 -0.187 -0.333 -0.462 -0.536 -0.426 -0.343 -0.093  0.013  0.119  0.096  0.054 -0.120 -0.152 -0.247 -0.261 -0.243
 -0.314 -0.457 -0.421 -0.493 -0.283 -0.198 -0.104  0.055 -0.002 -0.221 -0.286 -0.418 -0.398 -0.514 -0.390 -0.328 -0.118 -0.013  0.112  0.314  0.427  0.705  0.576  0.502  0.403  0.209  0.187  0.199  0.059 -0.019  0.026 -0.006 -0.072 -0.090 -0.031  0.019  0.083  0.095  0.058  0.097  0.100  0.054  0.084  0.070  0.020  0.016  0.060  0.097  0.213  0.382  0.623  0.659  0.829  1.000  0.783  0.465  0.340  0.543  0.369  0.157  0.021 -0.162 -0.323 -0.433 -0.313 -0.314 -0.120 -0.052  0.035  0.044  0.051 -0.115 -0.070 -0.131 -0.152 -0.146
 -0.043 -0.222 -0.265 -0.454 -0.419 -0.362 -0.264 -0.057 -0.119 -0.253 -0.358 -0.479 -0.456 -0.451 -0.315 -0.127  0.104  0.277  0.427  0.592  0.611  0.639  0.364  0.265  0.259  0.013 -0.079 -0.032 -0.145 -0.257 -0.207 -0.192 -0.229 -0.259 -0.230 -0.191 -0.128 -0.125 -0.122 -0.113 -0.152 -0.165 -0.172 -0.182 -0.167 -0.130 -0.123 -0.117 -0.055  0.090  0.302  0.345  0.554  0.783  1.000  0.759  0.628  0.697  0.476  0.365  0.237  0.061 -0.073 -0.225 -0.164 -0.306 -0.258 -0.261 -0.208 -0.170 -0.093 -0.156 -0.002  0.125  0.121  0.110
  0.153  0.021 -0.038 -0.245 -0.373 -0.334 -0.292 -0.108 -0.180 -0.235 -0.321 -0.397 -0.402 -0.308 -0.228 -0.022  0.162  0.357  0.572  0.568  0.458  0.337  0.090 -0.053 -0.026 -0.184 -0.309 -0.285 -0.322 -0.397 -0.373 -0.327 -0.309 -0.326 -0.342 -0.312 -0.277 -0.290 -0.248 -0.241 -0.297 -0.250 -0.265 -0.235 -0.152 -0.136 -0.157 -0.173 -0.164 -0.065  0.046  0.025  0.217  0.465  0.759  1.000  0.809  0.714  0.622  0.610  0.552  0.346  0.218  0.075  0.116 -0.101 -0.192 -0.257 -0.285 -0.234 -0.127 -0.142  0.066  0.223  0.223  0.202
  0.251  0.109  0.019 -0.238 -0.436 -0.417 -0.363 -0.147 -0.220 -0.230 -0.353 -0.452 -0.466 -0.323 -0.247  0.017  0.184  0.431  0.649  0.638  0.423  0.215 -0.093 -0.226 -0.160 -0.300 -0.456 -0.413 -0.413 -0.491 -0.462 -0.390 -0.363 -0.388 -0.414 -0.392 -0.353 -0.371 -0.307 -0.320 -0.403 -0.317 -0.359 -0.320 -0.224 -0.187 -0.217 -0.259 -0.279 -0.200 -0.109 -0.158  0.079  0.340  0.628  0.809  1.000  0.836  0.661  0.733  0.586  0.430  0.324  0.165  0.173 -0.102 -0.234 -0.334 -0.379 -0.319 -0.174 -0.144  0.116  0.362  0.378  0.349
  0.022 -0.116 -0.128 -0.312 -0.384 -0.332 -0.271 -0.059 -0.133 -0.252 -0.350 -0.469 -0.497 -0.449 -0.382 -0.192 -0.008  0.226  0.455  0.502  0.331  0.292  0.059 -0.065 -0.074 -0.204 -0.299 -0.276 -0.310 -0.364 -0.325 -0.287 -0.284 -0.300 -0.300 -0.260 -0.210 -0.222 -0.183 -0.168 -0.230 -0.163 -0.187 -0.157 -0.107 -0.103 -0.107 -0.120 -0.081  0.031  0.158  0.079  0.287  0.543  0.697  0.714  0.836  1.000  0.818  0.703  0.495  0.292  0.144 -0.001  0.077 -0.118 -0.146 -0.205 -0.216 -0.169 -0.049 -0.112  0.091  0.182  0.186  0.167
 -0.015 -0.081 -0.036 -0.155 -0.235 -0.179 -0.171 -0.014 -0.096 -0.223 -0.267 -0.346 -0.393 -0.361 -0.351 -0.249 -0.116  0.083  0.308  0.303  0.113  0.096 -0.015 -0.142 -0.193 -0.236 -0.285 -0.303 -0.312 -0.310 -0.286 -0.266 -0.239 -0.230 -0.243 -0.198 -0.171 -0.188 -0.146 -0.104 -0.147 -0.063 -0.062 -0.013  0.046 -0.009 -0.009 -0.003  0.043  0.138  0.178  0.024  0.148  0.369  0.476  0.622  0.661  0.818  1.000  0.801  0.655  0.391  0.219  0.103  0.217  0.053  0.016 -0.044 -0.090 -0.049  0.050 -0.052  0.101  0.061  0.050  0.035
  0.211  0.149  0.127 -0.059 -0.273 -0.253 -0.266 -0.101 -0.174 -0.208 -0.268 -0.333 -0.378 -0.253 -0.243 -0.088  0.010  0.226  0.431  0.370  0.122 -0.029 -0.211 -0.353 -0.332 -0.355 -0.472 -0.478 -0.429 -0.440 -0.436 -0.374 -0.315 -0.319 -0.368 -0.342 -0.330 -0.349 -0.283 -0.272 -0.335 -0.215 -0.231 -0.159 -0.046 -0.068 -0.097 -0.127 -0.150 -0.092 -0.095 -0.239 -0.078  0.157  0.365  0.610  0.733  0.703  0.801  1.000  0.819  0.583  0.440  0.309  0.358  0.111 -0.032 -0.154 -0.246 -0.205 -0.074 -0.091  0.144  0.254  0.257  0.231
  0.287  0.275  0.260  0.076 -0.187 -0.180 -0.234 -0.108 -0.193 -0.182 -0.223 -0.243 -0.285 -0.127 -0.129  0.004  0.057  0.215  0.382  0.273  0.053 -0.129 -0.279 -0.408 -0.386 -0.387 -0.494 -0.513 -0.446 -0.436 -0.453 -0.389 -0.299 -0.295 -0.366 -0.349 -0.367 -0.397 -0.331 -0.302 -0.352 -0.240 -0.237 -0.138  0.004 -0.038 -0.081 -0.116 -0.170 -0.135 -0.177 -0.308 -0.187  0.021  0.237  0.552  0.586  0.495  0.655  0.819  1.000  0.788  0.599  0.461  0.521  0.242  0.047 -0.094 -0.223 -0.190 -0.071 -0.077  0.144  0.239  0.239  0.213
  0.470  0.454  0.385  0.160 -0.187 -0.209 -0.266 -0.161 -0.219 -0.140 -0.201 -0.188 -0.221  0.003  0.007  0.175  0.178  0.292  0.373  0.219  0.024 -0.235 -0.391 -0.490 -0.434 -0.429 -0.545 -0.555 -0.466 -0.461 -0.488 -0.405 -0.300 -0.306 -0.397 -0.399 -0.432 -0.460 -0.389 -0.379 -0.438 -0.330 -0.331 -0.223 -0.045 -0.070 -0.134 -0.185 -0.294 -0.286 -0.351 -0.441 -0.333 -0.162  0.061  0.346  0.430  0.292  0.391  0.583  0.788  1.000  0.800  0.614  0.606  0.282  0.008 -0.160 -0.305 -0.279 -0.151 -0.081  0.161  0.341  0.354  0.325
  0.636  0.651  0.533  0.313 -0.124 -0.181 -0.276 -0.224 -0.242 -0.065 -0.132 -0.093 -0.112  0.168  0.188  0.377  0.328  0.384  0.366  0.185  0.015 -0.309 -0.468 -0.550 -0.455 -0.441 -0.577 -0.583 -0.469 -0.470 -0.518 -0.424 -0.300 -0.308 -0.417 -0.436 -0.487 -0.520 -0.445 -0.449 -0.503 -0.400 -0.393 -0.284 -0.110 -0.112 -0.188 -0.241 -0.375 -0.404 -0.494 -0.547 -0.462 -0.323 -0.073  0.218  0.324  0.144  0.219  0.440  0.599  0.800  1.000  0.838  0.668  0.357  0.008 -0.185 -0.351 -0.333 -0.215 -0.095  0.161  0.393  0.413  0.383
  0.545  0.668  0.611  0.522  0.084  0.011 -0.163 -0.195 -0.197  0.008  0.003  0.084  0.060  0.318  0.270  0.343  0.228  0.236  0.216  0.007 -0.144 -0.428 -0.498 -0.572 -0.501 -0.413 -0.513 -0.547 -0.403 -0.358 -0.433 -0.353 -0.210 -0.203 -0.327 -0.352 -0.433 -0.470 -0.404 -0.385 -0.408 -0.311 -0.284 -0.171 -0.019 -0.062 -0.129 -0.167 -0.293 -0.357 -0.493 -0.557 -0.536 -0.433 -0.225  0.075  0.165 -0.001  0.103  0.309  0.461  0.614  0.838  1.000  0.817  0.558  0.186 -0.027 -0.217 -0.218 -0.139 -0.049  0.143  0.274  0.288  0.261
  0.317  0.425  0.518  0.536  0.207  0.171 -0.040 -0.077 -0.123 -0.034  0.016  0.100  0.047  0.212  0.110  0.093  0.036  0.053  0.125 -0.069 -0.227 -0.414 -0.416 -0.504 -0.509 -0.391 -0.433 -0.502 -0.374 -0.280 -0.353 -0.304 -0.160 -0.134 -0.251 -0.257 -0.343 -0.381 -0.322 -0.264 -0.263 -0.168 -0.120  0.011  0.162  0.037 -0.018 -0.043 -0.131 -0.184 -0.316 -0.428 -0.426 -0.313 -0.164  0.116  0.173  0.077  0.217  0.358  0.521  0.606  0.668  0.817  1.000  0.742  0.410  0.175 -0.029 -0.054 -0.001 -0.018  0.118  0.099  0.099  0.077
  0.048  0.215  0.405  0.675  0.512  0.501  0.211  0.056  0.036  0.096  0.203  0.301  0.234  0.273  0.116 -0.037 -0.146 -0.207 -0.152 -0.325 -0.405 -0.434 -0.285 -0.334 -0.403 -0.225 -0.174 -0.280 -0.172 -0.021 -0.103 -0.112  0.014  0.063 -0.034 -0.029 -0.130 -0.160 -0.136 -0.046  0.010  0.070  0.152  0.272  0.360  0.166  0.130  0.144  0.110  0.037 -0.120 -0.242 -0.343 -0.314 -0.306 -0.101 -0.102 -0.118  0.053  0.111  0.242  0.282  0.357  0.558  0.742  1.000  0.737  0.467  0.263  0.194  0.154  0.043  0.041 -0.207 -0.222 -0.226
 -0.231 -0.062  0.174  0.513  0.660  0.647  0.391  0.228  0.162  0.062  0.201  0.278  0.236  0.107 -0.013 -0.235 -0.321 -0.393 -0.337 -0.422 -0.435 -0.293 -0.071 -0.084 -0.226 -0.061  0.073 -0.043 -0.008  0.164  0.105  0.040  0.119  0.182  0.141  0.170  0.088  0.060  0.053  0.187  0.286  0.318  0.441  0.552  0.535  0.317  0.322  0.335  0.352  0.282  0.157  0.032 -0.093 -0.120 -0.258 -0.192 -0.234 -0.146  0.016 -0.032  0.047  0.008  0.008  0.186  0.410  0.737  1.000  0.757  0.571  0.441  0.328  0.092 -0.010 -0.451 -0.498 -0.491
 -0.394 -0.245 -0.038  0.315  0.594  0.686  0.600  0.430  0.327  0.025  0.206  0.289  0.250  0.034 -0.097 -0.329 -0.405 -0.499 -0.442 -0.489 -0.443 -0.212  0.069  0.071 -0.096  0.071  0.250  0.121  0.108  0.301  0.257  0.143  0.181  0.270  0.277  0.333  0.267  0.256  0.248  0.382  0.524  0.544  0.675  0.755  0.614  0.378  0.440  0.429  0.494  0.393  0.271  0.163  0.013 -0.052 -0.261 -0.257 -0.334 -0.205 -0.044 -0.154 -0.094 -0.160 -0.185 -0.027  0.175  0.467  0.757  1.000  0.832  0.653  0.451  0.139 -0.092 -0.628 -0.690 -0.672
 -0.483 -0.360 -0.173  0.169  0.536  0.635  0.570  0.403  0.322  0.037  0.194  0.244  0.233 -0.022 -0.125 -0.354 -0.416 -0.522 -0.483 -0.470 -0.375 -0.101  0.172  0.197  0.036  0.156  0.357  0.257  0.194  0.374  0.362  0.216  0.217  0.318  0.368  0.433  0.384  0.359  0.369  0.556  0.691  0.695  0.736  0.697  0.490  0.271  0.367  0.399  0.522  0.447  0.358  0.269  0.119  0.035 -0.208 -0.285 -0.379 -0.216 -0.090 -0.246 -0.223 -0.305 -0.351 -0.217 -0.029  0.263  0.571  0.832  1.000  0.831  0.613  0.274 -0.037 -0.653 -0.745 -0.737
 -0.439 -0.335 -0.182  0.109  0.405  0.505  0.449  0.300  0.245  0.023  0.131  0.169  0.152 -0.056 -0.142 -0.327 -0.379 -0.466 -0.424 -0.408 -0.315 -0.073  0.154  0.151  0.026  0.123  0.298  0.209  0.127  0.316  0.326  0.149  0.148  0.291  0.360  0.457  0.420  0.385  0.458  0.667  0.744  0.789  0.704  0.614  0.382  0.164  0.278  0.330  0.482  0.416  0.330  0.225  0.096  0.044 -0.170 -0.234 -0.319 -0.169 -0.049 -0.205 -0.190 -0.279 -0.333 -0.218 -0.054  0.194  0.441  0.653  0.831  1.000  0.797  0.470  0.111 -0.604 -0.713 -0.716
 -0.320 -0.255 -0.135  0.061  0.252  0.338  0.251  0.208  0.123 -0.013  0.033  0.036 -0.004 -0.131 -0.185 -0.292 -0.311 -0.345 -0.284 -0.277 -0.238 -0.078  0.071  0.041 -0.066 -0.010  0.145  0.072 -0.016  0.164  0.202  0.031  0.041  0.202  0.268  0.376  0.355  0.291  0.417  0.667  0.639  0.646  0.524  0.436  0.259  0.092  0.181  0.234  0.357  0.312  0.251  0.141  0.054  0.051 -0.093 -0.127 -0.174 -0.049  0.050 -0.074 -0.071 -0.151 -0.215 -0.139 -0.001  0.154  0.328  0.451  0.613  0.797  1.000  0.753  0.403 -0.443 -0.592 -0.617
 -0.109 -0.068 -0.041  0.057  0.092  0.127  0.061  0.051  0.047  0.013  0.008  0.037 -0.001 -0.015 -0.057 -0.084 -0.133 -0.158 -0.162 -0.177 -0.158 -0.139 -0.084 -0.105 -0.119 -0.092 -0.008 -0.037 -0.102  0.020  0.066 -0.069 -0.069  0.065  0.126  0.222  0.241  0.182  0.311  0.513  0.388  0.426  0.249  0.126  0.009 -0.078 -0.034 -0.006  0.088  0.052 -0.001 -0.071 -0.120 -0.115 -0.156 -0.142 -0.144 -0.112 -0.052 -0.091 -0.077 -0.081 -0.095 -0.049 -0.018  0.043  0.092  0.139  0.274  0.470  0.753  1.000  0.637 -0.173 -0.301 -0.337
  0.134  0.125  0.082  0.035 -0.074 -0.082 -0.182 -0.121 -0.168 -0.049 -0.126 -0.131 -0.162 -0.073 -0.063  0.014  0.026  0.085  0.097  0.063 -0.002 -0.090 -0.170 -0.246 -0.203 -0.213 -0.265 -0.273 -0.269 -0.236 -0.234 -0.261 -0.215 -0.163 -0.177 -0.113 -0.098 -0.146 -0.031  0.129 -0.014  0.058 -0.046 -0.087 -0.087 -0.121 -0.123 -0.100 -0.076 -0.083 -0.114 -0.181 -0.152 -0.070 -0.002  0.066  0.116  0.091  0.101  0.144  0.144  0.161  0.161  0.143  0.118  0.041 -0.010 -0.092 -0.037  0.111  0.403  0.637  1.000  0.169  0.036 -0.032
  0.508  0.391  0.203 -0.128 -0.460 -0.535 -0.524 -0.398 -0.418 -0.141 -0.282 -0.277 -0.257 -0.008  0.067  0.319  0.380  0.490  0.455  0.434  0.302 -0.019 -0.313 -0.353 -0.176 -0.289 -0.521 -0.422 -0.325 -0.513 -0.531 -0.357 -0.342 -0.466 -0.522 -0.581 -0.528 -0.521 -0.463 -0.532 -0.632 -0.560 -0.607 -0.613 -0.474 -0.358 -0.440 -0.453 -0.555 -0.486 -0.438 -0.405 -0.247 -0.131  0.125  0.223  0.362  0.182  0.061  0.254  0.239  0.341  0.393  0.274  0.099 -0.207 -0.451 -0.628 -0.653 -0.604 -0.443 -0.173  0.169  1.000  0.857  0.716
  0.539  0.417  0.218 -0.135 -0.497 -0.582 -0.540 -0.421 -0.412 -0.159 -0.300 -0.294 -0.263  0.008  0.097  0.351  0.402  0.526  0.485  0.461  0.315 -0.028 -0.342 -0.370 -0.181 -0.293 -0.538 -0.435 -0.330 -0.537 -0.561 -0.374 -0.363 -0.505 -0.566 -0.628 -0.566 -0.543 -0.517 -0.638 -0.730 -0.653 -0.691 -0.687 -0.514 -0.356 -0.460 -0.513 -0.626 -0.549 -0.490 -0.439 -0.261 -0.152  0.121  0.223  0.378  0.186  0.050  0.257  0.239  0.354  0.413  0.288  0.099 -0.222 -0.498 -0.690 -0.745 -0.713 -0.592 -0.301  0.036  0.857  1.000  0.907
