  1.000  0.701  0.398  0.141 -0.118 -0.202 -0.230 -0.199 -0.110 -0.147 -0.184 -0.140 -0.051  0.121  0.248  0.566  0.520  0.423  0.174  0.054  0.039 -0.164 -0.236 -0.226 -0.229 -0.267 -0.277 -0.297 -0.339 -0.313 -0.266 -0.289 -0.232 -0.208 -0.190 -0.137 -0.084 -0.137 -0.184 -0.200 -0.277 -0.249 -0.245 -0.203 -0.213 -0.147 -0.081 -0.105 -0.200 -0.318 -0.418 -0.290 -0.223 -0.246 -0.134 -0.069 -0.054 -0.115 -0.153 -0.047  0.027  0.284  0.420  0.311  0.101 -0.013 -0.159 -0.231 -0.276 -0.215 -0.149 -0.059  0.105  0.350  0.395  0.246
  0.701  1.000  0.680  0.386  0.055 -0.082 -0.201 -0.193 -0.142 -0.161 -0.117  0.001  0.081  0.305  0.428  0.567  0.454  0.341  0.050 -0.077 -0.059 -0.261 -0.253 -0.259 -0.258 -0.279 -0.309 -0.318 -0.330 -0.362 -0.330 -0.326 -0.278 -0.297 -0.279 -0.239 -0.187 -0.243 -0.261 -0.265 -0.342 -0.302 -0.275 -0.193 -0.204 -0.170 -0.107 -0.097 -0.208 -0.269 -0.401 -0.310 -0.343 -0.364 -0.254 -0.165 -0.152 -0.214 -0.184 -0.096  0.031  0.263  0.452  0.480  0.268  0.163  0.013 -0.163 -0.242 -0.213 -0.150 -0.055  0.075  0.396  0.415  0.286
  0.398  0.680  1.000  0.642  0.217  0.061 -0.069 -0.100 -0.075 -0.084 -0.038  0.112  0.154  0.395  0.445  0.352  0.310  0.192 -0.065 -0.142 -0.169 -0.256 -0.229 -0.252 -0.216 -0.219 -0.295 -0.274 -0.237 -0.335 -0.321 -0.251 -0.215 -0.305 -0.344 -0.338 -0.282 -0.280 -0.280 -0.240 -0.320 -0.265 -0.268 -0.186 -0.172 -0.180 -0.166 -0.167 -0.231 -0.199 -0.267 -0.222 -0.307 -0.300 -0.249 -0.171 -0.161 -0.171 -0.102 -0.059  0.042  0.139  0.342  0.443  0.367  0.329  0.161 -0.108 -0.171 -0.156 -0.104 -0.013  0.130  0.369  0.335  0.207
  0.141  0.386  0.642  1.000  0.609  0.431  0.209  0.051 -0.046  0.082  0.315  0.467  0.483  0.588  0.425  0.166  0.124 -0.009 -0.209 -0.302 -0.288 -0.341 -0.267 -0.235 -0.197 -0.162 -0.248 -0.218 -0.102 -0.197 -0.213 -0.162 -0.153 -0.204 -0.271 -0.317 -0.210 -0.175 -0.214 -0.189 -0.238 -0.185 -0.177 -0.147 -0.159 -0.147 -0.136 -0.137 -0.169 -0.152 -0.226 -0.221 -0.335 -0.362 -0.332 -0.283 -0.285 -0.289 -0.174 -0.173 -0.106 -0.101  0.109  0.388  0.396  0.517  0.347  0.057  0.004 -0.059 -0.077  0.009  0.015  0.307  0.133  0.095
 -0.118  0.055  0.217  0.609  1.000  0.749  0.503  0.341  0.170  0.282  0.477  0.588  0.626  0.467  0.311 -0.007 -0.098 -0.205 -0.312 -0.347 -0.310 -0.292 -0.209 -0.126 -0.098 -0.053 -0.061 -0.068  0.036  0.001 -0.075 -0.020 -0.026 -0.073 -0.078 -0.150 -0.115 -0.061 -0.018  0.052  0.065  0.123  0.102  0.083  0.012 -0.059 -0.043 -0.008  0.024 -0.024 -0.098 -0.110 -0.206 -0.289 -0.329 -0.343 -0.336 -0.323 -0.245 -0.301 -0.289 -0.300 -0.172  0.051  0.118  0.333  0.442  0.299  0.333  0.254  0.119  0.131 -0.093  0.040 -0.192 -0.183
 -0.202 -0.082  0.061  0.431  0.749  1.000  0.753  0.560  0.339  0.485  0.642  0.676  0.599  0.405  0.221 -0.025 -0.137 -0.267 -0.324 -0.350 -0.310 -0.288 -0.230 -0.129 -0.136 -0.064 -0.040 -0.068  0.017 -0.001 -0.063 -0.041 -0.056 -0.114 -0.117 -0.156 -0.100 -0.020  0.012  0.122  0.167  0.199  0.175  0.147  0.089 -0.020 -0.063 -0.004  0.046  0.053 -0.032 -0.090 -0.185 -0.273 -0.321 -0.333 -0.327 -0.303 -0.224 -0.284 -0.299 -0.313 -0.181 -0.023  0.074  0.333  0.401  0.410  0.424  0.351  0.206  0.173 -0.106  0.001 -0.299 -0.308
 -0.230 -0.201 -0.069  0.209  0.503  0.753  1.000  0.809  0.522  0.688  0.676  0.509  0.463  0.264  0.117 -0.073 -0.209 -0.361 -0.319 -0.317 -0.253 -0.203 -0.141 -0.036 -0.048 -0.015  0.069  0.050  0.070  0.090  0.040  0.035  0.022 -0.035 -0.003 -0.019  0.020  0.106  0.172  0.318  0.370  0.381  0.296  0.253  0.120  0.010 -0.025  0.018  0.141  0.098  0.041  0.004 -0.056 -0.187 -0.284 -0.315 -0.309 -0.273 -0.227 -0.303 -0.347 -0.355 -0.270 -0.172 -0.102  0.143  0.279  0.495  0.615  0.552  0.385  0.304 -0.105 -0.202 -0.499 -0.511
 -0.199 -0.193 -0.100  0.051  0.341  0.560  0.809  1.000  0.751  0.691  0.494  0.314  0.257  0.099  0.080 -0.023 -0.138 -0.326 -0.280 -0.268 -0.203 -0.162 -0.112 -0.006 -0.062 -0.010  0.114 -0.001 -0.028  0.081  0.044  0.021  0.006 -0.035  0.010  0.046  0.081  0.146  0.245  0.403  0.473  0.481  0.371  0.329  0.178  0.036  0.020  0.105  0.246  0.147  0.059  0.008 -0.038 -0.159 -0.243 -0.279 -0.244 -0.233 -0.219 -0.268 -0.315 -0.300 -0.221 -0.193 -0.174  0.053  0.205  0.529  0.621  0.629  0.450  0.354 -0.031 -0.228 -0.537 -0.631
 -0.110 -0.142 -0.075 -0.046  0.170  0.339  0.522  0.751  1.000  0.754  0.332  0.179  0.119  0.007  0.029  0.019 -0.020 -0.173 -0.164 -0.122 -0.085 -0.094 -0.083 -0.010 -0.064 -0.023  0.059 -0.098 -0.160 -0.018 -0.040 -0.071 -0.068 -0.082 -0.060  0.012  0.049  0.097  0.193  0.286  0.342  0.358  0.278  0.262  0.163  0.053  0.046  0.122  0.200  0.096 -0.010 -0.033 -0.044 -0.119 -0.158 -0.192 -0.135 -0.137 -0.160 -0.192 -0.213 -0.206 -0.159 -0.154 -0.170 -0.032  0.082  0.357  0.389  0.401  0.274  0.203  0.005 -0.138 -0.365 -0.522
 -0.147 -0.161 -0.084  0.082  0.282  0.485  0.688  0.691  0.754  1.000  0.681  0.461  0.364  0.211  0.104  0.014 -0.097 -0.276 -0.246 -0.234 -0.177 -0.177 -0.112 -0.038 -0.040  0.020  0.090  0.018  0.004  0.052  0.028  0.022  0.027 -0.008 -0.006 -0.013  0.050  0.115  0.153  0.234  0.286  0.278  0.200  0.170  0.076  0.012  0.029  0.046  0.100  0.000 -0.050 -0.019 -0.064 -0.171 -0.215 -0.235 -0.231 -0.238 -0.224 -0.267 -0.299 -0.267 -0.218 -0.168 -0.159 -0.015  0.065  0.331  0.417  0.403  0.272  0.200 -0.098 -0.154 -0.422 -0.483
 -0.184 -0.117 -0.038  0.315  0.477  0.642  0.676  0.494  0.332  0.681  1.000  0.802  0.638  0.422  0.181 -0.053 -0.182 -0.279 -0.274 -0.288 -0.259 -0.257 -0.160 -0.097 -0.069 -0.010 -0.012  0.032  0.120  0.028 -0.047 -0.001  0.032 -0.023 -0.065 -0.158 -0.090  0.006  0.047  0.136  0.149  0.181  0.102  0.064 -0.012 -0.050 -0.019 -0.051 -0.011 -0.040 -0.061 -0.045 -0.105 -0.193 -0.227 -0.237 -0.260 -0.272 -0.223 -0.264 -0.302 -0.346 -0.224 -0.073 -0.010  0.158  0.175  0.259  0.345  0.318  0.219  0.210 -0.123 -0.051 -0.364 -0.291
 -0.140  0.001  0.112  0.467  0.588  0.676  0.509  0.314  0.179  0.461  0.802  1.000  0.803  0.558  0.283 -0.019 -0.137 -0.203 -0.283 -0.317 -0.317 -0.290 -0.178 -0.117 -0.076 -0.009 -0.087 -0.073  0.042 -0.062 -0.124 -0.112 -0.098 -0.116 -0.137 -0.238 -0.179 -0.095 -0.102 -0.055 -0.029  0.024  0.010  0.014 -0.018 -0.041 -0.031 -0.055 -0.072 -0.069 -0.108 -0.084 -0.188 -0.273 -0.287 -0.271 -0.275 -0.289 -0.196 -0.233 -0.245 -0.291 -0.152  0.031  0.083  0.262  0.231  0.188  0.208  0.136  0.024  0.044 -0.138  0.089 -0.167 -0.101
 -0.051  0.081  0.154  0.483  0.626  0.599  0.463  0.257  0.119  0.364  0.638  0.803  1.000  0.749  0.474  0.133 -0.015 -0.109 -0.226 -0.291 -0.249 -0.246 -0.158 -0.080 -0.027  0.048 -0.030 -0.072  0.049 -0.005 -0.123 -0.103 -0.063 -0.055 -0.090 -0.197 -0.161 -0.063 -0.061 -0.027 -0.013  0.047  0.005 -0.047 -0.093 -0.131 -0.102 -0.057 -0.068 -0.113 -0.175 -0.101 -0.211 -0.311 -0.289 -0.247 -0.276 -0.335 -0.263 -0.276 -0.268 -0.308 -0.161  0.032  0.010  0.202  0.167  0.131  0.179  0.134  0.023  0.091 -0.166  0.076 -0.166 -0.099
  0.121  0.305  0.395  0.588  0.467  0.405  0.264  0.099  0.007  0.211  0.422  0.558  0.749  1.000  0.685  0.317  0.162  0.015 -0.174 -0.271 -0.223 -0.265 -0.201 -0.150 -0.095 -0.034 -0.106 -0.139 -0.031 -0.110 -0.185 -0.147 -0.101 -0.130 -0.191 -0.264 -0.215 -0.147 -0.159 -0.137 -0.158 -0.111 -0.128 -0.163 -0.171 -0.195 -0.179 -0.119 -0.180 -0.179 -0.252 -0.191 -0.305 -0.366 -0.312 -0.232 -0.280 -0.345 -0.250 -0.236 -0.175 -0.164 -0.009  0.224  0.176  0.267  0.115  0.012  0.024 -0.004 -0.045  0.067 -0.071  0.223  0.038  0.036
  0.248  0.428  0.445  0.425  0.311  0.221  0.117  0.080  0.029  0.104  0.181  0.283  0.474  0.685  1.000  0.633  0.399  0.174 -0.082 -0.206 -0.151 -0.208 -0.158 -0.122 -0.066  0.029 -0.066 -0.150 -0.028 -0.038 -0.163 -0.145 -0.068 -0.140 -0.200 -0.200 -0.190 -0.123 -0.131 -0.114 -0.119 -0.062 -0.108 -0.150 -0.156 -0.172 -0.142 -0.051 -0.138 -0.199 -0.269 -0.175 -0.237 -0.319 -0.271 -0.193 -0.237 -0.297 -0.255 -0.231 -0.177 -0.138  0.052  0.200  0.086  0.154  0.043 -0.022 -0.026 -0.018 -0.063  0.055 -0.069  0.182  0.062 -0.011
  0.566  0.567  0.352  0.166 -0.007 -0.025 -0.073 -0.023  0.019  0.014 -0.053 -0.019  0.133  0.317  0.633  1.000  0.733  0.446  0.160 -0.024  0.015 -0.190 -0.239 -0.238 -0.195 -0.159 -0.198 -0.278 -0.274 -0.195 -0.254 -0.270 -0.202 -0.227 -0.259 -0.168 -0.140 -0.131 -0.130 -0.093 -0.155 -0.125 -0.155 -0.194 -0.163 -0.158 -0.115 -0.055 -0.177 -0.249 -0.342 -0.284 -0.271 -0.294 -0.177 -0.106 -0.071 -0.161 -0.210 -0.129 -0.065  0.120  0.295  0.254  0.064  0.016 -0.097 -0.108 -0.151 -0.088 -0.054  0.043  0.086  0.269  0.210  0.063
  0.520  0.454  0.310  0.124 -0.098 -0.137 -0.209 -0.138 -0.020 -0.097 -0.182 -0.137 -0.015  0.162  0.399  0.733  1.000  0.691  0.312  0.136  0.209 -0.019 -0.143 -0.131 -0.115 -0.149 -0.216 -0.275 -0.286 -0.233 -0.311 -0.301 -0.250 -0.226 -0.249 -0.209 -0.194 -0.206 -0.194 -0.181 -0.249 -0.214 -0.224 -0.240 -0.214 -0.162 -0.104 -0.039 -0.149 -0.210 -0.288 -0.191 -0.173 -0.150 -0.007  0.032  0.039 -0.031 -0.133 -0.082  0.036  0.135  0.292  0.259  0.082  0.017 -0.156 -0.229 -0.276 -0.210 -0.155 -0.044  0.008  0.217  0.257  0.195
  0.423  0.341  0.192 -0.009 -0.205 -0.267 -0.361 -0.326 -0.173 -0.276 -0.279 -0.203 -0.109  0.015  0.174  0.446  0.691  1.000  0.610  0.452  0.397  0.106 -0.066 -0.099 -0.060 -0.171 -0.294 -0.273 -0.290 -0.277 -0.306 -0.303 -0.289 -0.209 -0.221 -0.211 -0.203 -0.223 -0.224 -0.260 -0.350 -0.308 -0.329 -0.317 -0.263 -0.166 -0.121 -0.099 -0.220 -0.261 -0.299 -0.163 -0.138 -0.074  0.126  0.194  0.250  0.148  0.050  0.117  0.173  0.167  0.243  0.169  0.035 -0.100 -0.245 -0.354 -0.407 -0.336 -0.251 -0.142  0.035  0.253  0.363  0.359
  0.174  0.050 -0.065 -0.209 -0.312 -0.324 -0.319 -0.280 -0.164 -0.246 -0.274 -0.283 -0.226 -0.174 -0.082  0.160  0.312  0.610  1.000  0.676  0.446  0.211  0.034 -0.016 -0.025 -0.151 -0.201 -0.120 -0.186 -0.157 -0.159 -0.164 -0.176 -0.114 -0.128 -0.105 -0.107 -0.114 -0.095 -0.126 -0.238 -0.218 -0.251 -0.269 -0.232 -0.182 -0.152 -0.176 -0.211 -0.171 -0.127 -0.069  0.009  0.150  0.360  0.488  0.530  0.361  0.238  0.280  0.270  0.156  0.081 -0.035 -0.074 -0.217 -0.311 -0.319 -0.338 -0.252 -0.159 -0.059  0.124  0.077  0.203  0.226
  0.054 -0.077 -0.142 -0.302 -0.347 -0.350 -0.317 -0.268 -0.122 -0.234 -0.288 -0.317 -0.291 -0.271 -0.206 -0.024  0.136  0.452  0.676  1.000  0.704  0.381  0.160  0.076  0.077 -0.055 -0.114 -0.036 -0.136 -0.117 -0.105 -0.120 -0.145 -0.072 -0.080 -0.073 -0.077 -0.089 -0.067 -0.070 -0.169 -0.157 -0.186 -0.219 -0.211 -0.135 -0.104 -0.138 -0.157 -0.132 -0.067 -0.026  0.127  0.270  0.474  0.462  0.535  0.423  0.296  0.317  0.249  0.085 -0.025 -0.164 -0.162 -0.263 -0.309 -0.297 -0.263 -0.210 -0.120 -0.070  0.105 -0.007  0.154  0.165
  0.039 -0.059 -0.169 -0.288 -0.310 -0.310 -0.253 -0.203 -0.085 -0.177 -0.259 -0.317 -0.249 -0.223 -0.151  0.015  0.209  0.397  0.446  0.704  1.000  0.634  0.349  0.292  0.276  0.100  0.023  0.088 -0.024 -0.031 -0.067 -0.078 -0.097 -0.066 -0.086 -0.061 -0.056 -0.073 -0.061 -0.018 -0.094 -0.094 -0.106 -0.149 -0.150 -0.066 -0.058 -0.015 -0.080 -0.042  0.044  0.134  0.196  0.308  0.477  0.367  0.323  0.249  0.091  0.096  0.087  0.011 -0.089 -0.171 -0.189 -0.275 -0.283 -0.228 -0.199 -0.132 -0.067 -0.063 -0.024 -0.136  0.002  0.094
 -0.164 -0.261 -0.256 -0.341 -0.292 -0.288 -0.203 -0.162 -0.094 -0.177 -0.257 -0.290 -0.246 -0.265 -0.208 -0.190 -0.019  0.106  0.211  0.381  0.634  1.000  0.716  0.590  0.547  0.395  0.226  0.211  0.144  0.114  0.081  0.072  0.027  0.046  0.066  0.069  0.021  0.006 -0.018  0.033  0.019 -0.020 -0.034 -0.092 -0.080 -0.025 -0.045  0.040  0.037  0.168  0.340  0.489  0.476  0.538  0.504  0.322  0.204  0.240  0.121  0.047  0.022 -0.128 -0.239 -0.267 -0.243 -0.284 -0.232 -0.159 -0.132 -0.072 -0.029 -0.094 -0.164 -0.342 -0.168 -0.009
 -0.236 -0.253 -0.229 -0.267 -0.209 -0.230 -0.141 -0.112 -0.083 -0.112 -0.160 -0.178 -0.158 -0.201 -0.158 -0.239 -0.143 -0.066  0.034  0.160  0.349  0.716  1.000  0.764  0.615  0.515  0.405  0.345  0.241  0.138  0.121  0.122  0.049  0.094  0.118  0.084  0.037  0.045  0.038  0.058  0.078  0.042  0.045 -0.040 -0.056 -0.023 -0.051  0.070  0.108  0.233  0.419  0.621  0.457  0.459  0.361  0.226  0.044  0.080  0.063 -0.011 -0.042 -0.169 -0.271 -0.280 -0.267 -0.245 -0.169 -0.088 -0.038  0.005  0.035 -0.044 -0.222 -0.411 -0.247 -0.063
 -0.226 -0.259 -0.252 -0.235 -0.126 -0.129 -0.036 -0.006 -0.010 -0.038 -0.097 -0.117 -0.080 -0.150 -0.122 -0.238 -0.131 -0.099 -0.016  0.076  0.292  0.590  0.764  1.000  0.766  0.532  0.552  0.462  0.319  0.286  0.224  0.160  0.075  0.145  0.205  0.195  0.154  0.143  0.041  0.058  0.137  0.050  0.078  0.070  0.045  0.055  0.014  0.125  0.138  0.218  0.403  0.588  0.454  0.375  0.235  0.092 -0.084 -0.026 -0.053 -0.169 -0.158 -0.217 -0.326 -0.308 -0.266 -0.185 -0.085  0.020  0.052  0.032 -0.019 -0.115 -0.338 -0.505 -0.349 -0.136
 -0.229 -0.258 -0.216 -0.197 -0.098 -0.136 -0.048 -0.062 -0.064 -0.040 -0.069 -0.076 -0.027 -0.095 -0.066 -0.195 -0.115 -0.060 -0.025  0.077  0.276  0.547  0.615  0.766  1.000  0.686  0.500  0.510  0.433  0.333  0.256  0.207  0.110  0.130  0.168  0.123  0.084  0.114  0.025  0.040  0.092  0.034  0.047  0.037  0.001  0.049  0.007  0.060  0.074  0.114  0.318  0.506  0.370  0.283  0.161  0.027 -0.102 -0.069 -0.113 -0.214 -0.190 -0.230 -0.344 -0.299 -0.253 -0.190 -0.096 -0.047 -0.003 -0.012 -0.038 -0.085 -0.293 -0.445 -0.304 -0.055
 -0.267 -0.279 -0.219 -0.162 -0.053 -0.064 -0.015 -0.010 -0.023  0.020 -0.010 -0.009  0.048 -0.034  0.029 -0.159 -0.149 -0.171 -0.151 -0.055  0.100  0.395  0.515  0.532  0.686  1.000  0.672  0.409  0.459  0.422  0.300  0.258  0.219  0.207  0.213  0.170  0.165  0.240  0.148  0.091  0.145  0.102  0.100  0.010 -0.028 -0.002 -0.014  0.054  0.056  0.059  0.217  0.385  0.283  0.174  0.068 -0.040 -0.159 -0.119 -0.142 -0.206 -0.226 -0.304 -0.361 -0.274 -0.229 -0.131 -0.106 -0.057 -0.017 -0.007 -0.029 -0.064 -0.257 -0.354 -0.297 -0.110
 -0.277 -0.309 -0.295 -0.248 -0.061 -0.040  0.069  0.114  0.059  0.090 -0.012 -0.087 -0.030 -0.106 -0.066 -0.198 -0.216 -0.294 -0.201 -0.114  0.023  0.226  0.405  0.552  0.500  0.672  1.000  0.673  0.468  0.549  0.490  0.351  0.262  0.341  0.420  0.445  0.398  0.419  0.284  0.231  0.345  0.195  0.209  0.156  0.126  0.101  0.060  0.143  0.153  0.088  0.226  0.293  0.228  0.129 -0.023 -0.104 -0.245 -0.189 -0.186 -0.259 -0.244 -0.226 -0.365 -0.341 -0.278 -0.137 -0.007  0.140  0.188  0.145  0.101 -0.005 -0.304 -0.520 -0.433 -0.326
 -0.297 -0.318 -0.274 -0.218 -0.068 -0.068  0.050 -0.001 -0.098  0.018  0.032 -0.073 -0.072 -0.139 -0.150 -0.278 -0.275 -0.273 -0.120 -0.036  0.088  0.211  0.345  0.462  0.510  0.409  0.673  1.000  0.725  0.563  0.603  0.536  0.329  0.286  0.401  0.343  0.297  0.296  0.168  0.174  0.237  0.081  0.071  0.031 -0.025  0.061  0.024 -0.008  0.014  0.028  0.249  0.291  0.227  0.195  0.065 -0.019 -0.121 -0.077 -0.076 -0.168 -0.143 -0.170 -0.330 -0.374 -0.288 -0.222 -0.062  0.046  0.153  0.134  0.133  0.027 -0.274 -0.513 -0.361 -0.216
 -0.339 -0.330 -0.237 -0.102  0.036  0.017  0.070 -0.028 -0.160  0.004  0.120  0.042  0.049 -0.031 -0.028 -0.274 -0.286 -0.290 -0.186 -0.136 -0.024  0.144  0.241  0.319  0.433  0.459  0.468  0.725  1.000  0.713  0.565  0.611  0.490  0.310  0.295  0.167  0.122  0.209  0.121  0.091  0.166  0.101  0.052 -0.016 -0.093 -0.026 -0.049 -0.066 -0.024  0.033  0.237  0.316  0.251  0.179  0.042 -0.030 -0.152 -0.084 -0.076 -0.178 -0.181 -0.278 -0.336 -0.297 -0.210 -0.137 -0.015  0.005  0.091  0.068  0.041 -0.002 -0.293 -0.387 -0.322 -0.114
 -0.313 -0.362 -0.335 -0.197  0.001 -0.001  0.090  0.081 -0.018  0.052  0.028 -0.062 -0.005 -0.110 -0.038 -0.195 -0.233 -0.277 -0.157 -0.117 -0.031  0.114  0.138  0.286  0.333  0.422  0.549  0.563  0.713  1.000  0.766  0.624  0.570  0.491  0.452  0.438  0.353  0.403  0.279  0.233  0.351  0.234  0.181  0.115  0.034  0.037  0.002  0.050  0.115  0.076  0.193  0.188  0.177  0.082 -0.037 -0.108 -0.210 -0.137 -0.114 -0.209 -0.224 -0.281 -0.373 -0.347 -0.248 -0.157 -0.005  0.136  0.202  0.154  0.103  0.043 -0.263 -0.449 -0.447 -0.322
 -0.266 -0.330 -0.321 -0.213 -0.075 -0.063  0.040  0.044 -0.040  0.028 -0.047 -0.124 -0.123 -0.185 -0.163 -0.254 -0.311 -0.306 -0.159 -0.105 -0.067  0.081  0.121  0.224  0.256  0.300  0.490  0.603  0.565  0.766  1.000  0.780  0.584  0.559  0.630  0.583  0.525  0.499  0.342  0.256  0.319  0.161  0.109  0.074  0.045  0.090  0.078  0.050  0.040 -0.001  0.163  0.110  0.121  0.067 -0.053 -0.087 -0.168 -0.106 -0.061 -0.129 -0.151 -0.164 -0.318 -0.356 -0.244 -0.168 -0.070  0.085  0.174  0.135  0.119  0.015 -0.248 -0.489 -0.432 -0.310
 -0.289 -0.326 -0.251 -0.162 -0.020 -0.041  0.035  0.021 -0.071  0.022 -0.001 -0.112 -0.103 -0.147 -0.145 -0.270 -0.301 -0.303 -0.164 -0.120 -0.078  0.072  0.122  0.160  0.207  0.258  0.351  0.536  0.611  0.624  0.780  1.000  0.770  0.566  0.582  0.388  0.302  0.315  0.255  0.185  0.217  0.109  0.048 -0.015 -0.018  0.055 -0.016 -0.023 -0.015  0.004  0.169  0.160  0.154  0.124 -0.002 -0.036 -0.141 -0.073 -0.031 -0.113 -0.120 -0.190 -0.321 -0.304 -0.235 -0.193 -0.089  0.018  0.092  0.086  0.083  0.031 -0.218 -0.417 -0.351 -0.212
 -0.232 -0.278 -0.215 -0.153 -0.026 -0.056  0.022  0.006 -0.068  0.027  0.032 -0.098 -0.063 -0.101 -0.068 -0.202 -0.250 -0.289 -0.176 -0.145 -0.097  0.027  0.049  0.075  0.110  0.219  0.262  0.329  0.490  0.570  0.584  0.770  1.000  0.740  0.544  0.353  0.232  0.237  0.211  0.117  0.171  0.132  0.049 -0.029 -0.010  0.040 -0.005 -0.049 -0.032 -0.034  0.100  0.089  0.119  0.082 -0.038 -0.075 -0.171 -0.091 -0.077 -0.129 -0.163 -0.190 -0.261 -0.234 -0.198 -0.178 -0.082  0.009  0.063  0.065  0.064  0.031 -0.164 -0.309 -0.284 -0.168
 -0.208 -0.297 -0.305 -0.204 -0.073 -0.114 -0.035 -0.035 -0.082 -0.008 -0.023 -0.116 -0.055 -0.130 -0.140 -0.227 -0.226 -0.209 -0.114 -0.072 -0.066  0.046  0.094  0.145  0.130  0.207  0.341  0.286  0.310  0.491  0.559  0.566  0.740  1.000  0.763  0.577  0.413  0.345  0.301  0.159  0.216  0.142  0.097  0.001  0.004  0.059  0.052 -0.001 -0.001 -0.025  0.099  0.055  0.083  0.055 -0.033 -0.058 -0.150 -0.106 -0.075 -0.132 -0.149 -0.169 -0.275 -0.251 -0.251 -0.215 -0.130 -0.033  0.026  0.026  0.032 -0.001 -0.194 -0.344 -0.298 -0.183
 -0.190 -0.279 -0.344 -0.271 -0.078 -0.117 -0.003  0.010 -0.060 -0.006 -0.065 -0.137 -0.090 -0.191 -0.200 -0.259 -0.249 -0.221 -0.128 -0.080 -0.086  0.066  0.118  0.205  0.168  0.213  0.420  0.401  0.295  0.452  0.630  0.582  0.544  0.763  1.000  0.768  0.557  0.445  0.319  0.228  0.287  0.147  0.110  0.054  0.031  0.120  0.097  0.053  0.058 -0.015  0.084  0.056  0.124  0.058 -0.029 -0.072 -0.141 -0.122 -0.110 -0.163 -0.179 -0.171 -0.310 -0.312 -0.298 -0.246 -0.126  0.039  0.122  0.124  0.115  0.010 -0.250 -0.435 -0.338 -0.244
 -0.137 -0.239 -0.338 -0.317 -0.150 -0.156 -0.019  0.046  0.012 -0.013 -0.158 -0.238 -0.197 -0.264 -0.200 -0.168 -0.209 -0.211 -0.105 -0.073 -0.061  0.069  0.084  0.195  0.123  0.170  0.445  0.343  0.167  0.438  0.583  0.388  0.353  0.577  0.768  1.000  0.802  0.571  0.381  0.308  0.369  0.189  0.181  0.122  0.120  0.116  0.111  0.102  0.099  0.017  0.100  0.022  0.112  0.045 -0.047 -0.114 -0.144 -0.088 -0.090 -0.136 -0.167 -0.099 -0.218 -0.270 -0.250 -0.192 -0.066  0.119  0.182  0.160  0.165  0.026 -0.121 -0.401 -0.357 -0.350
 -0.084 -0.187 -0.282 -0.210 -0.115 -0.100  0.020  0.081  0.049  0.050 -0.090 -0.179 -0.161 -0.215 -0.190 -0.140 -0.194 -0.203 -0.107 -0.077 -0.056  0.021  0.037  0.154  0.084  0.165  0.398  0.297  0.122  0.353  0.525  0.302  0.232  0.413  0.557  0.802  1.000  0.770  0.507  0.363  0.358  0.165  0.132  0.122  0.129  0.126  0.157  0.120  0.043 -0.071  0.005 -0.035  0.045 -0.013 -0.065 -0.149 -0.165 -0.127 -0.150 -0.154 -0.204 -0.100 -0.168 -0.199 -0.199 -0.137 -0.077  0.120  0.180  0.110  0.127  0.016 -0.068 -0.314 -0.363 -0.362
 -0.137 -0.243 -0.280 -0.175 -0.061 -0.020  0.106  0.146  0.097  0.115  0.006 -0.095 -0.063 -0.147 -0.123 -0.131 -0.206 -0.223 -0.114 -0.089 -0.073  0.006  0.045  0.143  0.114  0.240  0.419  0.296  0.209  0.403  0.499  0.315  0.237  0.345  0.445  0.571  0.770  1.000  0.681  0.419  0.468  0.312  0.242  0.184  0.120  0.072  0.137  0.098  0.089 -0.009  0.028 -0.009  0.032 -0.049 -0.118 -0.160 -0.159 -0.157 -0.175 -0.159 -0.240 -0.210 -0.248 -0.255 -0.237 -0.124 -0.066  0.158  0.266  0.174  0.164  0.085 -0.112 -0.343 -0.432 -0.424
 -0.184 -0.261 -0.280 -0.214 -0.018  0.012  0.172  0.245  0.193  0.153  0.047 -0.102 -0.061 -0.159 -0.131 -0.130 -0.194 -0.224 -0.095 -0.067 -0.061 -0.018  0.038  0.041  0.025  0.148  0.284  0.168  0.121  0.279  0.342  0.255  0.211  0.301  0.319  0.381  0.507  0.681  1.000  0.782  0.675  0.583  0.424  0.275  0.154  0.076  0.095  0.144  0.225  0.075  0.038  0.000  0.061 -0.038 -0.109 -0.113 -0.091 -0.096 -0.097 -0.119 -0.233 -0.261 -0.280 -0.280 -0.280 -0.159 -0.047  0.170  0.350  0.357  0.443  0.417  0.105 -0.367 -0.558 -0.569
 -0.200 -0.265 -0.240 -0.189  0.052  0.122  0.318  0.403  0.286  0.234  0.136 -0.055 -0.027 -0.137 -0.114 -0.093 -0.181 -0.260 -0.126 -0.070 -0.018  0.033  0.058  0.058  0.040  0.091  0.231  0.174  0.091  0.233  0.256  0.185  0.117  0.159  0.228  0.308  0.363  0.419  0.782  1.000  0.818  0.677  0.470  0.311  0.161  0.045  0.009  0.099  0.256  0.162  0.138  0.085  0.106  0.007 -0.093 -0.128 -0.091 -0.070 -0.078 -0.145 -0.233 -0.281 -0.277 -0.301 -0.266 -0.131  0.035  0.287  0.475  0.574  0.694  0.651  0.210 -0.405 -0.664 -0.688
 -0.277 -0.342 -0.320 -0.238  0.065  0.167  0.370  0.473  0.342  0.286  0.149 -0.029 -0.013 -0.158 -0.119 -0.155 -0.249 -0.350 -0.238 -0.169 -0.094  0.019  0.078  0.137  0.092  0.145  0.345  0.237  0.166  0.351  0.319  0.217  0.171  0.216  0.287  0.369  0.358  0.468  0.675  0.818  1.000  0.826  0.619  0.445  0.224  0.067  0.067  0.177  0.373  0.268  0.228  0.146  0.145  0.012 -0.125 -0.177 -0.176 -0.133 -0.127 -0.188 -0.304 -0.321 -0.344 -0.369 -0.324 -0.137  0.093  0.412  0.607  0.661  0.653  0.544  0.041 -0.480 -0.701 -0.725
 -0.249 -0.302 -0.265 -0.185  0.123  0.199  0.381  0.481  0.358  0.278  0.181  0.024  0.047 -0.111 -0.062 -0.125 -0.214 -0.308 -0.218 -0.157 -0.094 -0.020  0.042  0.050  0.034  0.102  0.195  0.081  0.101  0.234  0.161  0.109  0.132  0.142  0.147  0.189  0.165  0.312  0.583  0.677  0.826  1.000  0.765  0.526  0.235  0.017  0.016  0.143  0.394  0.299  0.236  0.156  0.159  0.014 -0.110 -0.164 -0.142 -0.107 -0.095 -0.171 -0.288 -0.326 -0.313 -0.315 -0.296 -0.121  0.127  0.419  0.621  0.700  0.619  0.574  0.083 -0.400 -0.634 -0.679
 -0.245 -0.275 -0.268 -0.177  0.102  0.175  0.296  0.371  0.278  0.200  0.102  0.010  0.005 -0.128 -0.108 -0.155 -0.224 -0.329 -0.251 -0.186 -0.106 -0.034  0.045  0.078  0.047  0.100  0.209  0.071  0.052  0.181  0.109  0.048  0.049  0.097  0.110  0.181  0.132  0.242  0.424  0.470  0.619  0.765  1.000  0.751  0.385  0.097  0.089  0.244  0.515  0.408  0.274  0.134  0.135  0.031 -0.101 -0.183 -0.161 -0.127 -0.106 -0.186 -0.273 -0.255 -0.287 -0.275 -0.241 -0.067  0.224  0.484  0.571  0.525  0.392  0.344 -0.020 -0.364 -0.523 -0.543
 -0.203 -0.193 -0.186 -0.147  0.083  0.147  0.253  0.329  0.262  0.170  0.064  0.014 -0.047 -0.163 -0.150 -0.194 -0.240 -0.317 -0.269 -0.219 -0.149 -0.092 -0.040  0.070  0.037  0.010  0.156  0.031 -0.016  0.115  0.074 -0.015 -0.029  0.001  0.054  0.122  0.122  0.184  0.275  0.311  0.445  0.526  0.751  1.000  0.658  0.299  0.313  0.395  0.547  0.335  0.200  0.074  0.050 -0.038 -0.200 -0.291 -0.249 -0.199 -0.181 -0.249 -0.281 -0.187 -0.192 -0.203 -0.173 -0.019  0.279  0.523  0.508  0.419  0.273  0.197 -0.036 -0.286 -0.411 -0.430
 -0.213 -0.204 -0.172 -0.159  0.012  0.089  0.120  0.178  0.163  0.076 -0.012 -0.018 -0.093 -0.171 -0.156 -0.163 -0.214 -0.263 -0.232 -0.211 -0.150 -0.080 -0.056  0.045  0.001 -0.028  0.126 -0.025 -0.093  0.034  0.045 -0.018 -0.010  0.004  0.031  0.120  0.129  0.120  0.154  0.161  0.224  0.235  0.385  0.658  1.000  0.560  0.382  0.413  0.365  0.257  0.167  0.011  0.003 -0.062 -0.198 -0.261 -0.241 -0.228 -0.197 -0.208 -0.210 -0.149 -0.143 -0.123 -0.071  0.044  0.235  0.354  0.280  0.178  0.089  0.021  0.033 -0.143 -0.249 -0.250
 -0.147 -0.170 -0.180 -0.147 -0.059 -0.020  0.010  0.036  0.053  0.012 -0.050 -0.041 -0.131 -0.195 -0.172 -0.158 -0.162 -0.166 -0.182 -0.135 -0.066 -0.025 -0.023  0.055  0.049 -0.002  0.101  0.061 -0.026  0.037  0.090  0.055  0.040  0.059  0.120  0.116  0.126  0.072  0.076  0.045  0.067  0.017  0.097  0.299  0.560  1.000  0.690  0.459  0.238  0.056  0.080  0.014  0.016 -0.053 -0.183 -0.233 -0.218 -0.211 -0.229 -0.211 -0.178 -0.136 -0.184 -0.181 -0.151 -0.117  0.009  0.126  0.102 -0.009 -0.038 -0.134 -0.079 -0.134 -0.132 -0.088
 -0.081 -0.107 -0.166 -0.136 -0.043 -0.063 -0.025  0.020  0.046  0.029 -0.019 -0.031 -0.102 -0.179 -0.142 -0.115 -0.104 -0.121 -0.152 -0.104 -0.058 -0.045 -0.051  0.014  0.007 -0.014  0.060  0.024 -0.049  0.002  0.078 -0.016 -0.005  0.052  0.097  0.111  0.157  0.137  0.095  0.009  0.067  0.016  0.089  0.313  0.382  0.690  1.000  0.599  0.283 -0.032 -0.027 -0.033 -0.002 -0.056 -0.141 -0.207 -0.199 -0.175 -0.214 -0.164 -0.155 -0.095 -0.072 -0.106 -0.161 -0.136 -0.030  0.075  0.087 -0.023 -0.060 -0.162 -0.159 -0.129 -0.114 -0.104
 -0.105 -0.097 -0.167 -0.137 -0.008 -0.004  0.018  0.105  0.122  0.046 -0.051 -0.055 -0.057 -0.119 -0.051 -0.055 -0.039 -0.099 -0.176 -0.138 -0.015  0.040  0.070  0.125  0.060  0.054  0.143 -0.008 -0.066  0.050  0.050 -0.023 -0.049 -0.001  0.053  0.102  0.120  0.098  0.144  0.099  0.177  0.143  0.244  0.395  0.413  0.459  0.599  1.000  0.666  0.283  0.068  0.067  0.045 -0.034 -0.156 -0.222 -0.262 -0.245 -0.253 -0.272 -0.251 -0.191 -0.141 -0.145 -0.189 -0.117 -0.016  0.137  0.170  0.088  0.014 -0.055 -0.147 -0.190 -0.187 -0.229
 -0.200 -0.208 -0.231 -0.169  0.024  0.046  0.141  0.246  0.200  0.100 -0.011 -0.072 -0.068 -0.180 -0.138 -0.177 -0.149 -0.220 -0.211 -0.157 -0.080  0.037  0.108  0.138  0.074  0.056  0.153  0.014 -0.024  0.115  0.040 -0.015 -0.032 -0.001  0.058  0.099  0.043  0.089  0.225  0.256  0.373  0.394  0.515  0.547  0.365  0.238  0.283  0.666  1.000  0.631  0.267  0.186  0.140  0.071 -0.087 -0.185 -0.172 -0.133 -0.089 -0.170 -0.210 -0.202 -0.187 -0.197 -0.187 -0.072  0.113  0.315  0.343  0.310  0.206  0.131 -0.125 -0.313 -0.342 -0.380
 -0.318 -0.269 -0.199 -0.152 -0.024  0.053  0.098  0.147  0.096  0.000 -0.040 -0.069 -0.113 -0.179 -0.199 -0.249 -0.210 -0.261 -0.171 -0.132 -0.042  0.168  0.233  0.218  0.114  0.059  0.088  0.028  0.033  0.076 -0.001  0.004 -0.034 -0.025 -0.015  0.017 -0.071 -0.009  0.075  0.162  0.268  0.299  0.408  0.335  0.257  0.056 -0.032  0.283  0.631  1.000  0.677  0.400  0.204  0.231  0.068 -0.001 -0.037  0.033  0.133 -0.002 -0.062 -0.162 -0.213 -0.181 -0.119  0.030  0.150  0.222  0.215  0.218  0.132  0.065 -0.065 -0.288 -0.260 -0.251
 -0.418 -0.401 -0.267 -0.226 -0.098 -0.032  0.041  0.059 -0.010 -0.050 -0.061 -0.108 -0.175 -0.252 -0.269 -0.342 -0.288 -0.299 -0.127 -0.067  0.044  0.340  0.419  0.403  0.318  0.217  0.226  0.249  0.237  0.193  0.163  0.169  0.100  0.099  0.084  0.100  0.005  0.028  0.038  0.138  0.228  0.236  0.274  0.200  0.167  0.080 -0.027  0.068  0.267  0.677  1.000  0.707  0.475  0.496  0.259  0.144  0.070  0.188  0.230  0.069 -0.026 -0.188 -0.320 -0.317 -0.201 -0.043  0.076  0.131  0.135  0.151  0.083 -0.007 -0.117 -0.485 -0.385 -0.175
 -0.290 -0.310 -0.222 -0.221 -0.110 -0.090  0.004  0.008 -0.033 -0.019 -0.045 -0.084 -0.101 -0.191 -0.175 -0.284 -0.191 -0.163 -0.069 -0.026  0.134  0.489  0.621  0.588  0.506  0.385  0.293  0.291  0.316  0.188  0.110  0.160  0.089  0.055  0.056  0.022 -0.035 -0.009  0.000  0.085  0.146  0.156  0.134  0.074  0.011  0.014 -0.033  0.067  0.186  0.400  0.707  1.000  0.670  0.570  0.313  0.173  0.004  0.126  0.096 -0.068 -0.101 -0.237 -0.303 -0.292 -0.250 -0.174 -0.080 -0.005  0.040  0.101  0.049 -0.037 -0.261 -0.458 -0.338 -0.114
 -0.223 -0.343 -0.307 -0.335 -0.206 -0.185 -0.056 -0.038 -0.044 -0.064 -0.105 -0.188 -0.211 -0.305 -0.237 -0.271 -0.173 -0.138  0.009  0.127  0.196  0.476  0.457  0.454  0.370  0.283  0.228  0.227  0.251  0.177  0.121  0.154  0.119  0.083  0.124  0.112  0.045  0.032  0.061  0.106  0.145  0.159  0.135  0.050  0.003  0.016 -0.002  0.045  0.140  0.204  0.475  0.670  1.000  0.725  0.416  0.267  0.151  0.252  0.151  0.048 -0.050 -0.178 -0.267 -0.321 -0.268 -0.246 -0.110 -0.054 -0.009  0.020 -0.011 -0.058 -0.182 -0.422 -0.271 -0.108
 -0.246 -0.364 -0.300 -0.362 -0.289 -0.273 -0.187 -0.159 -0.119 -0.171 -0.193 -0.273 -0.311 -0.366 -0.319 -0.294 -0.150 -0.074  0.150  0.270  0.308  0.538  0.459  0.375  0.283  0.174  0.129  0.195  0.179  0.082  0.067  0.124  0.082  0.055  0.058  0.045 -0.013 -0.049 -0.038  0.007  0.012  0.014  0.031 -0.038 -0.062 -0.053 -0.056 -0.034  0.071  0.231  0.496  0.570  0.725  1.000  0.725  0.491  0.375  0.484  0.331  0.211  0.087 -0.084 -0.202 -0.293 -0.244 -0.241 -0.144 -0.116 -0.097 -0.077 -0.047 -0.100 -0.132 -0.377 -0.156  0.001
 -0.134 -0.254 -0.249 -0.332 -0.329 -0.321 -0.284 -0.243 -0.158 -0.215 -0.227 -0.287 -0.289 -0.312 -0.271 -0.177 -0.007  0.126  0.360  0.474  0.477  0.504  0.361  0.235  0.161  0.068 -0.023  0.065  0.042 -0.037 -0.053 -0.002 -0.038 -0.033 -0.029 -0.047 -0.065 -0.118 -0.109 -0.093 -0.125 -0.110 -0.101 -0.200 -0.198 -0.183 -0.141 -0.156 -0.087  0.068  0.259  0.313  0.416  0.725  1.000  0.750  0.583  0.625  0.431  0.351  0.234  0.038 -0.126 -0.229 -0.165 -0.205 -0.240 -0.246 -0.245 -0.184 -0.135 -0.123 -0.059 -0.185 -0.006  0.139
 -0.069 -0.165 -0.171 -0.283 -0.343 -0.333 -0.315 -0.279 -0.192 -0.235 -0.237 -0.271 -0.247 -0.232 -0.193 -0.106  0.032  0.194  0.488  0.462  0.367  0.322  0.226  0.092  0.027 -0.040 -0.104 -0.019 -0.030 -0.108 -0.087 -0.036 -0.075 -0.058 -0.072 -0.114 -0.149 -0.160 -0.113 -0.128 -0.177 -0.164 -0.183 -0.291 -0.261 -0.233 -0.207 -0.222 -0.185 -0.001  0.144  0.173  0.267  0.491  0.750  1.000  0.747  0.628  0.535  0.482  0.405  0.124 -0.047 -0.160 -0.127 -0.240 -0.297 -0.317 -0.317 -0.221 -0.157 -0.092 -0.005 -0.085  0.106  0.212
 -0.054 -0.152 -0.161 -0.285 -0.336 -0.327 -0.309 -0.244 -0.135 -0.231 -0.260 -0.275 -0.276 -0.280 -0.237 -0.071  0.039  0.250  0.530  0.535  0.323  0.204  0.044 -0.084 -0.102 -0.159 -0.245 -0.121 -0.152 -0.210 -0.168 -0.141 -0.171 -0.150 -0.141 -0.144 -0.165 -0.159 -0.091 -0.091 -0.176 -0.142 -0.161 -0.249 -0.241 -0.218 -0.199 -0.262 -0.172 -0.037  0.070  0.004  0.151  0.375  0.583  0.747  1.000  0.798  0.613  0.626  0.434  0.158  0.006 -0.122 -0.074 -0.200 -0.236 -0.273 -0.296 -0.217 -0.125 -0.050  0.135  0.015  0.169  0.211
 -0.115 -0.214 -0.171 -0.289 -0.323 -0.303 -0.273 -0.233 -0.137 -0.238 -0.272 -0.289 -0.335 -0.345 -0.297 -0.161 -0.031  0.148  0.361  0.423  0.249  0.240  0.080 -0.026 -0.069 -0.119 -0.189 -0.077 -0.084 -0.137 -0.106 -0.073 -0.091 -0.106 -0.122 -0.088 -0.127 -0.157 -0.096 -0.070 -0.133 -0.107 -0.127 -0.199 -0.228 -0.211 -0.175 -0.245 -0.133  0.033  0.188  0.126  0.252  0.484  0.625  0.628  0.798  1.000  0.782  0.649  0.370  0.129 -0.003 -0.142 -0.058 -0.146 -0.172 -0.235 -0.252 -0.197 -0.106 -0.093  0.097 -0.065  0.118  0.166
 -0.153 -0.184 -0.102 -0.174 -0.245 -0.224 -0.227 -0.219 -0.160 -0.224 -0.223 -0.196 -0.263 -0.250 -0.255 -0.210 -0.133  0.050  0.238  0.296  0.091  0.121  0.063 -0.053 -0.113 -0.142 -0.186 -0.076 -0.076 -0.114 -0.061 -0.031 -0.077 -0.075 -0.110 -0.090 -0.150 -0.175 -0.097 -0.078 -0.127 -0.095 -0.106 -0.181 -0.197 -0.229 -0.214 -0.253 -0.089  0.133  0.230  0.096  0.151  0.331  0.431  0.535  0.613  0.782  1.000  0.755  0.521  0.202  0.049 -0.073  0.024 -0.065 -0.099 -0.194 -0.222 -0.186 -0.105 -0.080  0.098 -0.041  0.113  0.128
 -0.047 -0.096 -0.059 -0.173 -0.301 -0.284 -0.303 -0.268 -0.192 -0.267 -0.264 -0.233 -0.276 -0.236 -0.231 -0.129 -0.082  0.117  0.280  0.317  0.096  0.047 -0.011 -0.169 -0.214 -0.206 -0.259 -0.168 -0.178 -0.209 -0.129 -0.113 -0.129 -0.132 -0.163 -0.136 -0.154 -0.159 -0.119 -0.145 -0.188 -0.171 -0.186 -0.249 -0.208 -0.211 -0.164 -0.272 -0.170 -0.002  0.069 -0.068  0.048  0.211  0.351  0.482  0.626  0.649  0.755  1.000  0.689  0.362  0.196  0.030  0.073 -0.067 -0.162 -0.247 -0.305 -0.253 -0.155 -0.101  0.175  0.091  0.251  0.210
  0.027  0.031  0.042 -0.106 -0.289 -0.299 -0.347 -0.315 -0.213 -0.299 -0.302 -0.245 -0.268 -0.175 -0.177 -0.065  0.036  0.173  0.270  0.249  0.087  0.022 -0.042 -0.158 -0.190 -0.226 -0.244 -0.143 -0.181 -0.224 -0.151 -0.120 -0.163 -0.149 -0.179 -0.167 -0.204 -0.240 -0.233 -0.233 -0.304 -0.288 -0.273 -0.281 -0.210 -0.178 -0.155 -0.251 -0.210 -0.062 -0.026 -0.101 -0.050  0.087  0.234  0.405  0.434  0.370  0.521  0.689  1.000  0.664  0.389  0.173  0.242 -0.018 -0.178 -0.283 -0.360 -0.288 -0.201 -0.153  0.077  0.162  0.336  0.298
  0.284  0.263  0.139 -0.101 -0.300 -0.313 -0.355 -0.300 -0.206 -0.267 -0.346 -0.291 -0.308 -0.164 -0.138  0.120  0.135  0.167  0.156  0.085  0.011 -0.128 -0.169 -0.217 -0.230 -0.304 -0.226 -0.170 -0.278 -0.281 -0.164 -0.190 -0.190 -0.169 -0.171 -0.099 -0.100 -0.210 -0.261 -0.281 -0.321 -0.326 -0.255 -0.187 -0.149 -0.136 -0.095 -0.191 -0.202 -0.162 -0.188 -0.237 -0.178 -0.084  0.038  0.124  0.158  0.129  0.202  0.362  0.664  1.000  0.669  0.306  0.325  0.034 -0.117 -0.229 -0.324 -0.281 -0.209 -0.189  0.139  0.273  0.440  0.329
  0.420  0.452  0.342  0.109 -0.172 -0.181 -0.270 -0.221 -0.159 -0.218 -0.224 -0.152 -0.161 -0.009  0.052  0.295  0.292  0.243  0.081 -0.025 -0.089 -0.239 -0.271 -0.326 -0.344 -0.361 -0.365 -0.330 -0.336 -0.373 -0.318 -0.321 -0.261 -0.275 -0.310 -0.218 -0.168 -0.248 -0.280 -0.277 -0.344 -0.313 -0.287 -0.192 -0.143 -0.184 -0.072 -0.141 -0.187 -0.213 -0.320 -0.303 -0.267 -0.202 -0.126 -0.047  0.006 -0.003  0.049  0.196  0.389  0.669  1.000  0.678  0.491  0.205 -0.034 -0.191 -0.301 -0.228 -0.164 -0.106  0.170  0.395  0.466  0.288
  0.311  0.480  0.443  0.388  0.051 -0.023 -0.172 -0.193 -0.154 -0.168 -0.073  0.031  0.032  0.224  0.200  0.254  0.259  0.169 -0.035 -0.164 -0.171 -0.267 -0.280 -0.308 -0.299 -0.274 -0.341 -0.374 -0.297 -0.347 -0.356 -0.304 -0.234 -0.251 -0.312 -0.270 -0.199 -0.255 -0.280 -0.301 -0.369 -0.315 -0.275 -0.203 -0.123 -0.181 -0.106 -0.145 -0.197 -0.181 -0.317 -0.292 -0.321 -0.293 -0.229 -0.160 -0.122 -0.142 -0.073  0.030  0.173  0.306  0.678  1.000  0.712  0.396  0.067 -0.129 -0.269 -0.246 -0.219 -0.125  0.112  0.457  0.437  0.287
  0.101  0.268  0.367  0.396  0.118  0.074 -0.102 -0.174 -0.170 -0.159 -0.010  0.083  0.010  0.176  0.086  0.064  0.082  0.035 -0.074 -0.162 -0.189 -0.243 -0.267 -0.266 -0.253 -0.229 -0.278 -0.288 -0.210 -0.248 -0.244 -0.235 -0.198 -0.251 -0.298 -0.250 -0.199 -0.237 -0.280 -0.266 -0.324 -0.296 -0.241 -0.173 -0.071 -0.151 -0.161 -0.189 -0.187 -0.119 -0.201 -0.250 -0.268 -0.244 -0.165 -0.127 -0.074 -0.058  0.024  0.073  0.242  0.325  0.491  0.712  1.000  0.646  0.325 -0.010 -0.200 -0.221 -0.201 -0.143  0.087  0.376  0.331  0.258
 -0.013  0.163  0.329  0.517  0.333  0.333  0.143  0.053 -0.032 -0.015  0.158  0.262  0.202  0.267  0.154  0.016  0.017 -0.100 -0.217 -0.263 -0.275 -0.284 -0.245 -0.185 -0.190 -0.131 -0.137 -0.222 -0.137 -0.157 -0.168 -0.193 -0.178 -0.215 -0.246 -0.192 -0.137 -0.124 -0.159 -0.131 -0.137 -0.121 -0.067 -0.019  0.044 -0.117 -0.136 -0.117 -0.072  0.030 -0.043 -0.174 -0.246 -0.241 -0.205 -0.240 -0.200 -0.146 -0.065 -0.067 -0.018  0.034  0.205  0.396  0.646  1.000  0.617  0.207  0.020 -0.044 -0.093 -0.048  0.052  0.246  0.094  0.035
 -0.159  0.013  0.161  0.347  0.442  0.401  0.279  0.205  0.082  0.065  0.175  0.231  0.167  0.115  0.043 -0.097 -0.156 -0.245 -0.311 -0.309 -0.283 -0.232 -0.169 -0.085 -0.096 -0.106 -0.007 -0.062 -0.015 -0.005 -0.070 -0.089 -0.082 -0.130 -0.126 -0.066 -0.077 -0.066 -0.047  0.035  0.093  0.127  0.224  0.279  0.235  0.009 -0.030 -0.016  0.113  0.150  0.076 -0.080 -0.110 -0.144 -0.240 -0.297 -0.236 -0.172 -0.099 -0.162 -0.178 -0.117 -0.034  0.067  0.325  0.617  1.000  0.570  0.359  0.224  0.096  0.062  0.018  0.007 -0.126 -0.161
 -0.231 -0.163 -0.108  0.057  0.299  0.410  0.495  0.529  0.357  0.331  0.259  0.188  0.131  0.012 -0.022 -0.108 -0.229 -0.354 -0.319 -0.297 -0.228 -0.159 -0.088  0.020 -0.047 -0.057  0.140  0.046  0.005  0.136  0.085  0.018  0.009 -0.033  0.039  0.119  0.120  0.158  0.170  0.287  0.412  0.419  0.484  0.523  0.354  0.126  0.075  0.137  0.315  0.222  0.131 -0.005 -0.054 -0.116 -0.246 -0.317 -0.273 -0.235 -0.194 -0.247 -0.283 -0.229 -0.191 -0.129 -0.010  0.207  0.570  1.000  0.741  0.545  0.344  0.233 -0.043 -0.240 -0.432 -0.487
 -0.276 -0.242 -0.171  0.004  0.333  0.424  0.615  0.621  0.389  0.417  0.345  0.208  0.179  0.024 -0.026 -0.151 -0.276 -0.407 -0.338 -0.263 -0.199 -0.132 -0.038  0.052 -0.003 -0.017  0.188  0.153  0.091  0.202  0.174  0.092  0.063  0.026  0.122  0.182  0.180  0.266  0.350  0.475  0.607  0.621  0.571  0.508  0.280  0.102  0.087  0.170  0.343  0.215  0.135  0.040 -0.009 -0.097 -0.245 -0.317 -0.296 -0.252 -0.222 -0.305 -0.360 -0.324 -0.301 -0.269 -0.200  0.020  0.359  0.741  1.000  0.790  0.581  0.419 -0.036 -0.355 -0.580 -0.625
 -0.215 -0.213 -0.156 -0.059  0.254  0.351  0.552  0.629  0.401  0.403  0.318  0.136  0.134 -0.004 -0.018 -0.088 -0.210 -0.336 -0.252 -0.210 -0.132 -0.072  0.005  0.032 -0.012 -0.007  0.145  0.134  0.068  0.154  0.135  0.086  0.065  0.026  0.124  0.160  0.110  0.174  0.357  0.574  0.661  0.700  0.525  0.419  0.178 -0.009 -0.023  0.088  0.310  0.218  0.151  0.101  0.020 -0.077 -0.184 -0.221 -0.217 -0.197 -0.186 -0.253 -0.288 -0.281 -0.228 -0.246 -0.221 -0.044  0.224  0.545  0.790  1.000  0.821  0.653  0.096 -0.350 -0.610 -0.677
 -0.149 -0.150 -0.104 -0.077  0.119  0.206  0.385  0.450  0.274  0.272  0.219  0.024  0.023 -0.045 -0.063 -0.054 -0.155 -0.251 -0.159 -0.120 -0.067 -0.029  0.035 -0.019 -0.038 -0.029  0.101  0.133  0.041  0.103  0.119  0.083  0.064  0.032  0.115  0.165  0.127  0.164  0.443  0.694  0.653  0.619  0.392  0.273  0.089 -0.038 -0.060  0.014  0.206  0.132  0.083  0.049 -0.011 -0.047 -0.135 -0.157 -0.125 -0.106 -0.105 -0.155 -0.201 -0.209 -0.164 -0.219 -0.201 -0.093  0.096  0.344  0.581  0.821  1.000  0.819  0.288 -0.292 -0.553 -0.623
 -0.059 -0.055 -0.013  0.009  0.131  0.173  0.304  0.354  0.203  0.200  0.210  0.044  0.091  0.067  0.055  0.043 -0.044 -0.142 -0.059 -0.070 -0.063 -0.094 -0.044 -0.115 -0.085 -0.064 -0.005  0.027 -0.002  0.043  0.015  0.031  0.031 -0.001  0.010  0.026  0.016  0.085  0.417  0.651  0.544  0.574  0.344  0.197  0.021 -0.134 -0.162 -0.055  0.131  0.065 -0.007 -0.037 -0.058 -0.100 -0.123 -0.092 -0.050 -0.093 -0.080 -0.101 -0.153 -0.189 -0.106 -0.125 -0.143 -0.048  0.062  0.233  0.419  0.653  0.819  1.000  0.473 -0.134 -0.475 -0.552
  0.105  0.075  0.130  0.015 -0.093 -0.106 -0.105 -0.031  0.005 -0.098 -0.123 -0.138 -0.166 -0.071 -0.069  0.086  0.008  0.035  0.124  0.105 -0.024 -0.164 -0.222 -0.338 -0.293 -0.257 -0.304 -0.274 -0.293 -0.263 -0.248 -0.218 -0.164 -0.194 -0.250 -0.121 -0.068 -0.112  0.105  0.210  0.041  0.083 -0.020 -0.036  0.033 -0.079 -0.159 -0.147 -0.125 -0.065 -0.117 -0.261 -0.182 -0.132 -0.059 -0.005  0.135  0.097  0.098  0.175  0.077  0.139  0.170  0.112  0.087  0.052  0.018 -0.043 -0.036  0.096  0.288  0.473  1.000  0.474  0.123 -0.142
  0.350  0.396  0.369  0.307  0.040  0.001 -0.202 -0.228 -0.138 -0.154 -0.051  0.089  0.076  0.223  0.182  0.269  0.217  0.253  0.077 -0.007 -0.136 -0.342 -0.411 -0.505 -0.445 -0.354 -0.520 -0.513 -0.387 -0.449 -0.489 -0.417 -0.309 -0.344 -0.435 -0.401 -0.314 -0.343 -0.367 -0.405 -0.480 -0.400 -0.364 -0.286 -0.143 -0.134 -0.129 -0.190 -0.313 -0.288 -0.485 -0.458 -0.422 -0.377 -0.185 -0.085  0.015 -0.065 -0.041  0.091  0.162  0.273  0.395  0.457  0.376  0.246  0.007 -0.240 -0.355 -0.350 -0.292 -0.134  0.474  1.000  0.714  0.353
  0.395  0.415  0.335  0.133 -0.192 -0.299 -0.499 -0.537 -0.365 -0.422 -0.364 -0.167 -0.166  0.038  0.062  0.210  0.257  0.363  0.203  0.154  0.002 -0.168 -0.247 -0.349 -0.304 -0.297 -0.433 -0.361 -0.322 -0.447 -0.432 -0.351 -0.284 -0.298 -0.338 -0.357 -0.363 -0.432 -0.558 -0.664 -0.701 -0.634 -0.523 -0.411 -0.249 -0.132 -0.114 -0.187 -0.342 -0.260 -0.385 -0.338 -0.271 -0.156 -0.006  0.106  0.169  0.118  0.113  0.251  0.336  0.440  0.466  0.437  0.331  0.094 -0.126 -0.432 -0.580 -0.610 -0.553 -0.475  0.123  0.714  1.000  0.707
