  1.000  0.772  0.531  0.258 -0.094 -0.194 -0.204 -0.154 -0.178 -0.127 -0.149 -0.094 -0.021  0.254  0.329  0.630  0.630  0.607  0.414  0.268  0.203 -0.109 -0.298 -0.329 -0.208 -0.280 -0.427 -0.402 -0.344 -0.390 -0.412 -0.351 -0.281 -0.290 -0.332 -0.346 -0.364 -0.413 -0.376 -0.349 -0.396 -0.372 -0.401 -0.391 -0.296 -0.206 -0.273 -0.296 -0.417 -0.426 -0.455 -0.408 -0.319 -0.267 -0.056  0.103  0.170 -0.029 -0.060  0.128  0.227  0.416  0.592  0.501  0.290  0.058 -0.147 -0.292 -0.359 -0.332 -0.269 -0.137  0.104  0.336  0.424  0.412
  0.772  1.000  0.751  0.469  0.094 -0.024 -0.095 -0.120 -0.169 -0.107 -0.099  0.028  0.126  0.426  0.518  0.636  0.501  0.425  0.244  0.093  0.033 -0.250 -0.368 -0.372 -0.264 -0.278 -0.381 -0.359 -0.275 -0.298 -0.330 -0.271 -0.198 -0.197 -0.247 -0.274 -0.308 -0.367 -0.352 -0.299 -0.322 -0.318 -0.336 -0.315 -0.236 -0.184 -0.234 -0.256 -0.379 -0.423 -0.484 -0.451 -0.412 -0.402 -0.219 -0.028  0.026 -0.171 -0.138  0.049  0.203  0.384  0.588  0.617  0.377  0.193 -0.004 -0.169 -0.242 -0.233 -0.205 -0.095  0.053  0.253  0.318  0.311
  0.531  0.751  1.000  0.663  0.266  0.131 -0.011 -0.115 -0.181 -0.155 -0.091  0.090  0.216  0.508  0.562  0.482  0.420  0.291  0.130 -0.007 -0.042 -0.273 -0.339 -0.319 -0.271 -0.262 -0.309 -0.305 -0.236 -0.230 -0.259 -0.227 -0.164 -0.156 -0.202 -0.224 -0.254 -0.299 -0.285 -0.260 -0.251 -0.263 -0.261 -0.233 -0.177 -0.162 -0.174 -0.197 -0.293 -0.338 -0.377 -0.367 -0.346 -0.357 -0.227 -0.064 -0.033 -0.163 -0.100  0.029  0.180  0.299  0.464  0.539  0.444  0.341  0.160 -0.056 -0.130 -0.143 -0.137 -0.084  0.015  0.171  0.219  0.208
  0.258  0.469  0.663  1.000  0.658  0.511  0.261  0.093 -0.024 -0.005  0.168  0.403  0.497  0.624  0.501  0.329  0.200  0.027 -0.125 -0.266 -0.265 -0.398 -0.338 -0.281 -0.278 -0.205 -0.155 -0.173 -0.096 -0.025 -0.054 -0.045 -0.002  0.008 -0.030 -0.070 -0.109 -0.156 -0.165 -0.101 -0.043 -0.089 -0.053 -0.017 -0.025 -0.083 -0.087 -0.076 -0.154 -0.233 -0.309 -0.320 -0.394 -0.456 -0.404 -0.258 -0.269 -0.350 -0.237 -0.157 -0.008  0.087  0.244  0.464  0.468  0.607  0.453  0.250  0.165  0.083  0.030  0.023 -0.103 -0.013 -0.074 -0.090
 -0.094  0.094  0.266  0.658  1.000  0.809  0.526  0.313  0.083  0.094  0.303  0.505  0.613  0.437  0.335  0.087 -0.053 -0.227 -0.337 -0.396 -0.332 -0.297 -0.146 -0.040 -0.105 -0.036  0.115  0.099  0.131  0.219  0.200  0.179  0.188  0.182  0.169  0.128  0.077  0.047  0.008  0.087  0.186  0.122  0.194  0.224  0.122  0.013  0.041  0.081  0.070 -0.013 -0.056 -0.058 -0.181 -0.304 -0.375 -0.362 -0.419 -0.404 -0.314 -0.334 -0.238 -0.211 -0.129  0.080  0.156  0.431  0.582  0.499  0.481  0.295  0.197  0.087 -0.169 -0.254 -0.375 -0.384
 -0.194 -0.024  0.131  0.511  0.809  1.000  0.637  0.384  0.209  0.156  0.305  0.487  0.526  0.341  0.220 -0.002 -0.129 -0.299 -0.377 -0.427 -0.338 -0.250 -0.086  0.007 -0.054  0.006  0.156  0.129  0.141  0.237  0.228  0.187  0.185  0.195  0.194  0.170  0.139  0.117  0.087  0.165  0.271  0.205  0.263  0.304  0.176  0.043  0.075  0.126  0.139  0.054  0.018  0.004 -0.131 -0.245 -0.345 -0.344 -0.423 -0.380 -0.281 -0.332 -0.249 -0.252 -0.193  0.011  0.117  0.436  0.554  0.584  0.571  0.390  0.275  0.143 -0.195 -0.312 -0.471 -0.482
 -0.204 -0.095 -0.011  0.261  0.526  0.637  1.000  0.608  0.176  0.106  0.249  0.294  0.376  0.183  0.086 -0.072 -0.166 -0.287 -0.350 -0.374 -0.289 -0.187 -0.023  0.072 -0.003  0.038  0.199  0.180  0.166  0.256  0.266  0.221  0.206  0.213  0.234  0.212  0.178  0.159  0.131  0.186  0.312  0.218  0.306  0.340  0.189  0.064  0.102  0.148  0.155  0.101  0.082  0.079 -0.055 -0.170 -0.284 -0.309 -0.383 -0.332 -0.256 -0.324 -0.266 -0.280 -0.236 -0.094 -0.052  0.190  0.341  0.560  0.589  0.420  0.324  0.122 -0.150 -0.351 -0.481 -0.479
 -0.154 -0.120 -0.115  0.093  0.313  0.384  0.608  1.000  0.580  0.368  0.377  0.330  0.252  0.069 -0.012 -0.079 -0.119 -0.182 -0.254 -0.261 -0.183 -0.122 -0.035  0.049  0.001  0.008  0.137  0.145  0.109  0.159  0.205  0.174  0.142  0.138  0.169  0.148  0.145  0.131  0.090  0.114  0.175  0.076  0.165  0.190  0.066 -0.019  0.006  0.047  0.074  0.014  0.002  0.038 -0.034 -0.127 -0.205 -0.247 -0.297 -0.273 -0.244 -0.285 -0.257 -0.233 -0.204 -0.140 -0.121  0.053  0.177  0.371  0.348  0.130  0.092 -0.008 -0.195 -0.292 -0.414 -0.379
 -0.178 -0.169 -0.181 -0.024  0.083  0.209  0.176  0.580  1.000  0.624  0.368  0.294  0.140  0.019 -0.059 -0.089 -0.123 -0.175 -0.189 -0.181 -0.116 -0.033  0.023  0.050  0.046  0.061  0.110  0.096  0.058  0.069  0.092  0.068  0.038  0.033  0.051  0.054  0.092  0.139  0.127  0.113  0.120  0.150  0.147  0.123  0.050  0.016  0.002  0.050  0.105  0.054  0.033  0.037  0.003 -0.032 -0.102 -0.155 -0.183 -0.137 -0.127 -0.170 -0.187 -0.168 -0.193 -0.173 -0.120 -0.005  0.040  0.178  0.202  0.071 -0.005  0.005 -0.248 -0.291 -0.353 -0.323
 -0.127 -0.107 -0.155 -0.005  0.094  0.156  0.106  0.368  0.624  1.000  0.675  0.429  0.214  0.076 -0.008 -0.033 -0.090 -0.121 -0.160 -0.163 -0.119 -0.081 -0.056 -0.016 -0.008  0.018  0.053  0.064  0.069  0.054  0.063  0.085  0.069  0.043  0.039 -0.008  0.004  0.040 -0.008 -0.037 -0.003  0.010  0.048  0.007 -0.042 -0.038 -0.064 -0.007  0.021 -0.025 -0.057 -0.040 -0.061 -0.096 -0.130 -0.164 -0.159 -0.159 -0.165 -0.168 -0.178 -0.163 -0.169 -0.134 -0.153 -0.056 -0.042  0.031  0.047 -0.089 -0.144 -0.125 -0.300 -0.159 -0.195 -0.181
 -0.149 -0.099 -0.091  0.168  0.303  0.305  0.249  0.377  0.368  0.675  1.000  0.759  0.495  0.262  0.099 -0.027 -0.112 -0.179 -0.253 -0.299 -0.247 -0.218 -0.108 -0.055 -0.099 -0.014  0.085  0.084  0.130  0.185  0.182  0.196  0.206  0.204  0.185  0.113  0.078  0.084  0.017  0.030  0.075  0.053  0.119  0.078  0.003 -0.023  0.002  0.028  0.057 -0.006 -0.062 -0.056 -0.150 -0.222 -0.275 -0.267 -0.297 -0.298 -0.243 -0.249 -0.223 -0.210 -0.173 -0.075 -0.095  0.063  0.085  0.155  0.150  0.034 -0.022 -0.033 -0.219 -0.251 -0.326 -0.302
 -0.094  0.028  0.090  0.403  0.505  0.487  0.294  0.330  0.294  0.429  0.759  1.000  0.748  0.520  0.303  0.106 -0.029 -0.170 -0.286 -0.364 -0.296 -0.299 -0.162 -0.083 -0.112 -0.021  0.071  0.068  0.148  0.216  0.185  0.194  0.225  0.232  0.195  0.124  0.062  0.035 -0.033  0.033  0.103  0.040  0.101  0.065  0.001 -0.057 -0.014  0.022  0.013 -0.066 -0.134 -0.117 -0.248 -0.351 -0.389 -0.345 -0.396 -0.420 -0.339 -0.326 -0.254 -0.195 -0.124  0.038  0.018  0.194  0.184  0.218  0.213  0.103  0.023  0.001 -0.259 -0.216 -0.316 -0.313
 -0.021  0.126  0.216  0.497  0.613  0.526  0.376  0.252  0.140  0.214  0.495  0.748  1.000  0.727  0.479  0.226  0.069 -0.116 -0.269 -0.342 -0.245 -0.259 -0.125 -0.033 -0.065  0.001  0.101  0.106  0.149  0.213  0.187  0.186  0.206  0.209  0.189  0.121  0.051  0.019 -0.024  0.047  0.133  0.062  0.115  0.094  0.035 -0.016  0.002  0.050  0.022 -0.062 -0.128 -0.089 -0.225 -0.343 -0.373 -0.336 -0.406 -0.440 -0.360 -0.352 -0.262 -0.206 -0.115  0.062  0.030  0.202  0.222  0.259  0.287  0.181  0.087  0.040 -0.230 -0.261 -0.340 -0.331
  0.254  0.426  0.508  0.624  0.437  0.341  0.183  0.069  0.019  0.076  0.262  0.520  0.727  1.000  0.731  0.487  0.318  0.111 -0.074 -0.197 -0.143 -0.279 -0.221 -0.153 -0.136 -0.088 -0.069 -0.073 -0.012  0.022 -0.023 -0.017  0.032  0.049  0.011 -0.035 -0.097 -0.133 -0.154 -0.101 -0.036 -0.091 -0.066 -0.092 -0.086 -0.108 -0.098 -0.067 -0.141 -0.222 -0.298 -0.246 -0.334 -0.424 -0.365 -0.252 -0.287 -0.401 -0.325 -0.244 -0.110  0.000  0.143  0.307  0.205  0.269  0.136  0.076  0.076  0.035 -0.032 -0.011 -0.167 -0.066 -0.092 -0.095
  0.329  0.518  0.562  0.501  0.335  0.220  0.086 -0.012 -0.059 -0.008  0.099  0.303  0.479  0.731  1.000  0.680  0.470  0.226  0.003 -0.086 -0.013 -0.159 -0.151 -0.086 -0.057 -0.027 -0.037 -0.042 -0.006  0.008 -0.038 -0.038  0.022  0.034 -0.007 -0.036 -0.119 -0.144 -0.150 -0.117 -0.054 -0.119 -0.109 -0.140 -0.147 -0.132 -0.126 -0.104 -0.171 -0.246 -0.290 -0.200 -0.248 -0.339 -0.265 -0.189 -0.229 -0.350 -0.319 -0.240 -0.103  0.011  0.184  0.288  0.144  0.166  0.073 -0.007  0.005 -0.023 -0.064 -0.041 -0.122 -0.055 -0.041 -0.039
  0.630  0.636  0.482  0.329  0.087 -0.002 -0.072 -0.079 -0.089 -0.033 -0.027  0.106  0.226  0.487  0.680  1.000  0.751  0.507  0.274  0.172  0.200 -0.063 -0.179 -0.165 -0.081 -0.130 -0.212 -0.204 -0.179 -0.202 -0.240 -0.214 -0.144 -0.143 -0.188 -0.203 -0.269 -0.300 -0.277 -0.247 -0.230 -0.258 -0.275 -0.301 -0.265 -0.194 -0.226 -0.209 -0.306 -0.349 -0.383 -0.289 -0.266 -0.279 -0.106 -0.007 -0.002 -0.190 -0.237 -0.106  0.011  0.164  0.367  0.355  0.131  0.037 -0.113 -0.192 -0.194 -0.190 -0.191 -0.104 -0.052  0.130  0.183  0.191
  0.630  0.501  0.420  0.200 -0.053 -0.129 -0.166 -0.119 -0.123 -0.090 -0.112 -0.029  0.069  0.318  0.470  0.751  1.000  0.766  0.460  0.357  0.431  0.105 -0.085 -0.084 -0.019 -0.144 -0.241 -0.231 -0.247 -0.294 -0.317 -0.296 -0.239 -0.233 -0.265 -0.267 -0.315 -0.342 -0.294 -0.295 -0.290 -0.310 -0.332 -0.351 -0.300 -0.200 -0.227 -0.230 -0.315 -0.329 -0.310 -0.200 -0.123 -0.101  0.093  0.151  0.147 -0.027 -0.123 -0.023  0.056  0.176  0.342  0.266  0.099 -0.036 -0.184 -0.275 -0.279 -0.258 -0.229 -0.151 -0.016  0.175  0.253  0.255
  0.607  0.425  0.291  0.027 -0.227 -0.299 -0.287 -0.182 -0.175 -0.121 -0.179 -0.170 -0.116  0.111  0.226  0.507  0.766  1.000  0.714  0.575  0.543  0.172 -0.103 -0.141 -0.026 -0.197 -0.357 -0.324 -0.337 -0.407 -0.420 -0.376 -0.316 -0.321 -0.358 -0.359 -0.385 -0.404 -0.343 -0.356 -0.394 -0.379 -0.418 -0.428 -0.348 -0.223 -0.264 -0.289 -0.369 -0.371 -0.336 -0.239 -0.092 -0.011  0.238  0.316  0.372  0.185  0.053  0.176  0.182  0.259  0.362  0.228  0.079 -0.135 -0.277 -0.389 -0.406 -0.364 -0.296 -0.194  0.081  0.291  0.412  0.411
  0.414  0.244  0.130 -0.125 -0.337 -0.377 -0.350 -0.254 -0.189 -0.160 -0.253 -0.286 -0.269 -0.074  0.003  0.274  0.460  0.714  1.000  0.727  0.510  0.184 -0.088 -0.165 -0.071 -0.221 -0.385 -0.354 -0.357 -0.433 -0.436 -0.385 -0.340 -0.346 -0.373 -0.367 -0.357 -0.372 -0.307 -0.337 -0.408 -0.368 -0.421 -0.420 -0.319 -0.196 -0.238 -0.296 -0.341 -0.319 -0.261 -0.211 -0.026  0.117  0.392  0.527  0.596  0.406  0.261  0.371  0.321  0.304  0.295  0.148  0.087 -0.149 -0.294 -0.408 -0.441 -0.372 -0.287 -0.193  0.128  0.341  0.457  0.447
  0.268  0.093 -0.007 -0.266 -0.396 -0.427 -0.374 -0.261 -0.181 -0.163 -0.299 -0.364 -0.342 -0.197 -0.086  0.172  0.357  0.575  0.727  1.000  0.753  0.426  0.112  0.015  0.095 -0.096 -0.268 -0.243 -0.304 -0.403 -0.400 -0.373 -0.348 -0.352 -0.366 -0.345 -0.324 -0.316 -0.238 -0.303 -0.363 -0.322 -0.370 -0.385 -0.308 -0.190 -0.220 -0.258 -0.272 -0.224 -0.126 -0.042  0.154  0.312  0.560  0.534  0.606  0.471  0.282  0.342  0.245  0.177  0.145 -0.025 -0.061 -0.272 -0.338 -0.428 -0.420 -0.351 -0.269 -0.202  0.123  0.283  0.423  0.420
  0.203  0.033 -0.042 -0.265 -0.332 -0.338 -0.289 -0.183 -0.116 -0.119 -0.247 -0.296 -0.245 -0.143 -0.013  0.200  0.431  0.543  0.510  0.753  1.000  0.713  0.374  0.275  0.355  0.111 -0.070 -0.054 -0.169 -0.281 -0.293 -0.299 -0.282 -0.279 -0.284 -0.252 -0.246 -0.231 -0.167 -0.214 -0.243 -0.236 -0.270 -0.302 -0.263 -0.172 -0.182 -0.173 -0.165 -0.098  0.021  0.168  0.312  0.422  0.586  0.443  0.399  0.306  0.099  0.103  0.049  0.009  0.016 -0.121 -0.175 -0.309 -0.326 -0.357 -0.306 -0.242 -0.196 -0.152  0.060  0.107  0.223  0.234
 -0.109 -0.250 -0.273 -0.398 -0.297 -0.250 -0.187 -0.122 -0.033 -0.081 -0.218 -0.299 -0.259 -0.279 -0.159 -0.063  0.105  0.172  0.184  0.426  0.713  1.000  0.734  0.606  0.637  0.415  0.218  0.200  0.056 -0.071 -0.101 -0.139 -0.154 -0.160 -0.147 -0.101 -0.078 -0.028 -0.004 -0.043 -0.055 -0.049 -0.049 -0.092 -0.106 -0.065 -0.054 -0.016  0.076  0.208  0.373  0.538  0.608  0.662  0.609  0.346  0.230  0.285  0.097 -0.009 -0.092 -0.195 -0.251 -0.353 -0.336 -0.356 -0.256 -0.205 -0.116 -0.069 -0.058 -0.080  0.030 -0.111 -0.036 -0.007
 -0.298 -0.368 -0.339 -0.338 -0.146 -0.086 -0.023 -0.035  0.023 -0.056 -0.108 -0.162 -0.125 -0.221 -0.151 -0.179 -0.085 -0.103 -0.088  0.112  0.374  0.734  1.000  0.800  0.661  0.572  0.506  0.417  0.231  0.137  0.109  0.035 -0.017 -0.023  0.011  0.058  0.103  0.176  0.155  0.106  0.136  0.121  0.172  0.108  0.051  0.035  0.079  0.140  0.286  0.424  0.550  0.697  0.590  0.545  0.372  0.138 -0.032  0.090  0.004 -0.163 -0.227 -0.330 -0.391 -0.426 -0.372 -0.276 -0.130 -0.007  0.080  0.090  0.063 -0.014 -0.052 -0.287 -0.271 -0.240
 -0.329 -0.372 -0.319 -0.281 -0.040  0.007  0.072  0.049  0.050 -0.016 -0.055 -0.083 -0.033 -0.153 -0.086 -0.165 -0.084 -0.141 -0.165  0.015  0.275  0.606  0.800  1.000  0.790  0.561  0.629  0.590  0.351  0.258  0.247  0.166  0.108  0.090  0.126  0.150  0.145  0.209  0.160  0.133  0.204  0.114  0.177  0.149  0.075  0.067  0.108  0.184  0.292  0.392  0.535  0.733  0.619  0.456  0.262 -0.000 -0.171 -0.035 -0.110 -0.292 -0.331 -0.406 -0.448 -0.462 -0.412 -0.265 -0.075  0.058  0.149  0.111  0.081 -0.031 -0.144 -0.356 -0.356 -0.325
 -0.208 -0.264 -0.271 -0.278 -0.105 -0.054 -0.003  0.001  0.046 -0.008 -0.099 -0.112 -0.065 -0.136 -0.057 -0.081 -0.019 -0.026 -0.071  0.095  0.355  0.637  0.661  0.790  1.000  0.724  0.535  0.575  0.424  0.232  0.180  0.140  0.083  0.044  0.066  0.075  0.069  0.121  0.084  0.076  0.132  0.064  0.085  0.030 -0.037 -0.018 -0.011  0.045  0.133  0.224  0.348  0.543  0.475  0.354  0.241  0.017 -0.116 -0.048 -0.148 -0.268 -0.301 -0.347 -0.359 -0.382 -0.386 -0.291 -0.160 -0.048  0.055  0.051  0.028 -0.026 -0.109 -0.257 -0.231 -0.199
 -0.280 -0.278 -0.262 -0.205 -0.036  0.006  0.038  0.008  0.061  0.018 -0.014 -0.021  0.001 -0.088 -0.027 -0.130 -0.144 -0.197 -0.221 -0.096  0.111  0.415  0.572  0.561  0.724  1.000  0.709  0.572  0.567  0.435  0.293  0.244  0.187  0.134  0.141  0.148  0.161  0.232  0.165  0.133  0.196  0.165  0.197  0.102  0.022  0.006  0.031  0.047  0.156  0.209  0.252  0.387  0.285  0.169  0.022 -0.128 -0.229 -0.156 -0.190 -0.286 -0.317 -0.352 -0.361 -0.330 -0.323 -0.192 -0.090  0.032  0.116  0.110  0.057  0.024 -0.103 -0.289 -0.277 -0.242
 -0.427 -0.381 -0.309 -0.155  0.115  0.156  0.199  0.137  0.110  0.053  0.085  0.071  0.101 -0.069 -0.037 -0.212 -0.241 -0.357 -0.385 -0.268 -0.070  0.218  0.506  0.629  0.535  0.709  1.000  0.816  0.603  0.620  0.592  0.443  0.349  0.349  0.395  0.414  0.413  0.484  0.384  0.309  0.411  0.295  0.345  0.277  0.140  0.096  0.157  0.178  0.301  0.310  0.352  0.474  0.312  0.126 -0.079 -0.256 -0.387 -0.254 -0.247 -0.400 -0.423 -0.466 -0.487 -0.418 -0.366 -0.132  0.049  0.221  0.299  0.243  0.176  0.062 -0.216 -0.477 -0.528 -0.501
 -0.402 -0.359 -0.305 -0.173  0.099  0.129  0.180  0.145  0.096  0.064  0.084  0.068  0.106 -0.073 -0.042 -0.204 -0.231 -0.324 -0.354 -0.243 -0.054  0.200  0.417  0.590  0.575  0.572  0.816  1.000  0.747  0.627  0.680  0.595  0.457  0.416  0.476  0.441  0.390  0.412  0.321  0.297  0.389  0.240  0.263  0.205  0.061  0.054  0.096  0.123  0.228  0.240  0.309  0.426  0.297  0.118 -0.061 -0.244 -0.362 -0.242 -0.254 -0.401 -0.425 -0.465 -0.483 -0.428 -0.395 -0.179  0.003  0.161  0.253  0.204  0.153  0.048 -0.241 -0.452 -0.498 -0.469
 -0.344 -0.275 -0.236 -0.096  0.131  0.141  0.166  0.109  0.058  0.069  0.130  0.148  0.149 -0.012 -0.006 -0.179 -0.247 -0.337 -0.357 -0.304 -0.169  0.056  0.231  0.351  0.424  0.567  0.603  0.747  1.000  0.802  0.651  0.707  0.639  0.501  0.476  0.371  0.248  0.250  0.132  0.171  0.301  0.153  0.182  0.116  0.002  0.007  0.026  0.028  0.107  0.114  0.154  0.244  0.132 -0.023 -0.178 -0.296 -0.373 -0.288 -0.277 -0.369 -0.383 -0.398 -0.393 -0.312 -0.302 -0.116  0.013  0.129  0.197  0.141  0.090  0.026 -0.221 -0.342 -0.380 -0.340
 -0.390 -0.298 -0.230 -0.025  0.219  0.237  0.256  0.159  0.069  0.054  0.185  0.216  0.213  0.022  0.008 -0.202 -0.294 -0.407 -0.433 -0.403 -0.281 -0.071  0.137  0.258  0.232  0.435  0.620  0.627  0.802  1.000  0.835  0.752  0.739  0.697  0.656  0.595  0.430  0.397  0.282  0.314  0.440  0.256  0.268  0.214  0.077  0.050  0.096  0.081  0.167  0.124  0.135  0.200  0.067 -0.098 -0.270 -0.364 -0.439 -0.339 -0.297 -0.392 -0.392 -0.405 -0.403 -0.287 -0.247 -0.029  0.112  0.262  0.318  0.275  0.203  0.112 -0.242 -0.441 -0.534 -0.502
 -0.412 -0.330 -0.259 -0.054  0.200  0.228  0.266  0.205  0.092  0.063  0.182  0.185  0.187 -0.023 -0.038 -0.240 -0.317 -0.420 -0.436 -0.400 -0.293 -0.101  0.109  0.247  0.180  0.293  0.592  0.680  0.651  0.835  1.000  0.846  0.719  0.737  0.785  0.726  0.597  0.525  0.426  0.419  0.478  0.294  0.280  0.244  0.090  0.073  0.122  0.111  0.194  0.143  0.161  0.206  0.076 -0.080 -0.247 -0.343 -0.417 -0.306 -0.260 -0.370 -0.378 -0.405 -0.421 -0.317 -0.263 -0.039  0.105  0.270  0.328  0.298  0.232  0.127 -0.269 -0.497 -0.601 -0.576
 -0.351 -0.271 -0.227 -0.045  0.179  0.187  0.221  0.174  0.068  0.085  0.196  0.194  0.186 -0.017 -0.038 -0.214 -0.296 -0.376 -0.385 -0.373 -0.299 -0.139  0.035  0.166  0.140  0.244  0.443  0.595  0.707  0.752  0.846  1.000  0.855  0.725  0.729  0.561  0.374  0.320  0.212  0.257  0.344  0.172  0.181  0.160  0.037  0.049  0.072  0.064  0.117  0.078  0.091  0.134  0.024 -0.116 -0.252 -0.323 -0.375 -0.288 -0.246 -0.329 -0.337 -0.353 -0.358 -0.263 -0.232 -0.046  0.074  0.192  0.233  0.182  0.132  0.056 -0.251 -0.389 -0.459 -0.426
 -0.281 -0.198 -0.164 -0.002  0.188  0.185  0.206  0.142  0.038  0.069  0.206  0.225  0.206  0.032  0.022 -0.144 -0.239 -0.316 -0.340 -0.348 -0.282 -0.154 -0.017  0.108  0.083  0.187  0.349  0.457  0.639  0.739  0.719  0.855  1.000  0.844  0.711  0.552  0.257  0.207  0.103  0.173  0.296  0.114  0.128  0.113  0.006  0.012  0.031  0.035  0.076  0.029  0.038  0.092 -0.010 -0.143 -0.258 -0.312 -0.355 -0.288 -0.252 -0.313 -0.308 -0.307 -0.297 -0.200 -0.188 -0.030  0.077  0.165  0.201  0.158  0.110  0.044 -0.222 -0.344 -0.404 -0.376
 -0.290 -0.197 -0.156  0.008  0.182  0.195  0.213  0.138  0.033  0.043  0.204  0.232  0.209  0.049  0.034 -0.143 -0.233 -0.321 -0.346 -0.352 -0.279 -0.160 -0.023  0.090  0.044  0.134  0.349  0.416  0.501  0.697  0.737  0.725  0.844  1.000  0.880  0.769  0.456  0.345  0.263  0.283  0.378  0.175  0.164  0.146  0.032  0.021  0.052  0.047  0.102  0.042  0.050  0.090 -0.026 -0.152 -0.265 -0.311 -0.357 -0.293 -0.249 -0.311 -0.299 -0.306 -0.295 -0.190 -0.170 -0.008  0.089  0.199  0.238  0.232  0.177  0.087 -0.252 -0.394 -0.482 -0.468
 -0.332 -0.247 -0.202 -0.030  0.169  0.194  0.234  0.169  0.051  0.039  0.185  0.195  0.189  0.011 -0.007 -0.188 -0.265 -0.358 -0.373 -0.366 -0.284 -0.147  0.011  0.126  0.066  0.141  0.395  0.476  0.476  0.656  0.785  0.729  0.711  0.880  1.000  0.880  0.631  0.475  0.390  0.401  0.454  0.249  0.216  0.194  0.065  0.056  0.089  0.078  0.147  0.082  0.093  0.126  0.003 -0.127 -0.256 -0.313 -0.368 -0.289 -0.242 -0.323 -0.318 -0.332 -0.334 -0.237 -0.202 -0.023  0.090  0.235  0.287  0.290  0.244  0.139 -0.262 -0.441 -0.553 -0.543
 -0.346 -0.274 -0.224 -0.070  0.128  0.170  0.212  0.148  0.054 -0.008  0.113  0.124  0.121 -0.035 -0.036 -0.203 -0.267 -0.359 -0.367 -0.345 -0.252 -0.101  0.058  0.150  0.075  0.148  0.414  0.441  0.371  0.595  0.726  0.561  0.552  0.769  0.880  1.000  0.787  0.590  0.504  0.499  0.502  0.332  0.273  0.238  0.105  0.071  0.113  0.103  0.195  0.136  0.142  0.159  0.041 -0.077 -0.216 -0.284 -0.345 -0.253 -0.208 -0.301 -0.306 -0.328 -0.343 -0.262 -0.211 -0.031  0.092  0.257  0.315  0.355  0.303  0.205 -0.202 -0.454 -0.580 -0.575
 -0.364 -0.308 -0.254 -0.109  0.077  0.139  0.178  0.145  0.092  0.004  0.078  0.062  0.051 -0.097 -0.119 -0.269 -0.315 -0.385 -0.357 -0.324 -0.246 -0.078  0.103  0.145  0.069  0.161  0.413  0.390  0.248  0.430  0.597  0.374  0.257  0.456  0.631  0.787  1.000  0.809  0.644  0.583  0.475  0.392  0.315  0.270  0.149  0.102  0.152  0.130  0.231  0.179  0.185  0.162  0.052 -0.033 -0.174 -0.240 -0.297 -0.194 -0.140 -0.240 -0.262 -0.297 -0.338 -0.270 -0.196 -0.024  0.084  0.255  0.304  0.344  0.306  0.244 -0.124 -0.425 -0.549 -0.540
 -0.413 -0.367 -0.299 -0.156  0.047  0.117  0.159  0.131  0.139  0.040  0.084  0.035  0.019 -0.133 -0.144 -0.300 -0.342 -0.404 -0.372 -0.316 -0.231 -0.028  0.176  0.209  0.121  0.232  0.484  0.412  0.250  0.397  0.525  0.320  0.207  0.345  0.475  0.590  0.809  1.000  0.785  0.548  0.496  0.467  0.395  0.305  0.159  0.104  0.171  0.152  0.275  0.240  0.240  0.212  0.098  0.020 -0.144 -0.239 -0.298 -0.172 -0.126 -0.243 -0.291 -0.351 -0.402 -0.335 -0.255 -0.063  0.055  0.241  0.305  0.326  0.272  0.196 -0.101 -0.448 -0.525 -0.502
 -0.376 -0.352 -0.285 -0.165  0.008  0.087  0.131  0.090  0.127 -0.008  0.017 -0.033 -0.024 -0.154 -0.150 -0.277 -0.294 -0.343 -0.307 -0.238 -0.167 -0.004  0.155  0.160  0.084  0.165  0.384  0.321  0.132  0.282  0.426  0.212  0.103  0.263  0.390  0.504  0.644  0.785  1.000  0.708  0.594  0.579  0.448  0.313  0.140  0.079  0.149  0.123  0.262  0.242  0.232  0.172  0.096  0.056 -0.089 -0.178 -0.222 -0.101 -0.064 -0.180 -0.243 -0.323 -0.369 -0.323 -0.239 -0.072  0.042  0.230  0.333  0.419  0.402  0.319 -0.020 -0.388 -0.508 -0.514
 -0.349 -0.299 -0.260 -0.101  0.087  0.165  0.186  0.114  0.113 -0.037  0.030  0.033  0.047 -0.101 -0.117 -0.247 -0.295 -0.356 -0.337 -0.303 -0.214 -0.043  0.106  0.133  0.076  0.133  0.309  0.297  0.171  0.314  0.419  0.257  0.173  0.283  0.401  0.499  0.583  0.548  0.708  1.000  0.761  0.672  0.489  0.357  0.156  0.068  0.129  0.143  0.289  0.244  0.207  0.149  0.061  0.002 -0.147 -0.219 -0.281 -0.164 -0.107 -0.230 -0.248 -0.302 -0.345 -0.276 -0.205 -0.040  0.115  0.306  0.454  0.593  0.648  0.632  0.146 -0.378 -0.609 -0.625
 -0.396 -0.322 -0.251 -0.043  0.186  0.271  0.312  0.175  0.120 -0.003  0.075  0.103  0.133 -0.036 -0.054 -0.230 -0.290 -0.394 -0.408 -0.363 -0.243 -0.055  0.136  0.204  0.132  0.196  0.411  0.389  0.301  0.440  0.478  0.344  0.296  0.378  0.454  0.502  0.475  0.496  0.594  0.761  1.000  0.726  0.582  0.433  0.187  0.061  0.142  0.176  0.329  0.277  0.238  0.195  0.066 -0.021 -0.194 -0.287 -0.369 -0.242 -0.178 -0.317 -0.324 -0.381 -0.406 -0.300 -0.227 -0.009  0.185  0.426  0.598  0.661  0.656  0.498 -0.054 -0.433 -0.646 -0.666
 -0.372 -0.318 -0.263 -0.089  0.122  0.205  0.218  0.076  0.150  0.010  0.053  0.040  0.062 -0.091 -0.119 -0.258 -0.310 -0.379 -0.368 -0.322 -0.236 -0.049  0.121  0.114  0.064  0.165  0.295  0.240  0.153  0.256  0.294  0.172  0.114  0.175  0.249  0.332  0.392  0.467  0.579  0.672  0.726  1.000  0.774  0.521  0.242  0.063  0.137  0.162  0.372  0.354  0.268  0.140  0.046  0.019 -0.155 -0.236 -0.286 -0.156 -0.087 -0.214 -0.252 -0.320 -0.368 -0.288 -0.209 -0.023  0.170  0.410  0.604  0.728  0.617  0.526  0.084 -0.416 -0.553 -0.558
 -0.401 -0.336 -0.261 -0.053  0.194  0.263  0.306  0.165  0.147  0.048  0.119  0.101  0.115 -0.066 -0.109 -0.275 -0.332 -0.418 -0.421 -0.370 -0.270 -0.049  0.172  0.177  0.085  0.197  0.345  0.263  0.182  0.268  0.280  0.181  0.128  0.164  0.216  0.273  0.315  0.395  0.448  0.489  0.582  0.774  1.000  0.754  0.411  0.126  0.219  0.258  0.501  0.475  0.356  0.237  0.090  0.024 -0.185 -0.284 -0.353 -0.214 -0.131 -0.274 -0.296 -0.361 -0.392 -0.291 -0.209  0.025  0.269  0.544  0.629  0.597  0.456  0.315 -0.035 -0.424 -0.548 -0.544
 -0.391 -0.315 -0.233 -0.017  0.224  0.304  0.340  0.190  0.123  0.007  0.078  0.065  0.094 -0.092 -0.140 -0.301 -0.351 -0.428 -0.420 -0.385 -0.302 -0.092  0.108  0.149  0.030  0.102  0.277  0.205  0.116  0.214  0.244  0.160  0.113  0.146  0.194  0.238  0.270  0.305  0.313  0.357  0.433  0.521  0.754  1.000  0.708  0.329  0.432  0.486  0.565  0.433  0.321  0.230  0.093  0.002 -0.211 -0.298 -0.361 -0.232 -0.144 -0.267 -0.256 -0.299 -0.332 -0.230 -0.132  0.099  0.360  0.626  0.582  0.490  0.360  0.202 -0.067 -0.391 -0.507 -0.504
 -0.296 -0.236 -0.177 -0.025  0.122  0.176  0.189  0.066  0.050 -0.042  0.003  0.001  0.035 -0.086 -0.147 -0.265 -0.300 -0.348 -0.319 -0.308 -0.263 -0.106  0.051  0.075 -0.037  0.022  0.140  0.061  0.002  0.077  0.090  0.037  0.006  0.032  0.065  0.105  0.149  0.159  0.140  0.156  0.187  0.242  0.411  0.708  1.000  0.618  0.496  0.500  0.388  0.346  0.252  0.160  0.033 -0.026 -0.185 -0.228 -0.278 -0.190 -0.102 -0.178 -0.141 -0.140 -0.191 -0.127 -0.027  0.141  0.304  0.417  0.336  0.248  0.157  0.065 -0.052 -0.211 -0.281 -0.283
 -0.206 -0.184 -0.162 -0.083  0.013  0.043  0.064 -0.019  0.016 -0.038 -0.023 -0.057 -0.016 -0.108 -0.132 -0.194 -0.200 -0.223 -0.196 -0.190 -0.172 -0.065  0.035  0.067 -0.018  0.006  0.096  0.054  0.007  0.050  0.073  0.049  0.012  0.021  0.056  0.071  0.102  0.104  0.079  0.068  0.061  0.063  0.126  0.329  0.618  1.000  0.674  0.433  0.236  0.176  0.157  0.132  0.056 -0.008 -0.112 -0.150 -0.180 -0.126 -0.088 -0.130 -0.113 -0.113 -0.159 -0.142 -0.100 -0.016  0.103  0.186  0.134  0.070  0.037 -0.035 -0.062 -0.151 -0.169 -0.152
 -0.273 -0.234 -0.174 -0.087  0.041  0.075  0.102  0.006  0.002 -0.064  0.002 -0.014  0.002 -0.098 -0.126 -0.226 -0.227 -0.264 -0.238 -0.220 -0.182 -0.054  0.079  0.108 -0.011  0.031  0.157  0.096  0.026  0.096  0.122  0.072  0.031  0.052  0.089  0.113  0.152  0.171  0.149  0.129  0.142  0.137  0.219  0.432  0.496  0.674  1.000  0.669  0.416  0.219  0.171  0.171  0.090  0.017 -0.115 -0.167 -0.205 -0.133 -0.087 -0.147 -0.141 -0.158 -0.212 -0.177 -0.137 -0.043  0.093  0.222  0.195  0.141  0.088 -0.018 -0.082 -0.222 -0.243 -0.238
 -0.296 -0.256 -0.197 -0.076  0.081  0.126  0.148  0.047  0.050 -0.007  0.028  0.022  0.050 -0.067 -0.104 -0.209 -0.230 -0.289 -0.296 -0.258 -0.173 -0.016  0.140  0.184  0.045  0.047  0.178  0.123  0.028  0.081  0.111  0.064  0.035  0.047  0.078  0.103  0.130  0.152  0.123  0.143  0.176  0.162  0.258  0.486  0.500  0.433  0.669  1.000  0.686  0.405  0.253  0.253  0.114  0.020 -0.136 -0.215 -0.284 -0.195 -0.131 -0.222 -0.210 -0.226 -0.264 -0.217 -0.177 -0.042  0.096  0.221  0.229  0.178  0.123  0.024 -0.068 -0.226 -0.277 -0.281
 -0.417 -0.379 -0.293 -0.154  0.070  0.139  0.155  0.074  0.105  0.021  0.057  0.013  0.022 -0.141 -0.171 -0.306 -0.315 -0.369 -0.341 -0.272 -0.165  0.076  0.286  0.292  0.133  0.156  0.301  0.228  0.107  0.167  0.194  0.117  0.076  0.102  0.147  0.195  0.231  0.275  0.262  0.289  0.329  0.372  0.501  0.565  0.388  0.236  0.416  0.686  1.000  0.706  0.484  0.406  0.231  0.169 -0.046 -0.169 -0.255 -0.097 -0.021 -0.184 -0.223 -0.314 -0.383 -0.334 -0.252 -0.067  0.121  0.304  0.352  0.327  0.244  0.126 -0.055 -0.343 -0.436 -0.426
 -0.426 -0.423 -0.338 -0.233 -0.013  0.054  0.101  0.014  0.054 -0.025 -0.006 -0.066 -0.062 -0.222 -0.246 -0.349 -0.329 -0.371 -0.319 -0.224 -0.098  0.208  0.424  0.392  0.224  0.209  0.310  0.240  0.114  0.124  0.143  0.078  0.029  0.042  0.082  0.136  0.179  0.240  0.242  0.244  0.277  0.354  0.475  0.433  0.346  0.176  0.219  0.405  0.706  1.000  0.784  0.587  0.354  0.336  0.085 -0.070 -0.185  0.016  0.096 -0.113 -0.171 -0.300 -0.402 -0.379 -0.272 -0.090  0.093  0.217  0.286  0.289  0.220  0.104 -0.007 -0.300 -0.363 -0.355
 -0.455 -0.484 -0.377 -0.309 -0.056  0.018  0.082  0.002  0.033 -0.057 -0.062 -0.134 -0.128 -0.298 -0.290 -0.383 -0.310 -0.336 -0.261 -0.126  0.021  0.373  0.550  0.535  0.348  0.252  0.352  0.309  0.154  0.135  0.161  0.091  0.038  0.050  0.093  0.142  0.185  0.240  0.232  0.207  0.238  0.268  0.356  0.321  0.252  0.157  0.171  0.253  0.484  0.784  1.000  0.803  0.603  0.567  0.277  0.054 -0.083  0.158  0.173 -0.075 -0.158 -0.323 -0.449 -0.460 -0.316 -0.149  0.063  0.175  0.240  0.239  0.193  0.048 -0.030 -0.316 -0.359 -0.345
 -0.408 -0.451 -0.367 -0.320 -0.058  0.004  0.079  0.038  0.037 -0.040 -0.056 -0.117 -0.089 -0.246 -0.200 -0.289 -0.200 -0.239 -0.211 -0.042  0.168  0.538  0.697  0.733  0.543  0.387  0.474  0.426  0.244  0.200  0.206  0.134  0.092  0.090  0.126  0.159  0.162  0.212  0.172  0.149  0.195  0.140  0.237  0.230  0.160  0.132  0.171  0.253  0.406  0.587  0.803  1.000  0.774  0.609  0.328  0.049 -0.123  0.085  0.023 -0.213 -0.273 -0.395 -0.480 -0.492 -0.392 -0.231 -0.015  0.106  0.176  0.146  0.116 -0.019 -0.092 -0.352 -0.369 -0.342
 -0.319 -0.412 -0.346 -0.394 -0.181 -0.131 -0.055 -0.034  0.003 -0.061 -0.150 -0.248 -0.225 -0.334 -0.248 -0.266 -0.123 -0.092 -0.026  0.154  0.312  0.608  0.590  0.619  0.475  0.285  0.312  0.297  0.132  0.067  0.076  0.024 -0.010 -0.026  0.003  0.041  0.052  0.098  0.096  0.061  0.066  0.046  0.090  0.093  0.033  0.056  0.090  0.114  0.231  0.354  0.603  0.774  1.000  0.794  0.532  0.242  0.120  0.299  0.156 -0.040 -0.137 -0.273 -0.382 -0.457 -0.358 -0.302 -0.106 -0.026  0.041  0.030  0.036 -0.063 -0.021 -0.228 -0.199 -0.172
 -0.267 -0.402 -0.357 -0.456 -0.304 -0.245 -0.170 -0.127 -0.032 -0.096 -0.222 -0.351 -0.343 -0.424 -0.339 -0.279 -0.101 -0.011  0.117  0.312  0.422  0.662  0.545  0.456  0.354  0.169  0.126  0.118 -0.023 -0.098 -0.080 -0.116 -0.143 -0.152 -0.127 -0.077 -0.033  0.020  0.056  0.002 -0.021  0.019  0.024  0.002 -0.026 -0.008  0.017  0.020  0.169  0.336  0.567  0.609  0.794  1.000  0.768  0.468  0.358  0.537  0.353  0.161  0.027 -0.147 -0.290 -0.404 -0.294 -0.315 -0.169 -0.126 -0.059 -0.025 -0.006 -0.076  0.064 -0.104 -0.057 -0.039
 -0.056 -0.219 -0.227 -0.404 -0.375 -0.345 -0.284 -0.205 -0.102 -0.130 -0.275 -0.389 -0.373 -0.365 -0.265 -0.106  0.093  0.238  0.392  0.560  0.586  0.609  0.372  0.262  0.241  0.022 -0.079 -0.061 -0.178 -0.270 -0.247 -0.252 -0.258 -0.265 -0.256 -0.216 -0.174 -0.144 -0.089 -0.147 -0.194 -0.155 -0.185 -0.211 -0.185 -0.112 -0.115 -0.136 -0.046  0.085  0.277  0.328  0.532  0.768  1.000  0.749  0.618  0.671  0.442  0.341  0.212  0.032 -0.093 -0.241 -0.172 -0.299 -0.264 -0.292 -0.247 -0.186 -0.131 -0.140  0.099  0.069  0.159  0.165
  0.103 -0.028 -0.064 -0.258 -0.362 -0.344 -0.309 -0.247 -0.155 -0.164 -0.267 -0.345 -0.336 -0.252 -0.189 -0.007  0.151  0.316  0.527  0.534  0.443  0.346  0.138 -0.000  0.017 -0.128 -0.256 -0.244 -0.296 -0.364 -0.343 -0.323 -0.312 -0.311 -0.313 -0.284 -0.240 -0.239 -0.178 -0.219 -0.287 -0.236 -0.284 -0.298 -0.228 -0.150 -0.167 -0.215 -0.169 -0.070  0.054  0.049  0.242  0.468  0.749  1.000  0.782  0.665  0.567  0.555  0.495  0.262  0.135 -0.015  0.028 -0.167 -0.249 -0.323 -0.329 -0.242 -0.179 -0.145  0.128  0.186  0.271  0.266
  0.170  0.026 -0.033 -0.269 -0.419 -0.423 -0.383 -0.297 -0.183 -0.159 -0.297 -0.396 -0.406 -0.287 -0.229 -0.002  0.147  0.372  0.596  0.606  0.399  0.230 -0.032 -0.171 -0.116 -0.229 -0.387 -0.362 -0.373 -0.439 -0.417 -0.375 -0.355 -0.357 -0.368 -0.345 -0.297 -0.298 -0.222 -0.281 -0.369 -0.286 -0.353 -0.361 -0.278 -0.180 -0.205 -0.284 -0.255 -0.185 -0.083 -0.123  0.120  0.358  0.618  0.782  1.000  0.820  0.631  0.696  0.521  0.341  0.226  0.052  0.079 -0.172 -0.280 -0.391 -0.411 -0.323 -0.239 -0.177  0.168  0.315  0.429  0.413
 -0.029 -0.171 -0.163 -0.350 -0.404 -0.380 -0.332 -0.273 -0.137 -0.159 -0.298 -0.420 -0.440 -0.401 -0.350 -0.190 -0.027  0.185  0.406  0.471  0.306  0.285  0.090 -0.035 -0.048 -0.156 -0.254 -0.242 -0.288 -0.339 -0.306 -0.288 -0.288 -0.293 -0.289 -0.253 -0.194 -0.172 -0.101 -0.164 -0.242 -0.156 -0.214 -0.232 -0.190 -0.126 -0.133 -0.195 -0.097  0.016  0.158  0.085  0.299  0.537  0.671  0.665  0.820  1.000  0.801  0.678  0.431  0.220  0.066 -0.099 -0.012 -0.201 -0.229 -0.302 -0.293 -0.209 -0.134 -0.122  0.166  0.198  0.284  0.271
 -0.060 -0.138 -0.100 -0.237 -0.314 -0.281 -0.256 -0.244 -0.127 -0.165 -0.243 -0.339 -0.360 -0.325 -0.319 -0.237 -0.123  0.053  0.261  0.282  0.099  0.097  0.004 -0.110 -0.148 -0.190 -0.247 -0.254 -0.277 -0.297 -0.260 -0.246 -0.252 -0.249 -0.242 -0.208 -0.140 -0.126 -0.064 -0.107 -0.178 -0.087 -0.131 -0.144 -0.102 -0.088 -0.087 -0.131 -0.021  0.096  0.173  0.023  0.156  0.353  0.442  0.567  0.631  0.801  1.000  0.776  0.594  0.309  0.133 -0.012  0.090 -0.078 -0.130 -0.200 -0.210 -0.122 -0.064 -0.064  0.162  0.154  0.202  0.190
  0.128  0.049  0.029 -0.157 -0.334 -0.332 -0.324 -0.285 -0.170 -0.168 -0.249 -0.326 -0.352 -0.244 -0.240 -0.106 -0.023  0.176  0.371  0.342  0.103 -0.009 -0.163 -0.292 -0.268 -0.286 -0.400 -0.401 -0.369 -0.392 -0.370 -0.329 -0.313 -0.311 -0.323 -0.301 -0.240 -0.243 -0.180 -0.230 -0.317 -0.214 -0.274 -0.267 -0.178 -0.130 -0.147 -0.222 -0.184 -0.113 -0.075 -0.213 -0.040  0.161  0.341  0.555  0.696  0.678  0.776  1.000  0.768  0.498  0.330  0.166  0.219 -0.025 -0.162 -0.286 -0.335 -0.254 -0.183 -0.128  0.184  0.300  0.382  0.359
  0.227  0.203  0.180 -0.008 -0.238 -0.249 -0.266 -0.257 -0.187 -0.178 -0.223 -0.254 -0.262 -0.110 -0.103  0.011  0.056  0.182  0.321  0.245  0.049 -0.092 -0.227 -0.331 -0.301 -0.317 -0.423 -0.425 -0.383 -0.392 -0.378 -0.337 -0.308 -0.299 -0.318 -0.306 -0.262 -0.291 -0.243 -0.248 -0.324 -0.252 -0.296 -0.256 -0.141 -0.113 -0.141 -0.210 -0.223 -0.171 -0.158 -0.273 -0.137  0.027  0.212  0.495  0.521  0.431  0.594  0.768  1.000  0.733  0.516  0.342  0.396  0.114 -0.069 -0.216 -0.303 -0.229 -0.168 -0.111  0.159  0.286  0.350  0.330
  0.416  0.384  0.299  0.087 -0.211 -0.252 -0.280 -0.233 -0.168 -0.163 -0.210 -0.195 -0.206  0.000  0.011  0.164  0.176  0.259  0.304  0.177  0.009 -0.195 -0.330 -0.406 -0.347 -0.352 -0.466 -0.465 -0.398 -0.405 -0.405 -0.353 -0.307 -0.306 -0.332 -0.328 -0.297 -0.351 -0.323 -0.302 -0.381 -0.320 -0.361 -0.299 -0.140 -0.113 -0.158 -0.226 -0.314 -0.300 -0.323 -0.395 -0.273 -0.147  0.032  0.262  0.341  0.220  0.309  0.498  0.733  1.000  0.755  0.518  0.508  0.174 -0.066 -0.238 -0.342 -0.285 -0.228 -0.126  0.140  0.347  0.427  0.412
  0.592  0.588  0.464  0.244 -0.129 -0.193 -0.236 -0.204 -0.193 -0.169 -0.173 -0.124 -0.115  0.143  0.184  0.367  0.342  0.362  0.295  0.145  0.016 -0.251 -0.391 -0.448 -0.359 -0.361 -0.487 -0.483 -0.393 -0.403 -0.421 -0.358 -0.297 -0.295 -0.334 -0.343 -0.338 -0.402 -0.369 -0.345 -0.406 -0.368 -0.392 -0.332 -0.191 -0.159 -0.212 -0.264 -0.383 -0.402 -0.449 -0.480 -0.382 -0.290 -0.093  0.135  0.226  0.066  0.133  0.330  0.516  0.755  1.000  0.782  0.593  0.269 -0.035 -0.216 -0.345 -0.303 -0.252 -0.130  0.128  0.367  0.446  0.428
  0.501  0.617  0.539  0.464  0.080  0.011 -0.094 -0.140 -0.173 -0.134 -0.075  0.038  0.062  0.307  0.288  0.355  0.266  0.228  0.148 -0.025 -0.121 -0.353 -0.426 -0.462 -0.382 -0.330 -0.418 -0.428 -0.312 -0.287 -0.317 -0.263 -0.200 -0.190 -0.237 -0.262 -0.270 -0.335 -0.323 -0.276 -0.300 -0.288 -0.291 -0.230 -0.127 -0.142 -0.177 -0.217 -0.334 -0.379 -0.460 -0.492 -0.457 -0.404 -0.241 -0.015  0.052 -0.099 -0.012  0.166  0.342  0.518  0.782  1.000  0.770  0.482  0.143 -0.050 -0.202 -0.184 -0.163 -0.070  0.073  0.277  0.316  0.288
  0.290  0.377  0.444  0.468  0.156  0.117 -0.052 -0.121 -0.120 -0.153 -0.095  0.018  0.030  0.205  0.144  0.131  0.099  0.079  0.087 -0.061 -0.175 -0.336 -0.372 -0.412 -0.386 -0.323 -0.366 -0.395 -0.302 -0.247 -0.263 -0.232 -0.188 -0.170 -0.202 -0.211 -0.196 -0.255 -0.239 -0.205 -0.227 -0.209 -0.209 -0.132 -0.027 -0.100 -0.137 -0.177 -0.252 -0.272 -0.316 -0.392 -0.358 -0.294 -0.172  0.028  0.079 -0.012  0.090  0.219  0.396  0.508  0.593  0.770  1.000  0.673  0.338  0.078 -0.091 -0.093 -0.084 -0.033  0.067  0.201  0.212  0.190
  0.058  0.193  0.341  0.607  0.431  0.436  0.190  0.053 -0.005 -0.056  0.063  0.194  0.202  0.269  0.166  0.037 -0.036 -0.135 -0.149 -0.272 -0.309 -0.356 -0.276 -0.265 -0.291 -0.192 -0.132 -0.179 -0.116 -0.029 -0.039 -0.046 -0.030 -0.008 -0.023 -0.031 -0.024 -0.063 -0.072 -0.040 -0.009 -0.023  0.025  0.099  0.141 -0.016 -0.043 -0.042 -0.067 -0.090 -0.149 -0.231 -0.302 -0.315 -0.299 -0.167 -0.172 -0.201 -0.078 -0.025  0.114  0.174  0.269  0.482  0.673  1.000  0.679  0.364  0.183  0.110  0.062  0.040 -0.051 -0.010 -0.086 -0.104
 -0.147 -0.004  0.160  0.453  0.582  0.554  0.341  0.177  0.040 -0.042  0.085  0.184  0.222  0.136  0.073 -0.113 -0.184 -0.277 -0.294 -0.338 -0.326 -0.256 -0.130 -0.075 -0.160 -0.090  0.049  0.003  0.013  0.112  0.105  0.074  0.077  0.089  0.090  0.092  0.084  0.055  0.042  0.115  0.185  0.170  0.269  0.360  0.304  0.103  0.093  0.096  0.121  0.093  0.063 -0.015 -0.106 -0.169 -0.264 -0.249 -0.280 -0.229 -0.130 -0.162 -0.069 -0.066 -0.035  0.143  0.338  0.679  1.000  0.670  0.477  0.319  0.235  0.128 -0.048 -0.201 -0.311 -0.318
 -0.292 -0.169 -0.056  0.250  0.499  0.584  0.560  0.371  0.178  0.031  0.155  0.218  0.259  0.076 -0.007 -0.192 -0.275 -0.389 -0.408 -0.428 -0.357 -0.205 -0.007  0.058 -0.048  0.032  0.221  0.161  0.129  0.262  0.270  0.192  0.165  0.199  0.235  0.257  0.255  0.241  0.230  0.306  0.426  0.410  0.544  0.626  0.417  0.186  0.222  0.221  0.304  0.217  0.175  0.106 -0.026 -0.126 -0.292 -0.323 -0.391 -0.302 -0.200 -0.286 -0.216 -0.238 -0.216 -0.050  0.078  0.364  0.670  1.000  0.796  0.563  0.410  0.214 -0.130 -0.409 -0.565 -0.551
 -0.359 -0.242 -0.130  0.165  0.481  0.571  0.589  0.348  0.202  0.047  0.150  0.213  0.287  0.076  0.005 -0.194 -0.279 -0.406 -0.441 -0.420 -0.306 -0.116  0.080  0.149  0.055  0.116  0.299  0.253  0.197  0.318  0.328  0.233  0.201  0.238  0.287  0.315  0.304  0.305  0.333  0.454  0.598  0.604  0.629  0.582  0.336  0.134  0.195  0.229  0.352  0.286  0.240  0.176  0.041 -0.059 -0.247 -0.329 -0.411 -0.293 -0.210 -0.335 -0.303 -0.342 -0.345 -0.202 -0.091  0.183  0.477  0.796  1.000  0.769  0.584  0.358 -0.106 -0.481 -0.657 -0.648
 -0.332 -0.233 -0.143  0.083  0.295  0.390  0.420  0.130  0.071 -0.089  0.034  0.103  0.181  0.035 -0.023 -0.190 -0.258 -0.364 -0.372 -0.351 -0.242 -0.069  0.090  0.111  0.051  0.110  0.243  0.204  0.141  0.275  0.298  0.182  0.158  0.232  0.290  0.355  0.344  0.326  0.419  0.593  0.661  0.728  0.597  0.490  0.248  0.070  0.141  0.178  0.327  0.289  0.239  0.146  0.030 -0.025 -0.186 -0.242 -0.323 -0.209 -0.122 -0.254 -0.229 -0.285 -0.303 -0.184 -0.093  0.110  0.319  0.563  0.769  1.000  0.819  0.603  0.092 -0.428 -0.621 -0.625
 -0.269 -0.205 -0.137  0.030  0.197  0.275  0.324  0.092 -0.005 -0.144 -0.022  0.023  0.087 -0.032 -0.064 -0.191 -0.229 -0.296 -0.287 -0.269 -0.196 -0.058  0.063  0.081  0.028  0.057  0.176  0.153  0.090  0.203  0.232  0.132  0.110  0.177  0.244  0.303  0.306  0.272  0.402  0.648  0.656  0.617  0.456  0.360  0.157  0.037  0.088  0.123  0.244  0.220  0.193  0.116  0.036 -0.006 -0.131 -0.179 -0.239 -0.134 -0.064 -0.183 -0.168 -0.228 -0.252 -0.163 -0.084  0.062  0.235  0.410  0.584  0.819  1.000  0.780  0.273 -0.284 -0.541 -0.575
 -0.137 -0.095 -0.084  0.023  0.087  0.143  0.122 -0.008  0.005 -0.125 -0.033  0.001  0.040 -0.011 -0.041 -0.104 -0.151 -0.194 -0.193 -0.202 -0.152 -0.080 -0.014 -0.031 -0.026  0.024  0.062  0.048  0.026  0.112  0.127  0.056  0.044  0.087  0.139  0.205  0.244  0.196  0.319  0.632  0.498  0.526  0.315  0.202  0.065 -0.035 -0.018  0.024  0.126  0.104  0.048 -0.019 -0.063 -0.076 -0.140 -0.145 -0.177 -0.122 -0.064 -0.128 -0.111 -0.126 -0.130 -0.070 -0.033  0.040  0.128  0.214  0.358  0.603  0.780  1.000  0.521 -0.093 -0.398 -0.456
  0.104  0.053  0.015 -0.103 -0.169 -0.195 -0.150 -0.195 -0.248 -0.300 -0.219 -0.259 -0.230 -0.167 -0.122 -0.052 -0.016  0.081  0.128  0.123  0.060  0.030 -0.052 -0.144 -0.109 -0.103 -0.216 -0.241 -0.221 -0.242 -0.269 -0.251 -0.222 -0.252 -0.262 -0.202 -0.124 -0.101 -0.020  0.146 -0.054  0.084 -0.035 -0.067 -0.052 -0.062 -0.082 -0.068 -0.055 -0.007 -0.030 -0.092 -0.021  0.064  0.099  0.128  0.168  0.166  0.162  0.184  0.159  0.140  0.128  0.073  0.067 -0.051 -0.048 -0.130 -0.106  0.092  0.273  0.521  1.000  0.235  0.102  0.069
  0.336  0.253  0.171 -0.013 -0.254 -0.312 -0.351 -0.292 -0.291 -0.159 -0.251 -0.216 -0.261 -0.066 -0.055  0.130  0.175  0.291  0.341  0.283  0.107 -0.111 -0.287 -0.356 -0.257 -0.289 -0.477 -0.452 -0.342 -0.441 -0.497 -0.389 -0.344 -0.394 -0.441 -0.454 -0.425 -0.448 -0.388 -0.378 -0.433 -0.416 -0.424 -0.391 -0.211 -0.151 -0.222 -0.226 -0.343 -0.300 -0.316 -0.352 -0.228 -0.104  0.069  0.186  0.315  0.198  0.154  0.300  0.286  0.347  0.367  0.277  0.201 -0.010 -0.201 -0.409 -0.481 -0.428 -0.284 -0.093  0.235  1.000  0.730  0.509
  0.424  0.318  0.219 -0.074 -0.375 -0.471 -0.481 -0.414 -0.353 -0.195 -0.326 -0.316 -0.340 -0.092 -0.041  0.183  0.253  0.412  0.457  0.423  0.223 -0.036 -0.271 -0.356 -0.231 -0.277 -0.528 -0.498 -0.380 -0.534 -0.601 -0.459 -0.404 -0.482 -0.553 -0.580 -0.549 -0.525 -0.508 -0.609 -0.646 -0.553 -0.548 -0.507 -0.281 -0.169 -0.243 -0.277 -0.436 -0.363 -0.359 -0.369 -0.199 -0.057  0.159  0.271  0.429  0.284  0.202  0.382  0.350  0.427  0.446  0.316  0.212 -0.086 -0.311 -0.565 -0.657 -0.621 -0.541 -0.398  0.102  0.730  1.000  0.854
