  1.000  0.773  0.511  0.242 -0.206 -0.364 -0.376 -0.353 -0.243 -0.265 -0.252 -0.170 -0.050  0.241  0.305  0.605  0.595  0.580  0.377  0.227  0.178 -0.100 -0.244 -0.287 -0.162 -0.205 -0.346 -0.286 -0.256 -0.356 -0.346 -0.266 -0.222 -0.224 -0.249 -0.262 -0.286 -0.372 -0.317 -0.253 -0.394 -0.353 -0.398 -0.402 -0.303 -0.205 -0.273 -0.275 -0.379 -0.399 -0.412 -0.385 -0.321 -0.268 -0.062  0.092  0.130 -0.039 -0.051  0.093  0.203  0.393  0.594  0.494  0.243  0.010 -0.205 -0.397 -0.450 -0.341 -0.211  0.011  0.228  0.276  0.449  0.417
  0.773  1.000  0.705  0.405 -0.078 -0.277 -0.335 -0.340 -0.246 -0.253 -0.210 -0.081  0.042  0.351  0.474  0.608  0.465  0.440  0.253  0.111  0.056 -0.207 -0.315 -0.347 -0.212 -0.198 -0.310 -0.246 -0.205 -0.290 -0.272 -0.195 -0.157 -0.132 -0.166 -0.190 -0.231 -0.329 -0.263 -0.217 -0.340 -0.309 -0.338 -0.352 -0.286 -0.207 -0.258 -0.273 -0.358 -0.405 -0.452 -0.432 -0.391 -0.366 -0.176  0.005  0.042 -0.132 -0.097  0.053  0.189  0.354  0.599  0.621  0.312  0.101 -0.119 -0.334 -0.398 -0.301 -0.213  0.002  0.191  0.206  0.387  0.359
  0.511  0.705  1.000  0.600  0.102 -0.128 -0.247 -0.340 -0.268 -0.244 -0.133  0.012  0.143  0.408  0.503  0.417  0.378  0.300  0.162  0.030 -0.027 -0.255 -0.317 -0.328 -0.286 -0.262 -0.299 -0.249 -0.237 -0.254 -0.211 -0.174 -0.140 -0.106 -0.134 -0.150 -0.183 -0.234 -0.208 -0.223 -0.304 -0.284 -0.301 -0.288 -0.243 -0.164 -0.187 -0.200 -0.256 -0.320 -0.346 -0.358 -0.320 -0.305 -0.169 -0.020  0.023 -0.082 -0.031  0.072  0.185  0.292  0.444  0.491  0.392  0.238  0.019 -0.247 -0.317 -0.266 -0.216 -0.063  0.084  0.127  0.338  0.307
  0.242  0.405  0.600  1.000  0.505  0.261  0.033 -0.087 -0.096 -0.035  0.126  0.316  0.376  0.528  0.407  0.299  0.203  0.102 -0.032 -0.140 -0.159 -0.295 -0.288 -0.231 -0.196 -0.177 -0.168 -0.134 -0.129 -0.145 -0.122 -0.096 -0.068 -0.053 -0.088 -0.116 -0.140 -0.142 -0.119 -0.136 -0.159 -0.138 -0.134 -0.144 -0.159 -0.150 -0.170 -0.140 -0.160 -0.219 -0.263 -0.276 -0.307 -0.348 -0.294 -0.195 -0.180 -0.240 -0.168 -0.105 -0.032  0.047  0.202  0.365  0.359  0.476  0.270 -0.012 -0.065 -0.091 -0.108 -0.027 -0.003  0.093  0.131  0.110
 -0.206 -0.078  0.102  0.505  1.000  0.733  0.441  0.247  0.123  0.209  0.348  0.489  0.534  0.323  0.213  0.018 -0.070 -0.199 -0.264 -0.246 -0.189 -0.151 -0.071  0.030 -0.007  0.005  0.098  0.116  0.102  0.125  0.126  0.106  0.113  0.100  0.089  0.064  0.029  0.054  0.053  0.033  0.127  0.150  0.181  0.139  0.045 -0.047 -0.037  0.006  0.065  0.041  0.044  0.028 -0.044 -0.145 -0.235 -0.292 -0.322 -0.280 -0.249 -0.285 -0.281 -0.285 -0.240 -0.115 -0.003  0.262  0.437  0.354  0.402  0.231  0.068 -0.016 -0.179 -0.139 -0.238 -0.249
 -0.364 -0.277 -0.128  0.261  0.733  1.000  0.679  0.489  0.339  0.416  0.494  0.550  0.425  0.160  0.014 -0.135 -0.194 -0.315 -0.343 -0.308 -0.220 -0.108 -0.000  0.107  0.052  0.035  0.152  0.137  0.109  0.165  0.162  0.109  0.112  0.116  0.107  0.109  0.105  0.174  0.166  0.116  0.241  0.249  0.274  0.243  0.120 -0.002  0.012  0.057  0.148  0.149  0.155  0.131  0.026 -0.078 -0.220 -0.306 -0.361 -0.278 -0.238 -0.313 -0.339 -0.378 -0.372 -0.256 -0.116  0.233  0.389  0.485  0.528  0.355  0.149 -0.011 -0.248 -0.198 -0.370 -0.356
 -0.376 -0.335 -0.247  0.033  0.441  0.679  1.000  0.770  0.563  0.653  0.567  0.391  0.309  0.050 -0.023 -0.153 -0.216 -0.328 -0.381 -0.308 -0.177 -0.002  0.099  0.179  0.143  0.135  0.245  0.227  0.159  0.211  0.219  0.152  0.136  0.141  0.153  0.152  0.140  0.234  0.200  0.142  0.316  0.333  0.367  0.316  0.169  0.041  0.054  0.107  0.215  0.216  0.227  0.218  0.113  0.005 -0.178 -0.322 -0.363 -0.254 -0.242 -0.360 -0.405 -0.402 -0.412 -0.348 -0.273  0.020  0.223  0.491  0.620  0.439  0.215 -0.011 -0.292 -0.333 -0.492 -0.479
 -0.353 -0.340 -0.340 -0.087  0.247  0.489  0.770  1.000  0.733  0.644  0.388  0.205  0.092 -0.101 -0.151 -0.193 -0.246 -0.318 -0.354 -0.301 -0.159  0.049  0.125  0.208  0.214  0.183  0.262  0.218  0.159  0.209  0.196  0.130  0.107  0.103  0.122  0.130  0.152  0.248  0.203  0.130  0.283  0.282  0.337  0.302  0.193  0.063  0.057  0.087  0.190  0.232  0.237  0.232  0.132  0.038 -0.144 -0.267 -0.329 -0.230 -0.218 -0.325 -0.359 -0.341 -0.346 -0.312 -0.272 -0.001  0.185  0.462  0.524  0.361  0.148 -0.050 -0.263 -0.281 -0.481 -0.422
 -0.243 -0.246 -0.268 -0.096  0.123  0.339  0.563  0.733  1.000  0.861  0.536  0.336  0.179  0.026 -0.044 -0.045 -0.113 -0.222 -0.293 -0.260 -0.128 -0.002  0.081  0.153  0.138  0.128  0.206  0.157  0.109  0.163  0.154  0.099  0.088  0.097  0.105  0.115  0.114  0.172  0.148  0.073  0.180  0.205  0.231  0.177  0.095  0.020  0.008  0.087  0.136  0.152  0.136  0.146  0.044 -0.047 -0.165 -0.246 -0.305 -0.250 -0.224 -0.292 -0.313 -0.303 -0.293 -0.278 -0.298 -0.089 -0.003  0.236  0.313  0.226  0.043 -0.072 -0.260 -0.258 -0.391 -0.362
 -0.265 -0.253 -0.244 -0.035  0.209  0.416  0.653  0.644  0.861  1.000  0.758  0.517  0.361  0.156  0.034 -0.009 -0.089 -0.220 -0.311 -0.271 -0.123 -0.008  0.085  0.163  0.138  0.123  0.207  0.175  0.116  0.160  0.163  0.112  0.102  0.107  0.112  0.104  0.097  0.167  0.140  0.048  0.175  0.213  0.236  0.171  0.086  0.021  0.012  0.109  0.148  0.154  0.135  0.150  0.039 -0.059 -0.179 -0.264 -0.331 -0.280 -0.253 -0.323 -0.348 -0.346 -0.336 -0.304 -0.325 -0.096 -0.020  0.229  0.337  0.239  0.038 -0.085 -0.295 -0.280 -0.411 -0.404
 -0.252 -0.210 -0.133  0.126  0.348  0.494  0.567  0.388  0.536  0.758  1.000  0.802  0.620  0.367  0.168  0.058 -0.038 -0.178 -0.282 -0.261 -0.131 -0.061  0.042  0.124  0.086  0.072  0.149  0.146  0.103  0.130  0.139  0.123  0.124  0.116  0.098  0.059  0.034  0.142  0.100  0.008  0.132  0.173  0.189  0.117  0.035 -0.008 -0.000  0.118  0.130  0.112  0.076  0.100 -0.015 -0.115 -0.209 -0.267 -0.336 -0.303 -0.260 -0.314 -0.341 -0.366 -0.343 -0.271 -0.272 -0.055 -0.026  0.163  0.282  0.196  0.014 -0.079 -0.267 -0.227 -0.329 -0.362
 -0.170 -0.081  0.012  0.316  0.489  0.550  0.391  0.205  0.336  0.517  0.802  1.000  0.777  0.526  0.276  0.152  0.029 -0.132 -0.252 -0.272 -0.157 -0.136 -0.029  0.067  0.041  0.033  0.101  0.107  0.084  0.091  0.093  0.085  0.098  0.099  0.069  0.035  0.004  0.076  0.049  0.000  0.073  0.099  0.115  0.046 -0.013 -0.051 -0.055  0.062  0.067  0.033 -0.012  0.015 -0.099 -0.209 -0.269 -0.281 -0.356 -0.355 -0.294 -0.312 -0.301 -0.303 -0.247 -0.141 -0.154  0.050  0.032  0.109  0.200  0.132 -0.024 -0.057 -0.238 -0.150 -0.229 -0.257
 -0.050  0.042  0.143  0.376  0.534  0.425  0.309  0.092  0.179  0.361  0.620  0.777  1.000  0.723  0.462  0.290  0.155 -0.022 -0.177 -0.193 -0.076 -0.106 -0.032  0.059  0.058  0.050  0.094  0.135  0.100  0.073  0.090  0.104  0.107  0.096  0.074  0.022 -0.044  0.003 -0.018 -0.066  0.010  0.050  0.064 -0.023 -0.059 -0.068 -0.081  0.023 -0.006 -0.042 -0.070 -0.020 -0.118 -0.219 -0.236 -0.242 -0.307 -0.342 -0.311 -0.307 -0.285 -0.260 -0.175 -0.091 -0.154 -0.013 -0.016  0.023  0.142  0.070 -0.065 -0.067 -0.219 -0.160 -0.172 -0.208
  0.241  0.351  0.408  0.528  0.323  0.160  0.050 -0.101  0.026  0.156  0.367  0.526  0.723  1.000  0.684  0.534  0.368  0.192 -0.005 -0.098 -0.032 -0.178 -0.142 -0.066 -0.039 -0.046 -0.033  0.007 -0.031 -0.080 -0.048 -0.033 -0.017  0.005 -0.014 -0.050 -0.111 -0.107 -0.114 -0.161 -0.154 -0.126 -0.123 -0.192 -0.186 -0.139 -0.157 -0.077 -0.139 -0.208 -0.253 -0.194 -0.259 -0.342 -0.269 -0.189 -0.227 -0.334 -0.289 -0.218 -0.140 -0.042  0.106  0.196  0.046  0.071 -0.087 -0.172 -0.105 -0.106 -0.178 -0.080 -0.129 -0.030  0.046  0.005
  0.305  0.474  0.503  0.407  0.213  0.014 -0.023 -0.151 -0.044  0.034  0.168  0.276  0.462  0.684  1.000  0.698  0.489  0.269  0.043 -0.012  0.053 -0.108 -0.111 -0.075 -0.030  0.030  0.040  0.074  0.022  0.000  0.040  0.029  0.052  0.105  0.086  0.058 -0.057 -0.103 -0.069 -0.124 -0.117 -0.128 -0.133 -0.202 -0.238 -0.158 -0.146 -0.120 -0.160 -0.245 -0.272 -0.188 -0.213 -0.295 -0.207 -0.151 -0.160 -0.282 -0.281 -0.209 -0.122 -0.005  0.173  0.244  0.051  0.012 -0.099 -0.191 -0.124 -0.119 -0.170 -0.102 -0.123 -0.130 -0.003 -0.027
  0.605  0.608  0.417  0.299  0.018 -0.135 -0.153 -0.193 -0.045 -0.009  0.058  0.152  0.290  0.534  0.698  1.000  0.766  0.506  0.244  0.152  0.227 -0.015 -0.092 -0.078  0.017 -0.006 -0.067 -0.022 -0.061 -0.157 -0.144 -0.112 -0.071 -0.052 -0.082 -0.102 -0.203 -0.275 -0.233 -0.195 -0.250 -0.234 -0.260 -0.327 -0.303 -0.218 -0.258 -0.201 -0.278 -0.301 -0.318 -0.231 -0.235 -0.269 -0.102 -0.016 -0.048 -0.220 -0.254 -0.156 -0.046  0.116  0.343  0.312  0.021 -0.071 -0.228 -0.321 -0.263 -0.202 -0.182 -0.031  0.004  0.065  0.142  0.100
  0.595  0.465  0.378  0.203 -0.070 -0.194 -0.216 -0.246 -0.113 -0.089 -0.038  0.029  0.155  0.368  0.489  0.766  1.000  0.749  0.420  0.323  0.425  0.128 -0.013 -0.015  0.049 -0.042 -0.120 -0.078 -0.124 -0.222 -0.210 -0.183 -0.151 -0.146 -0.166 -0.176 -0.257 -0.319 -0.280 -0.243 -0.320 -0.301 -0.333 -0.366 -0.326 -0.214 -0.247 -0.211 -0.295 -0.300 -0.256 -0.157 -0.106 -0.100  0.089  0.137  0.104 -0.055 -0.135 -0.053  0.024  0.133  0.303  0.221  0.027 -0.086 -0.248 -0.366 -0.322 -0.256 -0.200 -0.051  0.026  0.113  0.196  0.157
  0.580  0.440  0.300  0.102 -0.199 -0.315 -0.328 -0.318 -0.222 -0.220 -0.178 -0.132 -0.022  0.192  0.269  0.506  0.749  1.000  0.675  0.517  0.512  0.160 -0.062 -0.101  0.009 -0.123 -0.264 -0.207 -0.237 -0.339 -0.325 -0.276 -0.245 -0.250 -0.268 -0.281 -0.318 -0.370 -0.321 -0.283 -0.384 -0.357 -0.395 -0.405 -0.343 -0.217 -0.248 -0.261 -0.344 -0.360 -0.304 -0.222 -0.114 -0.040  0.206  0.296  0.318  0.145  0.048  0.151  0.175  0.231  0.347  0.251  0.080 -0.099 -0.260 -0.409 -0.411 -0.322 -0.204 -0.054  0.131  0.211  0.353  0.306
  0.377  0.253  0.162 -0.032 -0.264 -0.343 -0.381 -0.354 -0.293 -0.311 -0.282 -0.252 -0.177 -0.005  0.043  0.244  0.420  0.675  1.000  0.694  0.461  0.118 -0.099 -0.165 -0.098 -0.221 -0.343 -0.297 -0.309 -0.389 -0.361 -0.316 -0.299 -0.297 -0.297 -0.297 -0.273 -0.338 -0.282 -0.235 -0.364 -0.333 -0.411 -0.398 -0.321 -0.189 -0.220 -0.286 -0.331 -0.328 -0.270 -0.235 -0.082  0.057  0.371  0.530  0.572  0.369  0.255  0.361  0.338  0.287  0.280  0.188  0.147 -0.060 -0.228 -0.392 -0.425 -0.313 -0.171 -0.034  0.169  0.291  0.427  0.355
  0.227  0.111  0.030 -0.140 -0.246 -0.308 -0.308 -0.301 -0.260 -0.271 -0.261 -0.272 -0.193 -0.098 -0.012  0.152  0.323  0.517  0.694  1.000  0.720  0.367  0.103  0.002  0.042 -0.094 -0.224 -0.191 -0.234 -0.319 -0.306 -0.288 -0.276 -0.283 -0.277 -0.270 -0.260 -0.324 -0.251 -0.241 -0.329 -0.291 -0.337 -0.331 -0.265 -0.159 -0.188 -0.244 -0.285 -0.249 -0.132 -0.058  0.113  0.268  0.542  0.526  0.584  0.442  0.271  0.332  0.264  0.171  0.130  0.027  0.021 -0.147 -0.195 -0.317 -0.318 -0.249 -0.132 -0.070  0.144  0.155  0.309  0.274
  0.178  0.056 -0.027 -0.159 -0.189 -0.220 -0.177 -0.159 -0.128 -0.123 -0.131 -0.157 -0.076 -0.032  0.053  0.227  0.425  0.512  0.461  0.720  1.000  0.701  0.394  0.301  0.358  0.165  0.008  0.030 -0.061 -0.183 -0.197 -0.205 -0.198 -0.210 -0.204 -0.200 -0.221 -0.257 -0.208 -0.200 -0.239 -0.233 -0.238 -0.259 -0.230 -0.151 -0.178 -0.178 -0.193 -0.122  0.023  0.174  0.293  0.390  0.560  0.420  0.355  0.252  0.063  0.074  0.047 -0.002  0.012 -0.079 -0.139 -0.226 -0.221 -0.253 -0.204 -0.172 -0.110 -0.084  0.026 -0.000  0.077  0.065
 -0.100 -0.207 -0.255 -0.295 -0.151 -0.108 -0.002  0.049 -0.002 -0.008 -0.061 -0.136 -0.106 -0.178 -0.108 -0.015  0.128  0.160  0.118  0.367  0.701  1.000  0.739  0.610  0.618  0.440  0.267  0.234  0.123  0.012 -0.040 -0.088 -0.102 -0.125 -0.110 -0.105 -0.113 -0.074 -0.072 -0.064 -0.035 -0.061 -0.006 -0.040 -0.060 -0.062 -0.055 -0.021  0.037  0.178  0.353  0.527  0.580  0.624  0.554  0.292  0.170  0.210  0.035 -0.062 -0.103 -0.174 -0.224 -0.289 -0.292 -0.271 -0.141 -0.055  0.016 -0.006  0.017 -0.066 -0.045 -0.179 -0.212 -0.167
 -0.244 -0.315 -0.317 -0.288 -0.071 -0.000  0.099  0.125  0.081  0.085  0.042 -0.029 -0.032 -0.142 -0.111 -0.092 -0.013 -0.062 -0.099  0.103  0.394  0.739  1.000  0.796  0.640  0.558  0.500  0.406  0.249  0.163  0.116  0.031 -0.004 -0.019  0.006  0.018  0.027  0.101  0.060  0.034  0.110  0.061  0.140  0.085  0.024 -0.014  0.021  0.084  0.208  0.362  0.513  0.677  0.574  0.530  0.349  0.119 -0.043  0.056 -0.033 -0.168 -0.200 -0.274 -0.344 -0.373 -0.340 -0.245 -0.098  0.063  0.135  0.086  0.053 -0.080 -0.168 -0.290 -0.371 -0.317
 -0.287 -0.347 -0.328 -0.231  0.030  0.107  0.179  0.208  0.153  0.163  0.124  0.067  0.059 -0.066 -0.075 -0.078 -0.015 -0.101 -0.165  0.002  0.301  0.610  0.796  1.000  0.780  0.559  0.616  0.556  0.354  0.277  0.239  0.136  0.095  0.082  0.114  0.121  0.102  0.162  0.107  0.087  0.196  0.116  0.170  0.135  0.064  0.032  0.055  0.134  0.233  0.358  0.509  0.706  0.582  0.425  0.235  0.001 -0.178 -0.081 -0.145 -0.284 -0.286 -0.335 -0.383 -0.399 -0.364 -0.205 -0.046  0.131  0.217  0.150  0.067 -0.087 -0.288 -0.351 -0.496 -0.437
 -0.162 -0.212 -0.286 -0.196 -0.007  0.052  0.143  0.214  0.138  0.138  0.086  0.041  0.058 -0.039 -0.030  0.017  0.049  0.009 -0.098  0.042  0.358  0.618  0.640  0.780  1.000  0.746  0.569  0.589  0.472  0.295  0.208  0.163  0.124  0.079  0.087  0.068  0.002  0.055  0.024  0.044  0.136  0.068  0.114  0.053 -0.015 -0.041 -0.045  0.013  0.094  0.198  0.306  0.510  0.418  0.292  0.171 -0.015 -0.172 -0.142 -0.219 -0.309 -0.294 -0.301 -0.283 -0.295 -0.352 -0.224 -0.098  0.052  0.147  0.092  0.045 -0.048 -0.190 -0.267 -0.405 -0.347
 -0.205 -0.198 -0.262 -0.177  0.005  0.035  0.135  0.183  0.128  0.123  0.072  0.033  0.050 -0.046  0.030 -0.006 -0.042 -0.123 -0.221 -0.094  0.165  0.440  0.558  0.559  0.746  1.000  0.728  0.601  0.589  0.467  0.313  0.268  0.244  0.197  0.182  0.163  0.042  0.096  0.078  0.063  0.178  0.110  0.168  0.087 -0.002 -0.049 -0.041 -0.002  0.090  0.155  0.207  0.371  0.279  0.152  0.001 -0.134 -0.242 -0.203 -0.252 -0.320 -0.317 -0.318 -0.297 -0.274 -0.331 -0.202 -0.084  0.059  0.146  0.084  0.027 -0.049 -0.165 -0.289 -0.366 -0.319
 -0.346 -0.310 -0.299 -0.168  0.098  0.152  0.245  0.262  0.206  0.207  0.149  0.101  0.094 -0.033  0.040 -0.067 -0.120 -0.264 -0.343 -0.224  0.008  0.267  0.500  0.616  0.569  0.728  1.000  0.811  0.599  0.625  0.579  0.410  0.354  0.386  0.412  0.424  0.318  0.353  0.305  0.216  0.376  0.248  0.289  0.220  0.086  0.026  0.060  0.102  0.236  0.262  0.314  0.450  0.314  0.129 -0.070 -0.231 -0.353 -0.263 -0.280 -0.394 -0.391 -0.401 -0.405 -0.361 -0.361 -0.157  0.003  0.206  0.299  0.222  0.086 -0.082 -0.369 -0.462 -0.603 -0.546
 -0.286 -0.246 -0.249 -0.134  0.116  0.137  0.227  0.218  0.157  0.175  0.146  0.107  0.135  0.007  0.074 -0.022 -0.078 -0.207 -0.297 -0.191  0.030  0.234  0.406  0.556  0.589  0.601  0.811  1.000  0.758  0.632  0.660  0.571  0.461  0.437  0.471  0.430  0.288  0.279  0.226  0.181  0.331  0.212  0.226  0.151  0.015 -0.027 -0.009  0.036  0.156  0.199  0.262  0.382  0.266  0.097 -0.068 -0.221 -0.331 -0.264 -0.291 -0.392 -0.380 -0.386 -0.369 -0.332 -0.356 -0.170 -0.016  0.155  0.265  0.195  0.075 -0.062 -0.353 -0.430 -0.592 -0.534
 -0.256 -0.205 -0.237 -0.129  0.102  0.109  0.159  0.159  0.109  0.116  0.103  0.084  0.100 -0.031  0.022 -0.061 -0.124 -0.237 -0.309 -0.234 -0.061  0.123  0.249  0.354  0.472  0.589  0.599  0.758  1.000  0.794  0.621  0.700  0.651  0.522  0.474  0.384  0.185  0.161  0.099  0.120  0.256  0.168  0.178  0.082 -0.044 -0.093 -0.094 -0.054  0.055  0.105  0.143  0.239  0.148  0.002 -0.148 -0.261 -0.336 -0.281 -0.299 -0.365 -0.365 -0.384 -0.334 -0.289 -0.322 -0.158 -0.021  0.103  0.186  0.114  0.032 -0.014 -0.223 -0.309 -0.445 -0.381
 -0.356 -0.290 -0.254 -0.145  0.125  0.165  0.211  0.209  0.163  0.160  0.130  0.091  0.073 -0.080  0.000 -0.157 -0.222 -0.339 -0.389 -0.319 -0.183  0.012  0.163  0.277  0.295  0.467  0.625  0.632  0.794  1.000  0.822  0.737  0.739  0.707  0.653  0.610  0.383  0.333  0.284  0.227  0.383  0.248  0.232  0.153  0.004 -0.049 -0.029 -0.002  0.137  0.125  0.148  0.214  0.119 -0.037 -0.217 -0.328 -0.380 -0.292 -0.285 -0.366 -0.385 -0.414 -0.391 -0.332 -0.297 -0.118  0.027  0.188  0.260  0.189  0.053 -0.048 -0.335 -0.395 -0.541 -0.475
 -0.346 -0.272 -0.211 -0.122  0.126  0.162  0.219  0.196  0.154  0.163  0.139  0.093  0.090 -0.048  0.040 -0.144 -0.210 -0.325 -0.361 -0.306 -0.197 -0.040  0.116  0.239  0.208  0.313  0.579  0.660  0.621  0.822  1.000  0.824  0.706  0.747  0.778  0.729  0.543  0.453  0.403  0.278  0.423  0.277  0.230  0.159  0.003 -0.024  0.010  0.027  0.167  0.134  0.148  0.192  0.088 -0.051 -0.210 -0.301 -0.341 -0.257 -0.241 -0.321 -0.336 -0.368 -0.369 -0.311 -0.266 -0.101  0.020  0.184  0.273  0.223  0.064 -0.081 -0.435 -0.454 -0.608 -0.558
 -0.266 -0.195 -0.174 -0.096  0.106  0.109  0.152  0.130  0.099  0.112  0.123  0.085  0.104 -0.033  0.029 -0.112 -0.183 -0.276 -0.316 -0.288 -0.205 -0.088  0.031  0.136  0.163  0.268  0.410  0.571  0.700  0.737  0.824  1.000  0.861  0.737  0.717  0.568  0.330  0.257  0.177  0.140  0.286  0.186  0.153  0.077 -0.048 -0.067 -0.062 -0.043  0.059  0.064  0.067  0.096  0.007 -0.109 -0.230 -0.289 -0.315 -0.254 -0.237 -0.295 -0.304 -0.327 -0.297 -0.249 -0.233 -0.108 -0.006  0.103  0.173  0.117  0.006 -0.042 -0.300 -0.312 -0.448 -0.409
 -0.222 -0.157 -0.140 -0.068  0.113  0.112  0.136  0.107  0.088  0.102  0.124  0.098  0.107 -0.017  0.052 -0.071 -0.151 -0.245 -0.299 -0.276 -0.198 -0.102 -0.004  0.095  0.124  0.244  0.354  0.461  0.651  0.739  0.706  0.861  1.000  0.847  0.711  0.579  0.257  0.174  0.105  0.094  0.245  0.147  0.116  0.040 -0.077 -0.108 -0.111 -0.082  0.034  0.030  0.031  0.066 -0.017 -0.128 -0.240 -0.301 -0.321 -0.260 -0.253 -0.301 -0.312 -0.316 -0.268 -0.220 -0.210 -0.095 -0.004  0.082  0.140  0.086 -0.022 -0.044 -0.259 -0.274 -0.389 -0.355
 -0.224 -0.132 -0.106 -0.053  0.100  0.116  0.141  0.103  0.097  0.107  0.116  0.099  0.096  0.005  0.105 -0.052 -0.146 -0.250 -0.297 -0.283 -0.210 -0.125 -0.019  0.082  0.079  0.197  0.386  0.437  0.522  0.707  0.747  0.737  0.847  1.000  0.890  0.799  0.473  0.335  0.293  0.210  0.330  0.191  0.144  0.074 -0.067 -0.089 -0.076 -0.067  0.076  0.028  0.025  0.060 -0.037 -0.158 -0.258 -0.307 -0.321 -0.276 -0.262 -0.297 -0.305 -0.311 -0.259 -0.190 -0.188 -0.070 -0.003  0.107  0.162  0.147  0.002 -0.073 -0.373 -0.373 -0.481 -0.437
 -0.249 -0.166 -0.134 -0.088  0.089  0.107  0.153  0.122  0.105  0.112  0.098  0.069  0.074 -0.014  0.086 -0.082 -0.166 -0.268 -0.297 -0.277 -0.204 -0.110  0.006  0.114  0.087  0.182  0.412  0.471  0.474  0.653  0.778  0.717  0.711  0.890  1.000  0.892  0.616  0.444  0.410  0.284  0.387  0.238  0.174  0.106 -0.045 -0.052 -0.029 -0.028  0.118  0.054  0.058  0.096 -0.008 -0.134 -0.236 -0.287 -0.304 -0.256 -0.243 -0.283 -0.294 -0.306 -0.275 -0.217 -0.204 -0.084 -0.002  0.135  0.201  0.210  0.056 -0.061 -0.429 -0.432 -0.544 -0.498
 -0.262 -0.190 -0.150 -0.116  0.064  0.109  0.152  0.130  0.115  0.104  0.059  0.035  0.022 -0.050  0.058 -0.102 -0.176 -0.281 -0.297 -0.270 -0.200 -0.105  0.018  0.121  0.068  0.163  0.424  0.430  0.384  0.610  0.729  0.568  0.579  0.799  0.892  1.000  0.761  0.542  0.521  0.390  0.461  0.286  0.206  0.141 -0.013 -0.033 -0.001  0.000  0.159  0.081  0.080  0.109  0.009 -0.114 -0.215 -0.274 -0.291 -0.236 -0.221 -0.268 -0.288 -0.302 -0.284 -0.235 -0.209 -0.079  0.009  0.165  0.232  0.273  0.117 -0.035 -0.422 -0.441 -0.573 -0.522
 -0.286 -0.231 -0.183 -0.140  0.029  0.105  0.140  0.152  0.114  0.097  0.034  0.004 -0.044 -0.111 -0.057 -0.203 -0.257 -0.318 -0.273 -0.260 -0.221 -0.113  0.027  0.102  0.002  0.042  0.318  0.288  0.185  0.383  0.543  0.330  0.257  0.473  0.616  0.761  1.000  0.799  0.683  0.500  0.496  0.363  0.275  0.196  0.060  0.038  0.080  0.064  0.214  0.132  0.121  0.117  0.027 -0.051 -0.149 -0.195 -0.209 -0.146 -0.113 -0.168 -0.203 -0.247 -0.267 -0.220 -0.161 -0.032  0.057  0.220  0.257  0.299  0.171 -0.007 -0.350 -0.424 -0.549 -0.475
 -0.372 -0.329 -0.234 -0.142  0.054  0.174  0.234  0.248  0.172  0.167  0.142  0.076  0.003 -0.107 -0.103 -0.275 -0.319 -0.370 -0.338 -0.324 -0.257 -0.074  0.101  0.162  0.055  0.096  0.353  0.279  0.161  0.333  0.453  0.257  0.174  0.335  0.444  0.542  0.799  1.000  0.783  0.480  0.558  0.428  0.385  0.297  0.149  0.090  0.156  0.153  0.301  0.227  0.198  0.188  0.075 -0.003 -0.166 -0.233 -0.256 -0.160 -0.109 -0.197 -0.244 -0.294 -0.349 -0.286 -0.198 -0.036  0.066  0.292  0.338  0.326  0.192 -0.050 -0.324 -0.448 -0.567 -0.479
 -0.317 -0.263 -0.208 -0.119  0.053  0.166  0.200  0.203  0.148  0.140  0.100  0.049 -0.018 -0.114 -0.069 -0.233 -0.280 -0.321 -0.282 -0.251 -0.208 -0.072  0.060  0.107  0.024  0.078  0.305  0.226  0.099  0.284  0.403  0.177  0.105  0.293  0.410  0.521  0.683  0.783  1.000  0.608  0.630  0.506  0.372  0.278  0.101  0.045  0.143  0.128  0.264  0.170  0.130  0.121  0.050 -0.008 -0.140 -0.194 -0.198 -0.119 -0.080 -0.146 -0.201 -0.261 -0.303 -0.233 -0.182 -0.033  0.057  0.272  0.340  0.393  0.295  0.024 -0.258 -0.414 -0.546 -0.498
 -0.253 -0.217 -0.223 -0.136  0.033  0.116  0.142  0.130  0.073  0.048  0.008  0.000 -0.066 -0.161 -0.124 -0.195 -0.243 -0.283 -0.235 -0.241 -0.200 -0.064  0.034  0.087  0.044  0.063  0.216  0.181  0.120  0.227  0.278  0.140  0.094  0.210  0.284  0.390  0.500  0.480  0.608  1.000  0.767  0.586  0.372  0.235  0.074 -0.018  0.049  0.065  0.191  0.162  0.106  0.090  0.030 -0.026 -0.143 -0.182 -0.198 -0.122 -0.078 -0.144 -0.173 -0.237 -0.258 -0.214 -0.180 -0.061  0.064  0.221  0.349  0.473  0.564  0.515  0.051 -0.148 -0.483 -0.535
 -0.394 -0.340 -0.304 -0.159  0.127  0.241  0.316  0.283  0.180  0.175  0.132  0.073  0.010 -0.154 -0.117 -0.250 -0.320 -0.384 -0.364 -0.329 -0.239 -0.035  0.110  0.196  0.136  0.178  0.376  0.331  0.256  0.383  0.423  0.286  0.245  0.330  0.387  0.461  0.496  0.558  0.630  0.767  1.000  0.810  0.581  0.392  0.132 -0.012  0.090  0.119  0.310  0.274  0.207  0.199  0.094 -0.000 -0.188 -0.281 -0.315 -0.198 -0.152 -0.261 -0.308 -0.382 -0.404 -0.333 -0.280 -0.088  0.108  0.386  0.562  0.626  0.569  0.358 -0.139 -0.325 -0.626 -0.652
 -0.353 -0.309 -0.284 -0.138  0.150  0.249  0.333  0.282  0.205  0.213  0.173  0.099  0.050 -0.126 -0.128 -0.234 -0.301 -0.357 -0.333 -0.291 -0.233 -0.061  0.061  0.116  0.068  0.110  0.248  0.212  0.168  0.248  0.277  0.186  0.147  0.191  0.238  0.286  0.363  0.428  0.506  0.586  0.810  1.000  0.740  0.485  0.191 -0.014  0.080  0.123  0.306  0.294  0.202  0.152  0.069  0.008 -0.156 -0.244 -0.254 -0.147 -0.107 -0.209 -0.270 -0.346 -0.380 -0.317 -0.282 -0.090  0.126  0.414  0.615  0.692  0.546  0.358 -0.108 -0.293 -0.524 -0.569
 -0.398 -0.338 -0.301 -0.134  0.181  0.274  0.367  0.337  0.231  0.236  0.189  0.115  0.064 -0.123 -0.133 -0.260 -0.333 -0.395 -0.411 -0.337 -0.238 -0.006  0.140  0.170  0.114  0.168  0.289  0.226  0.178  0.232  0.230  0.153  0.116  0.144  0.174  0.206  0.275  0.385  0.372  0.372  0.581  0.740  1.000  0.746  0.402  0.080  0.176  0.220  0.450  0.441  0.334  0.256  0.145  0.067 -0.160 -0.291 -0.316 -0.178 -0.138 -0.268 -0.322 -0.378 -0.405 -0.337 -0.292 -0.057  0.224  0.543  0.618  0.528  0.326  0.136 -0.160 -0.339 -0.508 -0.495
 -0.402 -0.352 -0.288 -0.144  0.139  0.243  0.316  0.302  0.177  0.171  0.117  0.046 -0.023 -0.192 -0.202 -0.327 -0.366 -0.405 -0.398 -0.331 -0.259 -0.040  0.085  0.135  0.053  0.087  0.220  0.151  0.082  0.153  0.159  0.077  0.040  0.074  0.106  0.141  0.196  0.297  0.278  0.235  0.392  0.485  0.746  1.000  0.692  0.312  0.424  0.438  0.538  0.414  0.313  0.237  0.147  0.060 -0.172 -0.294 -0.314 -0.185 -0.141 -0.255 -0.283 -0.310 -0.354 -0.289 -0.217 -0.003  0.280  0.579  0.530  0.410  0.214  0.020 -0.163 -0.284 -0.407 -0.384
 -0.303 -0.286 -0.243 -0.159  0.045  0.120  0.169  0.193  0.095  0.086  0.035 -0.013 -0.059 -0.186 -0.238 -0.303 -0.326 -0.343 -0.321 -0.265 -0.230 -0.060  0.024  0.064 -0.015 -0.002  0.086  0.015 -0.044  0.004  0.003 -0.048 -0.077 -0.067 -0.045 -0.013  0.060  0.149  0.101  0.074  0.132  0.191  0.402  0.692  1.000  0.625  0.486  0.465  0.365  0.341  0.259  0.163  0.081  0.028 -0.147 -0.235 -0.263 -0.168 -0.120 -0.198 -0.189 -0.162 -0.229 -0.207 -0.129  0.040  0.235  0.375  0.285  0.146  0.031 -0.072 -0.083 -0.144 -0.165 -0.133
 -0.205 -0.207 -0.164 -0.150 -0.047 -0.002  0.041  0.063  0.020  0.021 -0.008 -0.051 -0.068 -0.139 -0.158 -0.218 -0.214 -0.217 -0.189 -0.159 -0.151 -0.062 -0.014  0.032 -0.041 -0.049  0.026 -0.027 -0.093 -0.049 -0.024 -0.067 -0.108 -0.089 -0.052 -0.033  0.038  0.090  0.045 -0.018 -0.012 -0.014  0.080  0.312  0.625  1.000  0.696  0.465  0.223  0.138  0.127  0.090  0.051 -0.005 -0.098 -0.151 -0.164 -0.127 -0.113 -0.139 -0.128 -0.089 -0.142 -0.147 -0.122 -0.063  0.050  0.138  0.076 -0.027 -0.071 -0.152 -0.113 -0.104 -0.038 -0.010
 -0.273 -0.258 -0.187 -0.170 -0.037  0.012  0.054  0.057  0.008  0.012 -0.000 -0.055 -0.081 -0.157 -0.146 -0.258 -0.247 -0.248 -0.220 -0.188 -0.178 -0.055  0.021  0.055 -0.045 -0.041  0.060 -0.009 -0.094 -0.029  0.010 -0.062 -0.111 -0.076 -0.029 -0.001  0.080  0.156  0.143  0.049  0.090  0.080  0.176  0.424  0.486  0.696  1.000  0.688  0.421  0.180  0.129  0.130  0.097  0.040 -0.090 -0.155 -0.161 -0.098 -0.079 -0.119 -0.135 -0.120 -0.190 -0.176 -0.146 -0.107  0.022  0.170  0.143  0.059  0.006 -0.128 -0.121 -0.143 -0.128 -0.097
 -0.275 -0.273 -0.200 -0.140  0.006  0.057  0.107  0.087  0.087  0.109  0.118  0.062  0.023 -0.077 -0.120 -0.201 -0.211 -0.261 -0.286 -0.244 -0.178 -0.021  0.084  0.134  0.013 -0.002  0.102  0.036 -0.054 -0.002  0.027 -0.043 -0.082 -0.067 -0.028  0.000  0.064  0.153  0.128  0.065  0.119  0.123  0.220  0.438  0.465  0.465  0.688  1.000  0.668  0.382  0.217  0.217  0.124  0.044 -0.120 -0.211 -0.252 -0.167 -0.125 -0.195 -0.206 -0.186 -0.255 -0.240 -0.216 -0.119 -0.018  0.127  0.162  0.097  0.021 -0.088 -0.111 -0.156 -0.185 -0.180
 -0.379 -0.358 -0.256 -0.160  0.065  0.148  0.215  0.190  0.136  0.148  0.130  0.067 -0.006 -0.139 -0.160 -0.278 -0.295 -0.344 -0.331 -0.285 -0.193  0.037  0.208  0.233  0.094  0.090  0.236  0.156  0.055  0.137  0.167  0.059  0.034  0.076  0.118  0.159  0.214  0.301  0.264  0.191  0.310  0.306  0.450  0.538  0.365  0.223  0.421  0.668  1.000  0.669  0.426  0.356  0.209  0.149 -0.082 -0.193 -0.258 -0.113 -0.048 -0.180 -0.225 -0.291 -0.364 -0.325 -0.253 -0.089  0.074  0.285  0.321  0.263  0.129 -0.059 -0.226 -0.273 -0.397 -0.373
 -0.399 -0.405 -0.320 -0.219  0.041  0.149  0.216  0.232  0.152  0.154  0.112  0.033 -0.042 -0.208 -0.245 -0.301 -0.300 -0.360 -0.328 -0.249 -0.122  0.178  0.362  0.358  0.198  0.155  0.262  0.199  0.105  0.125  0.134  0.064  0.030  0.028  0.054  0.081  0.132  0.227  0.170  0.162  0.274  0.294  0.441  0.414  0.341  0.138  0.180  0.382  0.669  1.000  0.760  0.558  0.340  0.311  0.038 -0.115 -0.213 -0.021  0.045 -0.145 -0.196 -0.296 -0.404 -0.388 -0.279 -0.075  0.097  0.274  0.310  0.242  0.134 -0.024 -0.154 -0.240 -0.398 -0.357
 -0.412 -0.452 -0.346 -0.263  0.044  0.155  0.227  0.237  0.136  0.135  0.076 -0.012 -0.070 -0.253 -0.272 -0.318 -0.256 -0.304 -0.270 -0.132  0.023  0.353  0.513  0.509  0.306  0.207  0.314  0.262  0.143  0.148  0.148  0.067  0.031  0.025  0.058  0.080  0.121  0.198  0.130  0.106  0.207  0.202  0.334  0.313  0.259  0.127  0.129  0.217  0.426  0.760  1.000  0.787  0.599  0.548  0.233  0.010 -0.106  0.123  0.131 -0.089 -0.158 -0.293 -0.436 -0.448 -0.289 -0.095  0.119  0.286  0.304  0.212  0.121 -0.075 -0.187 -0.297 -0.450 -0.384
 -0.385 -0.432 -0.358 -0.276  0.028  0.131  0.218  0.232  0.146  0.150  0.100  0.015 -0.020 -0.194 -0.188 -0.231 -0.157 -0.222 -0.235 -0.058  0.174  0.527  0.677  0.706  0.510  0.371  0.450  0.382  0.239  0.214  0.192  0.096  0.066  0.060  0.096  0.109  0.117  0.188  0.121  0.090  0.199  0.152  0.256  0.237  0.163  0.090  0.130  0.217  0.356  0.558  0.787  1.000  0.755  0.598  0.291  0.018 -0.138  0.056 -0.008 -0.213 -0.253 -0.338 -0.448 -0.455 -0.343 -0.167  0.038  0.222  0.275  0.186  0.102 -0.089 -0.236 -0.362 -0.503 -0.428
 -0.321 -0.391 -0.320 -0.307 -0.044  0.026  0.113  0.132  0.044  0.039 -0.015 -0.099 -0.118 -0.259 -0.213 -0.235 -0.106 -0.114 -0.082  0.113  0.293  0.580  0.574  0.582  0.418  0.279  0.314  0.266  0.148  0.119  0.088  0.007 -0.017 -0.037 -0.008  0.009  0.027  0.075  0.050  0.030  0.094  0.069  0.145  0.147  0.081  0.051  0.097  0.124  0.209  0.340  0.599  0.755  1.000  0.780  0.490  0.205  0.090  0.257  0.123 -0.057 -0.117 -0.232 -0.363 -0.398 -0.279 -0.191  0.013  0.131  0.181  0.113  0.088 -0.085 -0.135 -0.275 -0.366 -0.297
 -0.268 -0.366 -0.305 -0.348 -0.145 -0.078  0.005  0.038 -0.047 -0.059 -0.115 -0.209 -0.219 -0.342 -0.295 -0.269 -0.100 -0.040  0.057  0.268  0.390  0.624  0.530  0.425  0.292  0.152  0.129  0.097  0.002 -0.037 -0.051 -0.109 -0.128 -0.158 -0.134 -0.114 -0.051 -0.003 -0.008 -0.026 -0.000  0.008  0.067  0.060  0.028 -0.005  0.040  0.044  0.149  0.311  0.548  0.598  0.780  1.000  0.733  0.423  0.313  0.492  0.314  0.128  0.029 -0.136 -0.292 -0.352 -0.224 -0.208 -0.031  0.042  0.077  0.039  0.069 -0.071  0.005 -0.151 -0.207 -0.157
 -0.062 -0.176 -0.169 -0.294 -0.235 -0.220 -0.178 -0.144 -0.165 -0.179 -0.209 -0.269 -0.236 -0.269 -0.207 -0.102  0.089  0.206  0.371  0.542  0.560  0.554  0.349  0.235  0.171  0.001 -0.070 -0.068 -0.148 -0.217 -0.210 -0.230 -0.240 -0.258 -0.236 -0.215 -0.149 -0.166 -0.140 -0.143 -0.188 -0.156 -0.160 -0.172 -0.147 -0.098 -0.090 -0.120 -0.082  0.038  0.233  0.291  0.490  0.733  1.000  0.742  0.606  0.641  0.421  0.330  0.233  0.048 -0.089 -0.186 -0.095 -0.200 -0.149 -0.173 -0.149 -0.124 -0.040 -0.083  0.056  0.002  0.052  0.065
  0.092  0.005 -0.020 -0.195 -0.292 -0.306 -0.322 -0.267 -0.246 -0.264 -0.267 -0.281 -0.242 -0.189 -0.151 -0.016  0.137  0.296  0.530  0.526  0.420  0.292  0.119  0.001 -0.015 -0.134 -0.231 -0.221 -0.261 -0.328 -0.301 -0.289 -0.301 -0.307 -0.287 -0.274 -0.195 -0.233 -0.194 -0.182 -0.281 -0.244 -0.291 -0.294 -0.235 -0.151 -0.155 -0.211 -0.193 -0.115  0.010  0.018  0.205  0.423  0.742  1.000  0.779  0.641  0.554  0.551  0.508  0.251  0.117  0.002  0.056 -0.137 -0.211 -0.302 -0.320 -0.245 -0.118 -0.072  0.105  0.162  0.250  0.222
  0.130  0.042  0.023 -0.180 -0.322 -0.361 -0.363 -0.329 -0.305 -0.331 -0.336 -0.356 -0.307 -0.227 -0.160 -0.048  0.104  0.318  0.572  0.584  0.355  0.170 -0.043 -0.178 -0.172 -0.242 -0.353 -0.331 -0.336 -0.380 -0.341 -0.315 -0.321 -0.321 -0.304 -0.291 -0.209 -0.256 -0.198 -0.198 -0.315 -0.254 -0.316 -0.314 -0.263 -0.164 -0.161 -0.252 -0.258 -0.213 -0.106 -0.138  0.090  0.313  0.606  0.779  1.000  0.811  0.628  0.683  0.524  0.309  0.177  0.068  0.135 -0.093 -0.179 -0.316 -0.348 -0.260 -0.102 -0.049  0.194  0.210  0.366  0.334
 -0.039 -0.132 -0.082 -0.240 -0.280 -0.278 -0.254 -0.230 -0.250 -0.280 -0.303 -0.355 -0.342 -0.334 -0.282 -0.220 -0.055  0.145  0.369  0.442  0.252  0.210  0.056 -0.081 -0.142 -0.203 -0.263 -0.264 -0.281 -0.292 -0.257 -0.254 -0.260 -0.276 -0.256 -0.236 -0.146 -0.160 -0.119 -0.122 -0.198 -0.147 -0.178 -0.185 -0.168 -0.127 -0.098 -0.167 -0.113 -0.021  0.123  0.056  0.257  0.492  0.641  0.641  0.811  1.000  0.797  0.667  0.443  0.216  0.038 -0.063  0.072 -0.099 -0.100 -0.191 -0.204 -0.149 -0.015 -0.040  0.163  0.123  0.209  0.203
 -0.051 -0.097 -0.031 -0.168 -0.249 -0.238 -0.242 -0.218 -0.224 -0.253 -0.260 -0.294 -0.311 -0.289 -0.281 -0.254 -0.135  0.048  0.255  0.271  0.063  0.035 -0.033 -0.145 -0.219 -0.252 -0.280 -0.291 -0.299 -0.285 -0.241 -0.237 -0.253 -0.262 -0.243 -0.221 -0.113 -0.109 -0.080 -0.078 -0.152 -0.107 -0.138 -0.141 -0.120 -0.113 -0.079 -0.125 -0.048  0.045  0.131 -0.008  0.123  0.314  0.421  0.554  0.628  0.797  1.000  0.774  0.604  0.304  0.111  0.005  0.139 -0.032 -0.074 -0.162 -0.196 -0.129 -0.009 -0.025  0.142  0.149  0.202  0.185
  0.093  0.053  0.072 -0.105 -0.285 -0.313 -0.360 -0.325 -0.292 -0.323 -0.314 -0.312 -0.307 -0.218 -0.209 -0.156 -0.053  0.151  0.361  0.332  0.074 -0.062 -0.168 -0.284 -0.309 -0.320 -0.394 -0.392 -0.365 -0.366 -0.321 -0.295 -0.301 -0.297 -0.283 -0.268 -0.168 -0.197 -0.146 -0.144 -0.261 -0.209 -0.268 -0.255 -0.198 -0.139 -0.119 -0.195 -0.180 -0.145 -0.089 -0.213 -0.057  0.128  0.330  0.551  0.683  0.667  0.774  1.000  0.767  0.453  0.272  0.152  0.244  0.013 -0.118 -0.271 -0.332 -0.248 -0.100 -0.034  0.193  0.273  0.382  0.341
  0.203  0.189  0.185 -0.032 -0.281 -0.339 -0.405 -0.359 -0.313 -0.348 -0.341 -0.301 -0.285 -0.140 -0.122 -0.046  0.024  0.175  0.338  0.264  0.047 -0.103 -0.200 -0.286 -0.294 -0.317 -0.391 -0.380 -0.365 -0.385 -0.336 -0.304 -0.312 -0.305 -0.294 -0.288 -0.203 -0.244 -0.201 -0.173 -0.308 -0.270 -0.322 -0.283 -0.189 -0.128 -0.135 -0.206 -0.225 -0.196 -0.158 -0.253 -0.117  0.029  0.233  0.508  0.524  0.443  0.604  0.767  1.000  0.708  0.471  0.300  0.378  0.075 -0.098 -0.284 -0.381 -0.289 -0.143 -0.036  0.192  0.298  0.416  0.370
  0.393  0.354  0.292  0.047 -0.285 -0.378 -0.402 -0.341 -0.303 -0.346 -0.366 -0.303 -0.260 -0.042 -0.005  0.116  0.133  0.231  0.287  0.171 -0.002 -0.174 -0.274 -0.335 -0.301 -0.318 -0.401 -0.386 -0.384 -0.414 -0.368 -0.327 -0.316 -0.311 -0.306 -0.302 -0.247 -0.294 -0.261 -0.237 -0.382 -0.346 -0.378 -0.310 -0.162 -0.089 -0.120 -0.186 -0.291 -0.296 -0.293 -0.338 -0.232 -0.136  0.048  0.251  0.309  0.216  0.304  0.453  0.708  1.000  0.720  0.470  0.474  0.127 -0.099 -0.315 -0.420 -0.334 -0.198 -0.055  0.213  0.306  0.501  0.478
  0.594  0.599  0.444  0.202 -0.240 -0.372 -0.412 -0.346 -0.293 -0.336 -0.343 -0.247 -0.175  0.106  0.173  0.343  0.303  0.347  0.280  0.130  0.012 -0.224 -0.344 -0.383 -0.283 -0.297 -0.405 -0.369 -0.334 -0.391 -0.369 -0.297 -0.268 -0.259 -0.275 -0.284 -0.267 -0.349 -0.303 -0.258 -0.404 -0.380 -0.405 -0.354 -0.229 -0.142 -0.190 -0.255 -0.364 -0.404 -0.436 -0.448 -0.363 -0.292 -0.089  0.117  0.177  0.038  0.111  0.272  0.471  0.720  1.000  0.779  0.547  0.205 -0.092 -0.321 -0.452 -0.353 -0.221 -0.020  0.233  0.333  0.518  0.474
  0.494  0.621  0.491  0.365 -0.115 -0.256 -0.348 -0.312 -0.278 -0.304 -0.271 -0.141 -0.091  0.196  0.244  0.312  0.221  0.251  0.188  0.027 -0.079 -0.289 -0.373 -0.399 -0.295 -0.274 -0.361 -0.332 -0.289 -0.332 -0.311 -0.249 -0.220 -0.190 -0.217 -0.235 -0.220 -0.286 -0.233 -0.214 -0.333 -0.317 -0.337 -0.289 -0.207 -0.147 -0.176 -0.240 -0.325 -0.388 -0.448 -0.455 -0.398 -0.352 -0.186  0.002  0.068 -0.063  0.005  0.152  0.300  0.470  0.779  1.000  0.713  0.377  0.030 -0.225 -0.387 -0.299 -0.196 -0.017  0.203  0.279  0.458  0.423
  0.243  0.312  0.392  0.359 -0.003 -0.116 -0.273 -0.272 -0.298 -0.325 -0.272 -0.154 -0.154  0.046  0.051  0.021  0.027  0.080  0.147  0.021 -0.139 -0.292 -0.340 -0.364 -0.352 -0.331 -0.361 -0.356 -0.322 -0.297 -0.266 -0.233 -0.210 -0.188 -0.204 -0.209 -0.161 -0.198 -0.182 -0.180 -0.280 -0.282 -0.292 -0.217 -0.129 -0.122 -0.146 -0.216 -0.253 -0.279 -0.289 -0.343 -0.279 -0.224 -0.095  0.056  0.135  0.072  0.139  0.244  0.378  0.474  0.547  0.713  1.000  0.611  0.262 -0.080 -0.280 -0.244 -0.156 -0.044  0.155  0.240  0.406  0.389
  0.010  0.101  0.238  0.476  0.262  0.233  0.020 -0.001 -0.089 -0.096 -0.055  0.050 -0.013  0.071  0.012 -0.071 -0.086 -0.099 -0.060 -0.147 -0.226 -0.271 -0.245 -0.205 -0.224 -0.202 -0.157 -0.170 -0.158 -0.118 -0.101 -0.108 -0.095 -0.070 -0.084 -0.079 -0.032 -0.036 -0.033 -0.061 -0.088 -0.090 -0.057 -0.003  0.040 -0.063 -0.107 -0.119 -0.089 -0.075 -0.095 -0.167 -0.191 -0.208 -0.200 -0.137 -0.093 -0.099 -0.032  0.013  0.075  0.127  0.205  0.377  0.611  1.000  0.621  0.206 -0.006 -0.049 -0.065 -0.041  0.016  0.090  0.109  0.118
 -0.205 -0.119  0.019  0.270  0.437  0.389  0.223  0.185 -0.003 -0.020 -0.026  0.032 -0.016 -0.087 -0.099 -0.228 -0.248 -0.260 -0.228 -0.195 -0.221 -0.141 -0.098 -0.046 -0.098 -0.084  0.003 -0.016 -0.021  0.027  0.020 -0.006 -0.004 -0.003 -0.002  0.009  0.057  0.066  0.057  0.064  0.108  0.126  0.224  0.280  0.235  0.050  0.022 -0.018  0.074  0.097  0.119  0.038  0.013 -0.031 -0.149 -0.211 -0.179 -0.100 -0.074 -0.118 -0.098 -0.099 -0.092  0.030  0.262  0.621  1.000  0.592  0.352  0.204  0.102  0.019 -0.020 -0.074 -0.131 -0.106
 -0.397 -0.334 -0.247 -0.012  0.354  0.485  0.491  0.462  0.236  0.229  0.163  0.109  0.023 -0.172 -0.191 -0.321 -0.366 -0.409 -0.392 -0.317 -0.253 -0.055  0.063  0.131  0.052  0.059  0.206  0.155  0.103  0.188  0.184  0.103  0.082  0.107  0.135  0.165  0.220  0.292  0.272  0.221  0.386  0.414  0.543  0.579  0.375  0.138  0.170  0.127  0.285  0.274  0.286  0.222  0.131  0.042 -0.173 -0.302 -0.316 -0.191 -0.162 -0.271 -0.284 -0.315 -0.321 -0.225 -0.080  0.206  0.592  1.000  0.746  0.495  0.262  0.023 -0.189 -0.270 -0.428 -0.392
 -0.450 -0.398 -0.317 -0.065  0.402  0.528  0.620  0.524  0.313  0.337  0.282  0.200  0.142 -0.105 -0.124 -0.263 -0.322 -0.411 -0.425 -0.318 -0.204  0.016  0.135  0.217  0.147  0.146  0.299  0.265  0.186  0.260  0.273  0.173  0.140  0.162  0.201  0.232  0.257  0.338  0.340  0.349  0.562  0.615  0.618  0.530  0.285  0.076  0.143  0.162  0.321  0.310  0.304  0.275  0.181  0.077 -0.149 -0.320 -0.348 -0.204 -0.196 -0.332 -0.381 -0.420 -0.452 -0.387 -0.280 -0.006  0.352  0.746  1.000  0.727  0.437  0.143 -0.222 -0.349 -0.567 -0.555
 -0.341 -0.301 -0.266 -0.091  0.231  0.355  0.439  0.361  0.226  0.239  0.196  0.132  0.070 -0.106 -0.119 -0.202 -0.256 -0.322 -0.313 -0.249 -0.172 -0.006  0.086  0.150  0.092  0.084  0.222  0.195  0.114  0.189  0.223  0.117  0.086  0.147  0.210  0.273  0.299  0.326  0.393  0.473  0.626  0.692  0.528  0.410  0.146 -0.027  0.059  0.097  0.263  0.242  0.212  0.186  0.113  0.039 -0.124 -0.245 -0.260 -0.149 -0.129 -0.248 -0.289 -0.334 -0.353 -0.299 -0.244 -0.049  0.204  0.495  0.727  1.000  0.728  0.400 -0.076 -0.283 -0.526 -0.561
 -0.211 -0.213 -0.216 -0.108  0.068  0.149  0.215  0.148  0.043  0.038  0.014 -0.024 -0.065 -0.178 -0.170 -0.182 -0.200 -0.204 -0.171 -0.132 -0.110  0.017  0.053  0.067  0.045  0.027  0.086  0.075  0.032  0.053  0.064  0.006 -0.022  0.002  0.056  0.117  0.171  0.192  0.295  0.564  0.569  0.546  0.326  0.214  0.031 -0.071  0.006  0.021  0.129  0.134  0.121  0.102  0.088  0.069 -0.040 -0.118 -0.102 -0.015 -0.009 -0.100 -0.143 -0.198 -0.221 -0.196 -0.156 -0.065  0.102  0.262  0.437  0.728  1.000  0.708  0.232 -0.026 -0.347 -0.437
  0.011  0.002 -0.063 -0.027 -0.016 -0.011 -0.011 -0.050 -0.072 -0.085 -0.079 -0.057 -0.067 -0.080 -0.102 -0.031 -0.051 -0.054 -0.034 -0.070 -0.084 -0.066 -0.080 -0.087 -0.048 -0.049 -0.082 -0.062 -0.014 -0.048 -0.081 -0.042 -0.044 -0.073 -0.061 -0.035 -0.007 -0.050  0.024  0.515  0.358  0.358  0.136  0.020 -0.072 -0.152 -0.128 -0.088 -0.059 -0.024 -0.075 -0.089 -0.085 -0.071 -0.083 -0.072 -0.049 -0.040 -0.025 -0.034 -0.036 -0.055 -0.020 -0.017 -0.044 -0.041  0.019  0.023  0.143  0.400  0.708  1.000  0.541  0.289 -0.091 -0.251
  0.228  0.191  0.084 -0.003 -0.179 -0.248 -0.292 -0.263 -0.260 -0.295 -0.267 -0.238 -0.219 -0.129 -0.123  0.004  0.026  0.131  0.169  0.144  0.026 -0.045 -0.168 -0.288 -0.190 -0.165 -0.369 -0.353 -0.223 -0.335 -0.435 -0.300 -0.259 -0.373 -0.429 -0.422 -0.350 -0.324 -0.258  0.051 -0.139 -0.108 -0.160 -0.163 -0.083 -0.113 -0.121 -0.111 -0.226 -0.154 -0.187 -0.236 -0.135  0.005  0.056  0.105  0.194  0.163  0.142  0.193  0.192  0.213  0.233  0.203  0.155  0.016 -0.020 -0.189 -0.222 -0.076  0.232  0.541  1.000  0.554  0.357  0.232
  0.276  0.206  0.127  0.093 -0.139 -0.198 -0.333 -0.281 -0.258 -0.280 -0.227 -0.150 -0.160 -0.030 -0.130  0.065  0.113  0.211  0.291  0.155 -0.000 -0.179 -0.290 -0.351 -0.267 -0.289 -0.462 -0.430 -0.309 -0.395 -0.454 -0.312 -0.274 -0.373 -0.432 -0.441 -0.424 -0.448 -0.414 -0.148 -0.325 -0.293 -0.339 -0.284 -0.144 -0.104 -0.143 -0.156 -0.273 -0.240 -0.297 -0.362 -0.275 -0.151  0.002  0.162  0.210  0.123  0.149  0.273  0.298  0.306  0.333  0.279  0.240  0.090 -0.074 -0.270 -0.349 -0.283 -0.026  0.289  0.554  1.000  0.592  0.322
  0.449  0.387  0.338  0.131 -0.238 -0.370 -0.492 -0.481 -0.391 -0.411 -0.329 -0.229 -0.172  0.046 -0.003  0.142  0.196  0.353  0.427  0.309  0.077 -0.212 -0.371 -0.496 -0.405 -0.366 -0.603 -0.592 -0.445 -0.541 -0.608 -0.448 -0.389 -0.481 -0.544 -0.573 -0.549 -0.567 -0.546 -0.483 -0.626 -0.524 -0.508 -0.407 -0.165 -0.038 -0.128 -0.185 -0.397 -0.398 -0.450 -0.503 -0.366 -0.207  0.052  0.250  0.366  0.209  0.202  0.382  0.416  0.501  0.518  0.458  0.406  0.109 -0.131 -0.428 -0.567 -0.526 -0.347 -0.091  0.357  0.592  1.000  0.793
