  1.000  0.797  0.527  0.230 -0.204 -0.303 -0.367 -0.307 -0.291 -0.086 -0.147 -0.104 -0.063  0.260  0.337  0.639  0.643  0.631  0.466  0.303  0.209 -0.161 -0.383 -0.437 -0.293 -0.350 -0.512 -0.477 -0.396 -0.458 -0.487 -0.401 -0.316 -0.335 -0.422 -0.451 -0.465 -0.492 -0.429 -0.468 -0.537 -0.464 -0.517 -0.489 -0.345 -0.245 -0.344 -0.390 -0.504 -0.490 -0.509 -0.485 -0.396 -0.301 -0.055  0.131  0.221  0.003 -0.029  0.182  0.266  0.459  0.635  0.552  0.331  0.074 -0.232 -0.429 -0.509 -0.443 -0.276 -0.050  0.270  0.522  0.558  0.528
  0.797  1.000  0.677  0.405 -0.025 -0.159 -0.273 -0.303 -0.266 -0.016 -0.046  0.052  0.104  0.426  0.504  0.654  0.514  0.475  0.308  0.137  0.039 -0.308 -0.447 -0.477 -0.348 -0.334 -0.462 -0.435 -0.324 -0.361 -0.408 -0.320 -0.229 -0.250 -0.346 -0.389 -0.420 -0.451 -0.404 -0.442 -0.498 -0.420 -0.458 -0.439 -0.301 -0.222 -0.322 -0.364 -0.475 -0.480 -0.545 -0.535 -0.495 -0.438 -0.216  0.002  0.077 -0.147 -0.124  0.093  0.227  0.422  0.613  0.633  0.397  0.182 -0.127 -0.337 -0.429 -0.381 -0.266 -0.036  0.232  0.453  0.488  0.462
  0.527  0.677  1.000  0.696  0.274  0.140 -0.079 -0.182 -0.204 -0.089  0.031  0.195  0.266  0.530  0.544  0.475  0.337  0.202  0.078 -0.087 -0.149 -0.378 -0.412 -0.413 -0.379 -0.317 -0.344 -0.359 -0.268 -0.236 -0.283 -0.243 -0.143 -0.127 -0.212 -0.246 -0.292 -0.320 -0.283 -0.278 -0.294 -0.246 -0.261 -0.227 -0.149 -0.119 -0.173 -0.216 -0.298 -0.338 -0.407 -0.428 -0.432 -0.409 -0.293 -0.128 -0.056 -0.169 -0.106  0.033  0.128  0.290  0.491  0.598  0.480  0.422  0.183 -0.075 -0.180 -0.164 -0.085  0.030  0.192  0.222  0.233  0.219
  0.230  0.405  0.696  1.000  0.671  0.503  0.207 -0.044 -0.047  0.076  0.292  0.497  0.540  0.651  0.501  0.312  0.106 -0.083 -0.201 -0.360 -0.380 -0.497 -0.382 -0.345 -0.362 -0.220 -0.159 -0.202 -0.103 -0.007 -0.065 -0.058  0.039  0.073 -0.002 -0.049 -0.115 -0.150 -0.135 -0.102 -0.083 -0.040 -0.017 -0.001  0.006 -0.021 -0.052 -0.074 -0.120 -0.215 -0.330 -0.364 -0.461 -0.507 -0.483 -0.339 -0.315 -0.376 -0.259 -0.171 -0.068  0.056  0.261  0.488  0.458  0.637  0.460  0.218  0.114  0.076  0.039  0.089  0.089 -0.042 -0.044 -0.050
 -0.204 -0.025  0.274  0.671  1.000  0.818  0.524  0.212  0.137  0.128  0.398  0.577  0.643  0.453  0.315  0.011 -0.168 -0.369 -0.445 -0.506 -0.437 -0.341 -0.106 -0.020 -0.115  0.038  0.197  0.143  0.181  0.301  0.261  0.218  0.251  0.278  0.267  0.230  0.173  0.148  0.110  0.181  0.254  0.247  0.321  0.315  0.213  0.123  0.155  0.151  0.184  0.073 -0.010 -0.032 -0.182 -0.306 -0.435 -0.440 -0.488 -0.432 -0.328 -0.365 -0.305 -0.272 -0.170  0.047  0.137  0.468  0.614  0.534  0.500  0.368  0.181  0.057 -0.136 -0.403 -0.421 -0.407
 -0.303 -0.159  0.140  0.503  0.818  1.000  0.664  0.369  0.243  0.083  0.339  0.496  0.510  0.305  0.162 -0.104 -0.251 -0.435 -0.471 -0.518 -0.432 -0.281 -0.035  0.031 -0.086  0.057  0.223  0.149  0.166  0.304  0.270  0.201  0.231  0.275  0.273  0.270  0.225  0.211  0.183  0.283  0.370  0.352  0.415  0.424  0.296  0.174  0.229  0.211  0.261  0.153  0.078  0.045 -0.104 -0.217 -0.375 -0.398 -0.462 -0.371 -0.260 -0.331 -0.289 -0.294 -0.223 -0.029  0.094  0.459  0.615  0.654  0.621  0.487  0.284  0.090 -0.170 -0.487 -0.515 -0.503
 -0.367 -0.273 -0.079  0.207  0.524  0.664  1.000  0.707  0.477  0.034  0.246  0.322  0.367  0.147  0.027 -0.173 -0.274 -0.412 -0.436 -0.428 -0.318 -0.157  0.053  0.123  0.031  0.144  0.302  0.252  0.216  0.310  0.317  0.231  0.188  0.216  0.279  0.299  0.312  0.337  0.324  0.360  0.431  0.452  0.468  0.423  0.251  0.135  0.215  0.184  0.248  0.157  0.104  0.094 -0.017 -0.126 -0.287 -0.354 -0.417 -0.321 -0.248 -0.337 -0.332 -0.365 -0.339 -0.219 -0.133  0.149  0.361  0.612  0.625  0.482  0.224  0.063 -0.278 -0.543 -0.537 -0.510
 -0.307 -0.303 -0.182 -0.044  0.212  0.369  0.707  1.000  0.674  0.007  0.125  0.076  0.035 -0.114 -0.161 -0.216 -0.219 -0.259 -0.233 -0.192 -0.120  0.004  0.085  0.118  0.044  0.060  0.165  0.132  0.058  0.114  0.150  0.070  0.021  0.051  0.117  0.179  0.227  0.263  0.266  0.279  0.322  0.331  0.329  0.318  0.186  0.099  0.171  0.135  0.186  0.137  0.143  0.129  0.106  0.062 -0.054 -0.141 -0.172 -0.081 -0.067 -0.148 -0.182 -0.249 -0.281 -0.254 -0.165 -0.004  0.209  0.457  0.450  0.310  0.167  0.006 -0.235 -0.442 -0.436 -0.406
 -0.291 -0.266 -0.204 -0.047  0.137  0.243  0.477  0.674  1.000  0.313  0.295  0.234  0.136 -0.015 -0.093 -0.155 -0.207 -0.253 -0.248 -0.209 -0.147 -0.024  0.072  0.104  0.052  0.084  0.162  0.133  0.072  0.093  0.123  0.067  0.006  0.008  0.067  0.099  0.169  0.236  0.240  0.195  0.234  0.285  0.267  0.223  0.117  0.062  0.105  0.102  0.163  0.118  0.103  0.093  0.054  0.006 -0.099 -0.175 -0.207 -0.128 -0.113 -0.179 -0.218 -0.271 -0.283 -0.239 -0.187 -0.045  0.103  0.303  0.317  0.209  0.039 -0.039 -0.232 -0.397 -0.378 -0.347
 -0.086 -0.016 -0.089  0.076  0.128  0.083  0.034  0.007  0.313  1.000  0.679  0.448  0.255  0.164  0.062  0.032 -0.055 -0.111 -0.177 -0.194 -0.170 -0.167 -0.080 -0.039 -0.038  0.013  0.054  0.052  0.074  0.087  0.079  0.086  0.100  0.116  0.091  0.041  0.024  0.025  0.022 -0.041 -0.036 -0.014  0.016 -0.036 -0.071 -0.066 -0.081 -0.019  0.021 -0.031 -0.076 -0.068 -0.156 -0.218 -0.238 -0.219 -0.242 -0.263 -0.226 -0.217 -0.175 -0.144 -0.113 -0.057 -0.087 -0.028 -0.054 -0.045 -0.016 -0.029 -0.085 -0.021 -0.104 -0.111 -0.114 -0.109
 -0.147 -0.046  0.031  0.292  0.398  0.339  0.246  0.125  0.295  0.679  1.000  0.768  0.566  0.386  0.194  0.048 -0.099 -0.246 -0.323 -0.369 -0.324 -0.286 -0.116 -0.048 -0.083  0.029  0.124  0.104  0.153  0.213  0.193  0.193  0.226  0.256  0.226  0.152  0.105  0.086  0.054  0.031  0.057  0.067  0.121  0.063 -0.000 -0.017 -0.013  0.017  0.065 -0.020 -0.093 -0.085 -0.223 -0.327 -0.389 -0.368 -0.401 -0.402 -0.331 -0.330 -0.278 -0.232 -0.157 -0.027 -0.033  0.116  0.115  0.137  0.154  0.097 -0.021  0.001 -0.129 -0.253 -0.259 -0.246
 -0.104  0.052  0.195  0.497  0.577  0.496  0.322  0.076  0.234  0.448  0.768  1.000  0.803  0.623  0.378  0.150 -0.061 -0.275 -0.393 -0.469 -0.403 -0.389 -0.178 -0.096 -0.120  0.029  0.128  0.104  0.174  0.238  0.201  0.200  0.236  0.256  0.223  0.145  0.099  0.082  0.049  0.035  0.064  0.091  0.133  0.059 -0.006 -0.032 -0.032 -0.008  0.023 -0.075 -0.178 -0.167 -0.333 -0.458 -0.516 -0.471 -0.512 -0.528 -0.436 -0.419 -0.346 -0.262 -0.141  0.051  0.032  0.224  0.195  0.202  0.197  0.128 -0.032  0.026 -0.105 -0.227 -0.226 -0.214
 -0.063  0.104  0.266  0.540  0.643  0.510  0.367  0.035  0.136  0.255  0.566  0.803  1.000  0.781  0.538  0.245  0.020 -0.232 -0.384 -0.458 -0.372 -0.360 -0.151 -0.042 -0.058  0.086  0.181  0.170  0.235  0.280  0.239  0.244  0.265  0.262  0.247  0.155  0.112  0.091  0.046  0.039  0.072  0.086  0.123  0.046 -0.019 -0.021 -0.023 -0.022 -0.005 -0.101 -0.190 -0.149 -0.309 -0.458 -0.518 -0.491 -0.540 -0.566 -0.483 -0.463 -0.385 -0.288 -0.145  0.049  0.008  0.200  0.192  0.203  0.224  0.147 -0.048  0.009 -0.131 -0.227 -0.215 -0.199
  0.260  0.426  0.530  0.651  0.453  0.305  0.147 -0.114 -0.015  0.164  0.386  0.623  0.781  1.000  0.761  0.508  0.263  0.014 -0.174 -0.309 -0.276 -0.423 -0.313 -0.240 -0.199 -0.076 -0.055 -0.060  0.031  0.057  0.003  0.026  0.087  0.093  0.036 -0.041 -0.084 -0.107 -0.119 -0.150 -0.155 -0.111 -0.115 -0.185 -0.176 -0.139 -0.180 -0.196 -0.228 -0.303 -0.401 -0.359 -0.470 -0.565 -0.513 -0.401 -0.402 -0.519 -0.448 -0.342 -0.231 -0.071  0.137  0.315  0.178  0.263  0.076 -0.020 -0.038 -0.058 -0.138  0.035  0.035  0.039  0.061  0.061
  0.337  0.504  0.544  0.501  0.315  0.162  0.027 -0.161 -0.093  0.062  0.194  0.378  0.538  0.761  1.000  0.695  0.427  0.168 -0.052 -0.157 -0.096 -0.256 -0.216 -0.150 -0.103 -0.021 -0.038 -0.042  0.018  0.015 -0.039 -0.017  0.027  0.011 -0.033 -0.089 -0.121 -0.126 -0.133 -0.173 -0.168 -0.162 -0.175 -0.239 -0.229 -0.155 -0.197 -0.221 -0.255 -0.301 -0.348 -0.273 -0.333 -0.422 -0.360 -0.294 -0.302 -0.421 -0.401 -0.301 -0.203 -0.042  0.165  0.274  0.100  0.136 -0.007 -0.118 -0.125 -0.132 -0.176 -0.020  0.024  0.088  0.116  0.118
  0.639  0.654  0.475  0.312  0.011 -0.104 -0.173 -0.216 -0.155  0.032  0.048  0.150  0.245  0.508  0.695  1.000  0.716  0.482  0.250  0.137  0.146 -0.152 -0.266 -0.256 -0.153 -0.169 -0.250 -0.231 -0.187 -0.230 -0.263 -0.217 -0.166 -0.180 -0.237 -0.276 -0.289 -0.297 -0.267 -0.315 -0.354 -0.323 -0.368 -0.419 -0.366 -0.255 -0.323 -0.351 -0.406 -0.418 -0.441 -0.366 -0.354 -0.356 -0.181 -0.078 -0.042 -0.233 -0.276 -0.125 -0.028  0.154  0.376  0.366  0.112  0.002 -0.212 -0.333 -0.345 -0.311 -0.257 -0.033  0.140  0.304  0.341  0.330
  0.643  0.514  0.337  0.106 -0.168 -0.251 -0.274 -0.219 -0.207 -0.055 -0.099 -0.061  0.020  0.263  0.427  0.716  1.000  0.776  0.489  0.373  0.421  0.067 -0.144 -0.160 -0.060 -0.165 -0.277 -0.250 -0.247 -0.321 -0.338 -0.291 -0.253 -0.279 -0.326 -0.348 -0.340 -0.344 -0.304 -0.352 -0.396 -0.378 -0.421 -0.434 -0.356 -0.233 -0.299 -0.335 -0.401 -0.381 -0.345 -0.256 -0.175 -0.131  0.077  0.153  0.168 -0.019 -0.112  0.010  0.076  0.200  0.350  0.254  0.070 -0.106 -0.292 -0.397 -0.409 -0.373 -0.282 -0.101  0.126  0.352  0.383  0.365
  0.631  0.475  0.202 -0.083 -0.369 -0.435 -0.412 -0.259 -0.253 -0.111 -0.246 -0.275 -0.232  0.014  0.168  0.482  0.776  1.000  0.763  0.639  0.583  0.184 -0.138 -0.200 -0.052 -0.229 -0.412 -0.354 -0.353 -0.460 -0.463 -0.393 -0.357 -0.396 -0.446 -0.451 -0.431 -0.435 -0.374 -0.423 -0.488 -0.452 -0.513 -0.491 -0.370 -0.243 -0.322 -0.368 -0.447 -0.397 -0.335 -0.265 -0.103  0.017  0.289  0.387  0.446  0.244  0.117  0.254  0.263  0.325  0.392  0.239  0.089 -0.180 -0.372 -0.496 -0.525 -0.468 -0.312 -0.137  0.179  0.466  0.504  0.485
  0.466  0.308  0.078 -0.201 -0.445 -0.471 -0.436 -0.233 -0.248 -0.177 -0.323 -0.393 -0.384 -0.174 -0.052  0.250  0.489  0.763  1.000  0.777  0.571  0.232 -0.095 -0.198 -0.089 -0.270 -0.445 -0.395 -0.400 -0.497 -0.489 -0.424 -0.390 -0.420 -0.463 -0.448 -0.423 -0.423 -0.354 -0.384 -0.449 -0.408 -0.464 -0.409 -0.272 -0.181 -0.247 -0.292 -0.357 -0.292 -0.217 -0.195  0.003  0.182  0.467  0.606  0.670  0.487  0.352  0.463  0.422  0.390  0.351  0.189  0.133 -0.149 -0.321 -0.444 -0.491 -0.427 -0.246 -0.143  0.177  0.434  0.459  0.435
  0.303  0.137 -0.087 -0.360 -0.506 -0.518 -0.428 -0.192 -0.209 -0.194 -0.369 -0.469 -0.458 -0.309 -0.157  0.137  0.373  0.639  0.777  1.000  0.792  0.477  0.119  0.014  0.113 -0.123 -0.297 -0.239 -0.303 -0.425 -0.402 -0.362 -0.368 -0.404 -0.415 -0.388 -0.338 -0.323 -0.264 -0.303 -0.359 -0.348 -0.399 -0.365 -0.273 -0.183 -0.226 -0.246 -0.271 -0.178 -0.058 -0.004  0.209  0.383  0.631  0.622  0.678  0.553  0.371  0.424  0.334  0.248  0.175 -0.009 -0.041 -0.298 -0.369 -0.445 -0.446 -0.392 -0.233 -0.166  0.118  0.362  0.381  0.362
  0.209  0.039 -0.149 -0.380 -0.437 -0.432 -0.318 -0.120 -0.147 -0.170 -0.324 -0.403 -0.372 -0.276 -0.096  0.146  0.421  0.583  0.571  0.792  1.000  0.725  0.364  0.259  0.357  0.089 -0.080 -0.033 -0.149 -0.284 -0.266 -0.262 -0.298 -0.334 -0.316 -0.280 -0.221 -0.192 -0.157 -0.187 -0.220 -0.249 -0.285 -0.290 -0.259 -0.183 -0.200 -0.191 -0.170 -0.065  0.083  0.194  0.359  0.478  0.644  0.522  0.479  0.400  0.198  0.194  0.127  0.061  0.012 -0.151 -0.197 -0.369 -0.365 -0.375 -0.332 -0.290 -0.191 -0.153  0.022  0.207  0.217  0.213
 -0.161 -0.308 -0.378 -0.497 -0.341 -0.281 -0.157  0.004 -0.024 -0.167 -0.286 -0.389 -0.360 -0.423 -0.256 -0.152  0.067  0.184  0.232  0.477  0.725  1.000  0.749  0.630  0.659  0.426  0.259  0.264  0.112 -0.022 -0.018 -0.057 -0.133 -0.165 -0.109 -0.060  0.004  0.052  0.038  0.040  0.065 -0.025  0.007  0.002 -0.040 -0.028  0.013  0.065  0.159  0.294  0.477  0.605  0.693  0.739  0.685  0.424  0.307  0.392  0.205  0.074 -0.029 -0.163 -0.285 -0.414 -0.357 -0.392 -0.222 -0.136 -0.059 -0.056 -0.049 -0.164 -0.136 -0.106 -0.119 -0.103
 -0.383 -0.447 -0.412 -0.382 -0.106 -0.035  0.053  0.085  0.072 -0.080 -0.116 -0.178 -0.151 -0.313 -0.216 -0.266 -0.144 -0.138 -0.095  0.119  0.364  0.749  1.000  0.834  0.684  0.603  0.576  0.495  0.301  0.217  0.220  0.136  0.031  0.016  0.097  0.141  0.217  0.292  0.229  0.220  0.289  0.186  0.281  0.252  0.163  0.116  0.189  0.274  0.412  0.526  0.645  0.764  0.674  0.610  0.423  0.173 -0.001  0.156  0.073 -0.127 -0.203 -0.333 -0.448 -0.494 -0.390 -0.280 -0.037  0.114  0.193  0.154  0.062 -0.130 -0.260 -0.371 -0.397 -0.372
 -0.437 -0.477 -0.413 -0.345 -0.020  0.031  0.123  0.118  0.104 -0.039 -0.048 -0.096 -0.042 -0.240 -0.150 -0.256 -0.160 -0.200 -0.198  0.014  0.259  0.630  0.834  1.000  0.817  0.626  0.715  0.689  0.460  0.375  0.395  0.310  0.190  0.158  0.251  0.259  0.296  0.359  0.259  0.261  0.361  0.175  0.275  0.250  0.140  0.133  0.204  0.280  0.400  0.483  0.620  0.780  0.688  0.522  0.303  0.011 -0.157  0.014 -0.067 -0.283 -0.341 -0.438 -0.531 -0.557 -0.467 -0.309 -0.027  0.142  0.244  0.170  0.038 -0.154 -0.340 -0.440 -0.455 -0.417
 -0.293 -0.348 -0.379 -0.362 -0.115 -0.086  0.031  0.044  0.052 -0.038 -0.083 -0.120 -0.058 -0.199 -0.103 -0.153 -0.060 -0.052 -0.089  0.113  0.357  0.659  0.684  0.817  1.000  0.754  0.602  0.670  0.527  0.339  0.326  0.286  0.161  0.097  0.174  0.168  0.212  0.257  0.178  0.170  0.231  0.084  0.125  0.059 -0.050 -0.030  0.016  0.081  0.189  0.277  0.419  0.585  0.549  0.420  0.288  0.033 -0.102 -0.006 -0.121 -0.267 -0.322 -0.388 -0.449 -0.490 -0.466 -0.378 -0.174 -0.029  0.090  0.055 -0.048 -0.133 -0.246 -0.271 -0.279 -0.245
 -0.350 -0.334 -0.317 -0.220  0.038  0.057  0.144  0.060  0.084  0.013  0.029  0.029  0.086 -0.076 -0.021 -0.169 -0.165 -0.229 -0.270 -0.123  0.089  0.426  0.603  0.626  0.754  1.000  0.750  0.662  0.650  0.526  0.425  0.379  0.269  0.194  0.251  0.236  0.292  0.359  0.257  0.215  0.276  0.201  0.257  0.159  0.041  0.020  0.074  0.122  0.225  0.264  0.317  0.453  0.353  0.207  0.034 -0.149 -0.269 -0.172 -0.211 -0.332 -0.364 -0.414 -0.450 -0.420 -0.385 -0.237 -0.060  0.097  0.189  0.135 -0.019 -0.094 -0.252 -0.344 -0.347 -0.313
 -0.512 -0.462 -0.344 -0.159  0.197  0.223  0.302  0.165  0.162  0.054  0.124  0.128  0.181 -0.055 -0.038 -0.250 -0.277 -0.412 -0.445 -0.297 -0.080  0.259  0.576  0.715  0.602  0.750  1.000  0.862  0.676  0.696  0.695  0.554  0.415  0.407  0.508  0.504  0.544  0.611  0.474  0.416  0.513  0.356  0.429  0.336  0.170  0.132  0.216  0.266  0.389  0.390  0.433  0.553  0.390  0.178 -0.065 -0.286 -0.432 -0.272 -0.268 -0.456 -0.484 -0.539 -0.580 -0.514 -0.439 -0.185  0.086  0.291  0.398  0.313  0.114 -0.049 -0.357 -0.575 -0.596 -0.552
 -0.477 -0.435 -0.359 -0.202  0.143  0.149  0.252  0.132  0.133  0.052  0.104  0.104  0.170 -0.060 -0.042 -0.231 -0.250 -0.354 -0.395 -0.239 -0.033  0.264  0.495  0.689  0.670  0.662  0.862  1.000  0.803  0.700  0.757  0.677  0.499  0.444  0.559  0.509  0.524  0.549  0.413  0.378  0.457  0.277  0.317  0.216  0.044  0.047  0.118  0.166  0.284  0.295  0.374  0.496  0.376  0.170 -0.041 -0.271 -0.402 -0.263 -0.290 -0.463 -0.496 -0.542 -0.580 -0.533 -0.487 -0.270 -0.010  0.181  0.313  0.238  0.053 -0.066 -0.348 -0.502 -0.517 -0.471
 -0.396 -0.324 -0.268 -0.103  0.181  0.166  0.216  0.058  0.072  0.074  0.153  0.174  0.235  0.031  0.018 -0.187 -0.247 -0.353 -0.400 -0.303 -0.149  0.112  0.301  0.460  0.527  0.650  0.676  0.803  1.000  0.831  0.718  0.772  0.676  0.529  0.547  0.421  0.354  0.361  0.212  0.211  0.312  0.154  0.204  0.115 -0.015  0.008  0.048  0.077  0.154  0.143  0.199  0.311  0.201  0.010 -0.168 -0.333 -0.427 -0.331 -0.338 -0.449 -0.458 -0.467 -0.472 -0.394 -0.368 -0.176 -0.010  0.124  0.219  0.133 -0.043 -0.103 -0.288 -0.370 -0.369 -0.328
 -0.458 -0.361 -0.236 -0.007  0.301  0.304  0.310  0.114  0.093  0.087  0.213  0.238  0.280  0.057  0.015 -0.230 -0.321 -0.460 -0.497 -0.425 -0.284 -0.022  0.217  0.375  0.339  0.526  0.696  0.700  0.831  1.000  0.868  0.793  0.763  0.728  0.720  0.640  0.518  0.492  0.352  0.367  0.468  0.281  0.319  0.243  0.091  0.078  0.142  0.154  0.233  0.175  0.192  0.278  0.142 -0.058 -0.266 -0.410 -0.498 -0.381 -0.346 -0.468 -0.467 -0.477 -0.475 -0.364 -0.307 -0.059  0.126  0.286  0.370  0.298  0.115 -0.003 -0.286 -0.506 -0.533 -0.497
 -0.487 -0.408 -0.283 -0.065  0.261  0.270  0.317  0.150  0.123  0.079  0.193  0.201  0.239  0.003 -0.039 -0.263 -0.338 -0.463 -0.489 -0.402 -0.266 -0.018  0.220  0.395  0.326  0.425  0.695  0.757  0.718  0.868  1.000  0.862  0.725  0.740  0.821  0.755  0.684  0.631  0.500  0.477  0.521  0.340  0.344  0.257  0.081  0.074  0.147  0.162  0.253  0.199  0.230  0.297  0.172 -0.019 -0.228 -0.389 -0.475 -0.344 -0.315 -0.455 -0.473 -0.500 -0.517 -0.427 -0.369 -0.123  0.095  0.280  0.390  0.334  0.152  0.023 -0.315 -0.555 -0.589 -0.550
 -0.401 -0.320 -0.243 -0.058  0.218  0.201  0.231  0.070  0.067  0.086  0.193  0.200  0.244  0.026 -0.017 -0.217 -0.291 -0.393 -0.424 -0.362 -0.262 -0.057  0.136  0.310  0.286  0.379  0.554  0.677  0.772  0.793  0.862  1.000  0.860  0.724  0.754  0.574  0.443  0.403  0.256  0.257  0.335  0.158  0.196  0.139  0.021  0.056  0.094  0.102  0.152  0.107  0.144  0.221  0.115 -0.066 -0.235 -0.365 -0.433 -0.337 -0.316 -0.418 -0.424 -0.425 -0.433 -0.352 -0.314 -0.122  0.037  0.163  0.244  0.161 -0.006 -0.087 -0.301 -0.398 -0.406 -0.367
 -0.316 -0.229 -0.143  0.039  0.251  0.231  0.188  0.021  0.006  0.100  0.226  0.236  0.265  0.087  0.027 -0.166 -0.253 -0.357 -0.390 -0.368 -0.298 -0.133  0.031  0.190  0.161  0.269  0.415  0.499  0.676  0.763  0.725  0.860  1.000  0.851  0.729  0.547  0.289  0.232  0.101  0.141  0.258  0.066  0.127  0.108  0.030  0.059  0.081  0.079  0.105  0.046  0.067  0.139  0.031 -0.131 -0.272 -0.357 -0.409 -0.338 -0.303 -0.376 -0.353 -0.331 -0.313 -0.218 -0.183 -0.011  0.087  0.159  0.204  0.130 -0.005 -0.080 -0.235 -0.326 -0.343 -0.316
 -0.335 -0.250 -0.127  0.073  0.278  0.275  0.216  0.051  0.008  0.116  0.256  0.256  0.262  0.093  0.011 -0.180 -0.279 -0.396 -0.420 -0.404 -0.334 -0.165  0.016  0.158  0.097  0.194  0.407  0.444  0.529  0.728  0.740  0.724  0.851  1.000  0.885  0.765  0.483  0.372  0.268  0.296  0.380  0.170  0.200  0.175  0.068  0.066  0.108  0.109  0.154  0.078  0.082  0.130  0.005 -0.147 -0.297 -0.371 -0.422 -0.341 -0.286 -0.368 -0.342 -0.329 -0.306 -0.203 -0.159  0.029  0.136  0.230  0.285  0.258  0.143  0.036 -0.205 -0.413 -0.462 -0.442
 -0.422 -0.346 -0.212 -0.002  0.267  0.273  0.279  0.117  0.067  0.091  0.226  0.223  0.247  0.036 -0.033 -0.237 -0.326 -0.446 -0.463 -0.415 -0.316 -0.109  0.097  0.251  0.174  0.251  0.508  0.559  0.547  0.720  0.821  0.754  0.729  0.885  1.000  0.890  0.690  0.555  0.443  0.461  0.500  0.300  0.297  0.238  0.081  0.072  0.140  0.146  0.220  0.145  0.160  0.207  0.079 -0.088 -0.269 -0.382 -0.448 -0.337 -0.289 -0.405 -0.403 -0.414 -0.413 -0.321 -0.269 -0.055  0.122  0.277  0.374  0.358  0.216  0.088 -0.259 -0.514 -0.562 -0.532
 -0.451 -0.389 -0.246 -0.049  0.230  0.270  0.299  0.179  0.099  0.041  0.152  0.145  0.155 -0.041 -0.089 -0.276 -0.348 -0.451 -0.448 -0.388 -0.280 -0.060  0.141  0.259  0.168  0.236  0.504  0.509  0.421  0.640  0.755  0.574  0.547  0.765  0.890  1.000  0.833  0.667  0.567  0.595  0.596  0.426  0.387  0.317  0.135  0.085  0.176  0.185  0.282  0.211  0.218  0.235  0.121 -0.019 -0.210 -0.331 -0.399 -0.268 -0.218 -0.351 -0.365 -0.407 -0.427 -0.349 -0.278 -0.056  0.148  0.340  0.443  0.464  0.331  0.182 -0.234 -0.566 -0.626 -0.597
 -0.465 -0.420 -0.292 -0.115  0.173  0.225  0.312  0.227  0.169  0.024  0.105  0.099  0.112 -0.084 -0.121 -0.289 -0.340 -0.431 -0.423 -0.338 -0.221  0.004  0.217  0.296  0.212  0.292  0.544  0.524  0.354  0.518  0.684  0.443  0.289  0.483  0.690  0.833  1.000  0.865  0.729  0.675  0.589  0.506  0.429  0.321  0.119  0.060  0.159  0.176  0.293  0.246  0.260  0.258  0.155  0.034 -0.156 -0.290 -0.361 -0.222 -0.182 -0.324 -0.366 -0.431 -0.470 -0.412 -0.342 -0.128  0.100  0.319  0.440  0.457  0.320  0.197 -0.222 -0.561 -0.612 -0.578
 -0.492 -0.451 -0.320 -0.150  0.148  0.211  0.337  0.263  0.236  0.025  0.086  0.082  0.091 -0.107 -0.126 -0.297 -0.344 -0.435 -0.423 -0.323 -0.192  0.052  0.292  0.359  0.257  0.359  0.611  0.549  0.361  0.492  0.631  0.403  0.232  0.372  0.555  0.667  0.865  1.000  0.839  0.646  0.615  0.560  0.484  0.352  0.144  0.074  0.180  0.204  0.331  0.301  0.307  0.306  0.197  0.077 -0.124 -0.275 -0.351 -0.199 -0.166 -0.320 -0.382 -0.462 -0.512 -0.456 -0.384 -0.155  0.087  0.320  0.431  0.433  0.276  0.141 -0.255 -0.568 -0.608 -0.571
 -0.429 -0.404 -0.283 -0.135  0.110  0.183  0.324  0.266  0.240  0.022  0.054  0.049  0.046 -0.119 -0.133 -0.267 -0.304 -0.374 -0.354 -0.264 -0.157  0.038  0.229  0.259  0.178  0.257  0.474  0.413  0.212  0.352  0.500  0.256  0.101  0.268  0.443  0.567  0.729  0.839  1.000  0.765  0.675  0.653  0.512  0.348  0.123  0.024  0.136  0.162  0.298  0.274  0.257  0.224  0.145  0.071 -0.098 -0.218 -0.272 -0.135 -0.101 -0.236 -0.306 -0.397 -0.446 -0.403 -0.343 -0.145  0.075  0.308  0.439  0.505  0.405  0.268 -0.166 -0.509 -0.585 -0.569
 -0.468 -0.442 -0.278 -0.102  0.181  0.283  0.360  0.279  0.195 -0.041  0.031  0.035  0.039 -0.150 -0.173 -0.315 -0.352 -0.423 -0.384 -0.303 -0.187  0.040  0.220  0.261  0.170  0.215  0.416  0.378  0.211  0.367  0.477  0.257  0.141  0.296  0.461  0.595  0.675  0.646  0.765  1.000  0.836  0.755  0.597  0.445  0.189  0.052  0.187  0.220  0.371  0.325  0.300  0.257  0.179  0.105 -0.088 -0.214 -0.280 -0.119 -0.066 -0.225 -0.280 -0.388 -0.442 -0.393 -0.303 -0.078  0.183  0.428  0.598  0.696  0.637  0.465 -0.104 -0.558 -0.669 -0.664
 -0.537 -0.498 -0.294 -0.083  0.254  0.370  0.431  0.322  0.234 -0.036  0.057  0.064  0.072 -0.155 -0.168 -0.354 -0.396 -0.488 -0.449 -0.359 -0.220  0.065  0.289  0.361  0.231  0.276  0.513  0.457  0.312  0.468  0.521  0.335  0.258  0.380  0.500  0.596  0.589  0.615  0.675  0.836  1.000  0.780  0.681  0.548  0.280  0.124  0.271  0.310  0.465  0.415  0.389  0.360  0.249  0.145 -0.091 -0.249 -0.336 -0.148 -0.092 -0.280 -0.329 -0.438 -0.495 -0.424 -0.303 -0.029  0.275  0.540  0.696  0.744  0.616  0.337 -0.210 -0.631 -0.738 -0.728
 -0.464 -0.420 -0.246 -0.040  0.247  0.352  0.452  0.331  0.285 -0.014  0.067  0.091  0.086 -0.111 -0.162 -0.323 -0.378 -0.452 -0.408 -0.348 -0.249 -0.025  0.186  0.175  0.084  0.201  0.356  0.277  0.154  0.281  0.340  0.158  0.066  0.170  0.300  0.426  0.506  0.560  0.653  0.755  0.780  1.000  0.812  0.585  0.295  0.072  0.214  0.258  0.434  0.392  0.296  0.192  0.101  0.064 -0.131 -0.224 -0.277 -0.121 -0.043 -0.183 -0.244 -0.365 -0.414 -0.339 -0.236  0.011  0.276  0.546  0.704  0.792  0.606  0.411 -0.117 -0.556 -0.645 -0.642
 -0.517 -0.458 -0.261 -0.017  0.321  0.415  0.468  0.329  0.267  0.016  0.121  0.133  0.123 -0.115 -0.175 -0.368 -0.421 -0.513 -0.464 -0.399 -0.285  0.007  0.281  0.275  0.125  0.257  0.429  0.317  0.204  0.319  0.344  0.196  0.127  0.200  0.297  0.387  0.429  0.484  0.512  0.597  0.681  0.812  1.000  0.809  0.505  0.221  0.365  0.412  0.602  0.554  0.433  0.333  0.191  0.117 -0.123 -0.242 -0.327 -0.142 -0.049 -0.223 -0.261 -0.376 -0.430 -0.338 -0.200  0.080  0.398  0.672  0.737  0.700  0.477  0.207 -0.221 -0.611 -0.683 -0.670
 -0.489 -0.439 -0.227 -0.001  0.315  0.424  0.423  0.318  0.223 -0.036  0.063  0.059  0.046 -0.185 -0.239 -0.419 -0.434 -0.491 -0.409 -0.365 -0.290  0.002  0.252  0.250  0.059  0.159  0.336  0.216  0.115  0.243  0.257  0.139  0.108  0.175  0.238  0.317  0.321  0.352  0.348  0.445  0.548  0.585  0.809  1.000  0.783  0.460  0.598  0.630  0.680  0.561  0.450  0.356  0.232  0.167 -0.073 -0.177 -0.255 -0.071  0.023 -0.143 -0.156 -0.255 -0.325 -0.247 -0.069  0.188  0.507  0.740  0.681  0.589  0.386  0.058 -0.257 -0.591 -0.650 -0.636
 -0.345 -0.301 -0.149  0.006  0.213  0.296  0.251  0.186  0.117 -0.071 -0.000 -0.006 -0.019 -0.176 -0.229 -0.366 -0.356 -0.370 -0.272 -0.273 -0.259 -0.040  0.163  0.140 -0.050  0.041  0.170  0.044 -0.015  0.091  0.081  0.021  0.030  0.068  0.081  0.135  0.119  0.144  0.123  0.189  0.280  0.295  0.505  0.783  1.000  0.709  0.644  0.631  0.522  0.468  0.365  0.266  0.160  0.129 -0.044 -0.081 -0.147 -0.018  0.079 -0.031  0.000 -0.046 -0.133 -0.088  0.102  0.270  0.469  0.563  0.437  0.326  0.195 -0.076 -0.203 -0.402 -0.433 -0.423
 -0.245 -0.222 -0.119 -0.021  0.123  0.174  0.135  0.099  0.062 -0.066 -0.017 -0.032 -0.021 -0.139 -0.155 -0.255 -0.233 -0.243 -0.181 -0.183 -0.183 -0.028  0.116  0.133 -0.030  0.020  0.132  0.047  0.008  0.078  0.074  0.056  0.059  0.066  0.072  0.085  0.060  0.074  0.024  0.052  0.124  0.072  0.221  0.460  0.709  1.000  0.760  0.550  0.343  0.282  0.250  0.224  0.155  0.097 -0.032 -0.073 -0.119 -0.033  0.019 -0.050 -0.027 -0.047 -0.111 -0.097  0.019  0.120  0.283  0.346  0.232  0.115  0.032 -0.171 -0.207 -0.286 -0.280 -0.266
 -0.344 -0.322 -0.173 -0.052  0.155  0.229  0.215  0.171  0.105 -0.081 -0.013 -0.032 -0.023 -0.180 -0.197 -0.323 -0.299 -0.322 -0.247 -0.226 -0.200  0.013  0.189  0.204  0.016  0.074  0.216  0.118  0.048  0.142  0.147  0.094  0.081  0.108  0.140  0.176  0.159  0.180  0.136  0.187  0.271  0.214  0.365  0.598  0.644  0.760  1.000  0.743  0.525  0.364  0.310  0.297  0.222  0.156 -0.016 -0.089 -0.145 -0.021  0.036 -0.068 -0.070 -0.127 -0.201 -0.177 -0.050  0.086  0.304  0.439  0.359  0.253  0.141 -0.109 -0.242 -0.403 -0.417 -0.401
 -0.390 -0.364 -0.216 -0.074  0.151  0.211  0.184  0.135  0.102 -0.019  0.017 -0.008 -0.022 -0.196 -0.221 -0.351 -0.335 -0.368 -0.292 -0.246 -0.191  0.065  0.274  0.280  0.081  0.122  0.266  0.166  0.077  0.154  0.162  0.102  0.079  0.109  0.146  0.185  0.176  0.204  0.162  0.220  0.310  0.258  0.412  0.630  0.631  0.550  0.743  1.000  0.765  0.557  0.432  0.395  0.270  0.200  0.001 -0.096 -0.174 -0.021  0.050 -0.092 -0.105 -0.179 -0.262 -0.227 -0.095  0.072  0.289  0.400  0.361  0.285  0.182 -0.076 -0.220 -0.413 -0.458 -0.444
 -0.504 -0.475 -0.298 -0.120  0.184  0.261  0.248  0.186  0.163  0.021  0.065  0.023 -0.005 -0.228 -0.255 -0.406 -0.401 -0.447 -0.357 -0.271 -0.170  0.159  0.412  0.400  0.189  0.225  0.389  0.284  0.154  0.233  0.253  0.152  0.105  0.154  0.220  0.282  0.293  0.331  0.298  0.371  0.465  0.434  0.602  0.680  0.522  0.343  0.525  0.765  1.000  0.788  0.611  0.529  0.366  0.306  0.059 -0.082 -0.186  0.024  0.103 -0.101 -0.151 -0.289 -0.394 -0.348 -0.192  0.033  0.309  0.474  0.490  0.439  0.298  0.010 -0.244 -0.536 -0.595 -0.578
 -0.490 -0.480 -0.338 -0.215  0.073  0.153  0.157  0.137  0.118 -0.031 -0.020 -0.075 -0.101 -0.303 -0.301 -0.418 -0.381 -0.397 -0.292 -0.178 -0.065  0.294  0.526  0.483  0.277  0.264  0.390  0.295  0.143  0.175  0.199  0.107  0.046  0.078  0.145  0.211  0.246  0.301  0.274  0.325  0.415  0.392  0.554  0.561  0.468  0.282  0.364  0.557  0.788  1.000  0.830  0.665  0.479  0.454  0.196  0.029 -0.092  0.138  0.205 -0.028 -0.092 -0.252 -0.400 -0.385 -0.217 -0.024  0.244  0.364  0.400  0.368  0.254 -0.025 -0.226 -0.467 -0.525 -0.509
 -0.509 -0.545 -0.407 -0.330 -0.010  0.078  0.104  0.143  0.103 -0.076 -0.093 -0.178 -0.190 -0.401 -0.348 -0.441 -0.345 -0.335 -0.217 -0.058  0.083  0.477  0.645  0.620  0.419  0.317  0.433  0.374  0.199  0.192  0.230  0.144  0.067  0.082  0.160  0.218  0.260  0.307  0.257  0.300  0.389  0.296  0.433  0.450  0.365  0.250  0.310  0.432  0.611  0.830  1.000  0.855  0.711  0.662  0.380  0.138 -0.002  0.255  0.253 -0.015 -0.106 -0.284 -0.460 -0.486 -0.299 -0.129  0.168  0.286  0.337  0.296  0.208 -0.086 -0.254 -0.453 -0.505 -0.482
 -0.485 -0.535 -0.428 -0.364 -0.032  0.045  0.094  0.129  0.093 -0.068 -0.085 -0.167 -0.149 -0.359 -0.273 -0.366 -0.256 -0.265 -0.195 -0.004  0.194  0.605  0.764  0.780  0.585  0.453  0.553  0.496  0.311  0.278  0.297  0.221  0.139  0.130  0.207  0.235  0.258  0.306  0.224  0.257  0.360  0.192  0.333  0.356  0.266  0.224  0.297  0.395  0.529  0.665  0.855  1.000  0.837  0.685  0.403  0.108 -0.061  0.173  0.107 -0.155 -0.230 -0.370 -0.510 -0.540 -0.391 -0.227  0.073  0.210  0.279  0.211  0.112 -0.151 -0.305 -0.454 -0.484 -0.451
 -0.396 -0.495 -0.432 -0.461 -0.182 -0.104 -0.017  0.106  0.054 -0.156 -0.223 -0.333 -0.309 -0.470 -0.333 -0.354 -0.175 -0.103  0.003  0.209  0.359  0.693  0.674  0.688  0.549  0.353  0.390  0.376  0.201  0.142  0.172  0.115  0.031  0.005  0.079  0.121  0.155  0.197  0.145  0.179  0.249  0.101  0.191  0.232  0.160  0.155  0.222  0.270  0.366  0.479  0.711  0.837  1.000  0.847  0.604  0.304  0.178  0.382  0.244  0.019 -0.094 -0.254 -0.421 -0.511 -0.368 -0.301 -0.024  0.087  0.149  0.098  0.053 -0.185 -0.252 -0.314 -0.333 -0.307
 -0.301 -0.438 -0.409 -0.507 -0.306 -0.217 -0.126  0.062  0.006 -0.218 -0.327 -0.458 -0.458 -0.565 -0.422 -0.356 -0.131  0.017  0.182  0.383  0.478  0.739  0.610  0.522  0.420  0.207  0.178  0.170  0.010 -0.058 -0.019 -0.066 -0.131 -0.147 -0.088 -0.019  0.034  0.077  0.071  0.105  0.145  0.064  0.117  0.167  0.129  0.097  0.156  0.200  0.306  0.454  0.662  0.685  0.847  1.000  0.818  0.541  0.432  0.623  0.459  0.252  0.110 -0.091 -0.287 -0.416 -0.268 -0.283 -0.063  0.007  0.050  0.040  0.058 -0.167 -0.156 -0.183 -0.212 -0.200
 -0.055 -0.216 -0.293 -0.483 -0.435 -0.375 -0.287 -0.054 -0.099 -0.238 -0.389 -0.516 -0.518 -0.513 -0.360 -0.181  0.077  0.289  0.467  0.631  0.644  0.685  0.423  0.303  0.288  0.034 -0.065 -0.041 -0.168 -0.266 -0.228 -0.235 -0.272 -0.297 -0.269 -0.210 -0.156 -0.124 -0.098 -0.088 -0.091 -0.131 -0.123 -0.073 -0.044 -0.032 -0.016  0.001  0.059  0.196  0.380  0.403  0.604  0.818  1.000  0.794  0.680  0.747  0.545  0.431  0.302  0.105 -0.069 -0.236 -0.138 -0.282 -0.199 -0.201 -0.183 -0.158 -0.062 -0.179 -0.032  0.059  0.045  0.042
  0.131  0.002 -0.128 -0.339 -0.440 -0.398 -0.354 -0.141 -0.175 -0.219 -0.368 -0.471 -0.491 -0.401 -0.294 -0.078  0.153  0.387  0.606  0.622  0.522  0.424  0.173  0.011  0.033 -0.149 -0.286 -0.271 -0.333 -0.410 -0.389 -0.365 -0.357 -0.371 -0.382 -0.331 -0.290 -0.275 -0.218 -0.214 -0.249 -0.224 -0.242 -0.177 -0.081 -0.073 -0.089 -0.096 -0.082  0.029  0.138  0.108  0.304  0.541  0.794  1.000  0.831  0.746  0.661  0.643  0.584  0.358  0.190  0.018  0.083 -0.145 -0.200 -0.264 -0.298 -0.240 -0.095 -0.136  0.081  0.207  0.197  0.178
  0.221  0.077 -0.056 -0.315 -0.488 -0.462 -0.417 -0.172 -0.207 -0.242 -0.401 -0.512 -0.540 -0.402 -0.302 -0.042  0.168  0.446  0.670  0.678  0.479  0.307 -0.001 -0.157 -0.102 -0.269 -0.432 -0.402 -0.427 -0.498 -0.475 -0.433 -0.409 -0.422 -0.448 -0.399 -0.361 -0.351 -0.272 -0.280 -0.336 -0.277 -0.327 -0.255 -0.147 -0.119 -0.145 -0.174 -0.186 -0.092 -0.002 -0.061  0.178  0.432  0.680  0.831  1.000  0.855  0.700  0.757  0.609  0.427  0.293  0.117  0.155 -0.125 -0.226 -0.331 -0.379 -0.308 -0.119 -0.118  0.168  0.335  0.334  0.307
  0.003 -0.147 -0.169 -0.376 -0.432 -0.371 -0.321 -0.081 -0.128 -0.263 -0.402 -0.528 -0.566 -0.519 -0.421 -0.233 -0.019  0.244  0.487  0.553  0.400  0.392  0.156  0.014 -0.006 -0.172 -0.272 -0.263 -0.331 -0.381 -0.344 -0.337 -0.338 -0.341 -0.337 -0.268 -0.222 -0.199 -0.135 -0.119 -0.148 -0.121 -0.142 -0.071 -0.018 -0.033 -0.021 -0.021  0.024  0.138  0.255  0.173  0.382  0.623  0.747  0.746  0.855  1.000  0.839  0.729  0.518  0.291  0.124 -0.037  0.056 -0.135 -0.123 -0.183 -0.207 -0.153 -0.001 -0.108  0.083  0.144  0.128  0.113
 -0.029 -0.124 -0.106 -0.259 -0.328 -0.260 -0.248 -0.067 -0.113 -0.226 -0.331 -0.436 -0.483 -0.448 -0.401 -0.276 -0.112  0.117  0.352  0.371  0.198  0.205  0.073 -0.067 -0.121 -0.211 -0.268 -0.290 -0.338 -0.346 -0.315 -0.316 -0.303 -0.286 -0.289 -0.218 -0.182 -0.166 -0.101 -0.066 -0.092 -0.043 -0.049  0.023  0.079  0.019  0.036  0.050  0.103  0.205  0.253  0.107  0.244  0.459  0.545  0.661  0.700  0.839  1.000  0.820  0.671  0.387  0.200  0.050  0.154 -0.013 -0.018 -0.075 -0.118 -0.055  0.078 -0.045  0.087  0.076  0.046  0.029
  0.182  0.093  0.033 -0.171 -0.365 -0.331 -0.337 -0.148 -0.179 -0.217 -0.330 -0.419 -0.463 -0.342 -0.301 -0.125  0.010  0.254  0.463  0.424  0.194  0.074 -0.127 -0.283 -0.267 -0.332 -0.456 -0.463 -0.449 -0.468 -0.455 -0.418 -0.376 -0.368 -0.405 -0.351 -0.324 -0.320 -0.236 -0.225 -0.280 -0.183 -0.223 -0.143 -0.031 -0.050 -0.068 -0.092 -0.101 -0.028 -0.015 -0.155  0.019  0.252  0.431  0.643  0.757  0.729  0.820  1.000  0.824  0.565  0.405  0.243  0.292  0.040 -0.079 -0.198 -0.275 -0.205 -0.031 -0.054  0.178  0.272  0.262  0.235
  0.266  0.227  0.128 -0.068 -0.305 -0.289 -0.332 -0.182 -0.218 -0.175 -0.278 -0.346 -0.385 -0.231 -0.203 -0.028  0.076  0.263  0.422  0.334  0.127 -0.029 -0.203 -0.341 -0.322 -0.364 -0.484 -0.496 -0.458 -0.467 -0.473 -0.424 -0.353 -0.342 -0.403 -0.365 -0.366 -0.382 -0.306 -0.280 -0.329 -0.244 -0.261 -0.156  0.000 -0.027 -0.070 -0.105 -0.151 -0.092 -0.106 -0.230 -0.094  0.110  0.302  0.584  0.609  0.518  0.671  0.824  1.000  0.780  0.569  0.383  0.444  0.143 -0.036 -0.177 -0.285 -0.218 -0.048 -0.046  0.189  0.295  0.285  0.253
  0.459  0.422  0.290  0.056 -0.272 -0.294 -0.365 -0.249 -0.271 -0.144 -0.232 -0.262 -0.288 -0.071 -0.042  0.154  0.200  0.325  0.390  0.248  0.061 -0.163 -0.333 -0.438 -0.388 -0.414 -0.539 -0.542 -0.467 -0.477 -0.500 -0.425 -0.331 -0.329 -0.414 -0.407 -0.431 -0.462 -0.397 -0.388 -0.438 -0.365 -0.376 -0.255 -0.046 -0.047 -0.127 -0.179 -0.289 -0.252 -0.284 -0.370 -0.254 -0.091  0.105  0.358  0.427  0.291  0.387  0.565  0.780  1.000  0.783  0.563  0.574  0.221 -0.058 -0.249 -0.379 -0.320 -0.136 -0.059  0.240  0.408  0.413  0.380
  0.635  0.613  0.491  0.261 -0.170 -0.223 -0.339 -0.281 -0.283 -0.113 -0.157 -0.141 -0.145  0.137  0.165  0.376  0.350  0.392  0.351  0.175  0.012 -0.285 -0.448 -0.531 -0.449 -0.450 -0.580 -0.580 -0.472 -0.475 -0.517 -0.433 -0.313 -0.306 -0.413 -0.427 -0.470 -0.512 -0.446 -0.442 -0.495 -0.414 -0.430 -0.325 -0.133 -0.111 -0.201 -0.262 -0.394 -0.400 -0.460 -0.510 -0.421 -0.287 -0.069  0.190  0.293  0.124  0.200  0.405  0.569  0.783  1.000  0.821  0.648  0.332 -0.035 -0.258 -0.400 -0.345 -0.165 -0.027  0.289  0.451  0.465  0.433
  0.552  0.633  0.598  0.488  0.047 -0.029 -0.219 -0.254 -0.239 -0.057 -0.027  0.051  0.049  0.315  0.274  0.366  0.254  0.239  0.189 -0.009 -0.151 -0.414 -0.494 -0.557 -0.490 -0.420 -0.514 -0.533 -0.394 -0.364 -0.427 -0.352 -0.218 -0.203 -0.321 -0.349 -0.412 -0.456 -0.403 -0.393 -0.424 -0.339 -0.338 -0.247 -0.088 -0.097 -0.177 -0.227 -0.348 -0.385 -0.486 -0.540 -0.511 -0.416 -0.236  0.018  0.117 -0.037  0.050  0.243  0.383  0.563  0.821  1.000  0.794  0.535  0.133 -0.122 -0.284 -0.250 -0.121  0.010  0.262  0.358  0.371  0.342
  0.331  0.397  0.480  0.458  0.137  0.094 -0.133 -0.165 -0.187 -0.087 -0.033  0.032  0.008  0.178  0.100  0.112  0.070  0.089  0.133 -0.041 -0.197 -0.357 -0.390 -0.467 -0.466 -0.385 -0.439 -0.487 -0.368 -0.307 -0.369 -0.314 -0.183 -0.159 -0.269 -0.278 -0.342 -0.384 -0.343 -0.303 -0.303 -0.236 -0.200 -0.069  0.102  0.019 -0.050 -0.095 -0.192 -0.217 -0.299 -0.391 -0.368 -0.268 -0.138  0.083  0.155  0.056  0.154  0.292  0.444  0.574  0.648  0.794  1.000  0.704  0.344  0.063 -0.126 -0.125 -0.032 -0.018  0.186  0.212  0.210  0.181
  0.074  0.182  0.422  0.637  0.468  0.459  0.149 -0.004 -0.045 -0.028  0.116  0.224  0.200  0.263  0.136  0.002 -0.106 -0.180 -0.149 -0.298 -0.369 -0.392 -0.280 -0.309 -0.378 -0.237 -0.185 -0.270 -0.176 -0.059 -0.123 -0.122 -0.011  0.029 -0.055 -0.056 -0.128 -0.155 -0.145 -0.078 -0.029  0.011  0.080  0.188  0.270  0.120  0.086  0.072  0.033 -0.024 -0.129 -0.227 -0.301 -0.283 -0.282 -0.145 -0.125 -0.135 -0.013  0.040  0.143  0.221  0.332  0.535  0.704  1.000  0.710  0.378  0.184  0.135  0.117  0.035  0.057 -0.085 -0.101 -0.113
 -0.232 -0.127  0.183  0.460  0.614  0.615  0.361  0.209  0.103 -0.054  0.115  0.195  0.192  0.076 -0.007 -0.212 -0.292 -0.372 -0.321 -0.369 -0.365 -0.222 -0.037 -0.027 -0.174 -0.060  0.086 -0.010 -0.010  0.126  0.095  0.037  0.087  0.136  0.122  0.148  0.100  0.087  0.075  0.183  0.275  0.276  0.398  0.507  0.469  0.283  0.304  0.289  0.309  0.244  0.168  0.073 -0.024 -0.063 -0.199 -0.200 -0.226 -0.123 -0.018 -0.079 -0.036 -0.058 -0.035  0.133  0.344  0.710  1.000  0.716  0.529  0.402  0.279  0.040 -0.103 -0.383 -0.422 -0.418
 -0.429 -0.337 -0.075  0.218  0.534  0.654  0.612  0.457  0.303 -0.045  0.137  0.202  0.203 -0.020 -0.118 -0.333 -0.397 -0.496 -0.444 -0.445 -0.375 -0.136  0.114  0.142 -0.029  0.097  0.291  0.181  0.124  0.286  0.280  0.163  0.159  0.230  0.277  0.340  0.319  0.320  0.308  0.428  0.540  0.546  0.672  0.740  0.563  0.346  0.439  0.400  0.474  0.364  0.286  0.210  0.087  0.007 -0.201 -0.264 -0.331 -0.183 -0.075 -0.198 -0.177 -0.249 -0.258 -0.122  0.063  0.378  0.716  1.000  0.840  0.650  0.404  0.085 -0.257 -0.608 -0.652 -0.636
 -0.509 -0.429 -0.180  0.114  0.500  0.621  0.625  0.450  0.317 -0.016  0.154  0.197  0.224 -0.038 -0.125 -0.345 -0.409 -0.525 -0.491 -0.446 -0.332 -0.059  0.193  0.244  0.090  0.189  0.398  0.313  0.219  0.370  0.390  0.244  0.204  0.285  0.374  0.443  0.440  0.431  0.439  0.598  0.696  0.704  0.737  0.681  0.437  0.232  0.359  0.361  0.490  0.400  0.337  0.279  0.149  0.050 -0.183 -0.298 -0.379 -0.207 -0.118 -0.275 -0.285 -0.379 -0.400 -0.284 -0.126  0.184  0.529  0.840  1.000  0.826  0.553  0.228 -0.238 -0.658 -0.729 -0.715
 -0.443 -0.381 -0.164  0.076  0.368  0.487  0.482  0.310  0.209 -0.029  0.097  0.128  0.147 -0.058 -0.132 -0.311 -0.373 -0.468 -0.427 -0.392 -0.290 -0.056  0.154  0.170  0.055  0.135  0.313  0.238  0.133  0.298  0.334  0.161  0.130  0.258  0.358  0.464  0.457  0.433  0.505  0.696  0.744  0.792  0.700  0.589  0.326  0.115  0.253  0.285  0.439  0.368  0.296  0.211  0.098  0.040 -0.158 -0.240 -0.308 -0.153 -0.055 -0.205 -0.218 -0.320 -0.345 -0.250 -0.125  0.135  0.402  0.650  0.826  1.000  0.771  0.458 -0.075 -0.579 -0.690 -0.692
 -0.276 -0.266 -0.085  0.039  0.181  0.284  0.224  0.167  0.039 -0.085 -0.021 -0.032 -0.048 -0.138 -0.176 -0.257 -0.282 -0.312 -0.246 -0.233 -0.191 -0.049  0.062  0.038 -0.048 -0.019  0.114  0.053 -0.043  0.115  0.152 -0.006 -0.005  0.143  0.216  0.331  0.320  0.276  0.405  0.637  0.616  0.606  0.477  0.386  0.195  0.032  0.141  0.182  0.298  0.254  0.208  0.112  0.053  0.058 -0.062 -0.095 -0.119 -0.001  0.078 -0.031 -0.048 -0.136 -0.165 -0.121 -0.032  0.117  0.279  0.404  0.553  0.771  1.000  0.743  0.263 -0.353 -0.527 -0.561
 -0.050 -0.036  0.030  0.089  0.057  0.090  0.063  0.006 -0.039 -0.021  0.001  0.026  0.009  0.035 -0.020 -0.033 -0.101 -0.137 -0.143 -0.166 -0.153 -0.164 -0.130 -0.154 -0.133 -0.094 -0.049 -0.066 -0.103 -0.003  0.023 -0.087 -0.080  0.036  0.088  0.182  0.197  0.141  0.268  0.465  0.337  0.411  0.207  0.058 -0.076 -0.171 -0.109 -0.076  0.010 -0.025 -0.086 -0.151 -0.185 -0.167 -0.179 -0.136 -0.118 -0.108 -0.045 -0.054 -0.046 -0.059 -0.027  0.010 -0.018  0.035  0.040  0.085  0.228  0.458  0.743  1.000  0.537 -0.065 -0.229 -0.282
  0.270  0.232  0.192  0.089 -0.136 -0.170 -0.278 -0.235 -0.232 -0.104 -0.129 -0.105 -0.131  0.035  0.024  0.140  0.126  0.179  0.177  0.118  0.022 -0.136 -0.260 -0.340 -0.246 -0.252 -0.357 -0.348 -0.288 -0.286 -0.315 -0.301 -0.235 -0.205 -0.259 -0.234 -0.222 -0.255 -0.166 -0.104 -0.210 -0.117 -0.221 -0.257 -0.203 -0.207 -0.242 -0.220 -0.244 -0.226 -0.254 -0.305 -0.252 -0.156 -0.032  0.081  0.168  0.083  0.087  0.178  0.189  0.240  0.289  0.262  0.186  0.057 -0.103 -0.257 -0.238 -0.075  0.263  0.537  1.000  0.384  0.220  0.135
  0.522  0.453  0.222 -0.042 -0.403 -0.487 -0.543 -0.442 -0.397 -0.111 -0.253 -0.227 -0.227  0.039  0.088  0.304  0.352  0.466  0.434  0.362  0.207 -0.106 -0.371 -0.440 -0.271 -0.344 -0.575 -0.502 -0.370 -0.506 -0.555 -0.398 -0.326 -0.413 -0.514 -0.566 -0.561 -0.568 -0.509 -0.558 -0.631 -0.556 -0.611 -0.591 -0.402 -0.286 -0.403 -0.413 -0.536 -0.467 -0.453 -0.454 -0.314 -0.183  0.059  0.207  0.335  0.144  0.076  0.272  0.295  0.408  0.451  0.358  0.212 -0.085 -0.383 -0.608 -0.658 -0.579 -0.353 -0.065  0.384  1.000  0.845  0.693
  0.558  0.488  0.233 -0.044 -0.421 -0.515 -0.537 -0.436 -0.378 -0.114 -0.259 -0.226 -0.215  0.061  0.116  0.341  0.383  0.504  0.459  0.381  0.217 -0.119 -0.397 -0.455 -0.279 -0.347 -0.596 -0.517 -0.369 -0.533 -0.589 -0.406 -0.343 -0.462 -0.562 -0.626 -0.612 -0.608 -0.585 -0.669 -0.738 -0.645 -0.683 -0.650 -0.433 -0.280 -0.417 -0.458 -0.595 -0.525 -0.505 -0.484 -0.333 -0.212  0.045  0.197  0.334  0.128  0.046  0.262  0.285  0.413  0.465  0.371  0.210 -0.101 -0.422 -0.652 -0.729 -0.690 -0.527 -0.229  0.220  0.845  1.000  0.902
