  1.000  0.762  0.516  0.232 -0.132 -0.245 -0.251 -0.166 -0.184 -0.177 -0.175 -0.105 -0.040  0.230  0.314  0.624  0.623  0.602  0.405  0.272  0.216 -0.087 -0.272 -0.306 -0.190 -0.258 -0.400 -0.371 -0.324 -0.384 -0.394 -0.335 -0.272 -0.270 -0.306 -0.315 -0.329 -0.382 -0.345 -0.324 -0.390 -0.363 -0.401 -0.412 -0.319 -0.223 -0.288 -0.303 -0.415 -0.410 -0.431 -0.383 -0.305 -0.251 -0.051  0.092  0.155 -0.029 -0.064  0.110  0.204  0.403  0.584  0.484  0.271  0.037 -0.189 -0.347 -0.399 -0.347 -0.279 -0.128  0.112  0.335  0.443  0.435
  0.762  1.000  0.740  0.451  0.066 -0.060 -0.130 -0.110 -0.148 -0.132 -0.103  0.038  0.124  0.410  0.505  0.622  0.478  0.405  0.225  0.084  0.028 -0.244 -0.357 -0.361 -0.250 -0.252 -0.347 -0.313 -0.238 -0.283 -0.296 -0.238 -0.179 -0.168 -0.209 -0.237 -0.262 -0.327 -0.312 -0.262 -0.308 -0.307 -0.331 -0.333 -0.265 -0.203 -0.257 -0.272 -0.381 -0.422 -0.481 -0.446 -0.414 -0.402 -0.229 -0.053 -0.001 -0.183 -0.151  0.024  0.169  0.362  0.573  0.602  0.356  0.179 -0.045 -0.215 -0.279 -0.255 -0.218 -0.090  0.035  0.250  0.328  0.333
  0.516  0.740  1.000  0.650  0.251  0.091 -0.016 -0.070 -0.179 -0.133 -0.036  0.145  0.243  0.498  0.546  0.462  0.392  0.267  0.100 -0.029 -0.060 -0.291 -0.346 -0.317 -0.276 -0.252 -0.275 -0.248 -0.188 -0.189 -0.194 -0.162 -0.111 -0.100 -0.137 -0.169 -0.198 -0.253 -0.255 -0.228 -0.241 -0.273 -0.265 -0.255 -0.217 -0.185 -0.210 -0.221 -0.297 -0.348 -0.387 -0.367 -0.359 -0.376 -0.255 -0.105 -0.074 -0.194 -0.131 -0.011  0.133  0.270  0.436  0.514  0.413  0.321  0.119 -0.096 -0.173 -0.186 -0.169 -0.103 -0.032  0.165  0.222  0.225
  0.232  0.451  0.650  1.000  0.639  0.476  0.260  0.109 -0.018  0.051  0.198  0.423  0.495  0.613  0.465  0.294  0.161  0.009 -0.134 -0.269 -0.266 -0.394 -0.348 -0.266 -0.241 -0.189 -0.139 -0.117 -0.051 -0.011 -0.019 -0.003  0.031  0.037  0.003 -0.051 -0.082 -0.131 -0.153 -0.091 -0.050 -0.116 -0.083 -0.062 -0.076 -0.116 -0.137 -0.112 -0.183 -0.261 -0.323 -0.315 -0.386 -0.457 -0.412 -0.287 -0.288 -0.360 -0.261 -0.188 -0.054  0.055  0.210  0.429  0.432  0.577  0.409  0.191  0.114  0.034 -0.011 -0.003 -0.160  0.017 -0.031 -0.038
 -0.132  0.066  0.251  0.639  1.000  0.795  0.513  0.323  0.122  0.204  0.359  0.552  0.628  0.447  0.314  0.063 -0.078 -0.237 -0.334 -0.381 -0.318 -0.278 -0.155 -0.034 -0.066 -0.015  0.109  0.127  0.163  0.223  0.204  0.189  0.198  0.181  0.163  0.112  0.069  0.050 -0.003  0.074  0.165  0.100  0.162  0.173  0.075 -0.034 -0.001  0.047  0.036 -0.042 -0.071 -0.057 -0.168 -0.295 -0.370 -0.376 -0.426 -0.408 -0.338 -0.359 -0.277 -0.245 -0.169  0.038  0.112  0.382  0.533  0.447  0.443  0.259  0.150  0.058 -0.244 -0.226 -0.331 -0.323
 -0.245 -0.060  0.091  0.476  0.795  1.000  0.663  0.440  0.255  0.303  0.405  0.565  0.555  0.349  0.190 -0.040 -0.173 -0.325 -0.389 -0.434 -0.346 -0.251 -0.112  0.010 -0.018  0.020  0.150  0.162  0.187  0.262  0.252  0.220  0.223  0.221  0.212  0.173  0.145  0.127  0.073  0.168  0.269  0.186  0.238  0.265  0.133 -0.001  0.035  0.093  0.100  0.017 -0.005 -0.004 -0.125 -0.252 -0.359 -0.375 -0.447 -0.401 -0.320 -0.371 -0.301 -0.294 -0.242 -0.042  0.052  0.374  0.500  0.560  0.561  0.376  0.246  0.119 -0.282 -0.292 -0.452 -0.436
 -0.251 -0.130 -0.016  0.260  0.513  0.663  1.000  0.629  0.216  0.252  0.278  0.296  0.374  0.204  0.086 -0.080 -0.170 -0.309 -0.354 -0.370 -0.272 -0.157 -0.011  0.089  0.046  0.069  0.210  0.216  0.184  0.251  0.266  0.217  0.182  0.193  0.228  0.208  0.182  0.169  0.143  0.188  0.333  0.213  0.289  0.304  0.151  0.030  0.080  0.132  0.144  0.089  0.078  0.085 -0.045 -0.161 -0.276 -0.307 -0.387 -0.330 -0.259 -0.344 -0.287 -0.317 -0.276 -0.125 -0.086  0.187  0.301  0.537  0.588  0.444  0.321  0.112 -0.257 -0.315 -0.462 -0.473
 -0.166 -0.110 -0.070  0.109  0.323  0.440  0.629  1.000  0.587  0.500  0.284  0.245  0.170  0.067  0.007 -0.066 -0.117 -0.196 -0.239 -0.229 -0.159 -0.089 -0.031  0.066  0.057  0.054  0.145  0.139  0.112  0.144  0.157  0.122  0.099  0.092  0.111  0.100  0.104  0.126  0.067  0.034  0.130  0.033  0.118  0.140  0.038 -0.041 -0.012  0.032  0.041 -0.028 -0.031  0.028 -0.016 -0.116 -0.191 -0.250 -0.289 -0.264 -0.257 -0.295 -0.276 -0.249 -0.211 -0.141 -0.134  0.054  0.160  0.338  0.334  0.120  0.044 -0.041 -0.252 -0.208 -0.316 -0.299
 -0.184 -0.148 -0.179 -0.018  0.122  0.255  0.216  0.587  1.000  0.819  0.425  0.319  0.150  0.031 -0.035 -0.081 -0.150 -0.198 -0.212 -0.198 -0.146 -0.059 -0.016  0.036  0.050  0.071  0.120  0.104  0.098  0.115  0.111  0.097  0.094  0.080  0.069  0.051  0.067  0.135  0.108  0.068  0.111  0.149  0.121  0.085  0.004 -0.019 -0.023  0.013  0.052  0.000 -0.011 -0.001 -0.009 -0.055 -0.128 -0.194 -0.208 -0.166 -0.172 -0.203 -0.232 -0.200 -0.208 -0.190 -0.172 -0.044  0.030  0.157  0.203  0.093 -0.000 -0.007 -0.221 -0.242 -0.327 -0.286
 -0.177 -0.132 -0.133  0.051  0.204  0.303  0.252  0.500  0.819  1.000  0.709  0.516  0.320  0.147  0.038 -0.041 -0.128 -0.199 -0.236 -0.233 -0.166 -0.092 -0.028  0.034  0.034  0.067  0.126  0.116  0.129  0.142  0.130  0.137  0.139  0.115  0.096  0.048  0.047  0.117  0.064  0.009  0.081  0.099  0.116  0.072  0.003 -0.017 -0.012  0.025  0.054 -0.005 -0.031 -0.009 -0.042 -0.100 -0.166 -0.220 -0.238 -0.212 -0.212 -0.234 -0.255 -0.224 -0.210 -0.168 -0.172 -0.026  0.037  0.144  0.190  0.045 -0.041 -0.039 -0.265 -0.272 -0.337 -0.312
 -0.175 -0.103 -0.036  0.198  0.359  0.405  0.278  0.284  0.425  0.709  1.000  0.765  0.545  0.319  0.146  0.002 -0.112 -0.212 -0.269 -0.297 -0.225 -0.166 -0.065  0.006 -0.009  0.038  0.114  0.126  0.162  0.201  0.190  0.199  0.216  0.211  0.184  0.112  0.074  0.114  0.042  0.042  0.105  0.082  0.126  0.085  0.017 -0.011  0.013  0.049  0.069 -0.002 -0.040 -0.017 -0.100 -0.176 -0.242 -0.260 -0.299 -0.288 -0.251 -0.270 -0.263 -0.251 -0.210 -0.107 -0.112  0.061  0.110  0.169  0.204  0.093  0.010  0.015 -0.241 -0.282 -0.350 -0.341
 -0.105  0.038  0.145  0.423  0.552  0.565  0.296  0.245  0.319  0.516  0.765  1.000  0.761  0.540  0.315  0.120 -0.034 -0.183 -0.274 -0.345 -0.276 -0.264 -0.146 -0.045 -0.047  0.009  0.082  0.095  0.161  0.195  0.164  0.176  0.207  0.206  0.161  0.086  0.033  0.027 -0.042  0.013  0.084  0.021  0.076  0.048 -0.009 -0.049 -0.025  0.022  0.001 -0.082 -0.130 -0.096 -0.210 -0.316 -0.354 -0.330 -0.379 -0.396 -0.335 -0.327 -0.272 -0.215 -0.134  0.020  0.012  0.189  0.197  0.199  0.213  0.091  0.007 -0.009 -0.286 -0.204 -0.290 -0.286
 -0.040  0.124  0.243  0.495  0.628  0.555  0.374  0.170  0.150  0.320  0.545  0.761  1.000  0.740  0.484  0.234  0.068 -0.119 -0.255 -0.319 -0.222 -0.226 -0.108 -0.002 -0.010  0.032  0.114  0.139  0.168  0.194  0.172  0.176  0.194  0.191  0.164  0.094  0.029  0.017 -0.029  0.023  0.111  0.045  0.093  0.065  0.007 -0.036 -0.023  0.039  0.006 -0.076 -0.127 -0.073 -0.200 -0.320 -0.351 -0.330 -0.395 -0.424 -0.360 -0.358 -0.281 -0.227 -0.132  0.035  0.008  0.182  0.203  0.222  0.266  0.162  0.063  0.024 -0.275 -0.248 -0.307 -0.297
  0.230  0.410  0.498  0.613  0.447  0.349  0.204  0.067  0.031  0.147  0.319  0.540  0.740  1.000  0.722  0.472  0.291  0.090 -0.084 -0.198 -0.142 -0.266 -0.207 -0.120 -0.098 -0.065 -0.034 -0.015  0.017  0.026  0.010  0.016  0.051  0.071  0.040 -0.011 -0.071 -0.104 -0.131 -0.085 -0.037 -0.104 -0.073 -0.100 -0.106 -0.111 -0.123 -0.073 -0.144 -0.225 -0.291 -0.225 -0.317 -0.413 -0.362 -0.267 -0.304 -0.407 -0.340 -0.271 -0.147 -0.032  0.115  0.275  0.175  0.251  0.116  0.052  0.055  0.009 -0.050 -0.027 -0.209 -0.065 -0.094 -0.090
  0.314  0.505  0.546  0.465  0.314  0.190  0.086  0.007 -0.035  0.038  0.146  0.315  0.484  0.722  1.000  0.688  0.462  0.222  0.006 -0.073 -0.007 -0.151 -0.143 -0.075 -0.043 -0.007 -0.007  0.006  0.020  0.018 -0.006 -0.005  0.048  0.065  0.027 -0.008 -0.094 -0.123 -0.133 -0.105 -0.060 -0.131 -0.114 -0.153 -0.173 -0.145 -0.150 -0.119 -0.166 -0.247 -0.287 -0.191 -0.236 -0.327 -0.257 -0.196 -0.227 -0.343 -0.321 -0.252 -0.128 -0.007  0.169  0.261  0.110  0.125  0.033 -0.043 -0.022 -0.055 -0.088 -0.061 -0.162 -0.080 -0.052 -0.026
  0.624  0.622  0.462  0.294  0.063 -0.040 -0.080 -0.066 -0.081 -0.041  0.002  0.120  0.234  0.472  0.688  1.000  0.745  0.497  0.263  0.165  0.203 -0.045 -0.150 -0.133 -0.056 -0.098 -0.167 -0.157 -0.148 -0.183 -0.207 -0.184 -0.117 -0.106 -0.147 -0.163 -0.233 -0.271 -0.251 -0.223 -0.223 -0.252 -0.265 -0.306 -0.275 -0.201 -0.238 -0.212 -0.295 -0.327 -0.350 -0.250 -0.240 -0.261 -0.104 -0.023 -0.024 -0.199 -0.248 -0.132 -0.022  0.147  0.356  0.331  0.102  0.003 -0.146 -0.226 -0.214 -0.202 -0.193 -0.099 -0.049  0.104  0.162  0.181
  0.623  0.478  0.392  0.161 -0.078 -0.173 -0.170 -0.117 -0.150 -0.128 -0.112 -0.034  0.068  0.291  0.462  0.745  1.000  0.766  0.455  0.361  0.442  0.130 -0.049 -0.046  0.003 -0.118 -0.201 -0.193 -0.223 -0.275 -0.287 -0.271 -0.215 -0.202 -0.230 -0.229 -0.284 -0.315 -0.269 -0.270 -0.284 -0.301 -0.318 -0.357 -0.311 -0.209 -0.241 -0.227 -0.302 -0.301 -0.271 -0.157 -0.091 -0.075  0.102  0.142  0.134 -0.026 -0.124 -0.038  0.031  0.158  0.323  0.231  0.062 -0.070 -0.220 -0.314 -0.304 -0.270 -0.232 -0.146  0.002  0.157  0.239  0.251
  0.602  0.405  0.267  0.009 -0.237 -0.325 -0.309 -0.196 -0.198 -0.199 -0.212 -0.183 -0.119  0.090  0.222  0.497  0.766  1.000  0.708  0.581  0.557  0.198 -0.067 -0.109 -0.016 -0.184 -0.330 -0.305 -0.332 -0.399 -0.402 -0.368 -0.311 -0.303 -0.332 -0.325 -0.353 -0.376 -0.309 -0.319 -0.376 -0.351 -0.396 -0.421 -0.350 -0.222 -0.266 -0.276 -0.346 -0.337 -0.293 -0.197 -0.062  0.019  0.252  0.314  0.364  0.192  0.061  0.168  0.169  0.247  0.351  0.211  0.068 -0.141 -0.290 -0.412 -0.418 -0.358 -0.283 -0.170  0.108  0.271  0.400  0.396
  0.405  0.225  0.100 -0.134 -0.334 -0.389 -0.354 -0.239 -0.212 -0.236 -0.269 -0.274 -0.255 -0.084  0.006  0.263  0.455  0.708  1.000  0.724  0.511  0.188 -0.069 -0.143 -0.072 -0.221 -0.360 -0.337 -0.350 -0.416 -0.405 -0.364 -0.325 -0.320 -0.336 -0.328 -0.319 -0.346 -0.276 -0.293 -0.382 -0.342 -0.402 -0.413 -0.325 -0.199 -0.239 -0.287 -0.324 -0.298 -0.237 -0.186 -0.014  0.122  0.390  0.522  0.581  0.396  0.255  0.356  0.308  0.291  0.280  0.138  0.084 -0.144 -0.298 -0.418 -0.442 -0.361 -0.266 -0.169  0.155  0.322  0.435  0.417
  0.272  0.084 -0.029 -0.269 -0.381 -0.434 -0.370 -0.229 -0.198 -0.233 -0.297 -0.345 -0.319 -0.198 -0.073  0.165  0.361  0.581  0.724  1.000  0.756  0.431  0.135  0.030  0.079 -0.099 -0.252 -0.245 -0.307 -0.386 -0.384 -0.365 -0.334 -0.330 -0.341 -0.316 -0.305 -0.307 -0.225 -0.271 -0.342 -0.292 -0.342 -0.368 -0.299 -0.186 -0.218 -0.247 -0.252 -0.199 -0.101 -0.019  0.166  0.319  0.557  0.528  0.593  0.459  0.277  0.332  0.240  0.174  0.138 -0.027 -0.056 -0.265 -0.324 -0.414 -0.403 -0.333 -0.243 -0.172  0.173  0.242  0.382  0.379
  0.216  0.028 -0.060 -0.266 -0.318 -0.346 -0.272 -0.159 -0.146 -0.166 -0.225 -0.276 -0.222 -0.142 -0.007  0.203  0.442  0.557  0.511  0.756  1.000  0.718  0.391  0.287  0.343  0.108 -0.061 -0.061 -0.173 -0.270 -0.291 -0.299 -0.268 -0.264 -0.275 -0.241 -0.252 -0.241 -0.177 -0.215 -0.237 -0.232 -0.249 -0.285 -0.252 -0.167 -0.183 -0.161 -0.150 -0.076  0.043  0.190  0.324  0.432  0.589  0.444  0.396  0.302  0.100  0.102  0.053  0.012  0.021 -0.118 -0.175 -0.309 -0.310 -0.341 -0.293 -0.241 -0.182 -0.140  0.103  0.078  0.189  0.201
 -0.087 -0.244 -0.291 -0.394 -0.278 -0.251 -0.157 -0.089 -0.059 -0.092 -0.166 -0.264 -0.226 -0.266 -0.151 -0.045  0.130  0.198  0.188  0.431  0.718  1.000  0.738  0.602  0.619  0.403  0.213  0.179  0.042 -0.066 -0.111 -0.146 -0.143 -0.155 -0.154 -0.110 -0.106 -0.051 -0.031 -0.065 -0.058 -0.050 -0.029 -0.073 -0.097 -0.076 -0.053 -0.004  0.083  0.219  0.380  0.543  0.606  0.660  0.606  0.346  0.228  0.275  0.089 -0.012 -0.087 -0.187 -0.241 -0.346 -0.341 -0.366 -0.239 -0.177 -0.096 -0.065 -0.043 -0.077  0.073 -0.141 -0.075 -0.043
 -0.272 -0.357 -0.346 -0.348 -0.155 -0.112 -0.011 -0.031 -0.016 -0.028 -0.065 -0.146 -0.108 -0.207 -0.143 -0.150 -0.049 -0.067 -0.069  0.135  0.391  0.738  1.000  0.800  0.653  0.557  0.496  0.402  0.210  0.126  0.089  0.018 -0.022 -0.033 -0.009  0.035  0.064  0.145  0.124  0.067  0.119  0.100  0.173  0.109  0.042  0.009  0.069  0.134  0.277  0.422  0.550  0.697  0.593  0.549  0.381  0.151 -0.017  0.093  0.002 -0.155 -0.214 -0.321 -0.383 -0.426 -0.389 -0.309 -0.142 -0.002  0.079  0.075  0.052 -0.038 -0.042 -0.288 -0.281 -0.248
 -0.306 -0.361 -0.317 -0.266 -0.034  0.010  0.089  0.066  0.036  0.034  0.006 -0.045 -0.002 -0.120 -0.075 -0.133 -0.046 -0.109 -0.143  0.030  0.287  0.602  0.800  1.000  0.782  0.552  0.618  0.567  0.324  0.249  0.221  0.139  0.094  0.074  0.099  0.123  0.103  0.168  0.119  0.088  0.184  0.095  0.183  0.163  0.089  0.050  0.110  0.189  0.295  0.396  0.531  0.726  0.608  0.450  0.263  0.021 -0.153 -0.037 -0.106 -0.274 -0.299 -0.378 -0.419 -0.437 -0.397 -0.257 -0.063  0.091  0.165  0.115  0.071 -0.059 -0.165 -0.373 -0.390 -0.348
 -0.190 -0.250 -0.276 -0.241 -0.066 -0.018  0.046  0.057  0.050  0.034 -0.009 -0.047 -0.010 -0.098 -0.043 -0.056  0.003 -0.016 -0.072  0.079  0.343  0.619  0.653  0.782  1.000  0.725  0.536  0.566  0.421  0.250  0.174  0.135  0.094  0.052  0.060  0.067  0.036  0.088  0.044  0.050  0.133  0.059  0.104  0.065 -0.009 -0.020  0.008  0.059  0.144  0.233  0.348  0.537  0.454  0.335  0.222  0.018 -0.126 -0.071 -0.158 -0.269 -0.281 -0.323 -0.327 -0.343 -0.360 -0.259 -0.118  0.014  0.097  0.076  0.046 -0.027 -0.104 -0.301 -0.304 -0.259
 -0.258 -0.252 -0.252 -0.189 -0.015  0.020  0.069  0.054  0.071  0.067  0.038  0.009  0.032 -0.065 -0.007 -0.098 -0.118 -0.184 -0.221 -0.099  0.108  0.403  0.557  0.552  0.725  1.000  0.711  0.577  0.564  0.441  0.293  0.246  0.199  0.143  0.140  0.141  0.130  0.202  0.132  0.105  0.191  0.147  0.193  0.113  0.019 -0.017  0.022  0.044  0.147  0.198  0.243  0.380  0.276  0.157  0.013 -0.129 -0.236 -0.172 -0.207 -0.294 -0.313 -0.344 -0.347 -0.315 -0.325 -0.198 -0.079  0.056  0.128  0.102  0.056  0.009 -0.099 -0.302 -0.310 -0.272
 -0.400 -0.347 -0.275 -0.139  0.109  0.150  0.210  0.145  0.120  0.126  0.114  0.082  0.114 -0.034 -0.007 -0.167 -0.201 -0.330 -0.360 -0.252 -0.061  0.213  0.496  0.618  0.536  0.711  1.000  0.810  0.585  0.611  0.571  0.417  0.335  0.338  0.375  0.393  0.371  0.441  0.337  0.254  0.385  0.257  0.325  0.272  0.140  0.075  0.145  0.169  0.289  0.295  0.334  0.456  0.298  0.115 -0.078 -0.236 -0.367 -0.255 -0.247 -0.386 -0.394 -0.439 -0.455 -0.390 -0.354 -0.133  0.049  0.238  0.300  0.230  0.147  0.017 -0.268 -0.479 -0.545 -0.505
 -0.371 -0.313 -0.248 -0.117  0.127  0.162  0.216  0.139  0.104  0.116  0.126  0.095  0.139 -0.015  0.006 -0.157 -0.193 -0.305 -0.337 -0.245 -0.061  0.179  0.402  0.567  0.566  0.577  0.810  1.000  0.741  0.631  0.664  0.577  0.451  0.409  0.455  0.420  0.341  0.357  0.263  0.245  0.373  0.217  0.258  0.222  0.086  0.050  0.108  0.124  0.223  0.232  0.290  0.401  0.267  0.094 -0.075 -0.226 -0.348 -0.251 -0.251 -0.382 -0.380 -0.421 -0.427 -0.366 -0.342 -0.133  0.044  0.215  0.288  0.227  0.151  0.028 -0.284 -0.486 -0.548 -0.501
 -0.324 -0.238 -0.188 -0.051  0.163  0.187  0.184  0.112  0.098  0.129  0.162  0.161  0.168  0.017  0.020 -0.148 -0.223 -0.332 -0.350 -0.307 -0.173  0.042  0.210  0.324  0.421  0.564  0.585  0.741  1.000  0.801  0.637  0.700  0.637  0.496  0.461  0.353  0.210  0.210  0.095  0.137  0.292  0.138  0.172  0.126  0.014 -0.007  0.026  0.025  0.098  0.102  0.139  0.222  0.110 -0.036 -0.183 -0.280 -0.363 -0.289 -0.272 -0.354 -0.351 -0.374 -0.355 -0.270 -0.260 -0.076  0.052  0.166  0.217  0.152  0.089  0.019 -0.252 -0.364 -0.417 -0.363
 -0.384 -0.283 -0.189 -0.011  0.223  0.262  0.251  0.144  0.115  0.142  0.201  0.195  0.194  0.026  0.018 -0.183 -0.275 -0.399 -0.416 -0.386 -0.270 -0.066  0.126  0.249  0.250  0.441  0.611  0.631  0.801  1.000  0.832  0.743  0.730  0.689  0.645  0.582  0.401  0.368  0.259  0.274  0.425  0.226  0.241  0.204  0.072  0.029  0.077  0.071  0.153  0.109  0.124  0.187  0.061 -0.097 -0.258 -0.344 -0.417 -0.326 -0.286 -0.376 -0.371 -0.396 -0.386 -0.276 -0.229 -0.014  0.126  0.270  0.311  0.255  0.170  0.071 -0.322 -0.437 -0.546 -0.503
 -0.394 -0.296 -0.194 -0.019  0.204  0.252  0.266  0.157  0.111  0.130  0.190  0.164  0.172  0.010 -0.006 -0.207 -0.287 -0.402 -0.405 -0.384 -0.291 -0.111  0.089  0.221  0.174  0.293  0.571  0.664  0.637  0.832  1.000  0.834  0.709  0.730  0.772  0.713  0.564  0.485  0.389  0.366  0.454  0.260  0.252  0.235  0.096  0.062  0.118  0.104  0.177  0.124  0.138  0.178  0.053 -0.094 -0.245 -0.318 -0.385 -0.291 -0.242 -0.339 -0.335 -0.370 -0.378 -0.278 -0.219 -0.004  0.128  0.287  0.330  0.291  0.199  0.085 -0.354 -0.499 -0.613 -0.577
 -0.335 -0.238 -0.162 -0.003  0.189  0.220  0.217  0.122  0.097  0.137  0.199  0.176  0.176  0.016 -0.005 -0.184 -0.271 -0.368 -0.364 -0.365 -0.299 -0.146  0.018  0.139  0.135  0.246  0.417  0.577  0.700  0.743  0.834  1.000  0.852  0.717  0.712  0.541  0.334  0.277  0.175  0.214  0.330  0.152  0.161  0.158  0.049  0.041  0.075  0.059  0.103  0.064  0.075  0.110  0.004 -0.124 -0.249 -0.298 -0.349 -0.273 -0.227 -0.300 -0.296 -0.319 -0.313 -0.219 -0.179 -0.001  0.106  0.213  0.242  0.187  0.113  0.036 -0.316 -0.401 -0.475 -0.429
 -0.272 -0.179 -0.111  0.031  0.198  0.223  0.182  0.099  0.094  0.139  0.216  0.207  0.194  0.051  0.048 -0.117 -0.215 -0.311 -0.325 -0.334 -0.268 -0.143 -0.022  0.094  0.094  0.199  0.335  0.451  0.637  0.730  0.709  0.852  1.000  0.840  0.701  0.540  0.226  0.178  0.083  0.137  0.287  0.093  0.106  0.103  0.006 -0.003  0.023  0.025  0.063  0.017  0.030  0.079 -0.018 -0.139 -0.246 -0.292 -0.336 -0.275 -0.239 -0.296 -0.284 -0.292 -0.268 -0.173 -0.149  0.010  0.102  0.173  0.200  0.151  0.082  0.014 -0.307 -0.354 -0.417 -0.379
 -0.270 -0.168 -0.100  0.037  0.181  0.221  0.193  0.092  0.080  0.115  0.211  0.206  0.191  0.071  0.065 -0.106 -0.202 -0.303 -0.320 -0.330 -0.264 -0.155 -0.033  0.074  0.052  0.143  0.338  0.409  0.496  0.689  0.730  0.717  0.840  1.000  0.878  0.765  0.433  0.319  0.246  0.247  0.367  0.149  0.137  0.130  0.025  0.006  0.033  0.029  0.079  0.020  0.030  0.069 -0.040 -0.157 -0.257 -0.293 -0.333 -0.282 -0.240 -0.292 -0.276 -0.288 -0.265 -0.163 -0.136  0.022  0.103  0.200  0.229  0.216  0.144  0.051 -0.344 -0.397 -0.493 -0.471
 -0.306 -0.209 -0.137  0.003  0.163  0.212  0.228  0.111  0.069  0.096  0.184  0.161  0.164  0.040  0.027 -0.147 -0.230 -0.332 -0.336 -0.341 -0.275 -0.154 -0.009  0.099  0.060  0.140  0.375  0.455  0.461  0.645  0.772  0.712  0.701  0.878  1.000  0.878  0.610  0.445  0.367  0.360  0.436  0.223  0.189  0.181  0.064  0.043  0.076  0.061  0.122  0.057  0.066  0.096 -0.021 -0.142 -0.251 -0.287 -0.333 -0.272 -0.224 -0.291 -0.278 -0.300 -0.292 -0.199 -0.159  0.010  0.104  0.242  0.281  0.285  0.220  0.108 -0.337 -0.445 -0.566 -0.545
 -0.315 -0.237 -0.169 -0.051  0.112  0.173  0.208  0.100  0.051  0.048  0.112  0.086  0.094 -0.011 -0.008 -0.163 -0.229 -0.325 -0.328 -0.316 -0.241 -0.110  0.035  0.123  0.067  0.141  0.393  0.420  0.353  0.582  0.713  0.541  0.540  0.765  0.878  1.000  0.771  0.563  0.486  0.460  0.481  0.299  0.240  0.217  0.092  0.052  0.092  0.082  0.165  0.106  0.111  0.127  0.016 -0.096 -0.211 -0.261 -0.308 -0.237 -0.192 -0.271 -0.271 -0.301 -0.307 -0.234 -0.185 -0.018  0.091  0.254  0.299  0.338  0.275  0.166 -0.267 -0.442 -0.586 -0.572
 -0.329 -0.262 -0.198 -0.082  0.069  0.145  0.182  0.104  0.067  0.047  0.074  0.033  0.029 -0.071 -0.094 -0.233 -0.284 -0.353 -0.319 -0.305 -0.252 -0.106  0.064  0.103  0.036  0.130  0.371  0.341  0.210  0.401  0.564  0.334  0.226  0.433  0.610  0.771  1.000  0.794  0.624  0.543  0.448  0.357  0.286  0.254  0.142  0.096  0.140  0.111  0.201  0.144  0.143  0.119  0.017 -0.062 -0.176 -0.215 -0.258 -0.176 -0.120 -0.201 -0.217 -0.261 -0.297 -0.232 -0.162 -0.003  0.093  0.266  0.297  0.331  0.287  0.215 -0.151 -0.402 -0.549 -0.529
 -0.382 -0.327 -0.253 -0.131  0.050  0.127  0.169  0.126  0.135  0.117  0.114  0.027  0.017 -0.104 -0.123 -0.271 -0.315 -0.376 -0.346 -0.307 -0.241 -0.051  0.145  0.168  0.088  0.202  0.441  0.357  0.210  0.368  0.485  0.277  0.178  0.319  0.445  0.563  0.794  1.000  0.775  0.509  0.478  0.444  0.381  0.300  0.159  0.104  0.165  0.139  0.261  0.218  0.207  0.176  0.070 -0.001 -0.148 -0.222 -0.271 -0.164 -0.112 -0.216 -0.255 -0.327 -0.376 -0.307 -0.231 -0.048  0.068  0.266  0.319  0.322  0.259  0.166 -0.130 -0.449 -0.542 -0.501
 -0.345 -0.312 -0.255 -0.153 -0.003  0.073  0.143  0.067  0.108  0.064  0.042 -0.042 -0.029 -0.131 -0.133 -0.251 -0.269 -0.309 -0.276 -0.225 -0.177 -0.031  0.124  0.119  0.044  0.132  0.337  0.263  0.095  0.259  0.389  0.175  0.083  0.246  0.367  0.486  0.624  0.775  1.000  0.680  0.583  0.566  0.438  0.306  0.140  0.088  0.146  0.111  0.253  0.228  0.204  0.134  0.065  0.034 -0.095 -0.161 -0.190 -0.092 -0.051 -0.152 -0.209 -0.301 -0.345 -0.298 -0.228 -0.077  0.043  0.250  0.347  0.421  0.393  0.284 -0.056 -0.379 -0.518 -0.517
 -0.324 -0.262 -0.228 -0.091  0.074  0.168  0.188  0.034  0.068  0.009  0.042  0.013  0.023 -0.085 -0.105 -0.223 -0.270 -0.319 -0.293 -0.271 -0.215 -0.065  0.067  0.088  0.050  0.105  0.254  0.245  0.137  0.274  0.366  0.214  0.137  0.247  0.360  0.460  0.543  0.509  0.680  1.000  0.747  0.651  0.470  0.343  0.151  0.077  0.132  0.131  0.268  0.218  0.171  0.100  0.028 -0.022 -0.148 -0.198 -0.239 -0.147 -0.090 -0.195 -0.209 -0.281 -0.318 -0.252 -0.193 -0.042  0.116  0.311  0.454  0.590  0.645  0.613  0.125 -0.321 -0.592 -0.615
 -0.390 -0.308 -0.241 -0.050  0.165  0.269  0.333  0.130  0.111  0.081  0.105  0.084  0.111 -0.037 -0.060 -0.223 -0.284 -0.376 -0.382 -0.342 -0.237 -0.058  0.119  0.184  0.133  0.191  0.385  0.373  0.292  0.425  0.454  0.330  0.287  0.367  0.436  0.481  0.448  0.478  0.583  0.747  1.000  0.707  0.567  0.423  0.188  0.077  0.155  0.175  0.327  0.265  0.212  0.165  0.046 -0.034 -0.196 -0.275 -0.340 -0.235 -0.173 -0.297 -0.301 -0.375 -0.396 -0.292 -0.230 -0.021  0.176  0.436  0.599  0.657  0.638  0.447 -0.138 -0.404 -0.648 -0.666
 -0.363 -0.307 -0.273 -0.116  0.100  0.186  0.213  0.033  0.149  0.099  0.082  0.021  0.045 -0.104 -0.131 -0.252 -0.301 -0.351 -0.342 -0.292 -0.232 -0.050  0.100  0.095  0.059  0.147  0.257  0.217  0.138  0.226  0.260  0.152  0.093  0.149  0.223  0.299  0.357  0.444  0.566  0.651  0.707  1.000  0.766  0.510  0.233  0.071  0.137  0.146  0.359  0.341  0.254  0.119  0.042  0.022 -0.137 -0.217 -0.247 -0.129 -0.070 -0.188 -0.238 -0.325 -0.378 -0.306 -0.242 -0.062  0.149  0.406  0.607  0.717  0.594  0.470  0.026 -0.376 -0.533 -0.547
 -0.401 -0.331 -0.265 -0.083  0.162  0.238  0.289  0.118  0.121  0.116  0.126  0.076  0.093 -0.073 -0.114 -0.265 -0.318 -0.396 -0.402 -0.342 -0.249 -0.029  0.173  0.183  0.104  0.193  0.325  0.258  0.172  0.241  0.252  0.161  0.106  0.137  0.189  0.240  0.286  0.381  0.438  0.470  0.567  0.766  1.000  0.751  0.406  0.119  0.220  0.248  0.494  0.471  0.354  0.237  0.102  0.037 -0.163 -0.271 -0.329 -0.195 -0.125 -0.267 -0.300 -0.381 -0.415 -0.320 -0.256 -0.024  0.240  0.533  0.623  0.583  0.430  0.268 -0.086 -0.383 -0.518 -0.524
 -0.412 -0.333 -0.255 -0.062  0.173  0.265  0.304  0.140  0.085  0.072  0.085  0.048  0.065 -0.100 -0.153 -0.306 -0.357 -0.421 -0.413 -0.368 -0.285 -0.073  0.109  0.163  0.065  0.113  0.272  0.222  0.126  0.204  0.235  0.158  0.103  0.130  0.181  0.217  0.254  0.300  0.306  0.343  0.423  0.510  0.751  1.000  0.701  0.312  0.431  0.477  0.561  0.425  0.313  0.232  0.105  0.008 -0.201 -0.300 -0.353 -0.227 -0.152 -0.275 -0.278 -0.331 -0.372 -0.275 -0.197  0.038  0.313  0.602  0.562  0.471  0.329  0.160 -0.124 -0.346 -0.463 -0.467
 -0.319 -0.265 -0.217 -0.076  0.075  0.133  0.151  0.038  0.004  0.003  0.017 -0.009  0.007 -0.106 -0.173 -0.275 -0.311 -0.350 -0.325 -0.299 -0.252 -0.097  0.042  0.089 -0.009  0.019  0.140  0.086  0.014  0.072  0.096  0.049  0.006  0.025  0.064  0.092  0.142  0.159  0.140  0.151  0.188  0.233  0.406  0.701  1.000  0.613  0.484  0.489  0.377  0.338  0.244  0.162  0.040 -0.027 -0.183 -0.244 -0.285 -0.193 -0.120 -0.197 -0.178 -0.178 -0.240 -0.182 -0.098  0.080  0.256  0.383  0.307  0.220  0.137  0.039 -0.074 -0.161 -0.234 -0.244
 -0.223 -0.203 -0.185 -0.116 -0.034 -0.001  0.030 -0.041 -0.019 -0.017 -0.011 -0.049 -0.036 -0.111 -0.145 -0.201 -0.209 -0.222 -0.199 -0.186 -0.167 -0.076  0.009  0.050 -0.020 -0.017  0.075  0.050 -0.007  0.029  0.062  0.041 -0.003  0.006  0.043  0.052  0.096  0.104  0.088  0.077  0.077  0.071  0.119  0.312  0.613  1.000  0.681  0.439  0.226  0.162  0.143  0.106  0.035 -0.022 -0.115 -0.158 -0.181 -0.129 -0.098 -0.136 -0.130 -0.122 -0.182 -0.169 -0.143 -0.065  0.050  0.140  0.104  0.058  0.038 -0.032 -0.055 -0.108 -0.125 -0.124
 -0.288 -0.257 -0.210 -0.137 -0.001  0.035  0.080 -0.012 -0.023 -0.012  0.013 -0.025 -0.023 -0.123 -0.150 -0.238 -0.241 -0.266 -0.239 -0.218 -0.183 -0.053  0.069  0.110  0.008  0.022  0.145  0.108  0.026  0.077  0.118  0.075  0.023  0.033  0.076  0.092  0.140  0.165  0.146  0.132  0.155  0.137  0.220  0.431  0.484  0.681  1.000  0.675  0.421  0.219  0.169  0.170  0.094  0.020 -0.107 -0.168 -0.199 -0.126 -0.089 -0.150 -0.158 -0.176 -0.246 -0.217 -0.192 -0.105  0.042  0.191  0.175  0.114  0.072 -0.043 -0.107 -0.193 -0.212 -0.213
 -0.303 -0.272 -0.221 -0.112  0.047  0.093  0.132  0.032  0.013  0.025  0.049  0.022  0.039 -0.073 -0.119 -0.212 -0.227 -0.276 -0.287 -0.247 -0.161 -0.004  0.134  0.189  0.059  0.044  0.169  0.124  0.025  0.071  0.104  0.059  0.025  0.029  0.061  0.082  0.111  0.139  0.111  0.131  0.175  0.146  0.248  0.477  0.489  0.439  0.675  1.000  0.683  0.400  0.248  0.259  0.133  0.032 -0.122 -0.213 -0.277 -0.190 -0.135 -0.224 -0.221 -0.238 -0.288 -0.250 -0.224 -0.096  0.049  0.192  0.213  0.157  0.105 -0.005 -0.095 -0.199 -0.251 -0.256
 -0.415 -0.381 -0.297 -0.183  0.036  0.100  0.144  0.041  0.052  0.054  0.069  0.001  0.006 -0.144 -0.166 -0.295 -0.302 -0.346 -0.324 -0.252 -0.150  0.083  0.277  0.295  0.144  0.147  0.289  0.223  0.098  0.153  0.177  0.103  0.063  0.079  0.122  0.165  0.201  0.261  0.253  0.268  0.327  0.359  0.494  0.561  0.377  0.226  0.421  0.683  1.000  0.692  0.467  0.398  0.241  0.176 -0.035 -0.162 -0.243 -0.091 -0.021 -0.178 -0.225 -0.322 -0.400 -0.360 -0.298 -0.122  0.083  0.285  0.340  0.307  0.224  0.089 -0.075 -0.311 -0.413 -0.402
 -0.410 -0.422 -0.348 -0.261 -0.042  0.017  0.089 -0.028  0.000 -0.005 -0.002 -0.082 -0.076 -0.225 -0.247 -0.327 -0.301 -0.337 -0.298 -0.199 -0.076  0.219  0.422  0.396  0.233  0.198  0.295  0.232  0.102  0.109  0.124  0.064  0.017  0.020  0.057  0.106  0.144  0.218  0.228  0.218  0.265  0.341  0.471  0.425  0.338  0.162  0.219  0.400  0.692  1.000  0.784  0.586  0.360  0.341  0.096 -0.060 -0.171  0.022  0.093 -0.110 -0.174 -0.313 -0.423 -0.407 -0.319 -0.142  0.061  0.202  0.272  0.273  0.201  0.068 -0.019 -0.268 -0.337 -0.336
 -0.431 -0.481 -0.387 -0.323 -0.071 -0.005  0.078 -0.031 -0.011 -0.031 -0.040 -0.130 -0.127 -0.291 -0.287 -0.350 -0.271 -0.293 -0.237 -0.101  0.043  0.380  0.550  0.531  0.348  0.243  0.334  0.290  0.139  0.124  0.138  0.075  0.030  0.030  0.066  0.111  0.143  0.207  0.204  0.171  0.212  0.254  0.354  0.313  0.244  0.143  0.169  0.248  0.467  0.784  1.000  0.801  0.604  0.567  0.285  0.068 -0.067  0.163  0.175 -0.064 -0.149 -0.325 -0.457 -0.475 -0.346 -0.181  0.047  0.176  0.235  0.231  0.180  0.020 -0.036 -0.302 -0.356 -0.339
 -0.383 -0.446 -0.367 -0.315 -0.057 -0.004  0.085  0.028 -0.001 -0.009 -0.017 -0.096 -0.073 -0.225 -0.191 -0.250 -0.157 -0.197 -0.186 -0.019  0.190  0.543  0.697  0.726  0.537  0.380  0.456  0.401  0.222  0.187  0.178  0.110  0.079  0.069  0.096  0.127  0.119  0.176  0.134  0.100  0.165  0.119  0.237  0.232  0.162  0.106  0.170  0.259  0.398  0.586  0.801  1.000  0.769  0.606  0.333  0.066 -0.106  0.086  0.024 -0.201 -0.256 -0.383 -0.470 -0.486 -0.398 -0.243 -0.015  0.121  0.177  0.141  0.101 -0.050 -0.104 -0.356 -0.380 -0.344
 -0.305 -0.414 -0.359 -0.386 -0.168 -0.125 -0.045 -0.016 -0.009 -0.042 -0.100 -0.210 -0.200 -0.317 -0.236 -0.240 -0.091 -0.062 -0.014  0.166  0.324  0.606  0.593  0.608  0.454  0.276  0.298  0.267  0.110  0.061  0.053  0.004 -0.018 -0.040 -0.021  0.016  0.017  0.070  0.065  0.028  0.046  0.042  0.102  0.105  0.040  0.035  0.094  0.133  0.241  0.360  0.604  0.769  1.000  0.791  0.534  0.257  0.134  0.299  0.157 -0.031 -0.121 -0.263 -0.373 -0.449 -0.356 -0.301 -0.090 -0.001  0.055  0.036  0.036 -0.076 -0.010 -0.251 -0.232 -0.195
 -0.251 -0.402 -0.376 -0.457 -0.295 -0.252 -0.161 -0.116 -0.055 -0.100 -0.176 -0.316 -0.320 -0.413 -0.327 -0.261 -0.075  0.019  0.122  0.319  0.432  0.660  0.549  0.450  0.335  0.157  0.115  0.094 -0.036 -0.097 -0.094 -0.124 -0.139 -0.157 -0.142 -0.096 -0.062 -0.001  0.034 -0.022 -0.034  0.022  0.037  0.008 -0.027 -0.022  0.020  0.032  0.176  0.341  0.567  0.606  0.791  1.000  0.769  0.473  0.362  0.533  0.349  0.162  0.032 -0.150 -0.294 -0.406 -0.307 -0.330 -0.162 -0.111 -0.049 -0.022 -0.000 -0.081  0.095 -0.118 -0.082 -0.065
 -0.051 -0.229 -0.255 -0.412 -0.370 -0.359 -0.276 -0.191 -0.128 -0.166 -0.242 -0.354 -0.351 -0.362 -0.257 -0.104  0.102  0.252  0.390  0.557  0.589  0.606  0.381  0.263  0.222  0.013 -0.078 -0.075 -0.183 -0.258 -0.245 -0.249 -0.246 -0.257 -0.251 -0.211 -0.176 -0.148 -0.095 -0.148 -0.196 -0.137 -0.163 -0.201 -0.183 -0.115 -0.107 -0.122 -0.035  0.096  0.285  0.333  0.534  0.769  1.000  0.750  0.617  0.663  0.437  0.338  0.214  0.031 -0.097 -0.246 -0.180 -0.312 -0.261 -0.281 -0.238 -0.176 -0.115 -0.129  0.139  0.036  0.130  0.135
  0.092 -0.053 -0.105 -0.287 -0.376 -0.375 -0.307 -0.250 -0.194 -0.220 -0.260 -0.330 -0.330 -0.267 -0.196 -0.023  0.142  0.314  0.522  0.528  0.444  0.346  0.151  0.021  0.018 -0.129 -0.236 -0.226 -0.280 -0.344 -0.318 -0.298 -0.292 -0.293 -0.287 -0.261 -0.215 -0.222 -0.161 -0.198 -0.275 -0.217 -0.271 -0.300 -0.244 -0.158 -0.168 -0.213 -0.162 -0.060  0.068  0.066  0.257  0.473  0.750  1.000  0.780  0.660  0.561  0.546  0.487  0.245  0.112 -0.042 -0.001 -0.197 -0.272 -0.341 -0.339 -0.243 -0.166 -0.132  0.153  0.170  0.263  0.248
  0.155 -0.001 -0.074 -0.288 -0.426 -0.447 -0.387 -0.289 -0.208 -0.238 -0.299 -0.379 -0.395 -0.304 -0.227 -0.024  0.134  0.364  0.581  0.593  0.396  0.228 -0.017 -0.153 -0.126 -0.236 -0.367 -0.348 -0.363 -0.417 -0.385 -0.349 -0.336 -0.333 -0.333 -0.308 -0.258 -0.271 -0.190 -0.239 -0.340 -0.247 -0.329 -0.353 -0.285 -0.181 -0.199 -0.277 -0.243 -0.171 -0.067 -0.106  0.134  0.362  0.617  0.780  1.000  0.820  0.632  0.689  0.511  0.326  0.204  0.034  0.066 -0.184 -0.288 -0.394 -0.407 -0.305 -0.203 -0.140  0.216  0.278  0.404  0.380
 -0.029 -0.183 -0.194 -0.360 -0.408 -0.401 -0.330 -0.264 -0.166 -0.212 -0.288 -0.396 -0.424 -0.407 -0.343 -0.199 -0.026  0.192  0.396  0.459  0.302  0.275  0.093 -0.037 -0.071 -0.172 -0.255 -0.251 -0.289 -0.326 -0.291 -0.273 -0.275 -0.282 -0.272 -0.237 -0.176 -0.164 -0.092 -0.147 -0.235 -0.129 -0.195 -0.227 -0.193 -0.129 -0.126 -0.190 -0.091  0.022  0.163  0.086  0.299  0.533  0.663  0.660  0.820  1.000  0.801  0.677  0.430  0.217  0.055 -0.106 -0.019 -0.212 -0.231 -0.298 -0.287 -0.199 -0.114 -0.108  0.201  0.174  0.268  0.247
 -0.064 -0.151 -0.131 -0.261 -0.338 -0.320 -0.259 -0.257 -0.172 -0.212 -0.251 -0.335 -0.360 -0.340 -0.321 -0.248 -0.124  0.061  0.255  0.277  0.100  0.089  0.002 -0.106 -0.158 -0.207 -0.247 -0.251 -0.272 -0.286 -0.242 -0.227 -0.239 -0.240 -0.224 -0.192 -0.120 -0.112 -0.051 -0.090 -0.173 -0.070 -0.125 -0.152 -0.120 -0.098 -0.089 -0.135 -0.021  0.093  0.175  0.024  0.157  0.349  0.437  0.561  0.632  0.801  1.000  0.776  0.591  0.298  0.112 -0.032  0.063 -0.109 -0.158 -0.218 -0.223 -0.129 -0.061 -0.067  0.173  0.161  0.214  0.186
  0.110  0.024 -0.011 -0.188 -0.359 -0.371 -0.344 -0.295 -0.203 -0.234 -0.270 -0.327 -0.358 -0.271 -0.252 -0.132 -0.038  0.168  0.356  0.332  0.102 -0.012 -0.155 -0.274 -0.269 -0.294 -0.386 -0.382 -0.354 -0.376 -0.339 -0.300 -0.296 -0.292 -0.291 -0.271 -0.201 -0.216 -0.152 -0.195 -0.297 -0.188 -0.267 -0.275 -0.197 -0.136 -0.150 -0.224 -0.178 -0.110 -0.064 -0.201 -0.031  0.162  0.338  0.546  0.689  0.677  0.776  1.000  0.761  0.482  0.303  0.139  0.194 -0.053 -0.193 -0.314 -0.352 -0.259 -0.174 -0.119  0.199  0.298  0.395  0.358
  0.204  0.169  0.133 -0.054 -0.277 -0.301 -0.287 -0.276 -0.232 -0.255 -0.263 -0.272 -0.281 -0.147 -0.128 -0.022  0.031  0.169  0.308  0.240  0.053 -0.087 -0.214 -0.299 -0.281 -0.313 -0.394 -0.380 -0.351 -0.371 -0.335 -0.296 -0.284 -0.276 -0.278 -0.271 -0.217 -0.255 -0.209 -0.209 -0.301 -0.238 -0.300 -0.278 -0.178 -0.130 -0.158 -0.221 -0.225 -0.174 -0.149 -0.256 -0.121  0.032  0.214  0.487  0.511  0.430  0.591  0.761  1.000  0.716  0.484  0.301  0.355  0.072 -0.119 -0.267 -0.340 -0.251 -0.170 -0.107  0.162  0.301  0.381  0.344
  0.403  0.362  0.270  0.055 -0.245 -0.294 -0.317 -0.249 -0.200 -0.224 -0.251 -0.215 -0.227 -0.032 -0.007  0.147  0.158  0.247  0.291  0.174  0.012 -0.187 -0.321 -0.378 -0.323 -0.344 -0.439 -0.421 -0.374 -0.396 -0.370 -0.319 -0.292 -0.288 -0.300 -0.301 -0.261 -0.327 -0.301 -0.281 -0.375 -0.325 -0.381 -0.331 -0.178 -0.122 -0.176 -0.238 -0.322 -0.313 -0.325 -0.383 -0.263 -0.150  0.031  0.245  0.326  0.217  0.298  0.482  0.716  1.000  0.741  0.493  0.486  0.148 -0.112 -0.297 -0.391 -0.325 -0.247 -0.139  0.141  0.371  0.471  0.448
  0.584  0.573  0.436  0.210 -0.169 -0.242 -0.276 -0.211 -0.208 -0.210 -0.210 -0.134 -0.132  0.115  0.169  0.356  0.323  0.351  0.280  0.138  0.021 -0.241 -0.383 -0.419 -0.327 -0.347 -0.455 -0.427 -0.355 -0.386 -0.378 -0.313 -0.268 -0.265 -0.292 -0.307 -0.297 -0.376 -0.345 -0.318 -0.396 -0.378 -0.415 -0.372 -0.240 -0.182 -0.246 -0.288 -0.400 -0.423 -0.457 -0.470 -0.373 -0.294 -0.097  0.112  0.204  0.055  0.112  0.303  0.484  0.741  1.000  0.770  0.570  0.240 -0.089 -0.282 -0.400 -0.347 -0.275 -0.135  0.118  0.389  0.491  0.464
  0.484  0.602  0.514  0.429  0.038 -0.042 -0.125 -0.141 -0.190 -0.168 -0.107  0.020  0.035  0.275  0.261  0.331  0.231  0.211  0.138 -0.027 -0.118 -0.346 -0.426 -0.437 -0.343 -0.315 -0.390 -0.366 -0.270 -0.276 -0.278 -0.219 -0.173 -0.163 -0.199 -0.234 -0.232 -0.307 -0.298 -0.252 -0.292 -0.306 -0.320 -0.275 -0.182 -0.169 -0.217 -0.250 -0.360 -0.407 -0.475 -0.486 -0.449 -0.406 -0.246 -0.042  0.034 -0.106 -0.032  0.139  0.301  0.493  0.770  1.000  0.754  0.451  0.089 -0.120 -0.264 -0.237 -0.194 -0.084  0.049  0.311  0.376  0.340
  0.271  0.356  0.413  0.432  0.112  0.052 -0.086 -0.134 -0.172 -0.172 -0.112  0.012  0.008  0.175  0.110  0.102  0.062  0.068  0.084 -0.056 -0.175 -0.341 -0.389 -0.397 -0.360 -0.325 -0.354 -0.342 -0.260 -0.229 -0.219 -0.179 -0.149 -0.136 -0.159 -0.185 -0.162 -0.231 -0.228 -0.193 -0.230 -0.242 -0.256 -0.197 -0.098 -0.143 -0.192 -0.224 -0.298 -0.319 -0.346 -0.398 -0.356 -0.307 -0.180 -0.001  0.066 -0.019  0.063  0.194  0.355  0.486  0.570  0.754  1.000  0.645  0.282 -0.001 -0.168 -0.161 -0.130 -0.063  0.034  0.256  0.291  0.265
  0.037  0.179  0.321  0.577  0.382  0.374  0.187  0.054 -0.044 -0.026  0.061  0.189  0.182  0.251  0.125  0.003 -0.070 -0.141 -0.144 -0.265 -0.309 -0.366 -0.309 -0.257 -0.259 -0.198 -0.133 -0.133 -0.076 -0.014 -0.004 -0.001  0.010  0.022  0.010 -0.018 -0.003 -0.048 -0.077 -0.042 -0.021 -0.062 -0.024  0.038  0.080 -0.065 -0.105 -0.096 -0.122 -0.142 -0.181 -0.243 -0.301 -0.330 -0.312 -0.197 -0.184 -0.212 -0.109 -0.053  0.072  0.148  0.240  0.451  0.645  1.000  0.645  0.301  0.118  0.050  0.016  0.008 -0.094  0.042 -0.012 -0.023
 -0.189 -0.045  0.119  0.409  0.533  0.500  0.301  0.160  0.030  0.037  0.110  0.197  0.203  0.116  0.033 -0.146 -0.220 -0.290 -0.298 -0.324 -0.310 -0.239 -0.142 -0.063 -0.118 -0.079  0.049  0.044  0.052  0.126  0.128  0.106  0.102  0.103  0.104  0.091  0.093  0.068  0.043  0.116  0.176  0.149  0.240  0.313  0.256  0.050  0.042  0.049  0.083  0.061  0.047 -0.015 -0.090 -0.162 -0.261 -0.272 -0.288 -0.231 -0.158 -0.193 -0.119 -0.112 -0.089  0.089  0.282  0.645  1.000  0.632  0.426  0.274  0.186  0.092 -0.115 -0.156 -0.253 -0.249
 -0.347 -0.215 -0.096  0.191  0.447  0.560  0.537  0.338  0.157  0.144  0.169  0.199  0.222  0.052 -0.043 -0.226 -0.314 -0.412 -0.418 -0.414 -0.341 -0.177 -0.002  0.091  0.014  0.056  0.238  0.215  0.166  0.270  0.287  0.213  0.173  0.200  0.242  0.254  0.266  0.266  0.250  0.311  0.436  0.406  0.533  0.602  0.383  0.140  0.191  0.192  0.285  0.202  0.176  0.121 -0.001 -0.111 -0.281 -0.341 -0.394 -0.298 -0.218 -0.314 -0.267 -0.297 -0.282 -0.120 -0.001  0.301  0.632  1.000  0.780  0.549  0.377  0.173 -0.231 -0.353 -0.518 -0.506
 -0.399 -0.279 -0.173  0.114  0.443  0.561  0.588  0.334  0.203  0.190  0.204  0.213  0.266  0.055 -0.022 -0.214 -0.304 -0.418 -0.442 -0.403 -0.293 -0.096  0.079  0.165  0.097  0.128  0.300  0.288  0.217  0.311  0.330  0.242  0.200  0.229  0.281  0.299  0.297  0.319  0.347  0.454  0.599  0.607  0.623  0.562  0.307  0.104  0.175  0.213  0.340  0.272  0.235  0.177  0.055 -0.049 -0.238 -0.339 -0.407 -0.287 -0.223 -0.352 -0.340 -0.391 -0.400 -0.264 -0.168  0.118  0.426  0.780  1.000  0.763  0.557  0.314 -0.201 -0.431 -0.634 -0.623
 -0.347 -0.255 -0.186  0.034  0.259  0.376  0.444  0.120  0.093  0.045  0.093  0.091  0.162  0.009 -0.055 -0.202 -0.270 -0.358 -0.361 -0.333 -0.241 -0.065  0.075  0.115  0.076  0.102  0.230  0.227  0.152  0.255  0.291  0.187  0.151  0.216  0.285  0.338  0.331  0.322  0.421  0.590  0.657  0.717  0.583  0.471  0.220  0.058  0.114  0.157  0.307  0.273  0.231  0.141  0.036 -0.022 -0.176 -0.243 -0.305 -0.199 -0.129 -0.259 -0.251 -0.325 -0.347 -0.237 -0.161  0.050  0.274  0.549  0.763  1.000  0.808  0.553 -0.008 -0.364 -0.603 -0.626
 -0.279 -0.218 -0.169 -0.011  0.150  0.246  0.321  0.044 -0.000 -0.041  0.010  0.007  0.063 -0.050 -0.088 -0.193 -0.232 -0.283 -0.266 -0.243 -0.182 -0.043  0.052  0.071  0.046  0.056  0.147  0.151  0.089  0.170  0.199  0.113  0.082  0.144  0.220  0.275  0.287  0.259  0.393  0.645  0.638  0.594  0.430  0.329  0.137  0.038  0.072  0.105  0.224  0.201  0.180  0.101  0.036 -0.000 -0.115 -0.166 -0.203 -0.114 -0.061 -0.174 -0.170 -0.247 -0.275 -0.194 -0.130  0.016  0.186  0.377  0.557  0.808  1.000  0.747  0.184 -0.206 -0.510 -0.564
 -0.128 -0.090 -0.103 -0.003  0.058  0.119  0.112 -0.041 -0.007 -0.039  0.015 -0.009  0.024 -0.027 -0.061 -0.099 -0.146 -0.170 -0.169 -0.172 -0.140 -0.077 -0.038 -0.059 -0.027  0.009  0.017  0.028  0.019  0.071  0.085  0.036  0.014  0.051  0.108  0.166  0.215  0.166  0.284  0.613  0.447  0.470  0.268  0.160  0.039 -0.032 -0.043 -0.005  0.089  0.068  0.020 -0.050 -0.076 -0.081 -0.129 -0.132 -0.140 -0.108 -0.067 -0.119 -0.107 -0.139 -0.135 -0.084 -0.063  0.008  0.092  0.173  0.314  0.553  0.747  1.000  0.492  0.018 -0.354 -0.434
  0.112  0.035 -0.032 -0.160 -0.244 -0.282 -0.257 -0.252 -0.221 -0.265 -0.241 -0.286 -0.275 -0.209 -0.162 -0.049  0.002  0.108  0.155  0.173  0.103  0.073 -0.042 -0.165 -0.104 -0.099 -0.268 -0.284 -0.252 -0.322 -0.354 -0.316 -0.307 -0.344 -0.337 -0.267 -0.151 -0.130 -0.056  0.125 -0.138  0.026 -0.086 -0.124 -0.074 -0.055 -0.107 -0.095 -0.075 -0.019 -0.036 -0.104 -0.010  0.095  0.139  0.153  0.216  0.201  0.173  0.199  0.162  0.141  0.118  0.049  0.034 -0.094 -0.115 -0.231 -0.201 -0.008  0.184  0.492  1.000  0.354  0.217  0.142
  0.335  0.250  0.165  0.017 -0.226 -0.292 -0.315 -0.208 -0.242 -0.272 -0.282 -0.204 -0.248 -0.065 -0.080  0.104  0.157  0.271  0.322  0.242  0.078 -0.141 -0.288 -0.373 -0.301 -0.302 -0.479 -0.486 -0.364 -0.437 -0.499 -0.401 -0.354 -0.397 -0.445 -0.442 -0.402 -0.449 -0.379 -0.321 -0.404 -0.376 -0.383 -0.346 -0.161 -0.108 -0.193 -0.199 -0.311 -0.268 -0.302 -0.356 -0.251 -0.118  0.036  0.170  0.278  0.174  0.161  0.298  0.301  0.371  0.389  0.311  0.256  0.042 -0.156 -0.353 -0.431 -0.364 -0.206  0.018  0.354  1.000  0.667  0.450
  0.443  0.328  0.222 -0.031 -0.331 -0.452 -0.462 -0.316 -0.327 -0.337 -0.350 -0.290 -0.307 -0.094 -0.052  0.162  0.239  0.400  0.435  0.382  0.189 -0.075 -0.281 -0.390 -0.304 -0.310 -0.545 -0.548 -0.417 -0.546 -0.613 -0.475 -0.417 -0.493 -0.566 -0.586 -0.549 -0.542 -0.518 -0.592 -0.648 -0.533 -0.518 -0.463 -0.234 -0.125 -0.212 -0.251 -0.413 -0.337 -0.356 -0.380 -0.232 -0.082  0.130  0.263  0.404  0.268  0.214  0.395  0.381  0.471  0.491  0.376  0.291 -0.012 -0.253 -0.518 -0.634 -0.603 -0.510 -0.354  0.217  0.667  1.000  0.841
