  1.000  0.762  0.431  0.210 -0.178 -0.288 -0.333 -0.259 -0.195 -0.237 -0.283 -0.226 -0.132  0.119  0.263  0.594  0.530  0.486  0.309  0.177  0.149 -0.050 -0.214 -0.254 -0.118 -0.163 -0.277 -0.268 -0.263 -0.320 -0.323 -0.311 -0.261 -0.224 -0.260 -0.232 -0.168 -0.251 -0.165 -0.186 -0.300 -0.252 -0.310 -0.311 -0.263 -0.178 -0.195 -0.244 -0.335 -0.366 -0.370 -0.327 -0.223 -0.170 -0.027  0.088  0.125 -0.033 -0.067  0.079  0.168  0.302  0.539  0.460  0.177  0.044 -0.145 -0.283 -0.356 -0.285 -0.194 -0.066  0.249  0.281  0.375  0.398
  0.762  1.000  0.649  0.376 -0.074 -0.228 -0.328 -0.284 -0.242 -0.263 -0.273 -0.168 -0.070  0.210  0.452  0.547  0.363  0.336  0.197  0.069  0.032 -0.163 -0.298 -0.342 -0.199 -0.178 -0.275 -0.269 -0.255 -0.306 -0.292 -0.279 -0.234 -0.165 -0.205 -0.186 -0.121 -0.210 -0.079 -0.145 -0.250 -0.213 -0.268 -0.267 -0.254 -0.176 -0.173 -0.238 -0.307 -0.373 -0.421 -0.406 -0.316 -0.276 -0.141  0.011  0.058 -0.109 -0.094  0.070  0.183  0.292  0.573  0.628  0.300  0.165 -0.039 -0.225 -0.327 -0.267 -0.191 -0.077  0.244  0.206  0.363  0.372
  0.431  0.649  1.000  0.585  0.127 -0.075 -0.212 -0.263 -0.247 -0.243 -0.141 -0.015  0.093  0.313  0.529  0.307  0.242  0.179  0.061 -0.071 -0.114 -0.265 -0.326 -0.338 -0.298 -0.257 -0.276 -0.278 -0.284 -0.220 -0.166 -0.202 -0.159 -0.057 -0.088 -0.076 -0.054 -0.072 -0.044 -0.129 -0.200 -0.220 -0.236 -0.214 -0.196 -0.127 -0.100 -0.146 -0.181 -0.279 -0.316 -0.334 -0.292 -0.287 -0.204 -0.070 -0.016 -0.098 -0.041  0.070  0.163  0.242  0.400  0.481  0.427  0.288  0.084 -0.140 -0.237 -0.263 -0.223 -0.163  0.038  0.086  0.304  0.313
  0.210  0.376  0.585  1.000  0.528  0.302  0.066 -0.055 -0.121 -0.050  0.140  0.314  0.357  0.470  0.340  0.215  0.131  0.033 -0.066 -0.172 -0.190 -0.283 -0.296 -0.268 -0.222 -0.189 -0.217 -0.202 -0.179 -0.207 -0.200 -0.174 -0.158 -0.144 -0.192 -0.206 -0.146 -0.121 -0.108 -0.141 -0.179 -0.145 -0.124 -0.109 -0.117 -0.113 -0.117 -0.095 -0.151 -0.196 -0.246 -0.273 -0.289 -0.320 -0.281 -0.199 -0.178 -0.235 -0.149 -0.097 -0.035  0.032  0.193  0.363  0.387  0.509  0.310  0.044 -0.048 -0.110 -0.103 -0.065  0.052  0.136  0.230  0.192
 -0.178 -0.074  0.127  0.528  1.000  0.731  0.457  0.254  0.093  0.191  0.350  0.505  0.542  0.330  0.126 -0.036 -0.078 -0.178 -0.220 -0.241 -0.223 -0.186 -0.125 -0.048 -0.084 -0.075 -0.030 -0.012 -0.016 -0.008 -0.012 -0.009 -0.016 -0.041 -0.051 -0.075 -0.083 -0.024 -0.038 -0.013  0.052  0.097  0.124  0.113  0.053 -0.019 -0.029  0.019  0.039  0.022  0.009 -0.023 -0.094 -0.162 -0.230 -0.260 -0.291 -0.250 -0.193 -0.244 -0.229 -0.217 -0.204 -0.086  0.074  0.294  0.427  0.328  0.358  0.217  0.105  0.033 -0.126 -0.080 -0.100 -0.130
 -0.288 -0.228 -0.075  0.302  0.731  1.000  0.708  0.498  0.310  0.402  0.493  0.578  0.454  0.206 -0.066 -0.137 -0.158 -0.265 -0.292 -0.297 -0.251 -0.177 -0.084 -0.003 -0.055 -0.054  0.001 -0.005  0.013  0.019 -0.006  0.010  0.012 -0.014 -0.029 -0.041 -0.037  0.052 -0.002  0.049  0.127  0.160  0.196  0.185  0.103  0.003 -0.023  0.042  0.079  0.085  0.076  0.032 -0.074 -0.151 -0.244 -0.288 -0.337 -0.268 -0.200 -0.280 -0.280 -0.285 -0.290 -0.200 -0.032  0.250  0.369  0.439  0.477  0.348  0.205  0.099 -0.162 -0.107 -0.201 -0.243
 -0.333 -0.328 -0.212  0.066  0.457  0.708  1.000  0.761  0.505  0.615  0.549  0.419  0.330  0.094 -0.134 -0.170 -0.184 -0.282 -0.296 -0.273 -0.194 -0.080  0.019  0.094  0.035  0.015  0.082  0.073  0.044  0.043  0.036  0.028  0.007 -0.013  0.009  0.001 -0.008  0.100  0.062  0.127  0.235  0.277  0.286  0.256  0.138  0.030  0.022  0.090  0.150  0.159  0.152  0.129  0.012 -0.059 -0.174 -0.256 -0.316 -0.219 -0.177 -0.282 -0.311 -0.319 -0.349 -0.314 -0.201  0.024  0.193  0.458  0.604  0.474  0.292  0.166 -0.211 -0.176 -0.351 -0.399
 -0.259 -0.284 -0.263 -0.055  0.254  0.498  0.761  1.000  0.732  0.639  0.366  0.207  0.115 -0.040 -0.206 -0.124 -0.137 -0.233 -0.263 -0.217 -0.119 -0.013  0.054  0.113  0.073  0.066  0.125  0.087  0.050  0.054  0.041  0.018 -0.003 -0.016  0.024  0.015  0.007  0.068  0.066  0.063  0.177  0.224  0.236  0.220  0.113  0.022 -0.018  0.039  0.082  0.139  0.153  0.132  0.036 -0.013 -0.114 -0.194 -0.262 -0.183 -0.163 -0.244 -0.263 -0.270 -0.285 -0.281 -0.238 -0.036  0.124  0.405  0.494  0.419  0.226  0.137 -0.159 -0.144 -0.353 -0.363
 -0.195 -0.242 -0.247 -0.121  0.093  0.310  0.505  0.732  1.000  0.814  0.369  0.205  0.070 -0.045 -0.166 -0.061 -0.083 -0.175 -0.195 -0.159 -0.085 -0.004  0.049  0.094  0.048  0.056  0.108  0.049  0.030  0.069  0.042  0.015  0.019  0.004  0.023  0.025 -0.000  0.005 -0.009 -0.000  0.063  0.090  0.090  0.082  0.025 -0.009 -0.048  0.026  0.051  0.102  0.124  0.113  0.040  0.006 -0.071 -0.126 -0.193 -0.140 -0.118 -0.185 -0.202 -0.210 -0.235 -0.263 -0.236 -0.097 -0.018  0.169  0.239  0.212  0.076  0.049 -0.152 -0.107 -0.254 -0.265
 -0.237 -0.263 -0.243 -0.050  0.191  0.402  0.615  0.639  0.814  1.000  0.648  0.432  0.280  0.112 -0.106 -0.043 -0.085 -0.195 -0.215 -0.197 -0.116 -0.034  0.034  0.093  0.037  0.027  0.078  0.041  0.017  0.029  0.015  0.010  0.004 -0.023 -0.003 -0.026 -0.024  0.014 -0.019 -0.027  0.039  0.079  0.088  0.077  0.039  0.013 -0.021  0.073  0.073  0.106  0.114  0.104  0.011 -0.025 -0.102 -0.153 -0.232 -0.182 -0.149 -0.219 -0.236 -0.237 -0.257 -0.274 -0.243 -0.089 -0.028  0.166  0.262  0.220  0.077  0.033 -0.191 -0.105 -0.251 -0.291
 -0.283 -0.273 -0.141  0.140  0.350  0.493  0.549  0.366  0.369  0.648  1.000  0.790  0.596  0.349  0.013 -0.051 -0.103 -0.206 -0.234 -0.255 -0.173 -0.089 -0.001  0.057  0.010 -0.006  0.006  0.029  0.051  0.021  0.001  0.071  0.066 -0.018 -0.041 -0.119 -0.100  0.052 -0.065 -0.080 -0.002  0.039  0.084  0.080  0.056  0.031  0.012  0.121  0.109  0.109  0.091  0.092 -0.021 -0.073 -0.161 -0.196 -0.275 -0.218 -0.151 -0.239 -0.258 -0.279 -0.288 -0.246 -0.154 -0.010  0.016  0.140  0.222  0.155  0.039 -0.016 -0.178 -0.073 -0.169 -0.238
 -0.226 -0.168 -0.015  0.314  0.505  0.578  0.419  0.207  0.205  0.432  0.790  1.000  0.756  0.481  0.096  0.015 -0.058 -0.179 -0.225 -0.274 -0.201 -0.147 -0.049  0.017 -0.018 -0.017 -0.014 -0.003  0.032 -0.009 -0.048  0.011  0.023 -0.046 -0.089 -0.155 -0.127 -0.001 -0.112 -0.083 -0.041 -0.007  0.045  0.037  0.032  0.002 -0.024  0.083  0.064  0.051  0.025  0.026 -0.079 -0.158 -0.224 -0.232 -0.304 -0.276 -0.197 -0.257 -0.253 -0.247 -0.235 -0.144 -0.053  0.107  0.090  0.116  0.175  0.096  0.011 -0.029 -0.172 -0.055 -0.055 -0.113
 -0.132 -0.070  0.093  0.357  0.542  0.454  0.330  0.115  0.070  0.280  0.596  0.756  1.000  0.686  0.288  0.132  0.050 -0.070 -0.139 -0.191 -0.110 -0.091 -0.031  0.043  0.027  0.002 -0.002  0.045  0.002 -0.062 -0.061 -0.022 -0.046 -0.110 -0.127 -0.198 -0.189 -0.055 -0.122 -0.133 -0.081 -0.031  0.008 -0.003  0.017  0.030  0.012  0.090  0.029  0.008 -0.001  0.034 -0.064 -0.138 -0.177 -0.181 -0.250 -0.254 -0.208 -0.238 -0.222 -0.201 -0.175 -0.100 -0.061  0.042  0.029  0.049  0.124  0.032 -0.036 -0.068 -0.176 -0.063 -0.029 -0.065
  0.119  0.210  0.313  0.470  0.330  0.206  0.094 -0.040 -0.045  0.112  0.349  0.481  0.686  1.000  0.554  0.400  0.258  0.113  0.004 -0.101 -0.055 -0.130 -0.106 -0.035 -0.029 -0.049 -0.046 -0.038 -0.113 -0.174 -0.164 -0.190 -0.193 -0.179 -0.187 -0.216 -0.171 -0.093 -0.120 -0.183 -0.201 -0.166 -0.140 -0.141 -0.092 -0.012 -0.010  0.018 -0.076 -0.152 -0.171 -0.107 -0.151 -0.228 -0.199 -0.146 -0.179 -0.262 -0.225 -0.179 -0.120 -0.034  0.064  0.159  0.086  0.110 -0.048 -0.115 -0.085 -0.136 -0.175 -0.153 -0.127  0.040  0.147  0.106
  0.263  0.452  0.529  0.340  0.126 -0.066 -0.134 -0.206 -0.166 -0.106  0.013  0.096  0.288  0.554  1.000  0.553  0.358  0.240  0.116  0.006 -0.009 -0.136 -0.159 -0.133 -0.115 -0.036 -0.016 -0.060 -0.167 -0.100 -0.070 -0.183 -0.156 -0.029 -0.030 -0.027 -0.076 -0.089  0.010 -0.108 -0.140 -0.156 -0.172 -0.168 -0.190 -0.044  0.025 -0.054 -0.100 -0.250 -0.270 -0.204 -0.172 -0.228 -0.156 -0.054 -0.033 -0.153 -0.140 -0.038  0.043  0.109  0.241  0.346  0.209  0.083 -0.061 -0.164 -0.181 -0.209 -0.226 -0.210 -0.103 -0.098  0.138  0.120
  0.594  0.547  0.307  0.215 -0.036 -0.137 -0.170 -0.124 -0.061 -0.043 -0.051  0.015  0.132  0.400  0.553  1.000  0.753  0.513  0.310  0.199  0.261  0.091 -0.040 -0.024  0.070  0.019 -0.058 -0.106 -0.201 -0.282 -0.333 -0.391 -0.333 -0.290 -0.321 -0.290 -0.278 -0.313 -0.223 -0.240 -0.320 -0.245 -0.255 -0.256 -0.215 -0.110 -0.106 -0.122 -0.220 -0.259 -0.239 -0.149 -0.079 -0.087  0.042  0.106  0.057 -0.100 -0.168 -0.079  0.019  0.143  0.351  0.307  0.010 -0.049 -0.205 -0.273 -0.261 -0.227 -0.207 -0.125  0.062  0.162  0.241  0.224
  0.530  0.363  0.242  0.131 -0.078 -0.158 -0.184 -0.137 -0.083 -0.085 -0.103 -0.058  0.050  0.258  0.358  0.753  1.000  0.754  0.456  0.348  0.443  0.223  0.045  0.062  0.151  0.039 -0.049 -0.076 -0.179 -0.264 -0.313 -0.367 -0.326 -0.302 -0.322 -0.287 -0.307 -0.342 -0.265 -0.282 -0.361 -0.299 -0.308 -0.288 -0.232 -0.106 -0.097 -0.122 -0.215 -0.242 -0.173 -0.061  0.040  0.056  0.194  0.219  0.169  0.024 -0.090 -0.028  0.041  0.126  0.275  0.181 -0.024 -0.083 -0.228 -0.309 -0.285 -0.248 -0.212 -0.154  0.010  0.166  0.231  0.214
  0.486  0.336  0.179  0.033 -0.178 -0.265 -0.282 -0.233 -0.175 -0.195 -0.206 -0.179 -0.070  0.113  0.240  0.513  0.754  1.000  0.711  0.571  0.560  0.273  0.026  0.011  0.144 -0.000 -0.126 -0.113 -0.210 -0.310 -0.326 -0.355 -0.331 -0.311 -0.328 -0.297 -0.294 -0.333 -0.242 -0.283 -0.366 -0.307 -0.331 -0.328 -0.277 -0.140 -0.124 -0.192 -0.263 -0.299 -0.221 -0.109  0.042  0.108  0.306  0.354  0.376  0.211  0.070  0.148  0.149  0.173  0.275  0.176 -0.016 -0.122 -0.249 -0.355 -0.348 -0.303 -0.223 -0.175  0.070  0.200  0.296  0.275
  0.309  0.197  0.061 -0.066 -0.220 -0.292 -0.296 -0.263 -0.195 -0.215 -0.234 -0.225 -0.139  0.004  0.116  0.310  0.456  0.711  1.000  0.708  0.503  0.244  0.029 -0.024  0.068 -0.055 -0.163 -0.129 -0.220 -0.310 -0.280 -0.303 -0.304 -0.291 -0.285 -0.261 -0.229 -0.278 -0.190 -0.222 -0.307 -0.258 -0.304 -0.315 -0.272 -0.171 -0.147 -0.232 -0.257 -0.262 -0.169 -0.100  0.073  0.196  0.426  0.526  0.570  0.395  0.237  0.308  0.267  0.198  0.183  0.094 -0.006 -0.123 -0.234 -0.344 -0.334 -0.279 -0.173 -0.143  0.105  0.209  0.269  0.235
  0.177  0.069 -0.071 -0.172 -0.241 -0.297 -0.273 -0.217 -0.159 -0.197 -0.255 -0.274 -0.191 -0.101  0.006  0.199  0.348  0.571  0.708  1.000  0.745  0.471  0.213  0.155  0.242  0.071 -0.051 -0.012 -0.127 -0.240 -0.230 -0.261 -0.285 -0.297 -0.281 -0.251 -0.250 -0.296 -0.191 -0.226 -0.285 -0.234 -0.259 -0.280 -0.244 -0.147 -0.132 -0.203 -0.213 -0.173 -0.041  0.058  0.240  0.370  0.577  0.538  0.573  0.449  0.265  0.290  0.227  0.124  0.077 -0.031 -0.113 -0.198 -0.230 -0.320 -0.278 -0.227 -0.135 -0.139  0.085  0.142  0.185  0.152
  0.149  0.032 -0.114 -0.190 -0.223 -0.251 -0.194 -0.119 -0.085 -0.116 -0.173 -0.201 -0.110 -0.055 -0.009  0.261  0.443  0.560  0.503  0.745  1.000  0.760  0.454  0.393  0.493  0.276  0.113  0.133 -0.015 -0.183 -0.228 -0.262 -0.278 -0.308 -0.293 -0.273 -0.307 -0.307 -0.215 -0.231 -0.259 -0.202 -0.191 -0.210 -0.169 -0.096 -0.097 -0.120 -0.133 -0.044  0.108  0.257  0.388  0.484  0.609  0.470  0.393  0.306  0.106  0.083  0.066  0.012 -0.003 -0.098 -0.229 -0.269 -0.266 -0.288 -0.205 -0.159 -0.109 -0.124  0.020  0.035  0.043  0.034
 -0.050 -0.163 -0.265 -0.283 -0.186 -0.177 -0.080 -0.013 -0.004 -0.034 -0.089 -0.147 -0.091 -0.130 -0.136  0.091  0.223  0.273  0.244  0.471  0.760  1.000  0.745  0.653  0.686  0.487  0.307  0.292  0.137 -0.042 -0.114 -0.148 -0.171 -0.232 -0.211 -0.208 -0.275 -0.209 -0.164 -0.132 -0.114 -0.072 -0.027 -0.057 -0.046 -0.048 -0.049 -0.011  0.036  0.197  0.375  0.549  0.603  0.652  0.610  0.383  0.236  0.255  0.068 -0.034 -0.053 -0.116 -0.184 -0.263 -0.343 -0.319 -0.228 -0.175 -0.060 -0.028 -0.013 -0.057 -0.035 -0.119 -0.179 -0.169
 -0.214 -0.298 -0.326 -0.296 -0.125 -0.084  0.019  0.054  0.049  0.034 -0.001 -0.049 -0.031 -0.106 -0.159 -0.040  0.045  0.026  0.029  0.213  0.454  0.745  1.000  0.812  0.691  0.584  0.504  0.442  0.258  0.106  0.034 -0.031 -0.056 -0.113 -0.092 -0.091 -0.171 -0.083 -0.095 -0.013  0.023  0.031  0.099  0.057  0.035  0.001  0.021  0.089  0.190  0.350  0.511  0.678  0.589  0.556  0.413  0.215  0.031  0.105 -0.008 -0.145 -0.167 -0.224 -0.313 -0.353 -0.369 -0.305 -0.181 -0.060  0.059  0.076  0.060  0.005 -0.111 -0.231 -0.320 -0.302
 -0.254 -0.342 -0.338 -0.268 -0.048 -0.003  0.094  0.113  0.094  0.093  0.057  0.017  0.043 -0.035 -0.133 -0.024  0.062  0.011 -0.024  0.155  0.393  0.653  0.812  1.000  0.800  0.560  0.586  0.550  0.296  0.145  0.093 -0.007 -0.061 -0.114 -0.066 -0.063 -0.134 -0.048 -0.064  0.025  0.068  0.069  0.127  0.104  0.082  0.064  0.074  0.151  0.208  0.343  0.515  0.713  0.617  0.486  0.333  0.117 -0.057  0.020 -0.076 -0.225 -0.219 -0.241 -0.340 -0.377 -0.379 -0.278 -0.135 -0.009  0.133  0.139  0.102  0.026 -0.176 -0.303 -0.395 -0.388
 -0.118 -0.199 -0.298 -0.222 -0.084 -0.055  0.035  0.073  0.048  0.037  0.010 -0.018  0.027 -0.029 -0.115  0.070  0.151  0.144  0.068  0.242  0.493  0.686  0.691  0.800  1.000  0.740  0.538  0.572  0.392  0.118 -0.003 -0.040 -0.086 -0.181 -0.166 -0.181 -0.268 -0.154 -0.123 -0.066 -0.015  0.018  0.060  0.035  0.014 -0.006 -0.015  0.037  0.084  0.204  0.354  0.557  0.501  0.399  0.323  0.138 -0.015 -0.000 -0.117 -0.219 -0.204 -0.215 -0.249 -0.282 -0.381 -0.300 -0.195 -0.083  0.053  0.067  0.064  0.009 -0.066 -0.193 -0.260 -0.249
 -0.163 -0.178 -0.257 -0.189 -0.075 -0.054  0.015  0.066  0.056  0.027 -0.006 -0.017  0.002 -0.049 -0.036  0.019  0.039 -0.000 -0.055  0.071  0.276  0.487  0.584  0.560  0.740  1.000  0.723  0.578  0.526  0.353  0.137  0.084  0.097  0.029 -0.004 -0.016 -0.227 -0.139 -0.077 -0.056  0.021  0.023  0.061  0.054 -0.004 -0.049 -0.037  0.009  0.067  0.135  0.231  0.388  0.345  0.231  0.141  0.016 -0.102 -0.082 -0.167 -0.233 -0.235 -0.252 -0.270 -0.247 -0.328 -0.253 -0.168 -0.064  0.032  0.036  0.003 -0.030 -0.082 -0.206 -0.214 -0.199
 -0.277 -0.275 -0.276 -0.217 -0.030  0.001  0.082  0.125  0.108  0.078  0.006 -0.014 -0.002 -0.046 -0.016 -0.058 -0.049 -0.126 -0.163 -0.051  0.113  0.307  0.504  0.586  0.538  0.723  1.000  0.776  0.499  0.503  0.421  0.200  0.172  0.212  0.241  0.257  0.039  0.066  0.109  0.122  0.197  0.135  0.151  0.149  0.068  0.048  0.080  0.103  0.172  0.182  0.282  0.414  0.345  0.190  0.053 -0.076 -0.186 -0.130 -0.181 -0.277 -0.272 -0.270 -0.331 -0.294 -0.299 -0.209 -0.087  0.047  0.152  0.144  0.059 -0.017 -0.263 -0.411 -0.420 -0.411
 -0.268 -0.269 -0.278 -0.202 -0.012 -0.005  0.073  0.087  0.049  0.041  0.029 -0.003  0.045 -0.038 -0.060 -0.106 -0.076 -0.113 -0.129 -0.012  0.133  0.292  0.442  0.550  0.572  0.578  0.776  1.000  0.659  0.459  0.478  0.362  0.223  0.168  0.214  0.168 -0.012  0.034  0.065  0.085  0.165  0.130  0.133  0.109  0.031  0.030  0.039  0.055  0.124  0.168  0.283  0.394  0.326  0.200  0.073 -0.060 -0.153 -0.097 -0.149 -0.252 -0.244 -0.262 -0.324 -0.295 -0.307 -0.223 -0.089  0.018  0.136  0.130  0.081  0.012 -0.204 -0.361 -0.400 -0.390
 -0.263 -0.255 -0.284 -0.179 -0.016  0.013  0.044  0.050  0.030  0.017  0.051  0.032  0.002 -0.113 -0.167 -0.201 -0.179 -0.210 -0.220 -0.127 -0.015  0.137  0.258  0.296  0.392  0.526  0.499  0.659  1.000  0.713  0.422  0.577  0.552  0.343  0.246  0.152 -0.071 -0.007 -0.027  0.015  0.112  0.100  0.120  0.073 -0.026 -0.097 -0.102 -0.049  0.051  0.106  0.183  0.246  0.199  0.091 -0.057 -0.178 -0.228 -0.142 -0.174 -0.265 -0.294 -0.348 -0.343 -0.293 -0.299 -0.196 -0.061  0.021  0.078  0.087  0.055  0.049 -0.030 -0.222 -0.271 -0.205
 -0.320 -0.306 -0.220 -0.207 -0.008  0.019  0.043  0.054  0.069  0.029  0.021 -0.009 -0.062 -0.174 -0.100 -0.282 -0.264 -0.310 -0.310 -0.240 -0.183 -0.042  0.106  0.145  0.118  0.353  0.503  0.459  0.713  1.000  0.731  0.639  0.697  0.652  0.556  0.515  0.194  0.159  0.133  0.133  0.234  0.130  0.108  0.086 -0.021 -0.058 -0.044 -0.015  0.095  0.069  0.117  0.138  0.091 -0.024 -0.176 -0.264 -0.273 -0.171 -0.166 -0.249 -0.297 -0.337 -0.358 -0.308 -0.207 -0.146 -0.014  0.074  0.104  0.103  0.014 -0.003 -0.194 -0.351 -0.331 -0.263
 -0.323 -0.292 -0.166 -0.200 -0.012 -0.006  0.036  0.041  0.042  0.015  0.001 -0.048 -0.061 -0.164 -0.070 -0.333 -0.313 -0.326 -0.280 -0.230 -0.228 -0.114  0.034  0.093 -0.003  0.137  0.421  0.478  0.422  0.731  1.000  0.744  0.579  0.639  0.694  0.633  0.403  0.310  0.287  0.221  0.295  0.163  0.100  0.083  0.006  0.035  0.045  0.038  0.110  0.067  0.106  0.107  0.047 -0.029 -0.163 -0.217 -0.197 -0.105 -0.084 -0.156 -0.195 -0.237 -0.311 -0.257 -0.122 -0.099  0.014  0.086  0.119  0.109  0.011 -0.038 -0.319 -0.440 -0.389 -0.357
 -0.311 -0.279 -0.202 -0.174 -0.009  0.010  0.028  0.018  0.015  0.010  0.071  0.011 -0.022 -0.190 -0.183 -0.391 -0.367 -0.355 -0.303 -0.261 -0.262 -0.148 -0.031 -0.007 -0.040  0.084  0.200  0.362  0.577  0.639  0.744  1.000  0.804  0.624  0.594  0.413  0.192  0.193  0.111  0.078  0.187  0.119  0.105  0.077  0.004 -0.018 -0.046 -0.025  0.048  0.072  0.104  0.065 -0.001 -0.053 -0.190 -0.246 -0.214 -0.104 -0.071 -0.151 -0.202 -0.265 -0.317 -0.256 -0.134 -0.098  0.027  0.084  0.074  0.063  0.005  0.004 -0.125 -0.260 -0.278 -0.212
 -0.261 -0.234 -0.159 -0.158 -0.016  0.012  0.007 -0.003  0.019  0.004  0.066  0.023 -0.046 -0.193 -0.156 -0.333 -0.326 -0.331 -0.304 -0.285 -0.278 -0.171 -0.056 -0.061 -0.086  0.097  0.172  0.223  0.552  0.697  0.579  0.804  1.000  0.806  0.609  0.469  0.135  0.125  0.045  0.043  0.147  0.078  0.079  0.054 -0.024 -0.071 -0.089 -0.076  0.044  0.042  0.065  0.023 -0.029 -0.084 -0.214 -0.278 -0.241 -0.127 -0.109 -0.177 -0.236 -0.275 -0.302 -0.245 -0.131 -0.097  0.022  0.067  0.039  0.037 -0.017 -0.001 -0.067 -0.244 -0.234 -0.134
 -0.224 -0.165 -0.057 -0.144 -0.041 -0.014 -0.013 -0.016  0.004 -0.023 -0.018 -0.046 -0.110 -0.179 -0.029 -0.290 -0.302 -0.311 -0.291 -0.297 -0.308 -0.232 -0.113 -0.114 -0.181  0.029  0.212  0.168  0.343  0.652  0.639  0.624  0.806  1.000  0.849  0.752  0.380  0.292  0.261  0.177  0.241  0.109  0.078  0.064 -0.033 -0.036 -0.018 -0.061  0.061 -0.014 -0.001 -0.045 -0.086 -0.152 -0.253 -0.283 -0.221 -0.134 -0.115 -0.151 -0.205 -0.218 -0.245 -0.159 -0.059 -0.054  0.026  0.087  0.050  0.063 -0.031 -0.066 -0.216 -0.395 -0.298 -0.203
 -0.260 -0.205 -0.088 -0.192 -0.051 -0.029  0.009  0.024  0.023 -0.003 -0.041 -0.089 -0.127 -0.187 -0.030 -0.321 -0.322 -0.328 -0.285 -0.281 -0.293 -0.211 -0.092 -0.066 -0.166 -0.004  0.241  0.214  0.246  0.556  0.694  0.594  0.609  0.849  1.000  0.869  0.549  0.410  0.410  0.273  0.319  0.172  0.105  0.091 -0.003  0.028  0.053  0.000  0.092  0.004  0.019 -0.011 -0.061 -0.130 -0.226 -0.259 -0.199 -0.115 -0.100 -0.129 -0.192 -0.188 -0.252 -0.179 -0.072 -0.074  0.018  0.109  0.107  0.140  0.032 -0.042 -0.303 -0.470 -0.373 -0.312
 -0.232 -0.186 -0.076 -0.206 -0.075 -0.041  0.001  0.015  0.025 -0.026 -0.119 -0.155 -0.198 -0.216 -0.027 -0.290 -0.287 -0.297 -0.261 -0.251 -0.273 -0.208 -0.091 -0.063 -0.181 -0.016  0.257  0.168  0.152  0.515  0.633  0.413  0.469  0.752  0.869  1.000  0.704  0.476  0.507  0.393  0.400  0.219  0.116  0.094 -0.003  0.024  0.066  0.010  0.113  0.001  0.003 -0.024 -0.059 -0.124 -0.203 -0.233 -0.170 -0.090 -0.087 -0.109 -0.179 -0.162 -0.226 -0.167 -0.065 -0.067  0.020  0.113  0.129  0.195  0.103  0.009 -0.284 -0.464 -0.398 -0.355
 -0.168 -0.121 -0.054 -0.146 -0.083 -0.037 -0.008  0.007 -0.000 -0.024 -0.100 -0.127 -0.189 -0.171 -0.076 -0.278 -0.307 -0.294 -0.229 -0.250 -0.307 -0.275 -0.171 -0.134 -0.268 -0.227  0.039 -0.012 -0.071  0.194  0.403  0.192  0.135  0.380  0.549  0.704  1.000  0.767  0.667  0.531  0.461  0.313  0.186  0.100  0.026  0.058  0.107  0.064  0.131 -0.006 -0.067 -0.111 -0.156 -0.155 -0.203 -0.180 -0.118 -0.074 -0.030 -0.022 -0.088 -0.085 -0.121 -0.072  0.007  0.015  0.065  0.142  0.131  0.198  0.158  0.088 -0.156 -0.377 -0.362 -0.321
 -0.251 -0.210 -0.072 -0.121 -0.024  0.052  0.100  0.068  0.005  0.014  0.052 -0.001 -0.055 -0.093 -0.089 -0.313 -0.342 -0.333 -0.278 -0.296 -0.307 -0.209 -0.083 -0.048 -0.154 -0.139  0.066  0.034 -0.007  0.159  0.310  0.193  0.125  0.292  0.410  0.476  0.767  1.000  0.729  0.498  0.516  0.375  0.332  0.228  0.121  0.101  0.159  0.125  0.229  0.098  0.028 -0.006 -0.096 -0.117 -0.213 -0.208 -0.181 -0.112 -0.049 -0.090 -0.141 -0.155 -0.204 -0.148 -0.047 -0.018  0.052  0.227  0.229  0.224  0.167  0.046 -0.179 -0.423 -0.445 -0.361
 -0.165 -0.079 -0.044 -0.108 -0.038 -0.002  0.062  0.066 -0.009 -0.019 -0.065 -0.112 -0.122 -0.120  0.010 -0.223 -0.265 -0.242 -0.190 -0.191 -0.215 -0.164 -0.095 -0.064 -0.123 -0.077  0.109  0.065 -0.027  0.133  0.287  0.111  0.045  0.261  0.410  0.507  0.667  0.729  1.000  0.666  0.630  0.496  0.329  0.214  0.066  0.058  0.143  0.063  0.164  0.030 -0.039 -0.056 -0.084 -0.088 -0.157 -0.144 -0.098 -0.063 -0.032 -0.043 -0.104 -0.117 -0.127 -0.049 -0.045 -0.015  0.061  0.192  0.229  0.304  0.289  0.144 -0.081 -0.447 -0.483 -0.470
 -0.186 -0.145 -0.129 -0.141 -0.013  0.049  0.127  0.063 -0.000 -0.027 -0.080 -0.083 -0.133 -0.183 -0.108 -0.240 -0.282 -0.283 -0.222 -0.226 -0.231 -0.132 -0.013  0.025 -0.066 -0.056  0.122  0.085  0.015  0.133  0.221  0.078  0.043  0.177  0.273  0.393  0.531  0.498  0.666  1.000  0.808  0.645  0.409  0.252  0.077 -0.011  0.053  0.060  0.215  0.128  0.060  0.033 -0.025 -0.047 -0.153 -0.173 -0.149 -0.076 -0.027 -0.102 -0.137 -0.176 -0.206 -0.143 -0.109 -0.046  0.089  0.234  0.362  0.502  0.594  0.552  0.081 -0.326 -0.512 -0.551
 -0.300 -0.250 -0.200 -0.179  0.052  0.127  0.235  0.177  0.063  0.039 -0.002 -0.041 -0.081 -0.201 -0.140 -0.320 -0.361 -0.366 -0.307 -0.285 -0.259 -0.114  0.023  0.068 -0.015  0.021  0.197  0.165  0.112  0.234  0.295  0.187  0.147  0.241  0.319  0.400  0.461  0.516  0.630  0.808  1.000  0.828  0.583  0.381  0.151  0.006  0.073  0.076  0.279  0.224  0.145  0.106  0.015 -0.031 -0.177 -0.234 -0.226 -0.119 -0.069 -0.171 -0.227 -0.270 -0.311 -0.241 -0.183 -0.080  0.122  0.366  0.522  0.606  0.600  0.474 -0.011 -0.403 -0.600 -0.603
 -0.252 -0.213 -0.220 -0.145  0.097  0.160  0.277  0.224  0.090  0.079  0.039 -0.007 -0.031 -0.166 -0.156 -0.245 -0.299 -0.307 -0.258 -0.234 -0.202 -0.072  0.031  0.069  0.018  0.023  0.135  0.130  0.100  0.130  0.163  0.119  0.078  0.109  0.172  0.219  0.313  0.375  0.496  0.645  0.828  1.000  0.749  0.475  0.193 -0.039  0.010  0.030  0.256  0.261  0.181  0.119  0.050  0.022 -0.117 -0.180 -0.183 -0.084 -0.041 -0.146 -0.211 -0.261 -0.282 -0.222 -0.210 -0.079  0.155  0.420  0.593  0.678  0.592  0.491  0.017 -0.349 -0.561 -0.572
 -0.310 -0.268 -0.236 -0.124  0.124  0.196  0.286  0.236  0.090  0.088  0.084  0.045  0.008 -0.140 -0.172 -0.255 -0.308 -0.331 -0.304 -0.259 -0.191 -0.027  0.099  0.127  0.060  0.061  0.151  0.133  0.120  0.108  0.100  0.105  0.079  0.078  0.105  0.116  0.186  0.332  0.329  0.409  0.583  0.749  1.000  0.728  0.364  0.037  0.097  0.127  0.381  0.392  0.296  0.204  0.111  0.059 -0.111 -0.203 -0.230 -0.112 -0.066 -0.196 -0.245 -0.287 -0.312 -0.254 -0.202 -0.048  0.217  0.539  0.588  0.512  0.361  0.264 -0.057 -0.337 -0.510 -0.472
 -0.311 -0.267 -0.214 -0.109  0.113  0.185  0.256  0.220  0.082  0.077  0.080  0.037 -0.003 -0.141 -0.168 -0.256 -0.288 -0.328 -0.315 -0.280 -0.210 -0.057  0.057  0.104  0.035  0.054  0.149  0.109  0.073  0.086  0.083  0.077  0.054  0.064  0.091  0.094  0.100  0.228  0.214  0.252  0.381  0.475  0.728  1.000  0.678  0.283  0.358  0.375  0.469  0.345  0.246  0.173  0.087  0.001 -0.166 -0.248 -0.286 -0.195 -0.136 -0.234 -0.240 -0.232 -0.269 -0.217 -0.155 -0.010  0.249  0.567  0.504  0.392  0.223  0.115 -0.123 -0.292 -0.428 -0.403
 -0.263 -0.254 -0.196 -0.117  0.053  0.103  0.138  0.113  0.025  0.039  0.056  0.032  0.017 -0.092 -0.190 -0.215 -0.232 -0.277 -0.272 -0.244 -0.169 -0.046  0.035  0.082  0.014 -0.004  0.068  0.031 -0.026 -0.021  0.006  0.004 -0.024 -0.033 -0.003 -0.003  0.026  0.121  0.066  0.077  0.151  0.193  0.364  0.678  1.000  0.609  0.442  0.446  0.323  0.298  0.224  0.156  0.051 -0.027 -0.136 -0.203 -0.275 -0.215 -0.151 -0.213 -0.179 -0.137 -0.198 -0.188 -0.108  0.019  0.188  0.346  0.276  0.168  0.060 -0.009 -0.152 -0.161 -0.202 -0.192
 -0.178 -0.176 -0.127 -0.113 -0.019  0.003  0.030  0.022 -0.009  0.013  0.031  0.002  0.030 -0.012 -0.044 -0.110 -0.106 -0.140 -0.171 -0.147 -0.096 -0.048  0.001  0.064 -0.006 -0.049  0.048  0.030 -0.097 -0.058  0.035 -0.018 -0.071 -0.036  0.028  0.024  0.058  0.101  0.058 -0.011  0.006 -0.039  0.037  0.283  0.609  1.000  0.703  0.514  0.223  0.105  0.091  0.107  0.038 -0.059 -0.117 -0.164 -0.210 -0.199 -0.169 -0.181 -0.136 -0.069 -0.118 -0.132 -0.113 -0.082  0.012  0.102  0.072 -0.023 -0.090 -0.160 -0.230 -0.144 -0.097 -0.092
 -0.195 -0.173 -0.100 -0.117 -0.029 -0.023  0.022 -0.018 -0.048 -0.021  0.012 -0.024  0.012 -0.010  0.025 -0.106 -0.097 -0.124 -0.147 -0.132 -0.097 -0.049  0.021  0.074 -0.015 -0.037  0.080  0.039 -0.102 -0.044  0.045 -0.046 -0.089 -0.018  0.053  0.066  0.107  0.159  0.143  0.053  0.073  0.010  0.097  0.358  0.442  0.703  1.000  0.706  0.406  0.082  0.030  0.082  0.050 -0.044 -0.111 -0.151 -0.183 -0.181 -0.151 -0.159 -0.130 -0.064 -0.106 -0.106 -0.100 -0.105 -0.027  0.114  0.101 -0.003 -0.060 -0.164 -0.223 -0.188 -0.182 -0.171
 -0.244 -0.238 -0.146 -0.095  0.019  0.042  0.090  0.039  0.026  0.073  0.121  0.083  0.090  0.018 -0.054 -0.122 -0.122 -0.192 -0.232 -0.203 -0.120 -0.011  0.089  0.151  0.037  0.009  0.103  0.055 -0.049 -0.015  0.038 -0.025 -0.076 -0.061  0.000  0.010  0.064  0.125  0.063  0.060  0.076  0.030  0.127  0.375  0.446  0.514  0.706  1.000  0.664  0.330  0.163  0.196  0.077 -0.022 -0.129 -0.192 -0.268 -0.233 -0.176 -0.226 -0.194 -0.138 -0.187 -0.181 -0.146 -0.086 -0.023  0.098  0.128  0.041 -0.017 -0.087 -0.193 -0.156 -0.223 -0.220
 -0.335 -0.307 -0.181 -0.151  0.039  0.079  0.150  0.082  0.051  0.073  0.109  0.064  0.029 -0.076 -0.100 -0.220 -0.215 -0.263 -0.257 -0.213 -0.133  0.036  0.190  0.208  0.084  0.067  0.172  0.124  0.051  0.095  0.110  0.048  0.044  0.061  0.092  0.113  0.131  0.229  0.164  0.215  0.279  0.256  0.381  0.469  0.323  0.223  0.406  0.664  1.000  0.608  0.352  0.307  0.163  0.106 -0.066 -0.155 -0.212 -0.108 -0.053 -0.168 -0.199 -0.226 -0.304 -0.274 -0.194 -0.112  0.033  0.218  0.285  0.192  0.109  0.010 -0.212 -0.297 -0.402 -0.373
 -0.366 -0.373 -0.279 -0.196  0.022  0.085  0.159  0.139  0.102  0.106  0.109  0.051  0.008 -0.152 -0.250 -0.259 -0.242 -0.299 -0.262 -0.173 -0.044  0.197  0.350  0.343  0.204  0.135  0.182  0.168  0.106  0.069  0.067  0.072  0.042 -0.014  0.004  0.001 -0.006  0.098  0.030  0.128  0.224  0.261  0.392  0.345  0.298  0.105  0.082  0.330  0.608  1.000  0.750  0.545  0.299  0.288  0.075 -0.047 -0.150  0.014  0.073 -0.118 -0.153 -0.239 -0.359 -0.348 -0.232 -0.098  0.065  0.193  0.260  0.231  0.167  0.099 -0.108 -0.236 -0.380 -0.348
 -0.370 -0.421 -0.316 -0.246  0.009  0.076  0.152  0.153  0.124  0.114  0.091  0.025 -0.001 -0.171 -0.270 -0.239 -0.173 -0.221 -0.169 -0.041  0.108  0.375  0.511  0.515  0.354  0.231  0.282  0.283  0.183  0.117  0.106  0.104  0.065 -0.001  0.019  0.003 -0.067  0.028 -0.039  0.060  0.145  0.181  0.296  0.246  0.224  0.091  0.030  0.163  0.352  0.750  1.000  0.783  0.554  0.507  0.267  0.090 -0.043  0.146  0.150 -0.073 -0.128 -0.240 -0.394 -0.420 -0.282 -0.147  0.038  0.156  0.225  0.207  0.141  0.052 -0.155 -0.307 -0.435 -0.396
 -0.327 -0.406 -0.334 -0.273 -0.023  0.032  0.129  0.132  0.113  0.104  0.092  0.026  0.034 -0.107 -0.204 -0.149 -0.061 -0.109 -0.100  0.058  0.257  0.549  0.678  0.713  0.557  0.388  0.414  0.394  0.246  0.138  0.107  0.065  0.023 -0.045 -0.011 -0.024 -0.111 -0.006 -0.056  0.033  0.106  0.119  0.204  0.173  0.156  0.107  0.082  0.196  0.307  0.545  0.783  1.000  0.741  0.586  0.345  0.112 -0.064  0.096  0.018 -0.189 -0.211 -0.269 -0.398 -0.429 -0.351 -0.237 -0.070  0.061  0.176  0.170  0.114  0.026 -0.194 -0.341 -0.441 -0.413
 -0.223 -0.316 -0.292 -0.289 -0.094 -0.074  0.012  0.036  0.040  0.011 -0.021 -0.079 -0.064 -0.151 -0.172 -0.079  0.040  0.042  0.073  0.240  0.388  0.603  0.589  0.617  0.501  0.345  0.345  0.326  0.199  0.091  0.047 -0.001 -0.029 -0.086 -0.061 -0.059 -0.156 -0.096 -0.084 -0.025  0.015  0.050  0.111  0.087  0.051  0.038  0.050  0.077  0.163  0.299  0.554  0.741  1.000  0.761  0.526  0.293  0.152  0.266  0.128 -0.039 -0.078 -0.163 -0.288 -0.353 -0.311 -0.263 -0.113 -0.046  0.070  0.083  0.059 -0.025 -0.127 -0.270 -0.348 -0.327
 -0.170 -0.276 -0.287 -0.320 -0.162 -0.151 -0.059 -0.013  0.006 -0.025 -0.073 -0.158 -0.138 -0.228 -0.228 -0.087  0.056  0.108  0.196  0.370  0.484  0.652  0.556  0.486  0.399  0.231  0.190  0.200  0.091 -0.024 -0.029 -0.053 -0.084 -0.152 -0.130 -0.124 -0.155 -0.117 -0.088 -0.047 -0.031  0.022  0.059  0.001 -0.027 -0.059 -0.044 -0.022  0.106  0.288  0.507  0.586  0.761  1.000  0.762  0.497  0.346  0.477  0.291  0.104  0.041 -0.116 -0.237 -0.320 -0.290 -0.274 -0.133 -0.104 -0.006  0.023  0.037 -0.019 -0.003 -0.149 -0.280 -0.257
 -0.027 -0.141 -0.204 -0.281 -0.230 -0.244 -0.174 -0.114 -0.071 -0.102 -0.161 -0.224 -0.177 -0.199 -0.156  0.042  0.194  0.306  0.426  0.577  0.609  0.610  0.413  0.333  0.323  0.141  0.053  0.073 -0.057 -0.176 -0.163 -0.190 -0.214 -0.253 -0.226 -0.203 -0.203 -0.213 -0.157 -0.153 -0.177 -0.117 -0.111 -0.166 -0.136 -0.117 -0.111 -0.129 -0.066  0.075  0.267  0.345  0.526  0.762  1.000  0.755  0.586  0.612  0.383  0.280  0.214  0.044 -0.084 -0.194 -0.190 -0.246 -0.201 -0.233 -0.155 -0.116 -0.064 -0.098  0.007 -0.015 -0.056 -0.052
  0.088  0.011 -0.070 -0.199 -0.260 -0.288 -0.256 -0.194 -0.126 -0.153 -0.196 -0.232 -0.181 -0.146 -0.054  0.106  0.219  0.354  0.526  0.538  0.470  0.383  0.215  0.117  0.138  0.016 -0.076 -0.060 -0.178 -0.264 -0.217 -0.246 -0.278 -0.283 -0.259 -0.233 -0.180 -0.208 -0.144 -0.173 -0.234 -0.180 -0.203 -0.248 -0.203 -0.164 -0.151 -0.192 -0.155 -0.047  0.090  0.112  0.293  0.497  0.755  1.000  0.758  0.627  0.525  0.489  0.460  0.205  0.078 -0.045 -0.065 -0.185 -0.230 -0.302 -0.264 -0.206 -0.121 -0.127  0.045  0.077  0.084  0.079
  0.125  0.058 -0.016 -0.178 -0.291 -0.337 -0.316 -0.262 -0.193 -0.232 -0.275 -0.304 -0.250 -0.179 -0.033  0.057  0.169  0.376  0.570  0.573  0.393  0.236  0.031 -0.057 -0.015 -0.102 -0.186 -0.153 -0.228 -0.273 -0.197 -0.214 -0.241 -0.221 -0.199 -0.170 -0.118 -0.181 -0.098 -0.149 -0.226 -0.183 -0.230 -0.286 -0.275 -0.210 -0.183 -0.268 -0.212 -0.150 -0.043 -0.064  0.152  0.346  0.586  0.758  1.000  0.801  0.596  0.641  0.474  0.245  0.139  0.037  0.025 -0.130 -0.194 -0.302 -0.303 -0.245 -0.131 -0.135  0.091  0.130  0.182  0.167
 -0.033 -0.109 -0.098 -0.235 -0.250 -0.268 -0.219 -0.183 -0.140 -0.182 -0.218 -0.276 -0.254 -0.262 -0.153 -0.100  0.024  0.211  0.395  0.449  0.306  0.255  0.105  0.020 -0.000 -0.082 -0.130 -0.097 -0.142 -0.171 -0.105 -0.104 -0.127 -0.134 -0.115 -0.090 -0.074 -0.112 -0.063 -0.076 -0.119 -0.084 -0.112 -0.195 -0.215 -0.199 -0.181 -0.233 -0.108  0.014  0.146  0.096  0.266  0.477  0.612  0.627  0.801  1.000  0.765  0.624  0.387  0.147  0.009 -0.082 -0.022 -0.143 -0.131 -0.207 -0.184 -0.133 -0.045 -0.079  0.048  0.038  0.033  0.028
 -0.067 -0.094 -0.041 -0.149 -0.193 -0.200 -0.177 -0.163 -0.118 -0.149 -0.151 -0.197 -0.208 -0.225 -0.140 -0.168 -0.090  0.070  0.237  0.265  0.106  0.068 -0.008 -0.076 -0.117 -0.167 -0.181 -0.149 -0.174 -0.166 -0.084 -0.071 -0.109 -0.115 -0.100 -0.087 -0.030 -0.049 -0.032 -0.027 -0.069 -0.041 -0.066 -0.136 -0.151 -0.169 -0.151 -0.176 -0.053  0.073  0.150  0.018  0.128  0.291  0.383  0.525  0.596  0.765  1.000  0.741  0.552  0.225  0.074 -0.022  0.063 -0.056 -0.073 -0.147 -0.148 -0.094 -0.010 -0.044  0.040  0.038  0.022  0.015
  0.079  0.070  0.070 -0.097 -0.244 -0.280 -0.282 -0.244 -0.185 -0.219 -0.239 -0.257 -0.238 -0.179 -0.038 -0.079 -0.028  0.148  0.308  0.290  0.083 -0.034 -0.145 -0.225 -0.219 -0.233 -0.277 -0.252 -0.265 -0.249 -0.156 -0.151 -0.177 -0.151 -0.129 -0.109 -0.022 -0.090 -0.043 -0.102 -0.171 -0.146 -0.196 -0.234 -0.213 -0.181 -0.159 -0.226 -0.168 -0.118 -0.073 -0.189 -0.039  0.104  0.280  0.489  0.641  0.624  0.741  1.000  0.730  0.411  0.257  0.140  0.177 -0.003 -0.095 -0.223 -0.268 -0.214 -0.108 -0.112  0.072  0.154  0.219  0.193
  0.168  0.183  0.163 -0.035 -0.229 -0.280 -0.311 -0.263 -0.202 -0.236 -0.258 -0.253 -0.222 -0.120  0.043  0.019  0.041  0.149  0.267  0.227  0.066 -0.053 -0.167 -0.219 -0.204 -0.235 -0.272 -0.244 -0.294 -0.297 -0.195 -0.202 -0.236 -0.205 -0.192 -0.179 -0.088 -0.141 -0.104 -0.137 -0.227 -0.211 -0.245 -0.240 -0.179 -0.136 -0.130 -0.194 -0.199 -0.153 -0.128 -0.211 -0.078  0.041  0.214  0.460  0.474  0.387  0.552  0.730  1.000  0.684  0.438  0.259  0.302  0.062 -0.078 -0.228 -0.300 -0.254 -0.149 -0.131  0.091  0.179  0.263  0.252
  0.302  0.292  0.242  0.032 -0.217 -0.285 -0.319 -0.270 -0.210 -0.237 -0.279 -0.247 -0.201 -0.034  0.109  0.143  0.126  0.173  0.198  0.124  0.012 -0.116 -0.224 -0.241 -0.215 -0.252 -0.270 -0.262 -0.348 -0.337 -0.237 -0.265 -0.275 -0.218 -0.188 -0.162 -0.085 -0.155 -0.117 -0.176 -0.270 -0.261 -0.287 -0.232 -0.137 -0.069 -0.064 -0.138 -0.226 -0.239 -0.240 -0.269 -0.163 -0.116  0.044  0.205  0.245  0.147  0.225  0.411  0.684  1.000  0.659  0.384  0.393  0.122 -0.069 -0.224 -0.311 -0.286 -0.203 -0.166  0.059  0.228  0.379  0.342
  0.539  0.573  0.400  0.193 -0.204 -0.290 -0.349 -0.285 -0.235 -0.257 -0.288 -0.235 -0.175  0.064  0.241  0.351  0.275  0.275  0.183  0.077 -0.003 -0.184 -0.313 -0.340 -0.249 -0.270 -0.331 -0.324 -0.343 -0.358 -0.311 -0.317 -0.302 -0.245 -0.252 -0.226 -0.121 -0.204 -0.127 -0.206 -0.311 -0.282 -0.312 -0.269 -0.198 -0.118 -0.106 -0.187 -0.304 -0.359 -0.394 -0.398 -0.288 -0.237 -0.084  0.078  0.139  0.009  0.074  0.257  0.438  0.659  1.000  0.754  0.499  0.235 -0.053 -0.221 -0.359 -0.312 -0.226 -0.131  0.183  0.301  0.435  0.412
  0.460  0.628  0.481  0.363 -0.086 -0.200 -0.314 -0.281 -0.263 -0.274 -0.246 -0.144 -0.100  0.159  0.346  0.307  0.181  0.176  0.094 -0.031 -0.098 -0.263 -0.353 -0.377 -0.282 -0.247 -0.294 -0.295 -0.293 -0.308 -0.257 -0.256 -0.245 -0.159 -0.179 -0.167 -0.072 -0.148 -0.049 -0.143 -0.241 -0.222 -0.254 -0.217 -0.188 -0.132 -0.106 -0.181 -0.274 -0.348 -0.420 -0.429 -0.353 -0.320 -0.194 -0.045  0.037 -0.082 -0.022  0.140  0.259  0.384  0.754  1.000  0.687  0.416  0.080 -0.137 -0.312 -0.274 -0.207 -0.118  0.180  0.223  0.393  0.378
  0.177  0.300  0.427  0.387  0.074 -0.032 -0.201 -0.238 -0.236 -0.243 -0.154 -0.053 -0.061  0.086  0.209  0.010 -0.024 -0.016 -0.006 -0.113 -0.229 -0.343 -0.369 -0.379 -0.381 -0.328 -0.299 -0.307 -0.299 -0.207 -0.122 -0.134 -0.131 -0.059 -0.072 -0.065  0.007 -0.047 -0.045 -0.109 -0.183 -0.210 -0.202 -0.155 -0.108 -0.113 -0.100 -0.146 -0.194 -0.232 -0.282 -0.351 -0.311 -0.290 -0.190 -0.065  0.025 -0.022  0.063  0.177  0.302  0.393  0.499  0.687  1.000  0.646  0.316 -0.007 -0.208 -0.229 -0.183 -0.133  0.053  0.148  0.333  0.310
  0.044  0.165  0.288  0.509  0.294  0.250  0.024 -0.036 -0.097 -0.089 -0.010  0.107  0.042  0.110  0.083 -0.049 -0.083 -0.122 -0.123 -0.198 -0.269 -0.319 -0.305 -0.278 -0.300 -0.253 -0.209 -0.223 -0.196 -0.146 -0.099 -0.098 -0.097 -0.054 -0.074 -0.067  0.015 -0.018 -0.015 -0.046 -0.080 -0.079 -0.048 -0.010  0.019 -0.082 -0.105 -0.086 -0.112 -0.098 -0.147 -0.237 -0.263 -0.274 -0.246 -0.185 -0.130 -0.143 -0.056 -0.003  0.062  0.122  0.235  0.416  0.646  1.000  0.643  0.207 -0.012 -0.052 -0.053 -0.037  0.047  0.074  0.166  0.142
 -0.145 -0.039  0.084  0.310  0.427  0.369  0.193  0.124 -0.018 -0.028  0.016  0.090  0.029 -0.048 -0.061 -0.205 -0.228 -0.249 -0.234 -0.230 -0.266 -0.228 -0.181 -0.135 -0.195 -0.168 -0.087 -0.089 -0.061 -0.014  0.014  0.027  0.022  0.026  0.018  0.020  0.065  0.052  0.061  0.089  0.122  0.155  0.217  0.249  0.188  0.012 -0.027 -0.023  0.033  0.065  0.038 -0.070 -0.113 -0.133 -0.201 -0.230 -0.194 -0.131 -0.073 -0.095 -0.078 -0.069 -0.053  0.080  0.316  0.643  1.000  0.561  0.314  0.207  0.122  0.083  0.015 -0.079 -0.095 -0.102
 -0.283 -0.225 -0.140  0.044  0.328  0.439  0.458  0.405  0.169  0.166  0.140  0.116  0.049 -0.115 -0.164 -0.273 -0.309 -0.355 -0.344 -0.320 -0.288 -0.175 -0.060 -0.009 -0.083 -0.064  0.047  0.018  0.021  0.074  0.086  0.084  0.067  0.087  0.109  0.113  0.142  0.227  0.192  0.234  0.366  0.420  0.539  0.567  0.346  0.102  0.114  0.098  0.218  0.193  0.156  0.061 -0.046 -0.104 -0.233 -0.302 -0.302 -0.207 -0.147 -0.223 -0.228 -0.224 -0.221 -0.137 -0.007  0.207  0.561  1.000  0.724  0.506  0.301  0.173 -0.092 -0.226 -0.373 -0.366
 -0.356 -0.327 -0.237 -0.048  0.358  0.477  0.604  0.494  0.239  0.262  0.222  0.175  0.124 -0.085 -0.181 -0.261 -0.285 -0.348 -0.334 -0.278 -0.205 -0.060  0.059  0.133  0.053  0.032  0.152  0.136  0.078  0.104  0.119  0.074  0.039  0.050  0.107  0.129  0.131  0.229  0.229  0.362  0.522  0.593  0.588  0.504  0.276  0.072  0.101  0.128  0.285  0.260  0.225  0.176  0.070 -0.006 -0.155 -0.264 -0.303 -0.184 -0.148 -0.268 -0.300 -0.311 -0.359 -0.312 -0.208 -0.012  0.314  0.724  1.000  0.744  0.492  0.304 -0.159 -0.295 -0.491 -0.521
 -0.285 -0.267 -0.263 -0.110  0.217  0.348  0.474  0.419  0.212  0.220  0.155  0.096  0.032 -0.136 -0.209 -0.227 -0.248 -0.303 -0.279 -0.227 -0.159 -0.028  0.076  0.139  0.067  0.036  0.144  0.130  0.087  0.103  0.109  0.063  0.037  0.063  0.140  0.195  0.198  0.224  0.304  0.502  0.606  0.678  0.512  0.392  0.168 -0.023 -0.003  0.041  0.192  0.231  0.207  0.170  0.083  0.023 -0.116 -0.206 -0.245 -0.133 -0.094 -0.214 -0.254 -0.286 -0.312 -0.274 -0.229 -0.052  0.207  0.506  0.744  1.000  0.787  0.570  0.019 -0.252 -0.551 -0.612
 -0.194 -0.191 -0.223 -0.103  0.105  0.205  0.292  0.226  0.076  0.077  0.039  0.011 -0.036 -0.175 -0.226 -0.207 -0.212 -0.223 -0.173 -0.135 -0.109 -0.013  0.060  0.102  0.064  0.003  0.059  0.081  0.055  0.014  0.011  0.005 -0.017 -0.031  0.032  0.103  0.158  0.167  0.289  0.594  0.600  0.592  0.361  0.223  0.060 -0.090 -0.060 -0.017  0.109  0.167  0.141  0.114  0.059  0.037 -0.064 -0.121 -0.131 -0.045 -0.010 -0.108 -0.149 -0.203 -0.226 -0.207 -0.183 -0.053  0.122  0.301  0.492  0.787  1.000  0.783  0.245 -0.087 -0.446 -0.539
 -0.066 -0.077 -0.163 -0.065  0.033  0.099  0.166  0.137  0.049  0.033 -0.016 -0.029 -0.068 -0.153 -0.210 -0.125 -0.154 -0.175 -0.143 -0.139 -0.124 -0.057  0.005  0.026  0.009 -0.030 -0.017  0.012  0.049 -0.003 -0.038  0.004 -0.001 -0.066 -0.042  0.009  0.088  0.046  0.144  0.552  0.474  0.491  0.264  0.115 -0.009 -0.160 -0.164 -0.087  0.010  0.099  0.052  0.026 -0.025 -0.019 -0.098 -0.127 -0.135 -0.079 -0.044 -0.112 -0.131 -0.166 -0.131 -0.118 -0.133 -0.037  0.083  0.173  0.304  0.570  0.783  1.000  0.472  0.133 -0.298 -0.409
  0.249  0.244  0.038  0.052 -0.126 -0.162 -0.211 -0.159 -0.152 -0.191 -0.178 -0.172 -0.176 -0.127 -0.103  0.062  0.010  0.070  0.105  0.085  0.020 -0.035 -0.111 -0.176 -0.066 -0.082 -0.263 -0.204 -0.030 -0.194 -0.319 -0.125 -0.067 -0.216 -0.303 -0.284 -0.156 -0.179 -0.081  0.081 -0.011  0.017 -0.057 -0.123 -0.152 -0.230 -0.223 -0.193 -0.212 -0.108 -0.155 -0.194 -0.127 -0.003  0.007  0.045  0.091  0.048  0.040  0.072  0.091  0.059  0.183  0.180  0.053  0.047  0.015 -0.092 -0.159  0.019  0.245  0.472  1.000  0.515  0.088  0.050
  0.281  0.206  0.086  0.136 -0.080 -0.107 -0.176 -0.144 -0.107 -0.105 -0.073 -0.055 -0.063  0.040 -0.098  0.162  0.166  0.200  0.209  0.142  0.035 -0.119 -0.231 -0.303 -0.193 -0.206 -0.411 -0.361 -0.222 -0.351 -0.440 -0.260 -0.244 -0.395 -0.470 -0.464 -0.377 -0.423 -0.447 -0.326 -0.403 -0.349 -0.337 -0.292 -0.161 -0.144 -0.188 -0.156 -0.297 -0.236 -0.307 -0.341 -0.270 -0.149 -0.015  0.077  0.130  0.038  0.038  0.154  0.179  0.228  0.301  0.223  0.148  0.074 -0.079 -0.226 -0.295 -0.252 -0.087  0.133  0.515  1.000  0.588  0.393
  0.375  0.363  0.304  0.230 -0.100 -0.201 -0.351 -0.353 -0.254 -0.251 -0.169 -0.055 -0.029  0.147  0.138  0.241  0.231  0.296  0.269  0.185  0.043 -0.179 -0.320 -0.395 -0.260 -0.214 -0.420 -0.400 -0.271 -0.331 -0.389 -0.278 -0.234 -0.298 -0.373 -0.398 -0.362 -0.445 -0.483 -0.512 -0.600 -0.561 -0.510 -0.428 -0.202 -0.097 -0.182 -0.223 -0.402 -0.380 -0.435 -0.441 -0.348 -0.280 -0.056  0.084  0.182  0.033  0.022  0.219  0.263  0.379  0.435  0.393  0.333  0.166 -0.095 -0.373 -0.491 -0.551 -0.446 -0.298  0.088  0.588  1.000  0.780
