  1.000  0.773  0.536  0.256 -0.095 -0.204 -0.207 -0.123 -0.160 -0.134 -0.140 -0.076 -0.008  0.258  0.342  0.633  0.630  0.609  0.402  0.262  0.200 -0.114 -0.298 -0.321 -0.205 -0.274 -0.410 -0.383 -0.329 -0.379 -0.395 -0.337 -0.272 -0.275 -0.309 -0.324 -0.340 -0.395 -0.360 -0.339 -0.389 -0.378 -0.409 -0.409 -0.317 -0.225 -0.289 -0.305 -0.427 -0.430 -0.454 -0.403 -0.324 -0.279 -0.072  0.077  0.143 -0.050 -0.083  0.104  0.203  0.402  0.585  0.491  0.274  0.042 -0.166 -0.318 -0.375 -0.345 -0.280 -0.144  0.098  0.340  0.439  0.410
  0.773  1.000  0.752  0.472  0.101 -0.024 -0.087 -0.076 -0.136 -0.100 -0.074  0.069  0.151  0.435  0.529  0.636  0.497  0.421  0.224  0.077  0.017 -0.266 -0.376 -0.370 -0.261 -0.269 -0.359 -0.331 -0.248 -0.279 -0.302 -0.245 -0.181 -0.177 -0.216 -0.250 -0.279 -0.345 -0.335 -0.284 -0.310 -0.323 -0.339 -0.327 -0.258 -0.201 -0.254 -0.267 -0.393 -0.437 -0.496 -0.458 -0.429 -0.426 -0.247 -0.065 -0.012 -0.203 -0.169  0.019  0.171  0.365  0.575  0.609  0.361  0.185 -0.020 -0.183 -0.252 -0.251 -0.218 -0.106  0.025  0.260  0.325  0.305
  0.536  0.752  1.000  0.661  0.271  0.120  0.013 -0.054 -0.167 -0.116 -0.032  0.160  0.258  0.517  0.570  0.486  0.416  0.290  0.103 -0.028 -0.063 -0.302 -0.359 -0.322 -0.274 -0.261 -0.290 -0.270 -0.202 -0.199 -0.215 -0.180 -0.126 -0.119 -0.155 -0.190 -0.222 -0.278 -0.284 -0.257 -0.251 -0.290 -0.277 -0.253 -0.208 -0.179 -0.206 -0.214 -0.314 -0.363 -0.403 -0.380 -0.371 -0.394 -0.266 -0.111 -0.079 -0.209 -0.147 -0.014  0.138  0.275  0.445  0.527  0.417  0.323  0.133 -0.075 -0.153 -0.183 -0.172 -0.120 -0.043  0.185  0.233  0.211
  0.256  0.472  0.661  1.000  0.658  0.503  0.285  0.114 -0.042  0.034  0.182  0.438  0.514  0.632  0.501  0.335  0.199  0.031 -0.140 -0.270 -0.266 -0.402 -0.351 -0.270 -0.251 -0.197 -0.145 -0.135 -0.062 -0.010 -0.024 -0.008  0.024  0.028 -0.001 -0.057 -0.095 -0.150 -0.176 -0.105 -0.045 -0.122 -0.085 -0.049 -0.060 -0.107 -0.126 -0.099 -0.187 -0.267 -0.332 -0.323 -0.398 -0.470 -0.420 -0.291 -0.297 -0.377 -0.274 -0.194 -0.046  0.061  0.218  0.448  0.440  0.586  0.429  0.224  0.143  0.053  0.005 -0.005 -0.174  0.029 -0.037 -0.069
 -0.095  0.101  0.271  0.658  1.000  0.804  0.525  0.308  0.068  0.148  0.313  0.540  0.625  0.459  0.345  0.104 -0.042 -0.216 -0.340 -0.386 -0.316 -0.286 -0.153 -0.033 -0.074 -0.024  0.112  0.123  0.158  0.226  0.209  0.197  0.203  0.184  0.172  0.119  0.069  0.037 -0.016  0.074  0.177  0.095  0.159  0.183  0.086 -0.030  0.004  0.061  0.039 -0.046 -0.081 -0.064 -0.184 -0.313 -0.379 -0.379 -0.434 -0.423 -0.346 -0.364 -0.271 -0.233 -0.153  0.065  0.126  0.405  0.557  0.466  0.459  0.271  0.172  0.070 -0.241 -0.203 -0.333 -0.356
 -0.204 -0.024  0.120  0.503  0.804  1.000  0.652  0.398  0.198  0.228  0.328  0.534  0.545  0.361  0.227  0.012 -0.126 -0.295 -0.389 -0.430 -0.332 -0.244 -0.098  0.015 -0.015  0.020  0.153  0.159  0.179  0.256  0.250  0.221  0.219  0.214  0.212  0.173  0.140  0.111  0.060  0.164  0.275  0.185  0.235  0.269  0.141 -0.000  0.032  0.103  0.105  0.017 -0.012 -0.005 -0.137 -0.261 -0.358 -0.370 -0.448 -0.410 -0.323 -0.373 -0.291 -0.278 -0.223 -0.010  0.076  0.402  0.522  0.567  0.566  0.381  0.265  0.138 -0.272 -0.267 -0.446 -0.463
 -0.207 -0.087  0.013  0.285  0.525  0.652  1.000  0.601  0.156  0.178  0.252  0.307  0.381  0.219  0.127 -0.036 -0.140 -0.281 -0.357 -0.370 -0.273 -0.174 -0.027  0.077  0.026  0.046  0.196  0.200  0.181  0.254  0.271  0.228  0.199  0.202  0.230  0.202  0.171  0.152  0.122  0.182  0.323  0.204  0.279  0.301  0.144  0.007  0.067  0.129  0.125  0.070  0.057  0.067 -0.064 -0.183 -0.288 -0.314 -0.397 -0.350 -0.277 -0.351 -0.284 -0.303 -0.252 -0.093 -0.063  0.201  0.319  0.537  0.578  0.424  0.327  0.121 -0.214 -0.293 -0.455 -0.473
 -0.123 -0.076 -0.054  0.114  0.308  0.398  0.601  1.000  0.555  0.469  0.327  0.290  0.225  0.105  0.033 -0.011 -0.065 -0.144 -0.226 -0.219 -0.140 -0.099 -0.052  0.045  0.028  0.014  0.119  0.138  0.107  0.135  0.170  0.144  0.114  0.097  0.122  0.097  0.097  0.098  0.048  0.053  0.131  0.021  0.101  0.121  0.000 -0.087 -0.033  0.009  0.020 -0.053 -0.054  0.009 -0.032 -0.130 -0.190 -0.244 -0.283 -0.272 -0.267 -0.298 -0.272 -0.242 -0.204 -0.134 -0.136  0.031  0.140  0.313  0.304  0.083  0.040 -0.045 -0.252 -0.209 -0.324 -0.307
 -0.160 -0.136 -0.167 -0.042  0.068  0.198  0.156  0.555  1.000  0.812  0.387  0.275  0.110  0.013 -0.050 -0.067 -0.114 -0.156 -0.169 -0.165 -0.107 -0.032 -0.005  0.030  0.051  0.060  0.089  0.083  0.063  0.064  0.074  0.065  0.053  0.032  0.034  0.025  0.054  0.111  0.093  0.075  0.093  0.131  0.112  0.082  0.007 -0.025 -0.032  0.013  0.060  0.003 -0.011  0.001  0.001 -0.031 -0.095 -0.153 -0.166 -0.131 -0.138 -0.168 -0.189 -0.160 -0.186 -0.172 -0.141 -0.054  0.010  0.138  0.171  0.052 -0.026 -0.001 -0.242 -0.257 -0.315 -0.276
 -0.134 -0.100 -0.116  0.034  0.148  0.228  0.178  0.469  0.812  1.000  0.691  0.475  0.251  0.128  0.024 -0.018 -0.085 -0.139 -0.180 -0.193 -0.138 -0.085 -0.038  0.010  0.012  0.045  0.087  0.080  0.091  0.088  0.080  0.093  0.091  0.060  0.050  0.008  0.018  0.076  0.024 -0.016  0.037  0.054  0.081  0.044 -0.014 -0.029 -0.027  0.005  0.038 -0.024 -0.049 -0.026 -0.047 -0.094 -0.144 -0.189 -0.196 -0.180 -0.182 -0.195 -0.210 -0.175 -0.175 -0.143 -0.147 -0.041  0.011  0.106  0.132 -0.029 -0.102 -0.072 -0.300 -0.254 -0.287 -0.261
 -0.140 -0.074 -0.032  0.182  0.313  0.328  0.252  0.327  0.387  0.691  1.000  0.753  0.494  0.302  0.135  0.024 -0.077 -0.163 -0.235 -0.274 -0.213 -0.180 -0.087 -0.022 -0.047  0.009  0.090  0.102  0.145  0.174  0.166  0.182  0.193  0.181  0.160  0.084  0.051  0.082  0.007  0.009  0.066  0.036  0.090  0.048 -0.020 -0.036 -0.001  0.009  0.035 -0.031 -0.065 -0.040 -0.113 -0.186 -0.241 -0.254 -0.283 -0.280 -0.248 -0.256 -0.245 -0.226 -0.187 -0.094 -0.114  0.039  0.078  0.132  0.147  0.020 -0.043 -0.038 -0.265 -0.249 -0.300 -0.276
 -0.076  0.069  0.160  0.438  0.540  0.534  0.307  0.290  0.275  0.475  0.753  1.000  0.755  0.557  0.335  0.155  0.006 -0.150 -0.269 -0.343 -0.271 -0.276 -0.162 -0.066 -0.078 -0.014  0.064  0.074  0.151  0.193  0.162  0.176  0.203  0.199  0.160  0.080  0.022  0.002 -0.070  0.000  0.080  0.002  0.060  0.036 -0.024 -0.057 -0.024 -0.002 -0.021 -0.100 -0.146 -0.112 -0.223 -0.328 -0.363 -0.332 -0.383 -0.407 -0.341 -0.327 -0.256 -0.199 -0.122  0.044  0.025  0.195  0.197  0.209  0.213  0.086  0.011 -0.018 -0.301 -0.194 -0.286 -0.284
 -0.008  0.151  0.258  0.514  0.625  0.545  0.381  0.225  0.110  0.251  0.494  0.755  1.000  0.751  0.498  0.259  0.096 -0.097 -0.257 -0.322 -0.220 -0.242 -0.129 -0.028 -0.043  0.005  0.095  0.116  0.155  0.201  0.182  0.184  0.197  0.195  0.178  0.104  0.032 -0.001 -0.047  0.033  0.122  0.034  0.078  0.057 -0.001 -0.043 -0.020  0.023 -0.011 -0.094 -0.145 -0.094 -0.217 -0.333 -0.358 -0.331 -0.399 -0.436 -0.370 -0.360 -0.270 -0.212 -0.121  0.063  0.027  0.199  0.215  0.237  0.278  0.171  0.084  0.033 -0.273 -0.224 -0.310 -0.310
  0.258  0.435  0.517  0.632  0.459  0.361  0.219  0.105  0.013  0.128  0.302  0.557  0.751  1.000  0.734  0.496  0.319  0.113 -0.086 -0.203 -0.146 -0.282 -0.228 -0.142 -0.119 -0.081 -0.054 -0.042  0.011  0.036  0.007  0.014  0.051  0.066  0.038 -0.019 -0.085 -0.133 -0.166 -0.103 -0.038 -0.122 -0.089 -0.109 -0.111 -0.110 -0.119 -0.089 -0.167 -0.247 -0.312 -0.246 -0.334 -0.431 -0.373 -0.273 -0.310 -0.421 -0.352 -0.271 -0.136 -0.019  0.125  0.300  0.190  0.263  0.131  0.074  0.076  0.015 -0.042 -0.034 -0.222 -0.048 -0.089 -0.099
  0.342  0.529  0.570  0.501  0.345  0.227  0.127  0.033 -0.050  0.024  0.135  0.335  0.498  0.734  1.000  0.702  0.484  0.241  0.001 -0.084 -0.015 -0.171 -0.162 -0.089 -0.057 -0.027 -0.028 -0.024  0.004  0.012 -0.023 -0.021  0.035  0.047  0.011 -0.027 -0.113 -0.150 -0.165 -0.125 -0.065 -0.143 -0.125 -0.153 -0.168 -0.141 -0.147 -0.119 -0.186 -0.265 -0.306 -0.210 -0.259 -0.353 -0.277 -0.206 -0.241 -0.365 -0.338 -0.257 -0.121  0.004  0.182  0.288  0.133  0.151  0.062 -0.010  0.005 -0.043 -0.076 -0.063 -0.163 -0.051 -0.040 -0.040
  0.633  0.636  0.486  0.335  0.104  0.012 -0.036 -0.011 -0.067 -0.018  0.024  0.155  0.259  0.496  0.702  1.000  0.756  0.505  0.253  0.151  0.186 -0.074 -0.177 -0.153 -0.077 -0.119 -0.185 -0.177 -0.161 -0.186 -0.213 -0.191 -0.128 -0.119 -0.156 -0.176 -0.246 -0.291 -0.270 -0.240 -0.224 -0.267 -0.272 -0.302 -0.272 -0.200 -0.235 -0.212 -0.309 -0.349 -0.377 -0.276 -0.268 -0.295 -0.130 -0.040 -0.043 -0.225 -0.267 -0.140 -0.019  0.148  0.361  0.351  0.121  0.031 -0.114 -0.186 -0.187 -0.195 -0.186 -0.111 -0.073  0.118  0.164  0.160
  0.630  0.497  0.416  0.199 -0.042 -0.126 -0.140 -0.065 -0.114 -0.085 -0.077  0.006  0.096  0.319  0.484  0.756  1.000  0.767  0.446  0.345  0.422  0.099 -0.082 -0.073 -0.017 -0.136 -0.221 -0.211 -0.234 -0.280 -0.295 -0.277 -0.224 -0.213 -0.239 -0.243 -0.298 -0.335 -0.288 -0.289 -0.291 -0.318 -0.331 -0.359 -0.314 -0.211 -0.242 -0.233 -0.319 -0.328 -0.305 -0.190 -0.122 -0.110  0.075  0.127  0.120 -0.050 -0.143 -0.044  0.035  0.162  0.332  0.254  0.082 -0.048 -0.196 -0.283 -0.285 -0.271 -0.235 -0.163 -0.027  0.166  0.244  0.240
  0.609  0.421  0.290  0.031 -0.216 -0.295 -0.281 -0.144 -0.156 -0.139 -0.163 -0.150 -0.097  0.113  0.241  0.505  0.767  1.000  0.704  0.565  0.537  0.167 -0.100 -0.133 -0.033 -0.199 -0.343 -0.316 -0.337 -0.401 -0.407 -0.371 -0.314 -0.310 -0.339 -0.337 -0.366 -0.389 -0.323 -0.340 -0.388 -0.374 -0.412 -0.431 -0.358 -0.229 -0.271 -0.287 -0.366 -0.364 -0.326 -0.228 -0.089 -0.015  0.226  0.299  0.352  0.170  0.041  0.164  0.169  0.249  0.358  0.221  0.074 -0.137 -0.282 -0.398 -0.412 -0.372 -0.299 -0.194  0.090  0.275  0.406  0.395
  0.402  0.224  0.103 -0.140 -0.340 -0.389 -0.357 -0.226 -0.169 -0.180 -0.235 -0.269 -0.257 -0.086  0.001  0.253  0.446  0.704  1.000  0.720  0.502  0.177 -0.083 -0.154 -0.077 -0.223 -0.367 -0.339 -0.351 -0.419 -0.413 -0.370 -0.329 -0.325 -0.343 -0.335 -0.326 -0.347 -0.277 -0.309 -0.395 -0.356 -0.411 -0.420 -0.328 -0.194 -0.241 -0.292 -0.332 -0.308 -0.249 -0.197 -0.021  0.112  0.382  0.515  0.580  0.394  0.252  0.360  0.308  0.292  0.282  0.132  0.077 -0.158 -0.306 -0.421 -0.451 -0.378 -0.287 -0.187  0.146  0.321  0.445  0.429
  0.262  0.077 -0.028 -0.270 -0.386 -0.430 -0.370 -0.219 -0.165 -0.193 -0.274 -0.343 -0.322 -0.203 -0.084  0.151  0.345  0.565  0.720  1.000  0.746  0.417  0.118  0.016  0.071 -0.106 -0.261 -0.248 -0.311 -0.393 -0.390 -0.371 -0.342 -0.334 -0.346 -0.320 -0.308 -0.307 -0.221 -0.283 -0.353 -0.305 -0.350 -0.372 -0.300 -0.183 -0.217 -0.244 -0.256 -0.206 -0.113 -0.033  0.155  0.307  0.550  0.526  0.594  0.460  0.279  0.338  0.241  0.174  0.144 -0.030 -0.058 -0.269 -0.329 -0.419 -0.413 -0.343 -0.257 -0.191  0.156  0.246  0.397  0.397
  0.200  0.017 -0.063 -0.266 -0.316 -0.332 -0.273 -0.140 -0.107 -0.138 -0.213 -0.271 -0.220 -0.146 -0.015  0.186  0.422  0.537  0.502  0.746  1.000  0.710  0.380  0.279  0.340  0.107 -0.061 -0.055 -0.171 -0.270 -0.286 -0.295 -0.270 -0.262 -0.271 -0.236 -0.244 -0.232 -0.162 -0.206 -0.237 -0.223 -0.246 -0.288 -0.257 -0.169 -0.183 -0.162 -0.147 -0.077  0.036  0.180  0.316  0.421  0.580  0.438  0.390  0.297  0.096  0.098  0.045  0.004  0.013 -0.127 -0.178 -0.309 -0.314 -0.342 -0.292 -0.233 -0.182 -0.142  0.092  0.074  0.190  0.206
 -0.114 -0.266 -0.302 -0.402 -0.286 -0.244 -0.174 -0.099 -0.032 -0.085 -0.180 -0.276 -0.242 -0.282 -0.171 -0.074  0.099  0.167  0.177  0.417  0.710  1.000  0.739  0.607  0.626  0.413  0.225  0.198  0.056 -0.057 -0.098 -0.134 -0.136 -0.143 -0.142 -0.094 -0.087 -0.033 -0.006 -0.041 -0.045 -0.026 -0.016 -0.070 -0.094 -0.069 -0.050  0.000  0.098  0.232  0.389  0.548  0.610  0.662  0.605  0.346  0.226  0.281  0.098 -0.013 -0.095 -0.198 -0.255 -0.360 -0.344 -0.361 -0.243 -0.182 -0.093 -0.049 -0.035 -0.063  0.067 -0.147 -0.076 -0.041
 -0.298 -0.376 -0.359 -0.351 -0.153 -0.098 -0.027 -0.052 -0.005 -0.038 -0.087 -0.162 -0.129 -0.228 -0.162 -0.177 -0.082 -0.100 -0.083  0.118  0.380  0.739  1.000  0.803  0.660  0.567  0.507  0.419  0.228  0.138  0.105  0.035 -0.008 -0.018  0.006  0.053  0.085  0.164  0.146  0.095  0.134  0.130  0.189  0.115  0.048  0.020  0.073  0.141  0.293  0.435  0.559  0.702  0.595  0.551  0.380  0.148 -0.020  0.098  0.011 -0.157 -0.223 -0.331 -0.394 -0.434 -0.387 -0.293 -0.137 -0.006  0.085  0.096  0.068 -0.013 -0.036 -0.291 -0.285 -0.248
 -0.321 -0.370 -0.322 -0.270 -0.033  0.015  0.077  0.045  0.030  0.010 -0.022 -0.066 -0.028 -0.142 -0.089 -0.153 -0.073 -0.133 -0.154  0.016  0.279  0.607  0.803  1.000  0.787  0.562  0.625  0.581  0.343  0.259  0.234  0.156  0.110  0.090  0.111  0.137  0.118  0.185  0.137  0.110  0.191  0.120  0.193  0.160  0.084  0.057  0.112  0.192  0.302  0.403  0.536  0.730  0.611  0.452  0.262  0.016 -0.157 -0.032 -0.100 -0.279 -0.312 -0.392 -0.433 -0.447 -0.403 -0.254 -0.063  0.080  0.164  0.126  0.082 -0.038 -0.140 -0.372 -0.384 -0.340
 -0.205 -0.261 -0.274 -0.251 -0.074 -0.015  0.026  0.028  0.051  0.012 -0.047 -0.078 -0.043 -0.119 -0.057 -0.077 -0.017 -0.033 -0.077  0.071  0.340  0.626  0.660  0.787  1.000  0.731  0.544  0.574  0.426  0.251  0.180  0.139  0.096  0.059  0.065  0.078  0.053  0.104  0.068  0.070  0.141  0.085  0.119  0.062 -0.010 -0.012  0.008  0.062  0.155  0.245  0.356  0.544  0.461  0.341  0.225  0.018 -0.124 -0.060 -0.147 -0.268 -0.289 -0.335 -0.342 -0.359 -0.364 -0.260 -0.122  0.002  0.097  0.088  0.056 -0.010 -0.089 -0.300 -0.295 -0.250
 -0.274 -0.269 -0.261 -0.197 -0.024  0.020  0.046  0.014  0.060  0.045  0.009 -0.014  0.005 -0.081 -0.027 -0.119 -0.136 -0.199 -0.223 -0.106  0.107  0.413  0.567  0.562  0.731  1.000  0.717  0.583  0.570  0.443  0.298  0.250  0.199  0.146  0.143  0.149  0.146  0.217  0.151  0.126  0.204  0.172  0.210  0.116  0.027  0.002  0.031  0.044  0.160  0.215  0.258  0.390  0.284  0.167  0.020 -0.125 -0.232 -0.159 -0.190 -0.288 -0.314 -0.348 -0.356 -0.324 -0.324 -0.191 -0.079  0.050  0.135  0.123  0.069  0.030 -0.098 -0.304 -0.309 -0.267
 -0.410 -0.359 -0.290 -0.145  0.112  0.153  0.196  0.119  0.089  0.087  0.090  0.064  0.095 -0.054 -0.028 -0.185 -0.221 -0.343 -0.367 -0.261 -0.061  0.225  0.507  0.625  0.544  0.717  1.000  0.815  0.598  0.615  0.579  0.432  0.348  0.345  0.380  0.399  0.382  0.453  0.349  0.278  0.392  0.282  0.339  0.271  0.139  0.084  0.151  0.170  0.298  0.307  0.345  0.465  0.304  0.124 -0.073 -0.237 -0.368 -0.247 -0.238 -0.388 -0.404 -0.448 -0.468 -0.399 -0.360 -0.129  0.050  0.228  0.301  0.245  0.166  0.047 -0.237 -0.480 -0.543 -0.494
 -0.383 -0.331 -0.270 -0.135  0.123  0.159  0.200  0.138  0.083  0.080  0.102  0.074  0.116 -0.042 -0.024 -0.177 -0.211 -0.316 -0.339 -0.248 -0.055  0.198  0.419  0.581  0.574  0.583  0.815  1.000  0.745  0.631  0.668  0.584  0.458  0.414  0.460  0.426  0.356  0.374  0.283  0.270  0.377  0.240  0.272  0.220  0.081  0.052  0.111  0.128  0.236  0.245  0.304  0.417  0.281  0.108 -0.066 -0.226 -0.348 -0.241 -0.243 -0.386 -0.397 -0.438 -0.449 -0.388 -0.360 -0.142  0.037  0.201  0.283  0.232  0.166  0.052 -0.247 -0.486 -0.544 -0.490
 -0.329 -0.248 -0.202 -0.062  0.158  0.179  0.181  0.107  0.063  0.091  0.145  0.151  0.155  0.011  0.004 -0.161 -0.234 -0.337 -0.351 -0.311 -0.171  0.056  0.228  0.343  0.426  0.570  0.598  0.745  1.000  0.805  0.644  0.704  0.641  0.502  0.467  0.360  0.224  0.223  0.106  0.156  0.303  0.153  0.185  0.129  0.014  0.006  0.039  0.026  0.108  0.116  0.155  0.241  0.124 -0.025 -0.178 -0.282 -0.365 -0.283 -0.266 -0.357 -0.360 -0.381 -0.372 -0.284 -0.274 -0.084  0.048  0.162  0.224  0.163  0.106  0.036 -0.226 -0.365 -0.420 -0.366
 -0.379 -0.279 -0.199 -0.010  0.226  0.256  0.254  0.135  0.064  0.088  0.174  0.193  0.201  0.036  0.012 -0.186 -0.280 -0.401 -0.419 -0.393 -0.270 -0.057  0.138  0.259  0.251  0.443  0.615  0.631  0.805  1.000  0.834  0.750  0.738  0.693  0.648  0.583  0.408  0.373  0.258  0.293  0.434  0.242  0.254  0.209  0.076  0.043  0.092  0.070  0.159  0.120  0.135  0.198  0.069 -0.088 -0.255 -0.344 -0.418 -0.323 -0.281 -0.377 -0.373 -0.394 -0.394 -0.273 -0.232 -0.014  0.126  0.272  0.324  0.278  0.200  0.104 -0.279 -0.441 -0.553 -0.505
 -0.395 -0.302 -0.215 -0.024  0.209  0.250  0.271  0.170  0.074  0.080  0.166  0.162  0.182  0.007 -0.023 -0.213 -0.295 -0.407 -0.413 -0.390 -0.286 -0.098  0.105  0.234  0.180  0.298  0.579  0.668  0.644  0.834  1.000  0.842  0.717  0.734  0.774  0.715  0.572  0.494  0.396  0.391  0.464  0.281  0.269  0.243  0.100  0.066  0.128  0.107  0.189  0.137  0.151  0.191  0.064 -0.081 -0.239 -0.319 -0.389 -0.290 -0.241 -0.346 -0.346 -0.378 -0.394 -0.284 -0.228 -0.009  0.129  0.290  0.341  0.311  0.232  0.121 -0.304 -0.507 -0.624 -0.579
 -0.337 -0.245 -0.180 -0.008  0.197  0.221  0.228  0.144  0.065  0.093  0.182  0.176  0.184  0.014 -0.021 -0.191 -0.277 -0.371 -0.370 -0.371 -0.295 -0.134  0.035  0.156  0.139  0.250  0.432  0.584  0.704  0.750  0.842  1.000  0.854  0.721  0.717  0.548  0.350  0.294  0.188  0.240  0.342  0.170  0.177  0.167  0.052  0.048  0.089  0.067  0.117  0.077  0.089  0.127  0.017 -0.114 -0.246 -0.302 -0.356 -0.275 -0.227 -0.308 -0.308 -0.330 -0.332 -0.230 -0.193 -0.007  0.108  0.220  0.255  0.206  0.143  0.064 -0.274 -0.410 -0.490 -0.441
 -0.272 -0.181 -0.126  0.024  0.203  0.219  0.199  0.114  0.053  0.091  0.193  0.203  0.197  0.051  0.035 -0.128 -0.224 -0.314 -0.329 -0.342 -0.270 -0.136 -0.008  0.110  0.096  0.199  0.348  0.458  0.641  0.738  0.717  0.854  1.000  0.841  0.704  0.543  0.241  0.192  0.091  0.162  0.295  0.110  0.119  0.113  0.011  0.007  0.038  0.033  0.076  0.031  0.045  0.096 -0.006 -0.130 -0.244 -0.294 -0.340 -0.273 -0.236 -0.299 -0.290 -0.297 -0.285 -0.181 -0.162  0.001  0.103  0.180  0.214  0.169  0.112  0.044 -0.255 -0.360 -0.430 -0.391
 -0.275 -0.177 -0.119  0.028  0.184  0.214  0.202  0.097  0.032  0.060  0.181  0.199  0.195  0.066  0.047 -0.119 -0.213 -0.310 -0.325 -0.334 -0.262 -0.143 -0.018  0.090  0.059  0.146  0.345  0.414  0.502  0.693  0.734  0.721  0.841  1.000  0.879  0.765  0.440  0.325  0.248  0.264  0.371  0.163  0.148  0.136  0.029  0.015  0.046  0.036  0.090  0.036  0.047  0.087 -0.024 -0.141 -0.248 -0.290 -0.333 -0.275 -0.234 -0.293 -0.281 -0.293 -0.281 -0.172 -0.147  0.014  0.103  0.204  0.241  0.234  0.175  0.080 -0.293 -0.398 -0.498 -0.469
 -0.309 -0.216 -0.155 -0.001  0.172  0.212  0.230  0.122  0.034  0.050  0.160  0.160  0.178  0.038  0.011 -0.156 -0.239 -0.339 -0.343 -0.346 -0.271 -0.142  0.006  0.111  0.065  0.143  0.380  0.460  0.467  0.648  0.774  0.717  0.704  0.879  1.000  0.877  0.614  0.448  0.369  0.377  0.442  0.237  0.201  0.186  0.067  0.048  0.085  0.067  0.133  0.070  0.079  0.110 -0.009 -0.128 -0.243 -0.287 -0.336 -0.268 -0.221 -0.295 -0.286 -0.306 -0.308 -0.207 -0.168  0.007  0.108  0.245  0.292  0.300  0.248  0.136 -0.296 -0.445 -0.570 -0.542
 -0.324 -0.250 -0.190 -0.057  0.119  0.173  0.202  0.097  0.025  0.008  0.084  0.080  0.104 -0.019 -0.027 -0.176 -0.243 -0.337 -0.335 -0.320 -0.236 -0.094  0.053  0.137  0.078  0.149  0.399  0.426  0.360  0.583  0.715  0.548  0.543  0.765  0.877  1.000  0.776  0.568  0.489  0.476  0.489  0.318  0.257  0.226  0.100  0.058  0.100  0.087  0.178  0.123  0.128  0.141  0.029 -0.078 -0.200 -0.257 -0.308 -0.230 -0.186 -0.274 -0.277 -0.306 -0.321 -0.241 -0.190 -0.017  0.095  0.256  0.311  0.355  0.302  0.196 -0.231 -0.445 -0.588 -0.566
 -0.340 -0.279 -0.222 -0.095  0.069  0.140  0.171  0.097  0.054  0.018  0.051  0.022  0.032 -0.085 -0.113 -0.246 -0.298 -0.366 -0.326 -0.308 -0.244 -0.087  0.085  0.118  0.053  0.146  0.382  0.356  0.224  0.408  0.572  0.350  0.241  0.440  0.614  0.776  1.000  0.797  0.627  0.560  0.459  0.379  0.302  0.262  0.150  0.097  0.142  0.114  0.214  0.163  0.162  0.135  0.032 -0.042 -0.164 -0.211 -0.258 -0.168 -0.113 -0.205 -0.225 -0.268 -0.310 -0.243 -0.168 -0.005  0.093  0.262  0.303  0.345  0.307  0.242 -0.126 -0.410 -0.553 -0.524
 -0.395 -0.345 -0.278 -0.150  0.037  0.111  0.152  0.098  0.111  0.076  0.082  0.002 -0.001 -0.133 -0.150 -0.291 -0.335 -0.389 -0.347 -0.307 -0.232 -0.033  0.164  0.185  0.104  0.217  0.453  0.374  0.223  0.373  0.494  0.294  0.192  0.325  0.448  0.568  0.797  1.000  0.775  0.527  0.479  0.461  0.392  0.305  0.168  0.107  0.166  0.144  0.270  0.236  0.227  0.193  0.088  0.021 -0.134 -0.214 -0.266 -0.150 -0.099 -0.214 -0.259 -0.327 -0.381 -0.316 -0.235 -0.053  0.062  0.253  0.309  0.329  0.274  0.195 -0.093 -0.453 -0.539 -0.485
 -0.360 -0.335 -0.284 -0.176 -0.016  0.060  0.122  0.048  0.093  0.024  0.007 -0.070 -0.047 -0.166 -0.165 -0.270 -0.288 -0.323 -0.277 -0.221 -0.162 -0.006  0.146  0.137  0.068  0.151  0.349  0.283  0.106  0.258  0.396  0.188  0.091  0.248  0.369  0.489  0.627  0.775  1.000  0.693  0.578  0.575  0.447  0.310  0.148  0.086  0.146  0.119  0.264  0.242  0.222  0.151  0.083  0.059 -0.076 -0.149 -0.183 -0.079 -0.040 -0.151 -0.213 -0.300 -0.350 -0.309 -0.230 -0.078  0.035  0.234  0.334  0.423  0.402  0.313 -0.020 -0.386 -0.515 -0.494
 -0.339 -0.284 -0.257 -0.105  0.074  0.164  0.182  0.053  0.075 -0.016  0.009  0.000  0.033 -0.103 -0.125 -0.240 -0.289 -0.340 -0.309 -0.283 -0.206 -0.041  0.095  0.110  0.070  0.126  0.278  0.270  0.156  0.293  0.391  0.240  0.162  0.264  0.377  0.476  0.560  0.527  0.693  1.000  0.753  0.668  0.487  0.356  0.168  0.076  0.134  0.138  0.287  0.240  0.197  0.126  0.049  0.006 -0.132 -0.191 -0.241 -0.141 -0.085 -0.203 -0.218 -0.284 -0.333 -0.262 -0.192 -0.035  0.118  0.313  0.460  0.599  0.653  0.633  0.142 -0.349 -0.613 -0.620
 -0.389 -0.310 -0.251 -0.045  0.177  0.275  0.323  0.131  0.093  0.037  0.066  0.080  0.122 -0.038 -0.065 -0.224 -0.291 -0.388 -0.395 -0.353 -0.237 -0.045  0.134  0.191  0.141  0.204  0.392  0.377  0.303  0.434  0.464  0.342  0.295  0.371  0.442  0.489  0.459  0.479  0.578  0.753  1.000  0.716  0.577  0.432  0.201  0.073  0.150  0.175  0.334  0.278  0.230  0.179  0.055 -0.017 -0.184 -0.267 -0.339 -0.229 -0.165 -0.299 -0.299 -0.367 -0.396 -0.284 -0.214  0.002  0.190  0.442  0.610  0.666  0.653  0.478 -0.107 -0.410 -0.658 -0.670
 -0.378 -0.323 -0.290 -0.122  0.095  0.185  0.204  0.021  0.131  0.054  0.036  0.002  0.034 -0.122 -0.143 -0.267 -0.318 -0.374 -0.356 -0.305 -0.223 -0.026  0.130  0.120  0.085  0.172  0.282  0.240  0.153  0.242  0.281  0.170  0.110  0.163  0.237  0.318  0.379  0.461  0.575  0.668  0.716  1.000  0.773  0.519  0.250  0.076  0.140  0.156  0.374  0.359  0.276  0.144  0.059  0.043 -0.127 -0.211 -0.253 -0.129 -0.067 -0.196 -0.240 -0.320 -0.380 -0.302 -0.227 -0.044  0.155  0.406  0.605  0.723  0.608  0.504  0.051 -0.391 -0.551 -0.551
 -0.409 -0.339 -0.277 -0.085  0.159  0.235  0.279  0.101  0.112  0.081  0.090  0.060  0.078 -0.089 -0.125 -0.272 -0.331 -0.412 -0.411 -0.350 -0.246 -0.016  0.189  0.193  0.119  0.210  0.339  0.272  0.185  0.254  0.269  0.177  0.119  0.148  0.201  0.257  0.302  0.392  0.447  0.487  0.577  0.773  1.000  0.752  0.412  0.118  0.218  0.251  0.502  0.477  0.364  0.247  0.108  0.049 -0.156 -0.266 -0.330 -0.191 -0.118 -0.268 -0.297 -0.370 -0.409 -0.311 -0.238 -0.006  0.243  0.531  0.621  0.592  0.447  0.301 -0.068 -0.392 -0.532 -0.527
 -0.409 -0.327 -0.253 -0.049  0.183  0.269  0.301  0.121  0.082  0.044  0.048  0.036  0.057 -0.109 -0.153 -0.302 -0.359 -0.431 -0.420 -0.372 -0.288 -0.070  0.115  0.160  0.062  0.116  0.271  0.220  0.129  0.209  0.243  0.167  0.113  0.136  0.186  0.226  0.262  0.305  0.310  0.356  0.432  0.519  0.752  1.000  0.706  0.307  0.424  0.482  0.563  0.428  0.318  0.232  0.105  0.015 -0.195 -0.292 -0.349 -0.220 -0.141 -0.269 -0.264 -0.311 -0.355 -0.252 -0.166  0.067  0.331  0.609  0.566  0.482  0.349  0.194 -0.104 -0.346 -0.474 -0.479
 -0.317 -0.258 -0.208 -0.060  0.086  0.141  0.144  0.000  0.007 -0.014 -0.020 -0.024 -0.001 -0.111 -0.168 -0.272 -0.314 -0.358 -0.328 -0.300 -0.257 -0.094  0.048  0.084 -0.010  0.027  0.139  0.081  0.014  0.076  0.100  0.052  0.011  0.029  0.067  0.100  0.150  0.168  0.148  0.168  0.201  0.250  0.412  0.706  1.000  0.611  0.482  0.491  0.382  0.343  0.249  0.162  0.043 -0.018 -0.176 -0.233 -0.278 -0.183 -0.104 -0.186 -0.158 -0.159 -0.223 -0.157 -0.066  0.110  0.276  0.394  0.317  0.244  0.160  0.072 -0.062 -0.168 -0.247 -0.260
 -0.225 -0.201 -0.179 -0.107 -0.030 -0.000  0.007 -0.087 -0.025 -0.029 -0.036 -0.057 -0.043 -0.110 -0.141 -0.200 -0.211 -0.229 -0.194 -0.183 -0.169 -0.069  0.020  0.057 -0.012  0.002  0.084  0.052  0.006  0.043  0.066  0.048  0.007  0.015  0.048  0.058  0.097  0.107  0.086  0.076  0.073  0.076  0.118  0.307  0.611  1.000  0.682  0.432  0.224  0.166  0.144  0.112  0.041 -0.017 -0.114 -0.154 -0.178 -0.122 -0.086 -0.127 -0.119 -0.115 -0.176 -0.159 -0.130 -0.051  0.057  0.137  0.100  0.070  0.042 -0.019 -0.054 -0.110 -0.123 -0.119
 -0.289 -0.254 -0.206 -0.126  0.004  0.032  0.067 -0.033 -0.032 -0.027 -0.001 -0.024 -0.020 -0.119 -0.147 -0.235 -0.242 -0.271 -0.241 -0.217 -0.183 -0.050  0.073  0.112  0.008  0.031  0.151  0.111  0.039  0.092  0.128  0.089  0.038  0.046  0.085  0.100  0.142  0.166  0.146  0.134  0.150  0.140  0.218  0.424  0.482  0.682  1.000  0.664  0.411  0.216  0.166  0.169  0.096  0.023 -0.109 -0.168 -0.201 -0.124 -0.085 -0.147 -0.152 -0.172 -0.240 -0.208 -0.182 -0.091  0.049  0.190  0.171  0.124  0.079 -0.028 -0.100 -0.195 -0.214 -0.206
 -0.305 -0.267 -0.214 -0.099  0.061  0.103  0.129  0.009  0.013  0.005  0.009 -0.002  0.023 -0.089 -0.119 -0.212 -0.233 -0.287 -0.292 -0.244 -0.162  0.000  0.141  0.192  0.062  0.044  0.170  0.128  0.026  0.070  0.107  0.067  0.033  0.036  0.067  0.087  0.114  0.144  0.119  0.138  0.175  0.156  0.251  0.482  0.491  0.432  0.664  1.000  0.681  0.399  0.253  0.261  0.133  0.039 -0.115 -0.205 -0.270 -0.179 -0.123 -0.217 -0.212 -0.232 -0.279 -0.236 -0.202 -0.069  0.074  0.205  0.218  0.167  0.118  0.016 -0.074 -0.195 -0.252 -0.263
 -0.427 -0.393 -0.314 -0.187  0.039  0.105  0.125  0.020  0.060  0.038  0.035 -0.021 -0.011 -0.167 -0.186 -0.309 -0.319 -0.366 -0.332 -0.256 -0.147  0.098  0.293  0.302  0.155  0.160  0.298  0.236  0.108  0.159  0.189  0.117  0.076  0.090  0.133  0.178  0.214  0.270  0.264  0.287  0.334  0.374  0.502  0.563  0.382  0.224  0.411  0.681  1.000  0.701  0.484  0.409  0.248  0.191 -0.021 -0.152 -0.234 -0.075 -0.007 -0.174 -0.222 -0.321 -0.400 -0.357 -0.284 -0.101  0.094  0.284  0.340  0.319  0.238  0.119 -0.062 -0.313 -0.419 -0.406
 -0.430 -0.437 -0.363 -0.267 -0.046  0.017  0.070 -0.053  0.003 -0.024 -0.031 -0.100 -0.094 -0.247 -0.265 -0.349 -0.328 -0.364 -0.308 -0.206 -0.077  0.232  0.435  0.403  0.245  0.215  0.307  0.245  0.116  0.120  0.137  0.077  0.031  0.036  0.070  0.123  0.163  0.236  0.242  0.240  0.278  0.359  0.477  0.428  0.343  0.166  0.216  0.399  0.701  1.000  0.791  0.595  0.369  0.355  0.108 -0.051 -0.163  0.037  0.109 -0.104 -0.170 -0.308 -0.419 -0.404 -0.306 -0.123  0.066  0.195  0.271  0.286  0.216  0.097 -0.005 -0.272 -0.344 -0.336
 -0.454 -0.496 -0.403 -0.332 -0.081 -0.012  0.057 -0.054 -0.011 -0.049 -0.065 -0.146 -0.145 -0.312 -0.306 -0.377 -0.305 -0.326 -0.249 -0.113  0.036  0.389  0.559  0.536  0.356  0.258  0.345  0.304  0.155  0.135  0.151  0.089  0.045  0.047  0.079  0.128  0.162  0.227  0.222  0.197  0.230  0.276  0.364  0.318  0.249  0.144  0.166  0.253  0.484  0.791  1.000  0.804  0.608  0.575  0.291  0.072 -0.063  0.174  0.187 -0.062 -0.151 -0.325 -0.457 -0.473 -0.338 -0.168  0.044  0.162  0.230  0.242  0.193  0.048 -0.018 -0.302 -0.357 -0.333
 -0.403 -0.458 -0.380 -0.323 -0.064 -0.005  0.067  0.009  0.001 -0.026 -0.040 -0.112 -0.094 -0.246 -0.210 -0.276 -0.190 -0.228 -0.197 -0.033  0.180  0.548  0.702  0.730  0.544  0.390  0.465  0.417  0.241  0.198  0.191  0.127  0.096  0.087  0.110  0.141  0.135  0.193  0.151  0.126  0.179  0.144  0.247  0.232  0.162  0.112  0.169  0.261  0.409  0.595  0.804  1.000  0.771  0.611  0.336  0.066 -0.106  0.094  0.034 -0.201 -0.262 -0.389 -0.477 -0.492 -0.399 -0.235 -0.018  0.108  0.175  0.150  0.113 -0.026 -0.083 -0.353 -0.377 -0.338
 -0.324 -0.429 -0.371 -0.398 -0.184 -0.137 -0.064 -0.032  0.001 -0.047 -0.113 -0.223 -0.217 -0.334 -0.259 -0.268 -0.122 -0.089 -0.021  0.155  0.316  0.610  0.595  0.611  0.461  0.284  0.304  0.281  0.124  0.069  0.064  0.017 -0.006 -0.024 -0.009  0.029  0.032  0.088  0.083  0.049  0.055  0.059  0.108  0.105  0.043  0.041  0.096  0.133  0.248  0.369  0.608  0.771  1.000  0.794  0.536  0.257  0.134  0.305  0.165 -0.030 -0.126 -0.268 -0.381 -0.457 -0.360 -0.303 -0.103 -0.016  0.046  0.038  0.037 -0.064  0.001 -0.252 -0.225 -0.182
 -0.279 -0.426 -0.394 -0.470 -0.313 -0.261 -0.183 -0.130 -0.031 -0.094 -0.186 -0.328 -0.333 -0.431 -0.353 -0.295 -0.110 -0.015  0.112  0.307  0.421  0.662  0.551  0.452  0.341  0.167  0.124  0.108 -0.025 -0.088 -0.081 -0.114 -0.130 -0.141 -0.128 -0.078 -0.042  0.021  0.059  0.006 -0.017  0.043  0.049  0.015 -0.018 -0.017  0.023  0.039  0.191  0.355  0.575  0.611  0.794  1.000  0.769  0.474  0.363  0.539  0.359  0.164  0.027 -0.153 -0.300 -0.413 -0.306 -0.326 -0.173 -0.122 -0.054 -0.012  0.005 -0.064  0.098 -0.129 -0.083 -0.055
 -0.072 -0.247 -0.266 -0.420 -0.379 -0.358 -0.288 -0.190 -0.095 -0.144 -0.241 -0.363 -0.358 -0.373 -0.277 -0.130  0.075  0.226  0.382  0.550  0.580  0.605  0.380  0.262  0.225  0.020 -0.073 -0.066 -0.178 -0.255 -0.239 -0.246 -0.244 -0.248 -0.243 -0.200 -0.164 -0.134 -0.076 -0.132 -0.184 -0.127 -0.156 -0.195 -0.176 -0.114 -0.109 -0.115 -0.021  0.108  0.291  0.336  0.536  0.769  1.000  0.751  0.618  0.668  0.444  0.340  0.209  0.025 -0.104 -0.255 -0.182 -0.310 -0.267 -0.286 -0.239 -0.170 -0.116 -0.123  0.132  0.031  0.130  0.142
  0.077 -0.065 -0.111 -0.291 -0.379 -0.370 -0.314 -0.244 -0.153 -0.189 -0.254 -0.332 -0.331 -0.273 -0.206 -0.040  0.127  0.299  0.515  0.526  0.438  0.346  0.148  0.016  0.018 -0.125 -0.237 -0.226 -0.282 -0.344 -0.319 -0.302 -0.294 -0.290 -0.287 -0.257 -0.211 -0.214 -0.149 -0.191 -0.267 -0.211 -0.266 -0.292 -0.233 -0.154 -0.168 -0.205 -0.152 -0.051  0.072  0.066  0.257  0.474  0.751  1.000  0.780  0.663  0.564  0.547  0.484  0.243  0.109 -0.046  0.000 -0.195 -0.272 -0.338 -0.334 -0.235 -0.167 -0.129  0.146  0.164  0.260  0.250
  0.143 -0.012 -0.079 -0.297 -0.434 -0.448 -0.397 -0.283 -0.166 -0.196 -0.283 -0.383 -0.399 -0.310 -0.241 -0.043  0.120  0.352  0.580  0.594  0.390  0.226 -0.020 -0.157 -0.124 -0.232 -0.368 -0.348 -0.365 -0.418 -0.389 -0.356 -0.340 -0.333 -0.336 -0.308 -0.258 -0.266 -0.183 -0.241 -0.339 -0.253 -0.330 -0.349 -0.278 -0.178 -0.201 -0.270 -0.234 -0.163 -0.063 -0.106  0.134  0.363  0.618  0.780  1.000  0.822  0.635  0.693  0.509  0.325  0.204  0.025  0.062 -0.191 -0.294 -0.399 -0.411 -0.309 -0.216 -0.148  0.204  0.276  0.407  0.388
 -0.050 -0.203 -0.209 -0.377 -0.423 -0.410 -0.350 -0.272 -0.131 -0.180 -0.280 -0.407 -0.436 -0.421 -0.365 -0.225 -0.050  0.170  0.394  0.460  0.297  0.281  0.098 -0.032 -0.060 -0.159 -0.247 -0.241 -0.283 -0.323 -0.290 -0.275 -0.273 -0.275 -0.268 -0.230 -0.168 -0.150 -0.079 -0.141 -0.229 -0.129 -0.191 -0.220 -0.183 -0.122 -0.124 -0.179 -0.075  0.037  0.174  0.094  0.305  0.539  0.668  0.663  0.822  1.000  0.803  0.678  0.425  0.210  0.050 -0.119 -0.027 -0.220 -0.243 -0.309 -0.296 -0.201 -0.125 -0.110  0.192  0.168  0.269  0.259
 -0.083 -0.169 -0.147 -0.274 -0.346 -0.323 -0.277 -0.267 -0.138 -0.182 -0.248 -0.341 -0.370 -0.352 -0.338 -0.267 -0.143  0.041  0.252  0.279  0.096  0.098  0.011 -0.100 -0.147 -0.190 -0.238 -0.243 -0.266 -0.281 -0.241 -0.227 -0.236 -0.234 -0.221 -0.186 -0.113 -0.099 -0.040 -0.085 -0.165 -0.067 -0.118 -0.141 -0.104 -0.086 -0.085 -0.123 -0.007  0.109  0.187  0.034  0.165  0.359  0.444  0.564  0.635  0.803  1.000  0.775  0.586  0.294  0.109 -0.041  0.059 -0.111 -0.162 -0.223 -0.226 -0.125 -0.067 -0.064  0.165  0.151  0.209  0.192
  0.104  0.019 -0.014 -0.194 -0.364 -0.373 -0.351 -0.298 -0.168 -0.195 -0.256 -0.327 -0.360 -0.271 -0.257 -0.140 -0.044  0.164  0.360  0.338  0.098 -0.013 -0.157 -0.279 -0.268 -0.288 -0.388 -0.386 -0.357 -0.377 -0.346 -0.308 -0.299 -0.293 -0.295 -0.274 -0.205 -0.214 -0.151 -0.203 -0.299 -0.196 -0.268 -0.269 -0.186 -0.127 -0.147 -0.217 -0.174 -0.104 -0.062 -0.201 -0.030  0.164  0.340  0.547  0.693  0.678  0.775  1.000  0.760  0.483  0.307  0.137  0.191 -0.058 -0.196 -0.316 -0.355 -0.261 -0.185 -0.124  0.189  0.295  0.395  0.363
  0.203  0.171  0.138 -0.046 -0.271 -0.291 -0.284 -0.272 -0.189 -0.210 -0.245 -0.256 -0.270 -0.136 -0.121 -0.019  0.035  0.169  0.308  0.241  0.045 -0.095 -0.223 -0.312 -0.289 -0.314 -0.404 -0.397 -0.360 -0.373 -0.346 -0.308 -0.290 -0.281 -0.286 -0.277 -0.225 -0.259 -0.213 -0.218 -0.299 -0.240 -0.297 -0.264 -0.158 -0.119 -0.152 -0.212 -0.222 -0.170 -0.151 -0.262 -0.126  0.027  0.209  0.484  0.509  0.425  0.586  0.760  1.000  0.722  0.493  0.310  0.365  0.078 -0.109 -0.251 -0.327 -0.240 -0.172 -0.108  0.149  0.295  0.372  0.335
  0.402  0.365  0.275  0.061 -0.233 -0.278 -0.303 -0.242 -0.160 -0.175 -0.226 -0.199 -0.212 -0.019  0.004  0.148  0.162  0.249  0.292  0.174  0.004 -0.198 -0.331 -0.392 -0.335 -0.348 -0.448 -0.438 -0.381 -0.394 -0.378 -0.330 -0.297 -0.293 -0.306 -0.306 -0.268 -0.327 -0.300 -0.284 -0.367 -0.320 -0.370 -0.311 -0.159 -0.115 -0.172 -0.232 -0.321 -0.308 -0.325 -0.389 -0.268 -0.153  0.025  0.243  0.325  0.210  0.294  0.483  0.722  1.000  0.744  0.499  0.492  0.153 -0.096 -0.271 -0.368 -0.306 -0.242 -0.135  0.133  0.360  0.454  0.423
  0.585  0.575  0.445  0.218 -0.153 -0.223 -0.252 -0.204 -0.186 -0.175 -0.187 -0.122 -0.121  0.125  0.182  0.361  0.332  0.358  0.282  0.144  0.013 -0.255 -0.394 -0.433 -0.342 -0.356 -0.468 -0.449 -0.372 -0.394 -0.394 -0.332 -0.285 -0.281 -0.308 -0.321 -0.310 -0.381 -0.350 -0.333 -0.396 -0.380 -0.409 -0.355 -0.223 -0.176 -0.240 -0.279 -0.400 -0.419 -0.457 -0.477 -0.381 -0.300 -0.104  0.109  0.204  0.050  0.109  0.307  0.493  0.744  1.000  0.770  0.573  0.244 -0.074 -0.257 -0.380 -0.335 -0.274 -0.146  0.107  0.393  0.487  0.448
  0.491  0.609  0.527  0.448  0.065 -0.010 -0.093 -0.134 -0.172 -0.143 -0.094  0.044  0.063  0.300  0.288  0.351  0.254  0.221  0.132 -0.030 -0.127 -0.360 -0.434 -0.447 -0.359 -0.324 -0.399 -0.388 -0.284 -0.273 -0.284 -0.230 -0.181 -0.172 -0.207 -0.241 -0.243 -0.316 -0.309 -0.262 -0.284 -0.302 -0.311 -0.252 -0.157 -0.159 -0.208 -0.236 -0.357 -0.404 -0.473 -0.492 -0.457 -0.413 -0.255 -0.046  0.025 -0.119 -0.041  0.137  0.310  0.499  0.770  1.000  0.759  0.463  0.113 -0.082 -0.227 -0.207 -0.177 -0.080  0.039  0.306  0.355  0.304
  0.274  0.361  0.417  0.440  0.126  0.076 -0.063 -0.136 -0.141 -0.147 -0.114  0.025  0.027  0.190  0.133  0.121  0.082  0.074  0.077 -0.058 -0.178 -0.344 -0.387 -0.403 -0.364 -0.324 -0.360 -0.360 -0.274 -0.232 -0.228 -0.193 -0.162 -0.147 -0.168 -0.190 -0.168 -0.235 -0.230 -0.192 -0.214 -0.227 -0.238 -0.166 -0.066 -0.130 -0.182 -0.202 -0.284 -0.306 -0.338 -0.399 -0.360 -0.306 -0.182  0.000  0.062 -0.027  0.059  0.191  0.365  0.492  0.573  0.759  1.000  0.652  0.299  0.033 -0.131 -0.123 -0.106 -0.047  0.025  0.245  0.265  0.224
  0.042  0.185  0.323  0.586  0.405  0.402  0.201  0.031 -0.054 -0.041  0.039  0.195  0.199  0.263  0.151  0.031 -0.048 -0.137 -0.158 -0.269 -0.309 -0.361 -0.293 -0.254 -0.260 -0.191 -0.129 -0.142 -0.084 -0.014 -0.009 -0.007  0.001  0.014  0.007 -0.017 -0.005 -0.053 -0.078 -0.035  0.002 -0.044 -0.006  0.067  0.110 -0.051 -0.091 -0.069 -0.101 -0.123 -0.168 -0.235 -0.303 -0.326 -0.310 -0.195 -0.191 -0.220 -0.111 -0.058  0.078  0.153  0.244  0.463  0.652  1.000  0.660  0.331  0.155  0.091  0.049  0.030 -0.104  0.041 -0.034 -0.066
 -0.166 -0.020  0.133  0.429  0.557  0.522  0.319  0.140  0.010  0.011  0.078  0.197  0.215  0.131  0.062 -0.114 -0.196 -0.282 -0.306 -0.329 -0.314 -0.243 -0.137 -0.063 -0.122 -0.079  0.050  0.037  0.048  0.126  0.129  0.108  0.103  0.103  0.108  0.095  0.093  0.062  0.035  0.118  0.190  0.155  0.243  0.331  0.276  0.057  0.049  0.074  0.094  0.066  0.044 -0.018 -0.103 -0.173 -0.267 -0.272 -0.294 -0.243 -0.162 -0.196 -0.109 -0.096 -0.074  0.113  0.299  0.660  1.000  0.645  0.447  0.294  0.210  0.113 -0.116 -0.146 -0.264 -0.285
 -0.318 -0.183 -0.075  0.224  0.466  0.567  0.537  0.313  0.138  0.106  0.132  0.209  0.237  0.074 -0.010 -0.186 -0.283 -0.398 -0.421 -0.419 -0.342 -0.182 -0.006  0.080  0.002  0.050  0.228  0.201  0.162  0.272  0.290  0.220  0.180  0.204  0.245  0.256  0.262  0.253  0.234  0.313  0.442  0.406  0.531  0.609  0.394  0.137  0.190  0.205  0.284  0.195  0.162  0.108 -0.016 -0.122 -0.286 -0.338 -0.399 -0.309 -0.223 -0.316 -0.251 -0.271 -0.257 -0.082  0.033  0.331  0.645  1.000  0.785  0.557  0.399  0.205 -0.214 -0.348 -0.527 -0.530
 -0.375 -0.252 -0.153  0.143  0.459  0.566  0.578  0.304  0.171  0.132  0.147  0.213  0.278  0.076  0.005 -0.187 -0.285 -0.412 -0.451 -0.413 -0.292 -0.093  0.085  0.164  0.097  0.135  0.301  0.283  0.224  0.324  0.341  0.255  0.214  0.241  0.292  0.311  0.303  0.309  0.334  0.460  0.610  0.605  0.621  0.566  0.317  0.100  0.171  0.218  0.340  0.271  0.230  0.175  0.046 -0.054 -0.239 -0.334 -0.411 -0.296 -0.226 -0.355 -0.327 -0.368 -0.380 -0.227 -0.131  0.155  0.447  0.785  1.000  0.768  0.577  0.347 -0.183 -0.429 -0.643 -0.642
 -0.345 -0.251 -0.183  0.053  0.271  0.381  0.424  0.083  0.052 -0.029  0.020  0.086  0.171  0.015 -0.043 -0.195 -0.271 -0.372 -0.378 -0.343 -0.233 -0.049  0.096  0.126  0.088  0.123  0.245  0.232  0.163  0.278  0.311  0.206  0.169  0.234  0.300  0.355  0.345  0.329  0.423  0.599  0.666  0.723  0.592  0.482  0.244  0.070  0.124  0.167  0.319  0.286  0.242  0.150  0.038 -0.012 -0.170 -0.235 -0.309 -0.201 -0.125 -0.261 -0.240 -0.306 -0.335 -0.207 -0.123  0.091  0.294  0.557  0.768  1.000  0.818  0.584  0.016 -0.378 -0.617 -0.632
 -0.280 -0.218 -0.172  0.005  0.172  0.265  0.327  0.040 -0.026 -0.102 -0.043  0.011  0.084 -0.042 -0.076 -0.186 -0.235 -0.299 -0.287 -0.257 -0.182 -0.035  0.068  0.082  0.056  0.069  0.166  0.166  0.106  0.200  0.232  0.143  0.112  0.175  0.248  0.302  0.307  0.274  0.402  0.653  0.653  0.608  0.447  0.349  0.160  0.042  0.079  0.118  0.238  0.216  0.193  0.113  0.037  0.005 -0.116 -0.167 -0.216 -0.125 -0.067 -0.185 -0.172 -0.242 -0.274 -0.177 -0.106  0.049  0.210  0.399  0.577  0.818  1.000  0.762  0.201 -0.229 -0.533 -0.580
 -0.144 -0.106 -0.120 -0.005  0.070  0.138  0.121 -0.045 -0.001 -0.072 -0.038 -0.018  0.033 -0.034 -0.063 -0.111 -0.163 -0.194 -0.187 -0.191 -0.142 -0.063 -0.013 -0.038 -0.010  0.030  0.047  0.052  0.036  0.104  0.121  0.064  0.044  0.080  0.136  0.196  0.242  0.195  0.313  0.633  0.478  0.504  0.301  0.194  0.072 -0.019 -0.028  0.016  0.119  0.097  0.048 -0.026 -0.064 -0.064 -0.123 -0.129 -0.148 -0.110 -0.064 -0.124 -0.108 -0.135 -0.146 -0.080 -0.047  0.030  0.113  0.205  0.347  0.584  0.762  1.000  0.487 -0.031 -0.392 -0.464
  0.098  0.025 -0.043 -0.174 -0.241 -0.272 -0.214 -0.252 -0.242 -0.300 -0.265 -0.301 -0.273 -0.222 -0.163 -0.073 -0.027  0.090  0.146  0.156  0.092  0.067 -0.036 -0.140 -0.089 -0.098 -0.237 -0.247 -0.226 -0.279 -0.304 -0.274 -0.255 -0.293 -0.296 -0.231 -0.126 -0.093 -0.020  0.142 -0.107  0.051 -0.068 -0.104 -0.062 -0.054 -0.100 -0.074 -0.062 -0.005 -0.018 -0.083  0.001  0.098  0.132  0.146  0.204  0.192  0.165  0.189  0.149  0.133  0.107  0.039  0.025 -0.104 -0.116 -0.214 -0.183  0.016  0.201  0.487  1.000  0.327  0.190  0.120
  0.340  0.260  0.185  0.029 -0.203 -0.267 -0.293 -0.209 -0.257 -0.254 -0.249 -0.194 -0.224 -0.048 -0.051  0.118  0.166  0.275  0.321  0.246  0.074 -0.147 -0.291 -0.372 -0.300 -0.304 -0.480 -0.486 -0.365 -0.441 -0.507 -0.410 -0.360 -0.398 -0.445 -0.445 -0.410 -0.453 -0.386 -0.349 -0.410 -0.391 -0.392 -0.346 -0.168 -0.110 -0.195 -0.195 -0.313 -0.272 -0.302 -0.353 -0.252 -0.129  0.031  0.164  0.276  0.168  0.151  0.295  0.295  0.360  0.393  0.306  0.245  0.041 -0.146 -0.348 -0.429 -0.378 -0.229 -0.031  0.327  1.000  0.683  0.454
  0.439  0.325  0.233 -0.037 -0.333 -0.446 -0.455 -0.324 -0.315 -0.287 -0.300 -0.286 -0.310 -0.089 -0.040  0.164  0.244  0.406  0.445  0.397  0.190 -0.076 -0.285 -0.384 -0.295 -0.309 -0.543 -0.544 -0.420 -0.553 -0.624 -0.490 -0.430 -0.498 -0.570 -0.588 -0.553 -0.539 -0.515 -0.613 -0.658 -0.551 -0.532 -0.474 -0.247 -0.123 -0.214 -0.252 -0.419 -0.344 -0.357 -0.377 -0.225 -0.083  0.130  0.260  0.407  0.269  0.209  0.395  0.372  0.454  0.487  0.355  0.265 -0.034 -0.264 -0.527 -0.643 -0.617 -0.533 -0.392  0.190  0.683  1.000  0.846
