  1.000  0.771  0.531  0.254 -0.103 -0.203 -0.209 -0.157 -0.165 -0.147 -0.162 -0.103 -0.026  0.254  0.335  0.638  0.634  0.608  0.409  0.276  0.216 -0.094 -0.285 -0.309 -0.191 -0.271 -0.412 -0.385 -0.337 -0.384 -0.399 -0.343 -0.279 -0.282 -0.319 -0.333 -0.348 -0.396 -0.353 -0.336 -0.383 -0.367 -0.403 -0.399 -0.315 -0.217 -0.281 -0.297 -0.418 -0.424 -0.446 -0.393 -0.307 -0.258 -0.051  0.094  0.158 -0.031 -0.068  0.114  0.210  0.400  0.582  0.490  0.276  0.043 -0.168 -0.316 -0.369 -0.334 -0.274 -0.137  0.106  0.336  0.442  0.418
  0.771  1.000  0.752  0.467  0.083 -0.035 -0.105 -0.131 -0.161 -0.134 -0.122  0.016  0.121  0.427  0.523  0.640  0.506  0.427  0.237  0.100  0.046 -0.235 -0.355 -0.350 -0.241 -0.267 -0.363 -0.333 -0.262 -0.292 -0.314 -0.260 -0.195 -0.189 -0.232 -0.262 -0.290 -0.347 -0.327 -0.285 -0.306 -0.315 -0.341 -0.326 -0.257 -0.198 -0.244 -0.260 -0.387 -0.428 -0.479 -0.438 -0.400 -0.394 -0.215 -0.040  0.011 -0.174 -0.148  0.033  0.181  0.365  0.573  0.605  0.360  0.177 -0.027 -0.195 -0.255 -0.238 -0.211 -0.096  0.043  0.260  0.342  0.322
  0.531  0.752  1.000  0.654  0.243  0.104 -0.029 -0.137 -0.194 -0.167 -0.118  0.079  0.208  0.505  0.567  0.490  0.427  0.296  0.123  0.004 -0.023 -0.252 -0.328 -0.297 -0.242 -0.250 -0.295 -0.277 -0.221 -0.224 -0.242 -0.213 -0.158 -0.143 -0.181 -0.205 -0.232 -0.279 -0.269 -0.253 -0.246 -0.273 -0.281 -0.258 -0.206 -0.183 -0.194 -0.207 -0.307 -0.350 -0.378 -0.354 -0.329 -0.346 -0.219 -0.073 -0.044 -0.166 -0.115  0.011  0.156  0.281  0.449  0.524  0.421  0.315  0.124 -0.099 -0.161 -0.163 -0.161 -0.099 -0.014  0.192  0.258  0.232
  0.254  0.467  0.654  1.000  0.640  0.486  0.242  0.061 -0.057  0.020  0.143  0.394  0.488  0.620  0.498  0.332  0.200  0.030 -0.133 -0.257 -0.250 -0.382 -0.340 -0.263 -0.245 -0.196 -0.146 -0.140 -0.075 -0.022 -0.035 -0.025  0.006  0.016 -0.013 -0.062 -0.094 -0.143 -0.159 -0.098 -0.043 -0.110 -0.084 -0.055 -0.067 -0.115 -0.124 -0.098 -0.183 -0.260 -0.322 -0.316 -0.381 -0.450 -0.400 -0.276 -0.282 -0.358 -0.261 -0.183 -0.041  0.062  0.218  0.445  0.437  0.581  0.416  0.201  0.127  0.052  0.002  0.003 -0.158  0.038 -0.020 -0.054
 -0.103  0.083  0.243  0.640  1.000  0.801  0.520  0.296  0.044  0.137  0.288  0.501  0.609  0.425  0.326  0.083 -0.060 -0.228 -0.346 -0.388 -0.320 -0.280 -0.147 -0.019 -0.069 -0.027  0.123  0.136  0.157  0.225  0.220  0.203  0.204  0.189  0.183  0.130  0.082  0.052  0.005  0.087  0.186  0.101  0.169  0.195  0.086 -0.017  0.003  0.062  0.046 -0.034 -0.065 -0.050 -0.165 -0.296 -0.368 -0.377 -0.430 -0.411 -0.339 -0.362 -0.276 -0.243 -0.166  0.044  0.107  0.390  0.554  0.467  0.459  0.267  0.178  0.069 -0.221 -0.207 -0.343 -0.360
 -0.203 -0.035  0.104  0.486  0.801  1.000  0.634  0.371  0.174  0.213  0.291  0.487  0.524  0.332  0.212 -0.005 -0.135 -0.299 -0.386 -0.422 -0.329 -0.237 -0.093  0.025 -0.014  0.013  0.158  0.165  0.169  0.241  0.246  0.214  0.205  0.204  0.208  0.173  0.143  0.118  0.076  0.165  0.272  0.184  0.238  0.273  0.138  0.010  0.031  0.103  0.112  0.029  0.003  0.007 -0.117 -0.241 -0.341 -0.361 -0.436 -0.391 -0.309 -0.363 -0.288 -0.283 -0.231 -0.027  0.064  0.390  0.519  0.556  0.553  0.365  0.259  0.129 -0.255 -0.263 -0.441 -0.457
 -0.209 -0.105 -0.029  0.242  0.520  0.634  1.000  0.587  0.117  0.152  0.236  0.281  0.370  0.172  0.085 -0.068 -0.168 -0.285 -0.352 -0.364 -0.280 -0.180 -0.031  0.083  0.021  0.039  0.204  0.209  0.186  0.261  0.281  0.242  0.220  0.215  0.239  0.207  0.171  0.156  0.123  0.177  0.316  0.200  0.286  0.315  0.152  0.031  0.068  0.125  0.127  0.076  0.069  0.079 -0.045 -0.167 -0.276 -0.314 -0.385 -0.332 -0.268 -0.340 -0.288 -0.305 -0.266 -0.124 -0.094  0.155  0.313  0.541  0.576  0.406  0.322  0.109 -0.180 -0.302 -0.456 -0.462
 -0.157 -0.131 -0.137  0.061  0.296  0.371  0.587  1.000  0.550  0.484  0.371  0.311  0.225  0.043 -0.030 -0.076 -0.119 -0.170 -0.242 -0.233 -0.165 -0.114 -0.052  0.055  0.027  0.010  0.139  0.171  0.124  0.152  0.210  0.187  0.143  0.123  0.157  0.122  0.125  0.121  0.072  0.084  0.150  0.033  0.123  0.143  0.008 -0.062 -0.041  0.012  0.034 -0.025 -0.026  0.027 -0.025 -0.124 -0.191 -0.252 -0.286 -0.265 -0.260 -0.297 -0.285 -0.262 -0.240 -0.179 -0.175 -0.000  0.130  0.319  0.302  0.067  0.052 -0.047 -0.241 -0.216 -0.357 -0.336
 -0.165 -0.161 -0.194 -0.057  0.044  0.174  0.117  0.550  1.000  0.788  0.375  0.273  0.107 -0.006 -0.075 -0.086 -0.120 -0.155 -0.164 -0.156 -0.099 -0.021  0.006  0.035  0.055  0.060  0.086  0.086  0.052  0.042  0.066  0.056  0.024  0.005  0.019  0.013  0.059  0.109  0.091  0.078  0.074  0.115  0.108  0.080  0.013 -0.007 -0.037  0.021  0.073  0.023  0.003  0.013  0.002 -0.026 -0.086 -0.142 -0.155 -0.121 -0.125 -0.157 -0.181 -0.161 -0.194 -0.183 -0.144 -0.046 -0.007  0.122  0.148  0.014 -0.052 -0.025 -0.279 -0.242 -0.305 -0.273
 -0.147 -0.134 -0.167  0.020  0.137  0.213  0.152  0.484  0.788  1.000  0.714  0.496  0.261  0.100 -0.020 -0.054 -0.100 -0.148 -0.192 -0.201 -0.150 -0.106 -0.047 -0.003 -0.016  0.026  0.088  0.082  0.081  0.083  0.093  0.104  0.084  0.058  0.060  0.014  0.036  0.081  0.035 -0.002  0.036  0.048  0.090  0.052 -0.008 -0.018 -0.036  0.014  0.052 -0.002 -0.039 -0.027 -0.065 -0.108 -0.156 -0.193 -0.201 -0.184 -0.177 -0.194 -0.208 -0.178 -0.184 -0.148 -0.148 -0.029  0.000  0.097  0.113 -0.059 -0.111 -0.088 -0.326 -0.237 -0.294 -0.273
 -0.162 -0.122 -0.118  0.143  0.288  0.291  0.236  0.371  0.375  0.714  1.000  0.767  0.484  0.244  0.070 -0.045 -0.121 -0.182 -0.255 -0.290 -0.245 -0.219 -0.108 -0.044 -0.089 -0.009  0.099  0.104  0.143  0.191  0.196  0.210  0.212  0.204  0.192  0.112  0.087  0.103  0.031  0.031  0.075  0.044  0.111  0.065 -0.013 -0.036 -0.006  0.019  0.053 -0.011 -0.058 -0.048 -0.138 -0.212 -0.267 -0.274 -0.298 -0.291 -0.247 -0.259 -0.248 -0.227 -0.198 -0.104 -0.129  0.031  0.059  0.129  0.131  0.004 -0.035 -0.042 -0.260 -0.229 -0.314 -0.297
 -0.103  0.016  0.079  0.394  0.501  0.487  0.281  0.311  0.273  0.496  0.767  1.000  0.738  0.508  0.284  0.093 -0.039 -0.171 -0.284 -0.354 -0.291 -0.295 -0.167 -0.079 -0.101 -0.014  0.076  0.078  0.155  0.212  0.186  0.196  0.219  0.217  0.184  0.104  0.055  0.034 -0.038  0.023  0.090  0.021  0.081  0.044 -0.022 -0.075 -0.028  0.007 -0.005 -0.083 -0.142 -0.119 -0.241 -0.344 -0.382 -0.349 -0.395 -0.416 -0.343 -0.331 -0.268 -0.209 -0.143  0.021 -0.004  0.173  0.163  0.191  0.192  0.077  0.014 -0.012 -0.291 -0.185 -0.292 -0.292
 -0.026  0.121  0.208  0.488  0.609  0.524  0.370  0.225  0.107  0.261  0.484  0.738  1.000  0.722  0.470  0.222  0.065 -0.114 -0.269 -0.330 -0.234 -0.248 -0.124 -0.023 -0.045  0.011  0.109  0.125  0.161  0.211  0.194  0.193  0.204  0.202  0.188  0.111  0.050  0.021 -0.027  0.039  0.124  0.042  0.095  0.072  0.013 -0.032 -0.015  0.038  0.005 -0.079 -0.134 -0.086 -0.215 -0.334 -0.365 -0.342 -0.407 -0.438 -0.371 -0.364 -0.282 -0.225 -0.138  0.043  0.003  0.178  0.197  0.232  0.268  0.158  0.074  0.022 -0.272 -0.230 -0.314 -0.312
  0.254  0.427  0.505  0.620  0.425  0.332  0.172  0.043 -0.006  0.100  0.244  0.508  0.722  1.000  0.727  0.488  0.318  0.115 -0.075 -0.186 -0.128 -0.263 -0.215 -0.139 -0.113 -0.073 -0.057 -0.054 -0.003  0.021 -0.015 -0.013  0.027  0.046  0.015 -0.035 -0.088 -0.125 -0.151 -0.104 -0.043 -0.109 -0.088 -0.114 -0.108 -0.123 -0.111 -0.076 -0.157 -0.239 -0.303 -0.241 -0.324 -0.416 -0.357 -0.258 -0.293 -0.402 -0.336 -0.257 -0.128 -0.015  0.129  0.298  0.186  0.250  0.107  0.043  0.052  0.016 -0.048 -0.026 -0.203 -0.038 -0.061 -0.076
  0.335  0.523  0.567  0.498  0.326  0.212  0.085 -0.030 -0.075 -0.020  0.070  0.284  0.470  0.727  1.000  0.683  0.476  0.233  0.004 -0.074  0.003 -0.142 -0.139 -0.070 -0.035 -0.013 -0.024 -0.023  0.001  0.005 -0.033 -0.036  0.017  0.033 -0.002 -0.033 -0.109 -0.136 -0.143 -0.118 -0.059 -0.131 -0.124 -0.153 -0.158 -0.138 -0.131 -0.107 -0.180 -0.257 -0.291 -0.192 -0.236 -0.329 -0.257 -0.192 -0.232 -0.349 -0.326 -0.249 -0.117  0.002  0.178  0.284  0.133  0.151  0.054 -0.030 -0.010 -0.037 -0.074 -0.051 -0.147 -0.042 -0.021 -0.027
  0.638  0.640  0.490  0.332  0.083 -0.005 -0.068 -0.076 -0.086 -0.054 -0.045  0.093  0.222  0.488  0.683  1.000  0.758  0.511  0.272  0.177  0.212 -0.047 -0.162 -0.147 -0.062 -0.116 -0.199 -0.191 -0.175 -0.204 -0.236 -0.213 -0.150 -0.146 -0.185 -0.200 -0.259 -0.296 -0.269 -0.240 -0.229 -0.259 -0.278 -0.304 -0.271 -0.195 -0.226 -0.205 -0.305 -0.348 -0.375 -0.276 -0.255 -0.270 -0.101 -0.012 -0.011 -0.192 -0.242 -0.115  0.000  0.157  0.368  0.355  0.126  0.029 -0.126 -0.203 -0.198 -0.189 -0.189 -0.102 -0.055  0.122  0.188  0.194
  0.634  0.506  0.427  0.200 -0.060 -0.135 -0.168 -0.119 -0.120 -0.100 -0.121 -0.039  0.065  0.318  0.476  0.758  1.000  0.769  0.460  0.365  0.442  0.120 -0.072 -0.070 -0.006 -0.135 -0.232 -0.222 -0.248 -0.297 -0.315 -0.297 -0.244 -0.233 -0.262 -0.264 -0.312 -0.341 -0.288 -0.292 -0.290 -0.311 -0.335 -0.359 -0.309 -0.203 -0.231 -0.229 -0.316 -0.329 -0.303 -0.190 -0.112 -0.091  0.099  0.150  0.144 -0.024 -0.123 -0.026  0.052  0.172  0.342  0.263  0.094 -0.046 -0.200 -0.293 -0.289 -0.261 -0.233 -0.154 -0.017  0.170  0.263  0.259
  0.608  0.427  0.296  0.030 -0.228 -0.299 -0.285 -0.170 -0.155 -0.148 -0.182 -0.171 -0.114  0.115  0.233  0.511  0.769  1.000  0.709  0.576  0.549  0.182 -0.090 -0.127 -0.019 -0.193 -0.346 -0.317 -0.338 -0.403 -0.413 -0.375 -0.317 -0.315 -0.348 -0.346 -0.375 -0.395 -0.327 -0.343 -0.384 -0.369 -0.414 -0.428 -0.353 -0.224 -0.261 -0.283 -0.362 -0.364 -0.324 -0.225 -0.082 -0.003  0.240  0.311  0.363  0.184  0.053  0.170  0.177  0.253  0.360  0.224  0.079 -0.139 -0.286 -0.398 -0.407 -0.358 -0.292 -0.186  0.096  0.271  0.412  0.404
  0.409  0.237  0.123 -0.133 -0.346 -0.386 -0.352 -0.242 -0.164 -0.192 -0.255 -0.284 -0.269 -0.075  0.004  0.272  0.460  0.709  1.000  0.728  0.515  0.194 -0.074 -0.150 -0.064 -0.216 -0.373 -0.345 -0.356 -0.425 -0.423 -0.379 -0.336 -0.334 -0.357 -0.347 -0.339 -0.358 -0.286 -0.316 -0.392 -0.352 -0.413 -0.419 -0.326 -0.196 -0.236 -0.292 -0.332 -0.308 -0.247 -0.195 -0.015  0.125  0.394  0.525  0.588  0.404  0.262  0.366  0.317  0.298  0.289  0.140  0.085 -0.156 -0.305 -0.418 -0.442 -0.360 -0.279 -0.178  0.151  0.317  0.451  0.438
  0.276  0.100  0.004 -0.257 -0.388 -0.422 -0.364 -0.233 -0.156 -0.201 -0.290 -0.354 -0.330 -0.186 -0.074  0.177  0.365  0.576  0.728  1.000  0.753  0.427  0.120  0.016  0.085 -0.101 -0.271 -0.255 -0.315 -0.401 -0.403 -0.380 -0.349 -0.345 -0.361 -0.334 -0.322 -0.320 -0.235 -0.290 -0.354 -0.304 -0.356 -0.373 -0.299 -0.183 -0.211 -0.247 -0.259 -0.212 -0.116 -0.036  0.155  0.312  0.557  0.536  0.603  0.468  0.288  0.346  0.255  0.187  0.158 -0.016 -0.044 -0.261 -0.326 -0.416 -0.405 -0.328 -0.251 -0.181  0.161  0.241  0.401  0.403
  0.216  0.046 -0.023 -0.250 -0.320 -0.329 -0.280 -0.165 -0.099 -0.150 -0.245 -0.291 -0.234 -0.128  0.003  0.212  0.442  0.549  0.515  0.753  1.000  0.713  0.378  0.275  0.348  0.106 -0.074 -0.066 -0.180 -0.285 -0.304 -0.311 -0.285 -0.279 -0.289 -0.252 -0.256 -0.244 -0.174 -0.213 -0.241 -0.225 -0.258 -0.293 -0.254 -0.164 -0.174 -0.164 -0.155 -0.089  0.027  0.171  0.311  0.422  0.584  0.448  0.401  0.305  0.105  0.109  0.061  0.021  0.031 -0.109 -0.159 -0.299 -0.312 -0.346 -0.291 -0.225 -0.181 -0.135  0.088  0.075  0.203  0.217
 -0.094 -0.235 -0.252 -0.382 -0.280 -0.237 -0.180 -0.114 -0.021 -0.106 -0.219 -0.295 -0.248 -0.263 -0.142 -0.047  0.120  0.182  0.194  0.427  0.713  1.000  0.737  0.605  0.632  0.410  0.212  0.186  0.044 -0.078 -0.118 -0.154 -0.159 -0.165 -0.161 -0.109 -0.099 -0.047 -0.020 -0.051 -0.059 -0.041 -0.036 -0.081 -0.092 -0.056 -0.045 -0.008  0.086  0.219  0.381  0.540  0.607  0.663  0.611  0.357  0.239  0.289  0.106 -0.000 -0.076 -0.180 -0.234 -0.342 -0.321 -0.345 -0.235 -0.186 -0.096 -0.054 -0.043 -0.068  0.055 -0.143 -0.065 -0.029
 -0.285 -0.355 -0.328 -0.340 -0.147 -0.093 -0.031 -0.052  0.006 -0.047 -0.108 -0.167 -0.124 -0.215 -0.139 -0.162 -0.072 -0.090 -0.074  0.120  0.378  0.737  1.000  0.801  0.665  0.569  0.501  0.412  0.226  0.127  0.092  0.025 -0.020 -0.030 -0.005  0.043  0.079  0.157  0.134  0.085  0.120  0.112  0.172  0.103  0.051  0.034  0.073  0.134  0.283  0.425  0.551  0.696  0.590  0.546  0.378  0.150 -0.017  0.096  0.009 -0.154 -0.215 -0.320 -0.383 -0.423 -0.374 -0.283 -0.131 -0.010  0.078  0.083  0.056 -0.024 -0.051 -0.291 -0.278 -0.239
 -0.309 -0.350 -0.297 -0.263 -0.019  0.025  0.083  0.055  0.035 -0.003 -0.044 -0.079 -0.023 -0.139 -0.070 -0.147 -0.070 -0.127 -0.150  0.016  0.275  0.605  0.801  1.000  0.789  0.556  0.621  0.579  0.339  0.247  0.226  0.151  0.103  0.082  0.107  0.130  0.112  0.178  0.123  0.098  0.177  0.096  0.177  0.157  0.093  0.081  0.117  0.190  0.293  0.395  0.533  0.731  0.613  0.451  0.264  0.017 -0.156 -0.033 -0.103 -0.278 -0.307 -0.387 -0.427 -0.442 -0.394 -0.247 -0.050  0.082  0.161  0.107  0.071 -0.055 -0.146 -0.377 -0.385 -0.337
 -0.191 -0.241 -0.242 -0.245 -0.069 -0.014  0.021  0.027  0.055 -0.016 -0.089 -0.101 -0.045 -0.113 -0.035 -0.062 -0.006 -0.019 -0.064  0.085  0.348  0.632  0.665  0.789  1.000  0.723  0.533  0.564  0.414  0.228  0.163  0.123  0.078  0.040  0.051  0.065  0.045  0.095  0.057  0.059  0.124  0.066  0.101  0.055 -0.005  0.005  0.010  0.063  0.148  0.236  0.352  0.543  0.465  0.346  0.235  0.028 -0.114 -0.053 -0.142 -0.260 -0.279 -0.328 -0.335 -0.355 -0.356 -0.257 -0.118 -0.003  0.091  0.073  0.045 -0.022 -0.095 -0.303 -0.286 -0.236
 -0.271 -0.267 -0.250 -0.196 -0.027  0.013  0.039  0.010  0.060  0.026 -0.009 -0.014  0.011 -0.073 -0.013 -0.116 -0.135 -0.193 -0.216 -0.101  0.106  0.410  0.569  0.556  0.723  1.000  0.709  0.570  0.566  0.433  0.283  0.236  0.185  0.129  0.129  0.138  0.145  0.218  0.148  0.120  0.191  0.165  0.205  0.109  0.034  0.012  0.034  0.048  0.158  0.212  0.251  0.384  0.279  0.164  0.018 -0.123 -0.228 -0.159 -0.189 -0.283 -0.309 -0.343 -0.352 -0.321 -0.318 -0.187 -0.081  0.043  0.126  0.113  0.059  0.022 -0.106 -0.304 -0.299 -0.253
 -0.412 -0.363 -0.295 -0.146  0.123  0.158  0.204  0.139  0.086  0.088  0.099  0.076  0.109 -0.057 -0.024 -0.199 -0.232 -0.346 -0.373 -0.271 -0.074  0.212  0.501  0.621  0.533  0.709  1.000  0.813  0.600  0.613  0.577  0.434  0.347  0.341  0.379  0.396  0.386  0.459  0.349  0.275  0.384  0.272  0.338  0.274  0.150  0.102  0.156  0.175  0.296  0.306  0.344  0.464  0.301  0.116 -0.083 -0.246 -0.376 -0.257 -0.247 -0.393 -0.409 -0.451 -0.472 -0.402 -0.360 -0.127  0.059  0.232  0.297  0.226  0.156  0.033 -0.239 -0.480 -0.545 -0.501
 -0.385 -0.333 -0.277 -0.140  0.136  0.165  0.209  0.171  0.086  0.082  0.104  0.078  0.125 -0.054 -0.023 -0.191 -0.222 -0.317 -0.345 -0.255 -0.066  0.186  0.412  0.579  0.564  0.570  0.813  1.000  0.743  0.625  0.669  0.586  0.457  0.412  0.464  0.429  0.363  0.381  0.283  0.269  0.370  0.225  0.266  0.224  0.089  0.075  0.114  0.133  0.234  0.242  0.302  0.416  0.279  0.102 -0.072 -0.233 -0.355 -0.249 -0.251 -0.391 -0.403 -0.444 -0.457 -0.396 -0.365 -0.144  0.045  0.206  0.279  0.209  0.156  0.035 -0.248 -0.484 -0.550 -0.497
 -0.337 -0.262 -0.221 -0.075  0.157  0.169  0.186  0.124  0.052  0.081  0.143  0.155  0.161 -0.003  0.001 -0.175 -0.248 -0.338 -0.356 -0.315 -0.180  0.044  0.226  0.339  0.414  0.566  0.600  0.743  1.000  0.806  0.647  0.703  0.638  0.500  0.470  0.366  0.234  0.233  0.109  0.158  0.299  0.149  0.188  0.133  0.023  0.024  0.042  0.035  0.111  0.115  0.151  0.238  0.120 -0.032 -0.186 -0.290 -0.372 -0.292 -0.274 -0.363 -0.370 -0.387 -0.380 -0.294 -0.285 -0.092  0.045  0.164  0.220  0.152  0.101  0.027 -0.224 -0.366 -0.420 -0.362
 -0.384 -0.292 -0.224 -0.022  0.225  0.241  0.261  0.152  0.042  0.083  0.191  0.212  0.211  0.021  0.005 -0.204 -0.297 -0.403 -0.425 -0.401 -0.285 -0.078  0.127  0.247  0.228  0.433  0.613  0.625  0.806  1.000  0.833  0.750  0.739  0.692  0.648  0.583  0.413  0.379  0.256  0.292  0.427  0.237  0.257  0.211  0.081  0.053  0.096  0.075  0.157  0.114  0.126  0.190  0.060 -0.103 -0.270 -0.357 -0.428 -0.337 -0.294 -0.384 -0.383 -0.397 -0.398 -0.279 -0.245 -0.025  0.120  0.271  0.317  0.263  0.194  0.094 -0.266 -0.436 -0.546 -0.498
 -0.399 -0.314 -0.242 -0.035  0.220  0.246  0.281  0.210  0.066  0.093  0.196  0.186  0.194 -0.015 -0.033 -0.236 -0.315 -0.413 -0.423 -0.403 -0.304 -0.118  0.092  0.226  0.163  0.283  0.577  0.669  0.647  0.833  1.000  0.846  0.722  0.735  0.779  0.717  0.578  0.501  0.397  0.394  0.459  0.272  0.270  0.247  0.101  0.082  0.127  0.108  0.185  0.131  0.145  0.186  0.058 -0.095 -0.254 -0.334 -0.403 -0.306 -0.256 -0.356 -0.359 -0.388 -0.403 -0.295 -0.244 -0.018  0.129  0.293  0.334  0.288  0.226  0.108 -0.291 -0.499 -0.627 -0.584
 -0.343 -0.260 -0.213 -0.025  0.203  0.214  0.242  0.187  0.056  0.104  0.210  0.196  0.193 -0.013 -0.036 -0.213 -0.297 -0.375 -0.379 -0.380 -0.311 -0.154  0.025  0.151  0.123  0.236  0.434  0.586  0.703  0.750  0.846  1.000  0.856  0.723  0.725  0.555  0.359  0.302  0.188  0.241  0.336  0.160  0.179  0.173  0.054  0.066  0.087  0.070  0.117  0.072  0.082  0.124  0.012 -0.126 -0.258 -0.315 -0.368 -0.289 -0.241 -0.320 -0.322 -0.341 -0.344 -0.244 -0.212 -0.021  0.105  0.224  0.249  0.184  0.136  0.048 -0.263 -0.406 -0.494 -0.443
 -0.279 -0.195 -0.158  0.006  0.204  0.205  0.220  0.143  0.024  0.084  0.212  0.219  0.204  0.027  0.017 -0.150 -0.244 -0.317 -0.336 -0.349 -0.285 -0.159 -0.020  0.103  0.078  0.185  0.347  0.457  0.638  0.739  0.722  0.856  1.000  0.843  0.710  0.550  0.248  0.196  0.087  0.159  0.289  0.103  0.122  0.119  0.015  0.022  0.041  0.038  0.075  0.025  0.038  0.091 -0.012 -0.144 -0.257 -0.307 -0.350 -0.287 -0.249 -0.308 -0.301 -0.304 -0.294 -0.192 -0.179 -0.016  0.098  0.185  0.211  0.157  0.111  0.034 -0.238 -0.355 -0.426 -0.386
 -0.282 -0.189 -0.143  0.016  0.189  0.204  0.215  0.123  0.005  0.058  0.204  0.217  0.202  0.046  0.033 -0.146 -0.233 -0.315 -0.334 -0.345 -0.279 -0.165 -0.030  0.082  0.040  0.129  0.341  0.412  0.500  0.692  0.735  0.723  0.843  1.000  0.880  0.767  0.445  0.328  0.244  0.264  0.365  0.156  0.150  0.140  0.031  0.023  0.052  0.041  0.091  0.030  0.041  0.082 -0.030 -0.155 -0.263 -0.303 -0.346 -0.289 -0.245 -0.302 -0.290 -0.299 -0.289 -0.180 -0.162  0.001  0.100  0.205  0.235  0.222  0.175  0.073 -0.272 -0.390 -0.491 -0.466
 -0.319 -0.232 -0.181 -0.013  0.183  0.208  0.239  0.157  0.019  0.060  0.192  0.184  0.188  0.015 -0.002 -0.185 -0.262 -0.348 -0.357 -0.361 -0.289 -0.161 -0.005  0.107  0.051  0.129  0.379  0.464  0.470  0.648  0.779  0.725  0.710  0.880  1.000  0.877  0.616  0.452  0.367  0.379  0.440  0.229  0.202  0.191  0.068  0.061  0.089  0.072  0.134  0.065  0.076  0.109 -0.010 -0.138 -0.257 -0.302 -0.352 -0.284 -0.234 -0.308 -0.300 -0.318 -0.320 -0.219 -0.184 -0.005  0.109  0.248  0.287  0.282  0.246  0.126 -0.278 -0.437 -0.570 -0.546
 -0.333 -0.262 -0.205 -0.062  0.130  0.173  0.207  0.122  0.013  0.014  0.112  0.104  0.111 -0.035 -0.033 -0.200 -0.264 -0.346 -0.347 -0.334 -0.252 -0.109  0.043  0.130  0.065  0.138  0.396  0.429  0.366  0.583  0.717  0.555  0.550  0.767  0.877  1.000  0.776  0.571  0.486  0.478  0.485  0.311  0.256  0.226  0.100  0.067  0.105  0.089  0.177  0.116  0.123  0.139  0.028 -0.086 -0.213 -0.271 -0.323 -0.244 -0.198 -0.283 -0.288 -0.315 -0.331 -0.250 -0.201 -0.023  0.098  0.257  0.305  0.342  0.301  0.191 -0.218 -0.435 -0.586 -0.569
 -0.348 -0.290 -0.232 -0.094  0.082  0.143  0.171  0.125  0.059  0.036  0.087  0.055  0.050 -0.088 -0.109 -0.259 -0.312 -0.375 -0.339 -0.322 -0.256 -0.099  0.079  0.112  0.045  0.145  0.386  0.363  0.234  0.413  0.578  0.359  0.248  0.445  0.616  0.776  1.000  0.801  0.632  0.569  0.458  0.378  0.305  0.262  0.148  0.097  0.143  0.118  0.215  0.161  0.158  0.131  0.026 -0.054 -0.180 -0.228 -0.275 -0.187 -0.130 -0.218 -0.239 -0.279 -0.320 -0.250 -0.179 -0.008  0.094  0.260  0.296  0.332  0.304  0.238 -0.127 -0.404 -0.558 -0.536
 -0.396 -0.347 -0.279 -0.143  0.052  0.118  0.156  0.121  0.109  0.081  0.103  0.034  0.021 -0.125 -0.136 -0.296 -0.341 -0.395 -0.358 -0.320 -0.244 -0.047  0.157  0.178  0.095  0.218  0.459  0.381  0.233  0.379  0.501  0.302  0.196  0.328  0.452  0.571  0.801  1.000  0.775  0.533  0.476  0.458  0.392  0.303  0.166  0.106  0.167  0.146  0.269  0.231  0.220  0.186  0.075  0.003 -0.152 -0.230 -0.282 -0.169 -0.116 -0.224 -0.268 -0.331 -0.383 -0.314 -0.237 -0.049  0.067  0.251  0.302  0.317  0.268  0.190 -0.097 -0.445 -0.541 -0.499
 -0.353 -0.327 -0.269 -0.159  0.005  0.076  0.123  0.072  0.091  0.035  0.031 -0.038 -0.027 -0.151 -0.143 -0.269 -0.288 -0.327 -0.286 -0.235 -0.174 -0.020  0.134  0.123  0.057  0.148  0.349  0.283  0.109  0.256  0.397  0.188  0.087  0.244  0.367  0.486  0.632  0.775  1.000  0.696  0.571  0.570  0.444  0.305  0.144  0.082  0.141  0.112  0.253  0.232  0.211  0.140  0.071  0.041 -0.093 -0.163 -0.197 -0.096 -0.055 -0.158 -0.217 -0.298 -0.344 -0.298 -0.222 -0.064  0.046  0.232  0.324  0.409  0.395  0.311 -0.024 -0.371 -0.513 -0.505
 -0.336 -0.285 -0.253 -0.098  0.087  0.165  0.177  0.084  0.078 -0.002  0.031  0.023  0.039 -0.104 -0.118 -0.240 -0.292 -0.343 -0.316 -0.290 -0.213 -0.051  0.085  0.098  0.059  0.120  0.275  0.269  0.158  0.292  0.394  0.241  0.159  0.264  0.379  0.478  0.569  0.533  0.696  1.000  0.744  0.659  0.479  0.346  0.157  0.070  0.122  0.129  0.274  0.227  0.186  0.118  0.040 -0.007 -0.143 -0.201 -0.249 -0.153 -0.098 -0.209 -0.226 -0.287 -0.332 -0.260 -0.195 -0.031  0.119  0.306  0.446  0.580  0.640  0.623  0.130 -0.340 -0.608 -0.616
 -0.383 -0.306 -0.246 -0.043  0.186  0.272  0.316  0.150  0.074  0.036  0.075  0.090  0.124 -0.043 -0.059 -0.229 -0.290 -0.384 -0.392 -0.354 -0.241 -0.059  0.120  0.177  0.124  0.191  0.384  0.370  0.299  0.427  0.459  0.336  0.289  0.365  0.440  0.485  0.458  0.476  0.571  0.744  1.000  0.705  0.568  0.424  0.192  0.066  0.137  0.164  0.315  0.260  0.220  0.169  0.049 -0.028 -0.192 -0.273 -0.342 -0.237 -0.175 -0.302 -0.305 -0.367 -0.392 -0.283 -0.218 -0.003  0.191  0.434  0.597  0.649  0.645  0.469 -0.101 -0.397 -0.642 -0.657
 -0.367 -0.315 -0.273 -0.110  0.101  0.184  0.200  0.033  0.115  0.048  0.044  0.021  0.042 -0.109 -0.131 -0.259 -0.311 -0.369 -0.352 -0.304 -0.225 -0.041  0.112  0.096  0.066  0.165  0.272  0.225  0.149  0.237  0.272  0.160  0.103  0.156  0.229  0.311  0.378  0.458  0.570  0.659  0.705  1.000  0.768  0.509  0.237  0.058  0.124  0.144  0.358  0.344  0.258  0.123  0.040  0.023 -0.142 -0.220 -0.255 -0.140 -0.078 -0.197 -0.240 -0.312 -0.367 -0.289 -0.219 -0.040  0.153  0.396  0.591  0.716  0.598  0.503  0.054 -0.380 -0.533 -0.535
 -0.403 -0.341 -0.281 -0.084  0.169  0.238  0.286  0.123  0.108  0.090  0.111  0.081  0.095 -0.088 -0.124 -0.278 -0.335 -0.414 -0.413 -0.356 -0.258 -0.036  0.172  0.177  0.101  0.205  0.338  0.266  0.188  0.257  0.270  0.179  0.122  0.150  0.202  0.256  0.305  0.392  0.444  0.479  0.568  0.768  1.000  0.748  0.404  0.116  0.202  0.240  0.491  0.468  0.352  0.234  0.095  0.032 -0.171 -0.277 -0.336 -0.202 -0.129 -0.270 -0.300 -0.368 -0.406 -0.309 -0.237 -0.005  0.246  0.530  0.614  0.579  0.438  0.294 -0.068 -0.389 -0.528 -0.523
 -0.399 -0.326 -0.258 -0.055  0.195  0.273  0.315  0.143  0.080  0.052  0.065  0.044  0.072 -0.114 -0.153 -0.304 -0.359 -0.428 -0.419 -0.373 -0.293 -0.081  0.103  0.157  0.055  0.109  0.274  0.224  0.133  0.211  0.247  0.173  0.119  0.140  0.191  0.226  0.262  0.303  0.305  0.346  0.424  0.509  0.748  1.000  0.699  0.311  0.409  0.472  0.555  0.423  0.314  0.231  0.103  0.008 -0.200 -0.300 -0.353 -0.226 -0.151 -0.274 -0.272 -0.315 -0.359 -0.260 -0.174  0.058  0.331  0.608  0.561  0.464  0.338  0.179 -0.106 -0.346 -0.476 -0.477
 -0.315 -0.257 -0.206 -0.067  0.086  0.138  0.152  0.008  0.013 -0.008 -0.013 -0.022  0.013 -0.108 -0.158 -0.271 -0.309 -0.353 -0.326 -0.299 -0.254 -0.092  0.051  0.093 -0.005  0.034  0.150  0.089  0.023  0.081  0.101  0.054  0.015  0.031  0.068  0.100  0.148  0.166  0.144  0.157  0.192  0.237  0.404  0.699  1.000  0.604  0.476  0.489  0.375  0.340  0.251  0.168  0.049 -0.017 -0.176 -0.237 -0.282 -0.188 -0.112 -0.192 -0.167 -0.165 -0.228 -0.167 -0.076  0.094  0.267  0.384  0.310  0.228  0.144  0.054 -0.077 -0.167 -0.243 -0.255
 -0.217 -0.198 -0.183 -0.115 -0.017  0.010  0.031 -0.062 -0.007 -0.018 -0.036 -0.075 -0.032 -0.123 -0.138 -0.195 -0.203 -0.224 -0.196 -0.183 -0.164 -0.056  0.034  0.081  0.005  0.012  0.102  0.075  0.024  0.053  0.082  0.066  0.022  0.023  0.061  0.067  0.097  0.106  0.082  0.070  0.066  0.058  0.116  0.311  0.604  1.000  0.663  0.418  0.224  0.170  0.154  0.137  0.068 -0.003 -0.103 -0.153 -0.181 -0.122 -0.093 -0.138 -0.131 -0.131 -0.186 -0.173 -0.140 -0.058  0.067  0.152  0.109  0.052  0.027 -0.043 -0.075 -0.121 -0.141 -0.130
 -0.281 -0.244 -0.194 -0.124  0.003  0.031  0.068 -0.041 -0.037 -0.036 -0.006 -0.028 -0.015 -0.111 -0.131 -0.226 -0.231 -0.261 -0.236 -0.211 -0.174 -0.045  0.073  0.117  0.010  0.034  0.156  0.114  0.042  0.096  0.127  0.087  0.041  0.052  0.089  0.105  0.143  0.167  0.141  0.122  0.137  0.124  0.202  0.409  0.476  0.663  1.000  0.661  0.404  0.207  0.161  0.171  0.100  0.020 -0.108 -0.171 -0.203 -0.130 -0.096 -0.154 -0.157 -0.172 -0.236 -0.207 -0.182 -0.095  0.046  0.178  0.160  0.112  0.067 -0.038 -0.101 -0.188 -0.207 -0.203
 -0.297 -0.260 -0.207 -0.098  0.062  0.103  0.125  0.012  0.021  0.014  0.019  0.007  0.038 -0.076 -0.107 -0.205 -0.229 -0.283 -0.292 -0.247 -0.164 -0.008  0.134  0.190  0.063  0.048  0.175  0.133  0.035  0.075  0.108  0.070  0.038  0.041  0.072  0.089  0.118  0.146  0.112  0.129  0.164  0.144  0.240  0.472  0.489  0.418  0.661  1.000  0.678  0.393  0.243  0.250  0.118  0.022 -0.128 -0.215 -0.280 -0.194 -0.138 -0.228 -0.221 -0.236 -0.280 -0.236 -0.205 -0.073  0.067  0.192  0.204  0.153  0.103  0.004 -0.086 -0.193 -0.248 -0.256
 -0.418 -0.387 -0.307 -0.183  0.046  0.112  0.127  0.034  0.073  0.052  0.053 -0.005  0.005 -0.157 -0.180 -0.305 -0.316 -0.362 -0.332 -0.259 -0.155  0.086  0.283  0.293  0.148  0.158  0.296  0.234  0.111  0.157  0.185  0.117  0.075  0.091  0.134  0.177  0.215  0.269  0.253  0.274  0.315  0.358  0.491  0.555  0.375  0.224  0.404  0.678  1.000  0.699  0.477  0.402  0.237  0.175 -0.033 -0.161 -0.240 -0.086 -0.017 -0.179 -0.225 -0.320 -0.397 -0.354 -0.281 -0.098  0.095  0.279  0.329  0.304  0.225  0.106 -0.073 -0.312 -0.417 -0.404
 -0.424 -0.428 -0.350 -0.260 -0.034  0.029  0.076 -0.025  0.023 -0.002 -0.011 -0.083 -0.079 -0.239 -0.257 -0.348 -0.329 -0.364 -0.308 -0.212 -0.089  0.219  0.425  0.395  0.236  0.212  0.306  0.242  0.115  0.114  0.131  0.072  0.025  0.030  0.065  0.116  0.161  0.231  0.232  0.227  0.260  0.344  0.468  0.423  0.340  0.170  0.207  0.393  0.699  1.000  0.786  0.587  0.361  0.345  0.098 -0.058 -0.166  0.031  0.105 -0.103 -0.166 -0.301 -0.412 -0.396 -0.294 -0.114  0.075  0.197  0.267  0.272  0.204  0.085 -0.017 -0.272 -0.346 -0.338
 -0.446 -0.479 -0.378 -0.322 -0.065  0.003  0.069 -0.026  0.003 -0.039 -0.058 -0.142 -0.134 -0.303 -0.291 -0.375 -0.303 -0.324 -0.247 -0.116  0.027  0.381  0.551  0.533  0.352  0.251  0.344  0.302  0.151  0.126  0.145  0.082  0.038  0.041  0.076  0.123  0.158  0.220  0.211  0.186  0.220  0.258  0.352  0.314  0.251  0.154  0.161  0.243  0.477  0.786  1.000  0.803  0.608  0.572  0.288  0.069 -0.063  0.171  0.184 -0.062 -0.145 -0.316 -0.447 -0.464 -0.325 -0.160  0.059  0.168  0.232  0.230  0.186  0.035 -0.027 -0.304 -0.360 -0.340
 -0.393 -0.438 -0.354 -0.316 -0.050  0.007  0.079  0.027  0.013 -0.027 -0.048 -0.119 -0.086 -0.241 -0.192 -0.276 -0.190 -0.225 -0.195 -0.036  0.171  0.540  0.696  0.731  0.543  0.384  0.464  0.416  0.238  0.190  0.186  0.124  0.091  0.082  0.109  0.139  0.131  0.186  0.140  0.118  0.169  0.123  0.234  0.231  0.168  0.137  0.171  0.250  0.402  0.587  0.803  1.000  0.774  0.609  0.334  0.064 -0.106  0.093  0.032 -0.200 -0.255 -0.383 -0.468 -0.484 -0.387 -0.227 -0.002  0.116  0.177  0.137  0.106 -0.039 -0.092 -0.357 -0.382 -0.345
 -0.307 -0.400 -0.329 -0.381 -0.165 -0.117 -0.045 -0.025  0.002 -0.065 -0.138 -0.241 -0.215 -0.324 -0.236 -0.255 -0.112 -0.082 -0.015  0.155  0.311  0.607  0.590  0.613  0.465  0.279  0.301  0.279  0.120  0.060  0.058  0.012 -0.012 -0.030 -0.010  0.028  0.026  0.075  0.071  0.040  0.049  0.040  0.095  0.103  0.049  0.068  0.100  0.118  0.237  0.361  0.608  0.774  1.000  0.794  0.537  0.258  0.136  0.306  0.167 -0.026 -0.116 -0.258 -0.366 -0.444 -0.342 -0.287 -0.081 -0.003  0.056  0.034  0.036 -0.073 -0.007 -0.254 -0.229 -0.189
 -0.258 -0.394 -0.346 -0.450 -0.296 -0.241 -0.167 -0.124 -0.026 -0.108 -0.212 -0.344 -0.334 -0.416 -0.329 -0.270 -0.091 -0.003  0.125  0.312  0.422  0.663  0.546  0.451  0.346  0.164  0.116  0.102 -0.032 -0.103 -0.095 -0.126 -0.144 -0.155 -0.138 -0.086 -0.054  0.003  0.041 -0.007 -0.028  0.023  0.032  0.008 -0.017 -0.003  0.020  0.022  0.175  0.345  0.572  0.609  0.794  1.000  0.771  0.480  0.372  0.545  0.364  0.174  0.044 -0.135 -0.278 -0.396 -0.283 -0.307 -0.154 -0.112 -0.047 -0.015  0.001 -0.072  0.089 -0.127 -0.082 -0.055
 -0.051 -0.215 -0.219 -0.400 -0.368 -0.341 -0.276 -0.191 -0.086 -0.156 -0.267 -0.382 -0.365 -0.357 -0.257 -0.101  0.099  0.240  0.394  0.557  0.584  0.611  0.378  0.264  0.235  0.018 -0.083 -0.072 -0.186 -0.270 -0.254 -0.258 -0.257 -0.263 -0.257 -0.213 -0.180 -0.152 -0.093 -0.143 -0.192 -0.142 -0.171 -0.200 -0.176 -0.103 -0.108 -0.128 -0.033  0.098  0.288  0.334  0.537  0.771  1.000  0.755  0.625  0.673  0.449  0.348  0.225  0.041 -0.084 -0.238 -0.162 -0.294 -0.251 -0.278 -0.232 -0.168 -0.117 -0.126  0.127  0.033  0.133  0.146
  0.094 -0.040 -0.073 -0.276 -0.377 -0.361 -0.314 -0.252 -0.142 -0.193 -0.274 -0.349 -0.342 -0.258 -0.192 -0.012  0.150  0.311  0.525  0.536  0.448  0.357  0.150  0.017  0.028 -0.123 -0.246 -0.233 -0.290 -0.357 -0.334 -0.315 -0.307 -0.303 -0.302 -0.271 -0.228 -0.230 -0.163 -0.201 -0.273 -0.220 -0.277 -0.300 -0.237 -0.153 -0.171 -0.215 -0.161 -0.058  0.069  0.064  0.258  0.480  0.755  1.000  0.784  0.669  0.569  0.553  0.493  0.256  0.126 -0.032  0.017 -0.184 -0.265 -0.337 -0.331 -0.231 -0.168 -0.128  0.145  0.168  0.269  0.260
  0.158  0.011 -0.044 -0.282 -0.430 -0.436 -0.385 -0.286 -0.155 -0.201 -0.298 -0.395 -0.407 -0.293 -0.232 -0.011  0.144  0.363  0.588  0.603  0.401  0.239 -0.017 -0.156 -0.114 -0.228 -0.376 -0.355 -0.372 -0.428 -0.403 -0.368 -0.350 -0.346 -0.352 -0.323 -0.275 -0.282 -0.197 -0.249 -0.342 -0.255 -0.336 -0.353 -0.282 -0.181 -0.203 -0.280 -0.240 -0.166 -0.063 -0.106  0.136  0.372  0.625  0.784  1.000  0.826  0.640  0.697  0.521  0.338  0.220  0.039  0.076 -0.181 -0.286 -0.393 -0.401 -0.296 -0.213 -0.143  0.207  0.277  0.412  0.394
 -0.031 -0.174 -0.166 -0.358 -0.411 -0.391 -0.332 -0.265 -0.121 -0.184 -0.291 -0.416 -0.438 -0.402 -0.349 -0.192 -0.024  0.184  0.404  0.468  0.305  0.289  0.096 -0.033 -0.053 -0.159 -0.257 -0.249 -0.292 -0.337 -0.306 -0.289 -0.287 -0.289 -0.284 -0.244 -0.187 -0.169 -0.096 -0.153 -0.237 -0.140 -0.202 -0.226 -0.188 -0.122 -0.130 -0.194 -0.086  0.031  0.171  0.093  0.306  0.545  0.673  0.669  0.826  1.000  0.806  0.684  0.442  0.226  0.071 -0.100 -0.006 -0.203 -0.228 -0.300 -0.286 -0.195 -0.125 -0.110  0.193  0.170  0.272  0.262
 -0.068 -0.148 -0.115 -0.261 -0.339 -0.309 -0.268 -0.260 -0.125 -0.177 -0.247 -0.343 -0.371 -0.336 -0.326 -0.242 -0.123  0.053  0.262  0.288  0.105  0.106  0.009 -0.103 -0.142 -0.189 -0.247 -0.251 -0.274 -0.294 -0.256 -0.241 -0.249 -0.245 -0.234 -0.198 -0.130 -0.116 -0.055 -0.098 -0.175 -0.078 -0.129 -0.151 -0.112 -0.093 -0.096 -0.138 -0.017  0.105  0.184  0.032  0.167  0.364  0.449  0.569  0.640  0.806  1.000  0.779  0.596  0.307  0.126 -0.025  0.078 -0.098 -0.151 -0.220 -0.222 -0.124 -0.069 -0.064  0.166  0.155  0.216  0.197
  0.114  0.033  0.011 -0.183 -0.362 -0.363 -0.340 -0.297 -0.157 -0.194 -0.259 -0.331 -0.364 -0.257 -0.249 -0.115 -0.026  0.170  0.366  0.346  0.109 -0.000 -0.154 -0.278 -0.260 -0.283 -0.393 -0.391 -0.363 -0.384 -0.356 -0.320 -0.308 -0.302 -0.308 -0.283 -0.218 -0.224 -0.158 -0.209 -0.302 -0.197 -0.270 -0.274 -0.192 -0.138 -0.154 -0.228 -0.179 -0.103 -0.062 -0.200 -0.026  0.174  0.348  0.553  0.697  0.684  0.779  1.000  0.767  0.493  0.320  0.148  0.205 -0.047 -0.188 -0.312 -0.348 -0.252 -0.183 -0.118  0.193  0.298  0.400  0.366
  0.210  0.181  0.156 -0.041 -0.276 -0.288 -0.288 -0.285 -0.181 -0.208 -0.248 -0.268 -0.282 -0.128 -0.117  0.000  0.052  0.177  0.317  0.255  0.061 -0.076 -0.215 -0.307 -0.279 -0.309 -0.409 -0.403 -0.370 -0.383 -0.359 -0.322 -0.301 -0.290 -0.300 -0.288 -0.239 -0.268 -0.217 -0.226 -0.305 -0.240 -0.300 -0.272 -0.167 -0.131 -0.157 -0.221 -0.225 -0.166 -0.145 -0.255 -0.116  0.044  0.225  0.493  0.521  0.442  0.596  0.767  1.000  0.727  0.501  0.317  0.374  0.084 -0.108 -0.256 -0.327 -0.235 -0.172 -0.103  0.156  0.298  0.382  0.344
  0.400  0.365  0.281  0.062 -0.243 -0.283 -0.305 -0.262 -0.161 -0.178 -0.227 -0.209 -0.225 -0.015  0.002  0.157  0.172  0.253  0.298  0.187  0.021 -0.180 -0.320 -0.387 -0.328 -0.343 -0.451 -0.444 -0.387 -0.397 -0.388 -0.341 -0.304 -0.299 -0.318 -0.315 -0.279 -0.331 -0.298 -0.287 -0.367 -0.312 -0.368 -0.315 -0.165 -0.131 -0.172 -0.236 -0.320 -0.301 -0.316 -0.383 -0.258 -0.135  0.041  0.256  0.338  0.226  0.307  0.493  0.727  1.000  0.746  0.500  0.495  0.153 -0.099 -0.275 -0.366 -0.294 -0.238 -0.126  0.140  0.365  0.465  0.432
  0.582  0.573  0.449  0.218 -0.166 -0.231 -0.266 -0.240 -0.194 -0.184 -0.198 -0.143 -0.138  0.129  0.178  0.368  0.342  0.360  0.289  0.158  0.031 -0.234 -0.383 -0.427 -0.335 -0.352 -0.472 -0.457 -0.380 -0.398 -0.403 -0.344 -0.294 -0.289 -0.320 -0.331 -0.320 -0.383 -0.344 -0.332 -0.392 -0.367 -0.406 -0.359 -0.228 -0.186 -0.236 -0.280 -0.397 -0.412 -0.447 -0.468 -0.366 -0.278 -0.084  0.126  0.220  0.071  0.126  0.320  0.501  0.746  1.000  0.772  0.577  0.244 -0.079 -0.266 -0.380 -0.321 -0.268 -0.133  0.121  0.397  0.499  0.459
  0.490  0.605  0.524  0.445  0.044 -0.027 -0.124 -0.179 -0.183 -0.148 -0.104  0.021  0.043  0.298  0.284  0.355  0.263  0.224  0.140 -0.016 -0.109 -0.342 -0.423 -0.442 -0.355 -0.321 -0.402 -0.396 -0.294 -0.279 -0.295 -0.244 -0.192 -0.180 -0.219 -0.250 -0.250 -0.314 -0.298 -0.260 -0.283 -0.289 -0.309 -0.260 -0.167 -0.173 -0.207 -0.236 -0.354 -0.396 -0.464 -0.484 -0.444 -0.396 -0.238 -0.032  0.039 -0.100 -0.025  0.148  0.317  0.500  0.772  1.000  0.759  0.460  0.100 -0.100 -0.238 -0.202 -0.177 -0.071  0.053  0.315  0.373  0.321
  0.276  0.360  0.421  0.437  0.107  0.064 -0.094 -0.175 -0.144 -0.148 -0.129 -0.004  0.003  0.186  0.133  0.126  0.094  0.079  0.085 -0.044 -0.159 -0.321 -0.374 -0.394 -0.356 -0.318 -0.360 -0.365 -0.285 -0.245 -0.244 -0.212 -0.179 -0.162 -0.184 -0.201 -0.179 -0.237 -0.222 -0.195 -0.218 -0.219 -0.237 -0.174 -0.076 -0.140 -0.182 -0.205 -0.281 -0.294 -0.325 -0.387 -0.342 -0.283 -0.162  0.017  0.076 -0.006  0.078  0.205  0.374  0.495  0.577  0.759  1.000  0.652  0.290  0.015 -0.142 -0.124 -0.111 -0.043  0.035  0.256  0.285  0.238
  0.043  0.177  0.315  0.581  0.390  0.390  0.155 -0.000 -0.046 -0.029  0.031  0.173  0.178  0.250  0.151  0.029 -0.046 -0.139 -0.156 -0.261 -0.299 -0.345 -0.283 -0.247 -0.257 -0.187 -0.127 -0.144 -0.092 -0.025 -0.018 -0.021 -0.016  0.001 -0.005 -0.023 -0.008 -0.049 -0.064 -0.031 -0.003 -0.040 -0.005  0.058  0.094 -0.058 -0.095 -0.073 -0.098 -0.114 -0.160 -0.227 -0.287 -0.307 -0.294 -0.184 -0.181 -0.203 -0.098 -0.047  0.084  0.153  0.244  0.460  0.652  1.000  0.649  0.310  0.136  0.075  0.036  0.029 -0.100  0.055 -0.020 -0.056
 -0.168 -0.027  0.124  0.416  0.554  0.519  0.313  0.130 -0.007  0.000  0.059  0.163  0.197  0.107  0.054 -0.126 -0.200 -0.286 -0.305 -0.326 -0.312 -0.235 -0.131 -0.050 -0.118 -0.081  0.059  0.045  0.045  0.120  0.129  0.105  0.098  0.100  0.109  0.098  0.094  0.067  0.046  0.119  0.191  0.153  0.246  0.331  0.267  0.067  0.046  0.067  0.095  0.075  0.059 -0.002 -0.081 -0.154 -0.251 -0.265 -0.286 -0.228 -0.151 -0.188 -0.108 -0.099 -0.079  0.100  0.290  0.649  1.000  0.643  0.445  0.287  0.210  0.107 -0.102 -0.142 -0.261 -0.282
 -0.316 -0.195 -0.099  0.201  0.467  0.556  0.541  0.319  0.122  0.097  0.129  0.191  0.232  0.043 -0.030 -0.203 -0.293 -0.398 -0.418 -0.416 -0.346 -0.186 -0.010  0.082 -0.003  0.043  0.232  0.206  0.164  0.271  0.293  0.224  0.185  0.205  0.248  0.257  0.260  0.251  0.232  0.306  0.434  0.396  0.530  0.608  0.384  0.152  0.178  0.192  0.279  0.197  0.168  0.116 -0.003 -0.112 -0.278 -0.337 -0.393 -0.300 -0.220 -0.312 -0.256 -0.275 -0.266 -0.100  0.015  0.310  0.643  1.000  0.783  0.539  0.391  0.189 -0.200 -0.346 -0.522 -0.519
 -0.369 -0.255 -0.161  0.127  0.459  0.553  0.576  0.302  0.148  0.113  0.131  0.192  0.268  0.052 -0.010 -0.198 -0.289 -0.407 -0.442 -0.405 -0.291 -0.096  0.078  0.161  0.091  0.126  0.297  0.279  0.220  0.317  0.334  0.249  0.211  0.235  0.287  0.305  0.296  0.302  0.324  0.446  0.597  0.591  0.614  0.561  0.310  0.109  0.160  0.204  0.329  0.267  0.232  0.177  0.056 -0.047 -0.232 -0.331 -0.401 -0.286 -0.222 -0.348 -0.327 -0.366 -0.380 -0.238 -0.142  0.136  0.445  0.783  1.000  0.755  0.569  0.333 -0.169 -0.426 -0.628 -0.623
 -0.334 -0.238 -0.163  0.052  0.267  0.365  0.406  0.067  0.014 -0.059  0.004  0.077  0.158  0.016 -0.037 -0.189 -0.261 -0.358 -0.360 -0.328 -0.225 -0.054  0.083  0.107  0.073  0.113  0.226  0.209  0.152  0.263  0.288  0.184  0.157  0.222  0.282  0.342  0.332  0.317  0.409  0.580  0.649  0.716  0.579  0.464  0.228  0.052  0.112  0.153  0.304  0.272  0.230  0.137  0.034 -0.015 -0.168 -0.231 -0.296 -0.195 -0.124 -0.252 -0.235 -0.294 -0.321 -0.202 -0.124  0.075  0.287  0.539  0.755  1.000  0.815  0.586  0.040 -0.364 -0.584 -0.596
 -0.274 -0.211 -0.161  0.002  0.178  0.259  0.322  0.052 -0.052 -0.111 -0.035  0.014  0.074 -0.048 -0.074 -0.189 -0.233 -0.292 -0.279 -0.251 -0.181 -0.043  0.056  0.071  0.045  0.059  0.156  0.156  0.101  0.194  0.226  0.136  0.111  0.175  0.246  0.301  0.304  0.268  0.395  0.640  0.645  0.598  0.438  0.338  0.144  0.027  0.067  0.103  0.225  0.204  0.186  0.106  0.036  0.001 -0.117 -0.168 -0.213 -0.125 -0.069 -0.183 -0.172 -0.238 -0.268 -0.177 -0.111  0.036  0.210  0.391  0.569  0.815  1.000  0.760  0.218 -0.223 -0.516 -0.558
 -0.137 -0.096 -0.099  0.003  0.069  0.129  0.109 -0.047 -0.025 -0.088 -0.042 -0.012  0.022 -0.026 -0.051 -0.102 -0.154 -0.186 -0.178 -0.181 -0.135 -0.068 -0.024 -0.055 -0.022  0.022  0.033  0.035  0.027  0.094  0.108  0.048  0.034  0.073  0.126  0.191  0.238  0.190  0.311  0.623  0.469  0.503  0.294  0.179  0.054 -0.043 -0.038  0.004  0.106  0.085  0.035 -0.039 -0.073 -0.072 -0.126 -0.128 -0.143 -0.110 -0.064 -0.118 -0.103 -0.126 -0.133 -0.071 -0.043  0.029  0.107  0.189  0.333  0.586  0.760  1.000  0.492 -0.020 -0.367 -0.437
  0.106  0.043 -0.014 -0.158 -0.221 -0.255 -0.180 -0.241 -0.279 -0.326 -0.260 -0.291 -0.272 -0.203 -0.147 -0.055 -0.017  0.096  0.151  0.161  0.088  0.055 -0.051 -0.146 -0.095 -0.106 -0.239 -0.248 -0.224 -0.266 -0.291 -0.263 -0.238 -0.272 -0.278 -0.218 -0.127 -0.097 -0.024  0.130 -0.101  0.054 -0.068 -0.106 -0.077 -0.075 -0.101 -0.086 -0.073 -0.017 -0.027 -0.092 -0.007  0.089  0.127  0.145  0.207  0.193  0.166  0.193  0.156  0.140  0.121  0.053  0.035 -0.100 -0.102 -0.200 -0.169  0.040  0.218  0.492  1.000  0.323  0.191  0.126
  0.336  0.260  0.192  0.038 -0.207 -0.263 -0.302 -0.216 -0.242 -0.237 -0.229 -0.185 -0.230 -0.038 -0.042  0.122  0.170  0.271  0.317  0.241  0.075 -0.143 -0.291 -0.377 -0.303 -0.304 -0.480 -0.484 -0.366 -0.436 -0.499 -0.406 -0.355 -0.390 -0.437 -0.435 -0.404 -0.445 -0.371 -0.340 -0.397 -0.380 -0.389 -0.346 -0.167 -0.121 -0.188 -0.193 -0.312 -0.272 -0.304 -0.357 -0.254 -0.127  0.033  0.168  0.277  0.170  0.155  0.298  0.298  0.365  0.397  0.315  0.256  0.055 -0.142 -0.346 -0.426 -0.364 -0.223 -0.020  0.323  1.000  0.680  0.449
  0.442  0.342  0.258 -0.020 -0.343 -0.441 -0.456 -0.357 -0.305 -0.294 -0.314 -0.292 -0.314 -0.061 -0.021  0.188  0.263  0.412  0.451  0.401  0.203 -0.065 -0.278 -0.385 -0.286 -0.299 -0.545 -0.550 -0.420 -0.546 -0.627 -0.494 -0.426 -0.491 -0.570 -0.586 -0.558 -0.541 -0.513 -0.608 -0.642 -0.533 -0.528 -0.476 -0.243 -0.141 -0.207 -0.248 -0.417 -0.346 -0.360 -0.382 -0.229 -0.082  0.133  0.269  0.412  0.272  0.216  0.400  0.382  0.465  0.499  0.373  0.285 -0.020 -0.261 -0.522 -0.628 -0.584 -0.516 -0.367  0.191  0.680  1.000  0.844
