  1.000  0.769  0.496  0.216 -0.202 -0.335 -0.320 -0.275 -0.237 -0.257 -0.257 -0.184 -0.052  0.238  0.308  0.604  0.599  0.567  0.368  0.230  0.192 -0.085 -0.236 -0.274 -0.173 -0.218 -0.343 -0.300 -0.278 -0.357 -0.347 -0.285 -0.235 -0.227 -0.253 -0.254 -0.271 -0.349 -0.306 -0.209 -0.346 -0.318 -0.367 -0.369 -0.292 -0.197 -0.243 -0.267 -0.370 -0.385 -0.405 -0.367 -0.298 -0.254 -0.064  0.077  0.122 -0.050 -0.072  0.069  0.175  0.370  0.560  0.471  0.232 -0.003 -0.213 -0.356 -0.404 -0.308 -0.201 -0.014  0.182  0.252  0.415  0.406
  0.769  1.000  0.698  0.383 -0.075 -0.243 -0.271 -0.257 -0.230 -0.236 -0.215 -0.098  0.034  0.356  0.478  0.605  0.471  0.425  0.246  0.108  0.066 -0.195 -0.301 -0.325 -0.226 -0.219 -0.310 -0.265 -0.236 -0.306 -0.292 -0.235 -0.189 -0.158 -0.190 -0.202 -0.229 -0.315 -0.269 -0.185 -0.306 -0.280 -0.312 -0.322 -0.265 -0.191 -0.237 -0.255 -0.332 -0.384 -0.441 -0.416 -0.369 -0.352 -0.179 -0.004  0.036 -0.141 -0.110  0.039  0.180  0.353  0.575  0.598  0.306  0.087 -0.128 -0.291 -0.348 -0.278 -0.203 -0.026  0.143  0.194  0.354  0.363
  0.496  0.698  1.000  0.604  0.132 -0.073 -0.178 -0.265 -0.234 -0.196 -0.092  0.044  0.167  0.431  0.498  0.407  0.369  0.271  0.127  0.001 -0.043 -0.263 -0.309 -0.310 -0.291 -0.253 -0.270 -0.236 -0.220 -0.234 -0.206 -0.180 -0.141 -0.111 -0.142 -0.162 -0.181 -0.227 -0.208 -0.192 -0.265 -0.253 -0.268 -0.264 -0.232 -0.172 -0.196 -0.205 -0.246 -0.308 -0.339 -0.343 -0.312 -0.315 -0.197 -0.053 -0.013 -0.116 -0.063  0.035  0.152  0.266  0.426  0.480  0.383  0.237  0.033 -0.196 -0.261 -0.229 -0.184 -0.060  0.056  0.122  0.288  0.289
  0.216  0.383  0.604  1.000  0.534  0.313  0.091 -0.052 -0.062  0.018  0.174  0.351  0.396  0.539  0.396  0.259  0.170  0.052 -0.081 -0.188 -0.197 -0.313 -0.289 -0.226 -0.207 -0.164 -0.138 -0.115 -0.095 -0.098 -0.090 -0.074 -0.044 -0.032 -0.069 -0.108 -0.124 -0.126 -0.112 -0.120 -0.123 -0.107 -0.096 -0.110 -0.129 -0.142 -0.175 -0.128 -0.151 -0.208 -0.254 -0.267 -0.308 -0.364 -0.327 -0.229 -0.221 -0.274 -0.194 -0.139 -0.057  0.019  0.178  0.358  0.358  0.488  0.299  0.041 -0.012 -0.054 -0.080 -0.022 -0.046  0.076  0.091  0.086
 -0.202 -0.075  0.132  0.534  1.000  0.753  0.465  0.245  0.148  0.255  0.400  0.525  0.562  0.341  0.221  0.014 -0.080 -0.220 -0.302 -0.289 -0.240 -0.181 -0.087  0.011 -0.025  0.023  0.128  0.140  0.145  0.180  0.167  0.151  0.157  0.133  0.116  0.069  0.032  0.059  0.047  0.012  0.145  0.147  0.189  0.155  0.047 -0.048 -0.036  0.021  0.070  0.029  0.027  0.019 -0.066 -0.177 -0.266 -0.320 -0.355 -0.306 -0.267 -0.302 -0.290 -0.297 -0.245 -0.097  0.010  0.281  0.466  0.373  0.418  0.228  0.071 -0.027 -0.225 -0.172 -0.257 -0.254
 -0.335 -0.243 -0.073  0.313  0.753  1.000  0.677  0.465  0.351  0.442  0.524  0.580  0.466  0.200  0.047 -0.115 -0.184 -0.316 -0.365 -0.339 -0.261 -0.142 -0.026  0.077  0.031  0.050  0.172  0.161  0.150  0.211  0.203  0.158  0.161  0.157  0.142  0.118  0.103  0.159  0.141  0.083  0.242  0.234  0.269  0.239  0.104 -0.015 -0.001  0.058  0.134  0.114  0.119  0.101 -0.009 -0.119 -0.247 -0.324 -0.382 -0.300 -0.253 -0.318 -0.332 -0.369 -0.348 -0.215 -0.086  0.255  0.418  0.486  0.528  0.336  0.138 -0.016 -0.278 -0.220 -0.378 -0.359
 -0.320 -0.271 -0.178  0.091  0.465  0.677  1.000  0.764  0.554  0.651  0.570  0.403  0.353  0.089 -0.014 -0.131 -0.196 -0.312 -0.366 -0.319 -0.217 -0.064  0.045  0.123  0.087  0.115  0.230  0.215  0.165  0.210  0.222  0.170  0.140  0.127  0.152  0.137  0.142  0.215  0.181  0.139  0.292  0.323  0.353  0.304  0.142  0.031  0.053  0.096  0.189  0.150  0.154  0.145  0.052 -0.047 -0.204 -0.320 -0.360 -0.261 -0.243 -0.334 -0.370 -0.365 -0.364 -0.289 -0.217  0.056  0.244  0.494  0.607  0.395  0.165 -0.028 -0.281 -0.341 -0.467 -0.450
 -0.275 -0.257 -0.265 -0.052  0.245  0.465  0.764  1.000  0.699  0.591  0.334  0.169  0.105 -0.064 -0.108 -0.132 -0.176 -0.254 -0.299 -0.251 -0.137  0.022  0.082  0.157  0.158  0.137  0.214  0.189  0.136  0.180  0.184  0.128  0.107  0.098  0.129  0.142  0.150  0.205  0.165  0.148  0.275  0.278  0.312  0.276  0.156  0.046  0.050  0.076  0.163  0.161  0.168  0.168  0.097  0.020 -0.131 -0.240 -0.296 -0.214 -0.205 -0.289 -0.310 -0.290 -0.305 -0.268 -0.230  0.004  0.178  0.445  0.509  0.336  0.120 -0.050 -0.237 -0.286 -0.453 -0.406
 -0.237 -0.230 -0.234 -0.062  0.148  0.351  0.554  0.699  1.000  0.843  0.507  0.322  0.190  0.029 -0.047 -0.063 -0.120 -0.214 -0.272 -0.240 -0.135 -0.024  0.054  0.120  0.105  0.115  0.194  0.155  0.117  0.166  0.162  0.115  0.102  0.106  0.115  0.112  0.120  0.171  0.149  0.063  0.171  0.197  0.214  0.156  0.069  0.002 -0.008  0.067  0.115  0.115  0.110  0.114  0.025 -0.052 -0.157 -0.234 -0.286 -0.230 -0.207 -0.268 -0.286 -0.281 -0.277 -0.255 -0.254 -0.061  0.026  0.238  0.313  0.215  0.040 -0.066 -0.253 -0.257 -0.381 -0.340
 -0.257 -0.236 -0.196  0.018  0.255  0.442  0.651  0.591  0.843  1.000  0.758  0.528  0.400  0.164  0.024 -0.041 -0.107 -0.228 -0.305 -0.276 -0.160 -0.060  0.045  0.118  0.083  0.108  0.210  0.181  0.142  0.187  0.189  0.153  0.138  0.133  0.138  0.101  0.099  0.164  0.135  0.027  0.163  0.194  0.226  0.164  0.065  0.011  0.005  0.092  0.131  0.113  0.099  0.109  0.001 -0.089 -0.195 -0.268 -0.330 -0.277 -0.247 -0.306 -0.329 -0.328 -0.317 -0.274 -0.267 -0.052  0.029  0.242  0.336  0.215  0.023 -0.090 -0.307 -0.292 -0.406 -0.371
 -0.257 -0.215 -0.092  0.174  0.400  0.524  0.570  0.334  0.507  0.758  1.000  0.807  0.642  0.349  0.127 -0.011 -0.087 -0.221 -0.314 -0.306 -0.207 -0.129 -0.002  0.075  0.021  0.064  0.172  0.162  0.149  0.194  0.196  0.185  0.182  0.171  0.155  0.085  0.059  0.140  0.105 -0.002  0.134  0.155  0.193  0.128  0.028 -0.013 -0.006  0.102  0.122  0.084  0.054  0.071 -0.051 -0.149 -0.244 -0.292 -0.355 -0.310 -0.261 -0.310 -0.335 -0.359 -0.322 -0.238 -0.209  0.006  0.053  0.193  0.290  0.190  0.017 -0.066 -0.284 -0.239 -0.337 -0.341
 -0.184 -0.098  0.044  0.351  0.525  0.580  0.403  0.169  0.322  0.528  0.807  1.000  0.779  0.510  0.240  0.081 -0.020 -0.176 -0.285 -0.310 -0.219 -0.189 -0.064  0.024 -0.015  0.031  0.123  0.118  0.127  0.156  0.143  0.135  0.150  0.150  0.115  0.053  0.021  0.076  0.053 -0.018  0.084  0.094  0.124  0.058 -0.015 -0.059 -0.067  0.045  0.055  0.016 -0.022 -0.005 -0.126 -0.234 -0.297 -0.304 -0.373 -0.359 -0.292 -0.313 -0.300 -0.308 -0.238 -0.119 -0.099  0.108  0.105  0.142  0.218  0.145 -0.000 -0.034 -0.248 -0.150 -0.245 -0.246
 -0.052  0.034  0.167  0.396  0.562  0.466  0.353  0.105  0.190  0.400  0.642  0.779  1.000  0.702  0.425  0.235  0.120 -0.062 -0.214 -0.231 -0.135 -0.154 -0.054  0.029 -0.003  0.045  0.128  0.150  0.140  0.133  0.136  0.152  0.152  0.131  0.110  0.031 -0.026  0.015 -0.011 -0.070  0.034  0.044  0.082  0.011 -0.054 -0.065 -0.073  0.025  0.009 -0.048 -0.080 -0.024 -0.133 -0.241 -0.268 -0.277 -0.341 -0.364 -0.326 -0.324 -0.297 -0.275 -0.186 -0.081 -0.115  0.030  0.052  0.076  0.173  0.069 -0.064 -0.086 -0.258 -0.196 -0.203 -0.193
  0.238  0.356  0.431  0.539  0.341  0.200  0.089 -0.064  0.029  0.164  0.349  0.510  0.702  1.000  0.681  0.494  0.348  0.154 -0.035 -0.124 -0.065 -0.199 -0.152 -0.083 -0.079 -0.045 -0.020  0.000 -0.012 -0.043 -0.033 -0.025  0.001  0.023 -0.005 -0.048 -0.101 -0.101 -0.112 -0.133 -0.110 -0.101 -0.092 -0.163 -0.166 -0.146 -0.171 -0.088 -0.139 -0.202 -0.256 -0.195 -0.265 -0.355 -0.297 -0.219 -0.260 -0.362 -0.309 -0.245 -0.154 -0.061  0.092  0.203  0.071  0.108 -0.040 -0.119 -0.062 -0.074 -0.141 -0.064 -0.138 -0.032  0.011  0.013
  0.308  0.478  0.498  0.396  0.221  0.047 -0.014 -0.108 -0.047  0.024  0.127  0.240  0.425  0.681  1.000  0.687  0.488  0.256  0.031 -0.019  0.049 -0.094 -0.094 -0.053 -0.035  0.021  0.034  0.054  0.018  0.006  0.023  0.012  0.055  0.103  0.071  0.042 -0.074 -0.112 -0.096 -0.114 -0.069 -0.116 -0.112 -0.172 -0.207 -0.156 -0.158 -0.113 -0.128 -0.218 -0.257 -0.166 -0.193 -0.280 -0.207 -0.162 -0.185 -0.301 -0.295 -0.232 -0.130 -0.014  0.152  0.227  0.041  0.013 -0.074 -0.152 -0.085 -0.094 -0.133 -0.091 -0.139 -0.113 -0.030 -0.006
  0.604  0.605  0.407  0.259  0.014 -0.115 -0.131 -0.132 -0.063 -0.041 -0.011  0.081  0.235  0.494  0.687  1.000  0.755  0.490  0.239  0.167  0.234  0.009 -0.082 -0.082 -0.018 -0.035 -0.087 -0.069 -0.100 -0.156 -0.156 -0.137 -0.079 -0.051 -0.086 -0.096 -0.196 -0.256 -0.224 -0.164 -0.184 -0.201 -0.227 -0.281 -0.272 -0.195 -0.219 -0.177 -0.242 -0.275 -0.295 -0.200 -0.201 -0.232 -0.084 -0.024 -0.051 -0.212 -0.256 -0.167 -0.055  0.103  0.308  0.284  0.006 -0.085 -0.208 -0.270 -0.211 -0.169 -0.151 -0.042 -0.032  0.052  0.112  0.111
  0.599  0.471  0.369  0.170 -0.080 -0.184 -0.196 -0.176 -0.120 -0.107 -0.087 -0.020  0.120  0.348  0.488  0.755  1.000  0.744  0.414  0.331  0.434  0.134 -0.011 -0.015  0.016 -0.072 -0.133 -0.110 -0.154 -0.222 -0.216 -0.193 -0.146 -0.129 -0.154 -0.159 -0.241 -0.299 -0.271 -0.198 -0.248 -0.274 -0.300 -0.327 -0.297 -0.188 -0.212 -0.197 -0.277 -0.286 -0.248 -0.138 -0.092 -0.092  0.081  0.114  0.078 -0.083 -0.165 -0.092 -0.004  0.114  0.274  0.200  0.015 -0.104 -0.241 -0.326 -0.283 -0.226 -0.176 -0.056  0.010  0.089  0.157  0.168
  0.567  0.425  0.271  0.052 -0.220 -0.316 -0.312 -0.254 -0.214 -0.228 -0.221 -0.176 -0.062  0.154  0.256  0.490  0.744  1.000  0.676  0.529  0.526  0.176 -0.051 -0.090  0.000 -0.145 -0.272 -0.223 -0.256 -0.343 -0.330 -0.284 -0.242 -0.239 -0.262 -0.265 -0.307 -0.363 -0.318 -0.238 -0.332 -0.336 -0.373 -0.372 -0.321 -0.195 -0.216 -0.248 -0.328 -0.340 -0.291 -0.202 -0.090 -0.023  0.214  0.289  0.315  0.136  0.031  0.124  0.151  0.217  0.317  0.214  0.055 -0.130 -0.270 -0.385 -0.386 -0.300 -0.191 -0.058  0.110  0.189  0.328  0.310
  0.368  0.246  0.127 -0.081 -0.302 -0.365 -0.366 -0.299 -0.272 -0.305 -0.314 -0.285 -0.214 -0.035  0.031  0.239  0.414  0.676  1.000  0.699  0.483  0.149 -0.077 -0.139 -0.075 -0.221 -0.339 -0.296 -0.318 -0.390 -0.366 -0.324 -0.300 -0.291 -0.294 -0.282 -0.261 -0.327 -0.279 -0.201 -0.349 -0.325 -0.402 -0.380 -0.302 -0.171 -0.192 -0.269 -0.313 -0.309 -0.250 -0.209 -0.054  0.081  0.375  0.521  0.566  0.363  0.243  0.339  0.318  0.288  0.262  0.156  0.114 -0.097 -0.255 -0.382 -0.414 -0.300 -0.164 -0.036  0.170  0.276  0.388  0.344
  0.230  0.108  0.001 -0.188 -0.289 -0.339 -0.319 -0.251 -0.240 -0.276 -0.306 -0.310 -0.231 -0.124 -0.019  0.167  0.331  0.529  0.699  1.000  0.734  0.394  0.123  0.025  0.064 -0.098 -0.227 -0.198 -0.243 -0.316 -0.308 -0.287 -0.260 -0.257 -0.261 -0.242 -0.247 -0.311 -0.252 -0.203 -0.299 -0.291 -0.340 -0.327 -0.264 -0.151 -0.167 -0.238 -0.273 -0.225 -0.109 -0.028  0.133  0.283  0.539  0.515  0.567  0.422  0.252  0.304  0.239  0.164  0.106 -0.008 -0.019 -0.190 -0.233 -0.326 -0.323 -0.243 -0.128 -0.065  0.143  0.149  0.278  0.266
  0.192  0.066 -0.043 -0.197 -0.240 -0.261 -0.217 -0.137 -0.135 -0.160 -0.207 -0.219 -0.135 -0.065  0.049  0.234  0.434  0.526  0.483  0.734  1.000  0.703  0.393  0.298  0.344  0.126 -0.022 -0.005 -0.096 -0.196 -0.211 -0.211 -0.185 -0.186 -0.192 -0.176 -0.216 -0.251 -0.217 -0.179 -0.213 -0.247 -0.252 -0.259 -0.224 -0.132 -0.148 -0.171 -0.187 -0.105  0.037  0.188  0.300  0.399  0.560  0.419  0.352  0.248  0.062  0.068  0.045  0.007  0.001 -0.096 -0.151 -0.252 -0.249 -0.270 -0.226 -0.183 -0.117 -0.090  0.036 -0.000  0.078  0.088
 -0.085 -0.195 -0.263 -0.313 -0.181 -0.142 -0.064  0.022 -0.024 -0.060 -0.129 -0.189 -0.154 -0.199 -0.094  0.009  0.134  0.176  0.149  0.394  0.703  1.000  0.733  0.597  0.611  0.413  0.230  0.201  0.095  0.002 -0.048 -0.083 -0.077 -0.093 -0.092 -0.075 -0.105 -0.073 -0.079 -0.075 -0.033 -0.090 -0.035 -0.056 -0.071 -0.064 -0.051 -0.030  0.033  0.179  0.357  0.528  0.576  0.625  0.563  0.305  0.184  0.226  0.052 -0.038 -0.088 -0.168 -0.230 -0.294 -0.303 -0.289 -0.164 -0.088 -0.018 -0.031 -0.008 -0.083 -0.042 -0.175 -0.178 -0.145
 -0.236 -0.301 -0.309 -0.289 -0.087 -0.026  0.045  0.082  0.054  0.045 -0.002 -0.064 -0.054 -0.152 -0.094 -0.082 -0.011 -0.051 -0.077  0.123  0.393  0.733  1.000  0.788  0.627  0.544  0.488  0.393  0.235  0.159  0.115  0.046  0.017 -0.001  0.016  0.028  0.034  0.110  0.060  0.006  0.103  0.030  0.122  0.073  0.021 -0.006  0.030  0.076  0.206  0.363  0.514  0.674  0.568  0.527  0.355  0.133 -0.031  0.070 -0.019 -0.149 -0.190 -0.277 -0.348 -0.373 -0.345 -0.253 -0.105  0.037  0.106  0.050  0.021 -0.100 -0.160 -0.290 -0.344 -0.294
 -0.274 -0.325 -0.310 -0.226  0.011  0.077  0.123  0.157  0.120  0.118  0.075  0.024  0.029 -0.083 -0.053 -0.082 -0.015 -0.090 -0.139  0.025  0.298  0.597  0.788  1.000  0.769  0.529  0.598  0.552  0.342  0.266  0.235  0.158  0.127  0.100  0.117  0.113  0.071  0.140  0.070  0.032  0.173  0.060  0.139  0.127  0.066  0.038  0.063  0.134  0.239  0.355  0.502  0.699  0.580  0.423  0.244  0.018 -0.159 -0.061 -0.122 -0.257 -0.260 -0.323 -0.374 -0.385 -0.353 -0.201 -0.042  0.111  0.181  0.099  0.034 -0.115 -0.274 -0.358 -0.450 -0.391
 -0.173 -0.226 -0.291 -0.207 -0.025  0.031  0.087  0.158  0.105  0.083  0.021 -0.015 -0.003 -0.079 -0.035 -0.018  0.016  0.000 -0.075  0.064  0.344  0.611  0.627  0.769  1.000  0.719  0.533  0.570  0.448  0.280  0.200  0.166  0.137  0.089  0.087  0.071 -0.004  0.053  0.006  0.010  0.125  0.036  0.086  0.050 -0.009 -0.035 -0.026  0.019  0.102  0.202  0.314  0.505  0.418  0.299  0.192  0.008 -0.137 -0.095 -0.172 -0.259 -0.257 -0.282 -0.288 -0.296 -0.342 -0.214 -0.087  0.039  0.121  0.062  0.025 -0.071 -0.192 -0.268 -0.349 -0.302
 -0.218 -0.219 -0.253 -0.164  0.023  0.050  0.115  0.137  0.115  0.108  0.064  0.031  0.045 -0.045  0.021 -0.035 -0.072 -0.145 -0.221 -0.098  0.126  0.413  0.544  0.529  0.719  1.000  0.713  0.577  0.576  0.461  0.306  0.259  0.228  0.176  0.162  0.147  0.066  0.138  0.100  0.045  0.172  0.121  0.176  0.085  0.001 -0.057 -0.040 -0.013  0.088  0.159  0.211  0.356  0.255  0.138 -0.007 -0.139 -0.234 -0.179 -0.222 -0.289 -0.306 -0.323 -0.317 -0.282 -0.321 -0.181 -0.059  0.063  0.147  0.084  0.020 -0.052 -0.168 -0.278 -0.335 -0.285
 -0.343 -0.310 -0.270 -0.138  0.128  0.172  0.230  0.214  0.194  0.210  0.172  0.123  0.128 -0.020  0.034 -0.087 -0.133 -0.272 -0.339 -0.227 -0.022  0.230  0.488  0.598  0.533  0.713  1.000  0.803  0.597  0.616  0.567  0.420  0.356  0.358  0.381  0.379  0.303  0.370  0.288  0.155  0.348  0.225  0.284  0.214  0.087  0.029  0.066  0.103  0.234  0.260  0.311  0.440  0.288  0.112 -0.077 -0.233 -0.356 -0.258 -0.267 -0.378 -0.382 -0.406 -0.417 -0.357 -0.341 -0.131  0.038  0.211  0.292  0.187  0.058 -0.098 -0.358 -0.454 -0.570 -0.497
 -0.300 -0.265 -0.236 -0.115  0.140  0.161  0.215  0.189  0.155  0.181  0.162  0.118  0.150  0.000  0.054 -0.069 -0.110 -0.223 -0.296 -0.198 -0.005  0.201  0.393  0.552  0.570  0.577  0.803  1.000  0.754  0.626  0.653  0.577  0.468  0.422  0.454  0.397  0.265  0.281  0.200  0.125  0.316  0.178  0.216  0.156  0.028 -0.003  0.023  0.059  0.173  0.199  0.262  0.380  0.253  0.086 -0.070 -0.219 -0.331 -0.252 -0.268 -0.367 -0.364 -0.384 -0.384 -0.334 -0.338 -0.146  0.020  0.168  0.261  0.158  0.047 -0.096 -0.364 -0.442 -0.554 -0.484
 -0.278 -0.236 -0.220 -0.095  0.145  0.150  0.165  0.136  0.117  0.142  0.149  0.127  0.140 -0.012  0.018 -0.100 -0.154 -0.256 -0.318 -0.243 -0.096  0.095  0.235  0.342  0.448  0.576  0.597  0.754  1.000  0.795  0.627  0.696  0.642  0.505  0.461  0.353  0.161  0.159  0.080  0.058  0.241  0.142  0.169  0.086 -0.032 -0.075 -0.063 -0.028  0.069  0.105  0.144  0.239  0.135 -0.011 -0.153 -0.267 -0.338 -0.269 -0.276 -0.344 -0.358 -0.382 -0.357 -0.297 -0.306 -0.128  0.018  0.115  0.192  0.103  0.015 -0.056 -0.273 -0.325 -0.413 -0.340
 -0.357 -0.306 -0.234 -0.098  0.180  0.211  0.210  0.180  0.166  0.187  0.194  0.156  0.133 -0.043  0.006 -0.156 -0.222 -0.343 -0.390 -0.316 -0.196  0.002  0.159  0.266  0.280  0.461  0.616  0.626  0.795  1.000  0.821  0.733  0.730  0.689  0.636  0.574  0.348  0.318  0.252  0.169  0.371  0.229  0.227  0.144  0.008 -0.044 -0.020  0.015  0.132  0.122  0.151  0.222  0.110 -0.043 -0.213 -0.330 -0.389 -0.291 -0.278 -0.362 -0.387 -0.419 -0.407 -0.331 -0.285 -0.087  0.068  0.192  0.269  0.195  0.061 -0.049 -0.350 -0.378 -0.526 -0.458
 -0.347 -0.292 -0.206 -0.090  0.167  0.203  0.222  0.184  0.162  0.189  0.196  0.143  0.136 -0.033  0.023 -0.156 -0.216 -0.330 -0.366 -0.308 -0.211 -0.048  0.115  0.235  0.200  0.306  0.567  0.653  0.627  0.821  1.000  0.826  0.708  0.734  0.766  0.703  0.512  0.437  0.370  0.243  0.415  0.254  0.224  0.158  0.013 -0.005  0.025  0.051  0.167  0.133  0.156  0.203  0.086 -0.049 -0.206 -0.305 -0.360 -0.264 -0.241 -0.325 -0.342 -0.379 -0.388 -0.315 -0.264 -0.080  0.058  0.194  0.279  0.215  0.071 -0.071 -0.416 -0.439 -0.600 -0.544
 -0.285 -0.235 -0.180 -0.074  0.151  0.158  0.170  0.128  0.115  0.153  0.185  0.135  0.152 -0.025  0.012 -0.137 -0.193 -0.284 -0.324 -0.287 -0.211 -0.083  0.046  0.158  0.166  0.259  0.420  0.577  0.696  0.733  0.826  1.000  0.856  0.721  0.710  0.539  0.290  0.234  0.142  0.093  0.284  0.147  0.146  0.095 -0.024 -0.025 -0.013  0.011  0.092  0.078  0.086  0.132  0.031 -0.092 -0.214 -0.288 -0.327 -0.255 -0.233 -0.296 -0.312 -0.338 -0.330 -0.268 -0.242 -0.095  0.034  0.122  0.186  0.104  0.004 -0.077 -0.341 -0.339 -0.442 -0.391
 -0.235 -0.189 -0.141 -0.044  0.157  0.161  0.140  0.107  0.102  0.138  0.182  0.150  0.152  0.001  0.055 -0.079 -0.146 -0.242 -0.300 -0.260 -0.185 -0.077  0.017  0.127  0.137  0.228  0.356  0.468  0.642  0.730  0.708  0.856  1.000  0.844  0.709  0.556  0.202  0.130  0.051  0.032  0.247  0.099  0.098  0.047 -0.060 -0.079 -0.078 -0.035  0.055  0.043  0.054  0.112  0.020 -0.102 -0.212 -0.290 -0.325 -0.261 -0.248 -0.301 -0.313 -0.323 -0.297 -0.236 -0.220 -0.085  0.033  0.091  0.152  0.083 -0.018 -0.080 -0.325 -0.295 -0.386 -0.335
 -0.227 -0.158 -0.111 -0.032  0.133  0.157  0.127  0.098  0.106  0.133  0.171  0.150  0.131  0.023  0.103 -0.051 -0.129 -0.239 -0.291 -0.257 -0.186 -0.093 -0.001  0.100  0.089  0.176  0.358  0.422  0.505  0.689  0.734  0.721  0.844  1.000  0.883  0.776  0.415  0.282  0.231  0.158  0.333  0.152  0.121  0.058 -0.060 -0.075 -0.072 -0.036  0.074  0.039  0.048  0.096 -0.009 -0.126 -0.228 -0.294 -0.329 -0.276 -0.256 -0.301 -0.304 -0.315 -0.282 -0.204 -0.192 -0.063  0.026  0.101  0.169  0.154  0.026 -0.065 -0.384 -0.346 -0.482 -0.419
 -0.253 -0.190 -0.142 -0.069  0.116  0.142  0.152  0.129  0.115  0.138  0.155  0.115  0.110 -0.005  0.071 -0.086 -0.154 -0.262 -0.294 -0.261 -0.192 -0.092  0.016  0.117  0.087  0.162  0.381  0.454  0.461  0.636  0.766  0.710  0.709  0.883  1.000  0.878  0.576  0.409  0.364  0.264  0.397  0.215  0.161  0.099 -0.034 -0.031 -0.015  0.004  0.121  0.063  0.076  0.118  0.007 -0.108 -0.216 -0.282 -0.321 -0.260 -0.239 -0.291 -0.297 -0.313 -0.299 -0.231 -0.207 -0.077  0.023  0.135  0.211  0.215  0.085 -0.037 -0.401 -0.399 -0.555 -0.497
 -0.254 -0.202 -0.162 -0.108  0.069  0.118  0.137  0.142  0.112  0.101  0.085  0.053  0.031 -0.048  0.042 -0.096 -0.159 -0.265 -0.282 -0.242 -0.176 -0.075  0.028  0.113  0.071  0.147  0.379  0.397  0.353  0.574  0.703  0.539  0.556  0.776  0.878  1.000  0.740  0.520  0.488  0.390  0.464  0.282  0.198  0.123 -0.010 -0.025 -0.002  0.014  0.146  0.084  0.097  0.121  0.020 -0.079 -0.188 -0.260 -0.298 -0.229 -0.210 -0.270 -0.282 -0.300 -0.299 -0.241 -0.207 -0.077  0.020  0.154  0.235  0.288  0.151  0.019 -0.343 -0.378 -0.580 -0.530
 -0.271 -0.229 -0.181 -0.124  0.032  0.103  0.142  0.150  0.120  0.099  0.059  0.021 -0.026 -0.101 -0.074 -0.196 -0.241 -0.307 -0.261 -0.247 -0.216 -0.105  0.034  0.071 -0.004  0.066  0.303  0.265  0.161  0.348  0.512  0.290  0.202  0.415  0.576  0.740  1.000  0.800  0.678  0.513  0.459  0.362  0.264  0.173  0.057  0.039  0.071  0.052  0.183  0.120  0.129  0.101  0.006 -0.038 -0.146 -0.192 -0.218 -0.139 -0.107 -0.171 -0.201 -0.241 -0.264 -0.212 -0.145 -0.021  0.056  0.206  0.250  0.297  0.190  0.062 -0.224 -0.340 -0.544 -0.489
 -0.349 -0.315 -0.227 -0.126  0.059  0.159  0.215  0.205  0.171  0.164  0.140  0.076  0.015 -0.101 -0.112 -0.256 -0.299 -0.363 -0.327 -0.311 -0.251 -0.073  0.110  0.140  0.053  0.138  0.370  0.281  0.159  0.318  0.437  0.234  0.130  0.282  0.409  0.520  0.800  1.000  0.784  0.464  0.505  0.424  0.363  0.258  0.131  0.082  0.138  0.130  0.257  0.210  0.199  0.169  0.044 -0.007 -0.160 -0.228 -0.262 -0.154 -0.114 -0.198 -0.246 -0.295 -0.340 -0.268 -0.181 -0.024  0.067  0.265  0.317  0.304  0.182  0.006 -0.222 -0.383 -0.543 -0.472
 -0.306 -0.269 -0.208 -0.112  0.047  0.141  0.181  0.165  0.149  0.135  0.105  0.053 -0.011 -0.112 -0.096 -0.224 -0.271 -0.318 -0.279 -0.252 -0.217 -0.079  0.060  0.070  0.006  0.100  0.288  0.200  0.080  0.252  0.370  0.142  0.051  0.231  0.364  0.488  0.678  0.784  1.000  0.622  0.589  0.515  0.366  0.242  0.093  0.052  0.131  0.111  0.227  0.163  0.139  0.103  0.017 -0.012 -0.145 -0.199 -0.214 -0.116 -0.081 -0.151 -0.208 -0.268 -0.295 -0.223 -0.167 -0.028  0.047  0.234  0.315  0.382  0.300  0.122 -0.124 -0.315 -0.519 -0.498
 -0.209 -0.185 -0.192 -0.120  0.012  0.083  0.139  0.148  0.063  0.027 -0.002 -0.018 -0.070 -0.133 -0.114 -0.164 -0.198 -0.238 -0.201 -0.203 -0.179 -0.075  0.006  0.032  0.010  0.045  0.155  0.125  0.058  0.169  0.243  0.093  0.032  0.158  0.264  0.390  0.513  0.464  0.622  1.000  0.715  0.576  0.358  0.211  0.067  0.005  0.055  0.057  0.164  0.114  0.065  0.041  0.000 -0.035 -0.150 -0.177 -0.191 -0.119 -0.075 -0.141 -0.158 -0.208 -0.225 -0.190 -0.159 -0.058  0.040  0.193  0.321  0.477  0.559  0.543  0.170 -0.084 -0.472 -0.544
 -0.346 -0.306 -0.265 -0.123  0.145  0.242  0.292  0.275  0.171  0.163  0.134  0.084  0.034 -0.110 -0.069 -0.184 -0.248 -0.332 -0.349 -0.299 -0.213 -0.033  0.103  0.173  0.125  0.172  0.348  0.316  0.241  0.371  0.415  0.284  0.247  0.333  0.397  0.464  0.459  0.505  0.589  0.715  1.000  0.765  0.552  0.367  0.125  0.006  0.095  0.128  0.282  0.230  0.171  0.176  0.074 -0.020 -0.189 -0.289 -0.334 -0.226 -0.187 -0.286 -0.318 -0.374 -0.390 -0.310 -0.273 -0.088  0.109  0.359  0.547  0.614  0.555  0.350 -0.138 -0.292 -0.612 -0.638
 -0.318 -0.280 -0.253 -0.107  0.147  0.234  0.323  0.278  0.197  0.194  0.155  0.094  0.044 -0.101 -0.116 -0.201 -0.274 -0.336 -0.325 -0.291 -0.247 -0.090  0.030  0.060  0.036  0.121  0.225  0.178  0.142  0.229  0.254  0.147  0.099  0.152  0.215  0.282  0.362  0.424  0.515  0.576  0.765  1.000  0.736  0.465  0.189 -0.014  0.070  0.114  0.275  0.247  0.150  0.091  0.011 -0.040 -0.189 -0.262 -0.269 -0.171 -0.128 -0.213 -0.269 -0.330 -0.347 -0.279 -0.246 -0.066  0.129  0.396  0.597  0.691  0.527  0.384 -0.040 -0.237 -0.492 -0.544
 -0.367 -0.312 -0.268 -0.096  0.189  0.269  0.353  0.312  0.214  0.226  0.193  0.124  0.082 -0.092 -0.112 -0.227 -0.300 -0.373 -0.402 -0.340 -0.252 -0.035  0.122  0.139  0.086  0.176  0.284  0.216  0.169  0.227  0.224  0.146  0.098  0.121  0.161  0.198  0.264  0.363  0.366  0.358  0.552  0.736  1.000  0.738  0.393  0.080  0.174  0.224  0.437  0.399  0.277  0.207  0.094  0.019 -0.186 -0.302 -0.330 -0.203 -0.160 -0.273 -0.321 -0.370 -0.380 -0.304 -0.262 -0.037  0.228  0.530  0.601  0.512  0.302  0.147 -0.127 -0.305 -0.476 -0.478
 -0.369 -0.322 -0.264 -0.110  0.155  0.239  0.304  0.276  0.156  0.164  0.128  0.058  0.011 -0.163 -0.172 -0.281 -0.327 -0.372 -0.380 -0.327 -0.259 -0.056  0.073  0.127  0.050  0.085  0.214  0.156  0.086  0.144  0.158  0.095  0.047  0.058  0.099  0.123  0.173  0.258  0.242  0.211  0.367  0.465  0.738  1.000  0.682  0.300  0.411  0.444  0.533  0.387  0.270  0.206  0.116  0.030 -0.176 -0.286 -0.309 -0.193 -0.151 -0.249 -0.267 -0.293 -0.329 -0.265 -0.207  0.001  0.282  0.570  0.512  0.371  0.185  0.010 -0.162 -0.273 -0.375 -0.375
 -0.292 -0.265 -0.232 -0.129  0.047  0.104  0.142  0.156  0.069  0.065  0.028 -0.015 -0.054 -0.166 -0.207 -0.272 -0.297 -0.321 -0.302 -0.264 -0.224 -0.071  0.021  0.066 -0.009  0.001  0.087  0.028 -0.032  0.008  0.013 -0.024 -0.060 -0.060 -0.034 -0.010  0.057  0.131  0.093  0.067  0.125  0.189  0.393  0.682  1.000  0.608  0.465  0.462  0.359  0.320  0.232  0.144  0.063  0.009 -0.148 -0.222 -0.253 -0.163 -0.113 -0.185 -0.168 -0.153 -0.210 -0.187 -0.118  0.052  0.232  0.359  0.266  0.125  0.022 -0.064 -0.079 -0.136 -0.157 -0.139
 -0.197 -0.191 -0.172 -0.142 -0.048 -0.015  0.031  0.046  0.002  0.011 -0.013 -0.059 -0.065 -0.146 -0.156 -0.195 -0.188 -0.195 -0.171 -0.151 -0.132 -0.064 -0.006  0.038 -0.035 -0.057  0.029 -0.003 -0.075 -0.044 -0.005 -0.025 -0.079 -0.075 -0.031 -0.025  0.039  0.082  0.052  0.005  0.006 -0.014  0.080  0.300  0.608  1.000  0.693  0.459  0.218  0.132  0.124  0.089  0.050 -0.001 -0.091 -0.139 -0.158 -0.118 -0.105 -0.134 -0.121 -0.091 -0.143 -0.153 -0.134 -0.074  0.038  0.121  0.063 -0.047 -0.067 -0.132 -0.081 -0.110 -0.051 -0.039
 -0.243 -0.237 -0.196 -0.175 -0.036 -0.001  0.053  0.050 -0.008  0.005 -0.006 -0.067 -0.073 -0.171 -0.158 -0.219 -0.212 -0.216 -0.192 -0.167 -0.148 -0.051  0.030  0.063 -0.026 -0.040  0.066  0.023 -0.063 -0.020  0.025 -0.013 -0.078 -0.072 -0.015 -0.002  0.071  0.138  0.131  0.055  0.095  0.070  0.174  0.411  0.465  0.693  1.000  0.676  0.402  0.171  0.128  0.129  0.091  0.039 -0.071 -0.137 -0.148 -0.089 -0.083 -0.120 -0.133 -0.122 -0.188 -0.185 -0.166 -0.125  0.014  0.158  0.126  0.018 -0.017 -0.129 -0.110 -0.155 -0.128 -0.117
 -0.267 -0.255 -0.205 -0.128  0.021  0.058  0.096  0.076  0.067  0.092  0.102  0.045  0.025 -0.088 -0.113 -0.177 -0.197 -0.248 -0.269 -0.238 -0.171 -0.030  0.076  0.134  0.019 -0.013  0.103  0.059 -0.028  0.015  0.051  0.011 -0.035 -0.036  0.004  0.014  0.052  0.130  0.111  0.057  0.128  0.114  0.224  0.444  0.462  0.459  0.676  1.000  0.666  0.369  0.205  0.209  0.114  0.029 -0.113 -0.198 -0.247 -0.174 -0.136 -0.200 -0.199 -0.189 -0.241 -0.226 -0.213 -0.114  0.003  0.137  0.157  0.073  0.011 -0.093 -0.124 -0.166 -0.182 -0.192
 -0.370 -0.332 -0.246 -0.151  0.070  0.134  0.189  0.163  0.115  0.131  0.122  0.055  0.009 -0.139 -0.128 -0.242 -0.277 -0.328 -0.313 -0.273 -0.187  0.033  0.206  0.239  0.102  0.088  0.234  0.173  0.069  0.132  0.167  0.092  0.055  0.074  0.121  0.146  0.183  0.257  0.227  0.164  0.282  0.275  0.437  0.533  0.359  0.218  0.402  0.666  1.000  0.658  0.406  0.344  0.199  0.141 -0.066 -0.177 -0.243 -0.105 -0.045 -0.166 -0.207 -0.272 -0.337 -0.305 -0.250 -0.091  0.081  0.274  0.302  0.223  0.108 -0.057 -0.182 -0.269 -0.378 -0.373
 -0.385 -0.384 -0.308 -0.208  0.029  0.114  0.150  0.161  0.115  0.113  0.084  0.016 -0.048 -0.202 -0.218 -0.275 -0.286 -0.340 -0.309 -0.225 -0.105  0.179  0.363  0.355  0.202  0.159  0.260  0.199  0.105  0.122  0.133  0.078  0.043  0.039  0.063  0.084  0.120  0.210  0.163  0.114  0.230  0.247  0.399  0.387  0.320  0.132  0.171  0.369  0.658  1.000  0.751  0.552  0.330  0.310  0.057 -0.093 -0.192 -0.006  0.056 -0.122 -0.173 -0.282 -0.383 -0.368 -0.276 -0.079  0.092  0.231  0.267  0.202  0.111 -0.031 -0.130 -0.234 -0.358 -0.340
 -0.405 -0.441 -0.339 -0.254  0.027  0.119  0.154  0.168  0.110  0.099  0.054 -0.022 -0.080 -0.256 -0.257 -0.295 -0.248 -0.291 -0.250 -0.109  0.037  0.357  0.514  0.502  0.314  0.211  0.311  0.262  0.144  0.151  0.156  0.086  0.054  0.048  0.076  0.097  0.129  0.199  0.139  0.065  0.171  0.150  0.277  0.270  0.232  0.124  0.128  0.205  0.406  0.751  1.000  0.790  0.595  0.557  0.259  0.037 -0.087  0.144  0.148 -0.065 -0.136 -0.289 -0.426 -0.435 -0.288 -0.099  0.107  0.231  0.252  0.168  0.097 -0.080 -0.164 -0.283 -0.418 -0.381
 -0.367 -0.416 -0.343 -0.267  0.019  0.101  0.145  0.168  0.114  0.109  0.071 -0.005 -0.024 -0.195 -0.166 -0.200 -0.138 -0.202 -0.209 -0.028  0.188  0.528  0.674  0.699  0.505  0.356  0.440  0.380  0.239  0.222  0.203  0.132  0.112  0.096  0.118  0.121  0.101  0.169  0.103  0.041  0.176  0.091  0.207  0.206  0.144  0.089  0.129  0.209  0.344  0.552  0.790  1.000  0.756  0.603  0.314  0.042 -0.123  0.069  0.006 -0.193 -0.236 -0.344 -0.446 -0.448 -0.350 -0.176  0.031  0.175  0.226  0.135  0.070 -0.111 -0.230 -0.357 -0.465 -0.411
 -0.298 -0.369 -0.312 -0.308 -0.066 -0.009  0.052  0.097  0.025  0.001 -0.051 -0.126 -0.133 -0.265 -0.193 -0.201 -0.092 -0.090 -0.054  0.133  0.300  0.576  0.568  0.580  0.418  0.255  0.288  0.253  0.135  0.110  0.086  0.031  0.020 -0.009  0.007  0.020  0.006  0.044  0.017  0.000  0.074  0.011  0.094  0.116  0.063  0.050  0.091  0.114  0.199  0.330  0.595  0.756  1.000  0.779  0.503  0.225  0.108  0.270  0.137 -0.034 -0.098 -0.222 -0.348 -0.390 -0.288 -0.206 -0.008  0.086  0.130  0.071  0.066 -0.091 -0.114 -0.263 -0.325 -0.288
 -0.254 -0.352 -0.315 -0.364 -0.177 -0.119 -0.047  0.020 -0.052 -0.089 -0.149 -0.234 -0.241 -0.355 -0.280 -0.232 -0.092 -0.023  0.081  0.283  0.399  0.625  0.527  0.423  0.299  0.138  0.112  0.086 -0.011 -0.043 -0.049 -0.092 -0.102 -0.126 -0.108 -0.079 -0.038 -0.007 -0.012 -0.035 -0.020 -0.040  0.019  0.030  0.009 -0.001  0.039  0.029  0.141  0.310  0.557  0.603  0.779  1.000  0.744  0.442  0.329  0.503  0.326  0.147  0.042 -0.125 -0.284 -0.352 -0.238 -0.227 -0.061 -0.004  0.026  0.005  0.041 -0.079  0.019 -0.141 -0.183 -0.170
 -0.064 -0.179 -0.197 -0.327 -0.266 -0.247 -0.204 -0.131 -0.157 -0.195 -0.244 -0.297 -0.268 -0.297 -0.207 -0.084  0.081  0.214  0.375  0.539  0.560  0.563  0.355  0.244  0.192 -0.007 -0.077 -0.070 -0.153 -0.213 -0.206 -0.214 -0.212 -0.228 -0.216 -0.188 -0.146 -0.160 -0.145 -0.150 -0.189 -0.189 -0.186 -0.176 -0.148 -0.091 -0.071 -0.113 -0.066  0.057  0.259  0.314  0.503  0.744  1.000  0.742  0.605  0.643  0.424  0.333  0.230  0.054 -0.095 -0.200 -0.120 -0.226 -0.173 -0.192 -0.174 -0.148 -0.063 -0.101  0.056 -0.010  0.057  0.056
  0.077 -0.004 -0.053 -0.229 -0.320 -0.324 -0.320 -0.240 -0.234 -0.268 -0.292 -0.304 -0.277 -0.219 -0.162 -0.024  0.114  0.289  0.521  0.515  0.419  0.305  0.133  0.018  0.008 -0.139 -0.233 -0.219 -0.267 -0.330 -0.305 -0.288 -0.290 -0.294 -0.282 -0.260 -0.192 -0.228 -0.199 -0.177 -0.289 -0.262 -0.302 -0.286 -0.222 -0.139 -0.137 -0.198 -0.177 -0.093  0.037  0.042  0.225  0.442  0.742  1.000  0.775  0.643  0.555  0.548  0.503  0.262  0.113 -0.013  0.037 -0.153 -0.226 -0.301 -0.327 -0.251 -0.127 -0.082  0.114  0.151  0.244  0.209
  0.122  0.036 -0.013 -0.221 -0.355 -0.382 -0.360 -0.296 -0.286 -0.330 -0.355 -0.373 -0.341 -0.260 -0.185 -0.051  0.078  0.315  0.566  0.567  0.352  0.184 -0.031 -0.159 -0.137 -0.234 -0.356 -0.331 -0.338 -0.389 -0.360 -0.327 -0.325 -0.329 -0.321 -0.298 -0.218 -0.262 -0.214 -0.191 -0.334 -0.269 -0.330 -0.309 -0.253 -0.158 -0.148 -0.247 -0.243 -0.192 -0.087 -0.123  0.108  0.329  0.605  0.775  1.000  0.815  0.633  0.686  0.518  0.328  0.187  0.055  0.107 -0.123 -0.211 -0.320 -0.360 -0.271 -0.119 -0.056  0.209  0.211  0.372  0.332
 -0.050 -0.141 -0.116 -0.274 -0.306 -0.300 -0.261 -0.214 -0.230 -0.277 -0.310 -0.359 -0.364 -0.362 -0.301 -0.212 -0.083  0.136  0.363  0.422  0.248  0.226  0.070 -0.061 -0.095 -0.179 -0.258 -0.252 -0.269 -0.291 -0.264 -0.255 -0.261 -0.276 -0.260 -0.229 -0.139 -0.154 -0.116 -0.119 -0.226 -0.171 -0.203 -0.193 -0.163 -0.118 -0.089 -0.174 -0.105 -0.006  0.144  0.069  0.270  0.503  0.643  0.643  0.815  1.000  0.803  0.675  0.438  0.225  0.048 -0.072  0.041 -0.127 -0.133 -0.207 -0.226 -0.168 -0.038 -0.045  0.184  0.121  0.216  0.183
 -0.072 -0.110 -0.063 -0.194 -0.267 -0.253 -0.243 -0.205 -0.207 -0.247 -0.261 -0.292 -0.326 -0.309 -0.295 -0.256 -0.165  0.031  0.243  0.252  0.062  0.052 -0.019 -0.122 -0.172 -0.222 -0.267 -0.268 -0.276 -0.278 -0.241 -0.233 -0.248 -0.256 -0.239 -0.210 -0.107 -0.114 -0.081 -0.075 -0.187 -0.128 -0.160 -0.151 -0.113 -0.105 -0.083 -0.136 -0.045  0.056  0.148  0.006  0.137  0.326  0.424  0.555  0.633  0.803  1.000  0.779  0.600  0.311  0.122 -0.002  0.114 -0.050 -0.094 -0.173 -0.212 -0.139 -0.022 -0.020  0.169  0.152  0.202  0.158
  0.069  0.039  0.035 -0.139 -0.302 -0.318 -0.334 -0.289 -0.268 -0.306 -0.310 -0.313 -0.324 -0.245 -0.232 -0.167 -0.092  0.124  0.339  0.304  0.068 -0.038 -0.149 -0.257 -0.259 -0.289 -0.378 -0.367 -0.344 -0.362 -0.325 -0.296 -0.301 -0.301 -0.291 -0.270 -0.171 -0.198 -0.151 -0.141 -0.286 -0.213 -0.273 -0.249 -0.185 -0.134 -0.120 -0.200 -0.166 -0.122 -0.065 -0.193 -0.034  0.147  0.333  0.548  0.686  0.675  0.779  1.000  0.761  0.464  0.280  0.140  0.217 -0.012 -0.137 -0.264 -0.329 -0.247 -0.109 -0.044  0.200  0.256  0.376  0.323
  0.175  0.180  0.152 -0.057 -0.290 -0.332 -0.370 -0.310 -0.286 -0.329 -0.335 -0.300 -0.297 -0.154 -0.130 -0.055 -0.004  0.151  0.318  0.239  0.045 -0.088 -0.190 -0.260 -0.257 -0.306 -0.382 -0.364 -0.358 -0.387 -0.342 -0.312 -0.313 -0.304 -0.297 -0.282 -0.201 -0.246 -0.208 -0.158 -0.318 -0.269 -0.321 -0.267 -0.168 -0.121 -0.133 -0.199 -0.207 -0.173 -0.136 -0.236 -0.098  0.042  0.230  0.503  0.518  0.438  0.600  0.761  1.000  0.716  0.471  0.286  0.355  0.062 -0.109 -0.266 -0.368 -0.276 -0.133 -0.039  0.188  0.290  0.397  0.344
  0.370  0.353  0.266  0.019 -0.297 -0.369 -0.365 -0.290 -0.281 -0.328 -0.359 -0.308 -0.275 -0.061 -0.014  0.103  0.114  0.217  0.288  0.164  0.007 -0.168 -0.277 -0.323 -0.282 -0.323 -0.406 -0.384 -0.382 -0.419 -0.379 -0.338 -0.323 -0.315 -0.313 -0.300 -0.241 -0.295 -0.268 -0.208 -0.374 -0.330 -0.370 -0.293 -0.153 -0.091 -0.122 -0.189 -0.272 -0.282 -0.289 -0.344 -0.222 -0.125  0.054  0.262  0.328  0.225  0.311  0.464  0.716  1.000  0.720  0.460  0.458  0.114 -0.114 -0.291 -0.402 -0.320 -0.186 -0.061  0.198  0.305  0.482  0.459
  0.560  0.575  0.426  0.178 -0.245 -0.348 -0.364 -0.305 -0.277 -0.317 -0.322 -0.238 -0.186  0.092  0.152  0.308  0.274  0.317  0.262  0.106  0.001 -0.230 -0.348 -0.374 -0.288 -0.317 -0.417 -0.384 -0.357 -0.407 -0.388 -0.330 -0.297 -0.282 -0.299 -0.299 -0.264 -0.340 -0.295 -0.225 -0.390 -0.347 -0.380 -0.329 -0.210 -0.143 -0.188 -0.241 -0.337 -0.383 -0.426 -0.446 -0.348 -0.284 -0.095  0.113  0.187  0.048  0.122  0.280  0.471  0.720  1.000  0.769  0.542  0.201 -0.104 -0.289 -0.421 -0.328 -0.204 -0.026  0.218  0.332  0.511  0.470
  0.471  0.598  0.480  0.358 -0.097 -0.215 -0.289 -0.268 -0.255 -0.274 -0.238 -0.119 -0.081  0.203  0.227  0.284  0.200  0.214  0.156 -0.008 -0.096 -0.294 -0.373 -0.385 -0.296 -0.282 -0.357 -0.334 -0.297 -0.331 -0.315 -0.268 -0.236 -0.204 -0.231 -0.241 -0.212 -0.268 -0.223 -0.190 -0.310 -0.279 -0.304 -0.265 -0.187 -0.153 -0.185 -0.226 -0.305 -0.368 -0.435 -0.448 -0.390 -0.352 -0.200 -0.013  0.055 -0.072 -0.002  0.140  0.286  0.460  0.769  1.000  0.715  0.381  0.027 -0.187 -0.343 -0.271 -0.180 -0.026  0.166  0.277  0.439  0.411
  0.232  0.306  0.383  0.358  0.010 -0.086 -0.217 -0.230 -0.254 -0.267 -0.209 -0.099 -0.115  0.071  0.041  0.006  0.015  0.055  0.114 -0.019 -0.151 -0.303 -0.345 -0.353 -0.342 -0.321 -0.341 -0.338 -0.306 -0.285 -0.264 -0.242 -0.220 -0.192 -0.207 -0.207 -0.145 -0.181 -0.167 -0.159 -0.273 -0.246 -0.262 -0.207 -0.118 -0.134 -0.166 -0.213 -0.250 -0.276 -0.288 -0.350 -0.288 -0.238 -0.120  0.037  0.107  0.041  0.114  0.217  0.355  0.458  0.542  0.715  1.000  0.613  0.248 -0.059 -0.251 -0.214 -0.143 -0.036  0.139  0.251  0.374  0.357
 -0.003  0.087  0.237  0.488  0.281  0.255  0.056  0.004 -0.061 -0.052  0.006  0.108  0.030  0.108  0.013 -0.085 -0.104 -0.130 -0.097 -0.190 -0.252 -0.289 -0.253 -0.201 -0.214 -0.181 -0.131 -0.146 -0.128 -0.087 -0.080 -0.095 -0.085 -0.063 -0.077 -0.077 -0.021 -0.024 -0.028 -0.058 -0.088 -0.066 -0.037  0.001  0.052 -0.074 -0.125 -0.114 -0.091 -0.079 -0.099 -0.176 -0.206 -0.227 -0.226 -0.153 -0.123 -0.127 -0.050 -0.012  0.062  0.114  0.201  0.381  0.613  1.000  0.620  0.220  0.017 -0.026 -0.048 -0.020  0.009  0.104  0.092  0.086
 -0.213 -0.128  0.033  0.299  0.466  0.418  0.244  0.178  0.026  0.029  0.053  0.105  0.052 -0.040 -0.074 -0.208 -0.241 -0.270 -0.255 -0.233 -0.249 -0.164 -0.105 -0.042 -0.087 -0.059  0.038  0.020  0.018  0.068  0.058  0.034  0.033  0.026  0.023  0.020  0.056  0.067  0.047  0.040  0.109  0.129  0.228  0.282  0.232  0.038  0.014  0.003  0.081  0.092  0.107  0.031 -0.008 -0.061 -0.173 -0.226 -0.211 -0.133 -0.094 -0.137 -0.109 -0.114 -0.104  0.027  0.248  0.620  1.000  0.594  0.364  0.200  0.095  0.010 -0.066 -0.081 -0.147 -0.138
 -0.356 -0.291 -0.196  0.041  0.373  0.486  0.494  0.445  0.238  0.242  0.193  0.142  0.076 -0.119 -0.152 -0.270 -0.326 -0.385 -0.382 -0.326 -0.270 -0.088  0.037  0.111  0.039  0.063  0.211  0.168  0.115  0.192  0.194  0.122  0.091  0.101  0.135  0.154  0.206  0.265  0.234  0.193  0.359  0.396  0.530  0.570  0.359  0.121  0.158  0.137  0.274  0.231  0.231  0.175  0.086 -0.004 -0.192 -0.301 -0.320 -0.207 -0.173 -0.264 -0.266 -0.291 -0.289 -0.187 -0.059  0.220  0.594  1.000  0.741  0.460  0.226  0.009 -0.202 -0.270 -0.412 -0.387
 -0.404 -0.348 -0.261 -0.012  0.418  0.528  0.607  0.509  0.313  0.336  0.290  0.218  0.173 -0.062 -0.085 -0.211 -0.283 -0.386 -0.414 -0.323 -0.226 -0.018  0.106  0.181  0.121  0.147  0.292  0.261  0.192  0.269  0.279  0.186  0.152  0.169  0.211  0.235  0.250  0.317  0.315  0.321  0.547  0.597  0.601  0.512  0.266  0.063  0.126  0.157  0.302  0.267  0.252  0.226  0.130  0.026 -0.174 -0.327 -0.360 -0.226 -0.212 -0.329 -0.368 -0.402 -0.421 -0.343 -0.251  0.017  0.364  0.741  1.000  0.702  0.409  0.138 -0.224 -0.341 -0.556 -0.543
 -0.308 -0.278 -0.229 -0.054  0.228  0.336  0.395  0.336  0.215  0.215  0.190  0.145  0.069 -0.074 -0.094 -0.169 -0.226 -0.300 -0.300 -0.243 -0.183 -0.031  0.050  0.099  0.062  0.084  0.187  0.158  0.103  0.195  0.215  0.104  0.083  0.154  0.215  0.288  0.297  0.304  0.382  0.477  0.614  0.691  0.512  0.371  0.125 -0.047  0.018  0.073  0.223  0.202  0.168  0.135  0.071  0.005 -0.148 -0.251 -0.271 -0.168 -0.139 -0.247 -0.276 -0.320 -0.328 -0.271 -0.214 -0.026  0.200  0.460  0.702  1.000  0.741  0.466 -0.011 -0.204 -0.517 -0.563
 -0.201 -0.203 -0.184 -0.080  0.071  0.138  0.165  0.120  0.040  0.023  0.017 -0.000 -0.064 -0.141 -0.133 -0.151 -0.176 -0.191 -0.164 -0.128 -0.117 -0.008  0.021  0.034  0.025  0.020  0.058  0.047  0.015  0.061  0.071  0.004 -0.018  0.026  0.085  0.151  0.190  0.182  0.300  0.559  0.555  0.527  0.302  0.185  0.022 -0.067 -0.017  0.011  0.108  0.111  0.097  0.070  0.066  0.041 -0.063 -0.127 -0.119 -0.038 -0.022 -0.109 -0.133 -0.186 -0.204 -0.180 -0.143 -0.048  0.095  0.226  0.409  0.741  1.000  0.734  0.257  0.029 -0.354 -0.457
 -0.014 -0.026 -0.060 -0.022 -0.027 -0.016 -0.028 -0.050 -0.066 -0.090 -0.066 -0.034 -0.086 -0.064 -0.091 -0.042 -0.056 -0.058 -0.036 -0.065 -0.090 -0.083 -0.100 -0.115 -0.071 -0.052 -0.098 -0.096 -0.056 -0.049 -0.071 -0.077 -0.080 -0.065 -0.037  0.019  0.062  0.006  0.122  0.543  0.350  0.384  0.147  0.010 -0.064 -0.132 -0.129 -0.093 -0.057 -0.031 -0.080 -0.111 -0.091 -0.079 -0.101 -0.082 -0.056 -0.045 -0.020 -0.044 -0.039 -0.061 -0.026 -0.026 -0.036 -0.020  0.010  0.009  0.138  0.466  0.734  1.000  0.574  0.316 -0.131 -0.297
  0.182  0.143  0.056 -0.046 -0.225 -0.278 -0.281 -0.237 -0.253 -0.307 -0.284 -0.248 -0.258 -0.138 -0.139 -0.032  0.010  0.110  0.170  0.143  0.036 -0.042 -0.160 -0.274 -0.192 -0.168 -0.358 -0.364 -0.273 -0.350 -0.416 -0.341 -0.325 -0.384 -0.401 -0.343 -0.224 -0.222 -0.124  0.170 -0.138 -0.040 -0.127 -0.162 -0.079 -0.081 -0.110 -0.124 -0.182 -0.130 -0.164 -0.230 -0.114  0.019  0.056  0.114  0.209  0.184  0.169  0.200  0.188  0.198  0.218  0.166  0.139  0.009 -0.066 -0.202 -0.224 -0.011  0.257  0.574  1.000  0.525  0.315  0.151
  0.252  0.194  0.122  0.076 -0.172 -0.220 -0.341 -0.286 -0.257 -0.292 -0.239 -0.150 -0.196 -0.032 -0.113  0.052  0.089  0.189  0.276  0.149 -0.000 -0.175 -0.290 -0.358 -0.268 -0.278 -0.454 -0.442 -0.325 -0.378 -0.439 -0.339 -0.295 -0.346 -0.399 -0.378 -0.340 -0.383 -0.315 -0.084 -0.292 -0.237 -0.305 -0.273 -0.136 -0.110 -0.155 -0.166 -0.269 -0.234 -0.283 -0.357 -0.263 -0.141 -0.010  0.151  0.211  0.121  0.152  0.256  0.290  0.305  0.332  0.277  0.251  0.104 -0.081 -0.270 -0.341 -0.204  0.029  0.316  0.525  1.000  0.537  0.274
  0.415  0.354  0.288  0.091 -0.257 -0.378 -0.467 -0.453 -0.381 -0.406 -0.337 -0.245 -0.203  0.011 -0.030  0.112  0.157  0.328  0.388  0.278  0.078 -0.178 -0.344 -0.450 -0.349 -0.335 -0.570 -0.554 -0.413 -0.526 -0.600 -0.442 -0.386 -0.482 -0.555 -0.580 -0.544 -0.543 -0.519 -0.472 -0.612 -0.492 -0.476 -0.375 -0.157 -0.051 -0.128 -0.182 -0.378 -0.358 -0.418 -0.465 -0.325 -0.183  0.057  0.244  0.372  0.216  0.202  0.376  0.397  0.482  0.511  0.439  0.374  0.092 -0.147 -0.412 -0.556 -0.517 -0.354 -0.131  0.315  0.537  1.000  0.792
