  1.000  0.733  0.434  0.154 -0.166 -0.259 -0.317 -0.258 -0.177 -0.208 -0.190 -0.173 -0.073  0.136  0.250  0.578  0.554  0.496  0.293  0.167  0.159 -0.054 -0.231 -0.252 -0.146 -0.236 -0.325 -0.301 -0.315 -0.364 -0.350 -0.359 -0.333 -0.308 -0.300 -0.285 -0.260 -0.267 -0.236 -0.254 -0.321 -0.282 -0.301 -0.273 -0.197 -0.103 -0.114 -0.176 -0.261 -0.332 -0.348 -0.298 -0.181 -0.145 -0.016  0.099  0.082 -0.064 -0.070  0.055  0.160  0.276  0.514  0.383  0.108 -0.012 -0.201 -0.261 -0.329 -0.293 -0.261 -0.147  0.077  0.285  0.354  0.382
  0.733  1.000  0.707  0.355 -0.017 -0.146 -0.278 -0.254 -0.192 -0.203 -0.148 -0.068  0.031  0.255  0.441  0.594  0.451  0.350  0.172  0.041  0.010 -0.197 -0.316 -0.328 -0.246 -0.268 -0.315 -0.297 -0.300 -0.326 -0.309 -0.316 -0.304 -0.249 -0.255 -0.245 -0.242 -0.271 -0.238 -0.240 -0.319 -0.291 -0.285 -0.248 -0.209 -0.132 -0.138 -0.172 -0.254 -0.322 -0.381 -0.361 -0.289 -0.282 -0.164 -0.026 -0.028 -0.160 -0.119  0.013  0.147  0.242  0.547  0.560  0.253  0.130 -0.091 -0.186 -0.286 -0.274 -0.246 -0.128  0.058  0.262  0.348  0.368
  0.434  0.707  1.000  0.598  0.141 -0.022 -0.196 -0.218 -0.189 -0.193 -0.072  0.042  0.134  0.328  0.467  0.382  0.332  0.218  0.060 -0.048 -0.074 -0.233 -0.295 -0.293 -0.240 -0.237 -0.257 -0.211 -0.193 -0.251 -0.228 -0.186 -0.196 -0.186 -0.222 -0.224 -0.210 -0.236 -0.200 -0.198 -0.280 -0.264 -0.253 -0.208 -0.202 -0.132 -0.118 -0.156 -0.223 -0.257 -0.283 -0.278 -0.243 -0.261 -0.191 -0.062 -0.060 -0.135 -0.056  0.030  0.137  0.164  0.392  0.476  0.344  0.268  0.052 -0.130 -0.228 -0.245 -0.222 -0.137  0.030  0.176  0.276  0.277
  0.154  0.355  0.598  1.000  0.543  0.328  0.035 -0.083 -0.119 -0.064  0.181  0.351  0.375  0.452  0.310  0.171  0.123  0.014 -0.097 -0.192 -0.218 -0.307 -0.290 -0.269 -0.264 -0.235 -0.226 -0.192 -0.122 -0.148 -0.161 -0.105 -0.073 -0.096 -0.173 -0.198 -0.186 -0.194 -0.185 -0.177 -0.224 -0.201 -0.163 -0.148 -0.163 -0.125 -0.126 -0.131 -0.160 -0.175 -0.202 -0.229 -0.242 -0.285 -0.264 -0.200 -0.174 -0.200 -0.120 -0.089 -0.036 -0.005  0.171  0.353  0.408  0.515  0.306  0.027 -0.079 -0.142 -0.160 -0.118  0.041  0.100  0.201  0.187
 -0.166 -0.017  0.141  0.543  1.000  0.724  0.425  0.252  0.085  0.151  0.296  0.468  0.489  0.318  0.121 -0.038 -0.120 -0.205 -0.254 -0.276 -0.280 -0.248 -0.181 -0.103 -0.139 -0.103 -0.045 -0.041  0.023  0.058 -0.002  0.023  0.057  0.048  0.009 -0.013 -0.031 -0.016 -0.017  0.015  0.048  0.086  0.105  0.073  0.003 -0.047 -0.051 -0.039 -0.008 -0.042 -0.040 -0.083 -0.117 -0.189 -0.256 -0.288 -0.274 -0.223 -0.181 -0.229 -0.232 -0.182 -0.154 -0.020  0.129  0.319  0.452  0.312  0.322  0.199  0.081  0.040 -0.060 -0.101 -0.087 -0.102
 -0.259 -0.146 -0.022  0.328  0.724  1.000  0.673  0.500  0.324  0.401  0.461  0.588  0.439  0.222 -0.027 -0.108 -0.193 -0.303 -0.330 -0.355 -0.328 -0.252 -0.147 -0.067 -0.116 -0.074 -0.007 -0.036  0.021  0.098  0.041  0.033  0.085  0.115  0.069  0.062  0.039  0.044  0.035  0.109  0.148  0.167  0.171  0.142  0.050 -0.030 -0.053 -0.019  0.031  0.020  0.027 -0.052 -0.118 -0.201 -0.293 -0.321 -0.330 -0.264 -0.200 -0.273 -0.280 -0.236 -0.222 -0.108  0.044  0.304  0.387  0.404  0.415  0.326  0.193  0.113 -0.087 -0.178 -0.192 -0.219
 -0.317 -0.278 -0.196  0.035  0.425  0.673  1.000  0.782  0.519  0.645  0.483  0.365  0.286  0.074 -0.079 -0.164 -0.234 -0.323 -0.304 -0.291 -0.245 -0.130 -0.036  0.025 -0.027 -0.014  0.060  0.037  0.033  0.103  0.070  0.041  0.057  0.078  0.109  0.115  0.093  0.129  0.137  0.224  0.313  0.345  0.289  0.232  0.093 -0.003  0.009  0.029  0.121  0.088  0.091  0.030 -0.019 -0.072 -0.189 -0.264 -0.287 -0.195 -0.158 -0.254 -0.303 -0.260 -0.289 -0.261 -0.176  0.016  0.189  0.442  0.591  0.508  0.359  0.266 -0.104 -0.166 -0.373 -0.409
 -0.258 -0.254 -0.218 -0.083  0.252  0.500  0.782  1.000  0.730  0.655  0.268  0.159  0.074 -0.073 -0.166 -0.149 -0.185 -0.271 -0.275 -0.256 -0.195 -0.106 -0.027  0.019 -0.022 -0.008  0.059 -0.005 -0.012  0.105  0.063  0.012  0.051  0.108  0.134  0.164  0.131  0.134  0.129  0.225  0.303  0.326  0.266  0.225  0.082 -0.032 -0.019  0.022  0.114  0.078  0.081  0.005 -0.038 -0.085 -0.168 -0.234 -0.259 -0.195 -0.168 -0.242 -0.287 -0.237 -0.247 -0.246 -0.204 -0.015  0.141  0.440  0.539  0.514  0.358  0.274 -0.096 -0.164 -0.356 -0.352
 -0.177 -0.192 -0.189 -0.119  0.085  0.324  0.519  0.730  1.000  0.802  0.273  0.174  0.062 -0.059 -0.136 -0.090 -0.128 -0.207 -0.212 -0.202 -0.153 -0.087 -0.027  0.012 -0.023 -0.015  0.030 -0.045 -0.062  0.042  0.010 -0.026  0.035  0.081  0.073  0.098  0.067  0.065  0.070  0.132  0.167  0.181  0.134  0.108  0.028 -0.031 -0.030  0.018  0.078  0.065  0.060  0.003 -0.035 -0.071 -0.137 -0.166 -0.205 -0.162 -0.117 -0.178 -0.192 -0.147 -0.178 -0.186 -0.165 -0.050  0.015  0.209  0.264  0.278  0.182  0.147 -0.083 -0.151 -0.265 -0.237
 -0.208 -0.203 -0.193 -0.064  0.151  0.401  0.645  0.655  0.802  1.000  0.565  0.390  0.256  0.090 -0.065 -0.075 -0.148 -0.245 -0.238 -0.231 -0.182 -0.098 -0.014  0.025 -0.013 -0.006  0.032 -0.013 -0.020  0.038  0.003 -0.004  0.050  0.061  0.044  0.032  0.011  0.041  0.043  0.093  0.142  0.162  0.124  0.091  0.029 -0.010 -0.011  0.039  0.094  0.072  0.076  0.026 -0.027 -0.058 -0.150 -0.185 -0.239 -0.188 -0.142 -0.215 -0.225 -0.180 -0.202 -0.215 -0.189 -0.068 -0.014  0.186  0.278  0.280  0.178  0.142 -0.076 -0.137 -0.291 -0.287
 -0.190 -0.148 -0.072  0.181  0.296  0.461  0.483  0.268  0.273  0.565  1.000  0.763  0.571  0.330  0.072 -0.037 -0.122 -0.188 -0.169 -0.170 -0.173 -0.120 -0.048 -0.026 -0.059 -0.061 -0.081 -0.027  0.046 -0.012 -0.057  0.052  0.089 -0.052 -0.134 -0.204 -0.177 -0.082 -0.067 -0.069 -0.038  0.010 -0.001 -0.019 -0.040 -0.042 -0.030  0.005  0.027  0.016  0.039  0.022  0.001 -0.001 -0.103 -0.130 -0.159 -0.105 -0.055 -0.136 -0.167 -0.209 -0.176 -0.126 -0.033  0.050  0.044  0.044  0.100  0.094  0.032 -0.008  0.078 -0.015 -0.123 -0.201
 -0.173 -0.068  0.042  0.351  0.468  0.588  0.365  0.159  0.174  0.390  0.763  1.000  0.734  0.444  0.083 -0.011 -0.115 -0.212 -0.241 -0.275 -0.250 -0.190 -0.084 -0.039 -0.057 -0.032 -0.047 -0.030  0.065  0.021 -0.045  0.027  0.093  0.023 -0.076 -0.147 -0.141 -0.094 -0.091 -0.085 -0.075 -0.042 -0.022 -0.038 -0.030 -0.040 -0.068 -0.022 -0.024 -0.003  0.010 -0.008 -0.067 -0.130 -0.214 -0.219 -0.255 -0.211 -0.151 -0.202 -0.207 -0.204 -0.167 -0.052  0.046  0.186  0.136  0.057  0.073  0.034 -0.037 -0.067 -0.021 -0.107 -0.030 -0.071
 -0.073  0.031  0.134  0.375  0.489  0.439  0.286  0.074  0.062  0.256  0.571  0.734  1.000  0.694  0.311  0.128  0.018 -0.092 -0.149 -0.210 -0.185 -0.182 -0.110 -0.051 -0.047 -0.041 -0.056 -0.018  0.041 -0.028 -0.107 -0.005  0.042 -0.029 -0.123 -0.211 -0.223 -0.144 -0.144 -0.169 -0.142 -0.089 -0.075 -0.084 -0.060 -0.023 -0.012  0.020 -0.025 -0.074 -0.077 -0.046 -0.097 -0.158 -0.206 -0.194 -0.226 -0.227 -0.187 -0.205 -0.198 -0.175 -0.112 -0.019 -0.001  0.068  0.029 -0.031  0.017 -0.039 -0.110 -0.096 -0.034 -0.013  0.009  0.004
  0.136  0.255  0.328  0.452  0.318  0.222  0.074 -0.073 -0.059  0.090  0.330  0.444  0.694  1.000  0.554  0.328  0.198  0.071 -0.042 -0.146 -0.151 -0.237 -0.199 -0.123 -0.124 -0.134 -0.118 -0.071 -0.038 -0.111 -0.147 -0.077 -0.053 -0.088 -0.151 -0.212 -0.212 -0.162 -0.155 -0.202 -0.216 -0.185 -0.171 -0.169 -0.122 -0.029 -0.037 -0.034 -0.114 -0.158 -0.175 -0.143 -0.175 -0.248 -0.244 -0.178 -0.177 -0.236 -0.181 -0.146 -0.108 -0.064  0.072  0.172  0.107  0.119 -0.018 -0.119 -0.134 -0.159 -0.207 -0.168 -0.050  0.025  0.129  0.142
  0.250  0.441  0.467  0.310  0.121 -0.027 -0.079 -0.166 -0.136 -0.065  0.072  0.083  0.311  0.554  1.000  0.544  0.357  0.214  0.086 -0.029 -0.096 -0.241 -0.258 -0.193 -0.204 -0.154 -0.112 -0.100 -0.111 -0.106 -0.105 -0.082 -0.139 -0.096 -0.116 -0.135 -0.143 -0.138 -0.115 -0.116 -0.151 -0.150 -0.147 -0.146 -0.198 -0.052  0.023 -0.033 -0.137 -0.225 -0.280 -0.227 -0.211 -0.271 -0.222 -0.097 -0.063 -0.158 -0.099 -0.014  0.072  0.069  0.253  0.344  0.198  0.061 -0.075 -0.096 -0.142 -0.152 -0.151 -0.080 -0.053  0.088  0.084  0.099
  0.578  0.594  0.382  0.171 -0.038 -0.108 -0.164 -0.149 -0.090 -0.075 -0.037 -0.011  0.128  0.328  0.544  1.000  0.741  0.455  0.239  0.119  0.160 -0.033 -0.184 -0.178 -0.107 -0.160 -0.237 -0.282 -0.280 -0.291 -0.360 -0.361 -0.287 -0.266 -0.317 -0.290 -0.295 -0.280 -0.249 -0.240 -0.279 -0.231 -0.225 -0.225 -0.163 -0.076 -0.072 -0.061 -0.159 -0.216 -0.251 -0.215 -0.152 -0.145 -0.027  0.056  0.010 -0.116 -0.142 -0.065  0.015  0.103  0.353  0.303  0.035 -0.029 -0.189 -0.200 -0.245 -0.216 -0.221 -0.128  0.020  0.155  0.216  0.265
  0.554  0.451  0.332  0.123 -0.120 -0.193 -0.234 -0.185 -0.128 -0.148 -0.122 -0.115  0.018  0.198  0.357  0.741  1.000  0.731  0.406  0.272  0.369  0.129 -0.068 -0.077  0.020 -0.092 -0.217 -0.225 -0.238 -0.312 -0.376 -0.367 -0.326 -0.322 -0.354 -0.328 -0.323 -0.310 -0.274 -0.287 -0.326 -0.287 -0.271 -0.245 -0.183 -0.068 -0.038 -0.049 -0.152 -0.214 -0.212 -0.135 -0.040 -0.010  0.129  0.184  0.144 -0.006 -0.072  0.002  0.054  0.093  0.299  0.225 -0.005 -0.060 -0.229 -0.273 -0.312 -0.285 -0.266 -0.187  0.007  0.144  0.210  0.282
  0.496  0.350  0.218  0.014 -0.205 -0.303 -0.323 -0.271 -0.207 -0.245 -0.188 -0.212 -0.092  0.071  0.214  0.455  0.731  1.000  0.675  0.521  0.510  0.199 -0.052 -0.088  0.035 -0.118 -0.264 -0.214 -0.241 -0.339 -0.367 -0.344 -0.339 -0.360 -0.372 -0.358 -0.334 -0.303 -0.271 -0.317 -0.354 -0.310 -0.300 -0.283 -0.217 -0.083 -0.057 -0.102 -0.192 -0.262 -0.242 -0.146 -0.009  0.062  0.251  0.324  0.343  0.177  0.087  0.167  0.154  0.110  0.262  0.180 -0.015 -0.118 -0.246 -0.328 -0.365 -0.346 -0.301 -0.225  0.029  0.219  0.276  0.317
  0.293  0.172  0.060 -0.097 -0.254 -0.330 -0.304 -0.275 -0.212 -0.238 -0.169 -0.241 -0.149 -0.042  0.086  0.239  0.406  0.675  1.000  0.676  0.472  0.192 -0.030 -0.109 -0.046 -0.169 -0.279 -0.207 -0.234 -0.321 -0.300 -0.276 -0.297 -0.325 -0.309 -0.321 -0.289 -0.246 -0.198 -0.239 -0.282 -0.239 -0.249 -0.262 -0.234 -0.136 -0.114 -0.193 -0.216 -0.215 -0.163 -0.120  0.046  0.195  0.414  0.523  0.569  0.403  0.273  0.336  0.274  0.111  0.159  0.081 -0.013 -0.129 -0.222 -0.304 -0.327 -0.287 -0.220 -0.156  0.096  0.223  0.227  0.227
  0.167  0.041 -0.048 -0.192 -0.276 -0.355 -0.291 -0.256 -0.202 -0.231 -0.170 -0.275 -0.210 -0.146 -0.029  0.119  0.272  0.521  0.676  1.000  0.722  0.422  0.152  0.057  0.128 -0.025 -0.166 -0.098 -0.131 -0.239 -0.233 -0.220 -0.265 -0.311 -0.288 -0.292 -0.237 -0.179 -0.155 -0.207 -0.238 -0.196 -0.191 -0.220 -0.190 -0.111 -0.094 -0.132 -0.149 -0.132 -0.046  0.030  0.186  0.343  0.546  0.512  0.555  0.433  0.291  0.320  0.218  0.037  0.030 -0.054 -0.116 -0.193 -0.213 -0.282 -0.266 -0.241 -0.186 -0.158  0.071  0.143  0.152  0.136
  0.159  0.010 -0.074 -0.218 -0.280 -0.328 -0.245 -0.195 -0.153 -0.182 -0.173 -0.250 -0.185 -0.151 -0.096  0.160  0.369  0.510  0.472  0.722  1.000  0.720  0.395  0.292  0.369  0.152 -0.028  0.010 -0.051 -0.187 -0.221 -0.227 -0.248 -0.295 -0.270 -0.253 -0.212 -0.166 -0.147 -0.187 -0.193 -0.153 -0.131 -0.149 -0.097 -0.047 -0.044 -0.013 -0.035 -0.004  0.098  0.220  0.328  0.448  0.573  0.437  0.375  0.291  0.132  0.121  0.058 -0.040 -0.049 -0.134 -0.226 -0.251 -0.243 -0.266 -0.217 -0.180 -0.153 -0.143 -0.006  0.014  0.022  0.061
 -0.054 -0.197 -0.233 -0.307 -0.248 -0.252 -0.130 -0.106 -0.087 -0.098 -0.120 -0.190 -0.182 -0.237 -0.241 -0.033  0.129  0.199  0.192  0.422  0.720  1.000  0.720  0.583  0.594  0.400  0.207  0.174  0.089 -0.028 -0.073 -0.108 -0.133 -0.187 -0.146 -0.115 -0.071 -0.012 -0.015 -0.041 -0.021 -0.003  0.017 -0.028  0.014 -0.013 -0.017  0.084  0.131  0.225  0.358  0.514  0.554  0.624  0.575  0.358  0.231  0.249  0.091  0.017 -0.044 -0.125 -0.212 -0.296 -0.307 -0.293 -0.206 -0.179 -0.082 -0.041 -0.024 -0.067 -0.042 -0.158 -0.186 -0.153
 -0.231 -0.316 -0.295 -0.290 -0.181 -0.147 -0.036 -0.027 -0.027 -0.014 -0.048 -0.084 -0.110 -0.199 -0.258 -0.184 -0.068 -0.052 -0.030  0.152  0.395  0.720  1.000  0.769  0.636  0.520  0.411  0.342  0.231  0.110  0.080  0.038 -0.006 -0.059 -0.009  0.016  0.057  0.103  0.083  0.073  0.103  0.091  0.129  0.052  0.051  0.001  0.015  0.147  0.235  0.363  0.493  0.644  0.527  0.516  0.371  0.191  0.035  0.105  0.024 -0.083 -0.142 -0.201 -0.316 -0.351 -0.310 -0.258 -0.161 -0.083  0.020  0.074  0.094  0.025 -0.061 -0.244 -0.305 -0.283
 -0.252 -0.328 -0.293 -0.269 -0.103 -0.067  0.025  0.019  0.012  0.025 -0.026 -0.039 -0.051 -0.123 -0.193 -0.178 -0.077 -0.088 -0.109  0.057  0.292  0.583  0.769  1.000  0.771  0.521  0.540  0.466  0.292  0.206  0.184  0.106  0.054  0.028  0.083  0.116  0.149  0.183  0.152  0.141  0.174  0.127  0.146  0.125  0.111  0.080  0.090  0.241  0.264  0.349  0.478  0.672  0.549  0.397  0.244  0.058 -0.077 -0.004 -0.056 -0.175 -0.198 -0.193 -0.346 -0.371 -0.311 -0.229 -0.112 -0.028  0.093  0.126  0.126  0.017 -0.151 -0.379 -0.406 -0.359
 -0.146 -0.246 -0.240 -0.264 -0.139 -0.116 -0.027 -0.022 -0.023 -0.013 -0.059 -0.057 -0.047 -0.124 -0.204 -0.107  0.020  0.035 -0.046  0.128  0.369  0.594  0.636  0.771  1.000  0.714  0.507  0.508  0.420  0.237  0.146  0.099  0.061 -0.012  0.020  0.037  0.062  0.113  0.072  0.043  0.077  0.039  0.050  0.029  0.064  0.036  0.024  0.158  0.179  0.216  0.323  0.508  0.413  0.312  0.219  0.044 -0.082 -0.056 -0.135 -0.222 -0.231 -0.232 -0.297 -0.319 -0.337 -0.255 -0.168 -0.120 -0.003  0.021  0.035 -0.026 -0.090 -0.284 -0.286 -0.208
 -0.236 -0.268 -0.237 -0.235 -0.103 -0.074 -0.014 -0.008 -0.015 -0.006 -0.061 -0.032 -0.041 -0.134 -0.154 -0.160 -0.092 -0.118 -0.169 -0.025  0.152  0.400  0.520  0.521  0.714  1.000  0.683  0.512  0.539  0.423  0.263  0.220  0.195  0.127  0.122  0.139  0.148  0.200  0.135  0.098  0.152  0.087  0.093  0.018  0.009 -0.046 -0.025  0.095  0.145  0.156  0.203  0.335  0.247  0.159  0.049 -0.075 -0.161 -0.125 -0.187 -0.241 -0.267 -0.292 -0.324 -0.272 -0.280 -0.198 -0.127 -0.066  0.014  0.019  0.038 -0.001 -0.064 -0.249 -0.236 -0.171
 -0.325 -0.315 -0.257 -0.226 -0.045 -0.007  0.060  0.059  0.030  0.032 -0.081 -0.047 -0.056 -0.118 -0.112 -0.237 -0.217 -0.264 -0.279 -0.166 -0.028  0.207  0.411  0.540  0.507  0.683  1.000  0.741  0.526  0.561  0.519  0.360  0.262  0.304  0.367  0.409  0.413  0.443  0.345  0.309  0.379  0.252  0.227  0.161  0.078  0.027  0.059  0.157  0.203  0.193  0.236  0.352  0.245  0.081 -0.064 -0.165 -0.236 -0.177 -0.181 -0.263 -0.248 -0.225 -0.356 -0.303 -0.234 -0.159 -0.041  0.097  0.189  0.187  0.188  0.087 -0.202 -0.432 -0.451 -0.374
 -0.301 -0.297 -0.211 -0.192 -0.041 -0.036  0.037 -0.005 -0.045 -0.013 -0.027 -0.030 -0.018 -0.071 -0.100 -0.282 -0.225 -0.214 -0.207 -0.098  0.010  0.174  0.342  0.466  0.508  0.512  0.741  1.000  0.726  0.556  0.598  0.530  0.336  0.259  0.350  0.320  0.323  0.345  0.267  0.221  0.270  0.170  0.128  0.074 -0.003 -0.008  0.007  0.071  0.118  0.115  0.194  0.290  0.209  0.093 -0.024 -0.126 -0.178 -0.130 -0.141 -0.227 -0.204 -0.200 -0.334 -0.299 -0.223 -0.164 -0.051  0.013  0.124  0.129  0.148  0.070 -0.150 -0.338 -0.387 -0.329
 -0.315 -0.300 -0.193 -0.122  0.023  0.021  0.033 -0.012 -0.062 -0.020  0.046  0.065  0.041 -0.038 -0.111 -0.280 -0.238 -0.241 -0.234 -0.131 -0.051  0.089  0.231  0.292  0.420  0.539  0.526  0.726  1.000  0.735  0.550  0.634  0.544  0.320  0.286  0.200  0.172  0.217  0.143  0.089  0.152  0.076  0.051 -0.028 -0.065 -0.092 -0.103 -0.033  0.039  0.070  0.132  0.190  0.106  0.044 -0.074 -0.178 -0.206 -0.137 -0.176 -0.255 -0.259 -0.298 -0.336 -0.250 -0.177 -0.089  0.006 -0.019  0.044  0.020  0.032 -0.022 -0.064 -0.266 -0.221 -0.164
 -0.364 -0.326 -0.251 -0.148  0.058  0.098  0.103  0.105  0.042  0.038 -0.012  0.021 -0.028 -0.111 -0.106 -0.291 -0.312 -0.339 -0.321 -0.239 -0.187 -0.028  0.110  0.206  0.237  0.423  0.561  0.556  0.735  1.000  0.762  0.645  0.629  0.577  0.513  0.506  0.413  0.399  0.300  0.285  0.350  0.213  0.154  0.067 -0.013 -0.057 -0.051 -0.009  0.068  0.076  0.106  0.136  0.028 -0.063 -0.201 -0.285 -0.281 -0.184 -0.189 -0.273 -0.288 -0.296 -0.348 -0.264 -0.164 -0.059  0.067  0.144  0.190  0.166  0.160  0.089 -0.108 -0.353 -0.357 -0.312
 -0.350 -0.309 -0.228 -0.161 -0.002  0.041  0.070  0.063  0.010  0.003 -0.057 -0.045 -0.107 -0.147 -0.105 -0.360 -0.376 -0.367 -0.300 -0.233 -0.221 -0.073  0.080  0.184  0.146  0.263  0.519  0.598  0.550  0.762  1.000  0.775  0.545  0.585  0.673  0.646  0.609  0.561  0.461  0.409  0.411  0.255  0.154  0.094 -0.022 -0.033 -0.003  0.005  0.061  0.055  0.098  0.132  0.035 -0.064 -0.191 -0.239 -0.211 -0.119 -0.101 -0.182 -0.190 -0.206 -0.327 -0.255 -0.136 -0.074  0.035  0.134  0.212  0.222  0.247  0.156 -0.141 -0.367 -0.430 -0.416
 -0.359 -0.316 -0.186 -0.105  0.023  0.033  0.041  0.012 -0.026 -0.004  0.052  0.027 -0.005 -0.077 -0.082 -0.361 -0.367 -0.344 -0.276 -0.220 -0.227 -0.108  0.038  0.106  0.099  0.220  0.360  0.530  0.634  0.645  0.775  1.000  0.746  0.540  0.551  0.389  0.330  0.320  0.240  0.161  0.193  0.088  0.034 -0.009 -0.060 -0.043 -0.055 -0.037  0.012  0.027  0.080  0.093 -0.011 -0.071 -0.169 -0.221 -0.193 -0.103 -0.105 -0.167 -0.177 -0.191 -0.318 -0.227 -0.076 -0.050  0.045  0.037  0.080  0.050  0.064  0.009 -0.100 -0.248 -0.227 -0.228
 -0.333 -0.304 -0.196 -0.073  0.057  0.085  0.057  0.051  0.035  0.050  0.089  0.093  0.042 -0.053 -0.139 -0.287 -0.326 -0.339 -0.297 -0.265 -0.248 -0.133 -0.006  0.054  0.061  0.195  0.262  0.336  0.544  0.629  0.545  0.746  1.000  0.725  0.501  0.358  0.189  0.143  0.085  0.071  0.134  0.040 -0.002 -0.061 -0.036 -0.049 -0.081 -0.042 -0.009  0.038  0.058  0.052 -0.076 -0.116 -0.201 -0.281 -0.266 -0.156 -0.174 -0.224 -0.249 -0.206 -0.300 -0.229 -0.085 -0.025  0.085  0.029  0.042  0.015  0.034  0.009 -0.023 -0.196 -0.139 -0.129
 -0.308 -0.249 -0.186 -0.096  0.048  0.115  0.078  0.108  0.081  0.061 -0.052  0.023 -0.029 -0.088 -0.096 -0.266 -0.322 -0.360 -0.325 -0.311 -0.295 -0.187 -0.059  0.028 -0.012  0.127  0.304  0.259  0.320  0.577  0.585  0.540  0.725  1.000  0.798  0.683  0.470  0.333  0.259  0.284  0.303  0.151  0.083  0.025 -0.020 -0.018 -0.019 -0.015  0.010  0.029  0.035  0.020 -0.120 -0.208 -0.282 -0.319 -0.283 -0.191 -0.171 -0.216 -0.228 -0.187 -0.284 -0.176 -0.088 -0.019  0.068  0.133  0.141  0.142  0.154  0.114 -0.130 -0.308 -0.272 -0.225
 -0.300 -0.255 -0.222 -0.173  0.009  0.069  0.109  0.134  0.073  0.044 -0.134 -0.076 -0.123 -0.151 -0.116 -0.317 -0.354 -0.372 -0.309 -0.288 -0.270 -0.146 -0.009  0.083  0.020  0.122  0.367  0.350  0.286  0.513  0.673  0.551  0.501  0.798  1.000  0.850  0.663  0.505  0.414  0.427  0.418  0.257  0.163  0.105  0.009 -0.001  0.002 -0.007  0.039  0.048  0.074  0.065 -0.067 -0.179 -0.251 -0.289 -0.242 -0.149 -0.130 -0.179 -0.204 -0.152 -0.285 -0.209 -0.126 -0.076  0.040  0.182  0.248  0.266  0.286  0.204 -0.234 -0.376 -0.368 -0.338
 -0.285 -0.245 -0.224 -0.198 -0.013  0.062  0.115  0.164  0.098  0.032 -0.204 -0.147 -0.211 -0.212 -0.135 -0.290 -0.328 -0.358 -0.321 -0.292 -0.253 -0.115  0.016  0.116  0.037  0.139  0.409  0.320  0.200  0.506  0.646  0.389  0.358  0.683  0.850  1.000  0.829  0.623  0.507  0.541  0.526  0.345  0.238  0.181  0.059  0.017  0.036  0.032  0.092  0.085  0.093  0.094 -0.026 -0.156 -0.245 -0.292 -0.244 -0.148 -0.127 -0.182 -0.216 -0.145 -0.260 -0.201 -0.135 -0.072  0.050  0.246  0.318  0.353  0.373  0.272 -0.228 -0.406 -0.437 -0.412
 -0.260 -0.242 -0.210 -0.186 -0.031  0.039  0.093  0.131  0.067  0.011 -0.177 -0.141 -0.223 -0.212 -0.143 -0.295 -0.323 -0.334 -0.289 -0.237 -0.212 -0.071  0.057  0.149  0.062  0.148  0.413  0.323  0.172  0.413  0.609  0.330  0.189  0.470  0.663  0.829  1.000  0.820  0.660  0.615  0.550  0.379  0.254  0.218  0.070  0.034  0.072  0.065  0.114  0.094  0.107  0.118  0.028 -0.085 -0.183 -0.223 -0.181 -0.100 -0.075 -0.139 -0.162 -0.127 -0.244 -0.201 -0.126 -0.061  0.044  0.240  0.315  0.347  0.369  0.259 -0.184 -0.419 -0.472 -0.472
 -0.267 -0.271 -0.236 -0.194 -0.016  0.044  0.129  0.134  0.065  0.041 -0.082 -0.094 -0.144 -0.162 -0.138 -0.280 -0.310 -0.303 -0.246 -0.179 -0.166 -0.012  0.103  0.183  0.113  0.200  0.443  0.345  0.217  0.399  0.561  0.320  0.143  0.333  0.505  0.623  0.820  1.000  0.783  0.611  0.600  0.456  0.321  0.234  0.050 -0.002  0.051  0.056  0.154  0.116  0.123  0.141  0.082  0.010 -0.128 -0.164 -0.125 -0.059 -0.048 -0.127 -0.165 -0.189 -0.294 -0.259 -0.186 -0.111  0.012  0.223  0.317  0.349  0.365  0.258 -0.091 -0.388 -0.521 -0.528
 -0.236 -0.238 -0.200 -0.185 -0.017  0.035  0.137  0.129  0.070  0.043 -0.067 -0.091 -0.144 -0.155 -0.115 -0.249 -0.274 -0.271 -0.198 -0.155 -0.147 -0.015  0.083  0.152  0.072  0.135  0.345  0.267  0.143  0.300  0.461  0.240  0.085  0.259  0.414  0.507  0.660  0.783  1.000  0.822  0.730  0.610  0.409  0.270  0.051 -0.028  0.017  0.041  0.165  0.134  0.096  0.109  0.080  0.048 -0.096 -0.112 -0.080 -0.017  0.019 -0.073 -0.107 -0.186 -0.266 -0.239 -0.198 -0.114  0.015  0.207  0.351  0.429  0.508  0.431  0.014 -0.350 -0.565 -0.610
 -0.254 -0.240 -0.198 -0.177  0.015  0.109  0.224  0.225  0.132  0.093 -0.069 -0.085 -0.169 -0.202 -0.116 -0.240 -0.287 -0.317 -0.239 -0.207 -0.187 -0.041  0.073  0.141  0.043  0.098  0.309  0.221  0.089  0.285  0.409  0.161  0.071  0.284  0.427  0.541  0.615  0.611  0.822  1.000  0.858  0.698  0.454  0.302  0.074 -0.036 -0.010  0.026  0.156  0.160  0.112  0.096  0.052  0.013 -0.137 -0.159 -0.140 -0.051  0.005 -0.098 -0.128 -0.191 -0.259 -0.236 -0.194 -0.098  0.063  0.293  0.465  0.601  0.711  0.651  0.068 -0.298 -0.614 -0.678
 -0.321 -0.319 -0.280 -0.224  0.048  0.148  0.313  0.303  0.167  0.142 -0.038 -0.075 -0.142 -0.216 -0.151 -0.279 -0.326 -0.354 -0.282 -0.238 -0.193 -0.021  0.103  0.174  0.077  0.152  0.379  0.270  0.152  0.350  0.411  0.193  0.134  0.303  0.418  0.526  0.550  0.600  0.730  0.858  1.000  0.841  0.591  0.389  0.114 -0.038  0.006  0.046  0.236  0.221  0.167  0.135  0.083  0.043 -0.133 -0.188 -0.183 -0.076 -0.035 -0.155 -0.203 -0.250 -0.335 -0.312 -0.255 -0.138  0.086  0.382  0.583  0.680  0.710  0.613  0.045 -0.326 -0.657 -0.692
 -0.282 -0.291 -0.264 -0.201  0.086  0.167  0.345  0.326  0.181  0.162  0.010 -0.042 -0.089 -0.185 -0.150 -0.231 -0.287 -0.310 -0.239 -0.196 -0.153 -0.003  0.091  0.127  0.039  0.087  0.252  0.170  0.076  0.213  0.255  0.088  0.040  0.151  0.257  0.345  0.379  0.456  0.610  0.698  0.841  1.000  0.758  0.486  0.165 -0.049 -0.011  0.029  0.271  0.267  0.210  0.138  0.123  0.105 -0.064 -0.127 -0.131 -0.030  0.008 -0.112 -0.173 -0.222 -0.305 -0.300 -0.248 -0.126  0.132  0.428  0.637  0.725  0.655  0.583  0.035 -0.290 -0.604 -0.643
 -0.301 -0.285 -0.253 -0.163  0.105  0.171  0.289  0.266  0.134  0.124 -0.001 -0.022 -0.075 -0.171 -0.147 -0.225 -0.271 -0.300 -0.249 -0.191 -0.131  0.017  0.129  0.146  0.050  0.093  0.227  0.128  0.051  0.154  0.154  0.034 -0.002  0.083  0.163  0.238  0.254  0.321  0.409  0.454  0.591  0.758  1.000  0.703  0.298  0.001  0.025  0.084  0.377  0.389  0.297  0.178  0.143  0.116 -0.047 -0.136 -0.144 -0.052 -0.022 -0.140 -0.200 -0.220 -0.305 -0.286 -0.201 -0.063  0.215  0.511  0.588  0.547  0.414  0.346 -0.027 -0.295 -0.482 -0.484
 -0.273 -0.248 -0.208 -0.148  0.073  0.142  0.232  0.225  0.108  0.091 -0.019 -0.038 -0.084 -0.169 -0.146 -0.225 -0.245 -0.283 -0.262 -0.220 -0.149 -0.028  0.052  0.125  0.029  0.018  0.161  0.074 -0.028  0.067  0.094 -0.009 -0.061  0.025  0.105  0.181  0.218  0.234  0.270  0.302  0.389  0.486  0.703  1.000  0.630  0.282  0.351  0.371  0.454  0.308  0.212  0.147  0.104  0.021 -0.131 -0.200 -0.222 -0.165 -0.122 -0.200 -0.205 -0.154 -0.242 -0.234 -0.158 -0.035  0.227  0.518  0.480  0.412  0.278  0.202 -0.094 -0.257 -0.383 -0.382
 -0.197 -0.209 -0.202 -0.163  0.003  0.050  0.093  0.082  0.028  0.029 -0.040 -0.030 -0.060 -0.122 -0.198 -0.163 -0.183 -0.217 -0.234 -0.190 -0.097  0.014  0.051  0.111  0.064  0.009  0.078 -0.003 -0.065 -0.013 -0.022 -0.060 -0.036 -0.020  0.009  0.059  0.070  0.050  0.051  0.074  0.114  0.165  0.298  0.630  1.000  0.650  0.449  0.435  0.298  0.244  0.205  0.165  0.083 -0.012 -0.103 -0.184 -0.259 -0.219 -0.182 -0.238 -0.198 -0.086 -0.172 -0.208 -0.161 -0.044  0.130  0.265  0.219  0.151  0.069 -0.001 -0.169 -0.189 -0.124 -0.135
 -0.103 -0.132 -0.132 -0.125 -0.047 -0.030 -0.003 -0.032 -0.031 -0.010 -0.042 -0.040 -0.023 -0.029 -0.052 -0.076 -0.068 -0.083 -0.136 -0.111 -0.047 -0.013  0.001  0.080  0.036 -0.046  0.027 -0.008 -0.092 -0.057 -0.033 -0.043 -0.049 -0.018 -0.001  0.017  0.034 -0.002 -0.028 -0.036 -0.038 -0.049  0.001  0.282  0.650  1.000  0.683  0.468  0.167  0.065  0.083  0.120  0.073 -0.070 -0.109 -0.151 -0.188 -0.188 -0.164 -0.174 -0.135 -0.025 -0.089 -0.141 -0.146 -0.113 -0.030  0.052  0.020 -0.037 -0.071 -0.136 -0.214 -0.151 -0.039 -0.027
 -0.114 -0.138 -0.118 -0.126 -0.051 -0.053  0.009 -0.019 -0.030 -0.011 -0.030 -0.068 -0.012 -0.037  0.023 -0.072 -0.038 -0.057 -0.114 -0.094 -0.044 -0.017  0.015  0.090  0.024 -0.025  0.059  0.007 -0.103 -0.051 -0.003 -0.055 -0.081 -0.019  0.002  0.036  0.072  0.051  0.017 -0.010  0.006 -0.011  0.025  0.351  0.449  0.683  1.000  0.679  0.322  0.014  0.000  0.079  0.076 -0.041 -0.100 -0.129 -0.156 -0.173 -0.141 -0.133 -0.097 -0.024 -0.067 -0.109 -0.130 -0.141 -0.078  0.057  0.048 -0.013 -0.033 -0.094 -0.149 -0.122 -0.154 -0.114
 -0.176 -0.172 -0.156 -0.131 -0.039 -0.019  0.029  0.022  0.018  0.039  0.005 -0.022  0.020 -0.034 -0.033 -0.061 -0.049 -0.102 -0.193 -0.132 -0.013  0.084  0.147  0.241  0.158  0.095  0.157  0.071 -0.033 -0.009  0.005 -0.037 -0.042 -0.015 -0.007  0.032  0.065  0.056  0.041  0.026  0.046  0.029  0.084  0.371  0.435  0.468  0.679  1.000  0.649  0.297  0.157  0.234  0.135  0.016 -0.091 -0.161 -0.234 -0.208 -0.189 -0.228 -0.195 -0.106 -0.161 -0.179 -0.187 -0.145 -0.087  0.021  0.053  0.021 -0.003 -0.047 -0.120 -0.178 -0.228 -0.184
 -0.261 -0.254 -0.223 -0.160 -0.008  0.031  0.121  0.114  0.078  0.094  0.027 -0.024 -0.025 -0.114 -0.137 -0.159 -0.152 -0.192 -0.216 -0.149 -0.035  0.131  0.235  0.264  0.179  0.145  0.203  0.118  0.039  0.068  0.061  0.012 -0.009  0.010  0.039  0.092  0.114  0.154  0.165  0.156  0.236  0.271  0.377  0.454  0.298  0.167  0.322  0.649  1.000  0.616  0.354  0.318  0.187  0.143 -0.018 -0.114 -0.154 -0.068 -0.051 -0.142 -0.186 -0.186 -0.270 -0.269 -0.238 -0.139  0.003  0.164  0.224  0.202  0.140  0.090 -0.085 -0.219 -0.368 -0.341
 -0.332 -0.322 -0.257 -0.175 -0.042  0.020  0.088  0.078  0.065  0.072  0.016 -0.003 -0.074 -0.158 -0.225 -0.216 -0.214 -0.262 -0.215 -0.132 -0.004  0.225  0.363  0.349  0.216  0.156  0.193  0.115  0.070  0.076  0.055  0.027  0.038  0.029  0.048  0.085  0.094  0.116  0.134  0.160  0.221  0.267  0.389  0.308  0.244  0.065  0.014  0.297  0.616  1.000  0.739  0.532  0.280  0.274  0.088 -0.023 -0.093  0.048  0.075 -0.087 -0.152 -0.188 -0.336 -0.312 -0.193 -0.070  0.055  0.118  0.173  0.195  0.128  0.064 -0.079 -0.293 -0.310 -0.291
 -0.348 -0.381 -0.283 -0.202 -0.040  0.027  0.091  0.081  0.060  0.076  0.039  0.010 -0.077 -0.175 -0.280 -0.251 -0.212 -0.242 -0.163 -0.046  0.098  0.358  0.493  0.478  0.323  0.203  0.236  0.194  0.132  0.106  0.098  0.080  0.058  0.035  0.074  0.093  0.107  0.123  0.096  0.112  0.167  0.210  0.297  0.212  0.205  0.083  0.000  0.157  0.354  0.739  1.000  0.763  0.510  0.459  0.250  0.100 -0.002  0.166  0.175 -0.015 -0.115 -0.182 -0.369 -0.382 -0.213 -0.084  0.055  0.097  0.155  0.186  0.117  0.006 -0.157 -0.381 -0.355 -0.333
 -0.298 -0.361 -0.278 -0.229 -0.083 -0.052  0.030  0.005  0.003  0.026  0.022 -0.008 -0.046 -0.143 -0.227 -0.215 -0.135 -0.146 -0.120  0.030  0.220  0.514  0.644  0.672  0.508  0.335  0.352  0.290  0.190  0.136  0.132  0.093  0.052  0.020  0.065  0.094  0.118  0.141  0.109  0.096  0.135  0.138  0.178  0.147  0.165  0.120  0.079  0.234  0.318  0.532  0.763  1.000  0.699  0.522  0.306  0.109 -0.027  0.113  0.063 -0.110 -0.176 -0.196 -0.367 -0.379 -0.270 -0.181 -0.058 -0.014  0.080  0.123  0.101 -0.015 -0.187 -0.403 -0.375 -0.345
 -0.181 -0.289 -0.243 -0.242 -0.117 -0.118 -0.019 -0.038 -0.035 -0.027  0.001 -0.067 -0.097 -0.175 -0.211 -0.152 -0.040 -0.009  0.046  0.186  0.328  0.554  0.527  0.549  0.413  0.247  0.245  0.209  0.106  0.028  0.035 -0.011 -0.076 -0.120 -0.067 -0.026  0.028  0.082  0.080  0.052  0.083  0.123  0.143  0.104  0.083  0.073  0.076  0.135  0.187  0.280  0.510  0.699  1.000  0.727  0.492  0.302  0.174  0.256  0.163  0.029 -0.041 -0.113 -0.247 -0.320 -0.238 -0.208 -0.088 -0.057  0.039  0.062  0.054 -0.044 -0.105 -0.288 -0.314 -0.308
 -0.145 -0.282 -0.261 -0.285 -0.189 -0.201 -0.072 -0.085 -0.071 -0.058 -0.001 -0.130 -0.158 -0.248 -0.271 -0.145 -0.010  0.062  0.195  0.343  0.448  0.624  0.516  0.397  0.312  0.159  0.081  0.093  0.044 -0.063 -0.064 -0.071 -0.116 -0.208 -0.179 -0.156 -0.085  0.010  0.048  0.013  0.043  0.105  0.116  0.021 -0.012 -0.070 -0.041  0.016  0.143  0.274  0.459  0.522  0.727  1.000  0.753  0.519  0.367  0.465  0.312  0.149  0.059 -0.130 -0.230 -0.319 -0.252 -0.248 -0.118 -0.107 -0.013  0.028  0.050 -0.001  0.110 -0.105 -0.256 -0.264
 -0.016 -0.164 -0.191 -0.264 -0.256 -0.293 -0.189 -0.168 -0.137 -0.150 -0.103 -0.214 -0.206 -0.244 -0.222 -0.027  0.129  0.251  0.414  0.546  0.573  0.575  0.371  0.244  0.219  0.049 -0.064 -0.024 -0.074 -0.201 -0.191 -0.169 -0.201 -0.282 -0.251 -0.245 -0.183 -0.128 -0.096 -0.137 -0.133 -0.064 -0.047 -0.131 -0.103 -0.109 -0.100 -0.091 -0.018  0.088  0.250  0.306  0.492  0.753  1.000  0.759  0.584  0.604  0.399  0.311  0.209 -0.006 -0.109 -0.216 -0.171 -0.228 -0.179 -0.223 -0.160 -0.117 -0.087 -0.109  0.035 -0.001 -0.043 -0.038
  0.099 -0.026 -0.062 -0.200 -0.288 -0.321 -0.264 -0.234 -0.166 -0.185 -0.130 -0.219 -0.194 -0.178 -0.097  0.056  0.184  0.324  0.523  0.512  0.437  0.358  0.191  0.058  0.044 -0.075 -0.165 -0.126 -0.178 -0.285 -0.239 -0.221 -0.281 -0.319 -0.289 -0.292 -0.223 -0.164 -0.112 -0.159 -0.188 -0.127 -0.136 -0.200 -0.184 -0.151 -0.129 -0.161 -0.114 -0.023  0.100  0.109  0.302  0.519  0.759  1.000  0.755  0.620  0.544  0.508  0.460  0.128  0.047 -0.079 -0.072 -0.191 -0.233 -0.284 -0.255 -0.190 -0.142 -0.135  0.057  0.075  0.053  0.065
  0.082 -0.028 -0.060 -0.174 -0.274 -0.330 -0.287 -0.259 -0.205 -0.239 -0.159 -0.255 -0.226 -0.177 -0.063  0.010  0.144  0.343  0.569  0.555  0.375  0.231  0.035 -0.077 -0.082 -0.161 -0.236 -0.178 -0.206 -0.281 -0.211 -0.193 -0.266 -0.283 -0.242 -0.244 -0.181 -0.125 -0.080 -0.140 -0.183 -0.131 -0.144 -0.222 -0.259 -0.188 -0.156 -0.234 -0.154 -0.093 -0.002 -0.027  0.174  0.367  0.584  0.755  1.000  0.800  0.608  0.643  0.441  0.127  0.055 -0.027  0.000 -0.141 -0.172 -0.243 -0.252 -0.210 -0.143 -0.128  0.071  0.133  0.132  0.102
 -0.064 -0.160 -0.135 -0.200 -0.223 -0.264 -0.195 -0.195 -0.162 -0.188 -0.105 -0.211 -0.227 -0.236 -0.158 -0.116 -0.006  0.177  0.403  0.433  0.291  0.249  0.105 -0.004 -0.056 -0.125 -0.177 -0.130 -0.137 -0.184 -0.119 -0.103 -0.156 -0.191 -0.149 -0.148 -0.100 -0.059 -0.017 -0.051 -0.076 -0.030 -0.052 -0.165 -0.219 -0.188 -0.173 -0.208 -0.068  0.048  0.166  0.113  0.256  0.465  0.604  0.620  0.800  1.000  0.763  0.620  0.341  0.049 -0.042 -0.110 -0.022 -0.123 -0.086 -0.174 -0.151 -0.102 -0.044 -0.066  0.039  0.048  0.030 -0.030
 -0.070 -0.119 -0.056 -0.120 -0.181 -0.200 -0.158 -0.168 -0.117 -0.142 -0.055 -0.151 -0.187 -0.181 -0.099 -0.142 -0.072  0.087  0.273  0.291  0.132  0.091  0.024 -0.056 -0.135 -0.187 -0.181 -0.141 -0.176 -0.189 -0.101 -0.105 -0.174 -0.171 -0.130 -0.127 -0.075 -0.048  0.019  0.005 -0.035  0.008 -0.022 -0.122 -0.182 -0.164 -0.141 -0.189 -0.051  0.075  0.175  0.063  0.163  0.312  0.399  0.544  0.608  0.763  1.000  0.740  0.522  0.135  0.040 -0.029  0.050 -0.059 -0.069 -0.141 -0.123 -0.059 -0.004 -0.040  0.028  0.027 -0.004 -0.059
  0.055  0.013  0.030 -0.089 -0.229 -0.273 -0.254 -0.242 -0.178 -0.215 -0.136 -0.202 -0.205 -0.146 -0.014 -0.065  0.002  0.167  0.336  0.320  0.121  0.017 -0.083 -0.175 -0.222 -0.241 -0.263 -0.227 -0.255 -0.273 -0.182 -0.167 -0.224 -0.216 -0.179 -0.182 -0.139 -0.127 -0.073 -0.098 -0.155 -0.112 -0.140 -0.200 -0.238 -0.174 -0.133 -0.228 -0.142 -0.087 -0.015 -0.110  0.029  0.149  0.311  0.508  0.643  0.620  0.740  1.000  0.697  0.311  0.199  0.096  0.138 -0.030 -0.095 -0.193 -0.221 -0.172 -0.098 -0.093  0.021  0.162  0.172  0.101
  0.160  0.147  0.137 -0.036 -0.232 -0.280 -0.303 -0.287 -0.192 -0.225 -0.167 -0.207 -0.198 -0.108  0.072  0.015  0.054  0.154  0.274  0.218  0.058 -0.044 -0.142 -0.198 -0.231 -0.267 -0.248 -0.204 -0.259 -0.288 -0.190 -0.177 -0.249 -0.228 -0.204 -0.216 -0.162 -0.165 -0.107 -0.128 -0.203 -0.173 -0.200 -0.205 -0.198 -0.135 -0.097 -0.195 -0.186 -0.152 -0.115 -0.176 -0.041  0.059  0.209  0.460  0.441  0.341  0.522  0.697  1.000  0.626  0.406  0.231  0.265  0.035 -0.096 -0.205 -0.270 -0.218 -0.161 -0.137  0.048  0.158  0.195  0.177
  0.276  0.242  0.164 -0.005 -0.182 -0.236 -0.260 -0.237 -0.147 -0.180 -0.209 -0.204 -0.175 -0.064  0.069  0.103  0.093  0.110  0.111  0.037 -0.040 -0.125 -0.201 -0.193 -0.232 -0.292 -0.225 -0.200 -0.298 -0.296 -0.206 -0.191 -0.206 -0.187 -0.152 -0.145 -0.127 -0.189 -0.186 -0.191 -0.250 -0.222 -0.220 -0.154 -0.086 -0.025 -0.024 -0.106 -0.186 -0.188 -0.182 -0.196 -0.113 -0.130 -0.006  0.128  0.127  0.049  0.135  0.311  0.626  1.000  0.611  0.281  0.323  0.083 -0.042 -0.153 -0.234 -0.227 -0.198 -0.151 -0.079  0.164  0.315  0.267
  0.514  0.547  0.392  0.171 -0.154 -0.222 -0.289 -0.247 -0.178 -0.202 -0.176 -0.167 -0.112  0.072  0.253  0.353  0.299  0.262  0.159  0.030 -0.049 -0.212 -0.316 -0.346 -0.297 -0.324 -0.356 -0.334 -0.336 -0.348 -0.327 -0.318 -0.300 -0.284 -0.285 -0.260 -0.244 -0.294 -0.266 -0.259 -0.335 -0.305 -0.305 -0.242 -0.172 -0.089 -0.067 -0.161 -0.270 -0.336 -0.369 -0.367 -0.247 -0.230 -0.109  0.047  0.055 -0.042  0.040  0.199  0.406  0.611  1.000  0.709  0.449  0.196 -0.071 -0.176 -0.298 -0.276 -0.236 -0.139  0.065  0.319  0.380  0.358
  0.383  0.560  0.476  0.353 -0.020 -0.108 -0.261 -0.246 -0.186 -0.215 -0.126 -0.052 -0.019  0.172  0.344  0.303  0.225  0.180  0.081 -0.054 -0.134 -0.296 -0.351 -0.371 -0.319 -0.272 -0.303 -0.299 -0.250 -0.264 -0.255 -0.227 -0.229 -0.176 -0.209 -0.201 -0.201 -0.259 -0.239 -0.236 -0.312 -0.300 -0.286 -0.234 -0.208 -0.141 -0.109 -0.179 -0.269 -0.312 -0.382 -0.379 -0.320 -0.319 -0.216 -0.079 -0.027 -0.110 -0.029  0.096  0.231  0.281  0.709  1.000  0.685  0.400  0.050 -0.106 -0.279 -0.276 -0.251 -0.155  0.061  0.267  0.359  0.364
  0.108  0.253  0.344  0.408  0.129  0.044 -0.176 -0.204 -0.165 -0.189 -0.033  0.046 -0.001  0.107  0.198  0.035 -0.005 -0.015 -0.013 -0.116 -0.226 -0.307 -0.310 -0.311 -0.337 -0.280 -0.234 -0.223 -0.177 -0.164 -0.136 -0.076 -0.085 -0.088 -0.126 -0.135 -0.126 -0.186 -0.198 -0.194 -0.255 -0.248 -0.201 -0.158 -0.161 -0.146 -0.130 -0.187 -0.238 -0.193 -0.213 -0.270 -0.238 -0.252 -0.171 -0.072  0.000 -0.022  0.050  0.138  0.265  0.323  0.449  0.685  1.000  0.650  0.333  0.018 -0.188 -0.218 -0.209 -0.169  0.012  0.138  0.291  0.253
 -0.012  0.130  0.268  0.515  0.319  0.304  0.016 -0.015 -0.050 -0.068  0.050  0.186  0.068  0.119  0.061 -0.029 -0.060 -0.118 -0.129 -0.193 -0.251 -0.293 -0.258 -0.229 -0.255 -0.198 -0.159 -0.164 -0.089 -0.059 -0.074 -0.050 -0.025 -0.019 -0.076 -0.072 -0.061 -0.111 -0.114 -0.098 -0.138 -0.126 -0.063 -0.035 -0.044 -0.113 -0.141 -0.145 -0.139 -0.070 -0.084 -0.181 -0.208 -0.248 -0.228 -0.191 -0.141 -0.123 -0.059 -0.030  0.035  0.083  0.196  0.400  0.650  1.000  0.629  0.203 -0.015 -0.067 -0.110 -0.115  0.015  0.003  0.138  0.134
 -0.201 -0.091  0.052  0.306  0.452  0.387  0.189  0.141  0.015 -0.014  0.044  0.136  0.029 -0.018 -0.075 -0.189 -0.229 -0.246 -0.222 -0.213 -0.243 -0.206 -0.161 -0.112 -0.168 -0.127 -0.041 -0.051  0.006  0.067  0.035  0.045  0.085  0.068  0.040  0.050  0.044  0.012  0.015  0.063  0.086  0.132  0.215  0.227  0.130 -0.030 -0.078 -0.087  0.003  0.055  0.055 -0.058 -0.088 -0.118 -0.179 -0.233 -0.172 -0.086 -0.069 -0.095 -0.096 -0.042 -0.071  0.050  0.333  0.629  1.000  0.553  0.320  0.201  0.090  0.038 -0.030 -0.121 -0.065 -0.089
 -0.261 -0.186 -0.130  0.027  0.312  0.404  0.442  0.440  0.209  0.186  0.044  0.057 -0.031 -0.119 -0.096 -0.200 -0.273 -0.328 -0.304 -0.282 -0.266 -0.179 -0.083 -0.028 -0.120 -0.066  0.097  0.013 -0.019  0.144  0.134  0.037  0.029  0.133  0.182  0.246  0.240  0.223  0.207  0.293  0.382  0.428  0.511  0.518  0.265  0.052  0.057  0.021  0.164  0.118  0.097 -0.014 -0.057 -0.107 -0.223 -0.284 -0.243 -0.174 -0.141 -0.193 -0.205 -0.153 -0.176 -0.106  0.018  0.203  0.553  1.000  0.730  0.538  0.345  0.251 -0.084 -0.209 -0.334 -0.356
 -0.329 -0.286 -0.228 -0.079  0.322  0.415  0.591  0.539  0.264  0.278  0.100  0.073  0.017 -0.134 -0.142 -0.245 -0.312 -0.365 -0.327 -0.266 -0.217 -0.082  0.020  0.093 -0.003  0.014  0.189  0.124  0.044  0.190  0.212  0.080  0.042  0.141  0.248  0.318  0.315  0.317  0.351  0.465  0.583  0.637  0.588  0.480  0.219  0.020  0.048  0.053  0.224  0.173  0.155  0.080  0.039 -0.013 -0.160 -0.255 -0.252 -0.151 -0.123 -0.221 -0.270 -0.234 -0.298 -0.279 -0.188 -0.015  0.320  0.730  1.000  0.783  0.574  0.435 -0.094 -0.267 -0.493 -0.537
 -0.293 -0.274 -0.245 -0.142  0.199  0.326  0.508  0.514  0.278  0.280  0.094  0.034 -0.039 -0.159 -0.152 -0.216 -0.285 -0.346 -0.287 -0.241 -0.180 -0.041  0.074  0.126  0.021  0.019  0.187  0.129  0.020  0.166  0.222  0.050  0.015  0.142  0.266  0.353  0.347  0.349  0.429  0.601  0.680  0.725  0.547  0.412  0.151 -0.037 -0.013  0.021  0.202  0.195  0.186  0.123  0.062  0.028 -0.117 -0.190 -0.210 -0.102 -0.059 -0.172 -0.218 -0.227 -0.276 -0.276 -0.218 -0.067  0.201  0.538  0.783  1.000  0.825  0.657  0.036 -0.229 -0.586 -0.647
 -0.261 -0.246 -0.222 -0.160  0.081  0.193  0.359  0.358  0.182  0.178  0.032 -0.037 -0.110 -0.207 -0.151 -0.221 -0.266 -0.301 -0.220 -0.186 -0.153 -0.024  0.094  0.126  0.035  0.038  0.188  0.148  0.032  0.160  0.247  0.064  0.034  0.154  0.286  0.373  0.369  0.365  0.508  0.711  0.710  0.655  0.414  0.278  0.069 -0.071 -0.033 -0.003  0.140  0.128  0.117  0.101  0.054  0.050 -0.087 -0.142 -0.143 -0.044 -0.004 -0.098 -0.161 -0.198 -0.236 -0.251 -0.209 -0.110  0.090  0.345  0.574  0.825  1.000  0.823  0.186 -0.112 -0.569 -0.669
 -0.147 -0.128 -0.137 -0.118  0.040  0.113  0.266  0.274  0.147  0.142 -0.008 -0.067 -0.096 -0.168 -0.080 -0.128 -0.187 -0.225 -0.156 -0.158 -0.143 -0.067  0.025  0.017 -0.026 -0.001  0.087  0.070 -0.022  0.089  0.156  0.009  0.009  0.114  0.204  0.272  0.259  0.258  0.431  0.651  0.613  0.583  0.346  0.202 -0.001 -0.136 -0.094 -0.047  0.090  0.064  0.006 -0.015 -0.044 -0.001 -0.109 -0.135 -0.128 -0.066 -0.040 -0.093 -0.137 -0.151 -0.139 -0.155 -0.169 -0.115  0.038  0.251  0.435  0.657  0.823  1.000  0.363  0.117 -0.479 -0.589
  0.077  0.058  0.030  0.041 -0.060 -0.087 -0.104 -0.096 -0.083 -0.076  0.078 -0.021 -0.034 -0.050 -0.053  0.020  0.007  0.029  0.096  0.071 -0.006 -0.042 -0.061 -0.151 -0.090 -0.064 -0.202 -0.150 -0.064 -0.108 -0.141 -0.100 -0.023 -0.130 -0.234 -0.228 -0.184 -0.091  0.014  0.068  0.045  0.035 -0.027 -0.094 -0.169 -0.214 -0.149 -0.120 -0.085 -0.079 -0.157 -0.187 -0.105  0.110  0.035  0.057  0.071  0.039  0.028  0.021  0.048 -0.079  0.065  0.061  0.012  0.015 -0.030 -0.084 -0.094  0.036  0.186  0.363  1.000  0.497 -0.053 -0.126
  0.285  0.262  0.176  0.100 -0.101 -0.178 -0.166 -0.164 -0.151 -0.137 -0.015 -0.107 -0.013  0.025  0.088  0.155  0.144  0.219  0.223  0.143  0.014 -0.158 -0.244 -0.379 -0.284 -0.249 -0.432 -0.338 -0.266 -0.353 -0.367 -0.248 -0.196 -0.308 -0.376 -0.406 -0.419 -0.388 -0.350 -0.298 -0.326 -0.290 -0.295 -0.257 -0.189 -0.151 -0.122 -0.178 -0.219 -0.293 -0.381 -0.403 -0.288 -0.105 -0.001  0.075  0.133  0.048  0.027  0.162  0.158  0.164  0.319  0.267  0.138  0.003 -0.121 -0.209 -0.267 -0.229 -0.112  0.117  0.497  1.000  0.436  0.220
  0.354  0.348  0.276  0.201 -0.087 -0.192 -0.373 -0.356 -0.265 -0.291 -0.123 -0.030  0.009  0.129  0.084  0.216  0.210  0.276  0.227  0.152  0.022 -0.186 -0.305 -0.406 -0.286 -0.236 -0.451 -0.387 -0.221 -0.357 -0.430 -0.227 -0.139 -0.272 -0.368 -0.437 -0.472 -0.521 -0.565 -0.614 -0.657 -0.604 -0.482 -0.383 -0.124 -0.039 -0.154 -0.228 -0.368 -0.310 -0.355 -0.375 -0.314 -0.256 -0.043  0.053  0.132  0.030 -0.004  0.172  0.195  0.315  0.380  0.359  0.291  0.138 -0.065 -0.334 -0.493 -0.586 -0.569 -0.479 -0.053  0.436  1.000  0.739
