  1.000  0.731  0.431  0.142 -0.177 -0.280 -0.329 -0.280 -0.192 -0.221 -0.204 -0.189 -0.090  0.123  0.224  0.581  0.558  0.511  0.309  0.183  0.179 -0.031 -0.212 -0.238 -0.118 -0.211 -0.308 -0.282 -0.301 -0.353 -0.336 -0.359 -0.344 -0.307 -0.292 -0.274 -0.242 -0.255 -0.201 -0.236 -0.312 -0.259 -0.272 -0.249 -0.200 -0.141 -0.116 -0.176 -0.228 -0.323 -0.345 -0.306 -0.176 -0.115  0.001  0.110  0.091 -0.060 -0.065  0.053  0.158  0.251  0.509  0.376  0.079 -0.024 -0.199 -0.261 -0.322 -0.289 -0.247 -0.109  0.095  0.279  0.333  0.363
  0.731  1.000  0.702  0.344 -0.034 -0.172 -0.292 -0.281 -0.213 -0.218 -0.162 -0.084  0.015  0.244  0.435  0.602  0.452  0.361  0.183  0.053  0.024 -0.180 -0.301 -0.317 -0.225 -0.241 -0.289 -0.269 -0.272 -0.298 -0.276 -0.300 -0.305 -0.239 -0.234 -0.222 -0.208 -0.243 -0.184 -0.206 -0.300 -0.263 -0.255 -0.226 -0.221 -0.179 -0.151 -0.173 -0.221 -0.308 -0.377 -0.368 -0.289 -0.256 -0.152 -0.020 -0.023 -0.160 -0.113  0.010  0.148  0.215  0.545  0.557  0.230  0.113 -0.093 -0.180 -0.275 -0.265 -0.228 -0.082  0.073  0.259  0.318  0.331
  0.431  0.702  1.000  0.592  0.127 -0.033 -0.195 -0.222 -0.200 -0.198 -0.092  0.015  0.105  0.304  0.461  0.369  0.327  0.229  0.077 -0.027 -0.064 -0.225 -0.289 -0.293 -0.234 -0.221 -0.237 -0.190 -0.171 -0.224 -0.187 -0.165 -0.201 -0.172 -0.195 -0.191 -0.166 -0.199 -0.131 -0.141 -0.241 -0.223 -0.223 -0.189 -0.225 -0.181 -0.136 -0.173 -0.202 -0.255 -0.289 -0.289 -0.250 -0.239 -0.182 -0.054 -0.043 -0.122 -0.035  0.045  0.150  0.136  0.389  0.472  0.319  0.252  0.051 -0.115 -0.205 -0.217 -0.186 -0.079  0.045  0.183  0.239  0.217
  0.142  0.344  0.592  1.000  0.540  0.326  0.047 -0.087 -0.138 -0.073  0.159  0.323  0.348  0.437  0.317  0.150  0.103  0.017 -0.078 -0.168 -0.201 -0.292 -0.282 -0.262 -0.256 -0.214 -0.202 -0.165 -0.082 -0.107 -0.106 -0.070 -0.066 -0.083 -0.150 -0.173 -0.134 -0.122 -0.103 -0.111 -0.167 -0.149 -0.133 -0.144 -0.208 -0.184 -0.162 -0.162 -0.139 -0.168 -0.201 -0.229 -0.236 -0.242 -0.245 -0.188 -0.141 -0.161 -0.085 -0.065 -0.024 -0.043  0.151  0.338  0.385  0.494  0.305  0.047 -0.042 -0.103 -0.115 -0.053  0.060  0.124  0.148  0.098
 -0.177 -0.034  0.127  0.540  1.000  0.725  0.420  0.235  0.057  0.131  0.292  0.463  0.492  0.333  0.148 -0.048 -0.131 -0.199 -0.247 -0.259 -0.264 -0.231 -0.176 -0.088 -0.133 -0.090 -0.027 -0.021  0.060  0.093  0.031  0.064  0.089  0.055  0.015 -0.018 -0.025  0.009 -0.004  0.009  0.053  0.093  0.101  0.056 -0.017 -0.054 -0.068 -0.039  0.001 -0.024 -0.021 -0.050 -0.099 -0.169 -0.242 -0.287 -0.261 -0.203 -0.170 -0.222 -0.229 -0.182 -0.168 -0.033  0.134  0.309  0.455  0.303  0.328  0.195  0.065  0.025 -0.069 -0.099 -0.100 -0.131
 -0.280 -0.172 -0.033  0.326  0.725  1.000  0.654  0.455  0.264  0.356  0.469  0.595  0.463  0.249  0.016 -0.128 -0.212 -0.287 -0.307 -0.317 -0.294 -0.217 -0.137 -0.047 -0.108 -0.070  0.005 -0.011  0.068  0.129  0.080  0.103  0.124  0.114  0.072  0.046  0.042  0.089  0.042  0.068  0.130  0.155  0.165  0.110  0.019 -0.039 -0.086 -0.027  0.045  0.061  0.069  0.007 -0.082 -0.161 -0.251 -0.299 -0.290 -0.206 -0.172 -0.248 -0.264 -0.227 -0.251 -0.126  0.069  0.295  0.396  0.379  0.398  0.292  0.133  0.051 -0.108 -0.175 -0.191 -0.249
 -0.329 -0.292 -0.195  0.047  0.420  0.654  1.000  0.756  0.475  0.623  0.518  0.390  0.334  0.128 -0.028 -0.163 -0.235 -0.305 -0.288 -0.257 -0.210 -0.096 -0.023  0.046 -0.013 -0.013  0.056  0.050  0.063  0.101  0.057  0.085  0.104  0.057  0.073  0.050  0.028  0.090  0.062  0.125  0.244  0.287  0.244  0.183  0.089  0.030 -0.009  0.047  0.116  0.126  0.131  0.094  0.012 -0.066 -0.160 -0.248 -0.269 -0.172 -0.158 -0.244 -0.286 -0.214 -0.297 -0.265 -0.132  0.019  0.192  0.389  0.541  0.445  0.270  0.163 -0.135 -0.175 -0.327 -0.384
 -0.280 -0.281 -0.222 -0.087  0.235  0.455  0.756  1.000  0.697  0.618  0.290  0.163  0.108 -0.034 -0.129 -0.153 -0.188 -0.255 -0.256 -0.223 -0.157 -0.059  0.002  0.050  0.000  0.006  0.066  0.016  0.027  0.104  0.054  0.071  0.106  0.084  0.103  0.100  0.074  0.108  0.054  0.109  0.227  0.270  0.236  0.176  0.075 -0.017 -0.055  0.029  0.121  0.144  0.151  0.091  0.001 -0.067 -0.121 -0.204 -0.224 -0.149 -0.162 -0.227 -0.274 -0.194 -0.269 -0.263 -0.159 -0.015  0.150  0.384  0.481  0.438  0.242  0.144 -0.134 -0.191 -0.299 -0.309
 -0.192 -0.213 -0.200 -0.138  0.057  0.264  0.475  0.697  1.000  0.780  0.267  0.158  0.068 -0.050 -0.115 -0.095 -0.128 -0.182 -0.182 -0.157 -0.105 -0.024  0.009  0.049  0.003  0.003  0.042 -0.026 -0.037  0.042  0.008  0.009  0.057  0.060  0.053  0.061  0.043  0.073  0.033  0.049  0.112  0.135  0.115  0.070  0.013 -0.034 -0.064  0.027  0.098  0.125  0.126  0.080  0.012 -0.028 -0.072 -0.122 -0.156 -0.100 -0.098 -0.154 -0.168 -0.108 -0.203 -0.209 -0.135 -0.065  0.010  0.151  0.199  0.197  0.079  0.040 -0.108 -0.177 -0.227 -0.217
 -0.221 -0.218 -0.198 -0.073  0.131  0.356  0.623  0.618  0.780  1.000  0.579  0.398  0.283  0.118 -0.033 -0.079 -0.149 -0.220 -0.209 -0.186 -0.137 -0.042  0.013  0.053  0.011  0.006  0.037  0.006  0.007  0.035 -0.001  0.029  0.067  0.031  0.015 -0.015 -0.023  0.044  0.001  0.005  0.082  0.109  0.096  0.049  0.009 -0.008 -0.039  0.054  0.109  0.116  0.125  0.098  0.018 -0.018 -0.093 -0.145 -0.199 -0.139 -0.126 -0.194 -0.202 -0.139 -0.219 -0.231 -0.164 -0.084 -0.025  0.129  0.218  0.208  0.086  0.044 -0.096 -0.151 -0.256 -0.282
 -0.204 -0.162 -0.092  0.159  0.292  0.469  0.518  0.290  0.267  0.579  1.000  0.760  0.569  0.320  0.080 -0.062 -0.136 -0.171 -0.145 -0.125 -0.139 -0.084 -0.041 -0.018 -0.043 -0.056 -0.084 -0.017  0.064  0.001 -0.037  0.068  0.073 -0.071 -0.143 -0.215 -0.169 -0.028 -0.031 -0.058 -0.013  0.039  0.009 -0.021 -0.065 -0.056 -0.044  0.007  0.045  0.016  0.045  0.041  0.031  0.052 -0.064 -0.104 -0.121 -0.061 -0.028 -0.116 -0.160 -0.227 -0.194 -0.146 -0.047  0.019  0.030  0.049  0.121  0.121  0.058  0.016  0.097  0.018 -0.162 -0.300
 -0.189 -0.084  0.015  0.323  0.463  0.595  0.390  0.163  0.158  0.398  0.760  1.000  0.731  0.438  0.096 -0.040 -0.133 -0.193 -0.212 -0.226 -0.216 -0.158 -0.078 -0.025 -0.039 -0.018 -0.036 -0.009  0.095  0.050 -0.002  0.061  0.080  0.014 -0.070 -0.142 -0.107 -0.004 -0.034 -0.077 -0.049 -0.013 -0.008 -0.040 -0.061 -0.061 -0.087 -0.027  0.003  0.002  0.021  0.023 -0.037 -0.077 -0.173 -0.195 -0.212 -0.166 -0.126 -0.183 -0.204 -0.231 -0.195 -0.078  0.024  0.151  0.119  0.067  0.094  0.054 -0.028 -0.059 -0.018 -0.080 -0.075 -0.160
 -0.090  0.015  0.105  0.348  0.492  0.463  0.334  0.108  0.068  0.283  0.569  0.731  1.000  0.697  0.310  0.105  0.003 -0.085 -0.136 -0.181 -0.162 -0.152 -0.096 -0.024 -0.011 -0.012 -0.032  0.008  0.076  0.005 -0.072  0.009  0.044 -0.015 -0.103 -0.188 -0.186 -0.070 -0.062 -0.101 -0.070 -0.023 -0.046 -0.079 -0.080 -0.048 -0.042  0.018 -0.007 -0.065 -0.071 -0.026 -0.081 -0.121 -0.190 -0.189 -0.218 -0.216 -0.178 -0.209 -0.208 -0.219 -0.146 -0.059 -0.053  0.027  0.013 -0.021  0.063  0.023 -0.044 -0.025 -0.017  0.001 -0.062 -0.107
  0.123  0.244  0.304  0.437  0.333  0.249  0.128 -0.034 -0.050  0.118  0.320  0.438  0.697  1.000  0.545  0.308  0.187  0.074 -0.034 -0.135 -0.141 -0.218 -0.185 -0.097 -0.086 -0.103 -0.087 -0.046 -0.006 -0.077 -0.110 -0.076 -0.056 -0.066 -0.120 -0.174 -0.158 -0.090 -0.061 -0.106 -0.131 -0.107 -0.131 -0.154 -0.141 -0.060 -0.051 -0.031 -0.090 -0.158 -0.187 -0.145 -0.165 -0.221 -0.236 -0.184 -0.186 -0.239 -0.182 -0.155 -0.123 -0.118  0.044  0.143  0.056  0.081 -0.030 -0.096 -0.074 -0.087 -0.130 -0.087 -0.026  0.026  0.055  0.032
  0.224  0.435  0.461  0.317  0.148  0.016 -0.028 -0.129 -0.115 -0.033  0.080  0.096  0.310  0.545  1.000  0.528  0.337  0.186  0.065 -0.058 -0.125 -0.255 -0.251 -0.175 -0.186 -0.124 -0.067 -0.067 -0.081 -0.068 -0.061 -0.078 -0.123 -0.060 -0.070 -0.078 -0.084 -0.094 -0.008  0.028 -0.035 -0.050 -0.089 -0.111 -0.200 -0.087  0.007 -0.033 -0.120 -0.214 -0.286 -0.245 -0.219 -0.275 -0.246 -0.117 -0.093 -0.184 -0.098 -0.025  0.071  0.027  0.236  0.332  0.174  0.057 -0.059 -0.055 -0.066 -0.055 -0.029  0.036 -0.025  0.045 -0.002 -0.028
  0.581  0.602  0.369  0.150 -0.048 -0.128 -0.163 -0.153 -0.095 -0.079 -0.062 -0.040  0.105  0.308  0.528  1.000  0.747  0.482  0.268  0.155  0.194  0.002 -0.168 -0.164 -0.082 -0.141 -0.221 -0.264 -0.273 -0.276 -0.335 -0.362 -0.300 -0.260 -0.295 -0.265 -0.265 -0.249 -0.190 -0.195 -0.238 -0.180 -0.187 -0.212 -0.183 -0.122 -0.104 -0.080 -0.138 -0.203 -0.249 -0.220 -0.139 -0.101  0.008  0.075  0.036 -0.092 -0.120 -0.051  0.022  0.071  0.343  0.288 -0.009 -0.060 -0.195 -0.197 -0.218 -0.187 -0.180 -0.067  0.034  0.153  0.170  0.211
  0.558  0.452  0.327  0.103 -0.131 -0.212 -0.235 -0.188 -0.128 -0.149 -0.136 -0.133  0.003  0.187  0.337  0.747  1.000  0.747  0.425  0.295  0.391  0.153 -0.053 -0.069  0.037 -0.077 -0.208 -0.210 -0.225 -0.305 -0.362 -0.372 -0.345 -0.325 -0.343 -0.317 -0.307 -0.296 -0.225 -0.251 -0.295 -0.242 -0.239 -0.236 -0.199 -0.113 -0.077 -0.083 -0.150 -0.203 -0.213 -0.151 -0.034  0.025  0.155  0.205  0.166  0.018 -0.043  0.019  0.064  0.063  0.287  0.206 -0.050 -0.091 -0.240 -0.276 -0.297 -0.270 -0.236 -0.137  0.022  0.144  0.175  0.258
  0.511  0.361  0.229  0.017 -0.199 -0.287 -0.305 -0.255 -0.182 -0.220 -0.171 -0.193 -0.085  0.074  0.186  0.482  0.747  1.000  0.670  0.503  0.500  0.196 -0.042 -0.083  0.047 -0.106 -0.267 -0.210 -0.234 -0.345 -0.382 -0.373 -0.354 -0.361 -0.372 -0.357 -0.342 -0.333 -0.259 -0.291 -0.343 -0.280 -0.281 -0.269 -0.217 -0.121 -0.080 -0.132 -0.202 -0.268 -0.258 -0.183 -0.022  0.067  0.244  0.318  0.329  0.165  0.089  0.156  0.143  0.065  0.259  0.179 -0.052 -0.127 -0.252 -0.325 -0.349 -0.328 -0.266 -0.176  0.049  0.211  0.257  0.324
  0.309  0.183  0.077 -0.078 -0.247 -0.307 -0.288 -0.256 -0.182 -0.209 -0.145 -0.212 -0.136 -0.034  0.065  0.268  0.425  0.670  1.000  0.666  0.462  0.178 -0.028 -0.113 -0.047 -0.175 -0.301 -0.223 -0.248 -0.338 -0.340 -0.321 -0.314 -0.335 -0.333 -0.342 -0.327 -0.317 -0.237 -0.254 -0.316 -0.256 -0.261 -0.248 -0.217 -0.144 -0.099 -0.189 -0.233 -0.245 -0.199 -0.165  0.030  0.189  0.398  0.511  0.551  0.378  0.256  0.315  0.262  0.085  0.183  0.107 -0.020 -0.117 -0.228 -0.304 -0.334 -0.294 -0.211 -0.138  0.113  0.223  0.231  0.265
  0.183  0.053 -0.027 -0.168 -0.259 -0.317 -0.257 -0.223 -0.157 -0.186 -0.125 -0.226 -0.181 -0.135 -0.058  0.155  0.295  0.503  0.666  1.000  0.714  0.411  0.155  0.053  0.124 -0.032 -0.198 -0.119 -0.146 -0.270 -0.285 -0.272 -0.285 -0.324 -0.314 -0.314 -0.283 -0.264 -0.225 -0.235 -0.280 -0.217 -0.205 -0.218 -0.177 -0.125 -0.097 -0.162 -0.190 -0.168 -0.073 -0.017  0.174  0.336  0.536  0.508  0.530  0.410  0.282  0.302  0.204  0.008  0.046 -0.039 -0.134 -0.182 -0.222 -0.280 -0.265 -0.239 -0.172 -0.147  0.087  0.131  0.170  0.186
  0.179  0.024 -0.064 -0.201 -0.264 -0.294 -0.210 -0.157 -0.105 -0.137 -0.139 -0.216 -0.162 -0.141 -0.125  0.194  0.391  0.500  0.462  0.714  1.000  0.717  0.396  0.283  0.364  0.137 -0.058 -0.007 -0.073 -0.221 -0.265 -0.270 -0.272 -0.309 -0.289 -0.269 -0.246 -0.232 -0.208 -0.221 -0.228 -0.161 -0.133 -0.143 -0.085 -0.055 -0.051 -0.048 -0.065 -0.029  0.078  0.183  0.310  0.439  0.565  0.434  0.351  0.264  0.119  0.104  0.047 -0.052 -0.043 -0.138 -0.259 -0.247 -0.253 -0.259 -0.207 -0.168 -0.142 -0.140 -0.001  0.005  0.034  0.105
 -0.031 -0.180 -0.225 -0.292 -0.231 -0.217 -0.096 -0.059 -0.024 -0.042 -0.084 -0.158 -0.152 -0.218 -0.255  0.002  0.153  0.196  0.178  0.411  0.717  1.000  0.720  0.575  0.584  0.376  0.171  0.138  0.043 -0.073 -0.129 -0.158 -0.168 -0.209 -0.176 -0.141 -0.120 -0.086 -0.105 -0.109 -0.076 -0.040 -0.006 -0.025  0.035  0.019  0.011  0.072  0.103  0.197  0.345  0.499  0.548  0.608  0.559  0.350  0.205  0.211  0.070 -0.004 -0.063 -0.123 -0.196 -0.295 -0.332 -0.293 -0.227 -0.183 -0.089 -0.048 -0.041 -0.101 -0.053 -0.154 -0.171 -0.101
 -0.212 -0.301 -0.289 -0.282 -0.176 -0.137 -0.023  0.002  0.009  0.013 -0.041 -0.078 -0.096 -0.185 -0.251 -0.168 -0.053 -0.042 -0.028  0.155  0.396  0.720  1.000  0.763  0.624  0.493  0.380  0.310  0.183  0.068  0.038 -0.002 -0.047 -0.078 -0.028  0.002  0.026  0.065  0.010  0.006  0.056  0.050  0.102  0.044  0.056  0.042  0.054  0.150  0.212  0.335  0.479  0.643  0.524  0.496  0.357  0.188  0.021  0.075  0.008 -0.091 -0.149 -0.177 -0.295 -0.347 -0.324 -0.262 -0.185 -0.091  0.004  0.063  0.073 -0.015 -0.079 -0.224 -0.290 -0.244
 -0.238 -0.317 -0.293 -0.262 -0.088 -0.047  0.046  0.050  0.049  0.053 -0.018 -0.025 -0.024 -0.097 -0.175 -0.164 -0.069 -0.083 -0.113  0.053  0.283  0.575  0.763  1.000  0.760  0.491  0.522  0.448  0.247  0.173  0.164  0.081  0.014  0.013  0.078  0.113  0.138  0.176  0.120  0.109  0.155  0.103  0.130  0.118  0.111  0.116  0.117  0.228  0.237  0.323  0.471  0.672  0.545  0.367  0.220  0.050 -0.095 -0.036 -0.072 -0.175 -0.201 -0.160 -0.335 -0.377 -0.323 -0.230 -0.134 -0.034  0.090  0.127  0.113 -0.027 -0.179 -0.375 -0.401 -0.341
 -0.118 -0.225 -0.234 -0.256 -0.133 -0.108 -0.013  0.000  0.003  0.011 -0.043 -0.039 -0.011 -0.086 -0.186 -0.082  0.037  0.047 -0.047  0.124  0.364  0.584  0.624  0.760  1.000  0.699  0.484  0.497  0.398  0.208  0.125  0.083  0.033 -0.028  0.009  0.027  0.041  0.094  0.024 -0.014  0.039  0.003  0.025  0.012  0.059  0.057  0.035  0.124  0.142  0.180  0.311  0.497  0.401  0.280  0.195  0.038 -0.105 -0.097 -0.158 -0.234 -0.241 -0.214 -0.284 -0.322 -0.361 -0.264 -0.201 -0.138 -0.019  0.003  0.002 -0.073 -0.117 -0.276 -0.271 -0.154
 -0.211 -0.241 -0.221 -0.214 -0.090 -0.070 -0.013  0.006  0.003  0.006 -0.056 -0.018 -0.012 -0.103 -0.124 -0.141 -0.077 -0.106 -0.175 -0.032  0.137  0.376  0.493  0.491  0.699  1.000  0.667  0.492  0.523  0.407  0.248  0.213  0.178  0.121  0.114  0.134  0.138  0.197  0.093  0.041  0.118  0.048  0.060 -0.007 -0.002 -0.035 -0.031  0.061  0.102  0.119  0.176  0.313  0.226  0.113  0.016 -0.090 -0.184 -0.165 -0.209 -0.255 -0.281 -0.285 -0.314 -0.262 -0.285 -0.193 -0.150 -0.084 -0.008 -0.009 -0.006 -0.051 -0.089 -0.234 -0.209 -0.100
 -0.308 -0.289 -0.237 -0.202 -0.027  0.005  0.056  0.066  0.042  0.037 -0.084 -0.036 -0.032 -0.087 -0.067 -0.221 -0.208 -0.267 -0.301 -0.198 -0.058  0.171  0.380  0.522  0.484  0.667  1.000  0.734  0.510  0.549  0.517  0.362  0.255  0.308  0.372  0.420  0.425  0.463  0.340  0.307  0.384  0.232  0.209  0.150  0.082  0.062  0.065  0.137  0.169  0.171  0.223  0.340  0.223  0.018 -0.116 -0.197 -0.273 -0.233 -0.211 -0.283 -0.259 -0.199 -0.346 -0.286 -0.218 -0.142 -0.047  0.098  0.180  0.175  0.163  0.044 -0.230 -0.435 -0.439 -0.340
 -0.282 -0.269 -0.190 -0.165 -0.021 -0.011  0.050  0.016 -0.026  0.006 -0.017 -0.009  0.008 -0.046 -0.067 -0.264 -0.210 -0.210 -0.223 -0.119 -0.007  0.138  0.310  0.448  0.497  0.492  0.734  1.000  0.713  0.536  0.585  0.517  0.319  0.251  0.343  0.318  0.316  0.333  0.230  0.204  0.257  0.130  0.088  0.049 -0.005  0.026  0.018  0.043  0.071  0.063  0.158  0.264  0.187  0.027 -0.075 -0.155 -0.219 -0.196 -0.180 -0.253 -0.210 -0.171 -0.312 -0.279 -0.208 -0.145 -0.056  0.013  0.113  0.118  0.136  0.042 -0.162 -0.328 -0.371 -0.290
 -0.301 -0.272 -0.171 -0.082  0.060  0.068  0.063  0.027 -0.037  0.007  0.064  0.095  0.076 -0.006 -0.081 -0.273 -0.225 -0.234 -0.248 -0.146 -0.073  0.043  0.183  0.247  0.398  0.523  0.510  0.713  1.000  0.731  0.539  0.629  0.534  0.316  0.275  0.195  0.152  0.201  0.085  0.027  0.117  0.021  0.001 -0.066 -0.085 -0.085 -0.118 -0.088 -0.018  0.005  0.086  0.147  0.071 -0.020 -0.121 -0.207 -0.242 -0.193 -0.211 -0.277 -0.271 -0.291 -0.313 -0.223 -0.155 -0.055  0.010 -0.013  0.032 -0.001 -0.003 -0.073 -0.078 -0.248 -0.192 -0.093
 -0.353 -0.298 -0.224 -0.107  0.093  0.129  0.101  0.104  0.042  0.035  0.001  0.050  0.005 -0.077 -0.068 -0.276 -0.305 -0.345 -0.338 -0.270 -0.221 -0.073  0.068  0.173  0.208  0.407  0.549  0.536  0.731  1.000  0.761  0.655  0.648  0.588  0.515  0.512  0.412  0.403  0.271  0.261  0.342  0.176  0.124  0.034 -0.018 -0.042 -0.081 -0.058  0.025  0.058  0.091  0.119 -0.003 -0.134 -0.249 -0.321 -0.318 -0.233 -0.221 -0.295 -0.304 -0.278 -0.333 -0.234 -0.123 -0.021  0.085  0.149  0.175  0.138  0.119  0.030 -0.123 -0.361 -0.319 -0.260
 -0.336 -0.276 -0.187 -0.106  0.031  0.080  0.057  0.054  0.008 -0.001 -0.037 -0.002 -0.072 -0.110 -0.061 -0.335 -0.362 -0.382 -0.340 -0.285 -0.265 -0.129  0.038  0.164  0.125  0.248  0.517  0.585  0.539  0.761  1.000  0.784  0.573  0.608  0.679  0.656  0.610  0.547  0.425  0.394  0.387  0.185  0.098  0.065 -0.007  0.018  0.010 -0.003  0.013  0.017  0.069  0.116  0.006 -0.165 -0.265 -0.295 -0.272 -0.205 -0.164 -0.224 -0.205 -0.163 -0.300 -0.214 -0.077 -0.021  0.057  0.135  0.182  0.181  0.206  0.087 -0.159 -0.392 -0.391 -0.361
 -0.359 -0.300 -0.165 -0.070  0.064  0.103  0.085  0.071  0.009  0.029  0.068  0.061  0.009 -0.076 -0.078 -0.362 -0.372 -0.373 -0.321 -0.272 -0.270 -0.158 -0.002  0.081  0.083  0.213  0.362  0.517  0.629  0.655  0.784  1.000  0.762  0.568  0.573  0.420  0.350  0.329  0.234  0.191  0.216  0.068  0.002 -0.026 -0.061 -0.029 -0.064 -0.062 -0.033 -0.024  0.039  0.056 -0.042 -0.144 -0.232 -0.266 -0.247 -0.165 -0.144 -0.199 -0.196 -0.185 -0.311 -0.212 -0.056 -0.016  0.063  0.069  0.105  0.077  0.100  0.018 -0.095 -0.256 -0.227 -0.227
 -0.344 -0.305 -0.201 -0.066  0.089  0.124  0.104  0.106  0.057  0.067  0.073  0.080  0.044 -0.056 -0.123 -0.300 -0.345 -0.354 -0.314 -0.285 -0.272 -0.168 -0.047  0.014  0.033  0.178  0.255  0.319  0.534  0.648  0.573  0.762  1.000  0.741  0.533  0.401  0.228  0.206  0.114  0.102  0.185  0.059  0.002 -0.078 -0.068 -0.075 -0.120 -0.107 -0.035  0.003  0.028  0.023 -0.110 -0.153 -0.235 -0.307 -0.280 -0.166 -0.185 -0.228 -0.273 -0.221 -0.311 -0.228 -0.081 -0.023  0.090  0.070  0.085  0.054  0.070  0.043 -0.013 -0.168 -0.151 -0.148
 -0.307 -0.239 -0.172 -0.083  0.055  0.114  0.057  0.084  0.060  0.031 -0.071  0.014 -0.015 -0.066 -0.060 -0.260 -0.325 -0.361 -0.335 -0.324 -0.309 -0.209 -0.078  0.013 -0.028  0.121  0.308  0.251  0.316  0.588  0.608  0.568  0.741  1.000  0.809  0.700  0.495  0.378  0.297  0.307  0.329  0.147  0.086  0.003 -0.035 -0.026 -0.056 -0.058 -0.007  0.027  0.032  0.028 -0.141 -0.252 -0.309 -0.336 -0.294 -0.202 -0.179 -0.212 -0.230 -0.165 -0.281 -0.158 -0.050 -0.007  0.077  0.132  0.127  0.121  0.129  0.082 -0.140 -0.318 -0.255 -0.206
 -0.292 -0.234 -0.195 -0.150  0.015  0.072  0.073  0.103  0.053  0.015 -0.143 -0.070 -0.103 -0.120 -0.070 -0.295 -0.343 -0.372 -0.333 -0.314 -0.289 -0.176 -0.028  0.078  0.009  0.114  0.372  0.343  0.275  0.515  0.679  0.573  0.533  0.809  1.000  0.854  0.674  0.507  0.402  0.423  0.402  0.203  0.131  0.081  0.018  0.035  0.000 -0.012  0.011  0.038  0.068  0.076 -0.086 -0.254 -0.296 -0.321 -0.282 -0.201 -0.169 -0.199 -0.203 -0.101 -0.265 -0.180 -0.068 -0.044  0.053  0.174  0.213  0.223  0.238  0.136 -0.263 -0.401 -0.325 -0.285
 -0.274 -0.222 -0.191 -0.173 -0.018  0.046  0.050  0.100  0.061 -0.015 -0.215 -0.142 -0.188 -0.174 -0.078 -0.265 -0.317 -0.357 -0.342 -0.314 -0.269 -0.141  0.002  0.113  0.027  0.134  0.420  0.318  0.195  0.512  0.656  0.420  0.401  0.700  0.854  1.000  0.835  0.621  0.486  0.528  0.499  0.276  0.196  0.147  0.069  0.065  0.046  0.038  0.065  0.087  0.099  0.117 -0.044 -0.236 -0.292 -0.325 -0.277 -0.194 -0.167 -0.197 -0.213 -0.081 -0.235 -0.165 -0.068 -0.040  0.060  0.220  0.261  0.284  0.298  0.177 -0.270 -0.440 -0.379 -0.345
 -0.242 -0.208 -0.166 -0.134 -0.025  0.042  0.028  0.074  0.043 -0.023 -0.169 -0.107 -0.186 -0.158 -0.084 -0.265 -0.307 -0.342 -0.327 -0.283 -0.246 -0.120  0.026  0.138  0.041  0.138  0.425  0.316  0.152  0.412  0.610  0.350  0.228  0.495  0.674  0.835  1.000  0.809  0.628  0.586  0.495  0.281  0.184  0.184  0.093  0.120  0.124  0.095  0.069  0.069  0.091  0.127  0.004 -0.196 -0.258 -0.276 -0.235 -0.179 -0.140 -0.173 -0.170 -0.057 -0.205 -0.148 -0.047 -0.010  0.050  0.213  0.245  0.259  0.273  0.136 -0.232 -0.464 -0.405 -0.382
 -0.255 -0.243 -0.199 -0.122  0.009  0.089  0.090  0.108  0.073  0.044 -0.028 -0.004 -0.070 -0.090 -0.094 -0.249 -0.296 -0.333 -0.317 -0.264 -0.232 -0.086  0.065  0.176  0.094  0.197  0.463  0.333  0.201  0.403  0.547  0.329  0.206  0.378  0.507  0.621  0.809  1.000  0.756  0.583  0.547  0.360  0.244  0.209  0.096  0.108  0.134  0.114  0.105  0.082  0.098  0.140  0.052 -0.127 -0.237 -0.249 -0.227 -0.193 -0.150 -0.200 -0.195 -0.129 -0.260 -0.206 -0.117 -0.042  0.032  0.203  0.249  0.266  0.273  0.127 -0.133 -0.462 -0.468 -0.436
 -0.201 -0.184 -0.131 -0.103 -0.004  0.042  0.062  0.054  0.033  0.001 -0.031 -0.034 -0.062 -0.061 -0.008 -0.190 -0.225 -0.259 -0.237 -0.225 -0.208 -0.105  0.010  0.120  0.024  0.093  0.340  0.230  0.085  0.271  0.425  0.234  0.114  0.297  0.402  0.486  0.628  0.756  1.000  0.795  0.660  0.499  0.307  0.240  0.086  0.110  0.151  0.131  0.120  0.064  0.030  0.092  0.049 -0.115 -0.215 -0.191 -0.156 -0.150 -0.090 -0.129 -0.114 -0.091 -0.198 -0.156 -0.105 -0.048  0.016  0.179  0.255  0.317  0.395  0.286 -0.033 -0.411 -0.492 -0.490
 -0.236 -0.206 -0.141 -0.111  0.009  0.068  0.125  0.109  0.049  0.005 -0.058 -0.077 -0.101 -0.106  0.028 -0.195 -0.251 -0.291 -0.254 -0.235 -0.221 -0.109  0.006  0.109 -0.014  0.041  0.307  0.204  0.027  0.261  0.394  0.191  0.102  0.307  0.423  0.528  0.586  0.583  0.795  1.000  0.820  0.612  0.376  0.276  0.092  0.084  0.109  0.104  0.145  0.122  0.072  0.113  0.032 -0.127 -0.224 -0.219 -0.171 -0.130 -0.069 -0.121 -0.120 -0.079 -0.193 -0.155 -0.081 -0.047  0.066  0.260  0.374  0.506  0.620  0.530  0.008 -0.343 -0.553 -0.584
 -0.312 -0.300 -0.241 -0.167  0.053  0.130  0.244  0.227  0.112  0.082 -0.013 -0.049 -0.070 -0.131 -0.035 -0.238 -0.295 -0.343 -0.316 -0.280 -0.228 -0.076  0.056  0.155  0.039  0.118  0.384  0.257  0.117  0.342  0.387  0.216  0.185  0.329  0.402  0.499  0.495  0.547  0.660  0.820  1.000  0.798  0.539  0.369  0.143  0.074  0.106  0.126  0.232  0.208  0.143  0.155  0.070 -0.076 -0.214 -0.254 -0.234 -0.164 -0.118 -0.199 -0.217 -0.162 -0.288 -0.248 -0.163 -0.094  0.099  0.363  0.522  0.617  0.633  0.499 -0.001 -0.366 -0.609 -0.610
 -0.259 -0.263 -0.223 -0.149  0.093  0.155  0.287  0.270  0.135  0.109  0.039 -0.013 -0.023 -0.107 -0.050 -0.180 -0.242 -0.280 -0.256 -0.217 -0.161 -0.040  0.050  0.103  0.003  0.048  0.232  0.130  0.021  0.176  0.185  0.068  0.059  0.147  0.203  0.276  0.281  0.360  0.499  0.612  0.798  1.000  0.729  0.475  0.199  0.058  0.089  0.117  0.265  0.251  0.187  0.152  0.119  0.009 -0.116 -0.170 -0.167 -0.107 -0.066 -0.144 -0.179 -0.133 -0.247 -0.237 -0.162 -0.082  0.147  0.415  0.587  0.680  0.576  0.479 -0.002 -0.315 -0.543 -0.552
 -0.272 -0.255 -0.223 -0.133  0.101  0.165  0.244  0.236  0.115  0.096  0.009 -0.008 -0.046 -0.131 -0.089 -0.187 -0.239 -0.281 -0.261 -0.205 -0.133 -0.006  0.102  0.130  0.025  0.060  0.209  0.088  0.001  0.124  0.098  0.002  0.002  0.086  0.131  0.196  0.184  0.244  0.307  0.376  0.539  0.729  1.000  0.704  0.330  0.088  0.094  0.157  0.372  0.386  0.283  0.181  0.137  0.050 -0.085 -0.166 -0.173 -0.110 -0.074 -0.162 -0.204 -0.156 -0.257 -0.235 -0.130 -0.021  0.228  0.514  0.554  0.505  0.341  0.259 -0.054 -0.306 -0.438 -0.411
 -0.249 -0.226 -0.189 -0.144  0.056  0.110  0.183  0.176  0.070  0.049 -0.021 -0.040 -0.079 -0.154 -0.111 -0.212 -0.236 -0.269 -0.248 -0.218 -0.143 -0.025  0.044  0.118  0.012 -0.007  0.150  0.049 -0.066  0.034  0.065 -0.026 -0.078  0.003  0.081  0.147  0.184  0.209  0.240  0.276  0.369  0.475  0.704  1.000  0.644  0.340  0.392  0.413  0.451  0.329  0.224  0.163  0.101  0.001 -0.134 -0.194 -0.214 -0.166 -0.124 -0.187 -0.185 -0.104 -0.225 -0.218 -0.118 -0.026  0.222  0.498  0.456  0.383  0.229  0.138 -0.115 -0.265 -0.346 -0.348
 -0.200 -0.221 -0.225 -0.208 -0.017  0.019  0.089  0.075  0.013  0.009 -0.065 -0.061 -0.080 -0.141 -0.200 -0.183 -0.199 -0.217 -0.217 -0.177 -0.085  0.035  0.056  0.111  0.059 -0.002  0.082 -0.005 -0.085 -0.018 -0.007 -0.061 -0.068 -0.035  0.018  0.069  0.093  0.096  0.086  0.092  0.143  0.199  0.330  0.644  1.000  0.668  0.479  0.452  0.320  0.269  0.231  0.186  0.090  0.014 -0.078 -0.162 -0.229 -0.182 -0.150 -0.212 -0.186 -0.077 -0.189 -0.235 -0.183 -0.086  0.108  0.268  0.245  0.173  0.074 -0.006 -0.187 -0.178 -0.129 -0.164
 -0.141 -0.179 -0.181 -0.184 -0.054 -0.039  0.030 -0.017 -0.034 -0.008 -0.056 -0.061 -0.048 -0.060 -0.087 -0.122 -0.113 -0.121 -0.144 -0.125 -0.055  0.019  0.042  0.116  0.057 -0.035  0.062  0.026 -0.085 -0.042  0.018 -0.029 -0.075 -0.026  0.035  0.065  0.120  0.108  0.110  0.084  0.074  0.058  0.088  0.340  0.668  1.000  0.708  0.488  0.222  0.126  0.147  0.166  0.103 -0.013 -0.082 -0.133 -0.168 -0.135 -0.114 -0.153 -0.138 -0.054 -0.146 -0.205 -0.199 -0.158 -0.030  0.084  0.091  0.042  0.006 -0.085 -0.227 -0.181 -0.112 -0.148
 -0.116 -0.151 -0.136 -0.162 -0.068 -0.086 -0.009 -0.055 -0.064 -0.039 -0.044 -0.087 -0.042 -0.051  0.007 -0.104 -0.077 -0.080 -0.099 -0.097 -0.051  0.011  0.054  0.117  0.035 -0.031  0.065  0.018 -0.118 -0.081  0.010 -0.064 -0.120 -0.056  0.000  0.046  0.124  0.134  0.151  0.109  0.106  0.089  0.094  0.392  0.479  0.708  1.000  0.679  0.343  0.088  0.066  0.134  0.108  0.015 -0.068 -0.094 -0.121 -0.108 -0.078 -0.088 -0.070 -0.026 -0.115 -0.161 -0.160 -0.176 -0.084  0.044  0.078  0.031  0.026 -0.059 -0.150 -0.158 -0.195 -0.201
 -0.176 -0.173 -0.173 -0.162 -0.039 -0.027  0.047  0.029  0.027  0.054  0.007 -0.027  0.018 -0.031 -0.033 -0.080 -0.083 -0.132 -0.189 -0.162 -0.048  0.072  0.150  0.228  0.124  0.061  0.137  0.043 -0.088 -0.058 -0.003 -0.062 -0.107 -0.058 -0.012  0.038  0.095  0.114  0.131  0.104  0.126  0.117  0.157  0.413  0.452  0.488  0.679  1.000  0.682  0.357  0.189  0.250  0.130  0.026 -0.102 -0.151 -0.219 -0.178 -0.143 -0.189 -0.180 -0.106 -0.207 -0.229 -0.230 -0.184 -0.114  0.011  0.094  0.072  0.047 -0.007 -0.120 -0.175 -0.246 -0.234
 -0.228 -0.221 -0.202 -0.139  0.001  0.045  0.116  0.121  0.098  0.109  0.045  0.003 -0.007 -0.090 -0.120 -0.138 -0.150 -0.202 -0.233 -0.190 -0.065  0.103  0.212  0.237  0.142  0.102  0.169  0.071 -0.018  0.025  0.013 -0.033 -0.035 -0.007  0.011  0.065  0.069  0.105  0.120  0.145  0.232  0.265  0.372  0.451  0.320  0.222  0.343  0.682  1.000  0.632  0.345  0.309  0.167  0.098 -0.060 -0.132 -0.181 -0.101 -0.063 -0.146 -0.186 -0.156 -0.254 -0.256 -0.221 -0.124 -0.006  0.145  0.211  0.196  0.128  0.072 -0.092 -0.208 -0.348 -0.307
 -0.323 -0.308 -0.255 -0.168 -0.024  0.061  0.126  0.144  0.125  0.116  0.016  0.002 -0.065 -0.158 -0.214 -0.203 -0.203 -0.268 -0.245 -0.168 -0.029  0.197  0.335  0.323  0.180  0.119  0.171  0.063  0.005  0.058  0.017 -0.024  0.003  0.027  0.038  0.087  0.069  0.082  0.064  0.122  0.208  0.251  0.386  0.329  0.269  0.126  0.088  0.357  0.632  1.000  0.721  0.517  0.257  0.224  0.044 -0.050 -0.132 -0.002  0.047 -0.102 -0.167 -0.165 -0.314 -0.304 -0.195 -0.058  0.044  0.148  0.192  0.220  0.121  0.034 -0.101 -0.282 -0.313 -0.267
 -0.345 -0.377 -0.289 -0.201 -0.021  0.069  0.131  0.151  0.126  0.125  0.045  0.021 -0.071 -0.187 -0.286 -0.249 -0.213 -0.258 -0.199 -0.073  0.078  0.345  0.479  0.471  0.311  0.176  0.223  0.158  0.086  0.091  0.069  0.039  0.028  0.032  0.068  0.099  0.091  0.098  0.030  0.072  0.143  0.187  0.283  0.224  0.231  0.147  0.066  0.189  0.345  0.721  1.000  0.764  0.506  0.431  0.223  0.079 -0.033  0.134  0.157 -0.026 -0.131 -0.165 -0.355 -0.384 -0.221 -0.075  0.047  0.125  0.172  0.211  0.111 -0.034 -0.182 -0.382 -0.363 -0.320
 -0.306 -0.368 -0.289 -0.229 -0.050  0.007  0.094  0.091  0.080  0.098  0.041  0.023 -0.026 -0.145 -0.245 -0.220 -0.151 -0.183 -0.165 -0.017  0.183  0.499  0.643  0.672  0.497  0.313  0.340  0.264  0.147  0.119  0.116  0.056  0.023  0.028  0.076  0.117  0.127  0.140  0.092  0.113  0.155  0.152  0.181  0.163  0.186  0.166  0.134  0.250  0.309  0.517  0.764  1.000  0.691  0.492  0.266  0.081 -0.071  0.069  0.041 -0.132 -0.205 -0.193 -0.369 -0.399 -0.298 -0.182 -0.070  0.021  0.124  0.183  0.150 -0.005 -0.201 -0.409 -0.406 -0.375
 -0.176 -0.289 -0.250 -0.236 -0.099 -0.082  0.012  0.001  0.012  0.018  0.031 -0.037 -0.081 -0.165 -0.219 -0.139 -0.034 -0.022  0.030  0.174  0.310  0.548  0.524  0.545  0.401  0.226  0.223  0.187  0.071 -0.003  0.006 -0.042 -0.110 -0.141 -0.086 -0.044  0.004  0.052  0.049  0.032  0.070  0.119  0.137  0.101  0.090  0.103  0.108  0.130  0.167  0.257  0.506  0.691  1.000  0.723  0.479  0.301  0.164  0.241  0.161  0.032 -0.046 -0.093 -0.233 -0.325 -0.244 -0.199 -0.095 -0.055  0.047  0.073  0.058 -0.074 -0.111 -0.293 -0.313 -0.311
 -0.115 -0.256 -0.239 -0.242 -0.169 -0.161 -0.066 -0.067 -0.028 -0.018  0.052 -0.077 -0.121 -0.221 -0.275 -0.101  0.025  0.067  0.189  0.336  0.439  0.608  0.496  0.367  0.280  0.113  0.018  0.027 -0.020 -0.134 -0.165 -0.144 -0.153 -0.252 -0.254 -0.236 -0.196 -0.127 -0.115 -0.127 -0.076  0.009  0.050  0.001  0.014 -0.013  0.015  0.026  0.098  0.224  0.431  0.492  0.723  1.000  0.750  0.524  0.355  0.435  0.291  0.140  0.057 -0.089 -0.177 -0.289 -0.231 -0.218 -0.123 -0.124 -0.061 -0.027 -0.015 -0.090  0.120 -0.092 -0.195 -0.166
  0.001 -0.152 -0.182 -0.245 -0.242 -0.251 -0.160 -0.121 -0.072 -0.093 -0.064 -0.173 -0.190 -0.236 -0.246  0.008  0.155  0.244  0.398  0.536  0.565  0.559  0.357  0.220  0.195  0.016 -0.116 -0.075 -0.121 -0.249 -0.265 -0.232 -0.235 -0.309 -0.296 -0.292 -0.258 -0.237 -0.215 -0.224 -0.214 -0.116 -0.085 -0.134 -0.078 -0.082 -0.068 -0.102 -0.060  0.044  0.223  0.266  0.479  0.750  1.000  0.758  0.572  0.582  0.387  0.301  0.199 -0.002 -0.073 -0.197 -0.174 -0.208 -0.184 -0.220 -0.176 -0.132 -0.104 -0.135  0.042  0.014 -0.012  0.032
  0.110 -0.020 -0.054 -0.188 -0.287 -0.299 -0.248 -0.204 -0.122 -0.145 -0.104 -0.195 -0.189 -0.184 -0.117  0.075  0.205  0.318  0.511  0.508  0.434  0.350  0.188  0.050  0.038 -0.090 -0.197 -0.155 -0.207 -0.321 -0.295 -0.266 -0.307 -0.336 -0.321 -0.325 -0.276 -0.249 -0.191 -0.219 -0.254 -0.170 -0.166 -0.194 -0.162 -0.133 -0.094 -0.151 -0.132 -0.050  0.079  0.081  0.301  0.524  0.758  1.000  0.754  0.609  0.540  0.503  0.454  0.122  0.077 -0.054 -0.073 -0.175 -0.232 -0.280 -0.273 -0.206 -0.154 -0.150  0.066  0.079  0.064  0.112
  0.091 -0.023 -0.043 -0.141 -0.261 -0.290 -0.269 -0.224 -0.156 -0.199 -0.121 -0.212 -0.218 -0.186 -0.093  0.036  0.166  0.329  0.551  0.530  0.351  0.205  0.021 -0.095 -0.105 -0.184 -0.273 -0.219 -0.242 -0.318 -0.272 -0.247 -0.280 -0.294 -0.282 -0.277 -0.235 -0.227 -0.156 -0.171 -0.234 -0.167 -0.173 -0.214 -0.229 -0.168 -0.121 -0.219 -0.181 -0.132 -0.033 -0.071  0.164  0.355  0.572  0.754  1.000  0.793  0.606  0.636  0.436  0.117  0.091  0.009  0.017 -0.098 -0.159 -0.231 -0.266 -0.219 -0.137 -0.129  0.087  0.125  0.147  0.152
 -0.060 -0.160 -0.122 -0.161 -0.203 -0.206 -0.172 -0.149 -0.100 -0.139 -0.061 -0.166 -0.216 -0.239 -0.184 -0.092  0.018  0.165  0.378  0.410  0.264  0.211  0.075 -0.036 -0.097 -0.165 -0.233 -0.196 -0.193 -0.233 -0.205 -0.165 -0.166 -0.202 -0.201 -0.194 -0.179 -0.193 -0.150 -0.130 -0.164 -0.107 -0.110 -0.166 -0.182 -0.135 -0.108 -0.178 -0.101 -0.002  0.134  0.069  0.241  0.435  0.582  0.609  0.793  1.000  0.761  0.618  0.331  0.057  0.007 -0.070  0.012 -0.065 -0.068 -0.161 -0.177 -0.128 -0.065 -0.101  0.048  0.051  0.070  0.043
 -0.065 -0.113 -0.035 -0.085 -0.170 -0.172 -0.158 -0.162 -0.098 -0.126 -0.028 -0.126 -0.178 -0.182 -0.098 -0.120 -0.043  0.089  0.256  0.282  0.119  0.070  0.008 -0.072 -0.158 -0.209 -0.211 -0.180 -0.211 -0.221 -0.164 -0.144 -0.185 -0.179 -0.169 -0.167 -0.140 -0.150 -0.090 -0.069 -0.118 -0.066 -0.074 -0.124 -0.150 -0.114 -0.078 -0.143 -0.063  0.047  0.157  0.041  0.161  0.291  0.387  0.540  0.606  0.761  1.000  0.745  0.526  0.152  0.082  0.013  0.091 -0.012 -0.055 -0.141 -0.161 -0.097 -0.039 -0.091  0.030  0.027  0.029 -0.008
  0.053  0.010  0.045 -0.065 -0.222 -0.248 -0.244 -0.227 -0.154 -0.194 -0.116 -0.183 -0.209 -0.155 -0.025 -0.051  0.019  0.156  0.315  0.302  0.104 -0.004 -0.091 -0.175 -0.234 -0.255 -0.283 -0.253 -0.277 -0.295 -0.224 -0.199 -0.228 -0.212 -0.199 -0.197 -0.173 -0.200 -0.129 -0.121 -0.199 -0.144 -0.162 -0.187 -0.212 -0.153 -0.088 -0.189 -0.146 -0.102 -0.026 -0.132  0.032  0.140  0.301  0.503  0.636  0.618  0.745  1.000  0.693  0.310  0.229  0.130  0.164  0.008 -0.079 -0.183 -0.233 -0.185 -0.098 -0.098  0.023  0.162  0.180  0.117
  0.158  0.148  0.150 -0.024 -0.229 -0.264 -0.286 -0.274 -0.168 -0.202 -0.160 -0.204 -0.208 -0.123  0.071  0.022  0.064  0.143  0.262  0.204  0.047 -0.063 -0.149 -0.201 -0.241 -0.281 -0.259 -0.210 -0.271 -0.304 -0.205 -0.196 -0.273 -0.230 -0.203 -0.213 -0.170 -0.195 -0.114 -0.120 -0.217 -0.179 -0.204 -0.185 -0.186 -0.138 -0.070 -0.180 -0.186 -0.167 -0.131 -0.205 -0.046  0.057  0.199  0.454  0.436  0.331  0.526  0.693  1.000  0.625  0.431  0.261  0.277  0.057 -0.090 -0.188 -0.265 -0.208 -0.144 -0.121  0.058  0.156  0.182  0.173
  0.251  0.215  0.136 -0.043 -0.182 -0.227 -0.214 -0.194 -0.108 -0.139 -0.227 -0.231 -0.219 -0.118  0.027  0.071  0.063  0.065  0.085  0.008 -0.052 -0.123 -0.177 -0.160 -0.214 -0.285 -0.199 -0.171 -0.291 -0.278 -0.163 -0.185 -0.221 -0.165 -0.101 -0.081 -0.057 -0.129 -0.091 -0.079 -0.162 -0.133 -0.156 -0.104 -0.077 -0.054 -0.026 -0.106 -0.156 -0.165 -0.165 -0.193 -0.093 -0.089 -0.002  0.122  0.117  0.057  0.152  0.310  0.625  1.000  0.593  0.251  0.283  0.059 -0.041 -0.109 -0.159 -0.140 -0.098 -0.042 -0.077  0.154  0.247  0.163
  0.509  0.545  0.389  0.151 -0.168 -0.251 -0.297 -0.269 -0.203 -0.219 -0.194 -0.195 -0.146  0.044  0.236  0.343  0.287  0.259  0.183  0.046 -0.043 -0.196 -0.295 -0.335 -0.284 -0.314 -0.346 -0.312 -0.313 -0.333 -0.300 -0.311 -0.311 -0.281 -0.265 -0.235 -0.205 -0.260 -0.198 -0.193 -0.288 -0.247 -0.257 -0.225 -0.189 -0.146 -0.115 -0.207 -0.254 -0.314 -0.355 -0.369 -0.233 -0.177 -0.073  0.077  0.091  0.007  0.082  0.229  0.431  0.593  1.000  0.699  0.425  0.180 -0.067 -0.163 -0.269 -0.240 -0.183 -0.062  0.088  0.322  0.349  0.291
  0.376  0.557  0.472  0.338 -0.033 -0.126 -0.265 -0.263 -0.209 -0.231 -0.146 -0.078 -0.059  0.143  0.332  0.288  0.206  0.179  0.107 -0.039 -0.138 -0.295 -0.347 -0.377 -0.322 -0.262 -0.286 -0.279 -0.223 -0.234 -0.214 -0.212 -0.228 -0.158 -0.180 -0.165 -0.148 -0.206 -0.156 -0.155 -0.248 -0.237 -0.235 -0.218 -0.235 -0.205 -0.161 -0.229 -0.256 -0.304 -0.384 -0.399 -0.325 -0.289 -0.197 -0.054  0.009 -0.070  0.013  0.130  0.261  0.251  0.699  1.000  0.677  0.391  0.056 -0.083 -0.248 -0.236 -0.196 -0.080  0.084  0.262  0.323  0.303
  0.079  0.230  0.319  0.385  0.134  0.069 -0.132 -0.159 -0.135 -0.164 -0.047  0.024 -0.053  0.056  0.174 -0.009 -0.050 -0.052 -0.020 -0.134 -0.259 -0.332 -0.324 -0.323 -0.361 -0.285 -0.218 -0.208 -0.155 -0.123 -0.077 -0.056 -0.081 -0.050 -0.068 -0.068 -0.047 -0.117 -0.105 -0.081 -0.163 -0.162 -0.130 -0.118 -0.183 -0.199 -0.160 -0.230 -0.221 -0.195 -0.221 -0.298 -0.244 -0.231 -0.174 -0.073  0.017  0.012  0.091  0.164  0.277  0.283  0.425  0.677  1.000  0.655  0.357  0.089 -0.105 -0.129 -0.114 -0.063  0.030  0.140  0.223  0.149
 -0.024  0.113  0.252  0.494  0.309  0.295  0.019 -0.015 -0.065 -0.084  0.019  0.151  0.027  0.081  0.057 -0.060 -0.091 -0.127 -0.117 -0.182 -0.247 -0.293 -0.262 -0.230 -0.264 -0.193 -0.142 -0.145 -0.055 -0.021 -0.021 -0.016 -0.023 -0.007 -0.044 -0.040 -0.010 -0.042 -0.048 -0.047 -0.094 -0.082 -0.021 -0.026 -0.086 -0.158 -0.176 -0.184 -0.124 -0.058 -0.075 -0.182 -0.199 -0.218 -0.208 -0.175 -0.098 -0.065 -0.012  0.008  0.057  0.059  0.180  0.391  0.655  1.000  0.635  0.233  0.017 -0.035 -0.085 -0.080  0.022  0.017  0.098  0.077
 -0.199 -0.093  0.051  0.305  0.455  0.396  0.192  0.150  0.010 -0.025  0.030  0.119  0.013 -0.030 -0.059 -0.195 -0.240 -0.252 -0.228 -0.222 -0.253 -0.227 -0.185 -0.134 -0.201 -0.150 -0.047 -0.056  0.010  0.085  0.057  0.063  0.090  0.077  0.053  0.060  0.050  0.032  0.016  0.066  0.099  0.147  0.228  0.222  0.108 -0.030 -0.084 -0.114 -0.006  0.044  0.047 -0.070 -0.095 -0.123 -0.184 -0.232 -0.159 -0.068 -0.055 -0.079 -0.090 -0.041 -0.067  0.056  0.357  0.635  1.000  0.577  0.348  0.221  0.091  0.037 -0.034 -0.102 -0.066 -0.097
 -0.261 -0.180 -0.115  0.047  0.303  0.379  0.389  0.384  0.151  0.129  0.049  0.067 -0.021 -0.096 -0.055 -0.197 -0.276 -0.325 -0.304 -0.280 -0.259 -0.183 -0.091 -0.034 -0.138 -0.084  0.098  0.013 -0.013  0.149  0.135  0.069  0.070  0.132  0.174  0.220  0.213  0.203  0.179  0.260  0.363  0.415  0.514  0.498  0.268  0.084  0.044  0.011  0.145  0.148  0.125  0.021 -0.055 -0.124 -0.220 -0.280 -0.231 -0.161 -0.141 -0.183 -0.188 -0.109 -0.163 -0.083  0.089  0.233  0.577  1.000  0.723  0.508  0.284  0.176 -0.109 -0.232 -0.295 -0.326
 -0.322 -0.275 -0.205 -0.042  0.328  0.398  0.541  0.481  0.199  0.218  0.121  0.094  0.063 -0.074 -0.066 -0.218 -0.297 -0.349 -0.334 -0.265 -0.207 -0.089  0.004  0.090 -0.019 -0.008  0.180  0.113  0.032  0.175  0.182  0.105  0.085  0.127  0.213  0.261  0.245  0.249  0.255  0.374  0.522  0.587  0.554  0.456  0.245  0.091  0.078  0.094  0.211  0.192  0.172  0.124  0.047 -0.061 -0.176 -0.273 -0.266 -0.177 -0.161 -0.233 -0.265 -0.159 -0.269 -0.248 -0.105  0.017  0.348  0.723  1.000  0.743  0.490  0.321 -0.143 -0.291 -0.429 -0.469
 -0.289 -0.265 -0.217 -0.103  0.195  0.292  0.445  0.438  0.197  0.208  0.121  0.054  0.023 -0.087 -0.055 -0.187 -0.270 -0.328 -0.294 -0.239 -0.168 -0.048  0.063  0.127  0.003 -0.009  0.175  0.118 -0.001  0.138  0.181  0.077  0.054  0.121  0.223  0.284  0.259  0.266  0.317  0.506  0.617  0.680  0.505  0.383  0.173  0.042  0.031  0.072  0.196  0.220  0.211  0.183  0.073 -0.027 -0.132 -0.206 -0.219 -0.128 -0.097 -0.185 -0.208 -0.140 -0.240 -0.236 -0.129 -0.035  0.221  0.508  0.743  1.000  0.781  0.571 -0.005 -0.242 -0.524 -0.590
 -0.247 -0.228 -0.186 -0.115  0.065  0.133  0.270  0.242  0.079  0.086  0.058 -0.028 -0.044 -0.130 -0.029 -0.180 -0.236 -0.266 -0.211 -0.172 -0.142 -0.041  0.073  0.113  0.002 -0.006  0.163  0.136 -0.003  0.119  0.206  0.100  0.070  0.129  0.238  0.298  0.273  0.273  0.395  0.620  0.633  0.576  0.341  0.229  0.074  0.006  0.026  0.047  0.128  0.121  0.111  0.150  0.058 -0.015 -0.104 -0.154 -0.137 -0.065 -0.039 -0.098 -0.144 -0.098 -0.183 -0.196 -0.114 -0.085  0.091  0.284  0.490  0.781  1.000  0.775  0.159 -0.097 -0.501 -0.607
 -0.109 -0.082 -0.079 -0.053  0.025  0.051  0.163  0.144  0.040  0.044  0.016 -0.059 -0.025 -0.087  0.036 -0.067 -0.137 -0.176 -0.138 -0.147 -0.140 -0.101 -0.015 -0.027 -0.073 -0.051  0.044  0.042 -0.073  0.030  0.087  0.018  0.043  0.082  0.136  0.177  0.136  0.127  0.286  0.530  0.499  0.479  0.259  0.138 -0.006 -0.085 -0.059 -0.007  0.072  0.034 -0.034 -0.005 -0.074 -0.090 -0.135 -0.150 -0.129 -0.101 -0.091 -0.098 -0.121 -0.042 -0.062 -0.080 -0.063 -0.080  0.037  0.176  0.321  0.571  0.775  1.000  0.360  0.158 -0.376 -0.483
  0.095  0.073  0.045  0.060 -0.069 -0.108 -0.135 -0.134 -0.108 -0.096  0.097 -0.018 -0.017 -0.026 -0.025  0.034  0.022  0.049  0.113  0.087 -0.001 -0.053 -0.079 -0.179 -0.117 -0.089 -0.230 -0.162 -0.078 -0.123 -0.159 -0.095 -0.013 -0.140 -0.263 -0.270 -0.232 -0.133 -0.033  0.008 -0.001 -0.002 -0.054 -0.115 -0.187 -0.227 -0.150 -0.120 -0.092 -0.101 -0.182 -0.201 -0.111  0.120  0.042  0.066  0.087  0.048  0.030  0.023  0.058 -0.077  0.088  0.084  0.030  0.022 -0.034 -0.109 -0.143 -0.005  0.159  0.360  1.000  0.518 -0.040 -0.100
  0.279  0.259  0.183  0.124 -0.099 -0.175 -0.175 -0.191 -0.177 -0.151  0.018 -0.080  0.001  0.026  0.045  0.153  0.144  0.211  0.223  0.131  0.005 -0.154 -0.224 -0.375 -0.276 -0.234 -0.435 -0.328 -0.248 -0.361 -0.392 -0.256 -0.168 -0.318 -0.401 -0.440 -0.464 -0.462 -0.411 -0.343 -0.366 -0.315 -0.306 -0.265 -0.178 -0.181 -0.158 -0.175 -0.208 -0.282 -0.382 -0.409 -0.293 -0.092  0.014  0.079  0.125  0.051  0.027  0.162  0.156  0.154  0.322  0.262  0.140  0.017 -0.102 -0.232 -0.291 -0.242 -0.097  0.158  0.518  1.000  0.468  0.227
  0.333  0.318  0.239  0.148 -0.100 -0.191 -0.327 -0.299 -0.227 -0.256 -0.162 -0.075 -0.062  0.055 -0.002  0.170  0.175  0.257  0.231  0.170  0.034 -0.171 -0.290 -0.401 -0.271 -0.209 -0.439 -0.371 -0.192 -0.319 -0.391 -0.227 -0.151 -0.255 -0.325 -0.379 -0.405 -0.468 -0.492 -0.553 -0.609 -0.543 -0.438 -0.346 -0.129 -0.112 -0.195 -0.246 -0.348 -0.313 -0.363 -0.406 -0.313 -0.195 -0.012  0.064  0.147  0.070  0.029  0.180  0.182  0.247  0.349  0.323  0.223  0.098 -0.066 -0.295 -0.429 -0.524 -0.501 -0.376 -0.040  0.468  1.000  0.673
