  1.000  0.810  0.565  0.232 -0.220 -0.316 -0.357 -0.308 -0.303 -0.052 -0.147 -0.116 -0.068  0.258  0.345  0.650  0.647  0.648  0.496  0.341  0.241 -0.156 -0.398 -0.446 -0.292 -0.355 -0.525 -0.492 -0.424 -0.491 -0.515 -0.428 -0.349 -0.370 -0.448 -0.469 -0.482 -0.500 -0.423 -0.474 -0.546 -0.468 -0.506 -0.471 -0.348 -0.266 -0.346 -0.387 -0.505 -0.517 -0.547 -0.513 -0.414 -0.321 -0.043  0.160  0.262  0.029 -0.008  0.222  0.300  0.485  0.652  0.559  0.328  0.053 -0.239 -0.403 -0.494 -0.448 -0.324 -0.101  0.148  0.522  0.550  0.515
  0.810  1.000  0.766  0.460 -0.003 -0.132 -0.240 -0.272 -0.258  0.015 -0.032  0.060  0.111  0.434  0.507  0.652  0.500  0.465  0.320  0.143  0.036 -0.331 -0.475 -0.508 -0.382 -0.360 -0.486 -0.479 -0.375 -0.394 -0.446 -0.368 -0.267 -0.277 -0.370 -0.399 -0.442 -0.465 -0.396 -0.425 -0.474 -0.394 -0.415 -0.362 -0.243 -0.198 -0.272 -0.309 -0.432 -0.482 -0.571 -0.566 -0.527 -0.469 -0.225  0.026  0.117 -0.112 -0.076  0.158  0.286  0.468  0.667  0.682  0.436  0.222 -0.068 -0.254 -0.372 -0.346 -0.260 -0.060  0.143  0.402  0.427  0.399
  0.565  0.766  1.000  0.673  0.233  0.095 -0.085 -0.174 -0.203  0.009  0.042  0.184  0.236  0.512  0.526  0.464  0.364  0.270  0.163 -0.016 -0.101 -0.389 -0.435 -0.458 -0.419 -0.340 -0.393 -0.426 -0.324 -0.289 -0.354 -0.304 -0.194 -0.193 -0.291 -0.314 -0.370 -0.387 -0.328 -0.326 -0.339 -0.268 -0.257 -0.184 -0.077 -0.083 -0.136 -0.167 -0.271 -0.333 -0.438 -0.470 -0.473 -0.434 -0.270 -0.032  0.026 -0.127 -0.031  0.136  0.275  0.404  0.550  0.623  0.531  0.408  0.167 -0.044 -0.183 -0.193 -0.141 -0.037  0.097  0.216  0.229  0.207
  0.232  0.460  0.673  1.000  0.671  0.515  0.225 -0.008 -0.011  0.177  0.319  0.516  0.519  0.620  0.448  0.252  0.077 -0.069 -0.152 -0.340 -0.380 -0.512 -0.370 -0.368 -0.394 -0.224 -0.181 -0.257 -0.142 -0.020 -0.110 -0.109  0.009  0.042 -0.058 -0.082 -0.178 -0.197 -0.160 -0.110 -0.062 -0.013  0.040  0.118  0.160  0.077  0.051  0.045 -0.020 -0.134 -0.302 -0.366 -0.482 -0.509 -0.466 -0.243 -0.238 -0.320 -0.158 -0.058  0.084  0.173  0.322  0.529  0.547  0.679  0.508  0.314  0.162  0.101  0.052  0.056  0.047 -0.119 -0.128 -0.137
 -0.220 -0.003  0.233  0.671  1.000  0.827  0.524  0.234  0.180  0.231  0.430  0.594  0.622  0.418  0.259 -0.054 -0.214 -0.384 -0.430 -0.517 -0.467 -0.353 -0.080 -0.034 -0.146  0.035  0.180  0.092  0.148  0.304  0.232  0.172  0.235  0.270  0.230  0.219  0.129  0.117  0.102  0.197  0.300  0.297  0.378  0.418  0.350  0.212  0.245  0.269  0.291  0.176  0.046 -0.010 -0.183 -0.289 -0.430 -0.378 -0.445 -0.394 -0.240 -0.279 -0.190 -0.188 -0.130  0.079  0.208  0.514  0.661  0.599  0.539  0.409  0.249  0.091 -0.063 -0.462 -0.503 -0.496
 -0.316 -0.132  0.095  0.515  0.827  1.000  0.658  0.380  0.275  0.215  0.402  0.543  0.509  0.284  0.110 -0.164 -0.287 -0.441 -0.452 -0.522 -0.454 -0.291 -0.011  0.018 -0.108  0.061  0.210  0.109  0.148  0.313  0.247  0.167  0.225  0.277  0.245  0.256  0.178  0.175  0.169  0.283  0.397  0.388  0.458  0.497  0.407  0.248  0.290  0.305  0.347  0.247  0.129  0.063 -0.107 -0.202 -0.370 -0.338 -0.423 -0.338 -0.180 -0.257 -0.182 -0.211 -0.189  0.003  0.170  0.501  0.650  0.691  0.638  0.509  0.337  0.126 -0.074 -0.537 -0.587 -0.582
 -0.357 -0.240 -0.085  0.225  0.524  0.658  1.000  0.740  0.546  0.074  0.267  0.338  0.346  0.136  0.005 -0.205 -0.290 -0.396 -0.395 -0.418 -0.323 -0.159  0.056  0.089 -0.008  0.115  0.243  0.174  0.164  0.266  0.237  0.159  0.148  0.176  0.204  0.230  0.212  0.269  0.279  0.303  0.432  0.436  0.458  0.451  0.330  0.195  0.248  0.228  0.282  0.209  0.129  0.092 -0.020 -0.103 -0.267 -0.295 -0.368 -0.274 -0.173 -0.270 -0.239 -0.271 -0.286 -0.170 -0.042  0.213  0.396  0.603  0.569  0.450  0.246  0.052 -0.186 -0.524 -0.538 -0.519
 -0.308 -0.272 -0.174 -0.008  0.234  0.380  0.740  1.000  0.719 -0.024  0.133  0.072  0.040 -0.115 -0.159 -0.249 -0.253 -0.272 -0.224 -0.210 -0.152 -0.015  0.075  0.085  0.001  0.040  0.129  0.076  0.028  0.090  0.099  0.030  0.010  0.037  0.081  0.145  0.164  0.220  0.229  0.236  0.333  0.336  0.339  0.341  0.244  0.139  0.186  0.162  0.198  0.171  0.156  0.124  0.099  0.074 -0.050 -0.111 -0.153 -0.054 -0.010 -0.104 -0.117 -0.172 -0.242 -0.202 -0.073  0.075  0.252  0.454  0.424  0.322  0.210  0.028 -0.155 -0.419 -0.432 -0.415
 -0.303 -0.258 -0.203 -0.011  0.180  0.275  0.546  0.719  1.000  0.187  0.295  0.238  0.145 -0.006 -0.085 -0.183 -0.232 -0.291 -0.269 -0.252 -0.184 -0.042  0.080  0.108  0.047  0.094  0.176  0.134  0.088  0.120  0.126  0.071  0.035  0.042  0.093  0.132  0.166  0.241  0.252  0.202  0.294  0.308  0.299  0.274  0.185  0.109  0.138  0.143  0.194  0.153  0.123  0.105  0.050  0.002 -0.121 -0.184 -0.229 -0.140 -0.102 -0.183 -0.200 -0.229 -0.266 -0.219 -0.133  0.019  0.152  0.336  0.328  0.244  0.098  0.017 -0.208 -0.408 -0.399 -0.373
 -0.052  0.015  0.009  0.177  0.231  0.215  0.074 -0.024  0.187  1.000  0.645  0.436  0.283  0.210  0.119  0.049 -0.058 -0.135 -0.198 -0.237 -0.210 -0.199 -0.101 -0.060 -0.040  0.025  0.055  0.043  0.093  0.136  0.100  0.092  0.137  0.158  0.110  0.058  0.016  0.020  0.016 -0.015  0.009  0.000  0.033  0.013 -0.023 -0.037 -0.041  0.021  0.050 -0.027 -0.086 -0.082 -0.181 -0.251 -0.280 -0.254 -0.255 -0.284 -0.246 -0.226 -0.192 -0.140 -0.070  0.006 -0.028  0.098  0.053  0.020  0.036  0.013 -0.034  0.007 -0.047 -0.127 -0.143 -0.146
 -0.147 -0.032  0.042  0.319  0.430  0.402  0.267  0.133  0.295  0.645  1.000  0.754  0.576  0.387  0.192  0.011 -0.133 -0.266 -0.311 -0.372 -0.339 -0.283 -0.094 -0.053 -0.098  0.023  0.107  0.059  0.118  0.210  0.160  0.142  0.207  0.249  0.195  0.138  0.066  0.067  0.043  0.049  0.105  0.100  0.163  0.151  0.106  0.057  0.071  0.111  0.146  0.049 -0.047 -0.058 -0.206 -0.297 -0.368 -0.325 -0.359 -0.357 -0.270 -0.270 -0.220 -0.194 -0.129  0.006  0.025  0.210  0.205  0.212  0.199  0.132  0.032  0.013 -0.106 -0.284 -0.304 -0.297
 -0.116  0.060  0.184  0.516  0.594  0.543  0.338  0.072  0.238  0.436  0.754  1.000  0.794  0.603  0.344  0.095 -0.101 -0.290 -0.369 -0.464 -0.410 -0.382 -0.143 -0.085 -0.126  0.024  0.118  0.064  0.141  0.240  0.170  0.150  0.216  0.251  0.194  0.139  0.058  0.056  0.042  0.071  0.138  0.129  0.187  0.181  0.143  0.067  0.085  0.114  0.131  0.015 -0.121 -0.133 -0.316 -0.431 -0.493 -0.404 -0.459 -0.480 -0.353 -0.338 -0.242 -0.183 -0.088  0.091  0.110  0.312  0.287  0.298  0.251  0.175  0.039  0.044 -0.119 -0.286 -0.302 -0.293
 -0.068  0.111  0.236  0.519  0.622  0.509  0.346  0.040  0.145  0.283  0.576  0.794  1.000  0.764  0.510  0.214  0.007 -0.219 -0.336 -0.419 -0.337 -0.319 -0.100 -0.023 -0.059  0.078  0.166  0.125  0.185  0.259  0.191  0.175  0.222  0.236  0.198  0.138  0.063  0.067  0.043  0.052  0.125  0.104  0.156  0.140  0.103  0.060  0.068  0.087  0.098 -0.009 -0.125 -0.102 -0.271 -0.408 -0.469 -0.411 -0.475 -0.509 -0.403 -0.387 -0.291 -0.222 -0.113  0.061  0.049  0.238  0.239  0.254  0.234  0.154 -0.005  0.004 -0.151 -0.264 -0.272 -0.263
  0.258  0.434  0.512  0.620  0.418  0.284  0.136 -0.115 -0.006  0.210  0.387  0.603  0.764  1.000  0.748  0.488  0.263  0.041 -0.111 -0.250 -0.223 -0.378 -0.262 -0.209 -0.187 -0.075 -0.061 -0.092 -0.013  0.023 -0.049 -0.038  0.033  0.045 -0.021 -0.074 -0.140 -0.135 -0.120 -0.143 -0.113 -0.106 -0.085 -0.092 -0.059 -0.061 -0.089 -0.091 -0.136 -0.233 -0.355 -0.317 -0.434 -0.528 -0.464 -0.315 -0.329 -0.461 -0.369 -0.259 -0.129  0.006  0.171  0.321  0.214  0.274  0.104  0.034 -0.027 -0.061 -0.135 -0.008 -0.061 -0.008  0.008  0.004
  0.345  0.507  0.526  0.448  0.259  0.110  0.005 -0.159 -0.085  0.119  0.192  0.344  0.510  0.748  1.000  0.680  0.436  0.204  0.004 -0.095 -0.042 -0.219 -0.190 -0.133 -0.091 -0.020 -0.048 -0.067 -0.014 -0.014 -0.083 -0.068 -0.010 -0.025 -0.078 -0.115 -0.164 -0.152 -0.141 -0.178 -0.157 -0.177 -0.176 -0.198 -0.171 -0.124 -0.155 -0.168 -0.213 -0.284 -0.338 -0.253 -0.313 -0.407 -0.327 -0.234 -0.251 -0.393 -0.360 -0.247 -0.129  0.013  0.198  0.277  0.113  0.112 -0.023 -0.105 -0.134 -0.152 -0.191 -0.052 -0.048  0.074  0.098  0.099
  0.650  0.652  0.464  0.252 -0.054 -0.164 -0.205 -0.249 -0.183  0.049  0.011  0.095  0.214  0.488  0.680  1.000  0.731  0.531  0.318  0.216  0.219 -0.105 -0.250 -0.236 -0.125 -0.167 -0.263 -0.248 -0.217 -0.269 -0.307 -0.260 -0.204 -0.225 -0.280 -0.307 -0.326 -0.321 -0.279 -0.333 -0.364 -0.354 -0.389 -0.411 -0.358 -0.263 -0.316 -0.337 -0.406 -0.436 -0.455 -0.363 -0.334 -0.338 -0.131 -0.023  0.019 -0.195 -0.252 -0.087  0.007  0.185  0.387  0.351  0.099 -0.042 -0.250 -0.343 -0.367 -0.340 -0.303 -0.084  0.022  0.336  0.365  0.349
  0.647  0.500  0.364  0.077 -0.214 -0.287 -0.290 -0.253 -0.232 -0.058 -0.133 -0.101  0.007  0.263  0.436  0.731  1.000  0.785  0.508  0.412  0.461  0.096 -0.140 -0.139 -0.036 -0.168 -0.279 -0.246 -0.263 -0.350 -0.356 -0.310 -0.281 -0.308 -0.340 -0.352 -0.345 -0.343 -0.297 -0.354 -0.393 -0.390 -0.430 -0.449 -0.396 -0.276 -0.320 -0.352 -0.415 -0.408 -0.362 -0.254 -0.159 -0.122  0.103  0.160  0.186 -0.007 -0.116  0.013  0.060  0.184  0.339  0.239  0.038 -0.146 -0.329 -0.415 -0.425 -0.384 -0.313 -0.129  0.032  0.391  0.409  0.383
  0.648  0.465  0.270 -0.069 -0.384 -0.441 -0.396 -0.272 -0.291 -0.135 -0.266 -0.290 -0.219  0.041  0.204  0.531  0.785  1.000  0.757  0.645  0.595  0.176 -0.174 -0.208 -0.051 -0.247 -0.422 -0.351 -0.366 -0.481 -0.467 -0.394 -0.366 -0.404 -0.437 -0.440 -0.420 -0.429 -0.368 -0.421 -0.495 -0.463 -0.525 -0.525 -0.442 -0.313 -0.368 -0.418 -0.496 -0.463 -0.390 -0.299 -0.124 -0.014  0.280  0.360  0.437  0.232  0.087  0.235  0.221  0.301  0.396  0.247  0.058 -0.207 -0.401 -0.509 -0.531 -0.470 -0.345 -0.152  0.090  0.503  0.536  0.511
  0.496  0.320  0.163 -0.152 -0.430 -0.452 -0.395 -0.224 -0.269 -0.198 -0.311 -0.369 -0.336 -0.111  0.004  0.318  0.508  0.757  1.000  0.766  0.555  0.180 -0.165 -0.244 -0.121 -0.300 -0.468 -0.406 -0.408 -0.512 -0.494 -0.414 -0.385 -0.416 -0.449 -0.444 -0.419 -0.432 -0.366 -0.397 -0.480 -0.425 -0.482 -0.456 -0.349 -0.258 -0.310 -0.361 -0.430 -0.386 -0.309 -0.271 -0.067  0.110  0.429  0.575  0.655  0.460  0.312  0.439  0.390  0.383  0.379  0.229  0.133 -0.150 -0.343 -0.450 -0.491 -0.428 -0.285 -0.159  0.096  0.468  0.495  0.467
  0.341  0.143 -0.016 -0.340 -0.517 -0.522 -0.418 -0.210 -0.252 -0.237 -0.372 -0.464 -0.419 -0.250 -0.095  0.216  0.412  0.645  0.766  1.000  0.785  0.435  0.044 -0.031  0.085 -0.159 -0.329 -0.248 -0.307 -0.448 -0.410 -0.347 -0.357 -0.399 -0.400 -0.387 -0.336 -0.342 -0.291 -0.328 -0.407 -0.388 -0.448 -0.459 -0.393 -0.286 -0.321 -0.357 -0.385 -0.301 -0.160 -0.082  0.145  0.316  0.595  0.570  0.640  0.505  0.305  0.375  0.278  0.226  0.194  0.015 -0.067 -0.330 -0.430 -0.497 -0.476 -0.411 -0.278 -0.176  0.057  0.448  0.471  0.444
  0.241  0.036 -0.101 -0.380 -0.467 -0.454 -0.323 -0.152 -0.184 -0.210 -0.339 -0.410 -0.337 -0.223 -0.042  0.219  0.461  0.595  0.555  0.785  1.000  0.706  0.306  0.229  0.343  0.059 -0.113 -0.040 -0.148 -0.306 -0.276 -0.248 -0.282 -0.322 -0.302 -0.281 -0.226 -0.214 -0.185 -0.215 -0.261 -0.296 -0.346 -0.394 -0.382 -0.283 -0.295 -0.300 -0.286 -0.181 -0.006  0.134  0.317  0.429  0.615  0.459  0.427  0.335  0.116  0.127  0.058  0.029  0.021 -0.140 -0.228 -0.413 -0.444 -0.451 -0.379 -0.318 -0.239 -0.160 -0.009  0.314  0.322  0.305
 -0.156 -0.331 -0.389 -0.512 -0.353 -0.291 -0.159 -0.015 -0.042 -0.199 -0.283 -0.382 -0.319 -0.378 -0.219 -0.105  0.096  0.176  0.180  0.435  0.706  1.000  0.724  0.622  0.663  0.426  0.258  0.288  0.146 -0.002  0.013 -0.011 -0.084 -0.112 -0.055 -0.018  0.044  0.064  0.024  0.031  0.030 -0.056 -0.044 -0.102 -0.159 -0.109 -0.076 -0.037  0.058  0.204  0.422  0.577  0.674  0.710  0.644  0.335  0.212  0.292  0.096 -0.030 -0.131 -0.242 -0.317 -0.438 -0.426 -0.448 -0.299 -0.214 -0.096 -0.070 -0.074 -0.143 -0.100 -0.018 -0.032 -0.025
 -0.398 -0.475 -0.435 -0.370 -0.080 -0.011  0.056  0.075  0.080 -0.101 -0.094 -0.143 -0.100 -0.262 -0.190 -0.250 -0.140 -0.174 -0.165  0.044  0.306  0.724  1.000  0.827  0.672  0.608  0.591  0.516  0.336  0.263  0.264  0.178  0.089  0.090  0.162  0.200  0.264  0.314  0.228  0.236  0.291  0.183  0.260  0.198  0.109  0.089  0.150  0.229  0.369  0.489  0.625  0.755  0.654  0.578  0.360  0.079 -0.105  0.052 -0.017 -0.218 -0.287 -0.404 -0.479 -0.508 -0.424 -0.286 -0.058  0.083  0.190  0.170  0.085 -0.082 -0.177 -0.331 -0.365 -0.341
 -0.446 -0.508 -0.458 -0.368 -0.034  0.018  0.089  0.085  0.108 -0.060 -0.053 -0.085 -0.023 -0.209 -0.133 -0.236 -0.139 -0.208 -0.244 -0.031  0.229  0.622  0.827  1.000  0.813  0.618  0.716  0.702  0.477  0.395  0.420  0.333  0.225  0.207  0.291  0.302  0.333  0.376  0.252  0.264  0.347  0.161  0.237  0.181  0.076  0.102  0.161  0.225  0.346  0.441  0.602  0.775  0.685  0.503  0.260 -0.066 -0.239 -0.074 -0.147 -0.362 -0.420 -0.506 -0.564 -0.585 -0.518 -0.341 -0.076  0.081  0.212  0.164  0.053 -0.103 -0.250 -0.369 -0.390 -0.360
 -0.292 -0.382 -0.419 -0.394 -0.146 -0.108 -0.008  0.001  0.047 -0.040 -0.098 -0.126 -0.059 -0.187 -0.091 -0.125 -0.036 -0.051 -0.121  0.085  0.343  0.663  0.672  0.813  1.000  0.740  0.587  0.670  0.531  0.336  0.331  0.294  0.178  0.130  0.204  0.203  0.237  0.262  0.164  0.163  0.212  0.055  0.079 -0.005 -0.113 -0.058 -0.021  0.027  0.132  0.224  0.393  0.577  0.550  0.407  0.258 -0.036 -0.169 -0.081 -0.199 -0.341 -0.397 -0.447 -0.466 -0.512 -0.522 -0.412 -0.225 -0.093  0.046  0.034 -0.062 -0.122 -0.209 -0.187 -0.195 -0.174
 -0.355 -0.360 -0.340 -0.224  0.035  0.061  0.115  0.040  0.094  0.025  0.023  0.024  0.078 -0.075 -0.020 -0.167 -0.168 -0.247 -0.300 -0.159  0.059  0.426  0.608  0.618  0.740  1.000  0.745  0.647  0.644  0.531  0.422  0.366  0.269  0.217  0.267  0.264  0.307  0.365  0.253  0.221  0.291  0.192  0.239  0.153  0.045  0.046  0.090  0.123  0.223  0.261  0.325  0.463  0.362  0.208  0.007 -0.196 -0.313 -0.215 -0.244 -0.366 -0.398 -0.443 -0.450 -0.421 -0.399 -0.224 -0.049  0.083  0.171  0.135 -0.002 -0.092 -0.216 -0.311 -0.317 -0.289
 -0.525 -0.486 -0.393 -0.181  0.180  0.210  0.243  0.129  0.176  0.055  0.107  0.118  0.166 -0.061 -0.048 -0.263 -0.279 -0.422 -0.468 -0.329 -0.113  0.258  0.591  0.716  0.587  0.745  1.000  0.851  0.669  0.700  0.691  0.540  0.417  0.423  0.512  0.520  0.548  0.611  0.465  0.414  0.521  0.346  0.407  0.328  0.190  0.173  0.242  0.277  0.395  0.406  0.458  0.575  0.408  0.188 -0.086 -0.322 -0.468 -0.309 -0.291 -0.482 -0.505 -0.558 -0.587 -0.522 -0.441 -0.172  0.087  0.264  0.373  0.310  0.153 -0.009 -0.267 -0.541 -0.559 -0.519
 -0.492 -0.479 -0.426 -0.257  0.092  0.109  0.174  0.076  0.134  0.043  0.059  0.064  0.125 -0.092 -0.067 -0.248 -0.246 -0.351 -0.406 -0.248 -0.040  0.288  0.516  0.702  0.670  0.647  0.851  1.000  0.795  0.685  0.749  0.664  0.493  0.449  0.558  0.520  0.528  0.547  0.402  0.370  0.453  0.257  0.284  0.195  0.048  0.076  0.136  0.167  0.280  0.305  0.404  0.526  0.415  0.204 -0.035 -0.295 -0.423 -0.283 -0.310 -0.489 -0.525 -0.569 -0.593 -0.557 -0.513 -0.283 -0.035  0.130  0.270  0.221  0.080 -0.038 -0.273 -0.439 -0.453 -0.416
 -0.424 -0.375 -0.324 -0.142  0.148  0.148  0.164  0.028  0.088  0.093  0.118  0.141  0.185 -0.013 -0.014 -0.217 -0.263 -0.366 -0.408 -0.307 -0.148  0.146  0.336  0.477  0.531  0.644  0.669  0.795  1.000  0.821  0.707  0.751  0.650  0.514  0.533  0.428  0.366  0.376  0.225  0.231  0.338  0.173  0.209  0.142  0.026  0.057  0.095  0.114  0.191  0.189  0.251  0.355  0.252  0.063 -0.148 -0.333 -0.426 -0.319 -0.324 -0.445 -0.464 -0.484 -0.482 -0.415 -0.389 -0.176  0.000  0.116  0.207  0.140 -0.008 -0.098 -0.264 -0.348 -0.354 -0.321
 -0.491 -0.394 -0.289 -0.020  0.304  0.313  0.266  0.090  0.120  0.136  0.210  0.240  0.259  0.023 -0.014 -0.269 -0.350 -0.481 -0.512 -0.448 -0.306 -0.002  0.263  0.395  0.336  0.531  0.700  0.685  0.821  1.000  0.859  0.768  0.740  0.711  0.700  0.639  0.521  0.504  0.368  0.389  0.500  0.318  0.351  0.305  0.180  0.166  0.224  0.232  0.309  0.258  0.264  0.332  0.186 -0.014 -0.259 -0.407 -0.503 -0.375 -0.322 -0.457 -0.455 -0.480 -0.486 -0.373 -0.295 -0.024  0.173  0.308  0.383  0.324  0.168  0.020 -0.234 -0.532 -0.555 -0.518
 -0.515 -0.446 -0.354 -0.110  0.232  0.247  0.237  0.099  0.126  0.100  0.160  0.170  0.191 -0.049 -0.083 -0.307 -0.356 -0.467 -0.494 -0.410 -0.276  0.013  0.264  0.420  0.331  0.422  0.691  0.749  0.707  0.859  1.000  0.854  0.715  0.733  0.813  0.755  0.682  0.632  0.500  0.476  0.528  0.342  0.343  0.285  0.146  0.149  0.212  0.222  0.304  0.266  0.300  0.356  0.228  0.035 -0.206 -0.380 -0.470 -0.331 -0.295 -0.449 -0.467 -0.504 -0.531 -0.447 -0.367 -0.108  0.110  0.262  0.371  0.334  0.205  0.064 -0.232 -0.546 -0.574 -0.536
 -0.428 -0.368 -0.304 -0.109  0.172  0.167  0.159  0.030  0.071  0.092  0.142  0.150  0.175 -0.038 -0.068 -0.260 -0.310 -0.394 -0.414 -0.347 -0.248 -0.011  0.178  0.333  0.294  0.366  0.540  0.664  0.751  0.768  0.854  1.000  0.849  0.706  0.738  0.568  0.443  0.409  0.262  0.264  0.344  0.171  0.199  0.167  0.073  0.111  0.147  0.154  0.199  0.168  0.209  0.274  0.178  0.004 -0.191 -0.336 -0.400 -0.293 -0.276 -0.389 -0.407 -0.426 -0.439 -0.368 -0.322 -0.118  0.047  0.149  0.227  0.163  0.042 -0.059 -0.249 -0.380 -0.398 -0.363
 -0.349 -0.267 -0.194  0.009  0.235  0.225  0.148  0.010  0.035  0.137  0.207  0.216  0.222  0.033 -0.010 -0.204 -0.281 -0.366 -0.385 -0.357 -0.282 -0.084  0.089  0.225  0.178  0.269  0.417  0.493  0.650  0.740  0.715  0.849  1.000  0.839  0.712  0.544  0.295  0.251  0.124  0.171  0.289  0.114  0.166  0.173  0.112  0.130  0.157  0.165  0.187  0.132  0.143  0.201  0.094 -0.063 -0.229 -0.321 -0.379 -0.295 -0.255 -0.338 -0.329 -0.330 -0.325 -0.234 -0.187  0.001  0.122  0.184  0.225  0.159  0.049 -0.057 -0.203 -0.365 -0.387 -0.358
 -0.370 -0.277 -0.193  0.042  0.270  0.277  0.176  0.037  0.042  0.158  0.249  0.251  0.236  0.045 -0.025 -0.225 -0.308 -0.404 -0.416 -0.399 -0.322 -0.112  0.090  0.207  0.130  0.217  0.423  0.449  0.514  0.711  0.733  0.706  0.839  1.000  0.878  0.767  0.494  0.391  0.292  0.326  0.408  0.219  0.246  0.252  0.170  0.160  0.201  0.212  0.251  0.178  0.169  0.205  0.071 -0.080 -0.258 -0.335 -0.401 -0.311 -0.247 -0.341 -0.322 -0.333 -0.333 -0.228 -0.160  0.049  0.178  0.266  0.317  0.291  0.198  0.065 -0.159 -0.478 -0.513 -0.487
 -0.448 -0.370 -0.291 -0.058  0.230  0.245  0.204  0.081  0.093  0.110  0.195  0.194  0.198 -0.021 -0.078 -0.280 -0.340 -0.437 -0.449 -0.400 -0.302 -0.055  0.162  0.291  0.204  0.267  0.512  0.558  0.533  0.700  0.813  0.738  0.712  0.878  1.000  0.891  0.698  0.568  0.455  0.462  0.503  0.314  0.307  0.279  0.158  0.156  0.212  0.221  0.288  0.225  0.239  0.276  0.145 -0.019 -0.226 -0.348 -0.424 -0.308 -0.257 -0.385 -0.388 -0.418 -0.437 -0.347 -0.272 -0.046  0.135  0.272  0.368  0.357  0.261  0.117 -0.181 -0.530 -0.570 -0.540
 -0.469 -0.399 -0.314 -0.082  0.219  0.256  0.230  0.145  0.132  0.058  0.138  0.139  0.138 -0.074 -0.115 -0.307 -0.352 -0.440 -0.444 -0.387 -0.281 -0.018  0.200  0.302  0.203  0.264  0.520  0.520  0.428  0.639  0.755  0.568  0.544  0.767  0.891  1.000  0.838  0.671  0.566  0.582  0.589  0.417  0.383  0.343  0.201  0.170  0.240  0.251  0.337  0.277  0.286  0.302  0.177  0.032 -0.187 -0.318 -0.401 -0.268 -0.211 -0.357 -0.368 -0.418 -0.455 -0.372 -0.275 -0.040  0.166  0.330  0.433  0.454  0.367  0.208 -0.127 -0.588 -0.630 -0.600
 -0.482 -0.442 -0.370 -0.178  0.129  0.178  0.212  0.164  0.166  0.016  0.066  0.058  0.063 -0.140 -0.164 -0.326 -0.345 -0.420 -0.419 -0.336 -0.226  0.044  0.264  0.333  0.237  0.307  0.548  0.528  0.366  0.521  0.682  0.443  0.295  0.494  0.698  0.838  1.000  0.860  0.714  0.646  0.577  0.460  0.394  0.315  0.157  0.131  0.206  0.214  0.318  0.295  0.328  0.326  0.220  0.094 -0.127 -0.284 -0.361 -0.216 -0.178 -0.338 -0.377 -0.443 -0.499 -0.446 -0.352 -0.133  0.090  0.271  0.390  0.421  0.349  0.222 -0.119 -0.537 -0.569 -0.538
 -0.500 -0.465 -0.387 -0.197  0.117  0.175  0.269  0.220  0.241  0.020  0.067  0.056  0.067 -0.135 -0.152 -0.321 -0.343 -0.429 -0.432 -0.342 -0.214  0.064  0.314  0.376  0.262  0.365  0.611  0.547  0.376  0.504  0.632  0.409  0.251  0.391  0.568  0.671  0.860  1.000  0.823  0.605  0.597  0.509  0.438  0.333  0.171  0.134  0.212  0.214  0.325  0.319  0.343  0.346  0.232  0.102 -0.128 -0.298 -0.380 -0.230 -0.192 -0.357 -0.403 -0.469 -0.529 -0.478 -0.383 -0.156  0.071  0.269  0.372  0.390  0.287  0.163 -0.171 -0.537 -0.552 -0.512
 -0.423 -0.396 -0.328 -0.160  0.102  0.169  0.279  0.229  0.252  0.016  0.043  0.042  0.043 -0.120 -0.141 -0.279 -0.297 -0.368 -0.366 -0.291 -0.185  0.024  0.228  0.252  0.164  0.253  0.465  0.402  0.225  0.368  0.500  0.262  0.124  0.292  0.455  0.566  0.714  0.823  1.000  0.734  0.659  0.609  0.469  0.326  0.145  0.068  0.150  0.156  0.278  0.272  0.266  0.235  0.146  0.063 -0.126 -0.256 -0.315 -0.190 -0.148 -0.288 -0.334 -0.394 -0.451 -0.408 -0.318 -0.125  0.066  0.265  0.386  0.468  0.420  0.296 -0.056 -0.482 -0.528 -0.510
 -0.474 -0.425 -0.326 -0.110  0.197  0.283  0.303  0.236  0.202 -0.015  0.049  0.071  0.052 -0.143 -0.178 -0.333 -0.354 -0.421 -0.397 -0.328 -0.215  0.031  0.236  0.264  0.163  0.221  0.414  0.370  0.231  0.389  0.476  0.264  0.171  0.326  0.462  0.582  0.646  0.605  0.734  1.000  0.831  0.736  0.584  0.442  0.223  0.092  0.197  0.243  0.396  0.359  0.333  0.283  0.185  0.105 -0.110 -0.241 -0.322 -0.170 -0.104 -0.275 -0.303 -0.384 -0.459 -0.395 -0.264 -0.044  0.192  0.393  0.571  0.678  0.672  0.497  0.111 -0.538 -0.646 -0.649
 -0.546 -0.474 -0.339 -0.062  0.300  0.397  0.432  0.333  0.294  0.009  0.105  0.138  0.125 -0.113 -0.157 -0.364 -0.393 -0.495 -0.480 -0.407 -0.261  0.030  0.291  0.347  0.212  0.291  0.521  0.453  0.338  0.500  0.528  0.344  0.289  0.408  0.503  0.589  0.577  0.597  0.659  0.831  1.000  0.803  0.691  0.557  0.320  0.163  0.283  0.330  0.482  0.436  0.394  0.357  0.221  0.109 -0.149 -0.297 -0.405 -0.232 -0.148 -0.340 -0.357 -0.445 -0.514 -0.419 -0.267  0.010  0.290  0.532  0.698  0.748  0.637  0.371 -0.028 -0.636 -0.736 -0.728
 -0.468 -0.394 -0.268 -0.013  0.297  0.388  0.436  0.336  0.308  0.000  0.100  0.129  0.104 -0.106 -0.177 -0.354 -0.390 -0.463 -0.425 -0.388 -0.296 -0.056  0.183  0.161  0.055  0.192  0.346  0.257  0.173  0.318  0.342  0.171  0.114  0.219  0.314  0.417  0.460  0.509  0.609  0.736  0.803  1.000  0.816  0.614  0.360  0.130  0.243  0.299  0.467  0.433  0.328  0.206  0.095  0.059 -0.162 -0.246 -0.314 -0.161 -0.058 -0.212 -0.235 -0.329 -0.406 -0.317 -0.165  0.075  0.326  0.553  0.701  0.792  0.646  0.410  0.044 -0.561 -0.655 -0.651
 -0.506 -0.415 -0.257  0.040  0.378  0.458  0.458  0.339  0.299  0.033  0.163  0.187  0.156 -0.085 -0.176 -0.389 -0.430 -0.525 -0.482 -0.448 -0.346 -0.044  0.260  0.237  0.079  0.239  0.407  0.284  0.209  0.351  0.343  0.199  0.166  0.246  0.307  0.383  0.394  0.438  0.469  0.584  0.691  0.816  1.000  0.822  0.553  0.264  0.380  0.440  0.618  0.578  0.441  0.320  0.157  0.089 -0.172 -0.265 -0.360 -0.186 -0.058 -0.230 -0.236 -0.335 -0.402 -0.292 -0.120  0.158  0.452  0.683  0.742  0.711  0.529  0.240 -0.052 -0.614 -0.700 -0.688
 -0.471 -0.362 -0.184  0.118  0.418  0.497  0.451  0.341  0.274  0.013  0.151  0.181  0.140 -0.092 -0.198 -0.411 -0.449 -0.525 -0.456 -0.459 -0.394 -0.102  0.198  0.181 -0.005  0.153  0.328  0.195  0.142  0.305  0.285  0.167  0.173  0.252  0.279  0.343  0.315  0.333  0.326  0.442  0.557  0.614  0.822  1.000  0.799  0.478  0.590  0.637  0.682  0.565  0.413  0.295  0.136  0.071 -0.186 -0.236 -0.323 -0.159 -0.010 -0.158 -0.138 -0.228 -0.294 -0.177  0.012  0.279  0.565  0.763  0.702  0.620  0.440  0.120 -0.092 -0.622 -0.696 -0.680
 -0.348 -0.243 -0.077  0.160  0.350  0.407  0.330  0.244  0.185 -0.023  0.106  0.143  0.103 -0.059 -0.171 -0.358 -0.396 -0.442 -0.349 -0.393 -0.382 -0.159  0.109  0.076 -0.113  0.045  0.190  0.048  0.026  0.180  0.146  0.073  0.112  0.170  0.158  0.201  0.157  0.171  0.145  0.223  0.320  0.360  0.553  0.799  1.000  0.701  0.628  0.637  0.547  0.481  0.325  0.202  0.052  0.018 -0.174 -0.154 -0.228 -0.106  0.052 -0.044  0.003 -0.052 -0.121 -0.024  0.163  0.371  0.553  0.627  0.499  0.395  0.270  0.015 -0.087 -0.492 -0.533 -0.513
 -0.266 -0.198 -0.083  0.077  0.212  0.248  0.195  0.139  0.109 -0.037  0.057  0.067  0.060 -0.061 -0.124 -0.263 -0.276 -0.313 -0.258 -0.286 -0.283 -0.109  0.089  0.102 -0.058  0.046  0.173  0.076  0.057  0.166  0.149  0.111  0.130  0.160  0.156  0.170  0.131  0.134  0.068  0.092  0.163  0.130  0.264  0.478  0.701  1.000  0.761  0.568  0.373  0.303  0.230  0.189  0.086  0.019 -0.134 -0.138 -0.191 -0.103 -0.003 -0.067 -0.038 -0.076 -0.122 -0.067  0.038  0.177  0.335  0.395  0.283  0.176  0.099 -0.076 -0.125 -0.379 -0.374 -0.346
 -0.346 -0.272 -0.136  0.051  0.245  0.290  0.248  0.186  0.138 -0.041  0.071  0.085  0.068 -0.089 -0.155 -0.316 -0.320 -0.368 -0.310 -0.321 -0.295 -0.076  0.150  0.161 -0.021  0.090  0.242  0.136  0.095  0.224  0.212  0.147  0.157  0.201  0.212  0.240  0.206  0.212  0.150  0.197  0.283  0.243  0.380  0.590  0.628  0.761  1.000  0.751  0.532  0.370  0.275  0.248  0.140  0.063 -0.127 -0.160 -0.224 -0.109 -0.006 -0.099 -0.083 -0.142 -0.201 -0.137 -0.019  0.140  0.340  0.458  0.380  0.288  0.189 -0.033 -0.126 -0.460 -0.478 -0.455
 -0.387 -0.309 -0.167  0.045  0.269  0.305  0.228  0.162  0.143  0.021  0.111  0.114  0.087 -0.091 -0.168 -0.337 -0.352 -0.418 -0.361 -0.357 -0.300 -0.037  0.229  0.225  0.027  0.123  0.277  0.167  0.114  0.232  0.222  0.154  0.165  0.212  0.221  0.251  0.214  0.214  0.156  0.243  0.330  0.299  0.440  0.637  0.637  0.568  0.751  1.000  0.772  0.564  0.400  0.345  0.181  0.101 -0.119 -0.173 -0.263 -0.120  0.002 -0.127 -0.117 -0.192 -0.251 -0.173 -0.043  0.154  0.355  0.447  0.414  0.344  0.245 -0.004 -0.102 -0.472 -0.532 -0.510
 -0.505 -0.432 -0.271 -0.020  0.291  0.347  0.282  0.198  0.194  0.050  0.146  0.131  0.098 -0.136 -0.213 -0.406 -0.415 -0.496 -0.430 -0.385 -0.286  0.058  0.369  0.346  0.132  0.223  0.395  0.280  0.191  0.309  0.304  0.199  0.187  0.251  0.288  0.337  0.318  0.325  0.278  0.396  0.482  0.467  0.618  0.682  0.547  0.373  0.532  0.772  1.000  0.789  0.585  0.484  0.283  0.214 -0.061 -0.168 -0.287 -0.088  0.043 -0.153 -0.172 -0.300 -0.383 -0.298 -0.131  0.119  0.369  0.508  0.535  0.493  0.367  0.086 -0.080 -0.570 -0.642 -0.622
 -0.517 -0.482 -0.333 -0.134  0.176  0.247  0.209  0.171  0.153 -0.027  0.049  0.015 -0.009 -0.233 -0.284 -0.436 -0.408 -0.463 -0.386 -0.301 -0.181  0.204  0.489  0.441  0.224  0.261  0.406  0.305  0.189  0.258  0.266  0.168  0.132  0.178  0.225  0.277  0.295  0.319  0.272  0.359  0.436  0.433  0.578  0.565  0.481  0.303  0.370  0.564  0.789  1.000  0.819  0.638  0.419  0.384  0.086 -0.071 -0.208  0.026  0.139 -0.095 -0.138 -0.295 -0.414 -0.364 -0.187  0.043  0.298  0.406  0.461  0.429  0.325  0.052 -0.089 -0.503 -0.568 -0.546
 -0.547 -0.571 -0.438 -0.302  0.046  0.129  0.129  0.156  0.123 -0.086 -0.047 -0.121 -0.125 -0.355 -0.338 -0.455 -0.362 -0.390 -0.309 -0.160 -0.006  0.422  0.625  0.602  0.393  0.325  0.458  0.404  0.251  0.264  0.300  0.209  0.143  0.169  0.239  0.286  0.328  0.343  0.266  0.333  0.394  0.328  0.441  0.413  0.325  0.230  0.275  0.400  0.585  0.819  1.000  0.849  0.683  0.627  0.301  0.039 -0.118  0.154  0.178 -0.099 -0.183 -0.361 -0.506 -0.504 -0.324 -0.122  0.167  0.280  0.371  0.342  0.262 -0.004 -0.123 -0.450 -0.505 -0.482
 -0.513 -0.566 -0.470 -0.366 -0.010  0.063  0.092  0.124  0.105 -0.082 -0.058 -0.133 -0.102 -0.317 -0.253 -0.363 -0.254 -0.299 -0.271 -0.082  0.134  0.577  0.755  0.775  0.577  0.463  0.575  0.526  0.355  0.332  0.356  0.274  0.201  0.205  0.276  0.302  0.326  0.346  0.235  0.283  0.357  0.206  0.320  0.295  0.202  0.189  0.248  0.345  0.484  0.638  0.849  1.000  0.827  0.661  0.342  0.015 -0.169  0.071  0.020 -0.246 -0.318 -0.456 -0.562 -0.571 -0.442 -0.249  0.040  0.171  0.282  0.237  0.152 -0.070 -0.188 -0.420 -0.456 -0.427
 -0.414 -0.527 -0.473 -0.482 -0.183 -0.107 -0.020  0.099  0.050 -0.181 -0.206 -0.316 -0.271 -0.434 -0.313 -0.334 -0.159 -0.124 -0.067  0.145  0.317  0.674  0.654  0.685  0.550  0.362  0.408  0.415  0.252  0.186  0.228  0.178  0.094  0.071  0.145  0.177  0.220  0.232  0.146  0.185  0.221  0.095  0.157  0.136  0.052  0.086  0.140  0.181  0.283  0.419  0.683  0.827  1.000  0.832  0.555  0.212  0.073  0.284  0.146 -0.083 -0.195 -0.345 -0.477 -0.553 -0.444 -0.359 -0.096  0.015  0.126  0.103  0.062 -0.121 -0.161 -0.251 -0.269 -0.250
 -0.321 -0.469 -0.434 -0.509 -0.289 -0.202 -0.103  0.074  0.002 -0.251 -0.297 -0.431 -0.408 -0.528 -0.407 -0.338 -0.122 -0.014  0.110  0.316  0.429  0.710  0.578  0.503  0.407  0.208  0.188  0.204  0.063 -0.014  0.035  0.004 -0.063 -0.080 -0.019  0.032  0.094  0.102  0.063  0.105  0.109  0.059  0.089  0.071  0.018  0.019  0.063  0.101  0.214  0.384  0.627  0.661  0.832  1.000  0.784  0.463  0.337  0.542  0.371  0.157  0.020 -0.169 -0.333 -0.445 -0.325 -0.328 -0.124 -0.050  0.040  0.050  0.059 -0.118 -0.081 -0.129 -0.156 -0.148
 -0.043 -0.225 -0.270 -0.466 -0.430 -0.370 -0.267 -0.050 -0.121 -0.280 -0.368 -0.493 -0.469 -0.464 -0.327 -0.131  0.103  0.280  0.429  0.595  0.615  0.644  0.360  0.260  0.258  0.007 -0.086 -0.035 -0.148 -0.259 -0.206 -0.191 -0.229 -0.258 -0.226 -0.187 -0.127 -0.128 -0.126 -0.110 -0.149 -0.162 -0.172 -0.186 -0.174 -0.134 -0.127 -0.119 -0.061  0.086  0.301  0.342  0.555  0.784  1.000  0.758  0.628  0.698  0.479  0.369  0.240  0.062 -0.075 -0.229 -0.171 -0.318 -0.265 -0.264 -0.209 -0.168 -0.088 -0.155 -0.010  0.134  0.124  0.115
  0.160  0.026 -0.032 -0.243 -0.378 -0.338 -0.295 -0.111 -0.184 -0.254 -0.325 -0.404 -0.411 -0.315 -0.234 -0.023  0.160  0.360  0.575  0.570  0.459  0.335  0.079 -0.066 -0.036 -0.196 -0.322 -0.295 -0.333 -0.407 -0.380 -0.336 -0.321 -0.335 -0.348 -0.318 -0.284 -0.298 -0.256 -0.241 -0.297 -0.246 -0.265 -0.236 -0.154 -0.138 -0.160 -0.173 -0.168 -0.071  0.039  0.015  0.212  0.463  0.758  1.000  0.811  0.718  0.627  0.617  0.559  0.353  0.226  0.084  0.122 -0.099 -0.191 -0.258 -0.288 -0.234 -0.121 -0.138  0.063  0.231  0.227  0.208
  0.262  0.117  0.026 -0.238 -0.445 -0.423 -0.368 -0.153 -0.229 -0.255 -0.359 -0.459 -0.475 -0.329 -0.251  0.019  0.186  0.437  0.655  0.640  0.427  0.212 -0.105 -0.239 -0.169 -0.313 -0.468 -0.423 -0.426 -0.503 -0.470 -0.400 -0.379 -0.401 -0.424 -0.401 -0.361 -0.380 -0.315 -0.322 -0.405 -0.314 -0.360 -0.323 -0.228 -0.191 -0.224 -0.263 -0.287 -0.208 -0.118 -0.169  0.073  0.337  0.628  0.811  1.000  0.838  0.665  0.738  0.593  0.440  0.333  0.174  0.180 -0.101 -0.238 -0.338 -0.384 -0.320 -0.171 -0.140  0.111  0.375  0.387  0.358
  0.029 -0.112 -0.127 -0.320 -0.394 -0.338 -0.274 -0.054 -0.140 -0.284 -0.357 -0.480 -0.509 -0.461 -0.393 -0.195 -0.007  0.232  0.460  0.505  0.335  0.292  0.052 -0.074 -0.081 -0.215 -0.309 -0.283 -0.319 -0.375 -0.331 -0.293 -0.295 -0.311 -0.308 -0.268 -0.216 -0.230 -0.190 -0.170 -0.232 -0.161 -0.186 -0.159 -0.106 -0.103 -0.109 -0.120 -0.088  0.026  0.154  0.071  0.284  0.542  0.698  0.718  0.838  1.000  0.821  0.708  0.503  0.300  0.148  0.003  0.081 -0.121 -0.149 -0.206 -0.219 -0.170 -0.044 -0.112  0.081  0.194  0.194  0.176
 -0.008 -0.076 -0.031 -0.158 -0.240 -0.180 -0.173 -0.010 -0.102 -0.246 -0.270 -0.353 -0.403 -0.369 -0.360 -0.252 -0.116  0.087  0.312  0.305  0.116  0.096 -0.017 -0.147 -0.199 -0.244 -0.291 -0.310 -0.324 -0.322 -0.295 -0.276 -0.255 -0.247 -0.257 -0.211 -0.178 -0.192 -0.148 -0.104 -0.148 -0.058 -0.058 -0.010  0.052 -0.003 -0.006  0.002  0.043  0.139  0.178  0.020  0.146  0.371  0.479  0.627  0.665  0.821  1.000  0.804  0.660  0.397  0.222  0.107  0.223  0.057  0.020 -0.042 -0.092 -0.050  0.054 -0.053  0.094  0.067  0.055  0.041
  0.222  0.158  0.136 -0.058 -0.279 -0.257 -0.270 -0.104 -0.183 -0.226 -0.270 -0.338 -0.387 -0.259 -0.247 -0.087  0.013  0.235  0.439  0.375  0.127 -0.030 -0.218 -0.362 -0.341 -0.366 -0.482 -0.489 -0.445 -0.457 -0.449 -0.389 -0.338 -0.341 -0.385 -0.357 -0.338 -0.357 -0.288 -0.275 -0.340 -0.212 -0.230 -0.158 -0.044 -0.067 -0.099 -0.127 -0.153 -0.095 -0.099 -0.246 -0.083  0.157  0.369  0.617  0.738  0.708  0.804  1.000  0.823  0.590  0.446  0.317  0.366  0.116 -0.033 -0.156 -0.251 -0.209 -0.071 -0.086  0.145  0.263  0.264  0.239
  0.300  0.286  0.275  0.084 -0.190 -0.182 -0.239 -0.117 -0.200 -0.192 -0.220 -0.242 -0.291 -0.129 -0.129  0.007  0.060  0.221  0.390  0.278  0.058 -0.131 -0.287 -0.420 -0.397 -0.398 -0.505 -0.525 -0.464 -0.455 -0.467 -0.407 -0.329 -0.322 -0.388 -0.368 -0.377 -0.403 -0.334 -0.303 -0.357 -0.235 -0.236 -0.138  0.003 -0.038 -0.083 -0.117 -0.172 -0.138 -0.183 -0.318 -0.195  0.020  0.240  0.559  0.593  0.503  0.660  0.823  1.000  0.790  0.603  0.469  0.528  0.249  0.049 -0.097 -0.231 -0.195 -0.069 -0.069  0.148  0.246  0.246  0.221
  0.485  0.468  0.404  0.173 -0.188 -0.211 -0.271 -0.172 -0.229 -0.140 -0.194 -0.183 -0.222  0.006  0.013  0.185  0.184  0.301  0.383  0.226  0.029 -0.242 -0.404 -0.506 -0.447 -0.443 -0.558 -0.569 -0.484 -0.480 -0.504 -0.426 -0.330 -0.333 -0.418 -0.418 -0.443 -0.469 -0.394 -0.384 -0.445 -0.329 -0.335 -0.228 -0.052 -0.076 -0.142 -0.192 -0.300 -0.295 -0.361 -0.456 -0.345 -0.169  0.062  0.353  0.440  0.300  0.397  0.590  0.790  1.000  0.804  0.623  0.612  0.289  0.008 -0.166 -0.317 -0.288 -0.152 -0.072  0.168  0.349  0.363  0.336
  0.652  0.667  0.550  0.322 -0.130 -0.189 -0.286 -0.242 -0.266 -0.070 -0.129 -0.088 -0.113  0.171  0.198  0.387  0.339  0.396  0.379  0.194  0.021 -0.317 -0.479 -0.564 -0.466 -0.450 -0.587 -0.593 -0.482 -0.486 -0.531 -0.439 -0.325 -0.333 -0.437 -0.455 -0.499 -0.529 -0.451 -0.459 -0.514 -0.406 -0.402 -0.294 -0.121 -0.122 -0.201 -0.251 -0.383 -0.414 -0.506 -0.562 -0.477 -0.333 -0.075  0.226  0.333  0.148  0.222  0.446  0.603  0.804  1.000  0.842  0.672  0.358 -0.002 -0.198 -0.369 -0.348 -0.223 -0.088  0.170  0.408  0.429  0.399
  0.559  0.682  0.623  0.529  0.079  0.003 -0.170 -0.202 -0.219  0.006  0.006  0.091  0.061  0.321  0.277  0.351  0.239  0.247  0.229  0.015 -0.140 -0.438 -0.508 -0.585 -0.512 -0.421 -0.522 -0.557 -0.415 -0.373 -0.447 -0.368 -0.234 -0.228 -0.347 -0.372 -0.446 -0.478 -0.408 -0.395 -0.419 -0.317 -0.292 -0.177 -0.024 -0.067 -0.137 -0.173 -0.298 -0.364 -0.504 -0.571 -0.553 -0.445 -0.229  0.084  0.174  0.003  0.107  0.317  0.469  0.623  0.842  1.000  0.819  0.557  0.177 -0.037 -0.232 -0.231 -0.146 -0.040  0.158  0.287  0.301  0.274
  0.328  0.436  0.531  0.547  0.208  0.170 -0.042 -0.073 -0.133 -0.028  0.025  0.110  0.049  0.214  0.113  0.099  0.038  0.058  0.133 -0.067 -0.228 -0.426 -0.424 -0.518 -0.522 -0.399 -0.441 -0.513 -0.389 -0.295 -0.367 -0.322 -0.187 -0.160 -0.272 -0.275 -0.352 -0.383 -0.318 -0.264 -0.267 -0.165 -0.120  0.012  0.163  0.038 -0.019 -0.043 -0.131 -0.187 -0.324 -0.442 -0.444 -0.325 -0.171  0.122  0.180  0.081  0.223  0.366  0.528  0.612  0.672  0.819  1.000  0.745  0.410  0.172 -0.039 -0.059  0.003 -0.002  0.135  0.103  0.103  0.082
  0.053  0.222  0.408  0.679  0.514  0.501  0.213  0.075  0.019  0.098  0.210  0.312  0.238  0.274  0.112 -0.042 -0.146 -0.207 -0.150 -0.330 -0.413 -0.448 -0.286 -0.341 -0.412 -0.224 -0.172 -0.283 -0.176 -0.024 -0.108 -0.118  0.001  0.049 -0.046 -0.040 -0.133 -0.156 -0.125 -0.044  0.010  0.075  0.158  0.279  0.371  0.177  0.140  0.154  0.119  0.043 -0.122 -0.249 -0.359 -0.328 -0.318 -0.099 -0.101 -0.121  0.057  0.116  0.249  0.289  0.358  0.557  0.745  1.000  0.738  0.470  0.260  0.194  0.159  0.056  0.059 -0.205 -0.223 -0.228
 -0.239 -0.068  0.167  0.508  0.661  0.650  0.396  0.252  0.152  0.053  0.205  0.287  0.239  0.104 -0.023 -0.250 -0.329 -0.401 -0.343 -0.430 -0.444 -0.299 -0.058 -0.076 -0.225 -0.049  0.087 -0.035  0.000  0.173  0.110  0.047  0.122  0.178  0.135  0.166  0.090  0.071  0.066  0.192  0.290  0.326  0.452  0.565  0.553  0.335  0.340  0.355  0.369  0.298  0.167  0.040 -0.096 -0.124 -0.265 -0.191 -0.238 -0.149  0.020 -0.033  0.049  0.008 -0.002  0.177  0.410  0.738  1.000  0.763  0.575  0.447  0.331  0.093 -0.004 -0.455 -0.505 -0.499
 -0.403 -0.254 -0.044  0.314  0.599  0.691  0.603  0.454  0.336  0.020  0.212  0.298  0.254  0.034 -0.105 -0.343 -0.415 -0.509 -0.450 -0.497 -0.451 -0.214  0.083  0.081 -0.093  0.083  0.264  0.130  0.116  0.308  0.262  0.149  0.184  0.266  0.272  0.330  0.271  0.269  0.265  0.393  0.532  0.553  0.683  0.763  0.627  0.395  0.458  0.447  0.508  0.406  0.280  0.171  0.015 -0.050 -0.264 -0.258 -0.338 -0.206 -0.042 -0.156 -0.097 -0.166 -0.198 -0.037  0.172  0.470  0.763  1.000  0.832  0.658  0.453  0.136 -0.093 -0.633 -0.696 -0.680
 -0.494 -0.372 -0.183  0.162  0.539  0.638  0.569  0.424  0.328  0.036  0.199  0.251  0.234 -0.027 -0.134 -0.367 -0.425 -0.531 -0.491 -0.476 -0.379 -0.096  0.190  0.212  0.046  0.171  0.373  0.270  0.207  0.383  0.371  0.227  0.225  0.317  0.368  0.433  0.390  0.372  0.386  0.571  0.698  0.701  0.742  0.702  0.499  0.283  0.380  0.414  0.535  0.461  0.371  0.282  0.126  0.040 -0.209 -0.288 -0.384 -0.219 -0.092 -0.251 -0.231 -0.317 -0.369 -0.232 -0.039  0.260  0.575  0.832  1.000  0.834  0.615  0.270 -0.039 -0.656 -0.750 -0.743
 -0.448 -0.346 -0.193  0.101  0.409  0.509  0.450  0.322  0.244  0.013  0.132  0.175  0.154 -0.061 -0.152 -0.340 -0.384 -0.470 -0.428 -0.411 -0.318 -0.070  0.170  0.164  0.034  0.135  0.310  0.221  0.140  0.324  0.334  0.163  0.159  0.291  0.357  0.454  0.421  0.390  0.468  0.678  0.748  0.792  0.711  0.620  0.395  0.176  0.288  0.344  0.493  0.429  0.342  0.237  0.103  0.050 -0.168 -0.234 -0.320 -0.170 -0.050 -0.209 -0.195 -0.288 -0.348 -0.231 -0.059  0.194  0.447  0.658  0.834  1.000  0.794  0.458  0.102 -0.607 -0.713 -0.718
 -0.324 -0.260 -0.141  0.052  0.249  0.337  0.246  0.210  0.098 -0.034  0.032  0.039 -0.005 -0.135 -0.191 -0.303 -0.313 -0.345 -0.285 -0.278 -0.239 -0.074  0.085  0.053 -0.062 -0.002  0.153  0.080 -0.008  0.168  0.205  0.042  0.049  0.198  0.261  0.367  0.349  0.287  0.420  0.672  0.637  0.646  0.529  0.440  0.270  0.099  0.189  0.245  0.367  0.325  0.262  0.152  0.062  0.059 -0.088 -0.121 -0.171 -0.044  0.054 -0.071 -0.069 -0.152 -0.223 -0.146  0.003  0.159  0.331  0.453  0.615  0.794  1.000  0.747  0.397 -0.439 -0.585 -0.612
 -0.101 -0.060 -0.037  0.056  0.091  0.126  0.052  0.028  0.017  0.007  0.013  0.044  0.004 -0.008 -0.052 -0.084 -0.129 -0.152 -0.159 -0.176 -0.160 -0.143 -0.082 -0.103 -0.122 -0.092 -0.009 -0.038 -0.098  0.020  0.064 -0.059 -0.057  0.065  0.117  0.208  0.222  0.163  0.296  0.497  0.371  0.410  0.240  0.120  0.015 -0.076 -0.033 -0.004  0.086  0.052 -0.004 -0.070 -0.121 -0.118 -0.155 -0.138 -0.140 -0.112 -0.053 -0.086 -0.069 -0.072 -0.088 -0.040 -0.002  0.056  0.093  0.136  0.270  0.458  0.747  1.000  0.627 -0.164 -0.285 -0.321
  0.148  0.143  0.097  0.047 -0.063 -0.074 -0.186 -0.155 -0.208 -0.047 -0.106 -0.119 -0.151 -0.061 -0.048  0.022  0.032  0.090  0.096  0.057 -0.009 -0.100 -0.177 -0.250 -0.209 -0.216 -0.267 -0.273 -0.264 -0.234 -0.232 -0.249 -0.203 -0.159 -0.181 -0.127 -0.119 -0.171 -0.056  0.111 -0.028  0.044 -0.052 -0.092 -0.087 -0.125 -0.126 -0.102 -0.080 -0.089 -0.123 -0.188 -0.161 -0.081 -0.010  0.063  0.111  0.081  0.094  0.145  0.148  0.168  0.170  0.158  0.135  0.059 -0.004 -0.093 -0.039  0.102  0.397  0.627  1.000  0.177  0.048 -0.018
  0.522  0.402  0.216 -0.119 -0.462 -0.537 -0.524 -0.419 -0.408 -0.127 -0.284 -0.286 -0.264 -0.008  0.074  0.336  0.391  0.503  0.468  0.448  0.314 -0.018 -0.331 -0.369 -0.187 -0.311 -0.541 -0.439 -0.348 -0.532 -0.546 -0.380 -0.365 -0.478 -0.530 -0.588 -0.537 -0.537 -0.482 -0.538 -0.636 -0.561 -0.614 -0.622 -0.492 -0.379 -0.460 -0.472 -0.570 -0.503 -0.450 -0.420 -0.251 -0.129  0.134  0.231  0.375  0.194  0.067  0.263  0.246  0.349  0.408  0.287  0.103 -0.205 -0.455 -0.633 -0.656 -0.607 -0.439 -0.164  0.177  1.000  0.857  0.722
  0.550  0.427  0.229 -0.128 -0.503 -0.587 -0.538 -0.432 -0.399 -0.143 -0.304 -0.302 -0.272  0.008  0.098  0.365  0.409  0.536  0.495  0.471  0.322 -0.032 -0.365 -0.390 -0.195 -0.317 -0.559 -0.453 -0.354 -0.555 -0.574 -0.398 -0.387 -0.513 -0.570 -0.630 -0.569 -0.552 -0.528 -0.646 -0.736 -0.655 -0.700 -0.696 -0.533 -0.374 -0.478 -0.532 -0.642 -0.568 -0.505 -0.456 -0.269 -0.156  0.124  0.227  0.387  0.194  0.055  0.264  0.246  0.363  0.429  0.301  0.103 -0.223 -0.505 -0.696 -0.750 -0.713 -0.585 -0.285  0.048  0.857  1.000  0.911
