  1.000  0.786  0.516  0.224 -0.195 -0.284 -0.340 -0.258 -0.264 -0.094 -0.151 -0.113 -0.055  0.251  0.326  0.632  0.638  0.631  0.467  0.311  0.224 -0.144 -0.359 -0.408 -0.266 -0.323 -0.488 -0.451 -0.372 -0.446 -0.472 -0.377 -0.305 -0.337 -0.411 -0.442 -0.451 -0.473 -0.411 -0.457 -0.524 -0.463 -0.491 -0.453 -0.315 -0.213 -0.308 -0.358 -0.478 -0.481 -0.504 -0.468 -0.384 -0.305 -0.052  0.134  0.219 -0.004 -0.034  0.178  0.266  0.448  0.617  0.532  0.313  0.048 -0.217 -0.387 -0.476 -0.431 -0.305 -0.119  0.158  0.483  0.529  0.503
  0.786  1.000  0.677  0.410 -0.005 -0.133 -0.240 -0.248 -0.247 -0.002 -0.028  0.060  0.116  0.420  0.496  0.641  0.498  0.465  0.301  0.134  0.045 -0.298 -0.423 -0.449 -0.327 -0.311 -0.433 -0.408 -0.299 -0.339 -0.384 -0.292 -0.209 -0.238 -0.321 -0.365 -0.402 -0.433 -0.386 -0.426 -0.471 -0.417 -0.423 -0.384 -0.251 -0.176 -0.270 -0.318 -0.432 -0.456 -0.530 -0.513 -0.485 -0.446 -0.223  0.005  0.072 -0.156 -0.123  0.096  0.238  0.419  0.601  0.623  0.391  0.171 -0.097 -0.279 -0.387 -0.362 -0.284 -0.106  0.118  0.392  0.438  0.418
  0.516  0.677  1.000  0.685  0.261  0.154 -0.044 -0.094 -0.109 -0.109 -0.004  0.158  0.238  0.504  0.517  0.448  0.331  0.216  0.103 -0.059 -0.117 -0.352 -0.396 -0.410 -0.373 -0.318 -0.358 -0.377 -0.293 -0.261 -0.307 -0.271 -0.180 -0.174 -0.249 -0.267 -0.301 -0.317 -0.268 -0.254 -0.269 -0.218 -0.233 -0.177 -0.102 -0.083 -0.126 -0.178 -0.263 -0.317 -0.390 -0.418 -0.409 -0.379 -0.259 -0.079 -0.013 -0.124 -0.048  0.089  0.188  0.309  0.491  0.588  0.484  0.406  0.199 -0.013 -0.128 -0.138 -0.086 -0.014  0.105  0.171  0.190  0.181
  0.224  0.410  0.685  1.000  0.658  0.514  0.229  0.032  0.031  0.074  0.261  0.462  0.499  0.612  0.457  0.271  0.094 -0.062 -0.159 -0.323 -0.345 -0.466 -0.366 -0.350 -0.363 -0.237 -0.193 -0.244 -0.150 -0.045 -0.107 -0.110 -0.012  0.021 -0.054 -0.078 -0.145 -0.170 -0.140 -0.083 -0.052 -0.022  0.003  0.057  0.071  0.025  0.002 -0.024 -0.076 -0.177 -0.298 -0.349 -0.433 -0.461 -0.433 -0.265 -0.246 -0.304 -0.172 -0.086  0.020  0.103  0.283  0.498  0.491  0.646  0.488  0.283  0.160  0.097  0.064  0.065  0.043 -0.095 -0.093 -0.093
 -0.195 -0.005  0.261  0.658  1.000  0.820  0.526  0.254  0.191  0.165  0.400  0.559  0.611  0.417  0.280 -0.018 -0.173 -0.343 -0.402 -0.472 -0.411 -0.317 -0.100 -0.039 -0.130  0.010  0.150  0.087  0.123  0.257  0.209  0.153  0.198  0.230  0.208  0.194  0.132  0.109  0.082  0.179  0.266  0.250  0.318  0.347  0.259  0.149  0.184  0.183  0.211  0.105  0.021 -0.022 -0.158 -0.261 -0.390 -0.378 -0.428 -0.372 -0.256 -0.293 -0.228 -0.219 -0.142  0.065  0.180  0.489  0.634  0.568  0.522  0.370  0.216  0.064 -0.117 -0.426 -0.448 -0.433
 -0.284 -0.133  0.154  0.514  0.820  1.000  0.662  0.390  0.294  0.139  0.373  0.512  0.506  0.297  0.145 -0.116 -0.247 -0.411 -0.437 -0.494 -0.415 -0.267 -0.037  0.008 -0.101  0.031  0.179  0.099  0.118  0.267  0.225  0.145  0.190  0.243  0.227  0.235  0.184  0.170  0.151  0.266  0.366  0.342  0.399  0.436  0.322  0.186  0.238  0.230  0.274  0.172  0.098  0.046 -0.094 -0.187 -0.345 -0.351 -0.415 -0.324 -0.203 -0.274 -0.228 -0.245 -0.187  0.005  0.149  0.488  0.629  0.668  0.627  0.478  0.312  0.107 -0.114 -0.505 -0.543 -0.529
 -0.340 -0.240 -0.044  0.229  0.526  0.662  1.000  0.708  0.499  0.092  0.283  0.336  0.353  0.144  0.028 -0.174 -0.266 -0.391 -0.406 -0.413 -0.311 -0.149  0.048  0.099  0.006  0.104  0.250  0.191  0.166  0.273  0.260  0.177  0.168  0.206  0.238  0.255  0.240  0.275  0.265  0.305  0.425  0.402  0.433  0.425  0.278  0.153  0.221  0.200  0.256  0.181  0.128  0.101 -0.007 -0.097 -0.262 -0.319 -0.382 -0.278 -0.198 -0.296 -0.282 -0.304 -0.291 -0.171 -0.063  0.205  0.387  0.604  0.591  0.448  0.251  0.058 -0.206 -0.526 -0.545 -0.522
 -0.258 -0.248 -0.094  0.032  0.254  0.390  0.708  1.000  0.695  0.007  0.143  0.118  0.082 -0.051 -0.111 -0.180 -0.197 -0.247 -0.227 -0.208 -0.150 -0.034  0.052  0.078  0.003  0.027  0.126  0.085  0.038  0.101  0.117  0.053  0.036  0.062  0.097  0.137  0.164  0.204  0.193  0.195  0.278  0.265  0.288  0.300  0.197  0.112  0.163  0.134  0.167  0.128  0.128  0.106  0.077  0.039 -0.077 -0.156 -0.182 -0.090 -0.068 -0.150 -0.178 -0.205 -0.226 -0.179 -0.079  0.080  0.248  0.441  0.409  0.264  0.162 -0.004 -0.143 -0.410 -0.426 -0.400
 -0.264 -0.247 -0.109  0.031  0.191  0.294  0.499  0.695  1.000  0.258  0.297  0.262  0.153  0.024 -0.047 -0.125 -0.208 -0.273 -0.265 -0.240 -0.175 -0.048  0.060  0.094  0.028  0.058  0.157  0.118  0.058  0.101  0.123  0.057  0.019  0.039  0.080  0.114  0.164  0.235  0.229  0.196  0.265  0.280  0.268  0.234  0.123  0.062  0.105  0.105  0.170  0.132  0.114  0.096  0.048  0.001 -0.119 -0.208 -0.223 -0.125 -0.113 -0.191 -0.247 -0.261 -0.253 -0.190 -0.141  0.038  0.166  0.315  0.314  0.218  0.094 -0.003 -0.153 -0.409 -0.408 -0.378
 -0.094 -0.002 -0.109  0.074  0.165  0.139  0.092  0.007  0.258  1.000  0.666  0.424  0.241  0.138  0.061  0.026 -0.072 -0.114 -0.172 -0.188 -0.158 -0.150 -0.056 -0.012 -0.016  0.029  0.077  0.073  0.090  0.111  0.102  0.095  0.109  0.129  0.110  0.072  0.042  0.037  0.029 -0.003  0.011  0.010  0.043  0.002 -0.039 -0.046 -0.053  0.007  0.051  0.001 -0.051 -0.043 -0.132 -0.198 -0.227 -0.211 -0.234 -0.256 -0.222 -0.214 -0.174 -0.143 -0.122 -0.067 -0.099  0.002 -0.013 -0.004  0.021  0.002 -0.057 -0.018 -0.126 -0.138 -0.140 -0.140
 -0.151 -0.028 -0.004  0.261  0.400  0.373  0.283  0.143  0.297  0.666  1.000  0.752  0.558  0.360  0.181  0.026 -0.112 -0.233 -0.293 -0.341 -0.294 -0.252 -0.087 -0.025 -0.057  0.036  0.123  0.102  0.142  0.210  0.186  0.176  0.206  0.236  0.206  0.149  0.095  0.081  0.050  0.056  0.098  0.086  0.139  0.101  0.039  0.007  0.021  0.050  0.099  0.020 -0.055 -0.056 -0.187 -0.284 -0.349 -0.323 -0.368 -0.368 -0.290 -0.293 -0.242 -0.217 -0.170 -0.046 -0.040  0.132  0.139  0.175  0.185  0.117  0.009  0.002 -0.153 -0.272 -0.282 -0.276
 -0.113  0.060  0.158  0.462  0.559  0.512  0.336  0.118  0.262  0.424  0.752  1.000  0.781  0.585  0.351  0.124 -0.071 -0.253 -0.349 -0.422 -0.354 -0.338 -0.142 -0.073 -0.098  0.023  0.114  0.085  0.145  0.220  0.177  0.164  0.201  0.226  0.188  0.132  0.074  0.068  0.040  0.057  0.112  0.100  0.143  0.105  0.047  0.004  0.015  0.034  0.067 -0.024 -0.128 -0.128 -0.283 -0.397 -0.456 -0.405 -0.454 -0.467 -0.370 -0.359 -0.287 -0.229 -0.140  0.040  0.042  0.239  0.220  0.243  0.219  0.134 -0.003  0.011 -0.142 -0.255 -0.258 -0.250
 -0.055  0.116  0.238  0.499  0.611  0.506  0.353  0.082  0.153  0.241  0.558  0.781  1.000  0.763  0.519  0.233  0.031 -0.191 -0.325 -0.397 -0.303 -0.295 -0.115 -0.024 -0.041  0.070  0.152  0.136  0.186  0.242  0.195  0.186  0.211  0.216  0.195  0.129  0.078  0.069  0.034  0.055  0.112  0.084  0.118  0.074  0.016 -0.001  0.007  0.008  0.030 -0.059 -0.143 -0.110 -0.254 -0.388 -0.445 -0.414 -0.469 -0.495 -0.413 -0.398 -0.319 -0.251 -0.140  0.035  0.009  0.196  0.198  0.223  0.230  0.145 -0.008  0.002 -0.156 -0.245 -0.239 -0.226
  0.251  0.420  0.504  0.612  0.417  0.297  0.144 -0.051  0.024  0.138  0.360  0.585  0.763  1.000  0.748  0.491  0.268  0.048 -0.121 -0.249 -0.208 -0.354 -0.263 -0.198 -0.165 -0.073 -0.058 -0.067  0.004  0.031 -0.022 -0.008  0.044  0.048 -0.001 -0.059 -0.102 -0.110 -0.113 -0.128 -0.111 -0.115 -0.108 -0.140 -0.125 -0.095 -0.127 -0.148 -0.181 -0.257 -0.350 -0.308 -0.404 -0.496 -0.444 -0.330 -0.338 -0.452 -0.381 -0.280 -0.170 -0.040  0.134  0.294  0.175  0.243  0.086  0.015 -0.020 -0.060 -0.130 -0.022 -0.053 -0.003  0.022  0.026
  0.326  0.496  0.517  0.457  0.280  0.145  0.028 -0.111 -0.047  0.061  0.181  0.351  0.519  0.748  1.000  0.680  0.423  0.189 -0.022 -0.117 -0.047 -0.205 -0.177 -0.117 -0.074 -0.008 -0.030 -0.035  0.008 -0.001 -0.051 -0.035 -0.003 -0.024 -0.058 -0.097 -0.121 -0.113 -0.115 -0.152 -0.140 -0.152 -0.162 -0.211 -0.200 -0.132 -0.166 -0.190 -0.223 -0.272 -0.316 -0.236 -0.287 -0.380 -0.318 -0.253 -0.268 -0.387 -0.366 -0.268 -0.169 -0.035  0.150  0.248  0.084  0.103 -0.014 -0.096 -0.110 -0.132 -0.179 -0.063 -0.053  0.051  0.089  0.096
  0.632  0.641  0.448  0.271 -0.018 -0.116 -0.174 -0.180 -0.125  0.026  0.026  0.124  0.233  0.491  0.680  1.000  0.713  0.499  0.277  0.176  0.194 -0.105 -0.229 -0.220 -0.119 -0.147 -0.235 -0.216 -0.183 -0.238 -0.268 -0.221 -0.182 -0.207 -0.252 -0.282 -0.286 -0.283 -0.249 -0.303 -0.337 -0.320 -0.355 -0.396 -0.344 -0.233 -0.297 -0.325 -0.383 -0.399 -0.421 -0.337 -0.319 -0.327 -0.144 -0.048 -0.015 -0.211 -0.262 -0.112 -0.019  0.148  0.353  0.334  0.085 -0.037 -0.220 -0.316 -0.334 -0.310 -0.275 -0.087  0.052  0.283  0.325  0.317
  0.638  0.498  0.331  0.094 -0.173 -0.247 -0.266 -0.197 -0.208 -0.072 -0.112 -0.071  0.031  0.268  0.423  0.713  1.000  0.780  0.494  0.386  0.444  0.090 -0.119 -0.128 -0.038 -0.148 -0.256 -0.229 -0.236 -0.320 -0.332 -0.282 -0.254 -0.288 -0.323 -0.343 -0.326 -0.325 -0.287 -0.349 -0.390 -0.379 -0.408 -0.420 -0.345 -0.221 -0.284 -0.317 -0.387 -0.374 -0.337 -0.236 -0.158 -0.125  0.089  0.154  0.165 -0.026 -0.126 -0.004  0.060  0.182  0.326  0.231  0.050 -0.126 -0.292 -0.383 -0.399 -0.368 -0.297 -0.141  0.058  0.345  0.376  0.358
  0.631  0.465  0.216 -0.062 -0.343 -0.411 -0.391 -0.247 -0.273 -0.114 -0.233 -0.253 -0.191  0.048  0.189  0.499  0.780  1.000  0.751  0.627  0.579  0.173 -0.134 -0.180 -0.042 -0.211 -0.383 -0.324 -0.325 -0.441 -0.438 -0.360 -0.331 -0.377 -0.416 -0.429 -0.406 -0.413 -0.356 -0.424 -0.493 -0.455 -0.498 -0.486 -0.373 -0.240 -0.318 -0.365 -0.449 -0.412 -0.354 -0.267 -0.118 -0.018  0.264  0.354  0.413  0.201  0.068  0.209  0.219  0.295  0.373  0.230  0.070 -0.191 -0.366 -0.482 -0.514 -0.460 -0.338 -0.174  0.110  0.459  0.501  0.482
  0.467  0.301  0.103 -0.159 -0.402 -0.437 -0.406 -0.227 -0.265 -0.172 -0.293 -0.349 -0.325 -0.121 -0.022  0.277  0.494  0.751  1.000  0.760  0.548  0.194 -0.114 -0.201 -0.094 -0.258 -0.424 -0.372 -0.368 -0.472 -0.462 -0.384 -0.354 -0.390 -0.427 -0.426 -0.399 -0.408 -0.345 -0.393 -0.470 -0.414 -0.455 -0.417 -0.287 -0.189 -0.258 -0.307 -0.377 -0.330 -0.262 -0.224 -0.040  0.124  0.427  0.570  0.638  0.438  0.296  0.415  0.376  0.363  0.344  0.197  0.129 -0.146 -0.315 -0.432 -0.480 -0.419 -0.278 -0.170  0.123  0.430  0.463  0.440
  0.311  0.134 -0.059 -0.323 -0.472 -0.494 -0.413 -0.208 -0.240 -0.188 -0.341 -0.422 -0.397 -0.249 -0.117  0.176  0.386  0.627  0.760  1.000  0.777  0.440  0.094  0.003  0.095 -0.119 -0.283 -0.226 -0.283 -0.412 -0.387 -0.334 -0.342 -0.383 -0.390 -0.377 -0.320 -0.312 -0.258 -0.322 -0.394 -0.356 -0.399 -0.394 -0.307 -0.207 -0.256 -0.282 -0.309 -0.229 -0.114 -0.042  0.159  0.323  0.591  0.573  0.636  0.494  0.301  0.365  0.275  0.215  0.166 -0.003 -0.053 -0.300 -0.378 -0.456 -0.453 -0.395 -0.271 -0.185  0.081  0.387  0.414  0.393
  0.224  0.045 -0.117 -0.345 -0.411 -0.415 -0.311 -0.150 -0.175 -0.158 -0.294 -0.354 -0.303 -0.208 -0.047  0.194  0.444  0.579  0.548  0.777  1.000  0.707  0.347  0.253  0.344  0.094 -0.069 -0.023 -0.136 -0.281 -0.261 -0.247 -0.284 -0.323 -0.303 -0.278 -0.208 -0.185 -0.152 -0.208 -0.257 -0.258 -0.292 -0.329 -0.302 -0.214 -0.238 -0.233 -0.214 -0.115  0.032  0.163  0.317  0.427  0.607  0.466  0.424  0.329  0.117  0.124  0.062  0.028  0.004 -0.142 -0.205 -0.370 -0.383 -0.401 -0.349 -0.298 -0.227 -0.164 -0.000  0.244  0.259  0.251
 -0.144 -0.298 -0.352 -0.466 -0.317 -0.267 -0.149 -0.034 -0.048 -0.150 -0.252 -0.338 -0.295 -0.354 -0.205 -0.105  0.090  0.173  0.194  0.440  0.707  1.000  0.740  0.623  0.651  0.439  0.269  0.272  0.125 -0.017 -0.019 -0.051 -0.125 -0.157 -0.106 -0.065  0.013  0.056  0.035  0.016  0.017 -0.026 -0.006 -0.052 -0.100 -0.082 -0.046  0.007  0.106  0.243  0.432  0.581  0.660  0.703  0.645  0.359  0.239  0.314  0.117 -0.005 -0.103 -0.207 -0.297 -0.407 -0.376 -0.389 -0.250 -0.177 -0.083 -0.066 -0.071 -0.135 -0.100 -0.061 -0.069 -0.057
 -0.359 -0.423 -0.396 -0.366 -0.100 -0.037  0.048  0.052  0.060 -0.056 -0.087 -0.142 -0.115 -0.263 -0.177 -0.229 -0.119 -0.134 -0.114  0.094  0.347  0.740  1.000  0.823  0.664  0.601  0.574  0.483  0.286  0.203  0.200  0.111  0.013  0.006  0.079  0.127  0.214  0.286  0.221  0.200  0.249  0.187  0.263  0.204  0.115  0.069  0.137  0.225  0.371  0.492  0.615  0.745  0.643  0.583  0.391  0.132 -0.047  0.100  0.017 -0.173 -0.243 -0.351 -0.445 -0.479 -0.392 -0.268 -0.063  0.075  0.166  0.142  0.060 -0.084 -0.194 -0.329 -0.353 -0.331
 -0.408 -0.449 -0.410 -0.350 -0.039  0.008  0.099  0.078  0.094 -0.012 -0.025 -0.073 -0.024 -0.198 -0.117 -0.220 -0.128 -0.180 -0.201  0.003  0.253  0.623  0.823  1.000  0.808  0.618  0.708  0.679  0.440  0.352  0.368  0.277  0.159  0.136  0.220  0.237  0.289  0.349  0.245  0.236  0.314  0.171  0.242  0.188  0.083  0.078  0.144  0.221  0.347  0.442  0.587  0.758  0.665  0.497  0.278 -0.023 -0.194 -0.037 -0.119 -0.324 -0.375 -0.452 -0.527 -0.549 -0.475 -0.309 -0.069  0.087  0.200  0.144  0.035 -0.101 -0.264 -0.379 -0.395 -0.365
 -0.266 -0.327 -0.373 -0.363 -0.130 -0.101  0.006  0.003  0.028 -0.016 -0.057 -0.098 -0.041 -0.165 -0.074 -0.119 -0.038 -0.042 -0.094  0.095  0.344  0.651  0.664  0.808  1.000  0.753  0.595  0.665  0.524  0.325  0.305  0.270  0.146  0.083  0.152  0.146  0.199  0.244  0.159  0.140  0.190  0.069  0.094  0.006 -0.098 -0.073 -0.031  0.030  0.141  0.234  0.381  0.560  0.522  0.388  0.258 -0.008 -0.142 -0.059 -0.177 -0.310 -0.358 -0.401 -0.444 -0.481 -0.477 -0.374 -0.206 -0.078  0.046  0.027 -0.062 -0.108 -0.202 -0.212 -0.213 -0.187
 -0.323 -0.311 -0.318 -0.237  0.010  0.031  0.104  0.027  0.058  0.029  0.036  0.023  0.070 -0.073 -0.008 -0.147 -0.148 -0.211 -0.258 -0.119  0.094  0.439  0.601  0.618  0.753  1.000  0.741  0.646  0.638  0.509  0.395  0.352  0.247  0.175  0.220  0.208  0.263  0.334  0.229  0.184  0.251  0.174  0.223  0.122  0.012 -0.007  0.043  0.094  0.198  0.247  0.305  0.447  0.349  0.205  0.031 -0.159 -0.276 -0.186 -0.229 -0.341 -0.371 -0.407 -0.440 -0.411 -0.386 -0.232 -0.081  0.054  0.142  0.100 -0.022 -0.084 -0.209 -0.299 -0.294 -0.265
 -0.488 -0.433 -0.358 -0.193  0.150  0.179  0.250  0.126  0.157  0.077  0.123  0.114  0.152 -0.058 -0.030 -0.235 -0.256 -0.383 -0.424 -0.283 -0.069  0.269  0.574  0.708  0.595  0.741  1.000  0.849  0.648  0.673  0.667  0.513  0.378  0.380  0.471  0.479  0.526  0.598  0.457  0.397  0.493  0.341  0.391  0.292  0.138  0.102  0.180  0.231  0.357  0.377  0.427  0.546  0.389  0.183 -0.061 -0.285 -0.430 -0.276 -0.275 -0.455 -0.480 -0.527 -0.571 -0.509 -0.436 -0.185  0.051  0.240  0.348  0.278  0.121 -0.015 -0.287 -0.528 -0.548 -0.510
 -0.451 -0.408 -0.377 -0.244  0.087  0.099  0.191  0.085  0.118  0.073  0.102  0.085  0.136 -0.067 -0.035 -0.216 -0.229 -0.324 -0.372 -0.226 -0.023  0.272  0.483  0.679  0.665  0.646  0.849  1.000  0.787  0.677  0.735  0.649  0.469  0.420  0.526  0.483  0.503  0.530  0.391  0.353  0.432  0.256  0.272  0.162  0.003  0.011  0.076  0.123  0.243  0.272  0.361  0.483  0.373  0.171 -0.037 -0.274 -0.400 -0.271 -0.304 -0.467 -0.498 -0.533 -0.574 -0.532 -0.491 -0.276 -0.054  0.119  0.254  0.198  0.054 -0.036 -0.286 -0.439 -0.453 -0.416
 -0.372 -0.299 -0.293 -0.150  0.123  0.118  0.166  0.038  0.058  0.090  0.142  0.145  0.186  0.004  0.008 -0.183 -0.236 -0.325 -0.368 -0.283 -0.136  0.125  0.286  0.440  0.524  0.638  0.648  0.787  1.000  0.820  0.694  0.755  0.658  0.506  0.512  0.388  0.319  0.327  0.178  0.181  0.289  0.126  0.157  0.071 -0.044 -0.022  0.015  0.048  0.122  0.125  0.188  0.298  0.203  0.019 -0.156 -0.320 -0.407 -0.322 -0.335 -0.433 -0.442 -0.447 -0.461 -0.393 -0.367 -0.185 -0.045  0.076  0.165  0.091 -0.042 -0.091 -0.249 -0.314 -0.310 -0.278
 -0.446 -0.339 -0.261 -0.045  0.257  0.267  0.273  0.101  0.101  0.111  0.210  0.220  0.242  0.031 -0.001 -0.238 -0.320 -0.441 -0.472 -0.412 -0.281 -0.017  0.203  0.352  0.325  0.509  0.673  0.677  0.820  1.000  0.858  0.777  0.751  0.718  0.698  0.621  0.498  0.472  0.332  0.353  0.459  0.266  0.283  0.216  0.079  0.063  0.123  0.142  0.215  0.169  0.191  0.267  0.144 -0.048 -0.257 -0.396 -0.479 -0.367 -0.330 -0.443 -0.440 -0.454 -0.465 -0.361 -0.295 -0.059  0.104  0.255  0.337  0.270  0.123  0.014 -0.238 -0.476 -0.503 -0.472
 -0.472 -0.384 -0.307 -0.107  0.209  0.225  0.260  0.117  0.123  0.102  0.186  0.177  0.195 -0.022 -0.051 -0.268 -0.332 -0.438 -0.462 -0.387 -0.261 -0.019  0.200  0.368  0.305  0.395  0.667  0.735  0.694  0.858  1.000  0.851  0.712  0.735  0.808  0.743  0.671  0.617  0.484  0.464  0.511  0.324  0.302  0.219  0.061  0.056  0.123  0.142  0.227  0.191  0.227  0.284  0.171 -0.011 -0.219 -0.375 -0.454 -0.329 -0.302 -0.434 -0.452 -0.480 -0.509 -0.424 -0.359 -0.124  0.065  0.234  0.346  0.303  0.163  0.051 -0.253 -0.514 -0.551 -0.519
 -0.377 -0.292 -0.271 -0.110  0.153  0.145  0.177  0.053  0.057  0.095  0.176  0.164  0.186 -0.008 -0.035 -0.221 -0.282 -0.360 -0.384 -0.334 -0.247 -0.051  0.111  0.277  0.270  0.352  0.513  0.649  0.755  0.777  0.851  1.000  0.854  0.713  0.732  0.552  0.416  0.373  0.227  0.234  0.313  0.134  0.146  0.093 -0.007  0.025  0.060  0.075  0.118  0.088  0.131  0.199  0.111 -0.056 -0.218 -0.340 -0.397 -0.314 -0.299 -0.387 -0.394 -0.399 -0.421 -0.348 -0.306 -0.131 -0.001  0.114  0.191  0.123  0.001 -0.063 -0.251 -0.342 -0.355 -0.326
 -0.305 -0.209 -0.180 -0.012  0.198  0.190  0.168  0.036  0.019  0.109  0.206  0.201  0.211  0.044 -0.003 -0.182 -0.254 -0.331 -0.354 -0.342 -0.284 -0.125  0.013  0.159  0.146  0.247  0.378  0.469  0.658  0.751  0.712  0.854  1.000  0.842  0.708  0.529  0.267  0.206  0.079  0.130  0.246  0.057  0.093  0.085  0.022  0.043  0.066  0.073  0.087  0.036  0.061  0.123  0.034 -0.117 -0.252 -0.326 -0.370 -0.310 -0.276 -0.334 -0.311 -0.301 -0.302 -0.218 -0.174 -0.021  0.060  0.137  0.178  0.108  0.003 -0.066 -0.208 -0.295 -0.316 -0.295
 -0.337 -0.238 -0.174  0.021  0.230  0.243  0.206  0.062  0.039  0.129  0.236  0.226  0.216  0.048 -0.024 -0.207 -0.288 -0.377 -0.390 -0.383 -0.323 -0.157  0.006  0.136  0.083  0.175  0.380  0.420  0.506  0.718  0.735  0.713  0.842  1.000  0.880  0.763  0.482  0.363  0.263  0.305  0.384  0.179  0.183  0.169  0.077  0.068  0.109  0.117  0.150  0.083  0.088  0.123  0.013 -0.127 -0.276 -0.337 -0.388 -0.313 -0.253 -0.326 -0.298 -0.303 -0.304 -0.212 -0.154  0.019  0.116  0.224  0.280  0.252  0.153  0.051 -0.187 -0.406 -0.456 -0.437
 -0.411 -0.321 -0.249 -0.054  0.208  0.227  0.238  0.097  0.080  0.110  0.206  0.188  0.195 -0.001 -0.058 -0.252 -0.323 -0.416 -0.427 -0.390 -0.303 -0.106  0.079  0.220  0.152  0.220  0.471  0.526  0.512  0.698  0.808  0.732  0.708  0.880  1.000  0.889  0.687  0.543  0.433  0.460  0.496  0.296  0.265  0.214  0.073  0.063  0.126  0.138  0.203  0.141  0.159  0.192  0.080 -0.072 -0.248 -0.350 -0.413 -0.310 -0.259 -0.368 -0.363 -0.387 -0.404 -0.321 -0.261 -0.063  0.091  0.246  0.346  0.341  0.232  0.119 -0.218 -0.486 -0.537 -0.512
 -0.442 -0.365 -0.267 -0.078  0.194  0.235  0.255  0.137  0.114  0.072  0.149  0.132  0.129 -0.059 -0.097 -0.282 -0.343 -0.429 -0.426 -0.377 -0.278 -0.065  0.127  0.237  0.146  0.208  0.479  0.483  0.388  0.621  0.743  0.552  0.529  0.763  0.889  1.000  0.830  0.656  0.555  0.590  0.590  0.416  0.360  0.296  0.130  0.086  0.167  0.182  0.272  0.213  0.221  0.227  0.119 -0.011 -0.202 -0.314 -0.384 -0.255 -0.198 -0.329 -0.339 -0.387 -0.419 -0.345 -0.267 -0.055  0.127  0.309  0.417  0.447  0.340  0.207 -0.188 -0.548 -0.607 -0.580
 -0.451 -0.402 -0.301 -0.145  0.132  0.184  0.240  0.164  0.164  0.042  0.095  0.074  0.078 -0.102 -0.121 -0.286 -0.326 -0.406 -0.399 -0.320 -0.208  0.013  0.214  0.289  0.199  0.263  0.526  0.503  0.319  0.498  0.671  0.416  0.267  0.482  0.687  0.830  1.000  0.859  0.716  0.664  0.585  0.478  0.393  0.292  0.105  0.060  0.148  0.165  0.281  0.253  0.275  0.265  0.169  0.058 -0.135 -0.273 -0.344 -0.201 -0.165 -0.312 -0.355 -0.417 -0.465 -0.411 -0.337 -0.128  0.079  0.273  0.397  0.428  0.331  0.215 -0.160 -0.536 -0.584 -0.553
 -0.473 -0.433 -0.317 -0.170  0.109  0.170  0.275  0.204  0.235  0.037  0.081  0.068  0.069 -0.110 -0.113 -0.283 -0.325 -0.413 -0.408 -0.312 -0.185  0.056  0.286  0.349  0.244  0.334  0.598  0.530  0.327  0.472  0.617  0.373  0.206  0.363  0.543  0.656  0.859  1.000  0.832  0.634  0.609  0.539  0.449  0.317  0.121  0.065  0.160  0.181  0.309  0.300  0.310  0.305  0.200  0.089 -0.117 -0.276 -0.347 -0.193 -0.166 -0.320 -0.386 -0.454 -0.506 -0.450 -0.380 -0.154  0.062  0.269  0.384  0.402  0.281  0.163 -0.184 -0.536 -0.574 -0.539
 -0.411 -0.386 -0.268 -0.140  0.082  0.151  0.265  0.193  0.229  0.029  0.050  0.040  0.034 -0.113 -0.115 -0.249 -0.287 -0.356 -0.345 -0.258 -0.152  0.035  0.221  0.245  0.159  0.229  0.457  0.391  0.178  0.332  0.484  0.227  0.079  0.263  0.433  0.555  0.716  0.832  1.000  0.757  0.674  0.639  0.486  0.319  0.102  0.013  0.117  0.142  0.280  0.273  0.254  0.217  0.139  0.074 -0.100 -0.223 -0.272 -0.132 -0.098 -0.236 -0.308 -0.384 -0.431 -0.387 -0.330 -0.136  0.056  0.261  0.400  0.483  0.410  0.294 -0.084 -0.480 -0.555 -0.540
 -0.457 -0.426 -0.254 -0.083  0.179  0.266  0.305  0.195  0.196 -0.003  0.056  0.057  0.055 -0.128 -0.152 -0.303 -0.349 -0.424 -0.393 -0.322 -0.208  0.016  0.200  0.236  0.140  0.184  0.397  0.353  0.181  0.353  0.464  0.234  0.130  0.305  0.460  0.590  0.664  0.634  0.757  1.000  0.839  0.750  0.581  0.423  0.171  0.037  0.164  0.208  0.363  0.324  0.293  0.242  0.158  0.090 -0.111 -0.232 -0.297 -0.130 -0.067 -0.230 -0.282 -0.375 -0.423 -0.367 -0.277 -0.054  0.176  0.387  0.575  0.687  0.654  0.516  0.018 -0.540 -0.656 -0.655
 -0.524 -0.471 -0.269 -0.052  0.266  0.366  0.425  0.278  0.265  0.011  0.098  0.112  0.112 -0.111 -0.140 -0.337 -0.390 -0.493 -0.470 -0.394 -0.257  0.017  0.249  0.314  0.190  0.251  0.493  0.432  0.289  0.459  0.511  0.313  0.246  0.384  0.496  0.590  0.585  0.609  0.674  0.839  1.000  0.806  0.676  0.524  0.253  0.091  0.235  0.283  0.442  0.394  0.355  0.315  0.196  0.099 -0.143 -0.288 -0.374 -0.187 -0.114 -0.298 -0.341 -0.437 -0.481 -0.396 -0.281 -0.005  0.263  0.513  0.691  0.747  0.632  0.411 -0.085 -0.615 -0.730 -0.722
 -0.463 -0.417 -0.218 -0.022  0.250  0.342  0.402  0.265  0.280  0.010  0.086  0.100  0.084 -0.115 -0.152 -0.320 -0.379 -0.455 -0.414 -0.356 -0.258 -0.026  0.187  0.171  0.069  0.174  0.341  0.256  0.126  0.266  0.324  0.134  0.057  0.179  0.296  0.416  0.478  0.539  0.639  0.750  0.806  1.000  0.814  0.587  0.293  0.070  0.208  0.263  0.451  0.420  0.321  0.205  0.109  0.084 -0.129 -0.225 -0.276 -0.103 -0.018 -0.172 -0.236 -0.348 -0.397 -0.318 -0.211  0.036  0.286  0.522  0.693  0.789  0.634  0.441 -0.019 -0.556 -0.653 -0.648
 -0.491 -0.423 -0.233  0.003  0.318  0.399  0.433  0.288  0.268  0.043  0.139  0.143  0.118 -0.108 -0.162 -0.355 -0.408 -0.498 -0.455 -0.399 -0.292 -0.006  0.263  0.242  0.094  0.223  0.391  0.272  0.157  0.283  0.302  0.146  0.093  0.183  0.265  0.360  0.393  0.449  0.486  0.581  0.676  0.814  1.000  0.803  0.498  0.204  0.343  0.399  0.597  0.561  0.433  0.317  0.173  0.117 -0.129 -0.237 -0.319 -0.133 -0.031 -0.202 -0.237 -0.341 -0.396 -0.302 -0.161  0.112  0.399  0.647  0.720  0.689  0.504  0.255 -0.113 -0.591 -0.673 -0.662
 -0.453 -0.384 -0.177  0.057  0.347  0.436  0.425  0.300  0.234  0.002  0.101  0.105  0.074 -0.140 -0.211 -0.396 -0.420 -0.486 -0.417 -0.394 -0.329 -0.052  0.204  0.188  0.006  0.122  0.292  0.162  0.071  0.216  0.219  0.093  0.085  0.169  0.214  0.296  0.292  0.317  0.319  0.423  0.524  0.587  0.803  1.000  0.778  0.439  0.573  0.616  0.663  0.545  0.418  0.305  0.171  0.119 -0.121 -0.198 -0.274 -0.101  0.014 -0.138 -0.138 -0.222 -0.278 -0.189 -0.012  0.241  0.517  0.732  0.674  0.585  0.413  0.123 -0.143 -0.577 -0.647 -0.632
 -0.315 -0.251 -0.102  0.071  0.259  0.322  0.278  0.197  0.123 -0.039  0.039  0.047  0.016 -0.125 -0.200 -0.344 -0.345 -0.373 -0.287 -0.307 -0.302 -0.100  0.115  0.083 -0.098  0.012  0.138  0.003 -0.044  0.079  0.061 -0.007  0.022  0.077  0.073  0.130  0.105  0.121  0.102  0.171  0.253  0.293  0.498  0.778  1.000  0.695  0.624  0.619  0.504  0.447  0.327  0.213  0.094  0.068 -0.100 -0.106 -0.175 -0.062  0.060 -0.035  0.013 -0.024 -0.095 -0.036  0.149  0.321  0.486  0.567  0.437  0.326  0.218 -0.019 -0.116 -0.405 -0.440 -0.428
 -0.213 -0.176 -0.083  0.025  0.149  0.186  0.153  0.112  0.062 -0.046  0.007  0.004 -0.001 -0.095 -0.132 -0.233 -0.221 -0.240 -0.189 -0.207 -0.214 -0.082  0.069  0.078 -0.073 -0.007  0.102  0.011 -0.022  0.063  0.056  0.025  0.043  0.068  0.063  0.086  0.060  0.065  0.013  0.037  0.091  0.070  0.204  0.439  0.695  1.000  0.749  0.536  0.314  0.250  0.206  0.169  0.092  0.037 -0.081 -0.094 -0.139 -0.072 -0.002 -0.054 -0.019 -0.034 -0.080 -0.056  0.049  0.152  0.285  0.338  0.221  0.111  0.052 -0.115 -0.134 -0.282 -0.277 -0.260
 -0.308 -0.270 -0.126  0.002  0.184  0.238  0.221  0.163  0.105 -0.053  0.021  0.015  0.007 -0.127 -0.166 -0.297 -0.284 -0.318 -0.258 -0.256 -0.238 -0.046  0.137  0.144 -0.031  0.043  0.180  0.076  0.015  0.123  0.123  0.060  0.066  0.109  0.126  0.167  0.148  0.160  0.117  0.164  0.235  0.208  0.343  0.573  0.624  0.749  1.000  0.734  0.497  0.330  0.261  0.237  0.154  0.093 -0.070 -0.116 -0.170 -0.063  0.012 -0.076 -0.066 -0.110 -0.163 -0.127 -0.011  0.123  0.303  0.422  0.341  0.245  0.161 -0.048 -0.151 -0.389 -0.409 -0.391
 -0.358 -0.318 -0.178 -0.024  0.183  0.230  0.200  0.134  0.105  0.007  0.050  0.034  0.008 -0.148 -0.190 -0.325 -0.317 -0.365 -0.307 -0.282 -0.233  0.007  0.225  0.221  0.030  0.094  0.231  0.123  0.048  0.142  0.142  0.075  0.073  0.117  0.138  0.182  0.165  0.181  0.142  0.208  0.283  0.263  0.399  0.616  0.619  0.536  0.734  1.000  0.750  0.532  0.389  0.341  0.204  0.138 -0.057 -0.129 -0.208 -0.070  0.020 -0.106 -0.105 -0.165 -0.227 -0.181 -0.057  0.113  0.294  0.393  0.357  0.287  0.203 -0.013 -0.136 -0.404 -0.455 -0.439
 -0.478 -0.432 -0.263 -0.076  0.211  0.274  0.256  0.167  0.170  0.051  0.099  0.067  0.030 -0.181 -0.223 -0.383 -0.387 -0.449 -0.377 -0.309 -0.214  0.106  0.371  0.347  0.141  0.198  0.357  0.243  0.122  0.215  0.227  0.118  0.087  0.150  0.203  0.272  0.281  0.309  0.280  0.363  0.442  0.451  0.597  0.663  0.504  0.314  0.497  0.750  1.000  0.779  0.584  0.484  0.307  0.258  0.008 -0.116 -0.219 -0.017  0.080 -0.114 -0.156 -0.279 -0.366 -0.307 -0.156  0.076  0.310  0.460  0.487  0.445  0.322  0.083 -0.144 -0.520 -0.585 -0.568
 -0.481 -0.456 -0.317 -0.177  0.105  0.172  0.181  0.128  0.132  0.001  0.020 -0.024 -0.059 -0.257 -0.272 -0.399 -0.374 -0.412 -0.330 -0.229 -0.115  0.243  0.492  0.442  0.234  0.247  0.377  0.272  0.125  0.169  0.191  0.088  0.036  0.083  0.141  0.213  0.253  0.300  0.273  0.324  0.394  0.420  0.561  0.545  0.447  0.250  0.330  0.532  0.779  1.000  0.817  0.635  0.429  0.411  0.140 -0.018 -0.144  0.085  0.170 -0.058 -0.114 -0.261 -0.391 -0.361 -0.201  0.008  0.241  0.357  0.407  0.379  0.269  0.039 -0.145 -0.460 -0.518 -0.500
 -0.504 -0.530 -0.390 -0.298  0.021  0.098  0.128  0.128  0.114 -0.051 -0.055 -0.128 -0.143 -0.350 -0.316 -0.421 -0.337 -0.354 -0.262 -0.114  0.032  0.432  0.615  0.587  0.381  0.305  0.427  0.361  0.188  0.191  0.227  0.131  0.061  0.088  0.159  0.221  0.275  0.310  0.254  0.293  0.355  0.321  0.433  0.418  0.327  0.206  0.261  0.389  0.584  0.817  1.000  0.840  0.679  0.634  0.332  0.084 -0.063  0.199  0.205 -0.061 -0.148 -0.311 -0.464 -0.474 -0.296 -0.105  0.157  0.270  0.340  0.305  0.218 -0.019 -0.169 -0.434 -0.485 -0.464
 -0.468 -0.513 -0.418 -0.349 -0.022  0.046  0.101  0.106  0.096 -0.043 -0.056 -0.128 -0.110 -0.308 -0.236 -0.337 -0.236 -0.267 -0.224 -0.042  0.163  0.581  0.745  0.758  0.560  0.447  0.546  0.483  0.298  0.267  0.284  0.199  0.123  0.123  0.192  0.227  0.265  0.305  0.217  0.242  0.315  0.205  0.317  0.305  0.213  0.169  0.237  0.341  0.484  0.635  0.840  1.000  0.820  0.664  0.367  0.060 -0.117  0.115  0.048 -0.207 -0.276 -0.398 -0.516 -0.532 -0.397 -0.216  0.044  0.174  0.261  0.205  0.117 -0.083 -0.218 -0.413 -0.445 -0.417
 -0.384 -0.485 -0.409 -0.433 -0.158 -0.094 -0.007  0.077  0.048 -0.132 -0.187 -0.283 -0.254 -0.404 -0.287 -0.319 -0.158 -0.118 -0.040  0.159  0.317  0.660  0.643  0.665  0.522  0.349  0.389  0.373  0.203  0.144  0.171  0.111  0.034  0.013  0.080  0.119  0.169  0.200  0.139  0.158  0.196  0.109  0.173  0.171  0.094  0.092  0.154  0.204  0.307  0.429  0.679  0.820  1.000  0.828  0.564  0.242  0.112  0.316  0.170 -0.051 -0.162 -0.298 -0.434 -0.505 -0.382 -0.292 -0.053  0.044  0.128  0.091  0.047 -0.123 -0.173 -0.269 -0.287 -0.266
 -0.305 -0.446 -0.379 -0.461 -0.261 -0.187 -0.097  0.039  0.001 -0.198 -0.284 -0.397 -0.388 -0.496 -0.380 -0.327 -0.125 -0.018  0.124  0.323  0.427  0.703  0.583  0.497  0.388  0.205  0.183  0.171  0.019 -0.048 -0.011 -0.056 -0.117 -0.127 -0.072 -0.011  0.058  0.089  0.074  0.090  0.099  0.084  0.117  0.119  0.068  0.037  0.093  0.138  0.258  0.411  0.634  0.664  0.828  1.000  0.790  0.482  0.367  0.567  0.389  0.180  0.036 -0.141 -0.304 -0.409 -0.278 -0.268 -0.078 -0.020  0.047  0.049  0.051 -0.111 -0.093 -0.155 -0.182 -0.173
 -0.052 -0.223 -0.259 -0.433 -0.390 -0.345 -0.262 -0.077 -0.119 -0.227 -0.349 -0.456 -0.445 -0.444 -0.318 -0.144  0.089  0.264  0.427  0.591  0.607  0.645  0.391  0.278  0.258  0.031 -0.061 -0.037 -0.156 -0.257 -0.219 -0.218 -0.252 -0.276 -0.248 -0.202 -0.135 -0.117 -0.100 -0.111 -0.143 -0.129 -0.129 -0.121 -0.100 -0.081 -0.070 -0.057  0.008  0.140  0.332  0.367  0.564  0.790  1.000  0.763  0.638  0.701  0.479  0.370  0.239  0.067 -0.077 -0.223 -0.140 -0.269 -0.212 -0.225 -0.190 -0.156 -0.087 -0.155 -0.011  0.088  0.080  0.074
  0.134  0.005 -0.079 -0.265 -0.378 -0.351 -0.319 -0.156 -0.208 -0.211 -0.323 -0.405 -0.414 -0.330 -0.253 -0.048  0.154  0.354  0.570  0.573  0.466  0.359  0.132 -0.023 -0.008 -0.159 -0.285 -0.274 -0.320 -0.396 -0.375 -0.340 -0.326 -0.337 -0.350 -0.314 -0.273 -0.276 -0.223 -0.232 -0.288 -0.225 -0.237 -0.198 -0.106 -0.094 -0.116 -0.129 -0.116 -0.018  0.084  0.060  0.242  0.482  0.763  1.000  0.809  0.706  0.619  0.608  0.554  0.347  0.204  0.051  0.108 -0.111 -0.185 -0.257 -0.287 -0.224 -0.112 -0.126  0.082  0.214  0.208  0.188
  0.219  0.072 -0.013 -0.246 -0.428 -0.415 -0.382 -0.182 -0.223 -0.234 -0.368 -0.454 -0.469 -0.338 -0.268 -0.015  0.165  0.413  0.638  0.636  0.424  0.239 -0.047 -0.194 -0.142 -0.276 -0.430 -0.400 -0.407 -0.479 -0.454 -0.397 -0.370 -0.388 -0.413 -0.384 -0.344 -0.347 -0.272 -0.297 -0.374 -0.276 -0.319 -0.274 -0.175 -0.139 -0.170 -0.208 -0.219 -0.144 -0.063 -0.117  0.112  0.367  0.638  0.809  1.000  0.836  0.667  0.732  0.576  0.406  0.300  0.141  0.161 -0.102 -0.212 -0.321 -0.365 -0.294 -0.150 -0.126  0.146  0.342  0.347  0.320
 -0.004 -0.156 -0.124 -0.304 -0.372 -0.324 -0.278 -0.090 -0.125 -0.256 -0.368 -0.467 -0.495 -0.452 -0.387 -0.211 -0.026  0.201  0.438  0.494  0.329  0.314  0.100 -0.037 -0.059 -0.186 -0.276 -0.271 -0.322 -0.367 -0.329 -0.314 -0.310 -0.313 -0.310 -0.255 -0.201 -0.193 -0.132 -0.130 -0.187 -0.103 -0.133 -0.101 -0.062 -0.072 -0.063 -0.070 -0.017  0.085  0.199  0.115  0.316  0.567  0.701  0.706  0.836  1.000  0.822  0.708  0.480  0.264  0.129 -0.013  0.064 -0.108 -0.115 -0.180 -0.191 -0.133 -0.015 -0.078  0.101  0.152  0.144  0.128
 -0.034 -0.123 -0.048 -0.172 -0.256 -0.203 -0.198 -0.068 -0.113 -0.222 -0.290 -0.370 -0.413 -0.381 -0.366 -0.262 -0.126  0.068  0.296  0.301  0.117  0.117  0.017 -0.119 -0.177 -0.229 -0.275 -0.304 -0.335 -0.330 -0.302 -0.299 -0.276 -0.253 -0.259 -0.198 -0.165 -0.166 -0.098 -0.067 -0.114 -0.018 -0.031  0.014  0.060 -0.002  0.012  0.020  0.080  0.170  0.205  0.048  0.170  0.389  0.479  0.619  0.667  0.822  1.000  0.809  0.651  0.376  0.217  0.089  0.188  0.033  0.011 -0.052 -0.086 -0.021  0.086 -0.001  0.123  0.065  0.039  0.023
  0.178  0.096  0.089 -0.086 -0.293 -0.274 -0.296 -0.150 -0.191 -0.214 -0.293 -0.359 -0.398 -0.280 -0.268 -0.112 -0.004  0.209  0.415  0.365  0.124 -0.005 -0.173 -0.324 -0.310 -0.341 -0.455 -0.467 -0.433 -0.443 -0.434 -0.387 -0.334 -0.326 -0.368 -0.329 -0.312 -0.320 -0.236 -0.230 -0.298 -0.172 -0.202 -0.138 -0.035 -0.054 -0.076 -0.106 -0.114 -0.058 -0.061 -0.207 -0.051  0.180  0.370  0.608  0.732  0.708  0.809  1.000  0.810  0.554  0.421  0.278  0.318  0.080 -0.044 -0.167 -0.243 -0.175 -0.032 -0.040  0.181  0.255  0.248  0.222
  0.266  0.238  0.188  0.020 -0.228 -0.228 -0.282 -0.178 -0.247 -0.174 -0.242 -0.287 -0.319 -0.170 -0.169 -0.019  0.060  0.219  0.376  0.275  0.062 -0.103 -0.243 -0.375 -0.358 -0.371 -0.480 -0.498 -0.442 -0.440 -0.452 -0.394 -0.311 -0.298 -0.363 -0.339 -0.355 -0.386 -0.308 -0.282 -0.341 -0.236 -0.237 -0.138  0.013 -0.019 -0.066 -0.105 -0.156 -0.114 -0.148 -0.276 -0.162  0.036  0.239  0.554  0.576  0.480  0.651  0.810  1.000  0.786  0.591  0.424  0.484  0.188  0.008 -0.134 -0.246 -0.183 -0.040 -0.033  0.191  0.270  0.258  0.228
  0.448  0.419  0.309  0.103 -0.219 -0.245 -0.304 -0.205 -0.261 -0.143 -0.217 -0.229 -0.251 -0.040 -0.035  0.148  0.182  0.295  0.363  0.215  0.028 -0.207 -0.351 -0.452 -0.401 -0.407 -0.527 -0.533 -0.447 -0.454 -0.480 -0.399 -0.301 -0.303 -0.387 -0.387 -0.417 -0.454 -0.384 -0.375 -0.437 -0.348 -0.341 -0.222 -0.024 -0.034 -0.110 -0.165 -0.279 -0.261 -0.311 -0.398 -0.298 -0.141  0.067  0.347  0.406  0.264  0.376  0.554  0.786  1.000  0.786  0.577  0.582  0.235 -0.025 -0.195 -0.331 -0.282 -0.135 -0.065  0.202  0.367  0.375  0.345
  0.617  0.601  0.491  0.283 -0.142 -0.187 -0.291 -0.226 -0.253 -0.122 -0.170 -0.140 -0.140  0.134  0.150  0.353  0.326  0.373  0.344  0.166  0.004 -0.297 -0.445 -0.527 -0.444 -0.440 -0.571 -0.574 -0.461 -0.465 -0.509 -0.421 -0.302 -0.304 -0.404 -0.419 -0.465 -0.506 -0.431 -0.423 -0.481 -0.397 -0.396 -0.278 -0.095 -0.080 -0.163 -0.227 -0.366 -0.391 -0.464 -0.516 -0.434 -0.304 -0.077  0.204  0.300  0.129  0.217  0.421  0.591  0.786  1.000  0.824  0.652  0.332 -0.003 -0.198 -0.351 -0.311 -0.164 -0.057  0.220  0.403  0.421  0.394
  0.532  0.623  0.588  0.498  0.065  0.005 -0.171 -0.179 -0.190 -0.067 -0.046  0.040  0.035  0.294  0.248  0.334  0.231  0.230  0.197 -0.003 -0.142 -0.407 -0.479 -0.549 -0.481 -0.411 -0.509 -0.532 -0.393 -0.361 -0.424 -0.348 -0.218 -0.212 -0.321 -0.345 -0.411 -0.450 -0.387 -0.367 -0.396 -0.318 -0.302 -0.189 -0.036 -0.056 -0.127 -0.181 -0.307 -0.361 -0.474 -0.532 -0.505 -0.409 -0.223  0.051  0.141 -0.013  0.089  0.278  0.424  0.577  0.824  1.000  0.799  0.535  0.169 -0.049 -0.228 -0.215 -0.115 -0.031  0.184  0.295  0.313  0.292
  0.313  0.391  0.484  0.491  0.180  0.149 -0.063 -0.079 -0.141 -0.099 -0.040  0.042  0.009  0.175  0.084  0.085  0.050  0.070  0.129 -0.053 -0.205 -0.376 -0.392 -0.475 -0.477 -0.386 -0.436 -0.491 -0.367 -0.295 -0.359 -0.306 -0.174 -0.154 -0.261 -0.267 -0.337 -0.380 -0.330 -0.277 -0.281 -0.211 -0.161 -0.012  0.149  0.049 -0.011 -0.057 -0.156 -0.201 -0.296 -0.397 -0.382 -0.278 -0.140  0.108  0.161  0.064  0.188  0.318  0.484  0.582  0.652  0.799  1.000  0.723  0.390  0.145 -0.061 -0.082 -0.016 -0.035  0.136  0.145  0.148  0.127
  0.048  0.171  0.406  0.646  0.489  0.488  0.205  0.080  0.038  0.002  0.132  0.239  0.196  0.243  0.103 -0.037 -0.126 -0.191 -0.146 -0.300 -0.370 -0.389 -0.268 -0.309 -0.374 -0.232 -0.185 -0.276 -0.185 -0.059 -0.124 -0.131 -0.021  0.019 -0.063 -0.055 -0.128 -0.154 -0.136 -0.054 -0.005  0.036  0.112  0.241  0.321  0.152  0.123  0.113  0.076  0.008 -0.105 -0.216 -0.292 -0.268 -0.269 -0.111 -0.102 -0.108  0.033  0.080  0.188  0.235  0.332  0.535  0.723  1.000  0.732  0.446  0.243  0.165  0.133  0.022  0.030 -0.160 -0.170 -0.171
 -0.217 -0.097  0.199  0.488  0.634  0.629  0.387  0.248  0.166 -0.013  0.139  0.220  0.198  0.086 -0.014 -0.220 -0.292 -0.366 -0.315 -0.378 -0.383 -0.250 -0.063 -0.069 -0.206 -0.081  0.051 -0.054 -0.045  0.104  0.065 -0.001  0.060  0.116  0.091  0.127  0.079  0.062  0.056  0.176  0.263  0.286  0.399  0.517  0.486  0.285  0.303  0.294  0.310  0.241  0.157  0.044 -0.053 -0.078 -0.212 -0.185 -0.212 -0.115  0.011 -0.044  0.008 -0.025 -0.003  0.169  0.390  0.732  1.000  0.741  0.552  0.408  0.299  0.071 -0.052 -0.408 -0.447 -0.437
 -0.387 -0.279 -0.013  0.283  0.568  0.668  0.604  0.441  0.315 -0.004  0.175  0.243  0.223  0.015 -0.096 -0.316 -0.383 -0.482 -0.432 -0.456 -0.401 -0.177  0.075  0.087 -0.078  0.054  0.240  0.119  0.076  0.255  0.234  0.114  0.137  0.224  0.246  0.309  0.273  0.269  0.261  0.387  0.513  0.522  0.647  0.732  0.567  0.338  0.422  0.393  0.460  0.357  0.270  0.174  0.044 -0.020 -0.225 -0.257 -0.321 -0.180 -0.052 -0.167 -0.134 -0.195 -0.198 -0.049  0.145  0.446  0.741  1.000  0.829  0.633  0.431  0.130 -0.144 -0.600 -0.659 -0.642
 -0.476 -0.387 -0.128  0.160  0.522  0.627  0.591  0.409  0.314  0.021  0.185  0.219  0.230 -0.020 -0.110 -0.334 -0.399 -0.514 -0.480 -0.453 -0.349 -0.083  0.166  0.200  0.046  0.142  0.348  0.254  0.165  0.337  0.346  0.191  0.178  0.280  0.346  0.417  0.397  0.384  0.400  0.575  0.691  0.693  0.720  0.674  0.437  0.221  0.341  0.357  0.487  0.407  0.340  0.261  0.128  0.047 -0.190 -0.287 -0.365 -0.191 -0.086 -0.243 -0.246 -0.331 -0.351 -0.228 -0.061  0.243  0.552  0.829  1.000  0.824  0.601  0.286 -0.106 -0.644 -0.736 -0.725
 -0.431 -0.362 -0.138  0.097  0.370  0.478  0.448  0.264  0.218  0.002  0.117  0.134  0.145 -0.060 -0.132 -0.310 -0.368 -0.460 -0.419 -0.395 -0.298 -0.066  0.142  0.144  0.027  0.100  0.278  0.198  0.091  0.270  0.303  0.123  0.108  0.252  0.341  0.447  0.428  0.402  0.483  0.687  0.747  0.789  0.689  0.585  0.326  0.111  0.245  0.287  0.445  0.379  0.305  0.205  0.091  0.049 -0.156 -0.224 -0.294 -0.133 -0.021 -0.175 -0.183 -0.282 -0.311 -0.215 -0.082  0.165  0.408  0.633  0.824  1.000  0.801  0.508  0.039 -0.579 -0.699 -0.701
 -0.305 -0.284 -0.086  0.064  0.216  0.312  0.251  0.162  0.094 -0.057  0.009 -0.003 -0.008 -0.130 -0.179 -0.275 -0.297 -0.338 -0.278 -0.271 -0.227 -0.071  0.060  0.035 -0.062 -0.022  0.121  0.054 -0.042  0.123  0.163  0.001  0.003  0.153  0.232  0.340  0.331  0.281  0.410  0.654  0.632  0.634  0.504  0.413  0.218  0.052  0.161  0.203  0.322  0.269  0.218  0.117  0.047  0.051 -0.087 -0.112 -0.150 -0.015  0.086 -0.032 -0.040 -0.135 -0.164 -0.115 -0.016  0.133  0.299  0.431  0.601  0.801  1.000  0.768  0.325 -0.402 -0.570 -0.595
 -0.119 -0.106 -0.014  0.065  0.064  0.107  0.058 -0.004 -0.003 -0.018  0.002  0.011  0.002 -0.022 -0.063 -0.087 -0.141 -0.174 -0.170 -0.185 -0.164 -0.135 -0.084 -0.101 -0.108 -0.084 -0.015 -0.036 -0.091  0.014  0.051 -0.063 -0.066  0.051  0.119  0.207  0.215  0.163  0.294  0.516  0.411  0.441  0.255  0.123 -0.019 -0.115 -0.048 -0.013  0.083  0.039 -0.019 -0.083 -0.123 -0.111 -0.155 -0.126 -0.126 -0.078 -0.001 -0.040 -0.033 -0.065 -0.057 -0.031 -0.035  0.022  0.071  0.130  0.286  0.508  0.768  1.000  0.548 -0.144 -0.296 -0.337
  0.158  0.118  0.105  0.043 -0.117 -0.114 -0.206 -0.143 -0.153 -0.126 -0.153 -0.142 -0.156 -0.053 -0.053  0.052  0.058  0.110  0.123  0.081 -0.000 -0.100 -0.194 -0.264 -0.202 -0.209 -0.287 -0.286 -0.249 -0.238 -0.253 -0.251 -0.208 -0.187 -0.218 -0.188 -0.160 -0.184 -0.084  0.018 -0.085 -0.019 -0.113 -0.143 -0.116 -0.134 -0.151 -0.136 -0.144 -0.145 -0.169 -0.218 -0.173 -0.093 -0.011  0.082  0.146  0.101  0.123  0.181  0.191  0.202  0.220  0.184  0.136  0.030 -0.052 -0.144 -0.106  0.039  0.325  0.548  1.000  0.254  0.093  0.022
  0.483  0.392  0.171 -0.095 -0.426 -0.505 -0.526 -0.410 -0.409 -0.138 -0.272 -0.255 -0.245 -0.003  0.051  0.283  0.345  0.459  0.430  0.387  0.244 -0.061 -0.329 -0.379 -0.212 -0.299 -0.528 -0.439 -0.314 -0.476 -0.514 -0.342 -0.295 -0.406 -0.486 -0.548 -0.536 -0.536 -0.480 -0.540 -0.615 -0.556 -0.591 -0.577 -0.405 -0.282 -0.389 -0.404 -0.520 -0.460 -0.434 -0.413 -0.269 -0.155  0.088  0.214  0.342  0.152  0.065  0.255  0.270  0.367  0.403  0.295  0.145 -0.160 -0.408 -0.600 -0.644 -0.579 -0.402 -0.144  0.254  1.000  0.841  0.690
  0.529  0.438  0.190 -0.093 -0.448 -0.543 -0.545 -0.426 -0.408 -0.140 -0.282 -0.258 -0.239  0.022  0.089  0.325  0.376  0.501  0.463  0.414  0.259 -0.069 -0.353 -0.395 -0.213 -0.294 -0.548 -0.453 -0.310 -0.503 -0.551 -0.355 -0.316 -0.456 -0.537 -0.607 -0.584 -0.574 -0.555 -0.656 -0.730 -0.653 -0.673 -0.647 -0.440 -0.277 -0.409 -0.455 -0.585 -0.518 -0.485 -0.445 -0.287 -0.182  0.080  0.208  0.347  0.144  0.039  0.248  0.258  0.375  0.421  0.313  0.148 -0.170 -0.447 -0.659 -0.736 -0.699 -0.570 -0.296  0.093  0.841  1.000  0.901
