  1.000  0.720  0.419  0.129 -0.184 -0.266 -0.329 -0.263 -0.207 -0.245 -0.235 -0.207 -0.116  0.116  0.202  0.565  0.553  0.514  0.289  0.167  0.177 -0.042 -0.208 -0.234 -0.120 -0.203 -0.312 -0.289 -0.306 -0.357 -0.342 -0.358 -0.338 -0.294 -0.269 -0.254 -0.232 -0.266 -0.250 -0.280 -0.344 -0.283 -0.271 -0.259 -0.204 -0.148 -0.139 -0.172 -0.211 -0.289 -0.327 -0.293 -0.217 -0.180 -0.022  0.067  0.074 -0.053 -0.071  0.050  0.118  0.217  0.484  0.363  0.073 -0.019 -0.192 -0.255 -0.316 -0.282 -0.260 -0.128  0.033  0.297  0.350  0.412
  0.720  1.000  0.703  0.342 -0.033 -0.164 -0.284 -0.262 -0.244 -0.242 -0.181 -0.101  0.004  0.249  0.431  0.601  0.462  0.367  0.173  0.061  0.035 -0.186 -0.284 -0.310 -0.225 -0.238 -0.306 -0.279 -0.277 -0.317 -0.298 -0.306 -0.319 -0.257 -0.237 -0.224 -0.229 -0.285 -0.264 -0.264 -0.350 -0.297 -0.265 -0.247 -0.240 -0.194 -0.178 -0.176 -0.214 -0.271 -0.350 -0.352 -0.335 -0.317 -0.162 -0.051 -0.021 -0.134 -0.107  0.022  0.114  0.181  0.537  0.549  0.225  0.119 -0.085 -0.181 -0.273 -0.262 -0.240 -0.102  0.012  0.303  0.342  0.373
  0.419  0.703  1.000  0.595  0.135 -0.017 -0.162 -0.192 -0.188 -0.176 -0.092  0.009  0.105  0.313  0.461  0.383  0.348  0.240  0.073 -0.019 -0.043 -0.214 -0.278 -0.303 -0.236 -0.221 -0.262 -0.212 -0.194 -0.263 -0.237 -0.190 -0.235 -0.215 -0.229 -0.227 -0.214 -0.254 -0.208 -0.192 -0.283 -0.241 -0.225 -0.199 -0.236 -0.202 -0.167 -0.186 -0.215 -0.230 -0.274 -0.288 -0.291 -0.275 -0.177 -0.066 -0.036 -0.106 -0.034  0.051  0.129  0.128  0.399  0.479  0.321  0.255  0.056 -0.109 -0.193 -0.210 -0.196 -0.086 -0.014  0.222  0.262  0.250
  0.129  0.342  0.595  1.000  0.553  0.361  0.110 -0.022 -0.096 -0.023  0.194  0.339  0.366  0.444  0.313  0.157  0.111  0.009 -0.082 -0.164 -0.207 -0.298 -0.279 -0.273 -0.266 -0.232 -0.237 -0.186 -0.098 -0.146 -0.148 -0.088 -0.104 -0.140 -0.198 -0.227 -0.178 -0.156 -0.152 -0.149 -0.202 -0.159 -0.136 -0.150 -0.223 -0.196 -0.183 -0.174 -0.158 -0.162 -0.189 -0.233 -0.251 -0.255 -0.235 -0.183 -0.128 -0.146 -0.072 -0.057 -0.033 -0.045  0.160  0.342  0.389  0.486  0.300  0.065 -0.019 -0.091 -0.120 -0.066  0.014  0.159  0.165  0.100
 -0.184 -0.033  0.135  0.553  1.000  0.743  0.463  0.277  0.100  0.186  0.354  0.493  0.518  0.345  0.143 -0.047 -0.135 -0.217 -0.251 -0.265 -0.279 -0.236 -0.168 -0.093 -0.145 -0.105 -0.039 -0.026  0.055  0.085  0.028  0.064  0.083  0.032 -0.010 -0.048 -0.037  0.024  0.012  0.029  0.067  0.115  0.112  0.057 -0.036 -0.065 -0.078 -0.050 -0.002 -0.017 -0.011 -0.040 -0.071 -0.133 -0.237 -0.284 -0.254 -0.191 -0.154 -0.219 -0.235 -0.210 -0.169 -0.037  0.133  0.313  0.457  0.306  0.333  0.213  0.089  0.041 -0.034 -0.110 -0.132 -0.185
 -0.266 -0.164 -0.017  0.361  0.743  1.000  0.685  0.490  0.285  0.397  0.532  0.632  0.504  0.266  0.012 -0.120 -0.204 -0.284 -0.294 -0.306 -0.301 -0.219 -0.143 -0.067 -0.119 -0.089 -0.016 -0.009  0.073  0.121  0.084  0.115  0.120  0.088  0.037 -0.000  0.011  0.087  0.051  0.075  0.131  0.159  0.145  0.082 -0.018 -0.062 -0.103 -0.054  0.021  0.027  0.048  0.001 -0.054 -0.116 -0.236 -0.282 -0.269 -0.188 -0.155 -0.241 -0.258 -0.241 -0.234 -0.126  0.065  0.302  0.402  0.367  0.394  0.294  0.159  0.075 -0.053 -0.145 -0.205 -0.302
 -0.329 -0.284 -0.162  0.110  0.463  0.685  1.000  0.762  0.476  0.634  0.561  0.447  0.375  0.155  0.011 -0.185 -0.270 -0.346 -0.316 -0.306 -0.278 -0.143 -0.040  0.052 -0.019 -0.018  0.096  0.103  0.112  0.167  0.148  0.154  0.155  0.106  0.115  0.089  0.085  0.163  0.162  0.230  0.328  0.338  0.253  0.182  0.069  0.020  0.001  0.033  0.116  0.101  0.116  0.105  0.041 -0.062 -0.217 -0.281 -0.289 -0.194 -0.158 -0.269 -0.287 -0.242 -0.301 -0.254 -0.117  0.054  0.214  0.410  0.559  0.486  0.341  0.213 -0.086 -0.249 -0.396 -0.477
 -0.263 -0.262 -0.192 -0.022  0.277  0.490  0.762  1.000  0.721  0.650  0.354  0.244  0.175  0.015 -0.080 -0.161 -0.224 -0.304 -0.283 -0.287 -0.237 -0.112 -0.022  0.051 -0.016 -0.002  0.113  0.061  0.059  0.144  0.125  0.114  0.136  0.121  0.135  0.140  0.126  0.180  0.172  0.226  0.326  0.343  0.268  0.191  0.061 -0.026 -0.034  0.032  0.140  0.111  0.108  0.089  0.022 -0.072 -0.184 -0.252 -0.253 -0.181 -0.180 -0.266 -0.287 -0.220 -0.268 -0.256 -0.156  0.013  0.164  0.410  0.512  0.497  0.332  0.204 -0.084 -0.244 -0.378 -0.408
 -0.207 -0.244 -0.188 -0.096  0.100  0.285  0.476  0.721  1.000  0.777  0.283  0.186  0.097 -0.033 -0.114 -0.153 -0.166 -0.208 -0.199 -0.186 -0.147 -0.053  0.014  0.059  0.010  0.020  0.075  0.029  0.028  0.088  0.070  0.072  0.098  0.081  0.077  0.085  0.070  0.099  0.089  0.090  0.152  0.163  0.120  0.080  0.010 -0.035 -0.045  0.038  0.110  0.091  0.091  0.077  0.018 -0.039 -0.115 -0.175 -0.176 -0.114 -0.119 -0.182 -0.198 -0.149 -0.223 -0.227 -0.149 -0.040  0.040  0.164  0.222  0.237  0.140  0.073 -0.078 -0.188 -0.238 -0.270
 -0.245 -0.242 -0.176 -0.023  0.186  0.397  0.634  0.650  0.777  1.000  0.576  0.422  0.297  0.120 -0.023 -0.140 -0.207 -0.271 -0.251 -0.246 -0.216 -0.105 -0.005  0.060  0.011  0.023  0.084  0.074  0.087  0.123  0.106  0.129  0.149  0.098  0.083  0.046  0.040  0.094  0.067  0.072  0.140  0.137  0.084  0.042 -0.002 -0.014 -0.027  0.051  0.107  0.073  0.083  0.096  0.003 -0.077 -0.171 -0.215 -0.235 -0.167 -0.157 -0.227 -0.238 -0.168 -0.239 -0.240 -0.157 -0.049  0.012  0.151  0.253  0.254  0.159  0.096 -0.116 -0.197 -0.266 -0.334
 -0.235 -0.181 -0.092  0.194  0.354  0.532  0.561  0.354  0.283  0.576  1.000  0.781  0.577  0.302  0.081 -0.113 -0.206 -0.237 -0.207 -0.194 -0.230 -0.160 -0.089 -0.044 -0.072 -0.071 -0.062  0.022  0.107  0.077  0.059  0.169  0.161  0.011 -0.062 -0.151 -0.106  0.022  0.016  0.014  0.046  0.077  0.003 -0.022 -0.057 -0.054 -0.052 -0.012  0.027 -0.016  0.013  0.021 -0.005 -0.021 -0.138 -0.172 -0.167 -0.099 -0.065 -0.150 -0.197 -0.214 -0.212 -0.145 -0.008  0.047  0.079  0.109  0.187  0.167  0.113  0.067  0.021 -0.042 -0.147 -0.331
 -0.207 -0.101  0.009  0.339  0.493  0.632  0.447  0.244  0.186  0.422  0.781  1.000  0.741  0.428  0.085 -0.071 -0.171 -0.232 -0.246 -0.258 -0.273 -0.200 -0.101 -0.052 -0.054 -0.024 -0.048  0.004  0.134  0.091  0.040  0.126  0.135  0.049 -0.040 -0.137 -0.096  0.011 -0.035 -0.062 -0.040 -0.014 -0.037 -0.062 -0.077 -0.068 -0.108 -0.054 -0.023 -0.032 -0.008  0.002 -0.062 -0.116 -0.216 -0.238 -0.236 -0.180 -0.142 -0.201 -0.233 -0.241 -0.194 -0.080  0.029  0.152  0.136  0.088  0.126  0.067 -0.009 -0.040 -0.059 -0.080 -0.047 -0.177
 -0.116  0.004  0.105  0.366  0.518  0.504  0.375  0.175  0.097  0.297  0.577  0.741  1.000  0.695  0.305  0.084 -0.029 -0.126 -0.179 -0.229 -0.219 -0.199 -0.120 -0.034 -0.016 -0.007 -0.026  0.030  0.116  0.057 -0.013  0.076  0.105  0.045 -0.054 -0.169 -0.159 -0.030 -0.030 -0.067 -0.043 -0.008 -0.067 -0.102 -0.093 -0.061 -0.063 -0.009 -0.035 -0.079 -0.088 -0.035 -0.109 -0.168 -0.237 -0.236 -0.249 -0.243 -0.206 -0.237 -0.242 -0.240 -0.167 -0.060 -0.047  0.030  0.023 -0.007  0.083  0.045 -0.020  0.002 -0.053 -0.042 -0.057 -0.122
  0.116  0.249  0.313  0.444  0.345  0.266  0.155  0.015 -0.033  0.120  0.302  0.428  0.695  1.000  0.531  0.312  0.188  0.067 -0.043 -0.149 -0.162 -0.245 -0.209 -0.119 -0.085 -0.097 -0.104 -0.036  0.024 -0.063 -0.104 -0.039 -0.019 -0.049 -0.115 -0.195 -0.178 -0.108 -0.088 -0.118 -0.142 -0.120 -0.172 -0.198 -0.162 -0.083 -0.096 -0.078 -0.141 -0.185 -0.218 -0.173 -0.212 -0.269 -0.261 -0.212 -0.204 -0.259 -0.214 -0.181 -0.157 -0.133  0.038  0.146  0.053  0.066 -0.036 -0.103 -0.067 -0.075 -0.111 -0.052 -0.037  0.061  0.088  0.049
  0.202  0.431  0.461  0.313  0.143  0.012  0.011 -0.080 -0.114 -0.023  0.081  0.085  0.305  0.531  1.000  0.551  0.368  0.215  0.088 -0.016 -0.087 -0.237 -0.238 -0.190 -0.181 -0.113 -0.104 -0.075 -0.080 -0.097 -0.107 -0.094 -0.138 -0.113 -0.122 -0.143 -0.163 -0.179 -0.094 -0.022 -0.069 -0.062 -0.108 -0.145 -0.239 -0.140 -0.041 -0.070 -0.148 -0.199 -0.293 -0.265 -0.264 -0.285 -0.212 -0.104 -0.074 -0.157 -0.103 -0.012  0.044  0.003  0.228  0.328  0.167  0.041 -0.069 -0.072 -0.058 -0.035  0.001  0.095 -0.004  0.149  0.025 -0.012
  0.565  0.601  0.383  0.157 -0.047 -0.120 -0.185 -0.161 -0.153 -0.140 -0.113 -0.071  0.084  0.312  0.551  1.000  0.742  0.461  0.238  0.123  0.154 -0.041 -0.184 -0.178 -0.108 -0.133 -0.209 -0.258 -0.258 -0.242 -0.311 -0.334 -0.267 -0.214 -0.255 -0.222 -0.232 -0.245 -0.204 -0.182 -0.229 -0.186 -0.188 -0.225 -0.194 -0.130 -0.119 -0.086 -0.124 -0.182 -0.254 -0.233 -0.204 -0.186 -0.048  0.011  0.010 -0.095 -0.130 -0.056 -0.004  0.040  0.330  0.293  0.005 -0.045 -0.179 -0.193 -0.217 -0.178 -0.171 -0.062 -0.017  0.154  0.193  0.240
  0.553  0.462  0.348  0.111 -0.135 -0.204 -0.270 -0.224 -0.166 -0.207 -0.206 -0.171 -0.029  0.188  0.368  0.742  1.000  0.731  0.390  0.254  0.341  0.093 -0.100 -0.107 -0.003 -0.071 -0.197 -0.212 -0.220 -0.271 -0.341 -0.349 -0.308 -0.266 -0.295 -0.272 -0.272 -0.288 -0.227 -0.230 -0.280 -0.240 -0.231 -0.241 -0.206 -0.123 -0.093 -0.088 -0.139 -0.190 -0.242 -0.191 -0.125 -0.080  0.087  0.136  0.119 -0.022 -0.073 -0.001  0.053  0.050  0.286  0.239 -0.015 -0.062 -0.221 -0.271 -0.304 -0.274 -0.245 -0.135 -0.038  0.131  0.208  0.312
  0.514  0.367  0.240  0.009 -0.217 -0.284 -0.346 -0.304 -0.208 -0.271 -0.237 -0.232 -0.126  0.067  0.215  0.461  0.731  1.000  0.649  0.470  0.455  0.127 -0.100 -0.126  0.005 -0.104 -0.260 -0.215 -0.235 -0.315 -0.355 -0.345 -0.316 -0.296 -0.313 -0.304 -0.298 -0.307 -0.241 -0.266 -0.326 -0.270 -0.265 -0.265 -0.222 -0.129 -0.093 -0.139 -0.196 -0.264 -0.293 -0.234 -0.124 -0.042  0.174  0.260  0.297  0.133  0.076  0.155  0.146  0.054  0.249  0.209 -0.013 -0.102 -0.236 -0.311 -0.364 -0.341 -0.285 -0.185  0.003  0.186  0.285  0.378
  0.289  0.173  0.073 -0.082 -0.251 -0.294 -0.316 -0.283 -0.199 -0.251 -0.207 -0.246 -0.179 -0.043  0.088  0.238  0.390  0.649  1.000  0.648  0.429  0.123 -0.077 -0.147 -0.088 -0.174 -0.283 -0.223 -0.249 -0.301 -0.303 -0.288 -0.278 -0.267 -0.261 -0.280 -0.277 -0.282 -0.205 -0.212 -0.284 -0.233 -0.227 -0.227 -0.218 -0.162 -0.127 -0.208 -0.233 -0.226 -0.200 -0.201 -0.049  0.106  0.351  0.482  0.541  0.372  0.266  0.328  0.274  0.088  0.155  0.118  0.022 -0.087 -0.193 -0.264 -0.319 -0.281 -0.215 -0.138  0.067  0.161  0.242  0.300
  0.167  0.061 -0.019 -0.164 -0.265 -0.306 -0.306 -0.287 -0.186 -0.246 -0.194 -0.258 -0.229 -0.149 -0.016  0.123  0.254  0.470  0.648  1.000  0.693  0.352  0.095  0.014  0.077 -0.034 -0.170 -0.124 -0.143 -0.211 -0.228 -0.237 -0.231 -0.225 -0.222 -0.221 -0.208 -0.211 -0.161 -0.168 -0.221 -0.183 -0.158 -0.187 -0.168 -0.133 -0.110 -0.176 -0.180 -0.154 -0.096 -0.063  0.101  0.254  0.479  0.454  0.506  0.386  0.267  0.288  0.206  0.008  0.021 -0.003 -0.072 -0.131 -0.178 -0.230 -0.248 -0.236 -0.178 -0.150  0.039  0.017  0.178  0.223
  0.177  0.035 -0.043 -0.207 -0.279 -0.301 -0.278 -0.237 -0.147 -0.216 -0.230 -0.273 -0.219 -0.162 -0.087  0.154  0.341  0.455  0.429  0.693  1.000  0.680  0.350  0.258  0.328  0.143 -0.019 -0.001 -0.062 -0.148 -0.195 -0.223 -0.205 -0.202 -0.190 -0.161 -0.152 -0.165 -0.134 -0.140 -0.164 -0.136 -0.105 -0.129 -0.075 -0.052 -0.054 -0.059 -0.051 -0.020  0.047  0.150  0.234  0.356  0.503  0.366  0.307  0.214  0.082  0.073  0.054 -0.044 -0.060 -0.105 -0.220 -0.223 -0.238 -0.233 -0.210 -0.186 -0.149 -0.137 -0.060 -0.095  0.051  0.152
 -0.042 -0.186 -0.214 -0.298 -0.236 -0.219 -0.143 -0.112 -0.053 -0.105 -0.160 -0.200 -0.199 -0.245 -0.237 -0.041  0.093  0.127  0.123  0.352  0.680  1.000  0.704  0.562  0.560  0.395  0.220  0.149  0.071  0.019 -0.050 -0.098 -0.071 -0.084 -0.073 -0.029 -0.031 -0.018 -0.039 -0.032  0.005 -0.003  0.029  0.000  0.058  0.021  0.010  0.065  0.124  0.217  0.335  0.499  0.510  0.565  0.502  0.266  0.127  0.141  0.011 -0.062 -0.076 -0.123 -0.226 -0.278 -0.304 -0.274 -0.208 -0.144 -0.082 -0.054 -0.041 -0.084 -0.082 -0.250 -0.170 -0.072
 -0.208 -0.284 -0.278 -0.279 -0.168 -0.143 -0.040 -0.022  0.014 -0.005 -0.089 -0.101 -0.120 -0.209 -0.238 -0.184 -0.100 -0.100 -0.077  0.095  0.350  0.704  1.000  0.750  0.611  0.505  0.403  0.308  0.197  0.126  0.077  0.030  0.022  0.009  0.036  0.070  0.068  0.096  0.053  0.054  0.111  0.078  0.121  0.062  0.080  0.041  0.045  0.142  0.224  0.338  0.454  0.639  0.490  0.467  0.304  0.125 -0.052 -0.007 -0.057 -0.150 -0.157 -0.162 -0.298 -0.321 -0.301 -0.248 -0.172 -0.064  0.012  0.062  0.077  0.021 -0.083 -0.271 -0.280 -0.220
 -0.234 -0.310 -0.303 -0.273 -0.093 -0.067  0.052  0.051  0.059  0.060 -0.044 -0.052 -0.034 -0.119 -0.190 -0.178 -0.107 -0.126 -0.147  0.014  0.258  0.562  0.750  1.000  0.759  0.511  0.535  0.452  0.285  0.240  0.197  0.122  0.100  0.096  0.130  0.155  0.148  0.181  0.130  0.133  0.206  0.129  0.136  0.115  0.115  0.099  0.096  0.204  0.232  0.316  0.426  0.632  0.498  0.356  0.180 -0.013 -0.173 -0.123 -0.151 -0.252 -0.227 -0.155 -0.346 -0.373 -0.328 -0.240 -0.143 -0.027  0.093  0.127  0.124  0.031 -0.142 -0.377 -0.385 -0.313
 -0.120 -0.225 -0.236 -0.266 -0.145 -0.119 -0.019 -0.016  0.010  0.011 -0.072 -0.054 -0.016 -0.085 -0.181 -0.108 -0.003  0.005 -0.088  0.077  0.328  0.560  0.611  0.759  1.000  0.710  0.515  0.515  0.433  0.279  0.185  0.131  0.096  0.048  0.078  0.092  0.095  0.143  0.065  0.025  0.087  0.025  0.031  0.015  0.074  0.070  0.041  0.117  0.148  0.182  0.287  0.488  0.366  0.237  0.137 -0.031 -0.174 -0.170 -0.215 -0.287 -0.256 -0.215 -0.298 -0.316 -0.359 -0.276 -0.215 -0.132 -0.020 -0.008 -0.002 -0.054 -0.170 -0.341 -0.265 -0.124
 -0.203 -0.238 -0.221 -0.232 -0.105 -0.089 -0.018 -0.002  0.020  0.023 -0.071 -0.024 -0.007 -0.097 -0.113 -0.133 -0.071 -0.104 -0.174 -0.034  0.143  0.395  0.505  0.511  0.710  1.000  0.686  0.495  0.526  0.426  0.263  0.211  0.180  0.125  0.122  0.153  0.155  0.218  0.111  0.052  0.124  0.045  0.051  0.003  0.024 -0.005  0.000  0.077  0.111  0.110  0.168  0.335  0.255  0.126  0.018 -0.098 -0.207 -0.194 -0.233 -0.274 -0.283 -0.285 -0.310 -0.259 -0.292 -0.212 -0.168 -0.098 -0.016 -0.028 -0.019 -0.053 -0.165 -0.285 -0.208 -0.087
 -0.312 -0.306 -0.262 -0.237 -0.039 -0.016  0.096  0.113  0.075  0.084 -0.062 -0.048 -0.026 -0.104 -0.104 -0.209 -0.197 -0.260 -0.283 -0.170 -0.019  0.220  0.403  0.535  0.515  0.686  1.000  0.734  0.529  0.558  0.499  0.350  0.259  0.292  0.349  0.402  0.398  0.447  0.324  0.276  0.381  0.232  0.201  0.150  0.098  0.068  0.073  0.141  0.173  0.154  0.201  0.331  0.251  0.075 -0.072 -0.180 -0.286 -0.261 -0.249 -0.315 -0.278 -0.216 -0.352 -0.312 -0.271 -0.180 -0.074  0.074  0.184  0.170  0.159  0.066 -0.213 -0.417 -0.438 -0.330
 -0.289 -0.279 -0.212 -0.186 -0.026 -0.009  0.103  0.061  0.029  0.074  0.022  0.004  0.030 -0.036 -0.075 -0.258 -0.212 -0.215 -0.223 -0.124 -0.001  0.149  0.308  0.452  0.515  0.495  0.734  1.000  0.730  0.561  0.598  0.527  0.338  0.262  0.356  0.325  0.307  0.324  0.223  0.197  0.267  0.134  0.083  0.041 -0.006  0.022  0.013  0.040  0.073  0.055  0.140  0.249  0.182  0.036 -0.074 -0.163 -0.246 -0.234 -0.213 -0.284 -0.222 -0.178 -0.325 -0.298 -0.239 -0.178 -0.084 -0.005  0.123  0.117  0.134  0.061 -0.175 -0.354 -0.372 -0.272
 -0.306 -0.277 -0.194 -0.098  0.055  0.073  0.112  0.059  0.028  0.087  0.107  0.134  0.116  0.024 -0.080 -0.258 -0.220 -0.235 -0.249 -0.143 -0.062  0.071  0.197  0.285  0.433  0.526  0.529  0.730  1.000  0.745  0.556  0.624  0.527  0.308  0.276  0.197  0.148  0.209  0.088  0.026  0.114  0.028 -0.004 -0.062 -0.066 -0.061 -0.098 -0.065 -0.004 -0.001  0.096  0.184  0.125 -0.004 -0.105 -0.198 -0.256 -0.210 -0.222 -0.281 -0.276 -0.288 -0.315 -0.243 -0.177 -0.088 -0.020 -0.038  0.040 -0.007 -0.007 -0.074 -0.200 -0.320 -0.201 -0.104
 -0.357 -0.317 -0.263 -0.146  0.085  0.121  0.167  0.144  0.088  0.123  0.077  0.091  0.057 -0.063 -0.097 -0.242 -0.271 -0.315 -0.301 -0.211 -0.148  0.019  0.126  0.240  0.279  0.426  0.558  0.561  0.745  1.000  0.749  0.623  0.608  0.524  0.458  0.472  0.365  0.385  0.253  0.228  0.318  0.185  0.129  0.045  0.010 -0.014 -0.060 -0.038  0.033  0.052  0.122  0.172  0.117 -0.027 -0.159 -0.260 -0.301 -0.219 -0.213 -0.292 -0.308 -0.281 -0.328 -0.283 -0.188 -0.080  0.041  0.117  0.190  0.148  0.126  0.033 -0.173 -0.377 -0.344 -0.307
 -0.342 -0.298 -0.237 -0.148  0.028  0.084  0.148  0.125  0.070  0.106  0.059  0.040 -0.013 -0.104 -0.107 -0.311 -0.341 -0.355 -0.303 -0.228 -0.195 -0.050  0.077  0.197  0.185  0.263  0.499  0.598  0.556  0.749  1.000  0.772  0.547  0.549  0.636  0.611  0.550  0.495  0.374  0.331  0.344  0.166  0.080  0.060  0.004  0.012  0.003 -0.000  0.005 -0.003  0.071  0.114  0.070 -0.074 -0.191 -0.241 -0.268 -0.212 -0.177 -0.240 -0.216 -0.164 -0.299 -0.267 -0.154 -0.084  0.001  0.091  0.192  0.189  0.202  0.097 -0.144 -0.334 -0.397 -0.375
 -0.358 -0.306 -0.190 -0.088  0.064  0.115  0.154  0.114  0.072  0.129  0.169  0.126  0.076 -0.039 -0.094 -0.334 -0.349 -0.345 -0.288 -0.237 -0.223 -0.098  0.030  0.122  0.131  0.211  0.350  0.527  0.624  0.623  0.772  1.000  0.745  0.515  0.525  0.358  0.286  0.285  0.202  0.147  0.174  0.052 -0.023 -0.039 -0.053 -0.017 -0.053 -0.045 -0.032 -0.041  0.050  0.079  0.037 -0.072 -0.175 -0.212 -0.231 -0.159 -0.139 -0.191 -0.190 -0.167 -0.302 -0.248 -0.097 -0.061  0.013  0.024  0.104  0.075  0.090  0.009 -0.147 -0.249 -0.228 -0.250
 -0.338 -0.319 -0.235 -0.104  0.083  0.120  0.155  0.136  0.098  0.149  0.161  0.135  0.105 -0.019 -0.138 -0.267 -0.308 -0.316 -0.278 -0.231 -0.205 -0.071  0.022  0.100  0.096  0.180  0.259  0.338  0.527  0.608  0.547  0.745  1.000  0.701  0.475  0.338  0.168  0.188  0.114  0.066  0.144  0.070 -0.005 -0.073 -0.040 -0.037 -0.085 -0.073 -0.021 -0.002  0.077  0.096  0.044 -0.032 -0.136 -0.216 -0.230 -0.123 -0.149 -0.190 -0.255 -0.192 -0.297 -0.288 -0.145 -0.093  0.036  0.030  0.091  0.053  0.058  0.007 -0.101 -0.202 -0.160 -0.213
 -0.294 -0.257 -0.215 -0.140  0.032  0.088  0.106  0.121  0.081  0.098  0.011  0.049  0.045 -0.049 -0.113 -0.214 -0.266 -0.296 -0.267 -0.225 -0.202 -0.084  0.009  0.096  0.048  0.125  0.292  0.262  0.308  0.524  0.549  0.515  0.701  1.000  0.766  0.634  0.412  0.332  0.265  0.230  0.261  0.134  0.068 -0.011 -0.024 -0.006 -0.042 -0.039 -0.013  0.011  0.077  0.081  0.021 -0.090 -0.168 -0.204 -0.217 -0.142 -0.132 -0.166 -0.214 -0.159 -0.259 -0.230 -0.168 -0.097 -0.009  0.056  0.112  0.113  0.116  0.055 -0.142 -0.258 -0.271 -0.269
 -0.269 -0.237 -0.229 -0.198 -0.010  0.037  0.115  0.135  0.077  0.083 -0.062 -0.040 -0.054 -0.115 -0.122 -0.255 -0.295 -0.313 -0.261 -0.222 -0.190 -0.073  0.036  0.130  0.078  0.122  0.349  0.356  0.276  0.458  0.636  0.525  0.475  0.766  1.000  0.816  0.609  0.462  0.362  0.354  0.347  0.181  0.105  0.061  0.017  0.035 -0.000 -0.017 -0.012  0.002  0.080  0.087  0.024 -0.111 -0.183 -0.213 -0.232 -0.179 -0.157 -0.184 -0.186 -0.105 -0.235 -0.228 -0.178 -0.121 -0.035  0.101  0.195  0.221  0.239  0.140 -0.183 -0.301 -0.354 -0.330
 -0.254 -0.224 -0.227 -0.227 -0.048 -0.000  0.089  0.140  0.085  0.046 -0.151 -0.137 -0.169 -0.195 -0.143 -0.222 -0.272 -0.304 -0.280 -0.221 -0.161 -0.029  0.070  0.155  0.092  0.153  0.402  0.325  0.197  0.472  0.611  0.358  0.338  0.634  0.816  1.000  0.805  0.593  0.452  0.472  0.459  0.263  0.189  0.138  0.071  0.048  0.032  0.024  0.038  0.055  0.103  0.121  0.057 -0.082 -0.173 -0.226 -0.235 -0.175 -0.162 -0.195 -0.202 -0.089 -0.200 -0.209 -0.179 -0.111 -0.009  0.167  0.251  0.285  0.306  0.200 -0.133 -0.317 -0.416 -0.396
 -0.232 -0.229 -0.214 -0.178 -0.037  0.011  0.085  0.126  0.070  0.040 -0.106 -0.096 -0.159 -0.178 -0.163 -0.232 -0.272 -0.298 -0.277 -0.208 -0.152 -0.031  0.068  0.148  0.095  0.155  0.398  0.307  0.148  0.365  0.550  0.286  0.168  0.412  0.609  0.805  1.000  0.786  0.593  0.526  0.455  0.255  0.163  0.173  0.099  0.107  0.116  0.098  0.043  0.031  0.062  0.098  0.052 -0.083 -0.165 -0.217 -0.225 -0.185 -0.167 -0.201 -0.191 -0.071 -0.179 -0.184 -0.140 -0.067 -0.004  0.167  0.244  0.257  0.276  0.167 -0.108 -0.314 -0.414 -0.398
 -0.266 -0.285 -0.254 -0.156  0.024  0.087  0.163  0.180  0.099  0.094  0.022  0.011 -0.030 -0.108 -0.179 -0.245 -0.288 -0.307 -0.282 -0.211 -0.165 -0.018  0.096  0.181  0.143  0.218  0.447  0.324  0.209  0.385  0.495  0.285  0.188  0.332  0.462  0.593  0.786  1.000  0.736  0.530  0.523  0.347  0.231  0.203  0.118  0.111  0.136  0.123  0.095  0.056  0.072  0.114  0.079 -0.060 -0.179 -0.228 -0.240 -0.209 -0.190 -0.239 -0.236 -0.139 -0.262 -0.252 -0.187 -0.089  0.010  0.177  0.273  0.276  0.281  0.163 -0.100 -0.376 -0.456 -0.426
 -0.250 -0.264 -0.208 -0.152  0.012  0.051  0.162  0.172  0.089  0.067  0.016 -0.035 -0.030 -0.088 -0.094 -0.204 -0.227 -0.241 -0.205 -0.161 -0.134 -0.039  0.053  0.130  0.065  0.111  0.324  0.223  0.088  0.253  0.374  0.202  0.114  0.265  0.362  0.452  0.593  0.736  1.000  0.783  0.659  0.510  0.320  0.246  0.109  0.110  0.141  0.137  0.114  0.069  0.042  0.094  0.081 -0.048 -0.154 -0.176 -0.165 -0.157 -0.121 -0.166 -0.168 -0.110 -0.233 -0.233 -0.184 -0.097 -0.001  0.161  0.293  0.352  0.429  0.359  0.036 -0.332 -0.518 -0.497
 -0.280 -0.264 -0.192 -0.149  0.029  0.075  0.230  0.226  0.090  0.072  0.014 -0.062 -0.067 -0.118 -0.022 -0.182 -0.230 -0.266 -0.212 -0.168 -0.140 -0.032  0.054  0.133  0.025  0.052  0.276  0.197  0.026  0.228  0.331  0.147  0.066  0.230  0.354  0.472  0.526  0.530  0.783  1.000  0.819  0.631  0.402  0.298  0.113  0.081  0.099  0.110  0.147  0.140  0.105  0.137  0.097 -0.030 -0.146 -0.179 -0.159 -0.120 -0.081 -0.145 -0.151 -0.106 -0.218 -0.212 -0.154 -0.087  0.047  0.262  0.421  0.555  0.657  0.593  0.136 -0.267 -0.600 -0.620
 -0.344 -0.350 -0.283 -0.202  0.067  0.131  0.328  0.326  0.152  0.140  0.046 -0.040 -0.043 -0.142 -0.069 -0.229 -0.280 -0.326 -0.284 -0.221 -0.164  0.005  0.111  0.206  0.087  0.124  0.381  0.267  0.114  0.318  0.344  0.174  0.144  0.261  0.347  0.459  0.455  0.523  0.659  0.819  1.000  0.816  0.562  0.396  0.179  0.083  0.116  0.143  0.244  0.226  0.189  0.203  0.168  0.033 -0.128 -0.200 -0.210 -0.142 -0.106 -0.204 -0.229 -0.169 -0.302 -0.302 -0.224 -0.131  0.085  0.366  0.564  0.655  0.657  0.535  0.067 -0.346 -0.659 -0.657
 -0.283 -0.297 -0.241 -0.159  0.115  0.159  0.338  0.343  0.163  0.137  0.077 -0.014 -0.008 -0.120 -0.062 -0.186 -0.240 -0.270 -0.233 -0.183 -0.136 -0.003  0.078  0.129  0.025  0.045  0.232  0.134  0.028  0.185  0.166  0.052  0.070  0.134  0.181  0.263  0.255  0.347  0.510  0.631  0.816  1.000  0.738  0.486  0.215  0.065  0.096  0.123  0.276  0.269  0.221  0.189  0.174  0.069 -0.080 -0.158 -0.156 -0.088 -0.054 -0.153 -0.203 -0.163 -0.272 -0.270 -0.197 -0.099  0.156  0.425  0.615  0.700  0.604  0.516  0.067 -0.311 -0.595 -0.588
 -0.271 -0.265 -0.225 -0.136  0.112  0.145  0.253  0.268  0.120  0.084  0.003 -0.037 -0.067 -0.172 -0.108 -0.188 -0.231 -0.265 -0.227 -0.158 -0.105  0.029  0.121  0.136  0.031  0.051  0.201  0.083 -0.004  0.129  0.080 -0.023 -0.005  0.068  0.105  0.189  0.163  0.231  0.320  0.402  0.562  0.738  1.000  0.705  0.325  0.081  0.095  0.145  0.367  0.382  0.290  0.197  0.181  0.109 -0.039 -0.140 -0.146 -0.081 -0.051 -0.151 -0.206 -0.168 -0.259 -0.247 -0.151 -0.028  0.239  0.523  0.570  0.528  0.381  0.307  0.018 -0.291 -0.467 -0.444
 -0.259 -0.247 -0.199 -0.150  0.057  0.082  0.182  0.191  0.080  0.042 -0.022 -0.062 -0.102 -0.198 -0.145 -0.225 -0.241 -0.265 -0.227 -0.187 -0.129  0.000  0.062  0.115  0.015  0.003  0.150  0.041 -0.062  0.045  0.060 -0.039 -0.073 -0.011  0.061  0.138  0.173  0.203  0.246  0.298  0.396  0.486  0.705  1.000  0.635  0.326  0.391  0.412  0.453  0.339  0.224  0.170  0.112  0.040 -0.112 -0.191 -0.210 -0.157 -0.117 -0.188 -0.190 -0.122 -0.243 -0.242 -0.146 -0.041  0.218  0.495  0.454  0.391  0.263  0.182 -0.042 -0.244 -0.366 -0.364
 -0.204 -0.240 -0.236 -0.223 -0.036 -0.018  0.069  0.061  0.010 -0.002 -0.057 -0.077 -0.093 -0.162 -0.239 -0.194 -0.206 -0.222 -0.218 -0.168 -0.075  0.058  0.080  0.115  0.074  0.024  0.098 -0.006 -0.066  0.010  0.004 -0.053 -0.040 -0.024  0.017  0.071  0.099  0.118  0.109  0.113  0.179  0.215  0.325  0.635  1.000  0.670  0.486  0.463  0.339  0.294  0.248  0.208  0.086  0.040 -0.087 -0.180 -0.239 -0.187 -0.145 -0.211 -0.193 -0.115 -0.219 -0.263 -0.225 -0.118  0.086  0.244  0.222  0.172  0.096  0.011 -0.133 -0.167 -0.151 -0.191
 -0.148 -0.194 -0.202 -0.196 -0.065 -0.062  0.020 -0.026 -0.035 -0.014 -0.054 -0.068 -0.061 -0.083 -0.140 -0.130 -0.123 -0.129 -0.162 -0.133 -0.052  0.021  0.041  0.099  0.070 -0.005  0.068  0.022 -0.061 -0.014  0.012 -0.017 -0.037 -0.006  0.035  0.048  0.107  0.111  0.110  0.081  0.083  0.065  0.081  0.326  0.670  1.000  0.702  0.483  0.224  0.140  0.148  0.158  0.067 -0.015 -0.107 -0.164 -0.195 -0.156 -0.129 -0.171 -0.149 -0.074 -0.171 -0.223 -0.229 -0.175 -0.044  0.064  0.066  0.035  0.011 -0.063 -0.167 -0.158 -0.107 -0.144
 -0.139 -0.178 -0.167 -0.183 -0.078 -0.103  0.001 -0.034 -0.045 -0.027 -0.052 -0.108 -0.063 -0.096 -0.041 -0.119 -0.093 -0.093 -0.127 -0.110 -0.054  0.010  0.045  0.096  0.041  0.000  0.073  0.013 -0.098 -0.060  0.003 -0.053 -0.085 -0.042 -0.000  0.032  0.116  0.136  0.141  0.099  0.116  0.096  0.095  0.391  0.486  0.702  1.000  0.683  0.345  0.104  0.055  0.112  0.063  0.008 -0.086 -0.125 -0.155 -0.133 -0.094 -0.107 -0.078 -0.035 -0.141 -0.178 -0.180 -0.197 -0.093  0.042  0.073  0.031  0.029 -0.034 -0.103 -0.138 -0.194 -0.182
 -0.172 -0.176 -0.186 -0.174 -0.050 -0.054  0.033  0.032  0.038  0.051 -0.012 -0.054 -0.009 -0.078 -0.070 -0.086 -0.088 -0.139 -0.208 -0.176 -0.059  0.065  0.142  0.204  0.117  0.077  0.141  0.040 -0.065 -0.038 -0.000 -0.045 -0.073 -0.039 -0.017  0.024  0.098  0.123  0.137  0.110  0.143  0.123  0.145  0.412  0.463  0.483  0.683  1.000  0.678  0.361  0.167  0.224  0.086  0.019 -0.125 -0.187 -0.261 -0.224 -0.181 -0.228 -0.188 -0.101 -0.214 -0.232 -0.243 -0.203 -0.121  0.006  0.081  0.062  0.046  0.025 -0.049 -0.162 -0.238 -0.219
 -0.211 -0.214 -0.215 -0.158 -0.002  0.021  0.116  0.140  0.110  0.107  0.027 -0.023 -0.035 -0.141 -0.148 -0.124 -0.139 -0.196 -0.233 -0.180 -0.051  0.124  0.224  0.232  0.148  0.111  0.173  0.073 -0.004  0.033  0.005 -0.032 -0.021 -0.013 -0.012  0.038  0.043  0.095  0.114  0.147  0.244  0.276  0.367  0.453  0.339  0.224  0.345  0.678  1.000  0.632  0.336  0.304  0.168  0.122 -0.046 -0.144 -0.209 -0.140 -0.099 -0.185 -0.194 -0.137 -0.245 -0.254 -0.230 -0.141 -0.010  0.152  0.216  0.200  0.141  0.107 -0.040 -0.210 -0.350 -0.302
 -0.289 -0.271 -0.230 -0.162 -0.017  0.027  0.101  0.111  0.091  0.073 -0.016 -0.032 -0.079 -0.185 -0.199 -0.182 -0.190 -0.264 -0.226 -0.154 -0.020  0.217  0.338  0.316  0.182  0.110  0.154  0.055 -0.001  0.052 -0.003 -0.041 -0.002  0.011  0.002  0.055  0.031  0.056  0.069  0.140  0.226  0.269  0.382  0.339  0.294  0.140  0.104  0.361  0.632  1.000  0.719  0.520  0.278  0.265  0.058 -0.050 -0.151 -0.032  0.025 -0.127 -0.160 -0.140 -0.282 -0.287 -0.198 -0.062  0.050  0.147  0.191  0.217  0.140  0.075 -0.044 -0.265 -0.305 -0.279
 -0.327 -0.350 -0.274 -0.189 -0.011  0.048  0.116  0.108  0.091  0.083  0.013 -0.008 -0.088 -0.218 -0.293 -0.254 -0.242 -0.293 -0.200 -0.096  0.047  0.335  0.454  0.426  0.287  0.168  0.201  0.140  0.096  0.122  0.071  0.050  0.077  0.077  0.080  0.103  0.062  0.072  0.042  0.105  0.189  0.221  0.290  0.224  0.248  0.148  0.055  0.167  0.336  0.719  1.000  0.754  0.496  0.466  0.215  0.050 -0.072  0.098  0.120 -0.068 -0.141 -0.154 -0.339 -0.357 -0.212 -0.059  0.066  0.146  0.183  0.214  0.135  0.019 -0.138 -0.369 -0.343 -0.310
 -0.293 -0.352 -0.288 -0.233 -0.040  0.001  0.105  0.089  0.077  0.096  0.021  0.002 -0.035 -0.173 -0.265 -0.233 -0.191 -0.234 -0.201 -0.063  0.150  0.499  0.639  0.632  0.488  0.335  0.331  0.249  0.184  0.172  0.114  0.079  0.096  0.081  0.087  0.121  0.098  0.114  0.094  0.137  0.203  0.189  0.197  0.170  0.208  0.158  0.112  0.224  0.304  0.520  0.754  1.000  0.685  0.521  0.242  0.027 -0.147 -0.008 -0.035 -0.206 -0.232 -0.187 -0.368 -0.390 -0.306 -0.186 -0.063  0.049  0.137  0.193  0.165  0.054 -0.156 -0.407 -0.378 -0.354
 -0.217 -0.335 -0.291 -0.251 -0.071 -0.054  0.041  0.022  0.018  0.003 -0.005 -0.062 -0.109 -0.212 -0.264 -0.204 -0.125 -0.124 -0.049  0.101  0.234  0.510  0.490  0.498  0.366  0.255  0.251  0.182  0.125  0.117  0.070  0.037  0.044  0.021  0.024  0.057  0.052  0.079  0.081  0.097  0.168  0.174  0.181  0.112  0.086  0.067  0.063  0.086  0.168  0.278  0.496  0.685  1.000  0.714  0.421  0.196  0.067  0.170  0.081 -0.058 -0.109 -0.122 -0.301 -0.337 -0.229 -0.187 -0.051  0.007  0.090  0.103  0.089 -0.007 -0.084 -0.347 -0.303 -0.283
 -0.180 -0.317 -0.275 -0.255 -0.133 -0.116 -0.062 -0.072 -0.039 -0.077 -0.021 -0.116 -0.168 -0.269 -0.285 -0.186 -0.080 -0.042  0.106  0.254  0.356  0.565  0.467  0.356  0.237  0.126  0.075  0.036 -0.004 -0.027 -0.074 -0.072 -0.032 -0.090 -0.111 -0.082 -0.083 -0.060 -0.048 -0.030  0.033  0.069  0.109  0.040  0.040 -0.015  0.008  0.019  0.122  0.265  0.466  0.521  0.714  1.000  0.712  0.440  0.289  0.406  0.258  0.097  0.020 -0.087 -0.250 -0.301 -0.177 -0.184 -0.053 -0.042  0.007  0.009  0.011 -0.055  0.049 -0.234 -0.197 -0.149
 -0.022 -0.162 -0.177 -0.235 -0.237 -0.236 -0.217 -0.184 -0.115 -0.171 -0.138 -0.216 -0.237 -0.261 -0.212 -0.048  0.087  0.174  0.351  0.479  0.503  0.502  0.304  0.180  0.137  0.018 -0.072 -0.074 -0.105 -0.159 -0.191 -0.175 -0.136 -0.168 -0.183 -0.173 -0.165 -0.179 -0.154 -0.146 -0.128 -0.080 -0.039 -0.112 -0.087 -0.107 -0.086 -0.125 -0.046  0.058  0.215  0.242  0.421  0.712  1.000  0.732  0.552  0.579  0.388  0.296  0.213 -0.000 -0.118 -0.176 -0.112 -0.163 -0.134 -0.170 -0.156 -0.127 -0.105 -0.130 -0.004 -0.093 -0.010  0.066
  0.067 -0.051 -0.066 -0.183 -0.284 -0.282 -0.281 -0.252 -0.175 -0.215 -0.172 -0.238 -0.236 -0.212 -0.104  0.011  0.136  0.260  0.482  0.454  0.366  0.266  0.125 -0.013 -0.031 -0.098 -0.180 -0.163 -0.198 -0.260 -0.241 -0.212 -0.216 -0.204 -0.213 -0.226 -0.217 -0.228 -0.176 -0.179 -0.200 -0.158 -0.140 -0.191 -0.180 -0.164 -0.125 -0.187 -0.144 -0.050  0.050  0.027  0.196  0.440  0.732  1.000  0.751  0.620  0.551  0.514  0.464  0.130  0.033 -0.033 -0.006 -0.125 -0.170 -0.226 -0.251 -0.198 -0.150 -0.129  0.021  0.032  0.090  0.174
  0.074 -0.021 -0.036 -0.128 -0.254 -0.269 -0.289 -0.253 -0.176 -0.235 -0.167 -0.236 -0.249 -0.204 -0.074  0.010  0.119  0.297  0.541  0.506  0.307  0.127 -0.052 -0.173 -0.174 -0.207 -0.286 -0.246 -0.256 -0.301 -0.268 -0.231 -0.230 -0.217 -0.232 -0.235 -0.225 -0.240 -0.165 -0.159 -0.210 -0.156 -0.146 -0.210 -0.239 -0.195 -0.155 -0.261 -0.209 -0.151 -0.072 -0.147  0.067  0.289  0.552  0.751  1.000  0.791  0.603  0.639  0.451  0.135  0.083  0.053  0.091 -0.046 -0.101 -0.178 -0.246 -0.215 -0.149 -0.115  0.090  0.111  0.179  0.210
 -0.053 -0.134 -0.106 -0.146 -0.191 -0.188 -0.194 -0.181 -0.114 -0.167 -0.099 -0.180 -0.243 -0.259 -0.157 -0.095 -0.022  0.133  0.372  0.386  0.214  0.141 -0.007 -0.123 -0.170 -0.194 -0.261 -0.234 -0.210 -0.219 -0.212 -0.159 -0.123 -0.142 -0.179 -0.175 -0.185 -0.209 -0.157 -0.120 -0.142 -0.088 -0.081 -0.157 -0.187 -0.156 -0.133 -0.224 -0.140 -0.032  0.098 -0.008  0.170  0.406  0.579  0.620  0.791  1.000  0.758  0.616  0.356  0.091  0.021 -0.017  0.086 -0.011 -0.015 -0.106 -0.155 -0.127 -0.083 -0.095  0.081  0.026  0.105  0.090
 -0.071 -0.107 -0.034 -0.072 -0.154 -0.155 -0.158 -0.180 -0.119 -0.157 -0.065 -0.142 -0.206 -0.214 -0.103 -0.130 -0.073  0.076  0.266  0.267  0.082  0.011 -0.057 -0.151 -0.215 -0.233 -0.249 -0.213 -0.222 -0.213 -0.177 -0.139 -0.149 -0.132 -0.157 -0.162 -0.167 -0.190 -0.121 -0.081 -0.106 -0.054 -0.051 -0.117 -0.145 -0.129 -0.094 -0.181 -0.099  0.025  0.120 -0.035  0.081  0.258  0.388  0.551  0.603  0.758  1.000  0.739  0.533  0.180  0.084  0.052  0.152  0.037 -0.006 -0.088 -0.133 -0.092 -0.051 -0.074  0.068  0.026  0.065  0.044
  0.050  0.022  0.051 -0.057 -0.219 -0.241 -0.269 -0.266 -0.182 -0.227 -0.150 -0.201 -0.237 -0.181 -0.012 -0.056 -0.001  0.155  0.328  0.288  0.073 -0.062 -0.150 -0.252 -0.287 -0.274 -0.315 -0.284 -0.281 -0.292 -0.240 -0.191 -0.190 -0.166 -0.184 -0.195 -0.201 -0.239 -0.166 -0.145 -0.204 -0.153 -0.151 -0.188 -0.211 -0.171 -0.107 -0.228 -0.185 -0.127 -0.068 -0.206 -0.058  0.097  0.296  0.514  0.639  0.616  0.739  1.000  0.711  0.338  0.240  0.175  0.224  0.050 -0.044 -0.145 -0.230 -0.195 -0.121 -0.096  0.071  0.188  0.208  0.173
  0.118  0.114  0.129 -0.033 -0.235 -0.258 -0.287 -0.287 -0.198 -0.238 -0.197 -0.233 -0.242 -0.157  0.044 -0.004  0.053  0.146  0.274  0.206  0.054 -0.076 -0.157 -0.227 -0.256 -0.283 -0.278 -0.222 -0.276 -0.308 -0.216 -0.190 -0.255 -0.214 -0.186 -0.202 -0.191 -0.236 -0.168 -0.151 -0.229 -0.203 -0.206 -0.190 -0.193 -0.149 -0.078 -0.188 -0.194 -0.160 -0.141 -0.232 -0.109  0.020  0.213  0.464  0.451  0.356  0.533  0.711  1.000  0.638  0.405  0.252  0.293  0.076 -0.064 -0.170 -0.255 -0.206 -0.140 -0.108  0.062  0.203  0.198  0.216
  0.217  0.181  0.128 -0.045 -0.210 -0.241 -0.242 -0.220 -0.149 -0.168 -0.214 -0.241 -0.240 -0.133  0.003  0.040  0.050  0.054  0.088  0.008 -0.044 -0.123 -0.162 -0.155 -0.215 -0.285 -0.216 -0.178 -0.288 -0.281 -0.164 -0.167 -0.192 -0.159 -0.105 -0.089 -0.071 -0.139 -0.110 -0.106 -0.169 -0.163 -0.168 -0.122 -0.115 -0.074 -0.035 -0.101 -0.137 -0.140 -0.154 -0.187 -0.122 -0.087 -0.000  0.130  0.135  0.091  0.180  0.338  0.638  1.000  0.572  0.227  0.260  0.061 -0.046 -0.136 -0.206 -0.149 -0.081 -0.034  0.052  0.251  0.223  0.147
  0.484  0.537  0.399  0.160 -0.169 -0.234 -0.301 -0.268 -0.223 -0.239 -0.212 -0.194 -0.167  0.038  0.228  0.330  0.286  0.249  0.155  0.021 -0.060 -0.226 -0.298 -0.346 -0.298 -0.310 -0.352 -0.325 -0.315 -0.328 -0.299 -0.302 -0.297 -0.259 -0.235 -0.200 -0.179 -0.262 -0.233 -0.218 -0.302 -0.272 -0.259 -0.243 -0.219 -0.171 -0.141 -0.214 -0.245 -0.282 -0.339 -0.368 -0.301 -0.250 -0.118  0.033  0.083  0.021  0.084  0.240  0.405  0.572  1.000  0.712  0.447  0.204 -0.050 -0.149 -0.273 -0.235 -0.184 -0.069  0.082  0.347  0.348  0.316
  0.363  0.549  0.479  0.342 -0.037 -0.126 -0.254 -0.256 -0.227 -0.240 -0.145 -0.080 -0.060  0.146  0.328  0.293  0.239  0.209  0.118 -0.003 -0.105 -0.278 -0.321 -0.373 -0.316 -0.259 -0.312 -0.298 -0.243 -0.283 -0.267 -0.248 -0.288 -0.230 -0.228 -0.209 -0.184 -0.252 -0.233 -0.212 -0.302 -0.270 -0.247 -0.242 -0.263 -0.223 -0.178 -0.232 -0.254 -0.287 -0.357 -0.390 -0.337 -0.301 -0.176 -0.033  0.053 -0.017  0.052  0.175  0.252  0.227  0.712  1.000  0.682  0.390  0.054 -0.090 -0.250 -0.240 -0.210 -0.101  0.055  0.338  0.335  0.318
  0.073  0.225  0.321  0.389  0.133  0.065 -0.117 -0.156 -0.149 -0.157 -0.008  0.029 -0.047  0.053  0.167  0.005 -0.015 -0.013  0.022 -0.072 -0.220 -0.304 -0.301 -0.328 -0.359 -0.292 -0.271 -0.239 -0.177 -0.188 -0.154 -0.097 -0.145 -0.168 -0.178 -0.179 -0.140 -0.187 -0.184 -0.154 -0.224 -0.197 -0.151 -0.146 -0.225 -0.229 -0.180 -0.243 -0.230 -0.198 -0.212 -0.306 -0.229 -0.177 -0.112 -0.006  0.091  0.086  0.152  0.224  0.293  0.260  0.447  0.682  1.000  0.659  0.360  0.079 -0.123 -0.146 -0.124 -0.084  0.104  0.272  0.231  0.140
 -0.019  0.119  0.255  0.486  0.313  0.302  0.054  0.013 -0.040 -0.049  0.047  0.152  0.030  0.066  0.041 -0.045 -0.062 -0.102 -0.087 -0.131 -0.223 -0.274 -0.248 -0.240 -0.276 -0.212 -0.180 -0.178 -0.088 -0.080 -0.084 -0.061 -0.093 -0.097 -0.121 -0.111 -0.067 -0.089 -0.097 -0.087 -0.131 -0.099 -0.028 -0.041 -0.118 -0.175 -0.197 -0.203 -0.141 -0.062 -0.059 -0.186 -0.187 -0.184 -0.163 -0.125 -0.046 -0.011  0.037  0.050  0.076  0.061  0.204  0.390  0.659  1.000  0.645  0.244  0.021 -0.040 -0.091 -0.096  0.015  0.084  0.108  0.068
 -0.192 -0.085  0.056  0.300  0.457  0.402  0.214  0.164  0.040  0.012  0.079  0.136  0.023 -0.036 -0.069 -0.179 -0.221 -0.236 -0.193 -0.178 -0.238 -0.208 -0.172 -0.143 -0.215 -0.168 -0.074 -0.084 -0.020  0.041  0.001  0.013  0.036 -0.009 -0.035 -0.009 -0.004  0.010 -0.001  0.047  0.085  0.156  0.239  0.218  0.086 -0.044 -0.093 -0.121 -0.010  0.050  0.066 -0.063 -0.051 -0.053 -0.134 -0.170 -0.101 -0.015 -0.006 -0.044 -0.064 -0.046 -0.050  0.054  0.360  0.645  1.000  0.578  0.343  0.217  0.094  0.024  0.025 -0.076 -0.084 -0.128
 -0.255 -0.181 -0.109  0.065  0.306  0.367  0.410  0.410  0.164  0.151  0.109  0.088 -0.007 -0.103 -0.072 -0.193 -0.271 -0.311 -0.264 -0.230 -0.233 -0.144 -0.064 -0.027 -0.132 -0.098  0.074 -0.005 -0.038  0.117  0.091  0.024  0.030  0.056  0.101  0.167  0.167  0.177  0.161  0.262  0.366  0.425  0.523  0.495  0.244  0.064  0.042  0.006  0.152  0.147  0.146  0.049  0.007 -0.042 -0.170 -0.226 -0.178 -0.106 -0.088 -0.145 -0.170 -0.136 -0.149 -0.090  0.079  0.244  0.578  1.000  0.731  0.527  0.324  0.203 -0.026 -0.190 -0.336 -0.379
 -0.316 -0.273 -0.193 -0.019  0.333  0.394  0.559  0.512  0.222  0.253  0.187  0.126  0.083 -0.067 -0.058 -0.217 -0.304 -0.364 -0.319 -0.248 -0.210 -0.082  0.012  0.093 -0.020 -0.016  0.184  0.123  0.040  0.190  0.192  0.104  0.091  0.112  0.195  0.251  0.244  0.273  0.293  0.421  0.564  0.615  0.570  0.454  0.222  0.066  0.073  0.081  0.216  0.191  0.183  0.137  0.090  0.007 -0.156 -0.251 -0.246 -0.155 -0.133 -0.230 -0.255 -0.206 -0.273 -0.250 -0.123  0.021  0.343  0.731  1.000  0.764  0.533  0.359 -0.020 -0.296 -0.499 -0.540
 -0.282 -0.262 -0.210 -0.091  0.213  0.294  0.486  0.497  0.237  0.254  0.167  0.067  0.045 -0.075 -0.035 -0.178 -0.274 -0.341 -0.281 -0.236 -0.186 -0.054  0.062  0.127 -0.008 -0.028  0.170  0.117 -0.007  0.148  0.189  0.075  0.053  0.113  0.221  0.285  0.257  0.276  0.352  0.555  0.655  0.700  0.528  0.391  0.172  0.035  0.031  0.062  0.200  0.217  0.214  0.193  0.103  0.009 -0.127 -0.198 -0.215 -0.127 -0.092 -0.195 -0.206 -0.149 -0.235 -0.240 -0.146 -0.040  0.217  0.527  0.764  1.000  0.807  0.605  0.080 -0.239 -0.575 -0.635
 -0.260 -0.240 -0.196 -0.120  0.089  0.159  0.341  0.332  0.140  0.159  0.113 -0.009 -0.020 -0.111  0.001 -0.171 -0.245 -0.285 -0.215 -0.178 -0.149 -0.041  0.077  0.124 -0.002 -0.019  0.159  0.134 -0.007  0.126  0.202  0.090  0.058  0.116  0.239  0.306  0.276  0.281  0.429  0.657  0.657  0.604  0.381  0.263  0.096  0.011  0.029  0.046  0.141  0.140  0.135  0.165  0.089  0.011 -0.105 -0.150 -0.149 -0.083 -0.051 -0.121 -0.140 -0.081 -0.184 -0.210 -0.124 -0.091  0.094  0.324  0.533  0.807  1.000  0.787  0.236 -0.109 -0.552 -0.644
 -0.128 -0.102 -0.086 -0.066  0.041  0.075  0.213  0.204  0.073  0.096  0.067 -0.040  0.002 -0.052  0.095 -0.062 -0.135 -0.185 -0.138 -0.150 -0.137 -0.084  0.021  0.031 -0.054 -0.053  0.066  0.061 -0.074  0.033  0.097  0.009  0.007  0.055  0.140  0.200  0.167  0.163  0.359  0.593  0.535  0.516  0.307  0.182  0.011 -0.063 -0.034  0.025  0.107  0.075  0.019  0.054 -0.007 -0.055 -0.130 -0.129 -0.115 -0.095 -0.074 -0.096 -0.108 -0.034 -0.069 -0.101 -0.084 -0.096  0.024  0.203  0.359  0.605  0.787  1.000  0.453  0.119 -0.465 -0.551
  0.033  0.012 -0.014  0.014 -0.034 -0.053 -0.086 -0.084 -0.078 -0.116  0.021 -0.059 -0.053 -0.037 -0.004 -0.017 -0.038  0.003  0.067  0.039 -0.060 -0.082 -0.083 -0.142 -0.170 -0.165 -0.213 -0.175 -0.200 -0.173 -0.144 -0.147 -0.101 -0.142 -0.183 -0.133 -0.108 -0.100  0.036  0.136  0.067  0.067  0.018 -0.042 -0.133 -0.167 -0.103 -0.049 -0.040 -0.044 -0.138 -0.156 -0.084  0.049 -0.004  0.021  0.090  0.081  0.068  0.071  0.062  0.052  0.082  0.055  0.104  0.015  0.025 -0.026 -0.020  0.080  0.236  0.453  1.000  0.491 -0.049 -0.157
  0.297  0.303  0.222  0.159 -0.110 -0.145 -0.249 -0.244 -0.188 -0.197 -0.042 -0.080 -0.042  0.061  0.149  0.154  0.131  0.186  0.161  0.017 -0.095 -0.250 -0.271 -0.377 -0.341 -0.285 -0.417 -0.354 -0.320 -0.377 -0.334 -0.249 -0.202 -0.258 -0.301 -0.317 -0.314 -0.376 -0.332 -0.267 -0.346 -0.311 -0.291 -0.244 -0.167 -0.158 -0.138 -0.162 -0.210 -0.265 -0.369 -0.407 -0.347 -0.234 -0.093  0.032  0.111  0.026  0.026  0.188  0.203  0.251  0.347  0.338  0.272  0.084 -0.076 -0.190 -0.296 -0.239 -0.109  0.119  0.491  1.000  0.476  0.207
  0.350  0.342  0.262  0.165 -0.132 -0.205 -0.396 -0.378 -0.238 -0.266 -0.147 -0.047 -0.057  0.088  0.025  0.193  0.208  0.285  0.242  0.178  0.051 -0.170 -0.280 -0.385 -0.265 -0.208 -0.438 -0.372 -0.201 -0.344 -0.397 -0.228 -0.160 -0.271 -0.354 -0.416 -0.414 -0.456 -0.518 -0.600 -0.659 -0.595 -0.467 -0.366 -0.151 -0.107 -0.194 -0.238 -0.350 -0.305 -0.343 -0.378 -0.303 -0.197 -0.010  0.090  0.179  0.105  0.065  0.208  0.198  0.223  0.348  0.335  0.231  0.108 -0.084 -0.336 -0.499 -0.575 -0.552 -0.465 -0.049  0.476  1.000  0.656
