  1.000  0.791  0.520  0.228 -0.191 -0.278 -0.337 -0.273 -0.265 -0.109 -0.161 -0.116 -0.051  0.257  0.334  0.635  0.640  0.628  0.464  0.298  0.205 -0.154 -0.366 -0.414 -0.276 -0.335 -0.499 -0.464 -0.385 -0.455 -0.482 -0.390 -0.313 -0.344 -0.419 -0.446 -0.460 -0.484 -0.422 -0.458 -0.526 -0.462 -0.498 -0.464 -0.318 -0.212 -0.315 -0.370 -0.491 -0.482 -0.503 -0.471 -0.384 -0.299 -0.055  0.130  0.217 -0.001 -0.034  0.181  0.267  0.456  0.626  0.543  0.331  0.067 -0.212 -0.395 -0.481 -0.430 -0.304 -0.108  0.190  0.496  0.539  0.513
  0.791  1.000  0.674  0.403 -0.014 -0.136 -0.248 -0.269 -0.249 -0.040 -0.065  0.036  0.109  0.418  0.499  0.644  0.505  0.469  0.308  0.134  0.035 -0.299 -0.428 -0.457 -0.337 -0.327 -0.453 -0.430 -0.321 -0.361 -0.408 -0.315 -0.227 -0.258 -0.344 -0.383 -0.420 -0.450 -0.402 -0.433 -0.481 -0.421 -0.438 -0.406 -0.263 -0.180 -0.284 -0.338 -0.455 -0.464 -0.531 -0.517 -0.480 -0.431 -0.211  0.008  0.080 -0.144 -0.119  0.102  0.239  0.428  0.608  0.628  0.406  0.183 -0.100 -0.297 -0.401 -0.368 -0.288 -0.098  0.150  0.424  0.469  0.446
  0.520  0.674  1.000  0.690  0.274  0.165 -0.033 -0.116 -0.167 -0.141 -0.017  0.156  0.252  0.515  0.531  0.459  0.331  0.203  0.087 -0.080 -0.140 -0.366 -0.402 -0.409 -0.379 -0.323 -0.351 -0.372 -0.285 -0.247 -0.294 -0.256 -0.159 -0.152 -0.228 -0.246 -0.291 -0.316 -0.275 -0.249 -0.268 -0.219 -0.235 -0.190 -0.116 -0.090 -0.137 -0.198 -0.282 -0.327 -0.396 -0.421 -0.416 -0.390 -0.276 -0.107 -0.038 -0.149 -0.077  0.061  0.157  0.298  0.489  0.591  0.480  0.420  0.205 -0.023 -0.133 -0.134 -0.081  0.006  0.129  0.191  0.212  0.202
  0.228  0.403  0.690  1.000  0.667  0.523  0.241  0.020 -0.024  0.027  0.243  0.456  0.513  0.627  0.477  0.291  0.100 -0.075 -0.179 -0.345 -0.366 -0.482 -0.379 -0.355 -0.377 -0.246 -0.189 -0.241 -0.144 -0.032 -0.093 -0.093  0.011  0.046 -0.030 -0.056 -0.131 -0.165 -0.142 -0.079 -0.052 -0.021  0.001  0.040  0.046  0.008 -0.014 -0.054 -0.099 -0.199 -0.315 -0.359 -0.445 -0.480 -0.455 -0.302 -0.281 -0.339 -0.212 -0.125 -0.019  0.081  0.275  0.492  0.472  0.649  0.488  0.273  0.155  0.101  0.064  0.079  0.053 -0.068 -0.058 -0.062
 -0.191 -0.014  0.274  0.667  1.000  0.824  0.538  0.250  0.132  0.102  0.367  0.548  0.616  0.433  0.297  0.002 -0.167 -0.353 -0.417 -0.484 -0.419 -0.330 -0.115 -0.047 -0.142  0.003  0.154  0.092  0.132  0.271  0.225  0.172  0.221  0.257  0.234  0.216  0.149  0.123  0.091  0.188  0.269  0.255  0.320  0.332  0.231  0.128  0.168  0.155  0.192  0.081 -0.002 -0.037 -0.177 -0.285 -0.410 -0.405 -0.453 -0.398 -0.286 -0.323 -0.260 -0.241 -0.146  0.061  0.156  0.487  0.631  0.561  0.518  0.377  0.223  0.082 -0.113 -0.404 -0.417 -0.407
 -0.278 -0.136  0.165  0.523  0.824  1.000  0.672  0.377  0.228  0.077  0.338  0.500  0.514  0.316  0.165 -0.095 -0.240 -0.419 -0.452 -0.507 -0.425 -0.286 -0.056 -0.004 -0.115  0.025  0.185  0.105  0.130  0.284  0.241  0.168  0.215  0.270  0.252  0.255  0.197  0.180  0.157  0.269  0.365  0.343  0.400  0.421  0.295  0.166  0.224  0.202  0.254  0.145  0.069  0.025 -0.120 -0.221 -0.372 -0.384 -0.445 -0.359 -0.240 -0.308 -0.262 -0.266 -0.190  0.002  0.123  0.483  0.623  0.660  0.621  0.482  0.314  0.121 -0.114 -0.477 -0.502 -0.494
 -0.337 -0.248 -0.033  0.241  0.538  0.672  1.000  0.693  0.432  0.037  0.258  0.332  0.356  0.156  0.039 -0.160 -0.263 -0.399 -0.417 -0.422 -0.319 -0.164  0.031  0.088 -0.008  0.098  0.256  0.199  0.175  0.290  0.281  0.199  0.190  0.235  0.266  0.279  0.258  0.287  0.276  0.313  0.428  0.407  0.440  0.420  0.257  0.135  0.214  0.183  0.249  0.161  0.107  0.086 -0.027 -0.124 -0.280 -0.341 -0.400 -0.300 -0.222 -0.315 -0.305 -0.323 -0.294 -0.176 -0.088  0.199  0.385  0.606  0.596  0.458  0.265  0.075 -0.195 -0.514 -0.521 -0.502
 -0.273 -0.269 -0.116  0.020  0.250  0.377  0.693  1.000  0.659  0.039  0.182  0.137  0.078 -0.061 -0.120 -0.180 -0.200 -0.255 -0.238 -0.210 -0.145 -0.031  0.053  0.087  0.015  0.037  0.147  0.112  0.054  0.122  0.148  0.076  0.053  0.094  0.134  0.170  0.196  0.233  0.226  0.217  0.291  0.271  0.291  0.289  0.168  0.085  0.147  0.119  0.168  0.118  0.120  0.106  0.071  0.024 -0.088 -0.169 -0.196 -0.106 -0.084 -0.166 -0.194 -0.229 -0.245 -0.206 -0.122  0.039  0.223  0.428  0.407  0.269  0.170  0.006 -0.149 -0.413 -0.427 -0.402
 -0.265 -0.249 -0.167 -0.024  0.132  0.228  0.432  0.659  1.000  0.333  0.319  0.255  0.131 -0.005 -0.078 -0.136 -0.196 -0.243 -0.236 -0.206 -0.150 -0.031  0.058  0.086  0.031  0.055  0.137  0.103  0.045  0.076  0.100  0.044  0.005  0.020  0.057  0.083  0.136  0.209  0.212  0.156  0.223  0.246  0.238  0.205  0.108  0.055  0.093  0.097  0.159  0.117  0.103  0.088  0.047  0.005 -0.097 -0.174 -0.196 -0.115 -0.102 -0.171 -0.213 -0.245 -0.252 -0.207 -0.153 -0.017  0.109  0.275  0.276  0.177  0.052 -0.038 -0.174 -0.373 -0.363 -0.338
 -0.109 -0.040 -0.141  0.027  0.102  0.077  0.037  0.039  0.333  1.000  0.674  0.427  0.222  0.112  0.026  0.002 -0.071 -0.111 -0.166 -0.180 -0.152 -0.138 -0.059 -0.019 -0.025  0.013  0.056  0.053  0.064  0.082  0.079  0.078  0.089  0.106  0.087  0.050  0.032  0.033  0.035 -0.009 -0.003  0.006  0.031 -0.010 -0.047 -0.048 -0.057 -0.001  0.043 -0.007 -0.048 -0.042 -0.120 -0.180 -0.208 -0.196 -0.222 -0.239 -0.204 -0.200 -0.156 -0.140 -0.128 -0.088 -0.114 -0.047 -0.054 -0.022  0.005 -0.015 -0.077 -0.043 -0.167 -0.131 -0.122 -0.117
 -0.161 -0.065 -0.017  0.243  0.367  0.338  0.258  0.182  0.319  0.674  1.000  0.754  0.536  0.341  0.158  0.021 -0.110 -0.241 -0.305 -0.353 -0.305 -0.262 -0.107 -0.044 -0.081  0.015  0.108  0.086  0.127  0.201  0.181  0.173  0.209  0.245  0.213  0.158  0.104  0.085  0.059  0.062  0.094  0.086  0.133  0.088  0.021 -0.003  0.010  0.031  0.084 -0.004 -0.073 -0.070 -0.197 -0.294 -0.360 -0.338 -0.381 -0.379 -0.298 -0.303 -0.246 -0.223 -0.166 -0.056 -0.062  0.104  0.114  0.165  0.178  0.114  0.004 -0.005 -0.176 -0.268 -0.264 -0.253
 -0.116  0.036  0.156  0.456  0.548  0.500  0.332  0.137  0.255  0.427  0.754  1.000  0.780  0.584  0.344  0.125 -0.071 -0.267 -0.367 -0.446 -0.377 -0.359 -0.169 -0.097 -0.128 -0.002  0.096  0.067  0.129  0.211  0.171  0.162  0.206  0.234  0.195  0.139  0.078  0.066  0.041  0.057  0.105  0.101  0.141  0.090  0.023 -0.012 -0.001  0.010  0.048 -0.050 -0.150 -0.147 -0.302 -0.417 -0.477 -0.432 -0.477 -0.490 -0.392 -0.380 -0.306 -0.244 -0.144  0.031  0.019  0.223  0.205  0.237  0.217  0.140 -0.001  0.013 -0.148 -0.243 -0.228 -0.216
 -0.051  0.109  0.252  0.513  0.616  0.514  0.356  0.078  0.131  0.222  0.536  0.780  1.000  0.771  0.524  0.239  0.028 -0.208 -0.344 -0.426 -0.339 -0.333 -0.153 -0.061 -0.084  0.039  0.127  0.107  0.169  0.235  0.184  0.182  0.220  0.227  0.198  0.133  0.070  0.056  0.021  0.046  0.101  0.083  0.118  0.066  0.004 -0.006 -0.000 -0.014  0.009 -0.086 -0.172 -0.143 -0.288 -0.419 -0.474 -0.442 -0.491 -0.519 -0.434 -0.415 -0.334 -0.255 -0.129  0.049  0.011  0.213  0.204  0.228  0.230  0.151 -0.005  0.012 -0.147 -0.223 -0.201 -0.190
  0.257  0.418  0.515  0.627  0.433  0.316  0.156 -0.061 -0.005  0.112  0.341  0.584  0.771  1.000  0.752  0.497  0.264  0.028 -0.144 -0.285 -0.252 -0.393 -0.298 -0.231 -0.207 -0.104 -0.081 -0.096 -0.012  0.026 -0.031 -0.010  0.056  0.062  0.005 -0.052 -0.109 -0.126 -0.130 -0.133 -0.117 -0.113 -0.106 -0.148 -0.135 -0.099 -0.135 -0.170 -0.202 -0.279 -0.373 -0.335 -0.434 -0.523 -0.474 -0.362 -0.365 -0.479 -0.406 -0.301 -0.189 -0.045  0.143  0.308  0.183  0.268  0.099  0.022 -0.015 -0.048 -0.123 -0.008 -0.036  0.021  0.058  0.059
  0.334  0.499  0.531  0.477  0.297  0.165  0.039 -0.120 -0.078  0.026  0.158  0.344  0.524  0.752  1.000  0.688  0.426  0.178 -0.033 -0.137 -0.076 -0.233 -0.201 -0.141 -0.105 -0.031 -0.048 -0.059 -0.005 -0.003 -0.059 -0.039  0.006 -0.012 -0.054 -0.093 -0.128 -0.127 -0.131 -0.156 -0.144 -0.154 -0.163 -0.215 -0.204 -0.132 -0.170 -0.208 -0.241 -0.287 -0.331 -0.255 -0.308 -0.395 -0.333 -0.268 -0.277 -0.396 -0.378 -0.277 -0.178 -0.033  0.164  0.266  0.100  0.132  0.004 -0.090 -0.106 -0.123 -0.170 -0.046 -0.031  0.071  0.110  0.115
  0.635  0.644  0.459  0.291  0.002 -0.095 -0.160 -0.180 -0.136  0.002  0.021  0.125  0.239  0.497  0.688  1.000  0.714  0.486  0.262  0.149  0.161 -0.129 -0.244 -0.235 -0.141 -0.164 -0.247 -0.231 -0.194 -0.239 -0.272 -0.225 -0.177 -0.197 -0.247 -0.275 -0.289 -0.292 -0.260 -0.301 -0.335 -0.319 -0.355 -0.398 -0.344 -0.231 -0.300 -0.337 -0.394 -0.405 -0.426 -0.346 -0.331 -0.335 -0.160 -0.061 -0.028 -0.219 -0.267 -0.116 -0.020  0.154  0.367  0.352  0.105 -0.007 -0.201 -0.308 -0.327 -0.302 -0.266 -0.073  0.075  0.288  0.330  0.322
  0.640  0.505  0.331  0.100 -0.167 -0.240 -0.263 -0.200 -0.196 -0.071 -0.110 -0.071  0.028  0.264  0.426  0.714  1.000  0.776  0.492  0.376  0.427  0.080 -0.126 -0.139 -0.047 -0.155 -0.267 -0.240 -0.244 -0.324 -0.339 -0.290 -0.256 -0.289 -0.328 -0.345 -0.334 -0.335 -0.296 -0.348 -0.389 -0.379 -0.411 -0.423 -0.343 -0.216 -0.285 -0.325 -0.394 -0.375 -0.336 -0.240 -0.159 -0.121  0.087  0.157  0.170 -0.018 -0.117  0.007  0.072  0.194  0.339  0.244  0.068 -0.109 -0.282 -0.382 -0.399 -0.367 -0.296 -0.136  0.075  0.342  0.372  0.356
  0.628  0.469  0.203 -0.075 -0.353 -0.419 -0.399 -0.255 -0.243 -0.111 -0.241 -0.267 -0.208  0.028  0.178  0.486  0.776  1.000  0.760  0.634  0.579  0.186 -0.123 -0.176 -0.033 -0.207 -0.390 -0.330 -0.333 -0.453 -0.452 -0.377 -0.348 -0.397 -0.437 -0.445 -0.420 -0.421 -0.363 -0.426 -0.492 -0.457 -0.504 -0.488 -0.364 -0.229 -0.315 -0.361 -0.446 -0.398 -0.335 -0.255 -0.097  0.013  0.286  0.378  0.436  0.232  0.096  0.238  0.246  0.314  0.379  0.232  0.090 -0.184 -0.364 -0.489 -0.519 -0.466 -0.342 -0.177  0.129  0.456  0.490  0.473
  0.464  0.308  0.087 -0.179 -0.417 -0.452 -0.417 -0.238 -0.236 -0.166 -0.305 -0.367 -0.344 -0.144 -0.033  0.262  0.492  0.760  1.000  0.768  0.560  0.220 -0.090 -0.181 -0.069 -0.243 -0.419 -0.364 -0.368 -0.479 -0.469 -0.397 -0.372 -0.412 -0.445 -0.439 -0.407 -0.408 -0.343 -0.391 -0.465 -0.413 -0.460 -0.417 -0.277 -0.179 -0.253 -0.295 -0.368 -0.306 -0.232 -0.199 -0.008  0.161  0.451  0.590  0.655  0.464  0.323  0.440  0.398  0.376  0.342  0.190  0.140 -0.151 -0.318 -0.443 -0.488 -0.427 -0.283 -0.174  0.142  0.425  0.445  0.424
  0.298  0.134 -0.080 -0.345 -0.484 -0.507 -0.422 -0.210 -0.206 -0.180 -0.353 -0.446 -0.426 -0.285 -0.137  0.149  0.376  0.634  0.768  1.000  0.788  0.474  0.131  0.037  0.135 -0.091 -0.265 -0.203 -0.270 -0.408 -0.381 -0.337 -0.354 -0.399 -0.399 -0.380 -0.316 -0.300 -0.246 -0.308 -0.374 -0.349 -0.395 -0.378 -0.285 -0.188 -0.238 -0.252 -0.281 -0.187 -0.066 -0.001  0.206  0.373  0.624  0.606  0.663  0.536  0.343  0.399  0.304  0.230  0.160 -0.014 -0.042 -0.304 -0.372 -0.456 -0.451 -0.396 -0.266 -0.188  0.092  0.360  0.369  0.352
  0.205  0.035 -0.140 -0.366 -0.419 -0.425 -0.319 -0.145 -0.150 -0.152 -0.305 -0.377 -0.339 -0.252 -0.076  0.161  0.427  0.579  0.560  0.788  1.000  0.728  0.377  0.284  0.379  0.121 -0.048  0.003 -0.118 -0.269 -0.246 -0.241 -0.288 -0.326 -0.300 -0.271 -0.196 -0.167 -0.136 -0.188 -0.231 -0.249 -0.281 -0.304 -0.275 -0.192 -0.215 -0.199 -0.179 -0.071  0.080  0.202  0.362  0.474  0.640  0.504  0.461  0.382  0.168  0.164  0.095  0.042 -0.002 -0.155 -0.197 -0.373 -0.372 -0.391 -0.340 -0.293 -0.216 -0.164  0.004  0.206  0.206  0.203
 -0.154 -0.299 -0.366 -0.482 -0.330 -0.286 -0.164 -0.031 -0.031 -0.138 -0.262 -0.359 -0.333 -0.393 -0.233 -0.129  0.080  0.186  0.220  0.474  0.728  1.000  0.753  0.641  0.673  0.455  0.285  0.294  0.141 -0.007 -0.003 -0.043 -0.127 -0.159 -0.100 -0.057  0.026  0.074  0.054  0.034  0.041 -0.022  0.001 -0.028 -0.075 -0.062 -0.023  0.042  0.140  0.278  0.465  0.603  0.686  0.731  0.676  0.406  0.288  0.369  0.172  0.042 -0.062 -0.186 -0.293 -0.412 -0.366 -0.396 -0.242 -0.169 -0.079 -0.066 -0.061 -0.137 -0.109 -0.096 -0.120 -0.104
 -0.366 -0.428 -0.402 -0.379 -0.115 -0.056  0.031  0.053  0.058 -0.059 -0.107 -0.169 -0.153 -0.298 -0.201 -0.244 -0.126 -0.123 -0.090  0.131  0.377  0.753  1.000  0.832  0.685  0.614  0.583  0.502  0.304  0.213  0.214  0.124  0.017  0.009  0.088  0.134  0.224  0.299  0.236  0.213  0.267  0.187  0.265  0.219  0.128  0.078  0.151  0.248  0.393  0.512  0.636  0.759  0.667  0.609  0.425  0.172 -0.002  0.148  0.060 -0.139 -0.215 -0.339 -0.443 -0.485 -0.394 -0.281 -0.062  0.076  0.166  0.140  0.070 -0.084 -0.209 -0.351 -0.385 -0.361
 -0.414 -0.457 -0.409 -0.355 -0.047 -0.004  0.088  0.087  0.086 -0.019 -0.044 -0.097 -0.061 -0.231 -0.141 -0.235 -0.139 -0.176 -0.181  0.037  0.284  0.641  0.832  1.000  0.818  0.629  0.714  0.690  0.452  0.360  0.379  0.286  0.162  0.141  0.229  0.247  0.300  0.364  0.263  0.253  0.337  0.176  0.252  0.210  0.098  0.087  0.160  0.248  0.376  0.468  0.611  0.774  0.686  0.526  0.314  0.019 -0.148  0.016 -0.074 -0.289 -0.348 -0.440 -0.524 -0.552 -0.476 -0.314 -0.060  0.096  0.207  0.151  0.055 -0.095 -0.279 -0.409 -0.434 -0.400
 -0.276 -0.337 -0.379 -0.377 -0.142 -0.115 -0.008  0.015  0.031 -0.025 -0.081 -0.128 -0.084 -0.207 -0.105 -0.141 -0.047 -0.033 -0.069  0.135  0.379  0.673  0.685  0.818  1.000  0.756  0.600  0.670  0.524  0.325  0.310  0.268  0.139  0.080  0.154  0.152  0.210  0.260  0.179  0.160  0.213  0.078  0.107  0.032 -0.076 -0.057 -0.011  0.062  0.176  0.271  0.419  0.587  0.557  0.434  0.307  0.046 -0.086  0.006 -0.120 -0.265 -0.322 -0.385 -0.443 -0.488 -0.473 -0.381 -0.196 -0.065  0.056  0.034 -0.041 -0.102 -0.212 -0.246 -0.260 -0.228
 -0.335 -0.327 -0.323 -0.246  0.003  0.025  0.098  0.037  0.055  0.013  0.015 -0.002  0.039 -0.104 -0.031 -0.164 -0.155 -0.207 -0.243 -0.091  0.121  0.455  0.614  0.629  0.756  1.000  0.744  0.653  0.641  0.511  0.403  0.356  0.247  0.178  0.227  0.219  0.277  0.350  0.248  0.204  0.271  0.186  0.237  0.144  0.027  0.004  0.060  0.112  0.221  0.268  0.330  0.466  0.373  0.237  0.067 -0.123 -0.240 -0.145 -0.195 -0.317 -0.352 -0.401 -0.441 -0.420 -0.389 -0.238 -0.075  0.068  0.156  0.113 -0.003 -0.075 -0.221 -0.323 -0.327 -0.295
 -0.499 -0.453 -0.351 -0.189  0.154  0.185  0.256  0.147  0.137  0.056  0.108  0.096  0.127 -0.081 -0.048 -0.247 -0.267 -0.390 -0.419 -0.265 -0.048  0.285  0.583  0.714  0.600  0.744  1.000  0.855  0.659  0.682  0.678  0.527  0.388  0.393  0.486  0.495  0.541  0.612  0.476  0.417  0.516  0.354  0.410  0.317  0.149  0.105  0.195  0.250  0.383  0.394  0.444  0.561  0.406  0.204 -0.035 -0.261 -0.405 -0.246 -0.250 -0.441 -0.472 -0.529 -0.571 -0.515 -0.448 -0.188  0.064  0.260  0.368  0.297  0.148 -0.002 -0.305 -0.555 -0.578 -0.538
 -0.464 -0.430 -0.372 -0.241  0.092  0.105  0.199  0.112  0.103  0.053  0.086  0.067  0.107 -0.096 -0.059 -0.231 -0.240 -0.330 -0.364 -0.203  0.003  0.294  0.502  0.690  0.670  0.653  0.855  1.000  0.791  0.682  0.741  0.655  0.472  0.427  0.536  0.497  0.520  0.550  0.414  0.376  0.457  0.272  0.295  0.193  0.019  0.019  0.095  0.148  0.278  0.299  0.388  0.506  0.398  0.203 -0.004 -0.241 -0.367 -0.228 -0.268 -0.443 -0.482 -0.531 -0.574 -0.538 -0.500 -0.279 -0.036  0.144  0.277  0.219  0.084 -0.023 -0.300 -0.477 -0.495 -0.453
 -0.385 -0.321 -0.285 -0.144  0.132  0.130  0.175  0.054  0.045  0.064  0.127  0.129  0.169 -0.012 -0.005 -0.194 -0.244 -0.333 -0.368 -0.270 -0.118  0.141  0.304  0.452  0.524  0.641  0.659  0.791  1.000  0.822  0.702  0.758  0.660  0.513  0.521  0.405  0.340  0.350  0.202  0.209  0.315  0.148  0.184  0.100 -0.029 -0.012  0.034  0.063  0.148  0.147  0.211  0.318  0.222  0.043 -0.132 -0.301 -0.389 -0.295 -0.313 -0.422 -0.437 -0.451 -0.465 -0.399 -0.376 -0.182 -0.028  0.101  0.191  0.117 -0.013 -0.074 -0.261 -0.348 -0.345 -0.309
 -0.455 -0.361 -0.247 -0.032  0.271  0.284  0.290  0.122  0.076  0.082  0.201  0.211  0.235  0.026 -0.003 -0.239 -0.324 -0.453 -0.479 -0.408 -0.269 -0.007  0.213  0.360  0.325  0.511  0.682  0.682  0.822  1.000  0.863  0.784  0.756  0.726  0.709  0.637  0.516  0.490  0.352  0.376  0.482  0.287  0.311  0.242  0.087  0.066  0.138  0.148  0.234  0.180  0.202  0.279  0.152 -0.038 -0.247 -0.391 -0.476 -0.358 -0.326 -0.448 -0.448 -0.465 -0.467 -0.365 -0.309 -0.055  0.121  0.280  0.363  0.297  0.150  0.031 -0.259 -0.502 -0.524 -0.490
 -0.482 -0.408 -0.294 -0.093  0.225  0.241  0.281  0.148  0.100  0.079  0.181  0.171  0.184 -0.031 -0.059 -0.272 -0.339 -0.452 -0.469 -0.381 -0.246 -0.003  0.214  0.379  0.310  0.403  0.678  0.741  0.702  0.863  1.000  0.855  0.715  0.741  0.816  0.756  0.687  0.634  0.504  0.485  0.533  0.344  0.331  0.248  0.069  0.055  0.136  0.152  0.253  0.204  0.240  0.298  0.183  0.002 -0.206 -0.367 -0.449 -0.316 -0.292 -0.433 -0.456 -0.489 -0.510 -0.429 -0.375 -0.123  0.083  0.262  0.372  0.328  0.190  0.066 -0.272 -0.546 -0.578 -0.542
 -0.390 -0.315 -0.256 -0.093  0.172  0.168  0.199  0.076  0.044  0.078  0.173  0.162  0.182 -0.010 -0.039 -0.225 -0.290 -0.377 -0.397 -0.337 -0.241 -0.043  0.124  0.286  0.268  0.356  0.527  0.655  0.758  0.784  0.855  1.000  0.855  0.719  0.740  0.568  0.437  0.395  0.251  0.260  0.338  0.160  0.177  0.122  0.003  0.031  0.076  0.083  0.141  0.103  0.145  0.212  0.119 -0.048 -0.212 -0.340 -0.399 -0.308 -0.294 -0.392 -0.401 -0.411 -0.425 -0.352 -0.319 -0.125  0.019  0.143  0.221  0.152  0.031 -0.043 -0.264 -0.377 -0.385 -0.352
 -0.313 -0.227 -0.159  0.011  0.221  0.215  0.190  0.053  0.005  0.089  0.209  0.206  0.220  0.056  0.006 -0.177 -0.256 -0.348 -0.372 -0.354 -0.288 -0.127  0.017  0.162  0.139  0.247  0.388  0.472  0.660  0.756  0.715  0.855  1.000  0.846  0.715  0.542  0.285  0.226  0.099  0.153  0.269  0.081  0.121  0.106  0.027  0.047  0.077  0.069  0.099  0.041  0.064  0.126  0.030 -0.122 -0.259 -0.339 -0.385 -0.320 -0.286 -0.351 -0.329 -0.316 -0.305 -0.218 -0.184 -0.010  0.080  0.163  0.205  0.136  0.027 -0.047 -0.225 -0.321 -0.332 -0.309
 -0.344 -0.258 -0.152  0.046  0.257  0.270  0.235  0.094  0.020  0.106  0.245  0.234  0.227  0.062 -0.012 -0.197 -0.289 -0.397 -0.412 -0.399 -0.326 -0.159  0.009  0.141  0.080  0.178  0.393  0.427  0.513  0.726  0.741  0.719  0.846  1.000  0.884  0.772  0.497  0.382  0.282  0.325  0.405  0.201  0.211  0.190  0.076  0.063  0.116  0.110  0.161  0.083  0.087  0.126  0.009 -0.136 -0.287 -0.356 -0.409 -0.329 -0.269 -0.349 -0.322 -0.323 -0.308 -0.213 -0.170  0.027  0.135  0.250  0.307  0.279  0.175  0.068 -0.209 -0.431 -0.468 -0.447
 -0.419 -0.344 -0.228 -0.030  0.234  0.252  0.266  0.134  0.057  0.087  0.213  0.195  0.198  0.005 -0.054 -0.247 -0.328 -0.437 -0.445 -0.399 -0.300 -0.100  0.088  0.229  0.154  0.227  0.486  0.536  0.521  0.709  0.816  0.740  0.715  0.884  1.000  0.895  0.700  0.560  0.451  0.479  0.516  0.317  0.294  0.238  0.076  0.057  0.135  0.138  0.221  0.147  0.164  0.200  0.082 -0.073 -0.252 -0.361 -0.426 -0.316 -0.266 -0.382 -0.380 -0.404 -0.407 -0.323 -0.278 -0.056  0.112  0.274  0.373  0.365  0.255  0.136 -0.233 -0.514 -0.556 -0.527
 -0.446 -0.383 -0.246 -0.056  0.216  0.255  0.279  0.170  0.083  0.050  0.158  0.139  0.133 -0.052 -0.093 -0.275 -0.345 -0.445 -0.439 -0.380 -0.271 -0.057  0.134  0.247  0.152  0.219  0.495  0.497  0.405  0.637  0.756  0.568  0.542  0.772  0.895  1.000  0.836  0.666  0.566  0.599  0.602  0.428  0.380  0.315  0.129  0.075  0.171  0.181  0.285  0.215  0.222  0.234  0.122 -0.013 -0.205 -0.322 -0.392 -0.260 -0.205 -0.342 -0.355 -0.401 -0.419 -0.345 -0.283 -0.052  0.143  0.331  0.437  0.462  0.355  0.216 -0.202 -0.568 -0.621 -0.591
 -0.460 -0.420 -0.291 -0.131  0.149  0.197  0.258  0.196  0.136  0.032  0.104  0.078  0.070 -0.109 -0.128 -0.289 -0.334 -0.420 -0.407 -0.316 -0.196  0.026  0.224  0.300  0.210  0.277  0.541  0.520  0.340  0.516  0.687  0.437  0.285  0.497  0.700  0.836  1.000  0.862  0.722  0.669  0.595  0.486  0.410  0.313  0.108  0.049  0.154  0.175  0.301  0.259  0.280  0.276  0.177  0.062 -0.129 -0.270 -0.342 -0.195 -0.160 -0.313 -0.359 -0.425 -0.465 -0.413 -0.352 -0.129  0.092  0.294  0.415  0.440  0.343  0.219 -0.175 -0.556 -0.604 -0.570
 -0.484 -0.450 -0.316 -0.165  0.123  0.180  0.287  0.233  0.209  0.033  0.085  0.066  0.056 -0.126 -0.127 -0.292 -0.335 -0.421 -0.408 -0.300 -0.167  0.074  0.299  0.364  0.260  0.350  0.612  0.550  0.350  0.490  0.634  0.395  0.226  0.382  0.560  0.666  0.862  1.000  0.837  0.640  0.620  0.545  0.463  0.337  0.125  0.057  0.167  0.196  0.333  0.308  0.321  0.320  0.216  0.102 -0.101 -0.261 -0.335 -0.177 -0.152 -0.313 -0.381 -0.458 -0.507 -0.457 -0.394 -0.160  0.073  0.289  0.401  0.414  0.294  0.163 -0.205 -0.560 -0.598 -0.560
 -0.422 -0.402 -0.275 -0.142  0.091  0.157  0.276  0.226  0.212  0.035  0.059  0.041  0.021 -0.130 -0.131 -0.260 -0.296 -0.363 -0.343 -0.246 -0.136  0.054  0.236  0.263  0.179  0.248  0.476  0.414  0.202  0.352  0.504  0.251  0.099  0.282  0.451  0.566  0.722  0.837  1.000  0.756  0.678  0.640  0.495  0.334  0.106  0.008  0.123  0.156  0.301  0.280  0.267  0.236  0.159  0.088 -0.083 -0.209 -0.262 -0.120 -0.088 -0.232 -0.306 -0.391 -0.438 -0.400 -0.347 -0.146  0.062  0.277  0.412  0.488  0.417  0.287 -0.110 -0.502 -0.576 -0.559
 -0.458 -0.433 -0.249 -0.079  0.188  0.269  0.313  0.217  0.156 -0.009  0.062  0.057  0.046 -0.133 -0.156 -0.301 -0.348 -0.426 -0.391 -0.308 -0.188  0.034  0.213  0.253  0.160  0.204  0.417  0.376  0.209  0.376  0.485  0.260  0.153  0.325  0.479  0.599  0.669  0.640  0.756  1.000  0.841  0.748  0.586  0.431  0.168  0.028  0.166  0.211  0.372  0.328  0.301  0.257  0.171  0.098 -0.098 -0.226 -0.291 -0.125 -0.069 -0.236 -0.291 -0.386 -0.430 -0.376 -0.295 -0.062  0.180  0.397  0.580  0.688  0.662  0.516 -0.011 -0.550 -0.666 -0.663
 -0.526 -0.481 -0.268 -0.052  0.269  0.365  0.428  0.291  0.223 -0.003  0.094  0.105  0.101 -0.117 -0.144 -0.335 -0.389 -0.492 -0.465 -0.374 -0.231  0.041  0.267  0.337  0.213  0.271  0.516  0.457  0.315  0.482  0.533  0.338  0.269  0.405  0.516  0.602  0.595  0.620  0.678  0.841  1.000  0.803  0.681  0.533  0.252  0.087  0.240  0.287  0.455  0.401  0.368  0.336  0.216  0.113 -0.123 -0.276 -0.363 -0.177 -0.112 -0.303 -0.348 -0.448 -0.487 -0.406 -0.301 -0.015  0.266  0.521  0.696  0.749  0.640  0.409 -0.119 -0.631 -0.739 -0.729
 -0.462 -0.421 -0.219 -0.021  0.255  0.343  0.407  0.271  0.246  0.006  0.086  0.101  0.083 -0.113 -0.154 -0.319 -0.379 -0.457 -0.413 -0.349 -0.249 -0.022  0.187  0.176  0.078  0.186  0.354  0.272  0.148  0.287  0.344  0.160  0.081  0.201  0.317  0.428  0.486  0.545  0.640  0.748  0.803  1.000  0.815  0.592  0.293  0.066  0.212  0.265  0.452  0.413  0.316  0.207  0.110  0.077 -0.128 -0.226 -0.278 -0.110 -0.028 -0.181 -0.245 -0.355 -0.400 -0.324 -0.223  0.031  0.287  0.531  0.696  0.789  0.635  0.437 -0.045 -0.557 -0.650 -0.646
 -0.498 -0.438 -0.235  0.001  0.320  0.400  0.440  0.291  0.238  0.031  0.133  0.141  0.118 -0.106 -0.163 -0.355 -0.411 -0.504 -0.460 -0.395 -0.281  0.001  0.265  0.252  0.107  0.237  0.410  0.295  0.184  0.311  0.331  0.177  0.121  0.211  0.294  0.380  0.410  0.463  0.495  0.586  0.681  0.815  1.000  0.806  0.495  0.199  0.347  0.401  0.600  0.554  0.429  0.321  0.176  0.112 -0.128 -0.241 -0.324 -0.141 -0.042 -0.217 -0.253 -0.358 -0.405 -0.314 -0.183  0.100  0.396  0.655  0.725  0.693  0.507  0.255 -0.140 -0.595 -0.673 -0.663
 -0.464 -0.406 -0.190  0.040  0.332  0.421  0.420  0.289  0.205 -0.010  0.088  0.090  0.066 -0.148 -0.215 -0.398 -0.423 -0.488 -0.417 -0.378 -0.304 -0.028  0.219  0.210  0.032  0.144  0.317  0.193  0.100  0.242  0.248  0.122  0.106  0.190  0.238  0.315  0.313  0.337  0.334  0.431  0.533  0.592  0.806  1.000  0.774  0.434  0.577  0.616  0.668  0.545  0.424  0.320  0.188  0.129 -0.106 -0.196 -0.273 -0.099  0.008 -0.151 -0.157 -0.242 -0.296 -0.211 -0.044  0.215  0.505  0.730  0.674  0.586  0.415  0.123 -0.167 -0.577 -0.644 -0.633
 -0.318 -0.263 -0.116  0.046  0.231  0.295  0.257  0.168  0.108 -0.047  0.021  0.023  0.004 -0.135 -0.204 -0.344 -0.343 -0.364 -0.277 -0.285 -0.275 -0.075  0.128  0.098 -0.076  0.027  0.149  0.019 -0.029  0.087  0.069  0.003  0.027  0.076  0.076  0.129  0.108  0.125  0.106  0.168  0.252  0.293  0.495  0.774  1.000  0.695  0.627  0.616  0.501  0.445  0.330  0.223  0.109  0.083 -0.080 -0.098 -0.165 -0.052  0.059 -0.040  0.003 -0.033 -0.104 -0.051  0.129  0.296  0.466  0.552  0.427  0.320  0.213 -0.019 -0.124 -0.388 -0.424 -0.418
 -0.212 -0.180 -0.090  0.008  0.128  0.166  0.135  0.085  0.055 -0.048 -0.003 -0.012 -0.006 -0.099 -0.132 -0.231 -0.216 -0.229 -0.179 -0.188 -0.192 -0.062  0.078  0.087 -0.057  0.004  0.105  0.019 -0.012  0.066  0.055  0.031  0.047  0.063  0.057  0.075  0.049  0.057  0.008  0.028  0.087  0.066  0.199  0.434  0.695  1.000  0.748  0.528  0.309  0.248  0.206  0.174  0.101  0.048 -0.065 -0.086 -0.130 -0.064 -0.004 -0.058 -0.025 -0.038 -0.084 -0.064  0.038  0.136  0.270  0.325  0.212  0.102  0.047 -0.115 -0.137 -0.263 -0.261 -0.251
 -0.315 -0.284 -0.137 -0.014  0.168  0.224  0.214  0.147  0.093 -0.057  0.010 -0.001 -0.000 -0.135 -0.170 -0.300 -0.285 -0.315 -0.253 -0.238 -0.215 -0.023  0.151  0.160 -0.011  0.060  0.195  0.095  0.034  0.138  0.136  0.076  0.077  0.116  0.135  0.171  0.154  0.167  0.123  0.166  0.240  0.212  0.347  0.577  0.627  0.748  1.000  0.731  0.500  0.334  0.269  0.250  0.169  0.107 -0.052 -0.109 -0.164 -0.055  0.011 -0.082 -0.076 -0.121 -0.176 -0.143 -0.030  0.106  0.294  0.419  0.342  0.244  0.160 -0.048 -0.162 -0.383 -0.404 -0.393
 -0.370 -0.338 -0.198 -0.054  0.155  0.202  0.183  0.119  0.097 -0.001  0.031  0.010 -0.014 -0.170 -0.208 -0.337 -0.325 -0.361 -0.295 -0.252 -0.199  0.042  0.248  0.248  0.062  0.112  0.250  0.148  0.063  0.148  0.152  0.083  0.069  0.110  0.138  0.181  0.175  0.196  0.156  0.211  0.287  0.265  0.401  0.616  0.616  0.528  0.731  1.000  0.755  0.542  0.407  0.363  0.234  0.169 -0.022 -0.106 -0.185 -0.042  0.037 -0.099 -0.107 -0.175 -0.245 -0.206 -0.086  0.082  0.276  0.382  0.350  0.281  0.201 -0.018 -0.151 -0.399 -0.450 -0.438
 -0.491 -0.455 -0.282 -0.099  0.192  0.254  0.249  0.168  0.159  0.043  0.084  0.048  0.009 -0.202 -0.241 -0.394 -0.394 -0.446 -0.368 -0.281 -0.179  0.140  0.393  0.376  0.176  0.221  0.383  0.278  0.148  0.234  0.253  0.141  0.099  0.161  0.221  0.285  0.301  0.333  0.301  0.372  0.455  0.452  0.600  0.668  0.501  0.309  0.500  0.755  1.000  0.782  0.596  0.506  0.335  0.281  0.037 -0.097 -0.202  0.003  0.090 -0.113 -0.160 -0.292 -0.385 -0.332 -0.187  0.045  0.298  0.458  0.487  0.442  0.322  0.075 -0.177 -0.530 -0.593 -0.577
 -0.482 -0.464 -0.327 -0.199  0.081  0.145  0.161  0.118  0.117 -0.007 -0.004 -0.050 -0.086 -0.279 -0.287 -0.405 -0.375 -0.398 -0.306 -0.187 -0.071  0.278  0.512  0.468  0.271  0.268  0.394  0.299  0.147  0.180  0.204  0.103  0.041  0.083  0.147  0.215  0.259  0.308  0.280  0.328  0.401  0.413  0.554  0.545  0.445  0.248  0.334  0.542  0.782  1.000  0.824  0.651  0.456  0.435  0.176  0.013 -0.111  0.115  0.189 -0.045 -0.107 -0.262 -0.397 -0.376 -0.219 -0.019  0.228  0.346  0.397  0.369  0.269  0.035 -0.166 -0.462 -0.525 -0.508
 -0.503 -0.531 -0.396 -0.315 -0.002  0.069  0.107  0.120  0.103 -0.048 -0.073 -0.150 -0.172 -0.373 -0.331 -0.426 -0.336 -0.335 -0.232 -0.066  0.080  0.465  0.636  0.611  0.419  0.330  0.444  0.388  0.211  0.202  0.240  0.145  0.064  0.087  0.164  0.222  0.280  0.321  0.267  0.301  0.368  0.316  0.429  0.424  0.330  0.206  0.269  0.407  0.596  0.824  1.000  0.848  0.695  0.650  0.364  0.121 -0.023  0.234  0.232 -0.039 -0.130 -0.304 -0.464 -0.482 -0.308 -0.129  0.147  0.261  0.330  0.296  0.220 -0.021 -0.188 -0.446 -0.505 -0.483
 -0.471 -0.517 -0.421 -0.359 -0.037  0.025  0.086  0.106  0.088 -0.042 -0.070 -0.147 -0.143 -0.335 -0.255 -0.346 -0.240 -0.255 -0.199 -0.001  0.202  0.603  0.759  0.774  0.587  0.466  0.561  0.506  0.318  0.279  0.298  0.212  0.126  0.126  0.200  0.234  0.276  0.320  0.236  0.257  0.336  0.207  0.321  0.320  0.223  0.174  0.250  0.363  0.506  0.651  0.848  1.000  0.829  0.678  0.397  0.098 -0.075  0.156  0.084 -0.178 -0.253 -0.388 -0.513 -0.537 -0.404 -0.231  0.043  0.174  0.261  0.205  0.129 -0.080 -0.238 -0.436 -0.476 -0.447
 -0.384 -0.480 -0.416 -0.445 -0.177 -0.120 -0.027  0.071  0.047 -0.120 -0.197 -0.302 -0.288 -0.434 -0.308 -0.331 -0.159 -0.097 -0.008  0.206  0.362  0.686  0.667  0.686  0.557  0.373  0.406  0.398  0.222  0.152  0.183  0.119  0.030  0.009  0.082  0.122  0.177  0.216  0.159  0.171  0.216  0.110  0.176  0.188  0.109  0.101  0.169  0.234  0.335  0.456  0.695  0.829  1.000  0.840  0.595  0.287  0.160  0.362  0.214 -0.012 -0.127 -0.279 -0.428 -0.507 -0.380 -0.306 -0.054  0.043  0.125  0.087  0.056 -0.124 -0.188 -0.295 -0.327 -0.303
 -0.299 -0.431 -0.390 -0.480 -0.285 -0.221 -0.124  0.024  0.005 -0.180 -0.294 -0.417 -0.419 -0.523 -0.395 -0.335 -0.121  0.013  0.161  0.373  0.474  0.731  0.609  0.526  0.434  0.237  0.204  0.203  0.043 -0.038  0.002 -0.048 -0.122 -0.136 -0.073 -0.013  0.062  0.102  0.088  0.098  0.113  0.077  0.112  0.129  0.083  0.048  0.107  0.169  0.281  0.435  0.650  0.678  0.840  1.000  0.809  0.520  0.410  0.602  0.426  0.217  0.071 -0.120 -0.299 -0.413 -0.275 -0.287 -0.086 -0.031  0.034  0.034  0.048 -0.119 -0.103 -0.176 -0.217 -0.206
 -0.055 -0.211 -0.276 -0.455 -0.410 -0.372 -0.280 -0.088 -0.097 -0.208 -0.360 -0.477 -0.474 -0.474 -0.333 -0.160  0.087  0.286  0.451  0.624  0.640  0.676  0.425  0.314  0.307  0.067 -0.035 -0.004 -0.132 -0.247 -0.206 -0.212 -0.259 -0.287 -0.252 -0.205 -0.129 -0.101 -0.083 -0.098 -0.123 -0.128 -0.128 -0.106 -0.080 -0.065 -0.052 -0.022  0.037  0.176  0.364  0.397  0.595  0.809  1.000  0.782  0.665  0.729  0.513  0.401  0.268  0.083 -0.080 -0.233 -0.136 -0.285 -0.215 -0.231 -0.196 -0.166 -0.088 -0.161 -0.013  0.062  0.037  0.035
  0.130  0.008 -0.107 -0.302 -0.405 -0.384 -0.341 -0.169 -0.174 -0.196 -0.338 -0.432 -0.442 -0.362 -0.268 -0.061  0.157  0.378  0.590  0.606  0.504  0.406  0.172  0.019  0.046 -0.123 -0.261 -0.241 -0.301 -0.391 -0.367 -0.340 -0.339 -0.356 -0.361 -0.322 -0.270 -0.261 -0.209 -0.226 -0.276 -0.226 -0.241 -0.196 -0.098 -0.086 -0.109 -0.106 -0.097  0.013  0.121  0.098  0.287  0.520  0.782  1.000  0.823  0.729  0.639  0.625  0.566  0.351  0.189  0.029  0.101 -0.138 -0.200 -0.275 -0.301 -0.241 -0.125 -0.139  0.083  0.201  0.182  0.164
  0.217  0.080 -0.038 -0.281 -0.453 -0.445 -0.400 -0.196 -0.196 -0.222 -0.381 -0.477 -0.491 -0.365 -0.277 -0.028  0.170  0.436  0.655  0.663  0.461  0.288 -0.002 -0.148 -0.086 -0.240 -0.405 -0.367 -0.389 -0.476 -0.449 -0.399 -0.385 -0.409 -0.426 -0.392 -0.342 -0.335 -0.262 -0.291 -0.363 -0.278 -0.324 -0.273 -0.165 -0.130 -0.164 -0.185 -0.202 -0.111 -0.023 -0.075  0.160  0.410  0.665  0.823  1.000  0.847  0.683  0.744  0.589  0.412  0.286  0.121  0.159 -0.125 -0.227 -0.340 -0.379 -0.309 -0.160 -0.135  0.154  0.330  0.321  0.296
 -0.001 -0.144 -0.149 -0.339 -0.398 -0.359 -0.300 -0.106 -0.115 -0.239 -0.379 -0.490 -0.519 -0.479 -0.396 -0.219 -0.018  0.232  0.464  0.536  0.382  0.369  0.148  0.016  0.006 -0.145 -0.246 -0.228 -0.295 -0.358 -0.316 -0.308 -0.320 -0.329 -0.316 -0.260 -0.195 -0.177 -0.120 -0.125 -0.177 -0.110 -0.141 -0.099 -0.052 -0.064 -0.055 -0.042  0.003  0.115  0.234  0.156  0.362  0.602  0.729  0.729  0.847  1.000  0.830  0.717  0.494  0.271  0.117 -0.033  0.056 -0.137 -0.133 -0.201 -0.209 -0.152 -0.028 -0.092  0.100  0.140  0.115  0.102
 -0.034 -0.119 -0.077 -0.212 -0.286 -0.240 -0.222 -0.084 -0.102 -0.204 -0.298 -0.392 -0.434 -0.406 -0.378 -0.267 -0.117  0.096  0.323  0.343  0.168  0.172  0.060 -0.074 -0.120 -0.195 -0.250 -0.268 -0.313 -0.326 -0.292 -0.294 -0.286 -0.269 -0.266 -0.205 -0.160 -0.152 -0.088 -0.069 -0.112 -0.028 -0.042  0.008  0.059 -0.004  0.011  0.037  0.090  0.189  0.232  0.084  0.214  0.426  0.513  0.639  0.683  0.830  1.000  0.814  0.656  0.377  0.202  0.065  0.172 -0.001 -0.013 -0.079 -0.109 -0.046  0.065 -0.021  0.116  0.064  0.027  0.012
  0.181  0.102  0.061 -0.125 -0.323 -0.308 -0.315 -0.166 -0.171 -0.200 -0.303 -0.380 -0.415 -0.301 -0.277 -0.116  0.007  0.238  0.440  0.399  0.164  0.042 -0.139 -0.289 -0.265 -0.317 -0.441 -0.443 -0.422 -0.448 -0.433 -0.392 -0.351 -0.349 -0.382 -0.342 -0.313 -0.313 -0.232 -0.236 -0.303 -0.181 -0.217 -0.151 -0.040 -0.058 -0.082 -0.099 -0.113 -0.045 -0.039 -0.178 -0.012  0.217  0.401  0.625  0.744  0.717  0.814  1.000  0.814  0.557  0.408  0.258  0.309  0.052 -0.069 -0.196 -0.267 -0.200 -0.056 -0.058  0.186  0.262  0.246  0.220
  0.267  0.239  0.157 -0.019 -0.260 -0.262 -0.305 -0.194 -0.213 -0.156 -0.246 -0.306 -0.334 -0.189 -0.178 -0.020  0.072  0.246  0.398  0.304  0.095 -0.062 -0.215 -0.348 -0.322 -0.352 -0.472 -0.482 -0.437 -0.448 -0.456 -0.401 -0.329 -0.322 -0.380 -0.355 -0.359 -0.381 -0.306 -0.291 -0.348 -0.245 -0.253 -0.157  0.003 -0.025 -0.076 -0.107 -0.160 -0.107 -0.130 -0.253 -0.127  0.071  0.268  0.566  0.589  0.494  0.656  0.814  1.000  0.784  0.578  0.404  0.475  0.160 -0.019 -0.165 -0.272 -0.208 -0.069 -0.054  0.192  0.281  0.265  0.235
  0.456  0.428  0.298  0.081 -0.241 -0.266 -0.323 -0.229 -0.245 -0.140 -0.223 -0.244 -0.255 -0.045 -0.033  0.154  0.194  0.314  0.376  0.230  0.042 -0.186 -0.339 -0.440 -0.385 -0.401 -0.529 -0.531 -0.451 -0.465 -0.489 -0.411 -0.316 -0.323 -0.404 -0.401 -0.425 -0.458 -0.391 -0.386 -0.448 -0.355 -0.358 -0.242 -0.033 -0.038 -0.121 -0.175 -0.292 -0.262 -0.304 -0.388 -0.279 -0.120  0.083  0.351  0.412  0.271  0.377  0.557  0.784  1.000  0.785  0.571  0.583  0.224 -0.044 -0.223 -0.353 -0.301 -0.156 -0.075  0.218  0.386  0.390  0.361
  0.626  0.608  0.489  0.275 -0.146 -0.190 -0.294 -0.245 -0.252 -0.128 -0.166 -0.144 -0.129  0.143  0.164  0.367  0.339  0.379  0.342  0.160 -0.002 -0.293 -0.443 -0.524 -0.443 -0.441 -0.571 -0.574 -0.465 -0.467 -0.510 -0.425 -0.305 -0.308 -0.407 -0.419 -0.465 -0.507 -0.438 -0.430 -0.487 -0.400 -0.405 -0.296 -0.104 -0.084 -0.176 -0.245 -0.385 -0.397 -0.464 -0.513 -0.428 -0.299 -0.080  0.189  0.286  0.117  0.202  0.408  0.578  0.785  1.000  0.823  0.656  0.335 -0.010 -0.215 -0.363 -0.319 -0.179 -0.057  0.240  0.420  0.437  0.410
  0.543  0.628  0.591  0.492  0.061  0.002 -0.176 -0.206 -0.207 -0.088 -0.056  0.031  0.049  0.308  0.266  0.352  0.244  0.232  0.190 -0.014 -0.155 -0.412 -0.485 -0.552 -0.488 -0.420 -0.515 -0.538 -0.399 -0.365 -0.429 -0.352 -0.218 -0.213 -0.323 -0.345 -0.413 -0.457 -0.400 -0.376 -0.406 -0.324 -0.314 -0.211 -0.051 -0.064 -0.143 -0.206 -0.332 -0.376 -0.482 -0.537 -0.507 -0.413 -0.233  0.029  0.121 -0.033  0.065  0.258  0.404  0.571  0.823  1.000  0.800  0.540  0.162 -0.069 -0.242 -0.222 -0.127 -0.026  0.202  0.325  0.347  0.323
  0.331  0.406  0.480  0.472  0.156  0.123 -0.088 -0.122 -0.153 -0.114 -0.062  0.019  0.011  0.183  0.100  0.105  0.068  0.090  0.140 -0.042 -0.197 -0.366 -0.394 -0.476 -0.473 -0.389 -0.448 -0.500 -0.376 -0.309 -0.375 -0.319 -0.184 -0.170 -0.278 -0.283 -0.352 -0.394 -0.347 -0.295 -0.301 -0.223 -0.183 -0.044  0.129  0.038 -0.030 -0.086 -0.187 -0.219 -0.308 -0.404 -0.380 -0.275 -0.136  0.101  0.159  0.056  0.172  0.309  0.475  0.583  0.656  0.800  1.000  0.713  0.368  0.109 -0.090 -0.101 -0.039 -0.038  0.150  0.189  0.194  0.168
  0.067  0.183  0.420  0.649  0.487  0.483  0.199  0.039 -0.017 -0.047  0.104  0.223  0.213  0.268  0.132 -0.007 -0.109 -0.184 -0.151 -0.304 -0.373 -0.396 -0.281 -0.314 -0.381 -0.238 -0.188 -0.279 -0.182 -0.055 -0.123 -0.125 -0.010  0.027 -0.056 -0.052 -0.129 -0.160 -0.146 -0.062 -0.015  0.031  0.100  0.215  0.296  0.136  0.106  0.082  0.045 -0.019 -0.129 -0.231 -0.306 -0.287 -0.285 -0.138 -0.125 -0.137 -0.001  0.052  0.160  0.224  0.335  0.540  0.713  1.000  0.725  0.422  0.226  0.160  0.125  0.033  0.040 -0.118 -0.123 -0.131
 -0.212 -0.100  0.205  0.488  0.631  0.623  0.385  0.223  0.109 -0.054  0.114  0.205  0.204  0.099  0.004 -0.201 -0.282 -0.364 -0.318 -0.372 -0.372 -0.242 -0.062 -0.060 -0.196 -0.075  0.064 -0.036 -0.028  0.121  0.083  0.019  0.080  0.135  0.112  0.143  0.092  0.073  0.062  0.180  0.266  0.287  0.396  0.505  0.466  0.270  0.294  0.276  0.298  0.228  0.147  0.043 -0.054 -0.086 -0.215 -0.200 -0.227 -0.133 -0.013 -0.069 -0.019 -0.044 -0.010  0.162  0.368  0.725  1.000  0.729  0.543  0.408  0.299  0.081 -0.055 -0.385 -0.422 -0.419
 -0.395 -0.297 -0.023  0.273  0.561  0.660  0.606  0.428  0.275 -0.022  0.165  0.237  0.228  0.022 -0.090 -0.308 -0.382 -0.489 -0.443 -0.456 -0.391 -0.169  0.076  0.096 -0.065  0.068  0.260  0.144  0.101  0.280  0.262  0.143  0.163  0.250  0.274  0.331  0.294  0.289  0.277  0.397  0.521  0.531  0.655  0.730  0.552  0.325  0.419  0.382  0.458  0.346  0.261  0.174  0.043 -0.031 -0.231 -0.275 -0.340 -0.201 -0.079 -0.196 -0.165 -0.223 -0.215 -0.069  0.109  0.422  0.729  1.000  0.832  0.639  0.433  0.136 -0.163 -0.591 -0.642 -0.630
 -0.481 -0.401 -0.133  0.155  0.518  0.621  0.596  0.407  0.276  0.005  0.178  0.217  0.230 -0.015 -0.106 -0.327 -0.399 -0.519 -0.488 -0.451 -0.340 -0.079  0.166  0.207  0.056  0.156  0.368  0.277  0.191  0.363  0.372  0.221  0.205  0.307  0.373  0.437  0.415  0.401  0.412  0.580  0.696  0.696  0.725  0.674  0.427  0.212  0.342  0.350  0.487  0.397  0.330  0.261  0.125  0.034 -0.196 -0.301 -0.379 -0.209 -0.109 -0.267 -0.272 -0.353 -0.363 -0.242 -0.090  0.226  0.543  0.832  1.000  0.825  0.601  0.287 -0.134 -0.641 -0.723 -0.715
 -0.430 -0.368 -0.134  0.101  0.377  0.482  0.458  0.269  0.177 -0.015  0.114  0.140  0.151 -0.048 -0.123 -0.302 -0.367 -0.466 -0.427 -0.396 -0.293 -0.066  0.140  0.151  0.034  0.113  0.297  0.219  0.117  0.297  0.328  0.152  0.136  0.279  0.365  0.462  0.440  0.414  0.488  0.688  0.749  0.789  0.693  0.586  0.320  0.102  0.244  0.281  0.442  0.369  0.296  0.205  0.087  0.034 -0.166 -0.241 -0.309 -0.152 -0.046 -0.200 -0.208 -0.301 -0.319 -0.222 -0.101  0.160  0.408  0.639  0.825  1.000  0.799  0.504  0.006 -0.575 -0.687 -0.689
 -0.304 -0.288 -0.081  0.064  0.223  0.314  0.265  0.170  0.052 -0.077  0.004 -0.001 -0.005 -0.123 -0.170 -0.266 -0.296 -0.342 -0.283 -0.266 -0.216 -0.061  0.070  0.055 -0.041 -0.003  0.148  0.084 -0.013  0.150  0.190  0.031  0.027  0.175  0.255  0.355  0.343  0.294  0.417  0.662  0.640  0.635  0.507  0.415  0.213  0.047  0.160  0.201  0.322  0.269  0.220  0.129  0.056  0.048 -0.088 -0.125 -0.160 -0.028  0.065 -0.056 -0.069 -0.156 -0.179 -0.127 -0.039  0.125  0.299  0.433  0.601  0.799  1.000  0.766  0.290 -0.401 -0.564 -0.590
 -0.108 -0.098  0.006  0.079  0.082  0.121  0.075  0.006 -0.038 -0.043 -0.005  0.013  0.012 -0.008 -0.046 -0.073 -0.136 -0.177 -0.174 -0.188 -0.164 -0.137 -0.084 -0.095 -0.102 -0.075 -0.002 -0.023 -0.074  0.031  0.066 -0.043 -0.047  0.068  0.136  0.216  0.219  0.163  0.287  0.516  0.409  0.437  0.255  0.123 -0.019 -0.115 -0.048 -0.018  0.075  0.035 -0.021 -0.080 -0.124 -0.119 -0.161 -0.139 -0.135 -0.092 -0.021 -0.058 -0.054 -0.075 -0.057 -0.026 -0.038  0.033  0.081  0.136  0.287  0.504  0.766  1.000  0.530 -0.133 -0.290 -0.333
  0.190  0.150  0.129  0.053 -0.113 -0.114 -0.195 -0.149 -0.174 -0.167 -0.176 -0.148 -0.147 -0.036 -0.031  0.075  0.075  0.129  0.142  0.092  0.004 -0.109 -0.209 -0.279 -0.212 -0.221 -0.305 -0.300 -0.261 -0.259 -0.272 -0.264 -0.225 -0.209 -0.233 -0.202 -0.175 -0.205 -0.110 -0.011 -0.119 -0.045 -0.140 -0.167 -0.124 -0.137 -0.162 -0.151 -0.177 -0.166 -0.188 -0.238 -0.188 -0.103 -0.013  0.083  0.154  0.100  0.116  0.186  0.192  0.218  0.240  0.202  0.150  0.040 -0.055 -0.163 -0.134  0.006  0.290  0.530  1.000  0.299  0.134  0.056
  0.496  0.424  0.191 -0.068 -0.404 -0.477 -0.514 -0.413 -0.373 -0.131 -0.268 -0.243 -0.223  0.021  0.071  0.288  0.342  0.456  0.425  0.360  0.206 -0.096 -0.351 -0.409 -0.246 -0.323 -0.555 -0.477 -0.348 -0.502 -0.546 -0.377 -0.321 -0.431 -0.514 -0.568 -0.556 -0.560 -0.502 -0.550 -0.631 -0.557 -0.595 -0.577 -0.388 -0.263 -0.383 -0.399 -0.530 -0.462 -0.446 -0.436 -0.295 -0.176  0.062  0.201  0.330  0.140  0.064  0.262  0.281  0.386  0.420  0.325  0.189 -0.118 -0.385 -0.591 -0.641 -0.575 -0.401 -0.133  0.299  1.000  0.844  0.694
  0.539  0.469  0.212 -0.058 -0.417 -0.502 -0.521 -0.427 -0.363 -0.122 -0.264 -0.228 -0.201  0.058  0.110  0.330  0.372  0.490  0.445  0.369  0.206 -0.120 -0.385 -0.434 -0.260 -0.327 -0.578 -0.495 -0.345 -0.524 -0.578 -0.385 -0.332 -0.468 -0.556 -0.621 -0.604 -0.598 -0.576 -0.666 -0.739 -0.650 -0.673 -0.644 -0.424 -0.261 -0.404 -0.450 -0.593 -0.525 -0.505 -0.476 -0.327 -0.217  0.037  0.182  0.321  0.115  0.027  0.246  0.265  0.390  0.437  0.347  0.194 -0.123 -0.422 -0.642 -0.723 -0.687 -0.564 -0.290  0.134  0.844  1.000  0.903
