  1.000  0.719  0.422  0.183 -0.199 -0.295 -0.272 -0.199 -0.160 -0.200 -0.269 -0.227 -0.145  0.109  0.253  0.580  0.532  0.479  0.296  0.165  0.139 -0.050 -0.206 -0.258 -0.134 -0.181 -0.277 -0.256 -0.260 -0.306 -0.295 -0.283 -0.237 -0.208 -0.229 -0.203 -0.147 -0.222 -0.143 -0.179 -0.288 -0.236 -0.289 -0.283 -0.256 -0.178 -0.183 -0.224 -0.281 -0.335 -0.340 -0.307 -0.219 -0.164 -0.020  0.072  0.112 -0.026 -0.066  0.041  0.132  0.299  0.518  0.421  0.164  0.015 -0.153 -0.277 -0.346 -0.231 -0.145 -0.036  0.246  0.249  0.358  0.380
  0.719  1.000  0.649  0.362 -0.084 -0.236 -0.288 -0.259 -0.238 -0.260 -0.272 -0.170 -0.079  0.195  0.447  0.527  0.353  0.348  0.202  0.076  0.027 -0.159 -0.295 -0.343 -0.209 -0.189 -0.270 -0.250 -0.239 -0.280 -0.253 -0.249 -0.217 -0.139 -0.172 -0.162 -0.102 -0.173 -0.063 -0.137 -0.245 -0.197 -0.247 -0.237 -0.245 -0.172 -0.161 -0.225 -0.267 -0.347 -0.393 -0.386 -0.298 -0.255 -0.116  0.022  0.070 -0.086 -0.065  0.064  0.179  0.285  0.547  0.611  0.296  0.142 -0.047 -0.218 -0.317 -0.217 -0.149 -0.063  0.228  0.182  0.351  0.353
  0.422  0.649  1.000  0.572  0.115 -0.091 -0.204 -0.295 -0.289 -0.290 -0.197 -0.064  0.058  0.288  0.522  0.308  0.256  0.181  0.089 -0.030 -0.097 -0.254 -0.319 -0.331 -0.306 -0.267 -0.269 -0.253 -0.262 -0.203 -0.136 -0.171 -0.140 -0.034 -0.055 -0.038 -0.027 -0.070 -0.033 -0.111 -0.197 -0.207 -0.241 -0.206 -0.208 -0.132 -0.096 -0.152 -0.164 -0.265 -0.292 -0.319 -0.265 -0.254 -0.155 -0.042  0.020 -0.053 -0.005  0.075  0.167  0.247  0.392  0.461  0.420  0.265  0.078 -0.152 -0.240 -0.203 -0.162 -0.115  0.055  0.083  0.297  0.304
  0.183  0.362  0.572  1.000  0.526  0.298  0.061 -0.047 -0.097 -0.040  0.128  0.292  0.348  0.459  0.335  0.205  0.121  0.028 -0.063 -0.159 -0.185 -0.273 -0.282 -0.241 -0.203 -0.180 -0.199 -0.185 -0.163 -0.184 -0.186 -0.165 -0.150 -0.141 -0.183 -0.194 -0.130 -0.104 -0.090 -0.123 -0.164 -0.117 -0.108 -0.102 -0.123 -0.115 -0.119 -0.092 -0.143 -0.183 -0.229 -0.252 -0.268 -0.302 -0.257 -0.183 -0.166 -0.219 -0.138 -0.095 -0.037  0.023  0.171  0.343  0.370  0.498  0.312  0.052 -0.036 -0.084 -0.092 -0.054  0.039  0.126  0.212  0.177
 -0.199 -0.084  0.115  0.526  1.000  0.734  0.367  0.170  0.058  0.146  0.322  0.479  0.532  0.320  0.108 -0.045 -0.085 -0.188 -0.204 -0.198 -0.192 -0.173 -0.116 -0.025 -0.064 -0.068 -0.037 -0.019  0.011  0.012 -0.020 -0.003  0.001 -0.047 -0.063 -0.087 -0.095 -0.057 -0.051 -0.008  0.047  0.098  0.100  0.075  0.023 -0.036 -0.046  0.004  0.004  0.011  0.011 -0.016 -0.073 -0.141 -0.197 -0.221 -0.254 -0.221 -0.172 -0.192 -0.193 -0.224 -0.214 -0.093  0.071  0.294  0.423  0.319  0.346  0.170  0.054  0.024 -0.123 -0.042 -0.081 -0.107
 -0.295 -0.236 -0.091  0.298  0.734  1.000  0.613  0.393  0.261  0.350  0.467  0.552  0.453  0.204 -0.076 -0.139 -0.156 -0.258 -0.269 -0.251 -0.210 -0.154 -0.071  0.022 -0.025 -0.041 -0.003 -0.005  0.035  0.032 -0.016  0.011  0.021 -0.028 -0.048 -0.060 -0.055  0.016 -0.017  0.044  0.121  0.160  0.173  0.145  0.076 -0.017 -0.046  0.027  0.040  0.074  0.076  0.040 -0.057 -0.133 -0.215 -0.254 -0.306 -0.249 -0.195 -0.238 -0.252 -0.293 -0.300 -0.210 -0.043  0.249  0.367  0.423  0.461  0.285  0.136  0.073 -0.167 -0.078 -0.179 -0.216
 -0.272 -0.288 -0.204  0.061  0.367  0.613  1.000  0.729  0.506  0.600  0.504  0.346  0.266  0.058 -0.132 -0.151 -0.176 -0.249 -0.317 -0.286 -0.181 -0.041  0.053  0.116  0.093  0.081  0.128  0.122  0.087  0.081  0.052  0.047  0.039 -0.002  0.003 -0.020 -0.041  0.086  0.024  0.058  0.199  0.223  0.273  0.242  0.149  0.035  0.002  0.075  0.133  0.158  0.165  0.153  0.037 -0.045 -0.199 -0.291 -0.336 -0.242 -0.210 -0.311 -0.322 -0.271 -0.297 -0.269 -0.193  0.044  0.199  0.443  0.554  0.377  0.226  0.093 -0.222 -0.225 -0.364 -0.388
 -0.199 -0.259 -0.295 -0.047  0.170  0.393  0.729  1.000  0.803  0.723  0.436  0.248  0.138 -0.006 -0.212 -0.110 -0.145 -0.192 -0.317 -0.291 -0.137  0.020  0.101  0.161  0.178  0.159  0.170  0.115  0.085  0.072  0.011  0.006 -0.004 -0.071 -0.058 -0.088 -0.067  0.078  0.021 -0.012  0.139  0.179  0.260  0.208  0.155  0.038 -0.026  0.053  0.072  0.156  0.157  0.160  0.034 -0.039 -0.193 -0.260 -0.333 -0.262 -0.228 -0.298 -0.293 -0.230 -0.231 -0.232 -0.248 -0.020  0.109  0.372  0.424  0.258  0.108  0.019 -0.179 -0.173 -0.346 -0.346
 -0.160 -0.238 -0.289 -0.097  0.058  0.261  0.506  0.803  1.000  0.854  0.470  0.287  0.134  0.022 -0.176 -0.052 -0.102 -0.152 -0.247 -0.244 -0.115  0.004  0.078  0.135  0.137  0.114  0.127  0.046  0.019  0.036 -0.027 -0.041 -0.039 -0.095 -0.088 -0.096 -0.052  0.055  0.003 -0.033  0.063  0.103  0.156  0.103  0.084  0.017 -0.038  0.063  0.055  0.125  0.114  0.122  0.009 -0.048 -0.155 -0.195 -0.272 -0.228 -0.186 -0.242 -0.238 -0.190 -0.200 -0.226 -0.254 -0.079 -0.017  0.179  0.229  0.131  0.009 -0.030 -0.174 -0.124 -0.254 -0.269
 -0.200 -0.260 -0.290 -0.040  0.146  0.350  0.600  0.723  0.854  1.000  0.695  0.466  0.299  0.137 -0.134 -0.042 -0.106 -0.167 -0.259 -0.258 -0.124 -0.004  0.075  0.146  0.142  0.097  0.107  0.049  0.017  0.009 -0.049 -0.047 -0.047 -0.111 -0.105 -0.134 -0.077  0.047 -0.018 -0.058  0.042  0.093  0.150  0.098  0.093  0.032 -0.021  0.096  0.067  0.124  0.112  0.129  0.007 -0.053 -0.163 -0.205 -0.293 -0.250 -0.207 -0.265 -0.265 -0.220 -0.232 -0.246 -0.264 -0.070 -0.016  0.187  0.256  0.138  0.007 -0.041 -0.206 -0.125 -0.263 -0.292
 -0.269 -0.272 -0.197  0.128  0.322  0.467  0.504  0.436  0.470  0.695  1.000  0.797  0.596  0.357 -0.013 -0.043 -0.117 -0.187 -0.243 -0.269 -0.162 -0.062  0.024  0.104  0.088  0.030  0.023  0.016  0.022 -0.014 -0.067 -0.010 -0.012 -0.100 -0.124 -0.187 -0.115  0.073 -0.043 -0.076  0.011  0.066  0.121  0.081  0.077  0.040  0.011  0.141  0.093  0.111  0.077  0.099 -0.024 -0.089 -0.179 -0.204 -0.294 -0.256 -0.190 -0.252 -0.267 -0.275 -0.279 -0.236 -0.191 -0.011  0.009  0.144  0.218  0.111 -0.014 -0.057 -0.196 -0.073 -0.177 -0.240
 -0.227 -0.170 -0.064  0.292  0.479  0.552  0.346  0.248  0.287  0.466  0.797  1.000  0.764  0.494  0.082  0.025 -0.066 -0.163 -0.209 -0.262 -0.184 -0.134 -0.045  0.045  0.026 -0.018 -0.023 -0.038 -0.016 -0.053 -0.111 -0.065 -0.055 -0.124 -0.163 -0.206 -0.119  0.029 -0.066 -0.055 -0.019  0.036  0.070  0.031  0.034  0.005 -0.016  0.109  0.049  0.046  0.001  0.017 -0.090 -0.170 -0.215 -0.210 -0.294 -0.287 -0.211 -0.241 -0.243 -0.252 -0.234 -0.143 -0.091  0.085  0.063  0.102  0.166  0.075 -0.031 -0.047 -0.179 -0.030 -0.051 -0.117
 -0.145 -0.079  0.058  0.348  0.532  0.453  0.266  0.138  0.134  0.299  0.596  0.764  1.000  0.692  0.271  0.134  0.036 -0.083 -0.142 -0.199 -0.123 -0.106 -0.037  0.054  0.038 -0.010 -0.013  0.001 -0.031 -0.080 -0.103 -0.070 -0.087 -0.154 -0.173 -0.222 -0.170 -0.028 -0.082 -0.099 -0.059  0.005  0.027 -0.009  0.013  0.025  0.013  0.105  0.020  0.009 -0.021  0.015 -0.085 -0.160 -0.182 -0.171 -0.248 -0.264 -0.208 -0.217 -0.211 -0.212 -0.180 -0.105 -0.084  0.037  0.020  0.044  0.118  0.020 -0.066 -0.073 -0.180 -0.032 -0.020 -0.065
  0.109  0.195  0.288  0.459  0.320  0.204  0.058 -0.006  0.022  0.137  0.357  0.494  0.692  1.000  0.547  0.401  0.243  0.092  0.001 -0.116 -0.076 -0.156 -0.122 -0.040 -0.041 -0.082 -0.072 -0.086 -0.156 -0.204 -0.203 -0.228 -0.233 -0.225 -0.228 -0.234 -0.136 -0.045 -0.064 -0.137 -0.169 -0.115 -0.111 -0.130 -0.093 -0.017 -0.005  0.047 -0.058 -0.134 -0.183 -0.127 -0.182 -0.253 -0.199 -0.139 -0.180 -0.270 -0.221 -0.175 -0.126 -0.046  0.056  0.145  0.061  0.095 -0.059 -0.121 -0.089 -0.106 -0.162 -0.128 -0.121  0.060  0.157  0.102
  0.253  0.447  0.522  0.335  0.108 -0.076 -0.132 -0.212 -0.176 -0.134 -0.013  0.082  0.271  0.547  1.000  0.565  0.363  0.229  0.124  0.009 -0.018 -0.148 -0.170 -0.143 -0.139 -0.068 -0.036 -0.075 -0.176 -0.115 -0.074 -0.182 -0.166 -0.035 -0.034 -0.019 -0.039 -0.051  0.036 -0.083 -0.131 -0.138 -0.161 -0.152 -0.181 -0.042  0.030 -0.038 -0.080 -0.237 -0.265 -0.209 -0.176 -0.223 -0.137 -0.046 -0.022 -0.139 -0.124 -0.042  0.036  0.106  0.234  0.332  0.196  0.071 -0.070 -0.178 -0.189 -0.160 -0.175 -0.172 -0.090 -0.088  0.147  0.120
  0.580  0.527  0.308  0.205 -0.045 -0.139 -0.151 -0.110 -0.052 -0.042 -0.043  0.025  0.134  0.401  0.565  1.000  0.730  0.477  0.287  0.170  0.223  0.056 -0.062 -0.052  0.025 -0.031 -0.086 -0.130 -0.224 -0.285 -0.321 -0.377 -0.324 -0.283 -0.308 -0.269 -0.232 -0.257 -0.173 -0.206 -0.292 -0.214 -0.234 -0.238 -0.209 -0.107 -0.095 -0.094 -0.181 -0.237 -0.231 -0.156 -0.100 -0.104  0.029  0.089  0.046 -0.101 -0.157 -0.089  0.004  0.142  0.338  0.290  0.007 -0.061 -0.209 -0.270 -0.256 -0.182 -0.168 -0.098  0.064  0.149  0.235  0.214
  0.532  0.353  0.256  0.121 -0.085 -0.156 -0.176 -0.145 -0.102 -0.106 -0.117 -0.066  0.036  0.243  0.363  0.730  1.000  0.732  0.441  0.335  0.418  0.188  0.013  0.021  0.086 -0.024 -0.094 -0.107 -0.189 -0.254 -0.287 -0.329 -0.282 -0.258 -0.278 -0.243 -0.265 -0.308 -0.233 -0.249 -0.336 -0.273 -0.298 -0.280 -0.240 -0.114 -0.095 -0.114 -0.202 -0.245 -0.183 -0.085  0.010  0.036  0.186  0.201  0.160  0.026 -0.089 -0.038  0.023  0.112  0.261  0.165 -0.015 -0.088 -0.225 -0.307 -0.286 -0.214 -0.185 -0.127  0.016  0.155  0.235  0.219
  0.479  0.348  0.181  0.028 -0.188 -0.258 -0.249 -0.192 -0.152 -0.167 -0.187 -0.163 -0.083  0.092  0.229  0.477  0.732  1.000  0.683  0.540  0.543  0.254 -0.000 -0.030  0.097 -0.048 -0.169 -0.138 -0.214 -0.301 -0.307 -0.325 -0.295 -0.271 -0.288 -0.269 -0.261 -0.293 -0.219 -0.262 -0.350 -0.281 -0.307 -0.303 -0.271 -0.149 -0.125 -0.191 -0.252 -0.304 -0.231 -0.128  0.020  0.096  0.301  0.337  0.358  0.202  0.056  0.126  0.127  0.154  0.255  0.171 -0.011 -0.126 -0.248 -0.343 -0.339 -0.266 -0.199 -0.155  0.070  0.174  0.289  0.271
  0.296  0.202  0.089 -0.063 -0.204 -0.269 -0.317 -0.317 -0.247 -0.259 -0.243 -0.209 -0.142  0.001  0.124  0.287  0.441  0.683  1.000  0.716  0.506  0.203 -0.035 -0.104 -0.026 -0.148 -0.249 -0.195 -0.257 -0.337 -0.291 -0.312 -0.304 -0.259 -0.243 -0.204 -0.157 -0.241 -0.143 -0.157 -0.282 -0.222 -0.308 -0.325 -0.306 -0.198 -0.167 -0.251 -0.264 -0.299 -0.217 -0.164  0.025  0.169  0.451  0.551  0.599  0.411  0.245  0.328  0.278  0.183  0.159  0.084  0.022 -0.121 -0.233 -0.356 -0.340 -0.219 -0.131 -0.082  0.129  0.224  0.305  0.261
  0.165  0.076 -0.030 -0.159 -0.198 -0.251 -0.286 -0.291 -0.244 -0.258 -0.269 -0.262 -0.199 -0.116  0.009  0.170  0.335  0.540  0.716  1.000  0.748  0.429  0.143  0.076  0.140 -0.022 -0.136 -0.065 -0.139 -0.243 -0.225 -0.244 -0.243 -0.230 -0.215 -0.187 -0.205 -0.301 -0.192 -0.179 -0.270 -0.218 -0.282 -0.294 -0.271 -0.170 -0.156 -0.235 -0.241 -0.222 -0.081  0.006  0.211  0.358  0.598  0.555  0.601  0.472  0.269  0.320  0.241  0.103  0.048 -0.038 -0.070 -0.176 -0.202 -0.306 -0.274 -0.195 -0.113 -0.080  0.116  0.157  0.205  0.180
  0.139  0.027 -0.097 -0.185 -0.192 -0.210 -0.181 -0.137 -0.115 -0.124 -0.162 -0.184 -0.123 -0.076 -0.018  0.223  0.418  0.543  0.506  0.748  1.000  0.738  0.412  0.345  0.424  0.204  0.048  0.096 -0.025 -0.183 -0.223 -0.246 -0.237 -0.259 -0.251 -0.240 -0.284 -0.312 -0.230 -0.212 -0.247 -0.195 -0.202 -0.216 -0.185 -0.115 -0.117 -0.142 -0.155 -0.082  0.081  0.230  0.375  0.486  0.617  0.468  0.403  0.320  0.101  0.098  0.066 -0.008 -0.027 -0.104 -0.196 -0.244 -0.233 -0.261 -0.193 -0.153 -0.110 -0.100  0.034  0.032  0.041  0.045
 -0.050 -0.159 -0.254 -0.273 -0.173 -0.154 -0.041  0.020  0.004 -0.004 -0.062 -0.134 -0.106 -0.156 -0.148  0.056  0.188  0.254  0.203  0.429  0.738  1.000  0.736  0.634  0.665  0.468  0.292  0.299  0.157 -0.013 -0.091 -0.118 -0.116 -0.174 -0.171 -0.191 -0.278 -0.219 -0.200 -0.151 -0.109 -0.089 -0.023 -0.049 -0.037 -0.045 -0.055 -0.024  0.023  0.176  0.366  0.547  0.601  0.653  0.573  0.336  0.203  0.239  0.042 -0.052 -0.069 -0.125 -0.188 -0.250 -0.313 -0.285 -0.185 -0.121 -0.036 -0.044 -0.025 -0.074 -0.034 -0.147 -0.217 -0.186
 -0.206 -0.295 -0.319 -0.282 -0.116 -0.071  0.053  0.101  0.078  0.075  0.024 -0.045 -0.037 -0.122 -0.170 -0.062  0.013 -0.000 -0.035  0.143  0.412  0.736  1.000  0.805  0.680  0.583  0.511  0.450  0.271  0.132  0.052 -0.003 -0.012 -0.077 -0.074 -0.092 -0.181 -0.086 -0.119 -0.044  0.031  0.016  0.114  0.070  0.058  0.015  0.025  0.092  0.192  0.356  0.516  0.681  0.579  0.543  0.355  0.151 -0.022  0.077 -0.030 -0.170 -0.183 -0.222 -0.302 -0.335 -0.347 -0.272 -0.143 -0.009  0.084  0.045  0.037 -0.030 -0.119 -0.252 -0.361 -0.324
 -0.258 -0.343 -0.331 -0.241 -0.025  0.022  0.116  0.161  0.135  0.146  0.104  0.045  0.054 -0.040 -0.143 -0.052  0.021 -0.030 -0.104  0.076  0.345  0.634  0.805  1.000  0.793  0.561  0.596  0.556  0.308  0.174  0.103  0.018 -0.012 -0.083 -0.062 -0.076 -0.150 -0.053 -0.098 -0.009  0.075  0.043  0.127  0.111  0.114  0.094  0.092  0.174  0.202  0.347  0.520  0.724  0.615  0.473  0.271  0.047 -0.125 -0.019 -0.109 -0.256 -0.243 -0.246 -0.331 -0.359 -0.361 -0.241 -0.096  0.042  0.152  0.088  0.059 -0.021 -0.186 -0.316 -0.438 -0.410
 -0.134 -0.209 -0.306 -0.203 -0.064 -0.025  0.093  0.178  0.137  0.142  0.088  0.026  0.038 -0.041 -0.139  0.025  0.086  0.097 -0.026  0.140  0.424  0.665  0.680  0.793  1.000  0.739  0.544  0.573  0.400  0.151  0.016 -0.017 -0.044 -0.145 -0.152 -0.192 -0.278 -0.140 -0.151 -0.098 -0.004  0.005  0.090  0.064  0.062  0.028  0.002  0.059  0.083  0.210  0.359  0.561  0.490  0.381  0.245  0.056 -0.090 -0.050 -0.158 -0.253 -0.237 -0.227 -0.253 -0.271 -0.364 -0.253 -0.140 -0.006  0.092  0.029  0.026 -0.042 -0.089 -0.223 -0.313 -0.284
 -0.181 -0.189 -0.267 -0.180 -0.068 -0.041  0.081  0.159  0.114  0.097  0.030 -0.018 -0.010 -0.082 -0.068 -0.031 -0.024 -0.048 -0.148 -0.022  0.204  0.468  0.583  0.561  0.739  1.000  0.732  0.591  0.542  0.386  0.177  0.131  0.139  0.062  0.017 -0.023 -0.232 -0.112 -0.097 -0.082  0.037  0.016  0.107  0.090  0.052 -0.009 -0.020  0.014  0.072  0.155  0.249  0.400  0.342  0.221  0.059 -0.063 -0.167 -0.118 -0.181 -0.246 -0.247 -0.245 -0.260 -0.235 -0.311 -0.207 -0.110  0.014  0.078  0.003 -0.014 -0.070 -0.100 -0.234 -0.272 -0.236
 -0.277 -0.270 -0.269 -0.199 -0.037 -0.003  0.128  0.170  0.127  0.107  0.023 -0.023 -0.013 -0.072 -0.036 -0.086 -0.094 -0.169 -0.249 -0.136  0.048  0.292  0.511  0.596  0.544  0.732  1.000  0.782  0.515  0.521  0.437  0.242  0.213  0.230  0.238  0.234  0.024  0.086  0.080  0.085  0.208  0.112  0.178  0.179  0.123  0.088  0.102  0.121  0.187  0.215  0.308  0.437  0.347  0.183 -0.016 -0.150 -0.256 -0.166 -0.196 -0.303 -0.291 -0.260 -0.309 -0.271 -0.286 -0.174 -0.045  0.102  0.178  0.114  0.059 -0.046 -0.260 -0.429 -0.464 -0.437
 -0.256 -0.250 -0.253 -0.185 -0.019 -0.005  0.122  0.115  0.046  0.049  0.016 -0.038  0.001 -0.086 -0.075 -0.130 -0.107 -0.138 -0.195 -0.065  0.096  0.299  0.450  0.556  0.573  0.591  0.782  1.000  0.674  0.491  0.497  0.392  0.276  0.219  0.244  0.177 -0.028  0.025  0.015  0.042  0.163  0.086  0.136  0.136  0.079  0.060  0.057  0.063  0.127  0.182  0.308  0.420  0.348  0.219  0.032 -0.119 -0.202 -0.117 -0.169 -0.280 -0.266 -0.253 -0.304 -0.268 -0.280 -0.179 -0.035  0.080  0.161  0.101  0.080 -0.017 -0.200 -0.394 -0.442 -0.410
 -0.260 -0.239 -0.262 -0.163  0.011  0.035  0.087  0.085  0.019  0.017  0.022 -0.016 -0.031 -0.156 -0.176 -0.224 -0.189 -0.214 -0.257 -0.139 -0.025  0.157  0.271  0.308  0.400  0.542  0.515  0.674  1.000  0.736  0.459  0.597  0.575  0.377  0.282  0.157 -0.110 -0.050 -0.085 -0.029  0.101  0.054  0.113  0.082  0.009 -0.066 -0.087 -0.063  0.030  0.106  0.207  0.270  0.228  0.121 -0.076 -0.201 -0.240 -0.140 -0.175 -0.252 -0.280 -0.330 -0.330 -0.274 -0.266 -0.146  0.002  0.087  0.112  0.037  0.030  0.009 -0.048 -0.239 -0.296 -0.221
 -0.306 -0.280 -0.203 -0.184  0.012  0.032  0.081  0.072  0.036  0.009 -0.014 -0.053 -0.080 -0.204 -0.115 -0.285 -0.254 -0.301 -0.337 -0.243 -0.183 -0.013  0.132  0.174  0.151  0.386  0.521  0.491  0.736  1.000  0.747  0.665  0.711  0.654  0.557  0.489  0.139  0.112  0.073  0.085  0.213  0.083  0.100  0.094  0.016 -0.029 -0.032 -0.024  0.077  0.080  0.148  0.174  0.129  0.008 -0.189 -0.281 -0.288 -0.171 -0.165 -0.242 -0.279 -0.312 -0.330 -0.281 -0.189 -0.109  0.031  0.118  0.128  0.061  0.006 -0.031 -0.195 -0.352 -0.352 -0.277
 -0.295 -0.253 -0.136 -0.186 -0.020 -0.016  0.052  0.011 -0.027 -0.049 -0.067 -0.111 -0.103 -0.203 -0.074 -0.321 -0.287 -0.307 -0.291 -0.225 -0.223 -0.091  0.052  0.103  0.016  0.177  0.437  0.497  0.459  0.747  1.000  0.764  0.612  0.667  0.704  0.631  0.361  0.267  0.230  0.178  0.272  0.112  0.082  0.099  0.037  0.057  0.063  0.031  0.106  0.073  0.124  0.126  0.077 -0.008 -0.171 -0.236 -0.210 -0.105 -0.087 -0.160 -0.188 -0.212 -0.272 -0.221 -0.104 -0.077  0.037  0.100  0.123  0.090  0.031 -0.046 -0.296 -0.440 -0.397 -0.359
 -0.283 -0.249 -0.171 -0.165 -0.003  0.011  0.047  0.006 -0.041 -0.047 -0.010 -0.065 -0.070 -0.228 -0.182 -0.377 -0.329 -0.325 -0.312 -0.244 -0.246 -0.118 -0.003  0.018 -0.017  0.131  0.242  0.392  0.597  0.665  0.764  1.000  0.818  0.653  0.619  0.425  0.147  0.130  0.049  0.034  0.158  0.062  0.074  0.080  0.025  0.005 -0.021 -0.029  0.045  0.075  0.126  0.094  0.042 -0.019 -0.188 -0.254 -0.221 -0.098 -0.073 -0.149 -0.191 -0.240 -0.284 -0.231 -0.116 -0.077  0.050  0.099  0.085  0.028  0.001 -0.019 -0.128 -0.269 -0.282 -0.213
 -0.237 -0.217 -0.140 -0.150  0.001  0.021  0.039 -0.004 -0.039 -0.047 -0.012 -0.055 -0.087 -0.233 -0.166 -0.324 -0.282 -0.295 -0.304 -0.243 -0.237 -0.116 -0.012 -0.012 -0.044  0.139  0.213  0.276  0.575  0.711  0.612  0.818  1.000  0.806  0.624  0.464  0.081  0.046 -0.027 -0.006  0.113  0.017  0.037  0.040 -0.016 -0.056 -0.080 -0.082  0.031  0.054  0.109  0.081  0.040 -0.024 -0.188 -0.269 -0.234 -0.103 -0.100 -0.171 -0.218 -0.249 -0.275 -0.227 -0.113 -0.074  0.051  0.095  0.056 -0.003 -0.029 -0.026 -0.079 -0.247 -0.243 -0.140
 -0.208 -0.139 -0.034 -0.141 -0.047 -0.028 -0.002 -0.071 -0.095 -0.111 -0.100 -0.124 -0.154 -0.225 -0.035 -0.283 -0.258 -0.271 -0.259 -0.230 -0.259 -0.174 -0.077 -0.083 -0.145  0.062  0.230  0.219  0.377  0.654  0.667  0.653  0.806  1.000  0.856  0.746  0.335  0.224  0.191  0.132  0.207  0.052  0.038  0.058 -0.024 -0.025 -0.012 -0.071  0.049 -0.010  0.032 -0.003 -0.023 -0.087 -0.208 -0.257 -0.187 -0.095 -0.094 -0.134 -0.179 -0.195 -0.220 -0.139 -0.040 -0.039  0.045  0.090  0.051  0.050 -0.007 -0.068 -0.203 -0.386 -0.294 -0.205
 -0.229 -0.172 -0.055 -0.183 -0.063 -0.048  0.003 -0.058 -0.088 -0.105 -0.124 -0.163 -0.173 -0.228 -0.034 -0.308 -0.278 -0.288 -0.243 -0.215 -0.251 -0.171 -0.074 -0.062 -0.152  0.017  0.238  0.244  0.282  0.557  0.704  0.619  0.624  0.856  1.000  0.862  0.504  0.341  0.336  0.233  0.284  0.114  0.060  0.080 -0.005  0.021  0.044 -0.025  0.076 -0.001  0.034  0.006 -0.022 -0.082 -0.185 -0.230 -0.158 -0.075 -0.074 -0.108 -0.160 -0.163 -0.220 -0.155 -0.047 -0.058  0.034  0.101  0.092  0.126  0.060 -0.032 -0.268 -0.447 -0.350 -0.294
 -0.203 -0.162 -0.038 -0.194 -0.087 -0.060 -0.020 -0.088 -0.096 -0.134 -0.187 -0.206 -0.222 -0.234 -0.019 -0.269 -0.243 -0.269 -0.204 -0.187 -0.240 -0.191 -0.092 -0.076 -0.192 -0.023  0.234  0.177  0.157  0.489  0.631  0.425  0.464  0.746  0.862  1.000  0.685  0.430  0.456  0.371  0.373  0.171  0.069  0.078 -0.010  0.020  0.061 -0.007  0.099 -0.006  0.006 -0.026 -0.043 -0.099 -0.166 -0.199 -0.125 -0.054 -0.059 -0.083 -0.144 -0.133 -0.193 -0.145 -0.036 -0.051  0.025  0.088  0.103  0.192  0.136  0.034 -0.245 -0.431 -0.361 -0.327
 -0.147 -0.102 -0.027 -0.130 -0.095 -0.055 -0.041 -0.067 -0.052 -0.077 -0.115 -0.119 -0.170 -0.136 -0.039 -0.232 -0.265 -0.261 -0.157 -0.205 -0.284 -0.278 -0.181 -0.150 -0.278 -0.232  0.024 -0.028 -0.110  0.139  0.361  0.147  0.081  0.335  0.504  0.685  1.000  0.757  0.663  0.531  0.446  0.293  0.154  0.090  0.019  0.058  0.109  0.068  0.130 -0.017 -0.090 -0.138 -0.175 -0.173 -0.179 -0.144 -0.083 -0.063 -0.017 -0.011 -0.065 -0.059 -0.093 -0.049  0.019  0.013  0.035  0.088  0.093  0.212  0.187  0.111 -0.137 -0.338 -0.307 -0.299
 -0.222 -0.173 -0.070 -0.104 -0.057  0.016  0.086  0.078  0.055  0.047  0.073  0.029 -0.028 -0.045 -0.051 -0.257 -0.308 -0.293 -0.241 -0.301 -0.312 -0.219 -0.086 -0.053 -0.140 -0.112  0.086  0.025 -0.050  0.112  0.267  0.130  0.046  0.224  0.341  0.430  0.757  1.000  0.735  0.487  0.505  0.368  0.326  0.228  0.133  0.112  0.166  0.145  0.232  0.091 -0.010 -0.041 -0.139 -0.163 -0.233 -0.208 -0.187 -0.147 -0.068 -0.106 -0.139 -0.126 -0.161 -0.105 -0.052 -0.018  0.016  0.175  0.191  0.232  0.184  0.045 -0.180 -0.398 -0.399 -0.358
 -0.143 -0.063 -0.033 -0.090 -0.051 -0.017  0.024  0.021  0.003 -0.018 -0.043 -0.066 -0.082 -0.064  0.036 -0.173 -0.233 -0.219 -0.143 -0.192 -0.230 -0.200 -0.119 -0.098 -0.151 -0.097  0.080  0.015 -0.085  0.073  0.230  0.049 -0.027  0.191  0.336  0.456  0.663  0.735  1.000  0.664  0.613  0.486  0.309  0.197  0.061  0.053  0.141  0.079  0.167  0.025 -0.078 -0.109 -0.150 -0.150 -0.171 -0.131 -0.091 -0.084 -0.032 -0.038 -0.084 -0.092 -0.095 -0.027 -0.041 -0.018  0.020  0.135  0.187  0.312  0.301  0.159 -0.078 -0.387 -0.401 -0.430
 -0.179 -0.137 -0.111 -0.123 -0.008  0.044  0.058 -0.012 -0.033 -0.058 -0.076 -0.055 -0.099 -0.137 -0.083 -0.206 -0.249 -0.262 -0.157 -0.179 -0.212 -0.151 -0.044 -0.009 -0.098 -0.082  0.085  0.042 -0.029  0.085  0.178  0.034 -0.006  0.132  0.233  0.371  0.531  0.487  0.664  1.000  0.787  0.617  0.362  0.214  0.055 -0.020  0.047  0.056  0.190  0.103  0.018 -0.017 -0.064 -0.081 -0.136 -0.131 -0.107 -0.066 -0.014 -0.062 -0.100 -0.150 -0.181 -0.126 -0.092 -0.039  0.061  0.180  0.310  0.487  0.576  0.551  0.095 -0.271 -0.438 -0.505
 -0.288 -0.245 -0.197 -0.164  0.047  0.121  0.199  0.139  0.063  0.042  0.011 -0.019 -0.059 -0.169 -0.131 -0.292 -0.336 -0.350 -0.282 -0.270 -0.247 -0.109  0.031  0.075 -0.004  0.037  0.208  0.163  0.101  0.213  0.272  0.158  0.113  0.207  0.284  0.373  0.446  0.505  0.613  0.787  1.000  0.811  0.564  0.372  0.154  0.011  0.074  0.084  0.274  0.222  0.135  0.096  0.002 -0.050 -0.179 -0.222 -0.219 -0.132 -0.077 -0.164 -0.214 -0.256 -0.292 -0.226 -0.178 -0.067  0.109  0.340  0.501  0.591  0.581  0.453 -0.027 -0.391 -0.568 -0.590
 -0.236 -0.197 -0.207 -0.117  0.098  0.160  0.223  0.179  0.103  0.093  0.066  0.036  0.005 -0.115 -0.138 -0.214 -0.273 -0.281 -0.222 -0.218 -0.195 -0.089  0.016  0.043  0.005  0.016  0.112  0.086  0.054  0.083  0.112  0.062  0.017  0.052  0.114  0.171  0.293  0.368  0.486  0.617  0.811  1.000  0.734  0.456  0.180 -0.048  0.001  0.037  0.256  0.253  0.147  0.073 -0.001 -0.025 -0.126 -0.158 -0.164 -0.099 -0.042 -0.120 -0.184 -0.247 -0.262 -0.205 -0.201 -0.063  0.137  0.384  0.568  0.662  0.554  0.460 -0.011 -0.322 -0.492 -0.530
 -0.289 -0.247 -0.241 -0.108  0.100  0.173  0.273  0.260  0.156  0.150  0.121  0.070  0.027 -0.111 -0.161 -0.234 -0.298 -0.307 -0.308 -0.282 -0.202 -0.023  0.114  0.127  0.090  0.107  0.178  0.136  0.113  0.100  0.082  0.074  0.037  0.038  0.060  0.069  0.154  0.326  0.309  0.362  0.564  0.734  1.000  0.723  0.378  0.044  0.093  0.129  0.381  0.395  0.274  0.181  0.075  0.023 -0.148 -0.218 -0.245 -0.148 -0.087 -0.197 -0.241 -0.276 -0.289 -0.228 -0.209 -0.035  0.209  0.514  0.571  0.486  0.334  0.214 -0.090 -0.339 -0.483 -0.464
 -0.283 -0.237 -0.206 -0.102  0.075  0.145  0.242  0.208  0.103  0.098  0.081  0.031 -0.009 -0.130 -0.152 -0.238 -0.280 -0.303 -0.325 -0.294 -0.216 -0.049  0.070  0.111  0.064  0.090  0.179  0.136  0.082  0.094  0.099  0.080  0.040  0.058  0.080  0.078  0.090  0.228  0.197  0.214  0.372  0.456  0.723  1.000  0.688  0.294  0.362  0.376  0.470  0.349  0.237  0.163  0.071 -0.014 -0.194 -0.267 -0.298 -0.219 -0.155 -0.243 -0.246 -0.224 -0.241 -0.190 -0.161 -0.009  0.235  0.527  0.482  0.367  0.213  0.079 -0.143 -0.312 -0.422 -0.404
 -0.256 -0.245 -0.208 -0.123  0.023  0.076  0.149  0.155  0.084  0.093  0.077  0.034  0.013 -0.093 -0.181 -0.209 -0.240 -0.271 -0.306 -0.271 -0.185 -0.037  0.058  0.114  0.062  0.052  0.123  0.079  0.009  0.016  0.037  0.025 -0.016 -0.024 -0.005 -0.010  0.019  0.133  0.061  0.055  0.154  0.180  0.378  0.688  1.000  0.615  0.447  0.449  0.333  0.316  0.237  0.172  0.057 -0.029 -0.177 -0.239 -0.304 -0.245 -0.177 -0.234 -0.200 -0.143 -0.186 -0.176 -0.130  0.014  0.176  0.332  0.271  0.136  0.045 -0.044 -0.163 -0.187 -0.239 -0.224
 -0.178 -0.172 -0.132 -0.115 -0.036 -0.017  0.035  0.038  0.017  0.032  0.040  0.005  0.025 -0.017 -0.042 -0.107 -0.114 -0.149 -0.198 -0.170 -0.115 -0.045  0.015  0.094  0.028 -0.009  0.088  0.060 -0.066 -0.029  0.057  0.005 -0.056 -0.025  0.021  0.020  0.058  0.112  0.053 -0.020  0.011 -0.048  0.044  0.294  0.615  1.000  0.706  0.518  0.226  0.115  0.103  0.122  0.052 -0.053 -0.138 -0.189 -0.233 -0.215 -0.184 -0.197 -0.158 -0.079 -0.115 -0.129 -0.133 -0.090  0.001  0.087  0.066 -0.047 -0.095 -0.168 -0.220 -0.147 -0.127 -0.117
 -0.183 -0.161 -0.096 -0.119 -0.046 -0.046  0.002 -0.026 -0.038 -0.021  0.011 -0.016  0.013 -0.005  0.030 -0.095 -0.095 -0.125 -0.167 -0.156 -0.117 -0.055  0.025  0.092  0.002 -0.020  0.102  0.057 -0.087 -0.032  0.063 -0.021 -0.080 -0.012  0.044  0.061  0.109  0.166  0.141  0.047  0.074  0.001  0.093  0.362  0.447  0.706  1.000  0.709  0.400  0.097  0.036  0.090  0.050 -0.046 -0.128 -0.173 -0.206 -0.194 -0.161 -0.171 -0.145 -0.072 -0.094 -0.096 -0.116 -0.121 -0.048  0.073  0.081 -0.015 -0.058 -0.162 -0.218 -0.183 -0.187 -0.176
 -0.224 -0.225 -0.152 -0.092  0.004  0.027  0.075  0.053  0.063  0.096  0.141  0.109  0.105  0.047 -0.038 -0.094 -0.114 -0.191 -0.251 -0.235 -0.142 -0.024  0.092  0.174  0.059  0.014  0.121  0.063 -0.063 -0.024  0.031 -0.029 -0.082 -0.071 -0.025 -0.007  0.068  0.145  0.079  0.056  0.084  0.037  0.129  0.376  0.449  0.518  0.709  1.000  0.658  0.344  0.162  0.199  0.065 -0.040 -0.155 -0.220 -0.303 -0.262 -0.201 -0.257 -0.225 -0.147 -0.171 -0.167 -0.169 -0.105 -0.054  0.065  0.110  0.034 -0.023 -0.095 -0.197 -0.160 -0.227 -0.224
 -0.281 -0.267 -0.164 -0.143  0.004  0.040  0.133  0.072  0.055  0.067  0.093  0.049  0.020 -0.058 -0.080 -0.181 -0.202 -0.252 -0.264 -0.241 -0.155  0.023  0.192  0.202  0.083  0.072  0.187  0.127  0.030  0.077  0.106  0.045  0.031  0.049  0.076  0.099  0.130  0.232  0.167  0.190  0.274  0.256  0.381  0.470  0.333  0.226  0.400  0.658  1.000  0.623  0.344  0.290  0.130  0.076 -0.093 -0.176 -0.235 -0.131 -0.065 -0.189 -0.207 -0.208 -0.263 -0.243 -0.198 -0.120  0.010  0.185  0.260  0.198  0.124  0.005 -0.206 -0.304 -0.388 -0.369
 -0.335 -0.347 -0.265 -0.183  0.011  0.074  0.158  0.156  0.125  0.124  0.111  0.046  0.009 -0.134 -0.237 -0.237 -0.245 -0.304 -0.299 -0.222 -0.082  0.176  0.356  0.347  0.210  0.155  0.215  0.182  0.106  0.080  0.073  0.075  0.054 -0.010 -0.001 -0.006 -0.017  0.091  0.025  0.103  0.222  0.253  0.395  0.349  0.316  0.115  0.097  0.344  0.623  1.000  0.738  0.532  0.276  0.255  0.024 -0.092 -0.195 -0.028  0.047 -0.148 -0.170 -0.229 -0.331 -0.326 -0.237 -0.097  0.058  0.196  0.262  0.208  0.147  0.068 -0.117 -0.249 -0.390 -0.356
 -0.340 -0.393 -0.292 -0.229  0.011  0.076  0.165  0.157  0.114  0.112  0.077  0.001 -0.021 -0.183 -0.265 -0.231 -0.183 -0.231 -0.217 -0.081  0.081  0.366  0.516  0.520  0.359  0.249  0.308  0.308  0.207  0.148  0.124  0.126  0.109  0.032  0.034  0.006 -0.090 -0.010 -0.078  0.018  0.135  0.147  0.274  0.237  0.237  0.103  0.036  0.162  0.344  0.738  1.000  0.784  0.555  0.502  0.224  0.041 -0.086  0.118  0.120 -0.103 -0.141 -0.225 -0.368 -0.391 -0.261 -0.123  0.062  0.190  0.239  0.162  0.110  0.018 -0.153 -0.319 -0.461 -0.403
 -0.307 -0.386 -0.319 -0.252 -0.016  0.040  0.153  0.160  0.122  0.129  0.099  0.017  0.015 -0.127 -0.209 -0.156 -0.085 -0.128 -0.164  0.006  0.230  0.547  0.681  0.724  0.561  0.400  0.437  0.420  0.270  0.174  0.126  0.094  0.081 -0.003  0.006 -0.026 -0.138 -0.041 -0.109 -0.017  0.096  0.073  0.181  0.163  0.172  0.122  0.090  0.199  0.290  0.532  0.784  1.000  0.749  0.590  0.299  0.055 -0.112  0.070 -0.012 -0.217 -0.226 -0.258 -0.373 -0.393 -0.323 -0.202 -0.032  0.109  0.191  0.112  0.073 -0.020 -0.192 -0.354 -0.482 -0.427
 -0.219 -0.298 -0.265 -0.268 -0.073 -0.057  0.037  0.034  0.009  0.007 -0.024 -0.090 -0.085 -0.182 -0.176 -0.100  0.010  0.020  0.025  0.211  0.375  0.601  0.579  0.615  0.490  0.342  0.347  0.348  0.228  0.129  0.077  0.042  0.040 -0.023 -0.022 -0.043 -0.175 -0.139 -0.150 -0.064  0.002 -0.001  0.075  0.071  0.057  0.052  0.050  0.065  0.130  0.276  0.555  0.749  1.000  0.767  0.494  0.249  0.120  0.255  0.106 -0.053 -0.079 -0.153 -0.276 -0.322 -0.269 -0.221 -0.066  0.001  0.084  0.035  0.029 -0.052 -0.121 -0.282 -0.381 -0.330
 -0.164 -0.255 -0.254 -0.302 -0.141 -0.133 -0.045 -0.039 -0.048 -0.053 -0.089 -0.170 -0.160 -0.253 -0.223 -0.104  0.036  0.096  0.169  0.358  0.486  0.653  0.543  0.473  0.381  0.221  0.183  0.219  0.121  0.008 -0.008 -0.019 -0.024 -0.087 -0.082 -0.099 -0.173 -0.163 -0.150 -0.081 -0.050 -0.025  0.023 -0.014 -0.029 -0.053 -0.046 -0.040  0.076  0.255  0.502  0.590  0.767  1.000  0.741  0.465  0.327  0.471  0.270  0.094  0.039 -0.105 -0.234 -0.298 -0.247 -0.242 -0.098 -0.070  0.004 -0.011  0.015 -0.038 -0.000 -0.163 -0.295 -0.245
 -0.020 -0.116 -0.155 -0.257 -0.197 -0.215 -0.199 -0.193 -0.155 -0.163 -0.179 -0.215 -0.182 -0.199 -0.137  0.029  0.186  0.301  0.451  0.598  0.617  0.573  0.355  0.271  0.245  0.059 -0.016  0.032 -0.076 -0.189 -0.171 -0.188 -0.188 -0.208 -0.185 -0.166 -0.179 -0.233 -0.171 -0.136 -0.179 -0.126 -0.148 -0.194 -0.177 -0.138 -0.128 -0.155 -0.093  0.024  0.224  0.299  0.494  0.741  1.000  0.757  0.603  0.627  0.387  0.300  0.231  0.043 -0.093 -0.183 -0.145 -0.229 -0.185 -0.228 -0.162 -0.107 -0.057 -0.070  0.032  0.002 -0.030 -0.018
  0.072  0.022 -0.042 -0.183 -0.221 -0.254 -0.291 -0.260 -0.195 -0.205 -0.204 -0.210 -0.171 -0.139 -0.046  0.089  0.201  0.337  0.551  0.555  0.468  0.336  0.151  0.047  0.056 -0.063 -0.150 -0.119 -0.201 -0.281 -0.236 -0.254 -0.269 -0.257 -0.230 -0.199 -0.144 -0.208 -0.131 -0.131 -0.222 -0.158 -0.218 -0.267 -0.239 -0.189 -0.173 -0.220 -0.176 -0.092  0.041  0.055  0.249  0.465  0.757  1.000  0.771  0.638  0.533  0.513  0.476  0.189  0.052 -0.050 -0.034 -0.178 -0.219 -0.301 -0.264 -0.176 -0.104 -0.083  0.071  0.112  0.125  0.116
  0.112  0.070  0.020 -0.166 -0.254 -0.306 -0.336 -0.333 -0.272 -0.293 -0.294 -0.294 -0.248 -0.180 -0.022  0.046  0.160  0.358  0.599  0.601  0.403  0.203 -0.022 -0.125 -0.090 -0.167 -0.256 -0.202 -0.240 -0.288 -0.210 -0.221 -0.234 -0.187 -0.158 -0.125 -0.083 -0.187 -0.091 -0.107 -0.219 -0.164 -0.245 -0.298 -0.304 -0.233 -0.206 -0.303 -0.235 -0.195 -0.086 -0.112  0.120  0.327  0.603  0.771  1.000  0.803  0.597  0.656  0.490  0.233  0.115  0.027  0.056 -0.122 -0.181 -0.305 -0.300 -0.196 -0.098 -0.074  0.123  0.158  0.218  0.204
 -0.026 -0.086 -0.053 -0.219 -0.221 -0.249 -0.242 -0.262 -0.228 -0.250 -0.256 -0.287 -0.264 -0.270 -0.139 -0.101  0.026  0.202  0.411  0.472  0.320  0.239  0.077 -0.019 -0.050 -0.118 -0.166 -0.117 -0.140 -0.171 -0.105 -0.098 -0.103 -0.095 -0.075 -0.054 -0.063 -0.147 -0.084 -0.066 -0.132 -0.099 -0.148 -0.219 -0.245 -0.215 -0.194 -0.262 -0.131 -0.028  0.118  0.070  0.255  0.471  0.627  0.638  0.803  1.000  0.765  0.631  0.407  0.152  0.005 -0.080  0.011 -0.133 -0.120 -0.212 -0.188 -0.119 -0.033 -0.045  0.077  0.058  0.056  0.065
 -0.066 -0.065 -0.005 -0.138 -0.172 -0.195 -0.210 -0.228 -0.186 -0.207 -0.190 -0.211 -0.208 -0.221 -0.124 -0.157 -0.089  0.056  0.245  0.269  0.101  0.042 -0.030 -0.109 -0.158 -0.181 -0.196 -0.169 -0.175 -0.165 -0.087 -0.073 -0.100 -0.094 -0.074 -0.059 -0.017 -0.068 -0.032 -0.014 -0.077 -0.042 -0.087 -0.155 -0.177 -0.184 -0.161 -0.201 -0.065  0.047  0.120 -0.012  0.106  0.270  0.387  0.533  0.597  0.765  1.000  0.744  0.572  0.237  0.079 -0.018  0.084 -0.058 -0.079 -0.164 -0.155 -0.081 -0.005 -0.020  0.060  0.062  0.050  0.051
  0.041  0.064  0.075 -0.095 -0.192 -0.238 -0.311 -0.298 -0.242 -0.265 -0.252 -0.241 -0.217 -0.175 -0.042 -0.089 -0.038  0.126  0.328  0.320  0.098 -0.052 -0.170 -0.256 -0.253 -0.246 -0.303 -0.280 -0.252 -0.242 -0.160 -0.149 -0.171 -0.134 -0.108 -0.083 -0.011 -0.106 -0.038 -0.062 -0.164 -0.120 -0.197 -0.243 -0.234 -0.197 -0.171 -0.257 -0.189 -0.148 -0.103 -0.217 -0.053  0.094  0.300  0.513  0.656  0.631  0.744  1.000  0.736  0.376  0.218  0.111  0.178 -0.008 -0.091 -0.233 -0.260 -0.189 -0.100 -0.066  0.096  0.193  0.242  0.226
  0.132  0.179  0.167 -0.037 -0.193 -0.252 -0.322 -0.293 -0.238 -0.265 -0.267 -0.243 -0.211 -0.126  0.036  0.004  0.023  0.127  0.278  0.241  0.066 -0.069 -0.183 -0.243 -0.237 -0.247 -0.291 -0.266 -0.280 -0.279 -0.188 -0.191 -0.218 -0.179 -0.160 -0.144 -0.065 -0.139 -0.084 -0.100 -0.214 -0.184 -0.241 -0.246 -0.200 -0.158 -0.145 -0.225 -0.207 -0.170 -0.141 -0.226 -0.079  0.039  0.231  0.476  0.490  0.407  0.572  0.736  1.000  0.662  0.412  0.236  0.304  0.054 -0.074 -0.230 -0.290 -0.219 -0.128 -0.092  0.111  0.203  0.270  0.260
  0.299  0.285  0.247  0.023 -0.224 -0.293 -0.271 -0.230 -0.190 -0.220 -0.275 -0.252 -0.212 -0.046  0.106  0.142  0.112  0.154  0.183  0.103 -0.008 -0.125 -0.222 -0.246 -0.227 -0.245 -0.260 -0.253 -0.330 -0.312 -0.212 -0.240 -0.249 -0.195 -0.163 -0.133 -0.059 -0.126 -0.092 -0.150 -0.256 -0.247 -0.276 -0.224 -0.143 -0.079 -0.072 -0.147 -0.208 -0.229 -0.225 -0.258 -0.153 -0.105  0.043  0.189  0.233  0.152  0.237  0.376  0.662  1.000  0.663  0.378  0.394  0.115 -0.073 -0.223 -0.308 -0.242 -0.157 -0.130  0.083  0.213  0.342  0.325
  0.518  0.547  0.392  0.171 -0.214 -0.300 -0.297 -0.231 -0.200 -0.232 -0.279 -0.234 -0.180  0.056  0.234  0.338  0.261  0.255  0.159  0.048 -0.027 -0.188 -0.302 -0.331 -0.253 -0.260 -0.309 -0.304 -0.330 -0.330 -0.272 -0.284 -0.275 -0.220 -0.220 -0.193 -0.093 -0.161 -0.095 -0.181 -0.292 -0.262 -0.289 -0.241 -0.186 -0.115 -0.094 -0.171 -0.263 -0.331 -0.368 -0.373 -0.276 -0.234 -0.093  0.052  0.115  0.005  0.079  0.218  0.412  0.663  1.000  0.741  0.491  0.218 -0.062 -0.218 -0.347 -0.258 -0.179 -0.108  0.178  0.274  0.404  0.386
  0.421  0.611  0.461  0.343 -0.093 -0.210 -0.269 -0.232 -0.226 -0.246 -0.236 -0.143 -0.105  0.145  0.332  0.290  0.165  0.171  0.084 -0.038 -0.104 -0.250 -0.335 -0.359 -0.271 -0.235 -0.271 -0.268 -0.274 -0.281 -0.221 -0.231 -0.227 -0.139 -0.155 -0.145 -0.049 -0.105 -0.027 -0.126 -0.226 -0.205 -0.228 -0.190 -0.176 -0.129 -0.096 -0.167 -0.243 -0.326 -0.391 -0.393 -0.322 -0.298 -0.183 -0.050  0.027 -0.080 -0.018  0.111  0.236  0.378  0.741  1.000  0.680  0.396  0.067 -0.132 -0.297 -0.224 -0.164 -0.104  0.167  0.203  0.369  0.349
  0.164  0.296  0.420  0.370  0.071 -0.043 -0.193 -0.248 -0.254 -0.264 -0.191 -0.091 -0.084  0.061  0.196  0.007 -0.015 -0.011  0.022 -0.070 -0.196 -0.313 -0.347 -0.361 -0.364 -0.311 -0.286 -0.280 -0.266 -0.189 -0.104 -0.116 -0.113 -0.040 -0.047 -0.036  0.019 -0.052 -0.041 -0.092 -0.178 -0.201 -0.209 -0.161 -0.130 -0.133 -0.116 -0.169 -0.198 -0.237 -0.261 -0.323 -0.269 -0.247 -0.145 -0.034  0.056  0.011  0.084  0.178  0.304  0.394  0.491  0.680  1.000  0.630  0.307 -0.011 -0.200 -0.190 -0.144 -0.102  0.071  0.153  0.318  0.302
  0.015  0.142  0.265  0.498  0.294  0.249  0.044 -0.020 -0.079 -0.070 -0.011  0.085  0.037  0.095  0.071 -0.061 -0.088 -0.126 -0.121 -0.176 -0.244 -0.285 -0.272 -0.241 -0.253 -0.207 -0.174 -0.179 -0.146 -0.109 -0.077 -0.077 -0.074 -0.039 -0.058 -0.051  0.013 -0.018 -0.018 -0.039 -0.067 -0.063 -0.035 -0.009  0.014 -0.090 -0.121 -0.105 -0.120 -0.097 -0.123 -0.202 -0.221 -0.242 -0.229 -0.178 -0.122 -0.133 -0.058 -0.008  0.054  0.115  0.218  0.396  0.630  1.000  0.645  0.226  0.014 -0.040 -0.046 -0.034  0.035  0.062  0.135  0.118
 -0.153 -0.047  0.078  0.312  0.423  0.367  0.199  0.109 -0.017 -0.016  0.009  0.063  0.020 -0.059 -0.070 -0.209 -0.225 -0.248 -0.233 -0.202 -0.233 -0.185 -0.143 -0.096 -0.140 -0.110 -0.045 -0.035  0.002  0.031  0.037  0.050  0.051  0.045  0.034  0.025  0.035  0.016  0.020  0.061  0.109  0.137  0.209  0.235  0.176  0.001 -0.048 -0.054  0.010  0.058  0.062 -0.032 -0.066 -0.098 -0.185 -0.219 -0.181 -0.120 -0.079 -0.091 -0.074 -0.073 -0.062  0.067  0.307  0.645  1.000  0.577  0.331  0.183  0.104  0.065  0.003 -0.087 -0.116 -0.110
 -0.277 -0.218 -0.152  0.052  0.319  0.423  0.443  0.372  0.179  0.187  0.144  0.102  0.044 -0.121 -0.178 -0.270 -0.307 -0.343 -0.356 -0.306 -0.261 -0.121 -0.009  0.042 -0.006  0.014  0.102  0.080  0.087  0.118  0.100  0.099  0.095  0.090  0.101  0.088  0.088  0.175  0.135  0.180  0.340  0.384  0.514  0.527  0.332  0.087  0.073  0.065  0.185  0.196  0.190  0.109  0.001 -0.070 -0.228 -0.301 -0.305 -0.212 -0.164 -0.233 -0.230 -0.223 -0.218 -0.132 -0.011  0.226  0.577  1.000  0.720  0.446  0.258  0.129 -0.109 -0.234 -0.380 -0.366
 -0.346 -0.317 -0.240 -0.036  0.346  0.461  0.554  0.424  0.229  0.256  0.218  0.166  0.118 -0.089 -0.189 -0.256 -0.286 -0.339 -0.340 -0.274 -0.193 -0.036  0.084  0.152  0.092  0.078  0.178  0.161  0.112  0.128  0.123  0.085  0.056  0.051  0.092  0.103  0.093  0.191  0.187  0.310  0.501  0.568  0.571  0.482  0.271  0.066  0.081  0.110  0.260  0.262  0.239  0.191  0.084  0.004 -0.162 -0.264 -0.300 -0.188 -0.155 -0.260 -0.290 -0.308 -0.347 -0.297 -0.200  0.014  0.331  0.720  1.000  0.690  0.438  0.256 -0.176 -0.302 -0.482 -0.505
 -0.231 -0.217 -0.203 -0.084  0.170  0.285  0.377  0.258  0.131  0.138  0.111  0.075  0.020 -0.106 -0.160 -0.182 -0.214 -0.266 -0.219 -0.195 -0.153 -0.044  0.045  0.088  0.029  0.003  0.114  0.101  0.037  0.061  0.090  0.028 -0.003  0.050  0.126  0.192  0.212  0.232  0.312  0.487  0.591  0.662  0.486  0.367  0.136 -0.047 -0.015  0.034  0.198  0.208  0.162  0.112  0.035 -0.011 -0.107 -0.176 -0.196 -0.119 -0.081 -0.189 -0.219 -0.242 -0.258 -0.224 -0.190 -0.040  0.183  0.446  0.690  1.000  0.781  0.556  0.019 -0.260 -0.482 -0.560
 -0.145 -0.149 -0.162 -0.092  0.054  0.136  0.226  0.108  0.009  0.007 -0.014 -0.031 -0.066 -0.162 -0.175 -0.168 -0.185 -0.199 -0.131 -0.113 -0.110 -0.025  0.037  0.059  0.026 -0.014  0.059  0.080  0.030  0.006  0.031  0.001 -0.029 -0.007  0.060  0.136  0.187  0.184  0.301  0.576  0.581  0.554  0.334  0.213  0.045 -0.095 -0.058 -0.023  0.124  0.147  0.110  0.073  0.029  0.015 -0.057 -0.104 -0.098 -0.033 -0.005 -0.100 -0.128 -0.157 -0.179 -0.164 -0.144 -0.046  0.104  0.258  0.438  0.781  1.000  0.767  0.244 -0.121 -0.405 -0.504
 -0.036 -0.063 -0.115 -0.054  0.024  0.073  0.093  0.019 -0.030 -0.041 -0.057 -0.047 -0.073 -0.128 -0.172 -0.098 -0.127 -0.155 -0.082 -0.080 -0.100 -0.074 -0.030 -0.021 -0.042 -0.070 -0.046 -0.017  0.009 -0.031 -0.046 -0.019 -0.026 -0.068 -0.032  0.034  0.111  0.045  0.159  0.551  0.453  0.460  0.214  0.079 -0.044 -0.168 -0.162 -0.095  0.005  0.068  0.018 -0.020 -0.052 -0.038 -0.070 -0.083 -0.074 -0.045 -0.020 -0.066 -0.092 -0.130 -0.108 -0.104 -0.102 -0.034  0.065  0.129  0.256  0.556  0.767  1.000  0.486  0.133 -0.238 -0.355
  0.246  0.228  0.055  0.039 -0.123 -0.167 -0.222 -0.179 -0.174 -0.206 -0.196 -0.179 -0.180 -0.121 -0.090  0.064  0.016  0.070  0.129  0.116  0.034 -0.034 -0.119 -0.186 -0.089 -0.100 -0.260 -0.200 -0.048 -0.195 -0.296 -0.128 -0.079 -0.203 -0.268 -0.245 -0.137 -0.180 -0.078  0.095 -0.027 -0.011 -0.090 -0.143 -0.163 -0.220 -0.218 -0.197 -0.206 -0.117 -0.153 -0.192 -0.121 -0.000  0.032  0.071  0.123  0.077  0.060  0.096  0.111  0.083  0.178  0.167  0.071  0.035  0.003 -0.109 -0.176  0.019  0.244  0.486  1.000  0.508  0.111  0.071
  0.249  0.182  0.083  0.126 -0.042 -0.078 -0.225 -0.173 -0.124 -0.125 -0.073 -0.030 -0.032  0.060 -0.088  0.149  0.155  0.174  0.224  0.157  0.032 -0.147 -0.252 -0.316 -0.223 -0.234 -0.429 -0.394 -0.239 -0.352 -0.440 -0.269 -0.247 -0.386 -0.447 -0.431 -0.338 -0.398 -0.387 -0.271 -0.391 -0.322 -0.339 -0.312 -0.187 -0.147 -0.183 -0.160 -0.304 -0.249 -0.319 -0.354 -0.282 -0.163  0.002  0.112  0.158  0.058  0.062  0.193  0.203  0.213  0.274  0.203  0.153  0.062 -0.087 -0.234 -0.302 -0.260 -0.121  0.133  0.508  1.000  0.610  0.426
  0.358  0.351  0.297  0.212 -0.081 -0.179 -0.364 -0.346 -0.254 -0.263 -0.177 -0.051 -0.020  0.157  0.147  0.235  0.235  0.289  0.305  0.205  0.041 -0.217 -0.361 -0.438 -0.313 -0.272 -0.464 -0.442 -0.296 -0.352 -0.397 -0.282 -0.243 -0.294 -0.350 -0.361 -0.307 -0.399 -0.401 -0.438 -0.568 -0.492 -0.483 -0.422 -0.239 -0.127 -0.187 -0.227 -0.388 -0.390 -0.461 -0.482 -0.381 -0.295 -0.030  0.125  0.218  0.056  0.050  0.242  0.270  0.342  0.404  0.369  0.318  0.135 -0.116 -0.380 -0.482 -0.482 -0.405 -0.238  0.111  0.610  1.000  0.787
