  1.000  0.792  0.538  0.229 -0.197 -0.285 -0.340 -0.255 -0.266 -0.103 -0.161 -0.116 -0.053  0.260  0.339  0.639  0.642  0.633  0.472  0.316  0.227 -0.143 -0.367 -0.411 -0.265 -0.324 -0.489 -0.453 -0.374 -0.445 -0.472 -0.381 -0.309 -0.340 -0.413 -0.445 -0.451 -0.474 -0.415 -0.460 -0.524 -0.463 -0.496 -0.459 -0.326 -0.230 -0.319 -0.369 -0.486 -0.490 -0.513 -0.475 -0.386 -0.307 -0.049  0.135  0.226  0.002 -0.035  0.180  0.263  0.449  0.622  0.536  0.316  0.052 -0.219 -0.389 -0.476 -0.432 -0.299 -0.105  0.163  0.484  0.528  0.502
  0.792  1.000  0.710  0.424 -0.003 -0.130 -0.241 -0.241 -0.244 -0.022 -0.042  0.049  0.111  0.423  0.501  0.642  0.495  0.465  0.307  0.138  0.044 -0.302 -0.436 -0.460 -0.336 -0.321 -0.443 -0.421 -0.311 -0.345 -0.392 -0.306 -0.219 -0.242 -0.325 -0.367 -0.403 -0.439 -0.394 -0.423 -0.468 -0.412 -0.424 -0.381 -0.253 -0.186 -0.272 -0.321 -0.433 -0.462 -0.536 -0.521 -0.486 -0.444 -0.216  0.011  0.086 -0.140 -0.111  0.110  0.245  0.429  0.617  0.636  0.403  0.186 -0.085 -0.272 -0.380 -0.357 -0.270 -0.085  0.126  0.389  0.431  0.412
  0.538  0.710  1.000  0.675  0.246  0.132 -0.064 -0.113 -0.122 -0.074  0.005  0.154  0.232  0.503  0.520  0.459  0.345  0.241  0.128 -0.037 -0.104 -0.352 -0.397 -0.409 -0.371 -0.312 -0.355 -0.376 -0.285 -0.258 -0.311 -0.267 -0.174 -0.181 -0.264 -0.291 -0.324 -0.336 -0.290 -0.282 -0.292 -0.240 -0.249 -0.189 -0.105 -0.090 -0.136 -0.186 -0.272 -0.325 -0.402 -0.425 -0.419 -0.390 -0.254 -0.061  0.004 -0.125 -0.047  0.099  0.210  0.334  0.507  0.595  0.495  0.401  0.184 -0.030 -0.147 -0.161 -0.102 -0.021  0.115  0.182  0.198  0.187
  0.229  0.424  0.675  1.000  0.660  0.512  0.221  0.023  0.036  0.114  0.282  0.469  0.498  0.607  0.446  0.263  0.089 -0.058 -0.150 -0.319 -0.350 -0.473 -0.363 -0.344 -0.361 -0.227 -0.182 -0.235 -0.133 -0.027 -0.097 -0.095  0.007  0.032 -0.051 -0.081 -0.153 -0.179 -0.152 -0.093 -0.056 -0.027  0.004  0.066  0.088  0.034  0.009 -0.013 -0.067 -0.171 -0.299 -0.349 -0.439 -0.470 -0.435 -0.254 -0.238 -0.306 -0.167 -0.078  0.040  0.124  0.295  0.505  0.507  0.654  0.492  0.288  0.159  0.092  0.060  0.063  0.054 -0.108 -0.112 -0.112
 -0.197 -0.003  0.246  0.660  1.000  0.820  0.518  0.239  0.195  0.197  0.418  0.562  0.609  0.411  0.271 -0.031 -0.183 -0.347 -0.402 -0.476 -0.419 -0.322 -0.093 -0.032 -0.128  0.017  0.159  0.094  0.135  0.273  0.220  0.165  0.212  0.243  0.219  0.205  0.139  0.114  0.085  0.184  0.271  0.254  0.325  0.359  0.278  0.163  0.194  0.197  0.226  0.117  0.027 -0.018 -0.160 -0.265 -0.395 -0.370 -0.426 -0.374 -0.248 -0.286 -0.212 -0.206 -0.136  0.068  0.186  0.491  0.639  0.572  0.524  0.375  0.219  0.064 -0.111 -0.441 -0.468 -0.450
 -0.285 -0.130  0.132  0.512  0.820  1.000  0.650  0.376  0.297  0.175  0.393  0.513  0.501  0.289  0.134 -0.127 -0.254 -0.409 -0.432 -0.491 -0.416 -0.269 -0.029  0.016 -0.095  0.039  0.188  0.108  0.130  0.279  0.234  0.157  0.200  0.250  0.232  0.241  0.188  0.173  0.155  0.268  0.368  0.344  0.403  0.443  0.336  0.197  0.243  0.240  0.285  0.183  0.103  0.049 -0.095 -0.189 -0.346 -0.340 -0.410 -0.325 -0.194 -0.266 -0.210 -0.231 -0.183  0.005  0.152  0.486  0.630  0.667  0.625  0.477  0.308  0.102 -0.108 -0.518 -0.560 -0.541
 -0.340 -0.241 -0.064  0.221  0.518  0.650  1.000  0.711  0.515  0.096  0.279  0.324  0.342  0.134  0.016 -0.185 -0.269 -0.385 -0.396 -0.407 -0.306 -0.146  0.052  0.100  0.007  0.107  0.248  0.190  0.166  0.270  0.256  0.175  0.163  0.199  0.232  0.252  0.239  0.278  0.271  0.304  0.423  0.403  0.432  0.426  0.287  0.163  0.223  0.202  0.257  0.184  0.127  0.099 -0.008 -0.095 -0.257 -0.304 -0.371 -0.272 -0.187 -0.284 -0.266 -0.293 -0.287 -0.173 -0.062  0.197  0.382  0.599  0.582  0.442  0.239  0.045 -0.212 -0.528 -0.546 -0.518
 -0.255 -0.241 -0.113  0.023  0.239  0.376  0.711  1.000  0.695 -0.016  0.121  0.097  0.063 -0.065 -0.123 -0.189 -0.198 -0.238 -0.214 -0.197 -0.141 -0.031  0.050  0.071 -0.001  0.024  0.118  0.075  0.028  0.091  0.105  0.041  0.023  0.053  0.090  0.135  0.165  0.210  0.205  0.192  0.274  0.264  0.284  0.296  0.201  0.117  0.160  0.130  0.158  0.126  0.124  0.098  0.072  0.041 -0.068 -0.135 -0.164 -0.078 -0.050 -0.131 -0.152 -0.186 -0.216 -0.175 -0.073  0.071  0.238  0.436  0.401  0.261  0.159 -0.009 -0.133 -0.406 -0.421 -0.392
 -0.266 -0.244 -0.122  0.036  0.195  0.297  0.515  0.695  1.000  0.227  0.293  0.256  0.149  0.021 -0.052 -0.135 -0.218 -0.281 -0.268 -0.244 -0.184 -0.054  0.054  0.088  0.027  0.060  0.158  0.119  0.066  0.109  0.125  0.064  0.031  0.051  0.087  0.117  0.160  0.237  0.235  0.187  0.267  0.273  0.266  0.238  0.136  0.072  0.111  0.110  0.167  0.131  0.111  0.090  0.041 -0.005 -0.123 -0.202 -0.221 -0.126 -0.104 -0.184 -0.231 -0.248 -0.242 -0.179 -0.129  0.045  0.170  0.319  0.312  0.215  0.093 -0.009 -0.134 -0.410 -0.414 -0.379
 -0.103 -0.022 -0.074  0.114  0.197  0.175  0.096 -0.016  0.227  1.000  0.657  0.424  0.248  0.150  0.068  0.014 -0.092 -0.143 -0.192 -0.212 -0.183 -0.163 -0.071 -0.026 -0.030  0.016  0.067  0.061  0.085  0.119  0.104  0.091  0.121  0.156  0.130  0.094  0.046  0.034  0.027  0.008  0.026  0.015  0.046  0.018 -0.026 -0.036 -0.036  0.024  0.063  0.004 -0.045 -0.044 -0.131 -0.196 -0.234 -0.225 -0.239 -0.251 -0.219 -0.217 -0.186 -0.152 -0.115 -0.050 -0.082  0.045  0.026  0.012  0.032  0.017 -0.045 -0.011 -0.126 -0.144 -0.147 -0.145
 -0.161 -0.042  0.005  0.282  0.418  0.393  0.279  0.121  0.293  0.657  1.000  0.755  0.567  0.367  0.183  0.009 -0.130 -0.254 -0.307 -0.357 -0.312 -0.261 -0.091 -0.028 -0.065  0.030  0.121  0.097  0.143  0.221  0.192  0.178  0.222  0.263  0.227  0.171  0.102  0.081  0.048  0.067  0.112  0.090  0.142  0.117  0.057  0.021  0.036  0.070  0.113  0.027 -0.048 -0.052 -0.185 -0.283 -0.354 -0.328 -0.371 -0.367 -0.288 -0.295 -0.246 -0.221 -0.170 -0.039 -0.026  0.161  0.166  0.189  0.193  0.128  0.011  0.002 -0.161 -0.281 -0.292 -0.281
 -0.116  0.049  0.154  0.469  0.562  0.513  0.324  0.097  0.256  0.424  0.755  1.000  0.779  0.583  0.336  0.101 -0.087 -0.263 -0.349 -0.429 -0.369 -0.350 -0.148 -0.075 -0.102  0.019  0.112  0.083  0.151  0.233  0.182  0.170  0.221  0.250  0.203  0.145  0.072  0.060  0.030  0.057  0.115  0.094  0.142  0.119  0.070  0.020  0.031  0.052  0.078 -0.021 -0.128 -0.131 -0.288 -0.402 -0.460 -0.399 -0.448 -0.464 -0.361 -0.349 -0.270 -0.212 -0.126  0.050  0.061  0.256  0.233  0.250  0.218  0.135 -0.005  0.009 -0.141 -0.254 -0.267 -0.255
 -0.053  0.111  0.232  0.498  0.609  0.501  0.342  0.063  0.149  0.248  0.567  0.779  1.000  0.763  0.516  0.224  0.029 -0.190 -0.319 -0.393 -0.304 -0.295 -0.109 -0.016 -0.035  0.077  0.160  0.144  0.199  0.257  0.204  0.196  0.228  0.233  0.206  0.138  0.079  0.067  0.030  0.052  0.113  0.077  0.116  0.084  0.033  0.011  0.018  0.022  0.039 -0.055 -0.141 -0.107 -0.253 -0.390 -0.444 -0.406 -0.464 -0.496 -0.409 -0.393 -0.308 -0.240 -0.132  0.038  0.019  0.201  0.203  0.224  0.226  0.141 -0.019 -0.005 -0.156 -0.248 -0.250 -0.233
  0.260  0.423  0.503  0.607  0.411  0.289  0.134 -0.065  0.021  0.150  0.367  0.583  0.763  1.000  0.746  0.490  0.272  0.056 -0.109 -0.239 -0.204 -0.353 -0.259 -0.190 -0.158 -0.066 -0.052 -0.061  0.016  0.040 -0.020 -0.002  0.057  0.057  0.000 -0.064 -0.113 -0.119 -0.125 -0.139 -0.115 -0.125 -0.115 -0.136 -0.114 -0.089 -0.121 -0.140 -0.177 -0.259 -0.353 -0.306 -0.406 -0.502 -0.442 -0.320 -0.329 -0.452 -0.379 -0.275 -0.158 -0.026  0.144  0.298  0.186  0.247  0.085  0.013 -0.026 -0.068 -0.139 -0.021 -0.046 -0.004  0.015  0.020
  0.339  0.501  0.520  0.446  0.271  0.134  0.016 -0.123 -0.052  0.068  0.183  0.336  0.516  0.746  1.000  0.680  0.426  0.198 -0.008 -0.105 -0.043 -0.202 -0.177 -0.110 -0.066 -0.001 -0.025 -0.030  0.021  0.011 -0.049 -0.030  0.012 -0.015 -0.056 -0.102 -0.133 -0.126 -0.133 -0.162 -0.145 -0.168 -0.177 -0.215 -0.200 -0.134 -0.167 -0.194 -0.228 -0.281 -0.321 -0.235 -0.286 -0.382 -0.313 -0.244 -0.258 -0.386 -0.365 -0.263 -0.158 -0.020  0.164  0.251  0.092  0.101 -0.020 -0.104 -0.118 -0.142 -0.187 -0.062 -0.046  0.060  0.089  0.095
  0.639  0.642  0.459  0.263 -0.031 -0.127 -0.185 -0.189 -0.135  0.014  0.009  0.101  0.224  0.490  0.680  1.000  0.715  0.508  0.293  0.190  0.199 -0.102 -0.237 -0.221 -0.115 -0.150 -0.238 -0.218 -0.181 -0.233 -0.269 -0.222 -0.174 -0.199 -0.251 -0.285 -0.294 -0.293 -0.265 -0.314 -0.342 -0.335 -0.372 -0.405 -0.350 -0.243 -0.304 -0.335 -0.396 -0.413 -0.430 -0.342 -0.318 -0.326 -0.135 -0.039 -0.000 -0.202 -0.258 -0.104 -0.011  0.160  0.366  0.339  0.091 -0.037 -0.228 -0.325 -0.343 -0.319 -0.278 -0.083  0.056  0.297  0.332  0.324
  0.642  0.495  0.345  0.089 -0.183 -0.254 -0.269 -0.198 -0.218 -0.092 -0.130 -0.087  0.029  0.272  0.426  0.715  1.000  0.781  0.498  0.392  0.444  0.090 -0.128 -0.128 -0.033 -0.151 -0.257 -0.227 -0.232 -0.312 -0.325 -0.278 -0.247 -0.278 -0.314 -0.336 -0.322 -0.326 -0.291 -0.347 -0.385 -0.384 -0.417 -0.430 -0.360 -0.236 -0.294 -0.331 -0.399 -0.387 -0.345 -0.240 -0.156 -0.126  0.092  0.153  0.170 -0.024 -0.128 -0.004  0.057  0.181  0.330  0.231  0.050 -0.131 -0.301 -0.389 -0.400 -0.370 -0.294 -0.129  0.065  0.354  0.381  0.361
  0.633  0.465  0.241 -0.058 -0.347 -0.409 -0.385 -0.238 -0.281 -0.143 -0.254 -0.263 -0.190  0.056  0.198  0.508  0.781  1.000  0.751  0.628  0.579  0.171 -0.150 -0.189 -0.043 -0.220 -0.392 -0.329 -0.329 -0.439 -0.437 -0.363 -0.331 -0.372 -0.410 -0.423 -0.401 -0.415 -0.362 -0.421 -0.488 -0.457 -0.505 -0.497 -0.393 -0.261 -0.332 -0.384 -0.465 -0.428 -0.365 -0.276 -0.119 -0.019  0.265  0.349  0.415  0.205  0.066  0.208  0.212  0.291  0.377  0.236  0.071 -0.189 -0.371 -0.484 -0.511 -0.458 -0.329 -0.158  0.116  0.465  0.507  0.487
  0.472  0.307  0.128 -0.150 -0.402 -0.432 -0.396 -0.214 -0.268 -0.192 -0.307 -0.349 -0.319 -0.109 -0.008  0.293  0.498  0.751  1.000  0.759  0.547  0.188 -0.131 -0.216 -0.104 -0.271 -0.437 -0.384 -0.380 -0.478 -0.468 -0.393 -0.361 -0.393 -0.427 -0.425 -0.399 -0.414 -0.353 -0.393 -0.470 -0.416 -0.460 -0.426 -0.304 -0.208 -0.272 -0.324 -0.393 -0.345 -0.275 -0.237 -0.048  0.118  0.425  0.566  0.638  0.439  0.294  0.415  0.374  0.364  0.352  0.208  0.133 -0.141 -0.317 -0.431 -0.477 -0.418 -0.269 -0.159  0.124  0.436  0.470  0.446
  0.316  0.138 -0.037 -0.319 -0.476 -0.491 -0.407 -0.197 -0.244 -0.212 -0.357 -0.429 -0.393 -0.239 -0.105  0.190  0.392  0.628  0.759  1.000  0.777  0.436  0.076 -0.013  0.087 -0.133 -0.300 -0.239 -0.293 -0.419 -0.393 -0.341 -0.345 -0.382 -0.388 -0.375 -0.323 -0.321 -0.268 -0.326 -0.397 -0.364 -0.409 -0.410 -0.330 -0.227 -0.272 -0.306 -0.332 -0.250 -0.129 -0.055  0.152  0.319  0.590  0.567  0.634  0.495  0.298  0.365  0.272  0.215  0.174  0.006 -0.050 -0.299 -0.386 -0.460 -0.454 -0.396 -0.266 -0.180  0.082  0.401  0.430  0.407
  0.227  0.044 -0.104 -0.350 -0.419 -0.416 -0.306 -0.141 -0.184 -0.183 -0.312 -0.369 -0.304 -0.204 -0.043  0.199  0.444  0.579  0.547  0.777  1.000  0.706  0.332  0.243  0.342  0.083 -0.081 -0.028 -0.137 -0.277 -0.259 -0.245 -0.276 -0.309 -0.291 -0.267 -0.206 -0.191 -0.161 -0.207 -0.254 -0.267 -0.305 -0.346 -0.323 -0.232 -0.253 -0.258 -0.237 -0.136  0.018  0.152  0.315  0.425  0.606  0.460  0.421  0.327  0.112  0.121  0.059  0.028  0.011 -0.138 -0.204 -0.375 -0.394 -0.406 -0.349 -0.296 -0.221 -0.157  0.003  0.261  0.273  0.262
 -0.143 -0.302 -0.352 -0.473 -0.322 -0.269 -0.146 -0.031 -0.054 -0.163 -0.261 -0.350 -0.295 -0.353 -0.202 -0.102  0.090  0.171  0.188  0.436  0.706  1.000  0.733  0.619  0.649  0.430  0.263  0.270  0.125 -0.012 -0.013 -0.047 -0.115 -0.139 -0.088 -0.046  0.022  0.056  0.033  0.023  0.024 -0.032 -0.014 -0.065 -0.118 -0.090 -0.055 -0.011  0.089  0.227  0.423  0.575  0.659  0.701  0.640  0.349  0.229  0.306  0.112 -0.009 -0.107 -0.213 -0.294 -0.408 -0.384 -0.403 -0.260 -0.180 -0.081 -0.060 -0.063 -0.133 -0.099 -0.044 -0.059 -0.051
 -0.367 -0.436 -0.397 -0.363 -0.093 -0.029  0.052  0.050  0.054 -0.071 -0.091 -0.148 -0.109 -0.259 -0.177 -0.237 -0.128 -0.150 -0.131  0.076  0.332  0.733  1.000  0.822  0.662  0.598  0.575  0.486  0.291  0.213  0.209  0.120  0.027  0.029  0.101  0.149  0.226  0.292  0.225  0.213  0.263  0.188  0.266  0.205  0.115  0.076  0.143  0.224  0.370  0.490  0.617  0.746  0.644  0.581  0.379  0.117 -0.063  0.090  0.015 -0.178 -0.249 -0.362 -0.447 -0.480 -0.397 -0.270 -0.058  0.082  0.176  0.152  0.068 -0.088 -0.200 -0.321 -0.352 -0.332
 -0.411 -0.460 -0.409 -0.344 -0.032  0.016  0.100  0.071  0.088 -0.026 -0.028 -0.075 -0.016 -0.190 -0.110 -0.221 -0.128 -0.189 -0.216 -0.013  0.243  0.619  0.822  1.000  0.807  0.614  0.709  0.682  0.445  0.361  0.377  0.286  0.175  0.158  0.241  0.258  0.299  0.353  0.245  0.244  0.323  0.165  0.239  0.186  0.081  0.086  0.150  0.219  0.343  0.437  0.588  0.762  0.668  0.494  0.266 -0.040 -0.212 -0.050 -0.126 -0.333 -0.386 -0.465 -0.531 -0.550 -0.482 -0.313 -0.066  0.091  0.207  0.151  0.036 -0.108 -0.274 -0.371 -0.390 -0.360
 -0.265 -0.336 -0.371 -0.361 -0.128 -0.095  0.007 -0.001  0.027 -0.030 -0.065 -0.102 -0.035 -0.158 -0.066 -0.115 -0.033 -0.043 -0.104  0.087  0.342  0.649  0.662  0.807  1.000  0.747  0.592  0.665  0.523  0.331  0.312  0.273  0.155  0.103  0.173  0.169  0.214  0.250  0.164  0.153  0.200  0.065  0.087  0.000 -0.108 -0.073 -0.033  0.023  0.131  0.222  0.375  0.558  0.522  0.383  0.247 -0.024 -0.157 -0.072 -0.187 -0.321 -0.370 -0.414 -0.444 -0.481 -0.486 -0.383 -0.208 -0.077  0.052  0.036 -0.058 -0.107 -0.207 -0.202 -0.207 -0.184
 -0.324 -0.321 -0.312 -0.227  0.017  0.039  0.107  0.024  0.060  0.016  0.030  0.019  0.077 -0.066 -0.001 -0.150 -0.151 -0.220 -0.271 -0.133  0.083  0.430  0.598  0.614  0.747  1.000  0.742  0.645  0.638  0.516  0.402  0.353  0.251  0.189  0.237  0.229  0.281  0.346  0.241  0.201  0.263  0.180  0.224  0.125  0.013  0.001  0.050  0.095  0.196  0.242  0.302  0.443  0.345  0.198  0.015 -0.175 -0.289 -0.195 -0.231 -0.343 -0.376 -0.414 -0.435 -0.408 -0.390 -0.232 -0.073  0.062  0.150  0.112 -0.017 -0.083 -0.215 -0.296 -0.295 -0.267
 -0.489 -0.443 -0.355 -0.182  0.159  0.188  0.248  0.118  0.158  0.067  0.121  0.112  0.160 -0.052 -0.025 -0.238 -0.257 -0.392 -0.437 -0.300 -0.081  0.263  0.575  0.709  0.592  0.742  1.000  0.849  0.653  0.678  0.669  0.517  0.385  0.391  0.481  0.490  0.531  0.601  0.459  0.402  0.497  0.337  0.390  0.297  0.148  0.120  0.194  0.239  0.360  0.377  0.430  0.549  0.389  0.179 -0.074 -0.300 -0.444 -0.287 -0.279 -0.461 -0.486 -0.534 -0.570 -0.507 -0.437 -0.181  0.062  0.247  0.353  0.282  0.117 -0.025 -0.296 -0.524 -0.543 -0.505
 -0.453 -0.421 -0.376 -0.235  0.094  0.108  0.190  0.075  0.119  0.061  0.097  0.083  0.144 -0.061 -0.030 -0.218 -0.227 -0.329 -0.384 -0.239 -0.028  0.270  0.486  0.682  0.665  0.645  0.849  1.000  0.788  0.680  0.737  0.650  0.475  0.432  0.538  0.497  0.513  0.535  0.396  0.363  0.439  0.253  0.270  0.167  0.010  0.026  0.088  0.130  0.245  0.271  0.363  0.487  0.375  0.170 -0.048 -0.288 -0.415 -0.282 -0.311 -0.477 -0.508 -0.543 -0.574 -0.531 -0.495 -0.275 -0.045  0.126  0.261  0.206  0.052 -0.043 -0.298 -0.433 -0.448 -0.411
 -0.374 -0.311 -0.285 -0.133  0.135  0.130  0.166  0.028  0.066  0.085  0.143  0.151  0.199  0.016  0.021 -0.181 -0.232 -0.329 -0.380 -0.293 -0.137  0.125  0.291  0.445  0.523  0.638  0.653  0.788  1.000  0.822  0.698  0.751  0.653  0.510  0.521  0.403  0.339  0.344  0.194  0.201  0.301  0.135  0.162  0.081 -0.036 -0.008  0.028  0.058  0.129  0.128  0.192  0.302  0.207  0.019 -0.166 -0.333 -0.420 -0.329 -0.338 -0.440 -0.450 -0.455 -0.461 -0.391 -0.373 -0.183 -0.033  0.086  0.176  0.105 -0.040 -0.092 -0.263 -0.319 -0.318 -0.284
 -0.445 -0.345 -0.258 -0.027  0.273  0.279  0.270  0.091  0.109  0.119  0.221  0.233  0.257  0.040  0.011 -0.233 -0.312 -0.439 -0.478 -0.419 -0.277 -0.012  0.213  0.361  0.331  0.516  0.678  0.680  0.822  1.000  0.857  0.774  0.744  0.713  0.696  0.623  0.505  0.480  0.341  0.361  0.462  0.271  0.289  0.227  0.093  0.083  0.138  0.156  0.225  0.177  0.198  0.276  0.149 -0.046 -0.263 -0.403 -0.490 -0.375 -0.334 -0.451 -0.447 -0.460 -0.467 -0.359 -0.297 -0.052  0.119  0.265  0.344  0.279  0.120  0.008 -0.246 -0.486 -0.510 -0.477
 -0.472 -0.392 -0.311 -0.097  0.220  0.234  0.256  0.105  0.125  0.104  0.192  0.182  0.204 -0.020 -0.049 -0.269 -0.325 -0.437 -0.468 -0.393 -0.259 -0.013  0.209  0.377  0.312  0.402  0.669  0.737  0.698  0.857  1.000  0.852  0.712  0.735  0.809  0.745  0.673  0.618  0.486  0.467  0.511  0.322  0.304  0.229  0.076  0.077  0.140  0.156  0.235  0.196  0.233  0.292  0.176 -0.008 -0.223 -0.381 -0.463 -0.337 -0.307 -0.442 -0.457 -0.485 -0.511 -0.424 -0.359 -0.118  0.077  0.242  0.351  0.309  0.158  0.043 -0.260 -0.517 -0.551 -0.518
 -0.381 -0.306 -0.267 -0.095  0.165  0.157  0.175  0.041  0.064  0.091  0.178  0.170  0.196 -0.002 -0.030 -0.222 -0.278 -0.363 -0.393 -0.341 -0.245 -0.047  0.120  0.286  0.273  0.353  0.517  0.650  0.751  0.774  0.852  1.000  0.852  0.713  0.736  0.558  0.427  0.383  0.236  0.245  0.319  0.139  0.152  0.107  0.008  0.045  0.078  0.091  0.130  0.096  0.139  0.208  0.119 -0.051 -0.220 -0.346 -0.405 -0.316 -0.300 -0.392 -0.399 -0.403 -0.419 -0.344 -0.306 -0.123  0.014  0.125  0.202  0.135  0.002 -0.066 -0.263 -0.348 -0.363 -0.331
 -0.309 -0.219 -0.174  0.007  0.212  0.200  0.163  0.023  0.031  0.121  0.222  0.221  0.228  0.057  0.012 -0.174 -0.247 -0.331 -0.361 -0.345 -0.276 -0.115  0.027  0.175  0.155  0.251  0.385  0.475  0.653  0.744  0.712  0.852  1.000  0.840  0.710  0.532  0.277  0.218  0.092  0.143  0.253  0.068  0.104  0.099  0.036  0.060  0.081  0.090  0.103  0.050  0.072  0.137  0.045 -0.109 -0.252 -0.331 -0.379 -0.313 -0.278 -0.342 -0.321 -0.308 -0.306 -0.217 -0.180 -0.017  0.073  0.146  0.188  0.121  0.005 -0.064 -0.217 -0.312 -0.333 -0.307
 -0.340 -0.242 -0.181  0.032  0.243  0.250  0.199  0.053  0.051  0.156  0.263  0.250  0.233  0.057 -0.015 -0.199 -0.278 -0.372 -0.393 -0.382 -0.309 -0.139  0.029  0.158  0.103  0.189  0.391  0.432  0.510  0.713  0.735  0.713  0.840  1.000  0.879  0.762  0.485  0.368  0.269  0.308  0.383  0.183  0.192  0.183  0.091  0.086  0.125  0.135  0.167  0.098  0.102  0.142  0.027 -0.118 -0.272 -0.339 -0.397 -0.320 -0.262 -0.341 -0.313 -0.316 -0.317 -0.218 -0.163  0.021  0.126  0.230  0.286  0.258  0.147  0.045 -0.196 -0.426 -0.469 -0.447
 -0.413 -0.325 -0.264 -0.051  0.219  0.232  0.232  0.090  0.087  0.130  0.227  0.203  0.206  0.000 -0.056 -0.251 -0.314 -0.410 -0.427 -0.388 -0.291 -0.088  0.101  0.241  0.173  0.237  0.481  0.538  0.521  0.696  0.809  0.736  0.710  0.879  1.000  0.888  0.689  0.547  0.436  0.458  0.492  0.296  0.269  0.225  0.089  0.084  0.143  0.154  0.216  0.153  0.172  0.209  0.092 -0.063 -0.245 -0.351 -0.421 -0.318 -0.269 -0.382 -0.375 -0.398 -0.417 -0.329 -0.268 -0.062  0.100  0.252  0.350  0.343  0.220  0.106 -0.232 -0.498 -0.543 -0.515
 -0.445 -0.367 -0.291 -0.081  0.205  0.241  0.252  0.135  0.117  0.094  0.171  0.145  0.138 -0.064 -0.102 -0.285 -0.336 -0.423 -0.425 -0.375 -0.267 -0.046  0.149  0.258  0.169  0.229  0.490  0.497  0.403  0.623  0.745  0.558  0.532  0.762  0.888  1.000  0.830  0.657  0.558  0.587  0.587  0.415  0.364  0.308  0.146  0.107  0.184  0.197  0.284  0.224  0.233  0.244  0.131 -0.003 -0.198 -0.314 -0.393 -0.265 -0.210 -0.345 -0.352 -0.401 -0.436 -0.357 -0.275 -0.056  0.135  0.316  0.421  0.448  0.329  0.193 -0.200 -0.561 -0.612 -0.582
 -0.451 -0.403 -0.324 -0.153  0.139  0.188  0.239  0.165  0.160  0.046  0.102  0.072  0.079 -0.113 -0.133 -0.294 -0.322 -0.401 -0.399 -0.323 -0.206  0.022  0.226  0.299  0.214  0.281  0.531  0.513  0.339  0.505  0.673  0.427  0.277  0.485  0.689  0.830  1.000  0.858  0.713  0.656  0.579  0.470  0.390  0.298  0.119  0.080  0.162  0.175  0.283  0.256  0.282  0.274  0.174  0.060 -0.136 -0.277 -0.353 -0.213 -0.176 -0.325 -0.363 -0.426 -0.477 -0.422 -0.340 -0.128  0.084  0.277  0.396  0.424  0.318  0.198 -0.168 -0.538 -0.578 -0.546
 -0.474 -0.439 -0.336 -0.179  0.114  0.173  0.278  0.210  0.237  0.034  0.081  0.060  0.067 -0.119 -0.126 -0.293 -0.326 -0.415 -0.414 -0.321 -0.191  0.056  0.292  0.353  0.250  0.346  0.601  0.535  0.344  0.480  0.618  0.383  0.218  0.368  0.547  0.657  0.858  1.000  0.829  0.623  0.603  0.528  0.444  0.322  0.135  0.085  0.175  0.189  0.309  0.300  0.314  0.310  0.202  0.087 -0.123 -0.284 -0.358 -0.206 -0.175 -0.332 -0.393 -0.461 -0.514 -0.458 -0.380 -0.154  0.066  0.272  0.379  0.394  0.265  0.142 -0.191 -0.531 -0.564 -0.528
 -0.415 -0.394 -0.290 -0.152  0.085  0.155  0.271  0.205  0.235  0.027  0.048  0.030  0.030 -0.125 -0.133 -0.265 -0.291 -0.362 -0.353 -0.268 -0.161  0.033  0.225  0.245  0.164  0.241  0.459  0.396  0.194  0.341  0.486  0.236  0.092  0.269  0.436  0.558  0.713  0.829  1.000  0.750  0.672  0.632  0.484  0.325  0.116  0.030  0.130  0.146  0.279  0.273  0.258  0.219  0.137  0.072 -0.105 -0.230 -0.282 -0.145 -0.109 -0.249 -0.317 -0.392 -0.441 -0.397 -0.329 -0.133  0.060  0.266  0.397  0.478  0.398  0.274 -0.087 -0.472 -0.545 -0.532
 -0.460 -0.423 -0.282 -0.093  0.184  0.268  0.304  0.192  0.187  0.008  0.067  0.057  0.052 -0.139 -0.162 -0.314 -0.347 -0.421 -0.393 -0.326 -0.207  0.023  0.213  0.244  0.153  0.201  0.402  0.363  0.201  0.361  0.467  0.245  0.143  0.308  0.458  0.587  0.656  0.623  0.750  1.000  0.838  0.747  0.583  0.429  0.186  0.052  0.174  0.215  0.368  0.329  0.300  0.249  0.160  0.091 -0.111 -0.230 -0.303 -0.143 -0.077 -0.240 -0.284 -0.378 -0.433 -0.375 -0.274 -0.051  0.178  0.390  0.574  0.685  0.647  0.498  0.022 -0.539 -0.654 -0.653
 -0.524 -0.468 -0.292 -0.056  0.271  0.368  0.423  0.274  0.267  0.026  0.112  0.115  0.113 -0.115 -0.145 -0.342 -0.385 -0.488 -0.470 -0.397 -0.254  0.024  0.263  0.323  0.200  0.263  0.497  0.439  0.301  0.462  0.511  0.319  0.253  0.383  0.492  0.587  0.579  0.603  0.672  0.838  1.000  0.805  0.678  0.530  0.267  0.107  0.245  0.291  0.449  0.401  0.363  0.323  0.198  0.100 -0.143 -0.286 -0.379 -0.198 -0.121 -0.307 -0.343 -0.441 -0.489 -0.401 -0.279 -0.004  0.266  0.515  0.691  0.747  0.620  0.388 -0.092 -0.615 -0.728 -0.720
 -0.463 -0.412 -0.240 -0.027  0.254  0.344  0.403  0.264  0.273  0.015  0.090  0.094  0.077 -0.125 -0.168 -0.335 -0.384 -0.457 -0.416 -0.364 -0.267 -0.032  0.188  0.165  0.065  0.180  0.337  0.253  0.135  0.271  0.322  0.139  0.068  0.183  0.296  0.415  0.470  0.528  0.632  0.747  0.805  1.000  0.815  0.596  0.312  0.086  0.219  0.273  0.456  0.423  0.322  0.201  0.101  0.078 -0.134 -0.223 -0.279 -0.112 -0.020 -0.173 -0.228 -0.340 -0.396 -0.316 -0.197  0.045  0.293  0.528  0.692  0.789  0.629  0.420 -0.018 -0.547 -0.648 -0.644
 -0.496 -0.424 -0.249  0.004  0.325  0.403  0.432  0.284  0.266  0.046  0.142  0.142  0.116 -0.115 -0.177 -0.372 -0.417 -0.505 -0.460 -0.409 -0.305 -0.014  0.266  0.239  0.087  0.224  0.390  0.270  0.162  0.289  0.304  0.152  0.104  0.192  0.269  0.364  0.390  0.444  0.484  0.583  0.678  0.815  1.000  0.810  0.514  0.222  0.355  0.411  0.605  0.568  0.439  0.317  0.167  0.113 -0.135 -0.235 -0.322 -0.138 -0.026 -0.198 -0.226 -0.335 -0.394 -0.299 -0.150  0.121  0.409  0.655  0.722  0.693  0.503  0.240 -0.116 -0.587 -0.674 -0.663
 -0.459 -0.381 -0.189  0.066  0.359  0.443  0.426  0.296  0.238  0.018  0.117  0.119  0.084 -0.136 -0.215 -0.405 -0.430 -0.497 -0.426 -0.410 -0.346 -0.065  0.205  0.186  0.000  0.125  0.297  0.167  0.081  0.227  0.229  0.107  0.099  0.183  0.225  0.308  0.298  0.322  0.325  0.429  0.530  0.596  0.810  1.000  0.783  0.450  0.578  0.620  0.670  0.553  0.420  0.302  0.160  0.108 -0.136 -0.202 -0.283 -0.112  0.016 -0.136 -0.132 -0.221 -0.281 -0.187 -0.009  0.246  0.526  0.737  0.678  0.592  0.413  0.111 -0.145 -0.584 -0.655 -0.639
 -0.326 -0.253 -0.105  0.088  0.278  0.336  0.287  0.201  0.136 -0.026  0.057  0.070  0.033 -0.114 -0.200 -0.350 -0.360 -0.393 -0.304 -0.330 -0.323 -0.118  0.115  0.081 -0.108  0.013  0.148  0.010 -0.036  0.093  0.076  0.008  0.036  0.091  0.089  0.146  0.119  0.135  0.116  0.186  0.267  0.312  0.514  0.783  1.000  0.698  0.625  0.624  0.517  0.458  0.331  0.212  0.082  0.056 -0.119 -0.115 -0.187 -0.070  0.065 -0.031  0.016 -0.029 -0.100 -0.035  0.148  0.329  0.500  0.580  0.450  0.339  0.225 -0.021 -0.123 -0.423 -0.457 -0.444
 -0.230 -0.186 -0.090  0.034  0.163  0.197  0.163  0.117  0.072 -0.036  0.021  0.020  0.011 -0.089 -0.134 -0.243 -0.236 -0.261 -0.208 -0.227 -0.232 -0.090  0.076  0.086 -0.073  0.001  0.120  0.026 -0.008  0.083  0.077  0.045  0.060  0.086  0.084  0.107  0.080  0.085  0.030  0.052  0.107  0.086  0.222  0.450  0.698  1.000  0.753  0.546  0.332  0.267  0.217  0.178  0.092  0.034 -0.094 -0.103 -0.153 -0.077  0.003 -0.054 -0.021 -0.045 -0.092 -0.062  0.040  0.154  0.296  0.352  0.236  0.123  0.059 -0.115 -0.143 -0.307 -0.299 -0.278
 -0.319 -0.272 -0.136  0.009  0.194  0.243  0.223  0.160  0.111 -0.036  0.036  0.031  0.018 -0.121 -0.167 -0.304 -0.294 -0.332 -0.272 -0.272 -0.253 -0.055  0.143  0.150 -0.033  0.050  0.194  0.088  0.028  0.138  0.140  0.078  0.081  0.125  0.143  0.184  0.162  0.175  0.130  0.174  0.245  0.219  0.355  0.578  0.625  0.753  1.000  0.740  0.507  0.343  0.269  0.242  0.149  0.085 -0.085 -0.125 -0.183 -0.073  0.011 -0.078 -0.066 -0.116 -0.173 -0.132 -0.018  0.121  0.308  0.428  0.349  0.253  0.163 -0.054 -0.157 -0.405 -0.422 -0.402
 -0.369 -0.321 -0.186 -0.013  0.197  0.240  0.202  0.130  0.110  0.024  0.070  0.052  0.022 -0.140 -0.194 -0.335 -0.331 -0.384 -0.324 -0.306 -0.258 -0.011  0.224  0.219  0.023  0.095  0.239  0.130  0.058  0.156  0.156  0.091  0.090  0.135  0.154  0.197  0.175  0.189  0.146  0.215  0.291  0.273  0.411  0.620  0.624  0.546  0.740  1.000  0.754  0.539  0.392  0.340  0.193  0.124 -0.078 -0.141 -0.225 -0.085  0.017 -0.110 -0.106 -0.171 -0.232 -0.180 -0.056  0.120  0.303  0.402  0.367  0.298  0.208 -0.018 -0.136 -0.410 -0.464 -0.449
 -0.486 -0.433 -0.272 -0.067  0.226  0.285  0.257  0.158  0.167  0.063  0.113  0.078  0.039 -0.177 -0.228 -0.396 -0.399 -0.465 -0.393 -0.332 -0.237  0.089  0.370  0.343  0.131  0.196  0.360  0.245  0.129  0.225  0.235  0.130  0.103  0.167  0.216  0.284  0.283  0.309  0.279  0.368  0.449  0.456  0.605  0.670  0.517  0.332  0.507  0.754  1.000  0.783  0.586  0.482  0.295  0.245 -0.012 -0.127 -0.235 -0.032  0.077 -0.118 -0.155 -0.281 -0.368 -0.304 -0.149  0.086  0.323  0.470  0.495  0.457  0.329  0.078 -0.143 -0.519 -0.588 -0.573
 -0.490 -0.462 -0.325 -0.171  0.117  0.183  0.184  0.126  0.131  0.004  0.027 -0.021 -0.055 -0.259 -0.281 -0.413 -0.387 -0.428 -0.345 -0.250 -0.136  0.227  0.490  0.437  0.222  0.242  0.377  0.271  0.128  0.177  0.196  0.096  0.050  0.098  0.153  0.224  0.256  0.300  0.273  0.329  0.401  0.423  0.568  0.553  0.458  0.267  0.343  0.539  0.783  1.000  0.818  0.633  0.421  0.402  0.124 -0.028 -0.158  0.074  0.171 -0.058 -0.110 -0.263 -0.391 -0.359 -0.195  0.015  0.254  0.368  0.417  0.389  0.276  0.031 -0.145 -0.456 -0.518 -0.504
 -0.513 -0.536 -0.402 -0.299  0.027  0.103  0.127  0.124  0.111 -0.045 -0.048 -0.128 -0.141 -0.353 -0.321 -0.430 -0.345 -0.365 -0.275 -0.129  0.018  0.423  0.617  0.588  0.375  0.302  0.430  0.363  0.192  0.198  0.233  0.139  0.072  0.102  0.172  0.233  0.282  0.314  0.258  0.300  0.363  0.322  0.439  0.420  0.331  0.217  0.269  0.392  0.586  0.818  1.000  0.842  0.675  0.629  0.319  0.073 -0.078  0.188  0.204 -0.065 -0.148 -0.317 -0.468 -0.476 -0.301 -0.110  0.161  0.276  0.348  0.315  0.225 -0.026 -0.169 -0.428 -0.483 -0.465
 -0.475 -0.521 -0.425 -0.349 -0.018  0.049  0.099  0.098  0.090 -0.044 -0.052 -0.131 -0.107 -0.306 -0.235 -0.342 -0.240 -0.276 -0.237 -0.055  0.152  0.575  0.746  0.762  0.558  0.443  0.549  0.487  0.302  0.276  0.292  0.208  0.137  0.142  0.209  0.244  0.274  0.310  0.219  0.249  0.323  0.201  0.317  0.302  0.212  0.178  0.242  0.340  0.482  0.633  0.842  1.000  0.821  0.661  0.356  0.048 -0.132  0.104  0.047 -0.211 -0.279 -0.406 -0.519 -0.535 -0.406 -0.225  0.044  0.175  0.266  0.212  0.122 -0.089 -0.220 -0.404 -0.442 -0.416
 -0.386 -0.486 -0.419 -0.439 -0.160 -0.095 -0.008  0.072  0.041 -0.131 -0.185 -0.288 -0.253 -0.406 -0.286 -0.318 -0.156 -0.119 -0.048  0.152  0.315  0.659  0.644  0.668  0.522  0.345  0.389  0.375  0.207  0.149  0.176  0.119  0.045  0.027  0.092  0.131  0.174  0.202  0.137  0.160  0.198  0.101  0.167  0.160  0.082  0.092  0.149  0.193  0.295  0.421  0.675  0.821  1.000  0.826  0.557  0.233  0.099  0.305  0.164 -0.056 -0.163 -0.303 -0.436 -0.509 -0.392 -0.308 -0.062  0.040  0.129  0.094  0.049 -0.130 -0.173 -0.257 -0.277 -0.259
 -0.307 -0.444 -0.390 -0.470 -0.265 -0.189 -0.095  0.041 -0.005 -0.196 -0.283 -0.402 -0.390 -0.502 -0.382 -0.326 -0.126 -0.019  0.118  0.319  0.425  0.701  0.581  0.494  0.383  0.198  0.179  0.170  0.019 -0.046 -0.008 -0.051 -0.109 -0.118 -0.063 -0.003  0.060  0.087  0.072  0.091  0.100  0.078  0.113  0.108  0.056  0.034  0.085  0.124  0.245  0.402  0.629  0.661  0.826  1.000  0.785  0.477  0.358  0.559  0.386  0.179  0.039 -0.143 -0.305 -0.411 -0.284 -0.282 -0.088 -0.023  0.048  0.052  0.057 -0.116 -0.090 -0.142 -0.171 -0.167
 -0.049 -0.216 -0.254 -0.435 -0.395 -0.346 -0.257 -0.068 -0.123 -0.234 -0.354 -0.460 -0.444 -0.442 -0.313 -0.135  0.092  0.265  0.425  0.590  0.606  0.640  0.379  0.266  0.247  0.015 -0.074 -0.048 -0.166 -0.263 -0.223 -0.220 -0.252 -0.272 -0.245 -0.198 -0.136 -0.123 -0.105 -0.111 -0.143 -0.134 -0.135 -0.136 -0.119 -0.094 -0.085 -0.078 -0.012  0.124  0.319  0.356  0.557  0.785  1.000  0.762  0.635  0.699  0.478  0.371  0.243  0.068 -0.071 -0.217 -0.142 -0.278 -0.222 -0.229 -0.190 -0.153 -0.078 -0.152 -0.007  0.103  0.093  0.083
  0.135  0.011 -0.061 -0.254 -0.370 -0.340 -0.304 -0.135 -0.202 -0.225 -0.328 -0.399 -0.406 -0.320 -0.244 -0.039  0.153  0.349  0.566  0.567  0.460  0.349  0.117 -0.040 -0.024 -0.175 -0.300 -0.288 -0.333 -0.403 -0.381 -0.346 -0.331 -0.339 -0.351 -0.314 -0.277 -0.284 -0.230 -0.230 -0.286 -0.223 -0.235 -0.202 -0.115 -0.103 -0.125 -0.141 -0.127 -0.028  0.073  0.048  0.233  0.477  0.762  1.000  0.808  0.708  0.620  0.609  0.556  0.347  0.209  0.062  0.115 -0.102 -0.181 -0.249 -0.279 -0.218 -0.101 -0.121  0.081  0.218  0.213  0.188
  0.226  0.086  0.004 -0.238 -0.426 -0.410 -0.371 -0.164 -0.221 -0.239 -0.371 -0.448 -0.464 -0.329 -0.258 -0.000  0.170  0.415  0.638  0.634  0.421  0.229 -0.063 -0.212 -0.157 -0.289 -0.444 -0.415 -0.420 -0.490 -0.463 -0.405 -0.379 -0.397 -0.421 -0.393 -0.353 -0.358 -0.282 -0.303 -0.379 -0.279 -0.322 -0.283 -0.187 -0.153 -0.183 -0.225 -0.235 -0.158 -0.078 -0.132  0.099  0.358  0.635  0.808  1.000  0.836  0.664  0.732  0.579  0.412  0.307  0.152  0.171 -0.095 -0.215 -0.320 -0.365 -0.295 -0.143 -0.123  0.146  0.351  0.358  0.326
  0.002 -0.140 -0.125 -0.306 -0.374 -0.325 -0.272 -0.078 -0.126 -0.251 -0.367 -0.464 -0.496 -0.452 -0.386 -0.202 -0.024  0.205  0.439  0.495  0.327  0.306  0.090 -0.050 -0.072 -0.195 -0.287 -0.282 -0.329 -0.375 -0.337 -0.316 -0.313 -0.320 -0.318 -0.265 -0.213 -0.206 -0.145 -0.143 -0.198 -0.112 -0.138 -0.112 -0.070 -0.077 -0.073 -0.085 -0.032  0.074  0.188  0.104  0.305  0.559  0.699  0.708  0.836  1.000  0.821  0.709  0.487  0.272  0.134 -0.006  0.072 -0.107 -0.122 -0.182 -0.195 -0.139 -0.015 -0.085  0.102  0.165  0.158  0.137
 -0.035 -0.111 -0.047 -0.167 -0.248 -0.194 -0.187 -0.050 -0.104 -0.219 -0.288 -0.361 -0.409 -0.379 -0.365 -0.258 -0.128  0.066  0.294  0.298  0.112  0.112  0.015 -0.126 -0.187 -0.231 -0.279 -0.311 -0.338 -0.334 -0.307 -0.300 -0.278 -0.262 -0.269 -0.210 -0.176 -0.175 -0.109 -0.077 -0.121 -0.020 -0.026  0.016  0.065  0.003  0.011  0.017  0.077  0.171  0.204  0.047  0.164  0.386  0.478  0.620  0.664  0.821  1.000  0.808  0.653  0.378  0.214  0.092  0.199  0.044  0.017 -0.043 -0.082 -0.024  0.086 -0.014  0.118  0.066  0.043  0.022
  0.180  0.110  0.099 -0.078 -0.286 -0.266 -0.284 -0.131 -0.184 -0.217 -0.295 -0.349 -0.393 -0.275 -0.263 -0.104 -0.004  0.208  0.415  0.365  0.121 -0.009 -0.178 -0.333 -0.321 -0.343 -0.461 -0.477 -0.440 -0.451 -0.442 -0.392 -0.342 -0.341 -0.382 -0.345 -0.325 -0.332 -0.249 -0.240 -0.307 -0.173 -0.198 -0.136 -0.031 -0.054 -0.078 -0.110 -0.118 -0.058 -0.065 -0.211 -0.056  0.179  0.371  0.609  0.732  0.709  0.808  1.000  0.812  0.560  0.423  0.286  0.333  0.095 -0.036 -0.158 -0.240 -0.179 -0.031 -0.046  0.179  0.254  0.252  0.222
  0.263  0.245  0.210  0.040 -0.212 -0.210 -0.266 -0.152 -0.231 -0.186 -0.246 -0.270 -0.308 -0.158 -0.158 -0.011  0.057  0.212  0.374  0.272  0.059 -0.107 -0.249 -0.386 -0.370 -0.376 -0.486 -0.508 -0.450 -0.447 -0.457 -0.399 -0.321 -0.313 -0.375 -0.352 -0.363 -0.393 -0.317 -0.284 -0.343 -0.228 -0.226 -0.132  0.016 -0.021 -0.066 -0.106 -0.155 -0.110 -0.148 -0.279 -0.163  0.039  0.243  0.556  0.579  0.487  0.653  0.812  1.000  0.784  0.588  0.432  0.496  0.211  0.025 -0.119 -0.236 -0.180 -0.036 -0.035  0.185  0.259  0.253  0.220
  0.449  0.429  0.334  0.124 -0.206 -0.231 -0.293 -0.186 -0.248 -0.152 -0.221 -0.212 -0.240 -0.026 -0.020  0.160  0.181  0.291  0.364  0.215  0.028 -0.213 -0.362 -0.465 -0.414 -0.414 -0.534 -0.543 -0.455 -0.460 -0.485 -0.403 -0.308 -0.316 -0.398 -0.401 -0.426 -0.461 -0.392 -0.378 -0.441 -0.340 -0.335 -0.221 -0.029 -0.045 -0.116 -0.171 -0.281 -0.263 -0.317 -0.406 -0.303 -0.143  0.068  0.347  0.412  0.272  0.378  0.560  0.784  1.000  0.787  0.586  0.591  0.256 -0.012 -0.185 -0.324 -0.282 -0.132 -0.062  0.199  0.359  0.372  0.340
  0.622  0.617  0.507  0.295 -0.136 -0.183 -0.287 -0.216 -0.242 -0.115 -0.170 -0.126 -0.132  0.144  0.164  0.366  0.330  0.377  0.352  0.174  0.011 -0.294 -0.447 -0.531 -0.444 -0.435 -0.570 -0.574 -0.461 -0.467 -0.511 -0.419 -0.306 -0.317 -0.417 -0.436 -0.477 -0.514 -0.441 -0.433 -0.489 -0.396 -0.394 -0.281 -0.100 -0.092 -0.173 -0.232 -0.368 -0.391 -0.468 -0.519 -0.436 -0.305 -0.071  0.209  0.307  0.134  0.214  0.423  0.588  0.787  1.000  0.829  0.658  0.345  0.002 -0.195 -0.350 -0.318 -0.169 -0.058  0.218  0.395  0.418  0.389
  0.536  0.636  0.595  0.505  0.068  0.005 -0.173 -0.175 -0.179 -0.050 -0.039  0.050  0.038  0.298  0.251  0.339  0.231  0.236  0.208  0.006 -0.138 -0.408 -0.480 -0.550 -0.481 -0.408 -0.507 -0.531 -0.391 -0.359 -0.424 -0.344 -0.217 -0.218 -0.329 -0.357 -0.422 -0.458 -0.397 -0.375 -0.401 -0.316 -0.299 -0.187 -0.035 -0.062 -0.132 -0.180 -0.304 -0.359 -0.476 -0.535 -0.509 -0.411 -0.217  0.062  0.152 -0.006  0.092  0.286  0.432  0.586  0.829  1.000  0.805  0.544  0.173 -0.046 -0.226 -0.219 -0.116 -0.029  0.184  0.284  0.304  0.281
  0.316  0.403  0.495  0.507  0.186  0.152 -0.062 -0.073 -0.129 -0.082 -0.026  0.061  0.019  0.186  0.092  0.091  0.050  0.071  0.133 -0.050 -0.204 -0.384 -0.397 -0.482 -0.486 -0.390 -0.437 -0.495 -0.373 -0.297 -0.359 -0.306 -0.180 -0.163 -0.268 -0.275 -0.340 -0.380 -0.329 -0.274 -0.279 -0.197 -0.150 -0.009  0.148  0.040 -0.018 -0.056 -0.149 -0.195 -0.301 -0.406 -0.392 -0.284 -0.142  0.115  0.171  0.072  0.199  0.333  0.496  0.591  0.658  0.805  1.000  0.729  0.394  0.148 -0.055 -0.078 -0.008 -0.024  0.138  0.130  0.134  0.113
  0.052  0.186  0.401  0.654  0.491  0.486  0.197  0.071  0.045  0.045  0.161  0.256  0.201  0.247  0.101 -0.037 -0.131 -0.189 -0.141 -0.299 -0.375 -0.403 -0.270 -0.313 -0.383 -0.232 -0.181 -0.275 -0.183 -0.052 -0.118 -0.123 -0.017  0.021 -0.062 -0.056 -0.128 -0.154 -0.133 -0.051 -0.004  0.045  0.121  0.246  0.329  0.154  0.121  0.120  0.086  0.015 -0.110 -0.225 -0.308 -0.282 -0.278 -0.102 -0.095 -0.107  0.044  0.095  0.211  0.256  0.345  0.544  0.729  1.000  0.731  0.447  0.245  0.169  0.141  0.031  0.039 -0.176 -0.188 -0.190
 -0.219 -0.085  0.184  0.492  0.639  0.630  0.382  0.238  0.170  0.026  0.166  0.233  0.203  0.085 -0.020 -0.228 -0.301 -0.371 -0.317 -0.386 -0.394 -0.260 -0.058 -0.066 -0.208 -0.073  0.062 -0.045 -0.033  0.119  0.077  0.014  0.073  0.126  0.100  0.135  0.084  0.066  0.060  0.178  0.266  0.293  0.409  0.526  0.500  0.296  0.308  0.303  0.323  0.254  0.161  0.044 -0.062 -0.088 -0.222 -0.181 -0.215 -0.122  0.017 -0.036  0.025 -0.012  0.002  0.173  0.394  0.731  1.000  0.745  0.556  0.413  0.305  0.069 -0.045 -0.425 -0.466 -0.455
 -0.389 -0.272 -0.030  0.288  0.572  0.667  0.599  0.436  0.319  0.012  0.189  0.250  0.224  0.013 -0.104 -0.325 -0.389 -0.484 -0.431 -0.460 -0.406 -0.180  0.082  0.091 -0.077  0.062  0.247  0.126  0.086  0.265  0.242  0.125  0.146  0.230  0.252  0.316  0.277  0.272  0.266  0.390  0.515  0.528  0.655  0.737  0.580  0.352  0.428  0.402  0.470  0.368  0.276  0.175  0.040 -0.023 -0.229 -0.249 -0.320 -0.182 -0.043 -0.158 -0.119 -0.185 -0.195 -0.046  0.148  0.447  0.745  1.000  0.829  0.635  0.429  0.119 -0.146 -0.614 -0.673 -0.651
 -0.476 -0.380 -0.147  0.159  0.524  0.625  0.582  0.401  0.312  0.032  0.193  0.218  0.226 -0.026 -0.118 -0.343 -0.400 -0.511 -0.477 -0.454 -0.349 -0.081  0.176  0.207  0.052  0.150  0.353  0.261  0.176  0.344  0.351  0.202  0.188  0.286  0.350  0.421  0.396  0.379  0.397  0.574  0.691  0.692  0.722  0.678  0.450  0.236  0.349  0.367  0.495  0.417  0.348  0.266  0.129  0.048 -0.190 -0.279 -0.365 -0.195 -0.082 -0.240 -0.236 -0.324 -0.350 -0.226 -0.055  0.245  0.556  0.829  1.000  0.825  0.596  0.269 -0.108 -0.648 -0.742 -0.728
 -0.432 -0.357 -0.161  0.092  0.375  0.477  0.442  0.261  0.215  0.017  0.128  0.135  0.141 -0.068 -0.142 -0.319 -0.370 -0.458 -0.418 -0.396 -0.296 -0.060  0.152  0.151  0.036  0.112  0.282  0.206  0.105  0.279  0.309  0.135  0.121  0.258  0.343  0.448  0.424  0.394  0.478  0.685  0.747  0.789  0.693  0.592  0.339  0.123  0.253  0.298  0.457  0.389  0.315  0.212  0.094  0.052 -0.153 -0.218 -0.295 -0.139 -0.024 -0.179 -0.180 -0.282 -0.318 -0.219 -0.078  0.169  0.413  0.635  0.825  1.000  0.793  0.487  0.036 -0.581 -0.702 -0.704
 -0.299 -0.270 -0.102  0.060  0.219  0.308  0.239  0.159  0.093 -0.045  0.011 -0.005 -0.019 -0.139 -0.187 -0.278 -0.294 -0.329 -0.269 -0.266 -0.221 -0.063  0.068  0.036 -0.058 -0.017  0.117  0.052 -0.040  0.120  0.158  0.002  0.005  0.147  0.220  0.329  0.318  0.265  0.398  0.647  0.620  0.629  0.503  0.413  0.225  0.059  0.163  0.208  0.329  0.276  0.225  0.122  0.049  0.057 -0.078 -0.101 -0.143 -0.015  0.086 -0.031 -0.036 -0.132 -0.169 -0.116 -0.008  0.141  0.305  0.429  0.596  0.793  1.000  0.759  0.335 -0.400 -0.566 -0.593
 -0.105 -0.085 -0.021  0.063  0.064  0.102  0.045 -0.009 -0.009 -0.011  0.002  0.009 -0.005 -0.021 -0.062 -0.083 -0.129 -0.158 -0.159 -0.180 -0.157 -0.133 -0.088 -0.108 -0.107 -0.083 -0.025 -0.043 -0.092  0.008  0.043 -0.066 -0.064  0.045  0.106  0.193  0.198  0.142  0.274  0.498  0.388  0.420  0.240  0.111 -0.021 -0.115 -0.054 -0.018  0.078  0.031 -0.026 -0.089 -0.130 -0.116 -0.152 -0.121 -0.123 -0.085 -0.014 -0.046 -0.035 -0.062 -0.058 -0.029 -0.024  0.031  0.069  0.119  0.269  0.487  0.759  1.000  0.557 -0.130 -0.279 -0.323
  0.163  0.126  0.115  0.054 -0.111 -0.108 -0.212 -0.133 -0.134 -0.126 -0.161 -0.141 -0.156 -0.046 -0.046  0.056  0.065  0.116  0.124  0.082  0.003 -0.099 -0.200 -0.274 -0.207 -0.215 -0.296 -0.298 -0.263 -0.246 -0.260 -0.263 -0.217 -0.196 -0.232 -0.200 -0.168 -0.191 -0.087  0.022 -0.092 -0.018 -0.116 -0.145 -0.123 -0.143 -0.157 -0.136 -0.143 -0.145 -0.169 -0.220 -0.173 -0.090 -0.007  0.081  0.146  0.102  0.118  0.179  0.185  0.199  0.218  0.184  0.138  0.039 -0.045 -0.146 -0.108  0.036  0.335  0.557  1.000  0.255  0.095  0.020
  0.484  0.389  0.182 -0.108 -0.441 -0.518 -0.528 -0.406 -0.410 -0.144 -0.281 -0.254 -0.248 -0.004  0.060  0.297  0.354  0.465  0.436  0.401  0.261 -0.044 -0.321 -0.371 -0.202 -0.296 -0.524 -0.433 -0.319 -0.486 -0.517 -0.348 -0.312 -0.426 -0.498 -0.561 -0.538 -0.531 -0.472 -0.539 -0.615 -0.547 -0.587 -0.584 -0.423 -0.307 -0.405 -0.410 -0.519 -0.456 -0.428 -0.404 -0.257 -0.142  0.103  0.218  0.351  0.165  0.066  0.254  0.259  0.359  0.395  0.284  0.130 -0.176 -0.425 -0.614 -0.648 -0.581 -0.400 -0.130  0.255  1.000  0.840  0.688
  0.528  0.431  0.198 -0.112 -0.468 -0.560 -0.546 -0.421 -0.414 -0.147 -0.292 -0.267 -0.250  0.015  0.089  0.332  0.381  0.507  0.470  0.430  0.273 -0.059 -0.352 -0.390 -0.207 -0.295 -0.543 -0.448 -0.318 -0.510 -0.551 -0.363 -0.333 -0.469 -0.543 -0.612 -0.578 -0.564 -0.545 -0.654 -0.728 -0.648 -0.674 -0.655 -0.457 -0.299 -0.422 -0.464 -0.588 -0.518 -0.483 -0.442 -0.277 -0.171  0.093  0.213  0.358  0.158  0.043  0.252  0.253  0.372  0.418  0.304  0.134 -0.188 -0.466 -0.673 -0.742 -0.702 -0.566 -0.279  0.095  0.840  1.000  0.902
