  1.000  0.791  0.536  0.222 -0.197 -0.282 -0.334 -0.253 -0.274 -0.078 -0.149 -0.114 -0.054  0.257  0.336  0.638  0.641  0.632  0.472  0.317  0.227 -0.146 -0.367 -0.409 -0.268 -0.334 -0.492 -0.459 -0.392 -0.459 -0.480 -0.392 -0.316 -0.340 -0.413 -0.439 -0.451 -0.470 -0.401 -0.445 -0.513 -0.450 -0.484 -0.445 -0.313 -0.220 -0.305 -0.358 -0.480 -0.487 -0.514 -0.475 -0.387 -0.309 -0.047  0.140  0.231  0.004 -0.032  0.184  0.266  0.448  0.618  0.530  0.312  0.050 -0.216 -0.374 -0.463 -0.421 -0.308 -0.122  0.106  0.481  0.522  0.495
  0.791  1.000  0.712  0.423  0.000 -0.127 -0.236 -0.244 -0.254 -0.001 -0.035  0.049  0.108  0.418  0.497  0.639  0.491  0.462  0.309  0.139  0.041 -0.306 -0.438 -0.463 -0.345 -0.335 -0.452 -0.435 -0.336 -0.364 -0.406 -0.325 -0.231 -0.247 -0.333 -0.368 -0.411 -0.441 -0.384 -0.414 -0.459 -0.398 -0.409 -0.360 -0.230 -0.167 -0.251 -0.301 -0.420 -0.454 -0.534 -0.522 -0.487 -0.443 -0.212  0.021  0.097 -0.132 -0.100  0.122  0.257  0.435  0.620  0.638  0.406  0.191 -0.074 -0.254 -0.367 -0.345 -0.273 -0.104  0.076  0.387  0.424  0.402
  0.536  0.712  1.000  0.673  0.251  0.137 -0.058 -0.117 -0.135 -0.048  0.020  0.164  0.236  0.503  0.518  0.453  0.342  0.235  0.127 -0.044 -0.112 -0.362 -0.400 -0.412 -0.384 -0.324 -0.361 -0.389 -0.304 -0.271 -0.322 -0.281 -0.180 -0.175 -0.262 -0.279 -0.327 -0.339 -0.286 -0.272 -0.283 -0.229 -0.231 -0.162 -0.075 -0.068 -0.110 -0.160 -0.252 -0.314 -0.401 -0.426 -0.425 -0.398 -0.259 -0.056  0.001 -0.127 -0.041  0.105  0.221  0.340  0.510  0.594  0.499  0.405  0.194 -0.010 -0.134 -0.148 -0.100 -0.032  0.067  0.171  0.187  0.177
  0.222  0.423  0.673  1.000  0.667  0.519  0.226  0.019  0.029  0.130  0.287  0.474  0.498  0.602  0.436  0.251  0.077 -0.068 -0.153 -0.329 -0.362 -0.481 -0.361 -0.347 -0.375 -0.237 -0.188 -0.252 -0.153 -0.039 -0.112 -0.114 -0.003  0.033 -0.057 -0.075 -0.163 -0.186 -0.153 -0.089 -0.046 -0.011  0.031  0.105  0.131  0.065  0.044  0.023 -0.035 -0.147 -0.288 -0.344 -0.441 -0.471 -0.437 -0.245 -0.236 -0.302 -0.153 -0.064  0.058  0.136  0.302  0.510  0.518  0.664  0.510  0.312  0.177  0.110  0.075  0.059  0.026 -0.125 -0.130 -0.129
 -0.197  0.000  0.251  0.667  1.000  0.820  0.513  0.231  0.195  0.194  0.411  0.564  0.607  0.409  0.265 -0.036 -0.188 -0.350 -0.401 -0.483 -0.432 -0.333 -0.099 -0.044 -0.148  0.002  0.144  0.071  0.116  0.260  0.202  0.147  0.204  0.239  0.205  0.197  0.116  0.095  0.068  0.169  0.267  0.256  0.338  0.384  0.308  0.186  0.217  0.225  0.247  0.133  0.032 -0.019 -0.165 -0.268 -0.398 -0.364 -0.422 -0.371 -0.235 -0.271 -0.193 -0.189 -0.121  0.082  0.204  0.505  0.650  0.580  0.525  0.377  0.230  0.069 -0.095 -0.441 -0.473 -0.456
 -0.282 -0.127  0.137  0.519  0.820  1.000  0.644  0.366  0.291  0.167  0.380  0.510  0.495  0.284  0.126 -0.134 -0.257 -0.409 -0.428 -0.496 -0.427 -0.277 -0.032  0.005 -0.114  0.024  0.172  0.082  0.109  0.262  0.211  0.134  0.188  0.242  0.216  0.232  0.165  0.152  0.136  0.255  0.366  0.348  0.418  0.468  0.368  0.219  0.266  0.266  0.306  0.200  0.110  0.048 -0.098 -0.188 -0.346 -0.330 -0.404 -0.317 -0.177 -0.248 -0.188 -0.212 -0.166  0.020  0.171  0.500  0.642  0.675  0.627  0.483  0.326  0.113 -0.090 -0.518 -0.563 -0.545
 -0.334 -0.236 -0.058  0.226  0.513  0.644  1.000  0.709  0.519  0.067  0.253  0.317  0.332  0.129  0.010 -0.188 -0.268 -0.378 -0.386 -0.404 -0.310 -0.152  0.042  0.081 -0.012  0.092  0.226  0.162  0.145  0.250  0.228  0.149  0.144  0.179  0.206  0.232  0.212  0.258  0.254  0.285  0.414  0.403  0.437  0.438  0.305  0.175  0.234  0.211  0.261  0.187  0.124  0.090 -0.013 -0.095 -0.254 -0.294 -0.359 -0.261 -0.171 -0.265 -0.245 -0.274 -0.270 -0.159 -0.044  0.207  0.387  0.600  0.574  0.435  0.247  0.055 -0.189 -0.520 -0.536 -0.510
 -0.253 -0.244 -0.117  0.019  0.231  0.366  0.709  1.000  0.692 -0.033  0.107  0.086  0.048 -0.080 -0.139 -0.200 -0.203 -0.234 -0.205 -0.193 -0.144 -0.033  0.043  0.058 -0.014  0.009  0.097  0.052  0.008  0.067  0.079  0.019  0.006  0.034  0.074  0.128  0.147  0.193  0.190  0.189  0.279  0.274  0.293  0.309  0.213  0.123  0.170  0.138  0.166  0.132  0.125  0.094  0.071  0.048 -0.061 -0.124 -0.151 -0.063 -0.032 -0.112 -0.135 -0.172 -0.206 -0.170 -0.064  0.073  0.240  0.437  0.401  0.268  0.180  0.020 -0.135 -0.406 -0.416 -0.387
 -0.274 -0.254 -0.135  0.029  0.195  0.291  0.519  0.692  1.000  0.225  0.289  0.244  0.134  0.002 -0.072 -0.154 -0.231 -0.287 -0.268 -0.247 -0.185 -0.045  0.070  0.097  0.029  0.061  0.157  0.112  0.053  0.091  0.105  0.040  0.006  0.029  0.078  0.122  0.161  0.236  0.238  0.204  0.288  0.300  0.291  0.264  0.156  0.083  0.129  0.129  0.194  0.155  0.130  0.103  0.052  0.011 -0.113 -0.193 -0.220 -0.115 -0.089 -0.174 -0.222 -0.246 -0.243 -0.184 -0.128  0.048  0.181  0.334  0.328  0.237  0.122  0.024 -0.176 -0.438 -0.424 -0.384
 -0.078 -0.001 -0.048  0.130  0.194  0.167  0.067 -0.033  0.225  1.000  0.651  0.419  0.242  0.158  0.075  0.028 -0.076 -0.121 -0.171 -0.193 -0.174 -0.165 -0.084 -0.043 -0.039  0.005  0.044  0.036  0.066  0.100  0.078  0.066  0.100  0.130  0.095  0.048  0.012  0.009  0.003 -0.033 -0.012 -0.015  0.022 -0.002 -0.037 -0.043 -0.050  0.012  0.047 -0.010 -0.058 -0.058 -0.140 -0.201 -0.229 -0.212 -0.218 -0.240 -0.211 -0.200 -0.167 -0.128 -0.088 -0.024 -0.059  0.057  0.027 -0.009  0.003 -0.013 -0.049 -0.015 -0.073 -0.118 -0.128 -0.132
 -0.149 -0.035  0.020  0.287  0.411  0.380  0.253  0.107  0.289  0.651  1.000  0.750  0.555  0.361  0.176  0.006 -0.128 -0.244 -0.290 -0.344 -0.309 -0.258 -0.090 -0.038 -0.080  0.015  0.099  0.064  0.111  0.190  0.155  0.140  0.190  0.231  0.187  0.131  0.065  0.055  0.026  0.034  0.086  0.076  0.140  0.124  0.075  0.035  0.048  0.084  0.124  0.039 -0.042 -0.051 -0.182 -0.274 -0.342 -0.308 -0.348 -0.346 -0.264 -0.268 -0.218 -0.194 -0.146 -0.019 -0.002  0.177  0.177  0.183  0.176  0.109  0.017 -0.006 -0.143 -0.266 -0.281 -0.274
 -0.114  0.049  0.164  0.474  0.564  0.510  0.317  0.086  0.244  0.419  0.750  1.000  0.780  0.582  0.329  0.093 -0.091 -0.264 -0.344 -0.427 -0.371 -0.346 -0.137 -0.073 -0.108  0.014  0.104  0.065  0.129  0.213  0.157  0.141  0.195  0.226  0.179  0.125  0.052  0.047  0.024  0.048  0.113  0.103  0.160  0.144  0.099  0.041  0.054  0.077  0.105  0.003 -0.114 -0.122 -0.284 -0.395 -0.453 -0.385 -0.438 -0.453 -0.344 -0.333 -0.251 -0.196 -0.112  0.061  0.078  0.270  0.250  0.262  0.224  0.141  0.010  0.009 -0.159 -0.260 -0.271 -0.259
 -0.054  0.108  0.236  0.498  0.607  0.495  0.332  0.048  0.134  0.242  0.555  0.780  1.000  0.761  0.509  0.217  0.024 -0.192 -0.314 -0.392 -0.306 -0.291 -0.098 -0.015 -0.046  0.066  0.148  0.118  0.168  0.230  0.171  0.158  0.198  0.210  0.177  0.119  0.051  0.050  0.018  0.035  0.106  0.082  0.134  0.114  0.073  0.043  0.049  0.057  0.070 -0.027 -0.124 -0.096 -0.245 -0.380 -0.435 -0.391 -0.455 -0.484 -0.389 -0.375 -0.287 -0.222 -0.119  0.048  0.035  0.215  0.220  0.235  0.223  0.136 -0.012 -0.016 -0.179 -0.243 -0.247 -0.233
  0.257  0.418  0.503  0.602  0.409  0.284  0.129 -0.080  0.002  0.158  0.361  0.582  0.761  1.000  0.740  0.482  0.266  0.052 -0.104 -0.237 -0.205 -0.349 -0.247 -0.187 -0.168 -0.078 -0.062 -0.083 -0.017  0.011 -0.051 -0.040  0.026  0.036 -0.023 -0.074 -0.133 -0.131 -0.126 -0.143 -0.114 -0.112 -0.092 -0.101 -0.072 -0.057 -0.087 -0.102 -0.144 -0.231 -0.337 -0.295 -0.399 -0.493 -0.432 -0.304 -0.319 -0.441 -0.361 -0.259 -0.139 -0.012  0.153  0.302  0.197  0.257  0.101  0.030 -0.021 -0.063 -0.134 -0.036 -0.099 -0.007  0.013  0.018
  0.336  0.497  0.518  0.436  0.265  0.126  0.010 -0.139 -0.072  0.075  0.176  0.329  0.509  0.740  1.000  0.675  0.424  0.199 -0.000 -0.098 -0.038 -0.195 -0.165 -0.103 -0.071 -0.011 -0.032 -0.047 -0.007 -0.014 -0.075 -0.062 -0.014 -0.033 -0.076 -0.109 -0.149 -0.135 -0.132 -0.166 -0.143 -0.162 -0.162 -0.190 -0.168 -0.109 -0.140 -0.165 -0.205 -0.261 -0.307 -0.223 -0.275 -0.371 -0.302 -0.228 -0.249 -0.377 -0.351 -0.251 -0.143 -0.009  0.170  0.253  0.098  0.106 -0.010 -0.093 -0.117 -0.140 -0.188 -0.080 -0.097  0.060  0.091  0.098
  0.638  0.639  0.453  0.251 -0.036 -0.134 -0.188 -0.200 -0.154  0.028  0.006  0.093  0.217  0.482  0.675  1.000  0.714  0.511  0.301  0.200  0.209 -0.093 -0.225 -0.212 -0.116 -0.158 -0.244 -0.230 -0.208 -0.259 -0.292 -0.250 -0.199 -0.218 -0.268 -0.291 -0.306 -0.299 -0.259 -0.308 -0.336 -0.325 -0.359 -0.385 -0.329 -0.225 -0.283 -0.315 -0.379 -0.399 -0.419 -0.331 -0.308 -0.314 -0.121 -0.024  0.011 -0.192 -0.248 -0.096 -0.003  0.164  0.365  0.333  0.090 -0.038 -0.222 -0.314 -0.337 -0.312 -0.279 -0.095 -0.005  0.296  0.334  0.326
  0.641  0.491  0.342  0.077 -0.188 -0.257 -0.268 -0.203 -0.231 -0.076 -0.128 -0.091  0.024  0.266  0.424  0.714  1.000  0.781  0.500  0.397  0.450  0.095 -0.123 -0.123 -0.033 -0.158 -0.262 -0.234 -0.250 -0.331 -0.340 -0.294 -0.261 -0.289 -0.323 -0.336 -0.328 -0.330 -0.289 -0.343 -0.382 -0.379 -0.412 -0.422 -0.352 -0.228 -0.283 -0.322 -0.393 -0.384 -0.342 -0.235 -0.151 -0.120  0.100  0.159  0.174 -0.021 -0.127 -0.004  0.056  0.178  0.324  0.224  0.043 -0.136 -0.301 -0.383 -0.398 -0.364 -0.298 -0.139  0.013  0.357  0.387  0.366
  0.632  0.462  0.235 -0.068 -0.350 -0.409 -0.378 -0.234 -0.287 -0.121 -0.244 -0.264 -0.192  0.052  0.199  0.511  0.781  1.000  0.750  0.631  0.583  0.173 -0.150 -0.185 -0.040 -0.224 -0.393 -0.327 -0.337 -0.449 -0.440 -0.365 -0.334 -0.373 -0.409 -0.417 -0.399 -0.412 -0.355 -0.411 -0.483 -0.453 -0.506 -0.498 -0.397 -0.262 -0.330 -0.385 -0.469 -0.434 -0.369 -0.276 -0.118 -0.018  0.270  0.350  0.416  0.204  0.061  0.203  0.205  0.283  0.368  0.226  0.058 -0.199 -0.376 -0.480 -0.507 -0.454 -0.342 -0.171  0.065  0.467  0.511  0.490
  0.472  0.309  0.127 -0.153 -0.401 -0.428 -0.386 -0.205 -0.268 -0.171 -0.290 -0.344 -0.314 -0.104 -0.000  0.301  0.500  0.750  1.000  0.759  0.547  0.182 -0.139 -0.217 -0.102 -0.273 -0.437 -0.378 -0.377 -0.478 -0.463 -0.384 -0.353 -0.385 -0.417 -0.417 -0.393 -0.410 -0.347 -0.383 -0.465 -0.415 -0.467 -0.437 -0.318 -0.218 -0.280 -0.337 -0.406 -0.361 -0.289 -0.247 -0.057  0.110  0.422  0.565  0.638  0.435  0.285  0.408  0.366  0.356  0.345  0.202  0.123 -0.149 -0.325 -0.429 -0.473 -0.413 -0.283 -0.166  0.087  0.436  0.472  0.447
  0.317  0.139 -0.044 -0.329 -0.483 -0.496 -0.404 -0.193 -0.247 -0.193 -0.344 -0.427 -0.392 -0.237 -0.098  0.200  0.397  0.631  0.759  1.000  0.778  0.433  0.069 -0.012  0.093 -0.132 -0.298 -0.228 -0.283 -0.416 -0.385 -0.327 -0.334 -0.374 -0.376 -0.366 -0.317 -0.318 -0.266 -0.318 -0.394 -0.369 -0.423 -0.431 -0.356 -0.246 -0.290 -0.327 -0.352 -0.271 -0.145 -0.064  0.145  0.311  0.587  0.562  0.631  0.486  0.283  0.351  0.258  0.202  0.163 -0.004 -0.066 -0.315 -0.404 -0.471 -0.459 -0.396 -0.280 -0.180  0.056  0.410  0.441  0.416
  0.227  0.041 -0.112 -0.362 -0.432 -0.427 -0.310 -0.144 -0.185 -0.174 -0.309 -0.371 -0.306 -0.205 -0.038  0.209  0.450  0.583  0.547  0.778  1.000  0.705  0.325  0.243  0.346  0.080 -0.086 -0.024 -0.134 -0.283 -0.259 -0.237 -0.270 -0.308 -0.288 -0.268 -0.211 -0.195 -0.163 -0.206 -0.252 -0.273 -0.320 -0.367 -0.346 -0.248 -0.269 -0.274 -0.256 -0.154  0.006  0.145  0.312  0.423  0.608  0.456  0.419  0.321  0.100  0.109  0.047  0.019  0.002 -0.148 -0.218 -0.390 -0.414 -0.422 -0.360 -0.300 -0.234 -0.153 -0.005  0.281  0.291  0.276
 -0.146 -0.306 -0.362 -0.481 -0.333 -0.277 -0.152 -0.033 -0.045 -0.165 -0.258 -0.346 -0.291 -0.349 -0.195 -0.093  0.095  0.173  0.182  0.433  0.705  1.000  0.729  0.620  0.657  0.435  0.264  0.282  0.143 -0.004 -0.003 -0.028 -0.098 -0.129 -0.078 -0.042  0.022  0.055  0.026  0.020  0.023 -0.045 -0.033 -0.091 -0.147 -0.110 -0.076 -0.031  0.069  0.211  0.415  0.571  0.658  0.699  0.635  0.336  0.218  0.292  0.093 -0.028 -0.126 -0.227 -0.306 -0.418 -0.399 -0.417 -0.281 -0.201 -0.095 -0.067 -0.076 -0.124 -0.075 -0.027 -0.044 -0.038
 -0.367 -0.438 -0.400 -0.361 -0.099 -0.032  0.042  0.043  0.070 -0.084 -0.090 -0.137 -0.098 -0.247 -0.165 -0.225 -0.123 -0.150 -0.139  0.069  0.325  0.729  1.000  0.821  0.667  0.605  0.580  0.497  0.313  0.229  0.222  0.140  0.046  0.040  0.108  0.148  0.222  0.288  0.212  0.200  0.256  0.170  0.245  0.181  0.091  0.061  0.123  0.209  0.355  0.478  0.609  0.742  0.640  0.574  0.367  0.098 -0.079  0.071 -0.007 -0.198 -0.268 -0.374 -0.453 -0.482 -0.405 -0.278 -0.074  0.060  0.158  0.140  0.059 -0.076 -0.151 -0.305 -0.339 -0.321
 -0.409 -0.463 -0.412 -0.347 -0.044  0.005  0.081  0.058  0.097 -0.043 -0.038 -0.073 -0.015 -0.187 -0.103 -0.212 -0.123 -0.185 -0.217 -0.012  0.243  0.620  0.821  1.000  0.808  0.613  0.707  0.686  0.456  0.365  0.381  0.296  0.185  0.160  0.239  0.250  0.286  0.344  0.228  0.223  0.310  0.144  0.219  0.165  0.062  0.078  0.137  0.209  0.330  0.429  0.586  0.763  0.671  0.495  0.264 -0.049 -0.218 -0.058 -0.139 -0.343 -0.397 -0.471 -0.533 -0.551 -0.488 -0.320 -0.082  0.066  0.182  0.130  0.025 -0.105 -0.237 -0.349 -0.368 -0.341
 -0.268 -0.345 -0.384 -0.375 -0.148 -0.114 -0.012 -0.014  0.029 -0.039 -0.080 -0.108 -0.046 -0.168 -0.071 -0.116 -0.033 -0.040 -0.102  0.093  0.346  0.657  0.667  0.808  1.000  0.744  0.585  0.663  0.523  0.322  0.305  0.271  0.154  0.098  0.165  0.161  0.198  0.239  0.152  0.137  0.191  0.055  0.077 -0.011 -0.117 -0.074 -0.036  0.022  0.127  0.222  0.380  0.564  0.531  0.394  0.255 -0.022 -0.153 -0.069 -0.189 -0.322 -0.375 -0.418 -0.448 -0.488 -0.493 -0.392 -0.223 -0.097  0.029  0.018 -0.071 -0.112 -0.196 -0.177 -0.184 -0.164
 -0.334 -0.335 -0.324 -0.237  0.002  0.024  0.092  0.009  0.061  0.005  0.015  0.014  0.066 -0.078 -0.011 -0.158 -0.158 -0.224 -0.273 -0.132  0.080  0.435  0.605  0.613  0.744  1.000  0.739  0.640  0.636  0.510  0.394  0.347  0.246  0.181  0.226  0.219  0.264  0.337  0.232  0.189  0.261  0.178  0.225  0.128  0.019  0.009  0.058  0.107  0.205  0.252  0.312  0.451  0.354  0.210  0.021 -0.173 -0.284 -0.189 -0.226 -0.339 -0.375 -0.415 -0.438 -0.412 -0.391 -0.234 -0.080  0.051  0.135  0.102 -0.024 -0.088 -0.201 -0.278 -0.280 -0.255
 -0.492 -0.452 -0.361 -0.188  0.144  0.172  0.226  0.097  0.157  0.044  0.099  0.104  0.148 -0.062 -0.032 -0.244 -0.262 -0.393 -0.437 -0.298 -0.086  0.264  0.580  0.707  0.585  0.739  1.000  0.846  0.651  0.675  0.664  0.512  0.381  0.381  0.469  0.478  0.513  0.589  0.445  0.380  0.489  0.329  0.386  0.296  0.153  0.128  0.199  0.250  0.368  0.387  0.439  0.556  0.397  0.187 -0.071 -0.300 -0.440 -0.283 -0.274 -0.456 -0.484 -0.531 -0.567 -0.505 -0.435 -0.180  0.056  0.229  0.332  0.267  0.119 -0.015 -0.262 -0.505 -0.524 -0.489
 -0.459 -0.435 -0.389 -0.252  0.071  0.082  0.162  0.052  0.112  0.036  0.064  0.065  0.118 -0.083 -0.047 -0.230 -0.234 -0.327 -0.378 -0.228 -0.024  0.282  0.497  0.686  0.663  0.640  0.846  1.000  0.784  0.669  0.729  0.643  0.466  0.417  0.523  0.483  0.493  0.523  0.382  0.339  0.427  0.243  0.265  0.166  0.016  0.038  0.097  0.143  0.255  0.285  0.380  0.501  0.394  0.192 -0.031 -0.278 -0.402 -0.266 -0.298 -0.466 -0.503 -0.539 -0.574 -0.536 -0.497 -0.280 -0.054  0.105  0.234  0.184  0.050 -0.042 -0.277 -0.409 -0.424 -0.390
 -0.392 -0.336 -0.304 -0.153  0.116  0.109  0.145  0.008  0.053  0.066  0.111  0.129  0.168 -0.017 -0.007 -0.208 -0.250 -0.337 -0.377 -0.283 -0.134  0.143  0.313  0.456  0.523  0.636  0.651  0.784  1.000  0.815  0.688  0.744  0.645  0.497  0.506  0.391  0.318  0.333  0.186  0.186  0.299  0.139  0.175  0.101 -0.011  0.018  0.054  0.089  0.157  0.159  0.222  0.328  0.236  0.053 -0.141 -0.315 -0.402 -0.303 -0.313 -0.422 -0.439 -0.451 -0.465 -0.400 -0.373 -0.183 -0.031  0.081  0.163  0.093 -0.041 -0.108 -0.276 -0.307 -0.304 -0.272
 -0.459 -0.364 -0.271 -0.039  0.260  0.262  0.250  0.067  0.091  0.100  0.190  0.213  0.230  0.011 -0.014 -0.259 -0.331 -0.449 -0.478 -0.416 -0.283 -0.004  0.229  0.365  0.322  0.510  0.675  0.669  0.815  1.000  0.851  0.764  0.738  0.704  0.687  0.619  0.488  0.468  0.331  0.350  0.466  0.281  0.308  0.253  0.125  0.111  0.168  0.191  0.258  0.210  0.228  0.298  0.171 -0.020 -0.246 -0.388 -0.475 -0.351 -0.307 -0.430 -0.430 -0.450 -0.465 -0.361 -0.289 -0.044  0.129  0.265  0.339  0.278  0.136  0.014 -0.246 -0.482 -0.504 -0.472
 -0.480 -0.406 -0.322 -0.112  0.202  0.211  0.228  0.079  0.105  0.078  0.155  0.157  0.171 -0.051 -0.075 -0.292 -0.340 -0.440 -0.463 -0.385 -0.259 -0.003  0.222  0.381  0.305  0.394  0.664  0.729  0.688  0.851  1.000  0.846  0.703  0.725  0.802  0.743  0.662  0.609  0.475  0.450  0.505  0.320  0.311  0.243  0.099  0.100  0.161  0.182  0.259  0.221  0.259  0.312  0.198  0.017 -0.204 -0.365 -0.446 -0.314 -0.282 -0.422 -0.442 -0.473 -0.507 -0.426 -0.353 -0.115  0.080  0.232  0.334  0.298  0.175  0.058 -0.244 -0.506 -0.538 -0.505
 -0.392 -0.325 -0.281 -0.114  0.147  0.134  0.149  0.019  0.040  0.066  0.140  0.141  0.158 -0.040 -0.062 -0.250 -0.294 -0.365 -0.384 -0.327 -0.237 -0.028  0.140  0.296  0.271  0.347  0.512  0.643  0.744  0.764  0.846  1.000  0.846  0.701  0.725  0.548  0.410  0.371  0.224  0.224  0.308  0.135  0.159  0.124  0.035  0.073  0.105  0.122  0.156  0.125  0.170  0.234  0.149 -0.017 -0.192 -0.323 -0.381 -0.285 -0.269 -0.367 -0.381 -0.391 -0.417 -0.348 -0.302 -0.121  0.019  0.119  0.187  0.118  0.007 -0.076 -0.273 -0.339 -0.349 -0.318
 -0.316 -0.231 -0.180 -0.003  0.204  0.188  0.144  0.006  0.006  0.100  0.190  0.195  0.198  0.026 -0.014 -0.199 -0.261 -0.334 -0.353 -0.334 -0.270 -0.098  0.046  0.185  0.154  0.246  0.381  0.466  0.645  0.738  0.703  0.846  1.000  0.836  0.702  0.526  0.260  0.205  0.079  0.126  0.246  0.068  0.117  0.123  0.069  0.089  0.110  0.123  0.133  0.081  0.102  0.163  0.071 -0.078 -0.226 -0.307 -0.357 -0.284 -0.248 -0.316 -0.300 -0.293 -0.299 -0.215 -0.168 -0.007  0.089  0.151  0.185  0.115  0.017 -0.074 -0.235 -0.315 -0.329 -0.303
 -0.340 -0.247 -0.175  0.033  0.239  0.242  0.179  0.034  0.029  0.130  0.231  0.226  0.210  0.036 -0.033 -0.218 -0.289 -0.373 -0.385 -0.374 -0.308 -0.129  0.040  0.160  0.098  0.181  0.381  0.417  0.497  0.704  0.725  0.701  0.836  1.000  0.877  0.760  0.470  0.354  0.256  0.291  0.377  0.184  0.202  0.203  0.120  0.111  0.148  0.163  0.192  0.122  0.124  0.160  0.045 -0.096 -0.254 -0.320 -0.377 -0.295 -0.234 -0.316 -0.291 -0.298 -0.304 -0.208 -0.145  0.036  0.144  0.234  0.285  0.259  0.173  0.058 -0.186 -0.428 -0.468 -0.446
 -0.413 -0.333 -0.262 -0.057  0.205  0.216  0.206  0.074  0.078  0.095  0.187  0.179  0.177 -0.023 -0.076 -0.268 -0.323 -0.409 -0.417 -0.376 -0.288 -0.078  0.108  0.239  0.165  0.226  0.469  0.523  0.506  0.687  0.802  0.725  0.702  0.877  1.000  0.887  0.679  0.538  0.426  0.433  0.479  0.288  0.271  0.236  0.110  0.106  0.161  0.176  0.234  0.171  0.191  0.224  0.110 -0.040 -0.225 -0.333 -0.399 -0.292 -0.243 -0.358 -0.357 -0.382 -0.407 -0.322 -0.253 -0.052  0.108  0.245  0.336  0.329  0.236  0.113 -0.195 -0.487 -0.535 -0.510
 -0.439 -0.368 -0.279 -0.075  0.197  0.232  0.232  0.128  0.122  0.048  0.131  0.125  0.119 -0.074 -0.109 -0.291 -0.336 -0.417 -0.417 -0.366 -0.268 -0.042  0.148  0.250  0.161  0.219  0.478  0.483  0.391  0.619  0.743  0.548  0.526  0.760  0.887  1.000  0.828  0.654  0.550  0.563  0.575  0.405  0.357  0.308  0.154  0.117  0.189  0.205  0.290  0.229  0.241  0.249  0.140  0.010 -0.187 -0.305 -0.376 -0.249 -0.194 -0.329 -0.340 -0.386 -0.424 -0.346 -0.259 -0.044  0.142  0.307  0.408  0.438  0.349  0.213 -0.125 -0.547 -0.606 -0.582
 -0.451 -0.411 -0.327 -0.163  0.116  0.165  0.212  0.147  0.161  0.012  0.065  0.052  0.051 -0.133 -0.149 -0.306 -0.328 -0.399 -0.393 -0.317 -0.211  0.022  0.222  0.286  0.198  0.264  0.513  0.493  0.318  0.488  0.662  0.410  0.260  0.470  0.679  0.828  1.000  0.854  0.707  0.638  0.572  0.465  0.385  0.297  0.124  0.089  0.168  0.186  0.291  0.264  0.291  0.278  0.182  0.074 -0.126 -0.268 -0.337 -0.196 -0.159 -0.309 -0.352 -0.415 -0.470 -0.418 -0.333 -0.127  0.079  0.258  0.374  0.413  0.335  0.230 -0.100 -0.510 -0.561 -0.534
 -0.470 -0.441 -0.339 -0.186  0.095  0.152  0.258  0.193  0.236  0.009  0.055  0.047  0.050 -0.131 -0.135 -0.299 -0.330 -0.412 -0.410 -0.318 -0.195  0.055  0.288  0.344  0.239  0.337  0.589  0.523  0.333  0.468  0.609  0.371  0.205  0.354  0.538  0.654  0.854  1.000  0.824  0.607  0.598  0.523  0.436  0.315  0.132  0.085  0.173  0.191  0.311  0.302  0.317  0.309  0.204  0.092 -0.121 -0.283 -0.353 -0.200 -0.171 -0.326 -0.390 -0.454 -0.508 -0.455 -0.378 -0.156  0.057  0.252  0.355  0.382  0.276  0.175 -0.144 -0.511 -0.544 -0.510
 -0.401 -0.384 -0.286 -0.153  0.068  0.136  0.254  0.190  0.238  0.003  0.026  0.024  0.018 -0.126 -0.132 -0.259 -0.289 -0.355 -0.347 -0.266 -0.163  0.026  0.212  0.228  0.152  0.232  0.445  0.382  0.186  0.331  0.475  0.224  0.079  0.256  0.426  0.550  0.707  0.824  1.000  0.738  0.664  0.625  0.468  0.306  0.100  0.016  0.112  0.134  0.268  0.261  0.246  0.206  0.127  0.063 -0.113 -0.236 -0.283 -0.149 -0.113 -0.249 -0.316 -0.384 -0.430 -0.387 -0.324 -0.137  0.046  0.240  0.369  0.465  0.414  0.324 -0.013 -0.449 -0.524 -0.512
 -0.445 -0.414 -0.272 -0.089  0.169  0.255  0.285  0.189  0.204 -0.033  0.034  0.048  0.035 -0.143 -0.166 -0.308 -0.343 -0.411 -0.383 -0.318 -0.206  0.020  0.200  0.223  0.137  0.189  0.380  0.339  0.186  0.350  0.450  0.224  0.126  0.291  0.433  0.563  0.638  0.607  0.738  1.000  0.831  0.742  0.570  0.415  0.177  0.042  0.157  0.205  0.358  0.321  0.293  0.238  0.154  0.091 -0.111 -0.227 -0.294 -0.136 -0.070 -0.230 -0.275 -0.363 -0.418 -0.361 -0.261 -0.046  0.172  0.369  0.550  0.674  0.671  0.543  0.159 -0.510 -0.640 -0.645
 -0.513 -0.459 -0.283 -0.046  0.267  0.366  0.414  0.279  0.288 -0.012  0.086  0.113  0.106 -0.114 -0.143 -0.336 -0.382 -0.483 -0.465 -0.394 -0.252  0.023  0.256  0.310  0.191  0.261  0.489  0.427  0.299  0.466  0.505  0.308  0.246  0.377  0.479  0.575  0.572  0.598  0.664  0.831  1.000  0.804  0.674  0.523  0.263  0.101  0.232  0.282  0.443  0.397  0.360  0.317  0.196  0.100 -0.145 -0.287 -0.379 -0.197 -0.118 -0.302 -0.339 -0.431 -0.477 -0.388 -0.267  0.004  0.267  0.504  0.679  0.740  0.641  0.417  0.008 -0.608 -0.725 -0.718
 -0.450 -0.398 -0.229 -0.011  0.256  0.348  0.403  0.274  0.300 -0.015  0.076  0.103  0.082 -0.112 -0.162 -0.325 -0.379 -0.453 -0.415 -0.369 -0.273 -0.045  0.170  0.144  0.055  0.178  0.329  0.243  0.139  0.281  0.320  0.135  0.068  0.184  0.288  0.405  0.465  0.523  0.625  0.742  0.804  1.000  0.808  0.585  0.301  0.070  0.196  0.256  0.441  0.409  0.306  0.183  0.085  0.062 -0.151 -0.235 -0.289 -0.125 -0.029 -0.178 -0.229 -0.331 -0.382 -0.299 -0.184  0.055  0.293  0.519  0.682  0.785  0.642  0.453  0.092 -0.540 -0.647 -0.643
 -0.484 -0.409 -0.231  0.031  0.338  0.418  0.437  0.293  0.291  0.022  0.140  0.160  0.134 -0.092 -0.162 -0.359 -0.412 -0.506 -0.467 -0.423 -0.320 -0.033  0.245  0.219  0.077  0.225  0.386  0.265  0.175  0.308  0.311  0.159  0.117  0.202  0.271  0.357  0.385  0.436  0.468  0.570  0.674  0.808  1.000  0.805  0.508  0.210  0.337  0.398  0.594  0.556  0.423  0.299  0.147  0.090 -0.160 -0.255 -0.339 -0.160 -0.041 -0.208 -0.230 -0.329 -0.380 -0.279 -0.134  0.136  0.415  0.652  0.720  0.690  0.510  0.263 -0.021 -0.586 -0.678 -0.667
 -0.445 -0.360 -0.162  0.105  0.384  0.468  0.438  0.309  0.264 -0.002  0.124  0.144  0.114 -0.101 -0.190 -0.385 -0.422 -0.498 -0.437 -0.431 -0.367 -0.091  0.181  0.165 -0.011  0.128  0.296  0.166  0.101  0.253  0.243  0.124  0.123  0.203  0.236  0.308  0.297  0.315  0.306  0.415  0.523  0.585  0.805  1.000  0.782  0.443  0.567  0.610  0.657  0.536  0.398  0.280  0.134  0.075 -0.170 -0.227 -0.306 -0.142 -0.005 -0.149 -0.136 -0.215 -0.264 -0.161  0.011  0.267  0.537  0.743  0.684  0.593  0.420  0.130 -0.065 -0.592 -0.668 -0.651
 -0.313 -0.230 -0.075  0.131  0.308  0.368  0.305  0.213  0.156 -0.037  0.075  0.099  0.073 -0.072 -0.168 -0.329 -0.352 -0.397 -0.318 -0.356 -0.346 -0.147  0.091  0.062 -0.117  0.019  0.153  0.016 -0.011  0.125  0.099  0.035  0.069  0.120  0.110  0.154  0.124  0.132  0.100  0.177  0.263  0.301  0.508  0.782  1.000  0.691  0.616  0.613  0.504  0.440  0.306  0.188  0.052  0.019 -0.157 -0.143 -0.214 -0.105  0.040 -0.048  0.009 -0.026 -0.086 -0.010  0.167  0.350  0.513  0.590  0.463  0.345  0.233 -0.002 -0.068 -0.439 -0.476 -0.462
 -0.220 -0.167 -0.068  0.065  0.186  0.219  0.175  0.123  0.083 -0.043  0.035  0.041  0.043 -0.057 -0.109 -0.225 -0.228 -0.262 -0.218 -0.246 -0.248 -0.110  0.061  0.078 -0.074  0.009  0.128  0.038  0.018  0.111  0.100  0.073  0.089  0.111  0.106  0.117  0.089  0.085  0.016  0.042  0.101  0.070  0.210  0.443  0.691  1.000  0.750  0.536  0.319  0.251  0.199  0.164  0.073  0.006 -0.123 -0.127 -0.176 -0.107 -0.021 -0.071 -0.030 -0.046 -0.084 -0.046  0.051  0.166  0.304  0.358  0.243  0.123  0.061 -0.104 -0.115 -0.321 -0.312 -0.291
 -0.305 -0.251 -0.110  0.044  0.217  0.266  0.234  0.170  0.129 -0.050  0.048  0.054  0.049 -0.087 -0.140 -0.283 -0.283 -0.330 -0.280 -0.290 -0.269 -0.076  0.123  0.137 -0.036  0.058  0.199  0.097  0.054  0.168  0.161  0.105  0.110  0.148  0.161  0.189  0.168  0.173  0.112  0.157  0.232  0.196  0.337  0.567  0.616  0.750  1.000  0.731  0.491  0.321  0.246  0.224  0.128  0.055 -0.117 -0.150 -0.207 -0.103 -0.013 -0.094 -0.075 -0.115 -0.160 -0.111 -0.004  0.136  0.316  0.430  0.351  0.246  0.162 -0.046 -0.108 -0.416 -0.433 -0.411
 -0.358 -0.301 -0.160  0.023  0.225  0.266  0.211  0.138  0.129  0.012  0.084  0.077  0.057 -0.102 -0.165 -0.315 -0.322 -0.385 -0.337 -0.327 -0.274 -0.031  0.209  0.209  0.022  0.107  0.250  0.143  0.089  0.191  0.182  0.122  0.123  0.163  0.176  0.205  0.186  0.191  0.134  0.205  0.282  0.256  0.398  0.610  0.613  0.536  0.731  1.000  0.748  0.528  0.376  0.327  0.173  0.095 -0.111 -0.169 -0.252 -0.117 -0.007 -0.128 -0.116 -0.173 -0.223 -0.162 -0.044  0.136  0.313  0.405  0.372  0.295  0.210 -0.009 -0.080 -0.427 -0.481 -0.463
 -0.480 -0.420 -0.252 -0.035  0.247  0.306  0.261  0.166  0.194  0.047  0.124  0.105  0.070 -0.144 -0.205 -0.379 -0.393 -0.469 -0.406 -0.352 -0.256  0.069  0.355  0.330  0.127  0.205  0.368  0.255  0.157  0.258  0.259  0.156  0.133  0.192  0.234  0.290  0.291  0.311  0.268  0.358  0.443  0.441  0.594  0.657  0.504  0.319  0.491  0.748  1.000  0.776  0.574  0.469  0.276  0.218 -0.043 -0.154 -0.261 -0.061  0.055 -0.136 -0.166 -0.284 -0.361 -0.287 -0.138  0.099  0.329  0.468  0.496  0.452  0.330  0.088 -0.063 -0.531 -0.601 -0.584
 -0.487 -0.454 -0.314 -0.147  0.133  0.200  0.187  0.132  0.155 -0.010  0.039  0.003 -0.027 -0.231 -0.261 -0.399 -0.384 -0.434 -0.361 -0.271 -0.154  0.211  0.478  0.429  0.222  0.252  0.387  0.285  0.159  0.210  0.221  0.125  0.081  0.122  0.171  0.229  0.264  0.302  0.261  0.321  0.397  0.409  0.556  0.536  0.440  0.251  0.321  0.528  0.776  1.000  0.812  0.624  0.405  0.381  0.096 -0.056 -0.185  0.045  0.147 -0.080 -0.128 -0.272 -0.391 -0.350 -0.192  0.022  0.254  0.362  0.415  0.386  0.280  0.051 -0.068 -0.461 -0.526 -0.513
 -0.514 -0.534 -0.401 -0.288  0.032  0.110  0.124  0.125  0.130 -0.058 -0.042 -0.114 -0.124 -0.337 -0.307 -0.419 -0.342 -0.369 -0.289 -0.145  0.006  0.415  0.609  0.586  0.380  0.312  0.439  0.380  0.222  0.228  0.259  0.170  0.102  0.124  0.191  0.241  0.291  0.317  0.246  0.293  0.360  0.306  0.423  0.398  0.306  0.199  0.246  0.376  0.574  0.812  1.000  0.840  0.669  0.618  0.301  0.049 -0.102  0.165  0.181 -0.088 -0.169 -0.332 -0.474 -0.476 -0.307 -0.114  0.151  0.261  0.341  0.310  0.227 -0.003 -0.104 -0.425 -0.483 -0.466
 -0.475 -0.522 -0.426 -0.344 -0.019  0.048  0.090  0.094  0.103 -0.058 -0.051 -0.122 -0.096 -0.295 -0.223 -0.331 -0.235 -0.276 -0.247 -0.064  0.145  0.571  0.742  0.763  0.564  0.451  0.556  0.501  0.328  0.298  0.312  0.234  0.163  0.160  0.224  0.249  0.278  0.309  0.206  0.238  0.317  0.183  0.299  0.280  0.188  0.164  0.224  0.327  0.469  0.624  0.840  1.000  0.819  0.655  0.344  0.028 -0.150  0.085  0.025 -0.232 -0.298 -0.419 -0.525 -0.537 -0.414 -0.232  0.032  0.156  0.253  0.202  0.119 -0.073 -0.172 -0.395 -0.433 -0.410
 -0.387 -0.487 -0.425 -0.441 -0.165 -0.098 -0.013  0.071  0.052 -0.140 -0.182 -0.284 -0.245 -0.399 -0.275 -0.308 -0.151 -0.118 -0.057  0.145  0.312  0.658  0.640  0.671  0.531  0.354  0.397  0.394  0.236  0.171  0.198  0.149  0.071  0.045  0.110  0.140  0.182  0.204  0.127  0.154  0.196  0.085  0.147  0.134  0.052  0.073  0.128  0.173  0.276  0.405  0.669  0.819  1.000  0.824  0.548  0.214  0.081  0.287  0.142 -0.078 -0.185 -0.320 -0.447 -0.516 -0.406 -0.321 -0.080  0.020  0.116  0.085  0.042 -0.116 -0.139 -0.248 -0.267 -0.249
 -0.309 -0.443 -0.398 -0.471 -0.268 -0.188 -0.095  0.048  0.011 -0.201 -0.274 -0.395 -0.380 -0.493 -0.371 -0.314 -0.120 -0.018  0.110  0.311  0.423  0.699  0.574  0.495  0.394  0.210  0.187  0.192  0.053 -0.020  0.017 -0.017 -0.078 -0.096 -0.040  0.010  0.074  0.092  0.063  0.091  0.100  0.062  0.090  0.075  0.019  0.006  0.055  0.095  0.218  0.381  0.618  0.655  0.824  1.000  0.779  0.460  0.341  0.542  0.363  0.154  0.015 -0.161 -0.317 -0.420 -0.300 -0.297 -0.109 -0.042  0.039  0.046  0.047 -0.101 -0.051 -0.137 -0.165 -0.160
 -0.047 -0.212 -0.259 -0.437 -0.398 -0.346 -0.254 -0.061 -0.113 -0.229 -0.342 -0.453 -0.435 -0.432 -0.302 -0.121  0.100  0.270  0.422  0.587  0.608  0.635  0.367  0.264  0.255  0.021 -0.071 -0.031 -0.141 -0.246 -0.204 -0.192 -0.226 -0.254 -0.225 -0.187 -0.126 -0.121 -0.113 -0.111 -0.145 -0.151 -0.160 -0.170 -0.157 -0.123 -0.117 -0.111 -0.043  0.096  0.301  0.344  0.548  0.779  1.000  0.754  0.625  0.688  0.460  0.353  0.225  0.054 -0.080 -0.223 -0.156 -0.292 -0.243 -0.246 -0.199 -0.160 -0.093 -0.144  0.010  0.111  0.103  0.092
  0.140  0.021 -0.056 -0.245 -0.364 -0.330 -0.294 -0.124 -0.193 -0.212 -0.308 -0.385 -0.391 -0.304 -0.228 -0.024  0.159  0.350  0.565  0.562  0.456  0.336  0.098 -0.049 -0.022 -0.173 -0.300 -0.278 -0.315 -0.388 -0.365 -0.323 -0.307 -0.320 -0.333 -0.305 -0.268 -0.283 -0.236 -0.227 -0.287 -0.235 -0.255 -0.227 -0.143 -0.127 -0.150 -0.169 -0.154 -0.056  0.049  0.028  0.214  0.460  0.754  1.000  0.804  0.699  0.608  0.598  0.546  0.340  0.208  0.065  0.112 -0.105 -0.191 -0.254 -0.280 -0.218 -0.115 -0.119  0.088  0.219  0.214  0.190
  0.231  0.097  0.001 -0.236 -0.422 -0.404 -0.359 -0.151 -0.220 -0.218 -0.348 -0.438 -0.455 -0.319 -0.249  0.011  0.174  0.416  0.638  0.631  0.419  0.218 -0.079 -0.218 -0.153 -0.284 -0.440 -0.402 -0.402 -0.475 -0.446 -0.381 -0.357 -0.377 -0.399 -0.376 -0.337 -0.353 -0.283 -0.294 -0.379 -0.289 -0.339 -0.306 -0.214 -0.176 -0.207 -0.252 -0.261 -0.185 -0.102 -0.150  0.081  0.341  0.625  0.804  1.000  0.831  0.653  0.724  0.569  0.405  0.304  0.151  0.163 -0.103 -0.226 -0.323 -0.363 -0.294 -0.159 -0.124  0.132  0.346  0.359  0.329
  0.004 -0.132 -0.127 -0.302 -0.371 -0.317 -0.261 -0.063 -0.115 -0.240 -0.346 -0.453 -0.484 -0.441 -0.377 -0.192 -0.021  0.204  0.435  0.486  0.321  0.292  0.071 -0.058 -0.069 -0.189 -0.283 -0.266 -0.303 -0.351 -0.314 -0.285 -0.284 -0.295 -0.292 -0.249 -0.196 -0.200 -0.149 -0.136 -0.197 -0.125 -0.160 -0.142 -0.105 -0.107 -0.103 -0.117 -0.061  0.045  0.165  0.085  0.287  0.542  0.688  0.699  0.831  1.000  0.814  0.699  0.475  0.262  0.129 -0.007  0.064 -0.116 -0.136 -0.190 -0.196 -0.138 -0.026 -0.076  0.120  0.162  0.158  0.138
 -0.032 -0.100 -0.041 -0.153 -0.235 -0.177 -0.171 -0.032 -0.089 -0.211 -0.264 -0.344 -0.389 -0.361 -0.351 -0.248 -0.127  0.061  0.285  0.283  0.100  0.093 -0.007 -0.139 -0.189 -0.226 -0.274 -0.298 -0.313 -0.307 -0.282 -0.269 -0.248 -0.234 -0.243 -0.194 -0.159 -0.171 -0.113 -0.070 -0.118 -0.029 -0.041 -0.005  0.040 -0.021 -0.013 -0.007  0.055  0.147  0.181  0.025  0.142  0.363  0.460  0.608  0.653  0.814  1.000  0.802  0.646  0.373  0.215  0.099  0.200  0.045  0.014 -0.042 -0.076 -0.018  0.081 -0.002  0.147  0.055  0.034  0.015
  0.184  0.122  0.105 -0.064 -0.271 -0.248 -0.265 -0.112 -0.174 -0.200 -0.268 -0.333 -0.375 -0.259 -0.251 -0.096 -0.004  0.203  0.408  0.351  0.109 -0.028 -0.198 -0.343 -0.322 -0.339 -0.456 -0.466 -0.422 -0.430 -0.422 -0.367 -0.316 -0.316 -0.358 -0.329 -0.309 -0.326 -0.249 -0.230 -0.302 -0.178 -0.208 -0.149 -0.048 -0.071 -0.094 -0.128 -0.136 -0.080 -0.088 -0.232 -0.078  0.154  0.353  0.598  0.724  0.699  0.802  1.000  0.809  0.557  0.424  0.293  0.334  0.098 -0.036 -0.150 -0.228 -0.171 -0.040 -0.045  0.183  0.242  0.240  0.212
  0.266  0.257  0.221  0.058 -0.193 -0.188 -0.245 -0.135 -0.222 -0.167 -0.218 -0.251 -0.287 -0.139 -0.143 -0.003  0.056  0.205  0.366  0.258  0.047 -0.126 -0.268 -0.397 -0.375 -0.375 -0.484 -0.503 -0.439 -0.430 -0.442 -0.381 -0.300 -0.291 -0.357 -0.340 -0.352 -0.390 -0.316 -0.275 -0.339 -0.229 -0.230 -0.136  0.009 -0.030 -0.075 -0.116 -0.166 -0.128 -0.169 -0.298 -0.185  0.015  0.225  0.546  0.569  0.475  0.646  0.809  1.000  0.784  0.591  0.441  0.502  0.220  0.031 -0.104 -0.219 -0.169 -0.043 -0.038  0.182  0.245  0.239  0.207
  0.448  0.435  0.340  0.136 -0.189 -0.212 -0.274 -0.172 -0.246 -0.128 -0.194 -0.196 -0.222 -0.012 -0.009  0.164  0.178  0.283  0.356  0.202  0.019 -0.227 -0.374 -0.471 -0.418 -0.415 -0.531 -0.539 -0.451 -0.450 -0.473 -0.391 -0.293 -0.298 -0.382 -0.386 -0.415 -0.454 -0.384 -0.363 -0.431 -0.331 -0.329 -0.215 -0.026 -0.046 -0.115 -0.173 -0.284 -0.272 -0.332 -0.419 -0.320 -0.161  0.054  0.340  0.405  0.262  0.373  0.557  0.784  1.000  0.787  0.589  0.593  0.262 -0.004 -0.166 -0.303 -0.267 -0.136 -0.068  0.174  0.342  0.355  0.323
  0.618  0.620  0.510  0.302 -0.121 -0.166 -0.270 -0.206 -0.243 -0.088 -0.146 -0.112 -0.119  0.153  0.170  0.365  0.324  0.368  0.345  0.163  0.002 -0.306 -0.453 -0.533 -0.448 -0.438 -0.567 -0.574 -0.465 -0.465 -0.507 -0.417 -0.299 -0.304 -0.407 -0.424 -0.470 -0.508 -0.430 -0.418 -0.477 -0.382 -0.380 -0.264 -0.086 -0.084 -0.160 -0.223 -0.361 -0.391 -0.474 -0.525 -0.447 -0.317 -0.080  0.208  0.304  0.129  0.215  0.424  0.591  0.787  1.000  0.831  0.661  0.353  0.014 -0.171 -0.327 -0.300 -0.172 -0.068  0.179  0.377  0.398  0.369
  0.530  0.638  0.594  0.510  0.082  0.020 -0.159 -0.170 -0.184 -0.024 -0.019  0.061  0.048  0.302  0.253  0.333  0.224  0.226  0.202 -0.004 -0.148 -0.418 -0.482 -0.551 -0.488 -0.412 -0.505 -0.536 -0.400 -0.361 -0.426 -0.348 -0.215 -0.208 -0.322 -0.346 -0.418 -0.455 -0.387 -0.361 -0.388 -0.299 -0.279 -0.161 -0.010 -0.046 -0.111 -0.162 -0.287 -0.350 -0.476 -0.537 -0.516 -0.420 -0.223  0.065  0.151 -0.007  0.099  0.293  0.441  0.589  0.831  1.000  0.808  0.551  0.188 -0.020 -0.201 -0.197 -0.111 -0.038  0.144  0.264  0.282  0.260
  0.312  0.406  0.499  0.518  0.204  0.171 -0.044 -0.064 -0.128 -0.059 -0.002  0.078  0.035  0.197  0.098  0.090  0.043  0.058  0.123 -0.066 -0.218 -0.399 -0.405 -0.488 -0.493 -0.391 -0.435 -0.497 -0.373 -0.289 -0.353 -0.302 -0.168 -0.145 -0.253 -0.259 -0.333 -0.378 -0.324 -0.261 -0.267 -0.184 -0.134  0.011  0.167  0.051 -0.004 -0.044 -0.138 -0.192 -0.307 -0.414 -0.406 -0.300 -0.156  0.112  0.163  0.064  0.200  0.334  0.502  0.593  0.661  0.808  1.000  0.734  0.405  0.171 -0.030 -0.056 -0.000 -0.024  0.113  0.107  0.111  0.091
  0.050  0.191  0.405  0.664  0.505  0.500  0.207  0.073  0.048  0.057  0.177  0.270  0.215  0.257  0.106 -0.038 -0.136 -0.199 -0.149 -0.315 -0.390 -0.417 -0.278 -0.320 -0.392 -0.234 -0.180 -0.280 -0.183 -0.044 -0.115 -0.121 -0.007  0.036 -0.052 -0.044 -0.127 -0.156 -0.137 -0.046  0.004  0.055  0.136  0.267  0.350  0.166  0.136  0.136  0.099  0.022 -0.114 -0.232 -0.321 -0.297 -0.292 -0.105 -0.103 -0.116  0.045  0.098  0.220  0.262  0.353  0.551  0.734  1.000  0.738  0.463  0.264  0.187  0.155  0.037  0.037 -0.196 -0.209 -0.209
 -0.216 -0.074  0.194  0.510  0.650  0.642  0.387  0.240  0.181  0.027  0.177  0.250  0.220  0.101 -0.010 -0.222 -0.301 -0.376 -0.325 -0.404 -0.414 -0.281 -0.074 -0.082 -0.223 -0.080  0.056 -0.054 -0.031  0.129  0.080  0.019  0.089  0.144  0.108  0.142  0.079  0.057  0.046  0.172  0.267  0.293  0.415  0.537  0.513  0.304  0.316  0.313  0.329  0.254  0.151  0.032 -0.080 -0.109 -0.243 -0.191 -0.226 -0.136  0.014 -0.036  0.031 -0.004  0.014  0.188  0.405  0.738  1.000  0.750  0.564  0.422  0.315  0.084 -0.013 -0.435 -0.479 -0.467
 -0.374 -0.254 -0.010  0.312  0.580  0.675  0.600  0.437  0.334 -0.009  0.183  0.262  0.235  0.030 -0.093 -0.314 -0.383 -0.480 -0.429 -0.471 -0.422 -0.201  0.060  0.066 -0.097  0.051  0.229  0.105  0.081  0.265  0.232  0.119  0.151  0.234  0.245  0.307  0.258  0.252  0.240  0.369  0.504  0.519  0.652  0.743  0.590  0.358  0.430  0.405  0.468  0.362  0.261  0.156  0.020 -0.042 -0.246 -0.254 -0.323 -0.190 -0.042 -0.150 -0.104 -0.166 -0.171 -0.020  0.171  0.463  0.750  1.000  0.829  0.634  0.440  0.137 -0.087 -0.612 -0.675 -0.653
 -0.463 -0.367 -0.134  0.177  0.525  0.627  0.574  0.401  0.328  0.003  0.176  0.224  0.223 -0.021 -0.117 -0.337 -0.398 -0.507 -0.473 -0.459 -0.360 -0.095  0.158  0.182  0.029  0.135  0.332  0.234  0.163  0.339  0.334  0.187  0.185  0.285  0.336  0.408  0.374  0.355  0.369  0.550  0.679  0.682  0.720  0.684  0.463  0.243  0.351  0.372  0.496  0.415  0.341  0.253  0.116  0.039 -0.199 -0.280 -0.363 -0.196 -0.076 -0.228 -0.219 -0.303 -0.327 -0.201 -0.030  0.264  0.564  0.829  1.000  0.823  0.612  0.290 -0.022 -0.638 -0.739 -0.727
 -0.421 -0.345 -0.148  0.110  0.377  0.483  0.435  0.268  0.237 -0.013  0.109  0.141  0.136 -0.063 -0.140 -0.312 -0.364 -0.454 -0.413 -0.396 -0.300 -0.067  0.140  0.130  0.018  0.102  0.267  0.184  0.093  0.278  0.298  0.118  0.115  0.259  0.329  0.438  0.413  0.382  0.465  0.674  0.740  0.785  0.690  0.593  0.345  0.123  0.246  0.295  0.452  0.386  0.310  0.202  0.085  0.046 -0.160 -0.218 -0.294 -0.138 -0.018 -0.171 -0.169 -0.267 -0.300 -0.197 -0.056  0.187  0.422  0.634  0.823  1.000  0.806  0.508  0.146 -0.573 -0.704 -0.709
 -0.308 -0.273 -0.100  0.075  0.230  0.326  0.247  0.180  0.122 -0.049  0.017  0.010 -0.012 -0.134 -0.188 -0.279 -0.298 -0.342 -0.283 -0.280 -0.234 -0.076  0.059  0.025 -0.071 -0.024  0.119  0.050 -0.041  0.136  0.175  0.007  0.017  0.173  0.236  0.349  0.335  0.276  0.414  0.671  0.641  0.642  0.510  0.420  0.233  0.061  0.162  0.210  0.330  0.280  0.227  0.119  0.042  0.047 -0.093 -0.115 -0.159 -0.026  0.081 -0.040 -0.043 -0.136 -0.172 -0.111 -0.000  0.155  0.315  0.440  0.612  0.806  1.000  0.775  0.429 -0.416 -0.587 -0.613
 -0.122 -0.104 -0.032  0.059  0.069  0.113  0.055  0.020  0.024 -0.015 -0.006  0.009 -0.016 -0.036 -0.080 -0.095 -0.139 -0.171 -0.166 -0.180 -0.153 -0.124 -0.076 -0.105 -0.112 -0.088 -0.015 -0.042 -0.108  0.014  0.058 -0.076 -0.074  0.058  0.113  0.213  0.230  0.175  0.324  0.543  0.417  0.453  0.263  0.130 -0.002 -0.104 -0.046 -0.009  0.088  0.051 -0.003 -0.073 -0.116 -0.101 -0.144 -0.119 -0.124 -0.076 -0.002 -0.045 -0.038 -0.068 -0.068 -0.038 -0.024  0.037  0.084  0.137  0.290  0.508  0.775  1.000  0.650 -0.156 -0.314 -0.355
  0.106  0.076  0.067  0.026 -0.095 -0.090 -0.189 -0.135 -0.176 -0.073 -0.143 -0.159 -0.179 -0.099 -0.097 -0.005  0.013  0.065  0.087  0.056 -0.005 -0.075 -0.151 -0.237 -0.196 -0.201 -0.262 -0.277 -0.276 -0.246 -0.244 -0.273 -0.235 -0.186 -0.195 -0.125 -0.100 -0.144 -0.013  0.159  0.008  0.092 -0.021 -0.065 -0.068 -0.115 -0.108 -0.080 -0.063 -0.068 -0.104 -0.172 -0.139 -0.051  0.010  0.088  0.132  0.120  0.147  0.183  0.182  0.174  0.179  0.144  0.113  0.037 -0.013 -0.087 -0.022  0.146  0.429  0.650  1.000  0.166  0.020 -0.048
  0.481  0.387  0.171 -0.125 -0.441 -0.518 -0.520 -0.406 -0.438 -0.118 -0.266 -0.260 -0.243 -0.007  0.060  0.296  0.357  0.467  0.436  0.410  0.281 -0.027 -0.305 -0.349 -0.177 -0.278 -0.505 -0.409 -0.307 -0.482 -0.506 -0.339 -0.315 -0.428 -0.487 -0.547 -0.510 -0.511 -0.449 -0.510 -0.608 -0.540 -0.586 -0.592 -0.439 -0.321 -0.416 -0.427 -0.531 -0.461 -0.425 -0.395 -0.248 -0.137  0.111  0.219  0.346  0.162  0.055  0.242  0.245  0.342  0.377  0.264  0.107 -0.196 -0.435 -0.612 -0.638 -0.573 -0.416 -0.156  0.166  1.000  0.842  0.692
  0.522  0.424  0.187 -0.130 -0.473 -0.563 -0.536 -0.416 -0.424 -0.128 -0.281 -0.271 -0.247  0.013  0.091  0.334  0.387  0.511  0.472  0.441  0.291 -0.044 -0.339 -0.368 -0.184 -0.280 -0.524 -0.424 -0.304 -0.504 -0.538 -0.349 -0.329 -0.468 -0.535 -0.606 -0.561 -0.544 -0.524 -0.640 -0.725 -0.647 -0.678 -0.668 -0.476 -0.312 -0.433 -0.481 -0.601 -0.526 -0.483 -0.433 -0.267 -0.165  0.103  0.214  0.359  0.158  0.034  0.240  0.239  0.355  0.398  0.282  0.111 -0.209 -0.479 -0.675 -0.739 -0.704 -0.587 -0.314  0.020  0.842  1.000  0.902
