  1.000  0.773  0.424  0.213 -0.196 -0.305 -0.372 -0.295 -0.198 -0.241 -0.303 -0.251 -0.161  0.117  0.260  0.603  0.534  0.498  0.327  0.199  0.164 -0.046 -0.230 -0.272 -0.125 -0.164 -0.289 -0.283 -0.280 -0.349 -0.352 -0.361 -0.319 -0.279 -0.290 -0.253 -0.163 -0.274 -0.168 -0.235 -0.325 -0.282 -0.347 -0.346 -0.282 -0.182 -0.203 -0.265 -0.374 -0.395 -0.400 -0.350 -0.231 -0.166 -0.013  0.109  0.144 -0.022 -0.058  0.104  0.188  0.322  0.562  0.483  0.174  0.052 -0.158 -0.309 -0.387 -0.319 -0.244 -0.107  0.262  0.314  0.397  0.414
  0.773  1.000  0.657  0.389 -0.078 -0.227 -0.343 -0.288 -0.221 -0.245 -0.290 -0.191 -0.092  0.209  0.453  0.565  0.378  0.351  0.216  0.095  0.045 -0.167 -0.326 -0.366 -0.218 -0.192 -0.298 -0.295 -0.294 -0.346 -0.321 -0.340 -0.315 -0.232 -0.240 -0.205 -0.118 -0.248 -0.079 -0.204 -0.282 -0.252 -0.318 -0.316 -0.284 -0.189 -0.192 -0.268 -0.369 -0.403 -0.452 -0.432 -0.338 -0.284 -0.132  0.026  0.076 -0.099 -0.090  0.098  0.207  0.321  0.603  0.651  0.313  0.191 -0.038 -0.243 -0.355 -0.297 -0.237 -0.122  0.253  0.253  0.396  0.393
  0.424  0.657  1.000  0.600  0.132 -0.063 -0.213 -0.248 -0.223 -0.210 -0.097  0.003  0.115  0.328  0.527  0.303  0.226  0.166  0.039 -0.087 -0.122 -0.275 -0.356 -0.367 -0.311 -0.265 -0.304 -0.297 -0.309 -0.246 -0.168 -0.196 -0.189 -0.095 -0.101 -0.107 -0.065 -0.085 -0.047 -0.197 -0.222 -0.238 -0.250 -0.229 -0.199 -0.123 -0.115 -0.162 -0.229 -0.278 -0.328 -0.352 -0.324 -0.308 -0.222 -0.076 -0.029 -0.110 -0.039  0.081  0.172  0.248  0.413  0.499  0.431  0.302  0.084 -0.136 -0.250 -0.283 -0.265 -0.199  0.047  0.126  0.315  0.318
  0.213  0.389  0.600  1.000  0.519  0.309  0.060 -0.049 -0.104 -0.038  0.147  0.311  0.341  0.467  0.345  0.208  0.126  0.032 -0.074 -0.180 -0.200 -0.302 -0.314 -0.295 -0.245 -0.190 -0.214 -0.205 -0.182 -0.195 -0.189 -0.171 -0.148 -0.121 -0.169 -0.184 -0.145 -0.127 -0.104 -0.176 -0.191 -0.171 -0.150 -0.133 -0.140 -0.124 -0.131 -0.133 -0.174 -0.219 -0.272 -0.296 -0.311 -0.340 -0.296 -0.204 -0.181 -0.239 -0.152 -0.091 -0.030  0.040  0.204  0.373  0.401  0.514  0.307  0.036 -0.061 -0.128 -0.138 -0.101  0.046  0.143  0.243  0.199
 -0.196 -0.078  0.132  0.519  1.000  0.736  0.474  0.287  0.103  0.195  0.362  0.517  0.543  0.336  0.137 -0.055 -0.105 -0.205 -0.251 -0.279 -0.255 -0.207 -0.121 -0.054 -0.095 -0.063  0.000  0.003 -0.005  0.034  0.026  0.014  0.031  0.029  0.002 -0.026 -0.067  0.010 -0.020  0.010  0.077  0.102  0.140  0.127  0.058 -0.009 -0.010  0.021  0.074  0.022  0.001 -0.026 -0.104 -0.183 -0.261 -0.285 -0.315 -0.269 -0.204 -0.264 -0.245 -0.223 -0.216 -0.095  0.081  0.289  0.435  0.342  0.373  0.224  0.104  0.029 -0.152 -0.118 -0.115 -0.140
 -0.305 -0.227 -0.063  0.309  0.736  1.000  0.724  0.541  0.334  0.429  0.534  0.623  0.472  0.233 -0.049 -0.144 -0.186 -0.306 -0.335 -0.365 -0.310 -0.219 -0.087 -0.015 -0.077 -0.050  0.026  0.006  0.035  0.067  0.031  0.043  0.079  0.075  0.031  0.008 -0.013  0.102  0.014  0.096  0.160  0.176  0.223  0.213  0.119  0.013 -0.002  0.062  0.135  0.092  0.066  0.020 -0.097 -0.191 -0.298 -0.330 -0.382 -0.309 -0.223 -0.316 -0.308 -0.298 -0.301 -0.201 -0.024  0.253  0.372  0.450  0.490  0.367  0.223  0.121 -0.183 -0.150 -0.224 -0.258
 -0.372 -0.343 -0.213  0.060  0.474  0.724  1.000  0.798  0.521  0.649  0.595  0.465  0.354  0.110 -0.115 -0.191 -0.223 -0.333 -0.344 -0.338 -0.254 -0.119  0.020  0.089  0.019  0.026  0.116  0.094  0.087  0.113  0.081  0.075  0.094  0.097  0.096  0.083  0.034  0.163  0.103  0.205  0.299  0.329  0.336  0.308  0.165  0.045  0.051  0.110  0.219  0.171  0.152  0.122  0.005 -0.089 -0.222 -0.298 -0.363 -0.261 -0.203 -0.325 -0.348 -0.345 -0.376 -0.330 -0.210  0.012  0.197  0.487  0.640  0.530  0.346  0.213 -0.240 -0.235 -0.396 -0.437
 -0.295 -0.288 -0.248 -0.049  0.287  0.541  0.798  1.000  0.716  0.649  0.384  0.249  0.132 -0.025 -0.178 -0.152 -0.176 -0.274 -0.293 -0.276 -0.190 -0.074  0.037  0.093  0.038  0.049  0.136  0.082  0.070  0.096  0.058  0.032  0.066  0.093  0.099  0.111  0.067  0.121  0.097  0.219  0.283  0.320  0.301  0.283  0.136  0.015  0.016  0.071  0.172  0.141  0.135  0.104  0.018 -0.058 -0.165 -0.238 -0.299 -0.220 -0.184 -0.280 -0.294 -0.294 -0.313 -0.285 -0.236 -0.025  0.143  0.457  0.575  0.541  0.356  0.247 -0.178 -0.217 -0.394 -0.418
 -0.198 -0.221 -0.223 -0.104  0.103  0.334  0.521  0.716  1.000  0.808  0.357  0.225  0.084 -0.027 -0.137 -0.071 -0.088 -0.179 -0.204 -0.190 -0.118 -0.041  0.029  0.074  0.031  0.052  0.120  0.050  0.048  0.109  0.058  0.030  0.094  0.110  0.088  0.094  0.014  0.023  0.011  0.106  0.130  0.149  0.125  0.124  0.034 -0.018 -0.025  0.045  0.100  0.084  0.098  0.088  0.030 -0.030 -0.111 -0.160 -0.218 -0.173 -0.136 -0.214 -0.219 -0.216 -0.233 -0.239 -0.220 -0.080 -0.006  0.204  0.289  0.296  0.172  0.121 -0.153 -0.170 -0.285 -0.298
 -0.241 -0.245 -0.210 -0.038  0.195  0.429  0.649  0.649  0.808  1.000  0.632  0.445  0.281  0.118 -0.076 -0.062 -0.098 -0.211 -0.233 -0.232 -0.147 -0.065  0.031  0.079  0.029  0.046  0.107  0.058  0.056  0.090  0.041  0.033  0.095  0.097  0.067  0.043 -0.029  0.030 -0.009  0.072  0.103  0.123  0.117  0.110  0.035 -0.004 -0.011  0.062  0.114  0.085  0.096  0.092  0.013 -0.054 -0.146 -0.190 -0.261 -0.212 -0.168 -0.255 -0.257 -0.245 -0.267 -0.265 -0.226 -0.080 -0.015  0.201  0.313  0.295  0.164  0.101 -0.184 -0.162 -0.282 -0.320
 -0.303 -0.290 -0.097  0.147  0.362  0.534  0.595  0.384  0.357  0.632  1.000  0.791  0.592  0.338  0.027 -0.094 -0.124 -0.226 -0.246 -0.266 -0.199 -0.110  0.008  0.054 -0.004  0.013  0.037  0.047  0.083  0.084  0.033  0.091  0.139  0.069  0.001 -0.071 -0.136  0.048 -0.078 -0.043  0.018  0.029  0.075  0.085  0.051  0.020  0.018  0.096  0.132  0.098  0.098  0.099 -0.003 -0.076 -0.177 -0.214 -0.284 -0.214 -0.151 -0.253 -0.266 -0.287 -0.308 -0.265 -0.121  0.004  0.036  0.159  0.248  0.182  0.072 -0.001 -0.188 -0.103 -0.169 -0.239
 -0.251 -0.191  0.003  0.311  0.517  0.623  0.465  0.249  0.225  0.445  0.791  1.000  0.752  0.464  0.085 -0.028 -0.081 -0.206 -0.250 -0.290 -0.222 -0.158 -0.035  0.024 -0.021  0.011  0.029  0.030  0.068  0.057  0.002  0.043  0.093  0.043 -0.033 -0.099 -0.158 -0.012 -0.124 -0.082 -0.038 -0.030  0.030  0.038  0.029 -0.003 -0.026  0.055  0.071  0.050  0.043  0.043 -0.063 -0.159 -0.240 -0.254 -0.322 -0.279 -0.209 -0.281 -0.272 -0.266 -0.261 -0.172 -0.035  0.117  0.110  0.139  0.195  0.111  0.018 -0.033 -0.194 -0.081 -0.061 -0.120
 -0.161 -0.092  0.115  0.341  0.543  0.472  0.354  0.132  0.084  0.281  0.592  0.752  1.000  0.681  0.305  0.095  0.025 -0.096 -0.163 -0.208 -0.133 -0.103 -0.020  0.047  0.021  0.032  0.050  0.079  0.037  0.019 -0.002  0.009  0.026 -0.015 -0.057 -0.130 -0.211 -0.054 -0.125 -0.134 -0.072 -0.056 -0.008 -0.007  0.007  0.029  0.024  0.066  0.053  0.007  0.007  0.045 -0.051 -0.142 -0.196 -0.203 -0.264 -0.256 -0.215 -0.256 -0.240 -0.217 -0.201 -0.127 -0.048  0.035  0.033  0.052  0.132  0.026 -0.059 -0.100 -0.218 -0.101 -0.033 -0.069
  0.117  0.209  0.328  0.467  0.336  0.233  0.110 -0.025 -0.027  0.118  0.338  0.464  0.681  1.000  0.552  0.375  0.248  0.110 -0.007 -0.098 -0.056 -0.130 -0.107 -0.042 -0.031 -0.025 -0.024 -0.009 -0.081 -0.137 -0.132 -0.157 -0.150 -0.134 -0.157 -0.194 -0.231 -0.145 -0.155 -0.220 -0.218 -0.197 -0.163 -0.154 -0.110 -0.030 -0.040 -0.047 -0.111 -0.161 -0.166 -0.104 -0.142 -0.224 -0.204 -0.153 -0.178 -0.248 -0.221 -0.182 -0.124 -0.044  0.059  0.150  0.096  0.112 -0.032 -0.105 -0.086 -0.144 -0.195 -0.170 -0.123  0.044  0.155  0.107
  0.260  0.453  0.527  0.345  0.137 -0.049 -0.115 -0.178 -0.137 -0.076  0.027  0.085  0.305  0.552  1.000  0.540  0.353  0.247  0.115  0.022  0.008 -0.127 -0.175 -0.145 -0.119 -0.032 -0.027 -0.058 -0.188 -0.121 -0.057 -0.174 -0.190 -0.058 -0.031 -0.038 -0.122 -0.152 -0.009 -0.177 -0.169 -0.184 -0.202 -0.195 -0.209 -0.051  0.001 -0.092 -0.172 -0.253 -0.267 -0.202 -0.177 -0.224 -0.151 -0.044 -0.020 -0.137 -0.127 -0.016  0.066  0.126  0.263  0.361  0.224  0.100 -0.049 -0.153 -0.188 -0.210 -0.240 -0.228 -0.095 -0.057  0.151  0.117
  0.603  0.565  0.303  0.208 -0.055 -0.144 -0.191 -0.152 -0.071 -0.062 -0.094 -0.028  0.095  0.375  0.540  1.000  0.771  0.546  0.339  0.245  0.305  0.123 -0.035 -0.021  0.093  0.052 -0.044 -0.090 -0.189 -0.290 -0.347 -0.424 -0.366 -0.322 -0.343 -0.302 -0.334 -0.388 -0.259 -0.282 -0.348 -0.279 -0.294 -0.289 -0.244 -0.134 -0.136 -0.175 -0.268 -0.280 -0.246 -0.149 -0.058 -0.062  0.072  0.135  0.089 -0.068 -0.151 -0.058  0.037  0.158  0.372  0.326  0.008 -0.049 -0.212 -0.291 -0.281 -0.239 -0.224 -0.148  0.079  0.190  0.262  0.234
  0.534  0.378  0.226  0.126 -0.105 -0.186 -0.223 -0.176 -0.088 -0.098 -0.124 -0.081  0.025  0.248  0.353  0.771  1.000  0.762  0.467  0.368  0.466  0.252  0.062  0.076  0.182  0.081 -0.023 -0.045 -0.145 -0.256 -0.312 -0.377 -0.341 -0.331 -0.349 -0.322 -0.364 -0.395 -0.322 -0.321 -0.389 -0.326 -0.325 -0.302 -0.248 -0.123 -0.116 -0.151 -0.231 -0.243 -0.171 -0.054  0.060  0.076  0.212  0.237  0.184  0.041 -0.075 -0.016  0.052  0.129  0.288  0.194 -0.042 -0.098 -0.251 -0.337 -0.312 -0.278 -0.251 -0.180  0.018  0.179  0.242  0.230
  0.498  0.351  0.166  0.032 -0.205 -0.306 -0.333 -0.274 -0.179 -0.211 -0.226 -0.206 -0.096  0.110  0.247  0.546  0.762  1.000  0.717  0.586  0.578  0.298  0.040  0.023  0.170  0.033 -0.107 -0.084 -0.182 -0.316 -0.336 -0.373 -0.368 -0.373 -0.377 -0.356 -0.351 -0.383 -0.301 -0.336 -0.404 -0.345 -0.354 -0.350 -0.293 -0.152 -0.140 -0.216 -0.284 -0.298 -0.219 -0.102  0.058  0.126  0.319  0.370  0.387  0.226  0.084  0.165  0.168  0.184  0.296  0.195 -0.027 -0.136 -0.273 -0.394 -0.387 -0.353 -0.281 -0.208  0.088  0.228  0.315  0.300
  0.327  0.216  0.039 -0.074 -0.251 -0.335 -0.344 -0.293 -0.204 -0.233 -0.246 -0.250 -0.163 -0.007  0.115  0.339  0.467  0.717  1.000  0.720  0.528  0.281  0.053 -0.003  0.101 -0.020 -0.140 -0.097 -0.191 -0.317 -0.289 -0.311 -0.335 -0.353 -0.334 -0.328 -0.291 -0.315 -0.239 -0.277 -0.343 -0.295 -0.314 -0.324 -0.278 -0.172 -0.165 -0.263 -0.277 -0.252 -0.154 -0.083  0.097  0.226  0.442  0.540  0.579  0.412  0.252  0.321  0.280  0.201  0.206  0.115 -0.017 -0.139 -0.253 -0.372 -0.367 -0.326 -0.233 -0.180  0.132  0.230  0.272  0.252
  0.199  0.095 -0.087 -0.180 -0.279 -0.365 -0.338 -0.276 -0.190 -0.232 -0.266 -0.290 -0.208 -0.098  0.022  0.245  0.368  0.586  0.720  1.000  0.761  0.500  0.235  0.174  0.277  0.109 -0.026  0.019 -0.098 -0.250 -0.235 -0.267 -0.312 -0.355 -0.329 -0.319 -0.294 -0.315 -0.228 -0.258 -0.312 -0.253 -0.258 -0.284 -0.246 -0.146 -0.135 -0.210 -0.208 -0.159 -0.027  0.072  0.261  0.393  0.588  0.559  0.587  0.463  0.286  0.310  0.249  0.135  0.101 -0.007 -0.129 -0.225 -0.265 -0.366 -0.317 -0.282 -0.195 -0.176  0.097  0.147  0.189  0.165
  0.164  0.045 -0.122 -0.200 -0.255 -0.310 -0.254 -0.190 -0.118 -0.147 -0.199 -0.222 -0.133 -0.056  0.008  0.305  0.466  0.578  0.528  0.761  1.000  0.768  0.460  0.398  0.509  0.302  0.133  0.157  0.010 -0.188 -0.229 -0.283 -0.306 -0.353 -0.328 -0.307 -0.328 -0.323 -0.241 -0.235 -0.272 -0.211 -0.198 -0.222 -0.180 -0.102 -0.095 -0.123 -0.119 -0.040  0.112  0.259  0.404  0.494  0.621  0.494  0.422  0.334  0.135  0.115  0.094  0.030  0.012 -0.088 -0.247 -0.298 -0.305 -0.341 -0.243 -0.200 -0.144 -0.155  0.011  0.034  0.058  0.050
 -0.046 -0.167 -0.275 -0.302 -0.207 -0.219 -0.119 -0.074 -0.041 -0.065 -0.110 -0.158 -0.103 -0.130 -0.127  0.123  0.252  0.298  0.281  0.500  0.768  1.000  0.748  0.654  0.692  0.495  0.320  0.309  0.154 -0.045 -0.114 -0.169 -0.191 -0.259 -0.229 -0.209 -0.263 -0.200 -0.154 -0.106 -0.102 -0.058 -0.024 -0.065 -0.050 -0.053 -0.048 -0.009  0.066  0.202  0.383  0.551  0.621  0.663  0.632  0.420  0.280  0.295  0.105  0.005 -0.023 -0.098 -0.184 -0.272 -0.362 -0.351 -0.264 -0.220 -0.080 -0.045 -0.012 -0.076 -0.068 -0.141 -0.173 -0.169
 -0.230 -0.326 -0.356 -0.314 -0.121 -0.087  0.020  0.037  0.029  0.031  0.008 -0.035 -0.020 -0.107 -0.175 -0.035  0.062  0.040  0.053  0.235  0.460  0.748  1.000  0.814  0.693  0.585  0.510  0.456  0.281  0.109  0.045 -0.021 -0.054 -0.121 -0.086 -0.070 -0.155 -0.082 -0.073  0.017  0.041  0.056  0.106  0.058  0.037  0.000  0.022  0.100  0.214  0.358  0.526  0.684  0.604  0.566  0.433  0.242  0.064  0.141  0.026 -0.116 -0.152 -0.222 -0.333 -0.381 -0.392 -0.327 -0.196 -0.079  0.060  0.094  0.099  0.015 -0.146 -0.249 -0.329 -0.322
 -0.272 -0.366 -0.367 -0.295 -0.054 -0.015  0.089  0.093  0.074  0.079  0.054  0.024  0.047 -0.042 -0.145 -0.021  0.076  0.023 -0.003  0.174  0.398  0.654  0.814  1.000  0.806  0.566  0.602  0.574  0.332  0.166  0.121  0.021 -0.040 -0.098 -0.039 -0.020 -0.099 -0.031 -0.032  0.078  0.099  0.107  0.143  0.107  0.078  0.057  0.068  0.149  0.233  0.354  0.529  0.719  0.634  0.494  0.349  0.144 -0.024  0.057 -0.040 -0.198 -0.206 -0.239 -0.365 -0.414 -0.410 -0.309 -0.154 -0.031  0.134  0.162  0.153  0.049 -0.210 -0.334 -0.413 -0.413
 -0.125 -0.218 -0.311 -0.245 -0.095 -0.077  0.019  0.038  0.031  0.029 -0.004 -0.021  0.021 -0.031 -0.119  0.093  0.182  0.170  0.101  0.277  0.509  0.692  0.693  0.806  1.000  0.745  0.560  0.593  0.421  0.125  0.003 -0.054 -0.103 -0.199 -0.169 -0.158 -0.243 -0.150 -0.104 -0.031 -0.002  0.028  0.052  0.018  0.005 -0.006 -0.010  0.040  0.109  0.205  0.364  0.562  0.523  0.413  0.349  0.171  0.023  0.036 -0.090 -0.191 -0.188 -0.209 -0.256 -0.304 -0.409 -0.330 -0.226 -0.126  0.041  0.067  0.088  0.006 -0.103 -0.212 -0.258 -0.261
 -0.164 -0.192 -0.265 -0.190 -0.063 -0.050  0.026  0.049  0.052  0.046  0.013  0.011  0.032 -0.025 -0.032  0.052  0.081  0.033 -0.020  0.109  0.302  0.495  0.585  0.566  0.745  1.000  0.731  0.585  0.531  0.340  0.121  0.046  0.056 -0.006 -0.031 -0.012 -0.224 -0.163 -0.076 -0.039  0.014  0.014  0.032  0.035 -0.008 -0.049 -0.031  0.038  0.083  0.134  0.237  0.391  0.352  0.234  0.168  0.045 -0.072 -0.062 -0.152 -0.208 -0.218 -0.242 -0.268 -0.253 -0.340 -0.263 -0.190 -0.096  0.024  0.042  0.032 -0.032 -0.113 -0.203 -0.198 -0.214
 -0.289 -0.298 -0.304 -0.214  0.000  0.026  0.116  0.136  0.120  0.107  0.037  0.029  0.050 -0.024 -0.027 -0.044 -0.023 -0.107 -0.140 -0.026  0.133  0.320  0.510  0.602  0.560  0.731  1.000  0.786  0.512  0.491  0.418  0.199  0.145  0.185  0.230  0.269  0.043  0.026  0.105  0.162  0.204  0.158  0.143  0.141  0.065  0.043  0.067  0.118  0.167  0.192  0.297  0.429  0.359  0.201  0.077 -0.050 -0.163 -0.111 -0.160 -0.264 -0.262 -0.267 -0.349 -0.321 -0.317 -0.213 -0.089  0.039  0.167  0.185  0.137  0.043 -0.278 -0.406 -0.417 -0.437
 -0.283 -0.295 -0.297 -0.205  0.003  0.006  0.094  0.082  0.050  0.058  0.047  0.030  0.079 -0.009 -0.058 -0.090 -0.045 -0.084 -0.097  0.019  0.157  0.309  0.456  0.574  0.593  0.585  0.786  1.000  0.658  0.443  0.466  0.342  0.175  0.122  0.193  0.172  0.016  0.033  0.085  0.135  0.179  0.152  0.125  0.095  0.023  0.029  0.045  0.073  0.135  0.169  0.290  0.410  0.342  0.213  0.103 -0.026 -0.124 -0.079 -0.134 -0.241 -0.234 -0.253 -0.336 -0.319 -0.319 -0.230 -0.101 -0.003  0.148  0.160  0.139  0.045 -0.235 -0.362 -0.391 -0.411
 -0.280 -0.294 -0.309 -0.182 -0.005  0.035  0.087  0.070  0.048  0.056  0.083  0.068  0.037 -0.081 -0.188 -0.189 -0.145 -0.182 -0.191 -0.098  0.010  0.154  0.281  0.332  0.421  0.531  0.512  0.658  1.000  0.703  0.390  0.543  0.512  0.288  0.192  0.126 -0.046  0.006 -0.018  0.040  0.106  0.089  0.100  0.058 -0.021 -0.086 -0.078  0.013  0.068  0.113  0.194  0.269  0.206  0.092 -0.036 -0.160 -0.223 -0.150 -0.189 -0.278 -0.301 -0.350 -0.355 -0.324 -0.315 -0.203 -0.074  0.008  0.089  0.105  0.094  0.061 -0.048 -0.200 -0.256 -0.221
 -0.349 -0.346 -0.246 -0.195  0.034  0.067  0.113  0.096  0.109  0.090  0.084  0.057  0.019 -0.137 -0.121 -0.290 -0.256 -0.316 -0.317 -0.250 -0.188 -0.045  0.109  0.166  0.125  0.340  0.491  0.443  0.703  1.000  0.720  0.649  0.692  0.631  0.525  0.504  0.211  0.145  0.113  0.174  0.240  0.139  0.101  0.085 -0.003 -0.046 -0.037  0.061  0.105  0.090  0.135  0.162  0.085 -0.034 -0.181 -0.272 -0.296 -0.198 -0.181 -0.275 -0.317 -0.356 -0.383 -0.345 -0.219 -0.134 -0.002  0.091  0.137  0.146  0.086  0.063 -0.191 -0.324 -0.319 -0.285
 -0.352 -0.321 -0.168 -0.189  0.026  0.031  0.081  0.058  0.058  0.041  0.033  0.002 -0.002 -0.132 -0.057 -0.347 -0.312 -0.336 -0.289 -0.235 -0.229 -0.114  0.045  0.121  0.003  0.121  0.418  0.466  0.390  0.720  1.000  0.748  0.546  0.620  0.687  0.647  0.449  0.328  0.309  0.305  0.331  0.198  0.108  0.089  0.014  0.048  0.064  0.094  0.131  0.083  0.120  0.132  0.051 -0.027 -0.157 -0.217 -0.209 -0.118 -0.089 -0.177 -0.208 -0.248 -0.335 -0.282 -0.119 -0.083  0.031  0.099  0.159  0.159  0.089  0.034 -0.328 -0.445 -0.387 -0.384
 -0.361 -0.340 -0.196 -0.171  0.014  0.043  0.075  0.032  0.030  0.033  0.091  0.043  0.009 -0.157 -0.174 -0.424 -0.377 -0.373 -0.311 -0.267 -0.283 -0.169 -0.021  0.021 -0.054  0.046  0.199  0.342  0.543  0.649  0.748  1.000  0.781  0.611  0.580  0.434  0.281  0.264  0.160  0.160  0.218  0.120  0.091  0.065  0.007  0.005  0.009  0.073  0.102  0.082  0.109  0.085 -0.006 -0.068 -0.193 -0.260 -0.239 -0.131 -0.095 -0.178 -0.219 -0.265 -0.352 -0.298 -0.119 -0.082  0.032  0.080  0.102  0.084  0.044  0.022 -0.161 -0.262 -0.267 -0.225
 -0.319 -0.315 -0.189 -0.148  0.031  0.079  0.094  0.066  0.094  0.095  0.139  0.093  0.026 -0.150 -0.190 -0.366 -0.341 -0.368 -0.335 -0.312 -0.306 -0.191 -0.054 -0.040 -0.103  0.056  0.145  0.175  0.512  0.692  0.546  0.781  1.000  0.780  0.562  0.454  0.188  0.150  0.040  0.080  0.148  0.053  0.046  0.029 -0.006 -0.041 -0.052  0.044  0.073  0.068  0.080  0.049 -0.047 -0.110 -0.231 -0.311 -0.295 -0.177 -0.151 -0.222 -0.272 -0.289 -0.351 -0.314 -0.139 -0.079  0.033  0.072  0.069  0.062  0.028  0.031 -0.073 -0.192 -0.206 -0.135
 -0.279 -0.232 -0.095 -0.121  0.029  0.075  0.097  0.093  0.110  0.097  0.069  0.043 -0.015 -0.134 -0.058 -0.322 -0.331 -0.373 -0.353 -0.355 -0.353 -0.259 -0.121 -0.098 -0.199 -0.006  0.185  0.122  0.288  0.631  0.620  0.611  0.780  1.000  0.838  0.752  0.435  0.309  0.255  0.226  0.256  0.112  0.070  0.062  0.003 -0.000  0.007  0.050  0.061  0.023  0.022 -0.018 -0.116 -0.188 -0.291 -0.333 -0.297 -0.201 -0.161 -0.208 -0.249 -0.247 -0.296 -0.213 -0.071 -0.022  0.057  0.127  0.104  0.112  0.040  0.012 -0.203 -0.357 -0.293 -0.225
 -0.290 -0.240 -0.101 -0.169  0.002  0.031  0.096  0.099  0.088  0.067  0.001 -0.033 -0.057 -0.157 -0.031 -0.343 -0.349 -0.377 -0.334 -0.329 -0.328 -0.229 -0.086 -0.039 -0.169 -0.031  0.230  0.193  0.192  0.525  0.687  0.580  0.562  0.838  1.000  0.876  0.601  0.442  0.415  0.360  0.358  0.206  0.130  0.116  0.039  0.055  0.074  0.083  0.103  0.044  0.050  0.020 -0.080 -0.153 -0.252 -0.295 -0.253 -0.162 -0.129 -0.175 -0.219 -0.204 -0.283 -0.205 -0.069 -0.042  0.054  0.161  0.170  0.197  0.120  0.060 -0.284 -0.472 -0.384 -0.340
 -0.253 -0.205 -0.107 -0.184 -0.026  0.008  0.083  0.111  0.094  0.043 -0.071 -0.099 -0.130 -0.194 -0.038 -0.302 -0.322 -0.356 -0.328 -0.319 -0.307 -0.209 -0.070 -0.020 -0.158 -0.012  0.269  0.172  0.126  0.504  0.647  0.434  0.454  0.752  0.876  1.000  0.731  0.501  0.502  0.467  0.440  0.273  0.165  0.145  0.055  0.053  0.080  0.088  0.122  0.054  0.046  0.022 -0.067 -0.140 -0.239 -0.283 -0.240 -0.150 -0.123 -0.172 -0.219 -0.190 -0.253 -0.179 -0.075 -0.041  0.059  0.184  0.201  0.260  0.194  0.127 -0.244 -0.484 -0.442 -0.398
 -0.163 -0.118 -0.065 -0.145 -0.067 -0.013  0.034  0.067  0.014 -0.029 -0.136 -0.158 -0.211 -0.231 -0.122 -0.334 -0.364 -0.351 -0.291 -0.294 -0.328 -0.263 -0.155 -0.099 -0.243 -0.224  0.043  0.016 -0.046  0.211  0.449  0.281  0.188  0.435  0.601  0.731  1.000  0.773  0.673  0.588  0.496  0.364  0.239  0.145  0.059  0.059  0.080  0.049  0.096  0.026 -0.021 -0.064 -0.139 -0.138 -0.218 -0.223 -0.164 -0.096 -0.052 -0.076 -0.122 -0.116 -0.130 -0.068  0.016  0.045  0.125  0.219  0.183  0.257  0.232  0.215 -0.069 -0.402 -0.413 -0.346
 -0.274 -0.248 -0.085 -0.127  0.010  0.102  0.163  0.121  0.023  0.030  0.048 -0.012 -0.054 -0.145 -0.152 -0.388 -0.395 -0.383 -0.315 -0.315 -0.323 -0.200 -0.082 -0.031 -0.150 -0.163  0.026  0.033  0.006  0.145  0.328  0.264  0.150  0.309  0.442  0.501  0.773  1.000  0.738  0.534  0.536  0.408  0.365  0.250  0.147  0.097  0.131  0.113  0.201  0.134  0.073  0.035 -0.076 -0.092 -0.207 -0.225 -0.199 -0.101 -0.046 -0.111 -0.159 -0.183 -0.233 -0.184 -0.044  0.006  0.105  0.287  0.276  0.287  0.250  0.155 -0.117 -0.409 -0.466 -0.379
 -0.168 -0.079 -0.047 -0.104 -0.020  0.014  0.103  0.097  0.011 -0.009 -0.078 -0.124 -0.125 -0.155 -0.009 -0.259 -0.322 -0.301 -0.239 -0.228 -0.241 -0.154 -0.073 -0.032 -0.104 -0.076  0.105  0.085 -0.018  0.113  0.309  0.160  0.040  0.255  0.415  0.502  0.673  0.738  1.000  0.739  0.666  0.546  0.381  0.250  0.098  0.053  0.120  0.064  0.161  0.079  0.010 -0.010 -0.073 -0.068 -0.159 -0.161 -0.124 -0.069 -0.029 -0.067 -0.113 -0.136 -0.136 -0.048 -0.036  0.014  0.107  0.244  0.272  0.349  0.368  0.260 -0.001 -0.461 -0.516 -0.495
 -0.235 -0.204 -0.197 -0.176  0.010  0.096  0.205  0.219  0.106  0.072 -0.043 -0.082 -0.134 -0.220 -0.177 -0.282 -0.321 -0.336 -0.277 -0.258 -0.235 -0.106  0.017  0.078 -0.031 -0.039  0.162  0.135  0.040  0.174  0.305  0.160  0.080  0.226  0.360  0.467  0.588  0.534  0.739  1.000  0.836  0.692  0.457  0.294  0.112  0.012  0.049  0.064  0.212  0.175  0.120  0.088  0.001 -0.017 -0.149 -0.192 -0.184 -0.091 -0.047 -0.139 -0.178 -0.223 -0.244 -0.189 -0.152 -0.058  0.112  0.303  0.419  0.557  0.639  0.600  0.055 -0.365 -0.603 -0.618
 -0.325 -0.282 -0.222 -0.191  0.077  0.160  0.299  0.283  0.130  0.103  0.018 -0.038 -0.072 -0.218 -0.169 -0.348 -0.389 -0.404 -0.343 -0.312 -0.272 -0.102  0.041  0.099 -0.002  0.014  0.204  0.179  0.106  0.240  0.331  0.218  0.148  0.256  0.358  0.440  0.496  0.536  0.666  0.836  1.000  0.845  0.607  0.407  0.178  0.028  0.083  0.105  0.300  0.260  0.187  0.145  0.032 -0.013 -0.177 -0.248 -0.252 -0.131 -0.082 -0.197 -0.248 -0.291 -0.331 -0.266 -0.194 -0.080  0.146  0.408  0.555  0.636  0.646  0.535 -0.007 -0.416 -0.640 -0.633
 -0.282 -0.252 -0.238 -0.171  0.102  0.176  0.329  0.320  0.149  0.123  0.029 -0.030 -0.056 -0.197 -0.184 -0.279 -0.326 -0.345 -0.295 -0.253 -0.211 -0.058  0.056  0.107  0.028  0.014  0.158  0.152  0.089  0.139  0.198  0.120  0.053  0.112  0.206  0.273  0.364  0.408  0.546  0.692  0.845  1.000  0.764  0.498  0.223  0.002  0.043  0.074  0.302  0.296  0.226  0.163  0.080  0.044 -0.113 -0.193 -0.206 -0.091 -0.051 -0.166 -0.225 -0.267 -0.300 -0.251 -0.214 -0.082  0.177  0.451  0.617  0.700  0.626  0.538  0.010 -0.368 -0.600 -0.605
 -0.347 -0.318 -0.250 -0.150  0.140  0.223  0.336  0.301  0.125  0.117  0.075  0.030 -0.008 -0.163 -0.202 -0.294 -0.325 -0.354 -0.314 -0.258 -0.198 -0.024  0.106  0.143  0.052  0.032  0.143  0.125  0.100  0.101  0.108  0.091  0.046  0.070  0.130  0.165  0.239  0.365  0.381  0.457  0.607  0.764  1.000  0.733  0.383  0.059  0.120  0.161  0.423  0.419  0.326  0.232  0.130  0.075 -0.097 -0.201 -0.232 -0.101 -0.061 -0.191 -0.248 -0.285 -0.337 -0.298 -0.206 -0.053  0.232  0.559  0.613  0.554  0.416  0.308 -0.078 -0.342 -0.524 -0.495
 -0.346 -0.316 -0.229 -0.133  0.127  0.213  0.308  0.283  0.124  0.110  0.085  0.038 -0.007 -0.154 -0.195 -0.289 -0.302 -0.350 -0.324 -0.284 -0.222 -0.065  0.058  0.107  0.018  0.035  0.141  0.095  0.058  0.085  0.089  0.065  0.029  0.062  0.116  0.145  0.145  0.250  0.250  0.294  0.407  0.498  0.733  1.000  0.686  0.292  0.378  0.411  0.509  0.370  0.265  0.188  0.092  0.004 -0.158 -0.242 -0.285 -0.185 -0.127 -0.226 -0.244 -0.231 -0.300 -0.265 -0.165 -0.019  0.254  0.580  0.530  0.436  0.273  0.155 -0.153 -0.292 -0.434 -0.420
 -0.282 -0.284 -0.199 -0.140  0.058  0.119  0.165  0.136  0.034  0.035  0.051  0.029  0.007 -0.110 -0.209 -0.244 -0.248 -0.293 -0.278 -0.246 -0.180 -0.050  0.037  0.078  0.005 -0.008  0.065  0.023 -0.021 -0.003  0.014  0.007 -0.006  0.003  0.039  0.055  0.059  0.147  0.098  0.112  0.178  0.223  0.383  0.686  1.000  0.618  0.460  0.460  0.358  0.313  0.235  0.165  0.057 -0.030 -0.136 -0.205 -0.276 -0.208 -0.147 -0.207 -0.191 -0.145 -0.226 -0.222 -0.121  0.002  0.186  0.360  0.296  0.202  0.090 -0.000 -0.193 -0.184 -0.210 -0.202
 -0.182 -0.189 -0.123 -0.124 -0.009  0.013  0.045  0.015 -0.018 -0.004  0.020 -0.003  0.029 -0.030 -0.051 -0.134 -0.123 -0.152 -0.172 -0.146 -0.102 -0.053  0.000  0.057 -0.006 -0.049  0.043  0.029 -0.086 -0.046  0.048  0.005 -0.041 -0.000  0.055  0.053  0.059  0.097  0.053  0.012  0.028  0.002  0.059  0.292  0.618  1.000  0.704  0.503  0.221  0.118  0.105  0.112  0.043 -0.058 -0.115 -0.160 -0.200 -0.180 -0.147 -0.167 -0.139 -0.080 -0.137 -0.155 -0.121 -0.089  0.018  0.119  0.087  0.008 -0.061 -0.140 -0.250 -0.167 -0.099 -0.095
 -0.203 -0.192 -0.115 -0.131 -0.010 -0.002  0.051  0.016 -0.025 -0.011  0.018 -0.026  0.024 -0.040  0.001 -0.136 -0.116 -0.140 -0.165 -0.135 -0.095 -0.048  0.022  0.068 -0.010 -0.031  0.067  0.045 -0.078 -0.037  0.064  0.009 -0.052  0.007  0.074  0.080  0.080  0.131  0.120  0.049  0.083  0.043  0.120  0.378  0.460  0.704  1.000  0.697  0.379  0.101  0.059  0.092  0.048 -0.036 -0.106 -0.148 -0.179 -0.167 -0.137 -0.155 -0.137 -0.082 -0.126 -0.134 -0.116 -0.115 -0.016  0.146  0.122  0.028 -0.027 -0.125 -0.210 -0.184 -0.198 -0.179
 -0.265 -0.268 -0.162 -0.133  0.021  0.062  0.110  0.071  0.045  0.062  0.096  0.055  0.066 -0.047 -0.092 -0.175 -0.151 -0.216 -0.263 -0.210 -0.123 -0.009  0.100  0.149  0.040  0.038  0.118  0.073  0.013  0.061  0.094  0.073  0.044  0.050  0.083  0.088  0.049  0.113  0.064  0.064  0.105  0.074  0.161  0.411  0.460  0.503  0.697  1.000  0.670  0.356  0.203  0.214  0.093 -0.002 -0.124 -0.198 -0.266 -0.210 -0.165 -0.232 -0.220 -0.179 -0.223 -0.226 -0.165 -0.100 -0.007  0.138  0.152  0.080  0.017 -0.054 -0.199 -0.191 -0.269 -0.243
 -0.374 -0.369 -0.229 -0.174  0.074  0.135  0.219  0.172  0.100  0.114  0.132  0.071  0.053 -0.111 -0.172 -0.268 -0.231 -0.284 -0.277 -0.208 -0.119  0.066  0.214  0.233  0.109  0.083  0.167  0.135  0.068  0.105  0.131  0.102  0.073  0.061  0.103  0.122  0.096  0.201  0.161  0.212  0.300  0.302  0.423  0.509  0.358  0.221  0.379  0.670  1.000  0.656  0.418  0.355  0.190  0.142 -0.041 -0.149 -0.208 -0.081 -0.042 -0.178 -0.221 -0.263 -0.351 -0.340 -0.226 -0.112  0.065  0.274  0.331  0.260  0.182  0.085 -0.200 -0.280 -0.443 -0.409
 -0.395 -0.403 -0.278 -0.219  0.022  0.092  0.171  0.141  0.084  0.085  0.098  0.050  0.007 -0.161 -0.253 -0.280 -0.243 -0.298 -0.252 -0.159 -0.040  0.202  0.358  0.354  0.205  0.134  0.192  0.169  0.113  0.090  0.083  0.082  0.068  0.023  0.044  0.054  0.026  0.134  0.079  0.175  0.260  0.296  0.419  0.370  0.313  0.118  0.101  0.356  0.656  1.000  0.757  0.557  0.317  0.302  0.093 -0.035 -0.129  0.043  0.089 -0.111 -0.157 -0.249 -0.390 -0.379 -0.239 -0.109  0.066  0.199  0.277  0.261  0.206  0.100 -0.162 -0.288 -0.401 -0.363
 -0.400 -0.452 -0.328 -0.272  0.001  0.066  0.152  0.135  0.098  0.096  0.098  0.043  0.007 -0.166 -0.267 -0.246 -0.171 -0.219 -0.154 -0.027  0.112  0.383  0.526  0.529  0.364  0.237  0.297  0.290  0.194  0.135  0.120  0.109  0.080  0.022  0.050  0.046 -0.021  0.073  0.010  0.120  0.187  0.226  0.326  0.265  0.235  0.105  0.059  0.203  0.418  0.757  1.000  0.795  0.575  0.519  0.286  0.107 -0.020  0.175  0.174 -0.059 -0.128 -0.246 -0.425 -0.454 -0.304 -0.175  0.017  0.141  0.235  0.233  0.181  0.049 -0.219 -0.366 -0.453 -0.413
 -0.350 -0.432 -0.352 -0.296 -0.026  0.020  0.122  0.104  0.088  0.092  0.099  0.043  0.045 -0.104 -0.202 -0.149 -0.054 -0.102 -0.083  0.072  0.259  0.551  0.684  0.719  0.562  0.391  0.429  0.410  0.269  0.162  0.132  0.085  0.049 -0.018  0.020  0.022 -0.064  0.035 -0.010  0.088  0.145  0.163  0.232  0.188  0.165  0.112  0.092  0.214  0.355  0.557  0.795  1.000  0.753  0.592  0.360  0.132 -0.035  0.130  0.053 -0.165 -0.206 -0.276 -0.426 -0.464 -0.379 -0.269 -0.089  0.043  0.179  0.190  0.157  0.031 -0.250 -0.397 -0.463 -0.430
 -0.231 -0.338 -0.324 -0.311 -0.104 -0.097  0.005  0.018  0.030  0.013 -0.003 -0.063 -0.051 -0.142 -0.177 -0.058  0.060  0.058  0.097  0.261  0.404  0.621  0.604  0.634  0.523  0.352  0.359  0.342  0.206  0.085  0.051 -0.006 -0.047 -0.116 -0.080 -0.067 -0.139 -0.076 -0.073  0.001  0.032  0.080  0.130  0.092  0.057  0.043  0.048  0.093  0.190  0.317  0.575  0.753  1.000  0.772  0.548  0.322  0.184  0.297  0.162 -0.013 -0.061 -0.159 -0.300 -0.379 -0.340 -0.296 -0.138 -0.069  0.067  0.087  0.081 -0.023 -0.159 -0.290 -0.354 -0.338
 -0.166 -0.284 -0.308 -0.340 -0.183 -0.191 -0.089 -0.058 -0.030 -0.054 -0.076 -0.159 -0.142 -0.224 -0.224 -0.062  0.076  0.126  0.226  0.393  0.494  0.663  0.566  0.494  0.413  0.234  0.201  0.213  0.092 -0.034 -0.027 -0.068 -0.110 -0.188 -0.153 -0.140 -0.138 -0.092 -0.068 -0.017 -0.013  0.044  0.075  0.004 -0.030 -0.058 -0.036 -0.002  0.142  0.302  0.519  0.592  0.772  1.000  0.775  0.524  0.379  0.505  0.323  0.130  0.062 -0.103 -0.238 -0.331 -0.307 -0.300 -0.161 -0.135 -0.019  0.015  0.043 -0.028 -0.020 -0.165 -0.282 -0.262
 -0.013 -0.132 -0.222 -0.296 -0.261 -0.298 -0.222 -0.165 -0.111 -0.146 -0.177 -0.240 -0.196 -0.204 -0.151  0.072  0.212  0.319  0.442  0.588  0.621  0.632  0.433  0.349  0.349  0.168  0.077  0.103 -0.036 -0.181 -0.157 -0.193 -0.231 -0.291 -0.252 -0.239 -0.218 -0.207 -0.159 -0.149 -0.177 -0.113 -0.097 -0.158 -0.136 -0.115 -0.106 -0.124 -0.041  0.093  0.286  0.360  0.548  0.775  1.000  0.769  0.608  0.634  0.408  0.304  0.232  0.054 -0.077 -0.188 -0.207 -0.276 -0.233 -0.269 -0.179 -0.143 -0.088 -0.123  0.004 -0.029 -0.063 -0.050
  0.109  0.026 -0.076 -0.204 -0.285 -0.330 -0.298 -0.238 -0.160 -0.190 -0.214 -0.254 -0.203 -0.153 -0.044  0.135  0.237  0.370  0.540  0.559  0.494  0.420  0.242  0.144  0.171  0.045 -0.050 -0.026 -0.160 -0.272 -0.217 -0.260 -0.311 -0.333 -0.295 -0.283 -0.223 -0.225 -0.161 -0.192 -0.248 -0.193 -0.201 -0.242 -0.205 -0.160 -0.148 -0.198 -0.149 -0.035  0.107  0.132  0.322  0.524  0.769  1.000  0.771  0.645  0.540  0.502  0.472  0.206  0.087 -0.033 -0.076 -0.204 -0.254 -0.329 -0.286 -0.234 -0.157 -0.160  0.051  0.071  0.078  0.086
  0.144  0.076 -0.029 -0.181 -0.315 -0.382 -0.363 -0.299 -0.218 -0.261 -0.284 -0.322 -0.264 -0.178 -0.020  0.089  0.184  0.387  0.579  0.587  0.422  0.280  0.064 -0.024  0.023 -0.072 -0.163 -0.124 -0.223 -0.296 -0.209 -0.239 -0.295 -0.297 -0.253 -0.240 -0.164 -0.199 -0.124 -0.184 -0.252 -0.206 -0.232 -0.285 -0.276 -0.200 -0.179 -0.266 -0.208 -0.129 -0.020 -0.035  0.184  0.379  0.608  0.771  1.000  0.809  0.607  0.651  0.487  0.249  0.151  0.054  0.017 -0.146 -0.216 -0.331 -0.327 -0.284 -0.185 -0.171  0.109  0.138  0.180  0.175
 -0.022 -0.099 -0.110 -0.239 -0.269 -0.309 -0.261 -0.220 -0.173 -0.212 -0.214 -0.279 -0.256 -0.248 -0.137 -0.068  0.041  0.226  0.412  0.463  0.334  0.295  0.141  0.057  0.036 -0.062 -0.111 -0.079 -0.150 -0.198 -0.118 -0.131 -0.177 -0.201 -0.162 -0.150 -0.096 -0.101 -0.069 -0.091 -0.131 -0.091 -0.101 -0.185 -0.208 -0.180 -0.167 -0.210 -0.081  0.043  0.175  0.130  0.297  0.505  0.634  0.645  0.809  1.000  0.770  0.628  0.393  0.149  0.013 -0.074 -0.035 -0.161 -0.154 -0.233 -0.201 -0.164 -0.084 -0.110  0.048  0.031  0.025  0.028
 -0.058 -0.090 -0.039 -0.152 -0.204 -0.223 -0.203 -0.184 -0.136 -0.168 -0.151 -0.209 -0.215 -0.221 -0.127 -0.151 -0.075  0.084  0.252  0.286  0.135  0.105  0.026 -0.040 -0.090 -0.152 -0.160 -0.134 -0.189 -0.181 -0.089 -0.095 -0.151 -0.161 -0.129 -0.123 -0.052 -0.046 -0.029 -0.047 -0.082 -0.051 -0.061 -0.127 -0.147 -0.147 -0.137 -0.165 -0.042  0.089  0.174  0.053  0.162  0.323  0.408  0.540  0.607  0.770  1.000  0.739  0.548  0.218  0.070 -0.024  0.056 -0.063 -0.081 -0.165 -0.161 -0.113 -0.042 -0.072  0.036  0.030  0.011  0.012
  0.104  0.098  0.081 -0.091 -0.264 -0.316 -0.325 -0.280 -0.214 -0.255 -0.253 -0.281 -0.256 -0.182 -0.016 -0.058 -0.016  0.165  0.321  0.310  0.115  0.005 -0.116 -0.198 -0.191 -0.208 -0.264 -0.241 -0.278 -0.275 -0.177 -0.178 -0.222 -0.208 -0.175 -0.172 -0.076 -0.111 -0.067 -0.139 -0.197 -0.166 -0.191 -0.226 -0.207 -0.167 -0.155 -0.232 -0.178 -0.111 -0.059 -0.165 -0.013  0.130  0.304  0.502  0.651  0.628  0.739  1.000  0.734  0.416  0.271  0.163  0.184 -0.004 -0.100 -0.238 -0.287 -0.246 -0.161 -0.142  0.097  0.161  0.220  0.205
  0.188  0.207  0.172 -0.030 -0.245 -0.308 -0.348 -0.294 -0.219 -0.257 -0.266 -0.272 -0.240 -0.124  0.066  0.037  0.052  0.168  0.280  0.249  0.094 -0.023 -0.152 -0.206 -0.188 -0.218 -0.262 -0.234 -0.301 -0.317 -0.208 -0.219 -0.272 -0.249 -0.219 -0.219 -0.122 -0.159 -0.113 -0.178 -0.248 -0.225 -0.248 -0.244 -0.191 -0.139 -0.137 -0.220 -0.221 -0.157 -0.128 -0.206 -0.061  0.062  0.232  0.472  0.487  0.393  0.548  0.734  1.000  0.680  0.445  0.279  0.304  0.064 -0.083 -0.247 -0.323 -0.281 -0.200 -0.167  0.107  0.186  0.262  0.259
  0.322  0.321  0.248  0.040 -0.223 -0.298 -0.345 -0.294 -0.216 -0.245 -0.287 -0.266 -0.217 -0.044  0.126  0.158  0.129  0.184  0.201  0.135  0.030 -0.098 -0.222 -0.239 -0.209 -0.242 -0.267 -0.253 -0.350 -0.356 -0.248 -0.265 -0.289 -0.247 -0.204 -0.190 -0.116 -0.183 -0.136 -0.223 -0.291 -0.267 -0.285 -0.231 -0.145 -0.080 -0.082 -0.179 -0.263 -0.249 -0.246 -0.276 -0.159 -0.103  0.054  0.206  0.249  0.149  0.218  0.416  0.680  1.000  0.663  0.402  0.389  0.124 -0.067 -0.229 -0.325 -0.309 -0.247 -0.197  0.074  0.234  0.379  0.347
  0.562  0.603  0.413  0.204 -0.216 -0.301 -0.376 -0.313 -0.233 -0.267 -0.308 -0.261 -0.201  0.059  0.263  0.372  0.288  0.296  0.206  0.101  0.012 -0.184 -0.333 -0.365 -0.256 -0.268 -0.349 -0.336 -0.355 -0.383 -0.335 -0.352 -0.351 -0.296 -0.283 -0.253 -0.130 -0.233 -0.136 -0.244 -0.331 -0.300 -0.337 -0.300 -0.226 -0.137 -0.126 -0.223 -0.351 -0.390 -0.425 -0.426 -0.300 -0.238 -0.077  0.087  0.151  0.013  0.070  0.271  0.445  0.663  1.000  0.764  0.495  0.239 -0.062 -0.241 -0.385 -0.338 -0.264 -0.157  0.211  0.335  0.455  0.422
  0.483  0.651  0.499  0.373 -0.095 -0.201 -0.330 -0.285 -0.239 -0.265 -0.265 -0.172 -0.127  0.150  0.361  0.326  0.194  0.195  0.115 -0.007 -0.088 -0.272 -0.381 -0.414 -0.304 -0.253 -0.321 -0.319 -0.324 -0.345 -0.282 -0.298 -0.314 -0.213 -0.205 -0.179 -0.068 -0.184 -0.048 -0.189 -0.266 -0.251 -0.298 -0.265 -0.222 -0.155 -0.134 -0.226 -0.340 -0.379 -0.454 -0.464 -0.379 -0.331 -0.188 -0.033  0.054 -0.074 -0.024  0.163  0.279  0.402  0.764  1.000  0.691  0.427  0.079 -0.156 -0.340 -0.300 -0.244 -0.146  0.203  0.271  0.424  0.396
  0.174  0.313  0.431  0.401  0.081 -0.024 -0.210 -0.236 -0.220 -0.226 -0.121 -0.035 -0.048  0.096  0.224  0.008 -0.042 -0.027 -0.017 -0.129 -0.247 -0.362 -0.392 -0.410 -0.409 -0.340 -0.317 -0.319 -0.315 -0.219 -0.119 -0.119 -0.139 -0.071 -0.069 -0.075  0.016 -0.044 -0.036 -0.152 -0.194 -0.214 -0.206 -0.165 -0.121 -0.121 -0.116 -0.165 -0.226 -0.239 -0.304 -0.379 -0.340 -0.307 -0.207 -0.076  0.017 -0.035  0.056  0.184  0.304  0.389  0.495  0.691  1.000  0.657  0.326 -0.005 -0.220 -0.248 -0.220 -0.162  0.061  0.164  0.334  0.312
  0.052  0.191  0.302  0.514  0.289  0.253  0.012 -0.025 -0.080 -0.080  0.004  0.117  0.035  0.112  0.100 -0.049 -0.098 -0.136 -0.139 -0.225 -0.298 -0.351 -0.327 -0.309 -0.330 -0.263 -0.213 -0.230 -0.203 -0.134 -0.083 -0.082 -0.079 -0.022 -0.042 -0.041  0.045  0.006  0.014 -0.058 -0.080 -0.082 -0.053 -0.019  0.002 -0.089 -0.115 -0.100 -0.112 -0.109 -0.175 -0.269 -0.296 -0.300 -0.276 -0.204 -0.146 -0.161 -0.063 -0.004  0.064  0.124  0.239  0.427  0.657  1.000  0.641  0.202 -0.024 -0.064 -0.079 -0.061  0.045  0.063  0.160  0.144
 -0.158 -0.038  0.084  0.307  0.435  0.372  0.197  0.143 -0.006 -0.015  0.036  0.110  0.033 -0.032 -0.049 -0.212 -0.251 -0.273 -0.253 -0.265 -0.305 -0.264 -0.196 -0.154 -0.226 -0.190 -0.089 -0.101 -0.074 -0.002  0.031  0.032  0.033  0.057  0.054  0.059  0.125  0.105  0.107  0.112  0.146  0.177  0.232  0.254  0.186  0.018 -0.016 -0.007  0.065  0.066  0.017 -0.089 -0.138 -0.161 -0.233 -0.254 -0.216 -0.154 -0.081 -0.100 -0.083 -0.067 -0.062  0.079  0.326  0.641  1.000  0.560  0.317  0.214  0.123  0.079 -0.009 -0.104 -0.104 -0.106
 -0.309 -0.243 -0.136  0.036  0.342  0.450  0.487  0.457  0.204  0.201  0.159  0.139  0.052 -0.105 -0.153 -0.291 -0.337 -0.394 -0.372 -0.366 -0.341 -0.220 -0.079 -0.031 -0.126 -0.096  0.039 -0.003  0.008  0.091  0.099  0.080  0.072  0.127  0.161  0.184  0.219  0.287  0.244  0.303  0.408  0.451  0.559  0.580  0.360  0.119  0.146  0.138  0.274  0.199  0.141  0.043 -0.069 -0.135 -0.269 -0.329 -0.331 -0.233 -0.165 -0.238 -0.247 -0.229 -0.241 -0.156 -0.005  0.202  0.560  1.000  0.738  0.536  0.337  0.214 -0.118 -0.248 -0.386 -0.377
 -0.387 -0.355 -0.250 -0.061  0.373  0.490  0.640  0.575  0.289  0.313  0.248  0.195  0.132 -0.086 -0.188 -0.281 -0.312 -0.387 -0.367 -0.317 -0.243 -0.080  0.060  0.134  0.041  0.024  0.167  0.148  0.089  0.137  0.159  0.102  0.069  0.104  0.170  0.201  0.183  0.276  0.272  0.419  0.555  0.617  0.613  0.530  0.296  0.087  0.122  0.152  0.331  0.277  0.235  0.179  0.067 -0.019 -0.179 -0.286 -0.327 -0.201 -0.161 -0.287 -0.323 -0.325 -0.385 -0.340 -0.220 -0.024  0.317  0.738  1.000  0.769  0.536  0.351 -0.186 -0.324 -0.524 -0.545
 -0.319 -0.297 -0.283 -0.128  0.224  0.367  0.530  0.541  0.296  0.295  0.182  0.111  0.026 -0.144 -0.210 -0.239 -0.278 -0.353 -0.326 -0.282 -0.200 -0.045  0.094  0.162  0.067  0.042  0.185  0.160  0.105  0.146  0.159  0.084  0.062  0.112  0.197  0.260  0.257  0.287  0.349  0.557  0.636  0.700  0.554  0.436  0.202  0.008  0.028  0.080  0.260  0.261  0.233  0.190  0.087  0.015 -0.143 -0.234 -0.284 -0.164 -0.113 -0.246 -0.281 -0.309 -0.338 -0.300 -0.248 -0.064  0.214  0.536  0.769  1.000  0.804  0.601 -0.019 -0.305 -0.603 -0.644
 -0.244 -0.237 -0.265 -0.138  0.104  0.223  0.346  0.356  0.172  0.164  0.072  0.018 -0.059 -0.195 -0.240 -0.224 -0.251 -0.281 -0.233 -0.195 -0.144 -0.012  0.099  0.153  0.088  0.032  0.137  0.139  0.094  0.086  0.089  0.044  0.028  0.040  0.120  0.194  0.232  0.250  0.368  0.639  0.646  0.626  0.416  0.273  0.090 -0.061 -0.027  0.017  0.182  0.206  0.181  0.157  0.081  0.043 -0.088 -0.157 -0.185 -0.084 -0.042 -0.161 -0.200 -0.247 -0.264 -0.244 -0.220 -0.079  0.123  0.337  0.536  0.804  1.000  0.799  0.192 -0.155 -0.537 -0.604
 -0.107 -0.122 -0.199 -0.101  0.029  0.121  0.213  0.247  0.121  0.101 -0.001 -0.033 -0.100 -0.170 -0.228 -0.148 -0.180 -0.208 -0.180 -0.176 -0.155 -0.076  0.015  0.049  0.006 -0.032  0.043  0.045  0.061  0.063  0.034  0.022  0.031  0.012  0.060  0.127  0.215  0.155  0.260  0.600  0.535  0.538  0.308  0.155 -0.000 -0.140 -0.125 -0.054  0.085  0.100  0.049  0.031 -0.023 -0.028 -0.123 -0.160 -0.171 -0.110 -0.072 -0.142 -0.167 -0.197 -0.157 -0.146 -0.162 -0.061  0.079  0.214  0.351  0.601  0.799  1.000  0.382  0.064 -0.389 -0.475
  0.262  0.253  0.047  0.046 -0.152 -0.183 -0.240 -0.178 -0.153 -0.184 -0.188 -0.194 -0.218 -0.123 -0.095  0.079  0.018  0.088  0.132  0.097  0.011 -0.068 -0.146 -0.210 -0.103 -0.113 -0.278 -0.235 -0.048 -0.191 -0.328 -0.161 -0.073 -0.203 -0.284 -0.244 -0.069 -0.117 -0.001  0.055 -0.007  0.010 -0.078 -0.153 -0.193 -0.250 -0.210 -0.199 -0.200 -0.162 -0.219 -0.250 -0.159 -0.020  0.004  0.051  0.109  0.048  0.036  0.097  0.107  0.074  0.211  0.203  0.061  0.045 -0.009 -0.118 -0.186 -0.019  0.192  0.382  1.000  0.515  0.075  0.057
  0.314  0.253  0.126  0.143 -0.118 -0.150 -0.235 -0.217 -0.170 -0.162 -0.103 -0.081 -0.101  0.044 -0.057  0.190  0.179  0.228  0.230  0.147  0.034 -0.141 -0.249 -0.334 -0.212 -0.203 -0.406 -0.362 -0.200 -0.324 -0.445 -0.262 -0.192 -0.357 -0.472 -0.484 -0.402 -0.409 -0.461 -0.365 -0.416 -0.368 -0.342 -0.292 -0.184 -0.167 -0.184 -0.191 -0.280 -0.288 -0.366 -0.397 -0.290 -0.165 -0.029  0.071  0.138  0.031  0.030  0.161  0.186  0.234  0.335  0.271  0.164  0.063 -0.104 -0.248 -0.324 -0.305 -0.155  0.064  0.515  1.000  0.583  0.415
  0.397  0.396  0.315  0.243 -0.115 -0.224 -0.396 -0.394 -0.285 -0.282 -0.169 -0.061 -0.033  0.155  0.151  0.262  0.242  0.315  0.272  0.189  0.058 -0.173 -0.329 -0.413 -0.258 -0.198 -0.417 -0.391 -0.256 -0.319 -0.387 -0.267 -0.206 -0.293 -0.384 -0.442 -0.413 -0.466 -0.516 -0.603 -0.640 -0.600 -0.524 -0.434 -0.210 -0.099 -0.198 -0.269 -0.443 -0.401 -0.453 -0.463 -0.354 -0.282 -0.063  0.078  0.180  0.025  0.011  0.220  0.262  0.379  0.455  0.424  0.334  0.160 -0.104 -0.386 -0.524 -0.603 -0.537 -0.389  0.075  0.583  1.000  0.798
