  1.000  0.717  0.421  0.189 -0.194 -0.292 -0.275 -0.208 -0.163 -0.201 -0.266 -0.219 -0.137  0.114  0.250  0.575  0.528  0.475  0.289  0.159  0.135 -0.054 -0.206 -0.256 -0.135 -0.178 -0.270 -0.248 -0.250 -0.297 -0.284 -0.274 -0.231 -0.201 -0.222 -0.197 -0.146 -0.221 -0.138 -0.170 -0.280 -0.229 -0.288 -0.282 -0.254 -0.177 -0.191 -0.224 -0.281 -0.331 -0.339 -0.307 -0.220 -0.168 -0.026  0.066  0.106 -0.029 -0.064  0.037  0.128  0.288  0.512  0.419  0.164  0.019 -0.151 -0.278 -0.345 -0.229 -0.139 -0.028  0.244  0.246  0.350  0.370
  0.717  1.000  0.649  0.364 -0.079 -0.235 -0.290 -0.267 -0.239 -0.259 -0.268 -0.164 -0.070  0.200  0.447  0.527  0.353  0.344  0.195  0.076  0.027 -0.160 -0.290 -0.338 -0.210 -0.182 -0.258 -0.236 -0.225 -0.266 -0.238 -0.236 -0.207 -0.130 -0.163 -0.153 -0.100 -0.173 -0.062 -0.135 -0.241 -0.195 -0.245 -0.237 -0.244 -0.176 -0.171 -0.229 -0.267 -0.341 -0.389 -0.382 -0.298 -0.258 -0.120  0.015  0.062 -0.090 -0.066  0.059  0.174  0.276  0.540  0.604  0.294  0.142 -0.044 -0.222 -0.316 -0.217 -0.148 -0.058  0.222  0.173  0.342  0.344
  0.421  0.649  1.000  0.573  0.118 -0.091 -0.208 -0.299 -0.287 -0.287 -0.195 -0.059  0.064  0.292  0.522  0.311  0.259  0.180  0.089 -0.025 -0.094 -0.253 -0.314 -0.325 -0.305 -0.260 -0.253 -0.235 -0.245 -0.189 -0.121 -0.158 -0.131 -0.026 -0.047 -0.030 -0.022 -0.068 -0.031 -0.113 -0.198 -0.208 -0.241 -0.206 -0.208 -0.134 -0.103 -0.156 -0.167 -0.260 -0.289 -0.314 -0.264 -0.256 -0.156 -0.046  0.015 -0.057 -0.007  0.068  0.162  0.240  0.384  0.456  0.418  0.267  0.082 -0.155 -0.241 -0.206 -0.166 -0.116  0.046  0.068  0.284  0.299
  0.189  0.364  0.573  1.000  0.526  0.294  0.053 -0.056 -0.099 -0.044  0.121  0.289  0.347  0.459  0.333  0.204  0.122  0.031 -0.056 -0.153 -0.182 -0.274 -0.282 -0.240 -0.205 -0.180 -0.194 -0.181 -0.160 -0.180 -0.181 -0.162 -0.148 -0.137 -0.179 -0.190 -0.128 -0.105 -0.089 -0.121 -0.167 -0.120 -0.112 -0.107 -0.124 -0.115 -0.124 -0.098 -0.147 -0.183 -0.229 -0.252 -0.268 -0.301 -0.255 -0.178 -0.161 -0.213 -0.132 -0.091 -0.032  0.027  0.171  0.340  0.372  0.499  0.312  0.047 -0.041 -0.091 -0.096 -0.054  0.036  0.122  0.212  0.177
 -0.194 -0.079  0.118  0.526  1.000  0.730  0.359  0.162  0.055  0.141  0.316  0.474  0.528  0.318  0.111 -0.046 -0.083 -0.183 -0.199 -0.194 -0.191 -0.174 -0.118 -0.029 -0.066 -0.068 -0.036 -0.018  0.014  0.014 -0.019 -0.001  0.003 -0.045 -0.060 -0.086 -0.093 -0.059 -0.054 -0.011  0.040  0.093  0.097  0.071  0.020 -0.036 -0.046  0.002  0.004  0.010  0.009 -0.020 -0.074 -0.144 -0.198 -0.220 -0.250 -0.217 -0.169 -0.188 -0.189 -0.213 -0.207 -0.091  0.076  0.293  0.423  0.312  0.336  0.162  0.046  0.022 -0.123 -0.040 -0.074 -0.103
 -0.292 -0.235 -0.091  0.294  0.730  1.000  0.611  0.392  0.262  0.349  0.463  0.546  0.446  0.200 -0.076 -0.141 -0.157 -0.256 -0.262 -0.249 -0.208 -0.151 -0.072  0.020 -0.024 -0.044 -0.007 -0.010  0.028  0.025 -0.022  0.004  0.014 -0.033 -0.051 -0.064 -0.055  0.016 -0.017  0.042  0.116  0.157  0.171  0.142  0.074 -0.013 -0.039  0.027  0.040  0.073  0.076  0.039 -0.053 -0.129 -0.210 -0.247 -0.299 -0.242 -0.189 -0.231 -0.247 -0.284 -0.293 -0.206 -0.042  0.246  0.363  0.417  0.453  0.280  0.129  0.067 -0.168 -0.076 -0.175 -0.208
 -0.275 -0.290 -0.208  0.053  0.359  0.611  1.000  0.728  0.507  0.600  0.504  0.339  0.259  0.053 -0.133 -0.151 -0.178 -0.250 -0.313 -0.281 -0.177 -0.035  0.056  0.118  0.098  0.081  0.125  0.117  0.081  0.075  0.047  0.042  0.033 -0.006 -0.000 -0.024 -0.041  0.089  0.028  0.055  0.200  0.225  0.276  0.244  0.148  0.034  0.011  0.076  0.137  0.159  0.168  0.155  0.042 -0.036 -0.189 -0.280 -0.327 -0.235 -0.205 -0.301 -0.317 -0.270 -0.296 -0.270 -0.197  0.036  0.192  0.440  0.551  0.376  0.222  0.087 -0.218 -0.223 -0.363 -0.382
 -0.208 -0.267 -0.299 -0.056  0.162  0.392  0.728  1.000  0.794  0.710  0.426  0.232  0.124 -0.019 -0.217 -0.117 -0.152 -0.196 -0.311 -0.286 -0.136  0.024  0.102  0.160  0.178  0.153  0.161  0.105  0.073  0.063  0.005 -0.001 -0.011 -0.076 -0.062 -0.091 -0.063  0.085  0.026 -0.012  0.142  0.181  0.263  0.214  0.158  0.046 -0.005  0.061  0.079  0.157  0.161  0.162  0.043 -0.026 -0.179 -0.246 -0.320 -0.248 -0.218 -0.285 -0.286 -0.227 -0.235 -0.232 -0.247 -0.024  0.105  0.374  0.424  0.260  0.110  0.013 -0.178 -0.173 -0.345 -0.337
 -0.163 -0.239 -0.287 -0.099  0.055  0.262  0.507  0.794  1.000  0.852  0.472  0.284  0.131  0.020 -0.173 -0.053 -0.105 -0.153 -0.244 -0.238 -0.113  0.010  0.081  0.136  0.140  0.113  0.125  0.046  0.015  0.033 -0.027 -0.044 -0.040 -0.091 -0.085 -0.093 -0.048  0.060  0.012 -0.034  0.066  0.105  0.156  0.103  0.079  0.016 -0.032  0.061  0.055  0.121  0.113  0.125  0.015 -0.040 -0.148 -0.188 -0.266 -0.223 -0.184 -0.238 -0.236 -0.190 -0.202 -0.225 -0.255 -0.084 -0.024  0.178  0.230  0.135  0.010 -0.038 -0.177 -0.133 -0.259 -0.260
 -0.201 -0.259 -0.287 -0.044  0.141  0.349  0.600  0.710  0.852  1.000  0.698  0.462  0.295  0.134 -0.130 -0.042 -0.107 -0.167 -0.259 -0.253 -0.121  0.003  0.080  0.148  0.147  0.099  0.106  0.051  0.017  0.009 -0.045 -0.045 -0.046 -0.105 -0.099 -0.129 -0.073  0.052 -0.009 -0.058  0.049  0.100  0.154  0.100  0.086  0.029 -0.014  0.095  0.070  0.122  0.112  0.134  0.013 -0.046 -0.157 -0.200 -0.289 -0.247 -0.206 -0.262 -0.266 -0.224 -0.232 -0.245 -0.267 -0.079 -0.025  0.187  0.259  0.146  0.009 -0.047 -0.207 -0.137 -0.272 -0.286
 -0.266 -0.268 -0.195  0.121  0.316  0.463  0.504  0.426  0.472  0.698  1.000  0.793  0.591  0.353 -0.010 -0.040 -0.116 -0.184 -0.241 -0.263 -0.156 -0.053  0.031  0.107  0.093  0.034  0.026  0.020  0.022 -0.012 -0.063 -0.009 -0.010 -0.094 -0.117 -0.181 -0.113  0.074 -0.036 -0.075  0.016  0.071  0.124  0.080  0.070  0.032  0.009  0.136  0.092  0.109  0.077  0.103 -0.019 -0.082 -0.173 -0.200 -0.290 -0.252 -0.188 -0.248 -0.266 -0.276 -0.277 -0.235 -0.195 -0.020  0.002  0.143  0.219  0.115 -0.013 -0.059 -0.195 -0.082 -0.184 -0.238
 -0.219 -0.164 -0.059  0.289  0.474  0.546  0.339  0.232  0.284  0.462  0.793  1.000  0.763  0.494  0.087  0.027 -0.061 -0.155 -0.200 -0.254 -0.177 -0.129 -0.042  0.045  0.027 -0.017 -0.022 -0.036 -0.015 -0.052 -0.110 -0.065 -0.054 -0.120 -0.158 -0.201 -0.119  0.023 -0.065 -0.056 -0.022  0.032  0.066  0.022  0.025 -0.002 -0.024  0.099  0.042  0.041 -0.003  0.017 -0.088 -0.167 -0.210 -0.204 -0.285 -0.280 -0.206 -0.235 -0.237 -0.242 -0.227 -0.140 -0.090  0.080  0.059  0.095  0.158  0.071 -0.036 -0.049 -0.177 -0.030 -0.047 -0.112
 -0.137 -0.070  0.064  0.347  0.528  0.446  0.259  0.124  0.131  0.295  0.591  0.763  1.000  0.694  0.276  0.138  0.040 -0.077 -0.136 -0.191 -0.118 -0.103 -0.034  0.055  0.040 -0.006 -0.009  0.005 -0.025 -0.075 -0.100 -0.068 -0.084 -0.147 -0.166 -0.216 -0.169 -0.033 -0.082 -0.100 -0.062  0.003  0.025 -0.017  0.004  0.015  0.002  0.093  0.013  0.005 -0.024  0.015 -0.085 -0.160 -0.179 -0.167 -0.242 -0.259 -0.204 -0.213 -0.207 -0.204 -0.174 -0.101 -0.083  0.034  0.018  0.037  0.111  0.016 -0.071 -0.074 -0.177 -0.034 -0.018 -0.061
  0.114  0.200  0.292  0.459  0.318  0.200  0.053 -0.019  0.020  0.134  0.353  0.494  0.694  1.000  0.550  0.403  0.246  0.095  0.005 -0.108 -0.073 -0.156 -0.119 -0.038 -0.042 -0.079 -0.067 -0.078 -0.146 -0.196 -0.195 -0.219 -0.226 -0.216 -0.220 -0.226 -0.134 -0.048 -0.064 -0.137 -0.170 -0.116 -0.112 -0.136 -0.099 -0.025 -0.018  0.033 -0.067 -0.137 -0.184 -0.125 -0.181 -0.252 -0.196 -0.135 -0.175 -0.264 -0.217 -0.172 -0.123 -0.042  0.056  0.145  0.062  0.095 -0.059 -0.125 -0.094 -0.110 -0.166 -0.127 -0.123  0.053  0.153  0.105
  0.250  0.447  0.522  0.333  0.111 -0.076 -0.133 -0.217 -0.173 -0.130 -0.010  0.087  0.276  0.550  1.000  0.567  0.365  0.226  0.119  0.016 -0.014 -0.146 -0.163 -0.139 -0.138 -0.058 -0.021 -0.054 -0.153 -0.096 -0.056 -0.162 -0.150 -0.021 -0.021 -0.008 -0.033 -0.046  0.039 -0.087 -0.129 -0.136 -0.156 -0.151 -0.182 -0.049  0.016 -0.044 -0.082 -0.231 -0.260 -0.202 -0.175 -0.223 -0.138 -0.053 -0.029 -0.144 -0.128 -0.049  0.028  0.097  0.223  0.323  0.191  0.070 -0.067 -0.178 -0.188 -0.160 -0.179 -0.173 -0.096 -0.103  0.132  0.116
  0.575  0.527  0.311  0.204 -0.046 -0.141 -0.151 -0.117 -0.053 -0.042 -0.040  0.027  0.138  0.403  0.567  1.000  0.726  0.469  0.275  0.168  0.219  0.055 -0.058 -0.049  0.024 -0.025 -0.075 -0.116 -0.209 -0.269 -0.301 -0.359 -0.310 -0.268 -0.293 -0.255 -0.225 -0.247 -0.161 -0.202 -0.281 -0.206 -0.226 -0.234 -0.209 -0.112 -0.103 -0.100 -0.180 -0.232 -0.226 -0.152 -0.102 -0.104  0.025  0.081  0.039 -0.104 -0.157 -0.092  0.000  0.133  0.331  0.286  0.006 -0.061 -0.206 -0.267 -0.252 -0.179 -0.164 -0.096  0.061  0.131  0.218  0.206
  0.528  0.353  0.259  0.122 -0.083 -0.157 -0.178 -0.152 -0.105 -0.107 -0.116 -0.061  0.040  0.246  0.365  0.726  1.000  0.730  0.436  0.335  0.416  0.182  0.012  0.020  0.081 -0.022 -0.089 -0.099 -0.176 -0.242 -0.273 -0.315 -0.271 -0.247 -0.267 -0.232 -0.259 -0.305 -0.231 -0.248 -0.332 -0.272 -0.295 -0.279 -0.240 -0.116 -0.103 -0.118 -0.202 -0.243 -0.183 -0.086  0.004  0.029  0.182  0.196  0.157  0.025 -0.087 -0.038  0.022  0.111  0.256  0.161 -0.013 -0.086 -0.221 -0.309 -0.288 -0.217 -0.188 -0.125  0.015  0.146  0.229  0.216
  0.475  0.344  0.180  0.031 -0.183 -0.256 -0.250 -0.196 -0.153 -0.167 -0.184 -0.155 -0.077  0.095  0.226  0.469  0.730  1.000  0.678  0.535  0.539  0.244 -0.005 -0.032  0.089 -0.052 -0.169 -0.137 -0.206 -0.294 -0.300 -0.317 -0.288 -0.263 -0.280 -0.262 -0.258 -0.295 -0.224 -0.259 -0.349 -0.283 -0.308 -0.304 -0.269 -0.146 -0.130 -0.190 -0.252 -0.305 -0.232 -0.131  0.012  0.086  0.293  0.331  0.354  0.200  0.058  0.126  0.125  0.155  0.251  0.165 -0.010 -0.122 -0.246 -0.345 -0.342 -0.270 -0.202 -0.150  0.068  0.174  0.289  0.270
  0.289  0.195  0.089 -0.056 -0.199 -0.262 -0.313 -0.311 -0.244 -0.259 -0.241 -0.200 -0.136  0.005  0.119  0.275  0.436  0.678  1.000  0.710  0.500  0.187 -0.045 -0.105 -0.037 -0.162 -0.253 -0.202 -0.260 -0.337 -0.293 -0.313 -0.304 -0.259 -0.244 -0.203 -0.154 -0.244 -0.156 -0.166 -0.295 -0.239 -0.317 -0.328 -0.298 -0.182 -0.163 -0.246 -0.268 -0.303 -0.218 -0.165  0.018  0.156  0.446  0.548  0.596  0.410  0.248  0.327  0.279  0.194  0.156  0.078  0.028 -0.109 -0.228 -0.358 -0.347 -0.232 -0.148 -0.090  0.112  0.223  0.315  0.274
  0.159  0.076 -0.025 -0.153 -0.194 -0.249 -0.281 -0.286 -0.238 -0.253 -0.263 -0.254 -0.191 -0.108  0.016  0.168  0.335  0.535  0.710  1.000  0.746  0.417  0.137  0.074  0.130 -0.025 -0.130 -0.059 -0.130 -0.233 -0.213 -0.231 -0.232 -0.218 -0.204 -0.175 -0.196 -0.296 -0.195 -0.184 -0.275 -0.226 -0.282 -0.291 -0.266 -0.166 -0.158 -0.235 -0.241 -0.223 -0.086  0.004  0.199  0.342  0.588  0.544  0.590  0.461  0.263  0.314  0.236  0.104  0.043 -0.045 -0.068 -0.169 -0.196 -0.309 -0.278 -0.203 -0.128 -0.088  0.102  0.142  0.203  0.184
  0.135  0.027 -0.094 -0.182 -0.191 -0.208 -0.177 -0.136 -0.113 -0.121 -0.156 -0.177 -0.118 -0.073 -0.014  0.219  0.416  0.539  0.500  0.746  1.000  0.731  0.408  0.341  0.415  0.200  0.048  0.096 -0.021 -0.177 -0.214 -0.237 -0.229 -0.249 -0.243 -0.231 -0.279 -0.308 -0.230 -0.213 -0.246 -0.197 -0.201 -0.215 -0.184 -0.117 -0.121 -0.144 -0.155 -0.085  0.074  0.224  0.365  0.476  0.611  0.463  0.398  0.315  0.100  0.098  0.064 -0.010 -0.029 -0.107 -0.194 -0.240 -0.231 -0.262 -0.197 -0.157 -0.116 -0.101  0.030  0.029  0.043  0.047
 -0.054 -0.160 -0.253 -0.274 -0.174 -0.151 -0.035  0.024  0.010  0.003 -0.053 -0.129 -0.103 -0.156 -0.146  0.055  0.182  0.244  0.187  0.417  0.731  1.000  0.736  0.632  0.663  0.466  0.290  0.294  0.155 -0.009 -0.083 -0.111 -0.109 -0.166 -0.165 -0.184 -0.272 -0.208 -0.186 -0.145 -0.096 -0.079 -0.013 -0.040 -0.037 -0.052 -0.054 -0.024  0.028  0.176  0.361  0.541  0.594  0.648  0.565  0.326  0.195  0.231  0.038 -0.053 -0.075 -0.136 -0.191 -0.248 -0.314 -0.286 -0.185 -0.112 -0.027 -0.035 -0.017 -0.070 -0.029 -0.148 -0.222 -0.191
 -0.206 -0.290 -0.314 -0.282 -0.118 -0.072  0.056  0.102  0.081  0.080  0.031 -0.042 -0.034 -0.119 -0.163 -0.058  0.012 -0.005 -0.045  0.137  0.408  0.736  1.000  0.803  0.677  0.581  0.508  0.445  0.268  0.136  0.058  0.003 -0.006 -0.070 -0.068 -0.085 -0.175 -0.077 -0.106 -0.040  0.040  0.023  0.120  0.073  0.053  0.003  0.020  0.086  0.191  0.351  0.508  0.675  0.572  0.539  0.349  0.144 -0.026  0.070 -0.034 -0.170 -0.188 -0.230 -0.301 -0.330 -0.347 -0.274 -0.145 -0.004  0.089  0.050  0.041 -0.029 -0.113 -0.251 -0.359 -0.326
 -0.256 -0.338 -0.325 -0.240 -0.029  0.020  0.118  0.160  0.136  0.148  0.107  0.045  0.055 -0.038 -0.139 -0.049  0.020 -0.032 -0.105  0.074  0.341  0.632  0.803  1.000  0.792  0.558  0.589  0.546  0.301  0.172  0.101  0.016 -0.012 -0.082 -0.062 -0.075 -0.148 -0.048 -0.092 -0.008  0.079  0.046  0.130  0.111  0.109  0.084  0.086  0.167  0.200  0.341  0.513  0.718  0.608  0.469  0.268  0.047 -0.123 -0.021 -0.109 -0.252 -0.242 -0.247 -0.330 -0.355 -0.357 -0.241 -0.098  0.045  0.151  0.089  0.059 -0.021 -0.181 -0.308 -0.428 -0.405
 -0.135 -0.210 -0.305 -0.205 -0.066 -0.024  0.098  0.178  0.140  0.147  0.093  0.027  0.040 -0.042 -0.138  0.024  0.081  0.089 -0.037  0.130  0.415  0.663  0.677  0.792  1.000  0.736  0.538  0.562  0.392  0.152  0.018 -0.015 -0.041 -0.141 -0.148 -0.188 -0.274 -0.132 -0.141 -0.092  0.008  0.016  0.098  0.070  0.060  0.020  0.004  0.058  0.088  0.209  0.355  0.557  0.484  0.379  0.239  0.051 -0.095 -0.054 -0.158 -0.252 -0.239 -0.232 -0.253 -0.268 -0.364 -0.256 -0.142  0.002  0.099  0.039  0.034 -0.037 -0.080 -0.217 -0.314 -0.288
 -0.178 -0.182 -0.260 -0.180 -0.068 -0.044  0.081  0.153  0.113  0.099  0.034 -0.017 -0.006 -0.079 -0.058 -0.025 -0.022 -0.052 -0.162 -0.025  0.200  0.466  0.581  0.558  0.736  1.000  0.731  0.591  0.545  0.394  0.191  0.146  0.151  0.074  0.030 -0.011 -0.222 -0.100 -0.083 -0.070  0.055  0.032  0.119  0.093  0.044 -0.027 -0.030  0.008  0.076  0.156  0.244  0.394  0.333  0.216  0.049 -0.076 -0.177 -0.127 -0.189 -0.251 -0.255 -0.255 -0.260 -0.231 -0.312 -0.211 -0.110  0.019  0.085  0.014 -0.001 -0.058 -0.086 -0.235 -0.278 -0.250
 -0.270 -0.258 -0.253 -0.194 -0.036 -0.007  0.125  0.161  0.125  0.106  0.026 -0.022 -0.009 -0.067 -0.021 -0.075 -0.089 -0.169 -0.253 -0.130  0.048  0.290  0.508  0.589  0.538  0.731  1.000  0.785  0.522  0.529  0.450  0.258  0.227  0.244  0.250  0.246  0.036  0.101  0.095  0.086  0.216  0.119  0.184  0.178  0.113  0.070  0.088  0.112  0.185  0.215  0.302  0.432  0.337  0.177 -0.021 -0.160 -0.261 -0.174 -0.205 -0.309 -0.298 -0.270 -0.310 -0.266 -0.283 -0.173 -0.043  0.103  0.179  0.115  0.058 -0.047 -0.255 -0.438 -0.467 -0.437
 -0.248 -0.236 -0.235 -0.181 -0.018 -0.010  0.117  0.105  0.046  0.051  0.020 -0.036  0.005 -0.078 -0.054 -0.116 -0.099 -0.137 -0.202 -0.059  0.096  0.294  0.445  0.546  0.562  0.591  0.785  1.000  0.682  0.505  0.512  0.409  0.294  0.239  0.263  0.197 -0.012  0.040  0.030  0.042  0.171  0.094  0.142  0.138  0.071  0.044  0.045  0.058  0.129  0.184  0.301  0.414  0.335  0.208  0.023 -0.134 -0.212 -0.130 -0.184 -0.289 -0.277 -0.263 -0.306 -0.264 -0.277 -0.178 -0.034  0.081  0.161  0.101  0.075 -0.022 -0.199 -0.409 -0.448 -0.411
 -0.250 -0.225 -0.245 -0.160  0.014  0.028  0.081  0.073  0.015  0.017  0.022 -0.015 -0.025 -0.146 -0.153 -0.209 -0.176 -0.206 -0.260 -0.130 -0.021  0.155  0.268  0.301  0.392  0.545  0.522  0.682  1.000  0.742  0.475  0.607  0.584  0.392  0.301  0.178 -0.096 -0.040 -0.074 -0.024  0.109  0.062  0.117  0.082  0.001 -0.077 -0.094 -0.061  0.035  0.109  0.202  0.265  0.217  0.111 -0.085 -0.213 -0.248 -0.152 -0.187 -0.261 -0.288 -0.331 -0.327 -0.270 -0.263 -0.149  0.002  0.083  0.110  0.038  0.028  0.010 -0.048 -0.252 -0.301 -0.231
 -0.297 -0.266 -0.189 -0.180  0.014  0.025  0.075  0.063  0.033  0.009 -0.012 -0.052 -0.075 -0.196 -0.096 -0.269 -0.242 -0.294 -0.337 -0.233 -0.177 -0.009  0.136  0.172  0.152  0.394  0.529  0.505  0.742  1.000  0.753  0.671  0.715  0.659  0.564  0.497  0.147  0.122  0.085  0.088  0.220  0.093  0.107  0.096  0.010 -0.039 -0.039 -0.023  0.081  0.086  0.146  0.173  0.123  0.005 -0.193 -0.290 -0.294 -0.180 -0.177 -0.252 -0.288 -0.316 -0.331 -0.277 -0.190 -0.112  0.030  0.116  0.129  0.065  0.010 -0.030 -0.190 -0.363 -0.360 -0.286
 -0.284 -0.238 -0.121 -0.181 -0.019 -0.022  0.047  0.005 -0.027 -0.045 -0.063 -0.110 -0.100 -0.195 -0.056 -0.301 -0.273 -0.300 -0.293 -0.213 -0.214 -0.083  0.058  0.101  0.018  0.191  0.450  0.512  0.475  0.753  1.000  0.770  0.621  0.674  0.709  0.637  0.367  0.275  0.239  0.176  0.275  0.121  0.090  0.101  0.031  0.043  0.051  0.030  0.108  0.080  0.123  0.126  0.072 -0.010 -0.175 -0.247 -0.219 -0.117 -0.102 -0.174 -0.200 -0.223 -0.275 -0.216 -0.106 -0.078  0.036  0.100  0.124  0.092  0.032 -0.048 -0.290 -0.454 -0.409 -0.364
 -0.274 -0.236 -0.158 -0.162 -0.001  0.004  0.042 -0.001 -0.044 -0.045 -0.009 -0.065 -0.068 -0.219 -0.162 -0.359 -0.315 -0.317 -0.313 -0.231 -0.237 -0.111  0.003  0.016 -0.015  0.146  0.258  0.409  0.607  0.671  0.770  1.000  0.822  0.660  0.628  0.437  0.156  0.135  0.056  0.036  0.163  0.070  0.079  0.080  0.019 -0.005 -0.027 -0.026  0.050  0.082  0.125  0.094  0.037 -0.023 -0.192 -0.263 -0.229 -0.109 -0.086 -0.161 -0.201 -0.244 -0.283 -0.226 -0.116 -0.078  0.050  0.097  0.084  0.029  0.001 -0.019 -0.127 -0.285 -0.292 -0.222
 -0.231 -0.207 -0.131 -0.148  0.003  0.014  0.033 -0.011 -0.040 -0.046 -0.010 -0.054 -0.084 -0.226 -0.150 -0.310 -0.271 -0.288 -0.304 -0.232 -0.229 -0.109 -0.006 -0.012 -0.041  0.151  0.227  0.294  0.584  0.715  0.621  0.822  1.000  0.809  0.631  0.473  0.089  0.052 -0.019 -0.003  0.119  0.025  0.042  0.041 -0.020 -0.063 -0.084 -0.077  0.035  0.059  0.108  0.080  0.037 -0.026 -0.191 -0.275 -0.239 -0.112 -0.110 -0.182 -0.226 -0.252 -0.276 -0.225 -0.114 -0.077  0.050  0.091  0.056 -0.002 -0.026 -0.026 -0.080 -0.258 -0.250 -0.152
 -0.201 -0.130 -0.026 -0.137 -0.045 -0.033 -0.006 -0.076 -0.091 -0.105 -0.094 -0.120 -0.147 -0.216 -0.021 -0.268 -0.247 -0.263 -0.259 -0.218 -0.249 -0.166 -0.070 -0.082 -0.141  0.074  0.244  0.239  0.392  0.659  0.674  0.660  0.809  1.000  0.858  0.748  0.339  0.227  0.196  0.131  0.208  0.058  0.041  0.057 -0.030 -0.034 -0.022 -0.070  0.050 -0.004  0.032 -0.000 -0.025 -0.088 -0.209 -0.264 -0.194 -0.105 -0.105 -0.147 -0.188 -0.201 -0.223 -0.138 -0.043 -0.042  0.042  0.085  0.050  0.049 -0.005 -0.068 -0.202 -0.395 -0.302 -0.213
 -0.222 -0.163 -0.047 -0.179 -0.060 -0.051 -0.000 -0.062 -0.085 -0.099 -0.117 -0.158 -0.166 -0.220 -0.021 -0.293 -0.267 -0.280 -0.244 -0.204 -0.243 -0.165 -0.068 -0.062 -0.148  0.030  0.250  0.263  0.301  0.564  0.709  0.628  0.631  0.858  1.000  0.862  0.506  0.342  0.336  0.229  0.283  0.119  0.063  0.078 -0.011  0.013  0.034 -0.024  0.076  0.005  0.035  0.008 -0.024 -0.084 -0.188 -0.238 -0.166 -0.085 -0.087 -0.120 -0.170 -0.170 -0.222 -0.153 -0.049 -0.060  0.033  0.096  0.091  0.123  0.058 -0.035 -0.265 -0.454 -0.357 -0.297
 -0.197 -0.153 -0.030 -0.190 -0.086 -0.064 -0.024 -0.091 -0.093 -0.129 -0.181 -0.201 -0.216 -0.226 -0.008 -0.255 -0.232 -0.262 -0.203 -0.175 -0.231 -0.184 -0.085 -0.075 -0.188 -0.011  0.246  0.197  0.178  0.497  0.637  0.437  0.473  0.748  0.862  1.000  0.686  0.432  0.454  0.364  0.368  0.171  0.069  0.075 -0.014  0.013  0.049 -0.009  0.095 -0.003  0.006 -0.023 -0.044 -0.100 -0.166 -0.205 -0.132 -0.062 -0.069 -0.093 -0.152 -0.141 -0.197 -0.144 -0.038 -0.053  0.024  0.084  0.100  0.186  0.129  0.026 -0.246 -0.440 -0.368 -0.326
 -0.146 -0.100 -0.022 -0.128 -0.093 -0.055 -0.041 -0.063 -0.048 -0.073 -0.113 -0.119 -0.169 -0.134 -0.033 -0.225 -0.259 -0.258 -0.154 -0.196 -0.279 -0.272 -0.175 -0.148 -0.274 -0.222  0.036 -0.012 -0.096  0.147  0.367  0.156  0.089  0.339  0.506  0.686  1.000  0.757  0.658  0.519  0.436  0.286  0.149  0.088  0.017  0.059  0.108  0.068  0.127 -0.015 -0.087 -0.131 -0.170 -0.171 -0.176 -0.147 -0.086 -0.066 -0.022 -0.017 -0.070 -0.065 -0.099 -0.049  0.019  0.013  0.035  0.089  0.093  0.207  0.178  0.097 -0.145 -0.350 -0.314 -0.292
 -0.221 -0.173 -0.068 -0.105 -0.059  0.016  0.089  0.085  0.060  0.052  0.074  0.023 -0.033 -0.048 -0.046 -0.247 -0.305 -0.295 -0.244 -0.296 -0.308 -0.208 -0.077 -0.048 -0.132 -0.100  0.101  0.040 -0.040  0.122  0.275  0.135  0.052  0.227  0.342  0.432  0.757  1.000  0.737  0.479  0.503  0.366  0.326  0.231  0.132  0.109  0.167  0.143  0.232  0.095 -0.004 -0.032 -0.129 -0.154 -0.228 -0.210 -0.191 -0.150 -0.074 -0.113 -0.146 -0.138 -0.168 -0.103 -0.054 -0.020  0.016  0.181  0.198  0.236  0.184  0.036 -0.182 -0.409 -0.410 -0.357
 -0.138 -0.062 -0.031 -0.089 -0.054 -0.017  0.028  0.026  0.012 -0.009 -0.036 -0.065 -0.082 -0.064  0.039 -0.161 -0.231 -0.224 -0.156 -0.195 -0.230 -0.186 -0.106 -0.092 -0.141 -0.083  0.095  0.030 -0.074  0.085  0.239  0.056 -0.019  0.196  0.336  0.454  0.658  0.737  1.000  0.658  0.613  0.486  0.313  0.201  0.063  0.046  0.133  0.074  0.165  0.032 -0.073 -0.101 -0.140 -0.140 -0.170 -0.139 -0.103 -0.093 -0.042 -0.050 -0.094 -0.107 -0.100 -0.024 -0.043 -0.019  0.018  0.144  0.196  0.317  0.306  0.154 -0.077 -0.393 -0.413 -0.431
 -0.170 -0.135 -0.113 -0.121 -0.011  0.042  0.055 -0.012 -0.034 -0.058 -0.075 -0.056 -0.100 -0.137 -0.087 -0.202 -0.248 -0.259 -0.166 -0.184 -0.213 -0.145 -0.040 -0.008 -0.092 -0.070  0.086  0.042 -0.024  0.088  0.176  0.036 -0.003  0.131  0.229  0.364  0.519  0.479  0.658  1.000  0.783  0.612  0.359  0.209  0.055 -0.028  0.037  0.049  0.183  0.102  0.014 -0.021 -0.063 -0.078 -0.138 -0.135 -0.112 -0.071 -0.020 -0.066 -0.102 -0.151 -0.177 -0.120 -0.090 -0.038  0.060  0.181  0.308  0.483  0.576  0.552  0.109 -0.250 -0.424 -0.506
 -0.280 -0.241 -0.198 -0.167  0.040  0.116  0.200  0.142  0.066  0.049  0.016 -0.022 -0.062 -0.170 -0.129 -0.281 -0.332 -0.349 -0.295 -0.275 -0.246 -0.096  0.040  0.079  0.008  0.055  0.216  0.171  0.109  0.220  0.275  0.163  0.119  0.208  0.283  0.368  0.436  0.503  0.613  0.783  1.000  0.811  0.568  0.375  0.154  0.001  0.071  0.085  0.275  0.225  0.135  0.096  0.007 -0.042 -0.182 -0.229 -0.228 -0.141 -0.087 -0.172 -0.222 -0.268 -0.292 -0.221 -0.183 -0.074  0.104  0.344  0.504  0.594  0.583  0.451 -0.014 -0.382 -0.566 -0.595
 -0.229 -0.195 -0.208 -0.120  0.093  0.157  0.225  0.181  0.105  0.100  0.071  0.032  0.003 -0.116 -0.136 -0.206 -0.272 -0.283 -0.239 -0.226 -0.197 -0.079  0.023  0.046  0.016  0.032  0.119  0.094  0.062  0.093  0.121  0.070  0.025  0.058  0.119  0.171  0.286  0.366  0.486  0.612  0.811  1.000  0.735  0.461  0.181 -0.050  0.008  0.044  0.261  0.257  0.147  0.074  0.002 -0.020 -0.133 -0.171 -0.177 -0.111 -0.055 -0.132 -0.193 -0.255 -0.259 -0.198 -0.206 -0.070  0.131  0.389  0.573  0.666  0.555  0.455 -0.001 -0.317 -0.495 -0.535
 -0.288 -0.245 -0.241 -0.112  0.097  0.171  0.276  0.263  0.156  0.154  0.124  0.066  0.025 -0.112 -0.156 -0.226 -0.295 -0.308 -0.317 -0.282 -0.201 -0.013  0.120  0.130  0.098  0.119  0.184  0.142  0.117  0.107  0.090  0.079  0.042  0.041  0.063  0.069  0.149  0.326  0.313  0.359  0.568  0.735  1.000  0.725  0.378  0.040  0.098  0.133  0.386  0.398  0.275  0.183  0.078  0.029 -0.150 -0.225 -0.253 -0.155 -0.096 -0.203 -0.248 -0.286 -0.290 -0.226 -0.213 -0.042  0.204  0.517  0.576  0.490  0.336  0.211 -0.081 -0.335 -0.485 -0.470
 -0.282 -0.237 -0.206 -0.107  0.071  0.142  0.244  0.214  0.103  0.100  0.080  0.022 -0.017 -0.136 -0.151 -0.234 -0.279 -0.304 -0.328 -0.291 -0.215 -0.040  0.073  0.111  0.070  0.093  0.178  0.138  0.082  0.096  0.101  0.080  0.041  0.057  0.078  0.075  0.088  0.231  0.201  0.209  0.375  0.461  0.725  1.000  0.685  0.292  0.368  0.382  0.476  0.354  0.241  0.166  0.077 -0.006 -0.193 -0.270 -0.302 -0.222 -0.162 -0.247 -0.251 -0.232 -0.242 -0.186 -0.164 -0.014  0.231  0.529  0.488  0.372  0.215  0.074 -0.139 -0.310 -0.424 -0.403
 -0.254 -0.244 -0.208 -0.124  0.020  0.074  0.148  0.158  0.079  0.086  0.070  0.025  0.004 -0.099 -0.182 -0.209 -0.240 -0.269 -0.298 -0.266 -0.184 -0.037  0.053  0.109  0.060  0.044  0.113  0.071  0.001  0.010  0.031  0.019 -0.020 -0.030 -0.011 -0.014  0.017  0.132  0.063  0.055  0.154  0.181  0.378  0.685  1.000  0.613  0.448  0.448  0.332  0.314  0.236  0.169  0.058 -0.026 -0.173 -0.233 -0.299 -0.240 -0.174 -0.230 -0.195 -0.141 -0.185 -0.173 -0.126  0.016  0.177  0.331  0.271  0.137  0.045 -0.046 -0.158 -0.176 -0.230 -0.219
 -0.177 -0.176 -0.134 -0.115 -0.036 -0.013  0.034  0.046  0.016  0.029  0.032 -0.002  0.015 -0.025 -0.049 -0.112 -0.116 -0.146 -0.182 -0.166 -0.117 -0.052  0.003  0.084  0.020 -0.027  0.070  0.044 -0.077 -0.039  0.043 -0.005 -0.063 -0.034  0.013  0.013  0.059  0.109  0.046 -0.028  0.001 -0.050  0.040  0.292  0.613  1.000  0.707  0.518  0.222  0.110  0.104  0.119  0.053 -0.050 -0.131 -0.177 -0.221 -0.204 -0.176 -0.188 -0.150 -0.071 -0.116 -0.129 -0.130 -0.086  0.003  0.088  0.065 -0.047 -0.098 -0.175 -0.224 -0.140 -0.118 -0.098
 -0.191 -0.171 -0.103 -0.124 -0.046 -0.039  0.011 -0.005 -0.032 -0.014  0.009 -0.024  0.002 -0.018  0.016 -0.103 -0.103 -0.130 -0.163 -0.158 -0.121 -0.054  0.020  0.086  0.004 -0.030  0.088  0.045 -0.094 -0.039  0.051 -0.027 -0.084 -0.022  0.034  0.049  0.108  0.167  0.133  0.037  0.071  0.008  0.098  0.368  0.448  0.707  1.000  0.710  0.403  0.101  0.048  0.095  0.059 -0.035 -0.121 -0.165 -0.199 -0.184 -0.155 -0.167 -0.144 -0.075 -0.101 -0.099 -0.120 -0.124 -0.047  0.084  0.092 -0.004 -0.053 -0.166 -0.219 -0.181 -0.189 -0.166
 -0.224 -0.229 -0.156 -0.098  0.002  0.027  0.076  0.061  0.061  0.095  0.136  0.099  0.093  0.033 -0.044 -0.100 -0.118 -0.190 -0.246 -0.235 -0.144 -0.024  0.086  0.167  0.058  0.008  0.112  0.058 -0.061 -0.023  0.030 -0.026 -0.077 -0.070 -0.024 -0.009  0.068  0.143  0.074  0.049  0.085  0.044  0.133  0.382  0.448  0.518  0.710  1.000  0.658  0.345  0.169  0.200  0.072 -0.031 -0.150 -0.216 -0.297 -0.255 -0.198 -0.254 -0.224 -0.149 -0.172 -0.166 -0.171 -0.108 -0.051  0.073  0.116  0.041 -0.019 -0.098 -0.196 -0.160 -0.228 -0.220
 -0.281 -0.267 -0.167 -0.147  0.004  0.040  0.137  0.079  0.055  0.070  0.092  0.042  0.013 -0.067 -0.082 -0.180 -0.202 -0.252 -0.268 -0.241 -0.155  0.028  0.191  0.200  0.088  0.076  0.185  0.129  0.035  0.081  0.108  0.050  0.035  0.050  0.076  0.095  0.127  0.232  0.165  0.183  0.275  0.261  0.386  0.476  0.332  0.222  0.403  0.658  1.000  0.625  0.349  0.292  0.135  0.083 -0.092 -0.179 -0.236 -0.132 -0.069 -0.191 -0.210 -0.214 -0.263 -0.241 -0.201 -0.124  0.011  0.194  0.268  0.205  0.129  0.005 -0.196 -0.300 -0.389 -0.371
 -0.331 -0.341 -0.260 -0.183  0.010  0.073  0.159  0.157  0.121  0.122  0.109  0.041  0.005 -0.137 -0.231 -0.232 -0.243 -0.305 -0.303 -0.223 -0.085  0.176  0.351  0.341  0.209  0.156  0.215  0.184  0.109  0.086  0.080  0.082  0.059 -0.004  0.005 -0.003 -0.015  0.095  0.032  0.102  0.225  0.257  0.398  0.354  0.314  0.110  0.101  0.345  0.625  1.000  0.736  0.527  0.273  0.254  0.020 -0.100 -0.200 -0.034  0.040 -0.151 -0.173 -0.233 -0.328 -0.317 -0.233 -0.097  0.058  0.201  0.266  0.212  0.150  0.066 -0.112 -0.249 -0.389 -0.356
 -0.339 -0.389 -0.289 -0.229  0.009  0.076  0.168  0.161  0.113  0.112  0.077 -0.003 -0.024 -0.184 -0.260 -0.226 -0.183 -0.232 -0.218 -0.086  0.074  0.361  0.508  0.513  0.355  0.244  0.302  0.301  0.202  0.146  0.123  0.125  0.108  0.032  0.035  0.006 -0.087 -0.004 -0.073  0.014  0.135  0.147  0.275  0.241  0.236  0.104  0.048  0.169  0.349  0.736  1.000  0.780  0.550  0.499  0.219  0.035 -0.089  0.113  0.115 -0.103 -0.143 -0.226 -0.364 -0.384 -0.259 -0.125  0.060  0.192  0.240  0.163  0.109  0.012 -0.151 -0.315 -0.455 -0.396
 -0.307 -0.382 -0.314 -0.252 -0.020  0.039  0.155  0.162  0.125  0.134  0.103  0.017  0.015 -0.125 -0.202 -0.152 -0.086 -0.131 -0.165  0.004  0.224  0.541  0.675  0.718  0.557  0.394  0.432  0.414  0.265  0.173  0.126  0.094  0.080 -0.000  0.008 -0.023 -0.131 -0.032 -0.101 -0.021  0.096  0.074  0.183  0.166  0.169  0.119  0.095  0.200  0.292  0.527  0.780  1.000  0.744  0.586  0.295  0.052 -0.113  0.066 -0.015 -0.216 -0.227 -0.260 -0.371 -0.388 -0.321 -0.203 -0.035  0.111  0.191  0.114  0.070 -0.028 -0.193 -0.354 -0.477 -0.418
 -0.220 -0.298 -0.264 -0.268 -0.074 -0.053  0.042  0.043  0.015  0.013 -0.019 -0.088 -0.085 -0.181 -0.175 -0.102  0.004  0.012  0.018  0.199  0.365  0.594  0.572  0.608  0.484  0.333  0.337  0.335  0.217  0.123  0.072  0.037  0.037 -0.025 -0.024 -0.044 -0.170 -0.129 -0.140 -0.063  0.007  0.002  0.078  0.077  0.058  0.053  0.059  0.072  0.135  0.273  0.550  0.744  1.000  0.765  0.488  0.244  0.117  0.251  0.103 -0.053 -0.082 -0.157 -0.276 -0.317 -0.267 -0.221 -0.067  0.008  0.089  0.040  0.032 -0.056 -0.120 -0.277 -0.376 -0.324
 -0.168 -0.258 -0.256 -0.301 -0.144 -0.129 -0.036 -0.026 -0.040 -0.046 -0.082 -0.167 -0.160 -0.252 -0.223 -0.104  0.029  0.086  0.156  0.342  0.476  0.648  0.539  0.469  0.379  0.216  0.177  0.208  0.111  0.005 -0.010 -0.023 -0.026 -0.088 -0.084 -0.100 -0.171 -0.154 -0.140 -0.078 -0.042 -0.020  0.029 -0.006 -0.026 -0.050 -0.035 -0.031  0.083  0.254  0.499  0.586  0.765  1.000  0.736  0.458  0.321  0.464  0.265  0.091  0.033 -0.114 -0.237 -0.294 -0.249 -0.244 -0.101 -0.061  0.013 -0.003  0.023 -0.039  0.001 -0.161 -0.295 -0.244
 -0.026 -0.120 -0.156 -0.255 -0.198 -0.210 -0.189 -0.179 -0.148 -0.157 -0.173 -0.210 -0.179 -0.196 -0.138  0.025  0.182  0.293  0.446  0.588  0.611  0.565  0.349  0.268  0.239  0.049 -0.021  0.023 -0.085 -0.193 -0.175 -0.192 -0.191 -0.209 -0.188 -0.166 -0.176 -0.228 -0.170 -0.138 -0.182 -0.133 -0.150 -0.193 -0.173 -0.131 -0.121 -0.150 -0.092  0.020  0.219  0.295  0.488  0.736  1.000  0.756  0.602  0.626  0.388  0.303  0.230  0.040 -0.095 -0.184 -0.144 -0.225 -0.186 -0.226 -0.161 -0.110 -0.060 -0.075  0.026  0.002 -0.027 -0.012
  0.066  0.015 -0.046 -0.178 -0.220 -0.247 -0.280 -0.246 -0.188 -0.200 -0.200 -0.204 -0.167 -0.135 -0.053  0.081  0.196  0.331  0.548  0.544  0.463  0.326  0.144  0.047  0.051 -0.076 -0.160 -0.134 -0.213 -0.290 -0.247 -0.263 -0.275 -0.264 -0.238 -0.205 -0.147 -0.210 -0.139 -0.135 -0.229 -0.171 -0.225 -0.270 -0.233 -0.177 -0.165 -0.216 -0.179 -0.100  0.035  0.052  0.244  0.458  0.756  1.000  0.771  0.638  0.534  0.515  0.476  0.190  0.052 -0.053 -0.033 -0.172 -0.218 -0.301 -0.266 -0.182 -0.108 -0.085  0.066  0.121  0.135  0.126
  0.106  0.062  0.015 -0.161 -0.250 -0.299 -0.327 -0.320 -0.266 -0.289 -0.290 -0.285 -0.242 -0.175 -0.029  0.039  0.157  0.354  0.596  0.590  0.398  0.195 -0.026 -0.123 -0.095 -0.177 -0.261 -0.212 -0.248 -0.294 -0.219 -0.229 -0.239 -0.194 -0.166 -0.132 -0.086 -0.191 -0.103 -0.112 -0.228 -0.177 -0.253 -0.302 -0.299 -0.221 -0.199 -0.297 -0.236 -0.200 -0.089 -0.113  0.117  0.321  0.602  0.771  1.000  0.802  0.598  0.655  0.489  0.235  0.112  0.021  0.055 -0.116 -0.181 -0.306 -0.302 -0.202 -0.103 -0.076  0.117  0.166  0.227  0.211
 -0.029 -0.090 -0.057 -0.213 -0.217 -0.242 -0.235 -0.248 -0.223 -0.247 -0.252 -0.280 -0.259 -0.264 -0.144 -0.104  0.025  0.200  0.410  0.461  0.315  0.231  0.070 -0.021 -0.054 -0.127 -0.174 -0.130 -0.152 -0.180 -0.117 -0.109 -0.112 -0.105 -0.085 -0.062 -0.066 -0.150 -0.093 -0.071 -0.141 -0.111 -0.155 -0.222 -0.240 -0.204 -0.184 -0.255 -0.132 -0.034  0.113  0.066  0.251  0.464  0.626  0.638  0.802  1.000  0.765  0.631  0.406  0.153  0.006 -0.082  0.012 -0.128 -0.120 -0.213 -0.189 -0.124 -0.037 -0.048  0.073  0.069  0.067  0.073
 -0.064 -0.066 -0.007 -0.132 -0.169 -0.189 -0.205 -0.218 -0.184 -0.206 -0.188 -0.206 -0.204 -0.217 -0.128 -0.157 -0.087  0.058  0.248  0.263  0.100  0.038 -0.034 -0.109 -0.158 -0.189 -0.205 -0.184 -0.187 -0.177 -0.102 -0.086 -0.110 -0.105 -0.087 -0.069 -0.022 -0.074 -0.042 -0.020 -0.087 -0.055 -0.096 -0.162 -0.174 -0.176 -0.155 -0.198 -0.069  0.040  0.115 -0.015  0.103  0.265  0.388  0.534  0.598  0.765  1.000  0.743  0.572  0.237  0.082 -0.018  0.085 -0.053 -0.079 -0.165 -0.158 -0.087 -0.011 -0.022  0.058  0.076  0.064  0.060
  0.037  0.059  0.068 -0.091 -0.188 -0.231 -0.301 -0.285 -0.238 -0.262 -0.248 -0.235 -0.213 -0.172 -0.049 -0.092 -0.038  0.126  0.327  0.314  0.098 -0.053 -0.170 -0.252 -0.252 -0.251 -0.309 -0.289 -0.261 -0.252 -0.174 -0.161 -0.182 -0.147 -0.120 -0.093 -0.017 -0.113 -0.050 -0.066 -0.172 -0.132 -0.203 -0.247 -0.230 -0.188 -0.167 -0.254 -0.191 -0.151 -0.103 -0.216 -0.053  0.091  0.303  0.515  0.655  0.631  0.743  1.000  0.736  0.375  0.218  0.106  0.175 -0.004 -0.091 -0.234 -0.261 -0.193 -0.102 -0.064  0.095  0.203  0.250  0.230
  0.128  0.174  0.162 -0.032 -0.189 -0.247 -0.317 -0.286 -0.236 -0.266 -0.266 -0.237 -0.207 -0.123  0.028  0.000  0.022  0.125  0.279  0.236  0.064 -0.075 -0.188 -0.242 -0.239 -0.255 -0.298 -0.277 -0.288 -0.288 -0.200 -0.201 -0.226 -0.188 -0.170 -0.152 -0.070 -0.146 -0.094 -0.102 -0.222 -0.193 -0.248 -0.251 -0.195 -0.150 -0.144 -0.224 -0.210 -0.173 -0.143 -0.227 -0.082  0.033  0.230  0.476  0.489  0.406  0.572  0.736  1.000  0.662  0.412  0.231  0.305  0.059 -0.071 -0.232 -0.292 -0.222 -0.131 -0.088  0.108  0.216  0.283  0.265
  0.288  0.276  0.240  0.027 -0.213 -0.284 -0.270 -0.227 -0.190 -0.224 -0.276 -0.242 -0.204 -0.042  0.097  0.133  0.111  0.155  0.194  0.104 -0.010 -0.136 -0.230 -0.247 -0.232 -0.255 -0.270 -0.263 -0.331 -0.316 -0.223 -0.244 -0.252 -0.201 -0.170 -0.141 -0.065 -0.138 -0.107 -0.151 -0.268 -0.255 -0.286 -0.232 -0.141 -0.071 -0.075 -0.149 -0.214 -0.233 -0.226 -0.260 -0.157 -0.114  0.040  0.190  0.235  0.153  0.237  0.375  0.662  1.000  0.657  0.367  0.394  0.122 -0.065 -0.227 -0.312 -0.248 -0.164 -0.125  0.076  0.228  0.362  0.329
  0.512  0.540  0.384  0.171 -0.207 -0.293 -0.296 -0.235 -0.202 -0.232 -0.277 -0.227 -0.174  0.056  0.223  0.331  0.256  0.251  0.156  0.043 -0.029 -0.191 -0.301 -0.330 -0.253 -0.260 -0.310 -0.306 -0.327 -0.331 -0.275 -0.283 -0.276 -0.223 -0.222 -0.197 -0.099 -0.168 -0.100 -0.177 -0.292 -0.259 -0.290 -0.242 -0.185 -0.116 -0.101 -0.172 -0.263 -0.328 -0.364 -0.371 -0.276 -0.237 -0.095  0.052  0.112  0.006  0.082  0.218  0.412  0.657  1.000  0.737  0.488  0.218 -0.059 -0.219 -0.345 -0.255 -0.174 -0.096  0.180  0.284  0.408  0.381
  0.419  0.604  0.456  0.340 -0.091 -0.206 -0.270 -0.232 -0.225 -0.245 -0.235 -0.140 -0.101  0.145  0.323  0.286  0.161  0.165  0.078 -0.045 -0.107 -0.248 -0.330 -0.355 -0.268 -0.231 -0.266 -0.264 -0.270 -0.277 -0.216 -0.226 -0.225 -0.138 -0.153 -0.144 -0.049 -0.103 -0.024 -0.120 -0.221 -0.198 -0.226 -0.186 -0.173 -0.129 -0.099 -0.166 -0.241 -0.317 -0.384 -0.388 -0.317 -0.294 -0.184 -0.053  0.021 -0.082 -0.018  0.106  0.231  0.367  0.737  1.000  0.677  0.394  0.068 -0.130 -0.292 -0.218 -0.157 -0.093  0.168  0.200  0.357  0.341
  0.164  0.294  0.418  0.372  0.076 -0.042 -0.197 -0.247 -0.255 -0.267 -0.195 -0.090 -0.083  0.062  0.191  0.006 -0.013 -0.010  0.028 -0.068 -0.194 -0.314 -0.347 -0.357 -0.364 -0.312 -0.283 -0.277 -0.263 -0.190 -0.106 -0.116 -0.114 -0.043 -0.049 -0.038  0.019 -0.054 -0.043 -0.090 -0.183 -0.206 -0.213 -0.164 -0.126 -0.130 -0.120 -0.171 -0.201 -0.233 -0.259 -0.321 -0.267 -0.249 -0.144 -0.033  0.055  0.012  0.085  0.175  0.305  0.394  0.488  0.677  1.000  0.632  0.310 -0.014 -0.204 -0.194 -0.146 -0.098  0.068  0.154  0.317  0.301
  0.019  0.142  0.267  0.499  0.293  0.246  0.036 -0.024 -0.084 -0.079 -0.020  0.080  0.034  0.095  0.070 -0.061 -0.086 -0.122 -0.109 -0.169 -0.240 -0.286 -0.274 -0.241 -0.256 -0.211 -0.173 -0.178 -0.149 -0.112 -0.078 -0.078 -0.077 -0.042 -0.060 -0.053  0.013 -0.020 -0.019 -0.038 -0.074 -0.070 -0.042 -0.014  0.016 -0.086 -0.124 -0.108 -0.124 -0.097 -0.125 -0.203 -0.221 -0.244 -0.225 -0.172 -0.116 -0.128 -0.053 -0.004  0.059  0.122  0.218  0.394  0.632  1.000  0.645  0.220  0.007 -0.047 -0.051 -0.035  0.031  0.064  0.140  0.124
 -0.151 -0.044  0.082  0.312  0.423  0.363  0.192  0.105 -0.024 -0.025  0.002  0.059  0.018 -0.059 -0.067 -0.206 -0.221 -0.246 -0.228 -0.196 -0.231 -0.185 -0.145 -0.098 -0.142 -0.110 -0.043 -0.034  0.002  0.030  0.036  0.050  0.050  0.042  0.033  0.024  0.035  0.016  0.018  0.060  0.104  0.131  0.204  0.231  0.177  0.003 -0.047 -0.051  0.011  0.058  0.060 -0.035 -0.067 -0.101 -0.186 -0.218 -0.181 -0.120 -0.079 -0.091 -0.071 -0.065 -0.059  0.068  0.310  0.645  1.000  0.570  0.324  0.176  0.099  0.063  0.003 -0.082 -0.107 -0.107
 -0.278 -0.222 -0.155  0.047  0.312  0.417  0.440  0.374  0.178  0.187  0.143  0.095  0.037 -0.125 -0.178 -0.267 -0.309 -0.345 -0.358 -0.309 -0.262 -0.112 -0.004  0.045  0.002  0.019  0.103  0.081  0.083  0.116  0.100  0.097  0.091  0.085  0.096  0.084  0.089  0.181  0.144  0.181  0.344  0.389  0.517  0.529  0.331  0.088  0.084  0.073  0.194  0.201  0.192  0.111  0.008 -0.061 -0.226 -0.301 -0.306 -0.213 -0.165 -0.234 -0.232 -0.227 -0.219 -0.130 -0.014  0.220  0.570  1.000  0.721  0.450  0.263  0.126 -0.103 -0.233 -0.381 -0.367
 -0.345 -0.316 -0.241 -0.041  0.336  0.453  0.551  0.424  0.230  0.259  0.219  0.158  0.111 -0.094 -0.188 -0.252 -0.288 -0.342 -0.347 -0.278 -0.197 -0.027  0.089  0.151  0.099  0.085  0.179  0.161  0.110  0.129  0.124  0.084  0.056  0.050  0.091  0.100  0.093  0.198  0.196  0.308  0.504  0.573  0.576  0.488  0.271  0.065  0.092  0.116  0.268  0.266  0.240  0.191  0.089  0.013 -0.161 -0.266 -0.302 -0.189 -0.158 -0.261 -0.292 -0.312 -0.345 -0.292 -0.204  0.007  0.324  0.721  1.000  0.694  0.439  0.251 -0.166 -0.300 -0.484 -0.506
 -0.229 -0.217 -0.206 -0.091  0.162  0.280  0.376  0.260  0.135  0.146  0.115  0.071  0.016 -0.110 -0.160 -0.179 -0.217 -0.270 -0.232 -0.203 -0.157 -0.035  0.050  0.089  0.039  0.014  0.115  0.101  0.038  0.065  0.092  0.029 -0.002  0.049  0.123  0.186  0.207  0.236  0.317  0.483  0.594  0.666  0.490  0.372  0.137 -0.047 -0.004  0.041  0.205  0.212  0.163  0.114  0.040 -0.003 -0.110 -0.182 -0.202 -0.124 -0.087 -0.193 -0.222 -0.248 -0.255 -0.218 -0.194 -0.047  0.176  0.450  0.694  1.000  0.778  0.547  0.027 -0.257 -0.483 -0.560
 -0.139 -0.148 -0.166 -0.096  0.046  0.129  0.222  0.110  0.010  0.009 -0.013 -0.036 -0.071 -0.166 -0.179 -0.164 -0.188 -0.202 -0.148 -0.128 -0.116 -0.017  0.041  0.059  0.034 -0.001  0.058  0.075  0.028  0.010  0.032  0.001 -0.026 -0.005  0.058  0.129  0.178  0.184  0.306  0.576  0.583  0.555  0.336  0.215  0.045 -0.098 -0.053 -0.019  0.129  0.150  0.109  0.070  0.032  0.023 -0.060 -0.108 -0.103 -0.037 -0.011 -0.102 -0.131 -0.164 -0.174 -0.157 -0.146 -0.051  0.099  0.263  0.439  0.778  1.000  0.763  0.257 -0.108 -0.399 -0.507
 -0.028 -0.058 -0.116 -0.054  0.022  0.067  0.087  0.013 -0.038 -0.047 -0.059 -0.049 -0.074 -0.127 -0.173 -0.096 -0.125 -0.150 -0.090 -0.088 -0.101 -0.070 -0.029 -0.021 -0.037 -0.058 -0.047 -0.022  0.010 -0.030 -0.048 -0.019 -0.026 -0.068 -0.035  0.026  0.097  0.036  0.154  0.552  0.451  0.455  0.211  0.074 -0.046 -0.175 -0.166 -0.098  0.005  0.066  0.012 -0.028 -0.056 -0.039 -0.075 -0.085 -0.076 -0.048 -0.022 -0.064 -0.088 -0.125 -0.096 -0.093 -0.098 -0.035  0.063  0.126  0.251  0.547  0.763  1.000  0.501  0.151 -0.219 -0.358
  0.244  0.222  0.046  0.036 -0.123 -0.168 -0.218 -0.178 -0.177 -0.207 -0.195 -0.177 -0.177 -0.123 -0.096  0.061  0.015  0.068  0.112  0.102  0.030 -0.029 -0.113 -0.181 -0.080 -0.086 -0.255 -0.199 -0.048 -0.190 -0.290 -0.127 -0.080 -0.202 -0.265 -0.246 -0.145 -0.182 -0.077  0.109 -0.014 -0.001 -0.081 -0.139 -0.158 -0.224 -0.219 -0.196 -0.196 -0.112 -0.151 -0.193 -0.120  0.001  0.026  0.066  0.117  0.073  0.058  0.095  0.108  0.076  0.180  0.168  0.068  0.031  0.003 -0.103 -0.166  0.027  0.257  0.501  1.000  0.511  0.114  0.052
  0.246  0.173  0.068  0.122 -0.040 -0.076 -0.223 -0.173 -0.133 -0.137 -0.082 -0.030 -0.034  0.053 -0.103  0.131  0.146  0.174  0.223  0.142  0.029 -0.148 -0.251 -0.308 -0.217 -0.235 -0.438 -0.409 -0.252 -0.363 -0.454 -0.285 -0.258 -0.395 -0.454 -0.440 -0.350 -0.409 -0.393 -0.250 -0.382 -0.317 -0.335 -0.310 -0.176 -0.140 -0.181 -0.160 -0.300 -0.249 -0.315 -0.354 -0.277 -0.161  0.002  0.121  0.166  0.069  0.076  0.203  0.216  0.228  0.284  0.200  0.154  0.064 -0.082 -0.233 -0.300 -0.257 -0.108  0.151  0.511  1.000  0.626  0.411
  0.350  0.342  0.284  0.212 -0.074 -0.175 -0.363 -0.345 -0.259 -0.272 -0.184 -0.047 -0.018  0.153  0.132  0.218  0.229  0.289  0.315  0.203  0.043 -0.222 -0.359 -0.428 -0.314 -0.278 -0.467 -0.448 -0.301 -0.360 -0.409 -0.292 -0.250 -0.302 -0.357 -0.368 -0.314 -0.410 -0.413 -0.424 -0.566 -0.495 -0.485 -0.424 -0.230 -0.118 -0.189 -0.228 -0.389 -0.389 -0.455 -0.477 -0.376 -0.295 -0.027  0.135  0.227  0.067  0.064  0.250  0.283  0.362  0.408  0.357  0.317  0.140 -0.107 -0.381 -0.484 -0.483 -0.399 -0.219  0.114  0.626  1.000  0.769
