  1.000  0.727  0.424  0.196 -0.177 -0.283 -0.322 -0.236 -0.185 -0.222 -0.277 -0.225 -0.135  0.112  0.252  0.582  0.535  0.484  0.305  0.176  0.146 -0.053 -0.210 -0.257 -0.128 -0.169 -0.281 -0.266 -0.250 -0.302 -0.301 -0.279 -0.235 -0.209 -0.239 -0.217 -0.168 -0.251 -0.166 -0.188 -0.298 -0.250 -0.300 -0.294 -0.258 -0.173 -0.173 -0.230 -0.314 -0.360 -0.361 -0.324 -0.221 -0.169 -0.024  0.080  0.122 -0.028 -0.062  0.076  0.162  0.299  0.528  0.428  0.166  0.021 -0.151 -0.283 -0.352 -0.272 -0.182 -0.055  0.245  0.277  0.374  0.398
  0.727  1.000  0.642  0.365 -0.085 -0.240 -0.315 -0.267 -0.237 -0.257 -0.267 -0.165 -0.072  0.197  0.448  0.531  0.351  0.354  0.195  0.060  0.021 -0.160 -0.292 -0.341 -0.199 -0.172 -0.263 -0.254 -0.238 -0.279 -0.255 -0.248 -0.216 -0.139 -0.180 -0.172 -0.113 -0.179 -0.069 -0.144 -0.245 -0.206 -0.245 -0.234 -0.233 -0.160 -0.145 -0.211 -0.273 -0.353 -0.404 -0.395 -0.307 -0.267 -0.135  0.010  0.055 -0.105 -0.078  0.066  0.182  0.283  0.559  0.620  0.292  0.143 -0.052 -0.223 -0.322 -0.246 -0.173 -0.083  0.226  0.184  0.350  0.352
  0.424  0.642  1.000  0.574  0.116 -0.092 -0.222 -0.294 -0.280 -0.278 -0.179 -0.048  0.075  0.297  0.526  0.307  0.252  0.182  0.075 -0.062 -0.117 -0.271 -0.328 -0.342 -0.311 -0.263 -0.271 -0.272 -0.275 -0.204 -0.136 -0.175 -0.145 -0.037 -0.063 -0.045 -0.032 -0.063 -0.029 -0.114 -0.194 -0.213 -0.235 -0.200 -0.192 -0.117 -0.081 -0.134 -0.163 -0.269 -0.307 -0.335 -0.286 -0.281 -0.190 -0.061 -0.002 -0.079 -0.018  0.079  0.171  0.245  0.399  0.465  0.420  0.270  0.074 -0.157 -0.242 -0.233 -0.192 -0.141  0.043  0.083  0.300  0.307
  0.196  0.365  0.574  1.000  0.528  0.297  0.065 -0.048 -0.106 -0.038  0.139  0.306  0.356  0.465  0.335  0.210  0.126  0.034 -0.064 -0.170 -0.188 -0.275 -0.289 -0.253 -0.206 -0.184 -0.210 -0.195 -0.172 -0.196 -0.194 -0.173 -0.155 -0.141 -0.186 -0.196 -0.133 -0.105 -0.094 -0.130 -0.170 -0.130 -0.115 -0.106 -0.121 -0.116 -0.119 -0.087 -0.143 -0.190 -0.238 -0.261 -0.277 -0.310 -0.270 -0.192 -0.175 -0.230 -0.146 -0.100 -0.039  0.025  0.179  0.351  0.380  0.503  0.309  0.047 -0.044 -0.097 -0.097 -0.061  0.047  0.129  0.216  0.178
 -0.177 -0.085  0.116  0.528  1.000  0.731  0.428  0.226  0.091  0.182  0.341  0.491  0.540  0.331  0.112 -0.034 -0.077 -0.184 -0.221 -0.229 -0.208 -0.174 -0.113 -0.026 -0.067 -0.073 -0.035 -0.017 -0.008 -0.005 -0.029 -0.018 -0.007 -0.056 -0.068 -0.088 -0.090 -0.043 -0.047 -0.017  0.043  0.091  0.099  0.076  0.026 -0.037 -0.052  0.015  0.028  0.024  0.020 -0.006 -0.078 -0.148 -0.212 -0.245 -0.284 -0.237 -0.186 -0.236 -0.225 -0.219 -0.206 -0.090  0.072  0.294  0.425  0.325  0.349  0.190  0.077  0.030 -0.120 -0.059 -0.093 -0.119
 -0.283 -0.240 -0.092  0.297  0.731  1.000  0.678  0.456  0.298  0.386  0.484  0.563  0.455  0.207 -0.079 -0.135 -0.155 -0.263 -0.290 -0.279 -0.227 -0.156 -0.067  0.024 -0.029 -0.045 -0.001 -0.003  0.021  0.018 -0.026 -0.002  0.017 -0.032 -0.048 -0.056 -0.050  0.026 -0.017  0.039  0.116  0.154  0.172  0.146  0.078 -0.015 -0.050  0.036  0.062  0.089  0.089  0.052 -0.058 -0.134 -0.226 -0.272 -0.332 -0.258 -0.200 -0.275 -0.278 -0.288 -0.294 -0.207 -0.040  0.249  0.367  0.431  0.465  0.310  0.165  0.087 -0.160 -0.087 -0.193 -0.228
 -0.322 -0.315 -0.222  0.065  0.428  0.678  1.000  0.741  0.509  0.607  0.533  0.395  0.310  0.079 -0.139 -0.172 -0.182 -0.262 -0.296 -0.268 -0.177 -0.049  0.036  0.104  0.073  0.056  0.096  0.090  0.074  0.060  0.026  0.025  0.016 -0.015 -0.003 -0.020 -0.034  0.084  0.036  0.096  0.216  0.262  0.286  0.241  0.134  0.012 -0.016  0.059  0.124  0.153  0.151  0.134  0.024 -0.046 -0.177 -0.256 -0.311 -0.223 -0.188 -0.282 -0.307 -0.309 -0.340 -0.301 -0.200  0.037  0.202  0.456  0.586  0.426  0.256  0.133 -0.211 -0.188 -0.354 -0.389
 -0.236 -0.267 -0.294 -0.048  0.226  0.456  0.741  1.000  0.770  0.688  0.418  0.238  0.124 -0.030 -0.222 -0.132 -0.146 -0.189 -0.262 -0.206 -0.081  0.048  0.089  0.145  0.160  0.128  0.131  0.109  0.095  0.055 -0.009 -0.007 -0.010 -0.056 -0.031 -0.065 -0.063  0.040  0.007  0.006  0.140  0.198  0.248  0.193  0.111 -0.010 -0.070 -0.002  0.044  0.130  0.153  0.151  0.059  0.013 -0.111 -0.189 -0.256 -0.193 -0.189 -0.253 -0.267 -0.265 -0.277 -0.257 -0.238 -0.021  0.131  0.408  0.460  0.325  0.158  0.077 -0.150 -0.146 -0.341 -0.343
 -0.185 -0.237 -0.280 -0.106  0.091  0.298  0.509  0.770  1.000  0.837  0.437  0.257  0.097 -0.019 -0.181 -0.066 -0.099 -0.143 -0.193 -0.149 -0.049  0.046  0.075  0.129  0.129  0.095  0.102  0.057  0.042  0.037 -0.026 -0.035 -0.024 -0.060 -0.047 -0.059 -0.050  0.003 -0.034 -0.031  0.048  0.091  0.118  0.073  0.034 -0.024 -0.077  0.009  0.022  0.093  0.118  0.127  0.055  0.021 -0.067 -0.125 -0.194 -0.157 -0.150 -0.202 -0.215 -0.212 -0.236 -0.243 -0.239 -0.080 -0.003  0.193  0.236  0.162  0.036  0.010 -0.148 -0.109 -0.253 -0.263
 -0.222 -0.257 -0.278 -0.038  0.182  0.386  0.607  0.688  0.837  1.000  0.683  0.461  0.289  0.124 -0.126 -0.046 -0.101 -0.163 -0.209 -0.182 -0.076  0.021  0.065  0.133  0.124  0.071  0.077  0.049  0.028 -0.002 -0.058 -0.050 -0.045 -0.093 -0.078 -0.109 -0.071  0.011 -0.041 -0.053  0.028  0.084  0.116  0.067  0.046 -0.002 -0.053  0.055  0.043  0.097  0.108  0.123  0.031 -0.004 -0.091 -0.145 -0.229 -0.196 -0.178 -0.233 -0.247 -0.239 -0.259 -0.259 -0.249 -0.072 -0.012  0.192  0.259  0.167  0.034 -0.002 -0.180 -0.104 -0.251 -0.284
 -0.277 -0.267 -0.179  0.139  0.341  0.484  0.533  0.418  0.437  0.683  1.000  0.799  0.596  0.357 -0.002 -0.042 -0.115 -0.184 -0.223 -0.238 -0.138 -0.047  0.019  0.096  0.077  0.017  0.007  0.025  0.032 -0.020 -0.067 -0.005 -0.003 -0.087 -0.106 -0.174 -0.112  0.060 -0.057 -0.079  0.001  0.054  0.098  0.066  0.054  0.025 -0.004  0.123  0.088  0.099  0.080  0.104 -0.008 -0.060 -0.143 -0.181 -0.271 -0.230 -0.178 -0.251 -0.269 -0.283 -0.289 -0.235 -0.173 -0.006  0.015  0.149  0.218  0.129  0.010 -0.033 -0.176 -0.070 -0.174 -0.241
 -0.225 -0.165 -0.048  0.306  0.491  0.563  0.395  0.238  0.257  0.461  0.799  1.000  0.759  0.492  0.090  0.027 -0.065 -0.159 -0.208 -0.251 -0.169 -0.116 -0.041  0.047  0.028 -0.018 -0.024 -0.018 -0.003 -0.056 -0.108 -0.059 -0.041 -0.108 -0.146 -0.196 -0.123  0.016 -0.089 -0.072 -0.034  0.013  0.050  0.022  0.024  0.003 -0.024  0.102  0.052  0.043  0.014  0.035 -0.069 -0.146 -0.198 -0.211 -0.293 -0.277 -0.211 -0.262 -0.260 -0.251 -0.235 -0.136 -0.071  0.097  0.074  0.112  0.168  0.083 -0.011 -0.038 -0.170 -0.044 -0.057 -0.119
 -0.135 -0.072  0.075  0.356  0.540  0.455  0.310  0.124  0.097  0.289  0.596  0.759  1.000  0.692  0.280  0.138  0.044 -0.070 -0.134 -0.180 -0.098 -0.082 -0.030  0.060  0.045 -0.007 -0.010  0.028 -0.021 -0.086 -0.097 -0.063 -0.077 -0.141 -0.157 -0.213 -0.177 -0.043 -0.103 -0.118 -0.074 -0.017  0.006 -0.019  0.004  0.025  0.007  0.101  0.023  0.005 -0.006  0.037 -0.059 -0.132 -0.162 -0.169 -0.244 -0.253 -0.211 -0.239 -0.227 -0.207 -0.178 -0.099 -0.070  0.042  0.025  0.050  0.120  0.026 -0.050 -0.070 -0.175 -0.052 -0.029 -0.068
  0.112  0.197  0.297  0.465  0.331  0.207  0.079 -0.030 -0.019  0.124  0.357  0.492  0.692  1.000  0.547  0.401  0.247  0.104  0.008 -0.096 -0.049 -0.128 -0.110 -0.025 -0.022 -0.068 -0.062 -0.058 -0.140 -0.200 -0.192 -0.219 -0.221 -0.205 -0.212 -0.224 -0.149 -0.067 -0.091 -0.157 -0.184 -0.143 -0.133 -0.141 -0.096 -0.005  0.002  0.045 -0.067 -0.146 -0.173 -0.105 -0.148 -0.224 -0.185 -0.137 -0.175 -0.260 -0.225 -0.182 -0.130 -0.044  0.055  0.150  0.072  0.101 -0.055 -0.118 -0.087 -0.123 -0.170 -0.141 -0.122  0.047  0.143  0.098
  0.252  0.448  0.526  0.335  0.112 -0.079 -0.139 -0.222 -0.181 -0.126 -0.002  0.090  0.280  0.547  1.000  0.560  0.359  0.234  0.123  0.003 -0.017 -0.144 -0.167 -0.140 -0.129 -0.052 -0.024 -0.068 -0.178 -0.110 -0.066 -0.182 -0.167 -0.029 -0.029 -0.016 -0.046 -0.055  0.035 -0.088 -0.130 -0.145 -0.162 -0.151 -0.176 -0.028  0.044 -0.032 -0.083 -0.243 -0.269 -0.210 -0.173 -0.227 -0.149 -0.051 -0.027 -0.147 -0.127 -0.036  0.042  0.107  0.238  0.338  0.200  0.073 -0.071 -0.179 -0.187 -0.180 -0.198 -0.195 -0.102 -0.100  0.136  0.112
  0.582  0.531  0.307  0.210 -0.034 -0.135 -0.172 -0.132 -0.066 -0.046 -0.042  0.027  0.138  0.401  0.560  1.000  0.737  0.495  0.307  0.196  0.249  0.075 -0.050 -0.035  0.047 -0.008 -0.074 -0.122 -0.216 -0.285 -0.327 -0.383 -0.328 -0.287 -0.316 -0.279 -0.252 -0.283 -0.196 -0.220 -0.305 -0.231 -0.246 -0.246 -0.210 -0.099 -0.087 -0.098 -0.201 -0.251 -0.235 -0.152 -0.083 -0.092  0.042  0.104  0.058 -0.096 -0.155 -0.073  0.018  0.141  0.343  0.294  0.006 -0.059 -0.210 -0.275 -0.259 -0.210 -0.195 -0.115  0.059  0.158  0.238  0.219
  0.535  0.351  0.252  0.126 -0.077 -0.155 -0.182 -0.146 -0.099 -0.101 -0.115 -0.065  0.044  0.247  0.359  0.737  1.000  0.734  0.444  0.339  0.423  0.197  0.028  0.040  0.110  0.006 -0.069 -0.093 -0.183 -0.249 -0.287 -0.332 -0.288 -0.267 -0.289 -0.254 -0.282 -0.323 -0.246 -0.263 -0.345 -0.289 -0.301 -0.280 -0.234 -0.102 -0.083 -0.110 -0.206 -0.241 -0.177 -0.075  0.023  0.039  0.183  0.199  0.156  0.018 -0.090 -0.035  0.031  0.116  0.269  0.166 -0.021 -0.088 -0.227 -0.307 -0.282 -0.232 -0.201 -0.140  0.011  0.162  0.233  0.218
  0.484  0.354  0.182  0.034 -0.184 -0.263 -0.262 -0.189 -0.143 -0.163 -0.184 -0.159 -0.070  0.104  0.234  0.495  0.734  1.000  0.688  0.546  0.539  0.261  0.017 -0.008  0.124 -0.015 -0.137 -0.122 -0.209 -0.299 -0.310 -0.330 -0.306 -0.288 -0.308 -0.289 -0.282 -0.304 -0.230 -0.279 -0.358 -0.293 -0.304 -0.300 -0.263 -0.133 -0.107 -0.178 -0.249 -0.294 -0.224 -0.119  0.028  0.095  0.291  0.333  0.354  0.193  0.057  0.128  0.135  0.162  0.271  0.179 -0.019 -0.131 -0.255 -0.345 -0.338 -0.286 -0.214 -0.175  0.064  0.181  0.288  0.267
  0.305  0.195  0.075 -0.064 -0.221 -0.290 -0.296 -0.262 -0.193 -0.209 -0.223 -0.208 -0.134  0.008  0.123  0.307  0.444  0.688  1.000  0.701  0.492  0.224  0.015 -0.040  0.036 -0.081 -0.177 -0.149 -0.241 -0.317 -0.275 -0.305 -0.305 -0.280 -0.271 -0.237 -0.193 -0.246 -0.162 -0.195 -0.292 -0.250 -0.301 -0.310 -0.272 -0.162 -0.131 -0.221 -0.251 -0.270 -0.184 -0.113  0.061  0.182  0.425  0.524  0.570  0.393  0.237  0.305  0.265  0.202  0.182  0.089  0.002 -0.126 -0.240 -0.352 -0.336 -0.258 -0.155 -0.126  0.110  0.208  0.266  0.232
  0.176  0.060 -0.062 -0.170 -0.229 -0.279 -0.268 -0.206 -0.149 -0.182 -0.238 -0.251 -0.180 -0.096  0.003  0.196  0.339  0.546  0.701  1.000  0.741  0.451  0.198  0.141  0.203  0.039 -0.072 -0.037 -0.146 -0.245 -0.232 -0.262 -0.273 -0.285 -0.270 -0.237 -0.232 -0.288 -0.186 -0.208 -0.278 -0.230 -0.263 -0.283 -0.246 -0.146 -0.129 -0.201 -0.218 -0.177 -0.044  0.053  0.229  0.358  0.576  0.532  0.569  0.448  0.262  0.291  0.226  0.123  0.072 -0.044 -0.107 -0.197 -0.226 -0.312 -0.273 -0.218 -0.130 -0.119  0.097  0.150  0.183  0.156
  0.146  0.021 -0.117 -0.188 -0.208 -0.227 -0.177 -0.081 -0.049 -0.076 -0.138 -0.169 -0.098 -0.049 -0.017  0.249  0.423  0.539  0.492  0.741  1.000  0.751  0.449  0.388  0.466  0.251  0.094  0.112 -0.032 -0.193 -0.241 -0.270 -0.272 -0.310 -0.297 -0.279 -0.300 -0.299 -0.215 -0.222 -0.250 -0.192 -0.180 -0.207 -0.168 -0.100 -0.100 -0.122 -0.138 -0.045  0.105  0.255  0.381  0.479  0.605  0.460  0.383  0.299  0.097  0.078  0.057  0.001 -0.011 -0.106 -0.225 -0.263 -0.256 -0.268 -0.194 -0.158 -0.114 -0.115  0.026  0.037  0.036  0.032
 -0.053 -0.160 -0.271 -0.275 -0.174 -0.156 -0.049  0.048  0.046  0.021 -0.047 -0.116 -0.082 -0.128 -0.144  0.075  0.197  0.261  0.224  0.451  0.751  1.000  0.744  0.645  0.677  0.487  0.301  0.287  0.141 -0.039 -0.124 -0.153 -0.162 -0.229 -0.215 -0.224 -0.280 -0.204 -0.173 -0.139 -0.108 -0.062 -0.001 -0.047 -0.042 -0.060 -0.068 -0.036  0.023  0.190  0.365  0.541  0.591  0.642  0.588  0.363  0.221  0.238  0.052 -0.043 -0.062 -0.126 -0.188 -0.258 -0.335 -0.299 -0.204 -0.135 -0.038 -0.030 -0.018 -0.063 -0.037 -0.127 -0.191 -0.180
 -0.210 -0.292 -0.328 -0.289 -0.113 -0.067  0.036  0.089  0.075  0.065  0.019 -0.041 -0.030 -0.110 -0.167 -0.050  0.028  0.017  0.015  0.198  0.449  0.744  1.000  0.803  0.678  0.583  0.499  0.437  0.262  0.108  0.024 -0.030 -0.045 -0.110 -0.096 -0.105 -0.178 -0.088 -0.106 -0.027  0.025  0.035  0.115  0.056  0.030 -0.017 -0.006  0.057  0.175  0.344  0.503  0.669  0.579  0.550  0.397  0.203  0.024  0.099 -0.013 -0.145 -0.166 -0.228 -0.314 -0.344 -0.358 -0.284 -0.157 -0.027  0.075  0.062  0.048 -0.006 -0.111 -0.229 -0.325 -0.305
 -0.257 -0.341 -0.342 -0.253 -0.026  0.024  0.104  0.145  0.129  0.133  0.096  0.047  0.060 -0.025 -0.140 -0.035  0.040 -0.008 -0.040  0.141  0.388  0.645  0.803  1.000  0.791  0.550  0.575  0.538  0.284  0.131  0.063 -0.027 -0.064 -0.129 -0.089 -0.089 -0.140 -0.050 -0.072  0.018  0.072  0.076  0.134  0.098  0.082  0.058  0.052  0.136  0.193  0.341  0.508  0.707  0.607  0.476  0.320  0.107 -0.071  0.006 -0.089 -0.231 -0.227 -0.250 -0.343 -0.371 -0.372 -0.255 -0.112  0.023  0.145  0.123  0.082  0.016 -0.176 -0.294 -0.397 -0.391
 -0.128 -0.199 -0.311 -0.206 -0.067 -0.029  0.073  0.160  0.129  0.124  0.077  0.028  0.045 -0.022 -0.129  0.047  0.110  0.124  0.036  0.203  0.466  0.677  0.678  0.791  1.000  0.737  0.530  0.564  0.387  0.112 -0.027 -0.057 -0.090 -0.189 -0.183 -0.213 -0.277 -0.141 -0.129 -0.079 -0.008  0.030  0.094  0.052  0.033 -0.009 -0.031  0.027  0.076  0.203  0.345  0.545  0.483  0.382  0.288  0.108 -0.043 -0.029 -0.142 -0.235 -0.221 -0.229 -0.254 -0.273 -0.374 -0.268 -0.159 -0.027  0.078  0.055  0.047 -0.012 -0.074 -0.199 -0.274 -0.265
 -0.169 -0.172 -0.263 -0.184 -0.073 -0.045  0.056  0.128  0.095  0.071  0.017 -0.018 -0.007 -0.068 -0.052 -0.008  0.006 -0.015 -0.081  0.039  0.251  0.487  0.583  0.550  0.737  1.000  0.723  0.585  0.537  0.361  0.142  0.097  0.107  0.038  0.002 -0.030 -0.233 -0.125 -0.085 -0.068  0.032  0.034  0.102  0.073  0.015 -0.058 -0.062 -0.023  0.061  0.141  0.237  0.382  0.336  0.227  0.109 -0.009 -0.118 -0.092 -0.169 -0.233 -0.236 -0.254 -0.270 -0.238 -0.318 -0.222 -0.129 -0.008  0.061  0.030  0.003 -0.043 -0.086 -0.220 -0.235 -0.218
 -0.281 -0.263 -0.271 -0.210 -0.035 -0.001  0.096  0.131  0.102  0.077  0.007 -0.024 -0.010 -0.062 -0.024 -0.074 -0.069 -0.137 -0.177 -0.072  0.094  0.301  0.499  0.575  0.530  0.723  1.000  0.779  0.504  0.502  0.416  0.207  0.178  0.215  0.236  0.243  0.035  0.078  0.104  0.113  0.207  0.142  0.175  0.161  0.084  0.044  0.061  0.079  0.167  0.187  0.282  0.406  0.335  0.185  0.034 -0.089 -0.196 -0.136 -0.179 -0.272 -0.269 -0.272 -0.326 -0.280 -0.289 -0.186 -0.061  0.077  0.166  0.141  0.064 -0.024 -0.260 -0.416 -0.429 -0.418
 -0.266 -0.254 -0.272 -0.195 -0.017 -0.003  0.090  0.109  0.057  0.049  0.025 -0.018  0.028 -0.058 -0.068 -0.122 -0.093 -0.122 -0.149 -0.037  0.112  0.287  0.437  0.538  0.564  0.585  0.779  1.000  0.661  0.464  0.468  0.359  0.231  0.177  0.214  0.156 -0.024  0.034  0.049  0.068  0.166  0.129  0.154  0.127  0.056  0.029  0.026  0.037  0.119  0.173  0.285  0.387  0.318  0.197  0.052 -0.075 -0.166 -0.106 -0.153 -0.252 -0.247 -0.266 -0.319 -0.281 -0.297 -0.197 -0.058  0.055  0.151  0.122  0.078 -0.001 -0.204 -0.368 -0.405 -0.393
 -0.250 -0.238 -0.275 -0.172 -0.008  0.021  0.074  0.095  0.042  0.028  0.032 -0.003 -0.021 -0.140 -0.178 -0.216 -0.183 -0.209 -0.241 -0.146 -0.032  0.141  0.262  0.284  0.387  0.537  0.504  0.661  1.000  0.724  0.427  0.577  0.556  0.350  0.257  0.140 -0.106 -0.036 -0.059 -0.015  0.104  0.087  0.135  0.081 -0.010 -0.107 -0.124 -0.081  0.040  0.115  0.198  0.245  0.195  0.095 -0.076 -0.188 -0.233 -0.141 -0.168 -0.252 -0.281 -0.339 -0.334 -0.282 -0.282 -0.165 -0.020  0.070  0.100  0.066  0.043  0.031 -0.035 -0.223 -0.269 -0.203
 -0.302 -0.279 -0.204 -0.196 -0.005  0.018  0.060  0.055  0.037 -0.002 -0.020 -0.056 -0.086 -0.200 -0.110 -0.285 -0.249 -0.299 -0.317 -0.245 -0.193 -0.039  0.108  0.131  0.112  0.361  0.502  0.464  0.724  1.000  0.735  0.652  0.704  0.653  0.560  0.500  0.158  0.126  0.103  0.105  0.219  0.114  0.112  0.088 -0.009 -0.069 -0.068 -0.047  0.084  0.078  0.132  0.135  0.088 -0.020 -0.188 -0.266 -0.270 -0.162 -0.151 -0.229 -0.273 -0.319 -0.338 -0.289 -0.190 -0.121  0.016  0.102  0.115  0.088  0.012 -0.013 -0.190 -0.343 -0.325 -0.255
 -0.301 -0.255 -0.136 -0.194 -0.029 -0.026  0.026 -0.009 -0.026 -0.058 -0.067 -0.108 -0.097 -0.192 -0.066 -0.327 -0.287 -0.310 -0.275 -0.232 -0.241 -0.124  0.024  0.063 -0.027  0.142  0.416  0.468  0.427  0.735  1.000  0.753  0.593  0.659  0.706  0.637  0.383  0.288  0.268  0.201  0.281  0.146  0.096  0.095  0.020  0.033  0.041  0.019  0.112  0.069  0.104  0.087  0.034 -0.039 -0.176 -0.220 -0.190 -0.098 -0.069 -0.135 -0.173 -0.218 -0.280 -0.229 -0.102 -0.083  0.026  0.083  0.112  0.106  0.024 -0.041 -0.310 -0.431 -0.371 -0.340
 -0.279 -0.248 -0.175 -0.173 -0.018 -0.002  0.025 -0.007 -0.035 -0.050 -0.005 -0.059 -0.063 -0.219 -0.182 -0.383 -0.332 -0.330 -0.305 -0.262 -0.270 -0.153 -0.030 -0.027 -0.057  0.097  0.207  0.359  0.577  0.652  0.753  1.000  0.811  0.642  0.611  0.421  0.162  0.150  0.079  0.050  0.165  0.095  0.093  0.079  0.011 -0.022 -0.049 -0.044  0.050  0.079  0.111  0.055 -0.006 -0.053 -0.200 -0.246 -0.210 -0.094 -0.057 -0.133 -0.184 -0.246 -0.290 -0.238 -0.120 -0.087  0.039  0.087  0.074  0.049  0.002 -0.006 -0.127 -0.255 -0.254 -0.190
 -0.235 -0.216 -0.145 -0.155 -0.007  0.017  0.016 -0.010 -0.024 -0.045 -0.003 -0.041 -0.077 -0.221 -0.167 -0.328 -0.288 -0.306 -0.305 -0.273 -0.272 -0.162 -0.045 -0.064 -0.090  0.107  0.178  0.231  0.556  0.704  0.593  0.811  1.000  0.801  0.615  0.460  0.094  0.067  0.002  0.012  0.121  0.050  0.059  0.041 -0.029 -0.086 -0.110 -0.099  0.035  0.055  0.087  0.031 -0.019 -0.070 -0.213 -0.271 -0.234 -0.110 -0.090 -0.157 -0.213 -0.257 -0.280 -0.234 -0.117 -0.082  0.043  0.085  0.047  0.015 -0.030 -0.013 -0.073 -0.226 -0.211 -0.113
 -0.209 -0.139 -0.037 -0.141 -0.056 -0.032 -0.015 -0.056 -0.060 -0.093 -0.087 -0.108 -0.141 -0.205 -0.029 -0.287 -0.267 -0.288 -0.280 -0.285 -0.310 -0.229 -0.110 -0.129 -0.189  0.038  0.215  0.177  0.350  0.653  0.659  0.642  0.801  1.000  0.854  0.749  0.355  0.259  0.233  0.154  0.221  0.087  0.068  0.068 -0.025 -0.038 -0.023 -0.074  0.061 -0.008  0.008 -0.051 -0.086 -0.147 -0.254 -0.277 -0.207 -0.118 -0.094 -0.129 -0.180 -0.200 -0.220 -0.140 -0.043 -0.041  0.038  0.086  0.048  0.063 -0.018 -0.070 -0.214 -0.382 -0.278 -0.192
 -0.239 -0.180 -0.063 -0.186 -0.068 -0.048 -0.003 -0.031 -0.047 -0.078 -0.106 -0.146 -0.157 -0.212 -0.029 -0.316 -0.289 -0.308 -0.271 -0.270 -0.297 -0.215 -0.096 -0.089 -0.183  0.002  0.236  0.214  0.257  0.560  0.706  0.611  0.615  0.854  1.000  0.864  0.522  0.375  0.378  0.252  0.300  0.149  0.091  0.093  0.002  0.022  0.044 -0.018  0.090  0.006  0.019 -0.025 -0.069 -0.131 -0.229 -0.253 -0.184 -0.099 -0.077 -0.105 -0.163 -0.169 -0.225 -0.161 -0.053 -0.061  0.028  0.100  0.097  0.137  0.045 -0.041 -0.292 -0.453 -0.348 -0.292
 -0.217 -0.172 -0.045 -0.196 -0.088 -0.056 -0.020 -0.065 -0.059 -0.109 -0.174 -0.196 -0.213 -0.224 -0.016 -0.279 -0.254 -0.289 -0.237 -0.237 -0.279 -0.224 -0.105 -0.089 -0.213 -0.030  0.243  0.156  0.140  0.500  0.637  0.421  0.460  0.749  0.864  1.000  0.694  0.455  0.490  0.386  0.387  0.200  0.094  0.091  0.000  0.028  0.068  0.003  0.110 -0.001 -0.004 -0.045 -0.073 -0.134 -0.205 -0.224 -0.152 -0.074 -0.063 -0.082 -0.148 -0.137 -0.198 -0.150 -0.040 -0.051  0.025  0.090  0.111  0.199  0.120  0.020 -0.271 -0.440 -0.371 -0.332
 -0.168 -0.113 -0.032 -0.133 -0.090 -0.050 -0.034 -0.063 -0.050 -0.071 -0.112 -0.123 -0.177 -0.149 -0.046 -0.252 -0.282 -0.282 -0.193 -0.232 -0.300 -0.280 -0.178 -0.140 -0.277 -0.233  0.035 -0.024 -0.106  0.158  0.383  0.162  0.094  0.355  0.522  0.694  1.000  0.764  0.671  0.537  0.457  0.307  0.167  0.101  0.033  0.078  0.128  0.082  0.136 -0.014 -0.084 -0.127 -0.165 -0.167 -0.192 -0.163 -0.100 -0.066 -0.018 -0.009 -0.068 -0.064 -0.102 -0.055  0.021  0.020  0.049  0.101  0.109  0.210  0.175  0.096 -0.157 -0.362 -0.343 -0.313
 -0.251 -0.179 -0.063 -0.105 -0.043  0.026  0.084  0.040  0.003  0.011  0.060  0.016 -0.043 -0.067 -0.055 -0.283 -0.323 -0.304 -0.246 -0.288 -0.299 -0.204 -0.088 -0.050 -0.141 -0.125  0.078  0.034 -0.036  0.126  0.288  0.150  0.067  0.259  0.375  0.455  0.764  1.000  0.735  0.498  0.514  0.375  0.327  0.233  0.133  0.120  0.175  0.140  0.228  0.082 -0.004 -0.028 -0.111 -0.134 -0.213 -0.199 -0.172 -0.124 -0.058 -0.090 -0.132 -0.138 -0.182 -0.112 -0.040 -0.011  0.034  0.189  0.205  0.236  0.181  0.041 -0.186 -0.421 -0.432 -0.367
 -0.166 -0.069 -0.029 -0.094 -0.047 -0.017  0.036  0.007 -0.034 -0.041 -0.057 -0.089 -0.103 -0.091  0.035 -0.196 -0.246 -0.230 -0.162 -0.186 -0.215 -0.173 -0.106 -0.072 -0.129 -0.085  0.104  0.049 -0.059  0.103  0.268  0.079  0.002  0.233  0.378  0.490  0.671  0.735  1.000  0.668  0.625  0.488  0.310  0.209  0.073  0.079  0.164  0.086  0.166  0.018 -0.066 -0.079 -0.107 -0.114 -0.159 -0.140 -0.092 -0.072 -0.035 -0.038 -0.093 -0.099 -0.109 -0.030 -0.035 -0.010  0.039  0.152  0.204  0.308  0.295  0.142 -0.090 -0.428 -0.460 -0.459
 -0.188 -0.144 -0.114 -0.130 -0.017  0.039  0.096  0.006 -0.031 -0.053 -0.079 -0.072 -0.118 -0.157 -0.088 -0.220 -0.263 -0.279 -0.195 -0.208 -0.222 -0.139 -0.027  0.018 -0.079 -0.068  0.113  0.068 -0.015  0.105  0.201  0.050  0.012  0.154  0.252  0.386  0.537  0.498  0.668  1.000  0.799  0.628  0.373  0.228  0.075  0.007  0.066  0.072  0.204  0.113  0.038  0.015 -0.039 -0.064 -0.147 -0.162 -0.135 -0.072 -0.024 -0.087 -0.124 -0.154 -0.189 -0.130 -0.094 -0.036  0.074  0.197  0.329  0.493  0.585  0.548  0.080 -0.304 -0.488 -0.531
 -0.298 -0.245 -0.194 -0.170  0.043  0.116  0.216  0.140  0.048  0.028  0.001 -0.034 -0.074 -0.184 -0.130 -0.305 -0.345 -0.358 -0.292 -0.278 -0.250 -0.108  0.025  0.072 -0.008  0.032  0.207  0.166  0.104  0.219  0.281  0.165  0.121  0.221  0.300  0.387  0.457  0.514  0.625  0.799  1.000  0.822  0.567  0.371  0.155  0.018  0.076  0.079  0.273  0.216  0.133  0.099  0.009 -0.042 -0.179 -0.231 -0.222 -0.125 -0.076 -0.167 -0.221 -0.257 -0.297 -0.225 -0.173 -0.067  0.115  0.345  0.504  0.598  0.591  0.460 -0.023 -0.397 -0.589 -0.596
 -0.250 -0.206 -0.213 -0.130  0.091  0.154  0.262  0.198  0.091  0.084  0.054  0.013 -0.017 -0.143 -0.145 -0.231 -0.289 -0.293 -0.250 -0.230 -0.192 -0.062  0.035  0.076  0.030  0.034  0.142  0.129  0.087  0.114  0.146  0.095  0.050  0.087  0.149  0.200  0.307  0.375  0.488  0.628  0.822  1.000  0.734  0.461  0.191 -0.030  0.014  0.038  0.254  0.253  0.169  0.116  0.045  0.011 -0.122 -0.180 -0.184 -0.096 -0.054 -0.150 -0.208 -0.251 -0.273 -0.209 -0.203 -0.067  0.145  0.398  0.580  0.669  0.576  0.469 -0.002 -0.347 -0.549 -0.566
 -0.300 -0.245 -0.235 -0.115  0.099  0.172  0.286  0.248  0.118  0.116  0.098  0.050  0.006 -0.133 -0.162 -0.246 -0.301 -0.304 -0.301 -0.263 -0.180 -0.001  0.115  0.134  0.094  0.102  0.175  0.154  0.135  0.112  0.096  0.093  0.059  0.068  0.091  0.094  0.167  0.327  0.310  0.373  0.567  0.734  1.000  0.723  0.372  0.038  0.087  0.109  0.373  0.382  0.280  0.200  0.107  0.055 -0.122 -0.208 -0.233 -0.127 -0.083 -0.204 -0.245 -0.281 -0.300 -0.230 -0.202 -0.038  0.213  0.522  0.572  0.495  0.352  0.229 -0.073 -0.348 -0.507 -0.477
 -0.294 -0.234 -0.200 -0.106  0.076  0.146  0.241  0.193  0.073  0.067  0.066  0.022 -0.019 -0.141 -0.151 -0.246 -0.280 -0.300 -0.310 -0.283 -0.207 -0.047  0.056  0.098  0.052  0.073  0.161  0.127  0.081  0.088  0.095  0.079  0.041  0.068  0.093  0.091  0.101  0.233  0.209  0.228  0.371  0.461  0.723  1.000  0.685  0.295  0.360  0.366  0.469  0.336  0.227  0.157  0.077 -0.007 -0.178 -0.252 -0.284 -0.205 -0.146 -0.238 -0.237 -0.223 -0.248 -0.190 -0.153 -0.013  0.233  0.526  0.481  0.382  0.226  0.092 -0.132 -0.308 -0.423 -0.403
 -0.258 -0.233 -0.192 -0.121  0.026  0.078  0.134  0.111  0.034  0.046  0.054  0.024  0.004 -0.096 -0.176 -0.210 -0.234 -0.263 -0.272 -0.246 -0.168 -0.042  0.030  0.082  0.033  0.015  0.084  0.056 -0.010 -0.009  0.020  0.011 -0.029 -0.025  0.002  0.000  0.033  0.133  0.073  0.075  0.155  0.191  0.372  0.685  1.000  0.613  0.440  0.436  0.328  0.300  0.219  0.147  0.045 -0.030 -0.151 -0.210 -0.277 -0.228 -0.165 -0.222 -0.184 -0.139 -0.190 -0.173 -0.117  0.015  0.173  0.324  0.266  0.165  0.069 -0.017 -0.151 -0.180 -0.215 -0.208
 -0.173 -0.160 -0.117 -0.116 -0.037 -0.015  0.012 -0.010 -0.024 -0.002  0.025  0.003  0.025 -0.005 -0.028 -0.099 -0.102 -0.133 -0.162 -0.146 -0.100 -0.060 -0.017  0.058 -0.009 -0.058  0.044  0.029 -0.107 -0.069  0.033 -0.022 -0.086 -0.038  0.022  0.028  0.078  0.120  0.079  0.007  0.018 -0.030  0.038  0.295  0.613  1.000  0.709  0.526  0.235  0.105  0.078  0.088  0.023 -0.070 -0.124 -0.168 -0.212 -0.210 -0.180 -0.192 -0.146 -0.075 -0.112 -0.123 -0.123 -0.092 -0.008  0.072  0.059 -0.013 -0.072 -0.144 -0.219 -0.148 -0.096 -0.099
 -0.173 -0.145 -0.081 -0.119 -0.052 -0.050 -0.016 -0.070 -0.077 -0.053 -0.004 -0.024  0.007  0.002  0.044 -0.087 -0.083 -0.107 -0.131 -0.129 -0.100 -0.068 -0.006  0.052 -0.031 -0.062  0.061  0.026 -0.124 -0.068  0.041 -0.049 -0.110 -0.023  0.044  0.068  0.128  0.175  0.164  0.066  0.076  0.014  0.087  0.360  0.440  0.709  1.000  0.712  0.410  0.076  0.005  0.051  0.022 -0.062 -0.113 -0.150 -0.180 -0.186 -0.156 -0.162 -0.132 -0.062 -0.089 -0.088 -0.104 -0.122 -0.055  0.062  0.076  0.011 -0.042 -0.147 -0.214 -0.183 -0.162 -0.159
 -0.230 -0.211 -0.134 -0.087  0.015  0.036  0.059 -0.002  0.009  0.055  0.123  0.102  0.101  0.045 -0.032 -0.098 -0.110 -0.178 -0.221 -0.201 -0.122 -0.036  0.057  0.136  0.027 -0.023  0.079  0.037 -0.081 -0.047  0.019 -0.044 -0.099 -0.074 -0.018  0.003  0.082  0.140  0.086  0.072  0.079  0.038  0.109  0.366  0.436  0.526  0.712  1.000  0.656  0.317  0.133  0.166  0.050 -0.045 -0.133 -0.193 -0.272 -0.246 -0.190 -0.235 -0.204 -0.141 -0.174 -0.162 -0.153 -0.098 -0.050  0.059  0.106  0.046 -0.016 -0.080 -0.192 -0.147 -0.201 -0.205
 -0.314 -0.273 -0.163 -0.143  0.028  0.062  0.124  0.044  0.022  0.043  0.088  0.052  0.023 -0.067 -0.083 -0.201 -0.206 -0.249 -0.251 -0.218 -0.138  0.023  0.175  0.193  0.076  0.061  0.167  0.119  0.040  0.084  0.112  0.050  0.035  0.061  0.090  0.110  0.136  0.228  0.166  0.204  0.273  0.254  0.373  0.469  0.328  0.235  0.410  0.656  1.000  0.604  0.329  0.286  0.142  0.087 -0.076 -0.158 -0.214 -0.117 -0.060 -0.169 -0.193 -0.218 -0.283 -0.251 -0.192 -0.114  0.020  0.189  0.266  0.189  0.110  0.001 -0.214 -0.295 -0.386 -0.364
 -0.360 -0.353 -0.269 -0.190  0.024  0.089  0.153  0.130  0.093  0.097  0.099  0.043  0.005 -0.146 -0.243 -0.251 -0.241 -0.294 -0.270 -0.177 -0.045  0.190  0.344  0.341  0.203  0.141  0.187  0.173  0.115  0.078  0.069  0.079  0.055 -0.008  0.006 -0.001 -0.014  0.082  0.018  0.113  0.216  0.253  0.382  0.336  0.300  0.105  0.076  0.317  0.604  1.000  0.741  0.540  0.295  0.279  0.060 -0.057 -0.159  0.002  0.062 -0.124 -0.154 -0.240 -0.354 -0.338 -0.235 -0.096  0.062  0.190  0.257  0.210  0.148  0.083 -0.112 -0.234 -0.374 -0.343
 -0.361 -0.404 -0.307 -0.238  0.020  0.089  0.151  0.153  0.118  0.108  0.080  0.014 -0.006 -0.173 -0.269 -0.235 -0.177 -0.224 -0.184 -0.044  0.105  0.365  0.503  0.508  0.345  0.237  0.282  0.285  0.198  0.132  0.104  0.111  0.087  0.008  0.019 -0.004 -0.084 -0.004 -0.066  0.038  0.133  0.169  0.280  0.227  0.219  0.078  0.005  0.133  0.329  0.741  1.000  0.781  0.554  0.503  0.250  0.079 -0.050  0.139  0.141 -0.073 -0.127 -0.239 -0.389 -0.409 -0.273 -0.133  0.051  0.172  0.231  0.178  0.115  0.041 -0.150 -0.295 -0.429 -0.385
 -0.324 -0.395 -0.335 -0.261 -0.006  0.052  0.134  0.151  0.127  0.123  0.104  0.035  0.037 -0.105 -0.210 -0.152 -0.075 -0.119 -0.113  0.053  0.255  0.541  0.669  0.707  0.545  0.382  0.406  0.387  0.245  0.135  0.087  0.055  0.031 -0.051 -0.025 -0.045 -0.127 -0.028 -0.079  0.015  0.099  0.116  0.200  0.157  0.147  0.088  0.051  0.166  0.286  0.540  0.781  1.000  0.740  0.586  0.337  0.108 -0.067  0.093  0.013 -0.185 -0.209 -0.272 -0.397 -0.417 -0.340 -0.218 -0.048  0.088  0.186  0.147  0.090  0.015 -0.189 -0.328 -0.438 -0.406
 -0.221 -0.307 -0.286 -0.277 -0.078 -0.058  0.024  0.059  0.055  0.031 -0.008 -0.069 -0.059 -0.148 -0.173 -0.083  0.023  0.028  0.061  0.229  0.381  0.591  0.579  0.607  0.483  0.336  0.335  0.318  0.195  0.088  0.034 -0.006 -0.019 -0.086 -0.069 -0.073 -0.165 -0.111 -0.107 -0.039  0.009  0.045  0.107  0.077  0.045  0.023  0.022  0.050  0.142  0.295  0.554  0.740  1.000  0.758  0.515  0.285  0.145  0.262  0.123 -0.039 -0.077 -0.164 -0.289 -0.342 -0.297 -0.243 -0.090 -0.021  0.080  0.070  0.047 -0.028 -0.121 -0.264 -0.348 -0.320
 -0.169 -0.267 -0.281 -0.310 -0.148 -0.134 -0.046  0.013  0.021 -0.004 -0.060 -0.146 -0.132 -0.224 -0.227 -0.092  0.039  0.095  0.182  0.358  0.479  0.642  0.550  0.476  0.382  0.227  0.185  0.197  0.095 -0.020 -0.039 -0.053 -0.070 -0.147 -0.131 -0.134 -0.167 -0.134 -0.114 -0.064 -0.042  0.011  0.055 -0.007 -0.030 -0.070 -0.062 -0.045  0.087  0.279  0.503  0.586  0.758  1.000  0.752  0.489  0.338  0.470  0.283  0.102  0.041 -0.112 -0.240 -0.311 -0.276 -0.261 -0.119 -0.085  0.003  0.007  0.022 -0.026  0.000 -0.145 -0.278 -0.247
 -0.024 -0.135 -0.190 -0.270 -0.212 -0.226 -0.177 -0.111 -0.067 -0.091 -0.143 -0.198 -0.162 -0.185 -0.149  0.042  0.183  0.291  0.425  0.576  0.605  0.588  0.397  0.320  0.288  0.109  0.034  0.052 -0.076 -0.188 -0.176 -0.200 -0.213 -0.254 -0.229 -0.205 -0.192 -0.213 -0.159 -0.147 -0.179 -0.122 -0.122 -0.178 -0.151 -0.124 -0.113 -0.133 -0.076  0.060  0.250  0.337  0.515  0.752  1.000  0.755  0.585  0.608  0.379  0.283  0.216  0.046 -0.087 -0.191 -0.177 -0.244 -0.200 -0.231 -0.157 -0.119 -0.071 -0.092  0.017 -0.001 -0.048 -0.040
  0.080  0.010 -0.061 -0.192 -0.245 -0.272 -0.256 -0.189 -0.125 -0.145 -0.181 -0.211 -0.169 -0.137 -0.051  0.104  0.199  0.333  0.524  0.532  0.460  0.363  0.203  0.107  0.108 -0.009 -0.089 -0.075 -0.188 -0.266 -0.220 -0.246 -0.271 -0.277 -0.253 -0.224 -0.163 -0.199 -0.140 -0.162 -0.231 -0.180 -0.208 -0.252 -0.210 -0.168 -0.150 -0.193 -0.158 -0.057  0.079  0.108  0.285  0.489  0.755  1.000  0.758  0.626  0.525  0.490  0.459  0.203  0.069 -0.048 -0.056 -0.188 -0.230 -0.299 -0.262 -0.202 -0.119 -0.116  0.055  0.087  0.086  0.086
  0.122  0.055 -0.002 -0.175 -0.284 -0.332 -0.311 -0.256 -0.194 -0.229 -0.271 -0.293 -0.244 -0.175 -0.027  0.058  0.156  0.354  0.570  0.569  0.383  0.221  0.024 -0.071 -0.043 -0.118 -0.196 -0.166 -0.233 -0.270 -0.190 -0.210 -0.234 -0.207 -0.184 -0.152 -0.100 -0.172 -0.092 -0.135 -0.222 -0.184 -0.233 -0.284 -0.277 -0.212 -0.180 -0.272 -0.214 -0.159 -0.050 -0.067  0.145  0.338  0.585  0.758  1.000  0.800  0.596  0.643  0.477  0.252  0.134  0.028  0.033 -0.133 -0.194 -0.304 -0.300 -0.230 -0.118 -0.117  0.103  0.132  0.179  0.171
 -0.028 -0.105 -0.079 -0.230 -0.237 -0.258 -0.223 -0.193 -0.157 -0.196 -0.230 -0.277 -0.253 -0.260 -0.147 -0.096  0.018  0.193  0.393  0.448  0.299  0.238  0.099  0.006 -0.029 -0.092 -0.136 -0.106 -0.141 -0.162 -0.098 -0.094 -0.110 -0.118 -0.099 -0.074 -0.066 -0.124 -0.072 -0.072 -0.125 -0.096 -0.127 -0.205 -0.228 -0.210 -0.186 -0.246 -0.117  0.002  0.139  0.093  0.262  0.470  0.608  0.626  0.800  1.000  0.767  0.633  0.397  0.158  0.009 -0.088 -0.011 -0.142 -0.127 -0.210 -0.184 -0.133 -0.044 -0.066  0.062  0.049  0.038  0.043
 -0.062 -0.078 -0.018 -0.146 -0.186 -0.200 -0.188 -0.189 -0.150 -0.178 -0.178 -0.211 -0.211 -0.225 -0.127 -0.155 -0.090  0.057  0.237  0.262  0.097  0.052 -0.013 -0.089 -0.142 -0.169 -0.179 -0.153 -0.168 -0.151 -0.069 -0.057 -0.090 -0.094 -0.077 -0.063 -0.018 -0.058 -0.035 -0.024 -0.076 -0.054 -0.083 -0.146 -0.165 -0.180 -0.156 -0.190 -0.060  0.062  0.141  0.013  0.123  0.283  0.379  0.525  0.596  0.767  1.000  0.748  0.563  0.239  0.078 -0.021  0.073 -0.058 -0.075 -0.157 -0.154 -0.093 -0.009 -0.034  0.052  0.045  0.028  0.030
  0.076  0.066  0.079 -0.100 -0.236 -0.275 -0.282 -0.253 -0.202 -0.233 -0.251 -0.262 -0.239 -0.182 -0.036 -0.073 -0.035  0.128  0.305  0.291  0.078 -0.043 -0.145 -0.231 -0.235 -0.233 -0.272 -0.252 -0.252 -0.229 -0.135 -0.133 -0.157 -0.129 -0.105 -0.082 -0.009 -0.090 -0.038 -0.087 -0.167 -0.150 -0.204 -0.238 -0.222 -0.192 -0.162 -0.235 -0.169 -0.124 -0.073 -0.185 -0.039  0.102  0.283  0.490  0.643  0.633  0.748  1.000  0.731  0.413  0.249  0.125  0.178 -0.010 -0.099 -0.229 -0.267 -0.199 -0.094 -0.091  0.087  0.155  0.210  0.197
  0.162  0.182  0.171 -0.039 -0.225 -0.278 -0.307 -0.267 -0.215 -0.247 -0.269 -0.260 -0.227 -0.130  0.042  0.018  0.031  0.135  0.265  0.226  0.057 -0.062 -0.166 -0.227 -0.221 -0.236 -0.269 -0.247 -0.281 -0.273 -0.173 -0.184 -0.213 -0.180 -0.163 -0.148 -0.068 -0.132 -0.093 -0.124 -0.221 -0.208 -0.245 -0.237 -0.184 -0.146 -0.132 -0.204 -0.193 -0.154 -0.127 -0.209 -0.077  0.041  0.216  0.459  0.477  0.397  0.563  0.731  1.000  0.684  0.432  0.250  0.305  0.055 -0.079 -0.230 -0.298 -0.234 -0.131 -0.113  0.101  0.177  0.254  0.248
  0.299  0.283  0.245  0.025 -0.219 -0.288 -0.309 -0.265 -0.212 -0.239 -0.283 -0.251 -0.207 -0.044  0.107  0.141  0.116  0.162  0.202  0.123  0.001 -0.126 -0.228 -0.250 -0.229 -0.254 -0.272 -0.266 -0.339 -0.319 -0.218 -0.246 -0.257 -0.200 -0.169 -0.137 -0.064 -0.138 -0.099 -0.154 -0.257 -0.251 -0.281 -0.223 -0.139 -0.075 -0.062 -0.141 -0.218 -0.240 -0.239 -0.272 -0.164 -0.112  0.046  0.203  0.252  0.158  0.239  0.413  0.684  1.000  0.658  0.375  0.391  0.114 -0.075 -0.230 -0.311 -0.262 -0.177 -0.141  0.074  0.223  0.361  0.336
  0.528  0.559  0.399  0.179 -0.206 -0.294 -0.340 -0.277 -0.236 -0.259 -0.289 -0.235 -0.178  0.055  0.238  0.343  0.269  0.271  0.182  0.072 -0.011 -0.188 -0.314 -0.343 -0.254 -0.270 -0.326 -0.319 -0.334 -0.338 -0.280 -0.290 -0.280 -0.220 -0.225 -0.198 -0.102 -0.182 -0.109 -0.189 -0.297 -0.273 -0.300 -0.248 -0.190 -0.112 -0.089 -0.174 -0.283 -0.354 -0.389 -0.397 -0.289 -0.240 -0.087  0.069  0.134  0.009  0.078  0.249  0.432  0.658  1.000  0.745  0.495  0.223 -0.059 -0.224 -0.354 -0.284 -0.202 -0.119  0.178  0.286  0.424  0.402
  0.428  0.620  0.465  0.351 -0.090 -0.207 -0.301 -0.257 -0.243 -0.259 -0.235 -0.136 -0.099  0.150  0.338  0.294  0.166  0.179  0.089 -0.044 -0.106 -0.258 -0.344 -0.371 -0.273 -0.238 -0.280 -0.281 -0.282 -0.289 -0.229 -0.238 -0.234 -0.140 -0.161 -0.150 -0.055 -0.112 -0.030 -0.130 -0.225 -0.209 -0.230 -0.190 -0.173 -0.123 -0.088 -0.162 -0.251 -0.338 -0.409 -0.417 -0.342 -0.311 -0.191 -0.048  0.028 -0.088 -0.021  0.125  0.250  0.375  0.745  1.000  0.682  0.403  0.071 -0.133 -0.301 -0.245 -0.182 -0.117  0.165  0.205  0.378  0.355
  0.166  0.292  0.420  0.380  0.072 -0.040 -0.200 -0.238 -0.239 -0.249 -0.173 -0.071 -0.070  0.072  0.200  0.006 -0.021 -0.019  0.002 -0.107 -0.225 -0.335 -0.358 -0.372 -0.374 -0.318 -0.289 -0.297 -0.282 -0.190 -0.102 -0.120 -0.117 -0.043 -0.053 -0.040  0.021 -0.040 -0.035 -0.094 -0.173 -0.203 -0.202 -0.153 -0.117 -0.123 -0.104 -0.153 -0.192 -0.235 -0.273 -0.340 -0.297 -0.276 -0.177 -0.056  0.033 -0.011  0.073  0.178  0.305  0.391  0.495  0.682  1.000  0.638  0.312 -0.010 -0.201 -0.206 -0.159 -0.116  0.059  0.149  0.320  0.299
  0.021  0.143  0.270  0.503  0.294  0.249  0.037 -0.021 -0.080 -0.072 -0.006  0.097  0.042  0.101  0.073 -0.059 -0.088 -0.131 -0.126 -0.197 -0.263 -0.299 -0.284 -0.255 -0.268 -0.222 -0.186 -0.197 -0.165 -0.121 -0.083 -0.087 -0.082 -0.041 -0.061 -0.051  0.020 -0.011 -0.010 -0.036 -0.067 -0.067 -0.038 -0.013  0.015 -0.092 -0.122 -0.098 -0.114 -0.096 -0.133 -0.218 -0.243 -0.261 -0.244 -0.188 -0.133 -0.142 -0.058 -0.010  0.055  0.114  0.223  0.403  0.638  1.000  0.644  0.220  0.004 -0.041 -0.044 -0.033  0.042  0.066  0.144  0.121
 -0.151 -0.052  0.074  0.309  0.425  0.367  0.202  0.131 -0.003 -0.012  0.015  0.074  0.025 -0.055 -0.071 -0.210 -0.227 -0.255 -0.240 -0.226 -0.256 -0.204 -0.157 -0.112 -0.159 -0.129 -0.061 -0.058 -0.020  0.016  0.026  0.039  0.043  0.038  0.028  0.025  0.049  0.034  0.039  0.074  0.115  0.145  0.213  0.233  0.173 -0.008 -0.055 -0.050  0.020  0.062  0.051 -0.048 -0.090 -0.119 -0.200 -0.230 -0.194 -0.127 -0.075 -0.099 -0.079 -0.075 -0.059  0.071  0.312  0.644  1.000  0.572  0.323  0.196  0.116  0.077  0.015 -0.080 -0.109 -0.110
 -0.283 -0.223 -0.157  0.047  0.325  0.431  0.456  0.408  0.193  0.192  0.149  0.112  0.050 -0.118 -0.179 -0.275 -0.307 -0.345 -0.352 -0.312 -0.268 -0.135 -0.027  0.023 -0.027 -0.008  0.077  0.055  0.070  0.102  0.083  0.087  0.085  0.086  0.100  0.090  0.101  0.189  0.152  0.197  0.345  0.398  0.522  0.526  0.324  0.072  0.062  0.059  0.189  0.190  0.172  0.088 -0.021 -0.085 -0.231 -0.299 -0.304 -0.210 -0.157 -0.229 -0.230 -0.230 -0.224 -0.133 -0.010  0.220  0.572  1.000  0.720  0.466  0.272  0.146 -0.096 -0.221 -0.375 -0.364
 -0.352 -0.322 -0.242 -0.044  0.349  0.465  0.586  0.460  0.236  0.259  0.218  0.168  0.120 -0.087 -0.187 -0.259 -0.282 -0.338 -0.336 -0.273 -0.194 -0.038  0.075  0.145  0.078  0.061  0.166  0.151  0.100  0.115  0.112  0.074  0.047  0.048  0.097  0.111  0.109  0.205  0.204  0.329  0.504  0.580  0.572  0.481  0.266  0.059  0.076  0.106  0.266  0.257  0.231  0.186  0.080  0.003 -0.157 -0.262 -0.300 -0.184 -0.154 -0.267 -0.298 -0.311 -0.354 -0.301 -0.201  0.004  0.323  0.720  1.000  0.716  0.465  0.277 -0.165 -0.294 -0.486 -0.512
 -0.272 -0.246 -0.233 -0.097  0.190  0.310  0.426  0.325  0.162  0.167  0.129  0.083  0.026 -0.123 -0.180 -0.210 -0.232 -0.286 -0.258 -0.218 -0.158 -0.030  0.062  0.123  0.055  0.030  0.141  0.122  0.066  0.088  0.106  0.049  0.015  0.063  0.137  0.199  0.210  0.236  0.308  0.493  0.598  0.669  0.495  0.382  0.165 -0.013  0.011  0.046  0.189  0.210  0.178  0.147  0.070  0.007 -0.119 -0.202 -0.230 -0.133 -0.093 -0.199 -0.234 -0.262 -0.284 -0.245 -0.206 -0.041  0.196  0.466  0.716  1.000  0.782  0.550  0.008 -0.260 -0.530 -0.593
 -0.182 -0.173 -0.192 -0.097  0.077  0.165  0.256  0.158  0.036  0.034  0.010 -0.011 -0.050 -0.170 -0.198 -0.195 -0.201 -0.214 -0.155 -0.130 -0.114 -0.018  0.048  0.082  0.047  0.003  0.064  0.078  0.043  0.012  0.024  0.002 -0.030 -0.018  0.045  0.120  0.175  0.181  0.295  0.585  0.591  0.576  0.352  0.226  0.069 -0.072 -0.042 -0.016  0.110  0.148  0.115  0.090  0.047  0.022 -0.071 -0.119 -0.118 -0.044 -0.009 -0.094 -0.131 -0.177 -0.202 -0.182 -0.159 -0.044  0.116  0.272  0.465  0.782  1.000  0.767  0.236 -0.101 -0.432 -0.524
 -0.055 -0.083 -0.141 -0.061  0.030  0.087  0.133  0.077  0.010 -0.002 -0.033 -0.038 -0.070 -0.141 -0.195 -0.115 -0.140 -0.175 -0.126 -0.119 -0.115 -0.063 -0.006  0.016 -0.012 -0.043 -0.024 -0.001  0.031 -0.013 -0.041 -0.006 -0.013 -0.070 -0.041  0.020  0.096  0.041  0.142  0.548  0.460  0.469  0.229  0.092 -0.017 -0.144 -0.147 -0.080  0.001  0.083  0.041  0.015 -0.028 -0.026 -0.092 -0.116 -0.117 -0.066 -0.034 -0.091 -0.113 -0.141 -0.119 -0.117 -0.116 -0.033  0.077  0.146  0.277  0.550  0.767  1.000  0.478  0.140 -0.277 -0.382
  0.245  0.226  0.043  0.047 -0.120 -0.160 -0.211 -0.150 -0.148 -0.180 -0.176 -0.170 -0.175 -0.122 -0.102  0.059  0.011  0.064  0.110  0.097  0.026 -0.037 -0.111 -0.176 -0.074 -0.086 -0.260 -0.204 -0.035 -0.190 -0.310 -0.127 -0.073 -0.214 -0.292 -0.271 -0.157 -0.186 -0.090  0.080 -0.023 -0.002 -0.073 -0.132 -0.151 -0.219 -0.214 -0.192 -0.214 -0.112 -0.150 -0.189 -0.121  0.000  0.017  0.055  0.103  0.062  0.052  0.087  0.101  0.074  0.178  0.165  0.059  0.042  0.015 -0.096 -0.165  0.008  0.236  0.478  1.000  0.516  0.098  0.065
  0.277  0.184  0.083  0.129 -0.059 -0.087 -0.188 -0.146 -0.109 -0.104 -0.070 -0.044 -0.052  0.047 -0.100  0.158  0.162  0.181  0.208  0.150  0.037 -0.127 -0.229 -0.294 -0.199 -0.220 -0.416 -0.368 -0.223 -0.343 -0.431 -0.255 -0.226 -0.382 -0.453 -0.440 -0.362 -0.421 -0.428 -0.304 -0.397 -0.347 -0.348 -0.308 -0.180 -0.148 -0.183 -0.147 -0.295 -0.234 -0.295 -0.328 -0.264 -0.145 -0.001  0.087  0.132  0.049  0.045  0.155  0.177  0.223  0.286  0.205  0.149  0.066 -0.080 -0.221 -0.294 -0.260 -0.101  0.140  0.516  1.000  0.592  0.405
  0.374  0.350  0.300  0.216 -0.093 -0.193 -0.354 -0.341 -0.253 -0.251 -0.174 -0.057 -0.029  0.143  0.136  0.238  0.233  0.288  0.266  0.183  0.036 -0.191 -0.325 -0.397 -0.274 -0.235 -0.429 -0.405 -0.269 -0.325 -0.371 -0.254 -0.211 -0.278 -0.348 -0.371 -0.343 -0.432 -0.460 -0.488 -0.589 -0.549 -0.507 -0.423 -0.215 -0.096 -0.162 -0.201 -0.386 -0.374 -0.429 -0.438 -0.348 -0.278 -0.048  0.086  0.179  0.038  0.028  0.210  0.254  0.361  0.424  0.378  0.320  0.144 -0.109 -0.375 -0.486 -0.530 -0.432 -0.277  0.098  0.592  1.000  0.780
