  1.000  0.774  0.525  0.206 -0.208 -0.336 -0.361 -0.320 -0.285 -0.305 -0.292 -0.183 -0.070  0.234  0.321  0.613  0.617  0.590  0.404  0.271  0.228 -0.065 -0.234 -0.286 -0.182 -0.228 -0.379 -0.349 -0.308 -0.387 -0.394 -0.329 -0.265 -0.256 -0.288 -0.288 -0.312 -0.380 -0.333 -0.283 -0.380 -0.360 -0.386 -0.404 -0.311 -0.230 -0.277 -0.298 -0.400 -0.383 -0.404 -0.365 -0.296 -0.238 -0.041  0.100  0.153 -0.024 -0.054  0.104  0.196  0.395  0.577  0.471  0.262  0.012 -0.213 -0.378 -0.428 -0.362 -0.266 -0.109  0.168  0.327  0.458  0.451
  0.774  1.000  0.729  0.400 -0.048 -0.200 -0.267 -0.271 -0.241 -0.240 -0.196 -0.047  0.062  0.388  0.499  0.617  0.486  0.428  0.258  0.116  0.070 -0.204 -0.319 -0.351 -0.245 -0.232 -0.344 -0.307 -0.245 -0.305 -0.314 -0.251 -0.184 -0.160 -0.202 -0.221 -0.259 -0.335 -0.303 -0.240 -0.314 -0.312 -0.327 -0.342 -0.270 -0.212 -0.256 -0.264 -0.354 -0.395 -0.457 -0.431 -0.392 -0.367 -0.188 -0.008  0.039 -0.142 -0.111  0.056  0.190  0.371  0.581  0.603  0.340  0.128 -0.106 -0.281 -0.343 -0.297 -0.232 -0.086  0.115  0.244  0.360  0.365
  0.525  0.729  1.000  0.598  0.132 -0.060 -0.189 -0.269 -0.250 -0.217 -0.112  0.065  0.180  0.461  0.526  0.444  0.400  0.297  0.146  0.022 -0.014 -0.251 -0.312 -0.322 -0.287 -0.251 -0.296 -0.267 -0.219 -0.233 -0.232 -0.195 -0.137 -0.112 -0.153 -0.174 -0.208 -0.258 -0.247 -0.249 -0.278 -0.292 -0.286 -0.285 -0.232 -0.195 -0.219 -0.222 -0.278 -0.324 -0.361 -0.356 -0.333 -0.329 -0.201 -0.054 -0.012 -0.127 -0.073  0.044  0.163  0.296  0.454  0.502  0.405  0.262  0.044 -0.191 -0.264 -0.259 -0.222 -0.122  0.027  0.181  0.296  0.296
  0.206  0.400  0.598  1.000  0.570  0.384  0.163  0.011  0.007  0.092  0.242  0.422  0.450  0.578  0.417  0.264  0.141  0.012 -0.110 -0.239 -0.249 -0.373 -0.341 -0.279 -0.245 -0.185 -0.161 -0.136 -0.074 -0.058 -0.064 -0.037  0.002  0.006 -0.034 -0.091 -0.113 -0.138 -0.143 -0.108 -0.074 -0.112 -0.091 -0.079 -0.080 -0.116 -0.143 -0.090 -0.151 -0.237 -0.302 -0.317 -0.371 -0.423 -0.382 -0.261 -0.252 -0.315 -0.219 -0.148 -0.049  0.052  0.197  0.400  0.398  0.540  0.346  0.115  0.046 -0.010 -0.048 -0.014 -0.110  0.061  0.031  0.025
 -0.208 -0.048  0.132  0.570  1.000  0.783  0.529  0.310  0.227  0.339  0.477  0.576  0.606  0.381  0.241  0.011 -0.128 -0.267 -0.342 -0.362 -0.313 -0.247 -0.134 -0.028 -0.055  0.001  0.118  0.139  0.170  0.221  0.205  0.194  0.205  0.178  0.154  0.096  0.058  0.085  0.067  0.094  0.213  0.185  0.218  0.197  0.085 -0.016  0.004  0.064  0.092  0.016 -0.008 -0.028 -0.124 -0.232 -0.329 -0.359 -0.397 -0.355 -0.294 -0.327 -0.293 -0.286 -0.233 -0.049  0.035  0.326  0.500  0.436  0.470  0.303  0.155  0.060 -0.259 -0.229 -0.334 -0.326
 -0.336 -0.200 -0.060  0.384  0.783  1.000  0.728  0.519  0.431  0.528  0.611  0.645  0.531  0.266  0.086 -0.110 -0.242 -0.374 -0.411 -0.427 -0.356 -0.229 -0.090  0.023 -0.008  0.032  0.163  0.169  0.190  0.262  0.252  0.222  0.225  0.210  0.193  0.147  0.133  0.172  0.135  0.172  0.307  0.261  0.284  0.282  0.147  0.027  0.050  0.121  0.158  0.085  0.063  0.033 -0.087 -0.196 -0.327 -0.370 -0.433 -0.360 -0.288 -0.347 -0.329 -0.348 -0.323 -0.142 -0.045  0.311  0.457  0.543  0.573  0.411  0.233  0.098 -0.304 -0.289 -0.455 -0.439
 -0.361 -0.267 -0.189  0.163  0.529  0.728  1.000  0.790  0.611  0.711  0.653  0.477  0.414  0.139  0.009 -0.151 -0.268 -0.384 -0.421 -0.407 -0.313 -0.142 -0.000  0.101  0.065  0.101  0.243  0.249  0.218  0.284  0.299  0.254  0.225  0.210  0.228  0.195  0.188  0.256  0.232  0.262  0.393  0.370  0.381  0.351  0.177  0.073  0.104  0.157  0.221  0.149  0.132  0.107 -0.001 -0.108 -0.274 -0.361 -0.417 -0.321 -0.272 -0.368 -0.376 -0.393 -0.386 -0.256 -0.201  0.109  0.301  0.556  0.664  0.494  0.293  0.120 -0.315 -0.410 -0.562 -0.552
 -0.320 -0.271 -0.269  0.011  0.310  0.519  0.790  1.000  0.724  0.639  0.426  0.250  0.179 -0.015 -0.093 -0.165 -0.240 -0.318 -0.343 -0.317 -0.219 -0.047  0.046  0.138  0.130  0.123  0.229  0.217  0.169  0.227  0.239  0.186  0.158  0.149  0.178  0.174  0.183  0.239  0.216  0.236  0.345  0.325  0.344  0.321  0.182  0.079  0.092  0.129  0.198  0.167  0.157  0.140  0.055 -0.031 -0.186 -0.277 -0.342 -0.256 -0.223 -0.314 -0.323 -0.331 -0.345 -0.259 -0.221  0.046  0.225  0.494  0.561  0.421  0.230  0.071 -0.267 -0.341 -0.509 -0.481
 -0.285 -0.241 -0.250  0.007  0.227  0.431  0.611  0.724  1.000  0.863  0.569  0.382  0.243  0.056 -0.045 -0.102 -0.214 -0.301 -0.326 -0.319 -0.234 -0.093  0.014  0.091  0.080  0.106  0.202  0.181  0.162  0.216  0.217  0.181  0.165  0.156  0.162  0.143  0.155  0.204  0.159  0.161  0.251  0.237  0.237  0.214  0.111  0.047  0.048  0.135  0.161  0.110  0.093  0.084 -0.012 -0.092 -0.209 -0.266 -0.325 -0.260 -0.219 -0.287 -0.293 -0.303 -0.301 -0.226 -0.221  0.002  0.092  0.312  0.378  0.301  0.144  0.048 -0.263 -0.317 -0.452 -0.418
 -0.305 -0.240 -0.217  0.092  0.339  0.528  0.711  0.639  0.863  1.000  0.791  0.566  0.429  0.177  0.023 -0.083 -0.214 -0.325 -0.367 -0.369 -0.273 -0.136 -0.005  0.082  0.057  0.096  0.214  0.208  0.195  0.250  0.254  0.229  0.215  0.196  0.195  0.146  0.144  0.204  0.158  0.161  0.268  0.250  0.256  0.227  0.113  0.059  0.068  0.160  0.178  0.106  0.078  0.071 -0.042 -0.134 -0.256 -0.307 -0.375 -0.313 -0.261 -0.329 -0.331 -0.345 -0.333 -0.235 -0.230  0.021  0.112  0.334  0.421  0.327  0.156  0.056 -0.311 -0.360 -0.496 -0.467
 -0.292 -0.196 -0.112  0.242  0.477  0.611  0.653  0.426  0.569  0.791  1.000  0.807  0.643  0.352  0.131 -0.042 -0.188 -0.317 -0.377 -0.403 -0.317 -0.211 -0.065  0.026 -0.008  0.047  0.168  0.183  0.199  0.258  0.263  0.259  0.260  0.239  0.218  0.135  0.108  0.175  0.127  0.145  0.253  0.213  0.229  0.201  0.086  0.037  0.061  0.166  0.163  0.069  0.024  0.020 -0.106 -0.204 -0.313 -0.335 -0.404 -0.357 -0.286 -0.339 -0.331 -0.354 -0.320 -0.179 -0.169  0.090  0.148  0.311  0.394  0.316  0.160  0.084 -0.301 -0.315 -0.449 -0.447
 -0.183 -0.047  0.065  0.422  0.576  0.645  0.477  0.250  0.382  0.566  0.807  1.000  0.794  0.537  0.267  0.074 -0.084 -0.239 -0.324 -0.384 -0.309 -0.272 -0.137 -0.043 -0.054  0.009  0.099  0.109  0.159  0.201  0.181  0.186  0.208  0.204  0.166  0.089  0.053  0.069  0.014  0.048  0.152  0.097  0.128  0.109  0.040 -0.019 -0.011  0.103  0.073 -0.021 -0.077 -0.071 -0.203 -0.307 -0.371 -0.346 -0.412 -0.405 -0.319 -0.329 -0.286 -0.264 -0.199 -0.034 -0.030  0.203  0.185  0.242  0.287  0.211  0.079  0.042 -0.281 -0.194 -0.314 -0.314
 -0.070  0.062  0.180  0.450  0.606  0.531  0.414  0.179  0.243  0.429  0.643  0.794  1.000  0.713  0.439  0.218  0.058 -0.123 -0.257 -0.306 -0.217 -0.222 -0.107 -0.015 -0.027  0.029  0.118  0.146  0.166  0.186  0.176  0.187  0.203  0.193  0.165  0.087  0.019  0.038  0.001  0.009  0.113  0.074  0.108  0.063 -0.002 -0.033 -0.029  0.069  0.038 -0.057 -0.110 -0.069 -0.193 -0.302 -0.339 -0.324 -0.389 -0.412 -0.352 -0.348 -0.299 -0.257 -0.171 -0.028 -0.068  0.114  0.129  0.173  0.246  0.152  0.025 -0.003 -0.286 -0.229 -0.281 -0.269
  0.234  0.388  0.461  0.578  0.381  0.266  0.139 -0.015  0.056  0.177  0.352  0.537  0.713  1.000  0.697  0.479  0.304  0.112 -0.063 -0.173 -0.121 -0.254 -0.203 -0.135 -0.108 -0.063 -0.049 -0.024  0.006 -0.005 -0.015  0.002  0.044  0.066  0.030 -0.022 -0.089 -0.109 -0.133 -0.113 -0.064 -0.103 -0.085 -0.129 -0.124 -0.128 -0.147 -0.060 -0.135 -0.216 -0.286 -0.236 -0.323 -0.407 -0.351 -0.252 -0.289 -0.394 -0.326 -0.251 -0.146 -0.029  0.114  0.250  0.129  0.187  0.030 -0.036 -0.007 -0.033 -0.097 -0.043 -0.176 -0.029 -0.033 -0.031
  0.321  0.499  0.526  0.417  0.241  0.086  0.009 -0.093 -0.045  0.023  0.131  0.267  0.439  0.697  1.000  0.691  0.474  0.245  0.025 -0.037  0.030 -0.116 -0.119 -0.082 -0.050  0.002 -0.004  0.016  0.017  0.010  0.002  0.002  0.065  0.104  0.059  0.027 -0.088 -0.114 -0.109 -0.116 -0.061 -0.123 -0.112 -0.170 -0.197 -0.164 -0.166 -0.114 -0.143 -0.228 -0.269 -0.187 -0.220 -0.297 -0.226 -0.170 -0.195 -0.311 -0.298 -0.229 -0.121 -0.001  0.170  0.248  0.076  0.060 -0.037 -0.113 -0.066 -0.083 -0.117 -0.081 -0.151 -0.084 -0.027 -0.007
  0.613  0.617  0.444  0.264  0.011 -0.110 -0.151 -0.165 -0.102 -0.083 -0.042  0.074  0.218  0.479  0.691  1.000  0.749  0.493  0.257  0.172  0.229 -0.009 -0.108 -0.115 -0.048 -0.071 -0.138 -0.122 -0.131 -0.177 -0.189 -0.166 -0.095 -0.067 -0.108 -0.115 -0.215 -0.266 -0.229 -0.192 -0.195 -0.225 -0.244 -0.302 -0.277 -0.214 -0.238 -0.197 -0.269 -0.292 -0.314 -0.227 -0.220 -0.234 -0.082 -0.010 -0.023 -0.189 -0.240 -0.136 -0.032  0.137  0.344  0.306  0.061 -0.047 -0.189 -0.264 -0.223 -0.195 -0.177 -0.084 -0.040  0.101  0.152  0.154
  0.617  0.486  0.400  0.141 -0.128 -0.242 -0.268 -0.240 -0.214 -0.214 -0.188 -0.084  0.058  0.304  0.474  0.749  1.000  0.762  0.451  0.367  0.455  0.141 -0.019 -0.037 -0.003 -0.100 -0.177 -0.165 -0.204 -0.262 -0.263 -0.244 -0.187 -0.157 -0.184 -0.174 -0.260 -0.314 -0.256 -0.245 -0.277 -0.294 -0.309 -0.358 -0.311 -0.220 -0.248 -0.241 -0.309 -0.288 -0.253 -0.150 -0.093 -0.076  0.104  0.145  0.131 -0.032 -0.128 -0.045  0.025  0.158  0.324  0.217  0.055 -0.097 -0.244 -0.349 -0.322 -0.276 -0.224 -0.126  0.019  0.166  0.241  0.242
  0.590  0.428  0.297  0.012 -0.267 -0.374 -0.384 -0.318 -0.301 -0.325 -0.317 -0.239 -0.123  0.112  0.245  0.493  0.762  1.000  0.700  0.570  0.558  0.198 -0.040 -0.095 -0.014 -0.159 -0.299 -0.273 -0.309 -0.386 -0.382 -0.343 -0.290 -0.273 -0.299 -0.285 -0.333 -0.373 -0.299 -0.291 -0.367 -0.351 -0.376 -0.407 -0.343 -0.237 -0.266 -0.296 -0.357 -0.329 -0.281 -0.194 -0.075  0.004  0.243  0.313  0.355  0.179  0.057  0.159  0.167  0.244  0.350  0.210  0.079 -0.140 -0.287 -0.421 -0.423 -0.356 -0.257 -0.145  0.126  0.271  0.404  0.384
  0.404  0.258  0.146 -0.110 -0.342 -0.411 -0.421 -0.343 -0.326 -0.367 -0.377 -0.324 -0.257 -0.063  0.025  0.257  0.451  0.700  1.000  0.715  0.510  0.167 -0.069 -0.147 -0.088 -0.227 -0.358 -0.332 -0.356 -0.426 -0.406 -0.363 -0.330 -0.314 -0.324 -0.308 -0.300 -0.354 -0.283 -0.270 -0.385 -0.354 -0.409 -0.410 -0.319 -0.206 -0.232 -0.300 -0.345 -0.310 -0.250 -0.205 -0.045  0.095  0.383  0.526  0.583  0.386  0.254  0.358  0.321  0.307  0.293  0.157  0.124 -0.117 -0.277 -0.419 -0.450 -0.361 -0.237 -0.133  0.175  0.342  0.454  0.412
  0.271  0.116  0.022 -0.239 -0.362 -0.427 -0.407 -0.317 -0.319 -0.369 -0.403 -0.384 -0.306 -0.173 -0.037  0.172  0.367  0.570  0.715  1.000  0.758  0.423  0.147  0.033  0.065 -0.094 -0.237 -0.232 -0.293 -0.368 -0.364 -0.347 -0.312 -0.301 -0.310 -0.279 -0.282 -0.312 -0.230 -0.253 -0.342 -0.306 -0.342 -0.365 -0.301 -0.200 -0.222 -0.283 -0.292 -0.210 -0.097 -0.015  0.157  0.308  0.558  0.530  0.588  0.450  0.271  0.324  0.246  0.177  0.141 -0.011 -0.015 -0.229 -0.278 -0.393 -0.387 -0.321 -0.207 -0.146  0.182  0.230  0.378  0.355
  0.228  0.070 -0.014 -0.249 -0.313 -0.356 -0.313 -0.219 -0.234 -0.273 -0.317 -0.309 -0.217 -0.121  0.030  0.229  0.455  0.558  0.510  0.758  1.000  0.712  0.406  0.295  0.334  0.122 -0.036 -0.043 -0.151 -0.245 -0.265 -0.276 -0.240 -0.228 -0.240 -0.200 -0.231 -0.237 -0.178 -0.207 -0.249 -0.249 -0.251 -0.295 -0.268 -0.184 -0.199 -0.213 -0.197 -0.087  0.047  0.195  0.315  0.416  0.582  0.441  0.385  0.285  0.087  0.092  0.058  0.021  0.033 -0.102 -0.145 -0.288 -0.288 -0.334 -0.291 -0.248 -0.177 -0.138  0.092  0.075  0.188  0.185
 -0.065 -0.204 -0.251 -0.373 -0.247 -0.229 -0.142 -0.047 -0.093 -0.136 -0.211 -0.272 -0.222 -0.254 -0.116 -0.009  0.141  0.198  0.167  0.423  0.712  1.000  0.748  0.612  0.616  0.420  0.241  0.196  0.066 -0.029 -0.078 -0.127 -0.122 -0.124 -0.124 -0.073 -0.085 -0.028 -0.025 -0.065 -0.064 -0.063 -0.026 -0.080 -0.122 -0.099 -0.081 -0.065  0.041  0.205  0.382  0.548  0.600  0.647  0.589  0.325  0.204  0.251  0.067 -0.033 -0.092 -0.188 -0.230 -0.327 -0.326 -0.345 -0.209 -0.149 -0.074 -0.071 -0.043 -0.082  0.032 -0.152 -0.096 -0.067
 -0.234 -0.319 -0.312 -0.341 -0.134 -0.090 -0.000  0.046  0.014 -0.005 -0.065 -0.137 -0.107 -0.203 -0.119 -0.108 -0.019 -0.040 -0.069  0.147  0.406  0.748  1.000  0.801  0.650  0.557  0.499  0.401  0.219  0.143  0.104  0.020 -0.014 -0.016  0.004  0.053  0.068  0.150  0.116  0.050  0.098  0.078  0.148  0.076  0.000 -0.014  0.021  0.063  0.226  0.391  0.538  0.692  0.592  0.549  0.382  0.144 -0.021  0.086 -0.014 -0.161 -0.208 -0.308 -0.359 -0.409 -0.378 -0.303 -0.134  0.005  0.080  0.047  0.025 -0.058 -0.086 -0.296 -0.296 -0.254
 -0.286 -0.351 -0.322 -0.279 -0.028  0.023  0.101  0.138  0.091  0.082  0.026 -0.043 -0.015 -0.135 -0.082 -0.115 -0.037 -0.095 -0.147  0.033  0.295  0.612  0.801  1.000  0.783  0.552  0.614  0.562  0.335  0.263  0.234  0.141  0.098  0.089  0.115  0.146  0.119  0.188  0.134  0.086  0.175  0.118  0.180  0.142  0.058  0.039  0.066  0.126  0.261  0.390  0.535  0.719  0.602  0.449  0.262  0.015 -0.159 -0.047 -0.119 -0.275 -0.290 -0.366 -0.401 -0.430 -0.393 -0.253 -0.063  0.097  0.175  0.116  0.057 -0.060 -0.202 -0.376 -0.411 -0.363
 -0.182 -0.245 -0.287 -0.245 -0.055 -0.008  0.065  0.130  0.080  0.057 -0.008 -0.054 -0.027 -0.108 -0.050 -0.048 -0.003 -0.014 -0.088  0.065  0.334  0.616  0.650  0.783  1.000  0.732  0.551  0.571  0.436  0.276  0.197  0.144  0.109  0.078  0.083  0.098  0.049  0.106  0.052  0.047  0.124  0.075  0.114  0.061 -0.018 -0.028 -0.018  0.026  0.133  0.240  0.353  0.536  0.444  0.321  0.204 -0.001 -0.147 -0.090 -0.173 -0.278 -0.281 -0.319 -0.318 -0.336 -0.365 -0.249 -0.103  0.030  0.112  0.073  0.037 -0.030 -0.136 -0.291 -0.321 -0.278
 -0.228 -0.232 -0.251 -0.185  0.001  0.032  0.101  0.123  0.106  0.096  0.047  0.009  0.029 -0.063  0.002 -0.071 -0.100 -0.159 -0.227 -0.094  0.122  0.420  0.557  0.552  0.732  1.000  0.720  0.579  0.565  0.453  0.301  0.239  0.205  0.166  0.159  0.167  0.122  0.191  0.119  0.077  0.169  0.141  0.184  0.099  0.004 -0.029 -0.008  0.016  0.131  0.193  0.244  0.386  0.281  0.157  0.010 -0.140 -0.244 -0.179 -0.220 -0.301 -0.316 -0.343 -0.341 -0.305 -0.333 -0.197 -0.068  0.063  0.137  0.092  0.036 -0.007 -0.121 -0.302 -0.326 -0.280
 -0.379 -0.344 -0.296 -0.161  0.118  0.163  0.243  0.229  0.202  0.214  0.168  0.099  0.118 -0.049 -0.004 -0.138 -0.177 -0.299 -0.358 -0.237 -0.036  0.241  0.499  0.614  0.551  0.720  1.000  0.808  0.594  0.621  0.574  0.411  0.340  0.356  0.389  0.410  0.361  0.423  0.325  0.219  0.365  0.273  0.315  0.249  0.113  0.072  0.110  0.138  0.279  0.292  0.340  0.462  0.309  0.127 -0.067 -0.240 -0.367 -0.257 -0.265 -0.394 -0.402 -0.439 -0.452 -0.393 -0.371 -0.151  0.039  0.232  0.307  0.232  0.117 -0.003 -0.296 -0.487 -0.568 -0.511
 -0.349 -0.307 -0.267 -0.136  0.139  0.169  0.249  0.217  0.181  0.208  0.183  0.109  0.146 -0.024  0.016 -0.122 -0.165 -0.273 -0.332 -0.232 -0.043  0.196  0.401  0.562  0.571  0.579  0.808  1.000  0.749  0.633  0.663  0.574  0.452  0.416  0.459  0.422  0.320  0.339  0.254  0.211  0.351  0.246  0.264  0.203  0.062  0.042  0.071  0.097  0.221  0.237  0.298  0.401  0.270  0.100 -0.070 -0.233 -0.350 -0.254 -0.266 -0.386 -0.387 -0.422 -0.427 -0.373 -0.368 -0.159  0.031  0.205  0.299  0.228  0.125  0.006 -0.311 -0.483 -0.564 -0.508
 -0.308 -0.245 -0.219 -0.074  0.170  0.190  0.218  0.169  0.162  0.195  0.199  0.159  0.166  0.006  0.017 -0.131 -0.204 -0.309 -0.356 -0.293 -0.151  0.066  0.219  0.335  0.436  0.565  0.594  0.749  1.000  0.798  0.634  0.694  0.637  0.504  0.463  0.359  0.200  0.211  0.108  0.115  0.274  0.176  0.192  0.124  0.002 -0.025 -0.006  0.020  0.112  0.121  0.160  0.240  0.130 -0.018 -0.172 -0.288 -0.367 -0.285 -0.277 -0.360 -0.365 -0.395 -0.378 -0.296 -0.300 -0.104  0.039  0.161  0.230  0.158  0.077  0.011 -0.262 -0.362 -0.435 -0.375
 -0.387 -0.305 -0.233 -0.058  0.221  0.262  0.284  0.227  0.216  0.250  0.258  0.201  0.186 -0.005  0.010 -0.177 -0.262 -0.386 -0.426 -0.368 -0.245 -0.029  0.143  0.263  0.276  0.453  0.621  0.633  0.798  1.000  0.828  0.731  0.725  0.694  0.645  0.588  0.393  0.373  0.277  0.227  0.405  0.263  0.252  0.192  0.057  0.021  0.049  0.071  0.173  0.125  0.148  0.212  0.094 -0.066 -0.241 -0.353 -0.421 -0.319 -0.291 -0.384 -0.396 -0.426 -0.420 -0.322 -0.283 -0.059  0.096  0.250  0.315  0.259  0.141  0.044 -0.341 -0.432 -0.561 -0.508
 -0.394 -0.314 -0.232 -0.064  0.205  0.252  0.299  0.239  0.217  0.254  0.263  0.181  0.176 -0.015  0.002 -0.189 -0.263 -0.382 -0.406 -0.364 -0.265 -0.078  0.104  0.234  0.197  0.301  0.574  0.663  0.634  0.828  1.000  0.827  0.702  0.730  0.769  0.709  0.543  0.472  0.393  0.313  0.450  0.300  0.263  0.217  0.077  0.061  0.093  0.104  0.201  0.144  0.163  0.199  0.077 -0.067 -0.230 -0.326 -0.388 -0.286 -0.251 -0.348 -0.357 -0.394 -0.409 -0.321 -0.273 -0.059  0.091  0.261  0.336  0.296  0.168  0.043 -0.392 -0.488 -0.627 -0.586
 -0.329 -0.251 -0.195 -0.037  0.194  0.222  0.254  0.186  0.181  0.229  0.259  0.186  0.187  0.002  0.002 -0.166 -0.244 -0.343 -0.363 -0.347 -0.276 -0.127  0.020  0.141  0.144  0.239  0.411  0.574  0.694  0.731  0.827  1.000  0.849  0.715  0.708  0.532  0.311  0.270  0.181  0.180  0.334  0.197  0.184  0.153  0.032  0.027  0.044  0.064  0.125  0.085  0.093  0.118  0.014 -0.109 -0.240 -0.308 -0.352 -0.270 -0.233 -0.308 -0.316 -0.346 -0.344 -0.259 -0.232 -0.053  0.075  0.195  0.252  0.195  0.105  0.018 -0.339 -0.383 -0.481 -0.440
 -0.265 -0.184 -0.137  0.002  0.205  0.225  0.225  0.158  0.165  0.215  0.260  0.208  0.203  0.044  0.065 -0.095 -0.187 -0.290 -0.330 -0.312 -0.240 -0.122 -0.014  0.098  0.109  0.205  0.340  0.452  0.637  0.725  0.702  0.849  1.000  0.840  0.699  0.536  0.212  0.184  0.101  0.108  0.296  0.143  0.132  0.097 -0.018 -0.034 -0.023  0.017  0.085  0.035  0.043  0.084 -0.010 -0.128 -0.239 -0.304 -0.345 -0.278 -0.249 -0.309 -0.309 -0.324 -0.301 -0.213 -0.202 -0.038  0.072  0.158  0.210  0.162  0.076  0.005 -0.328 -0.340 -0.424 -0.389
 -0.256 -0.160 -0.112  0.006  0.178  0.210  0.210  0.149  0.156  0.196  0.239  0.204  0.193  0.066  0.104 -0.067 -0.157 -0.273 -0.314 -0.301 -0.228 -0.124 -0.016  0.089  0.078  0.166  0.356  0.416  0.504  0.694  0.730  0.715  0.840  1.000  0.878  0.765  0.423  0.325  0.263  0.201  0.363  0.185  0.150  0.107 -0.007 -0.020 -0.016  0.013  0.096  0.030  0.038  0.078 -0.028 -0.148 -0.252 -0.308 -0.347 -0.292 -0.262 -0.313 -0.307 -0.316 -0.287 -0.197 -0.188 -0.031  0.058  0.164  0.220  0.215  0.107  0.018 -0.379 -0.387 -0.506 -0.465
 -0.288 -0.202 -0.153 -0.034  0.154  0.193  0.228  0.178  0.162  0.195  0.218  0.166  0.165  0.030  0.059 -0.108 -0.184 -0.299 -0.324 -0.310 -0.240 -0.124  0.004  0.115  0.083  0.159  0.389  0.459  0.463  0.645  0.769  0.708  0.699  0.878  1.000  0.876  0.596  0.437  0.375  0.307  0.422  0.248  0.189  0.152  0.034  0.031  0.044  0.054  0.139  0.065  0.074  0.107 -0.008 -0.131 -0.244 -0.303 -0.345 -0.280 -0.247 -0.308 -0.308 -0.317 -0.307 -0.231 -0.207 -0.049  0.054  0.197  0.260  0.275  0.165  0.052 -0.386 -0.436 -0.573 -0.534
 -0.288 -0.221 -0.174 -0.091  0.096  0.147  0.195  0.174  0.143  0.146  0.135  0.089  0.087 -0.022  0.027 -0.115 -0.174 -0.285 -0.308 -0.279 -0.200 -0.073  0.053  0.146  0.098  0.167  0.410  0.422  0.359  0.588  0.709  0.532  0.536  0.765  0.876  1.000  0.756  0.546  0.489  0.406  0.467  0.311  0.229  0.175  0.060  0.044  0.059  0.064  0.176  0.106  0.112  0.140  0.030 -0.086 -0.202 -0.274 -0.319 -0.248 -0.223 -0.293 -0.302 -0.311 -0.313 -0.260 -0.229 -0.076  0.037  0.201  0.272  0.326  0.210  0.101 -0.315 -0.433 -0.597 -0.557
 -0.312 -0.259 -0.208 -0.113  0.058  0.133  0.188  0.183  0.155  0.144  0.108  0.053  0.019 -0.089 -0.088 -0.215 -0.260 -0.333 -0.300 -0.282 -0.231 -0.085  0.068  0.119  0.049  0.122  0.361  0.320  0.200  0.393  0.543  0.311  0.212  0.423  0.596  0.756  1.000  0.780  0.615  0.491  0.434  0.354  0.266  0.216  0.119  0.104  0.127  0.103  0.213  0.141  0.144  0.135  0.034 -0.044 -0.162 -0.219 -0.257 -0.174 -0.136 -0.210 -0.234 -0.262 -0.292 -0.239 -0.179 -0.032  0.061  0.236  0.273  0.319  0.222  0.135 -0.194 -0.390 -0.554 -0.509
 -0.380 -0.335 -0.258 -0.138  0.085  0.172  0.256  0.239  0.204  0.204  0.175  0.069  0.038 -0.109 -0.114 -0.266 -0.314 -0.373 -0.354 -0.312 -0.237 -0.028  0.150  0.188  0.106  0.191  0.423  0.339  0.211  0.373  0.472  0.270  0.184  0.325  0.437  0.546  0.780  1.000  0.771  0.478  0.499  0.448  0.378  0.284  0.139  0.107  0.157  0.141  0.282  0.225  0.219  0.206  0.093  0.019 -0.144 -0.236 -0.285 -0.174 -0.137 -0.240 -0.279 -0.348 -0.389 -0.313 -0.244 -0.067  0.068  0.279  0.340  0.345  0.241  0.118 -0.173 -0.453 -0.572 -0.509
 -0.333 -0.303 -0.247 -0.143  0.067  0.135  0.232  0.216  0.159  0.158  0.127  0.014  0.001 -0.133 -0.109 -0.229 -0.256 -0.299 -0.283 -0.230 -0.178 -0.025  0.116  0.134  0.052  0.119  0.325  0.254  0.108  0.277  0.393  0.181  0.101  0.263  0.375  0.489  0.615  0.771  1.000  0.657  0.611  0.564  0.423  0.275  0.103  0.072  0.133  0.100  0.247  0.212  0.189  0.151  0.075  0.033 -0.106 -0.189 -0.219 -0.120 -0.096 -0.190 -0.243 -0.329 -0.352 -0.297 -0.246 -0.092  0.055  0.257  0.360  0.436  0.374  0.232 -0.098 -0.388 -0.543 -0.528
 -0.283 -0.240 -0.249 -0.108  0.094  0.172  0.262  0.236  0.161  0.161  0.145  0.048  0.009 -0.113 -0.116 -0.192 -0.245 -0.291 -0.270 -0.253 -0.207 -0.065  0.050  0.086  0.047  0.077  0.219  0.211  0.115  0.227  0.313  0.180  0.108  0.201  0.307  0.406  0.491  0.478  0.657  1.000  0.745  0.639  0.440  0.284  0.101  0.049  0.096  0.101  0.230  0.183  0.128  0.087  0.027 -0.025 -0.150 -0.203 -0.241 -0.158 -0.114 -0.206 -0.218 -0.292 -0.306 -0.250 -0.227 -0.082  0.080  0.270  0.418  0.563  0.620  0.610  0.143 -0.261 -0.564 -0.606
 -0.380 -0.314 -0.278 -0.074  0.213  0.307  0.393  0.345  0.251  0.268  0.253  0.152  0.113 -0.064 -0.061 -0.195 -0.277 -0.367 -0.385 -0.342 -0.249 -0.064  0.098  0.175  0.124  0.169  0.365  0.351  0.274  0.405  0.450  0.334  0.296  0.363  0.422  0.467  0.434  0.499  0.611  0.745  1.000  0.760  0.579  0.404  0.152  0.047  0.127  0.167  0.309  0.244  0.179  0.164  0.053 -0.045 -0.212 -0.307 -0.364 -0.259 -0.214 -0.326 -0.343 -0.409 -0.417 -0.317 -0.284 -0.065  0.155  0.417  0.592  0.655  0.609  0.430 -0.160 -0.386 -0.650 -0.682
 -0.360 -0.312 -0.292 -0.112  0.185  0.261  0.370  0.325  0.237  0.250  0.213  0.097  0.074 -0.103 -0.123 -0.225 -0.294 -0.351 -0.354 -0.306 -0.249 -0.063  0.078  0.118  0.075  0.141  0.273  0.246  0.176  0.263  0.300  0.197  0.143  0.185  0.248  0.311  0.354  0.448  0.564  0.639  0.760  1.000  0.759  0.486  0.192  0.032  0.100  0.127  0.325  0.298  0.205  0.134  0.048 -0.010 -0.173 -0.268 -0.293 -0.186 -0.145 -0.254 -0.305 -0.383 -0.408 -0.331 -0.304 -0.103  0.145  0.418  0.622  0.719  0.579  0.464 -0.015 -0.370 -0.557 -0.575
 -0.386 -0.327 -0.286 -0.091  0.218  0.284  0.381  0.344  0.237  0.256  0.229  0.128  0.108 -0.085 -0.112 -0.244 -0.309 -0.376 -0.409 -0.342 -0.251 -0.026  0.148  0.180  0.114  0.184  0.315  0.264  0.192  0.252  0.263  0.184  0.132  0.150  0.189  0.229  0.266  0.378  0.423  0.440  0.579  0.759  1.000  0.736  0.377  0.098  0.187  0.226  0.463  0.432  0.311  0.232  0.108  0.026 -0.180 -0.306 -0.351 -0.222 -0.176 -0.307 -0.346 -0.412 -0.426 -0.336 -0.298 -0.056  0.241  0.539  0.622  0.557  0.378  0.242 -0.109 -0.383 -0.522 -0.517
 -0.404 -0.342 -0.285 -0.079  0.197  0.282  0.351  0.321  0.214  0.227  0.201  0.109  0.063 -0.129 -0.170 -0.302 -0.358 -0.407 -0.410 -0.365 -0.295 -0.080  0.076  0.142  0.061  0.099  0.249  0.203  0.124  0.192  0.217  0.153  0.097  0.107  0.152  0.175  0.216  0.284  0.275  0.284  0.404  0.486  0.736  1.000  0.687  0.325  0.427  0.468  0.550  0.396  0.280  0.211  0.102  0.002 -0.205 -0.315 -0.351 -0.230 -0.175 -0.286 -0.295 -0.330 -0.369 -0.278 -0.221  0.019  0.303  0.593  0.539  0.423  0.259  0.106 -0.163 -0.336 -0.441 -0.438
 -0.311 -0.270 -0.232 -0.080  0.085  0.147  0.177  0.182  0.111  0.113  0.086  0.040 -0.002 -0.124 -0.197 -0.277 -0.311 -0.343 -0.319 -0.301 -0.268 -0.122  0.000  0.058 -0.018  0.004  0.113  0.062  0.002  0.057  0.077  0.032 -0.018 -0.007  0.034  0.060  0.119  0.139  0.103  0.101  0.152  0.192  0.377  0.687  1.000  0.630  0.486  0.482  0.362  0.307  0.209  0.126  0.023 -0.046 -0.198 -0.254 -0.283 -0.199 -0.136 -0.201 -0.180 -0.157 -0.220 -0.174 -0.104  0.082  0.245  0.378  0.282  0.167  0.066 -0.017 -0.109 -0.159 -0.210 -0.202
 -0.230 -0.212 -0.195 -0.116 -0.016  0.027  0.073  0.079  0.047  0.059  0.037 -0.019 -0.033 -0.128 -0.164 -0.214 -0.220 -0.237 -0.206 -0.200 -0.184 -0.099 -0.014  0.039 -0.028 -0.029  0.072  0.042 -0.025  0.021  0.061  0.027 -0.034 -0.020  0.031  0.044  0.104  0.107  0.072  0.049  0.047  0.032  0.098  0.325  0.630  1.000  0.700  0.468  0.237  0.142  0.116  0.084  0.024 -0.041 -0.137 -0.172 -0.190 -0.145 -0.116 -0.145 -0.132 -0.105 -0.168 -0.160 -0.140 -0.057  0.050  0.152  0.099  0.021 -0.012 -0.070 -0.085 -0.136 -0.122 -0.111
 -0.277 -0.256 -0.219 -0.143  0.004  0.050  0.104  0.092  0.048  0.068  0.061 -0.011 -0.029 -0.147 -0.166 -0.238 -0.248 -0.266 -0.232 -0.222 -0.199 -0.081  0.021  0.066 -0.018 -0.008  0.110  0.071 -0.006  0.049  0.093  0.044 -0.023 -0.016  0.044  0.059  0.127  0.157  0.133  0.096  0.127  0.100  0.187  0.427  0.486  0.700  1.000  0.679  0.413  0.181  0.125  0.124  0.068  0.002 -0.116 -0.170 -0.189 -0.124 -0.097 -0.144 -0.149 -0.145 -0.218 -0.195 -0.180 -0.101  0.034  0.190  0.159  0.074  0.034 -0.056 -0.116 -0.184 -0.191 -0.185
 -0.298 -0.264 -0.222 -0.090  0.064  0.121  0.157  0.129  0.135  0.160  0.166  0.103  0.069 -0.060 -0.114 -0.197 -0.241 -0.296 -0.300 -0.283 -0.213 -0.065  0.063  0.126  0.026  0.016  0.138  0.097  0.020  0.071  0.104  0.064  0.017  0.013  0.054  0.064  0.103  0.141  0.100  0.101  0.167  0.127  0.226  0.468  0.482  0.468  0.679  1.000  0.666  0.352  0.181  0.186  0.071 -0.022 -0.162 -0.231 -0.287 -0.216 -0.163 -0.231 -0.218 -0.210 -0.260 -0.212 -0.205 -0.073  0.035  0.185  0.194  0.125  0.060 -0.026 -0.137 -0.197 -0.237 -0.249
 -0.400 -0.354 -0.278 -0.151  0.092  0.158  0.221  0.198  0.161  0.178  0.163  0.073  0.038 -0.135 -0.143 -0.269 -0.309 -0.357 -0.345 -0.292 -0.197  0.041  0.226  0.261  0.133  0.131  0.279  0.221  0.112  0.173  0.201  0.125  0.085  0.096  0.139  0.176  0.213  0.282  0.247  0.230  0.309  0.325  0.463  0.550  0.362  0.237  0.413  0.666  1.000  0.659  0.409  0.355  0.201  0.129 -0.080 -0.199 -0.275 -0.133 -0.069 -0.205 -0.238 -0.317 -0.382 -0.330 -0.290 -0.106  0.087  0.295  0.330  0.273  0.167  0.043 -0.133 -0.332 -0.419 -0.406
 -0.383 -0.395 -0.324 -0.237  0.016  0.085  0.149  0.167  0.110  0.106  0.069 -0.021 -0.057 -0.216 -0.228 -0.292 -0.288 -0.329 -0.310 -0.210 -0.087  0.205  0.391  0.390  0.240  0.193  0.292  0.237  0.121  0.125  0.144  0.085  0.035  0.030  0.065  0.106  0.141  0.225  0.212  0.183  0.244  0.298  0.432  0.396  0.307  0.142  0.181  0.352  0.659  1.000  0.759  0.572  0.347  0.318  0.068 -0.097 -0.202 -0.016  0.043 -0.150 -0.203 -0.322 -0.414 -0.402 -0.323 -0.131  0.075  0.220  0.276  0.229  0.146  0.033 -0.084 -0.281 -0.358 -0.338
 -0.404 -0.457 -0.361 -0.302 -0.008  0.063  0.132  0.157  0.093  0.078  0.024 -0.077 -0.110 -0.286 -0.269 -0.314 -0.253 -0.281 -0.250 -0.097  0.047  0.382  0.538  0.535  0.353  0.244  0.340  0.298  0.160  0.148  0.163  0.093  0.043  0.038  0.074  0.112  0.144  0.219  0.189  0.128  0.179  0.205  0.311  0.280  0.209  0.116  0.125  0.181  0.409  0.759  1.000  0.803  0.613  0.568  0.276  0.040 -0.087  0.145  0.142 -0.089 -0.165 -0.332 -0.448 -0.472 -0.339 -0.162  0.075  0.203  0.242  0.180  0.119 -0.024 -0.110 -0.320 -0.388 -0.350
 -0.365 -0.431 -0.356 -0.317 -0.028  0.033  0.107  0.140  0.084  0.071  0.020 -0.071 -0.069 -0.236 -0.187 -0.227 -0.150 -0.194 -0.205 -0.015  0.195  0.548  0.692  0.719  0.536  0.386  0.462  0.401  0.240  0.212  0.199  0.118  0.084  0.078  0.107  0.140  0.135  0.206  0.151  0.087  0.164  0.134  0.232  0.211  0.126  0.084  0.124  0.186  0.355  0.572  0.803  1.000  0.768  0.614  0.330  0.048 -0.117  0.079  0.008 -0.208 -0.255 -0.378 -0.461 -0.482 -0.390 -0.231 -0.001  0.143  0.199  0.133  0.078 -0.060 -0.162 -0.372 -0.415 -0.364
 -0.296 -0.392 -0.333 -0.371 -0.124 -0.087 -0.001  0.055 -0.012 -0.042 -0.106 -0.203 -0.193 -0.323 -0.220 -0.220 -0.093 -0.075 -0.045  0.157  0.315  0.600  0.592  0.602  0.444  0.281  0.309  0.270  0.130  0.094  0.077  0.014 -0.010 -0.028 -0.008  0.030  0.034  0.093  0.075  0.027  0.053  0.048  0.108  0.102  0.023  0.024  0.068  0.071  0.201  0.347  0.613  0.768  1.000  0.792  0.525  0.238  0.120  0.288  0.147 -0.038 -0.114 -0.258 -0.362 -0.432 -0.333 -0.273 -0.054  0.036  0.089  0.051  0.050 -0.068 -0.051 -0.262 -0.259 -0.223
 -0.238 -0.367 -0.329 -0.423 -0.232 -0.196 -0.108 -0.031 -0.092 -0.134 -0.204 -0.307 -0.302 -0.407 -0.297 -0.234 -0.076  0.004  0.095  0.308  0.416  0.647  0.549  0.449  0.321  0.157  0.127  0.100 -0.018 -0.066 -0.067 -0.109 -0.128 -0.148 -0.131 -0.086 -0.044  0.019  0.033 -0.025 -0.045 -0.010  0.026  0.002 -0.046 -0.041  0.002 -0.022  0.129  0.318  0.568  0.614  0.792  1.000  0.758  0.452  0.341  0.517  0.333  0.145  0.030 -0.153 -0.285 -0.386 -0.278 -0.294 -0.114 -0.069 -0.022 -0.029  0.010 -0.080  0.066 -0.130 -0.106 -0.090
 -0.041 -0.188 -0.201 -0.382 -0.329 -0.327 -0.274 -0.186 -0.209 -0.256 -0.313 -0.371 -0.339 -0.351 -0.226 -0.082  0.104  0.243  0.383  0.558  0.582  0.589  0.382  0.262  0.204  0.010 -0.067 -0.070 -0.172 -0.241 -0.230 -0.240 -0.239 -0.252 -0.244 -0.202 -0.162 -0.144 -0.106 -0.150 -0.212 -0.173 -0.180 -0.205 -0.198 -0.137 -0.116 -0.162 -0.080  0.068  0.276  0.330  0.525  0.758  1.000  0.746  0.612  0.657  0.433  0.335  0.224  0.037 -0.086 -0.223 -0.146 -0.281 -0.219 -0.253 -0.224 -0.189 -0.103 -0.123  0.114  0.027  0.128  0.127
  0.100 -0.008 -0.054 -0.261 -0.359 -0.370 -0.361 -0.277 -0.266 -0.307 -0.335 -0.346 -0.324 -0.252 -0.170 -0.010  0.145  0.313  0.526  0.530  0.441  0.325  0.144  0.015 -0.001 -0.140 -0.240 -0.233 -0.288 -0.353 -0.326 -0.308 -0.304 -0.308 -0.303 -0.274 -0.219 -0.236 -0.189 -0.203 -0.307 -0.268 -0.306 -0.315 -0.254 -0.172 -0.170 -0.231 -0.199 -0.097  0.040  0.048  0.238  0.452  0.746  1.000  0.781  0.656  0.560  0.550  0.498  0.258  0.128 -0.020  0.026 -0.183 -0.253 -0.342 -0.357 -0.284 -0.171 -0.125  0.145  0.188  0.291  0.262
  0.153  0.039 -0.012 -0.252 -0.397 -0.433 -0.417 -0.342 -0.325 -0.375 -0.404 -0.412 -0.389 -0.289 -0.195 -0.023  0.131  0.355  0.583  0.588  0.385  0.204 -0.021 -0.159 -0.147 -0.244 -0.367 -0.350 -0.367 -0.421 -0.388 -0.352 -0.345 -0.347 -0.345 -0.319 -0.257 -0.285 -0.219 -0.241 -0.364 -0.293 -0.351 -0.351 -0.283 -0.190 -0.189 -0.287 -0.275 -0.202 -0.087 -0.117  0.120  0.341  0.612  0.781  1.000  0.820  0.636  0.691  0.521  0.336  0.216  0.057  0.106 -0.152 -0.247 -0.378 -0.408 -0.324 -0.183 -0.127  0.226  0.277  0.428  0.392
 -0.024 -0.142 -0.127 -0.315 -0.355 -0.360 -0.321 -0.256 -0.260 -0.313 -0.357 -0.405 -0.412 -0.394 -0.311 -0.189 -0.032  0.179  0.386  0.450  0.285  0.251  0.086 -0.047 -0.090 -0.179 -0.257 -0.254 -0.285 -0.319 -0.286 -0.270 -0.278 -0.292 -0.280 -0.248 -0.174 -0.174 -0.120 -0.158 -0.259 -0.186 -0.222 -0.230 -0.199 -0.145 -0.124 -0.216 -0.133 -0.016  0.145  0.079  0.288  0.517  0.657  0.656  0.820  1.000  0.803  0.674  0.437  0.221  0.066 -0.080  0.024 -0.171 -0.180 -0.269 -0.279 -0.221 -0.098 -0.102  0.202  0.167  0.275  0.249
 -0.054 -0.111 -0.073 -0.219 -0.294 -0.288 -0.272 -0.223 -0.219 -0.261 -0.286 -0.319 -0.352 -0.326 -0.298 -0.240 -0.128  0.057  0.254  0.271  0.087  0.067 -0.014 -0.119 -0.173 -0.220 -0.265 -0.266 -0.277 -0.291 -0.251 -0.233 -0.249 -0.262 -0.247 -0.223 -0.136 -0.137 -0.096 -0.114 -0.214 -0.145 -0.176 -0.175 -0.136 -0.116 -0.097 -0.163 -0.069  0.043  0.142  0.008  0.147  0.333  0.433  0.560  0.636  0.803  1.000  0.775  0.597  0.305  0.130 -0.006  0.099 -0.081 -0.123 -0.212 -0.243 -0.176 -0.070 -0.068  0.175  0.175  0.236  0.203
  0.104  0.056  0.044 -0.148 -0.327 -0.347 -0.368 -0.314 -0.287 -0.329 -0.339 -0.329 -0.348 -0.251 -0.229 -0.136 -0.045  0.159  0.358  0.324  0.092 -0.033 -0.161 -0.275 -0.278 -0.301 -0.394 -0.386 -0.360 -0.384 -0.348 -0.308 -0.309 -0.313 -0.308 -0.293 -0.210 -0.240 -0.190 -0.206 -0.326 -0.254 -0.307 -0.286 -0.201 -0.145 -0.144 -0.231 -0.205 -0.150 -0.089 -0.208 -0.038  0.145  0.335  0.550  0.691  0.674  0.775  1.000  0.767  0.484  0.310  0.157  0.227 -0.022 -0.160 -0.306 -0.366 -0.295 -0.171 -0.117  0.204  0.308  0.418  0.375
  0.196  0.190  0.163 -0.049 -0.293 -0.329 -0.376 -0.323 -0.293 -0.331 -0.331 -0.286 -0.299 -0.146 -0.121 -0.032  0.025  0.167  0.321  0.246  0.058 -0.092 -0.208 -0.290 -0.281 -0.316 -0.402 -0.387 -0.365 -0.396 -0.357 -0.316 -0.309 -0.307 -0.308 -0.302 -0.234 -0.279 -0.243 -0.218 -0.343 -0.305 -0.346 -0.295 -0.180 -0.132 -0.149 -0.218 -0.238 -0.203 -0.165 -0.255 -0.114  0.030  0.224  0.498  0.521  0.437  0.597  0.767  1.000  0.718  0.487  0.305  0.366  0.068 -0.119 -0.288 -0.385 -0.311 -0.187 -0.105  0.185  0.329  0.420  0.374
  0.395  0.371  0.296  0.052 -0.286 -0.348 -0.393 -0.331 -0.303 -0.345 -0.354 -0.264 -0.257 -0.029 -0.001  0.137  0.158  0.244  0.307  0.177  0.021 -0.188 -0.308 -0.366 -0.319 -0.343 -0.439 -0.422 -0.395 -0.426 -0.394 -0.346 -0.324 -0.316 -0.317 -0.311 -0.262 -0.348 -0.329 -0.292 -0.409 -0.383 -0.412 -0.330 -0.157 -0.105 -0.145 -0.210 -0.317 -0.322 -0.332 -0.378 -0.258 -0.153  0.037  0.258  0.336  0.221  0.305  0.484  0.718  1.000  0.741  0.493  0.494  0.147 -0.121 -0.316 -0.431 -0.369 -0.258 -0.152  0.180  0.383  0.513  0.487
  0.577  0.581  0.454  0.197 -0.233 -0.323 -0.386 -0.345 -0.301 -0.333 -0.320 -0.199 -0.171  0.114  0.170  0.344  0.324  0.350  0.293  0.141  0.033 -0.230 -0.359 -0.401 -0.318 -0.341 -0.452 -0.427 -0.378 -0.420 -0.409 -0.344 -0.301 -0.287 -0.307 -0.313 -0.292 -0.389 -0.352 -0.306 -0.417 -0.408 -0.426 -0.369 -0.220 -0.168 -0.218 -0.260 -0.382 -0.414 -0.448 -0.461 -0.362 -0.285 -0.086  0.128  0.216  0.066  0.130  0.310  0.487  0.741  1.000  0.768  0.569  0.224 -0.109 -0.312 -0.444 -0.379 -0.273 -0.128  0.179  0.398  0.528  0.498
  0.471  0.603  0.502  0.400 -0.049 -0.142 -0.256 -0.259 -0.226 -0.235 -0.179 -0.034 -0.028  0.250  0.248  0.306  0.217  0.210  0.157 -0.011 -0.102 -0.327 -0.409 -0.430 -0.336 -0.305 -0.393 -0.373 -0.296 -0.322 -0.321 -0.259 -0.213 -0.197 -0.231 -0.260 -0.239 -0.313 -0.297 -0.250 -0.317 -0.331 -0.336 -0.278 -0.174 -0.160 -0.195 -0.212 -0.330 -0.402 -0.472 -0.482 -0.432 -0.386 -0.223 -0.020  0.057 -0.080 -0.006  0.157  0.305  0.493  0.768  1.000  0.741  0.425  0.049 -0.171 -0.330 -0.285 -0.212 -0.087  0.114  0.328  0.424  0.393
  0.262  0.340  0.405  0.398  0.035 -0.045 -0.201 -0.221 -0.221 -0.230 -0.169 -0.030 -0.068  0.129  0.076  0.061  0.055  0.079  0.124 -0.015 -0.145 -0.326 -0.378 -0.393 -0.365 -0.333 -0.371 -0.368 -0.300 -0.283 -0.273 -0.232 -0.202 -0.188 -0.207 -0.229 -0.179 -0.244 -0.246 -0.227 -0.284 -0.304 -0.298 -0.221 -0.104 -0.140 -0.180 -0.205 -0.290 -0.323 -0.339 -0.390 -0.333 -0.278 -0.146  0.026  0.106  0.024  0.099  0.227  0.366  0.494  0.569  0.741  1.000  0.630  0.247 -0.060 -0.254 -0.241 -0.181 -0.104  0.083  0.299  0.370  0.349
  0.012  0.128  0.262  0.540  0.326  0.311  0.109  0.046  0.002  0.021  0.090  0.203  0.114  0.187  0.060 -0.047 -0.097 -0.140 -0.117 -0.229 -0.288 -0.345 -0.303 -0.253 -0.249 -0.197 -0.151 -0.159 -0.104 -0.059 -0.059 -0.053 -0.038 -0.031 -0.049 -0.076 -0.032 -0.067 -0.092 -0.082 -0.065 -0.103 -0.056  0.019  0.082 -0.057 -0.101 -0.073 -0.106 -0.131 -0.162 -0.231 -0.273 -0.294 -0.281 -0.183 -0.152 -0.171 -0.081 -0.022  0.068  0.147  0.224  0.425  0.630  1.000  0.630  0.254  0.045 -0.015 -0.040 -0.033 -0.061  0.099  0.056  0.045
 -0.213 -0.106  0.044  0.346  0.500  0.457  0.301  0.225  0.092  0.112  0.148  0.185  0.129  0.030 -0.037 -0.189 -0.244 -0.287 -0.277 -0.278 -0.288 -0.209 -0.134 -0.063 -0.103 -0.068  0.039  0.031  0.039  0.096  0.091  0.075  0.072  0.058  0.054  0.037  0.061  0.068  0.055  0.080  0.155  0.145  0.241  0.303  0.245  0.050  0.034  0.035  0.087  0.075  0.075 -0.001 -0.054 -0.114 -0.219 -0.253 -0.247 -0.180 -0.123 -0.160 -0.119 -0.121 -0.109  0.049  0.247  0.630  1.000  0.615  0.396  0.241  0.143  0.053 -0.113 -0.123 -0.202 -0.197
 -0.378 -0.281 -0.191  0.115  0.436  0.543  0.556  0.494  0.312  0.334  0.311  0.242  0.173 -0.036 -0.113 -0.264 -0.349 -0.421 -0.419 -0.393 -0.334 -0.149  0.005  0.097  0.030  0.063  0.232  0.205  0.161  0.250  0.261  0.195  0.158  0.164  0.197  0.201  0.236  0.279  0.257  0.270  0.417  0.418  0.539  0.593  0.378  0.152  0.190  0.185  0.295  0.220  0.203  0.143  0.036 -0.069 -0.253 -0.342 -0.378 -0.269 -0.212 -0.306 -0.288 -0.316 -0.312 -0.171 -0.060  0.254  0.615  1.000  0.763  0.518  0.313  0.115 -0.239 -0.340 -0.488 -0.471
 -0.428 -0.343 -0.264  0.046  0.470  0.573  0.664  0.561  0.378  0.421  0.394  0.287  0.246 -0.007 -0.066 -0.223 -0.322 -0.423 -0.450 -0.387 -0.291 -0.074  0.080  0.175  0.112  0.137  0.307  0.299  0.230  0.315  0.336  0.252  0.210  0.220  0.260  0.272  0.273  0.340  0.360  0.418  0.592  0.622  0.622  0.539  0.282  0.099  0.159  0.194  0.330  0.276  0.242  0.199  0.089 -0.022 -0.224 -0.357 -0.408 -0.279 -0.243 -0.366 -0.385 -0.431 -0.444 -0.330 -0.254  0.045  0.396  0.763  1.000  0.746  0.493  0.257 -0.236 -0.426 -0.620 -0.611
 -0.362 -0.297 -0.259 -0.010  0.303  0.411  0.494  0.421  0.301  0.327  0.316  0.211  0.152 -0.033 -0.083 -0.195 -0.276 -0.356 -0.361 -0.321 -0.248 -0.071  0.047  0.116  0.073  0.092  0.232  0.228  0.158  0.259  0.296  0.195  0.162  0.215  0.275  0.326  0.319  0.345  0.436  0.563  0.655  0.719  0.557  0.423  0.167  0.021  0.074  0.125  0.273  0.229  0.180  0.133  0.051 -0.029 -0.189 -0.284 -0.324 -0.221 -0.176 -0.295 -0.311 -0.369 -0.379 -0.285 -0.241 -0.015  0.241  0.518  0.746  1.000  0.781  0.542 -0.043 -0.350 -0.606 -0.635
 -0.266 -0.232 -0.222 -0.048  0.155  0.233  0.293  0.230  0.144  0.156  0.160  0.079  0.025 -0.097 -0.117 -0.177 -0.224 -0.257 -0.237 -0.207 -0.177 -0.043  0.025  0.057  0.037  0.036  0.117  0.125  0.077  0.141  0.168  0.105  0.076  0.107  0.165  0.210  0.222  0.241  0.374  0.620  0.609  0.579  0.378  0.259  0.066 -0.012  0.034  0.060  0.167  0.146  0.119  0.078  0.050  0.010 -0.103 -0.171 -0.183 -0.098 -0.070 -0.171 -0.187 -0.258 -0.273 -0.212 -0.181 -0.040  0.143  0.313  0.493  0.781  1.000  0.756  0.185 -0.150 -0.463 -0.536
 -0.109 -0.086 -0.122 -0.014  0.060  0.098  0.120  0.071  0.048  0.056  0.084  0.042 -0.003 -0.043 -0.081 -0.084 -0.126 -0.145 -0.133 -0.146 -0.138 -0.082 -0.058 -0.060 -0.030 -0.007 -0.003  0.006  0.011  0.044  0.043  0.018  0.005  0.018  0.052  0.101  0.135  0.118  0.232  0.610  0.430  0.464  0.242  0.106 -0.017 -0.070 -0.056 -0.026  0.043  0.033 -0.024 -0.060 -0.068 -0.080 -0.123 -0.125 -0.127 -0.102 -0.068 -0.117 -0.105 -0.152 -0.128 -0.087 -0.104 -0.033  0.053  0.115  0.257  0.542  0.756  1.000  0.499  0.078 -0.294 -0.406
  0.168  0.115  0.027 -0.110 -0.259 -0.304 -0.315 -0.267 -0.263 -0.311 -0.301 -0.281 -0.286 -0.176 -0.151 -0.040  0.019  0.126  0.175  0.182  0.092  0.032 -0.086 -0.202 -0.136 -0.121 -0.296 -0.311 -0.262 -0.341 -0.392 -0.339 -0.328 -0.379 -0.386 -0.315 -0.194 -0.173 -0.098  0.143 -0.160 -0.015 -0.109 -0.163 -0.109 -0.085 -0.116 -0.137 -0.133 -0.084 -0.110 -0.162 -0.051  0.066  0.114  0.145  0.226  0.202  0.175  0.204  0.185  0.180  0.179  0.114  0.083 -0.061 -0.113 -0.239 -0.236 -0.043  0.185  0.499  1.000  0.415  0.274  0.172
  0.327  0.244  0.181  0.061 -0.229 -0.289 -0.410 -0.341 -0.317 -0.360 -0.315 -0.194 -0.229 -0.029 -0.084  0.101  0.166  0.271  0.342  0.230  0.075 -0.152 -0.296 -0.376 -0.291 -0.302 -0.487 -0.483 -0.362 -0.432 -0.488 -0.383 -0.340 -0.387 -0.436 -0.433 -0.390 -0.453 -0.388 -0.261 -0.386 -0.370 -0.383 -0.336 -0.159 -0.136 -0.184 -0.197 -0.332 -0.281 -0.320 -0.372 -0.262 -0.130  0.027  0.188  0.277  0.167  0.175  0.308  0.329  0.383  0.398  0.328  0.299  0.099 -0.123 -0.340 -0.426 -0.350 -0.150  0.078  0.415  1.000  0.645  0.415
  0.458  0.360  0.296  0.031 -0.334 -0.455 -0.562 -0.509 -0.452 -0.496 -0.449 -0.314 -0.281 -0.033 -0.027  0.152  0.241  0.404  0.454  0.378  0.188 -0.096 -0.296 -0.411 -0.321 -0.326 -0.568 -0.564 -0.435 -0.561 -0.627 -0.481 -0.424 -0.506 -0.573 -0.597 -0.554 -0.572 -0.543 -0.564 -0.650 -0.557 -0.522 -0.441 -0.210 -0.122 -0.191 -0.237 -0.419 -0.358 -0.388 -0.415 -0.259 -0.106  0.128  0.291  0.428  0.275  0.236  0.418  0.420  0.513  0.528  0.424  0.370  0.056 -0.202 -0.488 -0.620 -0.606 -0.463 -0.294  0.274  0.645  1.000  0.830
