  1.000  0.797  0.553  0.227 -0.206 -0.295 -0.343 -0.267 -0.281 -0.073 -0.147 -0.112 -0.056  0.258  0.339  0.642  0.643  0.636  0.477  0.323  0.233 -0.149 -0.378 -0.421 -0.274 -0.341 -0.502 -0.468 -0.402 -0.467 -0.488 -0.402 -0.324 -0.347 -0.423 -0.447 -0.459 -0.476 -0.403 -0.451 -0.521 -0.454 -0.492 -0.460 -0.333 -0.240 -0.325 -0.373 -0.491 -0.499 -0.526 -0.487 -0.396 -0.312 -0.045  0.146  0.239  0.012 -0.025  0.195  0.275  0.458  0.626  0.536  0.312  0.046 -0.227 -0.388 -0.475 -0.430 -0.315 -0.110  0.127  0.498  0.534  0.504
  0.797  1.000  0.748  0.446  0.007 -0.116 -0.233 -0.247 -0.246 -0.005 -0.036  0.053  0.111  0.425  0.502  0.645  0.489  0.455  0.304  0.130  0.034 -0.320 -0.455 -0.481 -0.364 -0.350 -0.463 -0.451 -0.354 -0.370 -0.415 -0.339 -0.239 -0.251 -0.341 -0.372 -0.416 -0.444 -0.379 -0.404 -0.450 -0.385 -0.405 -0.360 -0.238 -0.180 -0.259 -0.307 -0.424 -0.464 -0.546 -0.537 -0.501 -0.453 -0.220  0.018  0.099 -0.125 -0.090  0.134  0.265  0.443  0.638  0.656  0.415  0.208 -0.063 -0.247 -0.358 -0.331 -0.253 -0.073  0.111  0.389  0.416  0.391
  0.553  0.748  1.000  0.671  0.241  0.114 -0.077 -0.153 -0.173 -0.017  0.036  0.174  0.241  0.512  0.529  0.465  0.356  0.257  0.145 -0.028 -0.101 -0.367 -0.412 -0.425 -0.387 -0.325 -0.372 -0.397 -0.306 -0.276 -0.332 -0.286 -0.180 -0.175 -0.267 -0.289 -0.344 -0.363 -0.308 -0.302 -0.312 -0.256 -0.251 -0.185 -0.089 -0.081 -0.130 -0.174 -0.269 -0.326 -0.418 -0.441 -0.441 -0.412 -0.261 -0.043  0.010 -0.133 -0.044  0.113  0.243  0.366  0.522  0.602  0.507  0.397  0.173 -0.038 -0.166 -0.175 -0.128 -0.039  0.072  0.199  0.213  0.197
  0.227  0.446  0.671  1.000  0.669  0.515  0.219 -0.001  0.016  0.159  0.304  0.491  0.507  0.610  0.445  0.256  0.076 -0.065 -0.149 -0.328 -0.365 -0.489 -0.364 -0.351 -0.374 -0.231 -0.185 -0.248 -0.145 -0.032 -0.109 -0.109  0.005  0.042 -0.051 -0.074 -0.168 -0.194 -0.160 -0.101 -0.055 -0.017  0.029  0.100  0.131  0.062  0.038  0.021 -0.035 -0.144 -0.294 -0.350 -0.452 -0.483 -0.444 -0.242 -0.237 -0.310 -0.157 -0.064  0.068  0.150  0.307  0.515  0.524  0.665  0.505  0.304  0.164  0.100  0.061  0.056  0.025 -0.120 -0.128 -0.130
 -0.206  0.007  0.241  0.669  1.000  0.821  0.512  0.213  0.187  0.215  0.422  0.573  0.612  0.411  0.266 -0.039 -0.199 -0.361 -0.409 -0.491 -0.440 -0.339 -0.093 -0.037 -0.141  0.013  0.158  0.086  0.130  0.276  0.217  0.159  0.218  0.256  0.221  0.211  0.122  0.101  0.080  0.183  0.282  0.273  0.352  0.389  0.312  0.186  0.218  0.229  0.258  0.146  0.035 -0.016 -0.170 -0.276 -0.407 -0.365 -0.428 -0.379 -0.237 -0.273 -0.191 -0.190 -0.126  0.079  0.198  0.502  0.652  0.582  0.527  0.389  0.242  0.083 -0.090 -0.447 -0.486 -0.473
 -0.295 -0.116  0.114  0.515  0.821  1.000  0.639  0.342  0.273  0.196  0.393  0.522  0.501  0.285  0.127 -0.138 -0.268 -0.416 -0.432 -0.498 -0.428 -0.276 -0.020  0.018 -0.099  0.044  0.190  0.103  0.129  0.280  0.227  0.150  0.202  0.259  0.232  0.245  0.170  0.158  0.148  0.264  0.376  0.362  0.431  0.469  0.370  0.217  0.262  0.268  0.317  0.218  0.117  0.055 -0.099 -0.193 -0.351 -0.327 -0.408 -0.327 -0.180 -0.253 -0.185 -0.212 -0.179  0.010  0.163  0.492  0.637  0.670  0.623  0.487  0.328  0.120 -0.094 -0.520 -0.571 -0.558
 -0.343 -0.233 -0.077  0.219  0.512  0.639  1.000  0.705  0.515  0.073  0.252  0.318  0.332  0.127  0.007 -0.193 -0.275 -0.382 -0.387 -0.403 -0.309 -0.150  0.048  0.086 -0.003  0.105  0.234  0.172  0.157  0.259  0.235  0.157  0.151  0.186  0.213  0.237  0.213  0.262  0.264  0.291  0.421  0.415  0.445  0.437  0.306  0.175  0.231  0.209  0.264  0.194  0.125  0.091 -0.015 -0.097 -0.255 -0.290 -0.359 -0.265 -0.172 -0.267 -0.243 -0.275 -0.278 -0.166 -0.051  0.198  0.381  0.597  0.569  0.437  0.247  0.056 -0.198 -0.517 -0.537 -0.515
 -0.267 -0.247 -0.153 -0.001  0.213  0.342  0.705  1.000  0.683 -0.023  0.108  0.076  0.035 -0.098 -0.159 -0.213 -0.210 -0.232 -0.198 -0.182 -0.133 -0.024  0.049  0.061 -0.005  0.016  0.099  0.057  0.010  0.068  0.082  0.021  0.006  0.038  0.079  0.133  0.147  0.192  0.202  0.199  0.284  0.284  0.298  0.303  0.210  0.116  0.160  0.133  0.166  0.138  0.126  0.095  0.072  0.052 -0.053 -0.106 -0.140 -0.056 -0.019 -0.100 -0.114 -0.162 -0.211 -0.182 -0.076  0.050  0.219  0.425  0.391  0.272  0.193  0.043 -0.121 -0.396 -0.415 -0.393
 -0.281 -0.246 -0.173  0.016  0.187  0.273  0.515  0.683  1.000  0.245  0.300  0.240  0.129 -0.009 -0.088 -0.163 -0.232 -0.283 -0.263 -0.243 -0.185 -0.046  0.067  0.093  0.032  0.065  0.153  0.110  0.055  0.092  0.105  0.043  0.009  0.035  0.083  0.123  0.156  0.222  0.231  0.200  0.281  0.291  0.286  0.262  0.165  0.090  0.127  0.131  0.192  0.155  0.126  0.099  0.045  0.005 -0.114 -0.179 -0.216 -0.121 -0.085 -0.169 -0.197 -0.225 -0.237 -0.187 -0.127  0.037  0.166  0.324  0.317  0.233  0.126  0.036 -0.172 -0.428 -0.417 -0.387
 -0.073 -0.005 -0.017  0.159  0.215  0.196  0.073 -0.023  0.245  1.000  0.649  0.420  0.247  0.168  0.082  0.034 -0.078 -0.133 -0.183 -0.212 -0.194 -0.184 -0.097 -0.056 -0.057 -0.007  0.039  0.025  0.058  0.101  0.077  0.062  0.101  0.133  0.095  0.050  0.014  0.012  0.005 -0.022 -0.001 -0.005  0.027  0.010 -0.028 -0.036 -0.039  0.021  0.053 -0.015 -0.065 -0.067 -0.151 -0.212 -0.244 -0.227 -0.226 -0.244 -0.213 -0.201 -0.174 -0.134 -0.072 -0.003 -0.044  0.087  0.056  0.011  0.021  0.004 -0.029 -0.002 -0.061 -0.136 -0.147 -0.148
 -0.147 -0.036  0.036  0.304  0.422  0.393  0.252  0.108  0.300  0.649  1.000  0.751  0.557  0.367  0.180  0.010 -0.132 -0.254 -0.298 -0.356 -0.322 -0.271 -0.095 -0.042 -0.087  0.012  0.101  0.064  0.111  0.195  0.159  0.143  0.195  0.236  0.191  0.134  0.067  0.060  0.032  0.042  0.095  0.086  0.147  0.131  0.080  0.039  0.054  0.091  0.131  0.040 -0.045 -0.055 -0.189 -0.282 -0.352 -0.316 -0.352 -0.349 -0.265 -0.268 -0.222 -0.200 -0.138 -0.007  0.005  0.192  0.193  0.193  0.184  0.119  0.026  0.003 -0.136 -0.276 -0.294 -0.288
 -0.112  0.053  0.174  0.491  0.573  0.522  0.318  0.076  0.240  0.420  0.751  1.000  0.782  0.587  0.330  0.096 -0.094 -0.274 -0.353 -0.442 -0.386 -0.362 -0.144 -0.080 -0.116  0.012  0.105  0.064  0.131  0.221  0.163  0.145  0.203  0.237  0.187  0.131  0.053  0.046  0.027  0.059  0.123  0.111  0.167  0.153  0.110  0.047  0.061  0.085  0.111  0.003 -0.119 -0.129 -0.297 -0.410 -0.468 -0.392 -0.445 -0.462 -0.346 -0.333 -0.246 -0.190 -0.100  0.074  0.089  0.285  0.262  0.272  0.232  0.155  0.027  0.030 -0.145 -0.266 -0.284 -0.276
 -0.056  0.111  0.241  0.507  0.612  0.501  0.332  0.035  0.129  0.247  0.557  0.782  1.000  0.763  0.512  0.219  0.020 -0.203 -0.323 -0.403 -0.318 -0.302 -0.100 -0.015 -0.046  0.071  0.155  0.125  0.176  0.242  0.181  0.166  0.209  0.222  0.188  0.127  0.055  0.054  0.025  0.044  0.115  0.091  0.141  0.119  0.077  0.044  0.052  0.062  0.076 -0.024 -0.126 -0.099 -0.254 -0.391 -0.448 -0.397 -0.462 -0.493 -0.394 -0.379 -0.288 -0.223 -0.116  0.053  0.038  0.221  0.225  0.239  0.227  0.145 -0.008 -0.005 -0.175 -0.246 -0.256 -0.245
  0.258  0.425  0.512  0.610  0.411  0.285  0.127 -0.098 -0.009  0.168  0.367  0.587  0.763  1.000  0.742  0.485  0.265  0.046 -0.109 -0.244 -0.212 -0.359 -0.253 -0.192 -0.170 -0.076 -0.060 -0.083 -0.013  0.017 -0.047 -0.037  0.032  0.044 -0.018 -0.071 -0.134 -0.134 -0.124 -0.140 -0.110 -0.108 -0.089 -0.102 -0.073 -0.062 -0.092 -0.104 -0.144 -0.233 -0.343 -0.302 -0.410 -0.505 -0.443 -0.306 -0.322 -0.448 -0.362 -0.257 -0.133 -0.005  0.160  0.308  0.201  0.261  0.100  0.028 -0.023 -0.058 -0.131 -0.018 -0.084 -0.002  0.011  0.010
  0.339  0.502  0.529  0.445  0.266  0.127  0.007 -0.159 -0.088  0.082  0.180  0.330  0.512  0.742  1.000  0.675  0.423  0.194 -0.005 -0.106 -0.045 -0.206 -0.176 -0.113 -0.076 -0.014 -0.036 -0.051 -0.007 -0.010 -0.074 -0.061 -0.009 -0.025 -0.072 -0.106 -0.152 -0.142 -0.134 -0.162 -0.141 -0.163 -0.165 -0.193 -0.171 -0.115 -0.146 -0.169 -0.210 -0.270 -0.317 -0.232 -0.287 -0.384 -0.313 -0.231 -0.252 -0.383 -0.352 -0.248 -0.135 -0.000  0.179  0.261  0.103  0.111 -0.013 -0.096 -0.120 -0.135 -0.180 -0.060 -0.079  0.068  0.093  0.094
  0.642  0.645  0.465  0.256 -0.039 -0.138 -0.193 -0.213 -0.163  0.034  0.010  0.096  0.219  0.485  0.675  1.000  0.715  0.515  0.303  0.201  0.209 -0.100 -0.239 -0.222 -0.120 -0.164 -0.252 -0.237 -0.211 -0.260 -0.295 -0.253 -0.198 -0.216 -0.269 -0.293 -0.312 -0.308 -0.266 -0.315 -0.344 -0.335 -0.370 -0.397 -0.343 -0.238 -0.296 -0.326 -0.391 -0.414 -0.432 -0.343 -0.317 -0.323 -0.126 -0.025  0.013 -0.193 -0.250 -0.093  0.001  0.170  0.371  0.338  0.091 -0.039 -0.230 -0.324 -0.348 -0.320 -0.288 -0.088  0.007  0.311  0.346  0.335
  0.643  0.489  0.356  0.076 -0.199 -0.268 -0.275 -0.210 -0.232 -0.078 -0.132 -0.094  0.020  0.265  0.423  0.715  1.000  0.782  0.500  0.399  0.453  0.094 -0.130 -0.126 -0.033 -0.165 -0.267 -0.236 -0.255 -0.336 -0.342 -0.298 -0.266 -0.293 -0.327 -0.339 -0.329 -0.329 -0.285 -0.342 -0.383 -0.380 -0.418 -0.435 -0.373 -0.247 -0.299 -0.335 -0.402 -0.393 -0.349 -0.241 -0.153 -0.122  0.100  0.158  0.176 -0.016 -0.124  0.000  0.054  0.177  0.323  0.223  0.037 -0.145 -0.315 -0.396 -0.407 -0.371 -0.307 -0.132  0.024  0.371  0.397  0.375
  0.636  0.455  0.257 -0.065 -0.361 -0.416 -0.382 -0.232 -0.283 -0.133 -0.254 -0.274 -0.203  0.046  0.194  0.515  0.782  1.000  0.750  0.632  0.585  0.170 -0.163 -0.196 -0.049 -0.240 -0.405 -0.339 -0.353 -0.460 -0.448 -0.377 -0.345 -0.383 -0.419 -0.423 -0.403 -0.413 -0.351 -0.407 -0.481 -0.451 -0.511 -0.509 -0.416 -0.280 -0.343 -0.398 -0.479 -0.448 -0.378 -0.286 -0.121 -0.017  0.272  0.353  0.423  0.217  0.073  0.216  0.210  0.286  0.377  0.232  0.057 -0.202 -0.383 -0.487 -0.510 -0.454 -0.337 -0.155  0.086  0.478  0.518  0.497
  0.477  0.304  0.145 -0.149 -0.409 -0.432 -0.387 -0.198 -0.263 -0.183 -0.298 -0.353 -0.323 -0.109 -0.005  0.303  0.500  0.750  1.000  0.760  0.548  0.179 -0.152 -0.229 -0.114 -0.289 -0.451 -0.393 -0.394 -0.491 -0.474 -0.397 -0.364 -0.395 -0.429 -0.424 -0.399 -0.415 -0.351 -0.384 -0.468 -0.417 -0.472 -0.442 -0.328 -0.228 -0.286 -0.344 -0.414 -0.372 -0.296 -0.256 -0.061  0.111  0.424  0.569  0.644  0.447  0.300  0.423  0.378  0.367  0.359  0.212  0.129 -0.145 -0.326 -0.431 -0.473 -0.413 -0.278 -0.159  0.102  0.444  0.478  0.454
  0.323  0.130 -0.028 -0.328 -0.491 -0.498 -0.403 -0.182 -0.243 -0.212 -0.356 -0.442 -0.403 -0.244 -0.106  0.201  0.399  0.632  0.760  1.000  0.778  0.429  0.054 -0.026  0.080 -0.151 -0.316 -0.245 -0.302 -0.431 -0.397 -0.339 -0.344 -0.385 -0.387 -0.373 -0.322 -0.326 -0.274 -0.319 -0.397 -0.375 -0.432 -0.435 -0.362 -0.251 -0.292 -0.333 -0.363 -0.286 -0.153 -0.074  0.143  0.312  0.589  0.564  0.636  0.497  0.296  0.364  0.268  0.212  0.178  0.005 -0.061 -0.314 -0.406 -0.471 -0.458 -0.396 -0.274 -0.176  0.068  0.418  0.450  0.428
  0.233  0.034 -0.101 -0.365 -0.440 -0.428 -0.309 -0.133 -0.185 -0.194 -0.322 -0.386 -0.318 -0.212 -0.045  0.209  0.453  0.585  0.548  0.778  1.000  0.701  0.312  0.231  0.336  0.062 -0.103 -0.038 -0.148 -0.294 -0.267 -0.244 -0.276 -0.314 -0.294 -0.272 -0.214 -0.203 -0.172 -0.208 -0.256 -0.284 -0.331 -0.372 -0.352 -0.250 -0.270 -0.281 -0.268 -0.170 -0.002  0.136  0.310  0.423  0.609  0.456  0.422  0.326  0.106  0.116  0.052  0.026  0.012 -0.141 -0.214 -0.391 -0.418 -0.424 -0.361 -0.302 -0.233 -0.156 -0.002  0.290  0.303  0.289
 -0.149 -0.320 -0.367 -0.489 -0.339 -0.276 -0.150 -0.024 -0.046 -0.184 -0.271 -0.362 -0.302 -0.359 -0.206 -0.100  0.094  0.170  0.179  0.429  0.701  1.000  0.726  0.618  0.656  0.427  0.258  0.278  0.140 -0.005 -0.001 -0.026 -0.095 -0.125 -0.073 -0.036  0.027  0.054  0.022  0.025  0.026 -0.050 -0.037 -0.088 -0.143 -0.102 -0.068 -0.029  0.065  0.204  0.415  0.571  0.662  0.702  0.636  0.334  0.216  0.294  0.096 -0.027 -0.126 -0.230 -0.305 -0.419 -0.401 -0.421 -0.281 -0.198 -0.089 -0.062 -0.068 -0.130 -0.080 -0.028 -0.038 -0.031
 -0.378 -0.455 -0.412 -0.364 -0.093 -0.020  0.048  0.049  0.067 -0.097 -0.095 -0.144 -0.100 -0.253 -0.176 -0.239 -0.130 -0.163 -0.152  0.054  0.312  0.726  1.000  0.823  0.667  0.604  0.581  0.501  0.320  0.238  0.233  0.151  0.059  0.054  0.123  0.161  0.232  0.292  0.212  0.212  0.266  0.172  0.250  0.192  0.105  0.077  0.139  0.220  0.360  0.479  0.613  0.745  0.643  0.572  0.360  0.088 -0.089  0.064 -0.010 -0.205 -0.275 -0.384 -0.459 -0.487 -0.407 -0.275 -0.066  0.072  0.172  0.153  0.073 -0.080 -0.161 -0.313 -0.343 -0.324
 -0.421 -0.481 -0.425 -0.351 -0.037  0.018  0.086  0.061  0.093 -0.056 -0.042 -0.080 -0.015 -0.192 -0.113 -0.222 -0.126 -0.196 -0.229 -0.026  0.231  0.618  0.823  1.000  0.809  0.613  0.707  0.688  0.461  0.372  0.390  0.307  0.196  0.172  0.252  0.261  0.295  0.347  0.227  0.235  0.320  0.144  0.223  0.175  0.076  0.095  0.153  0.219  0.335  0.430  0.590  0.766  0.675  0.495  0.257 -0.058 -0.228 -0.065 -0.141 -0.350 -0.404 -0.481 -0.539 -0.558 -0.493 -0.321 -0.075  0.077  0.197  0.144  0.040 -0.107 -0.245 -0.353 -0.373 -0.346
 -0.274 -0.364 -0.387 -0.374 -0.141 -0.099 -0.003 -0.005  0.032 -0.057 -0.087 -0.116 -0.046 -0.170 -0.076 -0.120 -0.033 -0.049 -0.114  0.080  0.336  0.656  0.667  0.809  1.000  0.741  0.584  0.662  0.523  0.325  0.310  0.276  0.160  0.105  0.173  0.171  0.208  0.243  0.153  0.152  0.204  0.057  0.080  0.001 -0.105 -0.061 -0.020  0.029  0.128  0.219  0.381  0.566  0.534  0.393  0.249 -0.032 -0.162 -0.075 -0.192 -0.329 -0.382 -0.427 -0.449 -0.489 -0.496 -0.390 -0.215 -0.085  0.046  0.035 -0.054 -0.109 -0.199 -0.183 -0.192 -0.172
 -0.341 -0.350 -0.325 -0.231  0.013  0.044  0.105  0.016  0.065 -0.007  0.012  0.012  0.071 -0.076 -0.014 -0.164 -0.165 -0.240 -0.289 -0.151  0.062  0.427  0.604  0.613  0.741  1.000  0.742  0.642  0.640  0.518  0.403  0.355  0.255  0.192  0.239  0.232  0.275  0.345  0.240  0.207  0.277  0.188  0.234  0.143  0.034  0.024  0.075  0.118  0.212  0.253  0.313  0.452  0.353  0.204  0.008 -0.188 -0.297 -0.199 -0.230 -0.347 -0.383 -0.425 -0.439 -0.411 -0.391 -0.226 -0.066  0.068  0.155  0.122 -0.006 -0.083 -0.204 -0.290 -0.293 -0.267
 -0.502 -0.463 -0.372 -0.185  0.158  0.190  0.234  0.099  0.153  0.039  0.101  0.105  0.155 -0.060 -0.036 -0.252 -0.267 -0.405 -0.451 -0.316 -0.103  0.258  0.581  0.707  0.584  0.742  1.000  0.848  0.659  0.683  0.673  0.523  0.393  0.394  0.482  0.489  0.521  0.592  0.446  0.391  0.498  0.330  0.392  0.310  0.172  0.150  0.219  0.263  0.376  0.390  0.442  0.559  0.397  0.182 -0.083 -0.312 -0.454 -0.296 -0.283 -0.468 -0.492 -0.540 -0.572 -0.508 -0.435 -0.175  0.068  0.244  0.347  0.282  0.133 -0.016 -0.275 -0.512 -0.532 -0.497
 -0.468 -0.451 -0.397 -0.248  0.086  0.103  0.172  0.057  0.110  0.025  0.064  0.064  0.125 -0.083 -0.051 -0.237 -0.236 -0.339 -0.393 -0.245 -0.038  0.278  0.501  0.688  0.662  0.642  0.848  1.000  0.789  0.675  0.736  0.651  0.474  0.426  0.533  0.493  0.501  0.527  0.385  0.354  0.440  0.246  0.273  0.183  0.036  0.058  0.118  0.157  0.263  0.288  0.385  0.506  0.396  0.189 -0.041 -0.290 -0.415 -0.278 -0.305 -0.478 -0.511 -0.549 -0.577 -0.539 -0.497 -0.275 -0.041  0.122  0.254  0.203  0.069 -0.039 -0.286 -0.416 -0.436 -0.402
 -0.402 -0.354 -0.306 -0.145  0.130  0.129  0.157  0.010  0.055  0.058  0.111  0.131  0.176 -0.013 -0.007 -0.211 -0.255 -0.353 -0.394 -0.302 -0.148  0.140  0.320  0.461  0.523  0.640  0.659  0.789  1.000  0.819  0.695  0.747  0.648  0.503  0.515  0.402  0.330  0.345  0.200  0.210  0.321  0.156  0.192  0.120  0.006  0.031  0.071  0.103  0.169  0.168  0.230  0.336  0.238  0.052 -0.151 -0.327 -0.414 -0.310 -0.315 -0.428 -0.446 -0.462 -0.467 -0.401 -0.376 -0.176 -0.016  0.100  0.187  0.118 -0.018 -0.097 -0.274 -0.318 -0.325 -0.295
 -0.467 -0.370 -0.276 -0.032  0.276  0.280  0.259  0.068  0.092  0.101  0.195  0.221  0.242  0.017 -0.010 -0.260 -0.336 -0.460 -0.491 -0.431 -0.294 -0.005  0.238  0.372  0.325  0.518  0.683  0.675  0.819  1.000  0.854  0.766  0.740  0.708  0.693  0.625  0.495  0.477  0.342  0.364  0.480  0.293  0.323  0.270  0.143  0.127  0.185  0.204  0.273  0.224  0.237  0.307  0.173 -0.021 -0.254 -0.397 -0.486 -0.361 -0.313 -0.439 -0.438 -0.459 -0.471 -0.362 -0.290 -0.038  0.142  0.282  0.356  0.296  0.150  0.016 -0.254 -0.492 -0.521 -0.488
 -0.488 -0.415 -0.332 -0.109  0.217  0.227  0.235  0.082  0.105  0.077  0.159  0.163  0.181 -0.047 -0.074 -0.295 -0.342 -0.448 -0.474 -0.397 -0.267 -0.001  0.233  0.390  0.310  0.403  0.673  0.736  0.695  0.854  1.000  0.849  0.706  0.726  0.805  0.746  0.666  0.614  0.482  0.459  0.515  0.327  0.322  0.259  0.116  0.117  0.178  0.196  0.272  0.234  0.269  0.323  0.204  0.018 -0.209 -0.372 -0.457 -0.324 -0.290 -0.434 -0.451 -0.482 -0.515 -0.431 -0.355 -0.111  0.091  0.246  0.349  0.312  0.188  0.059 -0.256 -0.514 -0.551 -0.517
 -0.402 -0.339 -0.286 -0.109  0.159  0.150  0.157  0.021  0.043  0.062  0.143  0.145  0.166 -0.037 -0.061 -0.253 -0.298 -0.377 -0.397 -0.339 -0.244 -0.026  0.151  0.307  0.276  0.355  0.523  0.651  0.747  0.766  0.849  1.000  0.846  0.701  0.727  0.551  0.417  0.382  0.236  0.241  0.325  0.148  0.175  0.141  0.050  0.085  0.120  0.135  0.171  0.139  0.182  0.246  0.156 -0.013 -0.195 -0.329 -0.389 -0.289 -0.270 -0.374 -0.388 -0.401 -0.423 -0.352 -0.306 -0.118  0.030  0.134  0.206  0.137  0.022 -0.071 -0.277 -0.348 -0.368 -0.336
 -0.324 -0.239 -0.180  0.005  0.218  0.202  0.151  0.006  0.009  0.101  0.195  0.203  0.209  0.032 -0.009 -0.198 -0.266 -0.345 -0.364 -0.344 -0.276 -0.095  0.059  0.196  0.160  0.255  0.393  0.474  0.648  0.740  0.706  0.846  1.000  0.837  0.704  0.529  0.265  0.216  0.092  0.140  0.263  0.083  0.135  0.139  0.082  0.100  0.123  0.136  0.149  0.097  0.115  0.175  0.078 -0.075 -0.229 -0.312 -0.364 -0.287 -0.248 -0.321 -0.306 -0.301 -0.305 -0.217 -0.171 -0.001  0.102  0.166  0.203  0.132  0.031 -0.069 -0.235 -0.326 -0.351 -0.325
 -0.347 -0.251 -0.175  0.042  0.256  0.259  0.186  0.038  0.035  0.133  0.236  0.237  0.222  0.044 -0.025 -0.216 -0.293 -0.383 -0.395 -0.385 -0.314 -0.125  0.054  0.172  0.105  0.192  0.394  0.426  0.503  0.708  0.726  0.701  0.837  1.000  0.877  0.761  0.474  0.365  0.267  0.300  0.391  0.197  0.220  0.220  0.135  0.123  0.163  0.176  0.211  0.140  0.138  0.173  0.052 -0.092 -0.256 -0.326 -0.385 -0.301 -0.239 -0.324 -0.302 -0.309 -0.312 -0.210 -0.146  0.044  0.159  0.251  0.302  0.275  0.186  0.060 -0.192 -0.441 -0.489 -0.466
 -0.423 -0.341 -0.267 -0.051  0.221  0.232  0.213  0.079  0.083  0.095  0.191  0.187  0.188 -0.018 -0.072 -0.269 -0.327 -0.419 -0.429 -0.387 -0.294 -0.073  0.123  0.252  0.173  0.239  0.482  0.533  0.515  0.693  0.805  0.727  0.704  0.877  1.000  0.888  0.684  0.549  0.437  0.443  0.493  0.300  0.287  0.253  0.126  0.120  0.176  0.190  0.253  0.189  0.206  0.238  0.119 -0.035 -0.227 -0.340 -0.408 -0.299 -0.249 -0.369 -0.368 -0.394 -0.417 -0.328 -0.256 -0.046  0.122  0.262  0.354  0.346  0.251  0.117 -0.206 -0.499 -0.553 -0.527
 -0.447 -0.372 -0.289 -0.074  0.211  0.245  0.237  0.133  0.123  0.050  0.134  0.131  0.127 -0.071 -0.106 -0.293 -0.339 -0.423 -0.424 -0.373 -0.272 -0.036  0.161  0.261  0.171  0.232  0.489  0.493  0.402  0.625  0.746  0.551  0.529  0.761  0.888  1.000  0.831  0.660  0.556  0.568  0.583  0.412  0.368  0.322  0.169  0.133  0.204  0.218  0.305  0.243  0.254  0.262  0.149  0.015 -0.188 -0.309 -0.384 -0.257 -0.202 -0.340 -0.350 -0.396 -0.435 -0.352 -0.260 -0.040  0.153  0.321  0.421  0.450  0.361  0.214 -0.139 -0.558 -0.618 -0.592
 -0.459 -0.416 -0.344 -0.168  0.122  0.170  0.213  0.147  0.156  0.014  0.067  0.053  0.055 -0.134 -0.152 -0.312 -0.329 -0.403 -0.399 -0.322 -0.214  0.027  0.232  0.295  0.208  0.275  0.521  0.501  0.330  0.495  0.666  0.417  0.265  0.474  0.684  0.831  1.000  0.857  0.713  0.642  0.576  0.468  0.389  0.304  0.134  0.100  0.177  0.193  0.300  0.272  0.299  0.287  0.189  0.076 -0.127 -0.272 -0.344 -0.205 -0.168 -0.321 -0.360 -0.423 -0.481 -0.428 -0.339 -0.131  0.080  0.263  0.378  0.421  0.345  0.235 -0.112 -0.514 -0.563 -0.536
 -0.476 -0.444 -0.363 -0.194  0.101  0.158  0.262  0.192  0.222  0.012  0.060  0.046  0.054 -0.134 -0.142 -0.308 -0.329 -0.413 -0.415 -0.326 -0.203  0.054  0.292  0.347  0.243  0.345  0.592  0.527  0.345  0.477  0.614  0.382  0.216  0.365  0.549  0.660  0.857  1.000  0.824  0.606  0.595  0.516  0.434  0.323  0.150  0.104  0.186  0.201  0.314  0.304  0.321  0.314  0.205  0.088 -0.127 -0.288 -0.364 -0.216 -0.183 -0.340 -0.392 -0.454 -0.515 -0.464 -0.378 -0.159  0.056  0.255  0.356  0.386  0.283  0.174 -0.159 -0.513 -0.542 -0.507
 -0.403 -0.379 -0.308 -0.160  0.080  0.148  0.264  0.202  0.231  0.005  0.032  0.027  0.025 -0.124 -0.134 -0.266 -0.285 -0.351 -0.351 -0.274 -0.172  0.022  0.212  0.227  0.153  0.240  0.446  0.385  0.200  0.342  0.482  0.236  0.092  0.267  0.437  0.556  0.713  0.824  1.000  0.731  0.656  0.614  0.463  0.315  0.121  0.037  0.126  0.144  0.269  0.260  0.248  0.208  0.126  0.056 -0.121 -0.245 -0.297 -0.172 -0.135 -0.270 -0.324 -0.384 -0.438 -0.396 -0.319 -0.135  0.049  0.247  0.369  0.464  0.415  0.310 -0.041 -0.456 -0.518 -0.504
 -0.451 -0.404 -0.302 -0.101  0.183  0.264  0.291  0.199  0.200 -0.022  0.042  0.059  0.044 -0.140 -0.162 -0.315 -0.342 -0.407 -0.384 -0.319 -0.208  0.025  0.212  0.235  0.152  0.207  0.391  0.354  0.210  0.364  0.459  0.241  0.140  0.300  0.443  0.568  0.642  0.606  0.731  1.000  0.828  0.737  0.570  0.424  0.194  0.059  0.168  0.216  0.366  0.331  0.304  0.250  0.163  0.093 -0.111 -0.234 -0.308 -0.158 -0.095 -0.257 -0.291 -0.370 -0.439 -0.377 -0.260 -0.049  0.175  0.375  0.551  0.669  0.665  0.521  0.121 -0.519 -0.636 -0.638
 -0.521 -0.450 -0.312 -0.055  0.282  0.376  0.421  0.284  0.281 -0.001  0.095  0.123  0.115 -0.110 -0.141 -0.344 -0.383 -0.481 -0.468 -0.397 -0.256  0.026  0.266  0.320  0.204  0.277  0.498  0.440  0.321  0.480  0.515  0.325  0.263  0.391  0.493  0.583  0.576  0.595  0.656  0.828  1.000  0.798  0.676  0.534  0.283  0.121  0.246  0.295  0.452  0.407  0.370  0.328  0.201  0.099 -0.148 -0.292 -0.392 -0.219 -0.140 -0.325 -0.349 -0.435 -0.495 -0.400 -0.264  0.004  0.271  0.513  0.683  0.740  0.638  0.394 -0.031 -0.616 -0.723 -0.716
 -0.454 -0.385 -0.256 -0.017  0.273  0.362  0.415  0.284  0.291 -0.005  0.086  0.111  0.091 -0.108 -0.163 -0.335 -0.380 -0.451 -0.417 -0.375 -0.284 -0.050  0.172  0.144  0.057  0.188  0.330  0.246  0.156  0.293  0.327  0.148  0.083  0.197  0.300  0.412  0.468  0.516  0.614  0.737  0.798  1.000  0.810  0.598  0.329  0.092  0.213  0.272  0.448  0.415  0.310  0.184  0.082  0.056 -0.157 -0.240 -0.301 -0.148 -0.050 -0.198 -0.232 -0.324 -0.392 -0.306 -0.171  0.062  0.301  0.530  0.686  0.788  0.644  0.434  0.061 -0.548 -0.644 -0.639
 -0.492 -0.405 -0.251  0.029  0.352  0.431  0.445  0.298  0.286  0.027  0.147  0.167  0.141 -0.089 -0.165 -0.370 -0.418 -0.511 -0.472 -0.432 -0.331 -0.037  0.250  0.223  0.080  0.234  0.392  0.273  0.192  0.323  0.322  0.175  0.135  0.220  0.287  0.368  0.389  0.434  0.463  0.570  0.676  0.810  1.000  0.814  0.528  0.230  0.352  0.414  0.603  0.565  0.429  0.304  0.148  0.087 -0.166 -0.260 -0.349 -0.175 -0.053 -0.221 -0.234 -0.330 -0.388 -0.283 -0.126  0.144  0.427  0.665  0.728  0.696  0.518  0.250 -0.042 -0.598 -0.682 -0.671
 -0.460 -0.360 -0.185  0.100  0.389  0.469  0.437  0.303  0.262  0.010  0.131  0.153  0.119 -0.102 -0.193 -0.397 -0.435 -0.509 -0.442 -0.435 -0.372 -0.088  0.192  0.175  0.001  0.143  0.310  0.183  0.120  0.270  0.259  0.141  0.139  0.220  0.253  0.322  0.304  0.323  0.315  0.424  0.534  0.598  0.814  1.000  0.787  0.452  0.573  0.617  0.668  0.550  0.407  0.288  0.138  0.077 -0.171 -0.227 -0.310 -0.147 -0.007 -0.153 -0.139 -0.222 -0.280 -0.172  0.006  0.264  0.541  0.747  0.688  0.601  0.427  0.123 -0.079 -0.603 -0.675 -0.660
 -0.333 -0.238 -0.089  0.131  0.312  0.370  0.306  0.210  0.165 -0.028  0.080  0.110  0.077 -0.073 -0.171 -0.343 -0.373 -0.416 -0.328 -0.362 -0.352 -0.143  0.105  0.076 -0.105  0.034  0.172  0.036  0.006  0.143  0.116  0.050  0.082  0.135  0.126  0.169  0.134  0.150  0.121  0.194  0.283  0.329  0.528  0.787  1.000  0.694  0.619  0.619  0.522  0.461  0.318  0.199  0.059  0.025 -0.156 -0.143 -0.216 -0.101  0.047 -0.044  0.004 -0.042 -0.105 -0.020  0.157  0.350  0.522  0.600  0.474  0.360  0.243 -0.001 -0.074 -0.458 -0.495 -0.480
 -0.240 -0.180 -0.081  0.062  0.186  0.217  0.175  0.116  0.090 -0.036  0.039  0.047  0.044 -0.062 -0.115 -0.238 -0.247 -0.280 -0.228 -0.251 -0.250 -0.102  0.077  0.095 -0.061  0.024  0.150  0.058  0.031  0.127  0.117  0.085  0.100  0.123  0.120  0.133  0.100  0.104  0.037  0.059  0.121  0.092  0.230  0.452  0.694  1.000  0.752  0.543  0.339  0.273  0.215  0.179  0.084  0.017 -0.120 -0.125 -0.177 -0.100 -0.011 -0.067 -0.035 -0.061 -0.102 -0.057  0.037  0.162  0.308  0.366  0.253  0.136  0.069 -0.097 -0.115 -0.337 -0.333 -0.310
 -0.325 -0.259 -0.130  0.038  0.218  0.262  0.231  0.160  0.127 -0.039  0.054  0.061  0.052 -0.092 -0.146 -0.296 -0.299 -0.343 -0.286 -0.292 -0.270 -0.068  0.139  0.153 -0.020  0.075  0.219  0.118  0.071  0.185  0.178  0.120  0.123  0.163  0.176  0.204  0.177  0.186  0.126  0.168  0.246  0.213  0.352  0.573  0.619  0.752  1.000  0.736  0.507  0.343  0.261  0.238  0.138  0.063 -0.113 -0.147 -0.208 -0.101 -0.007 -0.093 -0.078 -0.127 -0.179 -0.124 -0.016  0.129  0.317  0.434  0.356  0.255  0.166 -0.046 -0.114 -0.428 -0.446 -0.425
 -0.373 -0.307 -0.174  0.021  0.229  0.268  0.209  0.133  0.131  0.021  0.091  0.085  0.062 -0.104 -0.169 -0.326 -0.335 -0.398 -0.344 -0.333 -0.281 -0.029  0.220  0.219  0.029  0.118  0.263  0.157  0.103  0.204  0.196  0.135  0.136  0.176  0.190  0.218  0.193  0.201  0.144  0.216  0.295  0.272  0.414  0.617  0.619  0.543  0.736  1.000  0.758  0.544  0.386  0.335  0.177  0.098 -0.112 -0.170 -0.254 -0.117 -0.003 -0.127 -0.119 -0.183 -0.237 -0.169 -0.051  0.135  0.321  0.412  0.380  0.306  0.218 -0.012 -0.087 -0.439 -0.494 -0.475
 -0.491 -0.424 -0.269 -0.035  0.258  0.317  0.264  0.166  0.192  0.053  0.131  0.111  0.076 -0.144 -0.210 -0.391 -0.402 -0.479 -0.414 -0.363 -0.268  0.065  0.360  0.335  0.128  0.212  0.376  0.263  0.169  0.273  0.272  0.171  0.149  0.211  0.253  0.305  0.300  0.314  0.269  0.366  0.452  0.448  0.603  0.668  0.522  0.339  0.507  0.758  1.000  0.781  0.577  0.473  0.276  0.214 -0.050 -0.159 -0.270 -0.072  0.049 -0.143 -0.168 -0.288 -0.369 -0.291 -0.136  0.105  0.341  0.480  0.508  0.466  0.345  0.084 -0.072 -0.544 -0.611 -0.594
 -0.499 -0.464 -0.326 -0.144  0.146  0.218  0.194  0.138  0.155 -0.015  0.040  0.003 -0.024 -0.233 -0.270 -0.414 -0.393 -0.448 -0.372 -0.286 -0.170  0.204  0.479  0.430  0.219  0.253  0.390  0.288  0.168  0.224  0.234  0.139  0.097  0.140  0.189  0.243  0.272  0.304  0.260  0.331  0.407  0.415  0.565  0.550  0.461  0.273  0.343  0.544  0.781  1.000  0.813  0.626  0.406  0.378  0.089 -0.064 -0.195  0.036  0.143 -0.087 -0.131 -0.278 -0.396 -0.351 -0.187  0.034  0.272  0.380  0.433  0.403  0.301  0.048 -0.077 -0.476 -0.537 -0.522
 -0.526 -0.546 -0.418 -0.294  0.035  0.117  0.125  0.126  0.126 -0.065 -0.045 -0.119 -0.126 -0.343 -0.317 -0.432 -0.349 -0.378 -0.296 -0.153 -0.002  0.415  0.613  0.590  0.381  0.313  0.442  0.385  0.230  0.237  0.269  0.182  0.115  0.138  0.206  0.254  0.299  0.321  0.248  0.304  0.370  0.310  0.429  0.407  0.318  0.215  0.261  0.386  0.577  0.813  1.000  0.842  0.672  0.619  0.298  0.044 -0.108  0.160  0.180 -0.093 -0.173 -0.341 -0.483 -0.482 -0.310 -0.114  0.158  0.269  0.352  0.322  0.245 -0.005 -0.111 -0.433 -0.487 -0.470
 -0.487 -0.537 -0.441 -0.350 -0.016  0.055  0.091  0.095  0.099 -0.067 -0.055 -0.129 -0.099 -0.302 -0.232 -0.343 -0.241 -0.286 -0.256 -0.074  0.136  0.571  0.745  0.766  0.566  0.452  0.559  0.506  0.336  0.307  0.323  0.246  0.175  0.173  0.238  0.262  0.287  0.314  0.208  0.250  0.328  0.184  0.304  0.288  0.199  0.179  0.238  0.335  0.473  0.626  0.842  1.000  0.821  0.655  0.341  0.022 -0.157  0.080  0.024 -0.237 -0.304 -0.431 -0.534 -0.544 -0.419 -0.233  0.037  0.164  0.264  0.214  0.134 -0.076 -0.180 -0.401 -0.436 -0.413
 -0.396 -0.501 -0.441 -0.452 -0.170 -0.099 -0.015  0.072  0.045 -0.151 -0.189 -0.297 -0.254 -0.410 -0.287 -0.317 -0.153 -0.121 -0.061  0.143  0.310  0.662  0.643  0.675  0.534  0.353  0.397  0.396  0.238  0.173  0.204  0.156  0.078  0.052  0.119  0.149  0.189  0.205  0.126  0.163  0.201  0.082  0.148  0.138  0.059  0.084  0.138  0.177  0.276  0.406  0.672  0.821  1.000  0.826  0.549  0.214  0.079  0.287  0.146 -0.078 -0.184 -0.324 -0.452 -0.523 -0.413 -0.329 -0.082  0.022  0.122  0.092  0.053 -0.120 -0.146 -0.249 -0.265 -0.247
 -0.312 -0.453 -0.412 -0.483 -0.276 -0.193 -0.097  0.052  0.005 -0.212 -0.282 -0.410 -0.391 -0.505 -0.384 -0.323 -0.122 -0.017  0.111  0.312  0.423  0.702  0.572  0.495  0.393  0.204  0.182  0.189  0.052 -0.021  0.018 -0.013 -0.075 -0.092 -0.035  0.015  0.076  0.088  0.056  0.093  0.099  0.056  0.087  0.077  0.025  0.017  0.063  0.098  0.214  0.378  0.619  0.655  0.826  1.000  0.780  0.462  0.341  0.544  0.368  0.158  0.022 -0.158 -0.318 -0.423 -0.302 -0.302 -0.111 -0.042  0.041  0.049  0.055 -0.110 -0.058 -0.137 -0.158 -0.152
 -0.045 -0.220 -0.261 -0.444 -0.407 -0.351 -0.255 -0.053 -0.114 -0.244 -0.352 -0.468 -0.448 -0.443 -0.313 -0.126  0.100  0.272  0.424  0.589  0.609  0.636  0.360  0.257  0.249  0.008 -0.083 -0.041 -0.151 -0.254 -0.209 -0.195 -0.229 -0.256 -0.227 -0.188 -0.127 -0.127 -0.121 -0.111 -0.148 -0.157 -0.166 -0.171 -0.156 -0.120 -0.113 -0.112 -0.050  0.089  0.298  0.341  0.549  0.780  1.000  0.757  0.628  0.695  0.470  0.361  0.235  0.061 -0.073 -0.220 -0.153 -0.294 -0.245 -0.246 -0.197 -0.159 -0.087 -0.150  0.010  0.115  0.111  0.103
  0.146  0.018 -0.043 -0.242 -0.365 -0.327 -0.290 -0.106 -0.179 -0.227 -0.316 -0.392 -0.397 -0.306 -0.231 -0.025  0.158  0.353  0.569  0.564  0.456  0.334  0.088 -0.058 -0.032 -0.188 -0.312 -0.290 -0.327 -0.397 -0.372 -0.329 -0.312 -0.326 -0.340 -0.309 -0.272 -0.288 -0.245 -0.234 -0.292 -0.240 -0.260 -0.227 -0.143 -0.125 -0.147 -0.170 -0.159 -0.064  0.044  0.022  0.214  0.462  0.757  1.000  0.807  0.708  0.616  0.606  0.551  0.345  0.217  0.075  0.122 -0.095 -0.184 -0.248 -0.276 -0.221 -0.118 -0.133  0.083  0.216  0.218  0.199
  0.239  0.099  0.010 -0.237 -0.428 -0.408 -0.359 -0.140 -0.216 -0.226 -0.352 -0.445 -0.462 -0.322 -0.252  0.013  0.176  0.423  0.644  0.636  0.422  0.216 -0.089 -0.228 -0.162 -0.297 -0.454 -0.415 -0.414 -0.486 -0.457 -0.389 -0.364 -0.385 -0.408 -0.384 -0.344 -0.364 -0.297 -0.308 -0.392 -0.301 -0.349 -0.310 -0.216 -0.177 -0.208 -0.254 -0.270 -0.195 -0.108 -0.157  0.079  0.341  0.628  0.807  1.000  0.834  0.657  0.729  0.580  0.420  0.316  0.160  0.174 -0.098 -0.226 -0.324 -0.368 -0.303 -0.166 -0.136  0.131  0.350  0.370  0.343
  0.012 -0.125 -0.133 -0.310 -0.379 -0.327 -0.265 -0.056 -0.121 -0.244 -0.349 -0.462 -0.493 -0.448 -0.383 -0.193 -0.016  0.217  0.447  0.497  0.326  0.294  0.064 -0.065 -0.075 -0.199 -0.296 -0.278 -0.310 -0.361 -0.324 -0.289 -0.287 -0.301 -0.299 -0.257 -0.205 -0.216 -0.172 -0.158 -0.219 -0.148 -0.175 -0.147 -0.101 -0.100 -0.101 -0.117 -0.072  0.036  0.160  0.080  0.287  0.544  0.695  0.708  0.834  1.000  0.816  0.701  0.488  0.282  0.138 -0.002  0.076 -0.115 -0.140 -0.196 -0.206 -0.155 -0.039 -0.100  0.109  0.169  0.176  0.159
 -0.025 -0.090 -0.044 -0.157 -0.237 -0.180 -0.172 -0.019 -0.085 -0.213 -0.265 -0.346 -0.394 -0.362 -0.352 -0.250 -0.124  0.073  0.300  0.296  0.106  0.096 -0.010 -0.141 -0.192 -0.230 -0.283 -0.305 -0.315 -0.313 -0.290 -0.270 -0.248 -0.239 -0.249 -0.202 -0.168 -0.183 -0.135 -0.095 -0.140 -0.050 -0.053 -0.007  0.047 -0.011 -0.007 -0.003  0.049  0.143  0.180  0.024  0.146  0.368  0.470  0.616  0.657  0.816  1.000  0.801  0.652  0.385  0.218  0.102  0.214  0.053  0.017 -0.043 -0.085 -0.038  0.060 -0.038  0.125  0.054  0.046  0.033
  0.195  0.134  0.113 -0.064 -0.273 -0.253 -0.267 -0.100 -0.169 -0.201 -0.268 -0.333 -0.379 -0.257 -0.248 -0.093  0.000  0.216  0.423  0.364  0.116 -0.027 -0.205 -0.350 -0.329 -0.347 -0.468 -0.478 -0.428 -0.439 -0.434 -0.374 -0.321 -0.324 -0.369 -0.340 -0.321 -0.340 -0.270 -0.257 -0.325 -0.198 -0.221 -0.153 -0.044 -0.067 -0.093 -0.127 -0.143 -0.087 -0.093 -0.237 -0.078  0.158  0.361  0.606  0.729  0.701  0.801  1.000  0.816  0.573  0.433  0.302  0.351  0.108 -0.033 -0.153 -0.239 -0.192 -0.062 -0.075  0.169  0.244  0.253  0.230
  0.275  0.265  0.243  0.068 -0.191 -0.185 -0.243 -0.114 -0.197 -0.174 -0.222 -0.246 -0.288 -0.133 -0.135  0.001  0.054  0.210  0.378  0.268  0.052 -0.126 -0.275 -0.404 -0.382 -0.383 -0.492 -0.511 -0.446 -0.438 -0.451 -0.388 -0.306 -0.302 -0.368 -0.350 -0.360 -0.392 -0.324 -0.291 -0.349 -0.232 -0.234 -0.139  0.004 -0.035 -0.078 -0.119 -0.168 -0.131 -0.173 -0.304 -0.184  0.022  0.235  0.551  0.580  0.488  0.652  0.816  1.000  0.786  0.596  0.453  0.515  0.235  0.042 -0.099 -0.222 -0.182 -0.062 -0.064  0.170  0.236  0.241  0.217
  0.458  0.443  0.366  0.150 -0.190 -0.212 -0.275 -0.162 -0.225 -0.134 -0.200 -0.190 -0.223 -0.005 -0.000  0.170  0.177  0.286  0.367  0.212  0.026 -0.230 -0.384 -0.481 -0.427 -0.425 -0.540 -0.549 -0.462 -0.459 -0.482 -0.401 -0.301 -0.309 -0.394 -0.396 -0.423 -0.454 -0.384 -0.370 -0.435 -0.324 -0.330 -0.222 -0.042 -0.061 -0.127 -0.183 -0.288 -0.278 -0.341 -0.431 -0.324 -0.158  0.061  0.345  0.420  0.282  0.385  0.573  0.786  1.000  0.795  0.603  0.601  0.276  0.003 -0.165 -0.305 -0.273 -0.146 -0.074  0.179  0.338  0.355  0.328
  0.626  0.638  0.522  0.307 -0.126 -0.179 -0.278 -0.211 -0.237 -0.072 -0.138 -0.100 -0.116  0.160  0.179  0.371  0.323  0.377  0.359  0.178  0.012 -0.305 -0.459 -0.539 -0.449 -0.439 -0.572 -0.577 -0.467 -0.471 -0.515 -0.423 -0.305 -0.312 -0.417 -0.435 -0.481 -0.515 -0.438 -0.439 -0.495 -0.392 -0.388 -0.280 -0.105 -0.102 -0.179 -0.237 -0.369 -0.396 -0.483 -0.534 -0.452 -0.318 -0.073  0.217  0.316  0.138  0.218  0.433  0.596  0.795  1.000  0.835  0.665  0.355  0.008 -0.184 -0.345 -0.323 -0.202 -0.085  0.178  0.386  0.410  0.382
  0.536  0.656  0.602  0.515  0.079  0.010 -0.166 -0.182 -0.187 -0.003 -0.007  0.074  0.053  0.308  0.261  0.338  0.223  0.232  0.212  0.005 -0.141 -0.419 -0.487 -0.558 -0.489 -0.411 -0.508 -0.539 -0.401 -0.362 -0.431 -0.352 -0.217 -0.210 -0.328 -0.352 -0.428 -0.464 -0.396 -0.377 -0.400 -0.306 -0.283 -0.172 -0.020 -0.057 -0.124 -0.169 -0.291 -0.351 -0.482 -0.544 -0.523 -0.423 -0.220  0.075  0.160 -0.002  0.102  0.302  0.453  0.603  0.835  1.000  0.813  0.554  0.184 -0.030 -0.214 -0.211 -0.129 -0.043  0.151  0.271  0.287  0.263
  0.312  0.415  0.507  0.524  0.198  0.163 -0.051 -0.076 -0.127 -0.044  0.005  0.089  0.038  0.201  0.103  0.091  0.037  0.057  0.129 -0.061 -0.214 -0.401 -0.407 -0.493 -0.496 -0.391 -0.435 -0.497 -0.376 -0.290 -0.355 -0.306 -0.171 -0.146 -0.256 -0.260 -0.339 -0.378 -0.319 -0.260 -0.264 -0.171 -0.126  0.006  0.157  0.037 -0.016 -0.051 -0.136 -0.187 -0.310 -0.419 -0.413 -0.302 -0.153  0.122  0.174  0.076  0.214  0.351  0.515  0.601  0.665  0.813  1.000  0.737  0.404  0.167 -0.033 -0.053  0.002 -0.014  0.128  0.107  0.106  0.085
  0.046  0.208  0.397  0.665  0.502  0.492  0.198  0.050  0.037  0.087  0.192  0.285  0.221  0.261  0.111 -0.039 -0.145 -0.202 -0.145 -0.314 -0.391 -0.421 -0.275 -0.321 -0.390 -0.226 -0.175 -0.275 -0.176 -0.038 -0.111 -0.118 -0.001  0.044 -0.046 -0.040 -0.131 -0.159 -0.135 -0.049  0.004  0.062  0.144  0.264  0.350  0.162  0.129  0.135  0.105  0.034 -0.114 -0.233 -0.329 -0.302 -0.294 -0.095 -0.098 -0.115  0.053  0.108  0.235  0.276  0.355  0.554  0.737  1.000  0.734  0.457  0.256  0.187  0.153  0.041  0.042 -0.196 -0.213 -0.216
 -0.227 -0.063  0.173  0.505  0.652  0.637  0.381  0.219  0.166  0.056  0.193  0.262  0.225  0.100 -0.013 -0.230 -0.315 -0.383 -0.326 -0.406 -0.418 -0.281 -0.066 -0.075 -0.215 -0.066  0.068 -0.041 -0.016  0.142  0.091  0.030  0.102  0.159  0.122  0.153  0.080  0.056  0.049  0.175  0.271  0.301  0.427  0.541  0.522  0.308  0.317  0.321  0.341  0.272  0.158  0.037 -0.082 -0.111 -0.245 -0.184 -0.226 -0.140  0.017 -0.033  0.042  0.003  0.008  0.184  0.404  0.734  1.000  0.749  0.562  0.427  0.320  0.085 -0.015 -0.439 -0.487 -0.479
 -0.388 -0.247 -0.038  0.304  0.582  0.670  0.597  0.425  0.324  0.011  0.193  0.272  0.239  0.028 -0.096 -0.324 -0.396 -0.487 -0.431 -0.471 -0.424 -0.198  0.072  0.077 -0.085  0.068  0.244  0.122  0.100  0.282  0.246  0.134  0.166  0.251  0.262  0.321  0.263  0.255  0.247  0.375  0.513  0.530  0.665  0.747  0.600  0.366  0.434  0.412  0.480  0.380  0.269  0.164  0.022 -0.042 -0.246 -0.248 -0.324 -0.196 -0.043 -0.153 -0.099 -0.165 -0.184 -0.030  0.167  0.457  0.749  1.000  0.829  0.641  0.444  0.134 -0.098 -0.617 -0.682 -0.664
 -0.475 -0.358 -0.166  0.164  0.527  0.623  0.569  0.391  0.317  0.021  0.184  0.232  0.227 -0.023 -0.120 -0.348 -0.407 -0.510 -0.473 -0.458 -0.361 -0.089  0.172  0.197  0.046  0.155  0.347  0.254  0.187  0.356  0.349  0.206  0.203  0.302  0.354  0.421  0.378  0.356  0.369  0.551  0.683  0.686  0.728  0.688  0.474  0.253  0.356  0.380  0.508  0.433  0.352  0.264  0.122  0.041 -0.197 -0.276 -0.368 -0.206 -0.085 -0.239 -0.222 -0.305 -0.345 -0.214 -0.033  0.256  0.562  0.829  1.000  0.825  0.612  0.276 -0.046 -0.643 -0.740 -0.731
 -0.430 -0.331 -0.175  0.100  0.389  0.487  0.437  0.272  0.233  0.004  0.119  0.155  0.145 -0.058 -0.135 -0.320 -0.371 -0.454 -0.413 -0.396 -0.302 -0.062  0.153  0.144  0.035  0.122  0.282  0.203  0.118  0.296  0.312  0.137  0.132  0.275  0.346  0.450  0.421  0.386  0.464  0.669  0.740  0.788  0.696  0.601  0.360  0.136  0.255  0.306  0.466  0.403  0.322  0.214  0.092  0.049 -0.159 -0.221 -0.303 -0.155 -0.038 -0.192 -0.182 -0.273 -0.323 -0.211 -0.053  0.187  0.427  0.641  0.825  1.000  0.800  0.481  0.104 -0.584 -0.705 -0.708
 -0.315 -0.253 -0.128  0.061  0.242  0.328  0.247  0.193  0.126 -0.029  0.026  0.027 -0.008 -0.131 -0.180 -0.288 -0.307 -0.337 -0.278 -0.274 -0.233 -0.068  0.073  0.040 -0.054 -0.006  0.133  0.069 -0.018  0.150  0.188  0.022  0.031  0.186  0.251  0.361  0.345  0.283  0.415  0.665  0.638  0.644  0.518  0.427  0.243  0.069  0.166  0.218  0.345  0.301  0.245  0.134  0.053  0.055 -0.087 -0.118 -0.166 -0.039  0.060 -0.062 -0.062 -0.146 -0.202 -0.129  0.002  0.153  0.320  0.444  0.612  0.800  1.000  0.758  0.391 -0.432 -0.588 -0.611
 -0.110 -0.073 -0.039  0.056  0.083  0.120  0.056  0.043  0.036 -0.002  0.003  0.030 -0.005 -0.018 -0.060 -0.088 -0.132 -0.155 -0.159 -0.176 -0.156 -0.130 -0.080 -0.107 -0.109 -0.083 -0.016 -0.039 -0.097  0.016  0.059 -0.071 -0.069  0.060  0.117  0.214  0.235  0.174  0.310  0.521  0.394  0.434  0.250  0.123 -0.001 -0.097 -0.046 -0.012  0.084  0.048 -0.005 -0.076 -0.120 -0.110 -0.150 -0.133 -0.136 -0.100 -0.038 -0.075 -0.064 -0.074 -0.085 -0.043 -0.014  0.041  0.085  0.134  0.276  0.481  0.758  1.000  0.625 -0.164 -0.300 -0.335
  0.127  0.111  0.072  0.025 -0.090 -0.094 -0.198 -0.121 -0.172 -0.061 -0.136 -0.145 -0.175 -0.084 -0.079  0.007  0.024  0.086  0.102  0.068 -0.002 -0.080 -0.161 -0.245 -0.199 -0.204 -0.275 -0.286 -0.274 -0.254 -0.256 -0.277 -0.235 -0.192 -0.206 -0.139 -0.112 -0.159 -0.041  0.121 -0.031  0.061 -0.042 -0.079 -0.074 -0.115 -0.114 -0.087 -0.072 -0.077 -0.111 -0.180 -0.146 -0.058  0.010  0.083  0.131  0.109  0.125  0.169  0.170  0.179  0.178  0.151  0.128  0.042 -0.015 -0.098 -0.046  0.104  0.391  0.625  1.000  0.170  0.045 -0.016
  0.498  0.389  0.199 -0.120 -0.447 -0.520 -0.517 -0.396 -0.428 -0.136 -0.276 -0.266 -0.246 -0.002  0.068  0.311  0.371  0.478  0.444  0.418  0.290 -0.028 -0.313 -0.353 -0.183 -0.290 -0.512 -0.416 -0.318 -0.492 -0.514 -0.348 -0.326 -0.441 -0.499 -0.558 -0.514 -0.513 -0.456 -0.519 -0.616 -0.548 -0.598 -0.603 -0.458 -0.337 -0.428 -0.439 -0.544 -0.476 -0.433 -0.401 -0.249 -0.137  0.115  0.216  0.350  0.169  0.054  0.244  0.236  0.338  0.386  0.271  0.107 -0.196 -0.439 -0.617 -0.643 -0.584 -0.432 -0.164  0.170  1.000  0.850  0.705
  0.534  0.416  0.213 -0.128 -0.486 -0.571 -0.537 -0.415 -0.417 -0.147 -0.294 -0.284 -0.256  0.011  0.093  0.346  0.397  0.518  0.478  0.450  0.303 -0.038 -0.343 -0.373 -0.192 -0.293 -0.532 -0.436 -0.325 -0.521 -0.551 -0.368 -0.351 -0.489 -0.553 -0.618 -0.563 -0.542 -0.518 -0.636 -0.723 -0.644 -0.682 -0.675 -0.495 -0.333 -0.446 -0.494 -0.611 -0.537 -0.487 -0.436 -0.265 -0.158  0.111  0.218  0.370  0.176  0.046  0.253  0.241  0.355  0.410  0.287  0.106 -0.213 -0.487 -0.682 -0.740 -0.705 -0.588 -0.300  0.045  0.850  1.000  0.905
