  1.000  0.790  0.532  0.227 -0.150 -0.255 -0.273 -0.214 -0.282  0.019 -0.123 -0.130 -0.058  0.247  0.330  0.628  0.632  0.626  0.463  0.305  0.219 -0.123 -0.337 -0.376 -0.225 -0.293 -0.467 -0.430 -0.358 -0.426 -0.450 -0.366 -0.299 -0.307 -0.363 -0.393 -0.409 -0.442 -0.421 -0.430 -0.491 -0.445 -0.447 -0.413 -0.299 -0.199 -0.279 -0.319 -0.444 -0.468 -0.499 -0.458 -0.362 -0.298 -0.046  0.138  0.228  0.003 -0.035  0.178  0.269  0.454  0.623  0.521  0.289  0.049 -0.180 -0.328 -0.425 -0.405 -0.367 -0.260  0.038  0.407  0.493  0.472
  0.790  1.000  0.749  0.438  0.042 -0.082 -0.150 -0.145 -0.237  0.002 -0.074 -0.005  0.083  0.405  0.496  0.624  0.495  0.449  0.303  0.132  0.044 -0.267 -0.404 -0.428 -0.300 -0.301 -0.433 -0.416 -0.319 -0.353 -0.393 -0.317 -0.245 -0.244 -0.306 -0.336 -0.369 -0.408 -0.394 -0.375 -0.419 -0.376 -0.364 -0.315 -0.209 -0.149 -0.215 -0.258 -0.390 -0.444 -0.514 -0.500 -0.454 -0.424 -0.203  0.023  0.100 -0.119 -0.084  0.130  0.273  0.444  0.632  0.641  0.397  0.199 -0.022 -0.187 -0.298 -0.297 -0.286 -0.198  0.039  0.296  0.373  0.357
  0.532  0.749  1.000  0.663  0.267  0.129 -0.018 -0.077 -0.184 -0.083 -0.025  0.111  0.201  0.495  0.529  0.445  0.376  0.269  0.152 -0.019 -0.083 -0.332 -0.386 -0.394 -0.346 -0.299 -0.356 -0.374 -0.288 -0.268 -0.312 -0.271 -0.201 -0.195 -0.256 -0.267 -0.300 -0.330 -0.312 -0.285 -0.302 -0.268 -0.239 -0.175 -0.094 -0.085 -0.112 -0.160 -0.264 -0.327 -0.395 -0.420 -0.407 -0.394 -0.245 -0.032  0.016 -0.125 -0.035  0.111  0.256  0.364  0.509  0.580  0.490  0.383  0.192 -0.010 -0.129 -0.150 -0.160 -0.120  0.050  0.142  0.207  0.194
  0.227  0.438  0.663  1.000  0.676  0.539  0.287  0.149  0.032 -0.018  0.196  0.417  0.472  0.589  0.444  0.258  0.128 -0.030 -0.124 -0.303 -0.323 -0.449 -0.350 -0.338 -0.355 -0.228 -0.186 -0.252 -0.161 -0.059 -0.115 -0.114 -0.059 -0.046 -0.100 -0.103 -0.147 -0.175 -0.158 -0.088 -0.059 -0.034  0.022  0.090  0.107  0.031  0.025  0.004 -0.068 -0.164 -0.276 -0.337 -0.426 -0.464 -0.417 -0.219 -0.223 -0.297 -0.138 -0.056  0.092  0.162  0.293  0.501  0.534  0.659  0.515  0.323  0.206  0.133  0.072  0.057  0.050 -0.142 -0.133 -0.144
 -0.150  0.042  0.267  0.676  1.000  0.822  0.555  0.368  0.204 -0.012  0.298  0.526  0.594  0.405  0.278  0.005 -0.129 -0.299 -0.359 -0.449 -0.396 -0.338 -0.135 -0.076 -0.174 -0.045  0.105  0.031  0.066  0.198  0.155  0.110  0.124  0.127  0.113  0.122  0.076  0.060  0.056  0.139  0.221  0.218  0.290  0.334  0.254  0.117  0.159  0.173  0.173  0.081  0.000 -0.054 -0.195 -0.294 -0.393 -0.337 -0.400 -0.365 -0.219 -0.248 -0.148 -0.146 -0.090  0.113  0.239  0.499  0.637  0.563  0.530  0.378  0.280  0.181  0.003 -0.395 -0.448 -0.449
 -0.255 -0.082  0.129  0.539  0.822  1.000  0.676  0.460  0.342  0.002  0.294  0.512  0.496  0.291  0.145 -0.093 -0.216 -0.386 -0.408 -0.492 -0.417 -0.294 -0.060 -0.025 -0.132  0.002  0.156  0.058  0.073  0.219  0.179  0.110  0.117  0.134  0.129  0.164  0.135  0.130  0.143  0.232  0.321  0.320  0.384  0.435  0.336  0.170  0.218  0.238  0.264  0.173  0.093  0.021 -0.140 -0.229 -0.361 -0.316 -0.403 -0.332 -0.172 -0.239 -0.153 -0.180 -0.147  0.051  0.211  0.517  0.634  0.661  0.632  0.488  0.380  0.263  0.016 -0.496 -0.562 -0.560
 -0.273 -0.150 -0.018  0.287  0.555  0.676  1.000  0.641  0.330 -0.055  0.205  0.320  0.352  0.146  0.033 -0.148 -0.237 -0.360 -0.384 -0.429 -0.349 -0.207  0.014  0.063 -0.047  0.053  0.217  0.142  0.116  0.241  0.230  0.156  0.135  0.157  0.184  0.211  0.191  0.179  0.183  0.266  0.367  0.335  0.412  0.446  0.319  0.164  0.222  0.241  0.262  0.204  0.144  0.100 -0.052 -0.153 -0.298 -0.294 -0.380 -0.305 -0.178 -0.259 -0.198 -0.227 -0.211 -0.076  0.028  0.259  0.423  0.630  0.650  0.504  0.406  0.241 -0.005 -0.489 -0.559 -0.544
 -0.214 -0.145 -0.077  0.149  0.368  0.460  0.641  1.000  0.640  0.156  0.339  0.320  0.218  0.034 -0.052 -0.148 -0.206 -0.272 -0.289 -0.321 -0.264 -0.166 -0.007  0.023 -0.072 -0.002  0.140  0.067  0.022  0.132  0.151  0.078  0.061  0.091  0.134  0.179  0.175  0.170  0.165  0.171  0.246  0.204  0.282  0.314  0.223  0.090  0.141  0.150  0.186  0.130  0.083  0.062 -0.045 -0.117 -0.221 -0.221 -0.281 -0.226 -0.138 -0.193 -0.157 -0.158 -0.164 -0.078  0.015  0.186  0.309  0.474  0.446  0.280  0.231  0.124 -0.079 -0.433 -0.495 -0.468
 -0.282 -0.237 -0.184  0.032  0.204  0.342  0.330  0.640  1.000  0.388  0.351  0.316  0.162 -0.003 -0.090 -0.174 -0.227 -0.299 -0.291 -0.280 -0.212 -0.067  0.083  0.109  0.027  0.078  0.200  0.136  0.068  0.137  0.160  0.088  0.053  0.058  0.108  0.159  0.196  0.237  0.270  0.221  0.282  0.294  0.297  0.281  0.184  0.097  0.133  0.168  0.239  0.191  0.158  0.133  0.043 -0.013 -0.146 -0.201 -0.264 -0.170 -0.111 -0.198 -0.203 -0.213 -0.247 -0.189 -0.088  0.086  0.187  0.328  0.366  0.267  0.203  0.165 -0.112 -0.486 -0.505 -0.477
  0.019  0.002 -0.083 -0.018 -0.012  0.002 -0.055  0.156  0.388  1.000  0.588  0.294  0.119  0.069  0.039  0.053  0.022  0.018 -0.028 -0.025 -0.013 -0.048 -0.073 -0.035  0.001 -0.010 -0.021  0.010  0.027 -0.030 -0.021  0.020  0.011 -0.034 -0.049 -0.103 -0.077 -0.028 -0.058 -0.162 -0.138 -0.115 -0.102 -0.140 -0.148 -0.104 -0.160 -0.107 -0.096 -0.114 -0.109 -0.076 -0.062 -0.087 -0.078 -0.096 -0.067 -0.106 -0.138 -0.107 -0.114 -0.077 -0.051 -0.049 -0.114 -0.075 -0.126 -0.149 -0.141 -0.203 -0.230 -0.212 -0.203 -0.013 -0.001 -0.009
 -0.123 -0.074 -0.025  0.196  0.298  0.294  0.205  0.339  0.351  0.588  1.000  0.719  0.447  0.244  0.088 -0.047 -0.120 -0.176 -0.208 -0.263 -0.243 -0.222 -0.112 -0.082 -0.135 -0.047  0.037  0.006  0.052  0.122  0.107  0.109  0.132  0.136  0.112  0.066  0.039  0.057  0.016 -0.003  0.042  0.054  0.106  0.083  0.041  0.009  0.027  0.041  0.064  0.010 -0.043 -0.061 -0.141 -0.190 -0.244 -0.211 -0.230 -0.226 -0.159 -0.160 -0.137 -0.135 -0.116 -0.019  0.003  0.129  0.126  0.144  0.125  0.045 -0.008 -0.018 -0.126 -0.255 -0.288 -0.274
 -0.130 -0.005  0.111  0.417  0.526  0.512  0.320  0.320  0.316  0.294  0.719  1.000  0.725  0.492  0.262  0.056 -0.066 -0.208 -0.282 -0.363 -0.299 -0.281 -0.119 -0.071 -0.125 -0.016  0.075  0.031  0.096  0.178  0.137  0.126  0.147  0.152  0.127  0.093  0.058  0.049  0.012  0.064  0.116  0.107  0.162  0.142  0.090  0.011  0.053  0.076  0.085  0.013 -0.063 -0.077 -0.211 -0.301 -0.360 -0.302 -0.362 -0.369 -0.261 -0.263 -0.192 -0.164 -0.115  0.040  0.073  0.244  0.244  0.263  0.250  0.164  0.087  0.069 -0.128 -0.294 -0.347 -0.338
 -0.058  0.083  0.201  0.472  0.594  0.496  0.352  0.218  0.162  0.119  0.447  0.725  1.000  0.714  0.453  0.190  0.046 -0.137 -0.258 -0.332 -0.234 -0.235 -0.087 -0.016 -0.060  0.018  0.110  0.091  0.124  0.184  0.153  0.140  0.152  0.156  0.147  0.108  0.061  0.042  0.017  0.055  0.121  0.102  0.148  0.130  0.083  0.028  0.046  0.091  0.067 -0.003 -0.076 -0.059 -0.195 -0.305 -0.352 -0.312 -0.383 -0.410 -0.316 -0.314 -0.231 -0.192 -0.114  0.042  0.040  0.200  0.223  0.249  0.271  0.187  0.095  0.065 -0.131 -0.284 -0.326 -0.314
  0.247  0.405  0.495  0.589  0.405  0.291  0.146  0.034 -0.003  0.069  0.244  0.492  0.714  1.000  0.722  0.465  0.306  0.111 -0.042 -0.173 -0.130 -0.275 -0.215 -0.166 -0.153 -0.096 -0.086 -0.100 -0.046 -0.025 -0.067 -0.060 -0.021 -0.007 -0.042 -0.073 -0.115 -0.135 -0.142 -0.107 -0.080 -0.086 -0.059 -0.071 -0.057 -0.072 -0.071 -0.046 -0.118 -0.197 -0.281 -0.249 -0.332 -0.410 -0.347 -0.222 -0.246 -0.367 -0.283 -0.195 -0.070  0.029  0.163  0.299  0.206  0.251  0.121  0.057  0.038  0.007 -0.054 -0.027 -0.091 -0.070 -0.060 -0.059
  0.330  0.496  0.529  0.444  0.278  0.145  0.033 -0.052 -0.090  0.039  0.088  0.262  0.453  0.722  1.000  0.670  0.465  0.242  0.045 -0.051  0.009 -0.157 -0.158 -0.104 -0.073 -0.045 -0.065 -0.072 -0.043 -0.043 -0.084 -0.080 -0.034 -0.030 -0.066 -0.086 -0.134 -0.145 -0.144 -0.134 -0.113 -0.137 -0.128 -0.150 -0.142 -0.113 -0.120 -0.101 -0.180 -0.245 -0.289 -0.216 -0.252 -0.331 -0.247 -0.164 -0.187 -0.321 -0.291 -0.198 -0.073  0.040  0.202  0.271  0.126  0.125  0.025 -0.053 -0.059 -0.076 -0.108 -0.079 -0.088 -0.003  0.021  0.024
  0.628  0.624  0.445  0.258  0.005 -0.093 -0.148 -0.148 -0.174  0.053 -0.047  0.056  0.190  0.465  0.670  1.000  0.752  0.535  0.322  0.224  0.244 -0.038 -0.182 -0.170 -0.068 -0.134 -0.236 -0.215 -0.196 -0.250 -0.276 -0.236 -0.185 -0.192 -0.233 -0.256 -0.285 -0.297 -0.283 -0.288 -0.302 -0.303 -0.317 -0.336 -0.290 -0.204 -0.248 -0.233 -0.329 -0.369 -0.391 -0.299 -0.261 -0.268 -0.074  0.023  0.044 -0.161 -0.225 -0.079  0.023  0.177  0.371  0.329  0.091 -0.019 -0.178 -0.260 -0.274 -0.261 -0.257 -0.181 -0.072  0.221  0.268  0.268
  0.632  0.495  0.376  0.128 -0.129 -0.216 -0.237 -0.206 -0.227  0.022 -0.120 -0.066  0.046  0.306  0.465  0.752  1.000  0.776  0.488  0.387  0.459  0.119 -0.100 -0.098 -0.002 -0.142 -0.262 -0.226 -0.238 -0.323 -0.332 -0.291 -0.251 -0.256 -0.286 -0.306 -0.321 -0.337 -0.313 -0.331 -0.358 -0.363 -0.381 -0.397 -0.341 -0.230 -0.269 -0.269 -0.353 -0.366 -0.341 -0.227 -0.139 -0.111  0.108  0.164  0.172 -0.021 -0.137 -0.019  0.048  0.174  0.338  0.240  0.043 -0.101 -0.260 -0.348 -0.364 -0.336 -0.309 -0.229 -0.059  0.297  0.349  0.338
  0.626  0.449  0.269 -0.030 -0.299 -0.386 -0.360 -0.272 -0.299  0.018 -0.176 -0.208 -0.137  0.111  0.242  0.535  0.776  1.000  0.732  0.607  0.566  0.179 -0.130 -0.158 -0.005 -0.195 -0.378 -0.309 -0.314 -0.427 -0.424 -0.354 -0.307 -0.320 -0.355 -0.383 -0.387 -0.405 -0.380 -0.411 -0.470 -0.454 -0.484 -0.488 -0.404 -0.265 -0.324 -0.350 -0.433 -0.432 -0.387 -0.277 -0.123 -0.037  0.246  0.322  0.391  0.180  0.020  0.166  0.164  0.253  0.364  0.220  0.030 -0.191 -0.352 -0.462 -0.494 -0.453 -0.398 -0.302 -0.031  0.436  0.511  0.499
  0.463  0.303  0.152 -0.124 -0.359 -0.408 -0.384 -0.289 -0.291 -0.028 -0.208 -0.282 -0.258 -0.042  0.045  0.322  0.488  0.732  1.000  0.731  0.507  0.160 -0.139 -0.207 -0.077 -0.237 -0.419 -0.360 -0.346 -0.449 -0.446 -0.372 -0.328 -0.337 -0.368 -0.389 -0.378 -0.396 -0.365 -0.396 -0.475 -0.440 -0.473 -0.459 -0.355 -0.228 -0.283 -0.348 -0.406 -0.390 -0.331 -0.273 -0.085  0.066  0.379  0.526  0.606  0.395  0.230  0.363  0.313  0.313  0.325  0.186  0.081 -0.156 -0.322 -0.434 -0.486 -0.436 -0.370 -0.288  0.014  0.442  0.518  0.498
  0.305  0.132 -0.019 -0.303 -0.449 -0.492 -0.429 -0.321 -0.280 -0.025 -0.263 -0.363 -0.332 -0.173 -0.051  0.224  0.387  0.607  0.731  1.000  0.761  0.422  0.075  0.004  0.121 -0.100 -0.281 -0.209 -0.263 -0.399 -0.376 -0.326 -0.309 -0.321 -0.327 -0.342 -0.308 -0.310 -0.280 -0.347 -0.412 -0.399 -0.444 -0.461 -0.390 -0.259 -0.301 -0.335 -0.358 -0.304 -0.190 -0.085  0.122  0.276  0.555  0.516  0.595  0.443  0.216  0.295  0.194  0.152  0.142 -0.024 -0.114 -0.327 -0.414 -0.495 -0.492 -0.434 -0.364 -0.297 -0.039  0.443  0.505  0.486
  0.219  0.044 -0.083 -0.323 -0.396 -0.417 -0.349 -0.264 -0.212 -0.013 -0.243 -0.299 -0.234 -0.130  0.009  0.244  0.459  0.566  0.507  0.761  1.000  0.711  0.345  0.270  0.380  0.111 -0.075 -0.013 -0.123 -0.275 -0.257 -0.244 -0.245 -0.255 -0.243 -0.245 -0.209 -0.205 -0.186 -0.244 -0.283 -0.301 -0.342 -0.390 -0.360 -0.252 -0.272 -0.250 -0.247 -0.168 -0.030  0.139  0.294  0.398  0.582  0.413  0.375  0.267  0.023  0.041 -0.018 -0.034 -0.008 -0.150 -0.252 -0.387 -0.421 -0.447 -0.393 -0.335 -0.290 -0.237 -0.089  0.304  0.334  0.324
 -0.123 -0.267 -0.332 -0.449 -0.338 -0.294 -0.207 -0.166 -0.067 -0.048 -0.222 -0.281 -0.235 -0.275 -0.157 -0.038  0.119  0.179  0.160  0.422  0.711  1.000  0.723  0.618  0.661  0.428  0.239  0.256  0.113 -0.037 -0.042 -0.071 -0.105 -0.120 -0.087 -0.069 -0.021  0.013  0.011 -0.028 -0.033 -0.071 -0.090 -0.159 -0.192 -0.139 -0.125 -0.073  0.018  0.159  0.344  0.532  0.610  0.655  0.601  0.299  0.180  0.232  0.013 -0.095 -0.181 -0.260 -0.302 -0.404 -0.415 -0.426 -0.331 -0.266 -0.161 -0.119 -0.097 -0.100 -0.092  0.052  0.041  0.048
 -0.337 -0.404 -0.386 -0.350 -0.135 -0.060  0.014 -0.007  0.083 -0.073 -0.112 -0.119 -0.087 -0.215 -0.158 -0.182 -0.100 -0.130 -0.139  0.075  0.345  0.723  1.000  0.808  0.663  0.580  0.533  0.452  0.261  0.170  0.159  0.075  0.010  0.002  0.054  0.098  0.165  0.227  0.202  0.170  0.211  0.164  0.190  0.106  0.026  0.004  0.057  0.134  0.282  0.417  0.549  0.705  0.594  0.540  0.346  0.082 -0.099  0.031 -0.059 -0.239 -0.298 -0.387 -0.441 -0.466 -0.412 -0.297 -0.141 -0.000  0.108  0.119  0.109  0.049 -0.082 -0.233 -0.269 -0.250
 -0.376 -0.428 -0.394 -0.338 -0.076 -0.025  0.063  0.023  0.109 -0.035 -0.082 -0.071 -0.016 -0.166 -0.104 -0.170 -0.098 -0.158 -0.207  0.004  0.270  0.618  0.808  1.000  0.798  0.575  0.652  0.629  0.390  0.292  0.302  0.213  0.136  0.114  0.172  0.191  0.222  0.275  0.231  0.206  0.279  0.168  0.188  0.118  0.017  0.016  0.065  0.160  0.277  0.387  0.541  0.743  0.640  0.474  0.255 -0.050 -0.226 -0.082 -0.171 -0.367 -0.411 -0.474 -0.515 -0.533 -0.487 -0.334 -0.136  0.014  0.145  0.129  0.125  0.046 -0.154 -0.277 -0.325 -0.302
 -0.225 -0.300 -0.346 -0.355 -0.174 -0.132 -0.047 -0.072  0.027  0.001 -0.135 -0.125 -0.060 -0.153 -0.073 -0.068 -0.002 -0.005 -0.077  0.121  0.380  0.661  0.663  0.798  1.000  0.725  0.541  0.608  0.461  0.247  0.221  0.188  0.109  0.060  0.105  0.095  0.121  0.163  0.119  0.093  0.142  0.054  0.045 -0.045 -0.127 -0.094 -0.082 -0.003  0.087  0.193  0.339  0.551  0.504  0.377  0.256 -0.013 -0.144 -0.080 -0.208 -0.330 -0.371 -0.401 -0.406 -0.447 -0.471 -0.383 -0.253 -0.141 -0.009 -0.001 -0.001 -0.026 -0.168 -0.104 -0.140 -0.121
 -0.293 -0.301 -0.299 -0.228 -0.045  0.002  0.053 -0.002  0.078 -0.010 -0.047 -0.016  0.018 -0.096 -0.045 -0.134 -0.142 -0.195 -0.237 -0.100  0.111  0.428  0.580  0.575  0.725  1.000  0.708  0.582  0.579  0.444  0.312  0.266  0.196  0.136  0.156  0.155  0.183  0.250  0.187  0.151  0.213  0.168  0.185  0.082 -0.003 -0.017  0.011  0.046  0.149  0.206  0.258  0.405  0.310  0.184  0.023 -0.152 -0.258 -0.184 -0.225 -0.324 -0.352 -0.379 -0.382 -0.359 -0.351 -0.220 -0.111  0.012  0.109  0.098  0.066  0.040 -0.113 -0.219 -0.243 -0.214
 -0.467 -0.433 -0.356 -0.186  0.105  0.156  0.217  0.140  0.200 -0.021  0.037  0.075  0.110 -0.086 -0.065 -0.236 -0.262 -0.378 -0.419 -0.281 -0.075  0.239  0.533  0.652  0.541  0.708  1.000  0.815  0.600  0.631  0.614  0.451  0.347  0.346  0.409  0.439  0.462  0.530  0.448  0.376  0.477  0.357  0.371  0.276  0.130  0.079  0.153  0.197  0.321  0.341  0.390  0.510  0.353  0.158 -0.079 -0.289 -0.429 -0.284 -0.275 -0.443 -0.466 -0.503 -0.529 -0.468 -0.399 -0.169  0.028  0.210  0.324  0.289  0.251  0.161 -0.150 -0.466 -0.527 -0.494
 -0.430 -0.416 -0.374 -0.252  0.031  0.058  0.142  0.067  0.136  0.010  0.006  0.031  0.091 -0.100 -0.072 -0.215 -0.226 -0.309 -0.360 -0.209 -0.013  0.256  0.452  0.629  0.608  0.582  0.815  1.000  0.754  0.626  0.694  0.608  0.455  0.405  0.488  0.449  0.433  0.453  0.372  0.328  0.416  0.266  0.246  0.149 -0.002 -0.003  0.048  0.109  0.214  0.247  0.338  0.467  0.358  0.170 -0.033 -0.267 -0.386 -0.259 -0.291 -0.448 -0.484 -0.512 -0.532 -0.501 -0.466 -0.272 -0.082  0.075  0.213  0.193  0.174  0.104 -0.204 -0.359 -0.426 -0.396
 -0.358 -0.319 -0.288 -0.161  0.066  0.073  0.116  0.022  0.068  0.027  0.052  0.096  0.124 -0.046 -0.043 -0.196 -0.238 -0.314 -0.346 -0.263 -0.123  0.113  0.261  0.390  0.461  0.579  0.600  0.754  1.000  0.792  0.652  0.716  0.639  0.491  0.473  0.358  0.253  0.259  0.162  0.175  0.286  0.154  0.156  0.072 -0.039 -0.025 -0.005  0.026  0.104  0.119  0.178  0.281  0.194  0.030 -0.141 -0.299 -0.372 -0.283 -0.290 -0.387 -0.410 -0.421 -0.420 -0.364 -0.349 -0.185 -0.057  0.047  0.144  0.106  0.079  0.040 -0.181 -0.257 -0.303 -0.266
 -0.426 -0.353 -0.268 -0.059  0.198  0.219  0.241  0.132  0.137 -0.030  0.122  0.178  0.184 -0.025 -0.043 -0.250 -0.323 -0.427 -0.449 -0.399 -0.275 -0.037  0.170  0.292  0.247  0.444  0.631  0.626  0.792  1.000  0.835  0.744  0.731  0.689  0.649  0.593  0.443  0.420  0.333  0.342  0.458  0.301  0.291  0.222  0.091  0.058  0.113  0.116  0.201  0.169  0.184  0.246  0.124 -0.046 -0.247 -0.371 -0.446 -0.329 -0.283 -0.392 -0.401 -0.416 -0.429 -0.329 -0.260 -0.052  0.097  0.236  0.318  0.287  0.239  0.168 -0.147 -0.438 -0.513 -0.474
 -0.450 -0.393 -0.312 -0.115  0.155  0.179  0.230  0.151  0.160 -0.021  0.107  0.137  0.153 -0.067 -0.084 -0.276 -0.332 -0.424 -0.446 -0.376 -0.257 -0.042  0.159  0.302  0.221  0.312  0.614  0.694  0.652  0.835  1.000  0.839  0.708  0.724  0.782  0.728  0.622  0.561  0.479  0.439  0.502  0.336  0.290  0.221  0.068  0.047  0.111  0.130  0.212  0.183  0.215  0.264  0.149 -0.015 -0.211 -0.354 -0.430 -0.301 -0.265 -0.392 -0.415 -0.438 -0.466 -0.385 -0.312 -0.106  0.054  0.208  0.309  0.300  0.263  0.187 -0.181 -0.463 -0.556 -0.523
 -0.366 -0.317 -0.271 -0.114  0.110  0.110  0.156  0.078  0.088  0.020  0.109  0.126  0.140 -0.060 -0.080 -0.236 -0.291 -0.354 -0.372 -0.326 -0.244 -0.071  0.075  0.213  0.188  0.266  0.451  0.608  0.716  0.744  0.839  1.000  0.852  0.714  0.718  0.543  0.374  0.329  0.241  0.250  0.333  0.183  0.162  0.113 -0.001  0.018  0.046  0.066  0.117  0.093  0.126  0.179  0.093 -0.053 -0.207 -0.321 -0.368 -0.271 -0.247 -0.338 -0.361 -0.370 -0.384 -0.317 -0.279 -0.120  0.002  0.104  0.181  0.151  0.126  0.075 -0.187 -0.315 -0.383 -0.347
 -0.299 -0.245 -0.201 -0.059  0.124  0.117  0.135  0.061  0.053  0.011  0.132  0.147  0.152 -0.021 -0.034 -0.185 -0.251 -0.307 -0.328 -0.309 -0.245 -0.105  0.010  0.136  0.109  0.196  0.347  0.455  0.639  0.731  0.708  0.852  1.000  0.840  0.699  0.531  0.253  0.209  0.132  0.164  0.280  0.130  0.121  0.088 -0.003  0.010  0.032  0.048  0.086  0.053  0.074  0.126  0.047 -0.084 -0.215 -0.301 -0.332 -0.252 -0.228 -0.294 -0.307 -0.303 -0.309 -0.236 -0.207 -0.073  0.027  0.100  0.158  0.131  0.100  0.054 -0.151 -0.292 -0.342 -0.308
 -0.307 -0.244 -0.195 -0.046  0.127  0.134  0.157  0.091  0.058 -0.034  0.136  0.152  0.156 -0.007 -0.030 -0.192 -0.256 -0.320 -0.337 -0.321 -0.255 -0.120  0.002  0.114  0.060  0.136  0.346  0.405  0.491  0.689  0.724  0.714  0.840  1.000  0.871  0.753  0.452  0.349  0.283  0.278  0.366  0.197  0.167  0.132  0.033  0.024  0.062  0.068  0.115  0.075  0.088  0.123  0.028 -0.094 -0.223 -0.296 -0.330 -0.253 -0.216 -0.284 -0.290 -0.295 -0.304 -0.224 -0.182 -0.046  0.051  0.148  0.205  0.209  0.169  0.109 -0.167 -0.357 -0.427 -0.403
 -0.363 -0.306 -0.256 -0.100  0.113  0.129  0.184  0.134  0.108 -0.049  0.112  0.127  0.147 -0.042 -0.066 -0.233 -0.286 -0.355 -0.368 -0.327 -0.243 -0.087  0.054  0.172  0.105  0.156  0.409  0.488  0.473  0.649  0.782  0.718  0.699  0.871  1.000  0.878  0.649  0.505  0.428  0.390  0.446  0.269  0.214  0.165  0.040  0.029  0.078  0.090  0.150  0.115  0.141  0.175  0.073 -0.058 -0.205 -0.304 -0.354 -0.260 -0.227 -0.321 -0.334 -0.348 -0.368 -0.297 -0.243 -0.090  0.035  0.167  0.249  0.264  0.230  0.156 -0.207 -0.393 -0.490 -0.473
 -0.393 -0.336 -0.267 -0.103  0.122  0.164  0.211  0.179  0.159 -0.103  0.066  0.093  0.108 -0.073 -0.086 -0.256 -0.306 -0.383 -0.389 -0.342 -0.245 -0.069  0.098  0.191  0.095  0.155  0.439  0.449  0.358  0.593  0.728  0.543  0.531  0.753  0.878  1.000  0.807  0.628  0.552  0.508  0.529  0.374  0.302  0.245  0.109  0.060  0.129  0.143  0.222  0.185  0.196  0.208  0.095 -0.026 -0.190 -0.291 -0.356 -0.244 -0.197 -0.309 -0.323 -0.350 -0.385 -0.314 -0.231 -0.059  0.083  0.241  0.327  0.366  0.328  0.252 -0.141 -0.463 -0.565 -0.547
 -0.409 -0.369 -0.300 -0.147  0.076  0.135  0.191  0.175  0.196 -0.077  0.039  0.058  0.061 -0.115 -0.134 -0.285 -0.321 -0.387 -0.378 -0.308 -0.209 -0.021  0.165  0.222  0.121  0.183  0.462  0.433  0.253  0.443  0.622  0.374  0.253  0.452  0.649  0.807  1.000  0.833  0.689  0.582  0.522  0.422  0.333  0.260  0.122  0.062  0.139  0.153  0.244  0.225  0.246  0.234  0.127  0.027 -0.141 -0.255 -0.325 -0.204 -0.161 -0.286 -0.317 -0.354 -0.402 -0.347 -0.254 -0.084  0.058  0.227  0.317  0.359  0.334  0.280 -0.109 -0.430 -0.539 -0.524
 -0.442 -0.408 -0.330 -0.175  0.060  0.130  0.179  0.170  0.237 -0.028  0.057  0.049  0.042 -0.135 -0.145 -0.297 -0.337 -0.405 -0.396 -0.310 -0.205  0.013  0.227  0.275  0.163  0.250  0.530  0.453  0.259  0.420  0.561  0.329  0.209  0.349  0.505  0.628  0.833  1.000  0.813  0.560  0.551  0.489  0.398  0.291  0.136  0.069  0.156  0.171  0.283  0.275  0.288  0.276  0.158  0.059 -0.131 -0.268 -0.340 -0.202 -0.162 -0.300 -0.349 -0.398 -0.447 -0.390 -0.297 -0.106  0.041  0.223  0.325  0.351  0.315  0.250 -0.096 -0.446 -0.528 -0.507
 -0.421 -0.394 -0.312 -0.158  0.056  0.143  0.183  0.165  0.270 -0.058  0.016  0.012  0.017 -0.142 -0.144 -0.283 -0.313 -0.380 -0.365 -0.280 -0.186  0.011  0.202  0.231  0.119  0.187  0.448  0.372  0.162  0.333  0.479  0.241  0.132  0.283  0.428  0.552  0.689  0.813  1.000  0.712  0.657  0.606  0.465  0.328  0.148  0.069  0.161  0.166  0.297  0.287  0.279  0.243  0.146  0.074 -0.108 -0.235 -0.300 -0.159 -0.116 -0.257 -0.313 -0.376 -0.423 -0.372 -0.272 -0.089  0.061  0.250  0.379  0.458  0.454  0.385 -0.001 -0.457 -0.552 -0.547
 -0.430 -0.375 -0.285 -0.088  0.139  0.232  0.266  0.171  0.221 -0.162 -0.003  0.064  0.055 -0.107 -0.134 -0.288 -0.331 -0.411 -0.396 -0.347 -0.244 -0.028  0.170  0.206  0.093  0.151  0.376  0.328  0.175  0.342  0.439  0.250  0.164  0.278  0.390  0.508  0.582  0.560  0.712  1.000  0.813  0.716  0.545  0.414  0.211  0.099  0.188  0.222  0.370  0.323  0.283  0.236  0.126  0.044 -0.150 -0.250 -0.335 -0.187 -0.109 -0.262 -0.281 -0.349 -0.405 -0.331 -0.215 -0.031  0.158  0.358  0.517  0.641  0.708  0.701  0.217 -0.485 -0.647 -0.643
 -0.491 -0.419 -0.302 -0.059  0.221  0.321  0.367  0.246  0.282 -0.138  0.042  0.116  0.121 -0.080 -0.113 -0.302 -0.358 -0.470 -0.475 -0.412 -0.283 -0.033  0.211  0.279  0.142  0.213  0.477  0.416  0.286  0.458  0.502  0.333  0.280  0.366  0.446  0.529  0.522  0.551  0.657  0.813  1.000  0.794  0.650  0.502  0.261  0.110  0.222  0.270  0.434  0.384  0.339  0.298  0.150  0.042 -0.192 -0.318 -0.420 -0.250 -0.162 -0.338 -0.353 -0.425 -0.475 -0.373 -0.247 -0.010  0.223  0.465  0.647  0.716  0.721  0.608  0.087 -0.565 -0.711 -0.706
 -0.445 -0.376 -0.268 -0.034  0.218  0.320  0.335  0.204  0.294 -0.115  0.054  0.107  0.102 -0.086 -0.137 -0.303 -0.363 -0.454 -0.440 -0.399 -0.301 -0.071  0.164  0.168  0.054  0.168  0.357  0.266  0.154  0.301  0.336  0.183  0.130  0.197  0.269  0.374  0.422  0.489  0.606  0.716  0.794  1.000  0.805  0.586  0.324  0.125  0.228  0.260  0.457  0.426  0.329  0.214  0.083  0.026 -0.193 -0.280 -0.360 -0.201 -0.096 -0.249 -0.274 -0.352 -0.405 -0.309 -0.182  0.036  0.258  0.496  0.678  0.779  0.689  0.611  0.168 -0.549 -0.647 -0.637
 -0.447 -0.364 -0.239  0.022  0.290  0.384  0.412  0.282  0.297 -0.102  0.106  0.162  0.148 -0.059 -0.128 -0.317 -0.381 -0.484 -0.473 -0.444 -0.342 -0.090  0.190  0.188  0.045  0.185  0.371  0.246  0.156  0.291  0.290  0.162  0.121  0.167  0.214  0.302  0.333  0.398  0.465  0.545  0.650  0.805  1.000  0.793  0.490  0.201  0.312  0.342  0.560  0.523  0.390  0.266  0.094  0.016 -0.225 -0.308 -0.399 -0.239 -0.113 -0.269 -0.275 -0.349 -0.387 -0.271 -0.140  0.110  0.363  0.621  0.701  0.672  0.551  0.432  0.084 -0.552 -0.638 -0.622
 -0.413 -0.315 -0.175  0.090  0.334  0.435  0.446  0.314  0.281 -0.140  0.083  0.142  0.130 -0.071 -0.150 -0.336 -0.397 -0.488 -0.459 -0.461 -0.390 -0.159  0.106  0.118 -0.045  0.082  0.276  0.149  0.072  0.222  0.221  0.113  0.088  0.132  0.165  0.245  0.260  0.291  0.328  0.414  0.502  0.586  0.793  1.000  0.756  0.402  0.513  0.536  0.609  0.483  0.344  0.224  0.060 -0.022 -0.257 -0.303 -0.381 -0.234 -0.090 -0.220 -0.191 -0.250 -0.292 -0.169 -0.021  0.217  0.471  0.709  0.671  0.585  0.470  0.332  0.071 -0.533 -0.604 -0.593
 -0.299 -0.209 -0.094  0.107  0.254  0.336  0.319  0.223  0.184 -0.148  0.041  0.090  0.083 -0.057 -0.142 -0.290 -0.341 -0.404 -0.355 -0.390 -0.360 -0.192  0.026  0.017 -0.127 -0.003  0.130 -0.002 -0.039  0.091  0.068 -0.001 -0.003  0.033  0.040  0.109  0.122  0.136  0.148  0.211  0.261  0.324  0.490  0.756  1.000  0.663  0.566  0.540  0.438  0.384  0.256  0.125 -0.025 -0.072 -0.242 -0.230 -0.290 -0.192 -0.046 -0.123 -0.066 -0.085 -0.136 -0.041  0.099  0.277  0.438  0.547  0.458  0.363  0.275  0.182  0.075 -0.373 -0.405 -0.401
 -0.199 -0.149 -0.085  0.031  0.117  0.170  0.164  0.090  0.097 -0.104  0.009  0.011  0.028 -0.072 -0.113 -0.204 -0.230 -0.265 -0.228 -0.259 -0.252 -0.139  0.004  0.016 -0.094 -0.017  0.079 -0.003 -0.025  0.058  0.047  0.018  0.010  0.024  0.029  0.060  0.062  0.069  0.069  0.099  0.110  0.125  0.201  0.402  0.663  1.000  0.711  0.480  0.275  0.207  0.153  0.095  0.000 -0.051 -0.165 -0.160 -0.194 -0.134 -0.050 -0.091 -0.054 -0.062 -0.105 -0.059  0.012  0.109  0.225  0.303  0.235  0.162  0.123  0.050  0.031 -0.248 -0.257 -0.244
 -0.279 -0.215 -0.112  0.025  0.159  0.218  0.222  0.141  0.133 -0.160  0.027  0.053  0.046 -0.071 -0.120 -0.248 -0.269 -0.324 -0.283 -0.301 -0.272 -0.125  0.057  0.065 -0.082  0.011  0.153  0.048 -0.005  0.113  0.111  0.046  0.032  0.062  0.078  0.129  0.139  0.156  0.161  0.188  0.222  0.228  0.312  0.513  0.566  0.711  1.000  0.701  0.456  0.266  0.184  0.148  0.045 -0.016 -0.169 -0.185 -0.234 -0.144 -0.049 -0.115 -0.090 -0.118 -0.174 -0.109 -0.024  0.089  0.233  0.365  0.326  0.264  0.212  0.114  0.032 -0.346 -0.362 -0.357
 -0.319 -0.258 -0.160  0.004  0.173  0.238  0.241  0.150  0.168 -0.107  0.041  0.076  0.091 -0.046 -0.101 -0.233 -0.269 -0.350 -0.348 -0.335 -0.250 -0.073  0.134  0.160 -0.003  0.046  0.197  0.109  0.026  0.116  0.130  0.066  0.048  0.068  0.090  0.143  0.153  0.171  0.166  0.222  0.270  0.260  0.342  0.536  0.540  0.480  0.701  1.000  0.704  0.443  0.277  0.247  0.089 -0.003 -0.190 -0.249 -0.328 -0.220 -0.112 -0.215 -0.187 -0.212 -0.254 -0.183 -0.103  0.054  0.200  0.330  0.338  0.290  0.240  0.150  0.030 -0.349 -0.385 -0.383
 -0.444 -0.390 -0.264 -0.068  0.173  0.264  0.262  0.186  0.239 -0.096  0.064  0.085  0.067 -0.118 -0.180 -0.329 -0.353 -0.433 -0.406 -0.358 -0.247  0.018  0.282  0.277  0.087  0.149  0.321  0.214  0.104  0.201  0.212  0.117  0.086  0.115  0.150  0.222  0.244  0.283  0.297  0.370  0.434  0.457  0.560  0.609  0.438  0.275  0.456  0.704  1.000  0.729  0.501  0.409  0.212  0.144 -0.106 -0.211 -0.313 -0.133 -0.014 -0.194 -0.214 -0.311 -0.382 -0.306 -0.182  0.028  0.226  0.407  0.462  0.440  0.378  0.271  0.054 -0.463 -0.527 -0.513
 -0.468 -0.444 -0.327 -0.164  0.081  0.173  0.204  0.130  0.191 -0.114  0.010  0.013 -0.003 -0.197 -0.245 -0.369 -0.366 -0.432 -0.390 -0.304 -0.168  0.159  0.417  0.387  0.193  0.206  0.341  0.247  0.119  0.169  0.183  0.093  0.053  0.075  0.115  0.185  0.225  0.275  0.287  0.323  0.384  0.426  0.523  0.483  0.384  0.207  0.266  0.443  0.729  1.000  0.787  0.587  0.341  0.313  0.027 -0.124 -0.254 -0.034  0.073 -0.155 -0.196 -0.323 -0.423 -0.374 -0.235 -0.027  0.172  0.314  0.387  0.380  0.324  0.222  0.038 -0.386 -0.451 -0.444
 -0.499 -0.514 -0.395 -0.276  0.000  0.093  0.144  0.083  0.158 -0.109 -0.043 -0.063 -0.076 -0.281 -0.289 -0.391 -0.341 -0.387 -0.331 -0.190 -0.030  0.344  0.549  0.541  0.339  0.258  0.390  0.338  0.178  0.184  0.215  0.126  0.074  0.088  0.141  0.196  0.246  0.288  0.279  0.283  0.339  0.329  0.390  0.344  0.256  0.153  0.184  0.277  0.501  0.787  1.000  0.807  0.600  0.555  0.230 -0.010 -0.161  0.100  0.124 -0.144 -0.219 -0.371 -0.493 -0.479 -0.322 -0.131  0.091  0.220  0.305  0.299  0.266  0.149 -0.024 -0.341 -0.411 -0.402
 -0.458 -0.500 -0.420 -0.337 -0.054  0.021  0.100  0.062  0.133 -0.076 -0.061 -0.077 -0.059 -0.249 -0.216 -0.299 -0.227 -0.277 -0.273 -0.085  0.139  0.532  0.705  0.743  0.551  0.405  0.510  0.467  0.281  0.246  0.264  0.179  0.126  0.123  0.175  0.208  0.234  0.276  0.243  0.236  0.298  0.214  0.266  0.224  0.125  0.095  0.148  0.247  0.409  0.587  0.807  1.000  0.779  0.614  0.299 -0.013 -0.196  0.030 -0.035 -0.290 -0.349 -0.458 -0.541 -0.541 -0.436 -0.259 -0.037  0.104  0.210  0.193  0.184  0.082 -0.098 -0.317 -0.377 -0.359
 -0.362 -0.454 -0.407 -0.426 -0.195 -0.140 -0.052 -0.045  0.043 -0.062 -0.141 -0.211 -0.195 -0.332 -0.252 -0.261 -0.139 -0.123 -0.085  0.122  0.294  0.610  0.594  0.640  0.504  0.310  0.353  0.358  0.194  0.124  0.149  0.093  0.047  0.028  0.073  0.095  0.127  0.158  0.146  0.126  0.150  0.083  0.094  0.060 -0.025  0.000  0.045  0.089  0.212  0.341  0.600  0.779  1.000  0.794  0.508  0.176  0.043  0.238  0.075 -0.136 -0.236 -0.354 -0.456 -0.516 -0.429 -0.353 -0.155 -0.058  0.045  0.045  0.065 -0.006 -0.087 -0.141 -0.180 -0.167
 -0.298 -0.424 -0.394 -0.464 -0.294 -0.229 -0.153 -0.117 -0.013 -0.087 -0.190 -0.301 -0.305 -0.410 -0.331 -0.268 -0.111 -0.037  0.066  0.276  0.398  0.655  0.540  0.474  0.377  0.184  0.158  0.170  0.030 -0.046 -0.015 -0.053 -0.084 -0.094 -0.058 -0.026  0.027  0.059  0.074  0.044  0.042  0.026  0.016 -0.022 -0.072 -0.051 -0.016 -0.003  0.144  0.313  0.555  0.614  0.794  1.000  0.749  0.413  0.290  0.487  0.279  0.073 -0.062 -0.221 -0.352 -0.443 -0.349 -0.343 -0.195 -0.135 -0.049 -0.020  0.005 -0.047 -0.033 -0.019 -0.046 -0.046
 -0.046 -0.203 -0.245 -0.417 -0.393 -0.361 -0.298 -0.221 -0.146 -0.078 -0.244 -0.360 -0.352 -0.347 -0.247 -0.074  0.108  0.246  0.379  0.555  0.582  0.601  0.346  0.255  0.256  0.023 -0.079 -0.033 -0.141 -0.247 -0.211 -0.207 -0.215 -0.223 -0.205 -0.190 -0.141 -0.131 -0.108 -0.150 -0.192 -0.193 -0.225 -0.257 -0.242 -0.165 -0.169 -0.190 -0.106  0.027  0.230  0.299  0.508  0.749  1.000  0.726  0.587  0.641  0.380  0.281  0.151 -0.008 -0.115 -0.248 -0.212 -0.329 -0.305 -0.318 -0.272 -0.224 -0.173 -0.171 -0.030  0.198  0.209  0.197
  0.138  0.023 -0.032 -0.219 -0.337 -0.316 -0.294 -0.221 -0.201 -0.096 -0.211 -0.302 -0.312 -0.222 -0.164  0.023  0.164  0.322  0.526  0.516  0.413  0.299  0.082 -0.050 -0.013 -0.152 -0.289 -0.267 -0.299 -0.371 -0.354 -0.321 -0.301 -0.296 -0.304 -0.291 -0.255 -0.268 -0.235 -0.250 -0.318 -0.280 -0.308 -0.303 -0.230 -0.160 -0.185 -0.249 -0.211 -0.124 -0.010 -0.013  0.176  0.413  0.726  1.000  0.778  0.655  0.547  0.543  0.485  0.271  0.162  0.035  0.052 -0.133 -0.228 -0.295 -0.324 -0.264 -0.216 -0.187  0.039  0.259  0.297  0.278
  0.228  0.100  0.016 -0.223 -0.400 -0.403 -0.380 -0.281 -0.264 -0.067 -0.230 -0.362 -0.383 -0.246 -0.187  0.044  0.172  0.391  0.606  0.595  0.375  0.180 -0.099 -0.226 -0.144 -0.258 -0.429 -0.386 -0.372 -0.446 -0.430 -0.368 -0.332 -0.330 -0.354 -0.356 -0.325 -0.340 -0.300 -0.335 -0.420 -0.360 -0.399 -0.381 -0.290 -0.194 -0.234 -0.328 -0.313 -0.254 -0.161 -0.196  0.043  0.290  0.587  0.778  1.000  0.811  0.606  0.688  0.519  0.360  0.268  0.119  0.110 -0.136 -0.265 -0.373 -0.425 -0.365 -0.300 -0.248  0.059  0.401  0.461  0.431
  0.003 -0.119 -0.125 -0.297 -0.365 -0.332 -0.305 -0.226 -0.170 -0.106 -0.226 -0.369 -0.410 -0.367 -0.321 -0.161 -0.021  0.180  0.395  0.443  0.267  0.232  0.031 -0.082 -0.080 -0.184 -0.284 -0.259 -0.283 -0.329 -0.301 -0.271 -0.252 -0.253 -0.260 -0.244 -0.204 -0.202 -0.159 -0.187 -0.250 -0.201 -0.239 -0.234 -0.192 -0.134 -0.144 -0.220 -0.133 -0.034  0.100  0.030  0.238  0.487  0.641  0.655  0.811  1.000  0.784  0.662  0.421  0.223  0.086 -0.045  0.018 -0.156 -0.196 -0.260 -0.275 -0.218 -0.157 -0.149  0.076  0.251  0.283  0.257
 -0.035 -0.084 -0.035 -0.138 -0.219 -0.172 -0.178 -0.138 -0.111 -0.138 -0.159 -0.261 -0.316 -0.283 -0.291 -0.225 -0.137  0.020  0.230  0.216  0.023  0.013 -0.059 -0.171 -0.208 -0.225 -0.275 -0.291 -0.290 -0.283 -0.265 -0.247 -0.228 -0.216 -0.227 -0.197 -0.161 -0.162 -0.116 -0.109 -0.162 -0.096 -0.113 -0.090 -0.046 -0.050 -0.049 -0.112 -0.014  0.073  0.124 -0.035  0.075  0.279  0.380  0.547  0.606  0.784  1.000  0.772  0.600  0.327  0.166  0.065  0.161  0.019 -0.034 -0.093 -0.136 -0.080 -0.040 -0.051  0.132  0.120  0.145  0.125
  0.178  0.130  0.111 -0.056 -0.248 -0.239 -0.259 -0.193 -0.198 -0.107 -0.160 -0.263 -0.314 -0.195 -0.198 -0.079 -0.019  0.166  0.363  0.295  0.041 -0.095 -0.239 -0.367 -0.330 -0.324 -0.443 -0.448 -0.387 -0.392 -0.392 -0.338 -0.294 -0.284 -0.321 -0.309 -0.286 -0.300 -0.257 -0.262 -0.338 -0.249 -0.269 -0.220 -0.123 -0.091 -0.115 -0.215 -0.194 -0.155 -0.144 -0.290 -0.136  0.073  0.281  0.543  0.688  0.662  0.772  1.000  0.781  0.528  0.384  0.261  0.297  0.073 -0.071 -0.187 -0.278 -0.233 -0.187 -0.153  0.135  0.279  0.340  0.312
  0.269  0.273  0.256  0.092 -0.148 -0.153 -0.198 -0.157 -0.203 -0.114 -0.137 -0.192 -0.231 -0.070 -0.073  0.023  0.048  0.164  0.313  0.194 -0.018 -0.181 -0.298 -0.411 -0.371 -0.352 -0.466 -0.484 -0.410 -0.401 -0.415 -0.361 -0.307 -0.290 -0.334 -0.323 -0.317 -0.349 -0.313 -0.281 -0.353 -0.274 -0.275 -0.191 -0.066 -0.054 -0.090 -0.187 -0.214 -0.196 -0.219 -0.349 -0.236 -0.062  0.151  0.485  0.519  0.421  0.600  0.781  1.000  0.757  0.563  0.431  0.471  0.213  0.027 -0.110 -0.240 -0.203 -0.169 -0.136  0.140  0.245  0.305  0.278
  0.454  0.444  0.364  0.162 -0.146 -0.180 -0.227 -0.158 -0.213 -0.077 -0.135 -0.164 -0.192  0.029  0.040  0.177  0.174  0.253  0.313  0.152 -0.034 -0.260 -0.387 -0.474 -0.401 -0.379 -0.503 -0.512 -0.421 -0.416 -0.438 -0.370 -0.303 -0.295 -0.348 -0.350 -0.354 -0.398 -0.376 -0.349 -0.425 -0.352 -0.349 -0.250 -0.085 -0.062 -0.118 -0.212 -0.311 -0.323 -0.371 -0.458 -0.354 -0.221 -0.008  0.271  0.360  0.223  0.327  0.528  0.757  1.000  0.780  0.583  0.557  0.249  0.007 -0.154 -0.300 -0.280 -0.248 -0.181  0.122  0.308  0.391  0.369
  0.623  0.632  0.509  0.293 -0.090 -0.147 -0.211 -0.164 -0.247 -0.051 -0.116 -0.115 -0.114  0.163  0.202  0.371  0.338  0.364  0.325  0.142 -0.008 -0.302 -0.441 -0.515 -0.406 -0.382 -0.529 -0.532 -0.420 -0.429 -0.466 -0.384 -0.309 -0.304 -0.368 -0.385 -0.402 -0.447 -0.423 -0.405 -0.475 -0.405 -0.387 -0.292 -0.136 -0.105 -0.174 -0.254 -0.382 -0.423 -0.493 -0.541 -0.456 -0.352 -0.115  0.162  0.268  0.086  0.166  0.384  0.563  0.780  1.000  0.814  0.624  0.321  0.015 -0.160 -0.327 -0.317 -0.293 -0.210  0.110  0.340  0.431  0.408
  0.521  0.641  0.580  0.501  0.113  0.051 -0.076 -0.078 -0.189 -0.049 -0.019  0.040  0.042  0.299  0.271  0.329  0.240  0.220  0.186 -0.024 -0.150 -0.404 -0.466 -0.533 -0.447 -0.359 -0.468 -0.501 -0.364 -0.329 -0.385 -0.317 -0.236 -0.224 -0.297 -0.314 -0.347 -0.390 -0.372 -0.331 -0.373 -0.309 -0.271 -0.169 -0.041 -0.059 -0.109 -0.183 -0.306 -0.374 -0.479 -0.541 -0.516 -0.443 -0.248  0.035  0.119 -0.045  0.065  0.261  0.431  0.583  0.814  1.000  0.795  0.528  0.201  0.010 -0.179 -0.187 -0.190 -0.133  0.109  0.213  0.288  0.263
  0.289  0.397  0.490  0.534  0.239  0.211  0.028  0.015 -0.088 -0.114  0.003  0.073  0.040  0.206  0.126  0.091  0.043  0.030  0.081 -0.114 -0.252 -0.415 -0.412 -0.487 -0.471 -0.351 -0.399 -0.466 -0.349 -0.260 -0.312 -0.279 -0.207 -0.182 -0.243 -0.231 -0.254 -0.297 -0.272 -0.215 -0.247 -0.182 -0.140 -0.021  0.099  0.012 -0.024 -0.103 -0.182 -0.235 -0.322 -0.436 -0.429 -0.349 -0.212  0.052  0.110  0.018  0.161  0.297  0.471  0.557  0.624  0.795  1.000  0.726  0.422  0.190 -0.011 -0.039 -0.053 -0.034  0.135  0.067  0.123  0.102
  0.049  0.199  0.383  0.659  0.499  0.517  0.259  0.186  0.086 -0.075  0.129  0.244  0.200  0.251  0.125 -0.019 -0.101 -0.191 -0.156 -0.327 -0.387 -0.426 -0.297 -0.334 -0.383 -0.220 -0.169 -0.272 -0.185 -0.052 -0.106 -0.120 -0.073 -0.046 -0.090 -0.059 -0.084 -0.106 -0.089 -0.031 -0.010  0.036  0.110  0.217  0.277  0.109  0.089  0.054  0.028 -0.027 -0.131 -0.259 -0.353 -0.343 -0.329 -0.133 -0.136 -0.156  0.019  0.073  0.213  0.249  0.321  0.528  0.726  1.000  0.732  0.455  0.263  0.187  0.130  0.090  0.098 -0.183 -0.179 -0.192
 -0.180 -0.022  0.192  0.515  0.637  0.634  0.423  0.309  0.187 -0.126  0.126  0.244  0.223  0.121  0.025 -0.178 -0.260 -0.352 -0.322 -0.414 -0.421 -0.331 -0.141 -0.136 -0.253 -0.111  0.028 -0.082 -0.057  0.097  0.054  0.002  0.027  0.051  0.035  0.083  0.058  0.041  0.061  0.158  0.223  0.258  0.363  0.471  0.438  0.225  0.233  0.200  0.226  0.172  0.091 -0.037 -0.155 -0.195 -0.305 -0.228 -0.265 -0.196 -0.034 -0.071  0.027  0.007  0.015  0.201  0.422  0.732  1.000  0.731  0.550  0.413  0.324  0.218  0.101 -0.369 -0.411 -0.416
 -0.328 -0.187 -0.010  0.323  0.563  0.661  0.630  0.474  0.328 -0.149  0.144  0.263  0.249  0.057 -0.053 -0.260 -0.348 -0.462 -0.434 -0.495 -0.447 -0.266 -0.000  0.014 -0.141  0.012  0.210  0.075  0.047  0.236  0.208  0.104  0.100  0.148  0.167  0.241  0.227  0.223  0.250  0.358  0.465  0.496  0.621  0.709  0.547  0.303  0.365  0.330  0.407  0.314  0.220  0.104 -0.058 -0.135 -0.318 -0.295 -0.373 -0.260 -0.093 -0.187 -0.110 -0.154 -0.160  0.010  0.190  0.455  0.731  1.000  0.836  0.644  0.505  0.336  0.063 -0.568 -0.643 -0.626
 -0.425 -0.298 -0.129  0.206  0.530  0.632  0.650  0.446  0.366 -0.141  0.125  0.250  0.271  0.038 -0.059 -0.274 -0.364 -0.494 -0.486 -0.492 -0.393 -0.161  0.108  0.145 -0.009  0.109  0.324  0.213  0.144  0.318  0.309  0.181  0.158  0.205  0.249  0.327  0.317  0.325  0.379  0.517  0.647  0.678  0.701  0.671  0.458  0.235  0.326  0.338  0.462  0.387  0.305  0.210  0.045 -0.049 -0.272 -0.324 -0.425 -0.275 -0.136 -0.278 -0.240 -0.300 -0.327 -0.179 -0.011  0.263  0.550  0.836  1.000  0.818  0.661  0.475  0.073 -0.630 -0.731 -0.713
 -0.405 -0.297 -0.150  0.133  0.378  0.488  0.504  0.280  0.267 -0.203  0.045  0.164  0.187  0.007 -0.076 -0.261 -0.336 -0.453 -0.436 -0.434 -0.335 -0.119  0.119  0.129 -0.001  0.098  0.289  0.193  0.106  0.287  0.300  0.151  0.131  0.209  0.264  0.366  0.359  0.351  0.458  0.641  0.716  0.779  0.672  0.585  0.363  0.162  0.264  0.290  0.440  0.380  0.299  0.193  0.045 -0.020 -0.224 -0.264 -0.365 -0.218 -0.080 -0.233 -0.203 -0.280 -0.317 -0.187 -0.039  0.187  0.413  0.644  0.818  1.000  0.853  0.678  0.226 -0.594 -0.707 -0.698
 -0.367 -0.286 -0.160  0.072  0.280  0.380  0.406  0.231  0.203 -0.230 -0.008  0.087  0.095 -0.054 -0.108 -0.257 -0.309 -0.398 -0.370 -0.364 -0.290 -0.097  0.109  0.125 -0.001  0.066  0.251  0.174  0.079  0.239  0.263  0.126  0.100  0.169  0.230  0.328  0.334  0.315  0.454  0.708  0.721  0.689  0.551  0.470  0.275  0.123  0.212  0.240  0.378  0.324  0.266  0.184  0.065  0.005 -0.173 -0.216 -0.300 -0.157 -0.040 -0.187 -0.169 -0.248 -0.293 -0.190 -0.053  0.130  0.324  0.505  0.661  0.853  1.000  0.834  0.384 -0.504 -0.645 -0.652
 -0.260 -0.198 -0.120  0.057  0.181  0.263  0.241  0.124  0.165 -0.212 -0.018  0.069  0.065 -0.027 -0.079 -0.181 -0.229 -0.302 -0.288 -0.297 -0.237 -0.100  0.049  0.046 -0.026  0.040  0.161  0.104  0.040  0.168  0.187  0.075  0.054  0.109  0.156  0.252  0.280  0.250  0.385  0.701  0.608  0.611  0.432  0.332  0.182  0.050  0.114  0.150  0.271  0.222  0.149  0.082 -0.006 -0.047 -0.171 -0.187 -0.248 -0.149 -0.051 -0.153 -0.136 -0.181 -0.210 -0.133 -0.034  0.090  0.218  0.336  0.475  0.678  0.834  1.000  0.579 -0.353 -0.524 -0.550
  0.038  0.039  0.050  0.050  0.003  0.016 -0.005 -0.079 -0.112 -0.203 -0.126 -0.128 -0.131 -0.091 -0.088 -0.072 -0.059 -0.031  0.014 -0.039 -0.089 -0.092 -0.082 -0.154 -0.168 -0.113 -0.150 -0.204 -0.181 -0.147 -0.181 -0.187 -0.151 -0.167 -0.207 -0.141 -0.109 -0.096 -0.001  0.217  0.087  0.168  0.084  0.071  0.075  0.031  0.032  0.030  0.054  0.038 -0.024 -0.098 -0.087 -0.033 -0.030  0.039  0.059  0.076  0.132  0.135  0.140  0.122  0.110  0.109  0.135  0.098  0.101  0.063  0.073  0.226  0.384  0.579  1.000 -0.043 -0.082 -0.104
  0.407  0.296  0.142 -0.142 -0.395 -0.496 -0.489 -0.433 -0.486 -0.013 -0.255 -0.294 -0.284 -0.070 -0.003  0.221  0.297  0.436  0.442  0.443  0.304  0.052 -0.233 -0.277 -0.104 -0.219 -0.466 -0.359 -0.257 -0.438 -0.463 -0.315 -0.292 -0.357 -0.393 -0.463 -0.430 -0.446 -0.457 -0.485 -0.565 -0.549 -0.552 -0.533 -0.373 -0.248 -0.346 -0.349 -0.463 -0.386 -0.341 -0.317 -0.141 -0.019  0.198  0.259  0.401  0.251  0.120  0.279  0.245  0.308  0.340  0.213  0.067 -0.183 -0.369 -0.568 -0.630 -0.594 -0.504 -0.353 -0.043  1.000  0.826  0.655
  0.493  0.373  0.207 -0.133 -0.448 -0.562 -0.559 -0.495 -0.505 -0.001 -0.288 -0.347 -0.326 -0.060  0.021  0.268  0.349  0.511  0.518  0.505  0.334  0.041 -0.269 -0.325 -0.140 -0.243 -0.527 -0.426 -0.303 -0.513 -0.556 -0.383 -0.342 -0.427 -0.490 -0.565 -0.539 -0.528 -0.552 -0.647 -0.711 -0.647 -0.638 -0.604 -0.405 -0.257 -0.362 -0.385 -0.527 -0.451 -0.411 -0.377 -0.180 -0.046  0.209  0.297  0.461  0.283  0.145  0.340  0.305  0.391  0.431  0.288  0.123 -0.179 -0.411 -0.643 -0.731 -0.707 -0.645 -0.524 -0.082  0.826  1.000  0.880
