  1.000  0.763  0.421  0.210 -0.180 -0.292 -0.345 -0.267 -0.186 -0.226 -0.278 -0.227 -0.132  0.121  0.258  0.600  0.531  0.490  0.316  0.188  0.156 -0.050 -0.223 -0.263 -0.120 -0.164 -0.282 -0.272 -0.263 -0.320 -0.318 -0.305 -0.261 -0.222 -0.252 -0.225 -0.156 -0.247 -0.154 -0.216 -0.308 -0.260 -0.319 -0.321 -0.267 -0.173 -0.197 -0.248 -0.352 -0.377 -0.383 -0.340 -0.230 -0.173 -0.024  0.095  0.132 -0.030 -0.065  0.086  0.172  0.303  0.542  0.464  0.170  0.041 -0.154 -0.289 -0.367 -0.295 -0.213 -0.091  0.240  0.285  0.374  0.401
  0.763  1.000  0.648  0.378 -0.073 -0.224 -0.335 -0.287 -0.235 -0.254 -0.277 -0.175 -0.074  0.207  0.448  0.549  0.369  0.346  0.209  0.088  0.042 -0.166 -0.314 -0.356 -0.207 -0.185 -0.285 -0.278 -0.262 -0.304 -0.285 -0.278 -0.237 -0.160 -0.190 -0.167 -0.104 -0.209 -0.057 -0.178 -0.258 -0.223 -0.284 -0.282 -0.266 -0.177 -0.176 -0.251 -0.333 -0.392 -0.440 -0.426 -0.327 -0.281 -0.137  0.019  0.071 -0.101 -0.090  0.084  0.191  0.300  0.580  0.631  0.299  0.167 -0.044 -0.229 -0.338 -0.272 -0.206 -0.110  0.228  0.209  0.364  0.378
  0.421  0.648  1.000  0.584  0.122 -0.075 -0.219 -0.259 -0.229 -0.219 -0.118 -0.007  0.097  0.318  0.530  0.306  0.232  0.169  0.047 -0.082 -0.122 -0.274 -0.340 -0.351 -0.308 -0.263 -0.280 -0.283 -0.287 -0.212 -0.148 -0.186 -0.152 -0.046 -0.065 -0.059 -0.032 -0.055 -0.022 -0.164 -0.208 -0.231 -0.242 -0.217 -0.196 -0.113 -0.089 -0.141 -0.184 -0.282 -0.325 -0.346 -0.304 -0.297 -0.213 -0.073 -0.022 -0.101 -0.039  0.076  0.166  0.245  0.405  0.485  0.425  0.286  0.077 -0.141 -0.246 -0.276 -0.255 -0.202  0.014  0.084  0.297  0.310
  0.210  0.378  0.584  1.000  0.528  0.312  0.072 -0.040 -0.105 -0.032  0.153  0.319  0.358  0.471  0.336  0.214  0.131  0.034 -0.071 -0.175 -0.189 -0.285 -0.303 -0.276 -0.229 -0.196 -0.221 -0.208 -0.185 -0.209 -0.198 -0.174 -0.161 -0.145 -0.188 -0.202 -0.143 -0.117 -0.099 -0.162 -0.185 -0.156 -0.131 -0.113 -0.119 -0.107 -0.111 -0.093 -0.155 -0.202 -0.254 -0.280 -0.294 -0.324 -0.284 -0.200 -0.179 -0.235 -0.149 -0.093 -0.032  0.034  0.198  0.364  0.388  0.509  0.308  0.047 -0.049 -0.114 -0.116 -0.088  0.041  0.137  0.228  0.192
 -0.180 -0.073  0.122  0.528  1.000  0.734  0.466  0.274  0.100  0.200  0.365  0.517  0.548  0.336  0.124 -0.038 -0.082 -0.185 -0.234 -0.259 -0.233 -0.190 -0.124 -0.050 -0.088 -0.078 -0.030 -0.013 -0.019 -0.012 -0.012 -0.009 -0.018 -0.044 -0.056 -0.082 -0.086 -0.019 -0.043 -0.009  0.052  0.090  0.125  0.117  0.061 -0.008 -0.019  0.032  0.053  0.031  0.013 -0.019 -0.097 -0.165 -0.240 -0.269 -0.303 -0.259 -0.196 -0.250 -0.231 -0.218 -0.205 -0.088  0.074  0.292  0.428  0.331  0.360  0.214  0.106  0.038 -0.121 -0.078 -0.101 -0.133
 -0.292 -0.224 -0.075  0.312  0.734  1.000  0.716  0.517  0.316  0.415  0.520  0.603  0.466  0.221 -0.062 -0.134 -0.165 -0.281 -0.311 -0.329 -0.273 -0.190 -0.084 -0.005 -0.061 -0.058 -0.002 -0.007  0.013  0.013 -0.010  0.013  0.015 -0.018 -0.040 -0.056 -0.041  0.060 -0.015  0.066  0.131  0.160  0.203  0.195  0.116  0.012 -0.016  0.058  0.098  0.102  0.082  0.035 -0.083 -0.163 -0.264 -0.303 -0.359 -0.287 -0.208 -0.294 -0.287 -0.287 -0.290 -0.197 -0.029  0.256  0.371  0.440  0.479  0.349  0.212  0.122 -0.147 -0.102 -0.202 -0.247
 -0.345 -0.335 -0.219  0.072  0.466  0.716  1.000  0.779  0.510  0.635  0.578  0.443  0.346  0.105 -0.131 -0.170 -0.196 -0.306 -0.322 -0.306 -0.212 -0.083  0.031  0.106  0.041  0.024  0.091  0.082  0.054  0.047  0.034  0.033  0.013 -0.014  0.001 -0.012 -0.017  0.105  0.051  0.149  0.248  0.290  0.304  0.277  0.159  0.042  0.035  0.112  0.175  0.183  0.170  0.143  0.016 -0.064 -0.189 -0.272 -0.346 -0.243 -0.189 -0.308 -0.325 -0.329 -0.356 -0.320 -0.204  0.026  0.198  0.468  0.618  0.487  0.306  0.195 -0.201 -0.179 -0.361 -0.409
 -0.267 -0.287 -0.259 -0.040  0.274  0.517  0.779  1.000  0.726  0.649  0.382  0.238  0.132 -0.029 -0.192 -0.123 -0.155 -0.266 -0.282 -0.258 -0.158 -0.039  0.053  0.111  0.062  0.060  0.115  0.077  0.051  0.042  0.020  0.012 -0.004 -0.030 -0.008 -0.017 -0.005  0.066  0.029  0.128  0.211  0.263  0.264  0.244  0.133  0.011 -0.019  0.057  0.114  0.168  0.167  0.131  0.024 -0.031 -0.136 -0.210 -0.285 -0.200 -0.160 -0.260 -0.265 -0.275 -0.293 -0.285 -0.232 -0.019  0.139  0.425  0.532  0.457  0.282  0.208 -0.132 -0.148 -0.349 -0.368
 -0.186 -0.235 -0.229 -0.105  0.100  0.316  0.510  0.726  1.000  0.811  0.358  0.211  0.072 -0.041 -0.152 -0.055 -0.079 -0.180 -0.196 -0.175 -0.099 -0.013  0.054  0.095  0.047  0.057  0.104  0.043  0.028  0.064  0.025  0.001  0.015 -0.003 -0.002  0.003 -0.025 -0.014 -0.045  0.042  0.074  0.100  0.093  0.085  0.031 -0.023 -0.059  0.026  0.057  0.116  0.134  0.117  0.038 -0.001 -0.081 -0.133 -0.203 -0.149 -0.119 -0.197 -0.199 -0.206 -0.233 -0.259 -0.223 -0.082 -0.008  0.169  0.249  0.230  0.113  0.102 -0.119 -0.104 -0.243 -0.258
 -0.226 -0.254 -0.219 -0.032  0.200  0.415  0.635  0.649  0.811  1.000  0.640  0.439  0.285  0.118 -0.091 -0.040 -0.075 -0.194 -0.219 -0.208 -0.119 -0.035  0.045  0.100  0.045  0.037  0.081  0.042  0.018  0.024 -0.006 -0.012 -0.006 -0.034 -0.032 -0.049 -0.057 -0.007 -0.054  0.016  0.050  0.079  0.086  0.080  0.043  0.005 -0.027  0.075  0.080  0.111  0.121  0.114  0.017 -0.028 -0.112 -0.165 -0.247 -0.195 -0.159 -0.240 -0.241 -0.236 -0.259 -0.274 -0.231 -0.075 -0.015  0.170  0.276  0.239  0.115  0.078 -0.160 -0.103 -0.242 -0.285
 -0.278 -0.277 -0.118  0.153  0.365  0.520  0.578  0.382  0.358  0.640  1.000  0.792  0.600  0.349  0.015 -0.062 -0.094 -0.198 -0.230 -0.245 -0.164 -0.082  0.010  0.064  0.015  0.001  0.007  0.029  0.047  0.018 -0.016  0.047  0.050 -0.033 -0.069 -0.138 -0.142  0.029 -0.083 -0.062  0.000  0.029  0.073  0.080  0.058  0.028  0.011  0.118  0.106  0.106  0.098  0.102 -0.007 -0.064 -0.157 -0.201 -0.276 -0.214 -0.155 -0.249 -0.259 -0.278 -0.292 -0.255 -0.142  0.001  0.029  0.149  0.237  0.173  0.072  0.005 -0.162 -0.070 -0.161 -0.230
 -0.227 -0.175 -0.007  0.319  0.517  0.603  0.443  0.238  0.211  0.439  0.792  1.000  0.756  0.479  0.088  0.004 -0.050 -0.174 -0.228 -0.267 -0.190 -0.136 -0.039  0.027 -0.008 -0.007 -0.005  0.004  0.031 -0.005 -0.052 -0.003  0.012 -0.053 -0.101 -0.163 -0.158 -0.017 -0.115 -0.088 -0.047 -0.025  0.033  0.037  0.036  0.009 -0.021  0.081  0.057  0.051  0.034  0.037 -0.065 -0.148 -0.221 -0.239 -0.308 -0.276 -0.206 -0.267 -0.259 -0.251 -0.239 -0.155 -0.050  0.112  0.100  0.127  0.184  0.105  0.024 -0.028 -0.170 -0.053 -0.055 -0.109
 -0.132 -0.074  0.097  0.358  0.548  0.466  0.346  0.132  0.072  0.285  0.600  0.756  1.000  0.683  0.282  0.122  0.054 -0.065 -0.142 -0.184 -0.101 -0.082 -0.025  0.050  0.035  0.006  0.002  0.049 -0.001 -0.064 -0.065 -0.032 -0.055 -0.119 -0.139 -0.208 -0.214 -0.066 -0.128 -0.138 -0.087 -0.047 -0.002 -0.002  0.023  0.040  0.020  0.097  0.031  0.011  0.006  0.043 -0.054 -0.130 -0.175 -0.186 -0.251 -0.253 -0.211 -0.242 -0.223 -0.201 -0.174 -0.105 -0.058  0.043  0.034  0.056  0.129  0.034 -0.030 -0.071 -0.175 -0.062 -0.029 -0.062
  0.121  0.207  0.318  0.471  0.336  0.221  0.105 -0.029 -0.041  0.118  0.349  0.479  0.683  1.000  0.550  0.392  0.264  0.123  0.005 -0.088 -0.043 -0.120 -0.102 -0.029 -0.022 -0.045 -0.040 -0.033 -0.117 -0.174 -0.166 -0.198 -0.202 -0.184 -0.193 -0.219 -0.192 -0.102 -0.120 -0.196 -0.209 -0.185 -0.153 -0.140 -0.088  0.001  0.002  0.024 -0.076 -0.155 -0.169 -0.102 -0.141 -0.221 -0.197 -0.152 -0.180 -0.260 -0.230 -0.183 -0.121 -0.032  0.067  0.157  0.089  0.112 -0.041 -0.108 -0.082 -0.137 -0.179 -0.173 -0.135  0.038  0.145  0.108
  0.258  0.448  0.530  0.336  0.124 -0.062 -0.131 -0.192 -0.152 -0.091  0.015  0.088  0.282  0.550  1.000  0.546  0.361  0.248  0.119  0.019  0.001 -0.133 -0.166 -0.138 -0.119 -0.037 -0.013 -0.060 -0.175 -0.094 -0.053 -0.178 -0.159 -0.022 -0.009 -0.005 -0.067 -0.088  0.034 -0.140 -0.150 -0.174 -0.188 -0.175 -0.195 -0.034  0.034 -0.058 -0.111 -0.256 -0.275 -0.209 -0.171 -0.226 -0.154 -0.052 -0.027 -0.147 -0.138 -0.029  0.051  0.117  0.248  0.346  0.210  0.080 -0.063 -0.163 -0.187 -0.216 -0.244 -0.247 -0.127 -0.100  0.131  0.117
  0.600  0.549  0.306  0.214 -0.038 -0.134 -0.170 -0.123 -0.055 -0.040 -0.062  0.004  0.122  0.392  0.546  1.000  0.766  0.530  0.325  0.226  0.285  0.107 -0.037 -0.020  0.081  0.027 -0.055 -0.103 -0.203 -0.284 -0.336 -0.400 -0.344 -0.296 -0.327 -0.290 -0.294 -0.330 -0.225 -0.260 -0.331 -0.263 -0.272 -0.265 -0.219 -0.107 -0.106 -0.129 -0.232 -0.265 -0.241 -0.150 -0.069 -0.078  0.055  0.116  0.070 -0.089 -0.164 -0.073  0.026  0.148  0.357  0.307  0.006 -0.051 -0.208 -0.276 -0.265 -0.232 -0.212 -0.146  0.056  0.165  0.244  0.230
  0.531  0.369  0.232  0.131 -0.082 -0.165 -0.196 -0.155 -0.079 -0.075 -0.094 -0.050  0.054  0.264  0.361  0.766  1.000  0.755  0.460  0.356  0.450  0.232  0.051  0.069  0.163  0.049 -0.043 -0.068 -0.172 -0.267 -0.316 -0.366 -0.330 -0.310 -0.334 -0.302 -0.320 -0.345 -0.278 -0.293 -0.367 -0.308 -0.310 -0.287 -0.230 -0.099 -0.089 -0.114 -0.209 -0.237 -0.171 -0.058  0.046  0.060  0.198  0.222  0.169  0.024 -0.088 -0.030  0.041  0.126  0.280  0.187 -0.034 -0.090 -0.238 -0.316 -0.290 -0.259 -0.226 -0.166  0.008  0.166  0.232  0.216
  0.490  0.346  0.169  0.034 -0.185 -0.281 -0.306 -0.266 -0.180 -0.194 -0.198 -0.174 -0.065  0.123  0.248  0.530  0.755  1.000  0.714  0.575  0.565  0.280  0.031  0.016  0.156  0.010 -0.120 -0.102 -0.198 -0.311 -0.326 -0.348 -0.329 -0.316 -0.335 -0.311 -0.305 -0.330 -0.253 -0.300 -0.375 -0.318 -0.332 -0.327 -0.277 -0.133 -0.115 -0.183 -0.256 -0.294 -0.219 -0.106  0.045  0.109  0.305  0.355  0.374  0.208  0.069  0.148  0.152  0.178  0.285  0.189 -0.021 -0.129 -0.261 -0.366 -0.361 -0.321 -0.246 -0.189  0.072  0.200  0.297  0.277
  0.316  0.209  0.047 -0.071 -0.234 -0.311 -0.322 -0.282 -0.196 -0.219 -0.230 -0.228 -0.142  0.005  0.119  0.325  0.460  0.714  1.000  0.711  0.513  0.261  0.043 -0.011  0.086 -0.036 -0.144 -0.109 -0.201 -0.303 -0.276 -0.293 -0.297 -0.291 -0.289 -0.275 -0.247 -0.273 -0.199 -0.243 -0.320 -0.279 -0.303 -0.309 -0.265 -0.155 -0.133 -0.223 -0.250 -0.254 -0.160 -0.087  0.087  0.208  0.427  0.524  0.564  0.390  0.230  0.300  0.261  0.198  0.193  0.107 -0.013 -0.132 -0.244 -0.352 -0.350 -0.303 -0.207 -0.165  0.114  0.208  0.262  0.233
  0.188  0.088 -0.082 -0.175 -0.259 -0.329 -0.306 -0.258 -0.175 -0.208 -0.245 -0.267 -0.184 -0.088  0.019  0.226  0.356  0.575  0.711  1.000  0.750  0.483  0.226  0.167  0.260  0.089 -0.038  0.004 -0.111 -0.245 -0.232 -0.250 -0.279 -0.303 -0.292 -0.275 -0.262 -0.289 -0.209 -0.233 -0.295 -0.243 -0.252 -0.277 -0.239 -0.137 -0.123 -0.190 -0.202 -0.161 -0.033  0.069  0.249  0.376  0.575  0.542  0.571  0.442  0.263  0.287  0.226  0.126  0.090 -0.014 -0.124 -0.211 -0.248 -0.339 -0.300 -0.253 -0.164 -0.145  0.100  0.144  0.185  0.150
  0.156  0.042 -0.122 -0.189 -0.233 -0.273 -0.212 -0.158 -0.099 -0.119 -0.164 -0.190 -0.101 -0.043  0.001  0.285  0.450  0.565  0.513  0.750  1.000  0.762  0.459  0.398  0.500  0.281  0.112  0.137 -0.010 -0.198 -0.237 -0.260 -0.280 -0.321 -0.311 -0.298 -0.314 -0.306 -0.233 -0.227 -0.260 -0.196 -0.184 -0.211 -0.170 -0.098 -0.093 -0.111 -0.125 -0.034  0.111  0.259  0.389  0.483  0.611  0.480  0.403  0.311  0.114  0.091  0.073  0.019  0.006 -0.087 -0.239 -0.278 -0.283 -0.304 -0.217 -0.170 -0.114 -0.119  0.028  0.039  0.050  0.035
 -0.050 -0.166 -0.274 -0.285 -0.190 -0.190 -0.083 -0.039 -0.013 -0.035 -0.082 -0.136 -0.082 -0.120 -0.133  0.107  0.232  0.280  0.261  0.483  0.762  1.000  0.747  0.654  0.689  0.486  0.300  0.290  0.134 -0.061 -0.124 -0.152 -0.178 -0.247 -0.226 -0.224 -0.271 -0.209 -0.176 -0.123 -0.110 -0.059 -0.023 -0.064 -0.052 -0.059 -0.055 -0.009  0.042  0.206  0.376  0.549  0.604  0.652  0.619  0.402  0.256  0.268  0.083 -0.020 -0.041 -0.107 -0.183 -0.266 -0.352 -0.327 -0.241 -0.189 -0.064 -0.030 -0.002 -0.048 -0.038 -0.114 -0.168 -0.169
 -0.223 -0.314 -0.340 -0.303 -0.124 -0.084  0.031  0.053  0.054  0.045  0.010 -0.039 -0.025 -0.102 -0.166 -0.037  0.051  0.031  0.043  0.226  0.459  0.747  1.000  0.813  0.691  0.581  0.500  0.440  0.251  0.095  0.033 -0.031 -0.061 -0.120 -0.094 -0.090 -0.157 -0.083 -0.095 -0.010  0.024  0.042  0.098  0.048  0.028 -0.009  0.014  0.088  0.193  0.355  0.512  0.677  0.588  0.557  0.424  0.234  0.050  0.121  0.009 -0.129 -0.156 -0.218 -0.320 -0.366 -0.379 -0.313 -0.189 -0.068  0.061  0.082  0.075  0.009 -0.127 -0.227 -0.317 -0.307
 -0.263 -0.356 -0.351 -0.276 -0.050 -0.005  0.106  0.111  0.095  0.100  0.064  0.027  0.050 -0.029 -0.138 -0.020  0.069  0.016 -0.011  0.167  0.398  0.654  0.813  1.000  0.801  0.556  0.582  0.549  0.289  0.132  0.091 -0.009 -0.071 -0.126 -0.070 -0.064 -0.116 -0.045 -0.064  0.039  0.072  0.080  0.125  0.096  0.076  0.059  0.070  0.155  0.215  0.348  0.515  0.713  0.617  0.486  0.344  0.136 -0.040  0.036 -0.058 -0.208 -0.206 -0.231 -0.346 -0.392 -0.389 -0.287 -0.144 -0.019  0.134  0.143  0.121  0.032 -0.193 -0.300 -0.391 -0.392
 -0.120 -0.207 -0.308 -0.229 -0.088 -0.061  0.041  0.062  0.047  0.045  0.015 -0.008  0.035 -0.022 -0.119  0.081  0.163  0.156  0.086  0.260  0.500  0.689  0.691  0.801  1.000  0.737  0.532  0.569  0.386  0.100 -0.012 -0.045 -0.097 -0.197 -0.178 -0.191 -0.261 -0.157 -0.128 -0.061 -0.013  0.030  0.058  0.026  0.009 -0.015 -0.021  0.038  0.086  0.210  0.357  0.556  0.503  0.403  0.337  0.160  0.006  0.017 -0.099 -0.200 -0.189 -0.207 -0.249 -0.291 -0.394 -0.310 -0.208 -0.095  0.054  0.070  0.081  0.015 -0.077 -0.188 -0.252 -0.251
 -0.164 -0.185 -0.263 -0.196 -0.078 -0.058  0.024  0.060  0.057  0.037  0.001 -0.007  0.006 -0.045 -0.037  0.027  0.049  0.010 -0.036  0.089  0.281  0.486  0.581  0.556  0.737  1.000  0.718  0.574  0.522  0.343  0.133  0.081  0.092  0.023 -0.008 -0.016 -0.222 -0.149 -0.083 -0.055  0.020  0.030  0.053  0.042 -0.013 -0.068 -0.050  0.002  0.065  0.136  0.228  0.381  0.340  0.229  0.154  0.036 -0.082 -0.067 -0.151 -0.214 -0.220 -0.244 -0.269 -0.253 -0.334 -0.260 -0.180 -0.074  0.033  0.041  0.018 -0.026 -0.095 -0.201 -0.203 -0.200
 -0.282 -0.285 -0.280 -0.221 -0.030 -0.002  0.091  0.115  0.104  0.081  0.007 -0.005  0.002 -0.040 -0.013 -0.055 -0.043 -0.120 -0.144 -0.038  0.112  0.300  0.500  0.582  0.532  0.718  1.000  0.774  0.490  0.497  0.425  0.196  0.164  0.208  0.244  0.268  0.060  0.060  0.109  0.141  0.202  0.146  0.143  0.137  0.057  0.032  0.070  0.097  0.174  0.182  0.278  0.406  0.340  0.186  0.063 -0.058 -0.165 -0.114 -0.164 -0.259 -0.258 -0.260 -0.334 -0.305 -0.300 -0.211 -0.093  0.037  0.154  0.152  0.082 -0.007 -0.283 -0.410 -0.412 -0.414
 -0.272 -0.278 -0.283 -0.208 -0.013 -0.007  0.082  0.077  0.043  0.042  0.029  0.004  0.049 -0.033 -0.060 -0.103 -0.068 -0.102 -0.109  0.004  0.137  0.290  0.440  0.549  0.569  0.574  0.774  1.000  0.654  0.448  0.481  0.363  0.215  0.161  0.214  0.173  0.005  0.029  0.065  0.101  0.170  0.144  0.129  0.099  0.023  0.015  0.029  0.050  0.125  0.167  0.280  0.390  0.324  0.201  0.086 -0.040 -0.131 -0.082 -0.133 -0.236 -0.233 -0.256 -0.328 -0.306 -0.312 -0.227 -0.095  0.010  0.139  0.139  0.105  0.022 -0.221 -0.359 -0.393 -0.395
 -0.263 -0.262 -0.287 -0.185 -0.019  0.013  0.054  0.051  0.028  0.018  0.047  0.031 -0.001 -0.117 -0.175 -0.203 -0.172 -0.198 -0.201 -0.111 -0.010  0.134  0.251  0.289  0.386  0.522  0.490  0.654  1.000  0.710  0.420  0.580  0.553  0.341  0.246  0.156 -0.066 -0.018 -0.028  0.018  0.112  0.108  0.114  0.062 -0.037 -0.121 -0.121 -0.066  0.038  0.101  0.179  0.237  0.193  0.090 -0.047 -0.164 -0.209 -0.128 -0.163 -0.252 -0.289 -0.349 -0.345 -0.301 -0.302 -0.200 -0.064  0.017  0.078  0.097  0.076  0.060 -0.032 -0.214 -0.261 -0.203
 -0.320 -0.304 -0.212 -0.209 -0.012  0.013  0.047  0.042  0.064  0.024  0.018 -0.005 -0.064 -0.174 -0.094 -0.284 -0.267 -0.311 -0.303 -0.245 -0.198 -0.061  0.095  0.132  0.100  0.343  0.497  0.448  0.710  1.000  0.730  0.641  0.702  0.655  0.559  0.523  0.210  0.157  0.127  0.160  0.245  0.145  0.109  0.080 -0.029 -0.079 -0.058 -0.022  0.099  0.067  0.111  0.126  0.078 -0.035 -0.180 -0.260 -0.263 -0.167 -0.157 -0.239 -0.293 -0.337 -0.358 -0.309 -0.202 -0.144 -0.014  0.070  0.106  0.110  0.034  0.016 -0.197 -0.351 -0.321 -0.260
 -0.318 -0.285 -0.148 -0.198 -0.012 -0.010  0.034  0.020  0.025 -0.006 -0.016 -0.052 -0.065 -0.166 -0.053 -0.336 -0.316 -0.326 -0.276 -0.232 -0.237 -0.124  0.033  0.091 -0.012  0.133  0.425  0.481  0.420  0.730  1.000  0.742  0.577  0.638  0.692  0.635  0.409  0.306  0.278  0.263  0.312  0.182  0.107  0.085  0.002  0.019  0.038  0.034  0.120  0.065  0.106  0.105  0.044 -0.033 -0.163 -0.216 -0.191 -0.102 -0.078 -0.154 -0.193 -0.239 -0.312 -0.255 -0.112 -0.092  0.021  0.087  0.127  0.118  0.034 -0.014 -0.318 -0.449 -0.384 -0.355
 -0.305 -0.278 -0.186 -0.174 -0.009  0.013  0.033  0.012  0.001 -0.012  0.047 -0.003 -0.032 -0.198 -0.178 -0.400 -0.366 -0.348 -0.293 -0.250 -0.260 -0.152 -0.031 -0.009 -0.045  0.081  0.196  0.363  0.580  0.641  0.742  1.000  0.804  0.624  0.590  0.414  0.185  0.180  0.104  0.100  0.195  0.130  0.103  0.071 -0.005 -0.042 -0.064 -0.043  0.038  0.063  0.103  0.064 -0.001 -0.051 -0.183 -0.242 -0.203 -0.094 -0.066 -0.146 -0.200 -0.267 -0.321 -0.259 -0.125 -0.093  0.034  0.086  0.080  0.074  0.028  0.025 -0.118 -0.261 -0.271 -0.205
 -0.261 -0.237 -0.152 -0.161 -0.018  0.015  0.013 -0.004  0.015 -0.006  0.050  0.012 -0.055 -0.202 -0.159 -0.344 -0.330 -0.329 -0.297 -0.279 -0.280 -0.178 -0.061 -0.071 -0.097  0.092  0.164  0.215  0.553  0.702  0.577  0.804  1.000  0.807  0.614  0.481  0.141  0.119  0.045  0.054  0.153  0.084  0.074  0.046 -0.035 -0.089 -0.103 -0.091  0.036  0.034  0.060  0.017 -0.031 -0.085 -0.210 -0.274 -0.230 -0.116 -0.101 -0.167 -0.233 -0.276 -0.305 -0.253 -0.126 -0.095  0.027  0.069  0.042  0.045 -0.000  0.006 -0.069 -0.243 -0.227 -0.127
 -0.222 -0.160 -0.046 -0.145 -0.044 -0.018 -0.014 -0.030 -0.003 -0.034 -0.033 -0.053 -0.119 -0.184 -0.022 -0.296 -0.310 -0.316 -0.291 -0.303 -0.321 -0.247 -0.120 -0.126 -0.197  0.023  0.208  0.161  0.341  0.655  0.638  0.624  0.807  1.000  0.854  0.761  0.393  0.293  0.260  0.200  0.252  0.120  0.080  0.063 -0.037 -0.048 -0.024 -0.067  0.065 -0.017 -0.005 -0.054 -0.093 -0.159 -0.258 -0.284 -0.217 -0.130 -0.109 -0.145 -0.203 -0.217 -0.244 -0.158 -0.053 -0.050  0.029  0.089  0.053  0.069 -0.017 -0.054 -0.215 -0.398 -0.293 -0.198
 -0.252 -0.190 -0.065 -0.188 -0.056 -0.040  0.001 -0.008 -0.002 -0.032 -0.069 -0.101 -0.139 -0.193 -0.009 -0.327 -0.334 -0.335 -0.289 -0.292 -0.311 -0.226 -0.094 -0.070 -0.178 -0.008  0.244  0.214  0.246  0.559  0.692  0.590  0.614  0.854  1.000  0.872  0.554  0.411  0.400  0.324  0.338  0.188  0.114  0.099 -0.001  0.015  0.051 -0.001  0.105  0.004  0.018 -0.015 -0.065 -0.137 -0.234 -0.267 -0.200 -0.116 -0.097 -0.131 -0.192 -0.187 -0.249 -0.168 -0.057 -0.065  0.026  0.112  0.113  0.147  0.055 -0.010 -0.288 -0.482 -0.368 -0.308
 -0.225 -0.167 -0.059 -0.202 -0.082 -0.056 -0.012 -0.017  0.003 -0.049 -0.138 -0.163 -0.208 -0.219 -0.005 -0.290 -0.302 -0.311 -0.275 -0.275 -0.298 -0.224 -0.090 -0.064 -0.191 -0.016  0.268  0.173  0.156  0.523  0.635  0.414  0.481  0.761  0.872  1.000  0.710  0.481  0.497  0.447  0.419  0.237  0.132  0.108  0.004  0.017  0.068  0.015  0.132  0.009  0.008 -0.025 -0.063 -0.134 -0.219 -0.248 -0.182 -0.101 -0.091 -0.121 -0.185 -0.165 -0.222 -0.151 -0.053 -0.058  0.028  0.117  0.133  0.200  0.118  0.048 -0.260 -0.478 -0.401 -0.356
 -0.156 -0.104 -0.032 -0.143 -0.086 -0.041 -0.017 -0.005 -0.025 -0.057 -0.142 -0.158 -0.214 -0.192 -0.067 -0.294 -0.320 -0.305 -0.247 -0.262 -0.314 -0.271 -0.157 -0.116 -0.261 -0.222  0.060  0.005 -0.066  0.210  0.409  0.185  0.141  0.393  0.554  0.710  1.000  0.774  0.677  0.586  0.478  0.323  0.203  0.120  0.036  0.058  0.111  0.063  0.137 -0.001 -0.050 -0.096 -0.143 -0.149 -0.209 -0.201 -0.134 -0.084 -0.044 -0.048 -0.102 -0.095 -0.117 -0.056  0.022  0.028  0.087  0.160  0.142  0.210  0.174  0.127 -0.119 -0.399 -0.383 -0.326
 -0.247 -0.209 -0.055 -0.117 -0.019  0.060  0.105  0.066 -0.014 -0.007  0.029 -0.017 -0.066 -0.102 -0.088 -0.330 -0.345 -0.330 -0.273 -0.289 -0.306 -0.209 -0.083 -0.045 -0.157 -0.149  0.060  0.029 -0.018  0.157  0.306  0.180  0.119  0.293  0.411  0.481  0.774  1.000  0.742  0.526  0.523  0.383  0.336  0.231  0.121  0.092  0.154  0.115  0.224  0.096  0.033 -0.004 -0.092 -0.114 -0.209 -0.210 -0.177 -0.106 -0.048 -0.091 -0.139 -0.153 -0.202 -0.146 -0.034 -0.007  0.065  0.237  0.239  0.238  0.188  0.064 -0.168 -0.428 -0.449 -0.357
 -0.154 -0.057 -0.022 -0.099 -0.043 -0.015  0.051  0.029 -0.045 -0.054 -0.083 -0.115 -0.128 -0.120  0.034 -0.225 -0.278 -0.253 -0.199 -0.209 -0.233 -0.176 -0.095 -0.064 -0.128 -0.083  0.109  0.065 -0.028  0.127  0.278  0.104  0.045  0.260  0.400  0.497  0.677  0.742  1.000  0.733  0.654  0.521  0.353  0.233  0.074  0.053  0.148  0.071  0.189  0.039 -0.037 -0.055 -0.087 -0.094 -0.168 -0.155 -0.106 -0.071 -0.033 -0.051 -0.106 -0.119 -0.121 -0.028 -0.028 -0.003  0.070  0.197  0.238  0.312  0.314  0.184 -0.048 -0.462 -0.488 -0.474
 -0.216 -0.178 -0.164 -0.162 -0.009  0.066  0.149  0.128  0.042  0.016 -0.062 -0.088 -0.138 -0.196 -0.140 -0.260 -0.293 -0.300 -0.243 -0.233 -0.227 -0.123 -0.010  0.039 -0.061 -0.055  0.141  0.101  0.018  0.160  0.263  0.100  0.054  0.200  0.324  0.447  0.586  0.526  0.733  1.000  0.821  0.660  0.419  0.262  0.082  0.000  0.059  0.058  0.210  0.137  0.074  0.048 -0.015 -0.036 -0.149 -0.179 -0.161 -0.082 -0.038 -0.113 -0.160 -0.198 -0.226 -0.169 -0.134 -0.058  0.091  0.252  0.377  0.525  0.600  0.550  0.056 -0.338 -0.560 -0.589
 -0.308 -0.258 -0.208 -0.185  0.052  0.131  0.248  0.211  0.074  0.050  0.000 -0.047 -0.087 -0.209 -0.150 -0.331 -0.367 -0.375 -0.320 -0.295 -0.260 -0.110  0.024  0.072 -0.013  0.020  0.202  0.170  0.112  0.245  0.312  0.195  0.153  0.252  0.338  0.419  0.478  0.523  0.654  0.821  1.000  0.835  0.589  0.390  0.155  0.009  0.074  0.074  0.282  0.232  0.156  0.114  0.019 -0.027 -0.179 -0.241 -0.235 -0.124 -0.075 -0.179 -0.238 -0.279 -0.315 -0.247 -0.187 -0.082  0.127  0.376  0.528  0.614  0.609  0.488 -0.008 -0.405 -0.619 -0.615
 -0.260 -0.223 -0.231 -0.156  0.090  0.160  0.290  0.263  0.100  0.079  0.029 -0.025 -0.047 -0.185 -0.174 -0.263 -0.308 -0.318 -0.279 -0.243 -0.196 -0.059  0.042  0.080  0.030  0.030  0.146  0.144  0.108  0.145  0.182  0.130  0.084  0.120  0.188  0.237  0.323  0.383  0.521  0.660  0.835  1.000  0.757  0.491  0.204 -0.026  0.017  0.032  0.266  0.277  0.201  0.136  0.064  0.033 -0.118 -0.190 -0.195 -0.088 -0.046 -0.156 -0.222 -0.269 -0.286 -0.230 -0.215 -0.082  0.165  0.436  0.601  0.687  0.603  0.505  0.027 -0.355 -0.587 -0.588
 -0.319 -0.284 -0.242 -0.131  0.125  0.203  0.304  0.264  0.093  0.086  0.073  0.033 -0.002 -0.153 -0.188 -0.272 -0.310 -0.332 -0.303 -0.252 -0.184 -0.023  0.098  0.125  0.058  0.053  0.143  0.129  0.114  0.109  0.107  0.103  0.074  0.080  0.114  0.132  0.203  0.336  0.353  0.419  0.589  0.757  1.000  0.730  0.367  0.035  0.092  0.116  0.379  0.398  0.303  0.206  0.114  0.065 -0.103 -0.198 -0.223 -0.100 -0.057 -0.186 -0.242 -0.286 -0.317 -0.269 -0.202 -0.047  0.227  0.551  0.596  0.528  0.384  0.274 -0.061 -0.336 -0.519 -0.478
 -0.321 -0.282 -0.217 -0.113  0.117  0.195  0.277  0.244  0.085  0.080  0.080  0.037 -0.002 -0.140 -0.175 -0.265 -0.287 -0.327 -0.309 -0.277 -0.211 -0.064  0.048  0.096  0.026  0.042  0.137  0.099  0.062  0.080  0.085  0.071  0.046  0.063  0.099  0.108  0.120  0.231  0.233  0.262  0.390  0.491  0.730  1.000  0.679  0.277  0.352  0.366  0.468  0.345  0.244  0.166  0.080 -0.002 -0.162 -0.240 -0.278 -0.186 -0.126 -0.221 -0.233 -0.229 -0.277 -0.233 -0.155 -0.009  0.252  0.572  0.516  0.410  0.246  0.124 -0.137 -0.289 -0.429 -0.408
 -0.267 -0.266 -0.196 -0.119  0.061  0.116  0.159  0.133  0.031  0.043  0.058  0.036  0.023 -0.088 -0.195 -0.219 -0.230 -0.277 -0.265 -0.239 -0.170 -0.052  0.028  0.076  0.009 -0.013  0.057  0.023 -0.037 -0.029  0.002 -0.005 -0.035 -0.037 -0.001  0.004  0.036  0.121  0.074  0.082  0.155  0.204  0.367  0.679  1.000  0.611  0.440  0.443  0.327  0.298  0.222  0.153  0.045 -0.032 -0.134 -0.199 -0.272 -0.212 -0.149 -0.205 -0.175 -0.134 -0.206 -0.202 -0.109  0.018  0.190  0.354  0.289  0.179  0.073 -0.010 -0.173 -0.161 -0.198 -0.192
 -0.173 -0.177 -0.113 -0.107 -0.008  0.012  0.042  0.011 -0.023  0.005  0.028  0.009  0.040  0.001 -0.034 -0.107 -0.099 -0.133 -0.155 -0.137 -0.098 -0.059 -0.009  0.059 -0.015 -0.068  0.032  0.015 -0.121 -0.079  0.019 -0.042 -0.089 -0.048  0.015  0.017  0.058  0.092  0.053  0.000  0.009 -0.026  0.035  0.277  0.611  1.000  0.700  0.512  0.220  0.098  0.084  0.100  0.032 -0.067 -0.112 -0.155 -0.200 -0.194 -0.163 -0.172 -0.125 -0.059 -0.115 -0.131 -0.102 -0.074  0.013  0.100  0.080 -0.012 -0.074 -0.153 -0.244 -0.145 -0.081 -0.084
 -0.197 -0.176 -0.089 -0.111 -0.019 -0.016  0.035 -0.019 -0.059 -0.027  0.011 -0.021  0.020  0.002  0.034 -0.106 -0.089 -0.115 -0.133 -0.123 -0.093 -0.055  0.014  0.070 -0.021 -0.050  0.070  0.029 -0.121 -0.058  0.038 -0.064 -0.103 -0.024  0.051  0.068  0.111  0.154  0.148  0.059  0.074  0.017  0.092  0.352  0.440  0.700  1.000  0.705  0.403  0.073  0.022  0.074  0.045 -0.049 -0.106 -0.145 -0.175 -0.178 -0.148 -0.152 -0.123 -0.055 -0.104 -0.104 -0.090 -0.098 -0.027  0.111  0.106  0.005 -0.051 -0.162 -0.236 -0.187 -0.174 -0.166
 -0.248 -0.251 -0.141 -0.093  0.032  0.058  0.112  0.057  0.026  0.075  0.118  0.081  0.097  0.024 -0.058 -0.129 -0.114 -0.183 -0.223 -0.190 -0.111 -0.009  0.088  0.155  0.038  0.002  0.097  0.050 -0.066 -0.022  0.034 -0.043 -0.091 -0.067 -0.001  0.015  0.063  0.115  0.071  0.058  0.074  0.032  0.116  0.366  0.443  0.512  0.705  1.000  0.659  0.324  0.160  0.194  0.077 -0.021 -0.121 -0.189 -0.263 -0.229 -0.177 -0.223 -0.194 -0.134 -0.190 -0.190 -0.141 -0.079 -0.022  0.099  0.135  0.053 -0.006 -0.087 -0.209 -0.153 -0.218 -0.215
 -0.352 -0.333 -0.184 -0.155  0.053  0.098  0.175  0.114  0.057  0.080  0.106  0.057  0.031 -0.076 -0.111 -0.232 -0.209 -0.256 -0.250 -0.202 -0.125  0.042  0.193  0.215  0.086  0.065  0.174  0.125  0.038  0.099  0.120  0.038  0.036  0.065  0.105  0.132  0.137  0.224  0.189  0.210  0.282  0.266  0.379  0.468  0.327  0.220  0.403  0.659  1.000  0.610  0.358  0.313  0.169  0.114 -0.054 -0.151 -0.205 -0.098 -0.051 -0.167 -0.202 -0.230 -0.315 -0.293 -0.197 -0.108  0.038  0.224  0.295  0.210  0.122  0.010 -0.232 -0.298 -0.413 -0.378
 -0.377 -0.392 -0.282 -0.202  0.031  0.102  0.183  0.168  0.116  0.111  0.106  0.051  0.011 -0.155 -0.256 -0.265 -0.237 -0.294 -0.254 -0.161 -0.034  0.206  0.355  0.348  0.210  0.136  0.182  0.167  0.101  0.067  0.065  0.063  0.034 -0.017  0.004  0.009 -0.001  0.096  0.039  0.137  0.232  0.277  0.398  0.345  0.298  0.098  0.073  0.324  0.610  1.000  0.753  0.552  0.303  0.294  0.088 -0.038 -0.141  0.027  0.078 -0.119 -0.158 -0.247 -0.379 -0.370 -0.238 -0.099  0.069  0.198  0.272  0.245  0.184  0.100 -0.128 -0.239 -0.382 -0.351
 -0.383 -0.440 -0.325 -0.254  0.013  0.082  0.170  0.167  0.134  0.121  0.098  0.034  0.006 -0.169 -0.275 -0.241 -0.171 -0.219 -0.160 -0.033  0.111  0.376  0.512  0.515  0.357  0.228  0.278  0.280  0.179  0.111  0.106  0.103  0.060 -0.005  0.018  0.008 -0.050  0.033 -0.037  0.074  0.156  0.201  0.303  0.244  0.222  0.084  0.022  0.160  0.358  0.753  1.000  0.786  0.556  0.509  0.277  0.103 -0.030  0.160  0.162 -0.065 -0.126 -0.244 -0.411 -0.441 -0.290 -0.153  0.035  0.155  0.234  0.217  0.158  0.057 -0.175 -0.308 -0.433 -0.401
 -0.340 -0.426 -0.346 -0.280 -0.019  0.035  0.143  0.131  0.117  0.114  0.102  0.037  0.043 -0.102 -0.209 -0.150 -0.058 -0.106 -0.087  0.069  0.259  0.549  0.677  0.713  0.556  0.381  0.406  0.390  0.237  0.126  0.105  0.064  0.017 -0.054 -0.015 -0.025 -0.096 -0.004 -0.055  0.048  0.114  0.136  0.206  0.166  0.153  0.100  0.074  0.194  0.313  0.552  0.786  1.000  0.742  0.587  0.357  0.128 -0.048  0.113  0.036 -0.175 -0.203 -0.267 -0.411 -0.448 -0.361 -0.245 -0.076  0.055  0.181  0.179  0.135  0.036 -0.212 -0.339 -0.435 -0.416
 -0.230 -0.327 -0.304 -0.294 -0.097 -0.083  0.016  0.024  0.038  0.017 -0.007 -0.065 -0.054 -0.141 -0.171 -0.069  0.046  0.045  0.087  0.249  0.389  0.604  0.588  0.617  0.503  0.340  0.340  0.324  0.193  0.078  0.044 -0.001 -0.031 -0.093 -0.065 -0.063 -0.143 -0.092 -0.087 -0.015  0.019  0.064  0.114  0.080  0.045  0.032  0.045  0.077  0.169  0.303  0.556  0.742  1.000  0.763  0.536  0.310  0.168  0.280  0.144 -0.024 -0.070 -0.160 -0.294 -0.362 -0.321 -0.273 -0.124 -0.060  0.067  0.084  0.070 -0.016 -0.138 -0.267 -0.342 -0.331
 -0.173 -0.281 -0.297 -0.324 -0.165 -0.163 -0.064 -0.031 -0.001 -0.028 -0.064 -0.148 -0.130 -0.221 -0.226 -0.078  0.060  0.109  0.208  0.376  0.483  0.652  0.557  0.486  0.403  0.229  0.186  0.201  0.090 -0.035 -0.033 -0.051 -0.085 -0.159 -0.137 -0.134 -0.149 -0.114 -0.094 -0.036 -0.027  0.033  0.065 -0.002 -0.032 -0.067 -0.049 -0.021  0.114  0.294  0.509  0.587  0.763  1.000  0.768  0.510  0.360  0.487  0.303  0.114  0.048 -0.114 -0.240 -0.322 -0.296 -0.279 -0.141 -0.114 -0.010  0.022  0.044 -0.009 -0.001 -0.145 -0.274 -0.260
 -0.024 -0.137 -0.213 -0.284 -0.240 -0.264 -0.189 -0.136 -0.081 -0.112 -0.157 -0.221 -0.175 -0.197 -0.154  0.055  0.198  0.305  0.427  0.575  0.611  0.619  0.424  0.344  0.337  0.154  0.063  0.086 -0.047 -0.180 -0.163 -0.183 -0.210 -0.258 -0.234 -0.219 -0.209 -0.209 -0.168 -0.149 -0.179 -0.118 -0.103 -0.162 -0.134 -0.112 -0.106 -0.121 -0.054  0.088  0.277  0.357  0.536  0.768  1.000  0.759  0.590  0.614  0.386  0.281  0.215  0.046 -0.081 -0.187 -0.196 -0.253 -0.211 -0.243 -0.165 -0.129 -0.074 -0.096  0.018 -0.014 -0.058 -0.056
  0.095  0.019 -0.073 -0.200 -0.269 -0.303 -0.272 -0.210 -0.133 -0.165 -0.201 -0.239 -0.186 -0.152 -0.052  0.116  0.222  0.355  0.524  0.542  0.480  0.402  0.234  0.136  0.160  0.036 -0.058 -0.040 -0.164 -0.260 -0.216 -0.242 -0.274 -0.284 -0.267 -0.248 -0.201 -0.210 -0.155 -0.179 -0.241 -0.190 -0.198 -0.240 -0.199 -0.155 -0.145 -0.189 -0.151 -0.038  0.103  0.128  0.310  0.510  0.759  1.000  0.759  0.628  0.524  0.485  0.459  0.204  0.082 -0.037 -0.069 -0.191 -0.235 -0.306 -0.270 -0.218 -0.136 -0.131  0.059  0.074  0.077  0.077
  0.132  0.071 -0.022 -0.179 -0.303 -0.359 -0.346 -0.285 -0.203 -0.247 -0.276 -0.308 -0.251 -0.180 -0.027  0.070  0.169  0.374  0.564  0.571  0.403  0.256  0.050 -0.040  0.006 -0.082 -0.165 -0.131 -0.209 -0.263 -0.191 -0.203 -0.230 -0.217 -0.200 -0.182 -0.134 -0.177 -0.106 -0.161 -0.235 -0.195 -0.223 -0.278 -0.272 -0.200 -0.175 -0.263 -0.205 -0.141 -0.030 -0.048  0.168  0.360  0.590  0.759  1.000  0.801  0.595  0.640  0.471  0.241  0.145  0.051  0.021 -0.137 -0.199 -0.309 -0.316 -0.264 -0.161 -0.148  0.104  0.124  0.172  0.162
 -0.030 -0.101 -0.101 -0.235 -0.259 -0.287 -0.243 -0.200 -0.149 -0.195 -0.214 -0.276 -0.253 -0.260 -0.147 -0.089  0.024  0.208  0.390  0.442  0.311  0.268  0.121  0.036  0.017 -0.067 -0.114 -0.082 -0.128 -0.167 -0.102 -0.094 -0.116 -0.130 -0.116 -0.101 -0.084 -0.106 -0.071 -0.082 -0.124 -0.088 -0.100 -0.186 -0.212 -0.194 -0.178 -0.229 -0.098  0.027  0.160  0.113  0.280  0.487  0.614  0.628  0.801  1.000  0.765  0.621  0.381  0.141  0.011 -0.072 -0.025 -0.148 -0.132 -0.210 -0.193 -0.148 -0.067 -0.082  0.060  0.033  0.025  0.020
 -0.065 -0.090 -0.039 -0.149 -0.196 -0.208 -0.189 -0.160 -0.119 -0.159 -0.155 -0.206 -0.211 -0.230 -0.138 -0.164 -0.088  0.069  0.230  0.263  0.114  0.083  0.009 -0.058 -0.099 -0.151 -0.164 -0.133 -0.163 -0.157 -0.078 -0.066 -0.101 -0.109 -0.097 -0.091 -0.044 -0.048 -0.033 -0.038 -0.075 -0.046 -0.057 -0.126 -0.149 -0.163 -0.148 -0.177 -0.051  0.078  0.162  0.036  0.144  0.303  0.386  0.524  0.595  0.765  1.000  0.738  0.546  0.219  0.074 -0.018  0.061 -0.058 -0.069 -0.144 -0.151 -0.101 -0.027 -0.050  0.047  0.032  0.011  0.008
  0.086  0.084  0.076 -0.093 -0.250 -0.294 -0.308 -0.260 -0.197 -0.240 -0.249 -0.267 -0.242 -0.183 -0.029 -0.073 -0.030  0.148  0.300  0.287  0.091 -0.020 -0.129 -0.208 -0.200 -0.214 -0.259 -0.236 -0.252 -0.239 -0.154 -0.146 -0.167 -0.145 -0.131 -0.121 -0.048 -0.091 -0.051 -0.113 -0.179 -0.156 -0.186 -0.221 -0.205 -0.172 -0.152 -0.223 -0.167 -0.119 -0.065 -0.175 -0.024  0.114  0.281  0.485  0.640  0.621  0.738  1.000  0.728  0.408  0.261  0.155  0.181 -0.004 -0.093 -0.222 -0.276 -0.228 -0.134 -0.120  0.088  0.146  0.212  0.193
  0.172  0.191  0.166 -0.032 -0.231 -0.287 -0.325 -0.265 -0.199 -0.241 -0.259 -0.259 -0.223 -0.121  0.051  0.026  0.041  0.152  0.261  0.226  0.073 -0.041 -0.156 -0.206 -0.189 -0.220 -0.258 -0.233 -0.289 -0.293 -0.193 -0.200 -0.233 -0.203 -0.192 -0.185 -0.102 -0.139 -0.106 -0.160 -0.238 -0.222 -0.242 -0.233 -0.175 -0.125 -0.123 -0.194 -0.202 -0.158 -0.126 -0.203 -0.070  0.048  0.215  0.459  0.471  0.381  0.546  0.728  1.000  0.682  0.440  0.271  0.304  0.063 -0.077 -0.227 -0.307 -0.266 -0.176 -0.149  0.095  0.174  0.257  0.250
  0.303  0.300  0.245  0.034 -0.218 -0.287 -0.329 -0.275 -0.206 -0.236 -0.278 -0.251 -0.201 -0.032  0.117  0.148  0.126  0.178  0.198  0.126  0.019 -0.107 -0.218 -0.231 -0.207 -0.244 -0.260 -0.256 -0.349 -0.337 -0.239 -0.267 -0.276 -0.217 -0.187 -0.165 -0.095 -0.153 -0.119 -0.198 -0.279 -0.269 -0.286 -0.229 -0.134 -0.059 -0.055 -0.134 -0.230 -0.247 -0.244 -0.267 -0.160 -0.114  0.046  0.204  0.241  0.141  0.219  0.408  0.682  1.000  0.660  0.396  0.393  0.122 -0.071 -0.225 -0.315 -0.297 -0.227 -0.187  0.054  0.223  0.378  0.343
  0.542  0.580  0.405  0.198 -0.205 -0.290 -0.356 -0.293 -0.233 -0.259 -0.292 -0.239 -0.174  0.067  0.248  0.357  0.280  0.285  0.193  0.090  0.006 -0.183 -0.320 -0.346 -0.249 -0.269 -0.334 -0.328 -0.345 -0.358 -0.312 -0.321 -0.305 -0.244 -0.249 -0.222 -0.117 -0.202 -0.121 -0.226 -0.315 -0.286 -0.317 -0.277 -0.206 -0.115 -0.104 -0.190 -0.315 -0.379 -0.411 -0.411 -0.294 -0.240 -0.081  0.082  0.145  0.011  0.074  0.261  0.440  0.660  1.000  0.760  0.499  0.234 -0.058 -0.226 -0.365 -0.319 -0.241 -0.154  0.174  0.300  0.438  0.414
  0.464  0.631  0.485  0.364 -0.088 -0.197 -0.320 -0.285 -0.259 -0.274 -0.255 -0.155 -0.105  0.157  0.346  0.307  0.187  0.189  0.107 -0.014 -0.087 -0.266 -0.366 -0.392 -0.291 -0.253 -0.305 -0.306 -0.301 -0.309 -0.255 -0.259 -0.253 -0.158 -0.168 -0.151 -0.056 -0.146 -0.028 -0.169 -0.247 -0.230 -0.269 -0.233 -0.202 -0.131 -0.104 -0.190 -0.293 -0.370 -0.441 -0.448 -0.362 -0.322 -0.187 -0.037  0.051 -0.072 -0.018  0.155  0.271  0.396  0.760  1.000  0.689  0.416  0.076 -0.140 -0.319 -0.278 -0.220 -0.149  0.161  0.225  0.397  0.383
  0.170  0.299  0.425  0.388  0.074 -0.029 -0.204 -0.232 -0.223 -0.231 -0.142 -0.050 -0.058  0.089  0.210  0.006 -0.034 -0.021 -0.013 -0.124 -0.239 -0.352 -0.379 -0.389 -0.394 -0.334 -0.300 -0.312 -0.302 -0.202 -0.112 -0.125 -0.126 -0.053 -0.057 -0.053  0.022 -0.034 -0.028 -0.134 -0.187 -0.215 -0.202 -0.155 -0.109 -0.102 -0.090 -0.141 -0.197 -0.238 -0.290 -0.361 -0.321 -0.296 -0.196 -0.069  0.021 -0.025  0.061  0.181  0.304  0.393  0.499  0.689  1.000  0.648  0.317 -0.003 -0.212 -0.237 -0.206 -0.160  0.036  0.146  0.327  0.307
  0.041  0.167  0.286  0.509  0.292  0.256  0.026 -0.019 -0.082 -0.075  0.001  0.112  0.043  0.112  0.080 -0.051 -0.090 -0.129 -0.132 -0.211 -0.278 -0.327 -0.313 -0.287 -0.310 -0.260 -0.211 -0.227 -0.200 -0.144 -0.092 -0.093 -0.095 -0.050 -0.065 -0.058  0.028 -0.007 -0.003 -0.058 -0.082 -0.082 -0.047 -0.009  0.018 -0.074 -0.098 -0.079 -0.108 -0.099 -0.153 -0.245 -0.273 -0.279 -0.253 -0.191 -0.137 -0.148 -0.058 -0.004  0.063  0.122  0.234  0.416  0.648  1.000  0.644  0.210 -0.013 -0.056 -0.066 -0.052  0.038  0.073  0.160  0.137
 -0.154 -0.044  0.077  0.308  0.428  0.371  0.198  0.139 -0.008 -0.015  0.029  0.100  0.034 -0.041 -0.063 -0.208 -0.238 -0.261 -0.244 -0.248 -0.283 -0.241 -0.189 -0.144 -0.208 -0.180 -0.093 -0.095 -0.064 -0.014  0.021  0.034  0.027  0.029  0.026  0.028  0.087  0.065  0.070  0.091  0.127  0.165  0.227  0.252  0.190  0.013 -0.027 -0.022  0.038  0.069  0.035 -0.076 -0.124 -0.141 -0.211 -0.235 -0.199 -0.132 -0.069 -0.093 -0.077 -0.071 -0.058  0.076  0.317  0.644  1.000  0.562  0.316  0.208  0.121  0.085  0.010 -0.078 -0.098 -0.108
 -0.289 -0.229 -0.141  0.047  0.331  0.440  0.468  0.425  0.169  0.170  0.149  0.127  0.056 -0.108 -0.163 -0.276 -0.316 -0.366 -0.352 -0.339 -0.304 -0.189 -0.068 -0.019 -0.095 -0.074  0.037  0.010  0.017  0.070  0.087  0.086  0.069  0.089  0.112  0.117  0.160  0.237  0.197  0.252  0.376  0.436  0.551  0.572  0.354  0.100  0.111  0.099  0.224  0.198  0.155  0.055 -0.060 -0.114 -0.243 -0.306 -0.309 -0.210 -0.144 -0.222 -0.227 -0.225 -0.226 -0.140 -0.003  0.210  0.562  1.000  0.730  0.514  0.315  0.193 -0.091 -0.224 -0.375 -0.369
 -0.367 -0.338 -0.246 -0.049  0.360  0.479  0.618  0.532  0.249  0.276  0.237  0.184  0.129 -0.082 -0.187 -0.265 -0.290 -0.361 -0.350 -0.300 -0.217 -0.064  0.061  0.134  0.054  0.033  0.154  0.139  0.078  0.106  0.127  0.080  0.042  0.053  0.113  0.133  0.142  0.239  0.238  0.377  0.528  0.601  0.596  0.516  0.289  0.080  0.106  0.135  0.295  0.272  0.234  0.181  0.067 -0.010 -0.165 -0.270 -0.316 -0.193 -0.151 -0.276 -0.307 -0.315 -0.365 -0.319 -0.212 -0.013  0.316  0.730  1.000  0.749  0.505  0.325 -0.156 -0.293 -0.502 -0.531
 -0.295 -0.272 -0.276 -0.114  0.214  0.349  0.487  0.457  0.230  0.239  0.173  0.105  0.034 -0.137 -0.216 -0.232 -0.259 -0.321 -0.303 -0.253 -0.170 -0.030  0.082  0.143  0.070  0.041  0.152  0.139  0.097  0.110  0.118  0.074  0.045  0.069  0.147  0.200  0.210  0.238  0.312  0.525  0.614  0.687  0.528  0.410  0.179 -0.012  0.005  0.053  0.210  0.245  0.217  0.179  0.084  0.022 -0.129 -0.218 -0.264 -0.148 -0.101 -0.228 -0.266 -0.297 -0.319 -0.278 -0.237 -0.056  0.208  0.514  0.749  1.000  0.798  0.593  0.026 -0.256 -0.569 -0.627
 -0.213 -0.206 -0.255 -0.116  0.106  0.212  0.306  0.282  0.113  0.115  0.072  0.024 -0.030 -0.179 -0.244 -0.212 -0.226 -0.246 -0.207 -0.164 -0.114 -0.002  0.075  0.121  0.081  0.018  0.082  0.105  0.076  0.034  0.034  0.028 -0.000 -0.017  0.055  0.118  0.174  0.188  0.314  0.600  0.609  0.603  0.384  0.246  0.073 -0.074 -0.051 -0.006  0.122  0.184  0.158  0.135  0.070  0.044 -0.074 -0.136 -0.161 -0.067 -0.027 -0.134 -0.176 -0.227 -0.241 -0.220 -0.206 -0.066  0.121  0.315  0.505  0.798  1.000  0.795  0.244 -0.095 -0.485 -0.571
 -0.091 -0.110 -0.202 -0.088  0.038  0.122  0.195  0.208  0.102  0.078  0.005 -0.028 -0.071 -0.173 -0.247 -0.146 -0.166 -0.189 -0.165 -0.145 -0.119 -0.048  0.009  0.032  0.015 -0.026 -0.007  0.022  0.060  0.016 -0.014  0.025  0.006 -0.054 -0.010  0.048  0.127  0.064  0.184  0.550  0.488  0.505  0.274  0.124 -0.010 -0.153 -0.162 -0.087  0.010  0.100  0.057  0.036 -0.016 -0.009 -0.096 -0.131 -0.148 -0.082 -0.050 -0.120 -0.149 -0.187 -0.154 -0.149 -0.160 -0.052  0.085  0.193  0.325  0.593  0.795  1.000  0.449  0.131 -0.334 -0.440
  0.240  0.228  0.014  0.041 -0.121 -0.147 -0.201 -0.132 -0.119 -0.160 -0.162 -0.170 -0.175 -0.135 -0.127  0.056  0.008  0.072  0.114  0.100  0.028 -0.038 -0.127 -0.193 -0.077 -0.095 -0.283 -0.221 -0.032 -0.197 -0.318 -0.118 -0.069 -0.215 -0.288 -0.260 -0.119 -0.168 -0.048  0.056 -0.008  0.027 -0.061 -0.137 -0.173 -0.244 -0.236 -0.209 -0.232 -0.128 -0.175 -0.212 -0.138 -0.001  0.018  0.059  0.104  0.060  0.047  0.088  0.095  0.054  0.174  0.161  0.036  0.038  0.010 -0.091 -0.156  0.026  0.244  0.449  1.000  0.528  0.078  0.041
  0.285  0.209  0.084  0.137 -0.078 -0.102 -0.179 -0.148 -0.104 -0.103 -0.070 -0.053 -0.062  0.038 -0.100  0.165  0.166  0.200  0.208  0.144  0.039 -0.114 -0.227 -0.300 -0.188 -0.201 -0.410 -0.359 -0.214 -0.351 -0.449 -0.261 -0.243 -0.398 -0.482 -0.478 -0.399 -0.428 -0.462 -0.338 -0.405 -0.355 -0.336 -0.289 -0.161 -0.145 -0.187 -0.153 -0.298 -0.239 -0.308 -0.339 -0.267 -0.145 -0.014  0.074  0.124  0.033  0.032  0.146  0.174  0.223  0.300  0.225  0.146  0.073 -0.078 -0.224 -0.293 -0.256 -0.095  0.131  0.528  1.000  0.588  0.392
  0.374  0.364  0.297  0.228 -0.101 -0.202 -0.361 -0.349 -0.243 -0.242 -0.161 -0.055 -0.029  0.145  0.131  0.244  0.232  0.297  0.262  0.185  0.050 -0.168 -0.317 -0.391 -0.252 -0.203 -0.412 -0.393 -0.261 -0.321 -0.384 -0.271 -0.227 -0.293 -0.368 -0.401 -0.383 -0.449 -0.488 -0.560 -0.619 -0.587 -0.519 -0.429 -0.198 -0.081 -0.174 -0.218 -0.413 -0.382 -0.433 -0.435 -0.342 -0.274 -0.058  0.077  0.172  0.025  0.011  0.212  0.257  0.378  0.438  0.397  0.327  0.160 -0.098 -0.375 -0.502 -0.569 -0.485 -0.334  0.078  0.588  1.000  0.781
