  1.000  0.730  0.416  0.157 -0.163 -0.252 -0.306 -0.251 -0.173 -0.204 -0.190 -0.166 -0.046  0.147  0.239  0.579  0.551  0.489  0.281  0.151  0.148 -0.061 -0.230 -0.250 -0.153 -0.243 -0.319 -0.291 -0.317 -0.369 -0.344 -0.353 -0.326 -0.306 -0.296 -0.278 -0.253 -0.262 -0.225 -0.234 -0.306 -0.270 -0.300 -0.281 -0.191 -0.090 -0.119 -0.177 -0.283 -0.320 -0.324 -0.286 -0.187 -0.150 -0.025  0.082  0.069 -0.060 -0.071  0.045  0.144  0.269  0.495  0.382  0.113 -0.008 -0.201 -0.253 -0.313 -0.280 -0.248 -0.135  0.087  0.277  0.343  0.377
  0.730  1.000  0.695  0.355 -0.027 -0.152 -0.276 -0.253 -0.192 -0.205 -0.156 -0.071  0.034  0.259  0.443  0.587  0.449  0.355  0.170  0.044  0.015 -0.195 -0.320 -0.333 -0.250 -0.275 -0.324 -0.307 -0.309 -0.330 -0.306 -0.315 -0.296 -0.246 -0.260 -0.248 -0.243 -0.265 -0.224 -0.235 -0.314 -0.284 -0.284 -0.256 -0.217 -0.129 -0.139 -0.180 -0.263 -0.323 -0.370 -0.361 -0.286 -0.275 -0.160 -0.024 -0.020 -0.144 -0.112  0.014  0.148  0.242  0.536  0.554  0.259  0.128 -0.099 -0.196 -0.289 -0.273 -0.245 -0.127  0.049  0.251  0.361  0.375
  0.416  0.695  1.000  0.591  0.105 -0.051 -0.218 -0.233 -0.192 -0.195 -0.085  0.026  0.094  0.327  0.483  0.379  0.334  0.229  0.061 -0.034 -0.058 -0.230 -0.304 -0.295 -0.245 -0.244 -0.271 -0.241 -0.221 -0.265 -0.246 -0.211 -0.216 -0.190 -0.228 -0.229 -0.208 -0.236 -0.199 -0.222 -0.301 -0.282 -0.267 -0.224 -0.221 -0.148 -0.114 -0.153 -0.219 -0.267 -0.291 -0.301 -0.246 -0.259 -0.182 -0.053 -0.034 -0.106 -0.039  0.050  0.158  0.198  0.405  0.487  0.361  0.261  0.036 -0.159 -0.256 -0.268 -0.241 -0.153  0.028  0.200  0.312  0.299
  0.157  0.355  0.591  1.000  0.528  0.322  0.042 -0.076 -0.100 -0.048  0.176  0.344  0.358  0.448  0.314  0.178  0.142  0.033 -0.099 -0.188 -0.212 -0.315 -0.307 -0.275 -0.256 -0.226 -0.220 -0.192 -0.132 -0.138 -0.159 -0.121 -0.098 -0.109 -0.178 -0.199 -0.186 -0.194 -0.179 -0.179 -0.225 -0.204 -0.169 -0.147 -0.157 -0.119 -0.107 -0.096 -0.154 -0.198 -0.231 -0.254 -0.270 -0.311 -0.285 -0.213 -0.190 -0.228 -0.135 -0.102 -0.044  0.001  0.192  0.352  0.404  0.512  0.291  0.018 -0.085 -0.144 -0.160 -0.114  0.036  0.130  0.226  0.182
 -0.163 -0.027  0.105  0.528  1.000  0.726  0.438  0.262  0.099  0.160  0.294  0.461  0.479  0.289  0.095 -0.048 -0.111 -0.195 -0.250 -0.266 -0.270 -0.237 -0.166 -0.087 -0.111 -0.083 -0.022 -0.015  0.034  0.077  0.017  0.023  0.053  0.047  0.010 -0.008 -0.029 -0.006 -0.002  0.042  0.074  0.115  0.134  0.102  0.026 -0.041 -0.037 -0.021  0.007 -0.037 -0.037 -0.068 -0.118 -0.186 -0.260 -0.291 -0.291 -0.249 -0.195 -0.245 -0.247 -0.206 -0.160 -0.048  0.102  0.311  0.452  0.323  0.336  0.218  0.105  0.063 -0.066 -0.108 -0.101 -0.132
 -0.252 -0.152 -0.051  0.322  0.726  1.000  0.681  0.507  0.337  0.403  0.455  0.575  0.409  0.188 -0.045 -0.116 -0.184 -0.290 -0.324 -0.349 -0.320 -0.244 -0.131 -0.052 -0.088 -0.051  0.017 -0.016  0.034  0.116  0.055  0.030  0.076  0.103  0.061  0.058  0.035  0.050  0.047  0.132  0.172  0.190  0.195  0.169  0.071 -0.023 -0.043  0.007  0.049  0.024  0.028 -0.036 -0.120 -0.200 -0.297 -0.326 -0.349 -0.289 -0.214 -0.293 -0.299 -0.261 -0.225 -0.124  0.027  0.303  0.392  0.416  0.429  0.341  0.213  0.137 -0.086 -0.172 -0.201 -0.246
 -0.306 -0.276 -0.218  0.042  0.438  0.681  1.000  0.787  0.526  0.638  0.481  0.359  0.254  0.042 -0.112 -0.175 -0.231 -0.312 -0.304 -0.299 -0.249 -0.132 -0.028  0.036 -0.002  0.009  0.085  0.057  0.052  0.128  0.089  0.042  0.056  0.080  0.116  0.126  0.107  0.142  0.156  0.248  0.334  0.365  0.310  0.256  0.114  0.005  0.006  0.039  0.126  0.089  0.090  0.046 -0.023 -0.083 -0.200 -0.273 -0.306 -0.218 -0.169 -0.270 -0.316 -0.281 -0.287 -0.267 -0.182  0.025  0.203  0.459  0.602  0.525  0.376  0.284 -0.106 -0.185 -0.384 -0.431
 -0.251 -0.253 -0.233 -0.076  0.262  0.507  0.787  1.000  0.728  0.645  0.275  0.156  0.043 -0.098 -0.186 -0.159 -0.186 -0.266 -0.279 -0.266 -0.202 -0.101 -0.014  0.034  0.002  0.010  0.076  0.011  0.003  0.119  0.078  0.012  0.049  0.110  0.142  0.177  0.145  0.146  0.157  0.261  0.336  0.358  0.296  0.250  0.098 -0.029 -0.030  0.018  0.114  0.087  0.089  0.030 -0.031 -0.081 -0.170 -0.236 -0.268 -0.199 -0.168 -0.251 -0.293 -0.254 -0.253 -0.253 -0.212 -0.014  0.151  0.459  0.559  0.538  0.386  0.298 -0.096 -0.185 -0.377 -0.381
 -0.173 -0.192 -0.192 -0.100  0.099  0.337  0.526  0.728  1.000  0.807  0.300  0.193  0.049 -0.069 -0.141 -0.090 -0.120 -0.198 -0.213 -0.211 -0.151 -0.076 -0.017  0.026  0.002  0.001  0.038 -0.031 -0.044  0.057  0.022 -0.026  0.034  0.080  0.073  0.093  0.065  0.064  0.078  0.147  0.182  0.192  0.143  0.115  0.031 -0.031 -0.040  0.020  0.074  0.065  0.061  0.023 -0.035 -0.075 -0.141 -0.165 -0.214 -0.170 -0.121 -0.189 -0.203 -0.168 -0.181 -0.190 -0.172 -0.046  0.017  0.217  0.277  0.289  0.194  0.155 -0.090 -0.155 -0.271 -0.259
 -0.204 -0.205 -0.195 -0.048  0.160  0.403  0.638  0.645  0.807  1.000  0.581  0.403  0.237  0.074 -0.076 -0.074 -0.136 -0.231 -0.235 -0.239 -0.175 -0.090 -0.008  0.036  0.008  0.011  0.043 -0.001 -0.000  0.058  0.015 -0.004  0.051  0.063  0.045  0.028  0.009  0.036  0.041  0.099  0.148  0.161  0.123  0.091  0.029 -0.011 -0.020  0.046  0.088  0.064  0.066  0.037 -0.031 -0.071 -0.157 -0.186 -0.249 -0.202 -0.150 -0.224 -0.234 -0.198 -0.199 -0.213 -0.191 -0.063 -0.012  0.186  0.278  0.278  0.177  0.141 -0.082 -0.133 -0.281 -0.297
 -0.190 -0.156 -0.085  0.176  0.294  0.455  0.481  0.275  0.300  0.581  1.000  0.767  0.546  0.314  0.059 -0.028 -0.110 -0.184 -0.180 -0.193 -0.170 -0.117 -0.044 -0.011 -0.037 -0.041 -0.059 -0.013  0.062  0.013 -0.046  0.049  0.090 -0.038 -0.118 -0.190 -0.169 -0.082 -0.076 -0.059 -0.029  0.010 -0.002 -0.018 -0.035 -0.033 -0.026  0.033  0.028  0.008  0.026  0.026 -0.013 -0.033 -0.127 -0.150 -0.189 -0.149 -0.093 -0.166 -0.190 -0.219 -0.172 -0.132 -0.049  0.046  0.039  0.044  0.101  0.098  0.033 -0.006  0.065 -0.008 -0.116 -0.203
 -0.166 -0.071  0.026  0.344  0.461  0.575  0.359  0.156  0.193  0.403  0.767  1.000  0.713  0.428  0.085  0.006 -0.093 -0.197 -0.236 -0.276 -0.235 -0.182 -0.083 -0.029 -0.040 -0.018 -0.039 -0.021  0.074  0.038 -0.043  0.020  0.086  0.016 -0.083 -0.153 -0.149 -0.100 -0.103 -0.076 -0.072 -0.047 -0.031 -0.043 -0.028 -0.034 -0.061  0.012 -0.020 -0.019 -0.011 -0.013 -0.083 -0.152 -0.228 -0.227 -0.276 -0.250 -0.183 -0.227 -0.226 -0.213 -0.154 -0.055  0.033  0.180  0.124  0.047  0.062  0.032 -0.035 -0.065 -0.025 -0.076 -0.014 -0.075
 -0.046  0.034  0.094  0.358  0.479  0.409  0.254  0.043  0.049  0.237  0.546  0.713  1.000  0.667  0.269  0.147  0.049 -0.056 -0.120 -0.180 -0.138 -0.152 -0.103 -0.034 -0.019 -0.026 -0.041  0.016  0.071 -0.005 -0.089  0.008  0.036 -0.056 -0.140 -0.226 -0.238 -0.158 -0.158 -0.155 -0.142 -0.093 -0.080 -0.086 -0.042 -0.004  0.003  0.050 -0.034 -0.087 -0.085 -0.040 -0.101 -0.160 -0.198 -0.191 -0.231 -0.250 -0.212 -0.220 -0.214 -0.181 -0.097 -0.034 -0.023  0.057  0.017 -0.046 -0.003 -0.054 -0.118 -0.107 -0.033 -0.001  0.025  0.003
  0.147  0.259  0.327  0.448  0.289  0.188  0.042 -0.098 -0.069  0.074  0.314  0.428  0.667  1.000  0.560  0.357  0.231  0.104 -0.026 -0.126 -0.113 -0.219 -0.206 -0.119 -0.115 -0.128 -0.115 -0.074 -0.048 -0.104 -0.150 -0.092 -0.078 -0.116 -0.171 -0.225 -0.225 -0.182 -0.171 -0.219 -0.239 -0.211 -0.196 -0.191 -0.132 -0.033 -0.031 -0.018 -0.133 -0.194 -0.211 -0.162 -0.188 -0.264 -0.248 -0.182 -0.175 -0.247 -0.198 -0.153 -0.110 -0.044  0.102  0.190  0.115  0.115 -0.041 -0.149 -0.168 -0.188 -0.229 -0.181 -0.037  0.077  0.173  0.157
  0.239  0.443  0.483  0.314  0.095 -0.045 -0.112 -0.186 -0.141 -0.076  0.059  0.085  0.269  0.560  1.000  0.554  0.376  0.239  0.093 -0.007 -0.061 -0.226 -0.264 -0.199 -0.207 -0.157 -0.133 -0.141 -0.142 -0.116 -0.133 -0.116 -0.155 -0.108 -0.145 -0.159 -0.170 -0.160 -0.133 -0.166 -0.195 -0.189 -0.170 -0.172 -0.222 -0.076  0.012 -0.048 -0.145 -0.254 -0.302 -0.255 -0.215 -0.274 -0.214 -0.086 -0.044 -0.149 -0.104 -0.010  0.078  0.091  0.269  0.359  0.213  0.065 -0.085 -0.129 -0.182 -0.192 -0.191 -0.116 -0.061  0.125  0.160  0.144
  0.579  0.587  0.379  0.178 -0.048 -0.116 -0.175 -0.159 -0.090 -0.074 -0.028  0.006  0.147  0.357  0.554  1.000  0.743  0.462  0.227  0.104  0.170 -0.028 -0.183 -0.162 -0.098 -0.159 -0.231 -0.276 -0.284 -0.293 -0.366 -0.369 -0.293 -0.270 -0.320 -0.293 -0.304 -0.290 -0.261 -0.243 -0.287 -0.242 -0.236 -0.245 -0.172 -0.076 -0.072 -0.064 -0.192 -0.236 -0.259 -0.218 -0.161 -0.167 -0.047  0.035 -0.011 -0.135 -0.164 -0.084 -0.004  0.107  0.351  0.309  0.038 -0.035 -0.206 -0.216 -0.256 -0.232 -0.237 -0.143  0.032  0.190  0.243  0.277
  0.551  0.449  0.334  0.142 -0.111 -0.184 -0.231 -0.186 -0.120 -0.136 -0.110 -0.093  0.049  0.231  0.376  0.743  1.000  0.734  0.395  0.257  0.365  0.113 -0.096 -0.088  0.005 -0.103 -0.213 -0.222 -0.241 -0.301 -0.364 -0.364 -0.330 -0.322 -0.351 -0.323 -0.321 -0.314 -0.273 -0.286 -0.329 -0.290 -0.274 -0.258 -0.192 -0.073 -0.039 -0.058 -0.177 -0.243 -0.235 -0.159 -0.065 -0.045  0.100  0.156  0.119 -0.028 -0.089 -0.014  0.035  0.097  0.307  0.231  0.005 -0.055 -0.227 -0.273 -0.309 -0.287 -0.272 -0.189  0.013  0.167  0.234  0.281
  0.489  0.355  0.229  0.033 -0.195 -0.290 -0.312 -0.266 -0.198 -0.231 -0.184 -0.197 -0.056  0.104  0.239  0.462  0.734  1.000  0.669  0.516  0.506  0.179 -0.084 -0.110  0.005 -0.137 -0.266 -0.221 -0.248 -0.330 -0.351 -0.336 -0.337 -0.357 -0.370 -0.354 -0.330 -0.307 -0.264 -0.320 -0.360 -0.315 -0.301 -0.294 -0.237 -0.097 -0.061 -0.120 -0.206 -0.289 -0.264 -0.178 -0.033  0.034  0.228  0.302  0.328  0.162  0.078  0.158  0.142  0.122  0.274  0.186 -0.001 -0.112 -0.245 -0.328 -0.363 -0.349 -0.307 -0.226  0.027  0.222  0.300  0.320
  0.281  0.170  0.061 -0.099 -0.250 -0.324 -0.304 -0.279 -0.213 -0.235 -0.180 -0.236 -0.120 -0.026  0.093  0.227  0.395  0.669  1.000  0.686  0.472  0.192 -0.035 -0.115 -0.063 -0.175 -0.270 -0.197 -0.225 -0.309 -0.274 -0.247 -0.275 -0.311 -0.299 -0.313 -0.273 -0.240 -0.194 -0.248 -0.288 -0.248 -0.250 -0.267 -0.238 -0.146 -0.126 -0.211 -0.214 -0.217 -0.155 -0.120  0.053  0.195  0.408  0.515  0.563  0.398  0.273  0.333  0.267  0.118  0.154  0.075 -0.007 -0.127 -0.222 -0.305 -0.327 -0.296 -0.233 -0.167  0.082  0.196  0.233  0.232
  0.151  0.044 -0.034 -0.188 -0.266 -0.349 -0.299 -0.266 -0.211 -0.239 -0.193 -0.276 -0.180 -0.126 -0.007  0.104  0.257  0.516  0.686  1.000  0.714  0.402  0.127  0.035  0.096 -0.044 -0.168 -0.102 -0.129 -0.229 -0.208 -0.189 -0.241 -0.293 -0.276 -0.283 -0.227 -0.181 -0.148 -0.225 -0.250 -0.210 -0.190 -0.226 -0.201 -0.121 -0.094 -0.161 -0.148 -0.142 -0.057  0.006  0.182  0.331  0.532  0.511  0.560  0.434  0.301  0.330  0.230  0.054  0.042 -0.051 -0.102 -0.193 -0.208 -0.281 -0.271 -0.254 -0.202 -0.174  0.047  0.113  0.170  0.153
  0.148  0.015 -0.058 -0.212 -0.270 -0.320 -0.249 -0.202 -0.151 -0.175 -0.170 -0.235 -0.138 -0.113 -0.061  0.170  0.365  0.506  0.472  0.714  1.000  0.708  0.373  0.279  0.352  0.145 -0.024  0.010 -0.039 -0.172 -0.210 -0.206 -0.227 -0.287 -0.266 -0.255 -0.220 -0.174 -0.152 -0.196 -0.205 -0.167 -0.137 -0.170 -0.117 -0.056 -0.044 -0.036 -0.049 -0.023  0.075  0.196  0.310  0.421  0.549  0.428  0.369  0.280  0.131  0.123  0.059 -0.038 -0.040 -0.128 -0.220 -0.258 -0.247 -0.271 -0.224 -0.194 -0.171 -0.162 -0.018  0.007  0.038  0.071
 -0.061 -0.195 -0.230 -0.315 -0.237 -0.244 -0.132 -0.101 -0.076 -0.090 -0.117 -0.182 -0.152 -0.219 -0.226 -0.028  0.113  0.179  0.192  0.402  0.708  1.000  0.719  0.587  0.596  0.408  0.223  0.195  0.115 -0.011 -0.054 -0.078 -0.102 -0.168 -0.127 -0.101 -0.065 -0.004 -0.019 -0.024 -0.008  0.010  0.034 -0.032  0.006 -0.030 -0.046  0.039  0.116  0.235  0.367  0.521  0.556  0.620  0.569  0.360  0.231  0.257  0.105  0.025 -0.043 -0.141 -0.231 -0.305 -0.320 -0.305 -0.204 -0.171 -0.073 -0.031 -0.020 -0.065 -0.053 -0.187 -0.211 -0.161
 -0.230 -0.320 -0.304 -0.307 -0.166 -0.131 -0.028 -0.014 -0.017 -0.008 -0.044 -0.083 -0.103 -0.206 -0.264 -0.183 -0.096 -0.084 -0.035  0.127  0.373  0.719  1.000  0.779  0.640  0.529  0.423  0.353  0.248  0.122  0.090  0.060  0.021 -0.039  0.008  0.030  0.061  0.114  0.070  0.096  0.121  0.113  0.150  0.059  0.058 -0.008 -0.015  0.101  0.219  0.383  0.513  0.659  0.542  0.526  0.377  0.202  0.043  0.125  0.048 -0.066 -0.135 -0.220 -0.344 -0.367 -0.328 -0.266 -0.147 -0.063  0.038  0.089  0.100  0.029 -0.067 -0.269 -0.341 -0.291
 -0.250 -0.333 -0.295 -0.275 -0.087 -0.052  0.036  0.034  0.026  0.036 -0.011 -0.029 -0.034 -0.119 -0.199 -0.162 -0.088 -0.110 -0.115  0.035  0.279  0.587  0.779  1.000  0.776  0.534  0.549  0.474  0.308  0.217  0.184  0.116  0.065  0.031  0.090  0.118  0.137  0.180  0.126  0.155  0.181  0.144  0.165  0.126  0.116  0.060  0.051  0.193  0.243  0.361  0.486  0.678  0.548  0.400  0.245  0.065 -0.078  0.004 -0.045 -0.166 -0.198 -0.214 -0.361 -0.377 -0.325 -0.234 -0.104 -0.013  0.105  0.138  0.130  0.024 -0.143 -0.374 -0.427 -0.369
 -0.153 -0.250 -0.245 -0.256 -0.111 -0.088 -0.002  0.002  0.002  0.008 -0.037 -0.040 -0.019 -0.115 -0.207 -0.098  0.005  0.005 -0.063  0.096  0.352  0.596  0.640  0.776  1.000  0.723  0.523  0.520  0.436  0.256  0.156  0.110  0.070 -0.015  0.026  0.040  0.052  0.114  0.064  0.074  0.100  0.072  0.083  0.042  0.067  0.030  0.007  0.134  0.170  0.230  0.331  0.521  0.417  0.309  0.212  0.045 -0.092 -0.057 -0.125 -0.216 -0.235 -0.253 -0.310 -0.331 -0.351 -0.261 -0.158 -0.095  0.024  0.053  0.055 -0.006 -0.094 -0.294 -0.314 -0.239
 -0.243 -0.275 -0.244 -0.226 -0.083 -0.051  0.009  0.010  0.001  0.011 -0.041 -0.018 -0.026 -0.128 -0.157 -0.159 -0.103 -0.137 -0.175 -0.044  0.145  0.408  0.529  0.534  0.723  1.000  0.692  0.525  0.546  0.433  0.266  0.225  0.195  0.118  0.116  0.129  0.131  0.197  0.128  0.116  0.162  0.107  0.116  0.033  0.017 -0.041 -0.033  0.087  0.144  0.173  0.216  0.354  0.260  0.165  0.054 -0.068 -0.162 -0.119 -0.171 -0.230 -0.261 -0.303 -0.331 -0.286 -0.289 -0.195 -0.116 -0.052  0.031  0.043  0.051  0.010 -0.072 -0.256 -0.258 -0.197
 -0.319 -0.324 -0.271 -0.220 -0.022  0.017  0.085  0.076  0.038  0.043 -0.059 -0.039 -0.041 -0.115 -0.133 -0.231 -0.213 -0.266 -0.270 -0.168 -0.024  0.223  0.423  0.549  0.523  0.692  1.000  0.745  0.536  0.566  0.514  0.360  0.257  0.289  0.356  0.391  0.390  0.433  0.327  0.300  0.368  0.258  0.237  0.165  0.089  0.024  0.038  0.133  0.185  0.201  0.242  0.370  0.259  0.098 -0.050 -0.154 -0.230 -0.160 -0.162 -0.253 -0.254 -0.247 -0.359 -0.315 -0.246 -0.156 -0.028  0.104  0.196  0.196  0.187  0.093 -0.197 -0.424 -0.457 -0.389
 -0.291 -0.307 -0.241 -0.192 -0.015 -0.016  0.057  0.011 -0.031 -0.001 -0.013 -0.021  0.016 -0.074 -0.141 -0.276 -0.222 -0.221 -0.197 -0.102  0.010  0.195  0.353  0.474  0.520  0.525  0.745  1.000  0.736  0.566  0.599  0.537  0.335  0.244  0.339  0.303  0.304  0.338  0.251  0.225  0.272  0.188  0.146  0.091  0.024 -0.004 -0.005  0.073  0.123  0.140  0.212  0.316  0.229  0.115 -0.006 -0.111 -0.172 -0.111 -0.121 -0.213 -0.209 -0.224 -0.343 -0.321 -0.244 -0.171 -0.045  0.022  0.136  0.145  0.156  0.080 -0.146 -0.351 -0.407 -0.351
 -0.317 -0.309 -0.221 -0.132  0.034  0.034  0.052  0.003 -0.044 -0.000  0.062  0.074  0.071 -0.048 -0.142 -0.284 -0.241 -0.248 -0.225 -0.129 -0.039  0.115  0.248  0.308  0.436  0.546  0.536  0.736  1.000  0.740  0.556  0.639  0.535  0.301  0.274  0.186  0.158  0.214  0.138  0.099  0.162  0.098  0.077 -0.002 -0.037 -0.067 -0.084  0.001  0.063  0.098  0.154  0.222  0.134  0.069 -0.053 -0.158 -0.199 -0.126 -0.158 -0.238 -0.250 -0.310 -0.345 -0.283 -0.205 -0.109 -0.001 -0.014  0.057  0.044  0.047 -0.012 -0.077 -0.287 -0.251 -0.196
 -0.369 -0.330 -0.265 -0.138  0.077  0.116  0.128  0.119  0.057  0.058  0.013  0.038 -0.005 -0.104 -0.116 -0.293 -0.301 -0.330 -0.309 -0.229 -0.172 -0.011  0.122  0.217  0.256  0.433  0.566  0.566  0.740  1.000  0.763  0.644  0.612  0.550  0.487  0.473  0.382  0.382  0.286  0.268  0.339  0.215  0.165  0.081 -0.003 -0.047 -0.034  0.015  0.086  0.079  0.101  0.152  0.047 -0.048 -0.185 -0.265 -0.274 -0.184 -0.180 -0.264 -0.284 -0.310 -0.345 -0.280 -0.178 -0.066  0.065  0.141  0.191  0.174  0.163  0.092 -0.126 -0.355 -0.354 -0.330
 -0.344 -0.306 -0.246 -0.159  0.017  0.055  0.089  0.078  0.022  0.015 -0.046 -0.043 -0.089 -0.150 -0.133 -0.366 -0.364 -0.351 -0.274 -0.208 -0.210 -0.054  0.090  0.184  0.156  0.266  0.514  0.599  0.556  0.763  1.000  0.777  0.540  0.566  0.653  0.617  0.582  0.543  0.448  0.387  0.398  0.260  0.169  0.107 -0.014 -0.040 -0.018 -0.005  0.075  0.067  0.104  0.147  0.060 -0.028 -0.157 -0.208 -0.186 -0.093 -0.072 -0.157 -0.180 -0.218 -0.324 -0.268 -0.148 -0.077  0.044  0.138  0.217  0.229  0.248  0.164 -0.157 -0.388 -0.427 -0.425
 -0.353 -0.315 -0.211 -0.121  0.023  0.030  0.042  0.012 -0.026 -0.004  0.049  0.020  0.008 -0.092 -0.116 -0.369 -0.364 -0.336 -0.247 -0.189 -0.206 -0.078  0.060  0.116  0.110  0.225  0.360  0.537  0.639  0.644  0.777  1.000  0.741  0.526  0.536  0.369  0.314  0.313  0.232  0.154  0.190  0.098  0.051  0.009 -0.043 -0.034 -0.047 -0.024  0.036  0.052  0.100  0.118  0.022 -0.026 -0.129 -0.187 -0.164 -0.072 -0.073 -0.139 -0.160 -0.200 -0.319 -0.246 -0.097 -0.064  0.043  0.037  0.083  0.059  0.069  0.011 -0.117 -0.274 -0.243 -0.238
 -0.326 -0.296 -0.216 -0.098  0.053  0.076  0.056  0.049  0.034  0.051  0.090  0.086  0.036 -0.078 -0.155 -0.293 -0.330 -0.337 -0.275 -0.241 -0.227 -0.102  0.021  0.065  0.070  0.195  0.257  0.335  0.535  0.612  0.540  0.741  1.000  0.720  0.489  0.344  0.176  0.141  0.081  0.072  0.138  0.054  0.018 -0.039 -0.020 -0.034 -0.065 -0.033  0.012  0.061  0.078  0.080 -0.039 -0.071 -0.163 -0.244 -0.235 -0.127 -0.144 -0.196 -0.225 -0.219 -0.309 -0.250 -0.108 -0.043  0.077  0.031  0.047  0.029  0.043  0.012 -0.041 -0.215 -0.159 -0.138
 -0.306 -0.246 -0.190 -0.109  0.047  0.103  0.080  0.110  0.080  0.063 -0.038  0.016 -0.056 -0.116 -0.108 -0.270 -0.322 -0.357 -0.311 -0.293 -0.287 -0.168 -0.039  0.031 -0.015  0.118  0.289  0.244  0.301  0.550  0.566  0.526  0.720  1.000  0.790  0.674  0.458  0.331  0.254  0.269  0.299  0.161  0.098  0.038 -0.013 -0.019 -0.024 -0.028  0.017  0.044  0.052  0.039 -0.085 -0.161 -0.244 -0.286 -0.254 -0.152 -0.134 -0.187 -0.203 -0.188 -0.285 -0.190 -0.096 -0.025  0.074  0.133  0.143  0.151  0.161  0.117 -0.138 -0.310 -0.276 -0.228
 -0.296 -0.260 -0.228 -0.178  0.010  0.061  0.116  0.142  0.073  0.045 -0.118 -0.083 -0.140 -0.171 -0.145 -0.320 -0.351 -0.370 -0.299 -0.276 -0.266 -0.127  0.008  0.090  0.026  0.116  0.356  0.339  0.274  0.487  0.653  0.536  0.489  0.790  1.000  0.845  0.657  0.504  0.412  0.411  0.417  0.271  0.182  0.124  0.021 -0.005 -0.005 -0.015  0.049  0.070  0.095  0.088 -0.033 -0.130 -0.214 -0.262 -0.219 -0.112 -0.096 -0.155 -0.189 -0.154 -0.288 -0.222 -0.135 -0.079  0.051  0.188  0.254  0.279  0.293  0.211 -0.225 -0.376 -0.382 -0.350
 -0.278 -0.248 -0.229 -0.199 -0.008  0.058  0.126  0.177  0.093  0.028 -0.190 -0.153 -0.226 -0.225 -0.159 -0.293 -0.323 -0.354 -0.313 -0.283 -0.255 -0.101  0.030  0.118  0.040  0.129  0.391  0.303  0.186  0.473  0.617  0.369  0.344  0.674  0.845  1.000  0.824  0.621  0.507  0.526  0.527  0.360  0.259  0.196  0.068  0.009  0.021  0.010  0.094  0.104  0.110  0.113  0.004 -0.110 -0.207 -0.264 -0.219 -0.108 -0.094 -0.160 -0.200 -0.148 -0.265 -0.212 -0.141 -0.072  0.064  0.253  0.326  0.366  0.382  0.285 -0.215 -0.402 -0.448 -0.423
 -0.253 -0.243 -0.208 -0.186 -0.029  0.035  0.107  0.145  0.065  0.009 -0.169 -0.149 -0.238 -0.225 -0.170 -0.304 -0.321 -0.330 -0.273 -0.227 -0.220 -0.065  0.061  0.137  0.052  0.131  0.390  0.304  0.158  0.382  0.582  0.314  0.176  0.458  0.657  0.824  1.000  0.815  0.659  0.594  0.544  0.387  0.269  0.228  0.077  0.013  0.035  0.029  0.112  0.112  0.123  0.129  0.051 -0.043 -0.143 -0.191 -0.149 -0.051 -0.033 -0.108 -0.141 -0.123 -0.243 -0.203 -0.126 -0.059  0.055  0.246  0.322  0.358  0.378  0.274 -0.172 -0.419 -0.478 -0.474
 -0.262 -0.265 -0.236 -0.194 -0.006  0.050  0.142  0.146  0.064  0.036 -0.082 -0.100 -0.158 -0.182 -0.160 -0.290 -0.314 -0.307 -0.240 -0.181 -0.174 -0.004  0.114  0.180  0.114  0.197  0.433  0.338  0.214  0.382  0.543  0.313  0.141  0.331  0.504  0.621  0.815  1.000  0.776  0.593  0.591  0.461  0.336  0.241  0.056 -0.016  0.018  0.022  0.153  0.138  0.145  0.160  0.106  0.042 -0.096 -0.139 -0.111 -0.028 -0.016 -0.106 -0.150 -0.194 -0.299 -0.259 -0.185 -0.102  0.033  0.231  0.324  0.362  0.374  0.272 -0.097 -0.407 -0.524 -0.526
 -0.225 -0.224 -0.199 -0.179 -0.002  0.047  0.156  0.157  0.078  0.041 -0.076 -0.103 -0.158 -0.171 -0.133 -0.261 -0.273 -0.264 -0.194 -0.148 -0.152 -0.019  0.070  0.126  0.064  0.128  0.327  0.251  0.138  0.286  0.448  0.232  0.081  0.254  0.412  0.507  0.659  0.776  1.000  0.792  0.710  0.601  0.409  0.270  0.053 -0.040 -0.007  0.003  0.148  0.130  0.099  0.106  0.085  0.057 -0.076 -0.100 -0.070 -0.001  0.037 -0.055 -0.093 -0.180 -0.254 -0.230 -0.188 -0.102  0.035  0.223  0.357  0.437  0.511  0.433 -0.000 -0.368 -0.549 -0.597
 -0.234 -0.235 -0.222 -0.179  0.042  0.132  0.248  0.261  0.147  0.099 -0.059 -0.076 -0.155 -0.219 -0.166 -0.243 -0.286 -0.320 -0.248 -0.225 -0.196 -0.024  0.096  0.155  0.074  0.116  0.300  0.225  0.099  0.268  0.387  0.154  0.072  0.269  0.411  0.526  0.594  0.593  0.792  1.000  0.855  0.705  0.469  0.313  0.095 -0.037 -0.038  0.008  0.153  0.190  0.158  0.140  0.073  0.039 -0.115 -0.154 -0.152 -0.051 -0.001 -0.106 -0.138 -0.209 -0.275 -0.251 -0.211 -0.097  0.078  0.308  0.482  0.614  0.718  0.659  0.069 -0.320 -0.623 -0.675
 -0.306 -0.314 -0.301 -0.225  0.074  0.172  0.334  0.336  0.182  0.148 -0.029 -0.072 -0.142 -0.239 -0.195 -0.287 -0.329 -0.360 -0.288 -0.250 -0.205 -0.008  0.121  0.181  0.100  0.162  0.368  0.272  0.162  0.339  0.398  0.190  0.138  0.299  0.417  0.527  0.544  0.591  0.710  0.855  1.000  0.846  0.608  0.408  0.137 -0.038 -0.016  0.025  0.230  0.244  0.200  0.173  0.106  0.070 -0.112 -0.182 -0.188 -0.067 -0.031 -0.157 -0.209 -0.267 -0.352 -0.332 -0.274 -0.138  0.103  0.397  0.602  0.695  0.720  0.622  0.039 -0.356 -0.669 -0.693
 -0.270 -0.284 -0.282 -0.204  0.115  0.190  0.365  0.358  0.192  0.161  0.010 -0.047 -0.093 -0.211 -0.189 -0.242 -0.290 -0.315 -0.248 -0.210 -0.167  0.010  0.113  0.144  0.072  0.107  0.258  0.188  0.098  0.215  0.260  0.098  0.054  0.161  0.271  0.360  0.387  0.461  0.601  0.705  0.846  1.000  0.772  0.506  0.186 -0.054 -0.041 -0.001  0.257  0.289  0.245  0.179  0.143  0.128 -0.048 -0.128 -0.142 -0.024  0.007 -0.117 -0.183 -0.245 -0.330 -0.324 -0.269 -0.125  0.151  0.445  0.655  0.737  0.667  0.592  0.025 -0.335 -0.626 -0.647
 -0.300 -0.284 -0.267 -0.169  0.134  0.195  0.310  0.296  0.143  0.123 -0.002 -0.031 -0.080 -0.196 -0.170 -0.236 -0.274 -0.301 -0.250 -0.190 -0.137  0.034  0.150  0.165  0.083  0.116  0.237  0.146  0.077  0.165  0.169  0.051  0.018  0.098  0.182  0.259  0.269  0.336  0.409  0.469  0.608  0.772  1.000  0.711  0.303 -0.019 -0.003  0.043  0.367  0.397  0.318  0.213  0.167  0.145 -0.026 -0.128 -0.139 -0.030 -0.007 -0.133 -0.200 -0.246 -0.333 -0.313 -0.224 -0.071  0.226  0.522  0.605  0.569  0.436  0.361 -0.045 -0.337 -0.513 -0.500
 -0.281 -0.256 -0.224 -0.147  0.102  0.169  0.256  0.250  0.115  0.091 -0.018 -0.043 -0.086 -0.191 -0.172 -0.245 -0.258 -0.294 -0.267 -0.226 -0.170 -0.032  0.059  0.126  0.042  0.033  0.165  0.091 -0.002  0.081  0.107  0.009 -0.039  0.038  0.124  0.196  0.228  0.241  0.270  0.313  0.408  0.506  0.711  1.000  0.631  0.257  0.320  0.335  0.459  0.320  0.224  0.156  0.104  0.033 -0.127 -0.203 -0.220 -0.148 -0.111 -0.199 -0.212 -0.179 -0.261 -0.247 -0.166 -0.027  0.248  0.534  0.500  0.433  0.297  0.216 -0.096 -0.275 -0.406 -0.398
 -0.191 -0.217 -0.221 -0.157  0.026  0.071  0.114  0.098  0.031  0.029 -0.035 -0.028 -0.042 -0.132 -0.222 -0.172 -0.192 -0.237 -0.238 -0.201 -0.117  0.006  0.058  0.116  0.067  0.017  0.089  0.024 -0.037 -0.003 -0.014 -0.043 -0.020 -0.013  0.021  0.068  0.077  0.056  0.053  0.095  0.137  0.186  0.303  0.631  1.000  0.628  0.418  0.418  0.292  0.254  0.207  0.165  0.072 -0.015 -0.112 -0.195 -0.266 -0.219 -0.188 -0.248 -0.210 -0.109 -0.189 -0.215 -0.159 -0.025  0.156  0.287  0.237  0.170  0.089  0.020 -0.138 -0.180 -0.160 -0.155
 -0.090 -0.129 -0.148 -0.119 -0.041 -0.023  0.005 -0.029 -0.031 -0.011 -0.033 -0.034 -0.004 -0.033 -0.076 -0.076 -0.073 -0.097 -0.146 -0.121 -0.056 -0.030 -0.008  0.060  0.030 -0.041  0.024 -0.004 -0.067 -0.047 -0.040 -0.034 -0.034 -0.019 -0.005  0.009  0.013 -0.016 -0.040 -0.037 -0.038 -0.054 -0.019  0.257  0.628  1.000  0.682  0.489  0.159  0.050  0.044  0.087  0.031 -0.098 -0.129 -0.172 -0.212 -0.219 -0.202 -0.204 -0.157 -0.041 -0.081 -0.124 -0.139 -0.100 -0.020  0.056  0.021 -0.035 -0.070 -0.129 -0.177 -0.107 -0.035 -0.019
 -0.119 -0.139 -0.114 -0.107 -0.037 -0.043  0.006 -0.030 -0.040 -0.020 -0.026 -0.061  0.003 -0.031  0.012 -0.072 -0.039 -0.061 -0.126 -0.094 -0.044 -0.046 -0.015  0.051  0.007 -0.033  0.038 -0.005 -0.084 -0.034 -0.018 -0.047 -0.065 -0.024 -0.005  0.021  0.035  0.018 -0.007 -0.038 -0.016 -0.041 -0.003  0.320  0.418  0.682  1.000  0.694  0.326 -0.016 -0.056  0.021  0.016 -0.088 -0.130 -0.159 -0.178 -0.208 -0.182 -0.164 -0.127 -0.030 -0.046 -0.084 -0.112 -0.122 -0.061  0.056  0.034 -0.032 -0.055 -0.111 -0.128 -0.065 -0.106 -0.084
 -0.177 -0.180 -0.153 -0.096 -0.021  0.007  0.039  0.018  0.020  0.046  0.033  0.012  0.050 -0.018 -0.048 -0.064 -0.058 -0.120 -0.211 -0.161 -0.036  0.039  0.101  0.193  0.134  0.087  0.133  0.073  0.001  0.015 -0.005 -0.024 -0.033 -0.028 -0.015  0.010  0.029  0.022  0.003  0.008  0.025 -0.001  0.043  0.335  0.418  0.489  0.694  1.000  0.620  0.250  0.091  0.165  0.059 -0.050 -0.137 -0.198 -0.270 -0.260 -0.237 -0.262 -0.223 -0.111 -0.129 -0.143 -0.159 -0.106 -0.068  0.023  0.041  0.007 -0.016 -0.062 -0.093 -0.107 -0.184 -0.161
 -0.283 -0.263 -0.219 -0.154  0.007  0.049  0.126  0.114  0.074  0.088  0.028 -0.020 -0.034 -0.133 -0.145 -0.192 -0.177 -0.206 -0.214 -0.148 -0.049  0.116  0.219  0.243  0.170  0.144  0.185  0.123  0.063  0.086  0.075  0.036  0.012  0.017  0.049  0.094  0.112  0.153  0.148  0.153  0.230  0.257  0.367  0.459  0.292  0.159  0.326  0.620  1.000  0.600  0.335  0.297  0.172  0.143 -0.016 -0.111 -0.142 -0.056 -0.040 -0.130 -0.182 -0.194 -0.267 -0.260 -0.221 -0.115  0.031  0.181  0.226  0.200  0.139  0.080 -0.101 -0.226 -0.360 -0.339
 -0.320 -0.323 -0.267 -0.198 -0.037  0.024  0.089  0.087  0.065  0.064  0.008 -0.019 -0.087 -0.194 -0.254 -0.236 -0.243 -0.289 -0.217 -0.142 -0.023  0.235  0.383  0.361  0.230  0.173  0.201  0.140  0.098  0.079  0.067  0.052  0.061  0.044  0.070  0.104  0.112  0.138  0.130  0.190  0.244  0.289  0.397  0.320  0.254  0.050 -0.016  0.250  0.600  1.000  0.752  0.551  0.303  0.309  0.114 -0.005 -0.075  0.082  0.101 -0.063 -0.133 -0.202 -0.361 -0.328 -0.208 -0.073  0.071  0.138  0.194  0.218  0.155  0.081 -0.076 -0.315 -0.358 -0.307
 -0.324 -0.370 -0.291 -0.231 -0.037  0.028  0.090  0.089  0.061  0.066  0.026 -0.011 -0.085 -0.211 -0.302 -0.259 -0.235 -0.264 -0.155 -0.057  0.075  0.367  0.513  0.486  0.331  0.216  0.242  0.212  0.154  0.101  0.104  0.100  0.078  0.052  0.095  0.110  0.123  0.145  0.099  0.158  0.200  0.245  0.318  0.224  0.207  0.044 -0.056  0.091  0.335  0.752  1.000  0.772  0.525  0.493  0.279  0.126  0.025  0.205  0.205  0.013 -0.092 -0.198 -0.399 -0.396 -0.234 -0.098  0.064  0.114  0.178  0.208  0.146  0.036 -0.143 -0.402 -0.409 -0.345
 -0.286 -0.361 -0.301 -0.254 -0.068 -0.036  0.046  0.030  0.023  0.037  0.026 -0.013 -0.040 -0.162 -0.255 -0.218 -0.159 -0.178 -0.120  0.006  0.196  0.521  0.659  0.678  0.521  0.354  0.370  0.316  0.222  0.152  0.147  0.118  0.080  0.039  0.088  0.113  0.129  0.160  0.106  0.140  0.173  0.179  0.213  0.156  0.165  0.087  0.021  0.165  0.297  0.551  0.772  1.000  0.705  0.547  0.325  0.129 -0.014  0.140  0.090 -0.092 -0.170 -0.226 -0.399 -0.404 -0.299 -0.195 -0.047  0.012  0.111  0.152  0.127  0.013 -0.181 -0.426 -0.429 -0.365
 -0.187 -0.286 -0.246 -0.270 -0.118 -0.120 -0.023 -0.031 -0.035 -0.031 -0.013 -0.083 -0.101 -0.188 -0.215 -0.161 -0.065 -0.033  0.053  0.182  0.310  0.556  0.542  0.548  0.417  0.260  0.259  0.229  0.134  0.047  0.060  0.022 -0.039 -0.085 -0.033  0.004  0.051  0.106  0.085  0.073  0.106  0.143  0.167  0.104  0.072  0.031  0.016  0.059  0.172  0.303  0.525  0.705  1.000  0.741  0.509  0.324  0.198  0.298  0.199  0.056 -0.028 -0.129 -0.279 -0.339 -0.258 -0.226 -0.086 -0.048  0.051  0.077  0.066 -0.028 -0.117 -0.330 -0.349 -0.309
 -0.150 -0.275 -0.259 -0.311 -0.186 -0.200 -0.083 -0.081 -0.075 -0.071 -0.033 -0.152 -0.160 -0.264 -0.274 -0.167 -0.045  0.034  0.195  0.331  0.421  0.620  0.526  0.400  0.309  0.165  0.098  0.115  0.069 -0.048 -0.028 -0.026 -0.071 -0.161 -0.130 -0.110 -0.043  0.042  0.057  0.039  0.070  0.128  0.145  0.033 -0.015 -0.098 -0.088 -0.050  0.143  0.309  0.493  0.547  0.741  1.000  0.759  0.530  0.385  0.501  0.348  0.179  0.074 -0.137 -0.265 -0.337 -0.266 -0.261 -0.110 -0.093  0.004  0.045  0.061  0.006  0.069 -0.180 -0.295 -0.261
 -0.025 -0.160 -0.182 -0.285 -0.260 -0.297 -0.200 -0.170 -0.141 -0.157 -0.127 -0.228 -0.198 -0.248 -0.214 -0.047  0.100  0.228  0.408  0.532  0.549  0.569  0.377  0.245  0.212  0.054 -0.050 -0.006 -0.053 -0.185 -0.157 -0.129 -0.163 -0.244 -0.214 -0.207 -0.143 -0.096 -0.076 -0.115 -0.112 -0.048 -0.026 -0.127 -0.112 -0.129 -0.130 -0.137 -0.016  0.114  0.279  0.325  0.509  0.759  1.000  0.763  0.597  0.622  0.424  0.330  0.222 -0.005 -0.131 -0.225 -0.179 -0.244 -0.179 -0.216 -0.150 -0.110 -0.081 -0.104  0.015 -0.058 -0.079 -0.042
  0.082 -0.024 -0.053 -0.213 -0.291 -0.326 -0.273 -0.236 -0.165 -0.186 -0.150 -0.227 -0.191 -0.182 -0.086  0.035  0.156  0.302  0.515  0.511  0.428  0.360  0.202  0.065  0.045 -0.068 -0.154 -0.111 -0.158 -0.265 -0.208 -0.187 -0.244 -0.286 -0.262 -0.264 -0.191 -0.139 -0.100 -0.154 -0.182 -0.128 -0.128 -0.203 -0.195 -0.172 -0.159 -0.198 -0.111 -0.005  0.126  0.129  0.324  0.530  0.763  1.000  0.758  0.629  0.555  0.514  0.462  0.130  0.028 -0.085 -0.074 -0.201 -0.231 -0.281 -0.254 -0.193 -0.145 -0.139  0.034  0.026  0.036  0.067
  0.069 -0.020 -0.034 -0.190 -0.291 -0.349 -0.306 -0.268 -0.214 -0.249 -0.189 -0.276 -0.231 -0.175 -0.044 -0.011  0.119  0.328  0.563  0.560  0.369  0.231  0.043 -0.078 -0.092 -0.162 -0.230 -0.172 -0.199 -0.274 -0.186 -0.164 -0.235 -0.254 -0.219 -0.219 -0.149 -0.111 -0.070 -0.152 -0.188 -0.142 -0.139 -0.220 -0.266 -0.212 -0.178 -0.270 -0.142 -0.075  0.025 -0.014  0.198  0.385  0.597  0.758  1.000  0.807  0.621  0.653  0.452  0.148  0.049 -0.028  0.003 -0.152 -0.178 -0.247 -0.257 -0.220 -0.156 -0.140  0.049  0.087  0.125  0.118
 -0.060 -0.144 -0.106 -0.228 -0.249 -0.289 -0.218 -0.199 -0.170 -0.202 -0.149 -0.250 -0.250 -0.247 -0.149 -0.135 -0.028  0.162  0.398  0.434  0.280  0.257  0.125  0.004 -0.057 -0.119 -0.160 -0.111 -0.126 -0.184 -0.093 -0.072 -0.127 -0.152 -0.112 -0.108 -0.051 -0.028 -0.001 -0.051 -0.067 -0.024 -0.030 -0.148 -0.219 -0.219 -0.208 -0.260 -0.056  0.082  0.205  0.140  0.298  0.501  0.622  0.629  0.807  1.000  0.777  0.635  0.357  0.068 -0.061 -0.116 -0.032 -0.145 -0.097 -0.174 -0.148 -0.102 -0.049 -0.071  0.014 -0.020 -0.004 -0.017
 -0.071 -0.112 -0.039 -0.135 -0.195 -0.214 -0.169 -0.168 -0.121 -0.150 -0.093 -0.183 -0.212 -0.198 -0.104 -0.164 -0.089  0.078  0.273  0.301  0.131  0.105  0.048 -0.045 -0.125 -0.171 -0.162 -0.121 -0.158 -0.180 -0.072 -0.073 -0.144 -0.134 -0.096 -0.094 -0.033 -0.016  0.037 -0.001 -0.031  0.007 -0.007 -0.111 -0.188 -0.202 -0.182 -0.237 -0.040  0.101  0.205  0.090  0.199  0.348  0.424  0.555  0.621  0.777  1.000  0.746  0.522  0.144  0.020 -0.044  0.040 -0.073 -0.071 -0.138 -0.119 -0.061 -0.010 -0.044  0.000 -0.033 -0.027 -0.050
  0.045  0.014  0.050 -0.102 -0.245 -0.293 -0.270 -0.251 -0.189 -0.224 -0.166 -0.227 -0.220 -0.153 -0.010 -0.084 -0.014  0.158  0.333  0.330  0.123  0.025 -0.066 -0.166 -0.216 -0.230 -0.253 -0.213 -0.238 -0.264 -0.157 -0.139 -0.196 -0.187 -0.155 -0.160 -0.108 -0.106 -0.055 -0.106 -0.157 -0.117 -0.133 -0.199 -0.248 -0.204 -0.164 -0.262 -0.130 -0.063  0.013 -0.092  0.056  0.179  0.330  0.514  0.653  0.635  0.746  1.000  0.702  0.327  0.186  0.088  0.136 -0.043 -0.103 -0.204 -0.227 -0.182 -0.106 -0.101  0.010  0.118  0.156  0.112
  0.144  0.148  0.158 -0.044 -0.247 -0.299 -0.316 -0.293 -0.203 -0.234 -0.190 -0.226 -0.214 -0.110  0.078 -0.004  0.035  0.142  0.267  0.230  0.059 -0.043 -0.135 -0.198 -0.235 -0.261 -0.254 -0.209 -0.250 -0.284 -0.180 -0.160 -0.225 -0.203 -0.189 -0.200 -0.141 -0.150 -0.093 -0.138 -0.209 -0.183 -0.200 -0.212 -0.210 -0.157 -0.127 -0.223 -0.182 -0.133 -0.092 -0.170 -0.028  0.074  0.222  0.462  0.452  0.357  0.522  0.702  1.000  0.630  0.392  0.230  0.270  0.029 -0.099 -0.212 -0.277 -0.232 -0.168 -0.143  0.039  0.135  0.200  0.196
  0.269  0.242  0.198  0.001 -0.206 -0.261 -0.281 -0.254 -0.168 -0.198 -0.219 -0.213 -0.181 -0.044  0.091  0.107  0.097  0.122  0.118  0.054 -0.038 -0.141 -0.220 -0.214 -0.253 -0.303 -0.247 -0.224 -0.310 -0.310 -0.218 -0.200 -0.219 -0.188 -0.154 -0.148 -0.123 -0.194 -0.180 -0.209 -0.267 -0.245 -0.246 -0.179 -0.109 -0.041 -0.030 -0.111 -0.194 -0.202 -0.198 -0.226 -0.129 -0.137 -0.005  0.130  0.148  0.068  0.144  0.327  0.630  1.000  0.619  0.312  0.344  0.085 -0.060 -0.173 -0.252 -0.251 -0.216 -0.167 -0.057  0.190  0.335  0.298
  0.495  0.536  0.405  0.192 -0.160 -0.225 -0.287 -0.253 -0.181 -0.199 -0.172 -0.154 -0.097  0.102  0.269  0.351  0.307  0.274  0.154  0.042 -0.040 -0.231 -0.344 -0.361 -0.310 -0.331 -0.359 -0.343 -0.345 -0.345 -0.324 -0.319 -0.309 -0.285 -0.288 -0.265 -0.243 -0.299 -0.254 -0.275 -0.352 -0.330 -0.333 -0.261 -0.189 -0.081 -0.046 -0.129 -0.267 -0.361 -0.399 -0.399 -0.279 -0.265 -0.131  0.028  0.049 -0.061  0.020  0.186  0.392  0.619  1.000  0.717  0.462  0.200 -0.089 -0.195 -0.312 -0.296 -0.255 -0.159  0.061  0.338  0.418  0.377
  0.382  0.554  0.487  0.352 -0.048 -0.124 -0.267 -0.253 -0.190 -0.213 -0.132 -0.055 -0.034  0.190  0.359  0.309  0.231  0.186  0.075 -0.051 -0.128 -0.305 -0.367 -0.377 -0.331 -0.286 -0.315 -0.321 -0.283 -0.280 -0.268 -0.246 -0.250 -0.190 -0.222 -0.212 -0.203 -0.259 -0.230 -0.251 -0.332 -0.324 -0.313 -0.247 -0.215 -0.124 -0.084 -0.143 -0.260 -0.328 -0.396 -0.404 -0.339 -0.337 -0.225 -0.085 -0.028 -0.116 -0.044  0.088  0.230  0.312  0.717  1.000  0.689  0.395  0.031 -0.129 -0.298 -0.292 -0.264 -0.168  0.062  0.297  0.393  0.386
  0.113  0.259  0.361  0.404  0.102  0.027 -0.182 -0.212 -0.172 -0.191 -0.049  0.033 -0.023  0.115  0.213  0.038  0.005 -0.001 -0.007 -0.102 -0.220 -0.320 -0.328 -0.325 -0.351 -0.289 -0.246 -0.244 -0.205 -0.178 -0.148 -0.097 -0.108 -0.096 -0.135 -0.141 -0.126 -0.185 -0.188 -0.211 -0.274 -0.269 -0.224 -0.166 -0.159 -0.139 -0.112 -0.159 -0.221 -0.208 -0.234 -0.299 -0.258 -0.266 -0.179 -0.074  0.003 -0.032  0.040  0.136  0.270  0.344  0.462  0.689  1.000  0.646  0.315 -0.003 -0.205 -0.235 -0.219 -0.173  0.016  0.168  0.318  0.274
 -0.008  0.128  0.261  0.512  0.311  0.303  0.025 -0.014 -0.046 -0.063  0.046  0.180  0.057  0.115  0.065 -0.035 -0.055 -0.112 -0.127 -0.193 -0.258 -0.305 -0.266 -0.234 -0.261 -0.195 -0.156 -0.171 -0.109 -0.066 -0.077 -0.064 -0.043 -0.025 -0.079 -0.072 -0.059 -0.102 -0.102 -0.097 -0.138 -0.125 -0.071 -0.027 -0.025 -0.100 -0.122 -0.106 -0.115 -0.073 -0.098 -0.195 -0.226 -0.261 -0.244 -0.201 -0.152 -0.145 -0.073 -0.043  0.029  0.085  0.200  0.395  0.646  1.000  0.626  0.201 -0.017 -0.066 -0.099 -0.099  0.018  0.031  0.146  0.128
 -0.201 -0.099  0.036  0.291  0.452  0.392  0.203  0.151  0.017 -0.012  0.039  0.124  0.017 -0.041 -0.085 -0.206 -0.227 -0.245 -0.222 -0.208 -0.247 -0.204 -0.147 -0.104 -0.158 -0.116 -0.028 -0.045 -0.001  0.065  0.044  0.043  0.077  0.074  0.051  0.064  0.055  0.033  0.035  0.078  0.103  0.151  0.226  0.248  0.156 -0.020 -0.061 -0.068  0.031  0.071  0.064 -0.047 -0.086 -0.110 -0.179 -0.231 -0.178 -0.097 -0.071 -0.103 -0.099 -0.060 -0.089  0.031  0.315  0.626  1.000  0.560  0.331  0.215  0.111  0.059 -0.030 -0.125 -0.088 -0.110
 -0.253 -0.196 -0.159  0.018  0.323  0.416  0.459  0.459  0.217  0.186  0.044  0.047 -0.046 -0.149 -0.129 -0.216 -0.273 -0.328 -0.305 -0.281 -0.271 -0.171 -0.063 -0.013 -0.095 -0.052  0.104  0.022 -0.014  0.141  0.138  0.037  0.031  0.133  0.188  0.253  0.246  0.231  0.223  0.308  0.397  0.445  0.522  0.534  0.287  0.056  0.056  0.023  0.181  0.138  0.114  0.012 -0.048 -0.093 -0.216 -0.281 -0.247 -0.174 -0.138 -0.204 -0.212 -0.173 -0.195 -0.129 -0.003  0.201  0.560  1.000  0.738  0.551  0.364  0.267 -0.083 -0.222 -0.354 -0.374
 -0.313 -0.289 -0.256 -0.085  0.336  0.429  0.602  0.559  0.277  0.278  0.101  0.062 -0.003 -0.168 -0.182 -0.256 -0.309 -0.363 -0.327 -0.271 -0.224 -0.073  0.038  0.105  0.024  0.031  0.196  0.136  0.057  0.191  0.217  0.083  0.047  0.143  0.254  0.326  0.322  0.324  0.357  0.482  0.602  0.655  0.605  0.500  0.237  0.021  0.034  0.041  0.226  0.194  0.178  0.111  0.051  0.004 -0.150 -0.254 -0.257 -0.148 -0.119 -0.227 -0.277 -0.252 -0.312 -0.298 -0.205 -0.017  0.331  0.738  1.000  0.792  0.589  0.450 -0.093 -0.296 -0.516 -0.551
 -0.280 -0.273 -0.268 -0.144  0.218  0.341  0.525  0.538  0.289  0.278  0.098  0.032 -0.054 -0.188 -0.192 -0.232 -0.287 -0.349 -0.296 -0.254 -0.194 -0.031  0.089  0.138  0.053  0.043  0.196  0.145  0.044  0.174  0.229  0.059  0.029  0.151  0.279  0.366  0.358  0.362  0.437  0.614  0.695  0.737  0.569  0.433  0.170 -0.035 -0.032  0.007  0.200  0.218  0.208  0.152  0.077  0.045 -0.110 -0.193 -0.220 -0.102 -0.061 -0.182 -0.232 -0.251 -0.296 -0.292 -0.235 -0.066  0.215  0.551  0.792  1.000  0.829  0.663  0.028 -0.268 -0.603 -0.656
 -0.248 -0.245 -0.241 -0.160  0.105  0.213  0.376  0.386  0.194  0.177  0.033 -0.035 -0.118 -0.229 -0.191 -0.237 -0.272 -0.307 -0.233 -0.202 -0.171 -0.020  0.100  0.130  0.055  0.051  0.187  0.156  0.047  0.163  0.248  0.069  0.043  0.161  0.293  0.382  0.378  0.374  0.511  0.718  0.720  0.667  0.436  0.297  0.089 -0.070 -0.055 -0.016  0.139  0.155  0.146  0.127  0.066  0.061 -0.081 -0.145 -0.156 -0.049 -0.010 -0.106 -0.168 -0.216 -0.255 -0.264 -0.219 -0.099  0.111  0.364  0.589  0.829  1.000  0.824  0.181 -0.152 -0.577 -0.672
 -0.135 -0.127 -0.153 -0.114  0.063  0.137  0.284  0.298  0.155  0.141 -0.006 -0.065 -0.107 -0.181 -0.116 -0.143 -0.189 -0.226 -0.167 -0.174 -0.162 -0.065  0.029  0.024 -0.006  0.010  0.093  0.080 -0.012  0.092  0.164  0.011  0.012  0.117  0.211  0.285  0.274  0.272  0.433  0.659  0.622  0.592  0.361  0.216  0.020 -0.129 -0.111 -0.062  0.080  0.081  0.036  0.013 -0.028  0.006 -0.104 -0.139 -0.140 -0.071 -0.044 -0.101 -0.143 -0.167 -0.159 -0.168 -0.173 -0.099  0.059  0.267  0.450  0.663  0.824  1.000  0.357  0.066 -0.479 -0.590
  0.087  0.049  0.028  0.036 -0.066 -0.086 -0.106 -0.096 -0.090 -0.082  0.065 -0.025 -0.033 -0.037 -0.061  0.032  0.013  0.027  0.082  0.047 -0.018 -0.053 -0.067 -0.143 -0.094 -0.072 -0.197 -0.146 -0.077 -0.126 -0.157 -0.117 -0.041 -0.138 -0.225 -0.215 -0.172 -0.097 -0.000  0.069  0.039  0.025 -0.045 -0.096 -0.138 -0.177 -0.128 -0.093 -0.101 -0.076 -0.143 -0.181 -0.117  0.069  0.015  0.034  0.049  0.014  0.000  0.010  0.039 -0.057  0.061  0.062  0.016  0.018 -0.030 -0.083 -0.093  0.028  0.181  0.357  1.000  0.504 -0.033 -0.109
  0.277  0.251  0.200  0.130 -0.108 -0.172 -0.185 -0.185 -0.155 -0.133 -0.008 -0.076 -0.001  0.077  0.125  0.190  0.167  0.222  0.196  0.113  0.007 -0.187 -0.269 -0.374 -0.294 -0.256 -0.424 -0.351 -0.287 -0.355 -0.388 -0.274 -0.215 -0.310 -0.376 -0.402 -0.419 -0.407 -0.368 -0.320 -0.356 -0.335 -0.337 -0.275 -0.180 -0.107 -0.065 -0.107 -0.226 -0.315 -0.402 -0.426 -0.330 -0.180 -0.058  0.026  0.087 -0.020 -0.033  0.118  0.135  0.190  0.338  0.297  0.168  0.031 -0.125 -0.222 -0.296 -0.268 -0.152  0.066  0.504  1.000  0.481  0.260
  0.343  0.361  0.312  0.226 -0.101 -0.201 -0.384 -0.377 -0.271 -0.281 -0.116 -0.014  0.025  0.173  0.160  0.243  0.234  0.300  0.233  0.170  0.038 -0.211 -0.341 -0.427 -0.314 -0.258 -0.457 -0.407 -0.251 -0.354 -0.427 -0.243 -0.159 -0.276 -0.382 -0.448 -0.478 -0.524 -0.549 -0.623 -0.669 -0.626 -0.513 -0.406 -0.160 -0.035 -0.106 -0.184 -0.360 -0.358 -0.409 -0.429 -0.349 -0.295 -0.079  0.036  0.125 -0.004 -0.027  0.156  0.200  0.335  0.418  0.393  0.318  0.146 -0.088 -0.354 -0.516 -0.603 -0.577 -0.479 -0.033  0.481  1.000  0.746
