  1.000  0.790  0.543  0.244 -0.150 -0.250 -0.272 -0.222 -0.264 -0.031 -0.131 -0.106 -0.042  0.255  0.337  0.628  0.629  0.619  0.452  0.296  0.213 -0.124 -0.335 -0.378 -0.232 -0.293 -0.469 -0.438 -0.362 -0.428 -0.457 -0.373 -0.302 -0.317 -0.382 -0.404 -0.414 -0.443 -0.403 -0.410 -0.483 -0.414 -0.446 -0.419 -0.312 -0.218 -0.286 -0.317 -0.452 -0.464 -0.497 -0.456 -0.369 -0.301 -0.050  0.138  0.224  0.002 -0.031  0.185  0.277  0.461  0.630  0.533  0.309  0.065 -0.182 -0.331 -0.430 -0.381 -0.332 -0.189  0.071  0.417  0.494  0.468
  0.790  1.000  0.757  0.462  0.056 -0.067 -0.147 -0.165 -0.223 -0.011 -0.058  0.040  0.114  0.422  0.505  0.632  0.485  0.440  0.283  0.114  0.030 -0.282 -0.404 -0.432 -0.313 -0.292 -0.421 -0.412 -0.306 -0.335 -0.383 -0.306 -0.228 -0.235 -0.309 -0.338 -0.367 -0.402 -0.371 -0.357 -0.412 -0.350 -0.363 -0.324 -0.225 -0.170 -0.228 -0.253 -0.392 -0.438 -0.519 -0.504 -0.473 -0.441 -0.220  0.009  0.080 -0.140 -0.097  0.120  0.265  0.441  0.637  0.653  0.414  0.221 -0.020 -0.189 -0.305 -0.281 -0.262 -0.136  0.064  0.302  0.366  0.347
  0.543  0.757  1.000  0.677  0.274  0.135 -0.024 -0.112 -0.176 -0.048 -0.003  0.161  0.233  0.512  0.541  0.460  0.376  0.266  0.135 -0.032 -0.090 -0.341 -0.383 -0.389 -0.350 -0.286 -0.338 -0.360 -0.265 -0.248 -0.300 -0.248 -0.174 -0.184 -0.258 -0.280 -0.312 -0.333 -0.306 -0.291 -0.312 -0.268 -0.249 -0.193 -0.107 -0.097 -0.134 -0.159 -0.273 -0.325 -0.404 -0.421 -0.422 -0.414 -0.263 -0.051 -0.009 -0.157 -0.065  0.089  0.239  0.358  0.513  0.588  0.495  0.397  0.187 -0.022 -0.156 -0.167 -0.175 -0.102  0.036  0.164  0.214  0.202
  0.244  0.462  0.677  1.000  0.674  0.533  0.270  0.090  0.029  0.037  0.232  0.462  0.504  0.617  0.474  0.289  0.137 -0.029 -0.137 -0.309 -0.325 -0.462 -0.349 -0.334 -0.363 -0.211 -0.162 -0.234 -0.135 -0.034 -0.101 -0.093 -0.024 -0.013 -0.082 -0.100 -0.154 -0.176 -0.153 -0.107 -0.071 -0.052  0.006  0.066  0.087  0.013 -0.006 -0.005 -0.074 -0.165 -0.294 -0.342 -0.444 -0.489 -0.439 -0.244 -0.255 -0.341 -0.183 -0.090  0.064  0.150  0.298  0.510  0.534  0.662  0.503  0.303  0.167  0.097  0.032  0.043  0.023 -0.122 -0.118 -0.125
 -0.150  0.056  0.274  0.674  1.000  0.817  0.539  0.306  0.200  0.072  0.333  0.549  0.608  0.430  0.305  0.023 -0.121 -0.301 -0.370 -0.453 -0.399 -0.349 -0.124 -0.056 -0.172 -0.021  0.147  0.067  0.101  0.235  0.188  0.145  0.168  0.172  0.154  0.144  0.086  0.074  0.062  0.124  0.220  0.197  0.289  0.325  0.259  0.128  0.148  0.170  0.182  0.087 -0.007 -0.046 -0.197 -0.310 -0.413 -0.365 -0.434 -0.405 -0.262 -0.289 -0.187 -0.170 -0.101  0.107  0.225  0.501  0.637  0.556  0.505  0.342  0.229  0.137 -0.041 -0.403 -0.454 -0.448
 -0.250 -0.067  0.135  0.533  0.817  1.000  0.662  0.420  0.329  0.066  0.321  0.522  0.499  0.307  0.164 -0.077 -0.210 -0.380 -0.411 -0.484 -0.409 -0.296 -0.056 -0.011 -0.129  0.013  0.174  0.080  0.100  0.241  0.199  0.137  0.158  0.181  0.168  0.186  0.135  0.127  0.133  0.205  0.312  0.283  0.364  0.408  0.323  0.164  0.188  0.212  0.251  0.165  0.082  0.026 -0.135 -0.234 -0.367 -0.334 -0.425 -0.360 -0.207 -0.270 -0.183 -0.198 -0.153  0.047  0.198  0.513  0.627  0.650  0.600  0.439  0.315  0.198 -0.037 -0.489 -0.547 -0.536
 -0.272 -0.147 -0.024  0.270  0.539  0.662  1.000  0.672  0.423 -0.017  0.228  0.333  0.361  0.160  0.051 -0.131 -0.235 -0.360 -0.379 -0.415 -0.335 -0.196  0.017  0.064 -0.038  0.082  0.228  0.156  0.131  0.237  0.228  0.156  0.122  0.143  0.188  0.216  0.201  0.201  0.200  0.258  0.362  0.343  0.416  0.434  0.306  0.158  0.204  0.203  0.246  0.179  0.111  0.078 -0.050 -0.149 -0.295 -0.304 -0.384 -0.315 -0.202 -0.276 -0.221 -0.243 -0.222 -0.089  0.011  0.247  0.413  0.624  0.603  0.441  0.314  0.162 -0.087 -0.493 -0.547 -0.526
 -0.222 -0.165 -0.112  0.090  0.306  0.420  0.672  1.000  0.669  0.069  0.275  0.233  0.161 -0.007 -0.062 -0.144 -0.201 -0.257 -0.254 -0.268 -0.211 -0.101  0.012  0.040 -0.034  0.010  0.114  0.061  0.010  0.097  0.116  0.045  0.031  0.077  0.127  0.190  0.172  0.162  0.162  0.192  0.270  0.235  0.289  0.316  0.206  0.090  0.145  0.122  0.171  0.107  0.080  0.068  0.008 -0.049 -0.157 -0.182 -0.235 -0.177 -0.116 -0.175 -0.151 -0.165 -0.176 -0.106 -0.017  0.139  0.276  0.471  0.431  0.278  0.213  0.100 -0.096 -0.420 -0.467 -0.446
 -0.264 -0.223 -0.176  0.029  0.200  0.329  0.423  0.669  1.000  0.287  0.342  0.305  0.176  0.016 -0.066 -0.154 -0.213 -0.287 -0.276 -0.268 -0.201 -0.064  0.068  0.092  0.028  0.088  0.184  0.128  0.069  0.130  0.150  0.079  0.036  0.052  0.113  0.166  0.197  0.233  0.256  0.224  0.288  0.305  0.304  0.286  0.181  0.093  0.128  0.141  0.207  0.157  0.119  0.100  0.031 -0.020 -0.147 -0.199 -0.254 -0.175 -0.126 -0.200 -0.205 -0.213 -0.241 -0.182 -0.091  0.071  0.180  0.353  0.362  0.254  0.170  0.116 -0.142 -0.466 -0.482 -0.456
 -0.031 -0.011 -0.048  0.037  0.072  0.066 -0.017  0.069  0.287  1.000  0.580  0.315  0.155  0.096  0.051  0.023 -0.003 -0.040 -0.088 -0.097 -0.079 -0.103 -0.073 -0.037 -0.028  0.011  0.039  0.036  0.066  0.060  0.048  0.067  0.068  0.037  0.008 -0.054 -0.032  0.020 -0.015 -0.120 -0.090 -0.082 -0.042 -0.071 -0.087 -0.065 -0.097 -0.014  0.006 -0.052 -0.074 -0.053 -0.094 -0.136 -0.145 -0.149 -0.145 -0.170 -0.166 -0.151 -0.146 -0.118 -0.084 -0.048 -0.093 -0.015 -0.061 -0.102 -0.089 -0.124 -0.151 -0.135 -0.156 -0.051 -0.066 -0.074
 -0.131 -0.058 -0.003  0.232  0.333  0.321  0.228  0.275  0.342  0.580  1.000  0.720  0.492  0.295  0.131 -0.020 -0.108 -0.201 -0.233 -0.288 -0.261 -0.235 -0.099 -0.069 -0.126 -0.019  0.075  0.034  0.082  0.160  0.134  0.129  0.162  0.175  0.140  0.085  0.052  0.072  0.032  0.002  0.054  0.057  0.130  0.110  0.060  0.017  0.035  0.066  0.106  0.029 -0.040 -0.051 -0.159 -0.223 -0.277 -0.241 -0.278 -0.279 -0.201 -0.204 -0.169 -0.161 -0.128 -0.012  0.010  0.154  0.148  0.158  0.145  0.068  0.006 -0.021 -0.138 -0.266 -0.309 -0.298
 -0.106  0.040  0.161  0.462  0.549  0.522  0.333  0.233  0.305  0.315  0.720  1.000  0.752  0.547  0.310  0.086 -0.063 -0.234 -0.307 -0.394 -0.333 -0.319 -0.123 -0.077 -0.136  0.014  0.113  0.055  0.127  0.210  0.157  0.149  0.168  0.167  0.138  0.086  0.057  0.064  0.027  0.041  0.103  0.093  0.164  0.147  0.112  0.034  0.052  0.105  0.103  0.024 -0.085 -0.095 -0.257 -0.358 -0.410 -0.339 -0.408 -0.427 -0.305 -0.297 -0.213 -0.171 -0.105  0.068  0.097  0.279  0.264  0.273  0.231  0.134  0.038  0.025 -0.159 -0.295 -0.340 -0.323
 -0.042  0.114  0.233  0.504  0.608  0.499  0.361  0.161  0.176  0.155  0.492  0.752  1.000  0.744  0.491  0.217  0.048 -0.159 -0.274 -0.351 -0.261 -0.268 -0.088 -0.018 -0.067  0.053  0.149  0.116  0.163  0.217  0.174  0.171  0.179  0.166  0.151  0.090  0.052  0.054  0.022  0.020  0.091  0.079  0.144  0.123  0.085  0.033  0.040  0.090  0.072 -0.004 -0.101 -0.078 -0.231 -0.351 -0.392 -0.341 -0.415 -0.452 -0.354 -0.339 -0.248 -0.194 -0.103  0.067  0.061  0.229  0.236  0.246  0.237  0.136  0.028  0.004 -0.174 -0.278 -0.315 -0.298
  0.255  0.422  0.512  0.617  0.430  0.307  0.160 -0.007  0.016  0.096  0.295  0.547  0.744  1.000  0.736  0.477  0.290  0.077 -0.073 -0.205 -0.166 -0.311 -0.216 -0.169 -0.165 -0.063 -0.044 -0.073 -0.003  0.018 -0.036 -0.018  0.017  0.010 -0.033 -0.084 -0.115 -0.116 -0.123 -0.127 -0.102 -0.091 -0.059 -0.077 -0.055 -0.065 -0.082 -0.045 -0.119 -0.188 -0.295 -0.262 -0.369 -0.454 -0.389 -0.255 -0.285 -0.411 -0.320 -0.222 -0.092  0.020  0.165  0.316  0.223  0.279  0.134  0.057  0.013 -0.031 -0.099 -0.053 -0.121 -0.063 -0.058 -0.053
  0.337  0.505  0.541  0.474  0.305  0.164  0.051 -0.062 -0.066  0.051  0.131  0.310  0.491  0.736  1.000  0.682  0.458  0.223  0.028 -0.069 -0.010 -0.178 -0.151 -0.099 -0.080 -0.021 -0.037 -0.054 -0.009 -0.012 -0.066 -0.046 -0.002 -0.022 -0.066 -0.103 -0.146 -0.145 -0.146 -0.157 -0.133 -0.148 -0.131 -0.153 -0.139 -0.103 -0.116 -0.094 -0.176 -0.234 -0.292 -0.216 -0.271 -0.357 -0.272 -0.181 -0.210 -0.347 -0.312 -0.212 -0.084  0.036  0.207  0.288  0.144  0.151  0.038 -0.045 -0.071 -0.103 -0.141 -0.098 -0.110 -0.006  0.015  0.021
  0.628  0.632  0.460  0.289  0.023 -0.077 -0.131 -0.144 -0.154  0.023 -0.020  0.086  0.217  0.477  0.682  1.000  0.738  0.518  0.306  0.201  0.224 -0.056 -0.178 -0.174 -0.082 -0.126 -0.222 -0.212 -0.181 -0.230 -0.265 -0.220 -0.165 -0.180 -0.232 -0.258 -0.283 -0.290 -0.269 -0.283 -0.304 -0.290 -0.313 -0.331 -0.287 -0.198 -0.236 -0.227 -0.327 -0.357 -0.388 -0.296 -0.278 -0.286 -0.093  0.014  0.028 -0.174 -0.226 -0.077  0.032  0.189  0.386  0.352  0.119  0.009 -0.164 -0.249 -0.275 -0.257 -0.250 -0.152 -0.056  0.206  0.251  0.252
  0.629  0.485  0.376  0.137 -0.121 -0.210 -0.235 -0.201 -0.213 -0.003 -0.108 -0.063  0.048  0.290  0.458  0.738  1.000  0.771  0.484  0.379  0.450  0.119 -0.089 -0.094 -0.005 -0.140 -0.256 -0.227 -0.234 -0.315 -0.328 -0.281 -0.237 -0.255 -0.296 -0.313 -0.324 -0.331 -0.301 -0.323 -0.353 -0.343 -0.371 -0.388 -0.335 -0.221 -0.255 -0.263 -0.349 -0.352 -0.326 -0.214 -0.135 -0.105  0.109  0.170  0.177 -0.009 -0.119 -0.003  0.061  0.183  0.344  0.245  0.058 -0.088 -0.251 -0.343 -0.360 -0.322 -0.290 -0.195 -0.034  0.283  0.333  0.324
  0.619  0.440  0.266 -0.029 -0.301 -0.380 -0.360 -0.257 -0.287 -0.040 -0.201 -0.234 -0.159  0.077  0.223  0.518  0.771  1.000  0.732  0.606  0.568  0.193 -0.119 -0.155 -0.009 -0.207 -0.389 -0.325 -0.329 -0.434 -0.432 -0.361 -0.310 -0.328 -0.372 -0.384 -0.388 -0.406 -0.367 -0.384 -0.449 -0.420 -0.474 -0.476 -0.398 -0.259 -0.305 -0.340 -0.430 -0.416 -0.361 -0.258 -0.104 -0.011  0.266  0.344  0.410  0.212  0.058  0.200  0.193  0.271  0.378  0.230  0.049 -0.178 -0.343 -0.450 -0.476 -0.412 -0.347 -0.232  0.026  0.419  0.492  0.477
  0.452  0.283  0.135 -0.137 -0.370 -0.411 -0.379 -0.254 -0.276 -0.088 -0.233 -0.307 -0.274 -0.073  0.028  0.306  0.484  0.732  1.000  0.736  0.522  0.190 -0.120 -0.193 -0.071 -0.248 -0.428 -0.369 -0.361 -0.458 -0.454 -0.381 -0.333 -0.342 -0.381 -0.383 -0.376 -0.396 -0.354 -0.363 -0.446 -0.405 -0.464 -0.444 -0.348 -0.224 -0.264 -0.331 -0.397 -0.371 -0.298 -0.242 -0.052  0.101  0.401  0.541  0.616  0.419  0.260  0.386  0.333  0.322  0.327  0.181  0.084 -0.161 -0.323 -0.426 -0.468 -0.395 -0.323 -0.231  0.052  0.422  0.497  0.479
  0.296  0.114 -0.032 -0.309 -0.453 -0.484 -0.415 -0.268 -0.268 -0.097 -0.288 -0.394 -0.351 -0.205 -0.069  0.201  0.379  0.606  0.736  1.000  0.767  0.441  0.086  0.012  0.123 -0.123 -0.303 -0.229 -0.285 -0.415 -0.391 -0.339 -0.315 -0.330 -0.344 -0.341 -0.316 -0.323 -0.285 -0.320 -0.387 -0.370 -0.432 -0.441 -0.376 -0.246 -0.273 -0.320 -0.345 -0.284 -0.155 -0.060  0.150  0.307  0.573  0.540  0.616  0.479  0.262  0.334  0.230  0.172  0.154 -0.018 -0.099 -0.323 -0.403 -0.475 -0.464 -0.389 -0.310 -0.240  0.012  0.417  0.479  0.461
  0.213  0.030 -0.090 -0.325 -0.399 -0.409 -0.335 -0.211 -0.201 -0.079 -0.261 -0.333 -0.261 -0.166 -0.010  0.224  0.450  0.568  0.522  0.767  1.000  0.722  0.353  0.270  0.380  0.087 -0.101 -0.037 -0.145 -0.289 -0.271 -0.252 -0.245 -0.259 -0.259 -0.248 -0.223 -0.220 -0.196 -0.226 -0.263 -0.285 -0.333 -0.367 -0.343 -0.234 -0.243 -0.241 -0.234 -0.149  0.002  0.156  0.315  0.424  0.601  0.447  0.411  0.316  0.079  0.091  0.028 -0.003  0.010 -0.140 -0.231 -0.377 -0.403 -0.421 -0.364 -0.302 -0.253 -0.209 -0.047  0.266  0.308  0.304
 -0.124 -0.282 -0.341 -0.462 -0.349 -0.296 -0.196 -0.101 -0.064 -0.103 -0.235 -0.319 -0.268 -0.311 -0.178 -0.056  0.119  0.193  0.190  0.441  0.722  1.000  0.721  0.609  0.659  0.391  0.203  0.227  0.081 -0.061 -0.059 -0.082 -0.108 -0.123 -0.098 -0.073 -0.039 -0.006 -0.013 -0.029 -0.021 -0.082 -0.085 -0.137 -0.167 -0.116 -0.095 -0.066  0.031  0.172  0.368  0.538  0.625  0.675  0.626  0.341  0.227  0.287  0.072 -0.042 -0.131 -0.225 -0.281 -0.395 -0.397 -0.422 -0.315 -0.239 -0.137 -0.108 -0.089 -0.126 -0.076  0.016  0.026  0.042
 -0.335 -0.404 -0.383 -0.349 -0.124 -0.056  0.017  0.012  0.068 -0.073 -0.099 -0.123 -0.088 -0.216 -0.151 -0.178 -0.089 -0.119 -0.120  0.086  0.353  0.721  1.000  0.810  0.670  0.567  0.525  0.455  0.266  0.176  0.170  0.099  0.034  0.019  0.067  0.096  0.150  0.217  0.176  0.144  0.206  0.123  0.186  0.116  0.051  0.030  0.074  0.140  0.295  0.432  0.563  0.709  0.601  0.541  0.356  0.101 -0.079  0.053 -0.038 -0.222 -0.281 -0.373 -0.433 -0.463 -0.407 -0.291 -0.124  0.012  0.113  0.092  0.067 -0.034 -0.109 -0.259 -0.279 -0.250
 -0.378 -0.432 -0.389 -0.334 -0.056 -0.011  0.064  0.040  0.092 -0.037 -0.069 -0.077 -0.018 -0.169 -0.099 -0.174 -0.094 -0.155 -0.193  0.012  0.270  0.609  0.810  1.000  0.794  0.555  0.647  0.629  0.393  0.302  0.319  0.250  0.173  0.136  0.191  0.188  0.203  0.261  0.189  0.166  0.265  0.109  0.176  0.130  0.058  0.072  0.110  0.183  0.295  0.404  0.559  0.755  0.652  0.479  0.267 -0.035 -0.206 -0.055 -0.149 -0.351 -0.398 -0.463 -0.510 -0.530 -0.480 -0.323 -0.108  0.033  0.153  0.090  0.068 -0.053 -0.191 -0.303 -0.337 -0.304
 -0.232 -0.313 -0.350 -0.363 -0.172 -0.129 -0.038 -0.034  0.028 -0.028 -0.126 -0.136 -0.067 -0.165 -0.080 -0.082 -0.005 -0.009 -0.071  0.123  0.380  0.659  0.670  0.794  1.000  0.711  0.532  0.600  0.453  0.252  0.233  0.205  0.122  0.069  0.116  0.102  0.129  0.175  0.114  0.090  0.146  0.042  0.050 -0.029 -0.102 -0.067 -0.050  0.011  0.102  0.208  0.357  0.553  0.509  0.386  0.266  0.004 -0.124 -0.051 -0.183 -0.310 -0.355 -0.391 -0.410 -0.454 -0.469 -0.383 -0.239 -0.120  0.008 -0.007 -0.016 -0.075 -0.177 -0.142 -0.159 -0.130
 -0.293 -0.292 -0.286 -0.211 -0.021  0.013  0.082  0.010  0.088  0.011 -0.019  0.014  0.053 -0.063 -0.021 -0.126 -0.140 -0.207 -0.248 -0.123  0.087  0.391  0.567  0.555  0.711  1.000  0.712  0.597  0.599  0.468  0.345  0.300  0.212  0.142  0.176  0.162  0.210  0.289  0.212  0.156  0.216  0.176  0.201  0.095  0.011 -0.011  0.017  0.054  0.156  0.206  0.241  0.376  0.271  0.143 -0.013 -0.174 -0.278 -0.208 -0.244 -0.338 -0.360 -0.381 -0.387 -0.358 -0.350 -0.213 -0.099  0.027  0.115  0.081  0.035 -0.014 -0.147 -0.244 -0.259 -0.226
 -0.469 -0.421 -0.338 -0.162  0.147  0.174  0.228  0.114  0.184  0.039  0.075  0.113  0.149 -0.044 -0.037 -0.222 -0.256 -0.389 -0.428 -0.303 -0.101  0.203  0.525  0.647  0.532  0.712  1.000  0.831  0.634  0.661  0.647  0.503  0.383  0.364  0.440  0.438  0.468  0.547  0.437  0.352  0.462  0.326  0.376  0.286  0.161  0.115  0.172  0.219  0.340  0.354  0.385  0.501  0.326  0.122 -0.114 -0.317 -0.456 -0.312 -0.300 -0.469 -0.487 -0.516 -0.540 -0.471 -0.406 -0.159  0.050  0.217  0.327  0.248  0.190  0.064 -0.204 -0.483 -0.539 -0.500
 -0.438 -0.412 -0.360 -0.234  0.067  0.080  0.156  0.061  0.128  0.036  0.034  0.055  0.116 -0.073 -0.054 -0.212 -0.227 -0.325 -0.369 -0.229 -0.037  0.227  0.455  0.629  0.600  0.597  0.831  1.000  0.772  0.653  0.718  0.639  0.477  0.414  0.509  0.451  0.448  0.481  0.369  0.309  0.400  0.244  0.257  0.167  0.040  0.042  0.083  0.135  0.237  0.267  0.343  0.466  0.340  0.146 -0.061 -0.288 -0.406 -0.277 -0.306 -0.467 -0.499 -0.524 -0.548 -0.508 -0.473 -0.265 -0.059  0.090  0.228  0.164  0.128  0.022 -0.243 -0.391 -0.447 -0.405
 -0.362 -0.306 -0.265 -0.135  0.101  0.100  0.131  0.010  0.069  0.066  0.082  0.127  0.163 -0.003 -0.009 -0.181 -0.234 -0.329 -0.361 -0.285 -0.145  0.081  0.266  0.393  0.453  0.599  0.634  0.772  1.000  0.804  0.678  0.734  0.639  0.485  0.487  0.358  0.282  0.303  0.179  0.161  0.269  0.139  0.162  0.084 -0.008  0.010  0.027  0.062  0.123  0.130  0.170  0.276  0.165 -0.010 -0.180 -0.331 -0.407 -0.322 -0.326 -0.421 -0.436 -0.436 -0.433 -0.366 -0.354 -0.176 -0.044  0.055  0.149  0.073  0.034 -0.024 -0.222 -0.283 -0.320 -0.276
 -0.428 -0.335 -0.248 -0.034  0.235  0.241  0.237  0.097  0.130  0.060  0.160  0.210  0.217  0.018 -0.012 -0.230 -0.315 -0.434 -0.458 -0.415 -0.289 -0.061  0.176  0.302  0.252  0.468  0.661  0.653  0.804  1.000  0.848  0.758  0.729  0.685  0.663  0.589  0.457  0.446  0.339  0.334  0.449  0.282  0.298  0.236  0.122  0.090  0.132  0.149  0.222  0.177  0.175  0.243  0.102 -0.080 -0.282 -0.404 -0.484 -0.375 -0.328 -0.436 -0.434 -0.436 -0.442 -0.333 -0.270 -0.042  0.113  0.241  0.328  0.263  0.202  0.103 -0.187 -0.460 -0.530 -0.489
 -0.457 -0.383 -0.300 -0.101  0.188  0.199  0.228  0.116  0.150  0.048  0.134  0.157  0.174 -0.036 -0.066 -0.265 -0.328 -0.432 -0.454 -0.391 -0.271 -0.059  0.170  0.319  0.233  0.345  0.647  0.718  0.678  0.848  1.000  0.846  0.708  0.717  0.791  0.720  0.630  0.582  0.477  0.432  0.492  0.324  0.306  0.238  0.109  0.086  0.132  0.154  0.233  0.196  0.216  0.269  0.138 -0.035 -0.240 -0.383 -0.461 -0.335 -0.299 -0.430 -0.448 -0.461 -0.487 -0.400 -0.331 -0.104  0.071  0.216  0.329  0.284  0.235  0.126 -0.213 -0.490 -0.573 -0.536
 -0.373 -0.306 -0.248 -0.093  0.145  0.137  0.156  0.045  0.079  0.067  0.129  0.149  0.171 -0.018 -0.046 -0.220 -0.281 -0.361 -0.381 -0.339 -0.252 -0.082  0.099  0.250  0.205  0.300  0.503  0.639  0.734  0.758  0.846  1.000  0.852  0.700  0.718  0.526  0.374  0.345  0.224  0.215  0.303  0.140  0.161  0.123  0.049  0.075  0.088  0.104  0.136  0.106  0.132  0.203  0.096 -0.072 -0.231 -0.348 -0.403 -0.310 -0.287 -0.380 -0.394 -0.391 -0.401 -0.327 -0.290 -0.113  0.019  0.110  0.189  0.107  0.072 -0.000 -0.230 -0.336 -0.393 -0.350
 -0.302 -0.228 -0.174 -0.024  0.168  0.158  0.122  0.031  0.036  0.068  0.162  0.168  0.179  0.017 -0.002 -0.165 -0.237 -0.310 -0.333 -0.315 -0.245 -0.108  0.034  0.173  0.122  0.212  0.383  0.477  0.639  0.729  0.708  0.852  1.000  0.838  0.700  0.514  0.234  0.196  0.093  0.119  0.251  0.061  0.106  0.098  0.050  0.069  0.075  0.086  0.107  0.064  0.083  0.156  0.055 -0.097 -0.230 -0.316 -0.365 -0.292 -0.264 -0.332 -0.325 -0.310 -0.307 -0.225 -0.194 -0.041  0.060  0.115  0.169  0.095  0.060 -0.012 -0.183 -0.313 -0.357 -0.317
 -0.317 -0.235 -0.184 -0.013  0.172  0.181  0.143  0.077  0.052  0.037  0.175  0.167  0.166  0.010 -0.022 -0.180 -0.255 -0.328 -0.342 -0.330 -0.259 -0.123  0.019  0.136  0.069  0.142  0.364  0.414  0.485  0.685  0.717  0.700  0.838  1.000  0.871  0.748  0.440  0.338  0.260  0.274  0.372  0.165  0.172  0.158  0.079  0.065  0.091  0.098  0.145  0.090  0.100  0.146  0.034 -0.098 -0.235 -0.309 -0.361 -0.286 -0.242 -0.319 -0.306 -0.302 -0.305 -0.217 -0.169 -0.010  0.093  0.177  0.247  0.225  0.186  0.092 -0.163 -0.399 -0.464 -0.437
 -0.382 -0.309 -0.258 -0.082  0.154  0.168  0.188  0.127  0.113  0.008  0.140  0.138  0.151 -0.033 -0.066 -0.232 -0.296 -0.372 -0.381 -0.344 -0.259 -0.098  0.067  0.191  0.116  0.176  0.440  0.509  0.487  0.663  0.791  0.718  0.700  0.871  1.000  0.879  0.654  0.518  0.431  0.416  0.470  0.280  0.243  0.200  0.085  0.065  0.107  0.116  0.181  0.131  0.150  0.188  0.074 -0.063 -0.226 -0.329 -0.388 -0.291 -0.253 -0.357 -0.362 -0.370 -0.390 -0.312 -0.254 -0.075  0.069  0.200  0.305  0.296  0.261  0.152 -0.196 -0.448 -0.536 -0.514
 -0.404 -0.338 -0.280 -0.100  0.144  0.186  0.216  0.190  0.166 -0.054  0.085  0.086  0.090 -0.084 -0.103 -0.258 -0.313 -0.384 -0.383 -0.341 -0.248 -0.073  0.096  0.188  0.102  0.162  0.438  0.451  0.358  0.589  0.720  0.526  0.514  0.748  0.879  1.000  0.810  0.633  0.556  0.551  0.565  0.405  0.331  0.277  0.132  0.071  0.138  0.146  0.239  0.184  0.191  0.198  0.092 -0.021 -0.198 -0.302 -0.367 -0.253 -0.207 -0.327 -0.339 -0.363 -0.400 -0.327 -0.245 -0.056  0.106  0.270  0.383  0.417  0.377  0.264 -0.116 -0.509 -0.601 -0.584
 -0.414 -0.367 -0.312 -0.154  0.086  0.135  0.201  0.172  0.197 -0.032  0.052  0.057  0.052 -0.115 -0.146 -0.283 -0.324 -0.388 -0.376 -0.316 -0.223 -0.039  0.150  0.203  0.129  0.210  0.468  0.448  0.282  0.457  0.630  0.374  0.234  0.440  0.654  0.810  1.000  0.847  0.713  0.631  0.550  0.482  0.371  0.281  0.121  0.049  0.125  0.145  0.253  0.221  0.230  0.202  0.101  0.014 -0.164 -0.277 -0.336 -0.212 -0.171 -0.300 -0.337 -0.374 -0.429 -0.374 -0.290 -0.108  0.057  0.233  0.355  0.401  0.372  0.287 -0.094 -0.461 -0.558 -0.545
 -0.443 -0.402 -0.333 -0.176  0.074  0.127  0.201  0.162  0.233  0.020  0.072  0.064  0.054 -0.116 -0.145 -0.290 -0.331 -0.406 -0.396 -0.323 -0.220 -0.006  0.217  0.261  0.175  0.289  0.547  0.481  0.303  0.446  0.582  0.345  0.196  0.338  0.518  0.633  0.847  1.000  0.823  0.589  0.564  0.525  0.429  0.307  0.136  0.059  0.140  0.165  0.293  0.276  0.272  0.247  0.128  0.036 -0.159 -0.290 -0.356 -0.218 -0.179 -0.320 -0.368 -0.416 -0.471 -0.413 -0.329 -0.129  0.038  0.224  0.343  0.368  0.319  0.220 -0.115 -0.468 -0.541 -0.518
 -0.403 -0.371 -0.306 -0.153  0.062  0.133  0.200  0.162  0.256 -0.015  0.032  0.027  0.022 -0.123 -0.146 -0.269 -0.301 -0.367 -0.354 -0.285 -0.196 -0.013  0.176  0.189  0.114  0.212  0.437  0.369  0.179  0.339  0.477  0.224  0.093  0.260  0.431  0.556  0.713  0.823  1.000  0.737  0.658  0.635  0.482  0.332  0.129  0.031  0.118  0.136  0.286  0.271  0.246  0.189  0.095  0.042 -0.136 -0.247 -0.301 -0.168 -0.125 -0.260 -0.314 -0.373 -0.422 -0.372 -0.285 -0.102  0.053  0.243  0.388  0.476  0.457  0.347 -0.019 -0.458 -0.545 -0.541
 -0.410 -0.357 -0.291 -0.107  0.124  0.205  0.258  0.192  0.224 -0.120  0.002  0.041  0.020 -0.127 -0.157 -0.283 -0.323 -0.384 -0.363 -0.320 -0.226 -0.029  0.144  0.166  0.090  0.156  0.352  0.309  0.161  0.334  0.432  0.215  0.119  0.274  0.416  0.551  0.631  0.589  0.737  1.000  0.814  0.736  0.550  0.415  0.192  0.064  0.155  0.180  0.333  0.286  0.243  0.184  0.103  0.049 -0.143 -0.239 -0.303 -0.167 -0.102 -0.246 -0.273 -0.335 -0.395 -0.335 -0.229 -0.048  0.146  0.355  0.534  0.658  0.695  0.615  0.164 -0.496 -0.635 -0.638
 -0.483 -0.412 -0.312 -0.071  0.220  0.312  0.362  0.270  0.288 -0.090  0.054  0.103  0.091 -0.102 -0.133 -0.304 -0.353 -0.449 -0.446 -0.387 -0.263 -0.021  0.206  0.265  0.146  0.216  0.462  0.400  0.269  0.449  0.492  0.303  0.251  0.372  0.470  0.565  0.550  0.564  0.658  0.814  1.000  0.777  0.649  0.515  0.264  0.113  0.224  0.261  0.425  0.366  0.320  0.280  0.155  0.061 -0.173 -0.302 -0.398 -0.234 -0.158 -0.333 -0.350 -0.419 -0.470 -0.378 -0.255 -0.014  0.230  0.477  0.661  0.717  0.689  0.512  0.041 -0.589 -0.716 -0.712
 -0.414 -0.350 -0.268 -0.052  0.197  0.283  0.343  0.235  0.305 -0.082  0.057  0.093  0.079 -0.091 -0.148 -0.290 -0.343 -0.420 -0.405 -0.370 -0.285 -0.082  0.123  0.109  0.042  0.176  0.326  0.244  0.139  0.282  0.324  0.140  0.061  0.165  0.280  0.405  0.482  0.525  0.635  0.736  0.777  1.000  0.793  0.560  0.276  0.070  0.169  0.190  0.401  0.365  0.259  0.134  0.039  0.013 -0.196 -0.273 -0.328 -0.187 -0.098 -0.235 -0.267 -0.336 -0.390 -0.307 -0.196  0.010  0.231  0.476  0.659  0.769  0.672  0.566  0.128 -0.524 -0.617 -0.616
 -0.446 -0.363 -0.249  0.006  0.289  0.364  0.416  0.289  0.304 -0.042  0.130  0.164  0.144 -0.059 -0.131 -0.313 -0.371 -0.474 -0.464 -0.432 -0.333 -0.085  0.186  0.176  0.050  0.201  0.376  0.257  0.162  0.298  0.306  0.161  0.106  0.172  0.243  0.331  0.371  0.429  0.482  0.550  0.649  0.793  1.000  0.787  0.478  0.184  0.284  0.302  0.545  0.504  0.365  0.243  0.088  0.020 -0.220 -0.308 -0.391 -0.236 -0.122 -0.277 -0.284 -0.354 -0.395 -0.286 -0.158  0.096  0.358  0.614  0.693  0.658  0.528  0.378  0.047 -0.559 -0.640 -0.625
 -0.419 -0.324 -0.193  0.066  0.325  0.408  0.434  0.316  0.286 -0.071  0.110  0.147  0.123 -0.077 -0.153 -0.331 -0.388 -0.476 -0.444 -0.441 -0.367 -0.137  0.116  0.130 -0.029  0.095  0.286  0.167  0.084  0.236  0.238  0.123  0.098  0.158  0.200  0.277  0.281  0.307  0.332  0.415  0.515  0.560  0.787  1.000  0.744  0.392  0.500  0.515  0.609  0.473  0.334  0.226  0.080 -0.001 -0.235 -0.297 -0.374 -0.232 -0.102 -0.234 -0.210 -0.263 -0.306 -0.192 -0.047  0.197  0.459  0.693  0.656  0.564  0.432  0.259  0.022 -0.545 -0.608 -0.595
 -0.312 -0.225 -0.107  0.087  0.259  0.323  0.306  0.206  0.181 -0.087  0.060  0.112  0.085 -0.055 -0.139 -0.287 -0.335 -0.398 -0.348 -0.376 -0.343 -0.167  0.051  0.058 -0.102  0.011  0.161  0.040 -0.008  0.122  0.109  0.049  0.050  0.079  0.085  0.132  0.121  0.136  0.129  0.192  0.264  0.276  0.478  0.744  1.000  0.662  0.546  0.523  0.442  0.387  0.264  0.159  0.017 -0.045 -0.219 -0.229 -0.295 -0.197 -0.065 -0.148 -0.096 -0.108 -0.161 -0.071  0.072  0.267  0.440  0.540  0.440  0.320  0.218  0.106  0.022 -0.384 -0.413 -0.398
 -0.218 -0.170 -0.097  0.013  0.128  0.164  0.158  0.090  0.093 -0.065  0.017  0.034  0.033 -0.065 -0.103 -0.198 -0.221 -0.259 -0.224 -0.246 -0.234 -0.116  0.030  0.072 -0.067 -0.011  0.115  0.042  0.010  0.090  0.086  0.075  0.069  0.065  0.065  0.071  0.049  0.059  0.031  0.064  0.113  0.070  0.184  0.392  0.662  1.000  0.721  0.499  0.279  0.208  0.166  0.140  0.052 -0.025 -0.143 -0.166 -0.209 -0.145 -0.076 -0.125 -0.092 -0.095 -0.134 -0.092 -0.023  0.087  0.221  0.296  0.220  0.112  0.067 -0.014 -0.033 -0.251 -0.259 -0.240
 -0.286 -0.228 -0.134 -0.006  0.148  0.188  0.204  0.145  0.128 -0.097  0.035  0.052  0.040 -0.082 -0.116 -0.236 -0.255 -0.305 -0.264 -0.273 -0.243 -0.095  0.074  0.110 -0.050  0.017  0.172  0.083  0.027  0.132  0.132  0.088  0.075  0.091  0.107  0.138  0.125  0.140  0.118  0.155  0.224  0.169  0.284  0.500  0.546  0.721  1.000  0.707  0.447  0.250  0.183  0.177  0.091  0.011 -0.139 -0.181 -0.232 -0.145 -0.070 -0.140 -0.122 -0.145 -0.194 -0.142 -0.069  0.048  0.208  0.339  0.299  0.209  0.155  0.041 -0.032 -0.338 -0.351 -0.342
 -0.317 -0.253 -0.159 -0.005  0.170  0.212  0.203  0.122  0.141 -0.014  0.066  0.105  0.090 -0.045 -0.094 -0.227 -0.263 -0.340 -0.331 -0.320 -0.241 -0.066  0.140  0.183  0.011  0.054  0.219  0.135  0.062  0.149  0.154  0.104  0.086  0.098  0.116  0.146  0.145  0.165  0.136  0.180  0.261  0.190  0.302  0.515  0.523  0.499  0.707  1.000  0.694  0.437  0.278  0.264  0.110  0.005 -0.173 -0.244 -0.325 -0.219 -0.123 -0.228 -0.206 -0.229 -0.266 -0.194 -0.126  0.037  0.186  0.299  0.301  0.232  0.174  0.063 -0.036 -0.340 -0.375 -0.366
 -0.452 -0.392 -0.273 -0.074  0.182  0.251  0.246  0.171  0.207  0.006  0.106  0.103  0.072 -0.119 -0.176 -0.327 -0.349 -0.430 -0.397 -0.345 -0.234  0.031  0.295  0.295  0.102  0.156  0.340  0.237  0.123  0.222  0.233  0.136  0.107  0.145  0.181  0.239  0.253  0.293  0.286  0.333  0.425  0.401  0.545  0.609  0.442  0.279  0.447  0.694  1.000  0.732  0.509  0.422  0.226  0.152 -0.093 -0.206 -0.314 -0.136 -0.023 -0.209 -0.226 -0.325 -0.395 -0.318 -0.198  0.023  0.230  0.393  0.438  0.403  0.326  0.177  0.016 -0.478 -0.530 -0.509
 -0.464 -0.438 -0.325 -0.165  0.087  0.165  0.179  0.107  0.157 -0.052  0.029  0.024 -0.004 -0.188 -0.234 -0.357 -0.352 -0.416 -0.371 -0.284 -0.149  0.172  0.432  0.404  0.208  0.206  0.354  0.267  0.130  0.177  0.196  0.106  0.064  0.090  0.131  0.184  0.221  0.276  0.271  0.286  0.366  0.365  0.504  0.473  0.387  0.208  0.250  0.437  0.732  1.000  0.788  0.595  0.354  0.318  0.044 -0.111 -0.244 -0.026  0.074 -0.158 -0.198 -0.325 -0.424 -0.376 -0.242 -0.030  0.175  0.299  0.364  0.336  0.266  0.125 -0.002 -0.395 -0.445 -0.426
 -0.497 -0.519 -0.404 -0.294 -0.007  0.082  0.111  0.080  0.119 -0.074 -0.040 -0.085 -0.101 -0.295 -0.292 -0.388 -0.326 -0.361 -0.298 -0.155  0.002  0.368  0.563  0.559  0.357  0.241  0.385  0.343  0.170  0.175  0.216  0.132  0.083  0.100  0.150  0.191  0.230  0.272  0.246  0.243  0.320  0.259  0.365  0.334  0.264  0.166  0.183  0.278  0.509  0.788  1.000  0.818  0.625  0.574  0.265  0.020 -0.130  0.131  0.146 -0.129 -0.208 -0.367 -0.492 -0.487 -0.333 -0.144  0.090  0.207  0.290  0.256  0.214  0.056 -0.051 -0.350 -0.399 -0.380
 -0.456 -0.504 -0.421 -0.342 -0.046  0.026  0.078  0.068  0.100 -0.053 -0.051 -0.095 -0.078 -0.262 -0.216 -0.296 -0.214 -0.258 -0.242 -0.060  0.156  0.538  0.709  0.755  0.553  0.376  0.501  0.466  0.276  0.243  0.269  0.203  0.156  0.146  0.188  0.198  0.202  0.247  0.189  0.184  0.280  0.134  0.243  0.226  0.159  0.140  0.177  0.264  0.422  0.595  0.818  1.000  0.793  0.622  0.326  0.017 -0.164  0.063 -0.008 -0.268 -0.329 -0.443 -0.530 -0.537 -0.430 -0.253 -0.019  0.110  0.210  0.147  0.123 -0.025 -0.129 -0.336 -0.376 -0.346
 -0.369 -0.473 -0.422 -0.444 -0.197 -0.135 -0.050  0.008  0.031 -0.094 -0.159 -0.257 -0.231 -0.369 -0.271 -0.278 -0.135 -0.104 -0.052  0.150  0.315  0.625  0.601  0.652  0.509  0.271  0.326  0.340  0.165  0.102  0.138  0.096  0.055  0.034  0.074  0.092  0.101  0.128  0.095  0.103  0.155  0.039  0.088  0.080  0.017  0.052  0.091  0.110  0.226  0.354  0.625  0.793  1.000  0.809  0.540  0.214  0.088  0.287  0.122 -0.096 -0.203 -0.332 -0.442 -0.515 -0.423 -0.351 -0.134 -0.032  0.067  0.032  0.041 -0.071 -0.100 -0.168 -0.188 -0.168
 -0.301 -0.441 -0.414 -0.489 -0.310 -0.234 -0.149 -0.049 -0.020 -0.136 -0.223 -0.358 -0.351 -0.454 -0.357 -0.286 -0.105 -0.011  0.101  0.307  0.424  0.675  0.541  0.479  0.386  0.143  0.122  0.146 -0.010 -0.080 -0.035 -0.072 -0.097 -0.098 -0.063 -0.021  0.014  0.036  0.042  0.049  0.061  0.013  0.020 -0.001 -0.045 -0.025  0.011  0.005  0.152  0.318  0.574  0.622  0.809  1.000  0.769  0.447  0.333  0.530  0.329  0.119 -0.022 -0.194 -0.334 -0.442 -0.345 -0.351 -0.184 -0.110 -0.023 -0.007  0.015 -0.068 -0.023 -0.048 -0.054 -0.047
 -0.050 -0.220 -0.263 -0.439 -0.413 -0.367 -0.295 -0.157 -0.147 -0.145 -0.277 -0.410 -0.392 -0.389 -0.272 -0.093  0.109  0.266  0.401  0.573  0.601  0.626  0.356  0.267  0.266 -0.013 -0.114 -0.061 -0.180 -0.282 -0.240 -0.231 -0.230 -0.235 -0.226 -0.198 -0.164 -0.159 -0.136 -0.143 -0.173 -0.196 -0.220 -0.235 -0.219 -0.143 -0.139 -0.173 -0.093  0.044  0.265  0.326  0.540  0.769  1.000  0.744  0.616  0.676  0.428  0.324  0.191  0.019 -0.096 -0.245 -0.204 -0.336 -0.297 -0.297 -0.249 -0.201 -0.146 -0.163  0.001  0.175  0.201  0.195
  0.138  0.009 -0.051 -0.244 -0.365 -0.334 -0.304 -0.182 -0.199 -0.149 -0.241 -0.339 -0.341 -0.255 -0.181  0.014  0.170  0.344  0.541  0.540  0.447  0.341  0.101 -0.035  0.004 -0.174 -0.317 -0.288 -0.331 -0.404 -0.383 -0.348 -0.316 -0.309 -0.329 -0.302 -0.277 -0.290 -0.247 -0.239 -0.302 -0.273 -0.308 -0.297 -0.229 -0.166 -0.181 -0.244 -0.206 -0.111  0.020  0.017  0.214  0.447  0.744  1.000  0.790  0.678  0.573  0.566  0.505  0.286  0.173  0.031  0.050 -0.150 -0.237 -0.295 -0.319 -0.245 -0.189 -0.162  0.069  0.255  0.302  0.285
  0.224  0.080 -0.009 -0.255 -0.434 -0.425 -0.384 -0.235 -0.254 -0.145 -0.278 -0.408 -0.415 -0.285 -0.210  0.028  0.177  0.410  0.616  0.616  0.411  0.227 -0.079 -0.206 -0.124 -0.278 -0.456 -0.406 -0.407 -0.484 -0.461 -0.403 -0.365 -0.361 -0.388 -0.367 -0.336 -0.356 -0.301 -0.303 -0.398 -0.328 -0.391 -0.374 -0.295 -0.209 -0.232 -0.325 -0.314 -0.244 -0.130 -0.164  0.088  0.333  0.616  0.790  1.000  0.824  0.631  0.707  0.538  0.372  0.274  0.109  0.103 -0.160 -0.281 -0.373 -0.412 -0.327 -0.249 -0.185  0.103  0.403  0.466  0.434
  0.002 -0.140 -0.157 -0.341 -0.405 -0.360 -0.315 -0.177 -0.175 -0.170 -0.279 -0.427 -0.452 -0.411 -0.347 -0.174 -0.009  0.212  0.419  0.479  0.316  0.287  0.053 -0.055 -0.051 -0.208 -0.312 -0.277 -0.322 -0.375 -0.335 -0.310 -0.292 -0.286 -0.291 -0.253 -0.212 -0.218 -0.168 -0.167 -0.234 -0.187 -0.236 -0.232 -0.197 -0.145 -0.145 -0.219 -0.136 -0.026  0.131  0.063  0.287  0.530  0.676  0.678  0.824  1.000  0.797  0.676  0.438  0.231  0.089 -0.061 -0.001 -0.193 -0.218 -0.267 -0.268 -0.195 -0.123 -0.116  0.106  0.259  0.296  0.271
 -0.031 -0.097 -0.065 -0.183 -0.262 -0.207 -0.202 -0.116 -0.126 -0.166 -0.201 -0.305 -0.354 -0.320 -0.312 -0.226 -0.119  0.058  0.260  0.262  0.079  0.072 -0.038 -0.149 -0.183 -0.244 -0.300 -0.306 -0.326 -0.328 -0.299 -0.287 -0.264 -0.242 -0.253 -0.207 -0.171 -0.179 -0.125 -0.102 -0.158 -0.098 -0.122 -0.102 -0.065 -0.076 -0.070 -0.123 -0.023  0.074  0.146 -0.008  0.122  0.329  0.428  0.573  0.631  0.797  1.000  0.779  0.607  0.330  0.168  0.048  0.139 -0.019 -0.064 -0.115 -0.148 -0.077 -0.028 -0.038  0.147  0.142  0.171  0.149
  0.185  0.120  0.089 -0.090 -0.289 -0.270 -0.276 -0.175 -0.200 -0.151 -0.204 -0.297 -0.339 -0.222 -0.212 -0.077 -0.003  0.200  0.386  0.334  0.091 -0.042 -0.222 -0.351 -0.310 -0.338 -0.469 -0.467 -0.421 -0.436 -0.430 -0.380 -0.332 -0.319 -0.357 -0.327 -0.300 -0.320 -0.260 -0.246 -0.333 -0.235 -0.277 -0.234 -0.148 -0.125 -0.140 -0.228 -0.209 -0.158 -0.129 -0.268 -0.096  0.119  0.324  0.566  0.707  0.676  0.779  1.000  0.784  0.530  0.388  0.251  0.283  0.041 -0.102 -0.208 -0.290 -0.219 -0.160 -0.108  0.162  0.309  0.366  0.334
  0.277  0.265  0.239  0.064 -0.187 -0.183 -0.221 -0.151 -0.205 -0.146 -0.169 -0.213 -0.248 -0.092 -0.084  0.032  0.061  0.193  0.333  0.230  0.028 -0.131 -0.281 -0.398 -0.355 -0.360 -0.487 -0.499 -0.436 -0.434 -0.448 -0.394 -0.325 -0.306 -0.362 -0.339 -0.337 -0.368 -0.314 -0.273 -0.350 -0.267 -0.284 -0.210 -0.096 -0.092 -0.122 -0.206 -0.226 -0.198 -0.208 -0.329 -0.203 -0.022  0.191  0.505  0.538  0.438  0.607  0.784  1.000  0.760  0.568  0.422  0.462  0.190 -0.001 -0.135 -0.260 -0.198 -0.151 -0.098  0.165  0.271  0.330  0.301
  0.461  0.441  0.358  0.150 -0.170 -0.198 -0.243 -0.165 -0.213 -0.118 -0.161 -0.171 -0.194  0.020  0.036  0.189  0.183  0.271  0.322  0.172 -0.003 -0.225 -0.373 -0.463 -0.391 -0.381 -0.516 -0.524 -0.436 -0.436 -0.461 -0.391 -0.310 -0.302 -0.370 -0.363 -0.374 -0.416 -0.373 -0.335 -0.419 -0.336 -0.354 -0.263 -0.108 -0.095 -0.145 -0.229 -0.325 -0.325 -0.367 -0.443 -0.332 -0.194  0.019  0.286  0.372  0.231  0.330  0.530  0.760  1.000  0.783  0.579  0.557  0.242 -0.010 -0.172 -0.315 -0.267 -0.220 -0.126  0.155  0.335  0.407  0.380
  0.630  0.637  0.513  0.298 -0.101 -0.153 -0.222 -0.176 -0.241 -0.084 -0.128 -0.105 -0.103  0.165  0.207  0.386  0.344  0.378  0.327  0.154  0.010 -0.281 -0.433 -0.510 -0.410 -0.387 -0.540 -0.548 -0.433 -0.442 -0.487 -0.401 -0.307 -0.305 -0.390 -0.400 -0.429 -0.471 -0.422 -0.395 -0.470 -0.390 -0.395 -0.306 -0.161 -0.134 -0.194 -0.266 -0.395 -0.424 -0.492 -0.530 -0.442 -0.334 -0.096  0.173  0.274  0.089  0.168  0.388  0.568  0.783  1.000  0.816  0.634  0.325  0.003 -0.175 -0.341 -0.304 -0.265 -0.146  0.140  0.367  0.444  0.415
  0.533  0.653  0.588  0.510  0.107  0.047 -0.089 -0.106 -0.182 -0.048 -0.012  0.068  0.067  0.316  0.288  0.352  0.245  0.230  0.181 -0.018 -0.140 -0.395 -0.463 -0.530 -0.454 -0.358 -0.471 -0.508 -0.366 -0.333 -0.400 -0.327 -0.225 -0.217 -0.312 -0.327 -0.374 -0.413 -0.372 -0.335 -0.378 -0.307 -0.286 -0.192 -0.071 -0.092 -0.142 -0.194 -0.318 -0.376 -0.487 -0.537 -0.515 -0.442 -0.245  0.031  0.109 -0.061  0.048  0.251  0.422  0.579  0.816  1.000  0.800  0.534  0.187 -0.009 -0.203 -0.191 -0.184 -0.089  0.124  0.245  0.305  0.278
  0.309  0.414  0.495  0.534  0.225  0.198  0.011 -0.017 -0.091 -0.093  0.010  0.097  0.061  0.223  0.144  0.119  0.058  0.049  0.084 -0.099 -0.231 -0.397 -0.407 -0.480 -0.469 -0.350 -0.406 -0.473 -0.354 -0.270 -0.331 -0.290 -0.194 -0.169 -0.254 -0.245 -0.290 -0.329 -0.285 -0.229 -0.255 -0.196 -0.158 -0.047  0.072 -0.023 -0.069 -0.126 -0.198 -0.242 -0.333 -0.430 -0.423 -0.345 -0.204  0.050  0.103 -0.001  0.139  0.283  0.462  0.557  0.634  0.800  1.000  0.725  0.406  0.169 -0.042 -0.055 -0.067 -0.025  0.134  0.103  0.148  0.128
  0.065  0.221  0.397  0.662  0.501  0.513  0.247  0.139  0.071 -0.015  0.154  0.279  0.229  0.279  0.151  0.009 -0.088 -0.178 -0.161 -0.323 -0.377 -0.422 -0.291 -0.323 -0.383 -0.213 -0.159 -0.265 -0.176 -0.042 -0.104 -0.113 -0.041 -0.010 -0.075 -0.056 -0.108 -0.129 -0.102 -0.048 -0.014  0.010  0.096  0.197  0.267  0.087  0.048  0.037  0.023 -0.030 -0.144 -0.253 -0.351 -0.351 -0.336 -0.150 -0.160 -0.193 -0.019  0.041  0.190  0.242  0.325  0.534  0.725  1.000  0.727  0.443  0.235  0.162  0.099  0.074  0.080 -0.167 -0.166 -0.173
 -0.182 -0.020  0.187  0.503  0.637  0.627  0.413  0.276  0.180 -0.061  0.148  0.264  0.236  0.134  0.038 -0.164 -0.251 -0.343 -0.323 -0.403 -0.403 -0.315 -0.124 -0.108 -0.239 -0.099  0.050 -0.059 -0.044  0.113  0.071  0.019  0.060  0.093  0.069  0.106  0.057  0.038  0.053  0.146  0.230  0.231  0.358  0.459  0.440  0.221  0.208  0.186  0.230  0.175  0.090 -0.019 -0.134 -0.184 -0.297 -0.237 -0.281 -0.218 -0.064 -0.102 -0.001 -0.010  0.003  0.187  0.406  0.727  1.000  0.727  0.532  0.384  0.284  0.175  0.066 -0.376 -0.413 -0.410
 -0.331 -0.189 -0.022  0.303  0.556  0.650  0.624  0.471  0.353 -0.102  0.158  0.273  0.246  0.057 -0.045 -0.249 -0.343 -0.450 -0.426 -0.475 -0.421 -0.239  0.012  0.033 -0.120  0.027  0.217  0.090  0.055  0.241  0.216  0.110  0.115  0.177  0.200  0.270  0.233  0.224  0.243  0.355  0.477  0.476  0.614  0.693  0.540  0.296  0.339  0.299  0.393  0.299  0.207  0.110 -0.032 -0.110 -0.297 -0.295 -0.373 -0.267 -0.115 -0.208 -0.135 -0.172 -0.175 -0.009  0.169  0.443  0.727  1.000  0.819  0.608  0.451  0.272  0.014 -0.577 -0.640 -0.618
 -0.430 -0.305 -0.156  0.167  0.505  0.600  0.603  0.431  0.362 -0.089  0.145  0.231  0.237  0.013 -0.071 -0.275 -0.360 -0.476 -0.468 -0.464 -0.364 -0.137  0.113  0.153  0.008  0.115  0.327  0.228  0.149  0.328  0.329  0.189  0.169  0.247  0.305  0.383  0.355  0.343  0.388  0.534  0.661  0.659  0.693  0.656  0.440  0.220  0.299  0.301  0.438  0.364  0.290  0.210  0.067 -0.023 -0.249 -0.319 -0.412 -0.268 -0.148 -0.290 -0.260 -0.315 -0.341 -0.203 -0.042  0.235  0.532  0.819  1.000  0.803  0.634  0.416  0.033 -0.629 -0.726 -0.713
 -0.381 -0.281 -0.167  0.097  0.342  0.439  0.441  0.278  0.254 -0.124  0.068  0.134  0.136 -0.031 -0.103 -0.257 -0.322 -0.412 -0.395 -0.389 -0.302 -0.108  0.092  0.090 -0.007  0.081  0.248  0.164  0.073  0.263  0.284  0.107  0.095  0.225  0.296  0.417  0.401  0.368  0.476  0.658  0.717  0.769  0.658  0.564  0.320  0.112  0.209  0.232  0.403  0.336  0.256  0.147  0.032 -0.007 -0.201 -0.245 -0.327 -0.195 -0.077 -0.219 -0.198 -0.267 -0.304 -0.191 -0.055  0.162  0.384  0.608  0.803  1.000  0.845  0.635  0.203 -0.566 -0.681 -0.690
 -0.332 -0.262 -0.175  0.032  0.229  0.315  0.314  0.213  0.170 -0.151  0.006  0.038  0.028 -0.099 -0.141 -0.250 -0.290 -0.347 -0.323 -0.310 -0.253 -0.089  0.067  0.068 -0.016  0.035  0.190  0.128  0.034  0.202  0.235  0.072  0.060  0.186  0.261  0.377  0.372  0.319  0.457  0.695  0.689  0.672  0.528  0.432  0.218  0.067  0.155  0.174  0.326  0.266  0.214  0.123  0.041  0.015 -0.146 -0.189 -0.249 -0.123 -0.028 -0.160 -0.151 -0.220 -0.265 -0.184 -0.067  0.099  0.284  0.451  0.634  0.845  1.000  0.818  0.382 -0.447 -0.601 -0.632
 -0.189 -0.136 -0.102  0.043  0.137  0.198  0.162  0.100  0.116 -0.135 -0.021  0.025  0.004 -0.053 -0.098 -0.152 -0.195 -0.232 -0.231 -0.240 -0.209 -0.126 -0.034 -0.053 -0.075 -0.014  0.064  0.022 -0.024  0.103  0.126 -0.000 -0.012  0.092  0.152  0.264  0.287  0.220  0.347  0.615  0.512  0.566  0.378  0.259  0.106 -0.014  0.041  0.063  0.177  0.125  0.056 -0.025 -0.071 -0.068 -0.163 -0.162 -0.185 -0.116 -0.038 -0.108 -0.098 -0.126 -0.146 -0.089 -0.025  0.074  0.175  0.272  0.416  0.635  0.818  1.000  0.584 -0.249 -0.432 -0.487
  0.071  0.064  0.036  0.023 -0.041 -0.037 -0.087 -0.096 -0.142 -0.156 -0.138 -0.159 -0.174 -0.121 -0.110 -0.056 -0.034  0.026  0.052  0.012 -0.047 -0.076 -0.109 -0.191 -0.177 -0.147 -0.204 -0.243 -0.222 -0.187 -0.213 -0.230 -0.183 -0.163 -0.196 -0.116 -0.094 -0.115 -0.019  0.164  0.041  0.128  0.047  0.022  0.022 -0.033 -0.032 -0.036  0.016 -0.002 -0.051 -0.129 -0.100 -0.023  0.001  0.069  0.103  0.106  0.147  0.162  0.165  0.155  0.140  0.124  0.134  0.080  0.066  0.014  0.033  0.203  0.382  0.584  1.000  0.033 -0.027 -0.076
  0.417  0.302  0.164 -0.122 -0.403 -0.489 -0.493 -0.420 -0.466 -0.051 -0.266 -0.295 -0.278 -0.063 -0.006  0.206  0.283  0.419  0.422  0.417  0.266  0.016 -0.259 -0.303 -0.142 -0.244 -0.483 -0.391 -0.283 -0.460 -0.490 -0.336 -0.313 -0.399 -0.448 -0.509 -0.461 -0.468 -0.458 -0.496 -0.589 -0.524 -0.559 -0.545 -0.384 -0.251 -0.338 -0.340 -0.478 -0.395 -0.350 -0.336 -0.168 -0.048  0.175  0.255  0.403  0.259  0.142  0.309  0.271  0.335  0.367  0.245  0.103 -0.167 -0.376 -0.577 -0.629 -0.566 -0.447 -0.249  0.033  1.000  0.836  0.672
  0.494  0.366  0.214 -0.118 -0.454 -0.547 -0.547 -0.467 -0.482 -0.066 -0.309 -0.340 -0.315 -0.058  0.015  0.251  0.333  0.492  0.497  0.479  0.308  0.026 -0.279 -0.337 -0.159 -0.259 -0.539 -0.447 -0.320 -0.530 -0.573 -0.393 -0.357 -0.464 -0.536 -0.601 -0.558 -0.541 -0.545 -0.635 -0.716 -0.617 -0.640 -0.608 -0.413 -0.259 -0.351 -0.375 -0.530 -0.445 -0.399 -0.376 -0.188 -0.054  0.201  0.302  0.466  0.296  0.171  0.366  0.330  0.407  0.444  0.305  0.148 -0.166 -0.413 -0.640 -0.726 -0.681 -0.601 -0.432 -0.027  0.836  1.000  0.884
