  1.000  0.698  0.385  0.110 -0.195 -0.271 -0.315 -0.255 -0.231 -0.273 -0.286 -0.225 -0.147  0.092  0.148  0.562  0.565  0.509  0.270  0.145  0.180 -0.022 -0.178 -0.206 -0.077 -0.156 -0.290 -0.292 -0.292 -0.346 -0.343 -0.355 -0.324 -0.300 -0.262 -0.238 -0.216 -0.238 -0.248 -0.271 -0.329 -0.267 -0.243 -0.227 -0.166 -0.121 -0.110 -0.159 -0.193 -0.277 -0.325 -0.283 -0.189 -0.165 -0.019  0.073  0.063 -0.074 -0.068  0.031  0.133  0.237  0.471  0.330  0.032 -0.037 -0.194 -0.227 -0.295 -0.264 -0.252 -0.162 -0.007  0.303  0.338  0.415
  0.698  1.000  0.691  0.341 -0.026 -0.151 -0.263 -0.246 -0.270 -0.272 -0.211 -0.109 -0.024  0.216  0.385  0.571  0.444  0.335  0.140  0.016  0.009 -0.185 -0.254 -0.286 -0.203 -0.195 -0.269 -0.263 -0.238 -0.272 -0.255 -0.252 -0.276 -0.243 -0.209 -0.190 -0.191 -0.243 -0.248 -0.247 -0.327 -0.277 -0.238 -0.213 -0.236 -0.189 -0.150 -0.180 -0.211 -0.269 -0.344 -0.339 -0.316 -0.315 -0.179 -0.056 -0.041 -0.156 -0.109  0.003  0.131  0.199  0.523  0.536  0.214  0.131 -0.062 -0.137 -0.239 -0.235 -0.222 -0.131 -0.013  0.317  0.308  0.355
  0.385  0.691  1.000  0.592  0.136  0.001 -0.138 -0.185 -0.202 -0.186 -0.103  0.009  0.078  0.279  0.437  0.350  0.321  0.212  0.052 -0.054 -0.077 -0.230 -0.275 -0.302 -0.232 -0.190 -0.232 -0.191 -0.168 -0.231 -0.195 -0.142 -0.195 -0.191 -0.206 -0.196 -0.179 -0.206 -0.176 -0.154 -0.245 -0.215 -0.202 -0.167 -0.246 -0.211 -0.145 -0.185 -0.211 -0.226 -0.273 -0.291 -0.294 -0.287 -0.200 -0.074 -0.045 -0.118 -0.036  0.046  0.153  0.150  0.386  0.466  0.317  0.272  0.083 -0.078 -0.166 -0.183 -0.165 -0.077 -0.017  0.245  0.225  0.217
  0.110  0.341  0.592  1.000  0.551  0.367  0.131  0.001 -0.069  0.015  0.191  0.338  0.357  0.447  0.320  0.143  0.087 -0.035 -0.120 -0.218 -0.250 -0.325 -0.273 -0.265 -0.253 -0.192 -0.202 -0.144 -0.048 -0.097 -0.098 -0.035 -0.052 -0.104 -0.157 -0.182 -0.141 -0.115 -0.148 -0.129 -0.176 -0.141 -0.126 -0.146 -0.247 -0.233 -0.201 -0.191 -0.156 -0.156 -0.187 -0.228 -0.270 -0.298 -0.276 -0.221 -0.169 -0.186 -0.117 -0.090 -0.045 -0.011  0.162  0.337  0.375  0.492  0.314  0.081 -0.003 -0.059 -0.078 -0.017 -0.026  0.218  0.130  0.071
 -0.195 -0.026  0.136  0.551  1.000  0.744  0.472  0.299  0.136  0.229  0.378  0.496  0.526  0.362  0.164 -0.052 -0.150 -0.250 -0.273 -0.301 -0.306 -0.254 -0.170 -0.088 -0.138 -0.085 -0.019  0.008  0.094  0.117  0.052  0.109  0.127  0.055  0.016 -0.026 -0.041  0.012  0.010  0.036  0.083  0.130  0.122  0.052 -0.045 -0.102 -0.125 -0.091 -0.021 -0.018 -0.014 -0.039 -0.091 -0.166 -0.271 -0.318 -0.288 -0.226 -0.203 -0.251 -0.269 -0.213 -0.169 -0.033  0.127  0.308  0.461  0.319  0.335  0.231  0.116  0.099 -0.079 -0.078 -0.134 -0.194
 -0.271 -0.151  0.001  0.367  0.744  1.000  0.702  0.518  0.342  0.457  0.575  0.638  0.531  0.318  0.068 -0.107 -0.207 -0.304 -0.310 -0.343 -0.319 -0.240 -0.138 -0.055 -0.100 -0.059  0.007  0.040  0.126  0.151  0.103  0.155  0.167  0.104  0.062  0.013 -0.002  0.061  0.039  0.077  0.140  0.167  0.153  0.065 -0.044 -0.120 -0.172 -0.109  0.001  0.033  0.052  0.001 -0.082 -0.157 -0.272 -0.328 -0.314 -0.234 -0.217 -0.279 -0.307 -0.254 -0.232 -0.116  0.057  0.288  0.390  0.366  0.392  0.307  0.184  0.141 -0.100 -0.103 -0.207 -0.313
 -0.315 -0.263 -0.138  0.131  0.472  0.702  1.000  0.777  0.515  0.671  0.644  0.484  0.433  0.226  0.074 -0.167 -0.267 -0.352 -0.322 -0.328 -0.300 -0.186 -0.077  0.024 -0.027 -0.029  0.075  0.116  0.140  0.168  0.147  0.181  0.178  0.113  0.123  0.085  0.071  0.137  0.162  0.238  0.323  0.329  0.243  0.157  0.046 -0.016 -0.050 -0.020  0.064  0.085  0.091  0.071 -0.016 -0.118 -0.253 -0.310 -0.313 -0.213 -0.188 -0.282 -0.321 -0.282 -0.295 -0.232 -0.109  0.052  0.212  0.405  0.544  0.484  0.353  0.265 -0.095 -0.221 -0.383 -0.472
 -0.255 -0.246 -0.185  0.001  0.299  0.518  0.777  1.000  0.722  0.647  0.438  0.279  0.223  0.077 -0.038 -0.155 -0.216 -0.289 -0.265 -0.255 -0.218 -0.128 -0.060  0.024 -0.013 -0.011  0.090  0.080  0.099  0.161  0.134  0.139  0.150  0.111  0.133  0.123  0.104  0.151  0.156  0.233  0.329  0.344  0.270  0.182  0.050 -0.059 -0.081 -0.019  0.103  0.088  0.078  0.047 -0.006 -0.092 -0.185 -0.265 -0.254 -0.181 -0.191 -0.271 -0.322 -0.277 -0.275 -0.226 -0.135  0.022  0.173  0.409  0.509  0.488  0.337  0.233 -0.067 -0.233 -0.369 -0.417
 -0.231 -0.270 -0.202 -0.069  0.136  0.342  0.515  0.722  1.000  0.773  0.403  0.254  0.155  0.010 -0.111 -0.183 -0.183 -0.196 -0.184 -0.141 -0.118 -0.050 -0.021  0.038  0.026  0.015  0.051  0.039  0.065  0.108  0.084  0.100  0.125  0.084  0.075  0.065  0.053  0.090  0.083  0.120  0.177  0.190  0.140  0.092  0.018 -0.051 -0.070  0.009  0.100  0.076  0.071  0.053  0.019 -0.038 -0.101 -0.185 -0.166 -0.097 -0.118 -0.178 -0.241 -0.221 -0.262 -0.225 -0.132 -0.029  0.067  0.183  0.244  0.254  0.166  0.091 -0.058 -0.194 -0.241 -0.319
 -0.273 -0.272 -0.186  0.015  0.229  0.457  0.671  0.647  0.773  1.000  0.719  0.504  0.383  0.196 -0.006 -0.164 -0.226 -0.277 -0.255 -0.244 -0.219 -0.124 -0.036  0.044  0.032  0.030  0.069  0.100  0.136  0.146  0.130  0.176  0.193  0.112  0.087  0.027  0.033  0.099  0.075  0.102  0.159  0.152  0.088  0.035 -0.008 -0.034 -0.053  0.011  0.079  0.060  0.070  0.080 -0.006 -0.094 -0.178 -0.237 -0.239 -0.162 -0.165 -0.225 -0.286 -0.241 -0.280 -0.246 -0.150 -0.039  0.032  0.161  0.267  0.269  0.188  0.120 -0.106 -0.188 -0.271 -0.380
 -0.286 -0.211 -0.103  0.191  0.378  0.575  0.644  0.438  0.403  0.719  1.000  0.814  0.633  0.377  0.098 -0.146 -0.251 -0.321 -0.316 -0.334 -0.307 -0.214 -0.061  0.018  0.001  0.014  0.043  0.139  0.226  0.164  0.131  0.245  0.256  0.111  0.051 -0.057 -0.036  0.066  0.040  0.054  0.092  0.094  0.003 -0.035 -0.050 -0.043 -0.070 -0.009  0.034  0.032  0.050  0.067 -0.042 -0.137 -0.243 -0.288 -0.302 -0.218 -0.196 -0.256 -0.301 -0.243 -0.256 -0.184 -0.074  0.049  0.080  0.123  0.222  0.212  0.158  0.131 -0.126 -0.121 -0.201 -0.341
 -0.225 -0.109  0.009  0.338  0.496  0.638  0.484  0.279  0.254  0.504  0.814  1.000  0.765  0.470  0.113 -0.083 -0.198 -0.276 -0.298 -0.334 -0.312 -0.224 -0.079 -0.016 -0.011  0.027 -0.002  0.074  0.200  0.120  0.062  0.165  0.185  0.068 -0.005 -0.123 -0.097  0.008 -0.047 -0.064 -0.026 -0.008 -0.044 -0.084 -0.088 -0.094 -0.137 -0.070 -0.016 -0.013  0.009  0.024 -0.089 -0.169 -0.266 -0.300 -0.308 -0.240 -0.216 -0.258 -0.279 -0.232 -0.203 -0.090  0.001  0.149  0.138  0.084  0.137  0.083  0.023  0.024 -0.132 -0.050 -0.069 -0.184
 -0.147 -0.024  0.078  0.357  0.526  0.531  0.433  0.223  0.155  0.383  0.633  0.765  1.000  0.709  0.305  0.058 -0.064 -0.180 -0.248 -0.313 -0.260 -0.208 -0.088  0.022  0.029  0.042  0.040  0.097  0.176  0.105  0.031  0.132  0.150  0.073 -0.011 -0.137 -0.129 -0.002 -0.013 -0.037 -0.003  0.019 -0.057 -0.095 -0.073 -0.039 -0.048 -0.002 -0.016 -0.052 -0.062  0.014 -0.104 -0.217 -0.293 -0.300 -0.330 -0.309 -0.274 -0.295 -0.282 -0.229 -0.192 -0.087 -0.079  0.030  0.030  0.008  0.115  0.078  0.023  0.061 -0.161 -0.056 -0.095 -0.167
  0.092  0.216  0.279  0.447  0.362  0.318  0.226  0.077  0.010  0.196  0.377  0.470  0.709  1.000  0.499  0.263  0.131 -0.002 -0.128 -0.254 -0.219 -0.257 -0.183 -0.079 -0.053 -0.057 -0.050  0.023  0.072 -0.023 -0.052  0.038  0.033 -0.034 -0.084 -0.174 -0.155 -0.072 -0.084 -0.094 -0.102 -0.086 -0.160 -0.190 -0.160 -0.088 -0.097 -0.077 -0.130 -0.173 -0.211 -0.144 -0.209 -0.303 -0.312 -0.258 -0.274 -0.317 -0.258 -0.228 -0.171 -0.109  0.015  0.123  0.049  0.089 -0.006 -0.073 -0.024 -0.026 -0.041  0.039 -0.067  0.128  0.032 -0.023
  0.148  0.385  0.437  0.320  0.164  0.068  0.074 -0.038 -0.111 -0.006  0.098  0.113  0.305  0.499  1.000  0.487  0.301  0.149  0.029 -0.104 -0.175 -0.288 -0.243 -0.176 -0.194 -0.090 -0.024 -0.019 -0.039 -0.020  0.005  0.019 -0.073 -0.029 -0.040 -0.062 -0.073 -0.080 -0.012  0.065  0.015 -0.002 -0.070 -0.109 -0.258 -0.123  0.015 -0.061 -0.158 -0.198 -0.296 -0.251 -0.255 -0.328 -0.281 -0.131 -0.098 -0.184 -0.102 -0.013  0.065  0.006  0.194  0.319  0.187  0.095 -0.024  0.001  0.006  0.023  0.057  0.133 -0.025  0.126 -0.075 -0.099
  0.562  0.571  0.350  0.143 -0.052 -0.107 -0.167 -0.155 -0.183 -0.164 -0.146 -0.083  0.058  0.263  0.487  1.000  0.739  0.441  0.210  0.082  0.135 -0.030 -0.148 -0.149 -0.078 -0.096 -0.168 -0.241 -0.238 -0.219 -0.287 -0.296 -0.238 -0.209 -0.245 -0.204 -0.212 -0.205 -0.196 -0.171 -0.210 -0.164 -0.158 -0.203 -0.187 -0.123 -0.087 -0.083 -0.109 -0.175 -0.242 -0.207 -0.171 -0.167 -0.049  0.022  0.005 -0.107 -0.116 -0.055  0.014  0.054  0.317  0.275 -0.002 -0.043 -0.174 -0.159 -0.193 -0.165 -0.156 -0.069 -0.045  0.174  0.153  0.226
  0.565  0.444  0.321  0.087 -0.150 -0.207 -0.267 -0.216 -0.183 -0.226 -0.251 -0.198 -0.064  0.131  0.301  0.739  1.000  0.725  0.375  0.227  0.331  0.107 -0.076 -0.087  0.019 -0.051 -0.174 -0.218 -0.235 -0.278 -0.346 -0.347 -0.306 -0.265 -0.297 -0.270 -0.265 -0.254 -0.211 -0.215 -0.262 -0.211 -0.208 -0.219 -0.191 -0.105 -0.048 -0.055 -0.106 -0.186 -0.241 -0.175 -0.100 -0.070  0.084  0.145  0.125 -0.023 -0.045  0.017  0.086  0.082  0.282  0.219 -0.038 -0.073 -0.219 -0.254 -0.292 -0.259 -0.235 -0.135 -0.072  0.140  0.175  0.308
  0.509  0.335  0.212 -0.035 -0.250 -0.304 -0.352 -0.289 -0.196 -0.277 -0.321 -0.276 -0.180 -0.002  0.149  0.441  0.725  1.000  0.635  0.447  0.449  0.138 -0.074 -0.104  0.028 -0.080 -0.239 -0.228 -0.254 -0.316 -0.357 -0.348 -0.319 -0.275 -0.295 -0.281 -0.271 -0.276 -0.229 -0.251 -0.309 -0.242 -0.234 -0.231 -0.190 -0.097 -0.044 -0.091 -0.157 -0.245 -0.282 -0.209 -0.111 -0.048  0.161  0.268  0.288  0.119  0.096  0.157  0.187  0.106  0.249  0.178 -0.056 -0.126 -0.250 -0.289 -0.351 -0.321 -0.279 -0.188 -0.038  0.179  0.259  0.378
  0.270  0.140  0.052 -0.120 -0.273 -0.310 -0.322 -0.265 -0.184 -0.255 -0.316 -0.298 -0.248 -0.128  0.029  0.210  0.375  0.635  1.000  0.634  0.416  0.140 -0.051 -0.111 -0.083 -0.164 -0.247 -0.225 -0.275 -0.296 -0.289 -0.292 -0.289 -0.239 -0.226 -0.237 -0.232 -0.237 -0.169 -0.177 -0.253 -0.196 -0.181 -0.185 -0.197 -0.136 -0.096 -0.161 -0.198 -0.203 -0.186 -0.167 -0.027  0.104  0.346  0.489  0.542  0.364  0.279  0.330  0.309  0.149  0.160  0.095 -0.004 -0.092 -0.190 -0.232 -0.305 -0.256 -0.201 -0.126  0.071  0.121  0.196  0.287
  0.145  0.016 -0.054 -0.218 -0.301 -0.343 -0.328 -0.255 -0.141 -0.244 -0.334 -0.334 -0.313 -0.254 -0.104  0.082  0.227  0.447  0.634  1.000  0.685  0.359  0.124  0.029  0.052 -0.039 -0.155 -0.155 -0.196 -0.224 -0.239 -0.266 -0.233 -0.179 -0.182 -0.167 -0.168 -0.181 -0.132 -0.143 -0.203 -0.154 -0.122 -0.145 -0.140 -0.097 -0.064 -0.122 -0.138 -0.135 -0.077 -0.041  0.099  0.253  0.483  0.477  0.517  0.396  0.290  0.305  0.242  0.060  0.019 -0.044 -0.114 -0.149 -0.182 -0.199 -0.226 -0.206 -0.162 -0.125  0.038 -0.019  0.143  0.235
  0.180  0.009 -0.077 -0.250 -0.306 -0.319 -0.300 -0.218 -0.118 -0.219 -0.307 -0.312 -0.260 -0.219 -0.175  0.135  0.331  0.449  0.416  0.685  1.000  0.678  0.362  0.257  0.304  0.120 -0.035 -0.056 -0.126 -0.180 -0.235 -0.273 -0.222 -0.188 -0.200 -0.158 -0.152 -0.154 -0.124 -0.140 -0.172 -0.131 -0.092 -0.104 -0.051 -0.015 -0.008 -0.003 -0.007 -0.003  0.062  0.156  0.221  0.357  0.504  0.389  0.312  0.218  0.109  0.088  0.084 -0.022 -0.057 -0.134 -0.258 -0.252 -0.261 -0.222 -0.207 -0.180 -0.159 -0.146 -0.087 -0.123  0.049  0.198
 -0.022 -0.185 -0.230 -0.325 -0.254 -0.240 -0.186 -0.128 -0.050 -0.124 -0.214 -0.224 -0.208 -0.257 -0.288 -0.030  0.107  0.138  0.140  0.359  0.678  1.000  0.711  0.541  0.529  0.368  0.178  0.067 -0.012 -0.039 -0.117 -0.174 -0.104 -0.082 -0.096 -0.054 -0.061 -0.035 -0.047 -0.051 -0.023 -0.026  0.009 -0.016  0.079  0.059  0.036  0.110  0.162  0.229  0.350  0.502  0.496  0.567  0.510  0.297  0.152  0.170  0.050 -0.029 -0.055 -0.133 -0.216 -0.287 -0.332 -0.307 -0.244 -0.167 -0.111 -0.069 -0.071 -0.097 -0.127 -0.265 -0.138 -0.006
 -0.178 -0.254 -0.275 -0.273 -0.170 -0.138 -0.077 -0.060 -0.021 -0.036 -0.061 -0.079 -0.088 -0.183 -0.243 -0.148 -0.076 -0.074 -0.051  0.124  0.362  0.711  1.000  0.739  0.591  0.473  0.349  0.239  0.130  0.065  0.010 -0.038 -0.024 -0.014 -0.007  0.010  0.013  0.064  0.046  0.035  0.083  0.051  0.088  0.022  0.084  0.057  0.037  0.158  0.238  0.350  0.468  0.647  0.490  0.480  0.331  0.162 -0.014  0.033 -0.018 -0.110 -0.139 -0.190 -0.287 -0.304 -0.294 -0.257 -0.188 -0.097 -0.018  0.042  0.054  0.001 -0.112 -0.298 -0.233 -0.178
 -0.206 -0.286 -0.302 -0.265 -0.088 -0.055  0.024  0.024  0.038  0.044  0.018 -0.016  0.022 -0.079 -0.176 -0.149 -0.087 -0.104 -0.111  0.029  0.257  0.541  0.739  1.000  0.735  0.456  0.475  0.386  0.215  0.165  0.113  0.057  0.065  0.070  0.075  0.076  0.061  0.115  0.085  0.082  0.160  0.099  0.094  0.075  0.116  0.113  0.100  0.227  0.245  0.310  0.413  0.618  0.477  0.364  0.198  0.026 -0.146 -0.089 -0.108 -0.207 -0.203 -0.184 -0.340 -0.364 -0.317 -0.256 -0.167 -0.075  0.059  0.106  0.109  0.029 -0.138 -0.350 -0.343 -0.272
 -0.077 -0.203 -0.232 -0.253 -0.138 -0.100 -0.027 -0.013  0.026  0.032  0.001 -0.011  0.029 -0.053 -0.194 -0.078  0.019  0.028 -0.083  0.052  0.304  0.529  0.591  0.735  1.000  0.690  0.473  0.460  0.377  0.219  0.113  0.070  0.060  0.022  0.029  0.017  0.023  0.096  0.033 -0.025  0.038 -0.014 -0.022 -0.030  0.079  0.096  0.054  0.151  0.169  0.166  0.267  0.460  0.324  0.216  0.122 -0.019 -0.178 -0.171 -0.204 -0.287 -0.256 -0.250 -0.286 -0.315 -0.366 -0.293 -0.252 -0.182 -0.053 -0.030 -0.021 -0.053 -0.185 -0.311 -0.234 -0.068
 -0.156 -0.195 -0.190 -0.192 -0.085 -0.059 -0.029 -0.011  0.015  0.030  0.014  0.027  0.042 -0.057 -0.090 -0.096 -0.051 -0.080 -0.164 -0.039  0.120  0.368  0.473  0.456  0.690  1.000  0.664  0.452  0.492  0.382  0.206  0.167  0.142  0.095  0.079  0.079  0.095  0.188  0.087  0.005  0.080  0.005 -0.001 -0.053  0.006  0.008  0.012  0.086  0.113  0.067  0.134  0.300  0.229  0.119  0.018 -0.086 -0.198 -0.174 -0.215 -0.270 -0.287 -0.328 -0.290 -0.227 -0.261 -0.198 -0.180 -0.136 -0.052 -0.066 -0.050 -0.071 -0.181 -0.263 -0.181 -0.047
 -0.290 -0.269 -0.232 -0.202 -0.019  0.007  0.075  0.090  0.051  0.069  0.043 -0.002  0.040 -0.050 -0.024 -0.168 -0.174 -0.239 -0.247 -0.155 -0.035  0.178  0.349  0.475  0.473  0.664  1.000  0.711  0.497  0.513  0.448  0.315  0.214  0.250  0.297  0.332  0.339  0.408  0.298  0.236  0.337  0.186  0.152  0.106  0.063  0.052  0.073  0.135  0.155  0.091  0.139  0.260  0.211  0.068 -0.069 -0.149 -0.257 -0.229 -0.222 -0.279 -0.255 -0.266 -0.328 -0.267 -0.207 -0.158 -0.072  0.052  0.152  0.136  0.138  0.070 -0.174 -0.376 -0.411 -0.305
 -0.292 -0.263 -0.191 -0.144  0.008  0.040  0.116  0.080  0.039  0.100  0.139  0.074  0.097  0.023 -0.019 -0.241 -0.218 -0.228 -0.225 -0.155 -0.056  0.067  0.239  0.386  0.460  0.452  0.711  1.000  0.721  0.541  0.583  0.530  0.318  0.250  0.332  0.280  0.285  0.308  0.210  0.168  0.221  0.080  0.024 -0.002 -0.030  0.028  0.028  0.046  0.057  0.001  0.082  0.174  0.107 -0.023 -0.123 -0.176 -0.254 -0.239 -0.207 -0.270 -0.206 -0.218 -0.300 -0.263 -0.187 -0.148 -0.078 -0.010  0.115  0.106  0.129  0.063 -0.178 -0.346 -0.343 -0.246
 -0.292 -0.238 -0.168 -0.048  0.094  0.126  0.140  0.099  0.065  0.136  0.226  0.200  0.176  0.072 -0.039 -0.238 -0.235 -0.254 -0.275 -0.196 -0.126 -0.012  0.130  0.215  0.377  0.492  0.497  0.721  1.000  0.732  0.543  0.625  0.530  0.310  0.262  0.153  0.107  0.186  0.057 -0.016  0.071 -0.015 -0.063 -0.124 -0.095 -0.078 -0.112 -0.077 -0.011 -0.049  0.048  0.118  0.053 -0.062 -0.154 -0.233 -0.281 -0.221 -0.233 -0.288 -0.287 -0.309 -0.282 -0.198 -0.130 -0.050 -0.009 -0.042  0.036 -0.012 -0.010 -0.053 -0.226 -0.289 -0.176 -0.081
 -0.346 -0.272 -0.231 -0.097  0.117  0.151  0.168  0.161  0.108  0.146  0.164  0.120  0.105 -0.023 -0.020 -0.219 -0.278 -0.316 -0.296 -0.224 -0.180 -0.039  0.065  0.165  0.219  0.382  0.513  0.541  0.732  1.000  0.737  0.618  0.611  0.529  0.456  0.454  0.332  0.349  0.220  0.192  0.283  0.145  0.086 -0.017 -0.034 -0.055 -0.107 -0.084  0.001 -0.005  0.067  0.096  0.056 -0.062 -0.178 -0.268 -0.295 -0.203 -0.207 -0.279 -0.308 -0.306 -0.285 -0.222 -0.117 -0.044  0.057  0.116  0.183  0.138  0.129  0.074 -0.155 -0.313 -0.320 -0.300
 -0.343 -0.255 -0.195 -0.098  0.052  0.103  0.147  0.134  0.084  0.130  0.131  0.062  0.031 -0.052  0.005 -0.287 -0.346 -0.357 -0.289 -0.239 -0.235 -0.117  0.010  0.113  0.113  0.206  0.448  0.583  0.543  0.737  1.000  0.774  0.541  0.547  0.647  0.608  0.540  0.465  0.340  0.292  0.296  0.103  0.024  0.020 -0.029 -0.006 -0.016 -0.029 -0.033 -0.058  0.005  0.021 -0.014 -0.130 -0.224 -0.256 -0.271 -0.214 -0.176 -0.226 -0.200 -0.182 -0.253 -0.211 -0.080 -0.051  0.008  0.085  0.182  0.174  0.203  0.124 -0.109 -0.276 -0.366 -0.363
 -0.355 -0.252 -0.142 -0.035  0.109  0.155  0.181  0.139  0.100  0.176  0.245  0.165  0.132  0.038  0.019 -0.296 -0.347 -0.348 -0.292 -0.266 -0.273 -0.174 -0.038  0.057  0.070  0.167  0.315  0.530  0.625  0.618  0.774  1.000  0.754  0.530  0.535  0.346  0.263  0.254  0.166  0.118  0.134 -0.001 -0.083 -0.080 -0.079 -0.030 -0.064 -0.045 -0.046 -0.084 -0.009  0.005 -0.047 -0.146 -0.228 -0.264 -0.268 -0.191 -0.172 -0.209 -0.202 -0.174 -0.266 -0.201 -0.047 -0.026  0.028  0.020  0.098  0.069  0.098  0.045 -0.147 -0.221 -0.207 -0.246
 -0.324 -0.276 -0.195 -0.052  0.127  0.167  0.178  0.150  0.125  0.193  0.256  0.185  0.150  0.033 -0.073 -0.238 -0.306 -0.319 -0.289 -0.233 -0.222 -0.104 -0.024  0.065  0.060  0.142  0.214  0.318  0.530  0.611  0.541  0.754  1.000  0.713  0.476  0.315  0.143  0.163  0.078  0.027  0.097  0.023 -0.059 -0.130 -0.059 -0.040 -0.111 -0.094 -0.054 -0.046  0.061  0.070  0.031 -0.058 -0.155 -0.247 -0.252 -0.133 -0.163 -0.199 -0.269 -0.191 -0.265 -0.240 -0.092 -0.046  0.054  0.012  0.078  0.038  0.050 -0.003 -0.153 -0.219 -0.110 -0.220
 -0.300 -0.243 -0.191 -0.104  0.055  0.104  0.113  0.111  0.084  0.112  0.111  0.068  0.073 -0.034 -0.029 -0.209 -0.265 -0.275 -0.239 -0.179 -0.188 -0.082 -0.014  0.070  0.022  0.095  0.250  0.250  0.310  0.529  0.547  0.530  0.713  1.000  0.760  0.606  0.384  0.301  0.241  0.193  0.228  0.097  0.035 -0.052 -0.061 -0.031 -0.063 -0.086 -0.069 -0.045  0.053  0.045  0.025 -0.056 -0.133 -0.188 -0.199 -0.121 -0.116 -0.148 -0.203 -0.180 -0.235 -0.182 -0.093 -0.070 -0.003  0.036  0.097  0.086  0.115  0.056 -0.104 -0.224 -0.250 -0.300
 -0.262 -0.209 -0.206 -0.157  0.016  0.062  0.123  0.133  0.075  0.087  0.051 -0.005 -0.011 -0.084 -0.040 -0.245 -0.297 -0.295 -0.226 -0.182 -0.200 -0.096 -0.007  0.075  0.029  0.079  0.297  0.332  0.262  0.456  0.647  0.535  0.476  0.760  1.000  0.801  0.590  0.437  0.339  0.318  0.315  0.129  0.060  0.023 -0.043 -0.023 -0.032 -0.062 -0.066 -0.071  0.010  0.010 -0.014 -0.099 -0.165 -0.194 -0.206 -0.160 -0.137 -0.167 -0.172 -0.154 -0.212 -0.183 -0.102 -0.094 -0.028  0.095  0.184  0.201  0.231  0.135 -0.084 -0.247 -0.334 -0.340
 -0.238 -0.190 -0.196 -0.182 -0.026  0.013  0.085  0.123  0.065  0.027 -0.057 -0.123 -0.137 -0.174 -0.062 -0.204 -0.270 -0.281 -0.237 -0.167 -0.158 -0.054  0.010  0.076  0.017  0.079  0.332  0.280  0.153  0.454  0.608  0.346  0.315  0.606  0.801  1.000  0.806  0.572  0.449  0.453  0.441  0.232  0.160  0.106  0.017 -0.002 -0.003 -0.028 -0.021 -0.021  0.031  0.028  0.024 -0.058 -0.145 -0.192 -0.185 -0.131 -0.119 -0.162 -0.169 -0.128 -0.164 -0.157 -0.093 -0.084 -0.001  0.170  0.246  0.271  0.308  0.208  0.005 -0.247 -0.393 -0.413
 -0.216 -0.191 -0.179 -0.141 -0.041 -0.002  0.071  0.104  0.053  0.033 -0.036 -0.097 -0.129 -0.155 -0.073 -0.212 -0.265 -0.271 -0.232 -0.168 -0.152 -0.061  0.013  0.061  0.023  0.095  0.339  0.285  0.107  0.332  0.540  0.263  0.143  0.384  0.590  0.806  1.000  0.772  0.591  0.508  0.438  0.219  0.124  0.133  0.036  0.047  0.072  0.045 -0.007 -0.040 -0.021 -0.007 -0.007 -0.078 -0.154 -0.184 -0.179 -0.148 -0.138 -0.174 -0.159 -0.098 -0.146 -0.142 -0.081 -0.070 -0.018  0.150  0.219  0.232  0.277  0.204  0.054 -0.202 -0.399 -0.394
 -0.238 -0.243 -0.206 -0.115  0.012  0.061  0.137  0.151  0.090  0.099  0.066  0.008 -0.002 -0.072 -0.080 -0.205 -0.254 -0.276 -0.237 -0.181 -0.154 -0.035  0.064  0.115  0.096  0.188  0.408  0.308  0.186  0.349  0.465  0.254  0.163  0.301  0.437  0.572  0.772  1.000  0.732  0.497  0.497  0.310  0.187  0.162  0.075  0.071  0.099  0.079  0.057  0.008  0.006  0.032  0.016 -0.074 -0.175 -0.203 -0.208 -0.193 -0.192 -0.224 -0.225 -0.171 -0.233 -0.214 -0.140 -0.089 -0.013  0.144  0.237  0.242  0.268  0.195 -0.036 -0.293 -0.431 -0.403
 -0.248 -0.248 -0.176 -0.148  0.010  0.039  0.162  0.156  0.083  0.075  0.040 -0.047 -0.013 -0.084 -0.012 -0.196 -0.211 -0.229 -0.169 -0.132 -0.124 -0.047  0.046  0.085  0.033  0.087  0.298  0.210  0.057  0.220  0.340  0.166  0.078  0.241  0.339  0.449  0.591  0.732  1.000  0.789  0.671  0.525  0.325  0.262  0.104  0.103  0.123  0.115  0.102  0.040 -0.010  0.038  0.045 -0.048 -0.146 -0.153 -0.144 -0.137 -0.111 -0.140 -0.149 -0.130 -0.210 -0.206 -0.151 -0.112 -0.012  0.165  0.302  0.365  0.460  0.455  0.150 -0.266 -0.541 -0.521
 -0.271 -0.247 -0.154 -0.129  0.036  0.077  0.238  0.233  0.120  0.102  0.054 -0.064 -0.037 -0.094  0.065 -0.171 -0.215 -0.251 -0.177 -0.143 -0.140 -0.051  0.035  0.082 -0.025  0.005  0.236  0.168 -0.016  0.192  0.292  0.118  0.027  0.193  0.318  0.453  0.508  0.497  0.789  1.000  0.821  0.638  0.401  0.298  0.083  0.060  0.071  0.074  0.107  0.100  0.057  0.081  0.066 -0.026 -0.141 -0.156 -0.128 -0.094 -0.054 -0.110 -0.122 -0.130 -0.184 -0.171 -0.102 -0.085  0.039  0.266  0.426  0.569  0.688  0.672  0.287 -0.212 -0.613 -0.641
 -0.329 -0.327 -0.245 -0.176  0.083  0.140  0.323  0.329  0.177  0.159  0.092 -0.026 -0.003 -0.102  0.015 -0.210 -0.262 -0.309 -0.253 -0.203 -0.172 -0.023  0.083  0.160  0.038  0.080  0.337  0.221  0.071  0.283  0.296  0.134  0.097  0.228  0.315  0.441  0.438  0.497  0.671  0.821  1.000  0.817  0.562  0.389  0.154  0.066  0.096  0.108  0.193  0.191  0.153  0.154  0.148  0.025 -0.130 -0.178 -0.180 -0.115 -0.077 -0.165 -0.212 -0.208 -0.266 -0.252 -0.171 -0.114  0.087  0.368  0.567  0.663  0.672  0.583  0.140 -0.328 -0.649 -0.666
 -0.267 -0.277 -0.215 -0.141  0.130  0.167  0.329  0.344  0.190  0.152  0.094 -0.008  0.019 -0.086 -0.002 -0.164 -0.211 -0.242 -0.196 -0.154 -0.131 -0.026  0.051  0.099 -0.014  0.005  0.186  0.080 -0.015  0.145  0.103 -0.001  0.023  0.097  0.129  0.232  0.219  0.310  0.525  0.638  0.817  1.000  0.745  0.481  0.190  0.048  0.073  0.094  0.235  0.255  0.201  0.147  0.165  0.068 -0.069 -0.121 -0.118 -0.058 -0.023 -0.116 -0.187 -0.194 -0.232 -0.225 -0.159 -0.071  0.169  0.426  0.614  0.703  0.605  0.552  0.115 -0.332 -0.585 -0.577
 -0.243 -0.238 -0.202 -0.126  0.122  0.153  0.243  0.270  0.140  0.088  0.003 -0.044 -0.057 -0.160 -0.070 -0.158 -0.208 -0.234 -0.181 -0.122 -0.092  0.009  0.088  0.094 -0.022 -0.001  0.152  0.024 -0.063  0.086  0.024 -0.083 -0.059  0.035  0.060  0.160  0.124  0.187  0.325  0.401  0.562  0.745  1.000  0.692  0.298  0.060  0.066  0.107  0.333  0.366  0.280  0.158  0.172  0.121 -0.006 -0.086 -0.092 -0.032 -0.015 -0.108 -0.187 -0.189 -0.221 -0.199 -0.107  0.007  0.252  0.518  0.569  0.535  0.385  0.332  0.042 -0.308 -0.453 -0.430
 -0.227 -0.213 -0.167 -0.146  0.052  0.065  0.157  0.182  0.092  0.035 -0.035 -0.084 -0.095 -0.190 -0.109 -0.203 -0.219 -0.231 -0.185 -0.145 -0.104 -0.016  0.022  0.075 -0.030 -0.053  0.106 -0.002 -0.124 -0.017  0.020 -0.080 -0.130 -0.052  0.023  0.106  0.133  0.162  0.262  0.298  0.389  0.481  0.692  1.000  0.613  0.307  0.373  0.418  0.448  0.335  0.215  0.140  0.084  0.040 -0.097 -0.159 -0.172 -0.120 -0.097 -0.166 -0.185 -0.144 -0.219 -0.215 -0.132 -0.041  0.205  0.470  0.440  0.383  0.253  0.200 -0.002 -0.251 -0.351 -0.335
 -0.166 -0.236 -0.246 -0.247 -0.045 -0.044  0.046  0.050  0.018 -0.008 -0.050 -0.088 -0.073 -0.160 -0.258 -0.187 -0.191 -0.190 -0.197 -0.140 -0.051  0.079  0.084  0.116  0.079  0.006  0.063 -0.030 -0.095 -0.034 -0.029 -0.079 -0.059 -0.061 -0.043  0.017  0.036  0.075  0.104  0.083  0.154  0.190  0.298  0.613  1.000  0.659  0.476  0.488  0.342  0.312  0.263  0.216  0.083  0.078 -0.064 -0.155 -0.223 -0.167 -0.148 -0.226 -0.221 -0.164 -0.227 -0.291 -0.257 -0.156  0.054  0.194  0.188  0.140  0.062  0.009 -0.032 -0.159 -0.142 -0.151
 -0.121 -0.189 -0.211 -0.233 -0.102 -0.120 -0.016 -0.059 -0.051 -0.034 -0.043 -0.094 -0.039 -0.088 -0.123 -0.123 -0.105 -0.097 -0.136 -0.097 -0.015  0.059  0.057  0.113  0.096  0.008  0.052  0.028 -0.078 -0.055 -0.006 -0.030 -0.040 -0.031 -0.023 -0.002  0.047  0.071  0.103  0.060  0.066  0.048  0.060  0.307  0.659  1.000  0.713  0.512  0.241  0.150  0.147  0.170  0.066  0.019 -0.095 -0.150 -0.186 -0.152 -0.144 -0.181 -0.167 -0.113 -0.197 -0.262 -0.277 -0.257 -0.102  0.004  0.018  0.002 -0.003 -0.025 -0.038 -0.118 -0.116 -0.123
 -0.110 -0.150 -0.145 -0.201 -0.125 -0.172 -0.050 -0.081 -0.070 -0.053 -0.070 -0.137 -0.048 -0.097  0.015 -0.087 -0.048 -0.044 -0.096 -0.064 -0.008  0.036  0.037  0.100  0.054  0.012  0.073  0.028 -0.112 -0.107 -0.016 -0.064 -0.111 -0.063 -0.032 -0.003  0.072  0.099  0.123  0.071  0.096  0.073  0.066  0.373  0.476  0.713  1.000  0.704  0.354  0.123  0.053  0.124  0.056  0.005 -0.087 -0.113 -0.149 -0.131 -0.102 -0.095 -0.074 -0.052 -0.149 -0.183 -0.223 -0.267 -0.160 -0.025  0.023 -0.010 -0.012 -0.045 -0.087 -0.136 -0.169 -0.143
 -0.159 -0.180 -0.185 -0.191 -0.091 -0.109 -0.020 -0.019  0.009  0.011 -0.009 -0.070 -0.002 -0.077 -0.061 -0.083 -0.055 -0.091 -0.161 -0.122 -0.003  0.110  0.158  0.227  0.151  0.086  0.135  0.046 -0.077 -0.084 -0.029 -0.045 -0.094 -0.086 -0.062 -0.028  0.045  0.079  0.115  0.074  0.108  0.094  0.107  0.418  0.488  0.512  0.704  1.000  0.685  0.382  0.187  0.259  0.120  0.051 -0.092 -0.145 -0.221 -0.189 -0.158 -0.190 -0.175 -0.120 -0.244 -0.249 -0.269 -0.254 -0.171 -0.056  0.027  0.017  0.015 -0.011 -0.061 -0.149 -0.209 -0.205
 -0.193 -0.211 -0.211 -0.156 -0.021  0.001  0.064  0.103  0.100  0.079  0.034 -0.016 -0.016 -0.130 -0.158 -0.109 -0.106 -0.157 -0.198 -0.138 -0.007  0.162  0.238  0.245  0.169  0.113  0.155  0.057 -0.011  0.001 -0.033 -0.046 -0.054 -0.069 -0.066 -0.021 -0.007  0.057  0.102  0.107  0.193  0.235  0.333  0.448  0.342  0.241  0.354  0.685  1.000  0.644  0.355  0.328  0.203  0.150 -0.010 -0.094 -0.162 -0.101 -0.068 -0.148 -0.183 -0.180 -0.259 -0.247 -0.236 -0.146 -0.035  0.108  0.166  0.154  0.095  0.047 -0.084 -0.248 -0.312 -0.270
 -0.277 -0.269 -0.226 -0.156 -0.018  0.033  0.085  0.088  0.076  0.060  0.032 -0.013 -0.052 -0.173 -0.198 -0.175 -0.186 -0.245 -0.203 -0.135 -0.003  0.229  0.350  0.310  0.166  0.067  0.091  0.001 -0.049 -0.005 -0.058 -0.084 -0.046 -0.045 -0.071 -0.021 -0.040  0.008  0.040  0.100  0.191  0.255  0.366  0.335  0.312  0.150  0.123  0.382  0.644  1.000  0.729  0.525  0.296  0.290  0.087 -0.004 -0.109  0.006  0.072 -0.075 -0.144 -0.167 -0.282 -0.273 -0.176 -0.058  0.042  0.121  0.160  0.204  0.136  0.073 -0.036 -0.246 -0.282 -0.274
 -0.325 -0.344 -0.273 -0.187 -0.014  0.052  0.091  0.078  0.071  0.070  0.050  0.009 -0.062 -0.211 -0.296 -0.242 -0.241 -0.282 -0.186 -0.077  0.062  0.350  0.468  0.413  0.267  0.134  0.139  0.082  0.048  0.067  0.005 -0.009  0.061  0.053  0.010  0.031 -0.021  0.006 -0.010  0.057  0.153  0.201  0.280  0.215  0.263  0.147  0.053  0.187  0.355  0.729  1.000  0.749  0.497  0.501  0.243  0.085 -0.043  0.130  0.144 -0.042 -0.148 -0.201 -0.344 -0.356 -0.199 -0.064  0.063  0.126  0.155  0.201  0.122  0.027 -0.097 -0.355 -0.319 -0.276
 -0.283 -0.339 -0.291 -0.228 -0.039  0.001  0.071  0.047  0.053  0.080  0.067  0.024  0.014 -0.144 -0.251 -0.207 -0.175 -0.209 -0.167 -0.041  0.156  0.502  0.647  0.618  0.460  0.300  0.260  0.174  0.118  0.096  0.021  0.005  0.070  0.045  0.010  0.028 -0.007  0.032  0.038  0.081  0.154  0.147  0.158  0.140  0.216  0.170  0.124  0.259  0.328  0.525  0.749  1.000  0.683  0.561  0.275  0.070 -0.114  0.030  0.001 -0.173 -0.233 -0.235 -0.367 -0.384 -0.301 -0.205 -0.086 -0.000  0.087  0.159  0.141  0.057 -0.123 -0.373 -0.336 -0.309
 -0.189 -0.316 -0.294 -0.270 -0.091 -0.082 -0.016 -0.006  0.019 -0.006 -0.042 -0.089 -0.104 -0.209 -0.255 -0.171 -0.100 -0.111 -0.027  0.099  0.221  0.496  0.490  0.477  0.324  0.229  0.211  0.107  0.053  0.056 -0.014 -0.047  0.031  0.025 -0.014  0.024 -0.007  0.016  0.045  0.066  0.148  0.165  0.172  0.084  0.083  0.066  0.056  0.120  0.203  0.296  0.497  0.683  1.000  0.731  0.430  0.221  0.091  0.194  0.101 -0.029 -0.111 -0.142 -0.278 -0.330 -0.240 -0.212 -0.075 -0.033  0.048  0.082  0.058  0.011 -0.077 -0.315 -0.271 -0.229
 -0.165 -0.315 -0.287 -0.298 -0.166 -0.157 -0.118 -0.092 -0.038 -0.094 -0.137 -0.169 -0.217 -0.303 -0.328 -0.167 -0.070 -0.048  0.104  0.253  0.357  0.567  0.480  0.364  0.216  0.119  0.068 -0.023 -0.062 -0.062 -0.130 -0.146 -0.058 -0.056 -0.099 -0.058 -0.078 -0.074 -0.048 -0.026  0.025  0.068  0.121  0.040  0.078  0.019  0.005  0.051  0.150  0.290  0.501  0.561  0.731  1.000  0.718  0.455  0.310  0.426  0.271  0.128  0.021 -0.075 -0.224 -0.301 -0.206 -0.192 -0.063 -0.055 -0.012  0.008 -0.013 -0.060 -0.057 -0.305 -0.156 -0.092
 -0.019 -0.179 -0.200 -0.276 -0.271 -0.272 -0.253 -0.185 -0.101 -0.178 -0.243 -0.266 -0.293 -0.312 -0.281 -0.049  0.084  0.161  0.346  0.483  0.504  0.510  0.331  0.198  0.122  0.018 -0.069 -0.123 -0.154 -0.178 -0.224 -0.228 -0.155 -0.133 -0.165 -0.145 -0.154 -0.175 -0.146 -0.141 -0.130 -0.069 -0.006 -0.097 -0.064 -0.095 -0.087 -0.092 -0.010  0.087  0.243  0.275  0.430  0.718  1.000  0.743  0.567  0.600  0.416  0.317  0.221  0.021 -0.107 -0.191 -0.140 -0.172 -0.141 -0.165 -0.162 -0.126 -0.128 -0.149 -0.051 -0.162 -0.001  0.110
  0.073 -0.056 -0.074 -0.221 -0.318 -0.328 -0.310 -0.265 -0.185 -0.237 -0.288 -0.300 -0.300 -0.258 -0.131  0.022  0.145  0.268  0.489  0.477  0.389  0.297  0.162  0.026 -0.019 -0.086 -0.149 -0.176 -0.233 -0.268 -0.256 -0.264 -0.247 -0.188 -0.194 -0.192 -0.184 -0.203 -0.153 -0.156 -0.178 -0.121 -0.086 -0.159 -0.155 -0.150 -0.113 -0.145 -0.094 -0.004  0.085  0.070  0.221  0.455  0.743  1.000  0.761  0.625  0.564  0.525  0.472  0.163  0.039 -0.044 -0.034 -0.140 -0.175 -0.215 -0.246 -0.186 -0.156 -0.138 -0.015 -0.051  0.063  0.186
  0.063 -0.041 -0.045 -0.169 -0.288 -0.314 -0.313 -0.254 -0.166 -0.239 -0.302 -0.308 -0.330 -0.274 -0.098  0.005  0.125  0.288  0.542  0.517  0.312  0.152 -0.014 -0.146 -0.178 -0.198 -0.257 -0.254 -0.281 -0.295 -0.271 -0.268 -0.252 -0.199 -0.206 -0.185 -0.179 -0.208 -0.144 -0.128 -0.180 -0.118 -0.092 -0.172 -0.223 -0.186 -0.149 -0.221 -0.162 -0.109 -0.043 -0.114  0.091  0.310  0.567  0.761  1.000  0.788  0.615  0.653  0.482  0.190  0.092  0.038  0.075 -0.046 -0.105 -0.159 -0.234 -0.199 -0.144 -0.105  0.089  0.049  0.142  0.211
 -0.074 -0.156 -0.118 -0.186 -0.226 -0.234 -0.213 -0.181 -0.097 -0.162 -0.218 -0.240 -0.309 -0.317 -0.184 -0.107 -0.023  0.119  0.364  0.396  0.218  0.170  0.033 -0.089 -0.171 -0.174 -0.229 -0.239 -0.221 -0.203 -0.214 -0.191 -0.133 -0.121 -0.160 -0.131 -0.148 -0.193 -0.137 -0.094 -0.115 -0.058 -0.032 -0.120 -0.167 -0.152 -0.131 -0.189 -0.101  0.006  0.130  0.030  0.194  0.426  0.600  0.625  0.788  1.000  0.773  0.630  0.370  0.122  0.029 -0.027  0.075 -0.015 -0.018 -0.092 -0.144 -0.111 -0.075 -0.089  0.067 -0.050  0.083  0.087
 -0.068 -0.109 -0.036 -0.117 -0.203 -0.217 -0.188 -0.191 -0.118 -0.165 -0.196 -0.216 -0.274 -0.258 -0.102 -0.116 -0.045  0.096  0.279  0.290  0.109  0.050 -0.018 -0.108 -0.204 -0.215 -0.222 -0.207 -0.233 -0.207 -0.176 -0.172 -0.163 -0.116 -0.137 -0.119 -0.138 -0.192 -0.111 -0.054 -0.077 -0.023 -0.015 -0.097 -0.148 -0.144 -0.102 -0.158 -0.068  0.072  0.144  0.001  0.101  0.271  0.416  0.564  0.615  0.773  1.000  0.752  0.545  0.210  0.098  0.044  0.128  0.018 -0.016 -0.087 -0.131 -0.078 -0.041 -0.051  0.066 -0.039  0.027  0.050
  0.031  0.003  0.046 -0.090 -0.251 -0.279 -0.282 -0.271 -0.178 -0.225 -0.256 -0.258 -0.295 -0.228 -0.013 -0.055  0.017  0.157  0.330  0.305  0.088 -0.029 -0.110 -0.207 -0.287 -0.270 -0.279 -0.270 -0.288 -0.279 -0.226 -0.209 -0.199 -0.148 -0.167 -0.162 -0.174 -0.224 -0.140 -0.110 -0.165 -0.116 -0.108 -0.166 -0.226 -0.181 -0.095 -0.190 -0.148 -0.075 -0.042 -0.173 -0.029  0.128  0.317  0.525  0.653  0.630  0.752  1.000  0.732  0.383  0.239  0.148  0.202  0.039 -0.049 -0.132 -0.219 -0.188 -0.123 -0.093  0.113  0.121  0.156  0.163
  0.133  0.131  0.153 -0.045 -0.269 -0.307 -0.321 -0.322 -0.241 -0.286 -0.301 -0.279 -0.282 -0.171  0.065  0.014  0.086  0.187  0.309  0.242  0.084 -0.055 -0.139 -0.203 -0.256 -0.287 -0.255 -0.206 -0.287 -0.308 -0.200 -0.202 -0.269 -0.203 -0.172 -0.169 -0.159 -0.225 -0.149 -0.122 -0.212 -0.187 -0.187 -0.185 -0.221 -0.167 -0.074 -0.175 -0.183 -0.144 -0.148 -0.233 -0.111  0.021  0.221  0.472  0.482  0.370  0.545  0.732  1.000  0.658  0.416  0.259  0.285  0.065 -0.073 -0.170 -0.261 -0.209 -0.151 -0.115  0.063  0.180  0.173  0.227
  0.237  0.199  0.150 -0.011 -0.213 -0.254 -0.282 -0.277 -0.221 -0.241 -0.243 -0.232 -0.229 -0.109  0.006  0.054  0.082  0.106  0.149  0.060 -0.022 -0.133 -0.190 -0.184 -0.250 -0.328 -0.266 -0.218 -0.309 -0.306 -0.182 -0.174 -0.191 -0.180 -0.154 -0.128 -0.098 -0.171 -0.130 -0.130 -0.208 -0.194 -0.189 -0.144 -0.164 -0.113 -0.052 -0.120 -0.180 -0.167 -0.201 -0.235 -0.142 -0.075  0.021  0.163  0.190  0.122  0.210  0.383  0.658  1.000  0.584  0.239  0.300  0.089 -0.035 -0.163 -0.238 -0.199 -0.140 -0.112  0.115  0.283  0.292  0.202
  0.471  0.523  0.386  0.162 -0.169 -0.232 -0.295 -0.275 -0.262 -0.280 -0.256 -0.203 -0.192  0.015  0.194  0.317  0.282  0.249  0.160  0.019 -0.057 -0.216 -0.287 -0.340 -0.286 -0.290 -0.328 -0.300 -0.282 -0.285 -0.253 -0.266 -0.265 -0.235 -0.212 -0.164 -0.146 -0.233 -0.210 -0.184 -0.266 -0.232 -0.221 -0.219 -0.227 -0.197 -0.149 -0.244 -0.259 -0.282 -0.344 -0.367 -0.278 -0.224 -0.107  0.039  0.092  0.029  0.098  0.239  0.416  0.584  1.000  0.698  0.435  0.216 -0.021 -0.116 -0.247 -0.217 -0.177 -0.091  0.106  0.336  0.326  0.300
  0.330  0.536  0.466  0.337 -0.033 -0.116 -0.232 -0.226 -0.225 -0.246 -0.184 -0.090 -0.087  0.123  0.319  0.275  0.219  0.178  0.095 -0.044 -0.134 -0.287 -0.304 -0.364 -0.315 -0.227 -0.267 -0.263 -0.198 -0.222 -0.211 -0.201 -0.240 -0.182 -0.183 -0.157 -0.142 -0.214 -0.206 -0.171 -0.252 -0.225 -0.199 -0.215 -0.291 -0.262 -0.183 -0.249 -0.247 -0.273 -0.356 -0.384 -0.330 -0.301 -0.191 -0.044  0.038 -0.027  0.044  0.148  0.259  0.239  0.698  1.000  0.677  0.406  0.085 -0.037 -0.207 -0.204 -0.183 -0.089  0.093  0.349  0.273  0.282
  0.032  0.214  0.317  0.375  0.127  0.057 -0.109 -0.135 -0.132 -0.150 -0.074  0.001 -0.079  0.049  0.187 -0.002 -0.038 -0.056 -0.004 -0.114 -0.258 -0.332 -0.294 -0.317 -0.366 -0.261 -0.207 -0.187 -0.130 -0.117 -0.080 -0.047 -0.092 -0.093 -0.102 -0.093 -0.081 -0.140 -0.151 -0.102 -0.171 -0.159 -0.107 -0.132 -0.257 -0.277 -0.223 -0.269 -0.236 -0.176 -0.199 -0.301 -0.240 -0.206 -0.140 -0.034  0.075  0.075  0.128  0.202  0.285  0.300  0.435  0.677  1.000  0.678  0.392  0.118 -0.093 -0.111 -0.102 -0.069  0.104  0.265  0.190  0.109
 -0.037  0.131  0.272  0.492  0.308  0.288  0.052  0.022 -0.029 -0.039  0.049  0.149  0.030  0.089  0.095 -0.043 -0.073 -0.126 -0.092 -0.149 -0.252 -0.307 -0.257 -0.256 -0.293 -0.198 -0.158 -0.148 -0.050 -0.044 -0.051 -0.026 -0.046 -0.070 -0.094 -0.084 -0.070 -0.089 -0.112 -0.085 -0.114 -0.071  0.007 -0.041 -0.156 -0.257 -0.267 -0.254 -0.146 -0.058 -0.064 -0.205 -0.212 -0.192 -0.172 -0.140 -0.046 -0.015  0.018  0.039  0.065  0.089  0.216  0.406  0.678  1.000  0.652  0.267  0.033 -0.022 -0.073 -0.061  0.044  0.150  0.083  0.047
 -0.194 -0.062  0.083  0.314  0.461  0.390  0.212  0.173  0.067  0.032  0.080  0.138  0.030 -0.006 -0.024 -0.174 -0.219 -0.250 -0.190 -0.182 -0.261 -0.244 -0.188 -0.167 -0.252 -0.180 -0.072 -0.078 -0.009  0.057  0.008  0.028  0.054 -0.003 -0.028 -0.001 -0.018 -0.013 -0.012  0.039  0.087  0.169  0.252  0.205  0.054 -0.102 -0.160 -0.171 -0.035  0.042  0.063 -0.086 -0.075 -0.063 -0.141 -0.175 -0.105 -0.018 -0.016 -0.049 -0.073 -0.035 -0.021  0.085  0.392  0.652  1.000  0.587  0.351  0.229  0.097  0.043  0.017 -0.065 -0.068 -0.125
 -0.227 -0.137 -0.078  0.081  0.319  0.366  0.405  0.409  0.183  0.161  0.123  0.084  0.008 -0.073  0.001 -0.159 -0.254 -0.289 -0.232 -0.199 -0.222 -0.167 -0.097 -0.075 -0.182 -0.136  0.052 -0.010 -0.042  0.116  0.085  0.020  0.012  0.036  0.095  0.170  0.150  0.144  0.165  0.266  0.368  0.426  0.518  0.470  0.194  0.004 -0.025 -0.056  0.108  0.121  0.126 -0.000 -0.033 -0.055 -0.165 -0.215 -0.159 -0.092 -0.087 -0.132 -0.170 -0.163 -0.116 -0.037  0.118  0.267  0.587  1.000  0.733  0.527  0.326  0.228 -0.001 -0.192 -0.325 -0.367
 -0.295 -0.239 -0.166 -0.003  0.335  0.392  0.544  0.509  0.244  0.267  0.222  0.137  0.115 -0.024  0.006 -0.193 -0.292 -0.351 -0.305 -0.226 -0.207 -0.111 -0.018  0.059 -0.053 -0.052  0.152  0.115  0.036  0.183  0.182  0.098  0.078  0.097  0.184  0.246  0.219  0.237  0.302  0.426  0.567  0.614  0.569  0.440  0.188  0.018  0.023  0.027  0.166  0.160  0.155  0.087  0.048 -0.012 -0.162 -0.246 -0.234 -0.144 -0.131 -0.219 -0.261 -0.238 -0.247 -0.207 -0.093  0.033  0.351  0.733  1.000  0.767  0.544  0.403  0.013 -0.294 -0.489 -0.528
 -0.264 -0.235 -0.183 -0.059  0.231  0.307  0.484  0.488  0.254  0.269  0.212  0.083  0.078 -0.026  0.023 -0.165 -0.259 -0.321 -0.256 -0.206 -0.180 -0.069  0.042  0.106 -0.030 -0.066  0.136  0.106 -0.012  0.138  0.174  0.069  0.038  0.086  0.201  0.271  0.232  0.242  0.365  0.569  0.663  0.703  0.535  0.383  0.140  0.002 -0.010  0.017  0.154  0.204  0.201  0.159  0.082  0.008 -0.126 -0.186 -0.199 -0.111 -0.078 -0.188 -0.209 -0.199 -0.217 -0.204 -0.111 -0.022  0.229  0.527  0.767  1.000  0.818  0.650  0.157 -0.259 -0.575 -0.635
 -0.252 -0.222 -0.165 -0.078  0.116  0.184  0.353  0.337  0.166  0.188  0.158  0.023  0.023 -0.041  0.057 -0.156 -0.235 -0.279 -0.201 -0.162 -0.159 -0.071  0.054  0.109 -0.021 -0.050  0.138  0.129 -0.010  0.129  0.203  0.098  0.050  0.115  0.231  0.308  0.277  0.268  0.460  0.688  0.672  0.605  0.385  0.253  0.062 -0.003 -0.012  0.015  0.095  0.136  0.122  0.141  0.058 -0.013 -0.128 -0.156 -0.144 -0.075 -0.041 -0.123 -0.151 -0.140 -0.177 -0.183 -0.102 -0.073  0.097  0.326  0.544  0.818  1.000  0.814  0.330 -0.158 -0.544 -0.648
 -0.162 -0.131 -0.077 -0.017  0.099  0.141  0.265  0.233  0.091  0.120  0.131  0.024  0.061  0.039  0.133 -0.069 -0.135 -0.188 -0.126 -0.125 -0.146 -0.097  0.001  0.029 -0.053 -0.071  0.070  0.063 -0.053  0.074  0.124  0.045 -0.003  0.056  0.135  0.208  0.204  0.195  0.455  0.672  0.583  0.552  0.332  0.200  0.009 -0.025 -0.045 -0.011  0.047  0.073  0.027  0.057  0.011 -0.060 -0.149 -0.138 -0.105 -0.089 -0.051 -0.093 -0.115 -0.112 -0.091 -0.089 -0.069 -0.061  0.043  0.228  0.403  0.650  0.814  1.000  0.536 -0.001 -0.475 -0.603
 -0.007 -0.013 -0.017 -0.026 -0.079 -0.100 -0.095 -0.067 -0.058 -0.106 -0.126 -0.132 -0.161 -0.067 -0.025 -0.045 -0.072 -0.038  0.071  0.038 -0.087 -0.127 -0.112 -0.138 -0.185 -0.181 -0.174 -0.178 -0.226 -0.155 -0.109 -0.147 -0.153 -0.104 -0.084  0.005  0.054 -0.036  0.150  0.287  0.140  0.115  0.042 -0.002 -0.032 -0.038 -0.087 -0.061 -0.084 -0.036 -0.097 -0.123 -0.077 -0.057 -0.051 -0.015  0.089  0.067  0.066  0.113  0.063  0.115  0.106  0.093  0.104  0.044  0.017 -0.001  0.013  0.157  0.330  0.536  1.000  0.515  0.005 -0.248
  0.303  0.317  0.245  0.218 -0.078 -0.103 -0.221 -0.233 -0.194 -0.188 -0.121 -0.050 -0.056  0.128  0.126  0.174  0.140  0.179  0.121 -0.019 -0.123 -0.265 -0.298 -0.350 -0.311 -0.263 -0.376 -0.346 -0.289 -0.313 -0.276 -0.221 -0.219 -0.224 -0.247 -0.247 -0.202 -0.293 -0.266 -0.212 -0.328 -0.332 -0.308 -0.251 -0.159 -0.118 -0.136 -0.149 -0.248 -0.246 -0.355 -0.373 -0.315 -0.305 -0.162 -0.051  0.049 -0.050 -0.039  0.121  0.180  0.283  0.336  0.349  0.265  0.150 -0.065 -0.192 -0.294 -0.259 -0.158 -0.001  0.515  1.000  0.545  0.184
  0.338  0.308  0.225  0.130 -0.134 -0.207 -0.383 -0.369 -0.241 -0.271 -0.201 -0.069 -0.095  0.032 -0.075  0.153  0.175  0.259  0.196  0.143  0.049 -0.138 -0.233 -0.343 -0.234 -0.181 -0.411 -0.343 -0.176 -0.320 -0.366 -0.207 -0.110 -0.250 -0.334 -0.393 -0.399 -0.431 -0.541 -0.613 -0.649 -0.585 -0.453 -0.351 -0.142 -0.116 -0.169 -0.209 -0.312 -0.282 -0.319 -0.336 -0.271 -0.156 -0.001  0.063  0.142  0.083  0.027  0.156  0.173  0.292  0.326  0.273  0.190  0.083 -0.068 -0.325 -0.489 -0.575 -0.544 -0.475  0.005  0.545  1.000  0.623
