  0.000  3.832  6.639 10.239 13.169 16.562 19.607 22.704 24.936 22.848 19.877 16.271 13.924 10.443  8.334  5.525  5.446  5.824  7.636 10.774 10.701 13.751 14.600 16.884 14.216 12.511 16.141 16.649 13.907 15.788 18.937 17.963 17.081 19.870 22.300 22.442 23.683 21.709 24.861 25.189 21.782 21.390 18.140 18.900 17.209 19.484 22.532 22.018 21.471 18.690 20.178 19.285 19.420 17.322 13.703 11.019 12.003 15.603 15.324 13.457 10.696  8.655  5.774  7.642 10.098 12.583 13.853 17.402 18.737 22.477 24.337 27.466 30.066 32.542 35.106 37.184
  3.832  0.000  3.827  6.830 10.096 13.244 16.393 19.521 21.493 19.314 16.262 12.609 10.498  6.973  5.862  4.754  6.353  8.446 10.035 13.203 12.284 14.636 14.511 16.791 14.362 11.799 14.986 15.865 12.754 13.820 17.283 16.475 14.897 17.348 20.181 20.312 22.046 20.418 23.554 23.350 19.890 19.595 16.394 17.121 15.650 18.032 20.903 20.822 20.307 17.988 19.968 19.248 20.119 18.186 14.931 11.918 13.734 16.944 15.876 14.380 10.949  9.070  5.702  5.403  8.040  9.808 11.475 14.778 16.147 19.930 21.834 25.195 27.683 30.316 32.823 34.884
  6.639  3.827  0.000  3.819  6.708  9.990 13.164 16.129 18.421 16.585 13.951 10.302  8.562  6.045  5.350  6.247  6.866  9.325 10.030 13.035 11.614 13.036 12.048 14.609 12.872  9.686 12.528 14.198 11.477 11.773 15.484 15.496 13.848 15.648 18.422 17.947 19.628 17.823 20.677 20.250 16.647 16.049 12.751 13.365 12.069 14.687 17.328 17.276 16.727 14.678 16.991 16.618 17.996 16.079 13.291 10.125 12.656 15.264 13.605 12.764  9.031  8.231  6.007  4.897  5.592  6.503  7.693 11.017 12.517 16.310 18.450 21.788 24.449 27.185 29.707 31.820
 10.239  6.830  3.819  0.000  3.818  6.457  9.832 12.771 14.780 12.929 10.361  6.666  5.817  4.695  6.184  8.755 10.038 12.909 13.536 16.319 14.462 15.166 13.300 15.610 14.362 10.688 12.526 14.596 11.877 10.945 14.765 15.160 12.837 13.867 16.979 16.353 18.547 17.202 19.846 18.747 15.193 14.684 11.661 12.163 11.372 13.982 16.165 16.657 16.156 14.861 17.591 17.463 19.528 17.903 15.693 12.646 15.540 17.610 15.374 15.011 11.216 10.820  8.948  6.368  6.054  4.665  6.137  8.607 10.122 13.848 16.060 19.626 22.135 25.044 27.470 29.552
 13.169 10.096  6.708  3.818  0.000  3.824  6.505  9.632 12.087 10.404  8.494  5.599  5.061  6.332  7.514 10.748 11.537 14.568 15.028 17.196 14.774 14.554 11.914 13.827 13.272  9.429 10.181 12.763 10.665  8.728 12.421 13.640 11.443 11.604 14.439 13.245 15.424 14.178 16.548 15.143 11.623 11.247  8.649  9.687 10.036 13.111 14.483 14.781 13.769 12.878 15.596 15.480 18.125 17.005 15.531 13.032 16.433 17.801 15.419 15.980 12.441 13.116 12.029  9.853  8.396  5.604  4.744  5.799  6.446 10.149 12.262 15.837 18.367 21.312 23.769 25.902
 16.562 13.244  9.990  6.457  3.824  0.000  3.828  6.375  8.500  7.276  6.221  4.325  6.311  8.757 10.897 14.301 15.328 18.320 18.564 20.787 18.415 17.855 14.840 16.619 16.555 12.761 12.719 15.488 13.671 10.971 14.259 15.819 13.222 12.391 15.313 13.856 16.394 15.636 17.447 15.283 12.059 11.510  9.530  9.866 10.573 13.062 13.833 14.890 14.262 14.376 17.419 17.768 20.775 19.730 18.666 16.162 19.475 20.488 17.679 18.371 14.967 15.651 14.754 12.018 10.208  6.572  6.054  4.920  5.765  8.739 11.126 14.806 17.158 20.304 22.559 24.615
 19.607 16.393 13.164  9.832  6.505  3.828  0.000  3.836  6.133  4.961  5.505  6.042  7.790 11.134 13.017 16.640 17.591 20.730 21.104 22.854 20.085 18.987 15.639 16.707 17.092 13.573 12.418 15.132 13.911 10.510 13.048 15.154 12.713 10.841 13.311 11.472 14.147 13.977 15.365 12.650  9.992 10.086  9.419 10.413 12.293 14.889 14.730 15.553 14.368 14.944 17.638 17.812 21.206 20.773 20.282 18.331 21.879 22.477 19.780 21.042 17.864 18.997 18.262 15.715 13.825 10.173  8.698  6.131  4.698  6.282  7.936 11.655 13.673 16.845 19.041 21.104
 22.704 19.521 16.129 12.771  9.632  6.375  3.836  0.000  3.861  5.442  7.870  9.041 11.448 14.670 16.638 20.170 20.889 23.798 23.740 25.485 22.891 21.439 17.865 19.053 19.997 16.588 15.182 18.181 17.393 13.935 16.129 18.579 16.296 14.026 16.075 13.796 16.129 15.958 16.526 13.414 11.201 10.601 10.474 10.530 12.591 14.478 13.564 14.924 14.199 15.706 18.594 19.375 22.919 22.432 22.363 20.449 23.846 23.998 20.985 22.455 19.581 20.944 20.662 18.062 15.693 11.901 10.381  6.929  6.094  5.752  7.881 11.024 13.029 16.306 18.238 20.209
 24.936 21.493 18.421 14.780 12.087  8.500  6.133  3.861  0.000  3.839  7.332  9.662 12.643 16.049 18.576 22.237 23.461 26.576 26.785 28.704 26.069 24.843 21.355 22.384 23.056 19.613 18.178 20.817 19.728 16.142 18.116 20.216 17.523 14.980 17.223 15.465 18.243 18.710 19.313 15.942 14.244 14.141 14.207 14.244 16.034 17.593 16.723 18.439 17.913 19.477 22.345 22.997 26.553 26.110 25.885 23.828 27.198 27.558 24.502 25.721 22.689 23.655 23.000 20.010 18.054 14.274 13.494 10.369  9.681  9.149 10.325 13.184 14.342 17.449 18.992 20.702
 22.848 19.314 16.585 12.929 10.404  7.276  4.961  5.442  3.839  0.000  3.809  6.937  9.639 13.233 15.910 19.656 21.291 24.666 25.376 27.305 24.495 23.637 20.396 21.189 21.304 17.858 16.565 18.728 17.202 13.664 15.673 17.285 14.285 11.891 14.567 13.474 16.728 17.506 18.774 15.621 13.803 14.426 14.260 15.023 16.721 18.831 18.522 19.856 18.932 19.800 22.472 22.554 25.992 25.665 25.072 22.996 26.484 27.272 24.499 25.504 22.182 22.840 21.657 18.604 17.242 13.612 13.083 10.616  9.506  9.938 10.562 13.895 14.863 17.861 19.580 21.328
 19.877 16.262 13.951 10.361  8.494  6.221  5.505  7.870  7.332  3.809  0.000  3.829  6.377  9.858 12.828 16.540 18.589 22.098 23.183 25.281 22.518 22.190 19.326 20.204 19.675 16.158 15.457 17.235 15.063 11.907 14.344 15.258 11.885 10.280 13.609 13.230 16.703 17.351 19.321 16.645 14.416 15.244 14.426 15.478 16.693 19.088 19.476 20.611 19.624 19.814 22.432 22.156 25.311 24.832 23.734 21.471 24.902 26.175 23.627 24.236 20.674 20.888 19.206 16.090 15.373 12.104 12.150 10.722  9.939 11.578 12.317 15.948 17.097 20.007 21.922 23.718
 16.271 12.609 10.302  6.666  5.599  4.325  6.042  9.041  9.662  6.937  3.829  0.000  3.829  6.656  9.831 13.401 15.441 18.829 19.841 22.214 19.734 19.795 17.217 18.601 17.751 14.054 14.211 16.118 13.544 11.004 14.181 14.813 11.527 11.036 14.570 14.178 17.330 17.260 19.586 17.426 14.560 14.897 13.182 14.020 14.542 17.000 18.055 19.106 18.339 18.059 20.818 20.599 23.432 22.537 21.026 18.452 21.708 23.285 20.786 21.022 17.347 17.270 15.438 12.308 11.811  8.845  9.492  9.182  9.349 12.067 13.541 17.320 19.055 22.032 24.169 26.085
 13.924 10.498  8.562  5.817  5.061  6.311  7.790 11.448 12.643  9.639  6.377  3.829  0.000  3.844  6.487 10.204 12.416 16.034 17.566 19.668 16.959 17.310 15.136 16.177 14.775 11.280 11.753 13.075 10.108  8.090 11.419 11.524  8.345  8.846 12.406 12.510 15.507 15.346 18.210 16.638 13.755 14.607 12.837 14.460 15.072 18.048 19.332 19.707 18.428 17.415 19.684 18.847 21.412 20.749 19.010 16.720 20.068 21.902 19.928 20.182 16.493 16.433 14.316 11.773 11.816  9.568  9.754 10.285  9.841 12.927 13.916 17.607 19.340 22.081 24.393 26.367
 10.443  6.973  6.045  4.695  6.332  8.757 11.134 14.670 16.049 13.233  9.858  6.656  3.844  0.000  3.820  7.016  9.761 13.291 15.133 17.554 15.254 16.408 14.966 16.364 14.310 11.022 12.659 13.586 10.134  9.534 13.017 12.373  9.621 11.375 14.759 15.179 17.781 17.163 20.315 19.295 16.191 16.748 14.380 15.791 15.634 18.506 20.437 20.673 19.613 18.035 20.204 19.252 21.244 20.200 17.845 15.290 18.255 20.646 18.991 18.636 14.892 14.174 11.497  9.223 10.310  9.306 10.297 12.074 12.360 15.837 17.115 20.727 22.674 25.343 27.723 29.708
  8.334  5.862  5.350  6.184  7.514 10.897 13.017 16.638 18.576 15.910 12.828  9.831  6.487  3.820  0.000  3.812  6.266  9.988 12.247 14.269 11.808 13.281 12.437 13.659 11.115  8.266 10.616 11.064  7.560  8.313 11.665 10.793  9.106 11.641 14.382 14.793 16.739 15.655 19.047 18.734 15.636 16.284 13.860 15.718 15.591 18.763 20.788 20.368 18.942 16.720 18.337 16.928 18.482 17.572 15.031 12.883 15.837 18.351 17.299 17.067 13.576 13.168 10.699  9.696 10.768 10.523 10.740 13.022 13.013 16.545 17.637 20.962 23.060 25.508 28.023 30.065
  5.525  4.754  6.247  8.755 10.748 14.301 16.640 20.170 22.237 19.656 16.540 13.401 10.204  7.016  3.812  0.000  3.829  7.160 10.110 12.142 10.269 12.731 12.986 14.301 11.208  9.305 12.435 12.322  9.052 11.048 13.969 12.614 11.718 14.758 17.113 17.696 19.168 17.752 21.221 21.444 18.366 18.842 16.207 17.925 17.320 20.322 22.723 22.036 20.712 18.008 19.251 17.657 18.442 17.304 14.235 12.216 14.517 17.528 17.122 16.389 13.237 12.361  9.684  9.880 11.670 12.578 13.040 15.881 16.167 19.747 20.908 24.056 26.256 28.567 31.118 33.155
  5.446  6.353  6.866 10.038 11.537 15.328 17.591 20.889 23.461 21.291 18.589 15.441 12.416  9.761  6.266  3.829  0.000  3.822  6.699  8.379  6.566  9.352 10.262 11.873  8.893  7.619 11.307 11.435  9.093 11.556 14.301 13.566 13.505 16.317 18.118 18.129 18.892 16.803 20.063 20.803 17.665 17.755 15.000 16.689 15.971 18.993 21.410 20.220 18.803 15.691 16.530 14.910 15.188 13.877 10.646  8.976 11.163 14.120 14.211 13.693 11.036 10.848  9.184 10.555 11.564 12.862 12.644 15.725 16.079 19.566 20.873 23.693 26.183 28.390 31.019 33.119
  5.824  8.446  9.325 12.909 14.568 18.320 20.730 23.798 26.576 24.666 22.098 18.829 16.034 13.291  9.988  7.160  3.822  0.000  3.877  5.443  5.393  8.997 11.025 12.919 10.225  9.918 13.719 13.859 12.211 14.899 17.402 16.787 17.127 19.927 21.464 21.275 21.583 19.086 22.097 23.240 20.109 19.791 16.892 18.208 17.033 19.692 22.344 20.883 19.705 16.309 16.775 15.329 14.697 12.938  9.295  7.987  8.936 12.246 13.149 12.203 10.428 10.200  9.309 11.876 12.833 14.884 14.694 18.041 18.729 22.141 23.646 26.232 28.914 31.039 33.678 35.788
  7.636 10.035 10.030 13.536 15.028 18.564 21.104 23.740 26.785 25.376 23.183 19.841 17.566 15.133 12.247 10.110  6.699  3.877  0.000  3.840  5.539  8.343 10.325 13.012 11.318 10.874 14.557 15.495 14.403 16.596 19.258 19.306 19.593 21.950 23.440 22.667 22.723 19.784 22.331 23.502 20.215 19.201 16.052 16.743 15.095 17.340 20.124 18.538 17.770 14.381 14.953 14.241 13.310 10.746  6.928  5.206  5.166  8.708  9.778  8.621  7.608  8.031  8.629 11.765 11.892 14.281 13.910 17.378 18.543 21.836 23.765 26.168 29.158 31.362 33.996 36.146
 10.774 13.203 13.035 16.319 17.196 20.787 22.854 25.485 28.704 27.305 25.281 22.214 19.668 17.554 14.269 12.142  8.379  5.443  3.840  0.000  3.838  6.527  9.654 11.617 10.096 10.953 14.320 14.794 14.517 17.114 19.152 19.303 20.315 22.675 23.569 22.730 22.177 19.046 21.438 23.188 20.265 19.469 16.804 17.948 16.846 19.272 21.629 19.458 18.184 14.497 14.067 12.795 11.033  9.005  5.530  6.223  5.987  8.408 10.656 10.501 10.359 11.569 12.412 15.394 15.239 17.196 16.150 19.248 19.858 22.815 24.354 26.344 29.253 31.147 33.779 35.902
 10.701 12.284 11.614 14.462 14.774 18.415 20.085 22.891 26.069 24.495 22.518 19.734 16.959 15.254 11.808 10.269  6.566  5.393  5.539  3.838  0.000  3.841  6.835  8.294  6.323  7.369 10.672 10.974 10.852 13.503 15.365 15.633 16.824 19.092 19.810 19.004 18.448 15.444 18.070 19.802 16.992 16.667 14.316 16.128 15.732 18.716 20.691 18.474 16.624 12.926 12.428 10.470  9.483  8.365  5.386  6.249  8.084  9.936 11.391 12.036 10.970 12.507 12.809 15.030 14.701 15.899 14.390 17.123 17.145 20.017 21.193 23.192 25.931 27.766 30.424 32.552
 13.751 14.636 13.036 15.166 14.554 17.855 18.987 21.439 24.843 23.637 22.190 19.795 17.310 16.408 13.281 12.731  9.352  8.997  8.343  6.527  3.841  0.000  3.833  5.226  5.112  6.529  8.831  9.814 10.834 12.829 14.339 15.493 16.931 18.545 18.809 17.374 16.292 12.887 15.016 16.994 14.370 13.857 11.954 13.995 14.230 17.344 18.726 16.082 13.776 10.036  8.904  6.675  5.898  5.431  4.113  6.346  8.851  9.211 10.435 12.279 11.524 14.002 14.886 16.686 15.520 16.033 13.702 15.815 15.437 17.811 18.852 20.419 23.253 24.961 27.615 29.768
 14.600 14.511 12.048 13.300 11.914 14.840 15.639 17.865 21.355 20.396 19.326 17.217 15.136 14.966 12.437 12.986 10.262 11.025 10.325  9.654  6.835  3.833  0.000  3.844  5.372  4.950  6.320  8.666  9.831 10.702 12.473 14.377 15.388 16.339 16.700 14.737 13.842 10.326 12.258 13.755 10.848 10.080  8.187 10.530 11.388 14.795 15.751 13.198 10.571  7.061  6.625  4.779  6.358  6.079  5.939  6.855 10.272 10.147 10.023 12.424 11.113 13.949 14.862 15.889 14.107 13.799 10.897 12.446 11.815 14.029 15.190 16.822 19.806 21.720 24.408 26.628
 16.884 16.791 14.609 15.610 13.827 16.619 16.707 19.053 22.384 21.189 20.204 18.601 16.177 16.364 13.659 14.301 11.873 12.919 13.012 11.617  8.294  5.226  3.844  0.000  3.847  5.433  5.095  6.297  8.801  9.942 10.523 12.576 14.420 15.276 14.814 12.967 11.348  7.821  9.949 12.190 10.112 10.512  9.920 13.002 14.599 18.107 18.585 15.889 12.715  9.616  8.102  4.673  6.355  8.090  8.689 10.381 13.540 13.308 13.651 16.136 14.873 17.515 18.041 18.908 17.412 16.766 13.747 14.682 13.099 14.743 14.938 16.107 18.653 20.116 22.800 24.967
 14.216 14.362 12.872 14.362 13.272 16.555 17.092 19.997 23.056 21.304 19.675 17.751 14.775 14.310 11.115 11.208  8.893 10.225 11.318 10.096  6.323  5.112  5.372  3.847  0.000  3.862  5.384  4.912  6.312  8.774  9.652 10.566 12.481 14.230 14.174 13.265 12.340  9.553 12.552 14.447 12.210 13.052 11.898 14.931 16.007 19.593 20.639 18.329 15.509 12.257 11.371  8.235  8.982  9.972  9.083 10.206 13.287 14.104 14.672 16.358 14.653 16.587 16.427 17.395 16.661 16.417 14.048 15.590 14.231 16.506 16.704 18.428 20.738 22.298 24.979 27.094
 12.511 11.799  9.686 10.688  9.429 12.761 13.573 16.588 19.613 17.858 16.158 14.054 11.280 11.022  8.266  9.305  7.619  9.918 10.874 10.953  7.369  6.529  4.950  5.433  3.862  0.000  3.849  5.399  5.106  6.459  8.746  9.959 10.702 12.207 13.023 11.905 11.951  9.376 12.493 13.406 10.463 11.013  9.238 12.165 13.153 16.843 18.019 16.227 13.703 10.807 11.155  8.967 10.717 10.778  9.501  9.217 12.830 13.920 13.512 14.985 12.593 14.371 13.982 14.334 13.406 12.775 10.464 12.064 10.941 13.690 14.372 16.697 19.205 21.237 23.952 26.137
 16.141 14.986 12.528 12.526 10.181 12.719 12.418 15.182 18.178 16.565 15.457 14.211 11.753 12.659 10.616 12.435 11.307 13.719 14.557 14.320 10.672  8.831  6.320  5.095  5.384  3.849  0.000  3.840  5.405  5.064  6.272  8.797  9.902 10.366 10.403  8.623  8.248  5.617  8.866  9.740  7.198  8.699  8.258 11.864 13.897 17.669 18.064 16.180 13.115 10.855 10.893  8.491 11.169 12.178 12.012 12.210 15.913 16.328 15.682 17.739 15.470 17.570 17.310 17.174 15.847 14.389 11.511 11.890  9.645 11.554 11.435 13.412 15.708 17.577 20.332 22.547
 16.649 15.865 14.198 14.596 12.763 15.488 15.132 18.181 20.817 18.728 17.235 16.118 13.075 13.586 11.064 12.322 11.435 13.859 15.495 14.794 10.974  9.814  8.666  6.297  4.912  5.399  3.840  0.000  3.844  5.416  4.908  6.346  8.749 10.020  9.395  8.832  8.184  6.546 10.215 11.633 10.046 12.225 12.081 15.675 17.542 21.312 21.859 19.909 16.796 14.311 13.771 10.680 12.552 14.070 13.630 14.246 17.679 18.447 18.398 20.188 17.958 19.683 18.982 19.047 18.371 17.239 14.790 15.401 13.069 14.863 14.118 15.865 17.555 18.972 21.625 23.692
 13.907 12.754 11.477 11.877 10.665 13.671 13.911 17.393 19.728 17.202 15.063 13.544 10.108 10.134  7.560  9.052  9.093 12.211 14.403 14.517 10.852 10.834  9.831  8.801  6.312  5.106  5.405  3.844  0.000  3.855  5.325  5.067  6.249  8.588  9.353  9.661 10.466  9.470 13.216 13.807 11.646 13.564 12.636 15.888 17.229 20.955 21.978 20.546 17.898 15.445 15.701 13.087 14.870 15.559 14.238 13.932 17.361 18.833 18.490 19.629 16.887 17.943 16.602 16.342 16.234 15.241 13.503 14.569 12.723 15.210 14.919 17.388 19.091 20.884 23.496 25.539
 15.788 13.820 11.773 10.945  8.728 10.971 10.510 13.935 16.142 13.664 11.907 11.004  8.090  9.534  8.313 11.048 11.556 14.899 16.596 17.114 13.503 12.829 10.702  9.942  8.774  6.459  5.064  5.416  3.855  0.000  3.847  5.440  5.076  5.772  7.072  6.709  8.500  8.108 11.601 11.222  8.988 11.231 10.751 14.064 15.916 19.621 20.209 19.140 16.502 14.774 15.567 13.495 16.093 16.750 15.879 15.209 18.922 20.047 19.030 20.421 17.461 18.692 17.458 16.470 15.853 13.997 12.002 12.169  9.771 11.976 11.477 14.226 15.845 17.906 20.520 22.618
 18.937 17.283 15.484 14.765 12.421 14.259 13.048 16.129 18.116 15.673 14.344 14.181 11.419 13.017 11.665 13.969 14.301 17.402 19.258 19.152 15.365 14.339 12.473 10.523  9.652  8.746  6.272  4.908  5.325  3.847  0.000  3.843  5.571  5.572  4.548  4.776  5.883  6.685 10.212 10.286  9.345 12.459 13.002 16.626 18.932 22.665 22.858 21.480 18.437 16.774 16.860 14.275 16.809 18.250 17.875 17.893 21.548 22.384 21.723 23.438 20.748 22.189 21.049 20.240 19.628 17.737 15.498 15.239 12.281 13.577 12.028 14.016 14.970 16.431 18.977 20.975
 17.963 16.475 15.496 15.160 13.640 15.819 15.154 18.579 20.216 17.285 15.258 14.813 11.524 12.373 10.793 12.614 13.566 16.787 19.306 19.303 15.633 15.493 14.377 12.576 10.566  9.959  8.797  6.346  5.067  5.440  3.843  0.000  3.845  6.028  5.828  7.968  9.368 10.273 13.877 14.091 13.047 15.940 15.944 19.397 21.229 24.950 25.582 24.336 21.493 19.505 19.621 16.838 18.848 20.092 19.114 18.962 22.400 23.788 23.384 24.610 21.758 22.645 20.964 20.210 20.320 18.850 17.240 17.545 15.028 16.799 15.477 17.687 18.449 19.821 22.209 24.043
 17.081 14.897 13.848 12.837 11.443 13.222 12.713 16.296 17.523 14.285 11.885 11.527  8.345  9.621  9.106 11.718 13.505 17.127 19.593 20.315 16.824 16.931 15.388 14.420 12.481 10.702  9.902  8.749  6.249  5.076  5.571  3.845  0.000  3.829  6.098  8.277 10.954 11.986 15.436 14.769 13.254 15.866 15.510 18.588 20.213 23.779 24.535 23.837 21.386 19.754 20.588 18.346 20.671 21.365 20.094 19.221 22.733 24.352 23.429 24.344 21.118 21.632 19.622 18.243 18.504 16.749 15.645 15.834 13.598 15.639 14.680 17.477 18.282 20.096 22.419 24.261
 19.870 17.348 15.648 13.867 11.604 12.391 10.841 14.026 14.980 11.891 10.280 11.036  8.846 11.375 11.641 14.758 16.317 19.927 21.950 22.675 19.092 18.545 16.339 15.276 14.230 12.207 10.366 10.020  8.588  5.772  5.572  6.028  3.829  0.000  3.853  5.686  9.186 11.002 13.891 12.474 11.455 14.391 14.745 17.820 19.971 23.449 23.665 23.141 20.619 19.604 20.584 18.651 21.489 22.370 21.615 20.773 24.483 25.666 24.378 25.660 22.457 23.311 21.611 19.876 19.566 17.158 15.691 14.955 12.164 13.438 11.913 14.607 15.022 16.876 19.115 20.956
 22.300 20.181 18.422 16.979 14.439 15.313 13.311 16.075 17.223 14.567 13.609 14.570 12.406 14.759 14.382 17.113 18.118 21.464 23.440 23.569 19.810 18.809 16.700 14.814 14.174 13.023 10.403  9.395  9.353  7.072  4.548  5.828  6.098  3.853  0.000  3.824  6.556  9.296 11.935 10.983 11.035 14.543 15.673 19.111 21.685 25.266 25.126 24.158 21.211 20.161 20.502 18.194 20.993 22.502 22.242 22.039 25.762 26.585 25.618 27.310 24.417 25.673 24.278 22.912 22.372 20.008 18.015 17.063 13.799 14.369 12.040 13.860 13.784 15.008 17.237 19.025
 22.442 20.312 17.947 16.353 13.245 13.856 11.472 13.796 15.465 13.474 13.230 14.178 12.510 15.179 14.793 17.696 18.129 21.275 22.667 22.730 19.004 17.374 14.737 12.967 13.265 11.905  8.623  8.832  9.661  6.709  4.776  7.968  8.277  5.686  3.824  0.000  3.896  6.480  8.638  7.249  7.424 11.060 12.706 16.173 19.104 22.626 22.112 21.015 17.955 17.242 17.602 15.635 18.798 20.344 20.562 20.474 24.271 24.625 23.453 25.518 22.840 24.553 23.675 22.379 21.221 18.620 16.097 14.691 11.120 11.154  8.611 10.236 10.589 12.116 14.664 16.744
 23.683 22.046 19.628 18.547 15.424 16.394 14.147 16.129 18.243 16.728 16.703 17.330 15.507 17.781 16.739 19.168 18.892 21.583 22.723 22.177 18.448 16.292 13.842 11.348 12.340 11.951  8.248  8.184 10.466  8.500  5.883  9.368 10.954  9.186  6.556  3.896  0.000  3.891  5.626  5.750  7.005 10.697 12.883 16.546 19.674 23.218 22.481 20.801 17.366 16.462 16.025 13.716 16.729 18.864 19.647 20.257 23.930 23.847 23.073 25.534 23.311 25.451 24.999 24.209 22.812 20.469 17.504 16.219 12.629 12.282  9.620 10.084 10.564 11.407 14.066 16.172
 21.709 20.418 17.823 17.202 14.178 15.636 13.977 15.958 18.710 17.506 17.351 17.260 15.346 17.163 15.655 17.752 16.803 19.086 19.784 19.046 15.444 12.887 10.326  7.821  9.553  9.376  5.617  6.546  9.470  8.108  6.685 10.273 11.986 11.002  9.296  6.480  3.891  0.000  3.842  5.529  5.381  8.375 10.250 13.987 16.985 20.558 19.955 17.876 14.312 13.011 12.281  9.876 12.953 15.080 16.092 16.959 20.545 20.211 19.583 22.227 20.311 22.759 22.729 22.360 20.702 18.679 15.425 14.541 11.309 11.389  9.680 10.249 11.874 13.049 15.821 18.042
 24.861 23.554 20.677 19.846 16.548 17.447 15.365 16.526 19.313 18.774 19.321 19.586 18.210 20.315 19.047 21.221 20.063 22.097 22.331 21.438 18.070 15.016 12.258  9.949 12.552 12.493  8.866 10.215 13.216 11.601 10.212 13.877 15.436 13.891 11.935  8.638  5.626  3.842  0.000  3.843  5.576  8.028 10.960 14.316 17.702 20.963 19.711 17.466 13.784 13.219 12.172 10.400 13.629 16.016 17.777 18.905 22.348 21.399 20.654 23.702 22.149 24.951 25.340 24.961 22.873 20.645 17.115 15.652 12.360 11.330  9.280  8.439 10.018 10.730 13.462 15.746
 25.189 23.350 20.250 18.747 15.143 15.283 12.650 13.414 15.942 15.621 16.645 17.426 16.638 19.295 18.734 21.444 20.803 23.240 23.502 23.188 19.802 16.994 13.755 12.190 14.447 13.406  9.740 11.633 13.807 11.222 10.286 14.091 14.769 12.474 10.983  7.249  5.750  5.529  3.843  0.000  3.834  6.798 10.157 13.272 16.891 20.024 18.527 16.911 13.542 13.743 13.694 12.635 16.230 18.034 19.490 19.945 23.569 22.793 21.447 24.326 22.408 25.020 25.230 24.302 22.101 19.380 15.976 13.830 10.238  8.496  5.769  4.959  6.676  8.257 11.233 13.726
 21.782 19.890 16.647 15.193 11.623 12.059  9.992 11.201 14.244 13.803 14.416 14.560 13.755 16.191 15.636 18.366 17.665 20.109 20.215 20.265 16.992 14.370 10.848 10.112 12.210 10.463  7.198 10.046 11.646  8.988  9.345 13.047 13.254 11.455 11.035  7.424  7.005  5.381  5.576  3.834  0.000  3.820  6.552  9.911 13.372 16.691 15.618 14.104 10.856 10.767 11.404 10.629 14.373 15.533 16.578 16.588 20.280 19.731 18.140 20.826 18.736 21.279 21.515 20.590 18.316 15.665 12.214 10.321  6.858  6.132  4.983  6.313  9.117 11.414 14.270 16.700
 21.390 19.595 16.049 14.684 11.247 11.510 10.086 10.601 14.141 14.426 15.244 14.897 14.607 16.748 16.284 18.842 17.755 19.791 19.201 19.469 16.667 13.857 10.080 10.512 13.052 11.013  8.699 12.225 13.564 11.231 12.459 15.940 15.866 14.391 14.543 11.060 10.697  8.375  8.028  6.798  3.820  0.000  3.828  6.558 10.219 13.305 11.993 10.359  7.178  7.758  9.131  9.621 13.405 13.895 15.165 14.940 18.429 17.483 15.484 18.350 16.563 19.414 20.215 19.428 16.627 14.056 10.351  8.336  5.816  5.130  6.240  7.449 10.980 13.489 16.149 18.524
 18.140 16.394 12.751 11.661  8.649  9.530  9.419 10.474 14.207 14.260 14.426 13.182 12.837 14.380 13.860 16.207 15.000 16.892 16.052 16.804 14.316 11.954  8.187  9.920 11.898  9.238  8.258 12.081 12.636 10.751 13.002 15.944 15.510 14.745 15.673 12.706 12.883 10.250 10.960 10.157  6.552  3.828  0.000  3.820  6.914 10.415 10.045  8.580  5.996  5.723  8.292  9.185 12.596 12.115 12.679 11.763 15.256 14.673 12.348 14.882 12.862 15.643 16.538 15.860 12.947 10.653  6.859  5.786  4.781  6.415  8.819 10.914 14.373 17.042 19.648 21.956
 18.900 17.121 13.365 12.163  9.687  9.866 10.413 10.530 14.244 15.023 15.478 14.020 14.460 15.791 15.718 17.925 16.689 18.208 16.743 17.948 16.128 13.995 10.530 13.002 14.931 12.165 11.864 15.675 15.888 14.064 16.626 19.397 18.588 17.820 19.111 16.173 16.546 13.987 14.316 13.272  9.911  6.558  3.820  0.000  3.823  6.832  6.308  5.486  4.536  5.773  9.346 11.438 14.419 13.126 13.631 12.149 15.124 14.281 11.235 13.609 11.867 14.703 16.141 15.373 11.910  9.672  6.215  5.042  6.297  7.653 10.974 12.932 16.495 19.307 21.705 23.924
 17.209 15.650 12.069 11.372 10.036 10.573 12.293 12.591 16.034 16.721 16.693 14.542 15.072 15.634 15.591 17.320 15.971 17.033 15.095 16.846 15.732 14.230 11.388 14.599 16.007 13.153 13.897 17.542 17.229 15.916 18.932 21.229 20.213 19.971 21.685 19.104 19.674 16.985 17.702 16.891 13.372 10.219  6.914  3.823  0.000  3.849  5.509  5.519  6.556  6.941 10.730 13.068 15.331 13.135 12.942 10.695 13.098 12.555  9.016 10.702  8.998 11.695 13.576 13.045  9.325  7.920  5.446  6.193  8.944 11.015 14.492 16.679 20.191 23.041 25.396 27.563
 19.484 18.032 14.687 13.982 13.111 13.062 14.889 14.478 17.593 18.831 19.088 17.000 18.048 18.506 18.763 20.322 18.993 19.692 17.340 19.272 18.716 17.344 14.795 18.107 19.593 16.843 17.669 21.312 20.955 19.621 22.665 24.950 23.779 23.449 25.266 22.626 23.218 20.558 20.963 20.024 16.691 13.305 10.415  6.832  3.849  0.000  3.849  5.579  8.429  9.624 13.243 16.098 18.040 15.517 15.424 13.092 14.670 13.832 10.054 11.256 10.326 12.696 15.045 14.529 10.734  9.799  8.480  8.937 12.046 13.611 17.270 19.218 22.713 25.583 27.759 29.835
 22.532 20.903 17.328 16.165 14.483 13.833 14.730 13.564 16.723 18.522 19.476 18.055 19.332 20.437 20.788 22.723 21.410 22.344 20.124 21.629 20.691 18.726 15.751 18.585 20.639 18.019 18.064 21.859 21.978 20.209 22.858 25.582 24.535 23.665 25.126 22.112 22.481 19.955 19.711 18.527 15.618 11.993 10.045  6.308  5.509  3.849  0.000  3.820  6.961  9.567 12.988 16.110 18.470 16.519 17.199 15.470 17.341 15.941 12.381 14.332 13.593 16.245 18.463 17.742 13.929 12.263 10.228  9.267 11.645 12.130 15.690 17.085 20.552 23.326 25.350 27.373
 22.018 20.822 17.276 16.657 14.781 14.890 15.553 14.924 18.439 19.856 20.611 19.106 19.707 20.673 20.368 22.036 20.220 20.883 18.538 19.458 18.474 16.082 13.198 15.889 18.329 16.227 16.180 19.909 20.546 19.140 21.480 24.336 23.837 23.141 24.158 21.015 20.801 17.876 17.466 16.911 14.104 10.359  8.580  5.486  5.519  5.579  3.820  0.000  3.825  6.434  9.505 12.878 15.091 13.326 14.564 13.525 15.440 13.505 10.354 13.118 12.839 16.092 18.533 18.409 14.688 13.349 10.595 10.022 11.613 12.065 15.219 16.222 19.829 22.334 24.492 26.585
 21.471 20.307 16.727 16.156 13.769 14.262 14.368 14.199 17.913 18.932 19.624 18.339 18.428 19.613 18.942 20.712 18.803 19.705 17.770 18.184 16.624 13.776 10.571 12.715 15.509 13.703 13.115 16.796 17.898 16.502 18.437 21.493 21.386 20.619 21.211 17.955 17.366 14.312 13.784 13.542 10.856  7.178  5.996  4.536  6.556  8.429  6.961  3.825  0.000  3.828  6.567  9.658 12.379 11.379 13.065 12.679 15.188 13.258 10.725 13.976 13.384 16.827 18.892 18.836 15.365 13.764 10.332  9.510  9.901 10.138 12.736 13.509 17.147 19.486 21.804 23.984
 18.690 17.988 14.678 14.861 12.878 14.376 14.944 15.706 19.477 19.800 19.814 18.059 17.415 18.035 16.720 18.008 15.691 16.309 14.381 14.497 12.926 10.036  7.061  9.616 12.257 10.807 10.855 14.311 15.445 14.774 16.774 19.505 19.754 19.604 20.161 17.242 16.462 13.011 13.219 13.743 10.767  7.758  5.723  5.773  6.941  9.624  9.567  6.434  3.828  0.000  3.838  6.649  9.076  7.803  9.343  9.304 11.993 10.229  8.264 11.682 11.110 14.700 16.719 17.218 14.115 13.150  9.724 10.111 10.379 11.594 13.839 14.957 18.505 20.711 23.206 25.432
 20.178 19.968 16.991 17.591 15.596 17.419 17.638 18.594 22.345 22.472 22.432 20.818 19.684 20.204 18.337 19.251 16.530 16.775 14.953 14.067 12.428  8.904  6.625  8.102 11.371 11.155 10.893 13.771 15.701 15.567 16.860 19.621 20.588 20.584 20.502 17.602 16.025 12.281 12.172 13.694 11.404  9.131  8.292  9.346 10.730 13.243 12.988  9.505  6.567  3.838  0.000  3.839  5.935  5.855  8.699 10.183 12.552 10.299  9.701 13.363 13.366 17.012 19.017 19.962 17.199 16.497 13.066 13.478 13.021 13.846 15.286 15.766 19.086 20.791 23.269 25.451
 19.285 19.248 16.618 17.463 15.480 17.768 17.812 19.375 22.997 22.554 22.156 20.599 18.847 19.252 16.928 17.657 14.910 15.329 14.241 12.795 10.470  6.675  4.779  4.673  8.235  8.967  8.491 10.680 13.087 13.495 14.275 16.838 18.346 18.651 18.194 15.635 13.716  9.876 10.400 12.635 10.629  9.621  9.185 11.438 13.068 16.098 16.110 12.878  9.658  6.649  3.839  0.000  3.851  5.689  8.155 10.297 12.995 11.471 11.659 14.915 14.493 17.807 19.236 20.264 18.043 17.384 14.011 14.616 13.477 14.524 15.233 15.788 18.755 20.204 22.783 24.959
 19.420 20.119 17.996 19.528 18.125 20.775 21.206 22.919 26.553 25.992 25.311 23.432 21.412 21.244 18.482 18.442 15.188 14.697 13.310 11.033  9.483  5.898  6.358  6.355  8.982 10.717 11.169 12.552 14.870 16.093 16.809 18.848 20.671 21.489 20.993 18.798 16.729 12.953 13.629 16.230 14.373 13.405 12.596 14.419 15.331 18.040 18.470 15.091 12.379  9.076  5.935  3.851  0.000  3.810  6.754 10.016 11.776 10.032 11.457 14.499 14.811 18.050 19.712 21.401 19.479 19.512 16.492 17.691 16.947 18.254 19.036 19.555 22.434 23.699 26.205 28.300
 17.322 18.186 16.079 17.903 17.005 19.730 20.773 22.432 26.110 25.665 24.832 22.537 20.749 20.200 17.572 17.304 13.877 12.938 10.746  9.005  8.365  5.431  6.079  8.090  9.972 10.778 12.178 14.070 15.559 16.750 18.250 20.092 21.365 22.370 22.502 20.344 18.864 15.080 16.016 18.034 15.533 13.895 12.115 13.126 13.135 15.517 16.519 13.326 11.379  7.803  5.855  5.689  3.810  0.000  3.834  6.946  8.282  6.273  7.811 10.784 11.478 14.817 16.899 18.865 16.848 17.370 14.705 16.461 16.544 18.327 19.815 20.802 23.974 25.634 28.169 30.312
 13.703 14.931 13.291 15.693 15.531 18.666 20.282 22.363 25.885 25.072 23.734 21.026 19.010 17.845 15.031 14.235 10.646  9.295  6.928  5.530  5.386  4.113  5.939  8.689  9.083  9.501 12.012 13.630 14.238 15.879 17.875 19.114 20.094 21.615 22.242 20.562 19.647 16.092 17.777 19.490 16.578 15.165 12.679 13.631 12.942 15.424 17.199 14.564 13.065  9.343  8.699  8.155  6.754  3.834  0.000  3.825  5.257  5.139  6.921  8.720  8.952 11.795 13.602 15.917 14.431 15.560 13.532 16.035 16.535 18.998 20.699 22.291 25.439 27.341 29.947 32.114
 11.019 11.918 10.125 12.646 13.032 16.162 18.331 20.449 23.828 22.996 21.471 18.452 16.720 15.290 12.883 12.216  8.976  7.987  5.206  6.223  6.249  6.346  6.855 10.381 10.206  9.217 12.210 14.246 13.932 15.209 17.893 18.962 19.221 20.773 22.039 20.474 20.257 16.959 18.905 19.945 16.588 14.940 11.763 12.149 10.695 13.092 15.470 13.525 12.679  9.304 10.183 10.297 10.016  6.946  3.825  0.000  3.855  5.485  5.467  6.195  5.332  8.111  9.988 12.245 10.724 12.225 10.771 13.814 15.004 17.931 20.106 22.216 25.452 27.708 30.324 32.519
 12.003 13.734 12.656 15.540 16.433 19.475 21.879 23.846 27.198 26.484 24.902 21.708 20.068 18.255 15.837 14.517 11.163  8.936  5.166  5.987  8.084  8.851 10.272 13.540 13.287 12.830 15.913 17.679 17.361 18.922 21.548 22.400 22.733 24.483 25.762 24.271 23.930 20.545 22.348 23.569 20.280 18.429 15.256 15.124 13.098 14.670 17.341 15.440 15.188 11.993 12.552 12.995 11.776  8.282  5.257  3.855  0.000  3.859  5.436  4.683  5.944  8.107 10.658 13.688 12.508 14.761 13.863 17.050 18.597 21.468 23.788 25.785 29.084 31.294 33.869 36.036
 15.603 16.944 15.264 17.610 17.801 20.488 22.477 23.998 27.558 27.272 26.175 23.285 21.902 20.646 18.351 17.528 14.120 12.246  8.708  8.408  9.936  9.211 10.147 13.308 14.104 13.920 16.328 18.447 18.833 20.047 22.384 23.788 24.352 25.666 26.585 24.625 23.847 20.211 21.399 22.793 19.731 17.483 14.673 14.281 12.555 13.832 15.941 13.505 13.258 10.229 10.299 11.471 10.032  6.273  5.139  5.485  3.859  0.000  3.836  5.450  7.807 10.879 13.852 16.475 14.566 16.230 14.649 17.262 18.652 20.997 23.320 24.840 28.246 30.313 32.820 34.971
 15.324 15.876 13.605 15.374 15.419 17.679 19.780 20.985 24.502 24.499 23.627 20.786 19.928 18.991 17.299 17.122 14.211 13.149  9.778 10.656 11.391 10.435 10.023 13.651 14.672 13.512 15.682 18.398 18.490 19.030 21.723 23.384 23.429 24.378 25.618 23.453 23.073 19.583 20.654 21.447 18.140 15.484 12.348 11.235  9.016 10.054 12.381 10.354 10.725  8.264  9.701 11.659 11.457  7.811  6.921  5.467  5.436  3.836  0.000  3.854  5.608  9.227 12.452 14.440 11.895 13.245 11.681 14.186 16.053 18.407 21.132 22.852 26.367 28.695 31.172 33.342
 13.457 14.380 12.764 15.011 15.980 18.371 21.042 22.455 25.721 25.504 24.236 21.022 20.182 18.636 17.067 16.389 13.693 12.203  8.621 10.501 12.036 12.279 12.424 16.136 16.358 14.985 17.739 20.188 19.629 20.421 23.438 24.610 24.344 25.660 27.310 25.518 25.534 22.227 23.702 24.326 20.826 18.350 14.882 13.609 10.702 11.256 14.332 13.118 13.976 11.682 13.363 14.915 14.499 10.784  8.720  6.195  4.683  5.450  3.854  0.000  3.841  6.405 10.008 12.521 10.565 12.917 12.458 15.564 17.911 20.695 23.582 25.687 29.153 31.631 34.119 36.281
 10.696 10.949  9.031 11.216 12.441 14.967 17.864 19.581 22.689 22.182 20.674 17.347 16.493 14.892 13.576 13.237 11.036 10.428  7.608 10.359 10.970 11.524 11.113 14.873 14.653 12.593 15.470 17.958 16.887 17.461 20.748 21.758 21.118 22.457 24.417 22.840 23.311 20.311 22.149 22.408 18.736 16.563 12.862 11.867  8.998 10.326 13.593 12.839 13.384 11.110 13.366 14.493 14.811 11.478  8.952  5.332  5.944  7.807  5.608  3.841  0.000  3.831  6.946  9.000  6.978  9.401  9.289 12.761 15.186 18.336 21.215 23.718 27.067 29.697 32.222 34.400
  8.655  9.070  8.231 10.820 13.116 15.651 18.997 20.944 23.655 22.840 20.888 17.270 16.433 14.174 13.168 12.361 10.848 10.200  8.031 11.569 12.507 14.002 13.949 17.515 16.587 14.371 17.570 19.683 17.943 18.692 22.189 22.645 21.632 23.311 25.673 24.553 25.451 22.759 24.951 25.020 21.279 19.414 15.643 14.703 11.695 12.696 16.245 16.092 16.827 14.700 17.012 17.807 18.050 14.817 11.795  8.111  8.107 10.879  9.227  6.405  3.831  0.000  3.838  6.576  5.999  9.511 10.776 14.498 17.137 20.572 23.452 26.287 29.489 32.222 34.728 36.872
  5.774  5.702  6.007  8.948 12.029 14.754 18.262 20.662 23.000 21.657 19.206 15.438 14.316 11.497 10.699  9.684  9.184  9.309  8.629 12.412 12.809 14.886 14.862 18.041 16.427 13.982 17.310 18.982 16.602 17.458 21.049 20.964 19.622 21.611 24.278 23.675 24.999 22.729 25.340 25.230 21.515 20.215 16.538 16.141 13.576 15.045 18.463 18.533 18.892 16.719 19.017 19.236 19.712 16.899 13.602  9.988 10.658 13.852 12.452 10.008  6.946  3.838  0.000  3.845  5.577  9.083 11.069 14.823 17.195 20.880 23.493 26.639 29.585 32.347 34.855 36.970
  7.642  5.403  4.897  6.368  9.853 12.018 15.715 18.062 20.010 18.604 16.090 12.308 11.773  9.223  9.696  9.880 10.555 11.876 11.765 15.394 15.030 16.686 15.889 18.908 17.395 14.334 17.174 19.047 16.342 16.470 20.240 20.210 18.243 19.876 22.912 22.379 24.209 22.360 24.961 24.302 20.590 19.428 15.860 15.373 13.045 14.529 17.742 18.409 18.836 17.218 19.962 20.264 21.401 18.865 15.917 12.245 13.688 16.475 14.440 12.521  9.000  6.576  3.845  0.000  3.844  6.643  9.560 12.969 15.481 19.174 21.835 25.228 28.008 30.921 33.344 35.417
 10.098  8.040  5.592  6.054  8.396 10.208 13.825 15.693 18.054 17.242 15.373 11.811 11.816 10.310 10.768 11.670 11.564 12.833 11.892 15.239 14.701 15.520 14.107 17.412 16.661 13.406 15.847 18.371 16.234 15.853 19.628 20.320 18.504 19.566 22.372 21.221 22.812 20.702 22.873 22.101 18.316 16.627 12.947 11.910  9.325 10.734 13.929 14.688 15.365 14.115 17.199 18.043 19.479 16.848 14.431 10.724 12.508 14.566 11.895 10.565  6.978  5.999  5.577  3.844  0.000  3.829  6.490  9.960 12.919 16.442 19.449 22.663 25.671 28.641 31.055 33.166
 12.583  9.808  6.503  4.665  5.604  6.572 10.173 11.901 14.274 13.612 12.104  8.845  9.568  9.306 10.523 12.578 12.862 14.884 14.281 17.196 15.899 16.033 13.799 16.766 16.417 12.775 14.389 17.239 15.241 13.997 17.737 18.850 16.749 17.158 20.008 18.620 20.469 18.679 20.645 19.380 15.665 14.056 10.653  9.672  7.920  9.799 12.263 13.349 13.764 13.150 16.497 17.384 19.512 17.370 15.560 12.225 14.761 16.230 13.245 12.917  9.401  9.511  9.083  6.643  3.829  0.000  3.819  6.587  9.643 13.081 16.142 19.472 22.381 25.451 27.810 29.911
 13.853 11.475  7.693  6.137  4.744  6.054  8.698 10.381 13.494 13.083 12.150  9.492  9.754 10.297 10.740 13.040 12.644 14.694 13.910 16.150 14.390 13.702 10.897 13.747 14.048 10.464 11.511 14.790 13.503 12.002 15.498 17.240 15.645 15.691 18.015 16.097 17.504 15.425 17.115 15.976 12.214 10.351  6.859  6.215  5.446  8.480 10.228 10.595 10.332  9.724 13.066 14.011 16.492 14.705 13.532 10.771 13.863 14.649 11.681 12.458  9.289 10.776 11.069  9.560  6.490  3.819  0.000  3.832  6.614 10.053 13.144 16.241 19.356 22.351 24.805 26.985
 17.402 14.778 11.017  8.607  5.799  4.920  6.131  6.929 10.369 10.616 10.722  9.182 10.285 12.074 13.022 15.881 15.725 18.041 17.378 19.248 17.123 15.815 12.446 14.682 15.590 12.064 11.890 15.401 14.569 12.169 15.239 17.545 15.834 14.955 17.063 14.691 16.219 14.541 15.652 13.830 10.321  8.336  5.786  5.042  6.193  8.937  9.267 10.022  9.510 10.111 13.478 14.616 17.691 16.461 16.035 13.814 17.050 17.262 14.186 15.564 12.761 14.498 14.823 12.969  9.960  6.587  3.832  0.000  3.822  6.679 10.101 13.191 16.274 19.404 21.762 23.934
 18.737 16.147 12.517 10.122  6.446  5.765  4.698  6.094  9.681  9.506  9.939  9.349  9.841 12.360 13.013 16.167 16.079 18.729 18.543 19.858 17.145 15.437 11.815 13.099 14.231 10.941  9.645 13.069 12.723  9.771 12.281 15.028 13.598 12.164 13.799 11.120 12.629 11.309 12.360 10.238  6.858  5.816  4.781  6.297  8.944 12.046 11.645 11.613  9.901 10.379 13.021 13.477 16.947 16.544 16.535 15.004 18.597 18.652 16.053 17.911 15.186 17.137 17.195 15.481 12.919  9.643  6.614  3.822  0.000  3.817  6.581  9.889 12.856 15.942 18.433 20.687
 22.477 19.930 16.310 13.848 10.149  8.739  6.282  5.752  9.149  9.938 11.578 12.067 12.927 15.837 16.545 19.747 19.566 22.141 21.836 22.815 20.017 17.811 14.029 14.743 16.506 13.690 11.554 14.863 15.210 11.976 13.577 16.799 15.639 13.438 14.369 11.154 12.282 11.389 11.330  8.496  6.132  5.130  6.415  7.653 11.015 13.611 12.130 12.065 10.138 11.594 13.846 14.524 18.254 18.327 18.998 17.931 21.468 20.997 18.407 20.695 18.336 20.572 20.880 19.174 16.442 13.081 10.053  6.679  3.817  0.000  3.821  6.644  9.744 12.936 15.346 17.632
 24.337 21.834 18.450 16.060 12.262 11.126  7.936  7.881 10.325 10.562 12.317 13.541 13.916 17.115 17.637 20.908 20.873 23.646 23.765 24.354 21.193 18.852 15.190 14.938 16.704 14.372 11.435 14.118 14.919 11.477 12.028 15.477 14.680 11.913 12.040  8.611  9.620  9.680  9.280  5.769  4.983  6.240  8.819 10.974 14.492 17.270 15.690 15.219 12.736 13.839 15.286 15.233 19.036 19.815 20.699 20.106 23.788 23.320 21.132 23.582 21.215 23.452 23.493 21.835 19.449 16.142 13.144 10.101  6.581  3.821  0.000  3.822  6.380  9.560 12.161 14.571
 27.466 25.195 21.788 19.626 15.837 14.806 11.655 11.024 13.184 13.895 15.948 17.320 17.607 20.727 20.962 24.056 23.693 26.232 26.168 26.344 23.192 20.419 16.822 16.107 18.428 16.697 13.412 15.865 17.388 14.226 14.016 17.687 17.477 14.607 13.860 10.236 10.084 10.249  8.439  4.959  6.313  7.449 10.914 12.932 16.679 19.218 17.085 16.222 13.509 14.957 15.766 15.788 19.555 20.802 22.291 22.216 25.785 24.840 22.852 25.687 23.718 26.287 26.639 25.228 22.663 19.472 16.241 13.191  9.889  6.644  3.822  0.000  3.830  6.714  9.419 11.967
 30.066 27.683 24.449 22.135 18.367 17.158 13.673 13.029 14.342 14.863 17.097 19.055 19.340 22.674 23.060 26.256 26.183 28.914 29.158 29.253 25.931 23.253 19.806 18.653 20.738 19.205 15.708 17.555 19.091 15.845 14.970 18.449 18.282 15.022 13.784 10.589 10.564 11.874 10.018  6.676  9.117 10.980 14.373 16.495 20.191 22.713 20.552 19.829 17.147 18.505 19.086 18.755 22.434 23.974 25.439 25.452 29.084 28.246 26.367 29.153 27.067 29.489 29.585 28.008 25.671 22.381 19.356 16.274 12.856  9.744  6.380  3.830  0.000  3.833  6.378  8.993
 32.542 30.316 27.185 25.044 21.312 20.304 16.845 16.306 17.449 17.861 20.007 22.032 22.081 25.343 25.508 28.567 28.390 31.039 31.362 31.147 27.766 24.961 21.720 20.116 22.298 21.237 17.577 18.972 20.884 17.906 16.431 19.821 20.096 16.876 15.008 12.116 11.407 13.049 10.730  8.257 11.414 13.489 17.042 19.307 23.041 25.583 23.326 22.334 19.486 20.711 20.791 20.204 23.699 25.634 27.341 27.708 31.294 30.313 28.695 31.631 29.697 32.222 32.347 30.921 28.641 25.451 22.351 19.404 15.942 12.936  9.560  6.714  3.833  0.000  3.847  6.790
 35.106 32.823 29.707 27.470 23.769 22.559 19.041 18.238 18.992 19.580 21.922 24.169 24.393 27.723 28.023 31.118 31.019 33.678 33.996 33.779 30.424 27.615 24.408 22.800 24.979 23.952 20.332 21.625 23.496 20.520 18.977 22.209 22.419 19.115 17.237 14.664 14.066 15.821 13.462 11.233 14.270 16.149 19.648 21.705 25.396 27.759 25.350 24.492 21.804 23.206 23.269 22.783 26.205 28.169 29.947 30.324 33.869 32.820 31.172 34.119 32.222 34.728 34.855 33.344 31.055 27.810 24.805 21.762 18.433 15.346 12.161  9.419  6.378  3.847  0.000  3.810
