  0.000  3.832  6.698 10.294 13.216 16.649 19.747 23.028 24.713 22.592 19.836 16.215 13.897 10.410  8.330  5.522  5.453  5.837  7.613 10.767 10.711 13.727 14.540 16.830 14.180 12.449 16.074 16.629 13.913 15.758 18.936 18.038 17.153 19.880 22.326 22.453 23.585 21.535 24.691 25.079 21.685 21.221 18.013 18.777 17.025 19.261 22.343 21.850 21.309 18.574 20.121 19.248 19.395 17.271 13.662 10.960 11.940 15.537 15.232 13.346 10.570  8.477  5.715  7.680 10.032 12.593 13.877 17.411 18.761 22.469 24.458 27.410 30.300 31.774 34.007 35.542
  3.832  0.000  3.827  6.854 10.089 13.299 16.489 19.771 21.237 19.000 16.182 12.520 10.433  6.913  5.801  4.686  6.300  8.421  9.994 13.164 12.248 14.558 14.395 16.665 14.259 11.672 14.850 15.772 12.689 13.726 17.212 16.475 14.906 17.298 20.138 20.266 21.896 20.197 23.353 23.210 19.758 19.414 16.225 16.954 15.431 17.773 20.683 20.616 20.103 17.831 19.858 19.139 20.025 18.083 14.850 11.829 13.652 16.851 15.762 14.264 10.820  8.942  5.650  5.464  7.980  9.809 11.449 14.740 16.134 19.914 21.960 25.166 27.942 29.451 31.692 33.213
  6.698  3.827  0.000  3.818  6.725 10.032 13.271 16.444 18.256 16.321 13.900 10.257  8.541  6.038  5.389  6.321  6.995  9.463 10.133 13.157 11.761 13.128 12.083 14.640 12.949  9.733 12.533 14.261 11.570 11.796 15.524 15.605 13.936 15.649 18.455 17.982 19.590 17.734 20.603 20.208 16.606 15.953 12.647 13.226 11.860 14.415 17.107 17.097 16.575 14.605 16.986 16.629 18.035 16.106 13.355 10.167 12.680 15.270 13.565 12.707  8.958  8.153  5.978  4.855  5.441  6.438  7.660 10.978 12.536 16.315 18.598 21.795 24.684 26.307 28.534 30.065
 10.294  6.854  3.818  0.000  3.821  6.507  9.929 13.051 14.640 12.634 10.290  6.631  5.785  4.708  6.199  8.792 10.127 13.020 13.644 16.437 14.595 15.256 13.351 15.630 14.419 10.733 12.522 14.625 11.929 10.941 14.761 15.201 12.860 13.810 16.953 16.357 18.500 17.126 19.806 18.736 15.187 14.668 11.608 12.073 11.239 13.775 16.004 16.534 16.054 14.840 17.612 17.471 19.562 17.946 15.776 12.723 15.601 17.657 15.395 15.025 11.233 10.859  8.982  6.395  6.042  4.686  6.128  8.584 10.171 13.917 16.272 19.729 22.438 24.096 26.297 27.797
 13.216 10.089  6.725  3.821  0.000  3.823  6.613  9.935 11.898 10.304  8.524  5.700  5.061  6.362  7.508 10.772 11.620 14.680 15.148 17.332 14.923 14.672 12.006 13.872 13.351  9.513 10.202 12.799 10.719  8.723 12.397 13.644 11.420 11.494 14.372 13.224 15.379 14.131 16.546 15.153 11.645 11.290  8.655  9.654  9.981 12.986 14.398 14.730 13.733 12.923 15.664 15.514 18.180 17.082 15.647 13.143 16.527 17.887 15.492 16.042 12.501 13.189 12.090  9.890  8.401  5.658  4.757  5.780  6.508 10.238 12.479 15.968 18.669 20.372 22.629 24.205
 16.649 13.299 10.032  6.507  3.823  0.000  3.831  6.653  8.500  7.113  6.223  4.546  6.326  8.823 10.901 14.334 15.412 18.443 18.710 20.932 18.554 17.955 14.915 16.622 16.594 12.814 12.693 15.458 13.666 10.906 14.147 15.728 13.109 12.175 15.129 13.737 16.284 15.554 17.425 15.270 12.065 11.611  9.568  9.884 10.620 13.034 13.822 14.890 14.255 14.444 17.476 17.763 20.800 19.804 18.789 16.301 19.606 20.608 17.802 18.502 15.109 15.830 14.888 12.134 10.342  6.739  6.116  4.937  5.827  8.863 11.335 14.973 17.400 19.144 21.251 22.716
 19.747 16.489 13.271  9.929  6.613  3.831  0.000  3.837  5.838  5.381  5.774  6.383  7.958 11.299 13.133 16.769 17.767 20.930 21.312 23.081 20.325 19.203 15.847 16.862 17.281 13.782 12.578 15.273 14.066 10.635 13.108 15.206 12.735 10.764 13.268 11.517 14.231 14.111 15.550 12.835 10.210 10.393  9.622 10.528 12.399 14.894 14.763 15.624 14.473 15.126 17.812 17.937 21.344 20.943 20.493 18.536 22.064 22.655 19.949 21.200 18.027 19.177 18.409 15.829 13.935 10.312  8.791  6.183  4.919  6.604  8.365 12.064 14.141 15.850 17.997 19.536
 23.028 19.771 16.444 13.051  9.935  6.653  3.837  0.000  3.853  5.597  7.765  9.254 11.482 14.790 16.759 20.344 21.211 24.218 24.282 26.032 23.387 21.954 18.401 19.426 20.322 16.953 15.438 18.297 17.480 13.943 15.980 18.363 15.999 13.547 15.632 13.544 16.058 16.123 16.818 13.668 11.589 11.366 11.193 11.350 13.430 15.276 14.424 15.760 14.980 16.466 19.256 19.855 23.421 23.047 22.985 21.091 24.498 24.705 21.742 23.179 20.266 21.594 21.151 18.467 16.235 12.467 10.975  7.619  6.711  6.542  8.348 11.575 13.283 15.006 16.845 18.212
 24.713 21.237 18.256 14.640 11.898  8.500  5.838  3.853  0.000  3.840  6.775  9.453 12.057 15.582 18.023 21.729 23.103 26.346 26.765 28.626 25.880 24.692 21.260 22.043 22.602 19.238 17.678 20.090 18.962 15.328 17.101 19.073 16.330 13.636 15.903 14.444 17.439 18.165 19.013 15.686 14.085 14.472 14.476 14.818 16.707 18.426 17.705 19.220 18.474 19.860 22.562 22.902 26.462 26.194 25.950 23.969 27.399 27.858 24.937 26.151 23.048 24.002 23.127 20.132 18.387 14.660 13.772 10.789  9.845  9.671 10.550 13.619 14.607 16.036 17.724 18.956
 22.592 19.000 16.321 12.634 10.304  7.113  5.381  5.597  3.840  0.000  3.811  6.821  9.603 13.077 15.810 19.513 21.243 24.616 25.329 27.368 24.645 23.869 20.673 21.534 21.592 18.110 16.955 19.104 17.463 14.011 16.101 17.572 14.482 12.204 15.015 14.120 17.423 18.143 19.562 16.502 14.568 15.169 14.653 15.220 16.711 18.647 18.529 19.977 19.204 20.085 22.824 22.892 26.284 25.880 25.219 23.036 26.450 27.315 24.509 25.384 22.033 22.600 21.316 18.183 16.911 13.341 12.966 10.651  9.969 10.829 11.798 15.209 16.388 17.738 19.549 20.802
 19.836 16.182 13.900 10.290  8.524  6.223  5.774  7.765  6.775  3.811  0.000  3.834  6.453  9.871 12.859 16.541 18.659 22.175 23.272 25.425 22.710 22.406 19.558 20.435 19.898 16.375 15.715 17.481 15.266 12.155 14.600 15.435 12.020 10.459 13.836 13.596 17.075 17.702 19.761 17.129 14.866 15.712 14.702 15.639 16.752 19.020 19.521 20.719 19.807 20.041 22.691 22.384 25.522 25.023 23.913 21.602 24.990 26.298 23.734 24.275 20.701 20.877 19.121 15.972 15.318 12.105 12.185 10.813 10.276 12.158 13.157 16.808 18.222 19.563 21.582 22.947
 16.215 12.520 10.257  6.631  5.700  4.546  6.383  9.254  9.453  6.821  3.834  0.000  3.826  6.603  9.797 13.343 15.470 18.878 19.924 22.333 19.884 19.967 17.409 18.758 17.891 14.202 14.373 16.246 13.637 11.127 14.291 14.858 11.536 11.059 14.638 14.380 17.524 17.449 19.864 17.752 14.886 15.273 13.436 14.214 14.658 17.012 18.165 19.252 18.525 18.281 21.054 20.782 23.601 22.709 21.190 18.591 21.811 23.424 20.928 21.107 17.424 17.310 15.392 12.245 11.840  8.963  9.626  9.381  9.706 12.571 14.220 17.961 19.925 21.418 23.543 24.967
 13.897 10.433  8.541  5.785  5.061  6.326  7.958 11.482 12.057  9.603  6.453  3.826  0.000  3.843  6.467 10.174 12.429 16.056 17.597 19.721 17.036 17.377 15.195 16.207 14.823 11.327 11.792 13.118 10.150  8.137 11.465 11.557  8.372  8.859 12.440 12.616 15.564 15.374 18.294 16.756 13.874 14.730 12.889 14.462 15.015 17.913 19.272 19.679 18.429 17.465 19.761 18.891 21.451 20.789 19.064 16.756 20.086 21.929 19.945 20.170 16.471 16.400 14.269 11.745 11.780  9.610  9.760 10.295  9.976 13.181 14.382 18.012 20.087 21.492 23.796 25.363
 10.410  6.913  6.038  4.708  6.362  8.823 11.299 14.790 15.582 13.077  9.871  6.603  3.843  0.000  3.819  6.981  9.760 13.292 15.134 17.573 15.298 16.434 14.978 16.353 14.319 11.022 12.653 13.601 10.159  9.555 13.053 12.431  9.693 11.417 14.808 15.266 17.791 17.119 20.316 19.341 16.238 16.775 14.366 15.743 15.522 18.324 20.324 20.590 19.552 18.024 20.230 19.259 21.248 20.196 17.856 15.287 18.236 20.631 18.963 18.582 14.829 14.099 11.425  9.204 10.265  9.349 10.306 12.086 12.463 16.018 17.491 21.012 23.312 24.722 27.021 28.572
  8.330  5.801  5.389  6.199  7.508 10.901 13.133 16.759 18.023 15.810 12.859  9.797  6.467  3.819  0.000  3.814  6.262  9.984 12.223 14.262 11.817 13.254 12.375 13.584 11.073  8.193 10.536 11.032  7.554  8.276 11.661 10.855  9.182 11.659 14.408 14.816 16.662 15.510 18.927 18.655 15.562 16.160 13.745 15.591 15.408 18.534 20.614 20.219 18.805 16.628 18.291 16.876 18.431 17.509 14.989 12.823 15.781 18.287 17.216 16.971 13.460 13.045 10.644  9.701 10.673 10.520 10.702 12.967 13.014 16.585 17.855 21.063 23.542 24.909 27.278 28.914
  5.522  4.686  6.321  8.792 10.772 14.334 16.769 20.344 21.729 19.513 16.541 13.343 10.174  6.981  3.814  0.000  3.827  7.153 10.083 12.135 10.279 12.712 12.932 14.244 11.173  9.236 12.368 12.303  9.053 11.020 13.979 12.696 11.801 14.788 17.155 17.725 19.088 17.597 21.078 21.350 18.283 18.693 16.097 17.813 17.147 20.110 22.560 21.900 20.585 17.923 19.221 17.634 18.420 17.259 14.200 12.159 14.466 17.475 17.046 16.295 13.117 12.208  9.625  9.897 11.581 12.585 13.038 15.858 16.180 19.769 21.092 24.098 26.682 28.007 30.350 31.973
  5.453  6.300  6.995 10.127 11.620 15.412 17.767 21.211 23.103 21.243 18.659 15.470 12.429  9.760  6.262  3.827  0.000  3.823  6.685  8.382  6.580  9.337 10.218 11.826  8.857  7.560 11.250 11.416  9.101 11.536 14.303 13.637 13.574 16.331 18.150 18.144 18.790 16.629 19.890 20.685 17.568 17.581 14.907 16.618 15.849 18.852 21.303 20.132 18.710 15.629 16.518 14.905 15.180 13.848 10.624  8.940 11.140 14.093 14.170 13.638 10.955 10.729  9.201 10.624 11.511 12.913 12.704 15.756 16.111 19.560 20.982 23.630 26.449 27.813 30.123 31.767
  5.837  8.421  9.463 13.020 14.680 18.443 20.930 24.218 26.346 24.616 22.175 18.878 16.056 13.292  9.984  7.153  3.823  0.000  3.878  5.445  5.399  8.988 10.996 12.889 10.192  9.876 13.675 13.842 12.219 14.884 17.401 16.853 17.190 19.938 21.493 21.284 21.470 18.904 21.903 23.109 20.008 19.605 16.816 18.171 16.953 19.606 22.275 20.829 19.635 16.263 16.778 15.345 14.713 12.932  9.289  7.977  8.941 12.247 13.141 12.185 10.387 10.107  9.378 11.975 12.818 14.961 14.800 18.117 18.780 22.119 23.708 26.092 29.056 30.430 32.661 34.267
  7.613  9.994 10.133 13.644 15.148 18.710 21.312 24.282 26.765 25.329 23.272 19.924 17.597 15.134 12.223 10.083  6.685  3.878  0.000  3.840  5.542  8.329 10.293 12.985 11.288 10.842 14.516 15.479 14.415 16.579 19.247 19.361 19.644 21.940 23.453 22.659 22.600 19.598 22.126 23.364 20.105 19.003 15.971 16.711 15.031 17.282 20.063 18.484 17.689 14.321 14.935 14.241 13.316 10.733  6.917  5.197  5.169  8.703  9.771  8.611  7.584  7.961  8.726 11.857 11.881 14.355 14.030 17.474 18.595 21.781 23.758 25.939 29.117 30.610 32.737 34.289
 10.767 13.164 13.157 16.437 17.332 20.932 23.081 26.032 28.626 27.368 25.425 22.333 19.721 17.573 14.262 12.135  8.382  5.445  3.840  0.000  3.837  6.532  9.649 11.622 10.090 10.949 14.308 14.801 14.549 17.120 19.162 19.376 20.381 22.685 23.605 22.736 22.063 18.872 21.227 23.042 20.158 19.260 16.750 17.952 16.823 19.267 21.618 19.458 18.154 14.478 14.089 12.841 11.076  9.025  5.541  6.236  6.024  8.436 10.682 10.522 10.354 11.511 12.508 15.489 15.227 17.279 16.284 19.358 19.913 22.749 24.316 26.072 29.181 30.545 32.640 34.218
 10.711 12.248 11.761 14.595 14.923 18.554 20.325 23.387 25.880 24.645 22.710 19.884 17.036 15.298 11.817 10.279  6.580  5.399  5.542  3.837  0.000  3.841  6.835  8.291  6.316  7.376 10.668 10.984 10.895 13.521 15.382 15.710 16.898 19.114 19.853 19.019 18.339 15.272 17.865 19.660 16.892 16.468 14.279 16.145 15.719 18.714 20.697 18.491 16.616 12.928 12.466 10.518  9.508  8.372  5.391  6.262  8.111  9.956 11.418 12.054 10.964 12.457 12.906 15.136 14.691 15.998 14.528 17.232 17.206 19.972 21.186 22.971 25.961 27.269 29.453 31.106
 13.727 14.558 13.128 15.256 14.672 17.955 19.203 21.954 24.692 23.869 22.406 19.967 17.377 16.434 13.254 12.712  9.337  8.988  8.329  6.532  3.841  0.000  3.832  5.233  5.117  6.544  8.829  9.824 10.870 12.837 14.337 15.544 16.974 18.533 18.826 17.361 16.168 12.712 14.797 16.830 14.245 13.623 11.909 14.012 14.224 17.359 18.746 16.116 13.782 10.046  8.949  6.726  5.918  5.433  4.111  6.339  8.863  9.225 10.457 12.289 11.504 13.948 14.954 16.747 15.469 16.093 13.805 15.897 15.461 17.710 18.755 20.109 23.143 24.460 26.588 28.259
 14.540 14.395 12.083 13.351 12.006 14.915 15.847 18.401 21.260 20.673 19.558 17.409 15.195 14.978 12.375 12.932 10.218 10.996 10.293  9.649  6.835  3.832  0.000  3.846  5.378  4.970  6.318  8.672  9.857 10.701 12.456 14.402 15.403 16.298 16.696 14.716 13.731 10.174 12.082 13.620 10.736  9.859  8.146 10.546 11.378 14.800 15.771 13.232 10.583  7.083  6.677  4.801  6.343  6.064  5.927  6.827 10.255 10.138 10.024 12.410 11.070 13.887 14.891 15.905 14.021 13.828 10.967 12.510 11.828 13.923 15.086 16.530 19.682 21.146 23.324 25.037
 16.830 16.665 14.640 15.630 13.872 16.622 16.862 19.426 22.043 21.534 20.435 18.758 16.207 16.353 13.584 14.244 11.826 12.889 12.985 11.622  8.291  5.233  3.846  0.000  3.848  5.429  5.074  6.280  8.796  9.912 10.478 12.569 14.398 15.212 14.788 12.913 11.203  7.633  9.730 12.002  9.955 10.260  9.876 13.008 14.581 18.105 18.609 15.939 12.756  9.660  8.190  4.753  6.375  8.102  8.692 10.360 13.542 13.321 13.664 16.131 14.827 17.442 18.057 18.912 17.309 16.771 13.774 14.690 13.057 14.605 14.798 15.807 18.603 19.803 22.028 23.828
 14.180 14.259 12.949 14.419 13.351 16.594 17.281 20.322 22.602 21.592 19.898 17.891 14.823 14.319 11.073 11.173  8.857 10.192 11.288 10.090  6.316  5.117  5.378  3.848  0.000  3.860  5.385  4.923  6.333  8.778  9.658 10.610 12.512 14.228 14.205 13.271 12.236  9.394 12.374 14.307 12.105 12.857 11.869 14.939 15.976 19.566 20.646 18.360 15.533 12.289 11.446  8.310  9.010  9.979  9.080 10.185 13.285 14.110 14.678 16.344 14.602 16.500 16.448 17.427 16.581 16.456 14.107 15.625 14.239 16.452 16.707 18.277 20.924 22.060 24.373 26.161
 12.449 11.672  9.733 10.733  9.513 12.814 13.782 16.953 19.238 18.110 16.375 14.202 11.327 11.022  8.193  9.236  7.560  9.876 10.842 10.949  7.376  6.544  4.970  5.429  3.860  0.000  3.848  5.403  5.118  6.458  8.744  9.985 10.720 12.189 13.041 11.926 11.876  9.254 12.383 13.329 10.408 10.884  9.226 12.176 13.116 16.797 18.018 16.246 13.721 10.845 11.229  9.016 10.732 10.784  9.505  9.199 12.819 13.921 13.515 14.963 12.538 14.287 13.981 14.346 13.321 12.815 10.524 12.110 10.983 13.692 14.461 16.646 19.464 20.829 23.218 25.007
 16.074 14.850 12.533 12.522 10.202 12.693 12.578 15.438 17.678 16.955 15.715 14.373 11.792 12.653 10.536 12.368 11.250 13.675 14.516 14.308 10.668  8.829  6.318  5.074  5.385  3.848  0.000  3.840  5.404  5.050  6.248  8.790  9.882 10.318 10.400  8.625  8.174  5.512  8.783  9.657  7.127  8.563  8.241 11.858 13.849 17.612 18.059 16.197 13.140 10.890 10.957  8.514 11.155 12.162 11.997 12.173 15.885 16.310 15.663 17.699 15.398 17.480 17.288 17.153 15.733 14.386 11.504 11.871  9.623 11.520 11.488 13.374 16.010 17.316 19.796 21.697
 16.629 15.772 14.261 14.625 12.799 15.458 15.273 18.297 20.090 19.104 17.481 16.246 13.118 13.601 11.032 12.303 11.416 13.842 15.479 14.801 10.984  9.824  8.672  6.280  4.923  5.403  3.840  0.000  3.844  5.414  4.905  6.357  8.751 10.012  9.419  8.839  8.090  6.415 10.090 11.510  9.959 12.080 12.064 15.671 17.498 21.259 21.855 19.931 16.824 14.350 13.842 10.730 12.559 14.070 13.631 14.230 17.678 18.451 18.399 20.170 17.905 19.604 18.989 19.067 18.286 17.264 14.803 15.383 13.046 14.841 14.198 15.864 18.004 18.969 21.430 23.314
 13.913 12.689 11.570 11.929 10.719 13.666 14.066 17.480 18.962 17.463 15.266 13.637 10.150 10.159  7.554  9.053  9.101 12.219 14.415 14.549 10.895 10.870  9.857  8.796  6.333  5.118  5.404  3.844  0.000  3.854  5.335  5.092  6.269  8.598  9.383  9.698 10.402  9.371 13.133 13.737 11.605 13.475 12.632 15.886 17.183 20.884 21.961 20.556 17.916 15.488 15.779 13.141 14.897 15.580 14.266 13.944 17.382 18.859 18.509 19.627 16.853 17.882 16.619 16.386 16.180 15.295 13.540 14.572 12.745 15.262 15.121 17.504 19.672 20.744 23.231 25.050
 15.758 13.726 11.796 10.941  8.723 10.906 10.635 13.943 15.328 14.011 12.155 11.127  8.137  9.555  8.276 11.020 11.536 14.884 16.579 17.120 13.521 12.837 10.701  9.912  8.778  6.458  5.050  5.414  3.854  0.000  3.849  5.437  5.065  5.753  7.089  6.761  8.475  8.058 11.581 11.199  8.977 11.186 10.735 14.030 15.838 19.510 20.159 19.113 16.491 14.789 15.608 13.499 16.074 16.732 15.873 15.186 18.903 20.030 19.007 20.379 17.394 18.613 17.433 16.464 15.763 14.005 11.975 12.115  9.762 12.047 11.738 14.439 16.514 17.707 20.271 22.136
 18.936 17.212 15.524 14.761 12.397 14.147 13.108 15.980 17.101 16.101 14.600 14.291 11.465 13.053 11.661 13.979 14.303 17.401 19.247 19.162 15.382 14.337 12.456 10.478  9.658  8.744  6.248  4.905  5.335  3.849  0.000  3.841  5.566  5.571  4.574  4.787  5.819  6.619 10.152 10.187  9.269 12.356 12.959 16.570 18.842 22.548 22.796 21.442 18.415 16.771 16.880 14.263 16.772 18.216 17.858 17.862 21.529 22.359 21.689 23.392 20.676 22.109 21.038 20.245 19.533 17.733 15.447 15.144 12.204 13.575 12.198 14.190 15.704 16.553 19.126 21.049
 18.038 16.475 15.605 15.201 13.644 15.728 15.206 18.363 19.073 17.572 15.435 14.858 11.557 12.431 10.855 12.696 13.637 16.853 19.361 19.376 15.710 15.544 14.402 12.569 10.610  9.985  8.790  6.357  5.092  5.437  3.841  0.000  3.845  6.040  5.827  7.963  9.290 10.196 13.800 13.988 12.981 15.850 15.920 19.361 21.161 24.849 25.532 24.317 21.488 19.532 19.680 16.876 18.869 20.114 19.157 18.990 22.446 23.825 23.405 24.620 21.738 22.610 21.003 20.273 20.281 18.892 17.233 17.479 14.986 16.829 15.691 17.888 19.245 19.947 22.417 24.220
 17.153 14.906 13.936 12.860 11.420 13.109 12.735 15.999 16.330 14.482 12.020 11.536  8.372  9.693  9.182 11.801 13.574 17.190 19.644 20.381 16.898 16.974 15.403 14.398 12.512 10.720  9.882  8.751  6.269  5.065  5.566  3.845  0.000  3.832  6.082  8.290 10.909 11.927 15.396 14.713 13.218 15.817 15.477 18.528 20.119 23.636 24.447 23.781 21.349 19.760 20.623 18.355 20.671 21.370 20.126 19.241 22.764 24.372 23.432 24.337 21.088 21.596 19.643 18.294 18.465 16.780 15.615 15.746 13.561 15.713 14.981 17.770 19.149 20.015 22.481 24.224
 19.880 17.298 15.649 13.810 11.494 12.175 10.764 13.547 13.636 12.204 10.459 11.059  8.859 11.417 11.659 14.788 16.331 19.938 21.940 22.685 19.114 18.533 16.298 15.212 14.228 12.189 10.318 10.012  8.598  5.753  5.571  6.040  3.832  0.000  3.853  5.697  9.175 10.970 13.880 12.425 11.400 14.328 14.656 17.686 19.809 23.233 23.505 23.010 20.514 19.543 20.548 18.588 21.420 22.305 21.581 20.723 24.439 25.608 24.301 25.576 22.356 23.217 21.566 19.850 19.452 17.105 15.562 14.768 12.035 13.463 12.203 14.951 15.969 16.819 19.310 21.091
 22.326 20.138 18.455 16.953 14.372 15.129 13.268 15.632 15.903 15.015 13.836 14.638 12.440 14.808 14.408 17.155 18.150 21.493 23.453 23.605 19.853 18.826 16.696 14.788 14.205 13.041 10.400  9.419  9.383  7.089  4.574  5.827  6.082  3.853  0.000  3.824  6.569  9.317 11.951 10.925 10.990 14.489 15.629 19.029 21.578 25.117 25.031 24.092 21.171 20.151 20.513 18.175 20.960 22.474 22.240 22.021 25.754 26.565 25.582 27.265 24.349 25.605 24.265 22.911 22.279 19.984 17.926 16.914 13.683 14.376 12.263 14.182 14.777 15.326 17.833 19.691
 22.453 20.266 17.982 16.357 13.224 13.737 11.517 13.544 14.444 14.120 13.596 14.380 12.616 15.266 14.816 17.725 18.144 21.284 22.659 22.736 19.019 17.361 14.716 12.913 13.271 11.926  8.625  8.839  9.698  6.761  4.787  7.963  8.290  5.697  3.824  0.000  3.897  6.510  8.658  7.193  7.390 11.024 12.684 16.119 19.031 22.521 22.058 20.973 17.930 17.232 17.589 15.575 18.716 20.282 20.533 20.441 24.242 24.582 23.407 25.469 22.778 24.501 23.678 22.393 21.145 18.623 16.033 14.581 11.026 11.163  8.805 10.531 11.483 12.345 15.054 17.099
 23.585 21.896 19.590 18.500 15.379 16.284 14.231 16.058 17.439 17.423 17.075 17.524 15.564 17.791 16.662 19.088 18.790 21.470 22.600 22.063 18.339 16.168 13.731 11.203 12.236 11.876  8.174  8.090 10.402  8.475  5.819  9.290 10.909  9.175  6.569  3.897  0.000  3.894  5.613  5.666  6.936 10.603 12.838 16.492 19.588 23.124 22.452 20.774 17.349 16.419 15.968 13.594 16.561 18.716 19.517 20.128 23.805 23.718 22.958 25.409 23.170 25.311 24.924 24.152 22.665 20.427 17.413 16.115 12.528 12.251  9.691 10.259 11.299 11.969 14.602 16.710
 21.535 20.197 17.734 17.126 14.131 15.554 14.111 16.123 18.165 18.143 17.702 17.449 15.374 17.119 15.510 17.597 16.629 18.904 19.598 18.872 15.272 12.712 10.174  7.633  9.394  9.254  5.512  6.415  9.371  8.058  6.619 10.196 11.927 10.970  9.317  6.510  3.894  0.000  3.843  5.494  5.326  8.252 10.210 13.952 16.903 20.480 19.951 17.875 14.322 12.972 12.232  9.743 12.764 14.904 15.916 16.781 20.373 20.048 19.442 22.067 20.130 22.569 22.606 22.253 20.510 18.608 15.334 14.465 11.233 11.347  9.696 10.277 12.301 13.307 15.833 17.896
 24.691 23.353 20.603 19.806 16.546 17.425 15.550 16.818 19.013 19.562 19.761 19.864 18.294 20.316 18.927 21.078 19.890 21.903 22.126 21.227 17.865 14.797 12.082  9.730 12.374 12.383  8.783 10.090 13.133 11.581 10.152 13.800 15.396 13.880 11.951  8.658  5.613  3.843  0.000  3.841  5.563  7.948 10.959 14.327 17.672 20.951 19.775 17.508 13.827 13.175 12.065 10.177 13.342 15.778 17.560 18.711 22.148 21.197 20.496 23.536 21.979 24.783 25.239 24.880 22.712 20.610 17.057 15.627 12.322 11.298  9.200  8.371 10.216 11.122 13.494 15.620
 25.079 23.210 20.208 18.736 15.153 15.270 12.835 13.668 15.686 16.502 17.129 17.752 16.756 19.341 18.655 21.350 20.685 23.109 23.364 23.042 19.660 16.830 13.620 12.002 14.307 13.329  9.657 11.510 13.737 11.199 10.187 13.988 14.713 12.425 10.925  7.193  5.666  5.494  3.841  0.000  3.835  6.807 10.176 13.294 16.891 20.032 18.603 16.952 13.575 13.711 13.589 12.420 15.977 17.838 19.329 19.809 23.426 22.640 21.332 24.212 22.296 24.924 25.182 24.269 21.998 19.384 15.932 13.810 10.202  8.503  5.717  5.078  7.050  8.492 11.267 13.567
 21.685 19.758 16.606 15.187 11.645 12.065 10.210 11.589 14.085 14.568 14.866 14.886 13.874 16.238 15.562 18.283 17.568 20.008 20.105 20.158 16.892 14.245 10.736  9.955 12.105 10.408  7.127  9.959 11.605  8.977  9.269 12.981 13.218 11.400 10.990  7.390  6.936  5.326  5.563  3.835  0.000  3.819  6.569  9.923 13.359 16.676 15.664 14.123 10.866 10.736 11.316 10.438 14.166 15.370 16.450 16.475 20.161 19.603 18.041 20.726 18.636 21.197 21.477 20.559 18.215 15.668 12.175 10.309  6.837  6.134  4.976  6.338  9.319 11.074 13.699 15.792
 21.221 19.414 15.953 14.668 11.290 11.611 10.393 11.366 14.472 15.169 15.712 15.273 14.730 16.775 16.160 18.693 17.581 19.605 19.003 19.260 16.468 13.623  9.859 10.260 12.857 10.884  8.563 12.080 13.475 11.186 12.356 15.850 15.817 14.328 14.489 11.024 10.603  8.252  7.948  6.807  3.819  0.000  3.828  6.607 10.230 13.336 12.098 10.388  7.160  7.634  8.906  9.280 13.071 13.613 14.929 14.737 18.215 17.256 15.306 18.183 16.413 19.298 20.137 19.366 16.509 14.059 10.323  8.412  5.883  5.167  6.169  7.305 10.820 12.797 15.049 16.904
 18.013 16.225 12.647 11.608  8.655  9.568  9.622 11.193 14.476 14.653 14.702 13.436 12.889 14.366 13.745 16.097 14.907 16.816 15.971 16.750 14.279 11.909  8.146  9.876 11.869  9.226  8.241 12.064 12.632 10.735 12.959 15.920 15.477 14.656 15.629 12.684 12.838 10.210 10.959 10.176  6.569  3.828  0.000  3.822  6.881 10.379 10.056  8.577  5.980  5.706  8.259  9.084 12.501 12.033 12.615 11.683 15.164 14.586 12.270 14.792 12.765 15.563 16.479 15.776 12.800 10.595  6.798  5.806  4.797  6.343  8.749 10.753 14.202 16.142 18.300 19.988
 18.777 16.954 13.226 12.073  9.654  9.884 10.528 11.350 14.818 15.220 15.639 14.214 14.462 15.743 15.591 17.813 16.618 18.171 16.711 17.952 16.145 14.012 10.546 13.008 14.939 12.176 11.858 15.671 15.886 14.030 16.570 19.361 18.528 17.686 19.029 16.119 16.492 13.952 14.327 13.294  9.923  6.607  3.822  0.000  3.824  6.815  6.313  5.481  4.515  5.799  9.355 11.391 14.394 13.120 13.638 12.131 15.086 14.258 11.212 13.568 11.818 14.670 16.088 15.262 11.759  9.565  6.123  5.048  6.285  7.528 10.834 12.705 16.108 18.138 20.000 21.453
 17.025 15.431 11.860 11.239  9.981 10.620 12.399 13.430 16.707 16.711 16.752 14.658 15.015 15.522 15.408 17.147 15.849 16.953 15.031 16.823 15.719 14.224 11.378 14.581 15.976 13.116 13.849 17.498 17.183 15.838 18.842 21.161 20.119 19.809 21.578 19.031 19.588 16.903 17.672 16.891 13.359 10.230  6.881  3.824  0.000  3.848  5.523  5.517  6.520  6.944 10.736 13.022 15.311 13.133 12.939 10.661 13.041 12.533  8.998 10.652  8.932 11.641 13.476 12.876  9.131  7.764  5.360  6.253  8.962 10.939 14.400 16.470 19.827 21.814 23.597 24.936
 19.261 17.773 14.415 13.775 12.986 13.034 14.894 15.276 18.426 18.647 19.020 17.012 17.913 18.324 18.534 20.110 18.852 19.606 17.282 19.267 18.714 17.359 14.800 18.105 19.566 16.797 17.612 21.259 20.884 19.510 22.548 24.849 23.636 23.233 25.117 22.521 23.124 20.480 20.951 20.032 16.676 13.336 10.379  6.815  3.848  0.000  3.849  5.600  8.417  9.648 13.277 16.080 18.062 15.561 15.453 13.080 14.638 13.854 10.077 11.231 10.276 12.643 14.899 14.280 10.496  9.551  8.340  8.923 12.018 13.502 17.129 18.978 22.217 24.222 25.768 26.922
 22.343 20.683 17.107 16.004 14.398 13.822 14.763 14.424 17.705 18.529 19.521 18.165 19.272 20.324 20.614 22.560 21.303 22.275 20.063 21.618 20.697 18.746 15.771 18.609 20.646 18.018 18.059 21.855 21.961 20.159 22.796 25.532 24.447 23.505 25.031 22.058 22.452 19.951 19.775 18.603 15.664 12.098 10.056  6.313  5.523  3.849  0.000  3.819  6.965  9.593 13.008 16.087 18.475 16.537 17.209 15.441 17.279 15.913 12.348 14.262 13.523 16.185 18.338 17.531 13.723 12.060 10.099  9.254 11.633 12.025 15.526 16.847 19.957 21.986 23.355 24.435
 21.850 20.616 17.097 16.534 14.730 14.890 15.624 15.760 19.220 19.977 20.719 19.252 19.679 20.590 20.219 21.900 20.132 20.829 18.484 19.458 18.491 16.116 13.232 15.939 18.360 16.246 16.197 19.931 20.556 19.113 21.442 24.317 23.781 23.010 24.092 20.973 20.774 17.875 17.508 16.952 14.123 10.388  8.577  5.481  5.517  5.600  3.819  0.000  3.825  6.462  9.533 12.871 15.113 13.353 14.579 13.494 15.380 13.472 10.308 13.042 12.758 16.018 18.435 18.232 14.481 13.176 10.493 10.014 11.582 11.886 14.970 15.849 19.137 21.113 22.563 23.760
 21.309 20.103 16.575 16.054 13.733 14.255 14.473 14.980 18.474 19.204 19.807 18.525 18.429 19.552 18.805 20.585 18.710 19.635 17.689 18.154 16.616 13.782 10.583 12.756 15.533 13.721 13.140 16.824 17.916 16.491 18.415 21.488 21.349 20.514 21.171 17.930 17.349 14.322 13.827 13.575 10.866  7.160  5.980  4.515  6.520  8.417  6.965  3.825  0.000  3.826  6.568  9.626 12.361 11.355 13.037 12.607 15.093 13.177 10.631 13.866 13.268 16.722 18.797 18.683 15.155 13.616 10.230  9.487  9.851  9.928 12.457 13.096 16.503 18.441 20.080 21.472
 18.574 17.831 14.605 14.840 12.923 14.444 15.126 16.466 19.860 20.085 20.041 18.281 17.465 18.024 16.628 17.923 15.629 16.263 14.321 14.478 12.928 10.046  7.083  9.660 12.289 10.845 10.890 14.350 15.488 14.789 16.771 19.532 19.760 19.543 20.151 17.232 16.419 12.972 13.175 13.711 10.736  7.634  5.706  5.799  6.944  9.648  9.593  6.462  3.826  0.000  3.838  6.617  9.047  7.769  9.316  9.246 11.916 10.154  8.190 11.602 11.026 14.624 16.686 17.142 13.966 13.091  9.725 10.168 10.383 11.429 13.618 14.552 18.009 19.803 21.640 23.150
 20.121 19.858 16.986 17.612 15.664 17.476 17.812 19.256 22.562 22.824 22.691 21.054 19.761 20.230 18.291 19.221 16.518 16.778 14.935 14.089 12.466  8.949  6.677  8.190 11.446 11.229 10.957 13.842 15.779 15.608 16.880 19.680 20.623 20.548 20.513 17.589 15.968 12.232 12.065 13.589 11.316  8.906  8.259  9.355 10.736 13.277 13.008  9.533  6.568  3.838  0.000  3.838  5.924  5.840  8.701 10.160 12.519 10.256  9.662 13.324 13.318 16.962 19.038 19.940 17.084 16.470 13.088 13.516 12.993 13.624 14.977 15.230 18.495 20.050 21.825 23.365
 19.248 19.139 16.629 17.471 15.514 17.763 17.937 19.855 22.902 22.892 22.384 20.782 18.891 19.259 16.876 17.634 14.905 15.345 14.241 12.841 10.518  6.726  4.801  4.753  8.310  9.016  8.514 10.730 13.141 13.499 14.263 16.876 18.355 18.588 18.175 15.575 13.594  9.743 10.177 12.420 10.438  9.280  9.084 11.391 13.022 16.080 16.087 12.871  9.626  6.617  3.838  0.000  3.853  5.686  8.169 10.277 12.993 11.461 11.637 14.893 14.441 17.746 19.263 20.253 17.918 17.348 14.002 14.592 13.383 14.262 14.907 15.249 18.302 19.644 21.602 23.281
 19.395 20.025 18.035 19.562 18.180 20.800 21.344 23.421 26.462 26.284 25.522 23.601 21.451 21.248 18.431 18.420 15.180 14.713 13.316 11.076  9.508  5.918  6.343  6.375  9.010 10.732 11.155 12.559 14.897 16.074 16.772 18.869 20.671 21.420 20.960 18.716 16.561 12.764 13.342 15.977 14.166 13.071 12.501 14.394 15.311 18.062 18.475 15.113 12.361  9.047  5.924  3.853  0.000  3.812  6.764 10.005 11.798 10.049 11.467 14.512 14.786 18.005 19.770 21.421 19.384 19.505 16.522 17.701 16.874 18.003 18.712 18.990 21.950 23.163 25.008 26.600
 17.271 18.083 16.106 17.946 17.082 19.804 20.943 23.047 26.194 25.880 25.023 22.709 20.789 20.196 17.509 17.259 13.848 12.932 10.733  9.025  8.372  5.433  6.064  8.102  9.979 10.784 12.162 14.070 15.580 16.732 18.216 20.114 21.370 22.305 22.474 20.282 18.716 14.904 15.778 17.838 15.370 13.613 12.033 13.120 13.133 15.561 16.537 13.353 11.355  7.769  5.840  5.686  3.812  0.000  3.834  6.930  8.290  6.286  7.828 10.798 11.460 14.776 16.955 18.882 16.764 17.376 14.768 16.517 16.517 18.122 19.553 20.293 23.504 24.925 26.781 28.315
 13.662 14.850 13.355 15.776 15.647 18.789 20.493 22.985 25.950 25.219 23.913 21.190 19.064 17.856 14.989 14.200 10.624  9.289  6.917  5.541  5.391  4.111  5.927  8.692  9.080  9.505 11.997 13.631 14.266 15.873 17.858 19.157 20.126 21.581 22.240 20.533 19.517 15.916 17.560 19.329 16.450 14.929 12.615 13.638 12.939 15.453 17.209 14.579 13.037  9.316  8.701  8.169  6.764  3.834  0.000  3.825  5.273  5.156  6.949  8.742  8.947 11.757 13.680 15.969 14.383 15.609 13.642 16.133 16.560 18.870 20.554 21.909 25.158 26.627 28.621 30.182
 10.960 11.829 10.167 12.723 13.143 16.301 18.536 21.091 23.969 23.036 21.602 18.591 16.756 15.287 12.823 12.159  8.940  7.977  5.197  6.236  6.262  6.339  6.827 10.360 10.185  9.199 12.173 14.230 13.944 15.186 17.862 18.990 19.241 20.723 22.021 20.441 20.128 16.781 18.711 19.809 16.475 14.737 11.683 12.131 10.661 13.080 15.441 13.494 12.607  9.246 10.160 10.277 10.005  6.930  3.825  0.000  3.854  5.485  5.477  6.205  5.322  8.077 10.063 12.292 10.679 12.276 10.888 13.917 15.043 17.833 20.019 21.907 25.236 26.850 28.894 30.432
 11.940 13.652 12.680 15.601 16.527 19.606 22.064 24.498 27.399 26.450 24.990 21.811 20.086 18.236 15.781 14.466 11.140  8.941  5.169  6.024  8.111  8.863 10.255 13.542 13.285 12.819 15.885 17.678 17.382 18.903 21.529 22.446 22.764 24.439 25.754 24.242 23.805 20.373 22.148 23.426 20.161 18.215 15.164 15.086 13.041 14.638 17.279 15.380 15.093 11.916 12.519 12.993 11.798  8.290  5.273  3.854  0.000  3.858  5.422  4.671  5.919  8.051 10.723 13.714 12.451 14.780 13.957 17.138 18.622 21.346 23.669 25.427 28.785 30.391 32.338 33.803
 15.537 16.851 15.270 17.657 17.887 20.608 22.655 24.705 27.858 27.315 26.298 23.424 21.929 20.631 18.287 17.475 14.093 12.247  8.703  8.436  9.956  9.225 10.138 13.321 14.110 13.921 16.310 18.451 18.859 20.030 22.359 23.825 24.372 25.608 26.565 24.582 23.718 20.048 21.197 22.640 19.603 17.256 14.586 14.258 12.533 13.854 15.913 13.472 13.177 10.154 10.256 11.461 10.049  6.286  5.156  5.485  3.858  0.000  3.836  5.462  7.802 10.851 13.912 16.485 14.497 16.233 14.732 17.348 18.660 20.830 23.116 24.383 27.771 29.381 31.185 32.598
 15.232 15.762 13.565 15.395 15.492 17.802 19.949 21.742 24.937 24.509 23.734 20.928 19.945 18.963 17.216 17.046 14.170 13.141  9.771 10.682 11.418 10.457 10.024 13.664 14.678 13.515 15.663 18.399 18.509 19.007 21.689 23.405 23.432 24.301 25.582 23.407 22.958 19.442 20.496 21.332 18.041 15.306 12.270 11.212  8.998 10.077 12.348 10.308 10.631  8.190  9.662 11.637 11.467  7.828  6.949  5.477  5.422  3.836  0.000  3.854  5.604  9.214 12.485 14.416 11.812 13.229 11.754 14.280 16.071 18.258 20.949 22.438 25.887 27.640 29.427 30.805
 13.346 14.264 12.707 15.025 16.042 18.502 21.200 23.179 26.151 25.384 24.275 21.107 20.170 18.582 16.971 16.295 13.638 12.185  8.611 10.522 12.054 12.289 12.410 16.131 16.344 14.963 17.699 20.170 19.627 20.379 23.392 24.620 24.337 25.576 27.265 25.469 25.409 22.067 23.536 24.212 20.726 18.183 14.792 13.568 10.652 11.231 14.262 13.042 13.866 11.602 13.324 14.893 14.512 10.798  8.742  6.205  4.671  5.462  3.854  0.000  3.841  6.388 10.030 12.488 10.492 12.901 12.532 15.656 17.938 20.576 23.455 25.334 28.766 30.532 32.365 33.722
 10.570 10.820  8.958 11.233 12.501 15.109 18.027 20.266 23.048 22.033 20.701 17.424 16.471 14.829 13.460 13.117 10.955 10.387  7.584 10.354 10.964 11.504 11.070 14.827 14.602 12.538 15.398 17.905 16.853 17.394 20.676 21.738 21.088 22.356 24.349 22.778 23.170 20.130 21.979 22.296 18.636 16.413 12.765 11.818  8.932 10.276 13.523 12.758 13.268 11.026 13.318 14.441 14.786 11.460  8.947  5.322  5.919  7.802  5.604  3.841  0.000  3.830  6.971  8.983  6.922  9.415  9.379 12.860 15.224 18.257 21.155 23.454 26.824 28.603 30.561 31.975
  8.477  8.942  8.153 10.859 13.189 15.830 19.177 21.594 24.002 22.600 20.877 17.310 16.400 14.099 13.045 12.208 10.729 10.107  7.961 11.511 12.457 13.948 13.887 17.442 16.500 14.287 17.480 19.604 17.882 18.613 22.109 22.610 21.596 23.217 25.605 24.501 25.311 22.569 24.783 24.924 21.197 19.298 15.563 14.670 11.641 12.643 16.185 16.018 16.722 14.624 16.962 17.746 18.005 14.776 11.757  8.077  8.051 10.851  9.214  6.388  3.830  0.000  3.837  6.589  6.032  9.579 10.892 14.623 17.212 20.561 23.481 26.119 29.388 31.142 33.141 34.537
  5.715  5.650  5.978  8.982 12.090 14.888 18.409 21.151 23.127 21.316 19.121 15.392 14.269 11.425 10.644  9.625  9.201  9.378  8.726 12.508 12.906 14.954 14.891 18.057 16.448 13.981 17.288 18.989 16.619 17.433 21.038 21.003 19.643 21.566 24.265 23.678 24.924 22.606 25.239 25.182 21.477 20.137 16.479 16.088 13.476 14.899 18.338 18.435 18.797 16.686 19.038 19.263 19.770 16.955 13.680 10.063 10.723 13.912 12.485 10.030  6.971  3.837  0.000  3.843  5.581  9.114 11.152 14.900 17.270 20.903 23.608 26.581 29.674 31.360 33.455 34.885
  7.680  5.464  4.855  6.395  9.890 12.134 15.829 18.467 20.132 18.183 15.972 12.245 11.745  9.204  9.701  9.897 10.624 11.975 11.857 15.489 15.136 16.747 15.905 18.912 17.427 14.346 17.153 19.067 16.386 16.464 20.245 20.273 18.294 19.850 22.911 22.393 24.152 22.253 24.880 24.269 20.559 19.366 15.776 15.262 12.876 14.280 17.531 18.232 18.683 17.142 19.940 20.253 21.421 18.882 15.969 12.292 13.714 16.485 14.416 12.488  8.983  6.589  3.843  0.000  3.843  6.638  9.581 12.992 15.539 19.209 21.988 25.233 28.165 29.869 31.949 33.343
 10.032  7.980  5.441  6.042  8.401 10.342 13.935 16.235 18.387 16.911 15.318 11.840 11.780 10.265 10.673 11.581 11.511 12.818 11.881 15.227 14.691 15.469 14.021 17.309 16.581 13.321 15.733 18.286 16.180 15.763 19.533 20.281 18.465 19.452 22.279 21.145 22.665 20.510 22.712 21.998 18.215 16.509 12.800 11.759  9.131 10.496 13.723 14.481 15.155 13.966 17.084 17.918 19.384 16.764 14.383 10.679 12.451 14.497 11.812 10.492  6.922  6.032  5.581  3.843  0.000  3.828  6.482  9.981 12.935 16.414 19.497 22.559 25.635 27.440 29.450 30.825
 12.593  9.809  6.438  4.686  5.658  6.739 10.312 12.467 14.660 13.341 12.105  8.963  9.610  9.349 10.520 12.585 12.913 14.961 14.355 17.279 15.998 16.093 13.828 16.771 16.456 12.815 14.386 17.264 15.295 14.005 17.733 18.892 16.780 17.105 19.984 18.623 20.427 18.608 20.610 19.384 15.668 14.059 10.595  9.565  7.764  9.551 12.060 13.176 13.616 13.091 16.470 17.348 19.505 17.376 15.609 12.276 14.780 16.233 13.229 12.901  9.415  9.579  9.114  6.638  3.828  0.000  3.819  6.623  9.719 13.128 16.280 19.490 22.444 24.282 26.286 27.663
 13.877 11.449  7.660  6.128  4.757  6.116  8.791 10.975 13.772 12.966 12.185  9.626  9.760 10.306 10.702 13.038 12.704 14.800 14.030 16.284 14.528 13.805 10.967 13.774 14.107 10.524 11.504 14.803 13.540 11.975 15.447 17.233 15.615 15.562 17.926 16.033 17.413 15.334 17.057 15.932 12.175 10.323  6.798  6.123  5.360  8.340 10.099 10.493 10.230  9.725 13.088 14.002 16.522 14.768 13.642 10.888 13.957 14.732 11.754 12.532  9.379 10.892 11.152  9.581  6.482  3.819  0.000  3.830  6.621 10.003 13.158 16.146 19.277 21.169 23.235 24.713
 17.411 14.740 10.978  8.584  5.780  4.937  6.183  7.619 10.789 10.651 10.813  9.381 10.295 12.086 12.967 15.858 15.756 18.117 17.474 19.358 17.232 15.897 12.510 14.690 15.625 12.110 11.871 15.383 14.572 12.115 15.144 17.479 15.746 14.768 16.914 14.581 16.115 14.465 15.627 13.810 10.309  8.412  5.806  5.048  6.253  8.923  9.254 10.014  9.487 10.168 13.516 14.592 17.701 16.517 16.133 13.917 17.138 17.348 14.280 15.656 12.860 14.623 14.900 12.992  9.981  6.623  3.830  0.000  3.821  6.651 10.105 13.145 16.160 18.128 20.141 21.611
 18.761 16.134 12.536 10.171  6.508  5.827  4.919  6.711  9.845  9.969 10.276  9.706  9.976 12.463 13.014 16.180 16.111 18.780 18.595 19.913 17.206 15.461 11.828 13.057 14.239 10.983  9.623 13.046 12.745  9.762 12.204 14.986 13.561 12.035 13.683 11.026 12.528 11.233 12.322 10.202  6.837  5.883  4.797  6.285  8.962 12.018 11.633 11.582  9.851 10.383 12.993 13.383 16.874 16.517 16.560 15.043 18.622 18.660 16.071 17.938 15.224 17.212 17.270 15.539 12.935  9.719  6.621  3.821  0.000  3.820  6.624  9.898 12.876 14.829 17.090 18.782
 22.469 19.914 16.315 13.917 10.238  8.863  6.604  6.542  9.671 10.829 12.158 12.571 13.181 16.018 16.585 19.769 19.560 22.119 21.781 22.749 19.972 17.710 13.923 14.605 16.452 13.692 11.520 14.841 15.262 12.047 13.575 16.829 15.713 13.463 14.376 11.163 12.251 11.347 11.298  8.503  6.134  5.167  6.343  7.528 10.939 13.502 12.025 11.886  9.928 11.429 13.624 14.262 18.003 18.122 18.870 17.833 21.346 20.830 18.258 20.576 18.257 20.561 20.903 19.209 16.414 13.128 10.003  6.651  3.820  0.000  3.822  6.668  9.661 11.793 14.001 15.762
 24.458 21.960 18.598 16.272 12.479 11.335  8.365  8.348 10.550 11.798 13.157 14.220 14.382 17.491 17.855 21.092 20.982 23.708 23.758 24.316 21.186 18.755 15.086 14.798 16.707 14.461 11.488 14.198 15.121 11.738 12.198 15.691 14.981 12.203 12.263  8.805  9.691  9.696  9.200  5.717  4.976  6.169  8.749 10.834 14.400 17.129 15.526 14.970 12.457 13.618 14.977 14.907 18.712 19.553 20.554 20.019 23.669 23.116 20.949 23.455 21.155 23.481 23.608 21.988 19.497 16.280 13.158 10.105  6.624  3.822  0.000  3.824  6.447  8.616 11.264 13.371
 27.410 25.166 21.795 19.729 15.968 14.973 12.064 11.575 13.619 15.209 16.808 17.961 18.012 21.012 21.063 24.098 23.630 26.092 25.939 26.072 22.971 20.109 16.530 15.807 18.277 16.646 13.374 15.864 17.504 14.439 14.190 17.888 17.770 14.951 14.182 10.531 10.259 10.277  8.371  5.078  6.338  7.305 10.753 12.705 16.470 18.978 16.847 15.849 13.096 14.552 15.230 15.249 18.990 20.293 21.909 21.907 25.427 24.383 22.438 25.334 23.454 26.119 26.581 25.233 22.559 19.490 16.146 13.145  9.898  6.668  3.824  0.000  3.834  6.384  8.984 11.236
 30.300 27.942 24.684 22.438 18.669 17.400 14.141 13.283 14.607 16.388 18.222 19.925 20.087 23.312 23.542 26.682 26.449 29.056 29.117 29.181 25.961 23.143 19.682 18.603 20.924 19.464 16.010 18.004 19.672 16.514 15.704 19.245 19.149 15.969 14.777 11.483 11.299 12.301 10.216  7.050  9.319 10.820 14.202 16.108 19.827 22.217 19.957 19.137 16.503 18.009 18.495 18.302 21.950 23.504 25.158 25.236 28.785 27.771 25.887 28.766 26.824 29.388 29.674 28.165 25.635 22.444 19.277 16.160 12.876  9.661  6.447  3.834  0.000  3.834  6.569  9.030
 31.774 29.451 26.307 24.096 20.372 19.144 15.850 15.006 16.036 17.738 19.563 21.418 21.492 24.722 24.909 28.007 27.813 30.430 30.610 30.545 27.269 24.460 21.146 19.803 22.060 20.829 17.316 18.969 20.744 17.707 16.553 19.947 20.015 16.819 15.326 12.345 11.969 13.307 11.122  8.492 11.074 12.797 16.142 18.138 21.814 24.222 21.986 21.113 18.441 19.803 20.050 19.644 23.163 24.925 26.627 26.850 30.391 29.381 27.640 30.532 28.603 31.142 31.360 29.869 27.440 24.282 21.169 18.128 14.829 11.793  8.616  6.384  3.834  0.000  3.845  6.760
 34.007 31.692 28.534 26.297 22.629 21.251 17.997 16.845 17.724 19.549 21.582 23.543 23.796 27.021 27.278 30.350 30.123 32.661 32.737 32.640 29.453 26.588 23.324 22.028 24.373 23.218 19.796 21.430 23.231 20.271 19.126 22.417 22.481 19.310 17.833 15.054 14.602 15.833 13.494 11.267 13.699 15.049 18.300 20.000 23.597 25.768 23.355 22.563 20.080 21.640 21.825 21.602 25.008 26.781 28.621 28.894 32.338 31.185 29.427 32.365 30.561 33.141 33.455 31.949 29.450 26.286 23.235 20.141 17.090 14.001 11.264  8.984  6.569  3.845  0.000  3.811
