  0.000  3.835  6.671 10.351 13.295 16.736 19.756 22.909 25.109 23.055 20.105 16.534 14.128 10.678  8.517  5.609  5.454  5.779  7.555 10.672 10.712 13.829 14.649 16.995 14.395 12.538 16.125 16.590 13.699 15.539 18.673 17.522 16.378 19.258 21.790 21.943 23.358 21.481 24.762 25.090 21.583 21.338 18.083 18.890 17.310 19.734 22.682 22.122 21.389 18.614 20.144 19.264 19.481 17.376 13.704 11.034 11.839 15.484 15.259 13.386 10.685  8.719  5.779  7.628 10.170 12.662 13.871 17.421 18.801 22.543 24.477 27.491 30.093 33.046 36.103 37.530
  3.835  0.000  3.825  6.988 10.264 13.474 16.595 19.809 21.724 19.555 16.505 12.886 10.674  7.145  5.903  4.651  6.236  8.357  9.965 13.125 12.282 14.737 14.600 16.887 14.518 11.844 14.952 15.769 12.531 13.532 16.957 15.987 14.143 16.652 19.570 19.715 21.628 20.145 23.445 23.267 19.742 19.623 16.428 17.214 15.852 18.309 21.093 21.006 20.314 18.009 20.008 19.262 20.214 18.326 14.981 11.987 13.664 16.944 15.935 14.426 11.035  9.162  5.735  5.407  8.171  9.960 11.583 14.884 16.279 20.073 22.060 25.333 27.930 31.089 34.029 35.385
  6.671  3.825  0.000  3.821  6.812 10.111 13.281 16.322 18.518 16.681 14.029 10.402  8.595  6.029  5.581  6.210  6.850  9.352 10.053 13.112 11.756 13.296 12.279 14.821 13.156  9.877 12.616 14.246 11.395 11.597 15.318 15.197 13.265 15.114 17.957 17.463 19.347 17.712 20.740 20.234 16.583 16.151 12.860 13.497 12.287 14.915 17.485 17.490 16.801 14.805 17.156 16.764 18.244 16.392 13.485 10.304 12.716 15.415 13.773 12.883  9.158  8.260  5.911  4.687  5.619  6.548  7.791 11.096 12.648 16.453 18.678 21.923 24.710 27.902 30.811 32.191
 10.351  6.988  3.821  0.000  3.817  6.528  9.885 12.916 14.838 12.995 10.431  6.756  5.795  4.649  6.361  8.746  9.959 12.868 13.455 16.274 14.447 15.234 13.329 15.594 14.458 10.733 12.438 14.514 11.774 10.709 14.518 14.891 12.364 13.336 16.434 15.710 18.069 16.904 19.726 18.566 15.004 14.643 11.630 12.151 11.429 13.957 16.083 16.667 16.043 14.810 17.554 17.392 19.560 18.035 15.702 12.643 15.484 17.630 15.404 15.023 11.225 10.768  8.904  6.305  6.035  4.638  6.123  8.582 10.134 13.877 16.205 19.686 22.472 25.852 28.584 29.876
 13.295 10.264  6.812  3.817  0.000  3.835  6.516  9.685 12.072 10.403  8.487  5.627  5.056  6.340  7.852 10.807 11.504 14.543 14.939 17.162 14.767 14.625 11.952 13.804 13.375  9.539 10.149 12.774 10.725  8.679 12.357 13.619 11.312 11.403 14.117 12.747 15.041 13.954 16.476 14.982 11.473 11.212  8.624  9.632 10.027 12.945 14.247 14.719 13.629 12.836 15.558 15.410 18.142 17.134 15.528 13.003 16.374 17.824 15.427 15.964 12.420 13.034 11.963  9.788  8.366  5.525  4.709  5.721  6.442 10.158 12.405 15.904 18.703 22.110 24.823 26.140
 16.736 13.474 10.111  6.528  3.835  0.000  3.833  6.455  8.461  7.252  6.215  4.320  6.288  8.764 11.178 14.385 15.314 18.316 18.494 20.761 18.402 17.902 14.848 16.535 16.618 12.860 12.669 15.490 13.776 10.991 14.233 15.888 13.275 12.333 15.036 13.361 15.974 15.404 17.366 15.081 11.948 11.486  9.533  9.818 10.532 12.749 13.467 14.751 14.087 14.316 17.342 17.652 20.750 19.843 18.650 16.133 19.438 20.525 17.701 18.376 14.966 15.580 14.744 12.043 10.215  6.553  6.075  4.878  5.758  8.737 11.288 14.887 17.720 21.263 23.655 24.829
 19.756 16.595 13.281  9.885  6.516  3.833  0.000  3.841  6.112  4.931  5.465  6.041  7.783 11.148 13.276 16.704 17.541 20.674 20.978 22.765 19.999 18.946 15.572 16.520 17.056 13.617 12.309 15.100 14.051 10.615 13.088 15.357 13.030 11.092 13.187 11.044 13.687 13.681 15.175 12.382  9.867 10.013  9.387 10.321 12.213 14.508 14.245 15.347 14.151 14.853 17.498 17.615 21.076 20.798 20.190 18.234 21.791 22.463 19.749 21.006 17.829 18.911 18.232 15.729 13.837 10.163  8.715  6.097  4.646  6.236  8.089 11.782 14.334 17.949 20.202 21.333
 22.909 19.809 16.322 12.916  9.685  6.455  3.841  0.000  3.864  5.444  7.915  9.118 11.487 14.747 16.956 20.274 20.859 23.757 23.625 25.383 22.773 21.334 17.724 18.754 19.879 16.589 15.027 18.098 17.508 14.049 16.187 18.804 16.672 14.395 16.036 13.469 15.689 15.666 16.318 13.014 11.037 10.443 10.407 10.416 12.494 14.028 12.976 14.615 13.896 15.543 18.343 19.063 22.682 22.389 22.224 20.339 23.769 23.971 20.952 22.441 19.579 20.911 20.717 18.209 15.809 12.010 10.460  6.961  6.006  5.563  7.838 10.902 13.622 17.097 18.969 19.977
 25.109 21.724 18.518 14.838 12.072  8.461  6.112  3.864  0.000  3.838  7.344  9.630 12.626 16.053 18.785 22.316 23.420 26.530 26.659 28.611 25.978 24.784 21.265 22.165 23.006 19.655 18.074 20.795 19.899 16.278 18.194 20.494 17.964 15.337 17.184 15.132 17.814 18.454 19.148 15.683 14.205 14.086 14.185 14.138 15.886 17.032 16.072 18.112 17.646 19.346 22.155 22.761 26.381 26.108 25.770 23.715 27.102 27.525 24.450 25.665 22.633 23.541 22.986 20.058 18.042 14.253 13.492 10.337  9.629  9.089 10.480 13.354 15.425 18.851 20.252 20.990
 23.055 19.555 16.681 12.995 10.403  7.252  4.931  5.444  3.838  0.000  3.809  6.918  9.631 13.248 16.066 19.748 21.268 24.644 25.281 27.235 24.427 23.599 20.325 20.992 21.272 17.901 16.422 18.669 17.363 13.731 15.625 17.491 14.678 12.066 14.315 12.886 16.089 17.086 18.427 15.299 13.671 14.331 14.214 14.917 16.615 18.365 17.953 19.591 18.684 19.690 22.308 22.337 25.841 25.680 24.986 22.914 26.407 27.258 24.471 25.479 22.159 22.770 21.671 18.651 17.244 13.594 13.086 10.571  9.435  9.857 10.717 14.128 15.893 19.481 21.145 21.948
 20.105 16.505 14.029 10.431  8.487  6.215  5.465  7.915  7.344  3.809  0.000  3.829  6.336  9.859 12.896 16.619 18.563 22.087 23.112 25.223 22.459 22.162 19.260 20.018 19.646 16.173 15.248 17.096 15.133 11.802 14.079 15.253 12.012 10.008 13.011 12.340 15.871 16.781 18.849 16.268 14.176 15.109 14.350 15.382 16.636 18.737 19.025 20.417 19.394 19.710 22.283 21.947 25.178 24.861 23.670 21.418 24.841 26.177 23.625 24.245 20.686 20.864 19.252 16.147 15.393 12.098 12.154 10.668  9.850 11.488 12.437 16.150 17.945 21.578 23.547 24.450
 16.534 12.886 10.402  6.756  5.627  4.320  6.041  9.118  9.630  6.918  3.829  0.000  3.824  6.688  9.983 13.539 15.488 18.896 19.843 22.246 19.784 19.892 17.268 18.568 17.873 14.179 14.131 16.099 13.662 10.926 13.991 14.789 11.479 10.646 14.017 13.409 16.686 16.856 19.315 17.186 14.399 14.848 13.170 13.973 14.527 16.724 17.705 18.987 18.176 18.020 20.771 20.517 23.443 22.681 21.064 18.482 21.711 23.353 20.841 21.071 17.395 17.262 15.495 12.349 11.815  8.815  9.506  9.134  9.324 12.048 13.725 17.517 19.781 23.400 25.678 26.726
 14.128 10.674  8.595  5.795  5.056  6.288  7.783 11.487 12.626  9.631  6.336  3.824  0.000  3.849  6.583 10.307 12.438 16.066 17.537 19.678 17.001 17.411 15.200 16.190 14.923 11.403 11.670 13.057 10.215  7.932 11.162 11.427  8.136  8.259 11.775 11.696 14.847 14.898 17.887 16.431 13.559 14.542 12.794 14.390 15.057 17.849 19.036 19.627 18.283 17.388 19.663 18.799 21.442 20.882 19.043 16.730 20.031 21.941 19.948 20.191 16.502 16.399 14.297 11.691 11.762  9.470  9.716 10.199  9.806 12.910 14.095 17.832 19.900 23.405 25.954 27.116
 10.678  7.145  6.029  4.649  6.340  8.764 11.148 14.747 16.053 13.248  9.859  6.688  3.849  0.000  3.810  7.143  9.827 13.379 15.167 17.622 15.368 16.583 15.093 16.470 14.544 11.171 12.612 13.574 10.148  9.273 12.686 12.077  9.044 10.584 14.046 14.386 17.175 16.758 20.048 19.127 15.996 16.705 14.352 15.756 15.673 18.434 20.274 20.672 19.516 18.039 20.239 19.274 21.358 20.393 17.948 15.371 18.261 20.722 19.053 18.686 14.942 14.187 11.500  9.107 10.254  9.216 10.265 12.009 12.351 15.845 17.287 20.917 23.117 26.521 29.220 30.438
  8.517  5.903  5.581  6.361  7.852 11.178 13.276 16.956 18.785 16.066 12.896  9.983  6.583  3.810  0.000  3.810  6.464 10.190 12.501 14.562 12.183 13.793 12.965 14.141 11.641  8.737 10.886 11.234  7.614  8.169 11.424 10.361  8.290 10.880 13.757 14.241 16.402 15.536 19.075 18.881 15.742 16.609 14.226 16.102 16.071 19.198 21.116 20.853 19.309 17.177 18.816 17.367 18.978 18.136 15.493 13.326 16.145 18.777 17.740 17.452 13.967 13.464 10.831  9.675 11.004 10.757 11.093 13.325 13.355 16.887 18.061 21.410 23.523 26.696 29.610 30.936
  5.609  4.651  6.210  8.746 10.807 14.385 16.704 20.274 22.316 19.748 16.619 13.539 10.307  7.143  3.810  0.000  3.827  7.160 10.094 12.135 10.338 12.867 13.088 14.443 11.426  9.351 12.374 12.232  8.820 10.702 13.585 12.081 10.893 14.004 16.472 17.063 18.696 17.383 20.964 21.308 18.125 18.768 16.140 17.896 17.412 20.476 22.751 22.133 20.652 18.003 19.286 17.689 18.548 17.430 14.307 12.275 14.452 17.529 17.133 16.400 13.274 12.428  9.647  9.739 11.677 12.565 13.025 15.847 16.180 19.769 21.022 24.148 26.310 29.299 32.324 33.706
  5.454  6.236  6.850  9.959 11.504 15.314 17.541 20.859 23.420 21.268 18.563 15.488 12.438  9.827  6.464  3.827  0.000  3.822  6.668  8.376  6.633  9.461 10.302 11.983  9.070  7.564 11.211 11.318  8.779 11.206 13.978 13.083 12.761 15.703 17.600 17.605 18.525 16.491 19.843 20.604 17.335 17.578 14.824 16.563 15.988 19.151 21.422 20.270 18.675 15.607 16.505 14.896 15.270 13.957 10.690  8.995 11.071 14.082 14.161 13.662 11.027 10.909  9.107 10.400 11.550 12.792 12.539 15.592 15.988 19.476 20.833 23.584 25.906 28.655 31.803 33.289
  5.779  8.357  9.352 12.868 14.543 18.316 20.674 23.757 26.530 24.644 22.087 18.896 16.066 13.379 10.190  7.160  3.822  0.000  3.876  5.400  5.403  9.030 10.994 12.975 10.303  9.788 13.602 13.696 11.848 14.555 17.087 16.277 16.380 19.347 20.981 20.810 21.277 18.816 21.908 23.010 19.743 19.573 16.681 18.068 17.055 19.948 22.444 20.949 19.561 16.175 16.695 15.264 14.734 12.944  9.301  7.996  8.825 12.157 13.069 12.173 10.435 10.342  9.298 11.805 12.881 14.861 14.597 17.909 18.621 22.022 23.539 26.001 28.439 30.975 34.179 35.720
  7.555  9.965 10.053 13.455 14.939 18.494 20.978 23.625 26.659 25.281 23.112 19.843 17.537 15.167 12.501 10.094  6.668  3.876  0.000  3.835  5.529  8.348 10.236 13.015 11.342 10.715 14.441 15.344 14.054 16.279 19.012 18.867 18.913 21.458 23.034 22.270 22.506 19.611 22.255 23.242 19.828 18.938 15.787 16.548 15.062 17.614 20.245 18.572 17.578 14.173 14.814 14.131 13.339 10.739  6.911  5.174  5.041  8.591  9.654  8.562  7.572  8.161  8.590 11.700 11.921 14.222 13.753 17.187 18.376 21.652 23.570 25.787 28.535 30.968 34.160 35.750
 10.672 13.125 13.112 16.274 17.162 20.761 22.765 25.383 28.611 27.235 25.223 22.246 19.678 17.622 14.562 12.135  8.376  5.400  3.835  0.000  3.833  6.544  9.615 11.688 10.117 10.816 14.269 14.689 14.205 16.877 18.996 18.934 19.730 22.318 23.304 22.495 22.107 18.975 21.421 22.997 19.928 19.250 16.591 17.810 16.878 19.626 21.818 19.578 18.083 14.381 14.010 12.768 11.114  8.997  5.559  6.238  5.918  8.331 10.576 10.484 10.376 11.715 12.376 15.341 15.315 17.186 16.060 19.115 19.741 22.675 24.168 25.975 28.476 30.569 33.810 35.449
 10.712 12.282 11.756 14.447 14.767 18.402 19.999 22.773 25.978 24.427 22.459 19.784 17.001 15.368 12.183 10.338  6.633  5.403  5.529  3.833  0.000  3.844  6.786  8.350  6.349  7.228 10.608 10.873 10.578 13.297 15.231 15.330 16.335 18.808 19.584 18.777 18.344 15.309 17.954 19.584 16.623 16.419 14.086 15.970 15.755 18.987 20.778 18.553 16.497 12.813 12.352 10.407  9.500  8.331  5.377  6.244  8.017  9.880 11.312 12.025 11.003 12.655 12.804 14.997 14.800 15.902 14.318 16.991 17.023 19.865 20.999 22.853 25.157 27.296 30.558 32.190
 13.829 14.737 13.296 15.234 14.625 17.902 18.946 21.334 24.784 23.599 22.162 19.892 17.411 16.583 13.793 12.867  9.461  9.030  8.348  6.544  3.844  0.000  3.833  5.280  5.098  6.485  8.878  9.820 10.715 12.805 14.408 15.412 16.702 18.545 18.823 17.379 16.388 12.933 15.035 16.829 14.067 13.649 11.784 13.896 14.317 17.663 18.850 16.215 13.714  9.999  8.863  6.623  5.879  5.398  4.119  6.382  8.859  9.232 10.420 12.328 11.627 14.186 14.934 16.737 15.709 16.124 13.724 15.758 15.375 17.699 18.650 20.039 22.336 24.226 27.491 29.184
 14.649 14.600 12.279 13.329 11.952 14.848 15.572 17.724 21.265 20.325 19.260 17.268 15.200 15.093 12.965 13.088 10.302 10.994 10.236  9.615  6.786  3.833  0.000  3.848  5.373  4.971  6.440  8.760  9.821 10.781 12.671 14.449 15.319 16.493 16.829 14.830 14.016 10.487 12.403 13.624 10.587  9.884  8.006 10.400 11.422 14.988 15.763 13.271 10.481  7.022  6.578  4.702  6.337  6.109  5.881  6.790 10.221 10.153  9.972 12.407 11.133 14.013 14.828 15.880 14.230 13.837 10.889 12.362 11.740 13.912 14.998 16.455 18.982 21.072 24.321 26.031
 16.995 16.887 14.821 15.594 13.804 16.535 16.520 18.754 22.165 20.992 20.018 18.568 16.190 16.470 14.141 14.443 11.983 12.975 13.015 11.688  8.350  5.280  3.848  0.000  3.842  5.435  5.149  6.426  8.859 10.029 10.747 12.740 14.454 15.491 15.003 13.090 11.503  7.861  9.822 11.918  9.678 10.150  9.634 12.773 14.557 18.183 18.443 15.866 12.554  9.562  8.047  4.599  6.321  8.106  8.707 10.370 13.554 13.365 13.617 16.151 14.911 17.609 18.033 18.880 17.502 16.743 13.679 14.502 12.899 14.476 14.566 15.625 17.513 19.286 22.586 24.318
 14.395 14.518 13.156 14.458 13.375 16.618 17.056 19.879 23.006 21.272 19.646 17.873 14.923 14.544 11.641 11.426  9.070 10.303 11.342 10.117  6.349  5.098  5.373  3.842  0.000  3.858  5.347  4.884  6.294  8.773  9.679 10.551 12.369 14.258 14.161 13.179 12.239  9.304 12.218 14.199 11.814 12.788 11.707 14.805 16.068 19.775 20.604 18.383 15.399 12.223 11.308  8.134  8.874  9.922  9.071 10.228 13.274 14.115 14.652 16.402 14.753 16.770 16.506 17.450 16.843 16.502 14.080 15.527 14.154 16.371 16.503 18.154 19.894 21.932 25.206 26.839
 12.538 11.844  9.877 10.733  9.539 12.860 13.617 16.589 19.655 17.901 16.173 14.179 11.403 11.171  8.737  9.351  7.564  9.788 10.715 10.816  7.228  6.485  4.971  5.435  3.858  0.000  3.853  5.375  5.035  6.445  8.767  9.904 10.532 12.193 12.951 11.756 11.829  9.204 12.352 13.294 10.214 10.908  9.155 12.125 13.251 17.005 18.016 16.332 13.666 10.834 11.162  8.922 10.674 10.792  9.426  9.142 12.714 13.890 13.476 14.960 12.608 14.416 13.926 14.283 13.512 12.831 10.509 12.060 10.963 13.695 14.369 16.636 18.792 21.328 24.551 26.142
 16.125 14.952 12.616 12.438 10.149 12.669 12.309 15.027 18.074 16.422 15.248 14.131 11.670 12.612 10.886 12.374 11.211 13.602 14.441 14.269 10.608  8.878  6.440  5.149  5.347  3.853  0.000  3.842  5.400  5.093  6.379  8.863  9.887 10.498 10.426  8.551  8.150  5.438  8.700  9.633  6.940  8.627  8.221 11.847 13.995 17.768 17.999 16.323 13.178 11.031 11.065  8.606 11.252 12.330 12.042 12.194 15.890 16.430 15.743 17.779 15.504 17.586 17.205 17.042 15.881 14.355 11.513 11.833  9.592 11.506 11.354 13.380 15.201 17.687 20.922 22.542
 16.590 15.769 14.246 14.514 12.774 15.490 15.100 18.098 20.795 18.669 17.096 16.099 13.057 13.574 11.234 12.232 11.318 13.696 15.344 14.689 10.873  9.820  8.760  6.426  4.884  5.375  3.842  0.000  3.849  5.429  4.961  6.398  8.732 10.113  9.428  8.786  8.060  6.233  9.878 11.612  9.856 12.178 12.049 15.658 17.632 21.419 21.800 20.050 16.853 14.459 13.927 10.806 12.608 14.149 13.622 14.199 17.595 18.482 18.405 20.180 17.958 19.684 18.850 18.877 18.381 17.200 14.791 15.367 13.065 14.872 14.128 15.989 17.121 19.334 22.507 24.050
 13.699 12.531 11.395 11.774 10.725 13.776 14.051 17.508 19.899 17.363 15.133 13.662 10.215 10.148  7.614  8.820  8.779 11.848 14.054 14.205 10.578 10.715  9.821  8.859  6.294  5.035  5.400  3.849  0.000  3.859  5.312  5.046  6.137  8.561  9.288  9.500 10.273  9.182 12.973 13.899 11.567 13.590 12.622 15.866 17.271 20.988 21.889 20.626 17.890 15.486 15.744 13.098 14.818 15.508 14.068 13.728 17.073 18.676 18.344 19.449 16.733 17.784 16.327 16.057 16.137 15.159 13.476 14.573 12.823 15.358 15.174 17.738 19.153 21.792 24.869 26.313
 15.539 13.532 11.597 10.709  8.679 10.991 10.615 14.049 16.278 13.731 11.802 10.926  7.932  9.273  8.169 10.702 11.206 14.555 16.279 16.877 13.297 12.805 10.781 10.029  8.773  6.445  5.093  5.429  3.859  0.000  3.848  5.463  5.036  5.786  6.950  6.464  8.259  7.885 11.493 11.439  9.084 11.425 10.874 14.145 16.012 19.630 20.131 19.301 16.623 14.955 15.753 13.623 16.164 16.851 15.804 15.066 18.723 20.016 18.995 20.315 17.340 18.498 17.134 16.109 15.697 13.853 11.982 12.204  9.930 12.230 11.891 14.796 16.242 19.201 22.162 23.561
 18.673 16.957 15.318 14.518 12.357 14.233 13.088 16.187 18.194 15.625 14.079 13.991 11.162 12.686 11.424 13.585 13.978 17.087 19.012 18.996 15.231 14.408 12.671 10.747  9.679  8.767  6.379  4.961  5.312  3.848  0.000  3.850  5.581  5.657  4.506  4.724  5.728  6.533 10.117 10.694  9.582 12.772 13.223 16.804 19.119 22.769 22.869 21.781 18.728 17.130 17.243 14.599 17.033 18.482 17.921 17.852 21.457 22.490 21.813 23.439 20.715 22.063 20.751 19.878 19.505 17.614 15.525 15.311 12.454 13.873 12.467 14.771 15.358 17.930 20.824 22.192
 17.522 15.987 15.197 14.891 13.619 15.888 15.357 18.804 20.494 17.491 15.253 14.789 11.427 12.077 10.361 12.081 13.083 16.277 18.867 18.934 15.330 15.412 14.449 12.740 10.551  9.904  8.863  6.398  5.046  5.463  3.850  0.000  3.849  6.047  5.877  7.971  9.278 10.098 13.745 14.527 13.263 16.205 16.093 19.502 21.326 24.978 25.537 24.535 21.664 19.709 19.851 17.030 18.925 20.134 18.980 18.752 22.087 23.666 23.279 24.410 21.554 22.359 20.513 19.719 20.083 18.672 17.209 17.612 15.244 17.153 16.043 18.541 19.080 21.624 24.421 25.689
 16.378 14.143 13.265 12.364 11.312 13.275 13.030 16.672 17.964 14.678 12.012 11.479  8.136  9.044  8.290 10.893 12.761 16.380 18.913 19.730 16.335 16.702 15.319 14.454 12.369 10.532  9.887  8.732  6.137  5.036  5.581  3.849  0.000  3.828  6.137  8.222 10.846 11.828 15.405 15.283 13.551 16.167 15.630 18.638 20.187 23.633 24.381 23.924 21.466 19.833 20.692 18.407 20.621 21.272 19.775 18.806 22.194 24.030 23.140 23.923 20.687 21.072 18.906 17.497 18.028 16.396 15.490 15.863 13.853 16.099 15.472 18.533 19.415 22.383 25.052 26.243
 19.258 16.652 15.114 13.336 11.403 12.333 11.092 14.395 15.337 12.066 10.008 10.646  8.259 10.584 10.880 14.004 15.703 19.347 21.458 22.318 18.808 18.545 16.493 15.491 14.258 12.193 10.498 10.113  8.561  5.786  5.657  6.047  3.828  0.000  3.850  5.728  9.201 11.068 14.126 13.275 12.060 14.973 15.100 18.080 20.114 23.412 23.648 23.452 20.974 19.966 20.987 18.984 21.715 22.571 21.545 20.571 24.190 25.632 24.349 25.465 22.203 22.866 20.975 19.157 19.141 16.820 15.627 15.080 12.532 14.087 12.968 16.039 16.624 19.704 22.160 23.257
 21.790 19.570 17.957 16.434 14.117 15.036 13.187 16.036 17.184 14.315 13.011 14.017 11.775 14.046 13.757 16.472 17.600 20.981 23.034 23.304 19.584 18.823 16.829 15.003 14.161 12.951 10.426  9.428  9.288  6.950  4.506  5.877  6.137  3.850  0.000  3.825  6.484  9.248 11.982 11.641 11.428 14.921 15.860 19.219 21.730 25.156 24.979 24.377 21.483 20.481 20.891 18.526 21.232 22.713 22.210 21.867 25.539 26.605 25.602 27.156 24.194 25.296 23.712 22.246 21.964 19.617 17.849 16.993 13.881 14.691 12.679 15.044 14.914 17.568 20.010 21.127
 21.943 19.715 17.463 15.710 12.747 13.361 11.044 13.469 15.132 12.886 12.340 13.409 11.696 14.386 14.241 17.063 17.605 20.810 22.270 22.495 18.777 17.379 14.830 13.090 13.179 11.756  8.551  8.786  9.500  6.464  4.724  7.971  8.222  5.728  3.825  0.000  3.896  6.512  8.817  7.937  7.800 11.395 12.823 16.209 19.080 22.448 21.894 21.197 18.213 17.560 18.004 15.968 19.053 20.583 20.536 20.289 24.080 24.684 23.449 25.376 22.603 24.159 23.096 21.696 20.773 18.140 15.828 14.477 11.009 11.307  9.052 11.309 11.467 14.305 16.971 18.275
 23.358 21.628 19.347 18.069 15.041 15.974 13.687 15.689 17.814 16.089 15.871 16.686 14.847 17.175 16.402 18.696 18.525 21.277 22.506 22.107 18.344 16.388 14.016 11.503 12.239 11.829  8.150  8.060 10.273  8.259  5.728  9.278 10.846  9.201  6.484  3.896  0.000  3.891  5.645  6.194  7.151 10.930 12.995 16.627 19.764 23.218 22.386 21.096 17.717 16.897 16.550 14.158 17.087 19.221 19.768 20.231 23.934 24.092 23.241 25.590 23.265 25.278 24.624 23.732 22.569 20.154 17.349 16.051 12.466 12.264  9.603 10.681 10.409 12.541 15.461 16.952
 21.481 20.145 17.712 16.904 13.954 15.404 13.681 15.666 18.454 17.086 16.781 16.856 14.898 16.758 15.536 17.383 16.491 18.816 19.611 18.975 15.309 12.933 10.487  7.861  9.304  9.204  5.438  6.233  9.182  7.885  6.533 10.098 11.828 11.068  9.248  6.512  3.891  0.000  3.852  5.687  5.380  8.599 10.415 14.164 17.209 20.760 20.045 18.292 14.744 13.515 12.832 10.299 13.249 15.422 16.213 16.981 20.606 20.499 19.822 22.376 20.378 22.728 22.498 22.072 20.648 18.554 15.413 14.508 11.242 11.413  9.562 10.465 11.186 13.184 16.424 18.107
 24.762 23.445 20.740 19.726 16.476 17.366 15.175 16.318 19.148 18.427 18.849 19.315 17.887 20.048 19.075 20.964 19.843 21.908 22.255 21.421 17.954 15.035 12.403  9.822 12.218 12.352  8.700  9.878 12.973 11.493 10.117 13.745 15.405 14.126 11.982  8.817  5.645  3.852  0.000  3.847  5.654  8.374 11.273 14.685 18.117 21.371 20.013 18.089 14.433 13.880 12.807 10.777 13.858 16.386 17.946 19.029 22.542 21.820 21.055 24.025 22.387 25.096 25.287 24.880 23.027 20.728 17.292 15.806 12.419 11.447  9.059  8.491  8.731 10.032 13.364 15.211
 25.090 23.267 20.234 18.566 14.982 15.081 12.382 13.014 15.683 15.299 16.268 17.186 16.431 19.127 18.881 21.308 20.604 23.010 23.242 22.997 19.584 16.829 13.624 11.918 14.199 13.294  9.633 11.612 13.899 11.439 10.694 14.527 15.283 13.275 11.641  7.937  6.194  5.687  3.847  0.000  3.837  6.701 10.070 13.138 16.793 19.794 18.142 16.832 13.505 13.797 13.689 12.519 16.065 17.991 19.325 19.746 23.414 22.763 21.364 24.217 22.283 24.855 25.003 24.087 22.003 19.225 15.871 13.679 10.057  8.318  5.403  4.972  5.751  8.196 11.511 13.359
 21.583 19.742 16.583 15.004 11.473 11.948  9.867 11.037 14.205 13.671 14.176 14.399 13.559 15.996 15.742 18.125 17.335 19.743 19.828 19.928 16.623 14.067 10.587  9.678 11.814 10.214  6.940  9.856 11.567  9.084  9.582 13.263 13.551 12.060 11.428  7.800  7.151  5.380  5.654  3.837  0.000  3.827  6.490  9.851 13.330 16.556 15.377 14.113 10.855 10.788 11.324 10.381 14.095 15.395 16.290 16.286 20.020 19.607 18.001 20.656 18.555 21.057 21.230 20.352 18.214 15.541 12.132 10.258  6.788  6.189  4.972  6.474  8.779 11.584 14.779 16.502
 21.338 19.623 16.151 14.643 11.212 11.486 10.013 10.443 14.086 14.331 15.109 14.848 14.542 16.705 16.609 18.768 17.578 19.573 18.938 19.250 16.419 13.649  9.884 10.150 12.788 10.908  8.627 12.178 13.590 11.425 12.772 16.205 16.167 14.973 14.921 11.395 10.930  8.599  8.374  6.701  3.827  0.000  3.829  6.534 10.221 13.218 11.782 10.357  7.149  7.771  9.001  9.352 13.158 13.815 14.951 14.729 18.275 17.434 15.414 18.266 16.480 19.300 20.069 19.356 16.662 14.061 10.373  8.347  5.798  5.131  6.067  7.120 10.422 12.991 16.012 17.725
 18.083 16.428 12.860 11.630  8.624  9.533  9.387 10.407 14.185 14.214 14.350 13.170 12.794 14.352 14.226 16.140 14.824 16.681 15.787 16.591 14.086 11.784  8.006  9.634 11.707  9.155  8.221 12.049 12.622 10.874 13.223 16.093 15.630 15.100 15.860 12.823 12.995 10.415 11.273 10.070  6.490  3.829  0.000  3.813  6.945 10.395  9.931  8.618  5.936  5.689  8.159  8.945 12.416 12.078 12.476 11.548 15.095 14.615 12.274 14.788 12.766 15.514 16.387 15.794 12.985 10.669  6.883  5.806  4.799  6.446  8.765 10.659 14.035 16.750 19.706 21.323
 18.890 17.214 13.497 12.151  9.632  9.818 10.321 10.416 14.138 14.917 15.382 13.973 14.390 15.756 16.102 17.896 16.563 18.068 16.548 17.810 15.970 13.896 10.400 12.773 14.805 12.125 11.847 15.658 15.866 14.145 16.804 19.502 18.638 18.080 19.219 16.209 16.627 14.164 14.685 13.138  9.851  6.534  3.813  0.000  3.825  6.773  6.203  5.466  4.385  5.673  9.195 11.226 14.301 13.159 13.493 11.997 15.041 14.288 11.223 13.570 11.809 14.592 16.040 15.374 11.980  9.713  6.237  5.029  6.246  7.593 10.850 12.523 16.193 18.827 21.500 23.025
 17.310 15.852 12.287 11.429 10.027 10.532 12.213 12.494 15.886 16.615 16.636 14.527 15.057 15.673 16.071 17.412 15.988 17.055 15.062 16.878 15.755 14.317 11.422 14.557 16.068 13.251 13.995 17.632 17.271 16.012 19.119 21.326 20.187 20.114 21.730 19.080 19.764 17.209 18.117 16.793 13.330 10.221  6.945  3.825  0.000  3.849  5.510  5.476  6.418  6.875 10.676 13.001 15.392 13.334 12.979 10.712 13.165 12.687  9.130 10.771  9.047 11.662 13.577 13.144  9.464  8.006  5.492  6.151  8.913 10.947 14.405 16.286 19.957 22.615 25.238 26.713
 19.734 18.309 14.915 13.957 12.945 12.749 14.508 14.028 17.032 18.365 18.737 16.724 17.849 18.434 19.198 20.476 19.151 19.948 17.614 19.626 18.987 17.663 14.988 18.183 19.775 17.005 17.768 21.419 20.988 19.630 22.769 24.978 23.633 23.412 25.156 22.448 23.218 20.760 21.371 19.794 16.556 13.218 10.395  6.773  3.849  0.000  3.850  5.575  8.372  9.721 13.380 16.201 18.357 16.028 15.785 13.427 15.144 14.395 10.614 11.761 10.690 12.903 15.227 14.713 10.907  9.787  8.422  8.673 11.798 13.283 16.937 18.562 22.300 24.841 27.203 28.595
 22.682 21.093 17.485 16.083 14.247 13.467 14.245 12.976 16.072 17.953 19.025 17.705 19.036 20.274 21.116 22.751 21.422 22.444 20.245 21.818 20.778 18.850 15.763 18.443 20.604 18.016 17.999 21.800 21.889 20.131 22.869 25.537 24.381 23.648 24.979 21.894 22.386 20.045 20.013 18.142 15.377 11.782  9.931  6.203  5.510  3.850  0.000  3.825  6.871  9.597 12.999 16.039 18.594 16.863 17.386 15.640 17.681 16.391 12.816 14.730 13.850 16.388 18.575 17.882 14.084 12.256 10.159  8.988 11.286 11.655 15.162 16.201 19.924 22.221 24.376 25.745
 22.122 21.006 17.490 16.667 14.719 14.751 15.347 14.615 18.112 19.591 20.417 18.987 19.627 20.672 20.853 22.133 20.270 20.949 18.572 19.578 18.553 16.215 13.271 15.866 18.383 16.332 16.323 20.050 20.626 19.301 21.781 24.535 23.924 23.452 24.377 21.197 21.096 18.292 18.089 16.832 14.113 10.357  8.618  5.466  5.476  5.575  3.825  0.000  3.827  6.513  9.559 12.894 15.236 13.621 14.685 13.605 15.630 13.790 10.587 13.279 12.938 16.107 18.547 18.493 14.807 13.381 10.602  9.924 11.502 11.878 14.944 15.562 19.214 21.202 23.599 25.118
 21.389 20.314 16.801 16.043 13.629 14.087 14.151 13.896 17.646 18.684 19.394 18.176 18.283 19.516 19.309 20.652 18.675 19.561 17.578 18.083 16.497 13.714 10.481 12.554 15.399 13.666 13.178 16.853 17.890 16.623 18.728 21.664 21.466 20.974 21.483 18.213 17.717 14.744 14.433 13.505 10.855  7.149  5.936  4.385  6.418  8.372  6.871  3.827  0.000  3.826  6.531  9.562 12.362 11.477 12.966 12.527 15.134 13.316 10.708 13.909 13.279 16.671 18.715 18.739 15.340 13.678 10.229  9.357  9.754  9.973 12.466 12.908 16.432 18.357 21.015 22.643
 18.614 18.009 14.805 14.810 12.836 14.316 14.853 15.543 19.346 19.690 19.710 18.020 17.388 18.039 17.177 18.003 15.607 16.175 14.173 14.381 12.813  9.999  7.022  9.562 12.223 10.834 11.031 14.459 15.486 14.955 17.130 19.709 19.833 19.966 20.481 17.560 16.897 13.515 13.880 13.797 10.788  7.771  5.689  5.673  6.875  9.721  9.597  6.513  3.826  0.000  3.837  6.623  9.098  7.890  9.217  9.119 11.878 10.204  8.148 11.544 10.976 14.554 16.543 17.129 14.123 13.113  9.669 10.028 10.340 11.542 13.695 14.521 17.805 19.770 22.710 24.409
 20.144 20.008 17.156 17.554 15.558 17.342 17.498 18.343 22.155 22.308 22.283 20.771 19.663 20.239 18.816 19.286 16.505 16.695 14.814 14.010 12.352  8.863  6.578  8.047 11.308 11.162 11.065 13.927 15.744 15.753 17.243 19.851 20.692 20.987 20.891 18.004 16.550 12.832 12.807 13.689 11.324  9.001  8.159  9.195 10.676 13.380 12.999  9.559  6.531  3.837  0.000  3.834  5.949  5.902  8.606 10.056 12.503 10.322  9.619 13.288 13.305 16.964 18.901 19.907 17.253 16.476 13.013 13.362 12.917 13.695 14.998 15.180 17.984 19.408 22.431 24.205
 19.264 19.262 16.764 17.392 15.410 17.652 17.615 19.063 22.761 22.337 21.947 20.517 18.799 19.274 17.367 17.689 14.896 15.264 14.131 12.768 10.407  6.623  4.702  4.599  8.134  8.922  8.606 10.806 13.098 13.623 14.599 17.030 18.407 18.984 18.526 15.968 14.158 10.299 10.777 12.519 10.381  9.352  8.945 11.226 13.001 16.201 16.039 12.894  9.562  6.623  3.834  0.000  3.852  5.701  8.089 10.193 12.959 11.507 11.587 14.867 14.454 17.799 19.129 20.180 18.082 17.329 13.919 14.441 13.299 14.293 14.863 15.206 17.505 18.908 22.105 23.900
 19.481 20.214 18.244 19.560 18.142 20.750 21.076 22.682 26.381 25.841 25.178 23.443 21.442 21.358 18.978 18.548 15.270 14.734 13.339 11.114  9.500  5.879  6.337  6.321  8.874 10.674 11.252 12.608 14.818 16.164 17.033 18.925 20.621 21.715 21.232 19.053 17.087 13.249 13.858 16.065 14.095 13.158 12.416 14.301 15.392 18.357 18.594 15.236 12.362  9.098  5.949  3.852  0.000  3.813  6.808 10.058 11.886 10.181 11.505 14.597 14.924 18.220 19.748 21.450 19.660 19.582 16.500 17.603 16.829 18.060 18.672 18.940 21.074 22.214 25.369 27.137
 17.376 18.326 16.392 18.035 17.134 19.843 20.798 22.389 26.108 25.680 24.861 22.681 20.882 20.393 18.136 17.430 13.957 12.944 10.739  8.997  8.331  5.398  6.109  8.106  9.922 10.792 12.330 14.149 15.508 16.851 18.482 20.134 21.272 22.571 22.713 20.583 19.221 15.422 16.386 17.991 15.395 13.815 12.078 13.159 13.334 16.028 16.863 13.621 11.477  7.890  5.902  5.701  3.813  0.000  3.842  7.015  8.376  6.398  7.900 10.905 11.644 15.028 16.977 18.997 17.124 17.560 14.829 16.515 16.578 18.303 19.642 20.341 22.942 24.434 27.567 29.307
 13.704 14.981 13.485 15.702 15.528 18.650 20.190 22.224 25.770 24.986 23.670 21.064 19.043 17.948 15.493 14.307 10.690  9.301  6.911  5.559  5.377  4.119  5.881  8.707  9.071  9.426 12.042 13.622 14.068 15.804 17.921 18.980 19.775 21.545 22.210 20.536 19.768 16.213 17.946 19.325 16.290 14.951 12.476 13.493 12.979 15.785 17.386 14.685 12.966  9.217  8.606  8.089  6.808  3.842  0.000  3.826  5.279  5.141  6.857  8.737  9.007 11.937 13.602 15.938 14.573 15.601 13.485 15.924 16.428 18.849 20.464 21.814 24.524 26.430 29.621 31.314
 11.034 11.987 10.304 12.643 13.003 16.133 18.234 20.339 23.715 22.914 21.418 18.482 16.730 15.371 13.326 12.275  8.995  7.996  5.174  6.238  6.244  6.382  6.790 10.370 10.228  9.142 12.194 14.199 13.728 15.066 17.852 18.752 18.806 20.571 21.867 20.289 20.231 16.981 19.029 19.746 16.286 14.729 11.548 11.997 10.712 13.427 15.640 13.605 12.527  9.119 10.056 10.193 10.058  7.015  3.826  0.000  3.855  5.473  5.398  6.210  5.384  8.249  9.990 12.274 10.857 12.251 10.690 13.681 14.884 17.781 19.913 21.785 24.771 27.085 30.226 31.861
 11.839 13.664 12.716 15.484 16.374 19.438 21.791 23.769 27.102 26.407 24.841 21.711 20.031 18.261 16.145 14.452 11.071  8.825  5.041  5.918  8.017  8.859 10.221 13.554 13.274 12.714 15.890 17.595 17.073 18.723 21.457 22.087 22.194 24.190 25.539 24.080 23.934 20.606 22.542 23.414 20.020 18.275 15.095 15.041 13.165 15.144 17.681 15.630 15.134 11.878 12.503 12.959 11.886  8.376  5.279  3.855  0.000  3.854  5.421  4.714  5.959  8.205 10.577 13.656 12.593 14.768 13.780 16.943 18.502 21.358 23.621 25.364 28.394 30.580 33.699 35.336
 15.484 16.944 15.415 17.630 17.824 20.525 22.463 23.971 27.525 27.258 26.177 23.353 21.941 20.722 18.777 17.529 14.082 12.157  8.591  8.331  9.880  9.232 10.153 13.365 14.115 13.890 16.430 18.482 18.676 20.016 22.490 23.666 24.030 25.632 26.605 24.684 24.092 20.499 21.820 22.763 19.607 17.434 14.615 14.288 12.687 14.395 16.391 13.790 13.316 10.204 10.322 11.507 10.181  6.398  5.141  5.473  3.854  0.000  3.834  5.440  7.830 10.944 13.788 16.496 14.709 16.313 14.659 17.248 18.649 20.972 23.203 24.423 27.489 29.355 32.402 34.076
 15.259 15.935 13.773 15.404 15.427 17.701 19.749 20.952 24.450 24.471 23.625 20.841 19.948 19.053 17.740 17.133 14.161 13.069  9.654 10.576 11.312 10.420  9.972 13.617 14.652 13.476 15.743 18.405 18.344 18.995 21.813 23.279 23.140 24.349 25.602 23.449 23.241 19.822 21.055 21.364 18.001 15.414 12.274 11.223  9.130 10.614 12.816 10.587 10.708  8.148  9.619 11.587 11.505  7.900  6.857  5.398  5.421  3.834  0.000  3.851  5.624  9.262 12.409 14.504 12.059 13.342 11.686 14.162 16.030 18.359 21.002 22.400 25.722 27.821 30.770 32.402
 13.386 14.426 12.883 15.023 15.964 18.376 21.006 22.441 25.665 25.479 24.245 21.071 20.191 18.686 17.452 16.400 13.662 12.173  8.562 10.484 12.025 12.328 12.407 16.151 16.402 14.960 17.779 20.180 19.449 20.315 23.439 24.410 23.923 25.465 27.156 25.376 25.590 22.376 24.025 24.217 20.656 18.266 14.788 13.570 10.771 11.761 14.730 13.279 13.909 11.544 13.288 14.867 14.597 10.905  8.737  6.210  4.714  5.440  3.851  0.000  3.843  6.445  9.973 12.584 10.691 12.980 12.417 15.506 17.870 20.635 23.479 25.280 28.646 30.977 33.928 35.514
 10.685 11.035  9.158 11.225 12.420 14.966 17.829 19.579 22.633 22.159 20.686 17.395 16.502 14.942 13.967 13.274 11.027 10.435  7.572 10.376 11.003 11.627 11.133 14.911 14.753 12.608 15.504 17.958 16.733 17.340 20.715 21.554 20.687 22.203 24.194 22.603 23.265 20.378 22.387 22.283 18.555 16.480 12.766 11.809  9.047 10.690 13.850 12.938 13.279 10.976 13.305 14.454 14.924 11.644  9.007  5.384  5.959  7.830  5.624  3.843  0.000  3.837  6.904  9.048  7.089  9.437  9.225 12.683 15.141 18.279 21.155 23.399 26.737 29.370 32.331 33.871
  8.719  9.162  8.260 10.768 13.034 15.580 18.911 20.911 23.541 22.770 20.864 17.262 16.399 14.187 13.464 12.428 10.909 10.342  8.161 11.715 12.655 14.186 14.013 17.609 16.770 14.416 17.586 19.684 17.784 18.498 22.063 22.359 21.072 22.866 25.296 24.159 25.278 22.728 25.096 24.855 21.057 19.300 15.514 14.592 11.662 12.903 16.388 16.107 16.671 14.554 16.964 17.799 18.220 15.028 11.937  8.249  8.205 10.944  9.262  6.445  3.837  0.000  3.838  6.580  5.956  9.428 10.626 14.343 17.040 20.470 23.392 26.001 29.287 32.132 35.062 36.546
  5.779  5.735  5.911  8.904 11.963 14.744 18.232 20.717 22.986 21.671 19.252 15.495 14.297 11.500 10.831  9.647  9.107  9.298  8.590 12.376 12.804 14.934 14.828 18.033 16.506 13.926 17.205 18.850 16.327 17.134 20.751 20.513 18.906 20.975 23.712 23.096 24.624 22.498 25.287 25.003 21.230 20.069 16.387 16.040 13.577 15.227 18.575 18.547 18.715 16.543 18.901 19.129 19.748 16.977 13.602  9.990 10.577 13.788 12.409  9.973  6.904  3.838  0.000  3.845  5.551  9.044 10.946 14.707 17.113 20.803 23.478 26.447 29.520 32.559 35.493 36.914
  7.628  5.407  4.687  6.305  9.788 12.043 15.729 18.209 20.058 18.651 16.147 12.349 11.691  9.107  9.675  9.739 10.400 11.805 11.700 15.341 14.997 16.737 15.880 18.880 17.450 14.283 17.042 18.877 16.057 16.109 19.878 19.719 17.497 19.157 22.246 21.696 23.732 22.072 24.880 24.087 20.352 19.356 15.794 15.374 13.144 14.713 17.882 18.493 18.739 17.129 19.907 20.180 21.450 18.997 15.938 12.274 13.656 16.496 14.504 12.584  9.048  6.580  3.845  0.000  3.845  6.660  9.515 12.935 15.458 19.171 21.908 25.158 28.191 31.441 34.229 35.550
 10.170  8.171  5.619  6.035  8.366 10.215 13.837 15.809 18.042 17.244 15.393 11.815 11.762 10.254 11.004 11.677 11.550 12.881 11.921 15.315 14.800 15.709 14.230 17.502 16.843 13.512 15.881 18.381 16.137 15.697 19.505 20.083 18.028 19.141 21.964 20.773 22.569 20.648 23.027 22.003 18.214 16.662 12.985 11.980  9.464 10.907 14.084 14.807 15.340 14.123 17.253 18.082 19.660 17.124 14.573 10.857 12.593 14.709 12.059 10.691  7.089  5.956  5.551  3.845  0.000  3.835  6.490  9.955 12.951 16.485 19.561 22.596 25.862 29.036 31.776 33.130
 12.662  9.960  6.548  4.638  5.525  6.553 10.163 12.010 14.253 13.594 12.098  8.815  9.470  9.216 10.757 12.565 12.792 14.861 14.222 17.186 15.902 16.124 13.837 16.743 16.502 12.831 14.355 17.200 15.159 13.853 17.614 18.672 16.396 16.820 19.617 18.140 20.154 18.554 20.728 19.225 15.541 14.061 10.669  9.713  8.006  9.787 12.256 13.381 13.678 13.113 16.476 17.329 19.582 17.560 15.601 12.251 14.768 16.313 13.342 12.980  9.437  9.428  9.044  6.660  3.835  0.000  3.814  6.571  9.650 13.102 16.244 19.409 22.658 25.947 28.565 29.864
 13.871 11.583  7.791  6.123  4.709  6.075  8.715 10.460 13.492 13.086 12.154  9.506  9.716 10.265 11.093 13.025 12.539 14.597 13.753 16.060 14.318 13.724 10.889 13.679 14.080 10.509 11.513 14.791 13.476 11.982 15.525 17.209 15.490 15.627 17.849 15.828 17.349 15.413 17.292 15.871 12.132 10.373  6.883  6.237  5.492  8.422 10.159 10.602 10.229  9.669 13.013 13.919 16.500 14.829 13.485 10.690 13.780 14.659 11.686 12.417  9.225 10.626 10.946  9.515  6.490  3.814  0.000  3.832  6.655 10.102 13.241 16.150 19.493 22.643 25.373 26.775
 17.421 14.884 11.096  8.582  5.721  4.878  6.097  6.961 10.337 10.571 10.668  9.134 10.199 12.009 13.325 15.847 15.592 17.909 17.187 19.115 16.991 15.758 12.362 14.502 15.527 12.060 11.833 15.367 14.573 12.204 15.311 17.612 15.863 15.080 16.993 14.477 16.051 14.508 15.806 13.679 10.258  8.347  5.806  5.029  6.151  8.673  8.988  9.924  9.357 10.028 13.362 14.441 17.603 16.515 15.924 13.681 16.943 17.248 14.162 15.506 12.683 14.343 14.707 12.935  9.955  6.571  3.832  0.000  3.827  6.710 10.179 13.085 16.506 19.736 22.279 23.622
 18.801 16.279 12.648 10.134  6.442  5.758  4.646  6.006  9.629  9.435  9.850  9.324  9.806 12.351 13.355 16.180 15.988 18.621 18.376 19.741 17.023 15.375 11.740 12.899 14.154 10.963  9.592 13.065 12.823  9.930 12.454 15.244 13.853 12.532 13.881 11.009 12.466 11.242 12.419 10.057  6.788  5.798  4.799  6.246  8.913 11.798 11.286 11.502  9.754 10.340 12.917 13.299 16.829 16.578 16.428 14.884 18.502 18.649 16.030 17.870 15.141 17.040 17.113 15.458 12.951  9.650  6.655  3.827  0.000  3.820  6.646  9.837 13.042 16.379 19.041 20.445
 22.543 20.073 16.453 13.877 10.158  8.737  6.236  5.563  9.089  9.857 11.488 12.048 12.910 15.845 16.887 19.769 19.476 22.022 21.652 22.675 19.865 17.699 13.912 14.476 16.371 13.695 11.506 14.872 15.358 12.230 13.873 17.153 16.099 14.087 14.691 11.307 12.264 11.413 11.447  8.318  6.189  5.131  6.446  7.593 10.947 13.283 11.655 11.878  9.973 11.542 13.695 14.293 18.060 18.303 18.849 17.781 21.358 20.972 18.359 20.635 18.279 20.470 20.803 19.171 16.485 13.102 10.102  6.710  3.820  0.000  3.824  6.538  9.945 13.243 15.717 17.118
 24.477 22.060 18.678 16.205 12.405 11.288  8.089  7.838 10.480 10.717 12.437 13.725 14.095 17.287 18.061 21.022 20.833 23.539 23.570 24.168 20.999 18.650 14.998 14.566 16.503 14.369 11.354 14.128 15.174 11.891 12.467 16.043 15.472 12.968 12.679  9.052  9.603  9.562  9.059  5.403  4.972  6.067  8.765 10.850 14.405 16.937 15.162 14.944 12.466 13.695 14.998 14.863 18.672 19.642 20.464 19.913 23.621 23.203 21.002 23.479 21.155 23.392 23.478 21.908 19.561 16.244 13.241 10.179  6.646  3.824  0.000  3.829  6.535 10.076 12.684 14.176
 27.491 25.333 21.923 19.686 15.904 14.887 11.782 10.902 13.354 14.128 16.150 17.517 17.832 20.917 21.410 24.148 23.584 26.001 25.787 25.975 22.853 20.039 16.455 15.625 18.154 16.636 13.380 15.989 17.738 14.796 14.771 18.541 18.533 16.039 15.044 11.309 10.681 10.465  8.491  4.972  6.474  7.120 10.659 12.523 16.286 18.562 16.201 15.562 12.908 14.521 15.180 15.206 18.940 20.341 21.814 21.785 25.364 24.423 22.400 25.280 23.399 26.001 26.447 25.158 22.596 19.409 16.150 13.085  9.837  6.538  3.829  0.000  3.820  6.828  9.549 11.294
 30.093 27.930 24.710 22.472 18.703 17.720 14.334 13.622 15.425 15.893 17.945 19.781 19.900 23.117 23.523 26.310 25.906 28.439 28.535 28.476 25.157 22.336 18.982 17.513 19.894 18.792 15.201 17.121 19.153 16.242 15.358 19.080 19.415 16.624 14.914 11.467 10.409 11.186  8.731  5.751  8.779 10.422 14.035 16.193 19.957 22.300 19.924 19.214 16.432 17.805 17.984 17.505 21.074 22.942 24.524 24.771 28.394 27.489 25.722 28.646 26.737 29.287 29.520 28.191 25.862 22.658 19.493 16.506 13.042  9.945  6.535  3.820  0.000  3.832  6.614  8.564
 33.046 31.089 27.902 25.852 22.110 21.263 17.949 17.097 18.851 19.481 21.578 23.400 23.405 26.521 26.696 29.299 28.655 30.975 30.968 30.569 27.296 24.226 21.072 19.286 21.932 21.328 17.687 19.334 21.792 19.201 17.930 21.624 22.383 19.704 17.568 14.305 12.541 13.184 10.032  8.196 11.584 12.991 16.750 18.827 22.615 24.841 22.221 21.202 18.357 19.770 19.408 18.908 22.214 24.434 26.430 27.085 30.580 29.355 27.821 30.977 29.370 32.132 32.559 31.441 29.036 25.947 22.643 19.736 16.379 13.243 10.076  6.828  3.832  0.000  3.842  6.425
 36.103 34.029 30.811 28.584 24.823 23.655 20.202 18.969 20.252 21.145 23.547 25.678 25.954 29.220 29.610 32.324 31.803 34.179 34.160 33.810 30.558 27.491 24.321 22.586 25.206 24.551 20.922 22.507 24.869 22.162 20.824 24.421 25.052 22.160 20.010 16.971 15.461 16.424 13.364 11.511 14.779 16.012 19.706 21.500 25.238 27.203 24.376 23.599 21.015 22.710 22.431 22.105 25.369 27.567 29.621 30.226 33.699 32.402 30.770 33.928 32.331 35.062 35.493 34.229 31.776 28.565 25.373 22.279 19.041 15.717 12.684  9.549  6.614  3.842  0.000  3.814
