  0.000  3.832  6.690 10.287 13.211 16.643 19.736 23.006 24.723 22.591 19.835 16.209 13.896 10.410  8.330  5.521  5.453  5.831  7.615 10.766 10.708 13.725 14.537 16.823 14.170 12.443 16.069 16.621 13.906 15.757 18.932 18.031 17.157 19.888 22.329 22.459 23.578 21.530 24.688 25.079 21.687 21.225 18.017 18.781 17.031 19.270 22.349 21.849 21.313 18.573 20.120 19.246 19.392 17.270 13.662 10.963 11.944 15.542 15.242 13.358 10.586  8.490  5.720  7.679 10.040 12.593 13.876 17.412 18.762 22.470 24.455 27.411 30.285 31.727 33.921 35.409
  3.832  0.000  3.827  6.852 10.092 13.298 16.484 19.760 21.250 19.001 16.185 12.516 10.437  6.918  5.809  4.696  6.308  8.422 10.001 13.171 12.256 14.566 14.403 16.670 14.261 11.677 14.856 15.775 12.693 13.734 17.219 16.477 14.917 17.316 20.152 20.285 21.904 20.204 23.363 23.220 19.770 19.428 16.238 16.965 15.441 17.782 20.692 20.621 20.114 17.838 19.866 19.147 20.032 18.092 14.858 11.839 13.661 16.862 15.778 14.279 10.838  8.953  5.652  5.459  7.986  9.810 11.454 14.748 16.143 19.923 21.964 25.174 27.933 29.400 31.599 33.072
  6.690  3.827  0.000  3.818  6.725 10.033 13.267 16.427 18.262 16.309 13.892 10.252  8.542  6.039  5.384  6.311  6.979  9.445 10.124 13.147 11.749 13.117 12.074 14.627 12.930  9.718 12.522 14.246 11.554 11.788 15.515 15.591 13.931 15.653 18.455 17.988 19.585 17.725 20.598 20.207 16.607 15.957 12.653 13.234 11.869 14.427 17.118 17.101 16.582 14.604 16.982 16.622 18.027 16.100 13.348 10.164 12.679 15.272 13.575 12.719  8.973  8.163  5.978  4.859  5.456  6.447  7.666 10.986 12.541 16.320 18.596 21.797 24.671 26.247 28.432 29.914
 10.287  6.852  3.818  0.000  3.821  6.507  9.925 13.039 14.641 12.613 10.278  6.624  5.784  4.709  6.194  8.786 10.114 13.005 13.634 16.427 14.584 15.245 13.340 15.617 14.403 10.718 12.512 14.612 11.915 10.934 14.754 15.189 12.854 13.815 16.956 16.367 18.500 17.120 19.802 18.736 15.186 14.669 11.609 12.075 11.240 13.776 16.007 16.534 16.056 14.834 17.605 17.462 19.552 17.938 15.767 12.717 15.597 17.656 15.400 15.031 11.239 10.860  8.977  6.393  6.043  4.684  6.128  8.588 10.172 13.919 16.268 19.727 22.421 24.019 26.176 27.626
 13.211 10.092  6.725  3.821  0.000  3.823  6.607  9.917 11.908 10.284  8.495  5.691  5.062  6.364  7.507 10.767 11.607 14.666 15.139 17.324 14.914 14.662 11.996 13.860 13.337  9.498 10.191 12.786 10.705  8.714 12.390 13.632 11.410 11.495 14.375 13.233 15.380 14.126 16.542 15.153 11.643 11.290  8.655  9.655  9.980 12.984 14.399 14.731 13.736 12.917 15.657 15.505 18.170 17.074 15.639 13.138 16.524 17.887 15.497 16.048 12.506 13.190 12.084  9.887  8.400  5.654  4.755  5.783  6.509 10.239 12.475 15.966 18.652 20.295 22.510 24.040
 16.643 13.298 10.033  6.507  3.823  0.000  3.832  6.640  8.484  7.053  6.169  4.525  6.318  8.819 10.896 14.328 15.400 18.430 18.702 20.924 18.546 17.946 14.907 16.612 16.581 12.801 12.683 15.446 13.651 10.894 14.139 15.713 13.093 12.170 15.129 13.746 16.288 15.551 17.422 15.271 12.062 11.609  9.566  9.885 10.618 13.030 13.823 14.894 14.260 14.439 17.470 17.756 20.792 19.798 18.782 16.297 19.604 20.610 17.808 18.509 15.112 15.829 14.881 12.130 10.337  6.733  6.114  4.939  5.825  8.863 11.330 14.970 17.381 19.048 21.110 22.527
 19.736 16.484 13.267  9.925  6.607  3.832  0.000  3.837  5.847  5.331  5.708  6.367  7.943 11.288 13.119 16.754 17.747 20.910 21.298 23.067 20.309 19.187 15.831 16.842 17.259 13.760 12.557 15.250 14.040 10.610 13.086 15.178 12.702 10.740 13.254 11.513 14.226 14.098 15.538 12.827 10.197 10.383  9.615 10.529 12.397 14.892 14.767 15.631 14.478 15.119 17.802 17.922 21.329 20.932 20.481 18.527 22.058 22.653 19.953 21.205 18.028 19.175 18.400 15.824 13.931 10.306  8.788  6.186  4.911  6.599  8.354 12.053 14.115 15.741 17.845 19.344
 23.006 19.760 16.427 13.039  9.917  6.640  3.837  0.000  3.854  5.562  7.744  9.263 11.487 14.791 16.749 20.330 21.179 24.180 24.240 25.988 23.345 21.905 18.349 19.377 20.281 16.912 15.400 18.268 17.455 13.922 15.966 18.352 15.991 13.551 15.641 13.549 16.052 16.093 16.780 13.637 11.544 11.304 11.132 11.285 13.366 15.208 14.355 15.698 14.918 16.401 19.191 19.797 23.363 22.988 22.932 21.041 24.450 24.654 21.692 23.135 20.223 21.557 21.119 18.446 16.201 12.432 10.930  7.565  6.655  6.479  8.306 11.531 13.240 14.868 16.660 17.989
 24.723 21.250 18.262 14.641 11.908  8.484  5.847  3.854  0.000  3.840  6.767  9.466 12.098 15.613 18.062 21.764 23.128 26.363 26.770 28.642 25.908 24.718 21.282 22.084 22.650 19.277 17.732 20.160 19.027 15.399 17.192 19.162 16.410 13.736 16.020 14.559 17.546 18.243 19.078 15.751 14.130 14.483 14.474 14.785 16.657 18.349 17.630 19.176 18.453 19.848 22.563 22.924 26.483 26.202 25.958 23.968 27.392 27.850 24.920 26.129 23.027 23.977 23.107 20.108 18.350 14.616 13.744 10.754  9.845  9.665 10.583 13.643 14.626 15.963 17.596 18.788
 22.591 19.001 16.309 12.613 10.284  7.053  5.331  5.562  3.840  0.000  3.811  6.818  9.635 13.101 15.840 19.543 21.257 24.620 25.318 27.367 24.655 23.874 20.671 21.551 21.622 18.130 16.986 19.160 17.520 14.070 16.183 17.661 14.569 12.311 15.131 14.219 17.509 18.196 19.599 16.533 14.578 15.144 14.616 15.152 16.629 18.540 18.424 19.899 19.148 20.040 22.795 22.886 26.280 25.862 25.203 23.012 26.421 27.282 24.465 25.338 21.989 22.555 21.279 18.141 16.849 13.266 12.904 10.578  9.927 10.780 11.783 15.191 16.362 17.631 19.385 20.596
 19.835 16.185 13.892 10.278  8.495  6.169  5.708  7.744  6.767  3.811  0.000  3.833  6.454  9.879 12.863 16.549 18.651 22.163 23.254 25.408 22.693 22.381 19.525 20.404 19.878 16.351 15.689 17.467 15.258 12.143 14.594 15.437 12.026 10.471 13.849 13.600 17.071 17.683 19.731 17.094 14.824 15.661 14.652 15.584 16.698 18.959 19.459 20.664 19.757 19.991 22.645 22.344 25.486 24.987 23.883 21.575 24.965 26.269 23.703 24.250 20.678 20.858 19.108 15.960 15.290 12.064 12.140 10.758 10.220 12.095 13.098 16.747 18.143 19.404 21.374 22.698
 16.209 12.516 10.252  6.624  5.691  4.525  6.367  9.263  9.466  6.818  3.833  0.000  3.826  6.603  9.795 13.342 15.460 18.866 19.913 22.323 19.875 19.956 17.396 18.746 17.880 14.190 14.365 16.240 13.631 11.124 14.292 14.856 11.536 11.073 14.655 14.399 17.536 17.451 19.862 17.751 14.880 15.263 13.424 14.199 14.639 16.988 18.145 19.236 18.514 18.265 21.039 20.769 23.589 22.696 21.178 18.580 21.800 23.415 20.921 21.102 17.417 17.301 15.381 12.234 11.823  8.940  9.609  9.366  9.694 12.558 14.206 17.947 19.892 21.309 23.386 24.765
 13.896 10.437  8.542  5.784  5.062  6.318  7.943 11.487 12.098  9.635  6.454  3.826  0.000  3.843  6.468 10.176 12.427 16.054 17.598 19.723 17.038 17.378 15.197 16.206 14.820 11.326 11.792 13.117 10.146  8.139 11.466 11.553  8.369  8.870 12.452 12.634 15.575 15.382 18.300 16.760 13.878 14.733 12.893 14.465 15.015 17.910 19.272 19.682 18.437 17.465 19.762 18.892 21.452 20.790 19.066 16.761 20.091 21.936 19.956 20.181 16.482 16.406 14.268 11.742 11.779  9.603  9.758 10.296  9.978 13.180 14.375 18.006 20.058 21.406 23.666 25.191
 10.410  6.918  6.039  4.709  6.364  8.819 11.288 14.791 15.613 13.101  9.879  6.603  3.843  0.000  3.819  6.983  9.759 13.290 15.137 17.575 15.301 16.436 14.980 16.352 14.315 11.020 12.652 13.598 10.154  9.556 13.053 12.424  9.692 11.428 14.817 15.281 17.797 17.124 20.320 19.345 16.243 16.782 14.373 15.749 15.528 18.327 20.329 20.594 19.562 18.026 20.233 19.261 21.249 20.200 17.860 15.294 18.242 20.640 18.977 18.597 14.845 14.110 11.429  9.205 10.270  9.347 10.309 12.090 12.467 16.020 17.487 21.009 23.287 24.645 26.901 28.407
  8.330  5.809  5.384  6.194  7.507 10.896 13.119 16.749 18.062 15.840 12.863  9.795  6.468  3.819  0.000  3.814  6.263  9.984 12.229 14.266 11.821 13.258 12.379 13.583 11.070  8.193 10.536 11.029  7.549  8.278 11.660 10.849  9.184 11.669 14.414 14.827 16.664 15.514 18.932 18.659 15.568 16.169 13.754 15.599 15.416 18.542 20.622 20.226 18.816 16.633 18.296 16.879 18.434 17.515 14.995 12.834 15.790 18.298 17.231 16.988 13.479 13.058 10.647  9.701 10.680 10.520 10.704 12.972 13.019 16.589 17.853 21.063 23.521 24.853 27.183 28.776
  5.521  4.696  6.311  8.786 10.767 14.328 16.754 20.330 21.764 19.543 16.549 13.342 10.176  6.983  3.814  0.000  3.827  7.151 10.086 12.134 10.277 12.709 12.929 14.237 11.163  9.230 12.364 12.294  9.046 11.020 13.975 12.689 11.806 14.798 17.159 17.731 19.083 17.593 21.077 21.348 18.284 18.696 16.100 17.816 17.152 20.116 22.564 21.899 20.590 17.921 19.219 17.631 18.416 17.257 14.199 12.164 14.470 17.479 17.055 16.306 13.133 12.219  9.628  9.897 11.588 12.583 13.036 15.859 16.181 19.769 21.086 24.094 26.659 27.957 30.263 31.843
  5.453  6.308  6.979 10.114 11.607 15.400 17.747 21.179 23.128 21.257 18.651 15.460 12.427  9.759  6.263  3.827  0.000  3.823  6.688  8.382  6.579  9.333 10.212 11.817  8.846  7.553 11.243 11.408  9.096 11.533 14.299 13.634 13.580 16.338 18.151 18.145 18.779 16.620 19.884 20.680 17.566 17.580 14.905 16.614 15.848 18.853 21.300 20.124 18.707 15.622 16.513 14.899 15.174 13.844 10.621  8.942 11.141 14.093 14.173 13.644 10.965 10.733  9.196 10.616 11.511 12.904 12.695 15.750 16.107 19.555 20.973 23.625 26.429 27.776 30.053 31.654
  5.831  8.422  9.445 13.005 14.666 18.430 20.910 24.180 26.363 24.620 22.163 18.866 16.054 13.290  9.984  7.151  3.823  0.000  3.878  5.445  5.398  8.985 10.991 12.883 10.185  9.872 13.671 13.838 12.218 14.883 17.399 16.853 17.198 19.945 21.496 21.285 21.460 18.896 21.898 23.106 20.007 19.606 16.814 18.166 16.950 19.606 22.271 20.819 19.631 16.256 16.773 15.341 14.709 12.928  9.285  7.975  8.939 12.244 13.139 12.185 10.390 10.104  9.365 11.962 12.814 14.951 14.788 18.109 18.775 22.116 23.701 26.092 29.043 30.407 32.607 34.170
  7.615 10.001 10.124 13.634 15.139 18.702 21.298 24.240 26.770 25.318 23.254 19.913 17.598 15.137 12.229 10.086  6.688  3.878  0.000  3.840  5.542  8.326 10.289 12.981 11.283 10.840 14.514 15.477 14.416 16.580 19.247 19.363 19.653 21.947 23.456 22.662 22.591 19.589 22.122 23.363 20.107 19.007 15.971 16.708 15.031 17.286 20.063 18.474 17.685 14.316 14.932 14.237 13.312 10.730  6.913  5.196  5.166  8.699  9.769  8.611  7.587  7.958  8.714 11.848 11.881 14.350 14.023 17.470 18.593 21.781 23.756 25.944 29.113 30.595 32.691 34.198
 10.766 13.171 13.147 16.427 17.324 20.924 23.067 25.988 28.642 27.367 25.408 22.323 19.723 17.575 14.266 12.134  8.382  5.445  3.840  0.000  3.837  6.532  9.649 11.621 10.087 10.949 14.307 14.800 14.551 17.122 19.162 19.379 20.391 22.692 23.607 22.736 22.051 18.863 21.224 23.042 20.161 19.266 16.753 17.952 16.826 19.275 21.620 19.452 18.153 14.476 14.088 12.840 11.076  9.024  5.541  6.238  6.023  8.433 10.681 10.521 10.358 11.508 12.497 15.480 15.228 17.274 16.279 19.355 19.914 22.752 24.316 26.080 29.182 30.549 32.619 34.157
 10.708 12.256 11.749 14.584 14.914 18.546 20.309 23.345 25.908 24.655 22.693 19.875 17.038 15.301 11.821 10.277  6.579  5.398  5.542  3.837  0.000  3.841  6.835  8.289  6.313  7.378 10.668 10.983 10.897 13.524 15.382 15.713 16.908 19.120 19.855 19.019 18.328 15.264 17.862 19.660 16.895 16.474 14.282 16.145 15.722 18.721 20.698 18.487 16.616 12.926 12.465 10.518  9.507  8.371  5.390  6.265  8.111  9.955 11.419 12.056 10.970 12.456 12.894 15.127 14.692 15.993 14.522 17.229 17.207 19.975 21.186 22.978 25.958 27.272 29.432 31.046
 13.725 14.566 13.117 15.245 14.662 17.946 19.187 21.905 24.718 23.874 22.381 19.956 17.378 16.436 13.258 12.709  9.333  8.985  8.326  6.532  3.841  0.000  3.832  5.232  5.116  6.546  8.829  9.824 10.872 12.839 14.337 15.547 16.980 18.536 18.826 17.359 16.156 12.701 14.793 16.830 14.248 13.628 11.910 14.009 14.225 17.364 18.745 16.111 13.781 10.044  8.948  6.726  5.916  5.432  4.111  6.341  8.863  9.224 10.456 12.289 11.506 13.945 14.941 16.737 15.468 16.086 13.797 15.893 15.461 17.712 18.756 20.117 23.146 24.477 26.584 28.218
 14.537 14.403 12.074 13.340 11.996 14.907 15.831 18.349 21.282 20.671 19.525 17.396 15.197 14.980 12.379 12.929 10.212 10.991 10.289  9.649  6.835  3.832  0.000  3.846  5.378  4.970  6.318  8.672  9.859 10.702 12.456 14.405 15.406 16.299 16.696 14.716 13.722 10.165 12.080 13.622 10.741  9.864  8.146 10.543 11.378 14.803 15.769 13.228 10.583  7.081  6.677  4.800  6.343  6.063  5.927  6.828 10.255 10.139 10.025 12.411 11.071 13.883 14.877 15.895 14.019 13.820 10.958 12.506 11.827 13.925 15.088 16.539 19.686 21.156 23.310 24.985
 16.823 16.670 14.627 15.617 13.860 16.612 16.842 19.377 22.084 21.551 20.404 18.746 16.206 16.352 13.583 14.237 11.817 12.883 12.981 11.621  8.289  5.232  3.846  0.000  3.848  5.428  5.072  6.278  8.795  9.910 10.476 12.569 14.399 15.207 14.783 12.907 11.189  7.622  9.728 12.001  9.958 10.264  9.874 13.005 14.581 18.107 18.607 15.938 12.758  9.659  8.190  4.754  6.376  8.103  8.692 10.361 13.542 13.322 13.665 16.132 14.829 17.437 18.043 18.900 17.305 16.761 13.763 14.685 13.055 14.605 14.799 15.814 18.604 19.829 22.036 23.804
 14.170 14.261 12.930 14.403 13.337 16.581 17.259 20.281 22.650 21.622 19.878 17.880 14.820 14.315 11.070 11.163  8.846 10.185 11.283 10.087  6.313  5.116  5.378  3.848  0.000  3.860  5.384  4.923  6.333  8.778  9.658 10.613 12.517 14.229 14.204 13.269 12.225  9.389 12.377 14.308 12.109 12.862 11.868 14.935 15.974 19.567 20.643 18.357 15.535 12.287 11.447  8.311  9.011  9.979  9.078 10.185 13.283 14.109 14.678 16.344 14.604 16.495 16.431 17.413 16.576 16.444 14.095 15.619 14.237 16.452 16.705 18.281 20.916 22.071 24.362 26.118
 12.443 11.677  9.718 10.718  9.498 12.801 13.760 16.912 19.277 18.130 16.351 14.190 11.326 11.020  8.193  9.230  7.553  9.872 10.840 10.949  7.378  6.546  4.970  5.428  3.860  0.000  3.848  5.403  5.120  6.459  8.745  9.987 10.724 12.191 13.043 11.928 11.871  9.251 12.385 13.331 10.411 10.887  9.225 12.173 13.114 16.796 18.013 16.243 13.723 10.842 11.228  9.016 10.733 10.784  9.505  9.201 12.820 13.924 13.518 14.966 12.543 14.284 13.968 14.334 13.316 12.802 10.511 12.103 10.980 13.691 14.457 16.647 19.452 20.815 23.177 24.928
 16.069 14.856 12.522 12.512 10.191 12.683 12.557 15.400 17.732 16.986 15.689 14.365 11.792 12.652 10.536 12.364 11.243 13.671 14.514 14.307 10.668  8.829  6.318  5.072  5.384  3.848  0.000  3.840  5.403  5.049  6.248  8.791  9.883 10.316 10.400  8.625  8.169  5.510  8.785  9.658  7.131  8.567  8.240 11.855 13.848 17.612 18.055 16.197 13.144 10.889 10.956  8.513 11.154 12.161 11.997 12.175 15.886 16.312 15.667 17.703 15.403 17.479 17.277 17.144 15.730 14.375 11.494 11.867  9.621 11.520 11.485 13.375 15.997 17.309 19.765 21.633
 16.621 15.775 14.246 14.612 12.786 15.446 15.250 18.268 20.160 19.160 17.467 16.240 13.117 13.598 11.029 12.294 11.408 13.838 15.477 14.800 10.983  9.824  8.672  6.278  4.923  5.403  3.840  0.000  3.844  5.414  4.904  6.359  8.754 10.011  9.417  8.836  8.081  6.417 10.096 11.510  9.961 12.083 12.062 15.668 17.497 21.258 21.851 19.931 16.827 14.348 13.842 10.729 12.558 14.070 13.630 14.231 17.678 18.451 18.402 20.173 17.910 19.602 18.976 19.056 18.283 17.252 14.793 15.379 13.044 14.839 14.193 15.862 17.986 18.970 21.409 23.266
 13.906 12.693 11.554 11.915 10.705 13.651 14.040 17.455 19.027 17.520 15.258 13.631 10.146 10.154  7.549  9.046  9.096 12.218 14.416 14.551 10.897 10.872  9.859  8.795  6.333  5.120  5.403  3.844  0.000  3.854  5.334  5.093  6.274  8.601  9.385  9.700 10.399  9.374 13.138 13.736 11.606 13.477 12.630 15.883 17.181 20.882 21.956 20.555 17.920 15.486 15.778 13.142 14.898 15.581 14.268 13.948 17.385 18.861 18.514 19.633 16.861 17.882 16.609 16.376 16.177 15.282 13.529 14.566 12.741 15.257 15.112 17.498 19.645 20.717 23.176 24.964
 15.757 13.734 11.788 10.934  8.714 10.894 10.610 13.922 15.399 14.070 12.143 11.124  8.139  9.556  8.278 11.020 11.533 14.883 16.580 17.122 13.524 12.839 10.702  9.910  8.778  6.459  5.049  5.414  3.854  0.000  3.848  5.436  5.066  5.755  7.093  6.767  8.476  8.063 11.584 11.197  8.976 11.185 10.733 14.027 15.836 19.507 20.154 19.113 16.495 14.786 15.606 13.497 16.073 16.732 15.874 15.190 18.907 20.034 19.014 20.387 17.403 18.616 17.428 16.459 15.762 13.996 11.967 12.112  9.759 12.041 11.727 14.428 16.482 17.662 20.196 22.029
 18.932 17.219 15.515 14.754 12.390 14.139 13.086 15.966 17.192 16.183 14.594 14.292 11.466 13.053 11.660 13.975 14.299 17.399 19.247 19.162 15.382 14.337 12.456 10.476  9.658  8.745  6.248  4.904  5.334  3.848  0.000  3.841  5.565  5.568  4.574  4.787  5.819  6.629 10.158 10.185  9.269 12.356 12.958 16.568 18.841 22.546 22.792 21.444 18.419 16.770 16.878 14.261 16.770 18.215 17.858 17.865 21.531 22.362 21.694 23.398 20.684 22.111 21.030 20.239 19.532 17.724 15.440 15.142 12.203 13.571 12.190 14.180 15.670 16.527 19.077 20.977
 18.031 16.477 15.591 15.189 13.632 15.713 15.178 18.352 19.162 17.661 15.437 14.856 11.553 12.424 10.849 12.689 13.634 16.853 19.363 19.379 15.713 15.547 14.405 12.569 10.613  9.987  8.791  6.359  5.093  5.436  3.841  0.000  3.845  6.039  5.827  7.963  9.291 10.207 13.808 13.986 12.980 15.850 15.918 19.358 21.159 24.845 25.526 24.317 21.492 19.531 19.681 16.877 18.871 20.116 19.159 18.995 22.449 23.828 23.411 24.627 21.746 22.612 20.995 20.264 20.277 18.879 17.223 17.474 14.981 16.822 15.679 17.875 19.206 19.912 22.358 24.137
 17.157 14.917 13.931 12.854 11.410 13.093 12.702 15.991 16.410 14.569 12.026 11.536  8.369  9.692  9.184 11.806 13.580 17.198 19.653 20.391 16.908 16.980 15.406 14.399 12.517 10.724  9.883  8.754  6.274  5.066  5.565  3.845  0.000  3.832  6.083  8.291 10.910 11.934 15.399 14.706 13.212 15.812 15.473 18.524 20.115 23.630 24.439 23.778 21.350 19.757 20.622 18.355 20.674 21.374 20.132 19.249 22.772 24.380 23.441 24.349 21.102 21.605 19.644 18.292 18.465 16.769 15.606 15.739 13.552 15.700 14.960 17.748 19.097 19.945 22.380 24.095
 19.888 17.316 15.653 13.815 11.495 12.170 10.740 13.551 13.736 12.311 10.471 11.073  8.870 11.428 11.669 14.798 16.338 19.945 21.947 22.692 19.120 18.536 16.299 15.207 14.229 12.191 10.316 10.011  8.601  5.755  5.568  6.039  3.832  0.000  3.853  5.698  9.175 10.973 13.875 12.412 11.389 14.319 14.651 17.682 19.807 23.228 23.498 23.009 20.515 19.538 20.543 18.583 21.416 22.305 21.584 20.731 24.447 25.615 24.310 25.588 22.370 23.229 21.572 19.856 19.459 17.102 15.559 14.766 12.030 13.450 12.179 14.921 15.909 16.732 19.193 20.951
 22.329 20.152 18.455 16.956 14.375 15.129 13.254 15.641 16.020 15.131 13.849 14.655 12.452 14.817 14.414 17.159 18.151 21.496 23.456 23.607 19.855 18.826 16.696 14.783 14.204 13.043 10.400  9.417  9.385  7.093  4.574  5.827  6.083  3.853  0.000  3.824  6.572  9.325 11.951 10.917 10.986 14.486 15.628 19.030 21.580 25.117 25.029 24.096 21.176 20.149 20.509 18.170 20.954 22.472 22.241 22.026 25.758 26.570 25.589 27.275 24.362 25.614 24.267 22.915 22.285 19.983 17.926 16.917 13.685 14.372 12.251 14.161 14.726 15.273 17.757 19.599
 22.459 20.285 17.988 16.367 13.233 13.746 11.513 13.549 14.559 14.219 13.600 14.399 12.634 15.281 14.827 17.731 18.145 21.285 22.662 22.736 19.019 17.359 14.716 12.907 13.269 11.928  8.625  8.836  9.700  6.767  4.787  7.963  8.291  5.698  3.824  0.000  3.897  6.512  8.653  7.183  7.386 11.022 12.686 16.123 19.037 22.524 22.059 20.980 17.936 17.231 17.584 15.567 18.708 20.278 20.533 20.447 24.247 24.586 23.415 25.480 22.791 24.511 23.682 22.401 21.155 18.628 16.038 14.590 11.035 11.165  8.798 10.513 11.439 12.301 14.988 17.017
 23.578 21.904 19.585 18.500 15.380 16.288 14.226 16.052 17.546 17.509 17.071 17.536 15.575 17.797 16.664 19.083 18.779 21.460 22.591 22.051 18.328 16.156 13.722 11.189 12.225 11.871  8.169  8.081 10.399  8.476  5.819  9.291 10.910  9.175  6.572  3.897  0.000  3.894  5.611  5.665  6.937 10.602 12.836 16.492 19.588 23.123 22.449 20.777 17.352 16.412 15.957 13.579 16.544 18.703 19.506 20.122 23.799 23.711 22.956 25.408 23.172 25.309 24.915 24.148 22.667 20.423 17.411 16.120 12.535 12.258  9.697 10.257 11.280 11.986 14.603 16.696
 21.530 20.204 17.725 17.120 14.126 15.551 14.098 16.093 18.243 18.196 17.683 17.451 15.382 17.124 15.514 17.593 16.620 18.896 19.589 18.863 15.264 12.701 10.165  7.622  9.389  9.251  5.510  6.417  9.374  8.063  6.629 10.207 11.934 10.973  9.325  6.512  3.894  0.000  3.843  5.495  5.326  8.248 10.201 13.944 16.896 20.473 19.940 17.870 14.318 12.961 12.218  9.728 12.748 14.890 15.905 16.775 20.364 20.039 19.435 22.062 20.128 22.563 22.593 22.245 20.506 18.599 15.325 14.462 11.233 11.347  9.698 10.277 12.292 13.335 15.842 17.883
 24.688 23.363 20.598 19.802 16.542 17.422 15.538 16.780 19.078 19.599 19.731 19.862 18.300 20.320 18.932 21.077 19.884 21.898 22.122 21.224 17.862 14.793 12.080  9.728 12.377 12.385  8.785 10.096 13.138 11.584 10.158 13.808 15.399 13.875 11.951  8.653  5.611  3.843  0.000  3.841  5.562  7.943 10.952 14.321 17.667 20.946 19.765 17.506 13.825 13.169 12.056 10.170 13.334 15.771 17.556 18.709 22.145 21.194 20.493 23.534 21.978 24.779 25.228 24.874 22.710 20.603 17.049 15.624 12.322 11.297  9.204  8.374 10.218 11.181 13.538 15.644
 25.079 23.220 20.207 18.736 15.153 15.271 12.827 13.637 15.751 16.533 17.094 17.751 16.760 19.345 18.659 21.348 20.680 23.106 23.363 23.042 19.660 16.830 13.622 12.001 14.308 13.331  9.658 11.510 13.736 11.197 10.185 13.986 14.706 12.412 10.917  7.183  5.665  5.495  3.841  0.000  3.835  6.807 10.176 13.295 16.893 20.033 18.601 16.962 13.584 13.714 13.589 12.419 15.975 17.838 19.330 19.812 23.429 22.645 21.339 24.219 22.302 24.926 25.176 24.267 22.000 19.381 15.931 13.813 10.206  8.506  5.723  5.079  7.041  8.512 11.268 13.548
 21.687 19.770 16.607 15.186 11.643 12.062 10.197 11.544 14.130 14.578 14.824 14.880 13.878 16.243 15.568 18.284 17.566 20.007 20.107 20.161 16.895 14.248 10.741  9.958 12.109 10.411  7.131  9.961 11.606  8.976  9.269 12.980 13.212 11.389 10.986  7.386  6.937  5.326  5.562  3.835  0.000  3.819  6.568  9.924 13.360 16.676 15.661 14.130 10.875 10.739 11.318 10.440 14.168 15.374 16.454 16.480 20.167 19.611 18.050 20.735 18.643 21.201 21.472 20.557 18.217 15.664 12.172 10.309  6.838  6.133  4.975  6.337  9.308 11.060 13.661 15.725
 21.225 19.428 15.957 14.669 11.290 11.609 10.383 11.304 14.483 15.144 15.661 15.263 14.733 16.782 16.169 18.696 17.580 19.606 19.007 19.266 16.474 13.628  9.864 10.264 12.862 10.887  8.567 12.083 13.477 11.185 12.356 15.850 15.812 14.319 14.486 11.022 10.602  8.248  7.943  6.807  3.819  0.000  3.828  6.607 10.232 13.336 12.094 10.395  7.169  7.639  8.909  9.284 13.075 13.619 14.935 14.744 18.223 17.267 15.316 18.193 16.420 19.301 20.133 19.365 16.512 14.057 10.322  8.411  5.883  5.167  6.171  7.312 10.825 12.784 15.009 16.827
 18.017 16.238 12.653 11.609  8.655  9.566  9.615 11.132 14.474 14.616 14.652 13.424 12.893 14.373 13.754 16.100 14.905 16.814 15.971 16.753 14.282 11.910  8.146  9.874 11.868  9.225  8.240 12.062 12.630 10.733 12.958 15.918 15.473 14.651 15.628 12.686 12.836 10.201 10.952 10.176  6.568  3.828  0.000  3.822  6.884 10.380 10.055  8.580  5.985  5.706  8.257  9.082 12.500 12.035 12.618 11.687 15.170 14.594 12.279 14.802 12.771 15.566 16.474 15.775 12.803 10.594  6.797  5.805  4.798  6.345  8.751 10.759 14.204 16.113 18.239 19.883
 18.781 16.965 13.234 12.075  9.655  9.885 10.529 11.285 14.785 15.152 15.584 14.199 14.465 15.749 15.599 17.816 16.614 18.166 16.708 17.952 16.145 14.009 10.543 13.005 14.935 12.173 11.855 15.668 15.883 14.027 16.568 19.358 18.524 17.682 19.030 16.123 16.492 13.944 14.321 13.295  9.924  6.607  3.822  0.000  3.824  6.814  6.311  5.483  4.517  5.795  9.351 11.387 14.391 13.119 13.637 12.130 15.088 14.264 11.219 13.574 11.819 14.669 16.082 15.261 11.760  9.566  6.124  5.048  6.286  7.534 10.839 12.716 16.121 18.102 19.928 21.332
 17.031 15.441 11.869 11.240  9.980 10.618 12.397 13.366 16.657 16.629 16.698 14.639 15.015 15.528 15.416 17.152 15.848 16.950 15.031 16.826 15.722 14.225 11.378 14.581 15.974 13.114 13.848 17.497 17.181 15.836 18.841 21.159 20.115 19.807 21.580 19.037 19.588 16.896 17.667 16.893 13.360 10.232  6.884  3.824  0.000  3.848  5.523  5.514  6.521  6.944 10.736 13.022 15.312 13.136 12.942 10.663 13.048 12.544  9.011 10.663  8.934 11.641 13.471 12.874  9.131  7.765  5.361  6.248  8.960 10.942 14.403 16.480 19.837 21.774 23.518 24.804
 19.270 17.782 14.427 13.776 12.984 13.030 14.892 15.208 18.349 18.540 18.959 16.988 17.910 18.327 18.542 20.116 18.853 19.606 17.286 19.275 18.721 17.364 14.803 18.107 19.567 16.796 17.612 21.258 20.882 19.507 22.546 24.845 23.630 23.228 25.117 22.524 23.123 20.473 20.946 20.033 16.676 13.336 10.380  6.814  3.848  0.000  3.849  5.597  8.417  9.652 13.282 16.084 18.069 15.570 15.462 13.086 14.650 13.873 10.095 11.247 10.279 12.645 14.897 14.280 10.495  9.551  8.341  8.916 12.013 13.501 17.129 18.987 22.229 24.177 25.683 26.781
 22.349 20.692 17.118 16.007 14.399 13.823 14.767 14.355 17.630 18.424 19.459 18.145 19.272 20.329 20.622 22.564 21.300 22.271 20.063 21.620 20.698 18.745 15.769 18.607 20.643 18.013 18.055 21.851 21.956 20.154 22.792 25.526 24.439 23.498 25.029 22.059 22.449 19.940 19.765 18.601 15.661 12.094 10.055  6.311  5.523  3.849  0.000  3.819  6.961  9.592 13.006 16.085 18.475 16.538 17.211 15.442 17.285 15.924 12.358 14.271 13.522 16.186 18.335 17.533 13.724 12.064 10.102  9.251 11.629 12.025 15.528 16.857 19.975 21.945 23.277 24.302
 21.849 20.621 17.101 16.534 14.731 14.894 15.631 15.698 19.176 19.899 20.664 19.236 19.682 20.594 20.226 21.899 20.124 20.819 18.474 19.452 18.487 16.111 13.228 15.938 18.357 16.243 16.197 19.931 20.555 19.113 21.444 24.317 23.778 23.009 24.096 20.980 20.777 17.870 17.506 16.962 14.130 10.395  8.580  5.483  5.514  5.597  3.819  0.000  3.825  6.461  9.531 12.870 15.110 13.349 14.574 13.486 15.374 13.471 10.304 13.036 12.746 16.007 18.421 18.225 14.476 13.175 10.493 10.015 11.587 11.899 14.985 15.876 19.174 21.110 22.530 23.676
 21.313 20.114 16.582 16.056 13.736 14.260 14.478 14.918 18.453 19.148 19.757 18.514 18.437 19.562 18.816 20.590 18.707 19.631 17.685 18.153 16.616 13.781 10.583 12.758 15.535 13.723 13.144 16.827 17.920 16.495 18.419 21.492 21.350 20.515 21.176 17.936 17.352 14.318 13.825 13.584 10.875  7.169  5.985  4.517  6.521  8.417  6.961  3.825  0.000  3.826  6.565  9.625 12.359 11.353 13.035 12.605 15.092 13.179 10.632 13.865 13.264 16.718 18.789 18.680 15.156 13.617 10.232  9.490  9.858  9.941 12.473 13.121 16.536 18.448 20.061 21.405
 18.573 17.838 14.604 14.834 12.917 14.439 15.119 16.401 19.848 20.040 19.991 18.265 17.465 18.026 16.633 17.921 15.622 16.256 14.316 14.476 12.926 10.044  7.081  9.659 12.287 10.842 10.889 14.348 15.486 14.786 16.770 19.531 19.757 19.538 20.149 17.231 16.412 12.961 13.169 13.714 10.739  7.639  5.706  5.795  6.944  9.652  9.592  6.461  3.826  0.000  3.838  6.617  9.047  7.770  9.315  9.244 11.917 10.159  8.193 11.603 11.021 14.617 16.673 17.135 13.963 13.087  9.719 10.164 10.383 11.434 13.625 14.569 18.030 19.813 21.625 23.090
 20.120 19.866 16.982 17.605 15.657 17.470 17.802 19.191 22.563 22.795 22.645 21.039 19.762 20.233 18.296 19.219 16.513 16.773 14.932 14.088 12.465  8.948  6.677  8.190 11.447 11.228 10.956 13.842 15.778 15.606 16.878 19.681 20.622 20.543 20.509 17.584 15.957 12.218 12.056 13.589 11.318  8.909  8.257  9.351 10.736 13.282 13.006  9.531  6.565  3.838  0.000  3.838  5.924  5.841  8.702 10.159 12.520 10.259  9.662 13.323 13.315 16.957 19.025 19.932 17.082 16.465 13.081 13.512 12.992 13.627 14.983 15.247 18.517 20.085 21.844 23.345
 19.246 19.147 16.622 17.462 15.505 17.756 17.922 19.797 22.924 22.886 22.344 20.769 18.892 19.261 16.879 17.631 14.899 15.341 14.237 12.840 10.518  6.726  4.800  4.754  8.311  9.016  8.513 10.729 13.142 13.497 14.261 16.877 18.355 18.583 18.170 15.567 13.579  9.728 10.170 12.419 10.440  9.284  9.082 11.387 13.022 16.084 16.085 12.870  9.625  6.617  3.838  0.000  3.853  5.686  8.169 10.278 12.994 11.463 11.636 14.893 14.440 17.742 19.249 20.244 17.916 17.341 13.994 14.588 13.382 14.264 14.910 15.261 18.315 19.685 21.628 23.272
 19.392 20.032 18.027 19.552 18.170 20.792 21.329 23.363 26.483 26.280 25.486 23.589 21.452 21.249 18.434 18.416 15.174 14.709 13.312 11.076  9.507  5.916  6.343  6.376  9.011 10.733 11.154 12.558 14.898 16.073 16.770 18.871 20.674 21.416 20.954 18.708 16.544 12.748 13.334 15.975 14.168 13.075 12.500 14.391 15.312 18.069 18.475 15.110 12.359  9.047  5.924  3.853  0.000  3.812  6.765 10.005 11.798 10.048 11.464 14.509 14.785 18.000 19.756 21.412 19.383 19.499 16.514 17.696 16.873 18.005 18.715 19.002 21.964 23.211 25.045 26.605
 17.270 18.092 16.100 17.938 17.074 19.798 20.932 22.988 26.202 25.862 24.987 22.696 20.790 20.200 17.515 17.257 13.844 12.928 10.730  9.024  8.371  5.432  6.063  8.103  9.979 10.784 12.161 14.070 15.581 16.732 18.215 20.116 21.374 22.305 22.472 20.278 18.703 14.890 15.771 17.838 15.374 13.619 12.035 13.119 13.136 15.570 16.538 13.349 11.353  7.770  5.841  5.686  3.812  0.000  3.834  6.930  8.290  6.285  7.824 10.795 11.458 14.771 16.942 18.874 16.764 17.372 14.762 16.514 16.517 18.127 19.558 20.307 23.520 24.957 26.796 28.293
 13.662 14.858 13.348 15.767 15.639 18.782 20.481 22.932 25.958 25.203 23.883 21.178 19.066 17.860 14.995 14.199 10.621  9.285  6.913  5.541  5.390  4.111  5.927  8.692  9.078  9.505 11.997 13.630 14.268 15.874 17.858 19.159 20.132 21.584 22.241 20.533 19.506 15.905 17.556 19.330 16.454 14.935 12.618 13.637 12.942 15.462 17.211 14.574 13.035  9.315  8.702  8.169  6.765  3.834  0.000  3.825  5.273  5.155  6.947  8.741  8.947 11.752 13.667 15.961 14.383 15.605 13.636 16.130 16.561 18.874 20.558 21.921 25.168 26.642 28.613 30.134
 10.963 11.839 10.164 12.717 13.138 16.297 18.527 21.041 23.968 23.012 21.575 18.580 16.761 15.294 12.834 12.164  8.942  7.975  5.196  6.238  6.265  6.341  6.828 10.361 10.185  9.201 12.175 14.231 13.948 15.190 17.865 18.995 19.249 20.731 22.026 20.447 20.122 16.775 18.709 19.812 16.480 14.744 11.687 12.130 10.663 13.086 15.442 13.486 12.605  9.244 10.159 10.278 10.005  6.930  3.825  0.000  3.854  5.485  5.476  6.204  5.322  8.072 10.051 12.285 10.680 12.273 10.883 13.915 15.045 17.838 20.022 21.918 25.243 26.845 28.860 30.351
 11.944 13.661 12.679 15.597 16.524 19.604 22.058 24.450 27.392 26.421 24.965 21.800 20.091 18.242 15.790 14.470 11.141  8.939  5.166  6.023  8.111  8.863 10.255 13.542 13.283 12.820 15.886 17.678 17.385 18.907 21.531 22.449 22.772 24.447 25.758 24.247 23.799 20.364 22.145 23.429 20.167 18.223 15.170 15.088 13.048 14.650 17.285 15.374 15.092 11.917 12.520 12.994 11.798  8.290  5.273  3.854  0.000  3.859  5.422  4.670  5.920  8.047 10.713 13.709 12.455 14.782 13.956 17.139 18.626 21.353 23.675 25.441 28.797 30.391 32.311 33.729
 15.542 16.862 15.272 17.656 17.887 20.610 22.653 24.654 27.850 27.282 26.269 23.415 21.936 20.640 18.298 17.479 14.093 12.244  8.699  8.433  9.955  9.224 10.139 13.322 14.109 13.924 16.312 18.451 18.861 20.034 22.362 23.828 24.380 25.615 26.570 24.586 23.711 20.039 21.194 22.645 19.611 17.267 14.594 14.264 12.544 13.873 15.924 13.471 13.179 10.159 10.259 11.463 10.048  6.285  5.155  5.485  3.859  0.000  3.836  5.461  7.801 10.849 13.904 16.484 14.504 16.239 14.735 17.353 18.667 20.841 23.126 24.402 27.792 29.398 31.178 32.546
 15.242 15.778 13.575 15.400 15.497 17.808 19.953 21.692 24.920 24.465 23.703 20.921 19.956 18.977 17.231 17.055 14.173 13.139  9.769 10.681 11.419 10.456 10.025 13.665 14.678 13.518 15.667 18.402 18.514 19.014 21.694 23.411 23.441 24.310 25.589 23.415 22.956 19.435 20.493 21.339 18.050 15.316 12.279 11.219  9.011 10.095 12.358 10.304 10.632  8.193  9.662 11.636 11.464  7.824  6.947  5.476  5.422  3.836  0.000  3.854  5.603  9.214 12.481 14.419 11.822 13.240 11.761 14.286 16.080 18.270 20.960 22.458 25.909 27.642 29.402 30.730
 13.358 14.279 12.719 15.031 16.048 18.509 21.205 23.135 26.129 25.338 24.250 21.102 20.181 18.597 16.988 16.306 13.644 12.185  8.611 10.521 12.056 12.289 12.411 16.132 16.344 14.966 17.703 20.173 19.633 20.387 23.398 24.627 24.349 25.588 27.275 25.480 25.408 22.062 23.534 24.219 20.735 18.193 14.802 13.574 10.663 11.247 14.271 13.036 13.865 11.603 13.323 14.893 14.509 10.795  8.741  6.204  4.670  5.461  3.854  0.000  3.841  6.390 10.029 12.493 10.504 12.913 12.540 15.663 17.947 20.587 23.465 25.352 28.783 30.522 32.323 33.629
 10.586 10.838  8.973 11.239 12.506 15.112 18.028 20.223 23.027 21.989 20.678 17.417 16.482 14.845 13.479 13.133 10.965 10.390  7.587 10.358 10.970 11.506 11.071 14.829 14.604 12.543 15.403 17.910 16.861 17.403 20.684 21.746 21.102 22.370 24.362 22.791 23.172 20.128 21.978 22.302 18.643 16.420 12.771 11.819  8.934 10.279 13.522 12.746 13.264 11.021 13.315 14.440 14.785 11.458  8.947  5.322  5.920  7.801  5.603  3.841  0.000  3.830  6.970  8.987  6.930  9.422  9.383 12.862 15.229 18.264 21.161 23.466 26.832 28.577 30.498 31.861
  8.490  8.953  8.163 10.860 13.190 15.829 19.175 21.557 23.977 22.555 20.858 17.301 16.406 14.110 13.058 12.219 10.733 10.104  7.958 11.508 12.456 13.945 13.883 17.437 16.495 14.284 17.479 19.602 17.882 18.616 22.111 22.612 21.605 23.229 25.614 24.511 25.309 22.563 24.779 24.926 21.201 19.301 15.566 14.669 11.641 12.645 16.186 16.007 16.718 14.617 16.957 17.742 18.000 14.771 11.752  8.072  8.047 10.849  9.214  6.390  3.830  0.000  3.838  6.591  6.038  9.583 10.892 14.622 17.213 20.565 23.482 26.126 29.388 31.101 33.060 34.402
  5.720  5.652  5.978  8.977 12.084 14.881 18.400 21.119 23.107 21.279 19.108 15.381 14.268 11.429 10.647  9.628  9.196  9.365  8.714 12.497 12.894 14.941 14.877 18.043 16.431 13.968 17.277 18.976 16.609 17.428 21.030 20.995 19.644 21.572 24.267 23.682 24.915 22.593 25.228 25.176 21.472 20.133 16.474 16.082 13.471 14.897 18.335 18.421 18.789 16.673 19.025 19.249 19.756 16.942 13.667 10.051 10.713 13.904 12.481 10.029  6.970  3.838  0.000  3.843  5.582  9.112 11.146 14.894 17.264 20.899 23.600 26.578 29.660 31.300 33.353 34.730
  7.679  5.459  4.859  6.393  9.887 12.130 15.824 18.446 20.108 18.141 15.960 12.234 11.742  9.205  9.701  9.897 10.616 11.962 11.848 15.480 15.127 16.737 15.895 18.900 17.413 14.334 17.144 19.056 16.376 16.459 20.239 20.264 18.292 19.856 22.915 22.401 24.148 22.245 24.874 24.267 20.557 19.365 15.775 15.261 12.874 14.280 17.533 18.225 18.680 17.135 19.932 20.244 21.412 18.874 15.961 12.285 13.709 16.484 14.419 12.493  8.987  6.591  3.843  0.000  3.843  6.638  9.579 12.991 15.537 19.208 21.983 25.232 28.151 29.798 31.832 33.172
 10.040  7.986  5.456  6.043  8.400 10.337 13.931 16.201 18.350 16.849 15.290 11.823 11.779 10.270 10.680 11.588 11.511 12.814 11.881 15.228 14.692 15.468 14.019 17.305 16.576 13.316 15.730 18.283 16.177 15.762 19.532 20.277 18.465 19.459 22.285 21.155 22.667 20.506 22.710 22.000 18.217 16.512 12.803 11.760  9.131 10.495 13.724 14.476 15.156 13.963 17.082 17.916 19.383 16.764 14.383 10.680 12.455 14.504 11.822 10.504  6.930  6.038  5.582  3.843  0.000  3.828  6.482  9.979 12.934 16.415 19.495 22.562 25.629 27.375 29.340 30.661
 12.593  9.810  6.447  4.684  5.654  6.733 10.306 12.432 14.616 13.266 12.064  8.940  9.603  9.347 10.520 12.583 12.904 14.951 14.350 17.274 15.993 16.086 13.820 16.761 16.444 12.802 14.375 17.252 15.282 13.996 17.724 18.879 16.769 17.102 19.983 18.628 20.423 18.599 20.603 19.381 15.664 14.057 10.594  9.566  7.765  9.551 12.064 13.175 13.617 13.087 16.465 17.341 19.499 17.372 15.605 12.273 14.782 16.239 13.240 12.913  9.422  9.583  9.112  6.638  3.828  0.000  3.819  6.620  9.714 13.126 16.274 19.489 22.433 24.204 26.162 27.485
 13.876 11.454  7.666  6.128  4.755  6.114  8.788 10.930 13.744 12.904 12.140  9.609  9.758 10.309 10.704 13.036 12.695 14.788 14.023 16.279 14.522 13.797 10.958 13.763 14.095 10.511 11.494 14.793 13.529 11.967 15.440 17.223 15.606 15.559 17.926 16.038 17.411 15.325 17.049 15.931 12.172 10.322  6.797  6.124  5.361  8.341 10.102 10.493 10.232  9.719 13.081 13.994 16.514 14.762 13.636 10.883 13.956 14.735 11.761 12.540  9.383 10.892 11.146  9.579  6.482  3.819  0.000  3.830  6.620 10.004 13.156 16.149 19.271 21.105 23.130 24.556
 17.412 14.748 10.986  8.588  5.783  4.939  6.186  7.565 10.754 10.578 10.758  9.366 10.296 12.090 12.972 15.859 15.750 18.109 17.470 19.355 17.229 15.893 12.506 14.685 15.619 12.103 11.867 15.379 14.566 12.112 15.142 17.474 15.739 14.766 16.917 14.590 16.120 14.462 15.624 13.813 10.309  8.411  5.805  5.048  6.248  8.916  9.251 10.015  9.490 10.164 13.512 14.588 17.696 16.514 16.130 13.915 17.139 17.353 14.286 15.663 12.862 14.622 14.894 12.991  9.979  6.620  3.830  0.000  3.821  6.653 10.106 13.149 16.156 18.056 20.026 21.446
 18.762 16.143 12.541 10.172  6.509  5.825  4.911  6.655  9.845  9.927 10.220  9.694  9.978 12.467 13.019 16.181 16.107 18.775 18.593 19.914 17.207 15.461 11.827 13.055 14.237 10.980  9.621 13.044 12.741  9.759 12.203 14.981 13.552 12.030 13.685 11.035 12.535 11.233 12.322 10.206  6.838  5.883  4.798  6.286  8.960 12.013 11.629 11.587  9.858 10.383 12.992 13.382 16.873 16.517 16.561 15.045 18.626 18.667 16.080 17.947 15.229 17.213 17.264 15.537 12.934  9.714  6.620  3.821  0.000  3.820  6.623  9.899 12.866 14.760 16.983 18.633
 22.470 19.923 16.320 13.919 10.239  8.863  6.599  6.479  9.665 10.780 12.095 12.558 13.180 16.020 16.589 19.769 19.555 22.116 21.781 22.752 19.975 17.712 13.925 14.605 16.452 13.691 11.520 14.839 15.257 12.041 13.571 16.822 15.700 13.450 14.372 11.165 12.258 11.347 11.297  8.506  6.133  5.167  6.345  7.534 10.942 13.501 12.025 11.899  9.941 11.434 13.627 14.264 18.005 18.127 18.874 17.838 21.353 20.841 18.270 20.587 18.264 20.565 20.899 19.208 16.415 13.126 10.004  6.653  3.820  0.000  3.822  6.670  9.656 11.722 13.896 15.622
 24.455 21.964 18.596 16.268 12.475 11.330  8.354  8.306 10.583 11.783 13.098 14.206 14.375 17.487 17.853 21.086 20.973 23.701 23.756 24.316 21.186 18.756 15.088 14.799 16.705 14.457 11.485 14.193 15.112 11.727 12.190 15.679 14.960 12.179 12.251  8.798  9.697  9.698  9.204  5.723  4.975  6.171  8.751 10.839 14.403 17.129 15.528 14.985 12.473 13.625 14.983 14.910 18.715 19.558 20.558 20.022 23.675 23.126 20.960 23.465 21.161 23.482 23.600 21.983 19.495 16.274 13.156 10.106  6.623  3.822  0.000  3.824  6.434  8.554 11.179 13.265
 27.411 25.174 21.797 19.727 15.966 14.970 12.053 11.531 13.643 15.191 16.747 17.947 18.006 21.009 21.063 24.094 23.625 26.092 25.944 26.080 22.978 20.117 16.539 15.814 18.281 16.647 13.375 15.862 17.498 14.428 14.180 17.875 17.748 14.921 14.161 10.513 10.257 10.277  8.374  5.079  6.337  7.312 10.759 12.716 16.480 18.987 16.857 15.876 13.121 14.569 15.247 15.261 19.002 20.307 21.921 21.918 25.441 24.402 22.458 25.352 23.466 26.126 26.578 25.232 22.562 19.489 16.149 13.149  9.899  6.670  3.824  0.000  3.834  6.365  8.948 11.182
 30.285 27.933 24.671 22.421 18.652 17.381 14.115 13.240 14.626 16.362 18.143 19.892 20.058 23.287 23.521 26.659 26.429 29.043 29.113 29.182 25.958 23.146 19.686 18.604 20.916 19.452 15.997 17.986 19.645 16.482 15.670 19.206 19.097 15.909 14.726 11.439 11.280 12.292 10.218  7.041  9.308 10.825 14.204 16.121 19.837 22.229 19.975 19.174 16.536 18.030 18.517 18.315 21.964 23.520 25.168 25.243 28.797 27.792 25.909 28.783 26.832 29.388 29.660 28.151 25.629 22.433 19.271 16.156 12.866  9.656  6.434  3.834  0.000  3.834  6.568  9.025
 31.727 29.400 26.247 24.019 20.295 19.048 15.741 14.868 15.963 17.631 19.404 21.309 21.406 24.645 24.853 27.957 27.776 30.407 30.595 30.549 27.272 24.477 21.156 19.829 22.071 20.815 17.309 18.970 20.717 17.662 16.527 19.912 19.945 16.732 15.273 12.301 11.986 13.335 11.181  8.512 11.060 12.784 16.113 18.102 21.774 24.177 21.945 21.110 18.448 19.813 20.085 19.685 23.211 24.957 26.642 26.845 30.391 29.398 27.642 30.522 28.577 31.101 31.300 29.798 27.375 24.204 21.105 18.056 14.760 11.722  8.554  6.365  3.834  0.000  3.845  6.756
 33.921 31.599 28.432 26.176 22.510 21.110 17.845 16.660 17.596 19.385 21.374 23.386 23.666 26.901 27.183 30.263 30.053 32.607 32.691 32.619 29.432 26.584 23.310 22.036 24.362 23.177 19.765 21.409 23.176 20.196 19.077 22.358 22.380 19.193 17.757 14.988 14.603 15.842 13.538 11.268 13.661 15.009 18.239 19.928 23.518 25.683 23.277 22.530 20.061 21.625 21.844 21.628 25.045 26.796 28.613 28.860 32.311 31.178 29.402 32.323 30.498 33.060 33.353 31.832 29.340 26.162 23.130 20.026 16.983 13.896 11.179  8.948  6.568  3.845  0.000  3.811
