  0.000  3.832  6.681 10.279 13.204 16.636 19.728 22.982 24.731 22.595 19.835 16.205 13.897 10.412  8.328  5.517  5.452  5.825  7.615 10.763 10.705 13.720 14.535 16.816 14.157 12.437 16.064 16.612 13.897 15.749 18.923 18.024 17.148 19.878 22.320 22.451 23.574 21.527 24.686 25.072 21.681 21.231 18.024 18.785 17.038 19.278 22.357 21.852 21.319 18.575 20.120 19.244 19.388 17.269 13.661 10.967 11.950 15.548 15.252 13.373 10.602  8.501  5.724  7.676 10.045 12.591 13.872 17.410 18.759 22.468 24.443 27.407 30.295 31.727 34.012 35.539
  3.832  0.000  3.827  6.849 10.094 13.297 16.485 19.744 21.262 19.010 16.188 12.517 10.444  6.925  5.818  4.704  6.319  8.425 10.007 13.177 12.266 14.576 14.415 16.679 14.264 11.685 14.866 15.782 12.699 13.740 17.225 16.485 14.922 17.317 20.156 20.289 21.913 20.216 23.373 23.225 19.775 19.443 16.255 16.978 15.455 17.795 20.707 20.633 20.132 17.851 19.878 19.159 20.042 18.102 14.868 11.852 13.673 16.876 15.795 14.297 10.858  8.964  5.653  5.453  7.992  9.810 11.458 14.754 16.149 19.929 21.960 25.177 27.943 29.387 31.663 33.167
  6.681  3.827  0.000  3.818  6.724 10.034 13.265 16.407 18.268 16.313 13.892 10.252  8.542  6.040  5.378  6.298  6.962  9.426 10.112 13.135 11.738 13.106 12.069 14.617 12.913  9.706 12.515 14.234 11.542 11.780 15.506 15.583 13.925 15.646 18.448 17.981 19.578 17.721 20.592 20.200 16.601 15.962 12.662 13.245 11.884 14.444 17.135 17.112 16.595 14.607 16.982 16.619 18.020 16.095 13.341 10.162 12.680 15.275 13.585 12.732  8.988  8.173  5.979  4.867  5.474  6.456  7.671 10.993 12.542 16.322 18.587 21.793 24.672 26.225 28.485 30.001
 10.279  6.849  3.818  0.000  3.821  6.506  9.924 13.022 14.643 12.615 10.277  6.624  5.787  4.710  6.193  8.780 10.102 12.990 13.622 16.417 14.576 15.237 13.335 15.612 14.392 10.710 12.510 14.608 11.912 10.933 14.753 15.192 12.859 13.817 16.957 16.365 18.498 17.119 19.797 18.728 15.179 14.670 11.614 12.082 11.247 13.784 16.019 16.540 16.066 14.833 17.603 17.460 19.547 17.931 15.759 12.711 15.592 17.654 15.403 15.034 11.243 10.860  8.971  6.391  6.044  4.683  6.128  8.592 10.171 13.917 16.255 19.719 22.410 23.970 26.182 27.657
 13.204 10.094  6.724  3.821  0.000  3.824  6.605  9.900 11.921 10.281  8.487  5.686  5.062  6.363  7.509 10.764 11.597 14.654 15.129 17.316 14.908 14.655 11.990 13.857 13.330  9.492 10.191 12.787 10.706  8.717 12.392 13.639 11.421 11.502 14.380 13.235 15.379 14.126 16.537 15.146 11.636 11.288  8.657  9.659  9.982 12.987 14.406 14.735 13.744 12.913 15.653 15.503 18.166 17.067 15.631 13.132 16.519 17.884 15.497 16.049 12.506 13.187 12.076  9.884  8.399  5.648  4.753  5.787  6.508 10.236 12.462 15.957 18.640 20.244 22.511 24.064
 16.636 13.297 10.034  6.506  3.824  0.000  3.832  6.623  8.475  7.036  6.152  4.511  6.312  8.814 10.896 14.324 15.389 18.416 18.691 20.916 18.540 17.940 14.902 16.612 16.577 12.796 12.685 15.450 13.655 10.900 14.145 15.723 13.108 12.182 15.139 13.750 16.289 15.552 17.417 15.264 12.055 11.604  9.565  9.888 10.617 13.030 13.830 14.898 14.268 14.436 17.466 17.756 20.789 19.791 18.775 16.289 19.598 20.606 17.807 18.507 15.108 15.824 14.872 12.125 10.331  6.724  6.112  4.943  5.821  8.857 11.315 14.956 17.353 18.963 21.053 22.483
 19.728 16.485 13.265  9.924  6.605  3.832  0.000  3.837  5.870  5.305  5.687  6.358  7.938 11.284 13.120 16.751 17.735 20.897 21.285 23.057 20.302 19.178 15.822 16.839 17.255 13.753 12.556 15.254 14.045 10.616 13.094 15.191 12.722 10.758 13.268 11.519 14.225 14.095 15.527 12.813 10.181 10.365  9.603 10.521 12.387 14.883 14.764 15.626 14.476 15.106 17.791 17.917 21.322 20.921 20.470 18.517 22.049 22.645 19.945 21.198 18.021 19.167 18.390 15.819 13.924 10.296  8.781  6.182  4.899  6.580  8.327 12.026 14.072 15.627 17.746 19.251
 22.982 19.744 16.407 13.022  9.900  6.623  3.837  0.000  3.854  5.548  7.739  9.256 11.484 14.783 16.744 20.319 21.156 24.150 24.204 25.958 23.323 21.880 18.324 19.368 20.273 16.898 15.399 18.278 17.466 13.938 15.991 18.383 16.030 13.597 15.685 13.581 16.071 16.099 16.776 13.635 11.532 11.271 11.095 11.240 13.313 15.152 14.305 15.653 14.883 16.359 19.156 19.776 23.339 22.953 22.897 21.004 24.411 24.613 21.648 23.090 20.180 21.516 21.082 18.416 16.161 12.390 10.892  7.525  6.627  6.447  8.294 11.513 13.200 14.751 16.530 17.855
 24.731 21.262 18.268 14.643 11.921  8.475  5.870  3.854  0.000  3.840  6.791  9.479 12.138 15.642 18.104 21.802 23.155 26.380 26.773 28.659 25.939 24.748 21.308 22.136 22.708 19.323 17.798 20.247 19.111 15.488 17.301 19.279 16.529 13.867 16.153 14.674 17.644 18.320 19.138 15.807 14.173 14.489 14.471 14.755 16.609 18.281 17.564 19.131 18.434 19.835 22.567 22.954 26.511 26.210 25.966 23.966 27.382 27.837 24.895 26.099 23.001 23.949 23.085 20.084 18.312 14.573 13.719 10.725  9.850  9.656 10.603 13.650 14.606 15.852 17.446 18.616
 22.595 19.010 16.313 12.615 10.281  7.036  5.305  5.548  3.840  0.000  3.811  6.822  9.646 13.111 15.855 19.558 21.261 24.620 25.311 27.365 24.659 23.872 20.664 21.555 21.631 18.133 16.995 19.181 17.544 14.093 16.213 17.704 14.619 12.358 15.171 14.239 17.520 18.200 19.588 16.513 14.556 15.112 14.593 15.126 16.601 18.509 18.394 19.871 19.128 20.016 22.776 22.879 26.274 25.849 25.194 23.001 26.411 27.269 24.449 25.324 21.977 22.545 21.273 18.137 16.834 13.245 12.886 10.554  9.901 10.735 11.733 15.134 16.269 17.453 19.183 20.379
 19.835 16.188 13.892 10.277  8.487  6.152  5.687  7.739  6.791  3.811  0.000  3.833  6.453  9.882 12.867 16.555 18.647 22.156 23.245 25.400 22.688 22.371 19.511 20.396 19.872 16.343 15.684 17.470 15.265 12.146 14.601 15.457 12.053 10.489 13.860 13.595 17.062 17.672 19.709 17.062 14.792 15.629 14.629 15.564 16.678 18.940 19.441 20.646 19.742 19.968 22.624 22.331 25.473 24.971 23.870 21.563 24.955 26.256 23.691 24.241 20.670 20.852 19.104 15.958 15.279 12.046 12.124 10.740 10.194 12.055 13.046 16.690 18.061 19.238 21.203 22.518
 16.205 12.517 10.252  6.624  5.686  4.511  6.358  9.256  9.479  6.822  3.833  0.000  3.826  6.603  9.796 13.344 15.454 18.857 19.904 22.316 19.871 19.949 17.388 18.741 17.874 14.184 14.362 16.242 13.635 11.127 14.297 14.870 11.554 11.084 14.662 14.397 17.531 17.446 19.849 17.731 14.861 15.246 13.414 14.191 14.630 16.980 18.142 19.230 18.512 18.253 21.028 20.762 23.581 22.685 21.168 18.572 21.794 23.409 20.916 21.098 17.414 17.297 15.377 12.232 11.815  8.926  9.599  9.358  9.679 12.537 14.172 17.913 19.841 21.189 23.284 24.665
 13.897 10.444  8.542  5.787  5.062  6.312  7.938 11.484 12.138  9.646  6.453  3.826  0.000  3.843  6.471 10.181 12.426 16.051 17.596 19.723 17.040 17.378 15.195 16.205 14.818 11.323 11.792 13.119 10.150  8.139 11.468 11.562  8.380  8.871 12.452 12.628 15.571 15.380 18.291 16.743 13.862 14.725 12.892 14.466 15.017 17.913 19.277 19.684 18.442 17.462 19.758 18.891 21.451 20.788 19.065 16.762 20.093 21.939 19.961 20.188 16.490 16.411 14.270 11.745 11.781  9.597  9.756 10.297  9.971 13.166 14.346 17.977 20.023 21.312 23.609 25.142
 10.412  6.925  6.040  4.710  6.363  8.814 11.284 14.783 15.642 13.111  9.882  6.603  3.843  0.000  3.819  6.988  9.761 13.289 15.140 17.578 15.304 16.438 14.981 16.351 14.312 11.019 12.652 13.597 10.154  9.553 13.050 12.427  9.693 11.421 14.812 15.273 17.793 17.123 20.315 19.332 16.232 16.780 14.378 15.756 15.536 18.336 20.340 20.601 19.572 18.029 20.233 19.263 21.250 20.201 17.862 15.300 18.250 20.647 18.988 18.611 14.860 14.120 11.435  9.210 10.277  9.346 10.310 12.094 12.465 16.012 17.464 20.988 23.265 24.575 26.881 28.402
  8.328  5.818  5.378  6.193  7.509 10.896 13.120 16.744 18.104 15.855 12.867  9.796  6.471  3.819  0.000  3.814  6.264  9.984 12.234 14.272 11.828 13.265 12.387 13.587 11.069  8.197 10.540 11.030  7.549  8.276 11.659 10.849  9.180 11.661 14.409 14.824 16.665 15.519 18.935 18.655 15.566 16.178 13.767 15.611 15.430 18.555 20.637 20.238 18.832 16.642 18.303 16.887 18.440 17.522 15.002 12.846 15.802 18.310 17.247 17.006 13.499 13.069 10.650  9.703 10.691 10.521 10.709 12.981 13.024 16.590 17.841 21.055 23.522 24.824 27.224 28.841
  5.517  4.704  6.298  8.780 10.764 14.324 16.751 20.319 21.802 19.558 16.555 13.344 10.181  6.988  3.814  0.000  3.828  7.148 10.087 12.134 10.277 12.708 12.929 14.231 11.153  9.227 12.360 12.288  9.041 11.014 13.970 12.687 11.801 14.790 17.153 17.725 19.081 17.593 21.076 21.342 18.279 18.701 16.107 17.820 17.158 20.122 22.571 21.902 20.597 17.922 19.218 17.629 18.413 17.256 14.199 12.169 14.475 17.483 17.063 16.318 13.147 12.226  9.628  9.895 11.594 12.580 13.033 15.861 16.181 19.767 21.073 24.086 26.666 27.944 30.333 31.943
  5.452  6.319  6.962 10.102 11.597 15.389 17.735 21.156 23.155 21.261 18.647 15.454 12.426  9.761  6.264  3.828  0.000  3.824  6.691  8.383  6.577  9.328 10.207 11.807  8.831  7.545 11.234 11.397  9.087 11.523 14.288 13.626 13.570 16.325 18.141 18.135 18.773 16.615 19.880 20.671 17.557 17.581 14.906 16.611 15.848 18.853 21.300 20.120 18.707 15.617 16.507 14.892 15.168 13.840 10.619  8.945 11.145 14.095 14.177 13.653 10.976 10.737  9.191 10.610 11.513 12.896 12.684 15.744 16.100 19.550 20.959 23.619 26.444 27.791 30.167 31.810
  5.825  8.425  9.426 12.990 14.654 18.416 20.897 24.150 26.380 24.620 22.156 18.857 16.051 13.289  9.984  7.148  3.824  0.000  3.878  5.445  5.395  8.981 10.987 12.875 10.174  9.866 13.664 13.830 12.211 14.875 17.391 16.847 17.190 19.934 21.488 21.279 21.457 18.894 21.898 23.101 20.002 19.610 16.814 18.160 16.946 19.601 22.266 20.810 19.628 16.251 16.768 15.336 14.703 12.924  9.282  7.974  8.939 12.243 13.140 12.189 10.394 10.099  9.351 11.949 12.810 14.939 14.774 18.099 18.767 22.112 23.692 26.092 29.070 30.448 32.760 34.373
  7.615 10.007 10.112 13.622 15.129 18.691 21.285 24.204 26.773 25.311 23.245 19.904 17.596 15.140 12.234 10.087  6.691  3.878  0.000  3.840  5.542  8.324 10.289 12.977 11.276 10.837 14.511 15.472 14.413 16.577 19.242 19.360 19.649 21.941 23.452 22.659 22.591 19.590 22.124 23.364 20.107 19.014 15.975 16.703 15.028 17.282 20.058 18.466 17.684 14.314 14.930 14.235 13.309 10.728  6.911  5.195  5.167  8.700  9.770  8.614  7.589  7.951  8.699 11.837 11.878 14.340 14.011 17.461 18.588 21.781 23.753 25.953 29.148 30.655 32.870 34.436
 10.763 13.177 13.135 16.417 17.316 20.916 23.057 25.958 28.659 27.365 25.400 22.316 19.723 17.578 14.272 12.134  8.383  5.445  3.840  0.000  3.837  6.532  9.650 11.618 10.082 10.950 14.307 14.797 14.549 17.120 19.159 19.376 20.387 22.687 23.605 22.737 22.055 18.868 21.231 23.049 20.166 19.278 16.758 17.949 16.824 19.271 21.616 19.445 18.151 14.475 14.088 12.839 11.073  9.024  5.541  6.240  6.023  8.432 10.681 10.523 10.360 11.501 12.482 15.470 15.227 17.268 16.269 19.349 19.912 22.757 24.320 26.096 29.233 30.639 32.839 34.442
 10.705 12.266 11.738 14.576 14.908 18.540 20.302 23.323 25.939 24.659 22.688 19.871 17.040 15.304 11.828 10.277  6.577  5.395  5.542  3.837  0.000  3.841  6.836  8.285  6.308  7.379 10.667 10.980 10.896 13.523 15.380 15.710 16.904 19.116 19.854 19.020 18.332 15.269 17.870 19.666 16.900 16.485 14.288 16.144 15.722 18.719 20.696 18.482 16.617 12.925 12.463 10.516  9.504  8.369  5.391  6.270  8.113  9.955 11.421 12.060 10.975 12.452 12.882 15.119 14.694 15.988 14.514 17.227 17.208 19.980 21.190 22.991 26.007 27.354 29.640 31.313
 13.720 14.576 13.106 15.237 14.655 17.940 19.178 21.880 24.748 23.872 22.371 19.949 17.378 16.438 13.265 12.708  9.328  8.981  8.324  6.532  3.841  0.000  3.832  5.231  5.116  6.547  8.828  9.822 10.872 12.838 14.334 15.545 16.978 18.533 18.825 17.361 16.160 12.707 14.802 16.838 14.255 13.641 11.914 14.005 14.222 17.360 18.741 16.104 13.779 10.040  8.945  6.724  5.914  5.430  4.110  6.343  8.863  9.222 10.455 12.290 11.508 13.938 14.927 16.729 15.469 16.080 13.788 15.889 15.461 17.718 18.763 20.136 23.203 24.581 26.821 28.521
 14.535 14.415 12.069 13.335 11.990 14.902 15.822 18.324 21.308 20.664 19.511 17.388 15.195 14.981 12.387 12.929 10.207 10.987 10.289  9.650  6.836  3.832  0.000  3.846  5.377  4.970  6.316  8.670  9.858 10.701 12.451 14.401 15.405 16.296 16.694 14.715 13.722 10.166 12.082 13.627 10.745  9.876  8.150 10.542 11.379 14.803 15.768 13.226 10.585  7.079  6.675  4.800  6.343  6.064  5.930  6.834 10.260 10.143 10.030 12.417 11.077 13.882 14.868 15.892 14.024 13.817 10.953 12.504 11.828 13.932 15.095 16.556 19.736 21.247 23.527 25.264
 16.816 16.679 14.617 15.612 13.857 16.612 16.839 19.368 22.136 21.555 20.396 18.741 16.205 16.351 13.587 14.231 11.807 12.875 12.977 11.618  8.285  5.231  3.846  0.000  3.848  5.428  5.071  6.275  8.792  9.909 10.471 12.563 14.396 15.205 14.782 12.910 11.194  7.628  9.740 12.014  9.970 10.282  9.883 13.008 14.585 18.110 18.611 15.941 12.765  9.661  8.191  4.756  6.378  8.104  8.693 10.365 13.544 13.324 13.670 16.137 14.834 17.435 18.031 18.896 17.311 16.759 13.761 14.689 13.063 14.618 14.813 15.837 18.669 19.941 22.277 24.103
 14.157 14.264 12.913 14.392 13.330 16.577 17.255 20.273 22.708 21.631 19.872 17.874 14.818 14.312 11.069 11.153  8.831 10.174 11.276 10.082  6.308  5.116  5.377  3.848  0.000  3.860  5.385  4.922  6.330  8.776  9.656 10.609 12.512 14.226 14.205 13.273 12.235  9.400 12.391 14.318 12.117 12.875 11.875 14.936 15.974 19.566 20.644 18.356 15.540 12.286 11.446  8.313  9.013  9.979  9.078 10.186 13.281 14.108 14.679 16.345 14.606 16.487 16.414 17.402 16.575 16.436 14.087 15.619 14.242 16.460 16.712 18.295 20.971 22.153 24.564 26.368
 12.437 11.685  9.706 10.710  9.492 12.796 13.753 16.898 19.323 18.133 16.343 14.184 11.323 11.019  8.197  9.227  7.545  9.866 10.837 10.950  7.379  6.547  4.970  5.428  3.860  0.000  3.848  5.404  5.121  6.457  8.743  9.987 10.723 12.188 13.042 11.928 11.874  9.255 12.389 13.331 10.412 10.895  9.229 12.172 13.114 16.795 18.014 16.241 13.727 10.839 11.226  9.017 10.734 10.784  9.506  9.205 12.822 13.926 13.522 14.971 12.549 14.282 13.956 14.327 13.318 12.795 10.504 12.102 10.981 13.693 14.455 16.651 19.485 20.858 23.323 25.118
 16.064 14.866 12.515 12.510 10.191 12.685 12.556 15.399 17.798 16.995 15.684 14.362 11.792 12.652 10.540 12.360 11.234 13.664 14.511 14.307 10.667  8.828  6.316  5.071  5.385  3.848  0.000  3.840  5.404  5.050  6.244  8.788  9.883 10.315 10.400  8.626  8.170  5.513  8.788  9.660  7.134  8.576  8.246 11.860 13.853 17.616 18.061 16.201 13.152 10.888 10.954  8.513 11.155 12.161 11.998 12.179 15.889 16.315 15.673 17.709 15.411 17.479 17.269 17.143 15.736 14.374 11.494 11.873  9.630 11.528 11.488 13.381 16.035 17.355 19.911 21.817
 16.612 15.782 14.234 14.608 12.787 15.450 15.254 18.278 20.247 19.181 17.470 16.242 13.119 13.597 11.030 12.288 11.397 13.830 15.472 14.797 10.980  9.822  8.670  6.275  4.922  5.404  3.840  0.000  3.844  5.415  4.904  6.355  8.751 10.010  9.419  8.841  8.090  6.426 10.105 11.515  9.967 12.092 12.069 15.672 17.501 21.261 21.857 19.935 16.835 14.347 13.839 10.727 12.557 14.068 13.630 14.234 17.679 18.452 18.405 20.177 17.917 19.601 18.966 19.052 18.287 17.250 14.792 15.386 13.054 14.848 14.197 15.866 18.028 19.019 21.556 23.445
 13.897 12.699 11.542 11.912 10.706 13.655 14.045 17.466 19.111 17.544 15.265 13.635 10.150 10.154  7.549  9.041  9.087 12.211 14.413 14.549 10.896 10.872  9.858  8.792  6.330  5.121  5.404  3.844  0.000  3.854  5.335  5.092  6.271  8.598  9.385  9.702 10.404  9.380 13.143 13.735 11.606 13.485 12.638 15.889 17.186 20.887 21.964 20.559 17.929 15.485 15.777 13.141 14.897 15.580 14.268 13.952 17.387 18.864 18.520 19.640 16.870 17.883 16.601 16.373 16.182 15.280 13.529 14.575 12.750 15.262 15.107 17.493 19.668 20.725 23.269 25.083
 15.749 13.740 11.780 10.933  8.717 10.900 10.616 13.938 15.488 14.093 12.146 11.127  8.139  9.553  8.276 11.014 11.523 14.875 16.577 17.120 13.523 12.838 10.701  9.909  8.776  6.457  5.050  5.415  3.854  0.000  3.849  5.436  5.066  5.753  7.093  6.767  8.478  8.066 11.585 11.192  8.973 11.189 10.740 14.035 15.843 19.513 20.164 19.120 16.506 14.786 15.605 13.498 16.074 16.732 15.874 15.194 18.909 20.037 19.020 20.394 17.412 18.618 17.421 16.457 15.767 13.994 11.968 12.122  9.769 12.045 11.719 14.418 16.491 17.640 20.243 22.096
 18.923 17.225 15.506 14.753 12.392 14.145 13.094 15.991 17.301 16.213 14.601 14.297 11.468 13.050 11.659 13.970 14.288 17.391 19.242 19.159 15.380 14.334 12.451 10.471  9.656  8.743  6.244  4.904  5.335  3.849  0.000  3.841  5.566  5.568  4.575  4.789  5.821  6.629 10.157 10.178  9.265 12.357 12.960 16.572 18.845 22.550 22.799 21.448 18.426 16.765 16.872 14.257 16.767 18.212 17.856 17.867 21.531 22.362 21.697 23.403 20.691 22.111 21.023 20.237 19.537 17.722 15.441 15.151 12.213 13.574 12.182 14.166 15.685 16.513 19.131 21.045
 18.024 16.485 15.583 15.192 13.639 15.723 15.191 18.383 19.279 17.704 15.457 14.870 11.562 12.427 10.849 12.687 13.626 16.847 19.360 19.376 15.710 15.545 14.401 12.563 10.609  9.987  8.788  6.355  5.092  5.436  3.841  0.000  3.845  6.038  5.826  7.963  9.293 10.207 13.807 13.979 12.976 15.852 15.923 19.365 21.165 24.852 25.536 24.323 21.501 19.528 19.675 16.872 18.866 20.112 19.157 18.998 22.451 23.829 23.415 24.634 21.756 22.615 20.992 20.266 20.285 18.880 17.227 17.487 14.993 16.826 15.670 17.859 19.215 19.886 22.394 24.182
 17.148 14.922 13.925 12.859 11.421 13.108 12.722 16.030 16.529 14.619 12.053 11.554  8.380  9.693  9.180 11.801 13.570 17.190 19.649 20.387 16.904 16.978 15.405 14.396 12.512 10.723  9.883  8.751  6.271  5.066  5.566  3.845  0.000  3.832  6.083  8.292 10.911 11.936 15.399 14.699 13.208 15.817 15.482 18.536 20.127 23.643 24.455 23.790 21.365 19.759 20.621 18.354 20.672 21.373 20.131 19.253 22.775 24.383 23.449 24.358 21.114 21.610 19.643 18.295 18.475 16.773 15.614 15.757 13.567 15.705 14.949 17.730 19.092 19.885 22.366 24.085
 19.878 17.317 15.646 13.817 11.502 12.182 10.758 13.597 13.867 12.358 10.489 11.084  8.871 11.421 11.661 14.790 16.325 19.934 21.941 22.687 19.116 18.533 16.296 15.205 14.226 12.188 10.315 10.010  8.598  5.753  5.568  6.038  3.832  0.000  3.853  5.697  9.175 10.973 13.873 12.402 11.383 14.320 14.657 17.693 19.816 23.238 23.513 23.020 20.529 19.539 20.542 18.583 21.416 22.303 21.583 20.733 24.448 25.617 24.316 25.595 22.379 23.231 21.567 19.855 19.464 17.103 15.565 14.782 12.044 13.453 12.165 14.898 15.892 16.646 19.137 20.893
 22.320 20.156 18.448 16.957 14.380 15.139 13.268 15.685 16.153 15.171 13.860 14.662 12.452 14.812 14.409 17.153 18.141 21.488 23.452 23.605 19.854 18.825 16.694 14.782 14.205 13.042 10.400  9.419  9.385  7.093  4.575  5.826  6.083  3.853  0.000  3.824  6.573  9.325 11.950 10.908 10.981 14.486 15.632 19.037 21.586 25.124 25.040 24.105 21.187 20.149 20.507 18.170 20.955 22.471 22.241 22.029 25.760 26.572 25.595 27.282 24.370 25.616 24.262 22.915 22.291 19.983 17.930 16.931 13.698 14.375 12.240 14.138 14.719 15.206 17.725 19.565
 22.451 20.289 17.981 16.365 13.235 13.750 11.519 13.581 14.674 14.239 13.595 14.397 12.628 15.273 14.824 17.725 18.135 21.279 22.659 22.737 19.020 17.361 14.715 12.910 13.273 11.928  8.626  8.841  9.702  6.767  4.789  7.963  8.292  5.697  3.824  0.000  3.897  6.514  8.653  7.173  7.381 11.020 12.687 16.128 19.041 22.529 22.068 20.988 17.947 17.231 17.584 15.570 18.712 20.280 20.535 20.451 24.250 24.590 23.421 25.486 22.798 24.512 23.675 22.399 21.159 18.625 16.039 14.600 11.044 11.167  8.789 10.492 11.441 12.253 14.987 17.022
 23.574 21.913 19.578 18.498 15.379 16.289 14.225 16.071 17.644 17.520 17.062 17.531 15.571 17.793 16.665 19.081 18.773 21.457 22.591 22.055 18.332 16.160 13.722 11.194 12.235 11.874  8.170  8.090 10.404  8.478  5.821  9.293 10.911  9.175  6.573  3.897  0.000  3.894  5.610  5.656  6.932 10.598 12.833 16.492 19.588 23.123 22.452 20.779 17.356 16.409 15.953 13.580 16.549 18.705 19.510 20.128 23.803 23.715 22.960 25.414 23.179 25.310 24.908 24.146 22.670 20.420 17.409 16.125 12.540 12.257  9.692 10.241 11.307 12.002 14.687 16.793
 21.527 20.216 17.721 17.119 14.126 15.552 14.095 16.099 18.320 18.200 17.672 17.446 15.380 17.123 15.519 17.593 16.615 18.894 19.590 18.868 15.269 12.707 10.166  7.628  9.400  9.255  5.513  6.426  9.380  8.066  6.629 10.207 11.936 10.973  9.325  6.514  3.894  0.000  3.843  5.494  5.327  8.248 10.200 13.944 16.897 20.473 19.942 17.871 14.322 12.958 12.215  9.729 12.753 14.893 15.910 16.781 20.370 20.043 19.440 22.068 20.135 22.564 22.587 22.245 20.512 18.597 15.324 14.467 11.239 11.351  9.702 10.277 12.339 13.403 16.009 18.078
 24.686 23.373 20.592 19.797 16.537 17.417 15.527 16.776 19.138 19.588 19.709 19.849 18.291 20.315 18.935 21.076 19.880 21.898 22.124 21.231 17.870 14.802 12.082  9.740 12.391 12.389  8.788 10.105 13.143 11.585 10.157 13.807 15.399 13.873 11.950  8.653  5.610  3.843  0.000  3.841  5.562  7.937 10.945 14.314 17.663 20.940 19.760 17.503 13.824 13.164 12.055 10.176 13.345 15.778 17.563 18.715 22.151 21.200 20.497 23.539 21.982 24.779 25.219 24.870 22.712 20.596 17.044 15.622 12.321 11.295  9.209  8.377 10.280 11.299 13.762 15.895
 25.072 23.225 20.200 18.728 15.146 15.264 12.813 13.635 15.807 16.513 17.062 17.731 16.743 19.332 18.655 21.342 20.671 23.101 23.364 23.049 19.666 16.838 13.627 12.014 14.318 13.331  9.660 11.515 13.735 11.192 10.178 13.979 14.699 12.402 10.908  7.173  5.656  5.494  3.841  0.000  3.835  6.805 10.173 13.297 16.895 20.035 18.607 16.972 13.597 13.719 13.598 12.433 15.992 17.849 19.339 19.820 23.438 22.656 21.349 24.228 22.308 24.926 25.167 24.262 22.002 19.375 15.928 13.813 10.206  8.506  5.728  5.079  7.087  8.572 11.400 13.701
 21.681 19.775 16.601 15.179 11.636 12.055 10.181 11.532 14.173 14.556 14.792 14.861 13.862 16.232 15.566 18.279 17.557 20.002 20.107 20.166 16.900 14.255 10.745  9.970 12.117 10.412  7.134  9.967 11.606  8.973  9.265 12.976 13.208 11.383 10.981  7.381  6.932  5.327  5.562  3.835  0.000  3.820  6.566  9.926 13.362 16.678 15.667 14.139 10.888 10.744 11.327 10.453 14.182 15.383 16.461 16.486 20.174 19.621 18.059 20.743 18.649 21.200 21.463 20.552 18.218 15.658 12.169 10.309  6.838  6.134  4.979  6.341  9.339 11.096 13.779 15.878
 21.231 19.443 15.962 14.670 11.288 11.604 10.365 11.271 14.489 15.112 15.629 15.246 14.725 16.780 16.178 18.701 17.581 19.610 19.014 19.278 16.485 13.641  9.876 10.282 12.875 10.895  8.576 12.092 13.485 11.189 12.357 15.852 15.817 14.320 14.486 11.020 10.598  8.248  7.937  6.805  3.820  0.000  3.828  6.610 10.237 13.340 12.099 10.405  7.184  7.648  8.922  9.302 13.093 13.633 14.949 14.757 18.237 17.283 15.331 18.207 16.431 19.308 20.132 19.369 16.520 14.058 10.325  8.410  5.880  5.166  6.175  7.321 10.850 12.832 15.147 17.018
 18.024 16.255 12.662 11.614  8.657  9.565  9.603 11.095 14.471 14.593 14.629 13.414 12.892 14.378 13.767 16.107 14.906 16.814 15.975 16.758 14.288 11.914  8.150  9.883 11.875  9.229  8.246 12.069 12.638 10.740 12.960 15.923 15.482 14.657 15.632 12.687 12.833 10.200 10.945 10.173  6.566  3.828  0.000  3.822  6.887 10.383 10.057  8.584  5.993  5.706  8.258  9.088 12.505 12.038 12.623 11.693 15.177 14.602 12.288 14.811 12.779 15.572 16.474 15.781 12.813 10.598  6.802  5.805  4.796  6.347  8.753 10.767 14.222 16.142 18.355 20.053
 18.785 16.978 13.245 12.082  9.659  9.888 10.521 11.240 14.755 15.126 15.564 14.191 14.466 15.756 15.611 17.820 16.611 18.160 16.703 17.949 16.144 14.005 10.542 13.008 14.936 12.172 11.860 15.672 15.889 14.035 16.572 19.365 18.536 17.693 19.037 16.128 16.492 13.944 14.314 13.297  9.926  6.610  3.822  0.000  3.824  6.815  6.314  5.485  4.521  5.791  9.347 11.388 14.389 13.113 13.632 12.127 15.087 14.263 11.219 13.575 11.819 14.670 16.080 15.266 11.768  9.572  6.130  5.048  6.286  7.543 10.849 12.734 16.137 18.128 20.029 21.489
 17.038 15.455 11.884 11.247  9.982 10.617 12.387 13.313 16.609 16.601 16.678 14.630 15.017 15.536 15.430 17.158 15.848 16.946 15.028 16.824 15.722 14.222 11.379 14.585 15.974 13.114 13.853 17.501 17.186 15.843 18.845 21.165 20.127 19.816 21.586 19.041 19.588 16.897 17.663 16.895 13.362 10.237  6.887  3.824  0.000  3.848  5.523  5.514  6.524  6.944 10.736 13.025 15.311 13.131 12.938 10.660 13.047 12.545  9.012 10.664  8.933 11.643 13.471 12.881  9.139  7.772  5.365  6.242  8.957 10.948 14.409 16.496 19.852 21.797 23.619 24.960
 19.278 17.795 14.444 13.784 12.987 13.030 14.883 15.152 18.281 18.509 18.940 16.980 17.913 18.336 18.555 20.122 18.853 19.601 17.282 19.271 18.719 17.360 14.803 18.110 19.566 16.795 17.616 21.261 20.887 19.513 22.550 24.852 23.643 23.238 25.124 22.529 23.123 20.473 20.940 20.035 16.678 13.340 10.383  6.815  3.848  0.000  3.849  5.596  8.418  9.653 13.281 16.086 18.066 15.564 15.456 13.080 14.647 13.871 10.093 11.245 10.274 12.647 14.899 14.289 10.503  9.562  8.347  8.911 12.010 13.507 17.137 19.006 22.240 24.198 25.773 26.927
 22.357 20.707 17.135 16.019 14.406 13.830 14.764 14.305 17.564 18.394 19.441 18.142 19.277 20.340 20.637 22.571 21.300 22.266 20.058 21.616 20.696 18.741 15.768 18.611 20.644 18.014 18.061 21.857 21.964 20.164 22.799 25.536 24.455 23.513 25.040 22.068 22.452 19.942 19.760 18.607 15.667 12.099 10.057  6.314  5.523  3.849  0.000  3.819  6.961  9.591 13.004 16.087 18.471 16.531 17.204 15.436 17.281 15.919 12.353 14.267 13.517 16.186 18.336 17.543 13.734 12.077 10.112  9.252 11.632 12.037 15.545 16.883 19.989 21.973 23.365 24.448
 21.852 20.633 17.112 16.540 14.735 14.898 15.626 15.653 19.131 19.871 20.646 19.230 19.684 20.601 20.238 21.902 20.120 20.810 18.466 19.445 18.482 16.104 13.226 15.941 18.356 16.241 16.201 19.935 20.559 19.120 21.448 24.323 23.790 23.020 24.105 20.988 20.779 17.871 17.503 16.972 14.139 10.405  8.584  5.485  5.514  5.596  3.819  0.000  3.825  6.460  9.529 12.871 15.106 13.340 14.566 13.478 15.368 13.465 10.297 13.029 12.738 16.004 18.417 18.230 14.482 13.184 10.499 10.016 11.591 11.917 15.008 15.911 19.210 21.182 22.687 23.906
 21.319 20.132 16.595 16.066 13.744 14.268 14.476 14.883 18.434 19.128 19.742 18.512 18.442 19.572 18.832 20.597 18.707 19.628 17.684 18.151 16.617 13.779 10.585 12.765 15.540 13.727 13.152 16.835 17.929 16.506 18.426 21.501 21.365 20.529 21.187 17.947 17.356 14.322 13.824 13.597 10.888  7.184  5.993  4.521  6.524  8.418  6.961  3.825  0.000  3.826  6.564  9.629 12.358 11.348 13.033 12.604 15.092 13.178 10.631 13.865 13.264 16.719 18.787 18.688 15.167 13.628 10.241  9.495  9.867  9.962 12.500 13.159 16.582 18.539 20.250 21.673
 18.575 17.851 14.607 14.833 12.913 14.436 15.106 16.359 19.835 20.016 19.968 18.253 17.462 18.029 16.642 17.922 15.617 16.251 14.314 14.475 12.925 10.040  7.079  9.661 12.286 10.839 10.888 14.347 15.485 14.786 16.765 19.528 19.759 19.539 20.149 17.231 16.409 12.958 13.164 13.719 10.744  7.648  5.706  5.791  6.944  9.653  9.591  6.460  3.826  0.000  3.837  6.619  9.047  7.768  9.314  9.244 11.920 10.163  8.197 11.607 11.023 14.618 16.667 17.136 13.971 13.088  9.717 10.159 10.381 11.443 13.639 14.596 18.077 19.909 21.839 23.383
 20.120 19.878 16.982 17.603 15.653 17.466 17.791 19.156 22.567 22.776 22.624 21.028 19.758 20.233 18.303 19.218 16.507 16.768 14.930 14.088 12.463  8.945  6.675  8.191 11.446 11.226 10.954 13.839 15.777 15.605 16.872 19.675 20.621 20.542 20.507 17.584 15.953 12.215 12.055 13.598 11.327  8.922  8.258  9.347 10.736 13.281 13.004  9.529  6.564  3.837  0.000  3.838  5.924  5.840  8.702 10.161 12.523 10.263  9.665 13.326 13.316 16.955 19.017 19.931 17.089 16.466 13.079 13.508 12.992 13.639 15.002 15.280 18.584 20.225 22.124 23.714
 19.244 19.159 16.619 17.460 15.503 17.756 17.917 19.776 22.954 22.879 22.331 20.762 18.891 19.263 16.887 17.629 14.892 15.336 14.235 12.839 10.516  6.724  4.800  4.756  8.313  9.017  8.513 10.727 13.141 13.498 14.257 16.872 18.354 18.583 18.170 15.570 13.580  9.729 10.176 12.433 10.453  9.302  9.088 11.388 13.025 16.086 16.087 12.871  9.629  6.619  3.838  0.000  3.853  5.687  8.170 10.281 12.996 11.465 11.640 14.897 14.444 17.741 19.241 20.243 17.924 17.342 13.993 14.590 13.388 14.279 14.931 15.294 18.390 19.830 21.917 23.638
 19.388 20.042 18.020 19.547 18.166 20.789 21.322 23.339 26.511 26.274 25.473 23.581 21.451 21.250 18.440 18.413 15.168 14.703 13.309 11.073  9.504  5.914  6.343  6.378  9.013 10.734 11.155 12.557 14.897 16.074 16.767 18.866 20.672 21.416 20.955 18.712 16.549 12.753 13.345 15.992 14.182 13.093 12.505 14.389 15.311 18.066 18.471 15.106 12.358  9.047  5.924  3.853  0.000  3.812  6.764 10.006 11.797 10.047 11.463 14.509 14.785 17.995 19.743 21.406 19.386 19.496 16.509 17.695 16.877 18.019 18.736 19.037 22.045 23.371 25.358 27.000
 17.269 18.102 16.095 17.931 17.067 19.791 20.921 22.953 26.210 25.849 24.971 22.685 20.788 20.201 17.522 17.256 13.840 12.924 10.728  9.024  8.369  5.430  6.064  8.104  9.979 10.784 12.161 14.068 15.580 16.732 18.212 20.112 21.373 22.303 22.471 20.280 18.705 14.893 15.778 17.849 15.383 13.633 12.038 13.113 13.131 15.564 16.531 13.340 11.348  7.768  5.840  5.687  3.812  0.000  3.834  6.930  8.290  6.284  7.822 10.794 11.456 14.764 16.929 18.868 16.766 17.368 14.754 16.508 16.516 18.136 19.572 20.337 23.588 25.094 27.078 28.658
 13.661 14.868 13.341 15.759 15.631 18.775 20.470 22.897 25.966 25.194 23.870 21.168 19.065 17.862 15.002 14.199 10.619  9.282  6.911  5.541  5.391  4.110  5.930  8.693  9.078  9.506 11.998 13.630 14.268 15.874 17.856 19.157 20.131 21.583 22.241 20.535 19.510 15.910 17.563 19.339 16.461 14.949 12.623 13.632 12.938 15.456 17.204 14.566 13.033  9.314  8.702  8.170  6.764  3.834  0.000  3.825  5.272  5.154  6.945  8.740  8.946 11.745 13.653 15.953 14.383 15.599 13.627 16.124 16.560 18.881 20.567 21.944 25.225 26.750 28.857 30.451
 10.967 11.852 10.162 12.711 13.132 16.289 18.517 21.004 23.966 23.001 21.563 18.572 16.762 15.300 12.846 12.169  8.945  7.974  5.195  6.240  6.270  6.343  6.834 10.365 10.186  9.205 12.179 14.234 13.952 15.194 17.867 18.998 19.253 20.733 22.029 20.451 20.128 16.781 18.715 19.820 16.486 14.757 11.693 12.127 10.660 13.080 15.436 13.478 12.604  9.244 10.161 10.281 10.006  6.930  3.825  0.000  3.854  5.485  5.475  6.204  5.321  8.065 10.038 12.278 10.681 12.268 10.875 13.908 15.043 17.844 20.028 21.937 25.287 26.922 29.057 30.615
 11.950 13.673 12.680 15.592 16.519 19.598 22.049 24.411 27.382 26.411 24.955 21.794 20.093 18.250 15.802 14.475 11.145  8.939  5.167  6.023  8.113  8.863 10.260 13.544 13.281 12.822 15.889 17.679 17.387 18.909 21.531 22.451 22.775 24.448 25.760 24.250 23.803 20.370 22.151 23.438 20.174 18.237 15.177 15.087 13.047 14.647 17.281 15.368 15.092 11.920 12.523 12.996 11.797  8.290  5.272  3.854  0.000  3.859  5.422  4.671  5.920  8.042 10.703 13.705 12.458 14.780 13.950 17.133 18.625 21.361 23.683 25.463 28.845 30.479 32.525 34.014
 15.548 16.876 15.275 17.654 17.884 20.606 22.645 24.613 27.837 27.269 26.256 23.409 21.939 20.647 18.310 17.483 14.095 12.243  8.700  8.432  9.955  9.222 10.143 13.324 14.108 13.926 16.315 18.452 18.864 20.037 22.362 23.829 24.383 25.617 26.572 24.590 23.715 20.043 21.200 22.656 19.621 17.283 14.602 14.263 12.545 13.871 15.919 13.465 13.178 10.163 10.263 11.465 10.047  6.284  5.154  5.485  3.859  0.000  3.836  5.461  7.800 10.846 13.897 16.483 14.510 16.241 14.732 17.348 18.668 20.852 23.140 24.432 27.850 29.510 31.425 32.874
 15.252 15.795 13.585 15.403 15.497 17.807 19.945 21.648 24.895 24.449 23.691 20.916 19.961 18.988 17.247 17.063 14.177 13.140  9.770 10.681 11.421 10.455 10.030 13.670 14.679 13.522 15.673 18.405 18.520 19.020 21.697 23.415 23.449 24.316 25.595 23.421 22.960 19.440 20.497 21.349 18.059 15.331 12.288 11.219  9.012 10.093 12.353 10.297 10.631  8.197  9.665 11.640 11.463  7.822  6.945  5.475  5.422  3.836  0.000  3.854  5.602  9.213 12.478 14.423 11.830 13.244 11.761 14.283 16.081 18.281 20.974 22.486 25.956 27.733 29.613 31.018
 13.373 14.297 12.732 15.034 16.049 18.507 21.198 23.090 26.099 25.324 24.241 21.098 20.188 18.611 17.006 16.318 13.653 12.189  8.614 10.523 12.060 12.290 12.417 16.137 16.345 14.971 17.709 20.177 19.640 20.394 23.403 24.634 24.358 25.595 27.282 25.486 25.414 22.068 23.539 24.228 20.743 18.207 14.811 13.575 10.664 11.245 14.267 13.029 13.865 11.607 13.326 14.897 14.509 10.794  8.740  6.204  4.671  5.461  3.854  0.000  3.841  6.391 10.030 12.498 10.513 12.918 12.539 15.658 17.947 20.596 23.474 25.375 28.822 30.595 32.509 33.885
 10.602 10.858  8.988 11.243 12.506 15.108 18.021 20.180 23.001 21.977 20.670 17.414 16.490 14.860 13.499 13.147 10.976 10.394  7.589 10.360 10.975 11.508 11.077 14.834 14.606 12.549 15.411 17.917 16.870 17.412 20.691 21.756 21.114 22.379 24.370 22.798 23.179 20.135 21.982 22.308 18.649 16.431 12.779 11.819  8.933 10.274 13.517 12.738 13.264 11.023 13.316 14.444 14.785 11.456  8.946  5.321  5.920  7.800  5.602  3.841  0.000  3.830  6.969  8.991  6.937  9.424  9.380 12.857 15.228 18.270 21.165 23.483 26.860 28.623 30.646 32.068
  8.501  8.964  8.173 10.860 13.187 15.824 19.167 21.516 23.949 22.545 20.852 17.297 16.411 14.120 13.069 12.226 10.737 10.099  7.951 11.501 12.452 13.938 13.882 17.435 16.487 14.282 17.479 19.601 17.883 18.618 22.111 22.615 21.610 23.231 25.616 24.512 25.310 22.564 24.779 24.926 21.200 19.308 15.572 14.670 11.643 12.647 16.186 16.004 16.719 14.618 16.955 17.741 17.995 14.764 11.745  8.065  8.042 10.846  9.213  6.391  3.830  0.000  3.838  6.594  6.042  9.584 10.888 14.617 17.210 20.567 23.479 26.134 29.405 31.123 33.175 34.570
  5.724  5.653  5.979  8.971 12.076 14.872 18.390 21.082 23.085 21.273 19.104 15.377 14.270 11.435 10.650  9.628  9.191  9.351  8.699 12.482 12.882 14.927 14.868 18.031 16.414 13.956 17.269 18.966 16.601 17.421 21.023 20.992 19.643 21.567 24.262 23.675 24.908 22.587 25.219 25.167 21.463 20.132 16.474 16.080 13.471 14.899 18.336 18.417 18.787 16.667 19.017 19.241 19.743 16.929 13.653 10.038 10.703 13.897 12.478 10.030  6.969  3.838  0.000  3.843  5.581  9.108 11.137 14.886 17.256 20.894 23.587 26.574 29.662 31.293 33.430 34.850
  7.676  5.453  4.867  6.391  9.884 12.125 15.819 18.416 20.084 18.137 15.958 12.232 11.745  9.210  9.703  9.895 10.610 11.949 11.837 15.470 15.119 16.729 15.892 18.896 17.402 14.327 17.143 19.052 16.373 16.457 20.237 20.266 18.295 19.855 22.915 22.399 24.146 22.245 24.870 24.262 20.552 19.369 15.781 15.266 12.881 14.289 17.543 18.230 18.688 17.136 19.931 20.243 21.406 18.868 15.953 12.278 13.705 16.483 14.423 12.498  8.991  6.594  3.843  0.000  3.843  6.639  9.578 12.989 15.533 19.207 21.972 25.229 28.147 29.768 31.870 33.242
 10.045  7.992  5.474  6.044  8.399 10.331 13.924 16.161 18.312 16.834 15.279 11.815 11.781 10.277 10.691 11.594 11.513 12.810 11.878 15.227 14.694 15.469 14.024 17.311 16.575 13.318 15.736 18.287 16.182 15.767 19.537 20.285 18.475 19.464 22.291 21.159 22.670 20.512 22.712 22.002 18.218 16.520 12.813 11.768  9.139 10.503 13.734 14.482 15.167 13.971 17.089 17.924 19.386 16.766 14.383 10.681 12.458 14.510 11.830 10.513  6.937  6.042  5.581  3.843  0.000  3.828  6.483  9.977 12.932 16.417 19.491 22.567 25.631 27.360 29.394 30.752
 12.591  9.810  6.456  4.683  5.648  6.724 10.296 12.390 14.573 13.245 12.046  8.926  9.597  9.346 10.521 12.580 12.896 14.939 14.340 17.268 15.988 16.080 13.817 16.759 16.436 12.795 14.374 17.250 15.280 13.994 17.722 18.880 16.773 17.103 19.983 18.625 20.420 18.597 20.596 19.375 15.658 14.058 10.598  9.572  7.772  9.562 12.077 13.184 13.628 13.088 16.466 17.342 19.496 17.368 15.599 12.268 14.780 16.241 13.244 12.918  9.424  9.584  9.108  6.639  3.828  0.000  3.819  6.617  9.708 13.123 16.263 19.486 22.422 24.164 26.178 27.532
 13.872 11.458  7.671  6.128  4.753  6.112  8.781 10.892 13.719 12.886 12.124  9.599  9.756 10.310 10.709 13.033 12.684 14.774 14.011 16.269 14.514 13.788 10.953 13.761 14.087 10.504 11.494 14.792 13.529 11.968 15.441 17.227 15.614 15.565 17.930 16.039 17.409 15.324 17.044 15.928 12.169 10.325  6.802  6.130  5.365  8.347 10.112 10.499 10.241  9.717 13.079 13.993 16.509 14.754 13.627 10.875 13.950 14.732 11.761 12.539  9.380 10.888 11.137  9.578  6.483  3.819  0.000  3.830  6.617 10.007 13.154 16.153 19.273 21.089 23.178 24.643
 17.410 14.754 10.993  8.592  5.787  4.943  6.182  7.525 10.725 10.554 10.740  9.358 10.297 12.094 12.981 15.861 15.744 18.099 17.461 19.349 17.227 15.889 12.504 14.689 15.619 12.102 11.873 15.386 14.575 12.122 15.151 17.487 15.757 14.782 16.931 14.600 16.125 14.467 15.622 13.813 10.309  8.410  5.805  5.048  6.242  8.911  9.252 10.016  9.495 10.159 13.508 14.590 17.695 16.508 16.124 13.908 17.133 17.348 14.283 15.658 12.857 14.617 14.886 12.989  9.977  6.617  3.830  0.000  3.821  6.657 10.106 13.153 16.150 18.021 20.038 21.489
 18.759 16.149 12.542 10.171  6.508  5.821  4.899  6.627  9.850  9.901 10.194  9.679  9.971 12.465 13.024 16.181 16.100 18.767 18.588 19.912 17.208 15.461 11.828 13.063 14.242 10.981  9.630 13.054 12.750  9.769 12.213 14.993 13.567 12.044 13.698 11.044 12.540 11.239 12.321 10.206  6.838  5.880  4.796  6.286  8.957 12.010 11.632 11.591  9.867 10.381 12.992 13.388 16.877 16.516 16.560 15.043 18.625 18.668 16.081 17.947 15.228 17.210 17.256 15.533 12.932  9.708  6.617  3.821  0.000  3.820  6.620  9.898 12.860 14.722 16.994 18.673
 22.468 19.929 16.322 13.917 10.236  8.857  6.580  6.447  9.656 10.735 12.055 12.537 13.166 16.012 16.590 19.767 19.550 22.112 21.781 22.757 19.980 17.718 13.932 14.618 16.460 13.693 11.528 14.848 15.262 12.045 13.574 16.826 15.705 13.453 14.375 11.167 12.257 11.351 11.295  8.506  6.134  5.166  6.347  7.543 10.948 13.507 12.037 11.917  9.962 11.443 13.639 14.279 18.019 18.136 18.881 17.844 21.361 20.852 18.281 20.596 18.270 20.567 20.894 19.207 16.417 13.123 10.007  6.657  3.820  0.000  3.822  6.670  9.642 11.676 13.888 15.646
 24.443 21.960 18.587 16.255 12.462 11.315  8.327  8.294 10.603 11.733 13.046 14.172 14.346 17.464 17.841 21.073 20.959 23.692 23.753 24.320 21.190 18.763 15.095 14.813 16.712 14.455 11.488 14.197 15.107 11.719 12.182 15.670 14.949 12.165 12.240  8.789  9.692  9.702  9.209  5.728  4.979  6.175  8.753 10.849 14.409 17.137 15.545 15.008 12.500 13.639 15.002 14.931 18.736 19.572 20.567 20.028 23.683 23.140 20.974 23.474 21.165 23.479 23.587 21.972 19.491 16.263 13.154 10.106  6.620  3.822  0.000  3.824  6.425  8.505 11.170 13.283
 27.407 25.177 21.793 19.719 15.957 14.956 12.026 11.513 13.650 15.134 16.690 17.913 17.977 20.988 21.055 24.086 23.619 26.092 25.953 26.096 22.991 20.136 16.556 15.837 18.295 16.651 13.381 15.866 17.493 14.418 14.166 17.859 17.730 14.898 14.138 10.492 10.241 10.277  8.377  5.079  6.341  7.321 10.767 12.734 16.496 19.006 16.883 15.911 13.159 14.596 15.280 15.294 19.037 20.337 21.944 21.937 25.463 24.432 22.486 25.375 23.483 26.134 26.574 25.229 22.567 19.486 16.153 13.153  9.898  6.670  3.824  0.000  3.834  6.372  8.993 11.260
 30.295 27.943 24.672 22.410 18.640 17.353 14.072 13.200 14.606 16.269 18.061 19.841 20.023 23.265 23.522 26.666 26.444 29.070 29.148 29.233 26.007 23.203 19.736 18.669 20.971 19.485 16.035 18.028 19.668 16.491 15.685 19.215 19.092 15.892 14.719 11.441 11.307 12.339 10.280  7.087  9.339 10.850 14.222 16.137 19.852 22.240 19.989 19.210 16.582 18.077 18.584 18.390 22.045 23.588 25.225 25.287 28.845 27.850 25.956 28.822 26.860 29.405 29.662 28.147 25.631 22.422 19.273 16.150 12.860  9.642  6.425  3.834  0.000  3.834  6.557  9.030
 31.727 29.387 26.225 23.970 20.244 18.963 15.627 14.751 15.852 17.453 19.238 21.189 21.312 24.575 24.824 27.944 27.791 30.448 30.655 30.639 27.354 24.581 21.247 19.941 22.153 20.858 17.355 19.019 20.725 17.640 16.513 19.886 19.885 16.646 15.206 12.253 12.002 13.403 11.299  8.572 11.096 12.832 16.142 18.128 21.797 24.198 21.973 21.182 18.539 19.909 20.225 19.830 23.371 25.094 26.750 26.922 30.479 29.510 27.733 30.595 28.623 31.123 31.293 29.768 27.360 24.164 21.089 18.021 14.722 11.676  8.505  6.372  3.834  0.000  3.845  6.764
 34.012 31.663 28.485 26.182 22.511 21.053 17.746 16.530 17.446 19.183 21.203 23.284 23.609 26.881 27.224 30.333 30.167 32.760 32.870 32.839 29.640 26.821 23.527 22.277 24.564 23.323 19.911 21.556 23.269 20.243 19.131 22.394 22.366 19.137 17.725 14.987 14.687 16.009 13.762 11.400 13.779 15.147 18.355 20.029 23.619 25.773 23.365 22.687 20.250 21.839 22.124 21.917 25.358 27.078 28.857 29.057 32.525 31.425 29.613 32.509 30.646 33.175 33.430 31.870 29.394 26.178 23.178 20.038 16.994 13.888 11.170  8.993  6.557  3.845  0.000  3.811
