  0.000  3.831  6.648 10.256 13.215 16.645 19.836 23.059 24.770 22.610 19.843 16.222 13.910 10.424  8.333  5.532  5.434  5.802  7.618 10.746 10.683 13.746 14.561 16.855 14.214 12.444 16.058 16.599 13.852 15.707 18.875 17.933 17.057 19.806 22.252 22.405 23.540 21.515 24.690 25.070 21.699 21.236 18.046 18.861 17.156 19.419 22.476 21.919 21.380 18.614 20.147 19.256 19.415 17.307 13.686 11.025 12.007 15.610 15.348 13.480 10.738  8.637  5.771  7.658 10.110 12.616 13.890 17.444 18.766 22.471 24.373 27.453 30.295 31.573 34.079 35.792
  3.831  0.000  3.825  6.847 10.132 13.324 16.613 19.828 21.322 19.040 16.207 12.545 10.478  6.955  5.865  4.769  6.339  8.428 10.014 13.181 12.274 14.641 14.482 16.762 14.371 11.752 14.909 15.821 12.710 13.744 17.222 16.440 14.867 17.280 20.127 20.284 21.924 20.248 23.419 23.262 19.832 19.484 16.313 17.087 15.593 17.957 20.854 20.733 20.224 17.924 19.943 19.215 20.111 18.174 14.916 11.923 13.738 16.956 15.910 14.414 10.997  9.070  5.684  5.412  8.046  9.838 11.502 14.814 16.186 19.964 21.906 25.226 27.945 29.189 31.620 33.282
  6.648  3.825  0.000  3.820  6.752 10.071 13.374 16.493 18.340 16.372 13.937 10.298  8.561  6.047  5.370  6.274  6.874  9.334 10.032 13.046 11.638 13.078 12.052 14.604 12.914  9.684 12.476 14.182 11.465 11.716 15.439 15.476 13.821 15.570 18.372 17.927 19.533 17.686 20.578 20.186 16.606 15.962 12.683 13.338 12.018 14.616 17.288 17.201 16.658 14.636 16.989 16.602 18.011 16.095 13.304 10.153 12.683 15.303 13.663 12.822  9.094  8.244  5.968  4.860  5.564  6.515  7.717 11.053 12.558 16.336 18.511 21.824 24.678 26.026 28.455 30.138
 10.256  6.847  3.820  0.000  3.820  6.527 10.007 13.070 14.712 12.683 10.330  6.675  5.804  4.718  6.191  8.772 10.032 12.908 13.532 16.320 14.471 15.192 13.293 15.578 14.383 10.687 12.458 14.558 11.853 10.872 14.692 15.106 12.776 13.751 16.890 16.309 18.449 17.071 19.763 18.695 15.159 14.639 11.598 12.135 11.322 13.912 16.138 16.596 16.089 14.823 17.578 17.420 19.516 17.903 15.693 12.663 15.563 17.646 15.436 15.080 11.283 10.863  8.936  6.363  6.045  4.679  6.132  8.622 10.157 13.908 16.139 19.690 22.366 23.670 25.978 27.589
 13.215 10.132  6.752  3.820  0.000  3.825  6.687  9.975 11.918 10.328  8.552  5.720  5.075  6.371  7.545 10.789 11.577 14.621 15.082 17.263 14.849 14.649 11.983 13.853 13.351  9.513 10.173 12.773 10.693  8.692 12.369 13.600 11.380 11.466 14.343 13.202 15.359 14.106 16.523 15.125 11.628 11.268  8.657  9.717 10.051 13.097 14.510 14.792 13.772 12.923 15.654 15.496 18.171 17.073 15.599 13.115 16.519 17.902 15.549 16.108 12.557 13.196 12.042  9.857  8.397  5.615  4.751  5.822  6.496 10.225 12.344 15.916 18.591 19.945 22.312 23.999
 16.645 13.324 10.071  6.527  3.825  0.000  3.831  6.628  8.500  7.129  6.236  4.543  6.319  8.818 10.927 14.349 15.371 18.382 18.639 20.862 18.482 17.936 14.895 16.605 16.596 12.823 12.676 15.446 13.657 10.895 14.140 15.707 13.090 12.169 15.122 13.735 16.286 15.542 17.410 15.250 12.048 11.588  9.565  9.937 10.656 13.126 13.936 14.962 14.295 14.445 17.470 17.755 20.797 19.796 18.740 16.263 19.591 20.620 17.849 18.556 15.135 15.810 14.838 12.105 10.306  6.683  6.116  4.973  5.809  8.853 11.187 14.886 17.302 18.594 20.690 22.218
 19.836 16.613 13.374 10.007  6.687  3.831  0.000  3.838  5.726  5.362  5.869  6.465  8.097 11.420 13.298 16.915 17.851 20.980 21.319 23.099 20.359 19.269 15.898 16.940 17.407 13.919 12.694 15.426 14.247 10.822 13.299 15.408 12.946 10.984 13.469 11.687 14.377 14.217 15.607 12.868 10.244 10.361  9.607 10.487 12.333 14.842 14.710 15.581 14.430 15.100 17.807 17.976 21.395 20.970 20.495 18.540 22.077 22.672 19.973 21.234 18.048 19.166 18.391 15.825 13.896 10.232  8.758  6.130  4.887  6.524  8.183 11.887 13.957 15.176 17.229 18.796
 23.059 19.828 16.493 13.070  9.975  6.628  3.838  0.000  3.851  5.642  7.890  9.304 11.613 14.886 16.915 20.476 21.278 24.238 24.238 26.026 23.423 22.038 18.477 19.570 20.503 17.128 15.645 18.559 17.741 14.230 16.329 18.707 16.332 13.936 16.045 13.938 16.424 16.398 17.052 13.904 11.776 11.427 11.202 11.259 13.250 15.069 14.242 15.648 14.915 16.431 19.274 19.950 23.511 23.074 22.969 21.042 24.445 24.664 21.683 23.107 20.172 21.455 21.027 18.359 16.070 12.284 10.881  7.513  6.754  6.593  8.405 11.583 13.364 14.528 16.148 17.486
 24.770 21.322 18.340 14.712 11.918  8.500  5.726  3.851  0.000  3.839  6.824  9.494 12.091 15.632 18.092 21.800 23.116 26.341 26.735 28.590 25.841 24.678 21.231 22.010 22.611 19.265 17.662 20.099 19.007 15.360 17.129 19.128 16.398 13.701 15.942 14.445 17.425 18.123 18.925 15.573 13.986 14.360 14.412 14.783 16.669 18.438 17.721 19.222 18.427 19.810 22.508 22.862 26.436 26.167 25.903 23.941 27.397 27.863 24.964 26.203 23.077 24.009 23.137 20.171 18.382 14.638 13.769 10.769  9.773  9.544 10.246 13.227 14.194 14.960 16.276 17.429
 22.610 19.040 16.372 12.683 10.328  7.129  5.362  5.642  3.839  0.000  3.811  6.822  9.585 13.067 15.829 19.540 21.234 24.597 25.303 27.343 24.616 23.887 20.692 21.549 21.623 18.154 16.966 19.119 17.489 14.027 16.112 17.579 14.485 12.208 15.015 14.125 17.433 18.141 19.551 16.483 14.560 15.165 14.680 15.290 16.763 18.754 18.662 20.085 19.268 20.122 22.855 22.919 26.317 25.910 25.211 23.043 26.477 27.366 24.592 25.476 22.101 22.625 21.318 18.195 16.906 13.322 12.999 10.709  9.985 10.837 11.612 14.977 16.052 16.773 18.225 19.380
 19.843 16.207 13.937 10.330  8.552  6.236  5.869  7.890  6.824  3.811  0.000  3.835  6.460  9.871 12.887 16.575 18.657 22.158 23.240 25.399 22.686 22.431 19.583 20.470 19.954 16.434 15.748 17.526 15.322 12.201 14.641 15.475 12.060 10.500 13.871 13.629 17.109 17.724 19.769 17.128 14.879 15.715 14.729 15.703 16.797 19.112 19.631 20.802 19.860 20.067 22.715 22.412 25.558 25.050 23.903 21.606 25.006 26.336 23.804 24.351 20.762 20.889 19.110 15.955 15.289 12.057 12.199 10.862 10.295 12.166 12.974 16.593 17.898 18.655 20.405 21.708
 16.222 12.545 10.298  6.675  5.720  4.543  6.465  9.304  9.494  6.822  3.835  0.000  3.827  6.606  9.820 13.373 15.454 18.847 19.884 22.293 19.842 19.974 17.415 18.771 17.925 14.237 14.375 16.255 13.654 11.129 14.284 14.842 11.517 11.041 14.619 14.366 17.515 17.439 19.848 17.726 14.877 15.259 13.450 14.278 14.717 17.123 18.286 19.330 18.573 18.297 21.063 20.788 23.618 22.723 21.169 18.588 21.825 23.459 21.000 21.189 17.493 17.332 15.389 12.237 11.821  8.921  9.639  9.423  9.704 12.562 14.033 17.795 19.677 20.660 22.657 24.083
 13.910 10.478  8.561  5.804  5.075  6.319  8.097 11.613 12.091  9.585  6.460  3.827  0.000  3.843  6.491 10.205 12.427 16.045 17.580 19.701 17.011 17.395 15.213 16.231 14.867 11.370 11.794 13.125 10.165  8.128 11.439 11.521  8.328  8.808 12.391 12.576 15.532 15.354 18.268 16.720 13.865 14.719 12.913 14.535 15.098 18.037 19.392 19.752 18.479 17.488 19.774 18.900 21.473 20.814 19.060 16.779 20.119 21.978 20.035 20.271 16.576 16.459 14.277 11.734 11.792  9.577  9.769 10.345  9.980 13.168 14.192 17.844 19.813 20.796 23.073 24.679
 10.424  6.955  6.047  4.718  6.371  8.818 11.420 14.886 15.632 13.067  9.871  6.606  3.843  0.000  3.819  7.007  9.751 13.278 15.123 17.552 15.268 16.449 14.992 16.371 14.355 11.046 12.636 13.581 10.134  9.509 12.990 12.342  9.595 11.329 14.724 15.202 17.734 17.082 20.282 19.299 16.226 16.765 14.391 15.826 15.631 18.474 20.462 20.669 19.611 18.051 20.243 19.260 21.264 20.222 17.857 15.323 18.280 20.689 19.068 18.703 14.964 14.194 11.464  9.208 10.308  9.342 10.324 12.135 12.463 16.005 17.318 20.887 23.087 24.124 26.463 28.080
  8.333  5.865  5.370  6.191  7.545 10.927 13.298 16.915 18.092 15.829 12.887  9.820  6.491  3.819  0.000  3.813  6.265  9.986 12.244 14.267 11.815 13.303 12.434 13.641 11.137  8.247 10.553 11.028  7.524  8.242 11.607 10.754  9.076 11.581 14.332 14.773 16.627 15.505 18.933 18.655 15.598 16.202 13.821 15.718 15.568 18.720 20.781 20.330 18.906 16.702 18.348 16.915 18.483 17.574 15.030 12.909 15.859 18.380 17.360 17.124 13.641 13.176 10.674  9.692 10.757 10.545 10.749 13.056 13.062 16.617 17.749 21.022 23.403 24.503 27.028 28.777
  5.532  4.769  6.274  8.772 10.789 14.349 16.915 20.476 21.800 19.540 16.575 13.373 10.205  7.007  3.813  0.000  3.829  7.153 10.105 12.127 10.259 12.730 12.958 14.271 11.207  9.244 12.353 12.266  8.990 10.967 13.904 12.576 11.697 14.707 17.067 17.663 19.025 17.562 21.058 21.328 18.295 18.708 16.142 17.909 17.289 20.276 22.699 21.975 20.655 17.964 19.242 17.635 18.435 17.292 14.222 12.234 14.532 17.544 17.167 16.432 13.297 12.359  9.673  9.895 11.673 12.609 13.062 15.919 16.203 19.778 20.983 24.069 26.565 27.681 30.245 32.007
  5.434  6.339  6.874 10.032 11.577 15.371 17.851 21.278 23.116 21.234 18.657 15.454 12.427  9.751  6.265  3.829  0.000  3.821  6.690  8.368  6.560  9.349 10.224 11.851  8.900  7.543 11.227 11.393  9.047 11.482 14.250 13.557 13.500 16.267 18.087 18.093 18.743 16.601 19.876 20.660 17.564 17.566 14.906 16.650 15.923 18.936 21.359 20.133 18.724 15.624 16.508 14.889 15.185 13.860 10.626  8.982 11.166 14.121 14.233 13.710 11.066 10.805  9.139 10.535 11.531 12.866 12.654 15.749 16.088 19.529 20.882 23.645 26.412 27.664 30.305 32.141
  5.802  8.428  9.334 12.908 14.621 18.382 20.980 24.238 26.341 24.597 22.158 18.847 16.045 13.278  9.986  7.153  3.821  0.000  3.877  5.432  5.389  8.995 10.988 12.909 10.230  9.844 13.650 13.825 12.169 14.832 17.357 16.786 17.125 19.879 21.440 21.239 21.431 18.883 21.897 23.088 19.999 19.581 16.794 18.170 16.991 19.646 22.288 20.789 19.623 16.236 16.753 15.321 14.711 12.930  9.285  7.997  8.941 12.248 13.164 12.209 10.448 10.141  9.269 11.857 12.809 14.896 14.722 18.078 18.737 22.073 23.623 26.152 29.091 30.414 33.051 34.889
  7.618 10.014 10.032 13.532 15.082 18.639 21.319 24.238 26.735 25.303 23.240 19.884 17.580 15.123 12.244 10.105  6.690  3.877  0.000  3.839  5.541  8.345 10.283 13.000 11.322 10.809 14.491 15.463 14.367 16.528 19.210 19.302 19.582 21.885 23.407 22.621 22.573 19.584 22.131 23.348 20.093 18.975 15.936 16.689 15.047 17.294 20.051 18.425 17.668 14.288 14.913 14.223 13.325 10.740  6.922  5.205  5.170  8.708  9.779  8.614  7.605  7.955  8.583 11.736 11.860 14.286 13.942 17.413 18.538 21.725 23.695 26.055 29.248 30.719 33.306 35.126
 10.746 13.181 13.046 16.320 17.263 20.862 23.099 26.026 28.590 27.343 25.399 22.293 19.701 17.552 14.267 12.127  8.368  5.432  3.839  0.000  3.837  6.527  9.627 11.627 10.099 10.896 14.276 14.775 14.490 17.065 19.122 19.316 20.321 22.631 23.558 22.696 22.032 18.856 21.231 23.028 20.146 19.233 16.714 17.921 16.832 19.263 21.585 19.379 18.117 14.434 14.053 12.810 11.071  9.013  5.535  6.233  5.991  8.406 10.663 10.493 10.357 11.497 12.366 15.367 15.210 17.209 16.192 19.299 19.861 22.695 24.274 26.209 29.338 30.771 33.401 35.276
 10.683 12.274 11.638 14.471 14.849 18.482 20.359 23.423 25.841 24.616 22.686 19.842 17.011 15.268 11.815 10.259  6.560  5.389  5.541  3.837  0.000  3.840  6.812  8.301  6.328  7.315 10.633 10.957 10.834 13.463 15.340 15.652 16.839 19.059 19.805 18.975 18.303 15.251 17.862 19.640 16.878 16.438 14.244 16.119 15.734 18.720 20.672 18.422 16.579 12.884 12.429 10.486  9.507  8.364  5.381  6.270  8.094  9.941 11.420 12.052 10.993 12.457 12.768 15.012 14.675 15.919 14.431 17.179 17.156 19.917 21.132 23.071 26.060 27.434 30.126 32.049
 13.746 14.641 13.078 15.192 14.649 17.936 19.269 22.038 24.678 23.887 22.431 19.974 17.395 16.449 13.303 12.730  9.349  8.995  8.345  6.527  3.840  0.000  3.833  5.236  5.109  6.516  8.819  9.808 10.837 12.815 14.325 15.518 16.955 18.518 18.811 17.349 16.157 12.710 14.810 16.835 14.259 13.626 11.912 14.017 14.274 17.394 18.745 16.073 13.768 10.030  8.924  6.699  5.908  5.429  4.110  6.376  8.866  9.223 10.483 12.313 11.559 13.976 14.857 16.681 15.507 16.069 13.760 15.891 15.456 17.694 18.764 20.275 23.331 24.780 27.469 29.432
 14.561 14.482 12.052 13.293 11.983 14.895 15.898 18.477 21.231 20.692 19.583 17.415 15.213 14.992 12.434 12.958 10.224 10.988 10.283  9.627  6.812  3.833  0.000  3.845  5.379  4.960  6.317  8.671  9.841 10.692 12.462 14.397 15.399 16.298 16.699 14.720 13.741 10.186 12.104 13.631 10.752  9.860  8.145 10.546 11.417 14.825 15.765 13.191 10.565  7.062  6.653  4.783  6.348  6.062  5.903  6.834 10.248 10.137 10.050 12.433 11.109 13.893 14.789 15.840 14.048 13.795 10.917 12.502 11.822 13.906 15.101 16.701 19.883 21.441 24.145 26.132
 16.855 16.762 14.604 15.578 13.853 16.605 16.940 19.570 22.010 21.549 20.470 18.771 16.231 16.371 13.641 14.271 11.851 12.909 13.000 11.627  8.301  5.236  3.845  0.000  3.846  5.432  5.082  6.296  8.805  9.918 10.498 12.591 14.420 15.225 14.800 12.914 11.201  7.630  9.723 11.992  9.958 10.243  9.867 12.994 14.607 18.117 18.583 15.880 12.709  9.621  8.136  4.695  6.355  8.085  8.679 10.380 13.540 13.311 13.681 16.153 14.876 17.466 17.972 18.855 17.340 16.735 13.724 14.686 13.054 14.578 14.801 15.918 18.723 20.102 22.875 24.933
 14.214 14.371 12.914 14.383 13.351 16.596 17.407 20.503 22.611 21.623 19.954 17.925 14.867 14.355 11.137 11.207  8.900 10.230 11.322 10.099  6.328  5.109  5.379  3.846  0.000  3.861  5.375  4.907  6.331  8.774  9.646 10.602 12.521 14.226 14.189 13.246 12.192  9.356 12.339 14.279 12.106 12.846 11.879 14.959 16.041 19.624 20.665 18.333 15.515 12.269 11.403  8.254  8.974  9.960  9.072 10.232 13.300 14.113 14.721 16.396 14.697 16.568 16.397 17.391 16.641 16.444 14.079 15.649 14.252 16.437 16.670 18.322 20.934 22.165 24.952 26.970
 12.444 11.752  9.684 10.687  9.513 12.823 13.919 17.128 19.265 18.154 16.434 14.237 11.370 11.046  8.247  9.244  7.543  9.844 10.809 10.896  7.315  6.516  4.960  5.432  3.861  0.000  3.849  5.395  5.105  6.460  8.746  9.974 10.725 12.197 13.042 11.928 11.869  9.248 12.383 13.333 10.435 10.893  9.253 12.220 13.190 16.870 18.066 16.249 13.731 10.839 11.206  8.987 10.713 10.765  9.463  9.204 12.805 13.914 13.554 15.004 12.612 14.318 13.898 14.285 13.356 12.789 10.496 12.146 11.011 13.700 14.425 16.701 19.484 20.825 23.605 25.595
 16.058 14.909 12.476 12.458 10.173 12.676 12.694 15.645 17.662 16.966 15.748 14.375 11.794 12.636 10.553 12.353 11.227 13.650 14.491 14.276 10.633  8.819  6.317  5.082  5.375  3.849  0.000  3.841  5.397  5.044  6.258  8.795  9.889 10.322 10.405  8.624  8.174  5.510  8.779  9.654  7.146  8.564  8.258 11.882 13.895 17.660 18.085 16.194 13.139 10.884 10.943  8.503 11.158 12.159 11.970 12.176 15.877 16.311 15.701 17.736 15.453 17.493 17.194 17.079 15.742 14.332 11.455 11.890  9.638 11.514 11.445 13.388 15.983 17.305 20.171 22.255
 16.599 15.821 14.182 14.558 12.773 15.446 15.426 18.559 20.099 19.119 17.526 16.255 13.125 13.581 11.028 12.266 11.393 13.825 15.463 14.775 10.957  9.808  8.671  6.296  4.907  5.395  3.841  0.000  3.845  5.411  4.903  6.365  8.765 10.014  9.414  8.823  8.059  6.393 10.069 11.499  9.978 12.082 12.082 15.697 17.550 21.312 21.883 19.924 16.818 14.339 13.820 10.705 12.548 14.059 13.606 14.242 17.669 18.444 18.433 20.206 17.972 19.632 18.903 18.989 18.300 17.211 14.758 15.410 13.068 14.839 14.142 15.824 17.879 18.894 21.722 23.770
 13.852 12.710 11.465 11.853 10.693 13.657 14.247 17.741 19.007 17.489 15.322 13.654 10.165 10.134  7.524  8.990  9.047 12.169 14.367 14.490 10.834 10.837  9.841  8.805  6.331  5.105  5.397  3.845  0.000  3.855  5.330  5.087  6.283  8.605  9.382  9.690 10.380  9.354 13.117 13.730 11.626 13.475 12.647 15.921 17.237 20.947 22.006 20.557 17.917 15.471 15.749 13.109 14.874 15.553 14.219 13.935 17.353 18.837 18.534 19.654 16.914 17.899 16.527 16.294 16.177 15.233 13.491 14.603 12.767 15.266 15.032 17.433 19.498 20.485 23.240 25.193
 15.707 13.744 11.716 10.872  8.692 10.895 10.822 14.230 15.360 14.027 12.201 11.129  8.128  9.509  8.242 10.967 11.482 14.832 16.528 17.065 13.463 12.815 10.692  9.918  8.774  6.460  5.044  5.411  3.855  0.000  3.848  5.434  5.075  5.762  7.091  6.757  8.463  8.045 11.566 11.191  8.998 11.188 10.758 14.074 15.892 19.580 20.219 19.138 16.507 14.785 15.595 13.484 16.068 16.721 15.832 15.176 18.883 20.025 19.046 20.419 17.452 18.622 17.346 16.379 15.751 13.938 11.932 12.155  9.792 12.057 11.628 14.323 16.292 17.317 20.072 22.044
 18.875 17.222 15.439 14.692 12.369 14.140 13.299 16.329 17.129 16.112 14.641 14.284 11.439 12.990 11.607 13.904 14.250 17.357 19.210 19.122 15.340 14.325 12.462 10.498  9.646  8.746  6.258  4.903  5.330  3.848  0.000  3.842  5.569  5.572  4.572  4.784  5.809  6.621 10.149 10.199  9.314 12.383 13.001 16.623 18.904 22.623 22.861 21.478 18.443 16.786 16.887 14.267 16.782 18.220 17.834 17.867 21.520 22.365 21.738 23.438 20.742 22.126 20.949 20.158 19.528 17.670 15.414 15.194 12.251 13.604 12.122 14.054 15.422 16.191 18.964 20.978
 17.933 16.440 15.476 15.106 13.600 15.707 15.408 18.707 19.128 17.579 15.475 14.842 11.521 12.342 10.754 12.576 13.557 16.786 19.302 19.316 15.652 15.518 14.397 12.591 10.602  9.974  8.795  6.365  5.087  5.434  3.842  0.000  3.846  6.041  5.834  7.967  9.285 10.200 13.802 14.003 13.021 15.869 15.949 19.405 21.212 24.914 25.589 24.338 21.505 19.531 19.672 16.866 18.865 20.101 19.116 18.979 22.414 23.807 23.433 24.644 21.789 22.612 20.897 20.156 20.250 18.807 17.181 17.516 15.020 16.852 15.596 17.738 18.925 19.505 22.121 23.989
 17.057 14.867 13.821 12.776 11.380 13.090 12.946 16.332 16.398 14.485 12.060 11.517  8.328  9.595  9.076 11.697 13.500 17.125 19.582 20.321 16.839 16.955 15.399 14.420 12.521 10.725  9.889  8.765  6.283  5.075  5.569  3.846  0.000  3.831  6.085  8.291 10.904 11.927 15.392 14.717 13.249 15.829 15.503 18.578 20.171 23.710 24.519 23.815 21.373 19.761 20.618 18.348 20.671 21.362 20.086 19.228 22.738 24.363 23.468 24.372 21.144 21.600 19.554 18.186 18.428 16.693 15.569 15.786 13.591 15.732 14.845 17.580 18.782 19.388 21.885 23.660
 19.806 17.280 15.570 13.751 11.466 12.169 10.984 13.936 13.701 12.208 10.500 11.041  8.808 11.329 11.581 14.707 16.267 19.879 21.885 22.631 19.059 18.518 16.298 15.225 14.226 12.197 10.322 10.014  8.605  5.762  5.572  6.041  3.831  0.000  3.852  5.700  9.173 10.967 13.870 12.427 11.430 14.346 14.692 17.747 19.867 23.318 23.593 23.067 20.552 19.557 20.555 18.591 21.428 22.306 21.547 20.716 24.425 25.614 24.351 25.625 22.416 23.225 21.490 19.764 19.426 17.033 15.535 14.825 12.082 13.497 12.061 14.711 15.534 16.058 18.501 20.291
 22.252 20.127 18.372 16.890 14.343 15.122 13.469 16.045 15.942 15.015 13.871 14.619 12.391 14.724 14.332 17.067 18.087 21.440 23.407 23.558 19.805 18.811 16.699 14.800 14.189 13.042 10.405  9.414  9.382  7.091  4.572  5.834  6.085  3.852  0.000  3.824  6.564  9.316 11.941 10.935 11.029 14.517 15.671 19.087 21.635 25.196 25.108 24.145 21.207 20.170 20.525 18.183 20.970 22.478 22.212 22.019 25.741 26.572 25.632 27.313 24.410 25.615 24.181 22.824 22.261 19.916 17.898 16.971 13.736 14.417 12.163 13.941 14.317 14.662 17.179 19.057
 22.405 20.284 17.927 16.309 13.202 13.735 11.687 13.938 14.445 14.125 13.629 14.366 12.576 15.202 14.773 17.663 18.093 21.239 22.621 22.696 18.975 17.349 14.720 12.914 13.246 11.928  8.624  8.823  9.690  6.757  4.784  7.967  8.291  5.700  3.824  0.000  3.897  6.502  8.641  7.197  7.427 11.055 12.730 16.177 19.089 22.598 22.132 21.031 17.968 17.258 17.607 15.587 18.731 20.292 20.510 20.443 24.238 24.597 23.463 25.523 22.839 24.513 23.598 22.323 21.141 18.568 16.013 14.641 11.084 11.208  8.728 10.310 11.089 11.809 14.631 16.745
 23.540 21.924 19.533 18.449 15.359 16.286 14.377 16.424 17.425 17.433 17.109 17.515 15.532 17.734 16.627 19.025 18.743 21.431 22.573 22.032 18.303 16.157 13.741 11.201 12.192 11.869  8.174  8.059 10.380  8.463  5.809  9.285 10.904  9.173  6.564  3.897  0.000  3.894  5.613  5.703  6.994 10.653 12.893 16.550 19.651 23.199 22.517 20.828 17.391 16.455 15.997 13.615 16.582 18.733 19.503 20.138 23.807 23.737 23.017 25.463 23.233 25.327 24.836 24.081 22.674 20.382 17.396 16.176 12.591 12.304  9.703 10.145 11.063 11.825 14.730 16.935
 21.515 20.248 17.686 17.071 14.106 15.542 14.217 16.398 18.123 18.141 17.724 17.439 15.354 17.082 15.505 17.562 16.601 18.883 19.584 18.856 15.251 12.710 10.186  7.630  9.356  9.248  5.510  6.393  9.354  8.045  6.621 10.200 11.927 10.967  9.316  6.502  3.894  0.000  3.843  5.507  5.363  8.282 10.247 13.986 16.952 20.532 19.983 17.897 14.340 12.995 12.251  9.763 12.788 14.923 15.909 16.796 20.379 20.068 19.495 22.117 20.188 22.584 22.517 22.186 20.523 18.563 15.304 14.501 11.269 11.363  9.713 10.273 12.254 13.428 16.368 18.588
 24.690 23.419 20.578 19.763 16.523 17.410 15.607 17.052 18.925 19.551 19.769 19.848 18.268 20.282 18.933 21.058 19.876 21.897 22.131 21.231 17.862 14.810 12.104  9.723 12.339 12.383  8.779 10.069 13.117 11.566 10.149 13.802 15.392 13.870 11.941  8.641  5.613  3.843  0.000  3.842  5.575  7.982 10.995 14.353 17.715 20.994 19.796 17.536 13.847 13.213 12.106 10.219 13.388 15.818 17.573 18.738 22.173 21.239 20.561 23.597 22.038 24.804 25.160 24.828 22.735 20.576 17.036 15.656 12.351 11.307  9.274  8.430 10.295 11.548 14.402 16.684
 25.070 23.262 20.186 18.695 15.125 15.250 12.868 13.904 15.573 16.483 17.128 17.726 16.720 19.299 18.655 21.328 20.660 23.088 23.348 23.028 19.640 16.835 13.631 11.992 14.279 13.333  9.654 11.499 13.730 11.191 10.199 14.003 14.717 12.427 10.935  7.197  5.703  5.507  3.842  0.000  3.834  6.829 10.202 13.313 16.914 20.063 18.624 16.986 13.593 13.740 13.621 12.455 16.014 17.866 19.324 19.816 23.437 22.671 21.388 24.265 22.339 24.926 25.098 24.212 22.001 19.336 15.906 13.833 10.226  8.512  5.781  5.013  7.012  8.633 11.732 14.135
 21.699 19.832 16.606 15.159 11.628 12.048 10.244 11.776 13.986 14.560 14.879 14.877 13.865 16.226 15.598 18.295 17.564 19.999 20.093 20.146 16.878 14.259 10.752  9.958 12.106 10.435  7.146  9.978 11.626  8.998  9.314 13.021 13.249 11.430 11.029  7.427  6.994  5.363  5.575  3.834  0.000  3.819  6.587  9.933 13.376 16.700 15.674 14.137 10.868 10.749 11.333 10.467 14.200 15.394 16.442 16.480 20.173 19.630 18.091 20.777 18.678 21.201 21.402 20.514 18.222 15.624 12.147 10.324  6.854  6.119  4.982  6.339  9.350 11.116 14.077 16.320
 21.236 19.484 15.962 14.639 11.268 11.588 10.361 11.427 14.360 15.165 15.715 15.259 14.719 16.765 16.202 18.708 17.566 19.581 18.975 19.233 16.438 13.626  9.860 10.243 12.846 10.893  8.564 12.082 13.475 11.188 12.383 15.869 15.829 14.346 14.517 11.055 10.653  8.282  7.982  6.829  3.819  0.000  3.828  6.597 10.228 13.340 12.093 10.401  7.164  7.648  8.928  9.312 13.102 13.632 14.910 14.723 18.215 17.278 15.345 18.220 16.427 19.277 20.047 19.317 16.508 14.017 10.290  8.403  5.877  5.145  6.249  7.518 11.104 13.070 15.719 17.776
 18.046 16.313 12.683 11.598  8.657  9.565  9.607 11.202 14.412 14.680 14.729 13.450 12.913 14.391 13.821 16.142 14.906 16.794 15.936 16.714 14.244 11.912  8.145  9.867 11.879  9.253  8.258 12.082 12.647 10.758 13.001 15.949 15.503 14.692 15.671 12.730 12.893 10.247 10.995 10.202  6.587  3.828  0.000  3.821  6.885 10.390 10.062  8.579  5.983  5.703  8.262  9.101 12.519 12.040 12.585 11.658 15.156 14.597 12.301 14.824 12.774 15.539 16.395 15.740 12.807 10.567  6.770  5.799  4.797  6.332  8.785 10.940 14.457 16.306 18.837 20.743
 18.861 17.087 13.338 12.135  9.717  9.937 10.487 11.259 14.783 15.290 15.703 14.278 14.535 15.826 15.718 17.909 16.650 18.170 16.689 17.921 16.119 14.017 10.546 12.994 14.959 12.220 11.882 15.697 15.921 14.074 16.623 19.405 18.578 17.747 19.087 16.177 16.550 13.986 14.353 13.313  9.933  6.597  3.821  0.000  3.823  6.827  6.320  5.483  4.507  5.784  9.340 11.394 14.396 13.116 13.606 12.107 15.087 14.271 11.241 13.607 11.825 14.660 16.052 15.291 11.812  9.613  6.176  5.072  6.304  7.531 10.888 12.929 16.446 18.334 20.543 22.230
 17.156 15.593 12.018 11.322 10.051 10.656 12.333 13.250 16.669 16.763 16.797 14.717 15.098 15.631 15.568 17.289 15.923 16.991 15.047 16.832 15.734 14.274 11.417 14.607 16.041 13.190 13.895 17.550 17.237 15.892 18.904 21.212 20.171 19.867 21.635 19.089 19.651 16.952 17.715 16.914 13.376 10.228  6.885  3.823  0.000  3.848  5.516  5.508  6.533  6.957 10.753 13.057 15.351 13.169 12.952 10.674 13.084 12.588  9.063 10.726  8.958 11.651 13.475 12.937  9.209  7.842  5.433  6.235  8.955 10.922 14.423 16.679 20.149 21.974 24.096 25.675
 19.419 17.957 14.616 13.912 13.097 13.126 14.842 15.069 18.438 18.754 19.112 17.123 18.037 18.474 18.720 20.276 18.936 19.646 17.294 19.263 18.720 17.394 14.825 18.117 19.624 16.870 17.660 21.312 20.947 19.580 22.623 24.914 23.710 23.318 25.196 22.598 23.199 20.532 20.994 20.063 16.700 13.340 10.390  6.827  3.848  0.000  3.849  5.587  8.422  9.648 13.275 16.097 18.077 15.572 15.448 13.077 14.667 13.887 10.108 11.285 10.277 12.654 14.939 14.404 10.614  9.703  8.461  8.949 12.041 13.513 17.184 19.221 22.607 24.435 26.302 27.703
 22.476 20.854 17.288 16.138 14.510 13.936 14.710 14.242 17.721 18.662 19.631 18.286 19.392 20.462 20.781 22.699 21.359 22.288 20.051 21.585 20.672 18.745 15.765 18.583 20.665 18.066 18.085 21.883 22.006 20.219 22.861 25.589 24.519 23.593 25.108 22.132 22.517 19.983 19.796 18.624 15.674 12.093 10.062  6.320  5.516  3.849  0.000  3.819  6.950  9.574 12.977 16.074 18.453 16.512 17.172 15.413 17.280 15.915 12.353 14.293 13.512 16.187 18.361 17.645 13.832 12.205 10.220  9.308 11.673 12.053 15.621 17.122 20.416 22.286 23.978 25.314
 21.919 20.733 17.201 16.596 14.792 14.962 15.581 15.648 19.222 20.085 20.802 19.330 19.752 20.669 20.330 21.975 20.133 20.789 18.425 19.379 18.422 16.073 13.191 15.880 18.333 16.249 16.194 19.924 20.557 19.138 21.478 24.338 23.815 23.067 24.145 21.031 20.828 17.897 17.536 16.986 14.137 10.401  8.579  5.483  5.508  5.587  3.819  0.000  3.825  6.429  9.488 12.839 15.063 13.295 14.502 13.423 15.334 13.433 10.271 13.024 12.703 15.973 18.383 18.270 14.544 13.259 10.557 10.048 11.616 11.928 15.108 16.207 19.681 21.611 23.512 25.020
 21.380 20.224 16.658 16.089 13.772 14.295 14.430 14.915 18.427 19.268 19.860 18.573 18.479 19.611 18.906 20.655 18.724 19.623 17.668 18.117 16.579 13.768 10.565 12.709 15.515 13.731 13.139 16.818 17.917 16.507 18.443 21.505 21.373 20.552 21.207 17.968 17.391 14.340 13.847 13.593 10.868  7.164  5.983  4.507  6.533  8.422  6.950  3.825  0.000  3.826  6.552  9.617 12.347 11.341 13.002 12.581 15.091 13.188 10.654 13.896 13.266 16.712 18.746 18.703 15.218 13.665 10.266  9.505  9.870  9.941 12.581 13.439 17.000 18.962 21.102 22.803
 18.614 17.924 14.636 14.823 12.923 14.445 15.100 16.431 19.810 20.122 20.067 18.297 17.488 18.051 16.702 17.964 15.624 16.236 14.288 14.434 12.884 10.030  7.062  9.621 12.269 10.839 10.884 14.339 15.471 14.785 16.786 19.531 19.761 19.557 20.170 17.258 16.455 12.995 13.213 13.740 10.749  7.648  5.703  5.784  6.957  9.648  9.574  6.429  3.826  0.000  3.838  6.622  9.049  7.763  9.276  9.211 11.901 10.158  8.205 11.615 11.011 14.595 16.593 17.113 13.999 13.095  9.711 10.157 10.382 11.428 13.712 14.867 18.439 20.303 22.686 24.513
 20.147 19.943 16.989 17.578 15.654 17.470 17.807 19.274 22.508 22.855 22.715 21.063 19.774 20.243 18.348 19.242 16.508 16.753 14.913 14.053 12.429  8.924  6.653  8.136 11.403 11.206 10.943 13.820 15.749 15.595 16.887 19.672 20.618 20.555 20.525 17.607 15.997 12.251 12.106 13.621 11.333  8.928  8.262  9.340 10.753 13.275 12.977  9.488  6.552  3.838  0.000  3.839  5.920  5.830  8.669 10.138 12.504 10.252  9.668 13.327 13.311 16.941 18.935 19.896 17.118 16.465 13.064 13.509 12.997 13.626 15.095 15.571 18.954 20.718 23.143 25.036
 19.256 19.215 16.602 17.420 15.496 17.755 17.976 19.950 22.862 22.919 22.412 20.788 18.900 19.260 16.915 17.635 14.889 15.321 14.223 12.810 10.486  6.699  4.783  4.695  8.254  8.987  8.503 10.705 13.109 13.484 14.267 16.866 18.348 18.591 18.183 15.587 13.615  9.763 10.219 12.455 10.467  9.312  9.101 11.394 13.057 16.097 16.074 12.839  9.617  6.622  3.839  0.000  3.853  5.680  8.143 10.272 12.979 11.455 11.653 14.904 14.458 17.740 19.154 20.192 17.949 17.329 13.969 14.597 13.397 14.269 15.003 15.525 18.651 20.242 22.845 24.844
 19.415 20.111 18.011 19.516 18.171 20.797 21.395 23.511 26.436 26.317 25.558 23.618 21.473 21.264 18.483 18.435 15.185 14.711 13.325 11.071  9.507  5.908  6.348  6.355  8.974 10.713 11.158 12.548 14.874 16.068 16.782 18.865 20.671 21.428 20.970 18.731 16.582 12.788 13.388 16.014 14.200 13.102 12.519 14.396 15.351 18.077 18.453 15.063 12.347  9.049  5.920  3.853  0.000  3.812  6.767 10.022 11.792 10.039 11.475 14.514 14.809 18.012 19.670 21.368 19.429 19.498 16.495 17.706 16.889 18.011 18.808 19.272 22.310 23.814 26.353 28.299
 17.307 18.174 16.095 17.903 17.073 19.796 20.970 23.074 26.167 25.910 25.050 22.723 20.814 20.222 17.574 17.292 13.860 12.930 10.740  9.013  8.364  5.429  6.062  8.085  9.960 10.765 12.159 14.059 15.553 16.721 18.220 20.101 21.362 22.306 22.478 20.292 18.733 14.923 15.818 17.866 15.394 13.632 12.040 13.116 13.169 15.572 16.512 13.295 11.341  7.763  5.830  5.680  3.812  0.000  3.834  6.941  8.284  6.277  7.831 10.796 11.471 14.776 16.856 18.835 16.810 17.375 14.740 16.509 16.518 18.119 19.629 20.578 23.877 25.499 28.011 29.903
 13.686 14.916 13.304 15.693 15.599 18.740 20.495 22.969 25.903 25.211 23.903 21.169 19.060 17.857 15.030 14.222 10.626  9.285  6.922  5.535  5.381  4.110  5.903  8.679  9.072  9.463 11.970 13.606 14.219 15.832 17.834 19.116 20.086 21.547 22.212 20.510 19.503 15.909 17.573 19.324 16.442 14.910 12.585 13.606 12.952 15.448 17.172 14.502 13.002  9.276  8.669  8.143  6.767  3.834  0.000  3.825  5.266  5.151  6.945  8.734  8.951 11.747 13.559 15.888 14.396 15.568 13.571 16.085 16.520 18.827 20.558 22.111 25.419 27.003 29.581 31.467
 11.025 11.923 10.153 12.663 13.115 16.263 18.540 21.042 23.941 23.043 21.606 18.588 16.779 15.323 12.909 12.234  8.982  7.997  5.205  6.233  6.270  6.376  6.834 10.380 10.232  9.204 12.176 14.242 13.935 15.176 17.867 18.979 19.228 20.716 22.019 20.443 20.138 16.796 18.738 19.816 16.480 14.723 11.658 12.107 10.674 13.077 15.413 13.423 12.581  9.211 10.138 10.272 10.022  6.941  3.825  0.000  3.855  5.488  5.478  6.204  5.328  8.064  9.952 12.225 10.695 12.242 10.824 13.870 15.006 17.795 20.007 22.091 25.473 27.094 29.635 31.464
 12.007 13.738 12.683 15.563 16.519 19.591 22.077 24.445 27.397 26.477 25.006 21.825 20.119 18.280 15.859 14.532 11.166  8.941  5.170  5.991  8.094  8.866 10.248 13.540 13.300 12.805 15.877 17.669 17.353 18.883 21.520 22.414 22.738 24.425 25.741 24.238 23.807 20.379 22.173 23.437 20.173 18.215 15.156 15.087 13.084 14.667 17.280 15.334 15.091 11.901 12.504 12.979 11.792  8.284  5.266  3.855  0.000  3.859  5.425  4.668  5.928  8.058 10.639 13.679 12.501 14.790 13.930 17.114 18.604 21.328 23.681 25.649 29.075 30.707 33.186 34.968
 15.610 16.956 15.303 17.646 17.902 20.620 22.672 24.664 27.863 27.366 26.336 23.459 21.978 20.689 18.380 17.544 14.121 12.248  8.708  8.406  9.941  9.223 10.137 13.311 14.113 13.914 16.311 18.444 18.837 20.025 22.365 23.807 24.363 25.614 26.572 24.597 23.737 20.068 21.239 22.671 19.630 17.278 14.597 14.271 12.588 13.887 15.915 13.433 13.188 10.158 10.252 11.455 10.039  6.277  5.151  5.488  3.859  0.000  3.835  5.455  7.800 10.856 13.843 16.477 14.572 16.274 14.734 17.347 18.665 20.836 23.182 24.678 28.167 29.870 32.273 34.042
 15.348 15.910 13.663 15.436 15.549 17.849 19.973 21.683 24.964 24.592 23.804 21.000 20.035 19.068 17.360 17.167 14.233 13.164  9.779 10.663 11.420 10.483 10.050 13.681 14.721 13.554 15.701 18.433 18.534 19.046 21.738 23.433 23.468 24.351 25.632 23.463 23.017 19.495 20.561 21.388 18.091 15.345 12.301 11.241  9.063 10.108 12.353 10.271 10.654  8.205  9.668 11.653 11.475  7.831  6.945  5.478  5.425  3.835  0.000  3.855  5.597  9.217 12.447 14.450 11.911 13.307 11.795 14.299 16.100 18.285 21.036 22.751 26.310 28.083 30.405 32.113
 13.480 14.414 12.822 15.080 16.108 18.556 21.234 23.107 26.203 25.476 24.351 21.189 20.271 18.703 17.124 16.432 13.710 12.209  8.614 10.493 12.052 12.313 12.433 16.153 16.396 15.004 17.736 20.206 19.654 20.419 23.438 24.644 24.372 25.625 27.313 25.523 25.463 22.117 23.597 24.265 20.777 18.220 14.824 13.607 10.726 11.285 14.293 13.024 13.896 11.615 13.327 14.904 14.514 10.796  8.734  6.204  4.668  5.455  3.855  0.000  3.840  6.405 10.021 12.544 10.608 12.996 12.582 15.679 17.967 20.605 23.518 25.614 29.140 30.867 33.182 34.848
 10.738 10.997  9.094 11.283 12.557 15.135 18.048 20.172 23.077 22.101 20.762 17.493 16.576 14.964 13.641 13.297 11.066 10.448  7.605 10.357 10.993 11.559 11.109 14.876 14.697 12.612 15.453 17.972 16.914 17.452 20.742 21.789 21.144 22.416 24.410 22.839 23.233 20.188 22.038 22.339 18.678 16.427 12.774 11.825  8.958 10.277 13.512 12.703 13.266 11.011 13.311 14.458 14.809 11.471  8.951  5.328  5.928  7.800  5.597  3.840  0.000  3.830  6.955  9.021  7.005  9.466  9.391 12.849 15.227 18.257 21.168 23.662 27.100 28.772 31.130 32.807
  8.637  9.070  8.244 10.863 13.196 15.810 19.166 21.455 24.009 22.625 20.889 17.332 16.459 14.194 13.176 12.359 10.805 10.141  7.955 11.497 12.457 13.976 13.893 17.466 16.568 14.318 17.493 19.632 17.899 18.622 22.126 22.612 21.600 23.225 25.615 24.513 25.327 22.584 24.804 24.926 21.201 19.277 15.539 14.660 11.651 12.654 16.187 15.973 16.712 14.595 16.941 17.740 18.012 14.776 11.747  8.064  8.058 10.856  9.217  6.405  3.830  0.000  3.838  6.602  6.058  9.583 10.862 14.575 17.173 20.524 23.428 26.249 29.562 31.148 33.481 35.108
  5.771  5.684  5.968  8.936 12.042 14.838 18.391 21.027 23.137 21.318 19.110 15.389 14.277 11.464 10.674  9.673  9.139  9.269  8.583 12.366 12.768 14.857 14.789 17.972 16.397 13.898 17.194 18.903 16.527 17.346 20.949 20.897 19.554 21.490 24.181 23.598 24.836 22.517 25.160 25.098 21.402 20.047 16.395 16.052 13.475 14.939 18.361 18.383 18.746 16.593 18.935 19.154 19.670 16.856 13.559  9.952 10.639 13.843 12.447 10.021  6.955  3.838  0.000  3.843  5.579  9.090 11.081 14.832 17.183 20.821 23.464 26.589 29.689 31.143 33.501 35.122
  7.658  5.412  4.860  6.363  9.857 12.105 15.825 18.359 20.171 18.195 15.955 12.237 11.734  9.208  9.692  9.895 10.535 11.857 11.736 15.367 15.012 16.681 15.840 18.855 17.391 14.285 17.079 18.989 16.294 16.379 20.158 20.156 18.186 19.764 22.824 22.323 24.081 22.186 24.828 24.212 20.514 19.317 15.740 15.291 12.937 14.404 17.645 18.270 18.703 17.113 19.896 20.192 21.368 18.835 15.888 12.225 13.679 16.477 14.450 12.544  9.021  6.602  3.843  0.000  3.843  6.644  9.561 12.971 15.486 19.167 21.855 25.234 28.158 29.547 31.793 33.332
 10.110  8.046  5.564  6.045  8.397 10.306 13.896 16.070 18.382 16.906 15.289 11.821 11.792 10.308 10.757 11.673 11.531 12.809 11.860 15.210 14.675 15.507 14.048 17.340 16.641 13.356 15.742 18.300 16.177 15.751 19.528 20.250 18.428 19.426 22.261 21.141 22.674 20.523 22.735 22.001 18.222 16.508 12.807 11.812  9.209 10.614 13.832 14.544 15.218 13.999 17.118 17.949 19.429 16.810 14.396 10.695 12.501 14.572 11.911 10.608  7.005  6.058  5.579  3.843  0.000  3.828  6.487  9.956 12.902 16.391 19.417 22.636 25.736 27.252 29.464 31.006
 12.616  9.838  6.515  4.679  5.615  6.683 10.232 12.284 14.638 13.322 12.057  8.921  9.577  9.342 10.545 12.609 12.866 14.896 14.286 17.209 15.919 16.069 13.795 16.735 16.444 12.789 14.332 17.211 15.233 13.938 17.670 18.807 16.693 17.033 19.916 18.568 20.382 18.563 20.576 19.336 15.624 14.017 10.567  9.613  7.842  9.703 12.205 13.259 13.665 13.095 16.465 17.329 19.498 17.375 15.568 12.242 14.790 16.274 13.307 12.996  9.466  9.583  9.090  6.644  3.828  0.000  3.819  6.590  9.653 13.080 16.153 19.501 22.478 23.975 26.122 27.639
 13.890 11.502  7.717  6.132  4.751  6.116  8.758 10.881 13.769 12.999 12.199  9.639  9.769 10.324 10.749 13.062 12.654 14.722 13.942 16.192 14.431 13.760 10.917 13.724 14.079 10.496 11.455 14.758 13.491 11.932 15.414 17.181 15.569 15.535 17.898 16.013 17.396 15.304 17.036 15.906 12.147 10.290  6.770  6.176  5.433  8.461 10.220 10.557 10.266  9.711 13.064 13.969 16.495 14.740 13.571 10.824 13.930 14.734 11.795 12.582  9.391 10.862 11.081  9.561  6.487  3.819  0.000  3.830  6.583  9.981 13.085 16.215 19.388 21.006 23.293 24.943
 17.444 14.814 11.053  8.622  5.822  4.973  6.130  7.513 10.769 10.709 10.862  9.423 10.345 12.135 13.056 15.919 15.749 18.078 17.413 19.299 17.179 15.891 12.502 14.686 15.649 12.146 11.890 15.410 14.603 12.155 15.194 17.516 15.786 14.825 16.971 14.641 16.176 14.501 15.656 13.833 10.324  8.403  5.799  5.072  6.235  8.949  9.308 10.048  9.505 10.157 13.509 14.597 17.706 16.509 16.085 13.870 17.114 17.347 14.299 15.679 12.849 14.575 14.832 12.971  9.956  6.590  3.830  0.000  3.821  6.654 10.069 13.222 16.300 17.950 20.118 21.729
 18.766 16.186 12.558 10.157  6.496  5.809  4.887  6.754  9.773  9.985 10.295  9.704  9.980 12.463 13.062 16.203 16.088 18.737 18.538 19.861 17.156 15.456 11.822 13.054 14.252 11.011  9.638 13.068 12.767  9.792 12.251 15.020 13.591 12.082 13.736 11.084 12.591 11.269 12.351 10.226  6.854  5.877  4.797  6.304  8.955 12.041 11.673 11.616  9.870 10.382 12.997 13.397 16.889 16.518 16.520 15.006 18.604 18.665 16.100 17.967 15.227 17.173 17.183 15.486 12.902  9.653  6.583  3.821  0.000  3.820  6.568  9.922 12.943 14.601 17.023 18.845
 22.471 19.964 16.336 13.908 10.225  8.853  6.524  6.593  9.544 10.837 12.166 12.562 13.168 16.005 16.617 19.778 19.529 22.073 21.725 22.695 19.917 17.694 13.906 14.578 16.437 13.700 11.514 14.839 15.266 12.057 13.604 16.852 15.732 13.497 14.417 11.208 12.304 11.363 11.307  8.512  6.119  5.145  6.332  7.531 10.922 13.513 12.053 11.928  9.941 11.428 13.626 14.269 18.011 18.119 18.827 17.795 21.328 20.836 18.285 20.605 18.257 20.524 20.821 19.167 16.391 13.080  9.981  6.654  3.820  0.000  3.821  6.698  9.791 11.639 13.996 15.876
 24.373 21.906 18.511 16.139 12.344 11.187  8.183  8.405 10.246 11.612 12.974 14.033 14.192 17.318 17.749 20.983 20.882 23.623 23.695 24.274 21.132 18.764 15.101 14.801 16.670 14.425 11.445 14.142 15.032 11.628 12.122 15.596 14.845 12.061 12.163  8.728  9.703  9.713  9.274  5.781  4.982  6.249  8.785 10.888 14.423 17.184 15.621 15.108 12.581 13.712 15.095 15.003 18.808 19.629 20.558 20.007 23.681 23.182 21.036 23.518 21.168 23.428 23.464 21.855 19.417 16.153 13.085 10.069  6.568  3.821  0.000  3.822  6.503  8.402 11.175 13.370
 27.453 25.226 21.824 19.690 15.916 14.886 11.887 11.583 13.227 14.977 16.593 17.795 17.844 20.887 21.022 24.069 23.645 26.152 26.055 26.209 23.071 20.275 16.701 15.918 18.322 16.701 13.388 15.824 17.433 14.323 14.054 17.738 17.580 14.711 13.941 10.310 10.145 10.273  8.430  5.013  6.339  7.518 10.940 12.929 16.679 19.221 17.122 16.207 13.439 14.867 15.571 15.525 19.272 20.578 22.111 22.091 25.649 24.678 22.751 25.614 23.662 26.249 26.589 25.234 22.636 19.501 16.215 13.222  9.922  6.698  3.822  0.000  3.835  6.338  9.172 11.544
 30.295 27.945 24.678 22.366 18.591 17.302 13.957 13.364 14.194 16.052 17.898 19.677 19.813 23.087 23.403 26.565 26.412 29.091 29.248 29.338 26.060 23.331 19.883 18.723 20.934 19.484 15.983 17.879 19.498 16.292 15.422 18.925 18.782 15.534 14.317 11.089 11.063 12.254 10.295  7.012  9.350 11.104 14.457 16.446 20.149 22.607 20.416 19.681 17.000 18.439 18.954 18.651 22.310 23.877 25.419 25.473 29.075 28.167 26.310 29.140 27.100 29.562 29.689 28.158 25.736 22.478 19.388 16.300 12.943  9.791  6.503  3.835  0.000  3.834  6.492  8.997
 31.573 29.189 26.026 23.670 19.945 18.594 15.176 14.528 14.960 16.773 18.655 20.660 20.796 24.124 24.503 27.681 27.664 30.414 30.719 30.771 27.434 24.780 21.441 20.102 22.165 20.825 17.305 18.894 20.485 17.317 16.191 19.505 19.388 16.058 14.662 11.809 11.825 13.428 11.548  8.633 11.116 13.070 16.306 18.334 21.974 24.435 22.286 21.611 18.962 20.303 20.718 20.242 23.814 25.499 27.003 27.094 30.707 29.870 28.083 30.867 28.772 31.148 31.143 29.547 27.252 23.975 21.006 17.950 14.601 11.639  8.402  6.338  3.834  0.000  3.846  6.772
 34.079 31.620 28.455 25.978 22.312 20.690 17.229 16.148 16.276 18.225 20.405 22.657 23.073 26.463 27.028 30.245 30.305 33.051 33.306 33.401 30.126 27.469 24.145 22.875 24.952 23.605 20.171 21.722 23.240 20.072 18.964 22.121 21.885 18.501 17.179 14.631 14.730 16.368 14.402 11.732 14.077 15.719 18.837 20.543 24.096 26.302 23.978 23.512 21.102 22.686 23.143 22.845 26.353 28.011 29.581 29.635 33.186 32.273 30.405 33.182 31.130 33.481 33.501 31.793 29.464 26.122 23.293 20.118 17.023 13.996 11.175  9.172  6.492  3.846  0.000  3.811
