  0.000  3.831  6.614 10.201 13.149 16.545 19.610 22.730 24.877 22.800 19.824 16.210 13.883 10.388  8.253  5.485  5.429  5.840  7.587 10.715 10.672 13.726 14.562 16.889 14.262 12.498 16.116 16.624 13.895 15.804 18.938 17.953 17.012 19.780 22.223 22.368 23.795 21.928 25.064 25.263 21.743 21.372 18.089 18.787 17.052 19.331 22.375 21.772 21.337 18.571 20.091 19.219 19.385 17.255 13.622 10.956 11.909 15.522 15.272 13.408 10.668  8.595  5.737  7.608 10.041 12.529 13.822 17.371 18.710 22.458 24.432 27.557 30.536 32.881 35.909 38.632
  3.831  0.000  3.828  6.798 10.090 13.233 16.411 19.549 21.430 19.271 16.220 12.558 10.484  6.949  5.837  4.801  6.387  8.481  9.989 13.167 12.283 14.641 14.503 16.826 14.439 11.828 14.995 15.873 12.773 13.868 17.317 16.501 14.867 17.280 20.123 20.243 22.143 20.634 23.751 23.432 19.883 19.594 16.360 17.025 15.501 17.868 20.755 20.612 20.199 17.891 19.901 19.211 20.113 18.143 14.868 11.863 13.656 16.885 15.844 14.348 10.930  9.030  5.662  5.349  7.966  9.740 11.444 14.750 16.135 19.927 21.965 25.323 28.228 30.788 33.865 36.560
  6.614  3.828  0.000  3.818  6.703 10.000 13.182 16.179 18.399 16.573 13.936 10.282  8.546  6.014  5.346  6.308  6.875  9.311  9.945 12.963 11.559 12.990 11.991 14.577 12.874  9.658 12.478 14.140 11.426 11.767 15.465 15.465 13.782 15.555 18.314 17.826 19.651 17.969 20.813 20.253 16.590 16.010 12.693 13.272 11.945 14.566 17.213 17.093 16.614 14.564 16.891 16.534 17.941 16.000 13.190 10.043 12.577 15.205 13.585 12.765  9.045  8.262  6.047  4.952  5.587  6.490  7.678 11.001 12.494 16.288 18.535 21.847 24.890 27.539 30.559 33.300
 10.201  6.798  3.818  0.000  3.818  6.473  9.860 12.819 14.751 12.915 10.347  6.647  5.805  4.666  6.225  8.815 10.051 12.899 13.462 16.266 14.429 15.148 13.276 15.601 14.376 10.689 12.501 14.555 11.831 10.946 14.760 15.140 12.791 13.781 16.873 16.219 18.528 17.320 19.960 18.741 15.166 14.665 11.629 12.113 11.291 13.882 16.091 16.552 16.094 14.790 17.527 17.415 19.507 17.858 15.621 12.588 15.488 17.586 15.389 15.040 11.247 10.864  8.969  6.398  6.052  4.649  6.128  8.601 10.115 13.844 16.176 19.714 22.636 25.522 28.556 31.240
 13.149 10.090  6.703  3.818  0.000  3.825  6.524  9.682 12.086 10.412  8.499  5.599  5.060  6.324  7.619 10.858 11.584 14.578 14.973 17.172 14.767 14.560 11.913 13.833 13.298  9.458 10.177 12.747 10.642  8.745 12.442 13.649 11.440 11.562 14.356 13.123 15.392 14.279 16.647 15.123 11.604 11.239  8.637  9.674 10.002 13.049 14.436 14.741 13.747 12.835 15.551 15.455 18.126 16.984 15.483 12.999 16.408 17.804 15.459 16.031 12.491 13.174 12.061  9.883  8.395  5.597  4.743  5.795  6.440 10.152 12.376 15.929 18.850 21.766 24.797 27.500
 16.545 13.233 10.000  6.473  3.825  0.000  3.828  6.407  8.478  7.269  6.225  4.343  6.314  8.759 10.993 14.399 15.375 18.335 18.520 20.775 18.417 17.873 14.852 16.626 16.576 12.792 12.716 15.467 13.636 10.967 14.265 15.812 13.215 12.337 15.206 13.697 16.281 15.669 17.485 15.197 12.041 11.493  9.530  9.897 10.594 13.035 13.840 14.930 14.281 14.370 17.398 17.762 20.791 19.730 18.637 16.146 19.473 20.521 17.748 18.450 15.034 15.734 14.797 12.058 10.234  6.595  6.067  4.928  5.762  8.727 11.224 14.860 17.612 20.820 23.738 26.335
 19.610 16.411 13.182  9.860  6.524  3.828  0.000  3.835  6.171  5.033  5.595  6.122  7.846 11.179 13.157 16.775 17.657 20.756 21.065 22.851 20.096 19.008 15.655 16.717 17.116 13.620 12.434 15.140 13.910 10.534 13.090 15.195 12.779 10.868 13.255 11.335 13.997 13.958 15.345 12.546  9.995 10.075  9.429 10.464 12.329 14.868 14.739 15.635 14.408 14.940 17.611 17.808 21.221 20.770 20.254 18.315 21.876 22.503 19.838 21.110 17.923 19.072 18.309 15.760 13.843 10.188  8.703  6.124  4.693  6.284  8.054 11.751 14.181 17.449 20.374 22.905
 22.730 19.549 16.179 12.819  9.682  6.407  3.835  0.000  3.862  5.451  7.897  9.087 11.484 14.706 16.788 20.322 20.999 23.872 23.764 25.555 22.971 21.542 17.968 19.137 20.079 16.692 15.263 18.241 17.425 13.984 16.202 18.633 16.360 14.060 16.036 13.701 15.993 15.968 16.541 13.290 11.265 10.662 10.581 10.708 12.755 14.575 13.710 15.170 14.369 15.827 18.683 19.475 23.031 22.532 22.427 20.514 23.930 24.127 21.142 22.611 19.710 21.081 20.745 18.128 15.759 11.967 10.457  7.017  6.184  5.805  7.962 11.043 13.354 16.814 19.399 21.816
 24.877 21.430 18.399 14.751 12.086  8.478  6.171  3.862  0.000  3.840  7.320  9.640 12.632 16.020 18.658 22.308 23.505 26.591 26.751 28.730 26.116 24.935 21.459 22.491 23.141 19.709 18.280 20.894 19.752 16.196 18.216 20.278 17.585 15.027 17.227 15.427 18.154 18.763 19.392 15.954 14.415 14.282 14.338 14.424 16.162 17.647 16.875 18.702 18.117 19.613 22.465 23.128 26.687 26.211 25.927 23.852 27.233 27.658 24.627 25.824 22.754 23.709 22.988 19.974 18.032 14.254 13.516 10.427  9.793  9.312 10.586 13.429 14.967 18.370 20.819 22.926
 22.800 19.271 16.573 12.915 10.412  7.269  5.033  5.451  3.840  0.000  3.807  6.933  9.636 13.219 15.986 19.719 21.316 24.669 25.332 27.306 24.514 23.691 20.462 21.257 21.354 17.927 16.628 18.762 17.196 13.691 15.728 17.311 14.324 11.897 14.520 13.375 16.592 17.517 18.805 15.650 13.946 14.545 14.366 15.169 16.818 18.863 18.636 20.055 19.089 19.889 22.540 22.632 26.079 25.724 25.081 23.002 26.497 27.340 24.603 25.596 22.249 22.900 21.661 18.595 17.238 13.608 13.109 10.670  9.598 10.089 10.861 14.217 15.675 18.921 21.693 23.846
 19.824 16.220 13.936 10.347  8.499  6.225  5.595  7.897  7.320  3.807  0.000  3.829  6.373  9.846 12.882 16.578 18.585 22.079 23.116 25.247 22.502 22.203 19.351 20.234 19.695 16.196 15.480 17.227 15.026 11.912 14.359 15.251 11.892 10.234 13.518 13.085 16.566 17.361 19.345 16.688 14.519 15.329 14.493 15.571 16.738 19.076 19.536 20.725 19.717 19.847 22.447 22.180 25.349 24.843 23.701 21.447 24.880 26.201 23.695 24.298 20.723 20.934 19.205 16.085 15.366 12.095 12.165 10.760 10.004 11.696 12.607 16.273 17.960 21.059 24.036 26.287
 16.210 12.558 10.282  6.647  5.599  4.343  6.122  9.087  9.640  6.933  3.829  0.000  3.828  6.639  9.874 13.431 15.428 18.800 19.757 22.159 19.698 19.785 17.216 18.609 17.760 14.072 14.210 16.090 13.493 11.004 14.185 14.798 11.514 10.967 14.468 14.029 17.234 17.307 19.641 17.450 14.613 14.940 13.211 14.059 14.538 16.946 18.061 19.136 18.371 18.048 20.796 20.588 23.438 22.517 20.966 18.403 21.661 23.281 20.824 21.060 17.377 17.301 15.429 12.300 11.795  8.826  9.493  9.204  9.388 12.138 13.773 17.557 19.799 22.889 25.932 28.372
 13.883 10.484  8.546  5.805  5.060  6.314  7.846 11.484 12.632  9.636  6.373  3.828  0.000  3.847  6.541 10.248 12.395 16.001 17.480 19.600 16.906 17.273 15.106 16.161 14.762 11.276 11.722 13.019 10.041  8.073 11.396 11.494  8.315  8.750 12.287 12.351 15.434 15.399 18.264 16.698 13.787 14.642 12.847 14.470 15.040 17.982 19.303 19.688 18.428 17.368 19.626 18.801 21.389 20.701 18.928 16.660 20.006 21.873 19.945 20.205 16.522 16.461 14.323 11.788 11.803  9.551  9.751 10.292  9.855 12.987 14.140 17.872 20.117 22.898 26.076 28.578
 10.388  6.949  6.014  4.666  6.324  8.759 11.179 14.706 16.020 13.219  9.846  6.639  3.847  0.000  3.818  7.023  9.708 13.238 15.023 17.456 15.176 16.348 14.911 16.338 14.298 11.000 12.617 13.528 10.075  9.532 13.001 12.351  9.579 11.281 14.658 15.050 17.767 17.264 20.409 19.370 16.202 16.761 14.359 15.747 15.542 18.388 20.352 20.567 19.556 17.945 20.115 19.179 21.194 20.119 17.732 15.200 18.155 20.574 18.966 18.617 14.884 14.164 11.476  9.216 10.269  9.261 10.271 12.062 12.358 15.873 17.312 20.957 23.404 26.078 29.259 31.816
  8.253  5.837  5.346  6.225  7.619 10.993 13.157 16.788 18.658 15.986 12.882  9.874  6.541  3.818  0.000  3.816  6.218  9.937 12.167 14.204 11.778 13.294 12.480 13.736 11.190  8.342 10.687 11.097  7.596  8.425 11.738 10.829  9.100 11.628 14.370 14.795 16.891 15.916 19.296 18.963 15.764 16.433 13.969 15.785 15.600 18.751 20.797 20.349 18.995 16.737 18.354 16.956 18.522 17.575 14.989 12.866 15.785 18.339 17.346 17.098 13.630 13.178 10.689  9.699 10.772 10.560 10.828 13.126 13.132 16.704 17.934 21.309 23.850 26.223 29.395 32.015
  5.485  4.801  6.308  8.815 10.858 14.399 16.775 20.322 22.308 19.719 16.578 13.431 10.248  7.023  3.816  0.000  3.833  7.164 10.097 12.127 10.301 12.802 13.081 14.432 11.351  9.428 12.543 12.398  9.137 11.179 14.065 12.672 11.718 14.757 17.129 17.739 19.393 18.079 21.536 21.712 18.506 19.012 16.337 18.001 17.341 20.332 22.741 22.006 20.778 18.055 19.309 17.728 18.530 17.356 14.251 12.262 14.510 17.554 17.203 16.450 13.332 12.393  9.707  9.910 11.708 12.636 13.153 15.998 16.294 19.910 21.198 24.397 27.013 29.211 32.350 34.984
  5.429  6.387  6.875 10.051 11.584 15.375 17.657 20.999 23.505 21.316 18.585 15.428 12.395  9.708  6.218  3.833  0.000  3.824  6.703  8.366  6.579  9.389 10.309 11.944  8.978  7.661 11.337 11.435  9.097 11.602 14.323 13.551 13.437 16.263 18.073 18.119 19.079 17.088 20.341 20.984 17.710 17.854 15.068 16.712 15.964 19.000 21.393 20.137 18.814 15.693 16.545 14.928 15.233 13.901 10.648  9.025 11.168 14.141 14.283 13.761 11.140 10.894  9.233 10.593 11.596 12.902 12.721 15.796 16.141 19.654 21.047 23.902 26.726 28.747 31.766 34.474
  5.840  8.481  9.311 12.899 14.578 18.335 20.756 23.872 26.591 24.669 22.079 18.800 16.001 13.238  9.937  7.164  3.824  0.000  3.878  5.386  5.358  8.970 10.999 12.926 10.260  9.894 13.697 13.829 12.201 14.917 17.401 16.767 17.057 19.867 21.410 21.250 21.760 19.344 22.348 23.354 20.080 19.813 16.883 18.149 16.952 19.641 22.249 20.691 19.621 16.229 16.715 15.274 14.669 12.889  9.240  7.982  8.890 12.197 13.143 12.206 10.471 10.200  9.344 11.899 12.835 14.890 14.719 18.060 18.735 22.161 23.735 26.332 29.300 31.192 34.083 36.818
  7.587  9.989  9.945 13.462 14.973 18.520 21.065 23.764 26.751 25.332 23.116 19.757 17.480 15.023 12.167 10.097  6.703  3.878  0.000  3.837  5.534  8.327 10.275 12.999 11.342 10.820 14.509 15.455 14.369 16.579 19.240 19.271 19.500 21.864 23.360 22.609 22.870 20.020 22.567 23.531 20.119 19.153 15.978 16.611 14.950 17.239 19.965 18.267 17.617 14.256 14.868 14.171 13.280 10.693  6.874  5.165  5.109  8.648  9.732  8.586  7.587  7.971  8.601 11.719 11.827 14.225 13.870 17.334 18.489 21.780 23.757 26.134 29.348 31.295 34.031 36.825
 10.715 13.167 12.963 16.266 17.172 20.775 22.851 25.555 28.730 27.306 25.247 22.159 19.600 17.456 14.204 12.127  8.366  5.386  3.837  0.000  3.835  6.530  9.640 11.633 10.126 10.913 14.301 14.776 14.503 17.117 19.156 19.282 20.240 22.627 23.529 22.733 22.395 19.332 21.734 23.285 20.213 19.482 16.788 17.881 16.773 19.249 21.534 19.260 18.101 14.432 14.035 12.767 11.038  8.993  5.525  6.245  5.973  8.378 10.650 10.492 10.373 11.526 12.391 15.363 15.201 17.175 16.154 19.251 19.848 22.816 24.380 26.363 29.441 31.015 33.633 36.378
 10.672 12.283 11.559 14.429 14.767 18.417 20.096 22.971 26.116 24.514 22.502 19.698 16.906 15.176 11.778 10.301  6.579  5.358  5.534  3.835  0.000  3.840  6.827  8.315  6.356  7.333 10.658 10.958 10.846 13.514 15.375 15.620 16.765 19.061 19.781 19.019 18.673 15.732 18.361 19.929 16.960 16.709 14.327 16.096 15.694 18.720 20.627 18.333 16.581 12.878 12.399 10.442  9.491  8.355  5.373  6.285  8.082  9.926 11.416 12.060 11.024 12.506 12.823 15.030 14.686 15.899 14.415 17.145 17.151 20.045 21.248 23.269 26.194 27.719 30.431 33.160
 13.726 14.641 12.990 15.148 14.560 17.873 19.008 21.542 24.935 23.691 22.203 19.785 17.273 16.348 13.294 12.802  9.389  8.970  8.327  6.530  3.840  0.000  3.835  5.230  5.109  6.494  8.822  9.804 10.835 12.847 14.362 15.494 16.899 18.551 18.801 17.416 16.526 13.175 15.320 17.104 14.331 13.909 11.984 13.996 14.242 17.402 18.701 15.995 13.768 10.016  8.888  6.649  5.904  5.432  4.116  6.397  8.871  9.227 10.486 12.327 11.596 14.026 14.915 16.704 15.523 16.056 13.747 15.857 15.456 17.850 18.880 20.461 23.399 24.751 27.312 30.054
 14.562 14.503 11.991 13.276 11.913 14.852 15.655 17.968 21.459 20.462 19.351 17.216 15.106 14.911 12.480 13.081 10.309 10.999 10.275  9.640  6.827  3.835  0.000  3.844  5.371  4.928  6.324  8.673  9.839 10.728 12.519 14.400 15.383 16.368 16.704 14.780 14.051 10.607 12.555 13.831 10.802 10.127  8.218 10.537 11.408 14.850 15.726 13.139 10.573  7.038  6.593  4.750  6.361  6.065  5.906  6.861 10.266 10.152 10.064 12.462 11.166 13.968 14.878 15.896 14.095 13.812 10.930 12.482 11.831 14.065 15.205 16.841 19.926 21.512 24.126 26.944
 16.889 16.826 14.577 15.601 13.833 16.626 16.717 19.137 22.491 21.257 20.234 18.609 16.161 16.338 13.736 14.432 11.944 12.926 12.999 11.633  8.315  5.230  3.844  0.000  3.845  5.434  5.109  6.340  8.851  9.980 10.585 12.633 14.452 15.343 14.856 13.054 11.606  8.113 10.240 12.322 10.076 10.575  9.957 13.019 14.625 18.158 18.558 15.859 12.734  9.593  8.055  4.623  6.352  8.076  8.675 10.405 13.549 13.312 13.687 16.175 14.936 17.549 18.081 18.937 17.411 16.781 13.779 14.709 13.108 14.787 14.958 16.187 18.806 19.907 22.504 25.220
 14.262 14.439 12.874 14.376 13.298 16.576 17.116 20.079 23.141 21.354 19.695 17.760 14.762 14.298 11.190 11.351  8.978 10.260 11.342 10.126  6.356  5.109  5.371  3.845  0.000  3.862  5.364  4.894  6.351  8.802  9.670 10.587 12.480 14.252 14.171 13.305 12.564  9.809 12.789 14.609 12.190 13.123 11.943 14.954 16.030 19.641 20.620 18.286 15.524 12.233 11.328  8.184  8.974  9.961  9.078 10.259 13.314 14.122 14.731 16.426 14.754 16.653 16.505 17.460 16.693 16.456 14.103 15.633 14.249 16.563 16.779 18.583 21.071 22.319 25.117 27.774
 12.498 11.828  9.658 10.689  9.458 12.792 13.620 16.692 19.709 17.927 16.196 14.072 11.276 11.000  8.342  9.428  7.661  9.894 10.820 10.913  7.333  6.494  4.928  5.434  3.862  0.000  3.849  5.390  5.125  6.511  8.795  9.991 10.711 12.234 13.021 11.931 12.142  9.640 12.736 13.559 10.473 11.096  9.291 12.189 13.161 16.865 17.998 16.184 13.716 10.773 11.107  8.921 10.700 10.739  9.439  9.204 12.800 13.901 13.543 15.019 12.657 14.403 14.017 14.366 13.411 12.799 10.512 12.112 10.978 13.767 14.496 16.877 19.631 21.419 24.376 27.127
 16.116 14.995 12.478 12.501 10.177 12.716 12.434 15.263 18.280 16.628 15.480 14.210 11.722 12.617 10.687 12.543 11.337 13.697 14.509 14.301 10.658  8.822  6.324  5.109  5.364  3.849  0.000  3.840  5.408  5.080  6.319  8.827  9.918 10.411 10.407  8.663  8.433  5.870  9.092  9.921  7.228  8.817  8.336 11.923 13.938 17.714 18.071 16.215 13.186 10.861 10.876  8.483 11.186 12.172 11.978 12.208 15.901 16.335 15.731 17.784 15.531 17.602 17.333 17.187 15.835 14.393 11.539 11.923  9.669 11.643 11.556 13.640 16.147 17.765 20.746 23.486
 16.624 15.873 14.140 14.555 12.747 15.467 15.140 18.241 20.894 18.762 17.227 16.090 13.019 13.528 11.097 12.398 11.435 13.829 15.455 14.776 10.958  9.804  8.673  6.340  4.894  5.390  3.840  0.000  3.845  5.410  4.930  6.361  8.740 10.047  9.408  8.901  8.439  6.806 10.443 11.915 10.115 12.360 12.157 15.730 17.569 21.346 21.861 19.938 16.871 14.320 13.768 10.687 12.588 14.075 13.605 14.251 17.665 18.451 18.444 20.226 18.015 19.701 18.994 19.048 18.346 17.226 14.808 15.424 13.087 14.964 14.280 16.196 18.139 19.317 22.290 24.838
 13.895 12.773 11.426 11.831 10.642 13.636 13.910 17.425 19.752 17.196 15.026 13.493 10.041 10.075  7.596  9.137  9.097 12.201 14.369 14.503 10.846 10.835  9.839  8.851  6.351  5.125  5.408  3.845  0.000  3.854  5.337  5.078  6.207  8.556  9.317  9.654 10.633  9.681 13.402 14.044 11.703 13.668 12.687 15.912 17.219 20.945 21.950 20.531 17.936 15.427 15.681 13.083 14.903 15.558 14.209 13.932 17.341 18.832 18.529 19.664 16.942 17.962 16.616 16.343 16.205 15.214 13.508 14.573 12.725 15.289 15.104 17.715 19.780 21.411 24.543 27.090
 15.804 13.868 11.767 10.946  8.745 10.967 10.534 13.984 16.196 13.691 11.912 11.004  8.073  9.532  8.425 11.179 11.602 14.917 16.579 17.117 13.514 12.847 10.728  9.980  8.802  6.511  5.080  5.410  3.854  0.000  3.848  5.450  5.083  5.752  6.992  6.632  8.546  8.223 11.709 11.415  9.063 11.348 10.832 14.134 15.957 19.648 20.226 19.192 16.579 14.786 15.560 13.500 16.128 16.763 15.865 15.227 18.929 20.075 19.102 20.494 17.550 18.758 17.512 16.514 15.867 14.012 12.042 12.204  9.801 12.080 11.694 14.577 16.590 18.528 21.745 24.315
 18.938 17.317 15.465 14.760 12.442 14.265 13.090 16.202 18.216 15.728 14.359 14.185 11.396 13.001 11.738 14.065 14.323 17.401 19.240 19.156 15.375 14.362 12.519 10.585  9.670  8.795  6.319  4.930  5.337  3.848  0.000  3.844  5.595  5.621  4.529  4.821  6.014  6.799 10.336 10.627  9.506 12.649 13.130 16.746 19.013 22.734 22.920 21.597 18.578 16.832 16.895 14.318 16.872 18.287 17.878 17.924 21.563 22.425 21.810 23.516 20.842 22.249 21.092 20.273 19.639 17.757 15.551 15.299 12.344 13.743 12.305 14.514 15.847 17.176 20.324 22.724
 17.953 16.501 15.465 15.140 13.649 15.812 15.195 18.633 20.278 17.311 15.251 14.798 11.494 12.351 10.829 12.672 13.551 16.767 19.271 19.282 15.620 15.494 14.400 12.633 10.587  9.991  8.827  6.361  5.078  5.450  3.844  0.000  3.845  6.036  5.829  8.001  9.512 10.401 14.009 14.432 13.190 16.104 16.043 19.478 21.264 24.973 25.607 24.397 21.592 19.527 19.630 16.858 18.894 20.104 19.092 18.969 22.384 23.795 23.439 24.655 21.824 22.674 20.983 20.222 20.309 18.845 17.270 17.583 15.075 16.948 15.767 18.194 19.404 20.694 23.830 26.085
 17.012 14.867 13.782 12.791 11.440 13.215 12.779 16.360 17.585 14.324 11.892 11.514  8.315  9.579  9.100 11.718 13.437 17.057 19.500 20.240 16.765 16.899 15.383 14.452 12.480 10.711  9.918  8.740  6.207  5.083  5.595  3.845  0.000  3.828  6.093  8.274 11.034 12.098 15.557 15.079 13.414 16.022 15.596 18.657 20.222 23.765 24.548 23.885 21.467 19.754 20.575 18.345 20.687 21.342 20.026 19.177 22.666 24.319 23.449 24.350 21.142 21.619 19.591 18.213 18.458 16.716 15.653 15.864 13.654 15.803 15.028 18.007 19.345 21.153 24.389 26.667
 19.780 17.280 15.555 13.781 11.562 12.337 10.868 14.060 15.027 11.897 10.234 10.967  8.750 11.281 11.628 14.757 16.263 19.867 21.864 22.627 19.061 18.551 16.368 15.343 14.252 12.234 10.411 10.047  8.556  5.752  5.621  6.036  3.828  0.000  3.852  5.685  9.217 11.076 13.999 12.813 11.669 14.581 14.854 17.920 20.005 23.450 23.706 23.254 20.750 19.646 20.618 18.703 21.554 22.389 21.579 20.744 24.437 25.667 24.422 25.682 22.482 23.295 21.562 19.812 19.495 17.097 15.680 14.971 12.217 13.624 12.310 15.222 16.211 18.114 21.345 23.559
 22.223 20.123 18.314 16.873 14.356 15.206 13.255 16.036 17.227 14.520 13.518 14.468 12.287 14.658 14.370 17.129 18.073 21.410 23.360 23.529 19.781 18.801 16.704 14.856 14.171 13.021 10.407  9.408  9.317  6.992  4.529  5.829  6.093  3.852  0.000  3.823  6.554  9.273 11.965 11.324 11.191 14.686 15.735 19.170 21.692 25.247 25.127 24.247 21.315 20.174 20.508 18.222 21.045 22.508 22.200 22.003 25.715 26.575 25.641 27.317 24.427 25.647 24.227 22.842 22.282 19.920 17.966 17.025 13.780 14.485 12.329 14.453 14.911 16.169 19.301 21.404
 22.368 20.243 17.826 16.219 13.123 13.697 11.335 13.701 15.427 13.375 13.085 14.029 12.351 15.050 14.795 17.739 18.119 21.250 22.609 22.733 19.019 17.416 14.780 13.054 13.305 11.931  8.663  8.901  9.654  6.632  4.821  8.001  8.274  5.685  3.823  0.000  3.896  6.473  8.701  7.591  7.584 11.202 12.765 16.230 19.116 22.611 22.107 21.127 18.077 17.282 17.648 15.716 18.904 20.397 20.561 20.462 24.257 24.653 23.499 25.543 22.857 24.533 23.624 22.295 21.115 18.508 16.024 14.617 11.055 11.226  8.827 10.784 11.585 13.066 16.291 18.671
 23.795 22.143 19.651 18.528 15.392 16.281 13.997 15.993 18.154 16.592 16.566 17.234 15.434 17.767 16.891 19.393 19.079 21.760 22.870 22.395 18.673 16.526 14.051 11.606 12.564 12.142  8.433  8.439 10.633  8.546  6.014  9.512 11.034  9.217  6.554  3.896  0.000  3.886  5.645  5.995  7.087 10.833 12.994 16.653 19.774 23.294 22.513 20.969 17.546 16.606 16.190 13.945 17.005 19.089 19.839 20.427 24.107 24.047 23.267 25.717 23.483 25.590 25.113 24.266 22.832 20.458 17.521 16.186 12.570 12.277  9.600 10.388 11.042 11.738 14.750 17.177
 21.928 20.634 17.969 17.320 14.279 15.669 13.958 15.968 18.763 17.517 17.361 17.307 15.399 17.264 15.916 18.079 17.088 19.344 20.020 19.332 15.732 13.175 10.607  8.113  9.809  9.640  5.870  6.806  9.681  8.223  6.799 10.401 12.098 11.076  9.273  6.473  3.886  0.000  3.843  5.598  5.393  8.540 10.442 14.178 17.197 20.756 20.075 18.100 14.541 13.220 12.476 10.124 13.235 15.347 16.352 17.224 20.812 20.486 19.866 22.513 20.598 23.020 22.971 22.557 20.863 18.815 15.577 14.635 11.353 11.440  9.630 10.375 12.020 12.887 15.751 18.408
 25.064 23.751 20.813 19.960 16.647 17.485 15.345 16.541 19.392 18.805 19.345 19.641 18.264 20.409 19.296 21.536 20.341 22.348 22.567 21.734 18.361 15.320 12.555 10.240 12.789 12.736  9.092 10.443 13.402 11.709 10.336 14.009 15.557 13.999 11.965  8.701  5.645  3.843  0.000  3.842  5.628  8.236 11.183 14.549 17.955 21.205 19.875 17.771 14.086 13.493 12.444 10.723 13.963 16.329 18.065 19.183 22.635 21.708 20.962 24.004 22.439 25.215 25.576 25.150 23.032 20.785 17.271 15.757 12.420 11.391  9.152  8.466  9.801 10.140 12.690 15.432
 25.263 23.432 20.253 18.741 15.123 15.197 12.546 13.290 15.954 15.650 16.688 17.450 16.698 19.370 18.963 21.712 20.984 23.354 23.531 23.285 19.929 17.104 13.831 12.322 14.609 13.559  9.921 11.915 14.044 11.415 10.627 14.432 15.079 12.813 11.324  7.591  5.995  5.598  3.842  0.000  3.836  6.727 10.108 13.203 16.834 19.920 18.352 16.881 13.493 13.681 13.635 12.686 16.310 18.061 19.516 19.960 23.582 22.797 21.435 24.327 22.423 25.044 25.270 24.316 22.044 19.313 15.901 13.705 10.121  8.369  5.550  4.970  6.671  8.094 11.089 14.021
 21.743 19.883 16.590 15.166 11.604 12.041  9.995 11.265 14.415 13.946 14.519 14.613 13.787 16.202 15.764 18.506 17.710 20.080 20.119 20.213 16.960 14.331 10.802 10.076 12.190 10.473  7.228 10.115 11.703  9.063  9.506 13.190 13.414 11.669 11.191  7.584  7.087  5.393  5.628  3.836  0.000  3.821  6.527  9.910 13.362 16.662 15.556 14.136 10.857 10.689 11.291 10.562 14.322 15.453 16.485 16.510 20.204 19.664 18.095 20.790 18.712 21.262 21.499 20.573 18.256 15.626 12.167 10.281  6.829  6.183  5.015  6.479  9.369 11.462 14.425 17.352
 21.372 19.594 16.010 14.665 11.239 11.493 10.075 10.662 14.282 14.545 15.329 14.940 14.642 16.761 16.433 19.012 17.854 19.813 19.153 19.482 16.709 13.909 10.127 10.575 13.123 11.096  8.817 12.360 13.668 11.348 12.649 16.104 16.022 14.581 14.686 11.202 10.833  8.540  8.236  6.727  3.821  0.000  3.828  6.556 10.224 13.280 11.912 10.397  7.192  7.736  9.101  9.664 13.446 13.897 15.146 14.912 18.406 17.475 15.479 18.347 16.560 19.417 20.213 19.413 16.572 14.019 10.310  8.291  5.799  5.119  6.151  7.333 10.907 13.235 15.808 18.772
 18.089 16.360 12.693 11.629  8.637  9.530  9.429 10.581 14.338 14.366 14.493 13.211 12.847 14.359 13.969 16.337 15.068 16.883 15.978 16.788 14.327 11.984  8.218  9.957 11.943  9.291  8.336 12.157 12.687 10.832 13.130 16.043 15.596 14.854 15.735 12.765 12.994 10.442 11.183 10.108  6.527  3.828  0.000  3.818  6.921 10.404  9.987  8.587  6.001  5.698  8.265  9.208 12.620 12.105 12.641 11.718 15.220 14.663 12.352 14.884 12.856 15.640 16.520 15.833 12.889 10.620  6.826  5.773  4.796  6.422  8.799 10.832 14.414 16.910 19.524 22.438
 18.787 17.025 13.272 12.113  9.674  9.897 10.464 10.708 14.424 15.169 15.571 14.059 14.470 15.747 15.785 18.001 16.712 18.149 16.611 17.881 16.096 13.996 10.537 13.019 14.954 12.189 11.923 15.730 15.912 14.134 16.746 19.478 18.657 17.920 19.170 16.230 16.653 14.178 14.549 13.203  9.910  6.556  3.818  0.000  3.821  6.806  6.256  5.494  4.528  5.759  9.333 11.460 14.424 13.092 13.556 12.050 15.038 14.233 11.192 13.558 11.792 14.644 16.062 15.293 11.811  9.623  6.166  5.069  6.364  7.686 10.968 12.792 16.452 19.133 21.465 24.314
 17.052 15.501 11.945 11.291 10.002 10.594 12.329 12.755 16.162 16.818 16.738 14.538 15.040 15.542 15.600 17.341 15.964 16.952 14.950 16.773 15.694 14.242 11.408 14.625 16.030 13.161 13.938 17.569 17.219 15.957 19.013 21.264 20.222 20.005 21.692 19.116 19.774 17.197 17.955 16.834 13.362 10.224  6.921  3.821  0.000  3.849  5.506  5.484  6.558  6.973 10.766 13.112 15.361 13.133 12.886 10.598 13.017 12.536  9.004 10.661  8.901 11.610 13.457 12.921  9.194  7.853  5.401  6.237  8.998 11.032 14.495 16.542 20.179 22.902 25.221 28.036
 19.331 17.868 14.566 13.882 13.049 13.035 14.868 14.575 17.647 18.863 19.076 16.946 17.982 18.388 18.751 20.332 19.000 19.641 17.239 19.249 18.720 17.402 14.850 18.158 19.641 16.865 17.714 21.346 20.945 19.648 22.734 24.973 23.765 23.450 25.247 22.611 23.294 20.756 21.205 19.920 16.662 13.280 10.404  6.806  3.849  0.000  3.850  5.553  8.435  9.702 13.336 16.186 18.123 15.581 15.433 13.050 14.652 13.889 10.104 11.263 10.248 12.624 14.921 14.381 10.593  9.706  8.416  8.925 12.057 13.569 17.211 18.988 22.570 25.336 27.397 30.122
 22.375 20.755 17.213 16.091 14.436 13.840 14.739 13.710 16.875 18.636 19.536 18.061 19.303 20.352 20.797 22.741 21.393 22.249 19.965 21.534 20.627 18.701 15.726 18.558 20.620 17.998 18.071 21.861 21.950 20.226 22.920 25.607 24.548 23.706 25.127 22.107 22.513 20.075 19.875 18.352 15.556 11.912  9.987  6.256  5.506  3.850  0.000  3.822  6.895  9.555 12.976 16.109 18.447 16.472 17.113 15.351 17.241 15.888 12.317 14.257 13.474 16.157 18.345 17.625 13.815 12.203 10.163  9.260 11.656 12.080 15.586 16.772 20.257 22.933 24.716 27.375
 21.772 20.612 17.093 16.552 14.741 14.930 15.635 15.170 18.702 20.055 20.725 19.136 19.688 20.567 20.349 22.006 20.137 20.691 18.267 19.260 18.333 15.995 13.139 15.859 18.286 16.184 16.215 19.938 20.531 19.192 21.597 24.397 23.885 23.254 24.247 21.127 20.969 18.100 17.771 16.881 14.136 10.397  8.587  5.494  5.484  5.553  3.822  0.000  3.826  6.408  9.489 12.878 15.031 13.200 14.381 13.296 15.204 13.307 10.129 12.879 12.589 15.870 18.314 18.216 14.494 13.255 10.522 10.066 11.702 12.154 15.233 16.061 19.630 21.940 23.716 26.458
 21.337 20.199 16.614 16.094 13.747 14.281 14.408 14.369 18.117 19.089 19.717 18.371 18.428 19.556 18.995 20.778 18.814 19.621 17.617 18.101 16.581 13.768 10.573 12.734 15.524 13.716 13.186 16.871 17.936 16.579 18.578 21.592 21.467 20.750 21.315 18.077 17.546 14.541 14.086 13.493 10.857  7.192  6.001  4.528  6.558  8.435  6.895  3.826  0.000  3.827  6.572  9.702 12.380 11.329 12.978 12.561 15.074 13.172 10.624 13.869 13.268 16.725 18.786 18.735 15.248 13.707 10.284  9.523  9.951 10.175 12.683 13.305 16.887 18.983 20.893 23.719
 18.571 17.891 14.564 14.790 12.835 14.370 14.940 15.827 19.613 19.889 19.847 18.048 17.368 17.945 16.737 18.055 15.693 16.229 14.256 14.432 12.878 10.016  7.038  9.593 12.233 10.773 10.861 14.320 15.427 14.786 16.832 19.527 19.754 19.646 20.174 17.282 16.606 13.220 13.493 13.681 10.689  7.736  5.698  5.759  6.973  9.702  9.555  6.408  3.827  0.000  3.839  6.660  9.070  7.771  9.273  9.219 11.930 10.200  8.244 11.654 11.062 14.650 16.654 17.149 14.036 13.115  9.698 10.120 10.382 11.588 13.754 14.771 18.307 20.215 22.385 25.253
 20.091 19.901 16.891 17.527 15.551 17.398 17.611 18.683 22.465 22.540 22.447 20.796 19.626 20.115 18.354 19.309 16.545 16.715 14.868 14.035 12.399  8.888  6.593  8.055 11.328 11.107 10.876 13.768 15.681 15.560 16.895 19.630 20.575 20.618 20.508 17.648 16.190 12.476 12.444 13.635 11.291  9.101  8.265  9.333 10.766 13.336 12.976  9.489  6.572  3.839  0.000  3.838  5.929  5.844  8.666 10.146 12.532 10.302  9.709 13.364 13.356 16.987 18.983 19.918 17.142 16.473 13.049 13.475 12.999 13.823 15.159 15.564 18.790 20.101 22.098 24.895
 19.219 19.211 16.534 17.415 15.455 17.762 17.808 19.475 23.128 22.632 22.180 20.588 18.801 19.179 16.956 17.728 14.928 15.274 14.171 12.767 10.442  6.649  4.750  4.623  8.184  8.921  8.483 10.687 13.083 13.500 14.318 16.858 18.345 18.703 18.222 15.716 13.945 10.124 10.723 12.686 10.562  9.664  9.208 11.460 13.112 16.186 16.109 12.878  9.702  6.660  3.838  0.000  3.852  5.678  8.124 10.282 12.980 11.469 11.679 14.927 14.511 17.798 19.222 20.243 18.005 17.377 14.019 14.637 13.479 14.552 15.180 15.732 18.640 19.671 21.878 24.634
 19.385 20.113 17.941 19.507 18.126 20.791 21.221 23.031 26.687 26.079 25.349 23.438 21.389 21.194 18.522 18.530 15.233 14.669 13.280 11.038  9.491  5.904  6.361  6.352  8.974 10.700 11.186 12.588 14.903 16.128 16.872 18.894 20.687 21.554 21.045 18.904 17.005 13.235 13.963 16.310 14.322 13.446 12.620 14.424 15.361 18.123 18.447 15.031 12.380  9.070  5.929  3.852  0.000  3.810  6.762 10.036 11.783 10.028 11.470 14.509 14.840 18.048 19.719 21.401 19.462 19.525 16.521 17.725 16.964 18.284 18.995 19.501 22.314 23.125 25.188 27.843
 17.255 18.143 16.000 17.858 16.984 19.730 20.770 22.532 26.211 25.724 24.843 22.517 20.701 20.119 17.575 17.356 13.901 12.889 10.693  8.993  8.355  5.432  6.065  8.076  9.961 10.739 12.172 14.075 15.558 16.763 18.287 20.104 21.342 22.389 22.508 20.397 19.089 15.347 16.329 18.061 15.453 13.897 12.105 13.092 13.133 15.581 16.472 13.200 11.329  7.771  5.844  5.678  3.810  0.000  3.835  6.948  8.283  6.273  7.817 10.785 11.486 14.794 16.881 18.838 16.812 17.365 14.715 16.478 16.541 18.325 19.755 20.691 23.846 25.098 27.256 30.002
 13.622 14.868 13.190 15.621 15.483 18.637 20.254 22.427 25.927 25.081 23.701 20.966 18.928 17.732 14.989 14.251 10.648  9.240  6.874  5.525  5.373  4.116  5.906  8.675  9.078  9.439 11.978 13.605 14.209 15.865 17.878 19.092 20.026 21.579 22.200 20.561 19.839 16.352 18.065 19.516 16.485 15.146 12.641 13.556 12.886 15.433 17.113 14.381 12.978  9.273  8.666  8.124  6.762  3.835  0.000  3.827  5.263  5.147  6.930  8.727  8.958 11.759 13.571 15.872 14.376 15.528 13.517 16.024 16.505 18.970 20.653 22.209 25.437 26.987 29.408 32.195
 10.956 11.863 10.043 12.588 12.999 16.146 18.315 20.514 23.852 23.002 21.447 18.403 16.660 15.200 12.866 12.262  9.025  7.982  5.165  6.245  6.285  6.397  6.861 10.405 10.259  9.204 12.208 14.251 13.932 15.227 17.924 18.969 19.177 20.744 22.003 20.462 20.427 17.224 19.183 19.960 16.510 14.912 11.718 12.050 10.598 13.050 15.351 13.296 12.561  9.219 10.146 10.282 10.036  6.948  3.827  0.000  3.856  5.490  5.471  6.205  5.336  8.081  9.965 12.205 10.668 12.194 10.757 13.801 14.981 17.897 20.085 22.139 25.525 27.502 30.074 32.912
 11.909 13.656 12.577 15.488 16.408 19.473 21.876 23.930 27.233 26.497 24.880 21.661 20.006 18.155 15.785 14.510 11.168  8.890  5.109  5.973  8.082  8.871 10.266 13.549 13.314 12.800 15.901 17.665 17.341 18.929 21.563 22.384 22.666 24.437 25.715 24.257 24.107 20.812 22.635 23.582 20.204 18.406 15.220 15.038 13.017 14.652 17.241 15.204 15.074 11.930 12.532 12.980 11.783  8.283  5.263  3.856  0.000  3.860  5.432  4.673  5.925  8.048 10.613 13.638 12.464 14.745 13.864 17.055 18.587 21.441 23.765 25.688 29.113 31.022 33.479 36.298
 15.522 16.885 15.205 17.586 17.804 20.521 22.503 24.127 27.658 27.340 26.201 23.281 21.873 20.574 18.339 17.554 14.141 12.197  8.648  8.378  9.926  9.227 10.152 13.312 14.122 13.901 16.335 18.451 18.832 20.075 22.425 23.795 24.319 25.667 26.575 24.653 24.047 20.486 21.708 22.797 19.664 17.475 14.663 14.233 12.536 13.889 15.888 13.307 13.172 10.200 10.302 11.469 10.028  6.273  5.147  5.490  3.860  0.000  3.837  5.441  7.799 10.846 13.828 16.450 14.550 16.250 14.683 17.303 18.674 20.995 23.283 24.703 28.149 29.866 32.069 34.862
 15.272 15.844 13.585 15.389 15.459 17.748 19.838 21.142 24.627 24.603 23.695 20.824 19.945 18.966 17.346 17.203 14.283 13.143  9.732 10.650 11.416 10.486 10.064 13.687 14.731 13.543 15.731 18.444 18.529 19.102 21.810 23.439 23.449 24.422 25.641 23.499 23.267 19.866 20.962 21.435 18.095 15.479 12.352 11.192  9.004 10.104 12.317 10.129 10.624  8.244  9.709 11.679 11.470  7.817  6.930  5.471  5.432  3.837  0.000  3.853  5.605  9.223 12.450 14.441 11.903 13.296 11.741 14.253 16.103 18.416 21.110 22.701 26.276 28.311 30.537 33.364
 13.408 14.348 12.765 15.040 16.031 18.450 21.110 22.611 25.824 25.596 24.298 21.060 20.205 18.617 17.098 16.450 13.761 12.206  8.586 10.492 12.060 12.327 12.462 16.175 16.426 15.019 17.784 20.226 19.664 20.494 23.516 24.655 24.350 25.682 27.317 25.543 25.717 22.513 24.004 24.327 20.790 18.347 14.884 13.558 10.661 11.263 14.257 12.879 13.869 11.654 13.364 14.927 14.509 10.785  8.727  6.205  4.673  5.441  3.853  0.000  3.840  6.402 10.011 12.530 10.593 12.981 12.526 15.635 17.965 20.705 23.590 25.567 29.156 31.376 33.736 36.567
 10.668 10.930  9.045 11.247 12.491 15.034 17.923 19.710 22.754 22.249 20.723 17.377 16.522 14.884 13.630 13.332 11.140 10.471  7.587 10.373 11.024 11.596 11.166 14.936 14.754 12.657 15.531 18.015 16.942 17.550 20.842 21.824 21.142 22.482 24.427 22.857 23.483 20.598 22.439 22.423 18.712 16.560 12.856 11.792  8.901 10.248 13.474 12.589 13.268 11.062 13.356 14.511 14.840 11.486  8.958  5.336  5.925  7.799  5.605  3.840  0.000  3.831  6.952  9.004  6.984  9.443  9.342 12.811 15.230 18.339 21.250 23.645 27.188 29.617 32.183 35.027
  8.595  9.030  8.262 10.864 13.174 15.734 19.072 21.081 23.709 22.900 20.934 17.301 16.461 14.164 13.178 12.393 10.894 10.200  7.971 11.526 12.506 14.026 13.968 17.549 16.653 14.403 17.602 19.701 17.962 18.758 22.249 22.674 21.619 23.295 25.647 24.533 25.590 23.020 25.215 25.044 21.262 19.417 15.640 14.644 11.610 12.624 16.157 15.870 16.725 14.650 16.987 17.798 18.048 14.794 11.759  8.081  8.048 10.846  9.223  6.402  3.831  0.000  3.838  6.599  6.052  9.576 10.840 14.561 17.189 20.590 23.524 26.262 29.725 32.297 34.992 37.813
  5.737  5.662  6.047  8.969 12.061 14.797 18.309 20.745 22.988 21.661 19.205 15.429 14.323 11.476 10.689  9.707  9.233  9.344  8.601 12.391 12.823 14.915 14.878 18.081 16.505 14.017 17.333 18.994 16.616 17.512 21.092 20.983 19.591 21.562 24.227 23.624 25.113 22.971 25.576 25.270 21.499 20.213 16.520 16.062 13.457 14.921 18.345 18.314 18.786 16.654 18.983 19.222 19.719 16.881 13.571  9.965 10.613 13.828 12.450 10.011  6.952  3.838  0.000  3.843  5.583  9.093 11.093 14.845 17.217 20.881 23.586 26.667 29.947 32.595 35.469 38.251
  7.608  5.349  4.952  6.398  9.883 12.058 15.760 18.128 19.974 18.595 16.085 12.300 11.788  9.216  9.699  9.910 10.593 11.899 11.719 15.363 15.030 16.704 15.896 18.937 17.460 14.366 17.187 19.048 16.343 16.514 20.273 20.222 18.213 19.812 22.842 22.295 24.266 22.557 25.150 24.316 20.573 19.413 15.833 15.293 12.921 14.381 17.625 18.216 18.735 17.149 19.918 20.243 21.401 18.838 15.872 12.205 13.638 16.450 14.441 12.530  9.004  6.599  3.843  0.000  3.843  6.639  9.567 12.978 15.495 19.166 21.937 25.266 28.425 31.291 34.212 36.938
 10.041  7.966  5.587  6.052  8.395 10.234 13.843 15.759 18.032 17.238 15.366 11.795 11.803 10.269 10.772 11.708 11.596 12.835 11.827 15.201 14.686 15.523 14.095 17.411 16.693 13.411 15.835 18.346 16.205 15.867 19.639 20.309 18.458 19.495 22.282 21.115 22.832 20.863 23.032 22.044 18.256 16.572 12.889 11.811  9.194 10.593 13.815 14.494 15.248 14.036 17.142 18.005 19.462 16.812 14.376 10.668 12.464 14.550 11.903 10.593  6.984  6.052  5.583  3.843  0.000  3.829  6.479  9.955 12.909 16.398 19.486 22.609 25.937 28.844 31.630 34.393
 12.529  9.740  6.490  4.649  5.597  6.595 10.188 11.967 14.254 13.608 12.095  8.826  9.551  9.261 10.560 12.636 12.902 14.890 14.225 17.175 15.899 16.056 13.812 16.781 16.456 12.799 14.393 17.226 15.214 14.012 17.757 18.845 16.716 17.097 19.920 18.508 20.458 18.815 20.785 19.313 15.626 14.019 10.620  9.623  7.853  9.706 12.203 13.255 13.707 13.115 16.473 17.377 19.525 17.365 15.528 12.194 14.745 16.250 13.296 12.981  9.443  9.576  9.093  6.639  3.829  0.000  3.818  6.592  9.644 13.048 16.194 19.436 22.675 25.727 28.518 31.244
 13.822 11.444  7.678  6.128  4.743  6.067  8.703 10.457 13.516 13.109 12.165  9.493  9.751 10.271 10.828 13.153 12.721 14.719 13.870 16.154 14.415 13.747 10.930 13.779 14.103 10.512 11.539 14.808 13.508 12.042 15.551 17.270 15.653 15.680 17.966 16.024 17.521 15.577 17.271 15.901 12.167 10.310  6.826  6.166  5.401  8.416 10.163 10.522 10.284  9.698 13.049 14.019 16.521 14.715 13.517 10.757 13.864 14.683 11.741 12.526  9.342 10.840 11.093  9.567  6.479  3.818  0.000  3.830  6.610 10.012 13.162 16.173 19.561 22.488 25.241 28.038
 17.371 14.750 11.001  8.601  5.795  4.928  6.124  7.017 10.427 10.670 10.760  9.204 10.292 12.062 13.126 15.998 15.796 18.060 17.334 19.251 17.145 15.857 12.482 14.709 15.633 12.112 11.923 15.424 14.573 12.204 15.299 17.583 15.864 14.971 17.025 14.617 16.186 14.635 15.757 13.705 10.281  8.291  5.773  5.069  6.237  8.925  9.260 10.066  9.523 10.120 13.475 14.637 17.725 16.478 16.024 13.801 17.055 17.303 14.253 15.635 12.811 14.561 14.845 12.978  9.955  6.592  3.830  0.000  3.825  6.627 10.098 13.091 16.431 19.548 22.222 24.978
 18.710 16.135 12.494 10.115  6.440  5.762  4.693  6.184  9.793  9.598 10.004  9.388  9.855 12.358 13.132 16.294 16.141 18.735 18.489 19.848 17.151 15.456 11.831 13.108 14.249 10.978  9.669 13.087 12.725  9.801 12.344 15.075 13.654 12.217 13.780 11.055 12.570 11.353 12.420 10.121  6.829  5.799  4.796  6.364  8.998 12.057 11.656 11.702  9.951 10.382 12.999 13.479 16.964 16.541 16.505 14.981 18.587 18.674 16.103 17.965 15.230 17.189 17.217 15.495 12.909  9.644  6.610  3.825  0.000  3.818  6.614  9.880 13.117 16.166 19.020 21.811
 22.458 19.927 16.288 13.844 10.152  8.727  6.284  5.805  9.312 10.089 11.696 12.138 12.987 15.873 16.704 19.910 19.654 22.161 21.780 22.816 20.045 17.850 14.065 14.787 16.563 13.767 11.643 14.964 15.289 12.080 13.743 16.948 15.803 13.624 14.485 11.226 12.277 11.440 11.391  8.369  6.183  5.119  6.422  7.686 11.032 13.569 12.080 12.154 10.175 11.588 13.823 14.552 18.284 18.325 18.970 17.897 21.441 20.995 18.416 20.705 18.339 20.590 20.881 19.166 16.398 13.048 10.012  6.627  3.818  0.000  3.822  6.596  9.892 13.110 15.779 18.563
 24.432 21.965 18.535 16.176 12.376 11.224  8.054  7.962 10.586 10.861 12.607 13.773 14.140 17.312 17.934 21.198 21.047 23.735 23.757 24.380 21.248 18.880 15.205 14.958 16.779 14.496 11.556 14.280 15.104 11.694 12.305 15.767 15.028 12.310 12.329  8.827  9.600  9.630  9.152  5.550  5.015  6.151  8.799 10.968 14.495 17.211 15.586 15.233 12.683 13.754 15.159 15.180 18.995 19.755 20.653 20.085 23.765 23.283 21.110 23.590 21.250 23.524 23.586 21.937 19.486 16.194 13.162 10.098  6.614  3.822  0.000  3.825  6.631  9.812 12.764 15.565
 27.557 25.323 21.847 19.714 15.929 14.860 11.751 11.043 13.429 14.217 16.273 17.557 17.872 20.957 21.309 24.397 23.902 26.332 26.134 26.363 23.269 20.461 16.841 16.187 18.583 16.877 13.640 16.196 17.715 14.577 14.514 18.194 18.007 15.222 14.453 10.784 10.388 10.375  8.466  4.970  6.479  7.333 10.832 12.792 16.542 18.988 16.772 16.061 13.305 14.771 15.564 15.732 19.501 20.691 22.209 22.139 25.688 24.703 22.701 25.567 23.645 26.262 26.667 25.266 22.609 19.436 16.173 13.091  9.880  6.596  3.825  0.000  3.828  6.764  9.450 12.405
 30.536 28.228 24.890 22.636 18.850 17.612 14.181 13.354 14.967 15.675 17.960 19.799 20.117 23.404 23.850 27.013 26.726 29.300 29.348 29.441 26.194 23.399 19.926 18.806 21.071 19.631 16.147 18.139 19.780 16.590 15.847 19.404 19.345 16.211 14.911 11.585 11.042 12.020  9.801  6.671  9.369 10.907 14.414 16.452 20.179 22.570 20.257 19.630 16.887 18.307 18.790 18.640 22.314 23.846 25.437 25.525 29.113 28.149 26.276 29.156 27.188 29.725 29.947 28.425 25.937 22.675 19.561 16.431 13.117  9.892  6.631  3.828  0.000  3.837  6.693  9.447
 32.881 30.788 27.539 25.522 21.766 20.820 17.449 16.814 18.370 18.921 21.059 22.889 22.898 26.078 26.223 29.211 28.747 31.192 31.295 31.015 27.719 24.751 21.512 19.907 22.319 21.419 17.765 19.317 21.411 18.528 17.176 20.694 21.153 18.114 16.169 13.066 11.738 12.887 10.140  8.094 11.462 13.235 16.910 19.133 22.902 25.336 22.933 21.940 18.983 20.215 20.101 19.671 23.125 25.098 26.987 27.502 31.022 29.866 28.311 31.376 29.617 32.297 32.595 31.291 28.844 25.727 22.488 19.548 16.166 13.110  9.812  6.764  3.837  0.000  3.845  6.779
 35.909 33.865 30.559 28.556 24.797 23.738 20.374 19.399 20.819 21.693 24.036 25.932 26.076 29.259 29.395 32.350 31.766 34.083 34.031 33.633 30.431 27.312 24.126 22.504 25.117 24.376 20.746 22.290 24.543 21.745 20.324 23.830 24.389 21.345 19.301 16.291 14.750 15.751 12.690 11.089 14.425 15.808 19.524 21.465 25.221 27.397 24.716 23.716 20.893 22.385 22.098 21.878 25.188 27.256 29.408 30.074 33.479 32.069 30.537 33.736 32.183 34.992 35.469 34.212 31.630 28.518 25.241 22.222 19.020 15.779 12.764  9.450  6.693  3.845  0.000  3.810
