  0.000  3.831  6.653 10.266 13.196 16.600 19.741 22.865 24.911 22.867 19.905 16.326 13.949 10.471  8.359  5.538  5.432  5.811  7.614 10.754 10.699 13.764 14.593 16.891 14.247 12.495 16.116 16.651 13.913 15.784 18.942 17.989 17.130 19.894 22.322 22.450 23.628 21.624 24.772 25.133 21.772 21.298 18.084 18.885 17.186 19.449 22.508 22.020 21.419 18.669 20.181 19.289 19.431 17.328 13.707 11.036 12.014 15.617 15.345 13.477 10.724  8.632  5.759  7.640 10.101 12.617 13.872 17.426 18.736 22.461 24.309 27.398 29.929 32.439 34.898 36.675
  3.831  0.000  3.825  6.857 10.117 13.281 16.522 19.647 21.462 19.330 16.284 12.659 10.518  6.992  5.867  4.735  6.319  8.426 10.009 13.182 12.278 14.649 14.505 16.791 14.391 11.789 14.959 15.864 12.759 13.815 17.287 16.500 14.945 17.372 20.202 20.326 22.002 20.345 23.476 23.299 19.879 19.521 16.342 17.108 15.635 18.012 20.888 20.824 20.253 17.974 19.975 19.246 20.125 18.192 14.933 11.934 13.747 16.963 15.907 14.414 10.990  9.073  5.698  5.411  8.055  9.855 11.494 14.802 16.148 19.929 21.809 25.137 27.540 30.173 32.570 34.310
  6.653  3.825  0.000  3.821  6.730 10.014 13.273 16.279 18.422 16.647 14.005 10.363  8.581  6.055  5.370  6.250  6.872  9.346 10.038 13.055 11.653 13.098 12.087 14.648 12.948  9.732 12.540 14.240 11.525 11.800 15.516 15.548 13.915 15.683 18.460 17.980 19.617 17.787 20.631 20.232 16.659 16.001 12.718 13.360 12.058 14.665 17.314 17.284 16.687 14.691 17.032 16.651 18.041 16.125 13.331 10.171 12.696 15.313 13.661 12.818  9.086  8.238  5.983  4.848  5.571  6.523  7.708 11.037 12.523 16.311 18.433 21.752 24.327 27.065 29.474 31.262
 10.266  6.857  3.821  0.000  3.818  6.471  9.916 12.867 14.781 13.006 10.432  6.742  5.839  4.713  6.194  8.758 10.036 12.921 13.534 16.325 14.483 15.207 13.320 15.623 14.417 10.727 12.525 14.623 11.919 10.969 14.789 15.208 12.902 13.899 17.010 16.381 18.538 17.169 19.796 18.722 15.186 14.644 11.617 12.142 11.357 13.965 16.144 16.642 16.092 14.859 17.613 17.467 19.545 17.926 15.713 12.672 15.567 17.644 15.419 15.062 11.266 10.847  8.951  6.360  6.055  4.698  6.132  8.610 10.115 13.850 16.030 19.585 21.993 24.860 27.167 28.905
 13.196 10.117  6.730  3.818  0.000  3.823  6.606  9.797 12.071 10.506  8.608  5.690  5.066  6.332  7.512 10.743 11.541 14.588 15.042 17.220 14.809 14.612 11.958 13.851 13.334  9.493 10.196 12.796 10.710  8.754 12.439 13.673 11.486 11.613 14.451 13.264 15.423 14.165 16.517 15.129 11.625 11.238  8.640  9.697 10.058 13.132 14.500 14.790 13.731 12.911 15.647 15.502 18.158 17.049 15.570 13.077 16.479 17.858 15.494 16.057 12.510 13.158 12.039  9.851  8.408  5.646  4.756  5.821  6.451 10.161 12.234 15.801 18.225 21.128 23.472 25.272
 16.600 13.281 10.014  6.471  3.823  0.000  3.827  6.467  8.563  7.482  6.398  4.452  6.321  8.763 10.895 14.300 15.332 18.340 18.579 20.807 18.443 17.902 14.875 16.626 16.602 12.818 12.726 15.507 13.706 10.992 14.266 15.841 13.255 12.392 15.312 13.868 16.400 15.631 17.419 15.277 12.049 11.539  9.535  9.883 10.617 13.116 13.869 14.900 14.225 14.411 17.462 17.774 20.794 19.766 18.699 16.203 19.521 20.546 17.756 18.457 15.044 15.717 14.785 12.044 10.249  6.633  6.077  4.948  5.775  8.774 11.094 14.788 17.010 20.054 22.186 23.886
 19.741 16.522 13.273  9.916  6.606  3.827  0.000  3.835  6.037  5.246  5.831  6.227  7.974 11.286 13.181 16.792 17.737 20.869 21.203 22.977 20.239 19.152 15.788 16.859 17.305 13.800 12.617 15.364 14.166 10.770 13.296 15.419 12.982 11.085 13.547 11.709 14.374 14.181 15.503 12.786 10.113 10.205  9.488 10.390 12.272 14.835 14.645 15.472 14.301 14.999 17.729 17.911 21.315 20.874 20.389 18.425 21.964 22.556 19.850 21.116 17.937 19.060 18.318 15.754 13.841 10.186  8.701  6.091  4.770  6.344  7.984 11.698 13.588 16.639 18.710 20.424
 22.865 19.647 16.279 12.867  9.797  6.467  3.835  0.000  3.855  5.653  7.965  9.067 11.508 14.729 16.770 20.309 21.093 24.031 23.988 25.780 23.205 21.818 18.257 19.426 20.360 16.955 15.544 18.513 17.681 14.217 16.404 18.807 16.467 14.172 16.271 14.083 16.494 16.367 16.934 13.839 11.612 11.138 10.914 10.913 12.922 14.774 13.878 15.255 14.559 16.131 19.039 19.776 23.318 22.827 22.714 20.764 24.153 24.354 21.344 22.771 19.859 21.159 20.798 18.139 15.823 12.033 10.615  7.223  6.511  6.288  8.263 11.427 13.209 16.274 18.031 19.618
 24.911 21.462 18.422 14.781 12.071  8.563  6.037  3.855  0.000  3.839  7.255  9.572 12.445 15.886 18.403 22.079 23.356 26.523 26.801 28.704 26.033 24.851 21.382 22.308 22.961 19.560 18.056 20.618 19.522 15.919 17.822 19.886 17.175 14.580 16.827 15.176 18.043 18.589 19.224 15.869 14.185 14.319 14.364 14.518 16.365 18.025 17.179 18.774 18.134 19.684 22.503 23.021 26.580 26.205 25.955 23.929 27.331 27.743 24.753 25.979 22.904 23.846 23.093 20.103 18.230 14.474 13.663 10.602  9.803  9.385 10.310 13.219 14.134 16.958 18.353 19.663
 22.867 19.330 16.647 13.006 10.506  7.482  5.246  5.653  3.839  0.000  3.809  6.933  9.557 13.151 15.827 19.574 21.267 24.679 25.445 27.373 24.549 23.744 20.530 21.249 21.340 17.930 16.600 18.691 17.141 13.611 15.571 17.120 14.087 11.681 14.385 13.425 16.743 17.573 18.871 15.728 13.931 14.716 14.516 15.344 17.062 19.227 18.940 20.195 19.194 20.072 22.715 22.692 26.121 25.838 25.213 23.157 26.657 27.494 24.778 25.774 22.422 23.038 21.766 18.714 17.437 13.858 13.315 10.929  9.780 10.317 10.760 14.088 14.836 17.566 19.129 20.462
 19.905 16.284 14.005 10.432  8.608  6.398  5.831  7.965  7.255  3.809  0.000  3.832  6.390  9.834 12.818 16.521 18.614 22.140 23.248 25.362 22.611 22.331 19.483 20.330 19.802 16.298 15.582 17.333 15.141 12.004 14.429 15.299 11.902 10.320 13.672 13.376 16.866 17.519 19.491 16.811 14.594 15.491 14.632 15.696 16.908 19.315 19.716 20.818 19.788 20.025 22.646 22.313 25.459 24.994 23.869 21.610 25.036 26.345 23.830 24.421 20.844 21.011 19.263 16.140 15.487 12.271 12.313 10.942 10.176 11.884 12.525 16.138 17.110 19.827 21.597 22.993
 16.326 12.659 10.363  6.742  5.690  4.452  6.227  9.067  9.572  6.933  3.832  0.000  3.829  6.647  9.837 13.407 15.476 18.884 19.906 22.289 19.817 19.911 17.334 18.687 17.858 14.166 14.285 16.187 13.610 11.066 14.230 14.850 11.556 11.054 14.599 14.252 17.405 17.336 19.652 17.488 14.643 15.023 13.294 14.150 14.687 17.152 18.199 19.231 18.415 18.197 20.964 20.700 23.537 22.659 21.135 18.571 21.827 23.426 20.952 21.185 17.502 17.392 15.510 12.373 11.921  9.001  9.618  9.325  9.478 12.228 13.614 17.381 18.961 21.801 23.803 25.339
 13.949 10.518  8.581  5.839  5.066  6.321  7.974 11.508 12.445  9.557  6.390  3.829  0.000  3.843  6.479 10.199 12.421 16.046 17.572 19.684 16.987 17.356 15.174 16.201 14.833 11.331 11.769 13.110 10.153  8.124 11.454 11.571  8.402  8.881 12.444 12.560 15.532 15.358 18.206 16.618 13.765 14.609 12.840 14.478 15.098 18.077 19.360 19.719 18.394 17.448 19.735 18.870 21.439 20.784 19.040 16.760 20.107 21.951 19.996 20.251 16.560 16.469 14.327 11.783 11.840  9.631  9.770 10.317  9.867 12.980 13.916 17.573 19.186 21.849 24.054 25.690
 10.471  6.992  6.055  4.713  6.332  8.763 11.286 14.729 15.886 13.151  9.834  6.647  3.843  0.000  3.819  7.018  9.768 13.305 15.138 17.570 15.283 16.453 14.996 16.390 14.373 11.060 12.664 13.620 10.177  9.557 13.049 12.426  9.687 11.412 14.800 15.220 17.786 17.148 20.289 19.261 16.192 16.716 14.357 15.790 15.638 18.508 20.440 20.676 19.566 18.051 20.244 19.274 21.271 20.231 17.873 15.329 18.292 20.690 19.048 18.696 14.952 14.200 11.502  9.226 10.324  9.357 10.305 12.094 12.368 15.864 17.101 20.678 22.519 25.138 27.412 29.064
  8.359  5.867  5.370  6.194  7.512 10.895 13.181 16.770 18.403 15.827 12.818  9.837  6.479  3.819  0.000  3.812  6.277 10.003 12.253 14.286 11.836 13.321 12.457 13.679 11.171  8.282 10.603 11.083  7.583  8.306 11.674 10.825  9.147 11.650 14.399 14.804 16.705 15.605 18.991 18.670 15.622 16.210 13.819 15.708 15.582 18.749 20.782 20.367 18.890 16.725 18.369 16.947 18.506 17.598 15.056 12.920 15.872 18.390 17.351 17.120 13.629 13.176 10.693  9.686 10.766 10.560 10.739 13.033 13.004 16.539 17.603 20.879 22.892 25.345 27.767 29.513
  5.538  4.735  6.250  8.758 10.743 14.300 16.792 20.309 22.079 19.574 16.521 13.407 10.199  7.018  3.812  0.000  3.828  7.163 10.103 12.144 10.281 12.750 12.981 14.308 11.245  9.283 12.401 12.322  9.050 11.025 13.964 12.633 11.748 14.761 17.122 17.692 19.109 17.670 21.139 21.363 18.340 18.736 16.144 17.898 17.289 20.284 22.696 22.021 20.646 17.989 19.260 17.661 18.453 17.312 14.242 12.235 14.535 17.548 17.150 16.417 13.267 12.341  9.661  9.858 11.653 12.598 13.030 15.882 16.146 19.720 20.863 23.956 26.085 28.428 30.887 32.642
  5.432  6.319  6.872 10.036 11.541 15.332 17.737 21.093 23.356 21.267 18.614 15.476 12.421  9.768  6.277  3.828  0.000  3.821  6.685  8.381  6.582  9.373 10.256 11.889  8.936  7.592 11.278 11.440  9.095 11.538 14.299 13.584 13.535 16.319 18.125 18.120 18.823 16.710 19.971 20.728 17.644 17.635 14.932 16.659 15.930 18.941 21.376 20.205 18.741 15.666 16.537 14.921 15.206 13.886 10.652  8.989 11.172 14.131 14.228 13.704 11.046 10.798  9.135 10.512 11.525 12.865 12.632 15.725 16.056 19.523 20.826 23.593 26.034 28.315 30.854 32.693
  5.811  8.426  9.346 12.921 14.588 18.340 20.869 24.031 26.523 24.679 22.140 18.884 16.046 13.305 10.003  7.163  3.821  0.000  3.877  5.443  5.398  9.007 11.011 12.927 10.244  9.878 13.683 13.846 12.196 14.875 17.383 16.784 17.145 19.919 21.456 21.251 21.492 18.971 21.984 23.162 20.087 19.664 16.827 18.189 17.002 19.648 22.319 20.884 19.658 16.284 16.776 15.338 14.715 12.948  9.305  8.006  8.954 12.264 13.170 12.218 10.443 10.154  9.278 11.851 12.812 14.897 14.701 18.054 18.712 22.092 23.599 26.133 28.774 30.997 33.546 35.404
  7.614 10.009 10.038 13.534 15.042 18.579 21.203 23.988 26.801 25.445 23.248 19.906 17.572 15.138 12.253 10.103  6.685  3.877  0.000  3.839  5.541  8.354 10.304 13.013 11.330 10.838 14.519 15.478 14.387 16.569 19.233 19.298 19.607 21.934 23.423 22.632 22.623 19.659 22.204 23.431 20.188 19.068 15.977 16.713 15.051 17.280 20.084 18.535 17.721 14.345 14.942 14.243 13.330 10.759  6.941  5.216  5.185  8.726  9.788  8.624  7.600  7.966  8.584 11.725 11.853 14.270 13.909 17.379 18.515 21.767 23.707 26.074 29.029 31.341 33.878 35.770
 10.754 13.182 13.055 16.325 17.220 20.807 22.977 25.780 28.704 27.373 25.362 22.289 19.684 17.570 14.286 12.144  8.381  5.443  3.839  0.000  3.838  6.530  9.635 11.629 10.104 10.917 14.292 14.783 14.505 17.094 19.131 19.297 20.330 22.662 23.555 22.695 22.073 18.922 21.313 23.117 20.247 19.330 16.740 17.926 16.806 19.213 21.595 19.457 18.146 14.464 14.057 12.808 11.057  9.011  5.533  6.220  5.979  8.405 10.652 10.485 10.338 11.499 12.367 15.357 15.201 17.189 16.153 19.256 19.837 22.745 24.303 26.245 29.141 31.181 33.729 35.633
 10.699 12.278 11.653 14.483 14.809 18.443 20.239 23.205 26.033 24.549 22.611 19.817 16.987 15.283 11.836 10.281  6.582  5.398  5.541  3.838  0.000  3.841  6.818  8.304  6.333  7.333 10.647 10.964 10.845 13.487 15.347 15.628 16.841 19.082 19.797 18.971 18.346 15.321 17.949 19.725 16.977 16.529 14.263 16.116 15.706 18.676 20.675 18.476 16.587 12.902 12.428 10.482  9.496  8.364  5.382  6.256  8.084  9.938 11.405 12.042 10.974 12.460 12.779 15.007 14.677 15.912 14.401 17.143 17.133 19.957 21.148 23.087 25.815 27.794 30.376 32.299
 13.764 14.649 13.098 15.207 14.612 17.902 19.152 21.818 24.851 23.744 22.331 19.911 17.356 16.453 13.321 12.750  9.373  9.007  8.354  6.530  3.841  0.000  3.833  5.233  5.107  6.519  8.821  9.803 10.834 12.826 14.320 15.484 16.949 18.536 18.791 17.337 16.186 12.762 14.890 16.930 14.368 13.729 11.929 14.011 14.234 17.335 18.741 16.107 13.765 10.035  8.917  6.691  5.901  5.430  4.113  6.365  8.860  9.222 10.469 12.305 11.548 13.983 14.876 16.683 15.517 16.065 13.735 15.857 15.444 17.758 18.819 20.325 23.162 25.035 27.618 29.585
 14.593 14.505 12.087 13.320 11.958 14.875 15.788 18.257 21.382 20.530 19.483 17.334 15.174 14.996 12.457 12.981 10.256 11.011 10.304  9.635  6.818  3.833  0.000  3.844  5.377  4.960  6.319  8.667  9.840 10.706 12.463 14.376 15.408 16.331 16.689 14.710 13.759 10.223 12.149 13.713 10.853  9.957  8.162 10.539 11.382 14.778 15.760 13.208 10.548  7.059  6.645  4.786  6.352  6.069  5.916  6.840 10.255 10.141 10.042 12.435 11.114 13.915 14.828 15.862 14.080 13.809 10.910 12.477 11.818 13.974 15.161 16.743 19.727 21.790 24.402 26.420
 16.891 16.791 14.648 15.623 13.851 16.626 16.859 19.426 22.308 21.249 20.330 18.687 16.201 16.390 13.679 14.308 11.889 12.927 13.013 11.629  8.304  5.233  3.844  0.000  3.846  5.433  5.085  6.293  8.804  9.929 10.495 12.562 14.420 15.245 14.780 12.908 11.229  7.684  9.814 12.098 10.086 10.354  9.884 12.991 14.580 18.079 18.581 15.876 12.675  9.603  8.114  4.677  6.346  8.080  8.681 10.380 13.539 13.308 13.670 16.151 14.880 17.486 18.013 18.883 17.382 16.768 13.739 14.688 13.077 14.660 14.881 15.972 18.541 20.188 22.817 24.835
 14.247 14.391 12.948 14.417 13.334 16.602 17.305 20.360 22.961 21.340 19.802 17.858 14.833 14.373 11.171 11.245  8.936 10.244 11.330 10.104  6.333  5.107  5.377  3.846  0.000  3.862  5.376  4.903  6.326  8.779  9.638 10.564 12.504 14.227 14.161 13.232 12.231  9.429 12.436 14.356 12.203 12.925 11.882 14.947 16.016 19.593 20.660 18.342 15.482 12.259 11.386  8.239  8.963  9.959  9.077 10.228 13.299 14.113 14.708 16.392 14.691 16.582 16.429 17.408 16.671 16.468 14.080 15.636 14.245 16.469 16.676 18.310 20.618 22.329 24.954 26.905
 12.495 11.789  9.732 10.727  9.493 12.818 13.800 16.955 19.560 17.930 16.298 14.166 11.331 11.060  8.282  9.283  7.592  9.878 10.838 10.917  7.333  6.519  4.960  5.433  3.862  0.000  3.849  5.394  5.105  6.468  8.744  9.956 10.725 12.214 13.028 11.906 11.892  9.301 12.425 13.366 10.489 10.934  9.243 12.202 13.176 16.858 18.060 16.259 13.693 10.831 11.196  8.983 10.711 10.773  9.482  9.217 12.822 13.925 13.550 15.013 12.621 14.348 13.952 14.318 13.401 12.823 10.500 12.127 10.980 13.693 14.378 16.633 19.112 21.248 23.892 25.860
 16.116 14.959 12.540 12.525 10.196 12.726 12.617 15.544 18.056 16.600 15.582 14.285 11.769 12.664 10.603 12.401 11.278 13.683 14.519 14.292 10.647  8.821  6.319  5.085  5.376  3.849  0.000  3.841  5.399  5.055  6.260  8.784  9.898 10.346 10.392  8.606  8.190  5.555  8.812  9.686  7.210  8.604  8.251 11.872 13.892 17.662 18.084 16.180 13.083 10.865 10.927  8.497 11.156 12.165 11.987 12.193 15.894 16.320 15.700 17.749 15.473 17.532 17.261 17.131 15.810 14.396 11.499 11.910  9.649 11.530 11.423 13.321 15.603 17.594 20.292 22.321
 16.651 15.864 14.240 14.623 12.796 15.507 15.364 18.513 20.618 18.691 17.333 16.187 13.110 13.620 11.083 12.322 11.440 13.846 15.478 14.783 10.964  9.803  8.667  6.293  4.903  5.394  3.841  0.000  3.845  5.413  4.897  6.334  8.748 10.006  9.384  8.808  8.102  6.471 10.154 11.541 10.045 12.125 12.075 15.687 17.544 21.311 21.881 19.911 16.763 14.319 13.797 10.686 12.534 14.055 13.612 14.247 17.674 18.445 18.425 20.209 17.980 19.661 18.958 19.033 18.359 17.273 14.795 15.431 13.079 14.845 14.104 15.746 17.427 18.976 21.596 23.517
 13.913 12.759 11.525 11.919 10.710 13.706 14.166 17.681 19.522 17.141 15.141 13.610 10.153 10.177  7.583  9.050  9.095 12.196 14.387 14.505 10.845 10.834  9.840  8.804  6.326  5.105  5.399  3.845  0.000  3.855  5.328  5.067  6.266  8.593  9.362  9.666 10.414  9.418 13.169 13.731 11.652 13.488 12.634 15.909 17.244 20.966 22.009 20.561 17.870 15.461 15.735 13.098 14.864 15.556 14.232 13.946 17.367 18.845 18.531 19.665 16.926 17.935 16.588 16.342 16.239 15.297 13.525 14.616 12.749 15.221 14.917 17.293 18.952 20.823 23.383 25.226
 15.784 13.815 11.800 10.969  8.754 10.992 10.770 14.217 15.919 13.611 12.004 11.066  8.124  9.557  8.306 11.025 11.538 14.875 16.569 17.094 13.487 12.826 10.706  9.929  8.779  6.468  5.055  5.413  3.855  0.000  3.847  5.437  5.082  5.768  7.078  6.724  8.476  8.087 11.574 11.155  8.990 11.178 10.753 14.081 15.930 19.636 20.242 19.144 16.465 14.789 15.598 13.492 16.077 16.741 15.864 15.211 18.920 20.053 19.065 20.454 17.493 18.684 17.436 16.458 15.849 14.041 12.008 12.206  9.796 11.999 11.478 14.139 15.696 17.802 20.360 22.233
 18.942 17.287 15.516 14.789 12.439 14.266 13.296 16.404 17.822 15.571 14.429 14.230 11.454 13.049 11.674 13.964 14.299 17.383 19.233 19.131 15.347 14.320 12.463 10.495  9.638  8.744  6.260  4.897  5.328  3.847  0.000  3.842  5.568  5.565  4.550  4.771  5.841  6.668 10.185 10.179  9.327 12.387 12.996 16.628 18.931 22.666 22.877 21.463 18.385 16.771 16.871 14.255 16.770 18.221 17.846 17.884 21.536 22.374 21.742 23.457 20.769 22.174 21.028 20.231 19.619 17.773 15.492 15.259 12.289 13.580 12.018 13.890 14.806 16.345 18.872 20.713
 17.989 16.500 15.548 15.208 13.673 15.841 15.419 18.807 19.886 17.120 15.299 14.850 11.571 12.426 10.825 12.633 13.584 16.784 19.298 19.297 15.628 15.484 14.376 12.562 10.564  9.956  8.784  6.334  5.067  5.437  3.842  0.000  3.846  6.035  5.837  7.969  9.323 10.245 13.844 13.982 13.032 15.869 15.940 19.408 21.240 24.962 25.609 24.333 21.448 19.510 19.640 16.829 18.822 20.075 19.101 18.974 22.407 23.793 23.419 24.646 21.800 22.649 20.965 20.226 20.336 18.912 17.252 17.580 15.047 16.815 15.471 17.564 18.275 19.701 22.068 23.737
 17.130 14.945 13.915 12.902 11.486 13.255 12.982 16.467 17.175 14.087 11.902 11.556  8.402  9.687  9.147 11.748 13.535 17.145 19.607 20.330 16.841 16.949 15.408 14.420 12.504 10.725  9.898  8.748  6.266  5.082  5.568  3.846  0.000  3.828  6.094  8.286 10.929 11.972 15.413 14.676 13.243 15.827 15.521 18.616 20.248 23.817 24.581 23.852 21.354 19.780 20.626 18.351 20.666 21.374 20.107 19.259 22.769 24.388 23.494 24.413 21.192 21.670 19.652 18.287 18.550 16.837 15.677 15.884 13.630 15.679 14.677 17.373 18.089 19.894 22.171 23.782
 19.894 17.372 15.683 13.899 11.613 12.392 11.085 14.172 14.580 11.681 10.320 11.054  8.881 11.412 11.650 14.761 16.319 19.919 21.934 22.662 19.082 18.536 16.331 15.245 14.227 12.214 10.346 10.006  8.593  5.768  5.565  6.035  3.828  0.000  3.852  5.697  9.183 11.002 13.872 12.372 11.418 14.351 14.737 17.817 19.978 23.463 23.686 23.119 20.555 19.601 20.592 18.622 21.451 22.347 21.595 20.775 24.484 25.668 24.408 25.697 22.496 23.323 21.613 19.891 19.581 17.212 15.687 14.972 12.171 13.466 11.896 14.491 14.810 16.624 18.824 20.431
 22.322 20.202 18.460 17.010 14.451 15.312 13.547 16.271 16.827 14.385 13.672 14.599 12.444 14.800 14.399 17.122 18.125 21.456 23.423 23.555 19.797 18.791 16.689 14.780 14.161 13.028 10.392  9.384  9.362  7.078  4.550  5.837  6.094  3.852  0.000  3.824  6.556  9.313 11.927 10.862 10.998 14.493 15.670 19.106 21.687 25.274 25.144 24.129 21.149 20.154 20.504 18.160 20.944 22.468 22.215 22.034 25.755 26.576 25.638 27.336 24.446 25.674 24.273 22.921 22.378 20.053 18.007 17.076 13.804 14.384 12.025 13.719 13.578 14.812 17.045 18.684
 22.450 20.326 17.980 16.381 13.264 13.868 11.709 14.083 15.176 13.425 13.376 14.252 12.560 15.220 14.804 17.692 18.120 21.251 22.632 22.695 18.971 17.337 14.710 12.908 13.232 11.906  8.606  8.808  9.666  6.724  4.771  7.969  8.286  5.697  3.824  0.000  3.897  6.495  8.619  7.126  7.383 11.016 12.707 16.169 19.104 22.633 22.133 20.981 17.889 17.226 17.588 15.578 18.726 20.290 20.514 20.449 24.245 24.597 23.457 25.529 22.854 24.544 23.659 22.379 21.218 18.658 16.087 14.708 11.131 11.171  8.607 10.099 10.403 11.974 14.524 16.457
 23.628 22.002 19.617 18.538 15.423 16.400 14.374 16.494 18.043 16.743 16.866 17.405 15.532 17.786 16.705 19.109 18.823 21.492 22.623 22.073 18.346 16.186 13.759 11.229 12.231 11.892  8.190  8.102 10.414  8.476  5.841  9.323 10.929  9.183  6.556  3.897  0.000  3.893  5.617  5.658  6.990 10.636 12.872 16.530 19.647 23.200 22.494 20.754 17.294 16.415 15.973 13.614 16.598 18.750 19.536 20.170 23.838 23.757 23.024 25.486 23.266 25.380 24.924 24.157 22.762 20.470 17.466 16.225 12.637 12.296  9.661  9.988 10.501 11.485 14.158 16.197
 21.624 20.345 17.787 17.169 14.165 15.631 14.181 16.367 18.589 17.573 17.519 17.336 15.358 17.148 15.605 17.670 16.710 18.971 19.659 18.922 15.321 12.762 10.223  7.684  9.429  9.301  5.555  6.471  9.418  8.087  6.668 10.245 11.972 11.002  9.313  6.495  3.893  0.000  3.843  5.509  5.407  8.288 10.227 13.960 16.937 20.514 19.950 17.822 14.239 12.952 12.223  9.766 12.815 14.952 15.959 16.845 20.426 20.099 19.509 22.150 20.234 22.652 22.620 22.273 20.618 18.647 15.369 14.534 11.308 11.381  9.722 10.184 11.861 13.213 15.960 18.075
 24.772 23.476 20.631 19.796 16.517 17.419 15.503 16.934 19.224 18.871 19.491 19.652 18.206 20.289 18.991 21.139 19.971 21.984 22.204 21.313 17.949 14.890 12.149  9.814 12.436 12.425  8.812 10.154 13.169 11.574 10.185 13.844 15.413 13.872 11.927  8.619  5.617  3.843  0.000  3.843  5.569  7.933 10.923 14.264 17.633 20.898 19.686 17.382 13.692 13.137 12.085 10.266 13.473 15.873 17.636 18.779 22.217 21.271 20.559 23.607 22.053 24.835 25.222 24.862 22.771 20.588 17.037 15.616 12.330 11.281  9.298  8.362 10.057 10.996 13.704 15.917
 25.133 23.299 20.232 18.722 15.129 15.277 12.786 13.839 15.869 15.728 16.811 17.488 16.618 19.261 18.670 21.363 20.728 23.162 23.431 23.117 19.725 16.930 13.713 12.098 14.356 13.366  9.686 11.541 13.731 11.155 10.179 13.982 14.676 12.372 10.862  7.126  5.658  5.509  3.843  0.000  3.833  6.840 10.207 13.314 16.923 20.074 18.617 16.938 13.555 13.770 13.714 12.581 16.156 17.984 19.428 19.897 23.524 22.765 21.457 24.332 22.400 24.985 25.171 24.253 22.065 19.380 15.957 13.853 10.255  8.521  5.820  4.923  6.687  8.408 11.367 13.733
 21.772 19.879 16.659 15.186 11.625 12.049 10.113 11.612 14.185 13.931 14.594 14.643 13.765 16.192 15.622 18.340 17.644 20.087 20.188 20.247 16.977 14.368 10.853 10.086 12.203 10.489  7.210 10.045 11.652  8.990  9.327 13.032 13.243 11.418 10.998  7.383  6.990  5.407  5.569  3.833  0.000  3.818  6.591  9.926 13.382 16.707 15.657 14.094 10.828 10.790 11.436 10.611 14.349 15.521 16.558 16.572 20.267 19.728 18.163 20.847 18.744 21.264 21.482 20.558 18.286 15.662 12.192 10.325  6.854  6.092  4.953  6.217  9.027 11.429 14.237 16.475
 21.298 19.521 16.001 14.644 11.238 11.539 10.205 11.138 14.319 14.716 15.491 15.023 14.609 16.716 16.210 18.736 17.635 19.664 19.068 19.330 16.529 13.729  9.957 10.354 12.925 10.934  8.604 12.125 13.488 11.178 12.387 15.869 15.827 14.351 14.493 11.016 10.636  8.288  7.933  6.840  3.818  0.000  3.827  6.576 10.216 13.324 12.062 10.351  7.128  7.701  9.054  9.467 13.256 13.765 15.027 14.817 18.312 17.381 15.423 18.292 16.494 19.335 20.119 19.352 16.560 14.029 10.312  8.365  5.846  5.155  6.296  7.498 11.010 13.597 16.185 18.330
 18.084 16.342 12.718 11.617  8.640  9.535  9.488 10.914 14.364 14.516 14.632 13.294 12.840 14.357 13.819 16.144 14.932 16.827 15.977 16.740 14.263 11.929  8.162  9.884 11.882  9.243  8.251 12.075 12.634 10.753 12.996 15.940 15.521 14.737 15.670 12.707 12.872 10.227 10.923 10.207  6.591  3.827  0.000  3.821  6.891 10.401 10.066  8.568  5.950  5.720  8.304  9.151 12.564 12.082 12.625 11.698 15.198 14.635 12.331 14.859 12.817 15.582 16.458 15.781 12.869 10.600  6.805  5.785  4.784  6.386  8.824 10.932 14.350 17.080 19.594 21.636
 18.885 17.108 13.360 12.142  9.697  9.883 10.390 10.913 14.518 15.344 15.696 14.150 14.478 15.790 15.708 17.898 16.659 18.189 16.713 17.926 16.116 14.011 10.539 12.991 14.947 12.202 11.872 15.687 15.909 14.081 16.628 19.408 18.616 17.817 19.106 16.169 16.530 13.960 14.264 13.314  9.926  6.576  3.821  0.000  3.824  6.836  6.324  5.473  4.490  5.789  9.363 11.421 14.416 13.131 13.621 12.127 15.108 14.284 11.251 13.625 11.857 14.690 16.104 15.328 11.864  9.628  6.191  5.036  6.289  7.599 10.949 12.952 16.458 19.302 21.594 23.522
 17.186 15.635 12.058 11.357 10.058 10.617 12.272 12.922 16.365 17.062 16.908 14.687 15.098 15.638 15.582 17.289 15.930 17.002 15.051 16.806 15.706 14.234 11.382 14.580 16.016 13.176 13.892 17.544 17.244 15.930 18.931 21.240 20.248 19.978 21.687 19.104 19.647 16.937 17.633 16.923 13.382 10.216  6.891  3.824  0.000  3.848  5.514  5.527  6.518  6.933 10.726 13.041 15.319 13.129 12.921 10.659 13.068 12.546  9.018 10.706  8.973 11.679 13.537 13.001  9.280  7.876  5.448  6.214  8.949 10.985 14.475 16.703 20.152 23.025 25.263 27.122
 19.449 18.012 14.665 13.965 13.132 13.116 14.835 14.774 18.025 19.227 19.315 17.152 18.077 18.508 18.749 20.284 18.941 19.648 17.280 19.213 18.676 17.335 14.778 18.079 19.593 16.858 17.662 21.311 20.966 19.636 22.666 24.962 23.817 23.463 25.274 22.633 23.200 20.514 20.898 20.074 16.707 13.324 10.401  6.836  3.848  0.000  3.849  5.593  8.408  9.604 13.219 16.061 18.015 15.496 15.387 13.039 14.618 13.800 10.022 11.229 10.274 12.671 14.999 14.482 10.688  9.748  8.485  8.958 12.061 13.598 17.266 19.275 22.704 25.577 27.632 29.389
 22.508 20.888 17.314 16.144 14.500 13.869 14.645 13.878 17.179 18.940 19.716 18.199 19.360 20.440 20.782 22.696 21.376 22.319 20.084 21.595 20.675 18.741 15.760 18.581 20.660 18.060 18.084 21.881 22.009 20.242 22.877 25.609 24.581 23.686 25.144 22.133 22.494 19.950 19.686 18.617 15.657 12.062 10.066  6.324  5.514  3.849  0.000  3.819  6.971  9.578 12.993 16.097 18.469 16.521 17.184 15.435 17.306 15.926 12.367 14.317 13.554 16.225 18.420 17.692 13.879 12.203 10.221  9.273 11.664 12.121 15.703 17.180 20.586 23.365 25.274 26.991
 22.020 20.824 17.284 16.642 14.790 14.900 15.472 15.255 18.774 20.195 20.818 19.231 19.719 20.676 20.367 22.021 20.205 20.884 18.535 19.457 18.476 16.107 13.208 15.876 18.342 16.259 16.180 19.911 20.561 19.144 21.463 24.333 23.852 23.119 24.129 20.981 20.754 17.822 17.382 16.938 14.094 10.351  8.568  5.473  5.527  5.593  3.819  0.000  3.825  6.446  9.506 12.858 15.097 13.347 14.575 13.519 15.447 13.530 10.384 13.152 12.839 16.104 18.520 18.382 14.659 13.303 10.585 10.004 11.584 11.970 15.162 16.225 19.796 22.365 24.416 26.234
 21.419 20.253 16.687 16.092 13.731 14.225 14.301 14.559 18.134 19.194 19.788 18.415 18.394 19.566 18.890 20.646 18.741 19.658 17.721 18.146 16.587 13.765 10.548 12.675 15.482 13.693 13.083 16.763 17.870 16.465 18.385 21.448 21.354 20.555 21.149 17.889 17.294 14.239 13.692 13.555 10.828  7.128  5.950  4.490  6.518  8.408  6.971  3.825  0.000  3.826  6.575  9.625 12.371 11.377 13.039 12.629 15.154 13.252 10.725 13.970 13.340 16.780 18.821 18.753 15.281 13.677 10.267  9.454  9.835 10.009 12.663 13.489 17.112 19.552 21.776 23.708
 18.669 17.974 14.691 14.859 12.911 14.411 14.999 16.131 19.684 20.072 20.025 18.197 17.448 18.051 16.725 17.989 15.666 16.284 14.345 14.464 12.902 10.035  7.059  9.603 12.259 10.831 10.865 14.319 15.461 14.789 16.771 19.510 19.780 19.601 20.154 17.226 16.415 12.952 13.137 13.770 10.790  7.701  5.720  5.789  6.933  9.604  9.578  6.446  3.826  0.000  3.839  6.627  9.061  7.786  9.311  9.260 11.953 10.201  8.252 11.669 11.077 14.662 16.674 17.174 14.070 13.124  9.726 10.132 10.383 11.530 13.820 14.946 18.488 20.820 23.221 25.212
 20.181 19.975 17.032 17.613 15.647 17.462 17.729 19.039 22.503 22.715 22.646 20.964 19.735 20.244 18.369 19.260 16.537 16.776 14.942 14.057 12.428  8.917  6.645  8.114 11.386 11.196 10.927 13.797 15.735 15.598 16.871 19.640 20.626 20.592 20.504 17.588 15.973 12.223 12.085 13.714 11.436  9.054  8.304  9.363 10.726 13.219 12.993  9.506  6.575  3.839  0.000  3.839  5.925  5.836  8.680 10.158 12.523 10.270  9.690 13.352 13.346 16.981 18.989 19.937 17.170 16.490 13.080 13.506 13.033 13.778 15.271 15.731 19.079 20.966 23.364 25.360
 19.289 19.246 16.651 17.467 15.502 17.774 17.911 19.776 23.021 22.692 22.313 20.700 18.870 19.274 16.947 17.661 14.921 15.338 14.243 12.808 10.482  6.691  4.786  4.677  8.239  8.983  8.497 10.686 13.098 13.492 14.255 16.829 18.351 18.622 18.160 15.578 13.614  9.766 10.266 12.581 10.611  9.467  9.151 11.421 13.041 16.061 16.097 12.858  9.625  6.627  3.839  0.000  3.853  5.685  8.150 10.286 12.987 11.465 11.665 14.919 14.483 17.774 19.204 20.231 18.003 17.368 13.998 14.612 13.448 14.418 15.172 15.675 18.681 20.335 22.848 24.873
 19.431 20.125 18.041 19.545 18.158 20.794 21.315 23.318 26.580 26.121 25.459 23.537 21.439 21.271 18.506 18.453 15.206 14.715 13.330 11.057  9.496  5.901  6.352  6.346  8.963 10.711 11.156 12.534 14.864 16.077 16.770 18.822 20.666 21.451 20.944 18.726 16.598 12.815 13.473 16.156 14.349 13.256 12.564 14.416 15.319 18.015 18.469 15.097 12.371  9.061  5.925  3.853  0.000  3.811  6.760 10.019 11.784 10.039 11.477 14.515 14.814 18.027 19.696 21.384 19.457 19.511 16.498 17.702 16.925 18.153 18.974 19.436 22.355 23.839 26.282 28.239
 17.328 18.192 16.125 17.926 17.049 19.766 20.874 22.827 26.205 25.838 24.994 22.659 20.784 20.231 17.598 17.312 13.886 12.948 10.759  9.011  8.364  5.430  6.069  8.080  9.959 10.773 12.165 14.055 15.556 16.741 18.221 20.075 21.374 22.347 22.468 20.290 18.750 14.952 15.873 17.984 15.521 13.765 12.082 13.131 13.129 15.496 16.521 13.347 11.377  7.786  5.836  5.685  3.811  0.000  3.834  6.944  8.283  6.279  7.832 10.798 11.479 14.794 16.884 18.850 16.831 17.373 14.726 16.484 16.534 18.243 19.766 20.715 23.906 25.751 28.209 30.167
 13.707 14.933 13.331 15.713 15.570 18.699 20.389 22.714 25.955 25.213 23.869 21.135 19.040 17.873 15.056 14.242 10.652  9.305  6.941  5.533  5.382  4.113  5.916  8.681  9.077  9.482 11.987 13.612 14.232 15.864 17.846 19.101 20.107 21.595 22.215 20.514 19.536 15.959 17.636 19.428 16.558 15.027 12.625 13.621 12.921 15.387 17.184 14.575 13.039  9.311  8.680  8.150  6.760  3.834  0.000  3.826  5.261  5.148  6.939  8.732  8.952 11.763 13.584 15.899 14.410 15.562 13.548 16.054 16.519 18.918 20.645 22.199 25.345 27.403 29.926 31.881
 11.036 11.934 10.171 12.672 13.077 16.203 18.425 20.764 23.929 23.157 21.610 18.571 16.760 15.329 12.920 12.235  8.989  8.006  5.216  6.220  6.256  6.365  6.840 10.380 10.228  9.217 12.193 14.247 13.946 15.211 17.884 18.974 19.259 20.775 22.034 20.449 20.170 16.845 18.779 19.897 16.572 14.817 11.698 12.127 10.659 13.039 15.435 13.519 12.629  9.260 10.158 10.286 10.019  6.944  3.826  0.000  3.855  5.487  5.473  6.205  5.329  8.080  9.975 12.232 10.704 12.228 10.790 13.831 14.990 17.862 20.057 22.141 25.352 27.723 30.242 32.182
 12.014 13.747 12.696 15.567 16.479 19.521 21.964 24.153 27.331 26.657 25.036 21.827 20.107 18.292 15.872 14.535 11.172  8.954  5.185  5.979  8.084  8.860 10.255 13.539 13.299 12.822 15.894 17.674 17.367 18.920 21.536 22.407 22.769 24.484 25.755 24.245 23.838 20.426 22.217 23.524 20.267 18.312 15.198 15.108 13.068 14.618 17.306 15.447 15.154 11.953 12.523 12.987 11.784  8.283  5.261  3.855  0.000  3.858  5.428  4.675  5.930  8.073 10.652 13.680 12.495 14.764 13.888 17.071 18.587 21.401 23.742 25.717 28.993 31.326 33.802 35.713
 15.617 16.963 15.313 17.644 17.858 20.546 22.556 24.354 27.743 27.494 26.345 23.426 21.951 20.690 18.390 17.548 14.131 12.264  8.726  8.405  9.938  9.222 10.141 13.308 14.113 13.925 16.320 18.445 18.845 20.053 22.374 23.793 24.388 25.668 26.576 24.597 23.757 20.099 21.271 22.765 19.728 17.381 14.635 14.284 12.546 13.800 15.926 13.530 13.252 10.201 10.270 11.465 10.039  6.279  5.148  5.487  3.858  0.000  3.835  5.452  7.800 10.864 13.853 16.475 14.562 16.238 14.687 17.295 18.653 20.931 23.282 24.787 28.185 30.395 32.806 34.720
 15.345 15.907 13.661 15.419 15.494 17.756 19.850 21.344 24.753 24.778 23.830 20.952 19.996 19.048 17.351 17.150 14.228 13.170  9.788 10.652 11.405 10.469 10.042 13.670 14.708 13.550 15.700 18.425 18.531 19.065 21.742 23.419 23.494 24.408 25.638 23.457 23.024 19.509 20.559 21.457 18.163 15.423 12.331 11.251  9.018 10.022 12.367 10.384 10.725  8.252  9.690 11.665 11.477  7.832  6.939  5.473  5.428  3.835  0.000  3.855  5.599  9.221 12.456 14.444 11.897 13.258 11.736 14.235 16.075 18.367 21.119 22.840 26.332 28.771 31.142 33.046
 13.477 14.414 12.818 15.062 16.057 18.457 21.116 22.771 25.979 25.774 24.421 21.185 20.251 18.696 17.120 16.417 13.704 12.218  8.624 10.485 12.042 12.305 12.435 16.151 16.392 15.013 17.749 20.209 19.665 20.454 23.457 24.646 24.413 25.697 27.336 25.529 25.486 22.150 23.607 24.332 20.847 18.292 14.859 13.625 10.706 11.229 14.317 13.152 13.970 11.669 13.352 14.919 14.515 10.798  8.732  6.205  4.675  5.452  3.855  0.000  3.841  6.409 10.024 12.537 10.583 12.943 12.522 15.619 17.937 20.668 23.572 25.678 29.107 31.673 34.048 35.922
 10.724 10.990  9.086 11.266 12.510 15.044 17.937 19.859 22.904 22.422 20.844 17.502 16.560 14.952 13.629 13.267 11.046 10.443  7.600 10.338 10.974 11.548 11.114 14.880 14.691 12.621 15.473 17.980 16.926 17.493 20.769 21.800 21.192 22.496 24.446 22.854 23.266 20.234 22.053 22.400 18.744 16.494 12.817 11.857  8.973 10.274 13.554 12.839 13.340 11.077 13.346 14.483 14.814 11.479  8.952  5.329  5.930  7.800  5.599  3.841  0.000  3.830  6.959  9.014  6.989  9.424  9.341 12.802 15.200 18.305 21.195 23.695 26.993 29.685 32.093 33.967
  8.632  9.073  8.238 10.847 13.158 15.717 19.060 21.159 23.846 23.038 21.011 17.392 16.469 14.200 13.176 12.341 10.798 10.154  7.966 11.499 12.460 13.983 13.915 17.486 16.582 14.348 17.532 19.661 17.935 18.684 22.174 22.649 21.670 23.323 25.674 24.544 25.380 22.652 24.835 24.985 21.264 19.335 15.582 14.690 11.679 12.671 16.225 16.104 16.780 14.662 16.981 17.774 18.027 14.794 11.763  8.080  8.073 10.864  9.221  6.409  3.830  0.000  3.838  6.589  6.024  9.540 10.816 14.533 17.140 20.547 23.420 26.251 29.388 32.156 34.543 36.366
  5.759  5.698  5.983  8.951 12.039 14.785 18.318 20.798 23.093 21.766 19.263 15.510 14.327 11.502 10.693  9.661  9.135  9.278  8.584 12.367 12.779 14.876 14.828 18.013 16.429 13.952 17.261 18.958 16.588 17.436 21.028 20.965 19.652 21.613 24.273 23.659 24.924 22.620 25.222 25.171 21.482 20.119 16.458 16.104 13.537 14.999 18.420 18.520 18.821 16.674 18.989 19.204 19.696 16.884 13.584  9.975 10.652 13.853 12.456 10.024  6.959  3.838  0.000  3.844  5.579  9.093 11.075 14.827 17.173 20.842 23.442 26.576 29.445 32.219 34.607 36.390
  7.640  5.411  4.848  6.360  9.851 12.044 15.754 18.139 20.103 18.714 16.140 12.373 11.783  9.226  9.686  9.858 10.512 11.851 11.725 15.357 15.007 16.683 15.862 18.883 17.408 14.318 17.131 19.033 16.342 16.458 20.231 20.226 18.287 19.891 22.921 22.379 24.157 22.273 24.862 24.253 20.558 19.352 15.781 15.328 13.001 14.482 17.692 18.382 18.753 17.174 19.937 20.231 21.384 18.850 15.899 12.232 13.680 16.475 14.444 12.537  9.014  6.589  3.844  0.000  3.843  6.651  9.554 12.965 15.459 19.150 21.788 25.176 27.863 30.749 33.046 34.769
 10.101  8.055  5.571  6.055  8.408 10.249 13.841 15.823 18.230 17.437 15.487 11.921 11.840 10.324 10.766 11.653 11.525 12.812 11.853 15.201 14.677 15.517 14.080 17.382 16.671 13.401 15.810 18.359 16.239 15.849 19.619 20.336 18.550 19.581 22.378 21.218 22.762 20.618 22.771 22.065 18.286 16.560 12.869 11.864  9.280 10.688 13.879 14.659 15.281 14.070 17.170 18.003 19.457 16.831 14.410 10.704 12.495 14.562 11.897 10.583  6.989  6.024  5.579  3.843  0.000  3.828  6.491  9.959 12.898 16.413 19.402 22.624 25.544 28.495 30.783 32.546
 12.617  9.855  6.523  4.698  5.646  6.633 10.186 12.033 14.474 13.858 12.271  9.001  9.631  9.357 10.560 12.598 12.865 14.897 14.270 17.189 15.912 16.065 13.809 16.768 16.468 12.823 14.396 17.273 15.297 14.041 17.773 18.912 16.837 17.212 20.053 18.658 20.470 18.647 20.588 19.380 15.662 14.029 10.600  9.628  7.876  9.748 12.203 13.303 13.677 13.124 16.490 17.368 19.511 17.373 15.562 12.228 14.764 16.238 13.258 12.943  9.424  9.540  9.093  6.651  3.828  0.000  3.819  6.586  9.640 13.074 16.117 19.460 22.273 25.299 27.530 29.277
 13.872 11.494  7.708  6.132  4.756  6.077  8.701 10.615 13.663 13.315 12.313  9.618  9.770 10.305 10.739 13.030 12.632 14.701 13.909 16.153 14.401 13.735 10.910 13.739 14.080 10.500 11.499 14.795 13.525 12.008 15.492 17.252 15.677 15.687 18.007 16.087 17.466 15.369 17.037 15.957 12.192 10.312  6.805  6.191  5.448  8.485 10.221 10.585 10.267  9.726 13.080 13.998 16.498 14.726 13.548 10.790 13.888 14.687 11.736 12.522  9.341 10.816 11.075  9.554  6.491  3.819  0.000  3.831  6.587 10.014 13.090 16.205 19.234 22.215 24.552 26.405
 17.426 14.802 11.037  8.610  5.821  4.948  6.091  7.223 10.602 10.929 10.942  9.325 10.317 12.094 13.033 15.882 15.725 18.054 17.379 19.256 17.143 15.857 12.477 14.688 15.636 12.127 11.910 15.431 14.616 12.206 15.259 17.580 15.884 14.972 17.076 14.708 16.225 14.534 15.616 13.853 10.325  8.365  5.785  5.036  6.214  8.958  9.273 10.004  9.454 10.132 13.506 14.612 17.702 16.484 16.054 13.831 17.071 17.295 14.235 15.619 12.802 14.533 14.827 12.965  9.959  6.586  3.831  0.000  3.822  6.666 10.069 13.192 16.179 19.263 21.506 23.347
 18.736 16.148 12.523 10.115  6.451  5.775  4.770  6.511  9.803  9.780 10.176  9.478  9.867 12.368 13.004 16.146 16.056 18.712 18.515 19.837 17.133 15.444 11.818 13.077 14.245 10.980  9.649 13.079 12.749  9.796 12.289 15.047 13.630 12.171 13.804 11.131 12.637 11.308 12.330 10.255  6.854  5.846  4.784  6.289  8.949 12.061 11.664 11.584  9.835 10.383 13.033 13.448 16.925 16.534 16.519 14.990 18.587 18.653 16.075 17.937 15.200 17.140 17.173 15.459 12.898  9.640  6.587  3.822  0.000  3.818  6.555  9.877 12.756 15.811 18.207 20.159
 22.461 19.929 16.311 13.850 10.161  8.774  6.344  6.288  9.385 10.317 11.884 12.228 12.980 15.864 16.539 19.720 19.523 22.092 21.767 22.745 19.957 17.758 13.974 14.660 16.469 13.693 11.530 14.845 15.221 11.999 13.580 16.815 15.679 13.466 14.384 11.171 12.296 11.381 11.281  8.521  6.092  5.155  6.386  7.599 10.985 13.598 12.121 11.970 10.009 11.530 13.778 14.418 18.153 18.243 18.918 17.862 21.401 20.931 18.367 20.668 18.305 20.547 20.842 19.150 16.413 13.074 10.014  6.666  3.818  0.000  3.820  6.662  9.692 12.834 15.172 17.182
 24.309 21.809 18.433 16.030 12.234 11.094  7.984  8.263 10.310 10.760 12.525 13.614 13.916 17.101 17.603 20.863 20.826 23.599 23.707 24.303 21.148 18.819 15.161 14.881 16.676 14.378 11.423 14.104 14.917 11.478 12.018 15.471 14.677 11.896 12.025  8.607  9.661  9.722  9.298  5.820  4.953  6.296  8.824 10.949 14.475 17.266 15.703 15.162 12.663 13.820 15.271 15.172 18.974 19.766 20.645 20.057 23.742 23.282 21.119 23.572 21.195 23.420 23.442 21.788 19.402 16.117 13.090 10.069  6.555  3.820  0.000  3.822  6.313  9.458 12.025 14.205
 27.398 25.137 21.752 19.585 15.801 14.788 11.698 11.427 13.219 14.088 16.138 17.381 17.573 20.678 20.879 23.956 23.593 26.133 26.074 26.245 23.087 20.325 16.743 15.972 18.310 16.633 13.321 15.746 17.293 14.139 13.890 17.564 17.373 14.491 13.719 10.099  9.988 10.184  8.362  4.923  6.217  7.498 10.932 12.952 16.703 19.275 17.180 16.225 13.489 14.946 15.731 15.675 19.436 20.715 22.199 22.141 25.717 24.787 22.840 25.678 23.695 26.251 26.576 25.176 22.624 19.460 16.205 13.192  9.877  6.662  3.822  0.000  3.831  6.708  9.424 11.805
 29.929 27.540 24.327 21.993 18.225 17.010 13.588 13.209 14.134 14.836 17.110 18.961 19.186 22.519 22.892 26.085 26.034 28.774 29.029 29.141 25.815 23.162 19.727 18.541 20.618 19.112 15.603 17.427 18.952 15.696 14.806 18.275 18.089 14.810 13.578 10.403 10.501 11.861 10.057  6.687  9.027 11.010 14.350 16.458 20.152 22.704 20.586 19.796 17.112 18.488 19.079 18.681 22.355 23.906 25.345 25.352 28.993 28.185 26.332 29.107 26.993 29.388 29.445 27.863 25.544 22.273 19.234 16.179 12.756  9.692  6.313  3.831  0.000  3.833  6.452  8.933
 32.439 30.173 27.065 24.860 21.128 20.054 16.639 16.274 16.958 17.566 19.827 21.801 21.849 25.138 25.345 28.428 28.315 30.997 31.341 31.181 27.794 25.035 21.790 20.188 22.329 21.248 17.594 18.976 20.823 17.802 16.345 19.701 19.894 16.624 14.812 11.974 11.485 13.213 10.996  8.408 11.429 13.597 17.080 19.302 23.025 25.577 23.365 22.365 19.552 20.820 20.966 20.335 23.839 25.751 27.403 27.723 31.326 30.395 28.771 31.673 29.685 32.156 32.219 30.749 28.495 25.299 22.215 19.263 15.811 12.834  9.458  6.708  3.833  0.000  3.846  6.786
 34.898 32.570 29.474 27.167 23.472 22.186 18.710 18.031 18.353 19.129 21.597 23.803 24.054 27.412 27.767 30.887 30.854 33.546 33.878 33.729 30.376 27.618 24.402 22.817 24.954 23.892 20.292 21.596 23.383 20.360 18.872 22.068 22.171 18.824 17.045 14.524 14.158 15.960 13.704 11.367 14.237 16.185 19.594 21.594 25.263 27.632 25.274 24.416 21.776 23.221 23.364 22.848 26.282 28.209 29.926 30.242 33.802 32.806 31.142 34.048 32.093 34.543 34.607 33.046 30.783 27.530 24.552 21.506 18.207 15.172 12.025  9.424  6.452  3.846  0.000  3.811
