  0.000  3.832  6.636 10.226 13.159 16.555 19.598 22.702 24.910 22.839 19.877 16.248 13.914 10.428  8.316  5.516  5.448  5.815  7.613 10.763 10.686 13.725 14.570 16.837 14.152 12.452 16.076 16.561 13.805 15.707 18.842 17.850 16.996 19.821 22.233 22.401 23.582 21.645 24.866 25.141 21.723 21.376 18.127 18.860 17.143 19.403 22.459 21.932 21.437 18.661 20.142 19.250 19.378 17.285 13.668 10.980 11.969 15.568 15.290 13.430 10.673  8.613  5.750  7.641 10.070 12.558 13.835 17.381 18.719 22.459 24.314 27.438 30.145 32.428 35.086 37.220
  3.832  0.000  3.829  6.811 10.081 13.233 16.379 19.515 21.461 19.298 16.255 12.584 10.489  6.963  5.853  4.759  6.370  8.448 10.026 13.203 12.284 14.623 14.491 16.759 14.320 11.757 14.936 15.795 12.670 13.751 17.203 16.378 14.819 17.313 20.132 20.289 21.966 20.364 23.559 23.302 19.836 19.577 16.378 17.079 15.579 17.940 20.825 20.738 20.273 17.958 19.937 19.225 20.089 18.158 14.905 11.886 13.706 16.914 15.845 14.354 10.925  9.039  5.673  5.396  8.007  9.778 11.451 14.752 16.126 19.909 21.813 25.171 27.782 30.261 32.894 35.030
  6.636  3.829  0.000  3.819  6.694  9.986 13.155 16.129 18.399 16.579 13.957 10.288  8.560  6.043  5.332  6.250  6.880  9.323 10.029 13.031 11.606 13.013 12.018 14.568 12.822  9.634 12.468 14.123 11.389 11.698 15.406 15.404 13.768 15.613 18.379 17.927 19.551 17.754 20.672 20.193 16.586 16.022 12.728 13.320 12.000 14.602 17.256 17.195 16.688 14.640 16.951 16.585 17.958 16.043 13.260 10.095 12.635 15.238 13.578 12.751  9.021  8.234  6.016  4.934  5.584  6.489  7.670 10.993 12.494 16.287 18.426 21.757 24.539 27.140 29.786 31.967
 10.226  6.811  3.819  0.000  3.819  6.464  9.836 12.786 14.764 12.924 10.363  6.650  5.818  4.690  6.180  8.759 10.064 12.919 13.556 16.341 14.488 15.186 13.319 15.622 14.366 10.693 12.523 14.574 11.840 10.917 14.734 15.110 12.782 13.864 16.982 16.382 18.529 17.180 19.876 18.725 15.177 14.690 11.672 12.155 11.336 13.917 16.120 16.619 16.157 14.863 17.598 17.483 19.540 17.911 15.703 12.653 15.546 17.618 15.380 15.020 11.226 10.835  8.945  6.373  6.052  4.660  6.138  8.606 10.127 13.852 16.070 19.632 22.278 25.102 27.688 29.856
 13.159 10.081  6.694  3.819  0.000  3.824  6.506  9.638 12.077 10.411  8.514  5.583  5.062  6.326  7.513 10.758 11.567 14.589 15.062 17.233 14.817 14.594 11.951 13.862 13.304  9.463 10.203 12.771 10.663  8.725 12.419 13.624 11.410 11.614 14.465 13.293 15.432 14.170 16.585 15.126 11.615 11.254  8.661  9.681 10.005 13.051 14.442 14.759 13.779 12.888 15.616 15.519 18.158 17.034 15.561 13.059 16.458 17.827 15.441 16.004 12.463 13.141 12.033  9.860  8.394  5.597  4.740  5.788  6.447 10.148 12.272 15.844 18.509 21.374 23.978 26.186
 16.555 13.233  9.986  6.464  3.824  0.000  3.829  6.384  8.480  7.268  6.227  4.322  6.319  8.763 10.903 14.313 15.359 18.340 18.598 20.823 18.457 17.895 14.879 16.662 16.595 12.802 12.758 15.513 13.688 10.993 14.284 15.826 13.208 12.425 15.371 13.938 16.442 15.642 17.485 15.275 12.072 11.519  9.543  9.871 10.558 13.010 13.801 14.885 14.277 14.390 17.444 17.815 20.814 19.760 18.696 16.189 19.499 20.516 17.702 18.395 14.988 15.682 14.760 12.025 10.215  6.578  6.056  4.917  5.774  8.743 11.153 14.826 17.330 20.481 22.929 25.078
 19.598 16.379 13.155  9.836  6.506  3.829  0.000  3.836  6.143  4.982  5.534  6.042  7.788 11.130 13.019 16.648 17.617 20.752 21.144 22.899 20.135 19.041 15.693 16.769 17.152 13.632 12.479 15.181 13.952 10.556 13.100 15.187 12.714 10.885 13.392 11.577 14.230 14.007 15.406 12.653 10.027 10.101  9.440 10.437 12.299 14.861 14.724 15.582 14.406 14.972 17.683 17.880 21.267 20.823 20.329 18.371 21.917 22.523 19.820 21.080 17.896 19.033 18.270 15.723 13.834 10.182  8.707  6.135  4.714  6.287  7.975 11.689 13.863 17.066 19.452 21.603
 22.702 19.515 16.129 12.786  9.638  6.384  3.836  0.000  3.861  5.442  7.883  9.054 11.452 14.675 16.641 20.181 20.919 23.822 23.785 25.529 22.936 21.485 17.912 19.108 20.048 16.638 15.235 18.224 17.427 13.973 16.179 18.611 16.294 14.063 16.154 13.896 16.218 15.974 16.554 13.409 11.236 10.606 10.490 10.564 12.620 14.476 13.581 14.974 14.238 15.735 18.636 19.436 22.974 22.478 22.407 20.492 23.889 24.048 21.032 22.502 19.622 20.997 20.684 18.083 15.720 11.928 10.400  6.947  6.109  5.759  7.921 11.049 13.201 16.613 18.760 20.808
 24.910 21.461 18.399 14.764 12.077  8.480  6.143  3.861  0.000  3.839  7.330  9.661 12.649 16.048 18.583 22.243 23.485 26.589 26.810 28.741 26.118 24.902 21.416 22.471 23.138 19.686 18.272 20.910 19.805 16.232 18.233 20.310 17.579 15.095 17.393 15.653 18.424 18.799 19.400 16.012 14.339 14.177 14.230 14.262 16.025 17.536 16.699 18.465 17.947 19.503 22.398 23.083 26.628 26.159 25.925 23.851 27.214 27.585 24.518 25.727 22.687 23.659 22.976 19.980 18.029 14.250 13.478 10.360  9.707  9.187 10.436 13.291 14.634 17.950 19.784 21.619
 22.839 19.298 16.579 12.924 10.411  7.268  4.982  5.442  3.839  0.000  3.808  6.937  9.655 13.242 15.937 19.679 21.333 24.700 25.422 27.366 24.571 23.724 20.483 21.299 21.412 17.960 16.683 18.843 17.304 13.779 15.807 17.394 14.361 12.029 14.750 13.673 16.912 17.620 18.873 15.697 13.906 14.481 14.305 15.057 16.722 18.783 18.509 19.891 18.987 19.848 22.548 22.663 26.092 25.741 25.138 23.043 26.522 27.322 24.537 25.530 22.201 22.857 21.644 18.584 17.229 13.600 13.085 10.621  9.546  9.978 10.670 14.003 15.166 18.291 20.286 22.183
 19.877 16.255 13.957 10.363  8.514  6.227  5.534  7.883  7.330  3.808  0.000  3.830  6.406  9.877 12.869 16.572 18.640 22.140 23.235 25.350 22.603 22.286 19.420 20.316 19.787 16.268 15.576 17.347 15.168 12.025 14.465 15.357 11.961 10.420 13.772 13.408 16.857 17.463 19.420 16.712 14.506 15.305 14.481 15.515 16.694 19.039 19.462 20.640 19.681 19.868 22.511 22.267 25.414 24.913 23.806 21.525 24.945 26.230 23.670 24.266 20.700 20.908 19.197 16.075 15.365 12.097 12.162 10.736  9.986 11.617 12.408 16.043 17.381 20.339 22.505 24.457
 16.248 12.584 10.288  6.650  5.583  4.322  6.042  9.054  9.661  6.937  3.830  0.000  3.830  6.654  9.833 13.397 15.451 18.829 19.850 22.231 19.759 19.823 17.244 18.632 17.781 14.088 14.241 16.133 13.555 11.024 14.197 14.811 11.513 11.080 14.627 14.254 17.372 17.275 19.613 17.416 14.567 14.901 13.188 14.017 14.512 16.932 18.016 19.090 18.348 18.061 20.833 20.635 23.459 22.553 21.038 18.457 21.708 23.292 20.789 21.022 17.346 17.273 15.417 12.292 11.797  8.833  9.480  9.173  9.351 12.066 13.570 17.348 19.260 22.233 24.596 26.649
 13.914 10.489  8.560  5.818  5.062  6.319  7.788 11.452 12.649  9.655  6.406  3.830  0.000  3.845  6.498 10.209 12.432 16.044 17.588 19.697 16.994 17.347 15.166 16.204 14.805 11.318 11.772 13.076 10.111  8.090 11.404 11.496  8.308  8.854 12.420 12.542 15.504 15.348 18.224 16.610 13.739 14.606 12.843 14.457 15.043 17.990 19.297 19.690 18.440 17.420 19.699 18.881 21.442 20.773 19.034 16.738 20.083 21.921 19.943 20.197 16.508 16.446 14.311 11.779 11.815  9.569  9.752 10.277  9.837 12.914 13.920 17.615 19.508 22.160 24.648 26.740
 10.428  6.963  6.043  4.690  6.326  8.763 11.130 14.675 16.048 13.242  9.877  6.654  3.845  0.000  3.821  7.008  9.761 13.284 15.133 17.560 15.264 16.417 14.968 16.356 14.301 11.020 12.637 13.543 10.085  9.489 12.957 12.296  9.550 11.355 14.734 15.176 17.734 17.134 20.314 19.252 16.152 16.736 14.373 15.770 15.587 18.434 20.386 20.629 19.604 18.020 20.193 19.255 21.241 20.195 17.841 15.283 18.247 20.640 18.984 18.632 14.890 14.170 11.481  9.228 10.302  9.299 10.286 12.061 12.347 15.820 17.106 20.720 22.816 25.364 27.906 30.000
  8.316  5.853  5.332  6.180  7.513 10.903 13.019 16.641 18.583 15.937 12.869  9.833  6.498  3.821  0.000  3.813  6.260  9.977 12.240 14.271 11.813 13.283 12.427 13.637 11.094  8.250 10.576 11.006  7.493  8.251 11.591 10.709  9.040 11.613 14.340 14.771 16.664 15.616 19.045 18.688 15.584 16.268 13.846 15.684 15.529 18.683 20.725 20.307 18.922 16.694 18.314 16.917 18.468 17.559 15.020 12.867 15.822 18.336 17.282 17.054 13.566 13.149 10.678  9.699 10.746 10.506 10.722 13.000 12.996 16.524 17.619 20.946 23.171 25.435 28.059 30.180
  5.516  4.759  6.250  8.759 10.758 14.313 16.648 20.181 22.243 19.679 16.572 13.397 10.209  7.008  3.813  0.000  3.829  7.160 10.112 12.156 10.284 12.744 12.987 14.283 11.181  9.286 12.395 12.255  8.970 10.983 13.885 12.511 11.645 14.719 17.053 17.662 19.080 17.716 21.235 21.411 18.323 18.844 16.213 17.907 17.274 20.261 22.674 21.985 20.708 18.001 19.243 17.654 18.437 17.304 14.237 12.214 14.515 17.527 17.119 16.389 13.242 12.345  9.672  9.890 11.659 12.571 13.040 15.875 16.165 19.741 20.898 24.047 26.359 28.454 31.092 33.193
  5.448  6.370  6.880 10.064 11.567 15.359 17.617 20.919 23.485 21.333 18.640 15.451 12.432  9.761  6.260  3.829  0.000  3.824  6.715  8.395  6.572  9.353 10.258 11.839  8.836  7.576 11.252 11.347  8.991 11.484 14.210 13.458 13.431 16.272 18.049 18.088 18.788 16.750 20.082 20.774 17.623 17.770 15.019 16.687 15.947 18.963 21.384 20.184 18.811 15.696 16.525 14.899 15.173 13.877 10.652  8.991 11.181 14.133 14.228 13.718 11.071 10.860  9.206 10.595 11.579 12.880 12.668 15.739 16.093 19.577 20.868 23.686 26.262 28.225 30.903 33.034
  5.815  8.448  9.323 12.919 14.589 18.340 20.752 23.822 26.589 24.700 22.140 18.829 16.044 13.284  9.977  7.160  3.824  0.000  3.878  5.452  5.388  8.987 11.014 12.883 10.165  9.868 13.666 13.781 12.122 14.834 17.322 16.694 17.063 19.887 21.402 21.239 21.482 19.036 22.129 23.220 20.070 19.809 16.909 18.198 16.998 19.654 22.306 20.830 19.704 16.309 16.764 15.310 14.673 12.928  9.289  7.984  8.940 12.246 13.151 12.212 10.444 10.185  9.314 11.895 12.828 14.885 14.707 18.048 18.740 22.152 23.642 26.225 28.979 30.847 33.512 35.634
  7.613 10.026 10.029 13.556 15.062 18.598 21.144 23.785 26.810 25.422 23.235 19.850 17.588 15.133 12.240 10.112  6.715  3.878  0.000  3.840  5.538  8.336 10.329 12.996 11.275 10.837 14.527 15.445 14.337 16.553 19.210 19.243 19.549 21.934 23.410 22.663 22.655 19.750 22.396 23.512 20.204 19.245 16.093 16.752 15.080 17.321 20.102 18.496 17.784 14.402 14.959 14.238 13.294 10.742  6.923  5.210  5.171  8.710  9.788  8.633  7.630  8.016  8.634 11.781 11.891 14.291 13.939 17.404 18.577 21.874 23.787 26.184 29.234 31.203 33.855 36.001
 10.763 13.203 13.031 16.341 17.233 20.823 22.899 25.529 28.741 27.366 25.350 22.231 19.697 17.560 14.271 12.156  8.395  5.452  3.840  0.000  3.837  6.519  9.654 11.600 10.058 10.923 14.293 14.754 14.470 17.082 19.114 19.261 20.290 22.664 23.542 22.722 22.104 19.016 21.506 23.203 20.254 19.511 16.839 17.949 16.823 19.250 21.601 19.410 18.191 14.509 14.064 12.782 11.009  8.996  5.524  6.228  5.992  8.404 10.656 10.504 10.372 11.549 12.417 15.411 15.234 17.203 16.174 19.269 19.890 22.852 24.372 26.357 29.306 30.921 33.526 35.620
 10.686 12.284 11.606 14.488 14.817 18.457 20.135 22.936 26.118 24.571 22.603 19.759 16.994 15.264 11.813 10.284  6.572  5.388  5.538  3.837  0.000  3.840  6.835  8.273  6.284  7.343 10.645 10.935 10.812 13.476 15.331 15.599 16.808 19.084 19.785 18.994 18.373 15.414 18.130 19.813 16.978 16.706 14.349 16.128 15.707 18.691 20.664 18.433 16.633 12.931 12.422 10.458  9.463  8.361  5.389  6.260  8.091  9.938 11.394 12.042 10.987 12.493 12.813 15.051 14.698 15.909 14.414 17.144 17.177 20.051 21.209 23.204 25.986 27.529 30.158 32.262
 13.725 14.623 13.013 15.186 14.594 17.895 19.041 21.485 24.902 23.724 22.286 19.823 17.347 16.417 13.283 12.744  9.353  8.987  8.336  6.519  3.840  0.000  3.833  5.224  5.107  6.519  8.824  9.812 10.828 12.825 14.339 15.500 16.940 18.556 18.813 17.387 16.243 12.869 15.096 17.023 14.367 13.901 11.983 13.988 14.196 17.314 18.693 16.037 13.779 10.030  8.891  6.663  5.880  5.421  4.111  6.348  8.848  9.203 10.425 12.270 11.526 13.981 14.878 16.695 15.504 16.034 13.717 15.830 15.470 17.849 18.874 20.438 23.295 24.707 27.304 29.411
 14.570 14.491 12.018 13.319 11.951 14.879 15.693 17.912 21.416 20.483 19.420 17.244 15.166 14.968 12.427 12.987 10.258 11.014 10.329  9.654  6.835  3.833  0.000  3.844  5.369  4.937  6.310  8.660  9.820 10.695 12.474 14.381 15.386 16.345 16.707 14.755 13.802 10.293 12.330 13.775 10.842 10.122  8.218 10.528 11.364 14.776 15.728 13.170 10.581  7.057  6.616  4.775  6.354  6.083  5.949  6.870 10.283 10.158 10.031 12.434 11.126 13.947 14.860 15.901 14.098 13.805 10.914 12.463 11.848 14.068 15.210 16.837 19.848 21.499 24.146 26.328
 16.837 16.759 14.568 15.622 13.862 16.662 16.769 19.108 22.471 21.299 20.316 18.632 16.204 16.356 13.637 14.283 11.839 12.883 12.996 11.600  8.273  5.224  3.844  0.000  3.848  5.429  5.092  6.300  8.802  9.941 10.530 12.592 14.428 15.279 14.817 12.975 11.301  7.805 10.034 12.230 10.118 10.566  9.953 13.012 14.585 18.099 18.581 15.889 12.747  9.623  8.111  4.689  6.372  8.108  8.699 10.389 13.545 13.321 13.663 16.143 14.882 17.502 18.026 18.911 17.398 16.770 13.764 14.702 13.137 14.788 14.966 16.138 18.692 19.833 22.433 24.549
 14.152 14.320 12.822 14.366 13.304 16.595 17.152 20.048 23.138 21.412 19.787 17.781 14.805 14.301 11.094 11.181  8.836 10.165 11.275 10.058  6.284  5.107  5.369  3.848  0.000  3.862  5.384  4.915  6.316  8.777  9.657 10.581 12.499 14.243 14.179 13.277 12.293  9.564 12.636 14.487 12.215 13.100 11.926 14.929 15.971 19.557 20.614 18.305 15.527 12.252 11.370  8.244  8.988  9.973  9.072 10.190 13.264 14.090 14.658 16.337 14.638 16.544 16.387 17.382 16.628 16.407 14.053 15.602 14.264 16.546 16.736 18.467 20.814 22.049 24.676 26.767
 12.452 11.757  9.634 10.693  9.463 12.802 13.632 16.638 19.686 17.960 16.268 14.088 11.318 11.020  8.250  9.286  7.576  9.868 10.837 10.923  7.343  6.519  4.937  5.429  3.862  0.000  3.849  5.398  5.106  6.465  8.754  9.971 10.717 12.232 13.045 11.937 11.922  9.375 12.560 13.429 10.460 11.046  9.255 12.151 13.103 16.789 17.979 16.187 13.705 10.786 11.140  8.966 10.709 10.763  9.479  9.190 12.800 13.896 13.486 14.957 12.571 14.330 13.943 14.320 13.371 12.762 10.462 12.069 10.970 13.723 14.402 16.728 19.305 21.069 23.785 25.975
 16.076 14.936 12.468 12.523 10.203 12.758 12.479 15.235 18.272 16.683 15.576 14.241 11.772 12.637 10.576 12.395 11.252 13.666 14.527 14.293 10.645  8.824  6.310  5.092  5.384  3.849  0.000  3.839  5.407  5.067  6.284  8.812  9.907 10.376 10.421  8.649  8.220  5.615  8.928  9.768  7.199  8.736  8.273 11.865 13.868 17.639 18.050 16.176 13.138 10.845 10.892  8.503 11.177 12.180 12.005 12.199 15.900 16.324 15.678 17.730 15.462 17.545 17.275 17.160 15.820 14.381 11.511 11.898  9.675 11.590 11.468 13.452 15.803 17.384 20.117 22.329
 16.561 15.795 14.123 14.574 12.771 15.513 15.181 18.224 20.910 18.843 17.347 16.133 13.076 13.543 11.006 12.255 11.347 13.781 15.445 14.754 10.935  9.812  8.660  6.300  4.915  5.398  3.839  0.000  3.845  5.410  4.907  6.359  8.755 10.015  9.390  8.832  8.140  6.590 10.286 11.675 10.051 12.264 12.095 15.674 17.505 21.274 21.842 19.905 16.824 14.307 13.781 10.703 12.574 14.081 13.623 14.227 17.655 18.439 18.389 20.168 17.937 19.634 18.924 19.012 18.325 17.215 14.779 15.400 13.088 14.893 14.149 15.916 17.657 18.738 21.345 23.409
 13.805 12.670 11.389 11.840 10.663 13.688 13.952 17.427 19.805 17.304 15.168 13.555 10.111 10.085  7.493  8.970  8.991 12.122 14.337 14.470 10.812 10.828  9.820  8.802  6.316  5.106  5.407  3.845  0.000  3.854  5.327  5.078  6.267  8.608  9.370  9.684 10.443  9.511 13.276 13.836 11.644 13.590 12.639 15.869 17.169 20.885 21.934 20.514 17.906 15.426 15.696 13.099 14.878 15.552 14.215 13.893 17.315 18.803 18.457 19.584 16.843 17.871 16.521 16.289 16.169 15.200 13.475 14.554 12.733 15.229 14.948 17.434 19.230 20.737 23.363 25.442
 15.707 13.751 11.698 10.917  8.725 10.993 10.556 13.973 16.232 13.779 12.025 11.024  8.090  9.489  8.251 10.983 11.484 14.834 16.553 17.082 13.476 12.825 10.695  9.941  8.777  6.465  5.067  5.410  3.854  0.000  3.847  5.442  5.074  5.790  7.099  6.744  8.490  8.131 11.633 11.231  8.980 11.245 10.748 14.053 15.870 19.566 20.180 19.126 16.515 14.757 15.564 13.509 16.102 16.748 15.865 15.185 18.894 20.031 19.013 20.397 17.436 18.649 17.400 16.434 15.808 13.970 11.981 12.158  9.779 11.990 11.505 14.269 15.998 17.814 20.475 22.627
 18.842 17.203 15.406 14.734 12.419 14.284 13.100 16.179 18.233 15.807 14.465 14.197 11.404 12.957 11.591 13.885 14.210 17.322 19.210 19.114 15.331 14.339 12.474 10.530  9.657  8.754  6.284  4.907  5.327  3.847  0.000  3.844  5.559  5.555  4.548  4.787  5.879  6.755 10.256 10.329  9.363 12.496 13.016 16.638 18.908 22.636 22.858 21.500 18.480 16.778 16.880 14.307 16.837 18.266 17.871 17.878 21.528 22.382 21.722 23.424 20.731 22.147 20.987 20.201 19.586 17.717 15.488 15.242 12.301 13.609 12.073 14.090 15.130 16.285 18.824 20.861
 17.850 16.378 15.404 15.110 13.624 15.826 15.187 18.611 20.310 17.394 15.357 14.811 11.496 12.296 10.709 12.511 13.458 16.694 19.243 19.261 15.599 15.500 14.381 12.592 10.581  9.971  8.812  6.359  5.078  5.442  3.844  0.000  3.845  6.021  5.828  7.976  9.367 10.353 13.933 14.135 13.061 15.973 15.954 19.394 21.185 24.896 25.560 24.335 21.524 19.504 19.639 16.873 18.881 20.107 19.107 18.936 22.366 23.774 23.368 24.577 21.722 22.576 20.875 20.146 20.255 18.808 17.214 17.532 15.037 16.819 15.515 17.757 18.620 19.696 22.095 23.985
 16.996 14.819 13.768 12.782 11.410 13.208 12.714 16.294 17.579 14.361 11.961 11.513  8.308  9.550  9.040 11.645 13.431 17.063 19.549 20.290 16.808 16.940 15.386 14.428 12.499 10.717  9.907  8.755  6.267  5.074  5.559  3.845  0.000  3.828  6.107  8.281 10.944 12.026 15.452 14.764 13.236 15.861 15.493 18.561 20.149 23.698 24.484 23.808 21.387 19.732 20.585 18.365 20.689 21.369 20.085 19.194 22.701 24.333 23.405 24.309 21.081 21.572 19.545 18.185 18.440 16.698 15.603 15.797 13.576 15.621 14.683 17.505 18.445 20.037 22.441 24.379
 19.821 17.313 15.613 13.864 11.614 12.425 10.885 14.063 15.095 12.029 10.420 11.080  8.854 11.355 11.613 14.719 16.272 19.887 21.934 22.664 19.084 18.556 16.345 15.279 14.243 12.232 10.376 10.015  8.608  5.790  5.555  6.021  3.828  0.000  3.853  5.681  9.174 11.020 13.868 12.448 11.440 14.389 14.743 17.826 19.952 23.416 23.659 23.154 20.644 19.599 20.590 18.670 21.506 22.382 21.620 20.773 24.479 25.672 24.385 25.663 22.461 23.302 21.584 19.871 19.556 17.162 15.691 14.958 12.169 13.437 11.925 14.637 15.195 16.852 19.189 21.139
 22.233 20.132 18.379 16.982 14.465 15.371 13.392 16.154 17.393 14.750 13.772 14.627 12.420 14.734 14.340 17.053 18.049 21.402 23.410 23.542 19.785 18.813 16.707 14.817 14.179 13.045 10.421  9.390  9.370  7.099  4.548  5.828  6.107  3.853  0.000  3.824  6.565  9.345 11.927 11.004 11.059 14.577 15.698 19.147 21.693 25.267 25.158 24.209 21.270 20.176 20.525 18.223 21.017 22.521 22.247 22.041 25.758 26.597 25.636 27.320 24.426 25.663 24.246 22.907 22.368 20.025 18.035 17.095 13.839 14.414 12.099 13.943 13.979 14.929 17.180 19.044
 22.401 20.289 17.927 16.382 13.293 13.938 11.577 13.896 15.653 13.673 13.408 14.254 12.542 15.176 14.771 17.662 18.088 21.239 22.663 22.722 18.994 17.387 14.755 12.975 13.277 11.937  8.649  8.832  9.684  6.744  4.787  7.976  8.281  5.681  3.824  0.000  3.895  6.501  8.607  7.256  7.454 11.103 12.745 16.231 19.140 22.659 22.171 21.093 18.031 17.271 17.635 15.670 18.828 20.375 20.584 20.499 24.293 24.660 23.496 25.556 22.878 24.578 23.678 22.406 21.247 18.666 16.142 14.747 11.181 11.217  8.679 10.317 10.759 11.990 14.544 16.674
 23.582 21.966 19.551 18.529 15.432 16.442 14.230 16.218 18.424 16.912 16.857 17.372 15.504 17.734 16.664 19.080 18.788 21.482 22.655 22.104 18.373 16.243 13.802 11.301 12.293 11.922  8.220  8.140 10.443  8.490  5.879  9.367 10.944  9.174  6.565  3.895  0.000  3.893  5.596  5.813  7.032 10.729 12.888 16.572 19.672 23.223 22.516 20.853 17.416 16.452 16.020 13.707 16.714 18.846 19.613 20.224 23.894 23.828 23.065 25.517 23.292 25.416 24.944 24.182 22.784 20.468 17.504 16.241 12.665 12.343  9.696 10.200 10.715 11.189 13.761 15.866
 21.645 20.364 17.754 17.180 14.170 15.642 14.007 15.974 18.799 17.620 17.463 17.275 15.348 17.134 15.616 17.716 16.750 19.036 19.750 19.016 15.414 12.869 10.293  7.805  9.564  9.375  5.615  6.590  9.511  8.131  6.755 10.353 12.026 11.020  9.345  6.501  3.893  0.000  3.843  5.533  5.336  8.345 10.205 13.948 16.930 20.506 19.913 17.854 14.296 12.959 12.246  9.860 12.951 15.067 16.074 16.935 20.522 20.194 19.559 22.202 20.285 22.722 22.685 22.333 20.656 18.647 15.391 14.508 11.289 11.375  9.667 10.258 11.898 12.731 15.412 17.605
 24.866 23.559 20.672 19.876 16.585 17.485 15.406 16.554 19.400 18.873 19.420 19.613 18.224 20.314 19.045 21.235 20.082 22.129 22.396 21.506 18.130 15.096 12.330 10.034 12.636 12.560  8.928 10.286 13.276 11.633 10.256 13.933 15.452 13.868 11.927  8.607  5.596  3.843  0.000  3.842  5.590  8.070 10.999 14.369 17.750 21.018 19.770 17.560 13.876 13.283 12.262 10.505 13.745 16.125 17.874 18.992 22.440 21.506 20.751 23.793 22.228 25.014 25.381 25.005 22.907 20.683 17.155 15.681 12.386 11.348  9.258  8.424  9.919 10.279 12.868 15.092
 25.141 23.302 20.193 18.725 15.126 15.275 12.653 13.409 16.012 15.697 16.712 17.416 16.610 19.252 18.688 21.411 20.774 23.220 23.512 23.203 19.813 17.023 13.775 12.230 14.487 13.429  9.768 11.675 13.836 11.231 10.329 14.135 14.764 12.448 11.004  7.256  5.813  5.533  3.842  0.000  3.835  6.786 10.140 13.278 16.888 20.025 18.542 16.965 13.587 13.753 13.734 12.692 16.294 18.085 19.527 19.972 23.600 22.839 21.484 24.357 22.426 25.028 25.213 24.290 22.081 19.365 15.961 13.809 10.217  8.476  5.726  4.956  6.641  7.968 10.871 13.347
 21.723 19.836 16.586 15.177 11.615 12.072 10.027 11.236 14.339 13.906 14.506 14.567 13.739 16.152 15.584 18.323 17.623 20.070 20.204 20.254 16.978 14.367 10.842 10.118 12.215 10.460  7.199 10.051 11.644  8.980  9.363 13.061 13.236 11.440 11.059  7.454  7.032  5.336  5.590  3.835  0.000  3.820  6.536  9.921 13.367 16.689 15.634 14.147 10.894 10.762 11.417 10.652 14.397 15.549 16.585 16.592 20.287 19.751 18.158 20.840 18.742 21.279 21.493 20.578 18.297 15.657 12.204 10.317  6.860  6.155  4.999  6.348  9.181 11.279 14.115 16.531
 21.376 19.577 16.022 14.690 11.254 11.519 10.101 10.606 14.177 14.481 15.305 14.901 14.606 16.736 16.268 18.844 17.770 19.809 19.245 19.511 16.706 13.901 10.122 10.566 13.100 11.046  8.736 12.264 13.590 11.245 12.496 15.973 15.861 14.389 14.577 11.103 10.729  8.345  8.070  6.786  3.820  0.000  3.828  6.575 10.234 13.318 12.005 10.408  7.226  7.784  9.179  9.685 13.468 13.953 15.219 14.991 18.484 17.547 15.541 18.404 16.608 19.457 20.234 19.445 16.635 14.065 10.359  8.332  5.813  5.127  6.218  7.420 10.980 13.368 16.018 18.362
 18.127 16.378 12.728 11.672  8.661  9.543  9.440 10.490 14.230 14.305 14.481 13.188 12.843 14.373 13.846 16.213 15.019 16.909 16.093 16.839 14.349 11.983  8.218  9.953 11.926  9.255  8.273 12.095 12.639 10.748 13.016 15.954 15.493 14.743 15.698 12.745 12.888 10.205 10.999 10.140  6.536  3.828  0.000  3.820  6.915 10.411 10.034  8.590  6.015  5.735  8.315  9.223 12.632 12.151 12.719 11.806 15.302 14.723 12.395 14.930 12.904 15.686 16.559 15.880 12.956 10.663  6.869  5.785  4.786  6.423  8.812 10.895 14.410 16.967 19.603 21.897
 18.860 17.079 13.320 12.155  9.681  9.871 10.437 10.564 14.262 15.057 15.515 14.017 14.457 15.770 15.684 17.907 16.687 18.198 16.752 17.949 16.128 13.988 10.528 13.012 14.929 12.151 11.865 15.674 15.869 14.053 16.638 19.394 18.561 17.826 19.147 16.231 16.572 13.948 14.369 13.278  9.921  6.575  3.820  0.000  3.823  6.824  6.295  5.487  4.538  5.767  9.349 11.452 14.424 13.125 13.630 12.152 15.133 14.295 11.247 13.625 11.873 14.722 16.136 15.366 11.897  9.665  6.206  5.047  6.315  7.696 11.001 12.943 16.565 19.335 21.791 23.995
 17.143 15.579 12.000 11.336 10.005 10.558 12.299 12.620 16.025 16.722 16.694 14.512 15.043 15.587 15.529 17.274 15.947 16.998 15.080 16.823 15.707 14.196 11.364 14.585 15.971 13.103 13.868 17.505 17.169 15.870 18.908 21.185 20.149 19.952 21.693 19.140 19.672 16.930 17.750 16.888 13.367 10.234  6.915  3.823  0.000  3.848  5.508  5.504  6.558  6.939 10.726 13.064 15.315 13.112 12.916 10.670 13.083 12.551  9.014 10.704  8.980 11.696 13.549 13.012  9.290  7.890  5.416  6.194  8.951 11.051 14.514 16.688 20.267 23.081 25.517 27.682
 19.403 17.940 14.602 13.917 13.051 13.010 14.861 14.476 17.536 18.783 19.039 16.932 17.990 18.434 18.683 20.261 18.963 19.654 17.321 19.250 18.691 17.314 14.776 18.099 19.557 16.789 17.639 21.274 20.885 19.566 22.636 24.896 23.698 23.416 25.267 22.659 23.223 20.506 21.018 20.025 16.689 13.318 10.411  6.824  3.848  0.000  3.849  5.572  8.433  9.636 13.255 16.106 18.035 15.504 15.401 13.064 14.655 13.833 10.053 11.251 10.291 12.682 14.998 14.462 10.668  9.732  8.425  8.909 12.034 13.634 17.285 19.225 22.782 25.664 27.933 30.005
 22.459 20.825 17.256 16.120 14.442 13.801 14.724 13.581 16.699 18.509 19.462 18.016 19.297 20.386 20.725 22.674 21.384 22.306 20.102 21.601 20.664 18.693 15.728 18.581 20.614 17.979 18.050 21.842 21.934 20.180 22.858 25.560 24.484 23.659 25.158 22.171 22.516 19.913 19.770 18.542 15.634 12.005 10.034  6.295  5.508  3.849  0.000  3.821  6.946  9.557 12.985 16.111 18.458 16.493 17.168 15.438 17.315 15.925 12.361 14.312 13.557 16.232 18.423 17.691 13.880 12.218 10.186  9.249 11.644 12.167 15.722 17.104 20.620 23.443 25.547 27.549
 21.932 20.738 17.195 16.619 14.759 14.885 15.582 14.974 18.465 19.891 20.640 19.090 19.690 20.629 20.307 21.985 20.184 20.830 18.496 19.410 18.433 16.037 13.170 15.889 18.305 16.187 16.176 19.905 20.514 19.126 21.500 24.335 23.808 23.154 24.209 21.093 20.853 17.854 17.560 16.965 14.147 10.408  8.590  5.487  5.504  5.572  3.821  0.000  3.825  6.419  9.500 12.878 15.072 13.285 14.516 13.475 15.392 13.463 10.304 13.068 12.780 16.051 18.478 18.352 14.627 13.306 10.562 10.024 11.641 12.139 15.282 16.277 19.906 22.396 24.577 26.621
 21.437 20.273 16.688 16.157 13.779 14.277 14.406 14.238 17.947 18.987 19.681 18.348 18.440 19.604 18.922 20.708 18.811 19.704 17.784 18.191 16.633 13.779 10.581 12.747 15.527 13.705 13.138 16.824 17.906 16.515 18.480 21.524 21.387 20.644 21.270 18.031 17.416 14.296 13.876 13.587 10.894  7.226  6.015  4.538  6.558  8.433  6.946  3.825  0.000  3.828  6.582  9.686 12.397 11.385 13.073 12.689 15.201 13.275 10.735 13.987 13.388 16.839 18.889 18.831 15.349 13.756 10.330  9.519  9.931 10.195 12.777 13.535 17.181 19.445 21.748 23.867
 18.661 17.958 14.640 14.863 12.888 14.390 14.972 15.735 19.503 19.848 19.868 18.061 17.420 18.020 16.694 18.001 15.696 16.309 14.402 14.509 12.931 10.030  7.057  9.623 12.252 10.786 10.845 14.307 15.426 14.757 16.778 19.504 19.732 19.599 20.176 17.271 16.452 12.959 13.283 13.753 10.762  7.784  5.735  5.767  6.939  9.636  9.557  6.419  3.828  0.000  3.838  6.653  9.080  7.812  9.357  9.327 12.024 10.265  8.299 11.716 11.134 14.723 16.728 17.224 14.108 13.149  9.729 10.117 10.396 11.626 13.847 14.952 18.512 20.567 23.035 25.205
 20.142 19.937 16.951 17.598 15.616 17.444 17.683 18.636 22.398 22.548 22.511 20.833 19.699 20.193 18.314 19.243 16.525 16.764 14.959 14.064 12.422  8.891  6.616  8.111 11.370 11.140 10.892 13.781 15.696 15.564 16.880 19.639 20.585 20.590 20.525 17.635 16.020 12.246 12.262 13.734 11.417  9.179  8.315  9.349 10.726 13.255 12.985  9.500  6.582  3.838  0.000  3.839  5.938  5.861  8.707 10.196 12.570 10.323  9.719 13.379 13.377 17.016 19.016 19.964 17.186 16.495 13.074 13.491 13.050 13.892 15.309 15.780 19.079 20.570 22.961 25.057
 19.250 19.225 16.585 17.483 15.519 17.815 17.880 19.436 23.083 22.663 22.267 20.635 18.881 19.255 16.917 17.654 14.899 15.310 14.238 12.782 10.458  6.663  4.775  4.689  8.244  8.966  8.503 10.703 13.099 13.509 14.307 16.873 18.365 18.670 18.223 15.670 13.707  9.860 10.505 12.692 10.652  9.685  9.223 11.452 13.064 16.106 16.111 12.878  9.686  6.653  3.839  0.000  3.851  5.695  8.161 10.309 13.005 11.484 11.670 14.925 14.505 17.805 19.233 20.275 18.036 17.394 14.032 14.643 13.522 14.583 15.270 15.821 18.767 19.933 22.405 24.500
 19.378 20.089 17.958 19.540 18.158 20.814 21.267 22.974 26.628 26.092 25.414 23.459 21.442 21.241 18.468 18.437 15.173 14.673 13.294 11.009  9.463  5.880  6.354  6.372  8.988 10.709 11.177 12.574 14.878 16.102 16.837 18.881 20.689 21.506 21.017 18.828 16.714 12.951 13.745 16.294 14.397 13.468 12.632 14.424 15.315 18.035 18.458 15.072 12.397  9.080  5.938  3.851  0.000  3.811  6.750 10.015 11.772 10.029 11.452 14.491 14.807 18.027 19.696 21.398 19.457 19.509 16.505 17.710 16.988 18.309 19.072 19.591 22.444 23.406 25.787 27.787
 17.285 18.158 16.043 17.911 17.034 19.760 20.823 22.478 26.159 25.741 24.913 22.553 20.773 20.195 17.559 17.304 13.877 12.928 10.742  8.996  8.361  5.421  6.083  8.108  9.973 10.763 12.180 14.081 15.552 16.748 18.266 20.107 21.369 22.382 22.521 20.375 18.846 15.067 16.125 18.085 15.549 13.953 12.151 13.125 13.112 15.504 16.493 13.285 11.385  7.812  5.861  5.695  3.811  0.000  3.834  6.948  8.283  6.272  7.802 10.774 11.473 14.794 16.886 18.860 16.823 17.362 14.715 16.476 16.579 18.378 19.847 20.828 23.996 25.397 27.850 29.916
 13.668 14.905 13.260 15.703 15.561 18.696 20.329 22.407 25.925 25.138 23.806 21.038 19.034 17.841 15.020 14.237 10.652  9.289  6.923  5.524  5.389  4.111  5.949  8.699  9.072  9.479 12.005 13.623 14.215 15.865 17.871 19.107 20.085 21.620 22.247 20.584 19.613 16.074 17.874 19.527 16.585 15.219 12.719 13.630 12.916 15.401 17.168 14.516 13.073  9.357  8.707  8.161  6.750  3.834  0.000  3.826  5.254  5.133  6.912  8.709  8.948 11.766 13.589 15.913 14.406 15.553 13.545 16.052 16.571 19.044 20.728 22.315 25.486 27.133 29.696 31.813
 10.980 11.886 10.095 12.653 13.059 16.189 18.371 20.492 23.851 23.043 21.525 18.457 16.738 15.283 12.867 12.214  8.991  7.984  5.210  6.228  6.260  6.348  6.870 10.389 10.190  9.190 12.199 14.227 13.893 15.185 17.878 18.936 19.194 20.773 22.041 20.499 20.224 16.935 18.992 19.972 16.592 14.991 11.806 12.152 10.670 13.064 15.438 13.475 12.689  9.327 10.196 10.309 10.015  6.948  3.826  0.000  3.854  5.487  5.465  6.190  5.329  8.084  9.974 12.239 10.699 12.218 10.788 13.834 15.039 17.975 20.136 22.239 25.523 27.570 30.193 32.366
 11.969 13.706 12.635 15.546 16.458 19.499 21.917 23.889 27.214 26.522 24.945 21.708 20.083 18.247 15.822 14.515 11.181  8.940  5.171  5.992  8.091  8.848 10.283 13.545 13.264 12.800 15.900 17.655 17.315 18.894 21.528 22.366 22.701 24.479 25.758 24.293 23.894 20.522 22.440 23.600 20.287 18.484 15.302 15.133 13.083 14.655 17.315 15.392 15.201 12.024 12.570 13.005 11.772  8.283  5.254  3.854  0.000  3.860  5.438  4.677  5.942  8.075 10.648 13.680 12.487 14.755 13.882 17.072 18.633 21.516 23.820 25.810 29.150 31.152 33.727 35.863
 15.568 16.914 15.238 17.618 17.827 20.516 22.523 24.048 27.585 27.322 26.230 23.292 21.921 20.640 18.336 17.527 14.133 12.246  8.710  8.404  9.938  9.203 10.158 13.321 14.090 13.896 16.324 18.439 18.803 20.031 22.382 23.774 24.333 25.672 26.597 24.660 23.828 20.194 21.506 22.839 19.751 17.547 14.723 14.295 12.551 13.833 15.925 13.463 13.275 10.265 10.323 11.484 10.029  6.272  5.133  5.487  3.860  0.000  3.836  5.441  7.803 10.856 13.844 16.468 14.545 16.225 14.669 17.288 18.695 21.056 23.360 24.872 28.297 30.161 32.639 34.734
 15.290 15.845 13.578 15.380 15.441 17.702 19.820 21.032 24.518 24.537 23.670 20.789 19.943 18.984 17.282 17.119 14.228 13.151  9.788 10.656 11.394 10.425 10.031 13.663 14.658 13.486 15.678 18.389 18.457 19.013 21.722 23.368 23.405 24.385 25.636 23.496 23.065 19.559 20.751 21.484 18.158 15.541 12.395 11.247  9.014 10.053 12.361 10.304 10.735  8.299  9.719 11.670 11.452  7.802  6.912  5.465  5.438  3.836  0.000  3.854  5.604  9.220 12.448 14.434 11.877 13.241 11.700 14.213 16.093 18.464 21.171 22.879 26.427 28.601 31.084 33.214
 13.430 14.354 12.751 15.020 16.004 18.395 21.080 22.502 25.727 25.530 24.266 21.022 20.197 18.632 17.054 16.389 13.718 12.212  8.633 10.504 12.042 12.270 12.434 16.143 16.337 14.957 17.730 20.168 19.584 20.397 23.424 24.577 24.309 25.663 27.320 25.556 25.517 22.202 23.793 24.357 20.840 18.404 14.930 13.625 10.704 11.251 14.312 13.068 13.987 11.716 13.379 14.925 14.491 10.774  8.709  6.190  4.677  5.441  3.854  0.000  3.840  6.400 10.010 12.517 10.554 12.919 12.483 15.595 17.952 20.750 23.621 25.714 29.232 31.565 34.090 36.233
 10.673 10.925  9.021 11.226 12.463 14.988 17.896 19.622 22.687 22.201 20.700 17.346 16.508 14.890 13.566 13.242 11.071 10.444  7.630 10.372 10.987 11.526 11.126 14.882 14.638 12.571 15.462 17.937 16.843 17.436 20.731 21.722 21.081 22.461 24.426 22.878 23.292 20.285 22.228 22.426 18.742 16.608 12.904 11.873  8.980 10.291 13.557 12.780 13.388 11.134 13.377 14.505 14.807 11.473  8.948  5.329  5.942  7.803  5.604  3.840  0.000  3.830  6.948  8.997  6.963  9.400  9.311 12.787 15.221 18.380 21.249 23.739 27.161 29.656 32.246 34.429
  8.613  9.039  8.234 10.835 13.141 15.682 19.033 20.997 23.659 22.857 20.908 17.273 16.446 14.170 13.149 12.345 10.860 10.185  8.016 11.549 12.493 13.981 13.947 17.502 16.544 14.330 17.545 19.634 17.871 18.649 22.147 22.576 21.572 23.302 25.663 24.578 25.416 22.722 25.014 25.028 21.279 19.457 15.686 14.722 11.696 12.682 16.232 16.051 16.839 14.723 17.016 17.805 18.027 14.794 11.766  8.084  8.075 10.856  9.220  6.400  3.830  0.000  3.838  6.584  6.014  9.533 10.812 14.537 17.177 20.621 23.488 26.312 29.605 32.212 34.816 36.989
  5.750  5.673  6.016  8.945 12.033 14.760 18.270 20.684 22.976 21.644 19.197 15.417 14.311 11.481 10.678  9.672  9.206  9.314  8.634 12.417 12.813 14.878 14.860 18.026 16.387 13.943 17.275 18.924 16.521 17.400 20.987 20.875 19.545 21.584 24.246 23.678 24.944 22.685 25.381 25.213 21.493 20.234 16.559 16.136 13.549 14.998 18.423 18.478 18.889 16.728 19.016 19.233 19.696 16.886 13.589  9.974 10.648 13.844 12.448 10.010  6.948  3.838  0.000  3.844  5.574  9.080 11.079 14.834 17.207 20.897 23.504 26.642 29.696 32.329 34.957 37.125
  7.641  5.396  4.934  6.373  9.860 12.025 15.723 18.083 19.980 18.584 16.075 12.292 11.779  9.228  9.699  9.890 10.595 11.895 11.781 15.411 15.051 16.695 15.901 18.911 17.382 14.320 17.160 19.012 16.289 16.434 20.201 20.146 18.185 19.871 22.907 22.406 24.182 22.333 25.005 24.290 20.578 19.445 15.880 15.366 13.012 14.462 17.691 18.352 18.831 17.224 19.964 20.275 21.398 18.860 15.913 12.239 13.680 16.468 14.434 12.517  8.997  6.584  3.844  0.000  3.843  6.640  9.568 12.979 15.495 19.190 21.853 25.237 28.144 30.972 33.551 35.703
 10.070  8.007  5.584  6.052  8.394 10.215 13.834 15.720 18.029 17.229 15.365 11.797 11.815 10.302 10.746 11.659 11.579 12.828 11.891 15.234 14.698 15.504 14.098 17.398 16.628 13.371 15.820 18.325 16.169 15.808 19.586 20.255 18.440 19.556 22.368 21.247 22.784 20.656 22.907 22.081 18.297 16.635 12.956 11.897  9.290 10.668 13.880 14.627 15.349 14.108 17.186 18.036 19.457 16.823 14.406 10.699 12.487 14.545 11.877 10.554  6.963  6.014  5.574  3.843  0.000  3.829  6.493  9.970 12.929 16.459 19.464 22.666 25.791 28.695 31.257 33.429
 12.558  9.778  6.489  4.660  5.597  6.578 10.182 11.928 14.250 13.600 12.097  8.833  9.569  9.299 10.506 12.571 12.880 14.885 14.291 17.203 15.909 16.034 13.805 16.770 16.407 12.762 14.381 17.215 15.200 13.970 17.717 18.808 16.698 17.162 20.025 18.666 20.468 18.647 20.683 19.365 15.657 14.065 10.663  9.665  7.890  9.732 12.218 13.306 13.756 13.149 16.495 17.394 19.509 17.362 15.553 12.218 14.755 16.225 13.241 12.919  9.400  9.533  9.080  6.640  3.829  0.000  3.819  6.598  9.656 13.098 16.164 19.482 22.517 25.554 28.078 30.248
 13.835 11.451  7.670  6.138  4.740  6.056  8.707 10.400 13.478 13.085 12.162  9.480  9.752 10.286 10.722 13.040 12.668 14.707 13.939 16.174 14.414 13.717 10.914 13.764 14.053 10.462 11.511 14.779 13.475 11.981 15.488 17.214 15.603 15.691 18.035 16.142 17.504 15.391 17.155 15.961 12.204 10.359  6.869  6.206  5.416  8.425 10.186 10.562 10.330  9.729 13.074 14.032 16.505 14.715 13.545 10.788 13.882 14.669 11.700 12.483  9.311 10.812 11.079  9.568  6.493  3.819  0.000  3.833  6.622 10.066 13.156 16.242 19.464 22.401 24.978 27.199
 17.381 14.752 10.993  8.606  5.788  4.917  6.135  6.947 10.360 10.621 10.736  9.173 10.277 12.061 13.000 15.875 15.739 18.048 17.404 19.269 17.144 15.830 12.463 14.702 15.602 12.069 11.898 15.400 14.554 12.158 15.242 17.532 15.797 14.958 17.095 14.747 16.241 14.508 15.681 13.809 10.317  8.332  5.785  5.047  6.194  8.909  9.249 10.024  9.519 10.117 13.491 14.643 17.710 16.476 16.052 13.834 17.072 17.288 14.213 15.595 12.787 14.537 14.834 12.979  9.970  6.598  3.833  0.000  3.823  6.688 10.114 13.190 16.385 19.510 22.003 24.215
 18.719 16.126 12.494 10.127  6.447  5.774  4.714  6.109  9.707  9.546  9.986  9.351  9.837 12.347 12.996 16.165 16.093 18.740 18.577 19.890 17.177 15.470 11.848 13.137 14.264 10.970  9.675 13.088 12.733  9.779 12.301 15.037 13.576 12.169 13.839 11.181 12.665 11.289 12.386 10.217  6.860  5.813  4.786  6.315  8.951 12.034 11.644 11.641  9.931 10.396 13.050 13.522 16.988 16.579 16.571 15.039 18.633 18.695 16.093 17.952 15.221 17.177 17.207 15.495 12.929  9.656  6.622  3.823  0.000  3.818  6.589  9.889 12.966 16.014 18.613 20.899
 22.459 19.909 16.287 13.852 10.148  8.743  6.287  5.759  9.187  9.978 11.617 12.066 12.914 15.820 16.524 19.741 19.577 22.152 21.874 22.852 20.051 17.849 14.068 14.788 16.546 13.723 11.590 14.893 15.229 11.990 13.609 16.819 15.621 13.437 14.414 11.217 12.343 11.375 11.348  8.476  6.155  5.127  6.423  7.696 11.051 13.634 12.167 12.139 10.195 11.626 13.892 14.583 18.309 18.378 19.044 17.975 21.516 21.056 18.464 20.750 18.380 20.621 20.897 19.190 16.459 13.098 10.066  6.688  3.818  0.000  3.822  6.639  9.831 13.045 15.543 17.837
 24.314 21.813 18.426 16.070 12.272 11.153  7.975  7.921 10.436 10.670 12.408 13.570 13.920 17.106 17.619 20.898 20.868 23.642 23.787 24.372 21.209 18.874 15.210 14.966 16.736 14.402 11.468 14.149 14.948 11.505 12.073 15.515 14.683 11.925 12.099  8.679  9.696  9.667  9.258  5.726  4.999  6.218  8.812 11.001 14.514 17.285 15.722 15.282 12.777 13.847 15.309 15.270 19.072 19.847 20.728 20.136 23.820 23.360 21.171 23.621 21.249 23.488 23.504 21.853 19.464 16.164 13.156 10.114  6.589  3.822  0.000  3.822  6.482  9.636 12.291 14.708
 27.438 25.171 21.757 19.632 15.844 14.826 11.689 11.049 13.291 14.003 16.043 17.348 17.615 20.720 20.946 24.047 23.686 26.225 26.184 26.357 23.204 20.438 16.837 16.138 18.467 16.728 13.452 15.916 17.434 14.269 14.090 17.757 17.505 14.637 13.943 10.317 10.200 10.258  8.424  4.956  6.348  7.420 10.895 12.943 16.688 19.225 17.104 16.277 13.535 14.952 15.780 15.821 19.591 20.828 22.315 22.239 25.810 24.872 22.879 25.714 23.739 26.312 26.642 25.237 22.666 19.482 16.242 13.190  9.889  6.639  3.822  0.000  3.830  6.721  9.380 11.895
 30.145 27.782 24.539 22.278 18.509 17.330 13.863 13.201 14.634 15.166 17.381 19.260 19.508 22.816 23.171 26.359 26.262 28.979 29.234 29.306 25.986 23.295 19.848 18.692 20.814 19.305 15.803 17.657 19.230 15.998 15.130 18.620 18.445 15.195 13.979 10.759 10.715 11.898  9.919  6.641  9.181 10.980 14.410 16.565 20.267 22.782 20.620 19.906 17.181 18.512 19.079 18.767 22.444 23.996 25.486 25.523 29.150 28.297 26.427 29.232 27.161 29.605 29.696 28.144 25.791 22.517 19.464 16.385 12.966  9.831  6.482  3.830  0.000  3.834  6.325  8.955
 32.428 30.261 27.140 25.102 21.374 20.481 17.066 16.613 17.950 18.291 20.339 22.233 22.160 25.364 25.435 28.454 28.225 30.847 31.203 30.921 27.529 24.707 21.499 19.833 22.049 21.069 17.384 18.738 20.737 17.814 16.285 19.696 20.037 16.852 14.929 11.990 11.189 12.731 10.279  7.968 11.279 13.368 16.967 19.335 23.081 25.664 23.443 22.396 19.445 20.567 20.570 19.933 23.406 25.397 27.133 27.570 31.152 30.161 28.601 31.565 29.656 32.212 32.329 30.972 28.695 25.554 22.401 19.510 16.014 13.045  9.636  6.721  3.834  0.000  3.848  6.783
 35.086 32.894 29.786 27.688 23.978 22.929 19.452 18.760 19.784 20.286 22.505 24.596 24.648 27.906 28.059 31.092 30.903 33.512 33.855 33.526 30.158 27.304 24.146 22.433 24.676 23.785 20.117 21.345 23.363 20.475 18.824 22.095 22.441 19.189 17.180 14.544 13.761 15.412 12.868 10.871 14.115 16.018 19.603 21.791 25.517 27.933 25.547 24.577 21.748 23.035 22.961 22.405 25.787 27.850 29.696 30.193 33.727 32.639 31.084 34.090 32.246 34.816 34.957 33.551 31.257 28.078 24.978 22.003 18.613 15.543 12.291  9.380  6.325  3.848  0.000  3.810
