  0.000  3.832  6.644 10.258 13.173 16.562 19.628 22.690 24.979 22.892 19.931 16.325 13.960 10.490  8.361  5.539  5.433  5.808  7.606 10.737 10.685 13.750 14.602 16.892 14.234 12.522 16.154 16.674 13.946 15.834 18.982 18.024 17.167 19.947 22.366 22.499 23.678 21.689 24.849 25.176 21.795 21.363 18.132 18.888 17.188 19.471 22.520 21.984 21.452 18.690 20.184 19.291 19.421 17.319 13.697 11.027 12.000 15.604 15.337 13.472 10.713  8.642  5.763  7.644 10.109 12.618 13.863 17.416 18.738 22.476 24.322 27.411 30.030 32.518 35.114 37.091
  3.832  0.000  3.826  6.855 10.109 13.252 16.423 19.513 21.546 19.370 16.324 12.668 10.540  7.018  5.881  4.748  6.333  8.432 10.003 13.173 12.273 14.643 14.523 16.807 14.387 11.817 15.009 15.898 12.798 13.875 17.339 16.541 14.987 17.435 20.259 20.388 22.065 20.420 23.559 23.350 19.913 19.585 16.398 17.122 15.643 18.028 20.905 20.805 20.298 18.001 19.987 19.263 20.130 18.193 14.932 11.929 13.735 16.953 15.898 14.404 10.975  9.070  5.687  5.400  8.058  9.856 11.496 14.803 16.160 19.941 21.827 25.156 27.661 30.304 32.861 34.802
  6.644  3.826  0.000  3.820  6.714  9.982 13.179 16.108 18.456 16.619 13.988 10.342  8.586  6.063  5.369  6.242  6.864  9.331 10.012 13.030 11.626 13.069 12.084 14.647 12.920  9.729 12.568 14.248 11.532 11.836 15.546 15.562 13.928 15.724 18.497 18.025 19.661 17.839 20.694 20.266 16.681 16.053 12.765 13.373 12.067 14.682 17.332 17.267 16.727 14.707 17.030 16.654 18.031 16.108 13.313 10.150 12.670 15.289 13.641 12.799  9.065  8.233  5.976  4.853  5.589  6.534  7.712 11.038 12.530 16.322 18.449 21.759 24.434 27.182 29.741 31.718
 10.258  6.855  3.820  0.000  3.817  6.441  9.834 12.733 14.811 12.964 10.400  6.712  5.843  4.708  6.191  8.751 10.028 12.906 13.505 16.298 14.452 15.172 13.306 15.617 14.382 10.705 12.542 14.624 11.911 10.991 14.812 15.213 12.904 13.934 17.044 16.423 18.577 17.207 19.842 18.743 15.200 14.671 11.650 12.150 11.356 13.959 16.152 16.632 16.126 14.861 17.600 17.467 19.532 17.902 15.688 12.643 15.534 17.611 15.385 15.030 11.234 10.827  8.935  6.351  6.054  4.697  6.136  8.610 10.116 13.840 16.036 19.582 22.106 25.021 27.500 29.423
 13.173 10.109  6.714  3.817  0.000  3.823  6.518  9.626 12.118 10.427  8.518  5.636  5.063  6.322  7.503 10.726 11.512 14.548 14.984 17.163 14.747 14.543 11.905 13.816 13.270  9.427 10.180 12.771 10.673  8.752 12.448 13.665 11.477 11.644 14.482 13.301 15.449 14.178 16.538 15.137 11.625 11.236  8.639  9.685 10.034 13.102 14.484 14.768 13.740 12.874 15.597 15.470 18.113 16.990 15.511 13.014 16.415 17.791 15.425 15.994 12.453 13.118 12.008  9.836  8.398  5.638  4.748  5.816  6.446 10.145 12.239 15.795 18.337 21.288 23.793 25.764
 16.562 13.252  9.982  6.441  3.823  0.000  3.827  6.353  8.547  7.316  6.245  4.352  6.303  8.732 10.879 14.276 15.300 18.297 18.514 20.750 18.386 17.841 14.827 16.605 16.551 12.758 12.718 15.494 13.676 10.989 14.286 15.840 13.246 12.426 15.357 13.920 16.440 15.649 17.443 15.289 12.059 11.516  9.518  9.862 10.572 13.046 13.833 14.881 14.226 14.368 17.415 17.754 20.760 19.710 18.641 16.136 19.448 20.471 17.674 18.374 14.968 15.648 14.728 11.995 10.199  6.579  6.044  4.926  5.764  8.739 11.109 14.786 17.146 20.291 22.606 24.463
 19.628 16.423 13.179  9.834  6.518  3.827  0.000  3.833  6.125  4.955  5.505  6.047  7.803 11.137 13.033 16.648 17.593 20.730 21.071 22.836 20.077 18.989 15.639 16.711 17.112 13.594 12.442 15.170 13.946 10.556 13.109 15.209 12.761 10.900 13.387 11.569 14.238 14.032 15.386 12.673  9.999 10.096  9.405 10.394 12.275 14.846 14.698 15.523 14.314 14.925 17.630 17.803 21.198 20.756 20.265 18.309 21.855 22.456 19.767 21.038 17.861 18.993 18.243 15.698 13.811 10.168  8.680  6.110  4.692  6.261  7.916 11.638 13.666 16.837 19.102 20.960
 22.690 19.513 16.108 12.733  9.626  6.353  3.833  0.000  3.859  5.445  7.849  9.014 11.440 14.642 16.635 20.156 20.875 23.780 23.687 25.460 22.883 21.453 17.883 19.087 20.037 16.624 15.238 18.249 17.444 14.000 16.222 18.656 16.354 14.104 16.187 13.940 16.287 16.069 16.613 13.533 11.278 10.684 10.492 10.524 12.564 14.409 13.522 14.906 14.167 15.706 18.613 19.399 22.937 22.428 22.346 20.414 23.802 23.966 20.954 22.420 19.544 20.901 20.599 17.994 15.630 11.838 10.339  6.895  6.128  5.821  7.974 11.133 13.143 16.404 18.389 20.109
 24.979 21.546 18.456 14.811 12.118  8.547  6.125  3.859  0.000  3.840  7.324  9.676 12.651 16.054 18.584 22.243 23.462 26.580 26.764 28.688 26.052 24.831 21.340 22.353 23.043 19.609 18.159 20.802 19.718 16.132 18.105 20.206 17.507 14.961 17.214 15.478 18.272 18.710 19.272 15.906 14.195 14.138 14.192 14.254 16.066 17.610 16.746 18.453 17.871 19.463 22.325 22.963 26.523 26.087 25.869 23.819 27.193 27.555 24.514 25.752 22.722 23.701 23.028 20.046 18.096 14.319 13.516 10.387  9.677  9.112 10.255 13.139 14.287 17.371 19.008 20.461
 22.892 19.370 16.619 12.964 10.427  7.316  4.955  5.445  3.840  0.000  3.810  6.951  9.647 13.240 15.912 19.659 21.285 24.663 25.348 27.277 24.464 23.606 20.361 21.136 21.270 17.833 16.523 18.691 17.173 13.632 15.643 17.258 14.255 11.859 14.543 13.470 16.732 17.484 18.712 15.539 13.722 14.386 14.221 15.012 16.734 18.833 18.527 19.846 18.869 19.766 22.431 22.497 25.940 25.623 25.040 22.978 26.471 27.257 24.501 25.530 22.211 22.882 21.685 18.644 17.285 13.666 13.095 10.620  9.477  9.869 10.447 13.799 14.761 17.744 19.582 21.113
 19.931 16.324 13.988 10.400  8.518  6.245  5.505  7.849  7.324  3.810  0.000  3.830  6.392  9.870 12.836 16.554 18.596 22.110 23.170 25.270 22.507 22.180 19.312 20.177 19.666 16.151 15.438 17.224 15.057 11.900 14.344 15.260 11.883 10.284 13.622 13.262 16.731 17.356 19.291 16.583 14.363 15.215 14.401 15.472 16.705 19.086 19.480 20.603 19.575 19.798 22.415 22.126 25.286 24.813 23.723 21.471 24.906 26.178 23.644 24.273 20.714 20.934 19.238 16.131 15.418 12.162 12.165 10.728  9.918 11.524 12.223 15.863 17.009 19.916 21.951 23.559
 16.325 12.668 10.342  6.712  5.636  4.352  6.047  9.014  9.676  6.951  3.830  0.000  3.829  6.652  9.832 13.410 15.452 18.850 19.843 22.220 19.741 19.811 17.233 18.603 17.765 14.067 14.215 16.125 13.550 11.015 14.197 14.824 11.536 11.054 14.595 14.226 17.364 17.277 19.580 17.398 14.544 14.898 13.189 14.044 14.580 17.027 18.088 19.127 18.329 18.081 20.840 20.605 23.442 22.553 21.043 18.478 21.737 23.319 20.835 21.086 17.412 17.331 15.479 12.353 11.871  8.928  9.534  9.216  9.353 12.050 13.486 17.265 19.000 21.976 24.211 25.948
 13.960 10.540  8.586  5.843  5.063  6.303  7.803 11.440 12.651  9.647  6.392  3.829  0.000  3.844  6.481 10.205 12.414 16.037 17.547 19.652 16.946 17.303 15.128 16.164 14.774 11.274 11.744 13.077 10.110  8.100 11.441 11.547  8.375  8.888 12.449 12.564 15.530 15.353 18.198 16.594 13.730 14.577 12.819 14.453 15.072 18.041 19.331 19.692 18.392 17.407 19.680 18.833 21.400 20.738 19.001 16.721 20.070 21.907 19.947 20.214 16.526 16.458 14.326 11.788 11.842  9.621  9.761 10.291  9.826 12.893 13.853 17.529 19.272 22.020 24.430 26.270
 10.490  7.018  6.063  4.708  6.322  8.732 11.137 14.642 16.054 13.240  9.870  6.652  3.844  0.000  3.820  7.030  9.774 13.311 15.130 17.556 15.263 16.425 14.980 16.377 14.337 11.038 12.672 13.615 10.166  9.570 13.062 12.424  9.685 11.438 14.821 15.245 17.810 17.178 20.319 19.267 16.186 16.725 14.370 15.784 15.629 18.495 20.432 20.657 19.588 18.042 20.220 19.263 21.257 20.212 17.857 15.311 18.275 20.669 19.023 18.678 14.933 14.201 11.508  9.230 10.330  9.350 10.302 12.078 12.348 15.813 17.066 20.658 22.618 25.297 27.764 29.627
  8.361  5.881  5.369  6.191  7.503 10.879 13.033 16.635 18.584 15.912 12.836  9.832  6.481  3.820  0.000  3.812  6.278 10.003 12.245 14.272 11.821 13.306 12.461 13.685 11.151  8.289 10.640 11.101  7.601  8.356 11.714 10.847  9.171 11.702 14.443 14.856 16.758 15.670 19.061 18.715 15.647 16.265 13.863 15.721 15.591 18.761 20.791 20.359 18.934 16.739 18.365 16.953 18.506 17.593 15.051 12.910 15.861 18.379 17.339 17.111 13.617 13.182 10.691  9.684 10.779 10.564 10.750 13.035 13.012 16.534 17.605 20.898 23.010 25.473 28.055 30.006
  5.539  4.748  6.242  8.751 10.726 14.276 16.648 20.156 22.243 19.659 16.554 13.410 10.205  7.030  3.812  0.000  3.828  7.164 10.098 12.130 10.268 12.738 12.990 14.312 11.230  9.307 12.442 12.347  9.084 11.079 14.007 12.667 11.787 14.817 17.168 17.744 19.163 17.741 21.217 21.413 18.366 18.802 16.191 17.907 17.296 20.303 22.706 22.003 20.687 18.006 19.260 17.665 18.450 17.308 14.238 12.228 14.526 17.539 17.142 16.413 13.258 12.353  9.663  9.859 11.666 12.602 13.033 15.879 16.152 19.725 20.870 23.977 26.196 28.522 31.128 33.089
  5.433  6.333  6.864 10.028 11.512 15.300 17.593 20.875 23.462 21.285 18.596 15.452 12.414  9.774  6.278  3.828  0.000  3.821  6.683  8.367  6.568  9.362 10.269 11.891  8.923  7.626 11.317 11.463  9.128 11.587 14.335 13.614 13.565 16.364 18.163 18.164 18.872 16.778 20.053 20.778 17.670 17.711 14.982 16.666 15.939 18.970 21.386 20.180 18.780 15.687 16.539 14.923 15.201 13.883 10.649  8.986 11.168 14.127 14.226 13.708 11.046 10.821  9.144 10.521 11.546 12.871 12.631 15.718 16.062 19.546 20.842 23.616 26.126 28.352 31.004 33.033
  5.808  8.432  9.331 12.906 14.548 18.297 20.730 23.780 26.580 24.663 22.110 18.850 16.037 13.311 10.003  7.164  3.821  0.000  3.877  5.425  5.389  8.998 11.023 12.926 10.239  9.916 13.718 13.870 12.232 14.920 17.418 16.819 17.177 19.963 21.492 21.292 21.538 19.036 22.067 23.209 20.109 19.741 16.872 18.183 17.000 19.675 22.321 20.839 19.684 16.302 16.778 15.334 14.703 12.941  9.298  8.001  8.947 12.256 13.166 12.221 10.439 10.177  9.283 11.856 12.825 14.895 14.687 18.035 18.711 22.121 23.617 26.151 28.852 30.995 33.635 35.677
  7.606 10.003 10.012 13.505 14.984 18.514 21.071 23.687 26.764 25.348 23.170 19.843 17.547 15.130 12.245 10.098  6.683  3.877  0.000  3.839  5.539  8.346 10.313 13.011 11.325 10.863 14.542 15.494 14.411 16.600 19.257 19.322 19.624 21.962 23.446 22.659 22.658 19.709 22.277 23.464 20.198 19.134 16.010 16.692 15.036 17.301 20.075 18.471 17.733 14.359 14.945 14.240 13.318 10.750  6.933  5.207  5.177  8.717  9.782  8.624  7.591  7.982  8.582 11.721 11.854 14.255 13.875 17.344 18.500 21.796 23.722 26.077 29.084 31.307 33.917 35.976
 10.737 13.173 13.030 16.298 17.163 20.750 22.836 25.460 28.688 27.277 25.270 22.220 19.652 17.556 14.272 12.130  8.367  5.425  3.839  0.000  3.837  6.532  9.649 11.625 10.103 10.945 14.311 14.794 14.524 17.119 19.149 19.315 20.340 22.683 23.571 22.718 22.106 18.972 21.394 23.160 20.263 19.411 16.777 17.913 16.802 19.249 21.595 19.406 18.166 14.486 14.070 12.807 11.050  9.016  5.538  6.226  5.992  8.417 10.664 10.501 10.345 11.522 12.366 15.355 15.210 17.181 16.128 19.228 19.829 22.789 24.327 26.260 29.188 31.103 33.694 35.756
 10.685 12.273 11.626 14.452 14.747 18.386 20.077 22.883 26.052 24.464 22.507 19.741 16.946 15.263 11.821 10.268  6.568  5.389  5.539  3.837  0.000  3.840  6.828  8.300  6.331  7.360 10.664 10.975 10.860 13.507 15.363 15.644 16.847 19.098 19.811 18.991 18.378 15.373 18.029 19.767 16.988 16.606 14.292 16.099 15.697 18.699 20.663 18.428 16.604 12.914 12.428 10.476  9.491  8.366  5.385  6.253  8.088  9.941 11.404 12.046 10.971 12.477 12.774 15.001 14.683 15.898 14.374 17.110 17.121 19.991 21.163 23.102 25.861 27.717 30.346 32.428
 13.750 14.643 13.069 15.172 14.543 17.841 18.989 21.453 24.831 23.606 22.180 19.811 17.303 16.425 13.306 12.738  9.362  8.998  8.346  6.532  3.840  0.000  3.833  5.228  5.109  6.528  8.824  9.807 10.837 12.832 14.326 15.491 16.943 18.539 18.796 17.348 16.210 12.803 14.966 16.968 14.373 13.803 11.945 13.983 14.217 17.349 18.716 16.055 13.773 10.035  8.910  6.683  5.902  5.432  4.114  6.356  8.858  9.220 10.460 12.300 11.540 13.991 14.867 16.673 15.519 16.046 13.703 15.816 15.425 17.797 18.836 20.337 23.188 24.916 27.517 29.625
 14.602 14.523 12.084 13.306 11.905 14.827 15.639 17.883 21.340 20.361 19.312 17.233 15.128 14.980 12.461 12.990 10.269 11.023 10.313  9.649  6.828  3.833  0.000  3.844  5.374  4.958  6.317  8.665  9.836 10.707 12.464 14.377 15.396 16.330 16.689 14.716 13.774 10.249 12.209 13.737 10.854 10.027  8.179 10.519 11.378 14.798 15.740 13.173 10.562  7.058  6.630  4.782  6.356  6.071  5.928  6.849 10.266 10.145 10.040 12.440 11.125 13.940 14.840 15.874 14.104 13.809 10.896 12.446 11.804 14.016 15.178 16.747 19.748 21.681 24.317 26.469
 16.892 16.807 14.647 15.617 13.816 16.605 16.711 19.087 22.353 21.136 20.177 18.603 16.164 16.377 13.685 14.312 11.891 12.926 13.011 11.625  8.300  5.228  3.844  0.000  3.846  5.434  5.086  6.289  8.799  9.933 10.500 12.565 14.413 15.250 14.786 12.923 11.256  7.729  9.900 12.153 10.108 10.447  9.911 12.991 14.590 18.107 18.572 15.866 12.704  9.608  8.100  4.669  6.349  8.082  8.684 10.381 13.541 13.308 13.668 16.153 14.887 17.508 18.022 18.894 17.410 16.778 13.744 14.679 13.085 14.719 14.916 16.010 18.576 20.061 22.694 24.845
 14.234 14.387 12.920 14.382 13.270 16.551 17.112 20.037 23.043 21.270 19.666 17.765 14.774 14.337 11.151 11.230  8.923 10.239 11.325 10.103  6.331  5.109  5.374  3.846  0.000  3.862  5.379  4.907  6.318  8.777  9.641 10.566 12.491 14.225 14.163 13.242 12.261  9.485 12.520 14.403 12.209 12.995 11.894 14.928 16.003 19.600 20.635 18.310 15.500 12.254 11.372  8.232  8.974  9.965  9.081 10.219 13.297 14.111 14.697 16.385 14.681 16.589 16.419 17.394 16.673 16.449 14.057 15.600 14.226 16.488 16.679 18.331 20.659 22.239 24.903 27.010
 12.522 11.817  9.729 10.705  9.427 12.758 13.594 16.624 19.609 17.833 16.151 14.067 11.274 11.038  8.289  9.307  7.626  9.916 10.863 10.945  7.360  6.528  4.958  5.434  3.862  0.000  3.849  5.396  5.104  6.465  8.743  9.958 10.711 12.207 13.023 11.904 11.903  9.331 12.472 13.376 10.469 10.971  9.242 12.172 13.159 16.856 18.027 16.220 13.700 10.817 11.170  8.973 10.718 10.778  9.499  9.227 12.838 13.932 13.543 15.018 12.625 14.375 13.969 14.327 13.418 12.810 10.478 12.081 10.942 13.680 14.351 16.615 19.142 21.191 23.907 26.040
 16.154 15.009 12.568 12.542 10.180 12.718 12.442 15.238 18.159 16.523 15.438 14.215 11.744 12.672 10.640 12.442 11.317 13.718 14.542 14.311 10.664  8.824  6.317  5.086  5.379  3.849  0.000  3.841  5.402  5.061  6.263  8.791  9.895 10.350 10.394  8.610  8.200  5.580  8.850  9.703  7.200  8.650  8.260 11.868 13.900 17.674 18.065 16.170 13.102 10.852 10.894  8.483 11.157 12.164 11.999 12.206 15.909 16.325 15.698 17.758 15.490 17.570 17.294 17.164 15.854 14.417 11.518 11.902  9.646 11.538 11.413 13.321 15.638 17.526 20.282 22.465
 16.674 15.898 14.248 14.624 12.771 15.494 15.170 18.249 20.802 18.691 17.224 16.125 13.077 13.615 11.101 12.347 11.463 13.870 15.494 14.794 10.975  9.807  8.665  6.289  4.907  5.396  3.841  0.000  3.844  5.415  4.899  6.341  8.746 10.009  9.386  8.815  8.122  6.518 10.209 11.577 10.043 12.175 12.083 15.680 17.546 21.320 21.861 19.899 16.783 14.307 13.768 10.670 12.536 14.057 13.621 14.252 17.684 18.448 18.419 20.214 17.986 19.690 18.976 19.049 18.387 17.280 14.803 15.418 13.073 14.846 14.089 15.763 17.471 18.907 21.583 23.668
 13.946 12.798 11.532 11.911 10.673 13.676 13.946 17.444 19.718 17.173 15.057 13.550 10.110 10.166  7.601  9.084  9.128 12.232 14.411 14.524 10.860 10.837  9.836  8.799  6.318  5.104  5.402  3.844  0.000  3.855  5.326  5.069  6.258  8.591  9.358  9.665 10.426  9.454 13.207 13.746 11.634 13.517 12.636 15.894 17.237 20.965 21.985 20.539 17.885 15.448 15.707 13.084 14.866 15.558 14.243 13.952 17.380 18.850 18.525 19.670 16.930 17.964 16.610 16.356 16.262 15.295 13.522 14.589 12.724 15.188 14.874 17.283 19.001 20.811 23.474 25.504
 15.834 13.875 11.836 10.991  8.752 10.989 10.556 14.000 16.132 13.632 11.900 11.015  8.100  9.570  8.356 11.079 11.587 14.920 16.600 17.119 13.507 12.832 10.707  9.933  8.777  6.465  5.061  5.415  3.855  0.000  3.847  5.436  5.071  5.765  7.073  6.720  8.481  8.108 11.591 11.154  8.966 11.190 10.755 14.077 15.934 19.637 20.222 19.140 16.486 14.777 15.571 13.486 16.084 16.746 15.880 15.226 18.939 20.061 19.064 20.465 17.508 18.723 17.474 16.492 15.890 14.059 12.030 12.197  9.779 11.952 11.424 14.119 15.751 17.828 20.507 22.562
 18.982 17.339 15.546 14.812 12.448 14.286 13.109 16.222 18.105 15.643 14.344 14.197 11.441 13.062 11.714 14.007 14.335 17.418 19.257 19.149 15.363 14.326 12.464 10.500  9.641  8.743  6.263  4.899  5.326  3.847  0.000  3.843  5.567  5.567  4.548  4.774  5.853  6.695 10.206 10.199  9.319 12.410 13.002 16.634 18.943 22.673 22.863 21.470 18.412 16.761 16.843 14.247 16.778 18.226 17.860 17.897 21.552 22.381 21.740 23.466 20.783 22.210 21.060 20.261 19.660 17.796 15.521 15.264 12.292 13.554 11.980 13.900 14.866 16.343 18.964 20.981
 18.024 16.541 15.562 15.213 13.665 15.840 15.209 18.656 20.206 17.258 15.260 14.824 11.547 12.424 10.847 12.667 13.614 16.819 19.322 19.315 15.644 15.491 14.377 12.565 10.566  9.958  8.791  6.341  5.069  5.436  3.843  0.000  3.846  6.032  5.831  7.968  9.337 10.281 13.874 14.003 13.021 15.892 15.945 19.405 21.243 24.963 25.590 24.329 21.472 19.501 19.615 16.821 18.831 20.082 19.115 18.983 22.422 23.801 23.416 24.654 21.807 22.679 20.988 20.243 20.363 18.919 17.266 17.571 15.036 16.771 15.419 17.568 18.338 19.723 22.205 24.069
 17.167 14.987 13.928 12.904 11.477 13.246 12.761 16.354 17.507 14.255 11.883 11.536  8.375  9.685  9.171 11.787 13.565 17.177 19.624 20.340 16.847 16.943 15.396 14.413 12.491 10.711  9.895  8.746  6.258  5.071  5.567  3.846  0.000  3.828  6.095  8.282 10.935 11.992 15.421 14.672 13.214 15.819 15.508 18.599 20.235 23.797 24.548 23.836 21.363 19.756 20.588 18.334 20.663 21.367 20.109 19.256 22.772 24.381 23.476 24.407 21.186 21.689 19.671 18.298 18.566 16.832 15.680 15.862 13.600 15.600 14.598 17.348 18.156 19.980 22.417 24.239
 19.947 17.435 15.724 13.934 11.644 12.426 10.900 14.104 14.961 11.859 10.284 11.054  8.888 11.438 11.702 14.817 16.364 19.963 21.962 22.683 19.098 18.539 16.330 15.250 14.225 12.207 10.350 10.009  8.591  5.765  5.567  6.032  3.828  0.000  3.852  5.692  9.182 11.011 13.864 12.360 11.395 14.337 14.732 17.822 19.986 23.456 23.668 23.129 20.578 19.587 20.562 18.616 21.458 22.349 21.609 20.787 24.499 25.673 24.403 25.704 22.509 23.358 21.651 19.927 19.621 17.235 15.720 14.978 12.163 13.389 11.816 14.468 14.883 16.746 19.117 20.929
 22.366 20.259 18.497 17.044 14.482 15.357 13.387 16.187 17.214 14.543 13.622 14.595 12.449 14.821 14.443 17.168 18.163 21.492 23.446 23.571 19.811 18.796 16.689 14.786 14.163 13.023 10.394  9.386  9.358  7.073  4.548  5.831  6.095  3.852  0.000  3.824  6.558  9.322 11.922 10.870 10.989 14.496 15.670 19.119 21.702 25.276 25.131 24.149 21.176 20.142 20.475 18.154 20.953 22.472 22.228 22.046 25.769 26.582 25.636 27.344 24.460 25.710 24.307 22.955 22.420 20.081 18.045 17.093 13.814 14.338 11.971 13.728 13.652 14.886 17.246 19.070
 22.499 20.388 18.025 16.423 13.301 13.920 11.569 13.940 15.478 13.470 13.262 14.226 12.564 15.245 14.856 17.744 18.164 21.292 22.659 22.718 18.991 17.348 14.716 12.923 13.242 11.904  8.610  8.815  9.665  6.720  4.774  7.968  8.282  5.692  3.824  0.000  3.896  6.494  8.606  7.130  7.378 11.018 12.709 16.188 19.126 22.640 22.123 21.010 17.920 17.217 17.564 15.580 18.741 20.299 20.533 20.468 24.264 24.608 23.460 25.542 22.876 24.585 23.700 22.421 21.270 18.694 16.134 14.733 11.152 11.142  8.567 10.109 10.468 12.008 14.656 16.745
 23.678 22.065 19.661 18.577 15.449 16.440 14.238 16.287 18.272 16.732 16.731 17.364 15.530 17.810 16.758 19.163 18.872 21.538 22.658 22.106 18.378 16.210 13.774 11.256 12.261 11.903  8.200  8.122 10.426  8.481  5.853  9.337 10.935  9.182  6.558  3.896  0.000  3.893  5.612  5.686  6.994 10.656 12.875 16.547 19.671 23.213 22.479 20.780 17.322 16.408 15.953 13.622 16.622 18.768 19.564 20.196 23.865 23.774 23.033 25.504 23.294 25.426 24.967 24.200 22.816 20.506 17.511 16.247 12.660 12.297  9.645 10.017 10.525 11.383 14.085 16.257
 21.689 20.420 17.839 17.207 14.178 15.649 14.032 16.069 18.710 17.484 17.356 17.277 15.353 17.178 15.670 17.741 16.778 19.036 19.709 18.972 15.373 12.803 10.249  7.729  9.485  9.331  5.580  6.518  9.454  8.108  6.695 10.281 11.992 11.011  9.322  6.494  3.893  0.000  3.843  5.512  5.388  8.311 10.223 13.960 16.952 20.523 19.920 17.826 14.250 12.938 12.196  9.774 12.846 14.976 15.998 16.882 20.465 20.123 19.521 22.174 20.269 22.708 22.673 22.325 20.676 18.682 15.405 14.539 11.315 11.386  9.702 10.179 11.844 13.039 15.796 18.042
 24.849 23.559 20.694 19.842 16.538 17.443 15.386 16.613 19.272 18.712 19.291 19.580 18.198 20.319 19.061 21.217 20.053 22.067 22.277 21.394 18.029 14.966 12.209  9.900 12.520 12.472  8.850 10.209 13.207 11.591 10.206 13.874 15.421 13.864 11.922  8.606  5.612  3.843  0.000  3.843  5.572  7.966 10.933 14.285 17.668 20.923 19.668 17.418 13.723 13.153 12.100 10.326 13.554 15.939 17.711 18.845 22.285 21.329 20.602 23.658 22.113 24.908 25.290 24.924 22.842 20.634 17.087 15.633 12.349 11.309  9.294  8.358  9.979 10.709 13.374 15.691
 25.176 23.350 20.266 18.743 15.137 15.289 12.673 13.533 15.906 15.539 16.583 17.398 16.594 19.267 18.715 21.413 20.778 23.209 23.464 23.160 19.767 16.968 13.737 12.153 14.403 13.376  9.703 11.577 13.746 11.154 10.199 14.003 14.672 12.360 10.870  7.130  5.686  5.512  3.843  0.000  3.833  6.821 10.185 13.314 16.928 20.060 18.573 16.960 13.566 13.756 13.703 12.617 16.207 18.015 19.465 19.924 23.550 22.783 21.460 24.341 22.419 25.016 25.201 24.280 22.100 19.395 15.983 13.851 10.257  8.515  5.801  4.916  6.638  8.233 11.182 13.646
 21.795 19.913 16.681 15.200 11.625 12.059  9.999 11.278 14.195 13.722 14.363 14.544 13.730 16.186 15.647 18.366 17.670 20.109 20.198 20.263 16.988 14.373 10.854 10.108 12.209 10.469  7.200 10.043 11.634  8.966  9.319 13.021 13.214 11.395 10.989  7.378  6.994  5.388  5.572  3.833  0.000  3.818  6.574  9.935 13.394 16.705 15.634 14.123 10.854 10.776 11.417 10.628 14.371 15.529 16.572 16.582 20.276 19.731 18.157 20.847 18.754 21.286 21.500 20.579 18.319 15.680 12.219 10.330  6.864  6.117  4.970  6.223  9.051 11.370 14.205 16.550
 21.363 19.585 16.053 14.671 11.236 11.516 10.096 10.684 14.138 14.386 15.215 14.898 14.577 16.725 16.265 18.802 17.711 19.741 19.134 19.411 16.606 13.803 10.027 10.447 12.995 10.971  8.650 12.175 13.517 11.190 12.410 15.892 15.819 14.337 14.496 11.018 10.656  8.311  7.966  6.821  3.818  0.000  3.827  6.583 10.238 13.323 12.022 10.382  7.168  7.733  9.099  9.562 13.348 13.839 15.105 14.883 18.376 17.438 15.462 18.334 16.545 19.391 20.171 19.395 16.611 14.052 10.344  8.348  5.827  5.164  6.283  7.433 10.973 13.487 16.085 18.323
 18.132 16.398 12.765 11.650  8.639  9.518  9.405 10.492 14.192 14.221 14.401 13.189 12.819 14.370 13.863 16.191 14.982 16.872 16.010 16.777 14.292 11.945  8.179  9.911 11.894  9.242  8.260 12.083 12.636 10.755 13.002 15.945 15.508 14.732 15.670 12.709 12.875 10.223 10.933 10.185  6.574  3.827  0.000  3.821  6.914 10.410 10.042  8.575  5.973  5.717  8.296  9.178 12.587 12.097 12.654 11.731 15.226 14.652 12.341 14.878 12.854 15.628 16.504 15.830 12.927 10.638  6.844  5.778  4.773  6.420  8.833 10.887 14.357 17.034 19.596 21.749
 18.888 17.122 13.373 12.150  9.685  9.862 10.394 10.524 14.254 15.012 15.472 14.044 14.453 15.784 15.721 17.907 16.666 18.183 16.692 17.913 16.099 13.983 10.519 12.991 14.928 12.172 11.868 15.680 15.894 14.077 16.634 19.405 18.599 17.822 19.119 16.188 16.547 13.960 14.285 13.314  9.935  6.583  3.821  0.000  3.823  6.822  6.303  5.478  4.506  5.765  9.344 11.428 14.407 13.104 13.600 12.107 15.082 14.249 11.212 13.592 11.845 14.684 16.105 15.342 11.885  9.643  6.200  5.035  6.299  7.680 11.005 12.939 16.505 19.319 21.661 23.684
 17.188 15.643 12.067 11.356 10.034 10.572 12.275 12.564 16.066 16.734 16.705 14.580 15.072 15.629 15.591 17.296 15.939 17.000 15.036 16.802 15.697 14.217 11.378 14.590 16.003 13.159 13.900 17.546 17.237 15.934 18.943 21.243 20.235 19.986 21.702 19.126 19.671 16.952 17.668 16.928 13.394 10.238  6.914  3.823  0.000  3.849  5.515  5.510  6.545  6.943 10.733 13.063 15.321 13.115 12.911 10.649 13.049 12.521  8.989 10.678  8.965 11.671 13.537 13.011  9.295  7.882  5.437  6.197  8.948 11.044 14.519 16.686 20.203 23.055 25.359 27.323
 19.471 18.028 14.682 13.959 13.102 13.046 14.846 14.409 17.610 18.833 19.086 17.027 18.041 18.495 18.761 20.303 18.970 19.675 17.301 19.249 18.699 17.349 14.798 18.107 19.600 16.856 17.674 21.320 20.965 19.637 22.673 24.963 23.797 23.456 25.276 22.640 23.213 20.523 20.923 20.060 16.705 13.323 10.410  6.822  3.849  0.000  3.849  5.580  8.425  9.637 13.258 16.106 18.048 15.520 15.416 13.068 14.644 13.823 10.045 11.247 10.305 12.688 15.019 14.500 10.703  9.743  8.464  8.919 12.036 13.626 17.286 19.227 22.721 25.589 27.704 29.550
 22.520 20.905 17.332 16.152 14.484 13.833 14.698 13.522 16.746 18.527 19.480 18.088 19.331 20.432 20.791 22.706 21.386 22.321 20.075 21.595 20.663 18.716 15.740 18.572 20.635 18.027 18.065 21.861 21.985 20.222 22.863 25.590 24.548 23.668 25.131 22.123 22.479 19.920 19.668 18.573 15.634 12.022 10.042  6.303  5.515  3.849  0.000  3.820  6.943  9.560 12.981 16.099 18.456 16.498 17.171 15.430 17.296 15.906 12.348 14.305 13.564 16.233 18.436 17.719 13.906 12.221 10.218  9.257 11.645 12.159 15.726 17.117 20.580 23.349 25.294 27.074
 21.984 20.805 17.267 16.632 14.768 14.881 15.523 14.906 18.453 19.846 20.603 19.127 19.692 20.657 20.359 22.003 20.180 20.839 18.471 19.406 18.428 16.055 13.173 15.866 18.310 16.220 16.170 19.899 20.539 19.140 21.470 24.329 23.836 23.129 24.149 21.010 20.780 17.826 17.418 16.960 14.123 10.382  8.575  5.478  5.510  5.580  3.820  0.000  3.826  6.418  9.491 12.858 15.066 13.289 14.517 13.463 15.374 13.448 10.299 13.069 12.788 16.054 18.483 18.366 14.648 13.300 10.573 10.008 11.608 12.093 15.260 16.249 19.853 22.363 24.418 26.299
 21.452 20.298 16.727 16.126 13.740 14.226 14.314 14.167 17.871 18.869 19.575 18.329 18.392 19.588 18.934 20.687 18.780 19.684 17.733 18.166 16.604 13.773 10.562 12.704 15.500 13.700 13.102 16.783 17.885 16.486 18.412 21.472 21.363 20.578 21.176 17.920 17.322 14.250 13.723 13.566 10.854  7.168  5.973  4.506  6.545  8.425  6.943  3.826  0.000  3.827  6.578  9.657 12.382 11.374 13.049 12.646 15.160 13.244 10.715 13.967 13.364 16.807 18.853 18.796 15.330 13.716 10.298  9.471  9.865 10.123 12.741 13.488 17.127 19.476 21.687 23.687
 18.690 18.001 14.707 14.861 12.874 14.368 14.925 15.706 19.463 19.766 19.798 18.081 17.407 18.042 16.739 18.006 15.687 16.302 14.359 14.486 12.914 10.035  7.058  9.608 12.254 10.817 10.852 14.307 15.448 14.777 16.761 19.501 19.756 19.587 20.142 17.217 16.408 12.938 13.153 13.756 10.776  7.733  5.717  5.765  6.943  9.637  9.560  6.418  3.827  0.000  3.839  6.643  9.069  7.792  9.328  9.282 11.974 10.215  8.266 11.687 11.110 14.696 16.701 17.203 14.109 13.140  9.723 10.106 10.368 11.593 13.848 14.918 18.474 20.692 23.089 25.174
 20.184 19.987 17.030 17.600 15.597 17.415 17.630 18.613 22.325 22.431 22.415 20.840 19.680 20.220 18.365 19.260 16.539 16.778 14.945 14.070 12.428  8.910  6.630  8.100 11.372 11.170 10.894 13.768 15.707 15.571 16.843 19.615 20.588 20.562 20.475 17.564 15.953 12.196 12.100 13.703 11.417  9.099  8.296  9.344 10.733 13.258 12.981  9.491  6.578  3.839  0.000  3.839  5.930  5.846  8.692 10.173 12.541 10.289  9.708 13.370 13.371 17.009 19.003 19.953 17.198 16.496 13.070 13.478 13.016 13.845 15.298 15.717 19.046 20.769 23.125 25.208
 19.291 19.263 16.654 17.467 15.470 17.754 17.803 19.399 22.963 22.497 22.126 20.605 18.833 19.263 16.953 17.665 14.923 15.334 14.240 12.807 10.476  6.683  4.782  4.669  8.232  8.973  8.483 10.670 13.084 13.486 14.247 16.821 18.334 18.616 18.154 15.580 13.622  9.774 10.326 12.617 10.628  9.562  9.178 11.428 13.063 16.106 16.099 12.858  9.657  6.643  3.839  0.000  3.852  5.686  8.154 10.294 12.995 11.472 11.674 14.930 14.503 17.802 19.218 20.251 18.039 17.386 14.008 14.610 13.461 14.506 15.224 15.707 18.688 20.158 22.636 24.763
 19.421 20.130 18.031 19.532 18.113 20.760 21.198 22.937 26.523 25.940 25.286 23.442 21.400 21.257 18.506 18.450 15.201 14.703 13.318 11.050  9.491  5.902  6.356  6.349  8.974 10.718 11.157 12.536 14.866 16.084 16.778 18.831 20.663 21.458 20.953 18.741 16.622 12.846 13.554 16.207 14.371 13.348 12.587 14.407 15.321 18.048 18.456 15.066 12.382  9.069  5.930  3.852  0.000  3.810  6.756 10.017 11.780 10.035 11.474 14.513 14.819 18.041 19.695 21.388 19.476 19.514 16.489 17.685 16.931 18.236 19.026 19.474 22.367 23.653 26.049 28.110
 17.319 18.193 16.108 17.902 16.990 19.710 20.756 22.428 26.087 25.623 24.813 22.553 20.738 20.212 17.593 17.308 13.883 12.941 10.750  9.016  8.366  5.432  6.071  8.082  9.965 10.778 12.164 14.057 15.558 16.746 18.226 20.082 21.367 22.349 22.472 20.299 18.768 14.976 15.939 18.015 15.529 13.839 12.097 13.104 13.115 15.520 16.498 13.289 11.374  7.792  5.846  5.686  3.810  0.000  3.834  6.942  8.283  6.277  7.827 10.795 11.481 14.805 16.881 18.850 16.840 17.364 14.698 16.449 16.522 18.309 19.803 20.727 23.913 25.591 28.025 30.094
 13.697 14.932 13.313 15.688 15.511 18.641 20.265 22.346 25.869 25.040 23.723 21.043 19.001 17.857 15.051 14.238 10.649  9.298  6.933  5.538  5.385  4.114  5.928  8.684  9.081  9.499 11.999 13.621 14.243 15.880 17.860 19.115 20.109 21.609 22.228 20.533 19.564 15.998 17.711 19.465 16.572 15.105 12.654 13.600 12.911 15.416 17.171 14.517 13.049  9.328  8.692  8.154  6.756  3.834  0.000  3.825  5.261  5.146  6.937  8.733  8.954 11.778 13.581 15.899 14.420 15.553 13.520 16.021 16.510 18.976 20.678 22.211 25.375 27.295 29.832 31.919
 11.027 11.929 10.150 12.643 13.014 16.136 18.309 20.414 23.819 22.978 21.471 18.478 16.721 15.311 12.910 12.228  8.986  8.001  5.207  6.226  6.253  6.356  6.849 10.381 10.219  9.227 12.206 14.252 13.952 15.226 17.897 18.983 19.256 20.787 22.046 20.468 20.196 16.882 18.845 19.924 16.582 14.883 11.731 12.107 10.649 13.068 15.430 13.463 12.646  9.282 10.173 10.294 10.017  6.942  3.825  0.000  3.855  5.486  5.473  6.208  5.332  8.096  9.973 12.232 10.711 12.215 10.756 13.795 14.976 17.906 20.082 22.141 25.393 27.666 30.233 32.317
 12.000 13.735 12.670 15.534 16.415 19.448 21.855 23.802 27.193 26.471 24.906 21.737 20.070 18.275 15.861 14.526 11.168  8.947  5.177  5.992  8.088  8.858 10.266 13.541 13.297 12.838 15.909 17.684 17.380 18.939 21.552 22.422 22.772 24.499 25.769 24.264 23.865 20.465 22.285 23.550 20.276 18.376 15.226 15.082 13.049 14.644 17.296 15.374 15.160 11.974 12.541 12.995 11.780  8.283  5.261  3.855  0.000  3.859  5.431  4.678  5.926  8.081 10.643 13.673 12.491 14.744 13.846 17.029 18.569 21.446 23.767 25.715 29.028 31.256 33.771 35.824
 15.604 16.953 15.289 17.611 17.791 20.471 22.456 23.966 27.555 27.257 26.178 23.319 21.907 20.669 18.379 17.539 14.127 12.256  8.717  8.417  9.941  9.220 10.145 13.308 14.111 13.932 16.325 18.448 18.850 20.061 22.381 23.801 24.381 25.673 26.582 24.608 23.774 20.123 21.329 22.783 19.731 17.438 14.652 14.249 12.521 13.823 15.906 13.448 13.244 10.215 10.289 11.472 10.035  6.277  5.146  5.486  3.859  0.000  3.836  5.450  7.799 10.868 13.845 16.468 14.559 16.218 14.643 17.249 18.632 20.985 23.311 24.780 28.199 30.281 32.700 34.732
 15.337 15.898 13.641 15.385 15.425 17.674 19.767 20.954 24.514 24.501 23.644 20.835 19.947 19.023 17.339 17.142 14.226 13.166  9.782 10.664 11.404 10.460 10.040 13.668 14.697 13.543 15.698 18.419 18.525 19.064 21.740 23.416 23.476 24.403 25.636 23.460 23.033 19.521 20.602 21.460 18.157 15.462 12.341 11.212  8.989 10.045 12.348 10.299 10.715  8.266  9.708 11.674 11.474  7.827  6.937  5.473  5.431  3.836  0.000  3.855  5.604  9.226 12.451 14.441 11.894 13.236 11.686 14.183 16.046 18.411 21.140 22.817 26.343 28.684 31.078 33.098
 13.472 14.404 12.799 15.030 15.994 18.374 21.038 22.420 25.752 25.530 24.273 21.086 20.214 18.678 17.111 16.413 13.708 12.221  8.624 10.501 12.046 12.300 12.440 16.153 16.385 15.018 17.758 20.214 19.670 20.465 23.466 24.654 24.407 25.704 27.344 25.542 25.504 22.174 23.658 24.341 20.847 18.334 14.878 13.592 10.678 11.247 14.305 13.069 13.967 11.687 13.370 14.930 14.513 10.795  8.733  6.208  4.678  5.450  3.855  0.000  3.841  6.411 10.019 12.532 10.573 12.918 12.471 15.570 17.911 20.704 23.592 25.657 29.135 31.624 34.049 36.054
 10.713 10.975  9.065 11.234 12.453 14.968 17.861 19.544 22.722 22.211 20.714 17.412 16.526 14.933 13.617 13.258 11.046 10.439  7.591 10.345 10.971 11.540 11.125 14.887 14.681 12.625 15.490 17.986 16.930 17.508 20.783 21.807 21.186 22.509 24.460 22.876 23.294 20.269 22.113 22.419 18.754 16.545 12.854 11.845  8.965 10.305 13.564 12.788 13.364 11.110 13.371 14.503 14.819 11.481  8.954  5.332  5.926  7.799  5.604  3.841  0.000  3.831  6.949  9.007  6.983  9.404  9.300 12.767 15.185 18.342 21.219 23.685 27.046 29.688 32.175 34.195
  8.642  9.070  8.233 10.827 13.118 15.648 18.993 20.901 23.701 22.882 20.934 17.331 16.458 14.201 13.182 12.353 10.821 10.177  7.982 11.522 12.477 13.991 13.940 17.508 16.589 14.375 17.570 19.690 17.964 18.723 22.210 22.679 21.689 23.358 25.710 24.585 25.426 22.708 24.908 25.016 21.286 19.391 15.628 14.684 11.671 12.688 16.233 16.054 16.807 14.696 17.009 17.802 18.041 14.805 11.778  8.096  8.081 10.868  9.226  6.411  3.831  0.000  3.838  6.585  6.011  9.521 10.785 14.505 17.132 20.576 23.444 26.247 29.463 32.204 34.698 36.682
  5.763  5.687  5.976  8.935 12.008 14.728 18.243 20.599 23.028 21.685 19.238 15.479 14.326 11.508 10.691  9.663  9.144  9.283  8.582 12.366 12.774 14.867 14.840 18.022 16.419 13.969 17.294 18.976 16.610 17.474 21.060 20.988 19.671 21.651 24.307 23.700 24.967 22.673 25.290 25.201 21.500 20.171 16.504 16.105 13.537 15.019 18.436 18.483 18.853 16.701 19.003 19.218 19.695 16.881 13.581  9.973 10.643 13.845 12.451 10.019  6.949  3.838  0.000  3.844  5.575  9.085 11.056 14.810 17.168 20.858 23.457 26.573 29.534 32.304 34.827 36.792
  7.644  5.400  4.853  6.351  9.836 11.995 15.698 17.994 20.046 18.644 16.131 12.353 11.788  9.230  9.684  9.859 10.521 11.856 11.721 15.355 15.001 16.673 15.874 18.894 17.394 14.327 17.164 19.049 16.356 16.492 20.261 20.243 18.298 19.927 22.955 22.421 24.200 22.325 24.924 24.280 20.579 19.395 15.830 15.342 13.011 14.500 17.719 18.366 18.796 17.203 19.953 20.251 21.388 18.850 15.899 12.232 13.673 16.468 14.441 12.532  9.007  6.585  3.844  0.000  3.843  6.650  9.548 12.959 15.459 19.156 21.800 25.172 27.965 30.884 33.342 35.249
 10.109  8.058  5.589  6.054  8.398 10.199 13.811 15.630 18.096 17.285 15.418 11.871 11.842 10.330 10.779 11.666 11.546 12.825 11.854 15.210 14.683 15.519 14.104 17.410 16.673 13.418 15.854 18.387 16.262 15.890 19.660 20.363 18.566 19.621 22.420 21.270 22.816 20.676 22.842 22.100 18.319 16.611 12.927 11.885  9.295 10.703 13.906 14.648 15.330 14.109 17.198 18.039 19.476 16.840 14.420 10.711 12.491 14.559 11.894 10.573  6.983  6.011  5.575  3.843  0.000  3.829  6.489  9.957 12.908 16.438 19.433 22.627 25.647 28.622 31.050 32.977
 12.618  9.856  6.534  4.697  5.638  6.579 10.168 11.838 14.319 13.666 12.162  8.928  9.621  9.350 10.564 12.602 12.871 14.895 14.255 17.181 15.898 16.046 13.809 16.778 16.449 12.810 14.417 17.280 15.295 14.059 17.796 18.919 16.832 17.235 20.081 18.694 20.506 18.682 20.634 19.395 15.680 14.052 10.638  9.643  7.882  9.743 12.221 13.300 13.716 13.140 16.496 17.386 19.514 17.364 15.553 12.215 14.744 16.218 13.236 12.918  9.404  9.521  9.085  6.650  3.829  0.000  3.819  6.583  9.641 13.081 16.135 19.449 22.369 25.443 27.824 29.728
 13.863 11.496  7.712  6.136  4.748  6.044  8.680 10.339 13.516 13.095 12.165  9.534  9.761 10.302 10.750 13.033 12.631 14.687 13.875 16.128 14.374 13.703 10.896 13.744 14.057 10.478 11.518 14.803 13.522 12.030 15.521 17.266 15.680 15.720 18.045 16.134 17.511 15.405 17.087 15.983 12.219 10.344  6.844  6.200  5.437  8.464 10.218 10.573 10.298  9.723 13.070 14.008 16.489 14.698 13.520 10.756 13.846 14.643 11.686 12.471  9.300 10.785 11.056  9.548  6.489  3.819  0.000  3.832  6.603 10.051 13.133 16.209 19.333 22.333 24.789 26.783
 17.416 14.803 11.038  8.610  5.816  4.926  6.110  6.895 10.387 10.620 10.728  9.216 10.291 12.078 13.035 15.879 15.718 18.035 17.344 19.228 17.110 15.816 12.446 14.679 15.600 12.081 11.902 15.418 14.589 12.197 15.264 17.571 15.862 14.978 17.093 14.733 16.247 14.539 15.633 13.851 10.330  8.348  5.778  5.035  6.197  8.919  9.257 10.008  9.471 10.106 13.478 14.610 17.685 16.449 16.021 13.795 17.029 17.249 14.183 15.570 12.767 14.505 14.810 12.959  9.957  6.583  3.832  0.000  3.822  6.684 10.101 13.176 16.265 19.394 21.756 23.719
 18.738 16.160 12.530 10.116  6.446  5.764  4.692  6.128  9.677  9.477  9.918  9.353  9.826 12.348 13.012 16.152 16.062 18.711 18.500 19.829 17.121 15.425 11.804 13.085 14.226 10.942  9.646 13.073 12.724  9.779 12.292 15.036 13.600 12.163 13.814 11.152 12.660 11.315 12.349 10.257  6.864  5.827  4.773  6.299  8.948 12.036 11.645 11.608  9.865 10.368 13.016 13.461 16.931 16.522 16.510 14.976 18.569 18.632 16.046 17.911 15.185 17.132 17.168 15.459 12.908  9.641  6.603  3.822  0.000  3.817  6.579  9.864 12.841 15.930 18.433 20.503
 22.476 19.941 16.322 13.840 10.145  8.739  6.261  5.821  9.112  9.869 11.524 12.050 12.893 15.813 16.534 19.725 19.546 22.121 21.796 22.789 19.991 17.797 14.016 14.719 16.488 13.680 11.538 14.846 15.188 11.952 13.554 16.771 15.600 13.389 14.338 11.142 12.297 11.386 11.309  8.515  6.117  5.164  6.420  7.680 11.044 13.626 12.159 12.093 10.123 11.593 13.845 14.506 18.236 18.309 18.976 17.906 21.446 20.985 18.411 20.704 18.342 20.576 20.858 19.156 16.438 13.081 10.051  6.684  3.817  0.000  3.820  6.634  9.729 12.915 15.319 17.404
 24.322 21.827 18.449 16.036 12.239 11.109  7.916  7.974 10.255 10.447 12.223 13.486 13.853 17.066 17.605 20.870 20.842 23.617 23.722 24.327 21.163 18.836 15.178 14.916 16.679 14.351 11.413 14.089 14.874 11.424 11.980 15.419 14.598 11.816 11.971  8.567  9.645  9.702  9.294  5.801  4.970  6.283  8.833 11.005 14.519 17.286 15.726 15.260 12.741 13.848 15.298 15.224 19.026 19.803 20.678 20.082 23.767 23.311 21.140 23.592 21.219 23.444 23.457 21.800 19.433 16.135 13.133 10.101  6.579  3.820  0.000  3.822  6.369  9.554 12.178 14.427
 27.411 25.156 21.759 19.582 15.795 14.786 11.638 11.133 13.139 13.799 15.863 17.265 17.529 20.658 20.898 23.977 23.616 26.151 26.077 26.260 23.102 20.337 16.747 16.010 18.331 16.615 13.321 15.763 17.283 14.119 13.900 17.568 17.348 14.468 13.728 10.109 10.017 10.179  8.358  4.916  6.223  7.433 10.887 12.939 16.686 19.227 17.117 16.249 13.488 14.918 15.717 15.707 19.474 20.727 22.211 22.141 25.715 24.780 22.817 25.657 23.685 26.247 26.573 25.172 22.627 19.449 16.209 13.176  9.864  6.634  3.822  0.000  3.830  6.709  9.399 11.817
 30.030 27.661 24.434 22.106 18.337 17.146 13.666 13.143 14.287 14.761 17.009 19.000 19.272 22.618 23.010 26.196 26.126 28.852 29.084 29.188 25.861 23.188 19.748 18.576 20.659 19.142 15.638 17.471 19.001 15.751 14.866 18.338 18.156 14.883 13.652 10.468 10.525 11.844  9.979  6.638  9.051 10.973 14.357 16.505 20.203 22.721 20.580 19.853 17.127 18.474 19.046 18.688 22.367 23.913 25.375 25.393 29.028 28.199 26.343 29.135 27.046 29.463 29.534 27.965 25.647 22.369 19.333 16.265 12.841  9.729  6.369  3.830  0.000  3.833  6.434  8.931
 32.518 30.304 27.182 25.021 21.288 20.291 16.837 16.404 17.371 17.744 19.916 21.976 22.020 25.297 25.473 28.522 28.352 30.995 31.307 31.103 27.717 24.916 21.681 20.061 22.239 21.191 17.526 18.907 20.811 17.828 16.343 19.723 19.980 16.746 14.886 12.008 11.383 13.039 10.709  8.233 11.370 13.487 17.034 19.319 23.055 25.589 23.349 22.363 19.476 20.692 20.769 20.158 23.653 25.591 27.295 27.666 31.256 30.281 28.684 31.624 29.688 32.204 32.304 30.884 28.622 25.443 22.333 19.394 15.930 12.915  9.554  6.709  3.833  0.000  3.847  6.785
 35.114 32.861 29.741 27.500 23.793 22.606 19.102 18.389 19.008 19.582 21.951 24.211 24.430 27.764 28.055 31.128 31.004 33.635 33.917 33.694 30.346 27.517 24.317 22.694 24.903 23.907 20.282 21.583 23.474 20.507 18.964 22.205 22.417 19.117 17.246 14.656 14.085 15.796 13.374 11.182 14.205 16.085 19.596 21.661 25.359 27.704 25.294 24.418 21.687 23.089 23.125 22.636 26.049 28.025 29.832 30.233 33.771 32.700 31.078 34.049 32.175 34.698 34.827 33.342 31.050 27.824 24.789 21.756 18.433 15.319 12.178  9.399  6.434  3.847  0.000  3.810
