  0.000  3.831  6.612 10.196 13.143 16.537 19.618 22.720 24.863 22.799 19.825 16.204 13.880 10.384  8.260  5.486  5.438  5.850  7.605 10.743 10.686 13.724 14.553 16.877 14.249 12.499 16.123 16.645 13.928 15.833 18.968 17.995 17.064 19.835 22.271 22.405 23.792 21.899 25.040 25.252 21.739 21.355 18.074 18.781 17.041 19.308 22.359 21.763 21.332 18.560 20.082 19.214 19.376 17.247 13.623 10.941 11.900 15.509 15.246 13.364 10.631  8.565  5.724  7.607 10.027 12.517 13.815 17.370 18.708 22.453 24.434 27.554 30.546 32.792 35.802 38.504
  3.831  0.000  3.828  6.791 10.080 13.223 16.415 19.533 21.411 19.264 16.215 12.548 10.473  6.937  5.833  4.784  6.384  8.485 10.015 13.190 12.288 14.628 14.484 16.799 14.409 11.809 14.985 15.876 12.786 13.881 17.331 16.524 14.900 17.323 20.158 20.272 22.134 20.596 23.720 23.414 19.871 19.574 16.342 17.019 15.491 17.853 20.742 20.605 20.194 17.878 19.888 19.195 20.094 18.130 14.869 11.857 13.659 16.880 15.829 14.323 10.908  9.019  5.660  5.358  7.961  9.731 11.437 14.748 16.128 19.921 21.961 25.315 28.231 30.693 33.766 36.449
  6.612  3.828  0.000  3.818  6.698  9.994 13.188 16.167 18.386 16.572 13.938 10.281  8.546  6.017  5.344  6.298  6.874  9.316  9.977 12.984 11.563 12.972 11.967 14.545 12.841  9.633 12.464 14.137 11.436 11.779 15.476 15.483 13.809 15.593 18.346 17.853 19.641 17.929 20.781 20.236 16.577 15.989 12.672 13.264 11.934 14.551 17.199 17.083 16.607 14.547 16.873 16.512 17.916 15.982 13.190 10.041 12.583 15.200 13.572 12.745  9.027  8.257  6.052  4.964  5.580  6.481  7.670 11.000 12.488 16.281 18.530 21.841 24.894 27.455 30.474 33.199
 10.196  6.791  3.818  0.000  3.819  6.471  9.868 12.808 14.738 12.911 10.346  6.645  5.803  4.664  6.217  8.802 10.051 12.906 13.500 16.291 14.436 15.136 13.259 15.573 14.346 10.663 12.486 14.548 11.832 10.950 14.766 15.147 12.802 13.811 16.900 16.249 18.529 17.290 19.939 18.733 15.160 14.656 11.620 12.116 11.290 13.880 16.088 16.552 16.100 14.785 17.520 17.399 19.489 17.850 15.633 12.602 15.507 17.596 15.394 15.039 11.246 10.869  8.971  6.400  6.051  4.647  6.130  8.608 10.116 13.847 16.178 19.717 22.647 25.451 28.500 31.179
 13.143 10.080  6.698  3.819  0.000  3.825  6.535  9.686 12.090 10.416  8.502  5.601  5.061  6.323  7.601 10.843 11.580 14.580 15.007 17.190 14.769 14.544 11.894 13.800 13.263  9.423 10.151 12.727 10.626  8.732 12.431 13.637 11.428 11.569 14.366 13.140 15.386 14.245 16.625 15.114 11.596 11.233  8.632  9.685 10.012 13.062 14.448 14.752 13.762 12.836 15.546 15.436 18.105 16.976 15.496 13.017 16.429 17.818 15.473 16.039 12.499 13.186 12.068  9.887  8.398  5.600  4.748  5.812  6.444 10.159 12.378 15.932 18.859 21.695 24.744 27.440
 16.537 13.223  9.994  6.471  3.825  0.000  3.828  6.398  8.474  7.266  6.223  4.349  6.318  8.760 10.978 14.384 15.371 18.337 18.554 20.792 18.417 17.853 14.830 16.590 16.541 12.756 12.686 15.442 13.616 10.947 14.248 15.793 13.192 12.332 15.210 13.711 16.282 15.639 17.466 15.190 12.030 11.488  9.521  9.901 10.595 13.044 13.844 14.933 14.289 14.364 17.387 17.737 20.766 19.718 18.647 16.162 19.494 20.533 17.760 18.461 15.042 15.743 14.797 12.055 10.233  6.593  6.065  4.935  5.757  8.733 11.221 14.866 17.621 20.767 23.722 26.323
 19.618 16.415 13.188  9.868  6.535  3.828  0.000  3.834  6.179  5.044  5.609  6.140  7.874 11.202 13.165 16.784 17.673 20.774 21.109 22.877 20.111 19.005 15.649 16.701 17.105 13.606 12.424 15.135 13.910 10.533 13.092 15.194 12.769 10.872 13.273 11.366 14.024 13.955 15.350 12.555  9.998 10.082  9.431 10.465 12.325 14.870 14.734 15.632 14.416 14.942 17.609 17.794 21.208 20.768 20.275 18.341 21.904 22.521 19.855 21.124 17.936 19.085 18.317 15.762 13.841 10.183  8.699  6.123  4.695  6.296  8.059 11.760 14.192 17.402 20.372 22.912
 22.720 19.533 16.167 12.808  9.686  6.398  3.834  0.000  3.862  5.449  7.895  9.085 11.498 14.711 16.785 20.319 21.008 23.885 23.803 25.584 22.992 21.550 17.976 19.143 20.085 16.690 15.273 18.254 17.435 13.995 16.223 18.645 16.355 14.071 16.071 13.756 16.057 16.001 16.588 13.351 11.308 10.707 10.605 10.720 12.747 14.569 13.705 15.172 14.393 15.842 18.701 19.483 23.038 22.542 22.455 20.542 23.957 24.149 21.162 22.623 19.715 21.077 20.730 18.102 15.734 11.941 10.446  7.013  6.207  5.861  8.013 11.110 13.421 16.857 19.501 21.925
 24.863 21.411 18.386 14.738 12.090  8.474  6.179  3.862  0.000  3.840  7.320  9.638 12.645 16.024 18.656 22.304 23.511 26.600 26.787 28.756 26.135 24.942 21.465 22.497 23.145 19.705 18.291 20.911 19.763 16.210 18.242 20.294 17.584 15.049 17.275 15.495 18.234 18.807 19.450 16.020 14.459 14.326 14.359 14.433 16.150 17.636 16.865 18.700 18.138 19.625 22.481 23.135 26.693 26.219 25.952 23.876 27.256 27.675 24.641 25.829 22.753 23.698 22.965 19.941 18.003 14.227 13.505 10.424  9.814  9.364 10.643 13.504 15.045 18.428 20.954 23.091
 22.799 19.264 16.572 12.911 10.416  7.266  5.044  5.449  3.840  0.000  3.807  6.934  9.653 13.230 15.992 19.723 21.329 24.685 25.374 27.335 24.534 23.698 20.467 21.257 21.355 17.921 16.635 18.775 17.205 13.702 15.751 17.323 14.321 11.919 14.565 13.439 16.662 17.553 18.850 15.694 13.977 14.575 14.382 15.178 16.814 18.861 18.632 20.057 19.109 19.901 22.554 22.636 26.081 25.732 25.107 23.029 26.524 27.360 24.620 25.605 22.255 22.900 21.652 18.577 17.224 13.593 13.104 10.673  9.614 10.129 10.900 14.263 15.722 18.915 21.759 23.946
 19.825 16.215 13.938 10.346  8.502  6.223  5.609  7.895  7.320  3.807  0.000  3.829  6.384  9.855 12.884 16.578 18.593 22.090 23.154 25.272 22.515 22.201 19.347 20.220 19.681 16.178 15.474 17.227 15.022 11.910 14.367 15.250 11.881 10.252 13.551 13.135 16.612 17.374 19.367 16.706 14.532 15.344 14.501 15.581 16.739 19.081 19.538 20.730 19.735 19.855 22.453 22.175 25.341 24.845 23.722 21.469 24.904 26.218 23.710 24.306 20.729 20.939 19.201 16.077 15.361 12.089 12.165 10.768 10.014 11.724 12.629 16.296 17.984 21.006 24.043 26.325
 16.204 12.548 10.281  6.645  5.601  4.349  6.140  9.085  9.638  6.934  3.829  0.000  3.829  6.639  9.867 13.420 15.427 18.804 19.791 22.179 19.704 19.776 17.204 18.584 17.733 14.045 14.195 16.080 13.483 10.997 14.185 14.791 11.502 10.985 14.494 14.068 17.258 17.299 19.644 17.456 14.617 14.948 13.214 14.072 14.542 16.955 18.068 19.145 18.388 18.052 20.797 20.577 23.424 22.514 20.981 18.421 21.682 23.295 20.837 21.066 17.382 17.306 15.425 12.294 11.794  8.826  9.497  9.218  9.398 12.161 13.788 17.573 19.818 22.826 25.915 28.374
 13.880 10.473  8.546  5.803  5.061  6.318  7.874 11.498 12.645  9.653  6.384  3.829  0.000  3.846  6.533 10.238 12.394 16.003 17.511 19.618 16.912 17.268 15.100 16.141 14.739 11.253 11.715 13.017 10.035  8.076 11.408 11.496  8.316  8.787 12.326 12.400 15.460 15.396 18.271 16.705 13.797 14.651 12.856 14.487 15.050 17.993 19.315 19.702 18.451 17.379 19.634 18.797 21.379 20.701 18.944 16.676 20.024 21.885 19.956 20.205 16.522 16.463 14.320 11.786 11.802  9.550  9.755 10.311  9.872 13.013 14.164 17.890 20.139 22.816 26.023 28.537
 10.384  6.937  6.017  4.664  6.323  8.760 11.202 14.711 16.024 13.230  9.855  6.639  3.846  0.000  3.819  7.013  9.706 13.239 15.050 17.474 15.182 16.341 14.903 16.318 14.274 10.980 12.615 13.534 10.083  9.549 13.023 12.371  9.610 11.336 14.707 15.100 17.787 17.255 20.408 19.372 16.208 16.763 14.360 15.758 15.545 18.389 20.355 20.575 19.571 17.949 20.117 19.173 21.182 20.115 17.743 15.207 18.165 20.580 18.966 18.605 14.875 14.159 11.469  9.214 10.265  9.258 10.273 12.075 12.369 15.891 17.330 20.970 23.424 25.991 29.189 31.752
  8.260  5.833  5.344  6.217  7.601 10.978 13.165 16.785 18.656 15.992 12.884  9.867  6.533  3.819  0.000  3.815  6.215  9.936 12.185 14.213 11.774 13.276 12.458 13.703 11.154  8.312 10.673 11.095  7.601  8.436 11.753 10.850  9.136 11.674 14.409 14.827 16.886 15.884 19.272 18.942 15.751 16.413 13.952 15.779 15.591 18.739 20.788 20.343 18.994 16.726 18.342 16.938 18.497 17.558 14.987 12.859 15.784 18.331 17.332 17.072 13.609 13.170 10.690  9.705 10.764 10.547 10.814 13.125 13.125 16.700 17.933 21.298 23.850 26.108 29.277 31.891
  5.486  4.784  6.298  8.802 10.843 14.384 16.784 20.319 22.304 19.723 16.578 13.420 10.238  7.013  3.815  0.000  3.831  7.163 10.107 12.141 10.307 12.797 13.072 14.417 11.333  9.420 12.548 12.418  9.167 11.207 14.097 12.714 11.771 14.814 17.179 17.778 19.395 18.058 21.520 21.700 18.503 18.997 16.324 17.998 17.332 20.315 22.730 22.002 20.779 18.049 19.306 17.724 18.518 17.348 14.252 12.250 14.502 17.545 17.183 16.413 13.301 12.372  9.697  9.905 11.690 12.618 13.140 15.997 16.292 19.909 21.204 24.393 27.021 29.105 32.228 34.849
  5.438  6.384  6.874 10.051 11.580 15.371 17.673 21.008 23.511 21.329 18.593 15.427 12.394  9.706  6.215  3.831  0.000  3.824  6.713  8.381  6.586  9.385 10.305 11.931  8.960  7.663 11.345 11.451  9.124 11.629 14.348 13.584 13.479 16.308 18.110 18.148 19.067 17.057 20.317 20.970 17.708 17.841 15.063 16.718 15.969 18.997 21.397 20.146 18.824 15.696 16.547 14.928 15.225 13.898 10.652  9.017 11.165 14.137 14.271 13.732 11.120 10.889  9.244 10.606 11.593 12.898 12.720 15.805 16.146 19.656 21.053 23.899 26.736 28.647 31.635 34.315
  5.850  8.485  9.316 12.906 14.580 18.337 20.774 23.885 26.600 24.685 22.090 18.804 16.003 13.239  9.936  7.163  3.824  0.000  3.878  5.405  5.367  8.972 11.001 12.919 10.248  9.906 13.709 13.846 12.228 14.944 17.424 16.799 17.098 19.909 21.444 21.274 21.741 19.308 22.318 23.342 20.080 19.803 16.882 18.160 16.965 19.645 22.260 20.707 19.634 16.236 16.720 15.279 14.666 12.892  9.243  7.972  8.884 12.194 13.133 12.178 10.456 10.202  9.366 11.920 12.841 14.895 14.727 18.074 18.744 22.164 23.743 26.330 29.311 31.100 33.948 36.644
  7.605 10.015  9.977 13.500 15.007 18.554 21.109 23.803 26.787 25.374 23.154 19.791 17.511 15.050 12.185 10.107  6.713  3.878  0.000  3.837  5.533  8.321 10.283 12.995 11.332 10.844 14.529 15.472 14.403 16.618 19.270 19.308 19.550 21.917 23.401 22.643 22.855 19.986 22.538 23.532 20.134 19.159 15.997 16.646 14.991 17.269 20.001 18.303 17.644 14.275 14.877 14.176 13.270 10.689  6.871  5.166  5.104  8.644  9.733  8.572  7.602  8.005  8.656 11.770 11.866 14.264 13.909 17.376 18.522 21.803 23.781 26.151 29.378 31.235 33.923 36.669
 10.743 13.190 12.984 16.291 17.190 20.792 22.877 25.584 28.756 27.335 25.272 22.179 19.618 17.474 14.213 12.141  8.381  5.405  3.837  0.000  3.835  6.526  9.645 11.625 10.116 10.935 14.312 14.783 14.527 17.144 19.170 19.306 20.276 22.661 23.551 22.743 22.357 19.282 21.686 23.266 20.211 19.471 16.793 17.901 16.803 19.271 21.561 19.288 18.117 14.444 14.038 12.767 11.024  8.990  5.520  6.244  5.974  8.378 10.651 10.484 10.386 11.559 12.442 15.407 15.229 17.199 16.177 19.277 19.864 22.819 24.385 26.357 29.449 30.931 33.484 36.171
 10.686 12.288 11.563 14.436 14.769 18.417 20.111 22.992 26.135 24.534 22.515 19.704 16.912 15.182 11.774 10.307  6.586  5.367  5.533  3.835  0.000  3.840  6.833  8.308  6.346  7.354 10.668 10.965 10.866 13.535 15.387 15.641 16.793 19.087 19.798 19.026 18.635 15.684 18.317 19.907 16.954 16.693 14.326 16.107 15.711 18.729 20.644 18.354 16.595 12.889 12.405 10.446  9.482  8.356  5.375  6.280  8.080  9.926 11.412 12.043 11.020 12.519 12.853 15.054 14.693 15.903 14.420 17.158 17.158 20.041 21.249 23.258 26.197 27.624 30.274 32.950
 13.724 14.628 12.972 15.136 14.544 17.853 19.005 21.550 24.942 23.698 22.201 19.776 17.268 16.341 13.276 12.797  9.385  8.972  8.321  6.526  3.840  0.000  3.834  5.228  5.111  6.510  8.826  9.808 10.847 12.857 14.367 15.508 16.913 18.560 18.807 17.410 16.482 13.123 15.271 17.078 14.316 13.880 11.968 13.988 14.237 17.392 18.700 16.000 13.768 10.015  8.888  6.652  5.898  5.430  4.114  6.382  8.862  9.219 10.471 12.299 11.576 14.020 14.923 16.703 15.505 16.036 13.728 15.848 15.446 17.829 18.867 20.440 23.395 24.662 27.154 29.836
 14.553 14.484 11.967 13.259 11.894 14.830 15.649 17.976 21.465 20.467 19.347 17.204 15.100 14.903 12.458 13.072 10.305 11.001 10.283  9.645  6.833  3.834  0.000  3.844  5.373  4.939  6.326  8.675  9.846 10.735 12.522 14.409 15.388 16.371 16.710 14.777 14.016 10.559 12.514 13.813 10.791 10.101  8.201 10.527 11.400 14.838 15.725 13.144 10.576  7.039  6.599  4.755  6.359  6.067  5.918  6.861 10.269 10.154 10.058 12.444 11.150 13.961 14.880 15.888 14.070 13.786 10.905 12.469 11.819 14.043 15.194 16.825 19.927 21.439 23.994 26.756
 16.877 16.799 14.545 15.573 13.800 16.590 16.701 19.143 22.497 21.257 20.220 18.584 16.141 16.318 13.703 14.417 11.931 12.919 12.995 11.625  8.308  5.228  3.844  0.000  3.845  5.431  5.100  6.324  8.837  9.969 10.572 12.625 14.438 15.326 14.842 13.031 11.553  8.057 10.195 12.291 10.055 10.543  9.938 13.007 14.615 18.147 18.558 15.865 12.740  9.599  8.068  4.637  6.355  8.081  8.681 10.398 13.545 13.313 13.681 16.155 14.917 17.537 18.078 18.923 17.381 16.747 13.745 14.689 13.086 14.759 14.939 16.160 18.797 19.807 22.333 24.992
 14.249 14.409 12.841 14.346 13.263 16.541 17.105 20.085 23.145 21.355 19.681 17.733 14.739 14.274 11.154 11.333  8.960 10.248 11.332 10.116  6.346  5.111  5.373  3.845  0.000  3.862  5.368  4.899  6.346  8.800  9.672 10.592 12.479 14.251 14.173 13.299 12.526  9.770 12.760 14.583 12.177 13.097 11.927 14.944 16.020 19.628 20.618 18.292 15.531 12.238 11.340  8.198  8.977  9.966  9.081 10.245 13.304 14.117 14.719 16.395 14.727 16.636 16.497 17.444 16.662 16.421 14.071 15.617 14.232 16.543 16.769 18.562 21.067 22.205 24.942 27.554
 12.499 11.809  9.633 10.663  9.423 12.756 13.606 16.690 19.705 17.921 16.178 14.045 11.253 10.980  8.312  9.420  7.663  9.906 10.844 10.935  7.354  6.510  4.939  5.431  3.862  0.000  3.849  5.394  5.126  6.510  8.795  9.995 10.708 12.234 13.026 11.930 12.113  9.600 12.707 13.534 10.458 11.072  9.277 12.184 13.157 16.857 17.998 16.192 13.727 10.784 11.122  8.933 10.707 10.754  9.465  9.217 12.816 13.917 13.549 15.009 12.647 14.402 14.021 14.359 13.388 12.769 10.484 12.097 10.960 13.746 14.482 16.856 19.625 21.309 24.228 26.945
 16.123 14.985 12.464 12.486 10.151 12.686 12.424 15.273 18.291 16.635 15.474 14.195 11.715 12.615 10.673 12.548 11.345 13.709 14.529 14.312 10.668  8.826  6.326  5.100  5.368  3.849  0.000  3.840  5.406  5.079  6.320  8.830  9.913 10.405 10.409  8.658  8.404  5.832  9.067  9.893  7.210  8.790  8.322 11.915 13.931 17.706 18.069 16.217 13.193 10.866 10.883  8.483 11.180 12.175 11.994 12.218 15.912 16.343 15.733 17.774 15.524 17.603 17.340 17.185 15.817 14.368 11.512 11.909  9.651 11.622 11.542 13.615 16.137 17.647 20.587 23.293
 16.645 15.876 14.137 14.548 12.727 15.442 15.135 18.254 20.911 18.775 17.227 16.080 13.017 13.534 11.095 12.418 11.451 13.846 15.472 14.783 10.965  9.808  8.675  6.324  4.899  5.394  3.840  0.000  3.844  5.411  4.929  6.369  8.742 10.045  9.406  8.886  8.392  6.764 10.409 11.869 10.090 12.329 12.143 15.722 17.565 21.340 21.860 19.940 16.874 14.323 13.770 10.683 12.575 14.074 13.615 14.257 17.672 18.455 18.444 20.213 18.009 19.707 19.011 19.057 18.338 17.210 14.788 15.414 13.071 14.944 14.264 16.157 18.114 19.159 22.082 24.600
 13.928 12.786 11.436 11.832 10.626 13.616 13.910 17.435 19.763 17.205 15.022 13.483 10.035 10.083  7.601  9.167  9.124 12.228 14.403 14.527 10.866 10.847  9.846  8.837  6.346  5.126  5.406  3.844  0.000  3.854  5.333  5.079  6.211  8.560  9.320  9.651 10.601  9.647 13.375 14.005 11.684 13.646 12.681 15.915 17.226 20.950 21.958 20.543 17.950 15.439 15.691 13.085 14.898 15.567 14.232 13.951 17.363 18.849 18.542 19.664 16.948 17.980 16.644 16.364 16.209 15.208 13.499 14.574 12.717 15.278 15.093 17.685 19.759 21.254 24.357 26.887
 15.833 13.881 11.779 10.950  8.732 10.947 10.533 13.995 16.210 13.702 11.910 10.997  8.076  9.549  8.436 11.207 11.629 14.944 16.618 17.144 13.535 12.857 10.735  9.969  8.800  6.510  5.079  5.411  3.854  0.000  3.847  5.448  5.075  5.752  7.000  6.641  8.534  8.206 11.695 11.384  9.047 11.332 10.830 14.139 15.963 19.654 20.232 19.202 16.594 14.799 15.570 13.500 16.123 16.771 15.891 15.252 18.955 20.095 19.118 20.500 17.560 18.777 17.537 16.532 15.870 14.006 12.034 12.204  9.793 12.073 11.685 14.551 16.571 18.379 21.588 24.150
 18.968 17.331 15.476 14.766 12.431 14.248 13.092 16.223 18.242 15.751 14.367 14.185 11.408 13.023 11.753 14.097 14.348 17.424 19.270 19.170 15.387 14.367 12.522 10.572  9.672  8.795  6.320  4.929  5.333  3.847  0.000  3.844  5.590  5.613  4.529  4.813  5.995  6.792 10.324 10.583  9.486 12.629 13.126 16.745 19.014 22.736 22.924 21.603 18.587 16.840 16.899 14.314 16.860 18.288 17.894 17.940 21.580 22.436 21.819 23.515 20.846 22.264 21.116 20.292 19.641 17.751 15.540 15.297 12.335 13.733 12.294 14.476 15.815 16.995 20.121 22.514
 17.995 16.524 15.483 15.147 13.637 15.793 15.194 18.645 20.294 17.323 15.250 14.791 11.496 12.371 10.850 12.714 13.584 16.799 19.308 19.306 15.641 15.508 14.409 12.625 10.592  9.995  8.830  6.369  5.079  5.448  3.844  0.000  3.845  6.034  5.828  7.996  9.494 10.394 13.997 14.389 13.171 16.086 16.040 19.481 21.270 24.979 25.613 24.407 21.606 19.540 19.641 16.861 18.890 20.114 19.115 18.990 22.407 23.814 23.453 24.658 21.833 22.695 21.013 20.248 20.317 18.843 17.264 17.583 15.067 16.939 15.755 18.157 19.369 20.503 23.619 25.872
 17.064 14.900 13.809 12.802 11.428 13.192 12.769 16.355 17.584 14.321 11.881 11.502  8.316  9.610  9.136 11.771 13.479 17.098 19.550 20.276 16.793 16.913 15.388 14.438 12.479 10.708  9.913  8.742  6.211  5.075  5.590  3.845  0.000  3.828  6.096  8.274 11.022 12.084 15.541 15.033 13.387 15.999 15.587 18.656 20.224 23.767 24.547 23.888 21.475 19.761 20.580 18.342 20.681 21.351 20.054 19.205 22.698 24.342 23.466 24.360 21.156 21.646 19.627 18.244 18.471 16.716 15.646 15.860 13.638 15.788 15.007 17.964 19.303 20.964 24.205 26.494
 19.835 17.323 15.593 13.811 11.569 12.332 10.872 14.071 15.049 11.919 10.252 10.985  8.787 11.336 11.674 14.814 16.308 19.909 21.917 22.661 19.087 18.560 16.371 15.326 14.251 12.234 10.405 10.045  8.560  5.752  5.613  6.034  3.828  0.000  3.852  5.687  9.214 11.069 13.985 12.763 11.642 14.560 14.850 17.921 20.012 23.459 23.709 23.257 20.758 19.653 20.618 18.692 21.540 22.392 21.606 20.776 24.472 25.690 24.443 25.698 22.504 23.331 21.605 19.854 19.519 17.110 15.683 14.975 12.210 13.615 12.288 15.174 16.159 17.917 21.168 23.402
 22.271 20.158 18.346 16.900 14.366 15.210 13.273 16.071 17.275 14.565 13.551 14.494 12.326 14.707 14.409 17.179 18.110 21.444 23.401 23.551 19.798 18.807 16.710 14.842 14.173 13.026 10.409  9.406  9.320  7.000  4.529  5.828  6.096  3.852  0.000  3.823  6.558  9.283 11.961 11.278 11.174 14.673 15.739 19.177 21.703 25.261 25.137 24.256 21.327 20.184 20.511 18.213 21.028 22.509 22.221 22.029 25.741 26.592 25.659 27.328 24.445 25.678 24.267 22.880 22.303 19.933 17.971 17.036 13.783 14.487 12.322 14.410 14.864 15.957 19.092 21.209
 22.405 20.272 17.853 16.249 13.140 13.711 11.366 13.756 15.495 13.439 13.135 14.068 12.400 15.100 14.827 17.778 18.148 21.274 22.643 22.743 19.026 17.410 14.777 13.031 13.299 11.930  8.658  8.886  9.651  6.641  4.813  7.996  8.274  5.687  3.823  0.000  3.895  6.476  8.689  7.543  7.568 11.191 12.771 16.238 19.127 22.625 22.120 21.135 18.087 17.288 17.642 15.695 18.875 20.386 20.572 20.482 24.275 24.662 23.512 25.551 22.872 24.560 23.659 22.329 21.133 18.522 16.030 14.632 11.066 11.233  8.827 10.745 11.545 12.871 16.097 18.482
 23.792 22.134 19.641 18.529 15.386 16.282 14.024 16.057 18.234 16.662 16.612 17.258 15.460 17.787 16.886 19.395 19.067 21.741 22.855 22.357 18.635 16.482 14.016 11.553 12.526 12.113  8.404  8.392 10.601  8.534  5.995  9.494 11.022  9.214  6.558  3.895  0.000  3.887  5.635  5.963  7.074 10.815 12.985 16.644 19.764 23.289 22.515 20.962 17.539 16.589 16.159 13.896 16.942 19.042 19.808 20.406 24.082 24.016 23.244 25.687 23.461 25.580 25.112 24.267 22.819 20.447 17.503 16.187 12.573 12.285  9.619 10.371 11.042 11.582 14.553 16.963
 21.899 20.596 17.929 17.290 14.245 15.639 13.955 16.001 18.807 17.553 17.374 17.299 15.396 17.255 15.884 18.058 17.057 19.308 19.986 19.282 15.684 13.123 10.559  8.057  9.770  9.600  5.832  6.764  9.647  8.206  6.792 10.394 12.084 11.069  9.283  6.476  3.887  0.000  3.842  5.585  5.375  8.505 10.411 14.146 17.161 20.724 20.055 18.075 14.519 13.188 12.438 10.071 13.173 15.293 16.309 17.184 20.769 20.440 19.823 22.460 20.551 22.982 22.944 22.527 20.817 18.771 15.529 14.607 11.331 11.424  9.634 10.361 12.035 12.787 15.590 18.210
 25.040 23.720 20.781 19.939 16.625 17.466 15.350 16.588 19.450 18.850 19.367 19.644 18.271 20.408 19.272 21.520 20.317 22.318 22.538 21.686 18.317 15.271 12.514 10.195 12.760 12.707  9.067 10.409 13.375 11.695 10.324 13.997 15.541 13.985 11.961  8.689  5.635  3.842  0.000  3.842  5.619  8.209 11.161 14.522 17.928 21.182 19.864 17.751 14.066 13.464 12.405 10.668 13.899 16.275 18.025 19.150 22.598 21.665 20.926 23.961 22.402 25.186 25.556 25.127 22.995 20.751 17.233 15.738 12.407 11.380  9.161  8.455  9.825 10.074 12.536 15.223
 25.252 23.414 20.236 18.733 15.114 15.190 12.555 13.351 16.020 15.694 16.706 17.456 16.705 19.372 18.942 21.700 20.970 23.342 23.532 23.266 19.907 17.078 13.813 12.291 14.583 13.534  9.893 11.869 14.005 11.384 10.583 14.389 15.033 12.763 11.278  7.543  5.963  5.585  3.842  0.000  3.836  6.736 10.117 13.212 16.840 19.936 18.378 16.900 13.514 13.690 13.633 12.660 16.277 18.042 19.510 19.961 23.582 22.795 21.440 24.325 22.420 25.044 25.270 24.310 22.031 19.301 15.888 13.708 10.125  8.380  5.568  4.972  6.689  8.014 10.972 13.870
 21.739 19.871 16.577 15.160 11.596 12.030  9.998 11.308 14.459 13.977 14.532 14.617 13.797 16.208 15.751 18.503 17.708 20.080 20.134 20.211 16.954 14.316 10.791 10.055 12.177 10.458  7.210 10.090 11.684  9.047  9.486 13.171 13.387 11.642 11.174  7.568  7.074  5.375  5.619  3.836  0.000  3.821  6.532  9.912 13.363 16.669 15.570 14.146 10.873 10.696 11.291 10.543 14.299 15.442 16.490 16.519 20.212 19.668 18.103 20.790 18.712 21.265 21.502 20.569 18.242 15.611 12.151 10.278  6.826  6.179  5.017  6.472  9.377 11.395 14.331 17.223
 21.355 19.574 15.989 14.656 11.233 11.488 10.082 10.707 14.326 14.575 15.344 14.948 14.651 16.763 16.413 18.997 17.841 19.803 19.159 19.471 16.693 13.880 10.101 10.543 13.097 11.072  8.790 12.329 13.646 11.332 12.629 16.086 15.999 14.560 14.673 11.191 10.815  8.505  8.209  6.736  3.821  0.000  3.828  6.556 10.222 13.287 11.929 10.406  7.204  7.732  9.085  9.627 13.410 13.872 15.140 14.914 18.407 17.471 15.480 18.343 16.555 19.414 20.208 19.403 16.553 14.003 10.292  8.288  5.801  5.117  6.156  7.347 10.933 13.224 15.768 18.683
 18.074 16.342 12.672 11.620  8.632  9.521  9.431 10.605 14.359 14.382 14.501 13.214 12.856 14.360 13.952 16.324 15.063 16.882 15.997 16.793 14.326 11.968  8.201  9.938 11.927  9.277  8.322 12.143 12.681 10.830 13.126 16.040 15.587 14.850 15.739 12.771 12.985 10.411 11.161 10.117  6.532  3.828  0.000  3.818  6.917 10.405  9.996  8.594  6.015  5.698  8.260  9.188 12.601 12.093 12.649 11.730 15.232 14.669 12.359 14.885 12.854 15.638 16.517 15.821 12.868 10.600  6.805  5.767  4.796  6.416  8.801 10.844 14.437 16.892 19.486 22.357
 18.781 17.019 13.264 12.116  9.685  9.901 10.465 10.720 14.433 15.178 15.581 14.072 14.487 15.758 15.779 17.998 16.718 18.160 16.646 17.901 16.107 13.988 10.527 13.007 14.944 12.184 11.915 15.722 15.915 14.139 16.745 19.481 18.656 17.921 19.177 16.238 16.644 14.146 14.522 13.212  9.912  6.556  3.818  0.000  3.822  6.811  6.261  5.492  4.530  5.752  9.322 11.440 14.409 13.085 13.573 12.076 15.064 14.250 11.211 13.577 11.807 14.655 16.069 15.291 11.802  9.616  6.163  5.069  6.368  7.674 10.962 12.802 16.472 19.138 21.461 24.265
 17.041 15.491 11.934 11.290 10.012 10.595 12.325 12.747 16.150 16.814 16.739 14.542 15.050 15.545 15.591 17.332 15.969 16.965 14.991 16.803 15.711 14.237 11.400 14.615 16.020 13.157 13.931 17.565 17.226 15.963 19.014 21.270 20.224 20.012 21.703 19.127 19.764 17.161 17.928 16.840 13.363 10.222  6.917  3.822  0.000  3.848  5.503  5.482  6.559  6.967 10.760 13.100 15.354 13.133 12.909 10.629 13.052 12.561  9.030 10.690  8.922 11.622 13.461 12.913  9.182  7.844  5.401  6.233  8.998 11.020 14.489 16.553 20.199 22.905 25.219 27.992
 19.308 17.853 14.551 13.880 13.062 13.044 14.870 14.569 17.636 18.861 19.081 16.955 17.993 18.389 18.739 20.315 18.997 19.645 17.269 19.271 18.729 17.392 14.838 18.147 19.628 16.857 17.706 21.340 20.950 19.654 22.736 24.979 23.767 23.459 25.261 22.625 23.289 20.724 21.182 19.936 16.669 13.287 10.405  6.811  3.848  0.000  3.850  5.550  8.434  9.693 13.326 16.172 18.113 15.574 15.446 13.071 14.678 13.906 10.122 11.289 10.263 12.626 14.913 14.364 10.579  9.701  8.423  8.929 12.064 13.567 17.212 19.012 22.602 25.370 27.435 30.116
 22.359 20.742 17.199 16.088 14.448 13.844 14.734 13.705 16.865 18.632 19.538 18.068 19.315 20.355 20.788 22.730 21.397 22.260 20.001 21.561 20.644 18.700 15.725 18.558 20.618 17.998 18.069 21.860 21.958 20.232 22.924 25.613 24.547 23.709 25.137 22.120 22.515 20.055 19.864 18.378 15.570 11.929  9.996  6.261  5.503  3.850  0.000  3.822  6.903  9.557 12.977 16.104 18.448 16.476 17.136 15.380 17.274 15.914 12.346 14.290 13.493 16.163 18.341 17.609 13.798 12.193 10.163  9.257 11.662 12.077 15.587 16.802 20.294 22.995 24.785 27.394
 21.763 20.605 17.083 16.552 14.752 14.933 15.632 15.172 18.700 20.057 20.730 19.145 19.702 20.575 20.343 22.002 20.146 20.707 18.303 19.288 18.354 16.000 13.144 15.865 18.292 16.192 16.217 19.940 20.543 19.202 21.603 24.407 23.888 23.257 24.256 21.135 20.962 18.075 17.751 16.900 14.146 10.406  8.594  5.492  5.482  5.550  3.822  0.000  3.826  6.411  9.490 12.876 15.036 13.208 14.408 13.329 15.238 13.336 10.160 12.912 12.609 15.881 18.318 18.208 14.481 13.246 10.520 10.061 11.706 12.141 15.228 16.078 19.658 21.987 23.745 26.423
 21.332 20.194 16.607 16.100 13.762 14.289 14.416 14.393 18.138 19.109 19.735 18.388 18.451 19.571 18.994 20.779 18.824 19.634 17.644 18.117 16.595 13.768 10.576 12.740 15.531 13.727 13.193 16.874 17.950 16.594 18.587 21.606 21.475 20.758 21.327 18.087 17.539 14.519 14.066 13.514 10.873  7.204  6.015  4.530  6.559  8.434  6.903  3.826  0.000  3.827  6.565  9.693 12.375 11.326 12.995 12.584 15.096 13.185 10.640 13.885 13.279 16.733 18.794 18.733 15.237 13.701 10.283  9.526  9.962 10.168 12.685 13.322 16.916 19.019 20.893 23.651
 18.560 17.878 14.547 14.785 12.836 14.364 14.942 15.842 19.625 19.901 19.855 18.052 17.379 17.949 16.726 18.049 15.696 16.236 14.275 14.444 12.889 10.015  7.039  9.599 12.238 10.784 10.866 14.323 15.439 14.799 16.840 19.540 19.761 19.653 20.184 17.288 16.589 13.188 13.464 13.690 10.696  7.732  5.698  5.752  6.967  9.693  9.557  6.411  3.827  0.000  3.839  6.656  9.068  7.769  9.288  9.235 11.944 10.209  8.249 11.655 11.060 14.648 16.655 17.140 14.015 13.098  9.684 10.114 10.383 11.573 13.751 14.778 18.329 20.215 22.338 25.139
 20.082 19.888 16.873 17.520 15.546 17.387 17.609 18.701 22.481 22.554 22.453 20.797 19.634 20.117 18.342 19.306 16.547 16.720 14.877 14.038 12.405  8.888  6.599  8.068 11.340 11.122 10.883 13.770 15.691 15.570 16.899 19.641 20.580 20.618 20.511 17.642 16.159 12.438 12.405 13.633 11.291  9.085  8.260  9.322 10.760 13.326 12.977  9.490  6.565  3.839  0.000  3.838  5.929  5.841  8.675 10.153 12.538 10.304  9.708 13.359 13.351 16.986 18.987 19.911 17.122 16.454 13.032 13.466 12.995 13.801 15.150 15.557 18.801 20.086 22.011 24.727
 19.214 19.195 16.512 17.399 15.436 17.737 17.794 19.483 23.135 22.636 22.175 20.577 18.797 19.173 16.938 17.724 14.928 15.279 14.176 12.767 10.446  6.652  4.755  4.637  8.198  8.933  8.483 10.683 13.085 13.500 14.314 16.861 18.342 18.692 18.213 15.695 13.896 10.071 10.668 12.660 10.543  9.627  9.188 11.440 13.100 16.172 16.104 12.876  9.693  6.656  3.838  0.000  3.852  5.679  8.132 10.283 12.983 11.471 11.674 14.915 14.500 17.794 19.226 20.235 17.981 17.350 13.991 14.617 13.460 14.517 15.156 15.703 18.630 19.608 21.733 24.413
 19.376 20.094 17.916 19.489 18.105 20.766 21.208 23.038 26.693 26.081 25.341 23.424 21.379 21.182 18.497 18.518 15.225 14.666 13.270 11.024  9.482  5.898  6.359  6.355  8.977 10.707 11.180 12.575 14.898 16.123 16.860 18.890 20.681 21.540 21.028 18.875 16.942 13.173 13.899 16.277 14.299 13.410 12.601 14.409 15.354 18.113 18.448 15.036 12.375  9.068  5.929  3.852  0.000  3.811  6.757 10.026 11.777 10.025 11.461 14.493 14.826 18.043 19.724 21.394 19.440 19.500 16.496 17.709 16.945 18.251 18.971 19.469 22.300 23.054 25.024 27.598
 17.247 18.130 15.982 17.850 16.976 19.718 20.768 22.542 26.219 25.732 24.845 22.514 20.701 20.115 17.558 17.348 13.898 12.892 10.689  8.990  8.356  5.430  6.067  8.081  9.966 10.754 12.175 14.074 15.567 16.771 18.288 20.114 21.351 22.392 22.509 20.386 19.042 15.293 16.275 18.042 15.442 13.872 12.093 13.085 13.133 15.574 16.476 13.208 11.326  7.769  5.841  5.679  3.811  0.000  3.834  6.942  8.280  6.270  7.807 10.771 11.477 14.793 16.891 18.838 16.797 17.350 14.702 16.471 16.534 18.302 19.741 20.674 23.846 25.048 27.127 29.796
 13.623 14.869 13.190 15.633 15.496 18.647 20.275 22.455 25.952 25.107 23.722 20.981 18.944 17.743 14.987 14.252 10.652  9.243  6.871  5.520  5.375  4.114  5.918  8.681  9.081  9.465 11.994 13.615 14.232 15.891 17.894 19.115 20.054 21.606 22.221 20.572 19.808 16.309 18.025 19.510 16.490 15.140 12.649 13.573 12.909 15.446 17.136 14.408 12.995  9.288  8.675  8.132  6.757  3.834  0.000  3.827  5.260  5.143  6.927  8.713  8.959 11.771 13.596 15.890 14.382 15.536 13.529 16.043 16.520 18.971 20.661 22.212 25.455 26.936 29.291 32.012
 10.941 11.857 10.041 12.602 13.017 16.162 18.341 20.542 23.876 23.029 21.469 18.421 16.676 15.207 12.859 12.250  9.017  7.972  5.166  6.244  6.280  6.382  6.861 10.398 10.245  9.217 12.218 14.257 13.951 15.252 17.940 18.990 19.205 20.776 22.029 20.482 20.406 17.184 19.150 19.961 16.519 14.914 11.730 12.076 10.629 13.071 15.380 13.329 12.584  9.235 10.153 10.283 10.026  6.942  3.827  0.000  3.855  5.489  5.472  6.190  5.338  8.091  9.984 12.221 10.678 12.209 10.778 13.829 15.002 17.907 20.099 22.152 25.552 27.460 29.985 32.769
 11.900 13.659 12.583 15.507 16.429 19.494 21.904 23.957 27.256 26.524 24.904 21.682 20.024 18.165 15.784 14.502 11.165  8.884  5.104  5.974  8.080  8.862 10.269 13.545 13.304 12.816 15.912 17.672 17.363 18.955 21.580 22.407 22.698 24.472 25.741 24.275 24.082 20.769 22.598 23.582 20.212 18.407 15.232 15.064 13.052 14.678 17.274 15.238 15.096 11.944 12.538 12.983 11.777  8.280  5.260  3.855  0.000  3.860  5.435  4.665  5.940  8.070 10.644 13.664 12.484 14.768 13.890 17.084 18.610 21.451 23.778 25.701 29.139 30.984 33.390 36.149
 15.509 16.880 15.200 17.596 17.818 20.533 22.521 24.149 27.675 27.360 26.218 23.295 21.885 20.580 18.331 17.545 14.137 12.194  8.644  8.378  9.926  9.219 10.154 13.313 14.117 13.917 16.343 18.455 18.849 20.095 22.436 23.814 24.342 25.690 26.592 24.662 24.016 20.440 21.665 22.795 19.668 17.471 14.669 14.250 12.561 13.906 15.914 13.336 13.185 10.209 10.304 11.471 10.025  6.270  5.143  5.489  3.860  0.000  3.836  5.439  7.807 10.857 13.846 16.463 14.556 16.260 14.697 17.322 18.688 20.995 23.287 24.710 28.170 29.842 31.985 34.708
 15.246 15.829 13.572 15.394 15.473 17.760 19.855 21.162 24.641 24.620 23.710 20.837 19.956 18.966 17.332 17.183 14.271 13.133  9.733 10.651 11.412 10.471 10.058 13.681 14.719 13.549 15.733 18.444 18.542 19.118 21.819 23.453 23.466 24.443 25.659 23.512 23.244 19.823 20.926 21.440 18.103 15.480 12.359 11.211  9.030 10.122 12.346 10.160 10.640  8.249  9.708 11.674 11.461  7.807  6.927  5.472  5.435  3.836  0.000  3.853  5.608  9.223 12.454 14.441 11.900 13.302 11.755 14.271 16.119 18.419 21.118 22.716 26.306 28.304 30.487 33.250
 13.364 14.323 12.745 15.039 16.039 18.461 21.124 22.623 25.829 25.605 24.306 21.066 20.205 18.605 17.072 16.413 13.732 12.178  8.572 10.484 12.043 12.299 12.444 16.155 16.395 15.009 17.774 20.213 19.664 20.500 23.515 24.658 24.360 25.698 27.328 25.551 25.687 22.460 23.961 24.325 20.790 18.343 14.885 13.577 10.690 11.289 14.290 12.912 13.885 11.655 13.359 14.915 14.493 10.771  8.713  6.190  4.665  5.439  3.853  0.000  3.840  6.400 10.007 12.527 10.595 12.991 12.542 15.654 17.977 20.707 23.594 25.580 29.181 31.357 33.682 36.458
 10.631 10.908  9.027 11.246 12.499 15.042 17.936 19.715 22.753 22.255 20.729 17.382 16.522 14.875 13.609 13.301 11.120 10.456  7.602 10.386 11.020 11.576 11.150 14.917 14.727 12.647 15.524 18.009 16.948 17.560 20.846 21.833 21.156 22.504 24.445 22.872 23.461 20.551 22.402 22.420 18.712 16.555 12.854 11.807  8.922 10.263 13.493 12.609 13.279 11.060 13.351 14.500 14.826 11.477  8.959  5.338  5.940  7.807  5.608  3.840  0.000  3.831  6.950  9.001  6.984  9.450  9.357 12.827 15.239 18.340 21.254 23.656 27.210 29.586 32.129 34.929
  8.565  9.019  8.257 10.869 13.186 15.743 19.085 21.077 23.698 22.900 20.939 17.306 16.463 14.159 13.170 12.372 10.889 10.202  8.005 11.559 12.519 14.020 13.961 17.537 16.636 14.402 17.603 19.707 17.980 18.777 22.264 22.695 21.646 23.331 25.678 24.560 25.580 22.982 25.186 25.044 21.265 19.414 15.638 14.655 11.622 12.626 16.163 15.881 16.733 14.648 16.986 17.794 18.043 14.793 11.771  8.091  8.070 10.857  9.223  6.400  3.831  0.000  3.838  6.601  6.059  9.587 10.857 14.576 17.199 20.593 23.530 26.274 29.748 32.259 34.939 37.726
  5.724  5.660  6.052  8.971 12.068 14.797 18.317 20.730 22.965 21.652 19.201 15.425 14.320 11.469 10.690  9.697  9.244  9.366  8.656 12.442 12.853 14.923 14.880 18.078 16.497 14.021 17.340 19.011 16.644 17.537 21.116 21.013 19.627 21.605 24.267 23.659 25.112 22.944 25.556 25.270 21.502 20.208 16.517 16.069 13.461 14.913 18.341 18.318 18.794 16.655 18.987 19.226 19.724 16.891 13.596  9.984 10.644 13.846 12.454 10.007  6.950  3.838  0.000  3.842  5.583  9.094 11.103 14.853 17.223 20.882 23.591 26.676 29.967 32.540 35.408 38.166
  7.607  5.358  4.964  6.400  9.887 12.055 15.762 18.102 19.941 18.577 16.077 12.294 11.786  9.214  9.705  9.905 10.606 11.920 11.770 15.407 15.054 16.703 15.888 18.923 17.444 14.359 17.185 19.057 16.364 16.532 20.292 20.248 18.244 19.854 22.880 22.329 24.267 22.527 25.127 24.310 20.569 19.403 15.821 15.291 12.913 14.364 17.609 18.208 18.733 17.140 19.911 20.235 21.394 18.838 15.890 12.221 13.664 16.463 14.441 12.527  9.001  6.601  3.842  0.000  3.843  6.636  9.571 12.978 15.494 19.163 21.936 25.270 28.438 31.231 34.161 36.875
 10.027  7.961  5.580  6.051  8.398 10.233 13.841 15.734 18.003 17.224 15.361 11.794 11.802 10.265 10.764 11.690 11.593 12.841 11.866 15.229 14.693 15.505 14.070 17.381 16.662 13.388 15.817 18.338 16.209 15.870 19.641 20.317 18.471 19.519 22.303 21.133 22.819 20.817 22.995 22.031 18.242 16.553 12.868 11.802  9.182 10.579 13.798 14.481 15.237 14.015 17.122 17.981 19.440 16.797 14.382 10.678 12.484 14.556 11.900 10.595  6.984  6.059  5.583  3.843  0.000  3.828  6.480  9.952 12.902 16.387 19.476 22.606 25.944 28.793 31.586 34.330
 12.517  9.731  6.481  4.647  5.600  6.593 10.183 11.941 14.227 13.593 12.089  8.826  9.550  9.258 10.547 12.618 12.898 14.895 14.264 17.199 15.903 16.036 13.786 16.747 16.421 12.769 14.368 17.210 15.208 14.006 17.751 18.843 16.716 17.110 19.933 18.522 20.447 18.771 20.751 19.301 15.611 14.003 10.600  9.616  7.844  9.701 12.193 13.246 13.701 13.098 16.454 17.350 19.500 17.350 15.536 12.209 14.768 16.260 13.302 12.991  9.450  9.587  9.094  6.636  3.828  0.000  3.818  6.589  9.635 13.038 16.183 19.435 22.681 25.679 28.488 31.202
 13.815 11.437  7.670  6.130  4.748  6.065  8.699 10.446 13.505 13.104 12.165  9.497  9.755 10.273 10.814 13.140 12.720 14.727 13.909 16.177 14.420 13.728 10.905 13.745 14.071 10.484 11.512 14.788 13.499 12.034 15.540 17.264 15.646 15.683 17.971 16.030 17.503 15.529 17.233 15.888 12.151 10.292  6.805  6.163  5.401  8.423 10.163 10.520 10.283  9.684 13.032 13.991 16.496 14.702 13.529 10.778 13.890 14.697 11.755 12.542  9.357 10.857 11.103  9.571  6.480  3.818  0.000  3.830  6.601  9.999 13.149 16.169 19.566 22.441 25.202 27.977
 17.370 14.748 11.000  8.608  5.812  4.935  6.123  7.013 10.424 10.673 10.768  9.218 10.311 12.075 13.125 15.997 15.805 18.074 17.376 19.277 17.158 15.848 12.469 14.689 15.617 12.097 11.909 15.414 14.574 12.204 15.297 17.583 15.860 14.975 17.036 14.632 16.187 14.607 15.738 13.708 10.278  8.288  5.767  5.069  6.233  8.929  9.257 10.061  9.526 10.114 13.466 14.617 17.709 16.471 16.043 13.829 17.084 17.322 14.271 15.654 12.827 14.576 14.853 12.978  9.952  6.589  3.830  0.000  3.824  6.621 10.091 13.099 16.445 19.526 22.218 24.955
 18.708 16.128 12.488 10.116  6.444  5.757  4.695  6.207  9.814  9.614 10.014  9.398  9.872 12.369 13.125 16.292 16.146 18.744 18.522 19.864 17.158 15.446 11.819 13.086 14.232 10.960  9.651 13.071 12.717  9.793 12.335 15.067 13.638 12.210 13.783 11.066 12.573 11.331 12.407 10.125  6.826  5.801  4.796  6.368  8.998 12.064 11.662 11.706  9.962 10.383 12.995 13.460 16.945 16.534 16.520 15.002 18.610 18.688 16.119 17.977 15.239 17.199 17.223 15.494 12.902  9.635  6.601  3.824  0.000  3.818  6.611  9.887 13.130 16.129 18.998 21.771
 22.453 19.921 16.281 13.847 10.159  8.733  6.296  5.861  9.364 10.129 11.724 12.161 13.013 15.891 16.700 19.909 19.656 22.164 21.803 22.819 20.041 17.829 14.043 14.759 16.543 13.746 11.622 14.944 15.278 12.073 13.733 16.939 15.788 13.615 14.487 11.233 12.285 11.424 11.380  8.380  6.179  5.117  6.416  7.674 11.020 13.567 12.077 12.141 10.168 11.573 13.801 14.517 18.251 18.302 18.971 17.907 21.451 20.995 18.419 20.707 18.340 20.593 20.882 19.163 16.387 13.038  9.999  6.621  3.818  0.000  3.822  6.608  9.911 13.104 15.790 18.553
 24.434 21.961 18.530 16.178 12.378 11.221  8.059  8.013 10.643 10.900 12.629 13.788 14.164 17.330 17.933 21.204 21.053 23.743 23.781 24.385 21.249 18.867 15.194 14.939 16.769 14.482 11.542 14.264 15.093 11.685 12.294 15.755 15.007 12.288 12.322  8.827  9.619  9.634  9.161  5.568  5.017  6.156  8.801 10.962 14.489 17.212 15.587 15.228 12.685 13.751 15.150 15.156 18.971 19.741 20.661 20.099 23.778 23.287 21.118 23.594 21.254 23.530 23.591 21.936 19.476 16.183 13.149 10.091  6.611  3.822  0.000  3.825  6.639  9.779 12.748 15.535
 27.554 25.315 21.841 19.717 15.932 14.866 11.760 11.110 13.504 14.263 16.296 17.573 17.890 20.970 21.298 24.393 23.899 26.330 26.151 26.357 23.258 20.440 16.825 16.160 18.562 16.856 13.615 16.157 17.685 14.551 14.476 18.157 17.964 15.174 14.410 10.745 10.371 10.361  8.455  4.972  6.472  7.347 10.844 12.802 16.553 19.012 16.802 16.078 13.322 14.778 15.557 15.703 19.469 20.674 22.212 22.152 25.701 24.710 22.716 25.580 23.656 26.274 26.676 25.270 22.606 19.435 16.169 13.099  9.887  6.608  3.825  0.000  3.829  6.757  9.436 12.357
 30.546 28.231 24.894 22.647 18.859 17.621 14.192 13.421 15.045 15.722 17.984 19.818 20.139 23.424 23.850 27.021 26.736 29.311 29.378 29.449 26.197 23.395 19.927 18.797 21.067 19.625 16.137 18.114 19.759 16.571 15.815 19.369 19.303 16.159 14.864 11.545 11.042 12.035  9.825  6.689  9.377 10.933 14.437 16.472 20.199 22.602 20.294 19.658 16.916 18.329 18.801 18.630 22.300 23.846 25.455 25.552 29.139 28.170 26.306 29.181 27.210 29.748 29.967 28.438 25.944 22.681 19.566 16.445 13.130  9.911  6.639  3.829  0.000  3.837  6.694  9.433
 32.792 30.693 27.455 25.451 21.695 20.767 17.402 16.857 18.428 18.915 21.006 22.826 22.816 25.991 26.108 29.105 28.647 31.100 31.235 30.931 27.624 24.662 21.439 19.807 22.205 21.309 17.647 19.159 21.254 18.379 16.995 20.503 20.964 17.917 15.957 12.871 11.582 12.787 10.074  8.014 11.395 13.224 16.892 19.138 22.905 25.370 22.995 21.987 19.019 20.215 20.086 19.608 23.054 25.048 26.936 27.460 30.984 29.842 28.304 31.357 29.586 32.259 32.540 31.231 28.793 25.679 22.441 19.526 16.129 13.104  9.779  6.757  3.837  0.000  3.845  6.772
 35.802 33.766 30.474 28.500 24.744 23.722 20.372 19.501 20.954 21.759 24.043 25.915 26.023 29.189 29.277 32.228 31.635 33.948 33.923 33.484 30.274 27.154 23.994 22.333 24.942 24.228 20.587 22.082 24.357 21.588 20.121 23.619 24.205 21.168 19.092 16.097 14.553 15.590 12.536 10.972 14.331 15.768 19.486 21.461 25.219 27.435 24.785 23.745 20.893 22.338 22.011 21.733 25.024 27.127 29.291 29.985 33.390 31.985 30.487 33.682 32.129 34.939 35.408 34.161 31.586 28.488 25.202 22.218 18.998 15.790 12.748  9.436  6.694  3.845  0.000  3.810
