  0.000  3.830  6.611 10.201 13.149 16.549 19.594 22.733 24.897 22.807 19.830 16.221 13.888 10.396  8.250  5.480  5.424  5.836  7.574 10.699 10.666 13.728 14.565 16.893 14.264 12.493 16.109 16.608 13.872 15.785 18.916 17.924 16.979 19.745 22.192 22.345 23.794 21.944 25.076 25.266 21.745 21.381 18.098 18.797 17.068 19.342 22.388 21.798 21.345 18.582 20.096 19.225 19.383 17.253 13.617 10.958 11.905 15.520 15.278 13.424 10.684  8.595  5.741  7.616 10.049 12.532 13.821 17.368 18.707 22.459 24.424 27.551 30.524 32.891 35.922 38.605
  3.830  0.000  3.827  6.803 10.097 13.243 16.403 19.561 21.459 19.286 16.232 12.574 10.497  6.964  5.841  4.806  6.391  8.482  9.974 13.157 12.287 14.655 14.518 16.844 14.459 11.842 15.003 15.875 12.768 13.865 17.311 16.490 14.848 17.257 20.104 20.232 22.152 20.662 23.772 23.444 19.896 19.613 16.379 17.041 15.521 17.884 20.771 20.640 20.212 17.909 19.917 19.229 20.124 18.151 14.868 11.867 13.651 16.885 15.850 14.359 10.941  9.025  5.655  5.348  7.971  9.744 11.449 14.754 16.142 19.935 21.965 25.324 28.224 30.805 33.880 36.537
  6.611  3.827  0.000  3.818  6.708 10.007 13.175 16.187 18.419 16.581 13.942 10.291  8.550  6.019  5.351  6.309  6.874  9.308  9.926 12.953 11.563 13.006 12.010 14.598 12.897  9.676 12.492 14.147 11.425 11.767 15.465 15.458 13.768 15.536 18.300 17.819 19.664 18.002 20.837 20.267 16.605 16.031 12.714 13.289 11.965 14.582 17.228 17.121 16.629 14.584 16.911 16.557 17.956 16.011 13.191 10.044 12.570 15.205 13.591 12.773  9.053  8.254  6.037  4.944  5.589  6.491  7.683 11.005 12.502 16.298 18.538 21.852 24.889 27.557 30.577 33.281
 10.201  6.803  3.818  0.000  3.818  6.478  9.852 12.830 14.774 12.926 10.355  6.655  5.806  4.667  6.226  8.815 10.046 12.892 13.438 16.251 14.425 15.155 13.285 15.612 14.393 10.703 12.509 14.559 11.830 10.946 14.759 15.136 12.782 13.764 16.857 16.207 18.532 17.342 19.971 18.744 15.172 14.675 11.642 12.121 11.303 13.897 16.100 16.568 16.097 14.799 17.537 17.428 19.513 17.860 15.612 12.578 15.473 17.578 15.385 15.039 11.245 10.857  8.962  6.394  6.051  4.648  6.129  8.601 10.118 13.844 16.170 19.708 22.625 25.526 28.556 31.207
 13.149 10.097  6.708  3.818  0.000  3.825  6.510  9.672 12.085 10.406  8.498  5.597  5.059  6.325  7.629 10.862 11.581 14.571 14.949 17.159 14.765 14.567 11.921 13.846 13.319  9.478 10.192 12.762 10.654  8.756 12.452 13.659 11.448 11.560 14.353 13.120 15.401 14.304 16.659 15.128 11.612 11.246  8.644  9.672 10.002 13.052 14.435 14.744 13.741 12.838 15.560 15.469 18.134 16.986 15.474 12.986 16.392 17.794 15.450 16.024 12.483 13.163 12.053  9.878  8.391  5.588  4.736  5.786  6.440 10.148 12.370 15.922 18.840 21.770 24.797 27.469
 16.549 13.243 10.007  6.478  3.825  0.000  3.828  6.411  8.484  7.273  6.226  4.336  6.310  8.758 11.000 14.403 15.372 18.330 18.498 20.763 18.414 17.878 14.859 16.635 16.594 12.810 12.731 15.481 13.648 10.980 14.277 15.823 13.228 12.339 15.205 13.693 16.284 15.687 17.488 15.194 12.044 11.494  9.534  9.896 10.596 13.045 13.839 14.930 14.272 14.371 17.406 17.773 20.797 19.731 18.627 16.132 19.457 20.511 17.738 18.443 15.027 15.728 14.793 12.059 10.234  6.594  6.068  4.924  5.764  8.718 11.214 14.847 17.596 20.812 23.722 26.293
 19.594 16.403 13.175  9.852  6.510  3.828  0.000  3.836  6.162  5.015  5.572  6.096  7.811 11.152 13.136 16.753 17.629 20.727 21.027 22.820 20.070 18.991 15.640 16.700 17.105 13.610 12.420 15.123 13.890 10.514 13.070 15.174 12.762 10.843 13.225 11.303 13.968 13.942 15.321 12.520  9.975 10.063  9.422 10.465 12.336 14.894 14.756 15.639 14.398 14.935 17.610 17.802 21.212 20.758 20.230 18.290 21.852 22.487 19.826 21.102 17.914 19.064 18.299 15.756 13.845 10.191  8.705  6.132  4.690  6.271  8.032 11.728 14.156 17.426 20.343 22.854
 22.733 19.561 16.187 12.830  9.672  6.411  3.836  0.000  3.862  5.448  7.893  9.084 11.466 14.699 16.779 20.312 20.976 23.848 23.728 25.519 22.935 21.506 17.930 19.090 20.047 16.667 15.223 18.201 17.393 13.950 16.160 18.599 16.339 14.026 15.985 13.638 15.922 15.909 16.464 13.207 11.195 10.597 10.538 10.682 12.752 14.601 13.713 15.147 14.326 15.791 18.648 19.434 22.991 22.496 22.387 20.481 23.902 24.099 21.121 22.601 19.703 21.089 20.756 18.151 15.781 11.990 10.461  7.012  6.142  5.728  7.879 10.954 13.267 16.721 19.300 21.703
 24.897 21.459 18.419 14.774 12.085  8.484  6.162  3.862  0.000  3.840  7.321  9.647 12.624 16.025 18.659 22.312 23.495 26.582 26.728 28.706 26.092 24.909 21.428 22.449 23.116 19.692 18.244 20.858 19.727 16.166 18.172 20.246 17.568 14.989 17.167 15.352 18.070 18.697 19.304 15.857 14.340 14.215 14.299 14.399 16.163 17.676 16.874 18.679 18.073 19.580 22.432 23.090 26.651 26.181 25.896 23.830 27.216 27.639 24.613 25.824 22.759 23.731 23.016 20.013 18.066 14.286 13.525 10.422  9.757  9.232 10.488 13.318 14.849 18.244 20.677 22.772
 22.807 19.286 16.581 12.926 10.406  7.273  5.015  5.448  3.840  0.000  3.807  6.935  9.622 13.213 15.978 19.713 21.299 24.653 25.302 27.278 24.489 23.668 20.437 21.225 21.336 17.914 16.599 18.732 17.175 13.665 15.693 17.284 14.309 11.861 14.467 13.310 16.522 17.466 18.737 15.577 13.890 14.497 14.336 15.150 16.817 18.885 18.634 20.038 19.054 19.864 22.517 22.605 26.051 25.699 25.051 22.977 26.475 27.319 24.586 25.590 22.246 22.907 21.672 18.615 17.256 13.625 13.112 10.665  9.571 10.031 10.785 14.137 15.589 18.834 21.587 23.726
 19.830 16.232 13.942 10.355  8.498  6.226  5.572  7.893  7.321  3.807  0.000  3.828  6.366  9.842 12.879 16.579 18.578 22.071 23.092 25.230 22.492 22.198 19.344 20.227 19.700 16.201 15.474 17.222 15.025 11.908 14.349 15.248 11.896 10.216 13.489 13.049 16.531 17.343 19.314 16.652 14.493 15.307 14.481 15.560 16.739 19.091 19.533 20.716 19.695 19.837 22.442 22.177 25.343 24.835 23.685 21.431 24.864 26.188 23.684 24.294 20.720 20.934 19.208 16.094 15.373 12.101 12.166 10.755  9.992 11.661 12.561 16.226 17.909 21.016 23.971 26.202
 16.221 12.574 10.291  6.655  5.597  4.336  6.096  9.084  9.647  6.935  3.828  0.000  3.828  6.642  9.880 13.441 15.429 18.800 19.739 22.149 19.697 19.790 17.219 18.614 17.777 14.087 14.214 16.096 13.502 11.008 14.185 14.803 11.521 10.953 14.449 14.005 17.219 17.309 19.628 17.430 14.600 14.928 13.206 14.052 14.539 16.956 18.057 19.133 18.355 18.044 20.798 20.594 23.441 22.516 20.956 18.393 21.649 23.272 20.816 21.058 17.376 17.301 15.433 12.307 11.799  8.827  9.491  9.193  9.378 12.112 13.739 17.523 19.761 22.863 25.891 28.305
 13.888 10.497  8.550  5.806  5.059  6.310  7.811 11.466 12.624  9.622  6.366  3.828  0.000  3.847  6.546 10.255 12.393 15.998 17.462 19.591 16.905 17.279 15.109 16.167 14.781 11.290 11.725 13.024 10.049  8.073 11.394 11.497  8.316  8.729 12.265 12.326 15.421 15.403 18.255 16.683 13.777 14.633 12.842 14.462 15.039 17.988 19.298 19.685 18.413 17.365 19.629 18.808 21.393 20.700 18.920 16.651 19.995 21.864 19.938 20.204 16.520 16.454 14.320 11.789 11.803  9.546  9.744 10.279  9.844 12.964 14.110 17.844 20.086 22.885 26.048 28.520
 10.396  6.964  6.019  4.667  6.325  8.758 11.152 14.699 16.025 13.213  9.842  6.642  3.847  0.000  3.818  7.032  9.711 13.242 15.012 17.452 15.181 16.360 14.921 16.350 14.319 11.015 12.621 13.529 10.074  9.524 12.990 12.340  9.560 11.247 14.628 15.023 17.758 17.275 20.409 19.362 16.198 16.763 14.364 15.750 15.552 18.401 20.358 20.579 19.553 17.952 20.125 19.192 21.203 20.125 17.731 15.200 18.151 20.575 18.968 18.626 14.893 14.164 11.478  9.220 10.273  9.261 10.270 12.055 12.353 15.860 17.289 20.938 23.379 26.073 29.242 31.767
  8.250  5.841  5.351  6.226  7.629 11.000 13.136 16.779 18.659 15.978 12.879  9.880  6.546  3.818  0.000  3.816  6.221  9.938 12.159 14.204 11.788 13.314 12.500 13.759 11.220  8.364 10.698 11.104  7.597  8.421 11.732 10.817  9.077 11.598 14.347 14.780 16.897 15.941 19.313 18.972 15.775 16.450 13.986 15.798 15.616 18.766 20.810 20.371 19.005 16.755 18.375 16.981 18.541 17.590 14.997 12.875 15.789 18.347 17.357 17.115 13.645 13.175 10.685  9.697 10.778 10.561 10.833 13.128 13.137 16.706 17.927 21.306 23.842 26.239 29.404 31.988
  5.480  4.806  6.309  8.815 10.862 14.403 16.753 20.312 22.312 19.713 16.579 13.441 10.255  7.032  3.816  0.000  3.833  7.164 10.088 12.122 10.305 12.812 13.090 14.444 11.366  9.432 12.540 12.389  9.122 11.164 14.047 12.648 11.687 14.724 17.099 17.717 19.392 18.095 21.547 21.715 18.509 19.021 16.345 18.008 17.352 20.340 22.749 22.025 20.782 18.066 19.320 17.740 18.536 17.361 14.252 12.268 14.510 17.557 17.210 16.466 13.345 12.389  9.704  9.911 11.713 12.636 13.152 15.995 16.292 19.907 21.187 24.389 26.999 29.224 32.359 34.954
  5.424  6.391  6.874 10.046 11.581 15.372 17.629 20.976 23.495 21.299 18.578 15.429 12.393  9.711  6.221  3.833  0.000  3.823  6.696  8.362  6.582  9.395 10.312 11.949  8.984  7.652 11.325 11.419  9.073 11.579 14.300 13.524 13.403 16.229 18.042 18.096 19.079 17.103 20.352 20.984 17.708 17.858 15.069 16.711 15.967 18.997 21.395 20.151 18.814 15.698 16.549 14.934 15.235 13.903 10.648  9.032 11.170 14.143 14.289 13.778 11.153 10.888  9.229 10.592 11.598 12.895 12.712 15.785 16.130 19.648 21.033 23.893 26.711 28.759 31.782 34.448
  5.836  8.482  9.308 12.892 14.571 18.330 20.727 23.848 26.582 24.653 22.071 18.800 15.998 13.242  9.938  7.164  3.823  0.000  3.878  5.375  5.352  8.967 10.994 12.923 10.253  9.876 13.680 13.807 12.172 14.891 17.375 16.736 17.022 19.831 21.378 21.226 21.759 19.356 22.358 23.354 20.075 19.815 16.881 18.145 16.951 19.632 22.248 20.703 19.619 16.230 16.711 15.271 14.662 12.884  9.235  7.987  8.892 12.196 13.147 12.223 10.483 10.193  9.342 11.899 12.836 14.882 14.707 18.045 18.721 22.155 23.722 26.322 29.285 31.204 34.104 36.796
  7.574  9.974  9.926 13.438 14.949 18.498 21.027 23.728 26.728 25.302 23.092 19.739 17.462 15.012 12.159 10.088  6.696  3.878  0.000  3.837  5.535  8.328 10.270 12.998 11.336 10.799 14.491 15.436 14.341 16.549 19.215 19.242 19.463 21.826 23.329 22.585 22.871 20.036 22.580 23.529 20.111 19.150 15.968 16.598 14.935 17.212 19.951 18.272 17.611 14.252 14.863 14.170 13.278 10.691  6.871  5.164  5.111  8.649  9.731  8.596  7.584  7.947  8.582 11.700 11.808 14.198 13.841 17.305 18.464 21.767 23.741 26.123 29.332 31.304 34.056 36.807
 10.699 13.157 12.953 16.251 17.159 20.763 22.820 25.519 28.706 27.278 25.230 22.149 19.591 17.452 14.204 12.122  8.362  5.375  3.837  0.000  3.835  6.531  9.637 11.636 10.120 10.895 14.289 14.764 14.482 17.097 19.139 19.261 20.212 22.601 23.511 22.721 22.410 19.357 21.760 23.296 20.215 19.488 16.784 17.872 16.760 19.222 21.524 19.266 18.099 14.431 14.033 12.769 11.038  8.992  5.526  6.248  5.973  8.378 10.649 10.499 10.371 11.502 12.373 15.348 15.189 17.156 16.134 19.231 19.832 22.813 24.375 26.364 29.438 31.042 33.678 36.379
 10.666 12.287 11.563 14.425 14.765 18.414 20.070 22.935 26.092 24.489 22.492 19.697 16.905 15.181 11.788 10.305  6.582  5.352  5.535  3.835  0.000  3.841  6.824  8.317  6.350  7.317 10.646 10.945 10.829 13.498 15.360 15.603 16.743 19.041 19.765 19.009 18.686 15.754 18.382 19.939 16.962 16.715 14.325 16.090 15.687 18.703 20.623 18.339 16.578 12.878 12.397 10.442  9.488  8.353  5.372  6.293  8.086  9.927 11.420 12.074 11.032 12.495 12.817 15.029 14.687 15.891 14.404 17.132 17.140 20.045 21.244 23.270 26.190 27.745 30.471 33.156
 13.728 14.655 13.006 15.155 14.567 17.878 18.991 21.506 24.909 23.668 22.198 19.790 17.279 16.360 13.314 12.812  9.395  8.967  8.328  6.531  3.841  0.000  3.835  5.232  5.103  6.486  8.818  9.801 10.829 12.840 14.357 15.487 16.891 18.545 18.798 17.417 16.549 13.205 15.347 17.121 14.340 13.921 11.986 13.995 14.237 17.388 18.700 16.001 13.768 10.018  8.886  6.649  5.899  5.430  4.117  6.407  8.877  9.229 10.493 12.342 11.609 14.023 14.918 16.712 15.534 16.057 13.745 15.852 15.453 17.859 18.886 20.471 23.404 24.784 27.362 30.060
 14.565 14.518 12.010 13.285 11.921 14.859 15.640 17.930 21.428 20.437 19.344 17.219 15.109 14.921 12.500 13.090 10.312 10.994 10.270  9.637  6.824  3.835  0.000  3.844  5.369  4.926  6.323  8.674  9.836 10.724 12.516 14.396 15.378 16.364 16.702 14.782 14.072 10.637 12.580 13.846 10.810 10.139  8.220 10.536 11.404 14.839 15.726 13.143 10.570  7.039  6.594  4.753  6.360  6.064  5.902  6.863 10.268 10.153 10.070 12.475 11.178 13.968 14.883 15.906 14.109 13.816 10.932 12.478 11.828 14.074 15.212 16.849 19.929 21.540 24.169 26.945
 16.893 16.844 14.598 15.612 13.846 16.635 16.700 19.090 22.449 21.225 20.227 18.614 16.167 16.350 13.759 14.444 11.949 12.923 12.998 11.636  8.317  5.232  3.844  0.000  3.844  5.434  5.109  6.346  8.856  9.981 10.587 12.636 14.455 15.347 14.861 13.061 11.631  8.142 10.264 12.338 10.083 10.584  9.956 13.015 14.619 18.148 18.557 15.857 12.726  9.590  8.054  4.624  6.353  8.078  8.677 10.411 13.554 13.316 13.694 16.190 14.949 17.549 18.086 18.948 17.426 16.787 13.782 14.707 13.106 14.795 14.964 16.196 18.810 19.940 22.550 25.223
 14.264 14.459 12.897 14.393 13.319 16.594 17.105 20.047 23.116 21.336 19.700 17.777 14.781 14.319 11.220 11.366  8.984 10.253 11.336 10.120  6.350  5.103  5.369  3.844  0.000  3.863  5.363  4.895  6.358  8.807  9.671 10.590 12.484 14.257 14.175 13.311 12.586  9.835 12.810 14.626 12.201 13.135 11.948 14.955 16.031 19.637 20.624 18.290 15.519 12.233 11.326  8.182  8.966  9.955  9.073 10.263 13.314 14.119 14.735 16.439 14.767 16.651 16.510 17.473 16.710 16.466 14.111 15.636 14.254 16.574 16.785 18.592 21.075 22.354 25.158 27.772
 12.493 11.842  9.676 10.703  9.478 12.810 13.610 16.667 19.692 17.914 16.201 14.087 11.290 11.015  8.364  9.432  7.652  9.876 10.799 10.895  7.317  6.486  4.926  5.434  3.863  0.000  3.850  5.387  5.121  6.511  8.793  9.987 10.709 12.233 13.019 11.933 12.160  9.667 12.756 13.575 10.486 11.111  9.301 12.195 13.166 16.866 18.006 16.193 13.716 10.777 11.110  8.925 10.695 10.733  9.426  9.198 12.790 13.894 13.544 15.027 12.665 14.397 14.016 14.375 13.426 12.808 10.520 12.118 10.987 13.780 14.503 16.886 19.636 21.450 24.410 27.121
 16.109 15.003 12.492 12.509 10.192 12.731 12.420 15.223 18.244 16.599 15.474 14.214 11.725 12.621 10.698 12.540 11.325 13.680 14.491 14.289 10.646  8.818  6.323  5.109  5.363  3.850  0.000  3.840  5.407  5.079  6.318  8.825  9.918 10.413 10.406  8.666  8.451  5.896  9.110  9.938  7.241  8.832  8.342 11.927 13.941 17.716 18.080 16.220 13.184 10.865 10.885  8.492 11.190 12.173 11.971 12.203 15.896 16.334 15.734 17.793 15.538 17.596 17.330 17.192 15.847 14.399 11.547 11.929  9.677 11.656 11.564 13.651 16.153 17.799 20.780 23.481
 16.608 15.875 14.147 14.559 12.762 15.481 15.123 18.201 20.858 18.732 17.222 16.096 13.024 13.529 11.104 12.389 11.419 13.807 15.436 14.764 10.945  9.801  8.674  6.346  4.895  5.387  3.840  0.000  3.845  5.411  4.930  6.359  8.738 10.051  9.411  8.909  8.463  6.832 10.467 11.938 10.131 12.376 12.163 15.734 17.571 21.347 21.869 19.944 16.870 14.325 13.779 10.700 12.595 14.078 13.600 14.248 17.660 18.450 18.447 20.234 18.021 19.689 18.985 19.046 18.353 17.229 14.812 15.428 13.094 14.976 14.289 16.210 18.149 19.363 22.332 24.840
 13.872 12.768 11.425 11.830 10.654 13.648 13.890 17.393 19.727 17.175 15.025 13.502 10.049 10.074  7.597  9.122  9.073 12.172 14.341 14.482 10.829 10.829  9.836  8.856  6.358  5.121  5.407  3.845  0.000  3.854  5.338  5.078  6.205  8.554  9.316  9.656 10.650  9.702 13.419 14.059 11.714 13.678 12.689 15.910 17.217 20.942 21.953 20.534 17.929 15.427 15.686 13.090 14.904 15.553 14.196 13.920 17.325 18.821 18.523 19.663 16.939 17.942 16.599 16.334 16.203 15.211 13.505 14.572 12.729 15.294 15.105 17.721 19.784 21.448 24.571 27.081
 15.785 13.865 11.767 10.946  8.756 10.980 10.514 13.950 16.166 13.665 11.908 11.008  8.073  9.524  8.421 11.164 11.579 14.891 16.549 17.097 13.498 12.840 10.724  9.981  8.807  6.511  5.079  5.411  3.854  0.000  3.848  5.450  5.085  5.752  6.987  6.629  8.553  8.236 11.716 11.425  9.070 11.355 10.833 14.133 15.956 19.651 20.231 19.193 16.571 14.785 15.566 13.507 16.129 16.759 15.851 15.213 18.913 20.064 19.096 20.492 17.547 18.741 17.497 16.506 15.867 14.010 12.042 12.205  9.807 12.084 11.692 14.579 16.590 18.556 21.761 24.297
 18.916 17.311 15.465 14.759 12.452 14.277 13.070 16.160 18.172 15.693 14.349 14.185 11.394 12.990 11.732 14.047 14.300 17.375 19.215 19.139 15.360 14.357 12.516 10.587  9.671  8.793  6.318  4.930  5.338  3.848  0.000  3.843  5.599  5.629  4.532  4.825  6.024  6.804 10.344 10.642  9.516 12.659 13.132 16.746 19.013 22.737 22.927 21.599 18.572 16.834 16.905 14.329 16.878 18.288 17.868 17.914 21.552 22.420 21.808 23.519 20.841 22.233 21.077 20.265 19.640 17.756 15.553 15.301 12.351 13.750 12.307 14.522 15.854 17.218 20.349 22.715
 17.924 16.490 15.458 15.136 13.659 15.823 15.174 18.599 20.246 17.284 15.248 14.803 11.497 12.340 10.817 12.648 13.524 16.736 19.242 19.261 15.603 15.487 14.396 12.636 10.590  9.987  8.825  6.359  5.078  5.450  3.843  0.000  3.845  6.039  5.829  8.002  9.521 10.408 14.018 14.446 13.199 16.113 16.044 19.476 21.263 24.975 25.611 24.398 21.585 19.527 19.637 16.867 18.896 20.101 19.079 18.957 22.368 23.785 23.433 24.654 21.820 22.652 20.961 20.208 20.304 18.841 17.268 17.583 15.081 16.951 15.765 18.199 19.408 20.735 23.852 26.073
 16.979 14.848 13.768 12.782 11.448 13.228 12.762 16.339 17.568 14.309 11.896 11.521  8.316  9.560  9.077 11.687 13.403 17.022 19.463 20.212 16.743 16.891 15.378 14.455 12.484 10.709  9.918  8.738  6.205  5.085  5.599  3.845  0.000  3.828  6.089  8.273 11.039 12.106 15.565 15.092 13.424 16.031 15.599 18.657 20.222 23.770 24.554 23.888 21.460 19.754 20.582 18.354 20.688 21.336 20.009 19.159 22.644 24.304 23.438 24.342 21.132 21.593 19.564 18.194 18.449 16.709 15.650 15.866 13.663 15.807 15.027 18.011 19.349 21.187 24.401 26.649
 19.745 17.257 15.536 13.764 11.560 12.339 10.843 14.026 14.989 11.861 10.216 10.953  8.729 11.247 11.598 14.724 16.229 19.831 21.826 22.601 19.041 18.545 16.364 15.347 14.257 12.233 10.413 10.051  8.554  5.752  5.629  6.039  3.828  0.000  3.851  5.686  9.220 11.082 14.005 12.825 11.679 14.588 14.853 17.917 20.002 23.454 23.710 23.254 20.743 19.647 20.629 18.715 21.561 22.387 21.563 20.725 24.415 25.653 24.411 25.672 22.469 23.267 21.531 19.787 19.481 17.083 15.673 14.968 12.223 13.625 12.307 15.226 16.217 18.149 21.354 23.543
 22.192 20.104 18.300 16.857 14.353 15.205 13.225 15.985 17.167 14.467 13.489 14.449 12.265 14.628 14.347 17.099 18.042 21.378 23.329 23.511 19.765 18.798 16.702 14.861 14.175 13.019 10.406  9.411  9.316  6.987  4.532  5.829  6.089  3.851  0.000  3.823  6.554  9.270 11.969 11.336 11.197 14.691 15.732 19.166 21.687 25.249 25.130 24.245 21.307 20.175 20.522 18.237 21.056 22.511 22.191 21.990 25.700 26.568 25.636 27.313 24.419 25.623 24.201 22.821 22.271 19.908 17.960 17.021 13.781 14.484 12.324 14.458 14.919 16.212 19.317 21.394
 22.345 20.232 17.819 16.207 13.120 13.693 11.303 13.638 15.352 13.310 13.049 14.005 12.326 15.023 14.780 17.717 18.096 21.226 22.585 22.721 19.009 17.417 14.782 13.061 13.311 11.933  8.666  8.909  9.656  6.629  4.825  8.002  8.273  5.686  3.823  0.000  3.896  6.472  8.704  7.603  7.591 11.207 12.762 16.227 19.113 22.614 22.112 21.125 18.072 17.286 17.666 15.735 18.921 20.406 20.557 20.453 24.248 24.652 23.499 25.545 22.854 24.517 23.606 22.280 21.110 18.499 16.020 14.613 11.055 11.224  8.823 10.790 11.592 13.107 16.309 18.662
 23.794 22.152 19.664 18.532 15.401 16.284 13.968 15.922 18.070 16.522 16.531 17.219 15.421 17.758 16.897 19.392 19.079 21.759 22.871 22.410 18.686 16.549 14.072 11.631 12.586 12.160  8.451  8.463 10.650  8.553  6.024  9.521 11.039  9.220  6.554  3.896  0.000  3.886  5.653  6.006  7.097 10.844 13.001 16.659 19.782 23.305 22.525 20.976 17.551 16.624 16.224 13.981 17.042 19.119 19.859 20.442 24.123 24.070 23.289 25.742 23.501 25.595 25.115 24.270 22.845 20.463 17.531 16.190 12.574 12.277  9.594 10.390 11.039 11.775 14.772 17.164
 21.944 20.662 18.002 17.342 14.304 15.687 13.942 15.909 18.697 17.466 17.343 17.309 15.403 17.275 15.941 18.095 17.103 19.356 20.036 19.357 15.754 13.205 10.637  8.142  9.835  9.667  5.896  6.832  9.702  8.236  6.804 10.408 12.106 11.082  9.270  6.472  3.886  0.000  3.843  5.604  5.405  8.558 10.458 14.194 17.215 20.776 20.097 18.116 14.554 13.246 12.513 10.162 13.274 15.384 16.381 17.252 20.841 20.519 19.900 22.551 20.632 23.042 22.993 22.581 20.894 18.837 15.601 14.651 11.365 11.452  9.631 10.377 12.012 12.911 15.773 18.390
 25.076 23.772 20.837 19.971 16.659 17.488 15.321 16.464 19.304 18.737 19.314 19.628 18.255 20.409 19.313 21.547 20.352 22.358 22.580 21.760 18.382 15.347 12.580 10.264 12.810 12.756  9.110 10.467 13.419 11.716 10.344 14.018 15.565 14.005 11.969  8.704  5.653  3.843  0.000  3.842  5.628  8.242 11.187 14.553 17.962 21.213 19.886 17.775 14.091 13.513 12.481 10.762 14.007 16.367 18.093 19.206 22.662 21.740 20.992 24.037 22.466 25.232 25.591 25.165 23.055 20.796 17.284 15.761 12.419 11.391  9.148  8.464  9.790 10.163 12.721 15.423
 25.266 23.444 20.267 18.744 15.128 15.194 12.520 13.207 15.857 15.577 16.652 17.430 16.683 19.362 18.972 21.715 20.984 23.354 23.529 23.296 19.939 17.121 13.846 12.338 14.626 13.575  9.938 11.938 14.059 11.425 10.642 14.446 15.092 12.825 11.336  7.603  6.006  5.604  3.842  0.000  3.836  6.725 10.105 13.201 16.833 19.924 18.356 16.875 13.489 13.691 13.663 12.714 16.341 18.086 19.530 19.968 23.594 22.815 21.451 24.345 22.436 25.049 25.274 24.321 22.056 19.316 15.908 13.704 10.117  8.364  5.545  4.965  6.662  8.114 11.109 14.010
 21.745 19.896 16.605 15.172 11.612 12.044  9.975 11.195 14.340 13.890 14.493 14.600 13.777 16.198 15.775 18.509 17.708 20.075 20.111 20.215 16.962 14.340 10.810 10.083 12.201 10.486  7.241 10.131 11.714  9.070  9.516 13.199 13.424 11.679 11.197  7.591  7.097  5.405  5.628  3.836  0.000  3.821  6.524  9.908 13.362 16.666 15.561 14.132 10.850 10.694 11.310 10.581 14.340 15.467 16.489 16.511 20.207 19.672 18.105 20.802 18.722 21.265 21.502 20.580 18.269 15.631 12.175 10.283  6.827  6.185  5.015  6.477  9.363 11.476 14.442 17.336
 21.381 19.613 16.031 14.675 11.246 11.494 10.063 10.597 14.215 14.497 15.307 14.928 14.633 16.763 16.450 19.021 17.858 19.815 19.150 19.488 16.715 13.921 10.139 10.584 13.135 11.111  8.832 12.376 13.678 11.355 12.659 16.113 16.031 14.588 14.691 11.207 10.844  8.558  8.242  6.725  3.821  0.000  3.828  6.555 10.224 13.284 11.918 10.393  7.187  7.745  9.122  9.683 13.464 13.913 15.153 14.917 18.413 17.487 15.491 18.362 16.573 19.428 20.223 19.427 16.591 14.028 10.322  8.294  5.795  5.124  6.155  7.330 10.899 13.236 15.825 18.756
 18.098 16.379 12.714 11.642  8.644  9.534  9.422 10.538 14.299 14.336 14.481 13.206 12.842 14.364 13.986 16.345 15.069 16.881 15.968 16.784 14.325 11.986  8.220  9.956 11.948  9.301  8.342 12.163 12.689 10.833 13.132 16.044 15.599 14.853 15.732 12.762 13.001 10.458 11.187 10.105  6.524  3.828  0.000  3.818  6.923 10.410  9.994  8.589  5.992  5.701  8.273  9.213 12.624 12.108 12.636 11.714 15.219 14.664 12.357 14.893 12.866 15.650 16.532 15.848 12.909 10.633  6.839  5.776  4.790  6.429  8.801 10.828 14.405 16.910 19.538 22.418
 18.797 17.041 13.289 12.121  9.672  9.896 10.465 10.682 14.399 15.150 15.560 14.052 14.462 15.750 15.798 18.008 16.711 18.145 16.598 17.872 16.090 13.995 10.536 13.015 14.955 12.195 11.927 15.734 15.910 14.133 16.746 19.476 18.657 17.917 19.166 16.227 16.659 14.194 14.553 13.201  9.908  6.555  3.818  0.000  3.822  6.812  6.263  5.496  4.520  5.758  9.335 11.460 14.423 13.090 13.546 12.040 15.030 14.229 11.190 13.560 11.795 14.654 16.073 15.308 11.829  9.634  6.175  5.069  6.357  7.693 10.973 12.788 16.445 19.127 21.476 24.295
 17.068 15.521 11.965 11.303 10.002 10.596 12.336 12.752 16.163 16.817 16.739 14.539 15.039 15.552 15.616 17.352 15.967 16.951 14.935 16.760 15.687 14.237 11.404 14.619 16.031 13.166 13.941 17.571 17.217 15.956 19.013 21.263 20.222 20.002 21.687 19.113 19.782 17.215 17.962 16.833 13.362 10.224  6.923  3.822  0.000  3.848  5.505  5.489  6.550  6.966 10.759 13.106 15.352 13.122 12.869 10.582 13.002 12.521  8.991 10.655  8.900 11.624 13.473 12.942  9.218  7.869  5.410  6.236  8.994 11.039 14.500 16.539 20.172 22.895 25.231 28.016
 19.342 17.884 14.582 13.897 13.052 13.045 14.894 14.601 17.676 18.885 19.091 16.956 17.988 18.401 18.766 20.340 18.997 19.632 17.212 19.222 18.703 17.388 14.839 18.148 19.637 16.866 17.716 21.347 20.942 19.651 22.737 24.975 23.770 23.454 25.249 22.614 23.305 20.776 21.213 19.924 16.666 13.284 10.410  6.812  3.848  0.000  3.850  5.553  8.428  9.689 13.319 16.173 18.102 15.556 15.403 13.020 14.621 13.856 10.071 11.235 10.231 12.630 14.932 14.400 10.613  9.725  8.427  8.936 12.063 13.586 17.227 18.994 22.573 25.332 27.412 30.109
 22.388 20.771 17.228 16.100 14.435 13.839 14.756 13.713 16.874 18.634 19.533 18.057 19.298 20.358 20.810 22.749 21.395 22.248 19.951 21.524 20.623 18.700 15.726 18.557 20.624 18.006 18.080 21.869 21.953 20.231 22.927 25.611 24.554 23.710 25.130 22.112 22.525 20.097 19.886 18.356 15.561 11.918  9.994  6.263  5.505  3.850  0.000  3.822  6.899  9.555 12.976 16.110 18.445 16.467 17.101 15.338 17.229 15.878 12.308 14.248 13.470 16.169 18.357 17.640 13.830 12.214 10.171  9.265 11.657 12.095 15.602 16.779 20.261 22.927 24.732 27.365
 21.798 20.640 17.121 16.568 14.744 14.930 15.639 15.147 18.679 20.038 20.716 19.133 19.685 20.579 20.371 22.025 20.151 20.703 18.272 19.266 18.339 16.001 13.143 15.857 18.290 16.193 16.220 19.944 20.534 19.193 21.599 24.398 23.888 23.254 24.245 21.125 20.976 18.116 17.775 16.875 14.132 10.393  8.589  5.496  5.489  5.553  3.822  0.000  3.826  6.410  9.487 12.876 15.032 13.205 14.384 13.301 15.213 13.316 10.143 12.896 12.608 15.901 18.342 18.245 14.525 13.273 10.535 10.068 11.695 12.159 15.237 16.055 19.620 21.924 23.727 26.439
 21.345 20.212 16.629 16.097 13.741 14.272 14.398 14.326 18.073 19.054 19.695 18.355 18.413 19.553 19.005 20.782 18.814 19.619 17.611 18.099 16.578 13.768 10.570 12.726 15.519 13.716 13.184 16.870 17.929 16.571 18.572 21.585 21.460 20.743 21.307 18.072 17.551 14.554 14.091 13.489 10.850  7.187  5.992  4.520  6.550  8.428  6.899  3.826  0.000  3.827  6.576  9.700 12.383 11.334 12.976 12.558 15.078 13.179 10.634 13.881 13.277 16.739 18.798 18.748 15.264 13.711 10.286  9.516  9.937 10.179 12.687 13.304 16.882 18.978 20.918 23.711
 18.582 17.909 14.584 14.799 12.838 14.371 14.935 15.791 19.580 19.864 19.837 18.044 17.365 17.952 16.755 18.066 15.698 16.230 14.252 14.431 12.878 10.018  7.039  9.590 12.233 10.777 10.865 14.325 15.427 14.785 16.834 19.527 19.754 19.647 20.175 17.286 16.624 13.246 13.513 13.691 10.694  7.745  5.701  5.758  6.966  9.689  9.555  6.410  3.827  0.000  3.839  6.659  9.071  7.773  9.270  9.218 11.932 10.204  8.251 11.665 11.072 14.660 16.666 17.164 14.054 13.122  9.703 10.118 10.377 11.601 13.766 14.781 18.311 20.228 22.424 25.255
 20.096 19.917 16.911 17.537 15.560 17.406 17.610 18.648 22.432 22.517 22.442 20.798 19.629 20.125 18.375 19.320 16.549 16.711 14.863 14.033 12.397  8.886  6.594  8.054 11.326 11.110 10.885 13.779 15.686 15.566 16.905 19.637 20.582 20.629 20.522 17.666 16.224 12.513 12.481 13.663 11.310  9.122  8.273  9.335 10.759 13.319 12.976  9.487  6.576  3.839  0.000  3.837  5.929  5.843  8.662 10.145 12.532 10.302  9.713 13.371 13.363 16.991 18.990 19.929 17.158 16.480 13.056 13.479 13.003 13.847 15.186 15.591 18.812 20.137 22.166 24.921
 19.225 19.229 16.557 17.428 15.469 17.773 17.802 19.434 23.090 22.605 22.177 20.594 18.808 19.192 16.981 17.740 14.934 15.271 14.170 12.769 10.442  6.649  4.753  4.624  8.182  8.925  8.492 10.700 13.090 13.507 14.329 16.867 18.354 18.715 18.237 15.735 13.981 10.162 10.762 12.714 10.581  9.683  9.213 11.460 13.106 16.173 16.110 12.876  9.700  6.659  3.837  0.000  3.852  5.679  8.125 10.286 12.984 11.472 11.686 14.939 14.522 17.800 19.229 20.255 18.022 17.386 14.027 14.640 13.484 14.573 15.202 15.756 18.659 19.712 21.944 24.656
 19.383 20.124 17.956 19.513 18.134 20.797 21.212 22.991 26.651 26.051 25.343 23.441 21.393 21.203 18.541 18.536 15.235 14.662 13.278 11.038  9.488  5.899  6.360  6.353  8.966 10.695 11.190 12.595 14.904 16.129 16.878 18.896 20.688 21.561 21.056 18.921 17.042 13.274 14.007 16.341 14.340 13.464 12.624 14.423 15.352 18.102 18.445 15.032 12.383  9.071  5.929  3.852  0.000  3.811  6.764 10.040 11.787 10.030 11.476 14.518 14.847 18.043 19.719 21.407 19.472 19.527 16.521 17.724 16.964 18.303 19.017 19.527 22.337 23.174 25.266 27.878
 17.253 18.151 16.011 17.860 16.986 19.731 20.758 22.496 26.181 25.699 24.835 22.516 20.700 20.125 17.590 17.361 13.903 12.884 10.691  8.992  8.353  5.430  6.064  8.078  9.955 10.733 12.173 14.078 15.553 16.759 18.288 20.101 21.336 22.387 22.511 20.406 19.119 15.384 16.367 18.086 15.467 13.913 12.108 13.090 13.122 15.556 16.467 13.205 11.334  7.773  5.843  5.679  3.811  0.000  3.835  6.951  8.285  6.275  7.823 10.793 11.491 14.788 16.880 18.842 16.818 17.362 14.711 16.471 16.537 18.339 19.772 20.711 23.862 25.137 27.323 30.027
 13.617 14.868 13.191 15.612 15.474 18.627 20.230 22.387 25.896 25.051 23.685 20.956 18.920 17.731 14.997 14.252 10.648  9.235  6.871  5.526  5.372  4.117  5.902  8.677  9.073  9.426 11.971 13.600 14.196 15.851 17.868 19.079 20.009 21.563 22.191 20.557 19.859 16.381 18.093 19.530 16.489 15.153 12.636 13.546 12.869 15.403 17.101 14.384 12.976  9.270  8.662  8.125  6.764  3.835  0.000  3.827  5.265  5.148  6.931  8.734  8.957 11.746 13.563 15.866 14.371 15.514 13.501 16.006 16.490 18.972 20.655 22.216 25.439 27.014 29.459 32.203
 10.958 11.867 10.044 12.578 12.986 16.132 18.290 20.481 23.830 22.977 21.431 18.393 16.651 15.200 12.875 12.268  9.032  7.987  5.164  6.248  6.293  6.407  6.863 10.411 10.263  9.198 12.203 14.248 13.920 15.213 17.914 18.957 19.159 20.725 21.990 20.453 20.442 17.252 19.206 19.968 16.511 14.917 11.714 12.040 10.582 13.020 15.338 13.301 12.558  9.218 10.145 10.286 10.040  6.951  3.827  0.000  3.855  5.489  5.469  6.213  5.336  8.069  9.960 12.200 10.662 12.177 10.737 13.780 14.964 17.894 20.081 22.138 25.520 27.518 30.109 32.906
 11.905 13.651 12.570 15.473 16.392 19.457 21.852 23.902 27.216 26.475 24.864 21.649 19.995 18.151 15.789 14.510 11.170  8.892  5.111  5.973  8.086  8.877 10.268 13.554 13.314 12.790 15.896 17.660 17.325 18.913 21.552 22.368 22.644 24.415 25.700 24.248 24.123 20.841 22.662 23.594 20.207 18.413 15.219 15.030 13.002 14.621 17.229 15.213 15.078 11.932 12.532 12.984 11.787  8.285  5.265  3.855  0.000  3.860  5.430  4.677  5.917  8.029 10.602 13.626 12.452 14.725 13.843 17.034 18.571 21.441 23.764 25.692 29.112 31.042 33.522 36.300
 15.520 16.885 15.205 17.578 17.794 20.511 22.487 24.099 27.639 27.319 26.188 23.272 21.864 20.575 18.347 17.557 14.143 12.196  8.649  8.378  9.927  9.229 10.153 13.316 14.119 13.894 16.334 18.450 18.821 20.064 22.420 23.785 24.304 25.653 26.568 24.652 24.070 20.519 21.740 22.815 19.672 17.487 14.664 14.229 12.521 13.856 15.878 13.316 13.179 10.204 10.302 11.472 10.030  6.275  5.148  5.489  3.860  0.000  3.837  5.443  7.795 10.836 13.822 16.446 14.545 16.237 14.668 17.288 18.662 21.003 23.291 24.715 28.156 29.892 32.125 34.877
 15.278 15.850 13.591 15.385 15.450 17.738 19.826 21.121 24.613 24.586 23.684 20.816 19.938 18.968 17.357 17.210 14.289 13.147  9.731 10.649 11.420 10.493 10.070 13.694 14.735 13.544 15.734 18.447 18.523 19.096 21.808 23.433 23.438 24.411 25.636 23.499 23.289 19.900 20.992 21.451 18.105 15.491 12.357 11.190  8.991 10.071 12.308 10.143 10.634  8.251  9.713 11.686 11.476  7.823  6.931  5.469  5.430  3.837  0.000  3.853  5.602  9.221 12.451 14.441 11.903 13.285 11.729 14.239 16.094 18.424 21.120 22.711 26.282 28.330 30.583 33.371
 13.424 14.359 12.773 15.039 16.024 18.443 21.102 22.601 25.824 25.590 24.294 21.058 20.204 18.626 17.115 16.466 13.778 12.223  8.596 10.499 12.074 12.342 12.475 16.190 16.439 15.027 17.793 20.234 19.663 20.492 23.519 24.654 24.342 25.672 27.313 25.545 25.742 22.551 24.037 24.345 20.802 18.362 14.893 13.560 10.655 11.235 14.248 12.896 13.881 11.665 13.371 14.939 14.518 10.793  8.734  6.213  4.677  5.443  3.853  0.000  3.841  6.404 10.017 12.533 10.592 12.971 12.515 15.623 17.959 20.713 23.598 25.577 29.161 31.395 33.778 36.570
 10.684 10.941  9.053 11.245 12.483 15.027 17.914 19.703 22.759 22.246 20.720 17.376 16.520 14.893 13.645 13.345 11.153 10.483  7.584 10.371 11.032 11.609 11.178 14.949 14.767 12.665 15.538 18.021 16.939 17.547 20.841 21.820 21.132 22.469 24.419 22.854 23.501 20.632 22.466 22.436 18.722 16.573 12.866 11.795  8.900 10.231 13.470 12.608 13.277 11.072 13.363 14.522 14.847 11.491  8.957  5.336  5.917  7.795  5.602  3.841  0.000  3.832  6.959  9.007  6.983  9.433  9.331 12.799 15.223 18.344 21.254 23.650 27.188 29.631 32.214 35.020
  8.595  9.025  8.254 10.857 13.163 15.728 19.064 21.089 23.731 22.907 20.934 17.301 16.454 14.164 13.175 12.389 10.888 10.193  7.947 11.502 12.495 14.023 13.968 17.549 16.651 14.397 17.596 19.689 17.942 18.741 22.233 22.652 21.593 23.267 25.623 24.517 25.595 23.042 25.232 25.049 21.265 19.428 15.650 14.654 11.624 12.630 16.169 15.901 16.739 14.660 16.991 17.800 18.043 14.788 11.746  8.069  8.029 10.836  9.221  6.404  3.832  0.000  3.838  6.600  6.051  9.571 10.833 14.554 17.184 20.594 23.523 26.262 29.720 32.305 35.013 37.796
  5.741  5.655  6.037  8.962 12.053 14.793 18.299 20.756 23.016 21.672 19.208 15.433 14.320 11.478 10.685  9.704  9.229  9.342  8.582 12.373 12.817 14.918 14.883 18.086 16.510 14.016 17.330 18.985 16.599 17.497 21.077 20.961 19.564 21.531 24.201 23.606 25.115 22.993 25.591 25.274 21.502 20.223 16.532 16.073 13.473 14.932 18.357 18.342 18.798 16.666 18.990 19.229 19.719 16.880 13.563  9.960 10.602 13.822 12.451 10.017  6.959  3.838  0.000  3.843  5.582  9.089 11.087 14.840 17.213 20.883 23.581 26.664 29.937 32.601 35.482 38.226
  7.616  5.348  4.944  6.394  9.878 12.059 15.756 18.151 20.013 18.615 16.094 12.307 11.789  9.220  9.697  9.911 10.592 11.899 11.700 15.348 15.029 16.712 15.906 18.948 17.473 14.375 17.192 19.046 16.334 16.506 20.265 20.208 18.194 19.787 22.821 22.280 24.270 22.581 25.165 24.321 20.580 19.427 15.848 15.308 12.942 14.400 17.640 18.245 18.748 17.164 19.929 20.255 21.407 18.842 15.866 12.200 13.626 16.446 14.441 12.533  9.007  6.600  3.843  0.000  3.843  6.640  9.568 12.978 15.497 19.170 21.934 25.264 28.416 31.296 34.218 36.910
 10.049  7.971  5.589  6.051  8.391 10.234 13.845 15.781 18.066 17.256 15.373 11.799 11.803 10.273 10.778 11.713 11.598 12.836 11.808 15.189 14.687 15.534 14.109 17.426 16.710 13.426 15.847 18.353 16.203 15.867 19.640 20.304 18.449 19.481 22.271 21.110 22.845 20.894 23.055 22.056 18.269 16.591 12.909 11.829  9.218 10.613 13.830 14.525 15.264 14.054 17.158 18.022 19.472 16.818 14.371 10.662 12.452 14.545 11.903 10.592  6.983  6.051  5.582  3.843  0.000  3.829  6.483  9.957 12.915 16.408 19.491 22.613 25.936 28.853 31.645 34.374
 12.532  9.744  6.491  4.648  5.588  6.594 10.191 11.990 14.286 13.625 12.101  8.827  9.546  9.261 10.561 12.636 12.895 14.882 14.198 17.156 15.891 16.057 13.816 16.787 16.466 12.808 14.399 17.229 15.211 14.010 17.756 18.841 16.709 17.083 19.908 18.499 20.463 18.837 20.796 19.316 15.631 14.028 10.633  9.634  7.869  9.725 12.214 13.273 13.711 13.122 16.480 17.386 19.527 17.362 15.514 12.177 14.725 16.237 13.285 12.971  9.433  9.571  9.089  6.640  3.829  0.000  3.817  6.592  9.646 13.051 16.193 19.432 22.666 25.726 28.520 31.215
 13.821 11.449  7.683  6.129  4.736  6.068  8.705 10.461 13.525 13.112 12.166  9.491  9.744 10.270 10.833 13.152 12.712 14.707 13.841 16.134 14.404 13.745 10.932 13.782 14.111 10.520 11.547 14.812 13.505 12.042 15.553 17.268 15.650 15.673 17.960 16.020 17.531 15.601 17.284 15.908 12.175 10.322  6.839  6.175  5.410  8.427 10.171 10.535 10.286  9.703 13.056 14.027 16.521 14.711 13.501 10.737 13.843 14.668 11.729 12.515  9.331 10.833 11.087  9.568  6.483  3.817  0.000  3.830  6.613 10.021 13.167 16.174 19.559 22.493 25.253 28.018
 17.368 14.754 11.005  8.601  5.786  4.924  6.132  7.012 10.422 10.665 10.755  9.193 10.279 12.055 13.128 15.995 15.785 18.045 17.305 19.231 17.132 15.852 12.478 14.707 15.636 12.118 11.929 15.428 14.572 12.205 15.301 17.583 15.866 14.968 17.021 14.613 16.190 14.651 15.761 13.704 10.283  8.294  5.776  5.069  6.236  8.936  9.265 10.068  9.516 10.118 13.479 14.640 17.724 16.471 16.006 13.780 17.034 17.288 14.239 15.623 12.799 14.554 14.840 12.978  9.957  6.592  3.830  0.000  3.825  6.633 10.101 13.088 16.426 19.545 22.223 24.952
 18.707 16.142 12.502 10.118  6.440  5.764  4.690  6.142  9.757  9.571  9.992  9.378  9.844 12.353 13.137 16.292 16.130 18.721 18.464 19.832 17.140 15.453 11.828 13.106 14.254 10.987  9.677 13.094 12.729  9.807 12.351 15.081 13.663 12.223 13.781 11.055 12.574 11.365 12.419 10.117  6.827  5.795  4.790  6.357  8.994 12.063 11.657 11.695  9.937 10.377 13.003 13.484 16.964 16.537 16.490 14.964 18.571 18.662 16.094 17.959 15.223 17.184 17.213 15.497 12.915  9.646  6.613  3.825  0.000  3.818  6.613  9.872 13.108 16.164 19.018 21.783
 22.459 19.935 16.298 13.844 10.148  8.718  6.271  5.728  9.232 10.031 11.661 12.112 12.964 15.860 16.706 19.907 19.648 22.155 21.767 22.813 20.045 17.859 14.074 14.795 16.574 13.780 11.656 14.976 15.294 12.084 13.750 16.951 15.807 13.625 14.484 11.224 12.277 11.452 11.391  8.364  6.185  5.124  6.429  7.693 11.039 13.586 12.095 12.159 10.179 11.601 13.847 14.573 18.303 18.339 18.972 17.894 21.441 21.003 18.424 20.713 18.344 20.594 20.883 19.170 16.408 13.051 10.021  6.633  3.818  0.000  3.822  6.588  9.882 13.101 15.774 18.536
 24.424 21.965 18.538 16.170 12.370 11.214  8.032  7.879 10.488 10.785 12.561 13.739 14.110 17.289 17.927 21.187 21.033 23.722 23.741 24.375 21.244 18.886 15.212 14.964 16.785 14.503 11.564 14.289 15.105 11.692 12.307 15.765 15.027 12.307 12.324  8.823  9.594  9.631  9.148  5.545  5.015  6.155  8.801 10.973 14.500 17.227 15.602 15.237 12.687 13.766 15.186 15.202 19.017 19.772 20.655 20.081 23.764 23.291 21.120 23.598 21.254 23.523 23.581 21.934 19.491 16.193 13.167 10.101  6.613  3.822  0.000  3.826  6.627  9.812 12.764 15.545
 27.551 25.324 21.852 19.708 15.922 14.847 11.728 10.954 13.318 14.137 16.226 17.523 17.844 20.938 21.306 24.389 23.893 26.322 26.123 26.364 23.270 20.471 16.849 16.196 18.592 16.886 13.651 16.210 17.721 14.579 14.522 18.199 18.011 15.226 14.458 10.790 10.390 10.377  8.464  4.965  6.477  7.330 10.828 12.788 16.539 18.994 16.779 16.055 13.304 14.781 15.591 15.756 19.527 20.711 22.216 22.138 25.692 24.715 22.711 25.577 23.650 26.262 26.664 25.264 22.613 19.432 16.174 13.088  9.872  6.588  3.826  0.000  3.828  6.763  9.460 12.396
 30.524 28.224 24.889 22.625 18.840 17.596 14.156 13.267 14.849 15.589 17.909 19.761 20.086 23.379 23.842 26.999 26.711 29.285 29.332 29.438 26.190 23.404 19.929 18.810 21.075 19.636 16.153 18.149 19.784 16.590 15.854 19.408 19.349 16.217 14.919 11.592 11.039 12.012  9.790  6.662  9.363 10.899 14.405 16.445 20.172 22.573 20.261 19.620 16.882 18.311 18.812 18.659 22.337 23.862 25.439 25.520 29.112 28.156 26.282 29.161 27.188 29.720 29.937 28.416 25.936 22.666 19.559 16.426 13.108  9.882  6.627  3.828  0.000  3.836  6.697  9.445
 32.891 30.805 27.557 25.526 21.770 20.812 17.426 16.721 18.244 18.834 21.016 22.863 22.885 26.073 26.239 29.224 28.759 31.204 31.304 31.042 27.745 24.784 21.540 19.940 22.354 21.450 17.799 19.363 21.448 18.556 17.218 20.735 21.187 18.149 16.212 13.107 11.775 12.911 10.163  8.114 11.476 13.236 16.910 19.127 22.895 25.332 22.927 21.924 18.978 20.228 20.137 19.712 23.174 25.137 27.014 27.518 31.042 29.892 28.330 31.395 29.631 32.305 32.601 31.296 28.853 25.726 22.493 19.545 16.164 13.101  9.812  6.763  3.836  0.000  3.845  6.777
 35.922 33.880 30.577 28.556 24.797 23.722 20.343 19.300 20.677 21.587 23.971 25.891 26.048 29.242 29.404 32.359 31.782 34.104 34.056 33.678 30.471 27.362 24.169 22.550 25.158 24.410 20.780 22.332 24.571 21.761 20.349 23.852 24.401 21.354 19.317 16.309 14.772 15.773 12.721 11.109 14.442 15.825 19.538 21.476 25.231 27.412 24.732 23.727 20.918 22.424 22.166 21.944 25.266 27.323 29.459 30.109 33.522 32.125 30.583 33.778 32.214 35.013 35.482 34.218 31.645 28.520 25.253 22.223 19.018 15.774 12.764  9.460  6.697  3.845  0.000  3.811
