  0.000  3.831  6.652 10.253 13.202 16.614 19.798 22.930 24.859 22.785 19.863 16.275 13.930 10.440  8.338  5.536  5.434  5.813  7.620 10.756 10.695 13.752 14.571 16.872 14.231 12.465 16.081 16.614 13.866 15.729 18.891 17.934 17.063 19.832 22.265 22.397 23.578 21.571 24.727 25.087 21.727 21.258 18.049 18.871 17.177 19.456 22.508 22.000 21.387 18.637 20.156 19.266 19.420 17.313 13.693 11.023 12.005 15.607 15.337 13.471 10.720  8.637  5.761  7.635 10.090 12.598 13.876 17.431 18.735 22.453 24.308 27.381 30.001 32.301 34.751 36.567
  3.831  0.000  3.826  6.837 10.111 13.286 16.567 19.691 21.397 19.231 16.230 12.598 10.493  6.966  5.857  4.757  6.330  8.430 10.011 13.180 12.271 14.632 14.476 16.764 14.371 11.756 14.916 15.822 12.710 13.754 17.228 16.439 14.872 17.303 20.136 20.262 21.943 20.283 23.425 23.246 19.828 19.475 16.296 17.079 15.611 17.997 20.872 20.790 20.207 17.930 19.937 19.211 20.103 18.167 14.911 11.912 13.730 16.944 15.889 14.399 10.975  9.071  5.695  5.402  8.032  9.821 11.483 14.794 16.137 19.917 21.806 25.121 27.615 30.025 32.423 34.209
  6.652  3.826  0.000  3.820  6.731 10.033 13.324 16.347 18.392 16.581 13.987 10.340  8.572  6.047  5.365  6.269  6.875  9.339 10.031 13.042 11.633 13.065 12.042 14.603 12.911  9.684 12.482 14.183 11.465 11.729 15.448 15.480 13.838 15.609 18.386 17.907 19.545 17.713 20.570 20.168 16.597 15.947 12.663 13.328 12.036 14.655 17.302 17.249 16.635 14.637 16.979 16.598 18.000 16.083 13.297 10.141 12.673 15.287 13.639 12.805  9.074  8.250  5.997  4.876  5.567  6.506  7.700 11.034 12.509 16.294 18.421 21.725 24.383 26.906 29.309 31.132
 10.253  6.837  3.820  0.000  3.819  6.496  9.968 12.927 14.753 12.933 10.404  6.717  5.821  4.704  6.198  8.773 10.047 12.922 13.540 16.330 14.485 15.201 13.307 15.604 14.404 10.710 12.492 14.587 11.879 10.912 14.732 15.146 12.825 13.824 16.940 16.317 18.482 17.118 19.763 18.684 15.153 14.624 11.591 12.131 11.354 13.962 16.151 16.633 16.069 14.837 17.589 17.443 19.531 17.913 15.705 12.667 15.564 17.643 15.423 15.067 11.270 10.862  8.954  6.368  6.051  4.680  6.136  8.619 10.120 13.862 16.045 19.593 22.079 24.720 27.030 28.807
 13.202 10.111  6.731  3.819  0.000  3.824  6.656  9.869 12.030 10.476  8.625  5.709  5.065  6.336  7.537 10.778 11.578 14.618 15.074 17.255 14.844 14.640 11.978 13.863 13.354  9.515 10.193 12.790 10.705  8.725 12.405 13.638 11.432 11.550 14.395 13.210 15.382 14.137 16.504 15.103 11.607 11.235  8.634  9.697 10.067 13.129 14.506 14.792 13.724 12.913 15.648 15.505 18.171 17.065 15.593 13.102 16.502 17.883 15.519 16.081 12.533 13.186 12.052  9.860  8.405  5.626  4.760  5.828  6.457 10.174 12.248 15.813 18.308 20.990 23.338 25.173
 16.614 13.286 10.033  6.496  3.824  0.000  3.828  6.507  8.540  7.431  6.406  4.505  6.322  8.784 10.925 14.337 15.370 18.373 18.617 20.846 18.478 17.930 14.896 16.634 16.617 12.838 12.721 15.495 13.699 10.963 14.223 15.797 13.196 12.317 15.239 13.800 16.346 15.599 17.405 15.247 12.035 11.547  9.539  9.891 10.639 13.119 13.887 14.915 14.227 14.422 17.465 17.775 20.806 19.785 18.726 16.236 19.554 20.581 17.794 18.496 15.081 15.760 14.814 12.072 10.271  6.647  6.093  4.959  5.779  8.796 11.106 14.804 17.081 19.901 22.037 23.767
 19.798 16.567 13.324  9.968  6.656  3.828  0.000  3.836  5.949  5.326  5.955  6.354  8.057 11.367 13.278 16.891 17.835 20.957 21.284 23.067 20.335 19.241 15.871 16.940 17.401 13.902 12.704 15.450 14.262 10.855 13.360 15.484 13.038 11.119 13.575 11.736 14.408 14.237 15.561 12.823 10.176 10.269  9.540 10.403 12.287 14.806 14.627 15.478 14.316 15.040 17.771 17.967 21.380 20.937 20.462 18.495 22.027 22.617 19.903 21.165 17.986 19.113 18.364 15.792 13.861 10.196  8.722  6.095  4.817  6.400  8.044 11.758 13.696 16.524 18.598 20.342
 22.930 19.691 16.347 12.927  9.869  6.507  3.836  0.000  3.853  5.705  7.996  9.136 11.550 14.783 16.859 20.406 21.213 24.151 24.120 25.932 23.361 21.985 18.428 19.590 20.515 17.109 15.694 18.644 17.796 14.321 16.493 18.874 16.503 14.193 16.304 14.148 16.591 16.509 17.102 13.984 11.789 11.349 11.098 11.069 13.054 14.853 13.994 15.407 14.726 16.304 19.208 19.944 23.489 22.996 22.875 20.912 24.294 24.513 21.499 22.903 19.978 21.257 20.867 18.186 15.881 12.090 10.714  7.343  6.677  6.510  8.435 11.613 13.386 16.248 17.996 19.577
 24.859 21.397 18.392 14.753 12.030  8.540  5.949  3.853  0.000  3.839  7.161  9.540 12.327 15.800 18.329 22.014 23.319 26.500 26.816 28.720 26.032 24.866 21.407 22.298 22.924 19.535 18.012 20.531 19.421 15.808 17.676 19.708 16.977 14.362 16.615 15.016 17.924 18.532 19.222 15.861 14.210 14.421 14.447 14.642 16.495 18.161 17.369 18.946 18.270 19.786 22.576 23.053 26.616 26.261 25.998 23.977 27.389 27.829 24.861 26.073 22.976 23.904 23.103 20.107 18.267 14.515 13.713 10.685  9.854  9.529 10.384 13.335 14.257 16.844 18.272 19.629
 22.785 19.231 16.581 12.933 10.476  7.431  5.326  5.705  3.839  0.000  3.810  6.911  9.524 13.102 15.817 19.553 21.268 24.672 25.441 27.399 24.596 23.819 20.619 21.361 21.431 18.012 16.715 18.795 17.214 13.703 15.677 17.184 14.123 11.750 14.485 13.566 16.899 17.731 19.072 15.945 14.135 14.908 14.631 15.413 17.080 19.195 18.973 20.262 19.290 20.161 22.817 22.804 26.223 25.913 25.262 23.177 26.659 27.526 24.804 25.760 22.393 22.979 21.675 18.600 17.340 13.765 13.295 10.957  9.905 10.554 11.045 14.397 15.222 17.703 19.301 20.688
 19.863 16.230 13.987 10.404  8.625  6.406  5.955  7.996  7.161  3.810  0.000  3.833  6.409  9.834 12.855 16.543 18.652 22.167 23.276 25.415 22.683 22.424 19.585 20.451 19.911 16.403 15.707 17.451 15.241 12.120 14.546 15.384 11.969 10.412 13.776 13.507 17.003 17.660 19.659 16.987 14.770 15.655 14.743 15.768 16.943 19.306 19.756 20.882 19.874 20.113 22.745 22.424 25.567 25.078 23.936 21.654 25.063 26.395 23.873 24.433 20.846 20.988 19.213 16.068 15.430 12.217 12.329 10.994 10.304 12.081 12.759 16.382 17.443 19.902 21.717 23.196
 16.275 12.598 10.340  6.717  5.709  4.505  6.354  9.136  9.540  6.911  3.833  0.000  3.829  6.634  9.847 13.406 15.486 18.882 19.911 22.307 19.847 19.955 17.385 18.743 17.906 14.216 14.341 16.228 13.640 11.102 14.259 14.854 11.542 11.054 14.610 14.286 17.448 17.389 19.731 17.573 14.735 15.121 13.360 14.203 14.719 17.156 18.242 19.278 18.466 18.246 21.013 20.752 23.588 22.698 21.163 18.588 21.833 23.449 20.978 21.189 17.500 17.373 15.466 12.317 11.880  8.965  9.638  9.380  9.575 12.366 13.764 17.533 19.197 21.785 23.820 25.426
 13.930 10.493  8.572  5.821  5.065  6.322  8.057 11.550 12.327  9.524  6.409  3.829  0.000  3.844  6.502 10.216 12.440 16.058 17.587 19.703 17.010 17.380 15.194 16.221 14.857 11.358 11.782 13.116 10.161  8.120 11.438 11.545  8.360  8.838 12.407 12.534 15.515 15.349 18.213 16.628 13.784 14.638 12.854 14.488 15.105 18.067 19.369 19.728 18.398 17.456 19.744 18.882 21.457 20.797 19.053 16.770 20.113 21.963 20.009 20.257 16.563 16.473 14.315 11.766 11.817  9.596  9.770 10.332  9.900 13.039 13.987 17.640 19.349 21.760 24.002 25.719
 10.440  6.966  6.047  4.704  6.336  8.784 11.367 14.783 15.800 13.102  9.834  6.634  3.844  0.000  3.819  7.015  9.758 13.289 15.126 17.554 15.267 16.434 14.974 16.364 14.350 11.037 12.628 13.576 10.131  9.504 12.990 12.358  9.610 11.347 14.734 15.163 17.730 17.092 20.250 19.230 16.169 16.704 14.337 15.781 15.632 18.499 20.442 20.664 19.542 18.025 20.215 19.244 21.248 20.206 17.849 15.308 18.270 20.671 19.036 18.682 14.940 14.197 11.490  9.220 10.309  9.332 10.303 12.105 12.383 15.895 17.140 20.707 22.648 25.020 27.322 29.050
  8.338  5.857  5.365  6.198  7.537 10.925 13.278 16.859 18.329 15.817 12.855  9.847  6.502  3.819  0.000  3.813  6.269  9.992 12.246 14.272 11.821 13.302 12.435 13.654 11.148  8.258 10.569 11.040  7.535  8.258 11.622 10.765  9.087 11.603 14.347 14.757 16.655 15.550 18.949 18.637 15.596 16.193 13.804 15.708 15.586 18.755 20.791 20.360 18.870 16.703 18.344 16.919 18.485 17.575 15.034 12.903 15.855 18.374 17.343 17.112 13.625 13.183 10.692  9.693 10.760 10.547 10.751 13.056 13.025 16.563 17.635 20.896 23.010 25.229 27.671 29.486
  5.536  4.757  6.269  8.773 10.778 14.337 16.891 20.406 22.014 19.553 16.543 13.406 10.216  7.015  3.813  0.000  3.828  7.162 10.109 12.138 10.272 12.738 12.968 14.291 11.226  9.264 12.374 12.282  9.004 10.984 13.917 12.576 11.693 14.718 17.074 17.650 19.063 17.619 21.097 21.331 18.315 18.721 16.137 17.910 17.308 20.311 22.720 22.027 20.638 17.977 19.247 17.645 18.443 17.300 14.231 12.232 14.532 17.544 17.155 16.424 13.281 12.366  9.681  9.883 11.666 12.602 13.058 15.916 16.173 19.744 20.893 23.967 26.196 28.313 30.782 32.598
  5.434  6.330  6.875 10.047 11.578 15.370 17.835 21.213 23.319 21.268 18.652 15.486 12.440  9.758  6.269  3.828  0.000  3.821  6.692  8.376  6.572  9.361 10.243 11.873  8.919  7.571 11.254 11.409  9.058 11.505 14.264 13.546 13.496 16.287 18.091 18.088 18.787 16.665 19.932 20.694 17.614 17.611 14.923 16.673 15.950 18.974 21.399 20.210 18.731 15.654 16.524 14.905 15.196 13.874 10.640  8.986 11.170 14.127 14.232 13.711 11.060 10.821  9.152 10.531 11.535 12.870 12.661 15.760 16.081 19.534 20.843 23.589 26.120 28.200 30.731 32.612
  5.813  8.430  9.339 12.922 14.618 18.373 20.957 24.151 26.500 24.672 22.167 18.882 16.058 13.289  9.992  7.162  3.821  0.000  3.877  5.437  5.394  9.000 11.000 12.921 10.240  9.863 13.669 13.831 12.173 14.849 17.363 16.764 17.115 19.895 21.435 21.230 21.469 18.940 21.953 23.131 20.057 19.635 16.812 18.196 17.013 19.676 22.333 20.880 19.643 16.267 16.765 15.328 14.712 12.938  9.293  7.998  8.944 12.252 13.163 12.213 10.445 10.162  9.280 11.856 12.810 14.895 14.723 18.082 18.730 22.092 23.606 26.117 28.844 30.885 33.411 35.294
  7.620 10.011 10.031 13.540 15.074 18.617 21.284 24.120 26.816 25.441 23.276 19.911 17.587 15.126 12.246 10.109  6.692  3.877  0.000  3.839  5.542  8.349 10.294 13.008 11.329 10.824 14.507 15.468 14.368 16.545 19.217 19.281 19.578 21.911 23.404 22.612 22.606 19.634 22.180 23.400 20.155 19.035 15.960 16.721 15.064 17.316 20.100 18.530 17.704 14.326 14.929 14.233 13.326 10.747  6.930  5.208  5.174  8.713  9.781  8.619  7.604  7.975  8.589 11.732 11.857 14.278 13.935 17.409 18.533 21.759 23.704 26.048 29.074 31.223 33.720 35.613
 10.756 13.180 13.042 16.330 17.255 20.846 23.067 25.932 28.720 27.399 25.415 22.307 19.703 17.554 14.272 12.138  8.376  5.437  3.839  0.000  3.837  6.530  9.633 11.630 10.104 10.907 14.286 14.777 14.491 17.078 19.123 19.289 20.311 22.649 23.546 22.686 22.065 18.904 21.292 23.091 20.219 19.301 16.735 17.947 16.832 19.263 21.623 19.467 18.144 14.460 14.060 12.809 11.064  9.013  5.534  6.227  5.986  8.404 10.657 10.491 10.351 11.512 12.372 15.364 15.206 17.200 16.183 19.294 19.860 22.738 24.300 26.216 29.180 31.075 33.576 35.478
 10.695 12.271 11.633 14.485 14.844 18.478 20.335 23.361 26.032 24.596 22.683 19.847 17.010 15.267 11.821 10.272  6.572  5.394  5.542  3.837  0.000  3.841  6.817  8.305  6.333  7.325 10.642 10.959 10.834 13.475 15.341 15.624 16.828 19.073 19.791 18.963 18.337 15.301 17.924 19.700 16.950 16.504 14.262 16.139 15.734 18.721 20.702 18.488 16.588 12.902 12.430 10.483  9.501  8.365  5.381  6.262  8.089  9.938 11.410 12.048 10.986 12.473 12.782 15.013 14.678 15.917 14.429 17.181 17.158 19.955 21.150 23.063 25.865 27.693 30.239 32.169
 13.752 14.632 13.065 15.201 14.640 17.930 19.241 21.985 24.866 23.819 22.424 19.955 17.380 16.434 13.302 12.738  9.361  9.000  8.349  6.530  3.841  0.000  3.833  5.234  5.108  6.514  8.820  9.805 10.830 12.820 14.321 15.488 16.942 18.533 18.791 17.335 16.182 12.749 14.869 16.904 14.339 13.700 11.929 14.034 14.261 17.376 18.765 16.119 13.768 10.038  8.921  6.693  5.905  5.430  4.111  6.368  8.863  9.221 10.472 12.307 11.553 13.989 14.871 16.682 15.510 16.065 13.756 15.891 15.464 17.745 18.809 20.289 23.189 24.936 27.472 29.431
 14.571 14.476 12.042 13.307 11.978 14.896 15.871 18.428 21.407 20.619 19.585 17.385 15.194 14.974 12.435 12.968 10.243 11.000 10.294  9.633  6.817  3.833  0.000  3.844  5.376  4.955  6.318  8.669  9.836 10.698 12.463 14.377 15.397 16.325 16.686 14.706 13.755 10.214 12.137 13.689 10.825  9.929  8.162 10.561 11.405 14.809 15.779 13.220 10.551  7.063  6.645  4.784  6.351  6.064  5.910  6.835 10.251 10.138 10.040 12.431 11.110 13.912 14.813 15.852 14.063 13.801 10.921 12.506 11.834 13.959 15.149 16.710 19.753 21.692 24.260 26.265
 16.872 16.764 14.603 15.604 13.863 16.634 16.940 19.590 22.298 21.361 20.451 18.743 16.221 16.364 13.654 14.291 11.873 12.921 13.008 11.630  8.305  5.234  3.844  0.000  3.846  5.433  5.087  6.301  8.809  9.930 10.503 12.575 14.423 15.250 14.786 12.910 11.228  7.672  9.788 12.068 10.053 10.323  9.886 13.007 14.598 18.102 18.593 15.886 12.678  9.609  8.116  4.679  6.349  8.081  8.679 10.378 13.539 13.307 13.669 16.149 14.877 17.486 18.001 18.872 17.362 16.753 13.742 14.708 13.085 14.640 14.863 15.930 18.565 20.097 22.688 24.706
 14.231 14.371 12.911 14.404 13.354 16.617 17.401 20.515 22.924 21.431 19.911 17.906 14.857 14.350 11.148 11.226  8.919 10.240 11.329 10.104  6.333  5.108  5.376  3.846  0.000  3.862  5.375  4.903  6.328  8.778  9.640 10.572 12.506 14.231 14.164 13.230 12.222  9.405 12.404 14.329 12.177 12.903 11.886 14.966 16.037 19.620 20.677 18.352 15.485 12.262 11.388  8.240  8.968  9.959  9.074 10.227 13.299 14.111 14.709 16.392 14.693 16.588 16.422 17.403 16.657 16.455 14.091 15.663 14.263 16.466 16.678 18.289 20.678 22.238 24.841 26.816
 12.465 11.756  9.684 10.710  9.515 12.838 13.902 17.109 19.535 18.012 16.403 14.216 11.358 11.037  8.258  9.264  7.571  9.863 10.824 10.907  7.325  6.514  4.955  5.433  3.862  0.000  3.849  5.393  5.103  6.465  8.743  9.957 10.720 12.213 13.027 11.903 11.884  9.282 12.408 13.350 10.474 10.922  9.247 12.219 13.191 16.875 18.073 16.265 13.691 10.829 11.191  8.978 10.709 10.764  9.469  9.204 12.809 13.914 13.542 15.001 12.610 14.342 13.932 14.304 13.377 12.804 10.508 12.156 11.006 13.704 14.396 16.633 19.197 21.158 23.789 25.785
 16.081 14.916 12.482 12.492 10.193 12.721 12.704 15.694 18.012 16.715 15.707 14.341 11.782 12.628 10.569 12.374 11.254 13.669 14.507 14.286 10.642  8.820  6.318  5.087  5.375  3.849  0.000  3.841  5.399  5.052  6.260  8.786  9.894 10.345 10.390  8.603  8.183  5.538  8.797  9.671  7.195  8.597  8.259 11.885 13.903 17.669 18.092 16.188 13.086 10.870 10.928  8.497 11.159 12.162 11.979 12.182 15.884 16.315 15.695 17.739 15.460 17.522 17.235 17.108 15.777 14.364 11.489 11.924  9.662 11.533 11.433 13.319 15.686 17.510 20.205 22.267
 16.614 15.822 14.183 14.587 12.790 15.495 15.450 18.644 20.531 18.795 17.451 16.228 13.116 13.576 11.040 12.282 11.409 13.831 15.468 14.777 10.959  9.805  8.669  6.301  4.903  5.393  3.841  0.000  3.845  5.413  4.899  6.341  8.751 10.011  9.388  8.810  8.096  6.449 10.130 11.528 10.034 12.120 12.082 15.699 17.555 21.319 21.890 19.920 16.768 14.326 13.804 10.695 12.546 14.058 13.608 14.238 17.667 18.442 18.422 20.201 17.969 19.652 18.932 19.007 18.324 17.236 14.785 15.442 13.090 14.852 14.120 15.750 17.528 18.907 21.534 23.510
 13.866 12.710 11.465 11.879 10.705 13.699 14.262 17.796 19.421 17.214 15.241 13.640 10.161 10.131  7.535  9.004  9.058 12.173 14.368 14.491 10.834 10.830  9.836  8.809  6.328  5.103  5.399  3.845  0.000  3.855  5.328  5.070  6.267  8.598  9.364  9.667 10.409  9.399 13.153 13.727 11.650 13.488 12.636 15.916 17.246 20.964 22.012 20.561 17.866 15.458 15.733 13.099 14.869 15.550 14.218 13.928 17.348 18.831 18.518 19.646 16.905 17.917 16.554 16.308 16.197 15.253 13.513 14.627 12.766 15.244 14.956 17.320 19.087 20.753 23.335 25.249
 15.729 13.754 11.729 10.912  8.725 10.963 10.855 14.321 15.808 13.703 12.120 11.102  8.120  9.504  8.258 10.984 11.505 14.849 16.545 17.078 13.475 12.820 10.698  9.930  8.778  6.465  5.052  5.413  3.855  0.000  3.847  5.435  5.077  5.771  7.078  6.724  8.472  8.073 11.570 11.160  8.997 11.185 10.751 14.077 15.919 19.616 20.233 19.137 16.456 14.780 15.590 13.488 16.076 16.730 15.846 15.186 18.895 20.034 19.046 20.427 17.462 18.655 17.391 16.413 15.793 13.981 11.977 12.201  9.804 12.026 11.527 14.183 15.849 17.736 20.328 22.278
 18.891 17.228 15.448 14.732 12.405 14.223 13.360 16.493 17.676 15.677 14.546 14.259 11.438 12.990 11.622 13.917 14.264 17.363 19.217 19.123 15.341 14.321 12.463 10.503  9.640  8.743  6.260  4.899  5.328  3.847  0.000  3.842  5.568  5.567  4.550  4.773  5.838  6.656 10.177 10.184  9.334 12.395 13.000 16.628 18.926 22.651 22.872 21.465 18.386 16.774 16.875 14.262 16.782 18.222 17.839 17.869 21.522 22.366 21.732 23.439 20.746 22.152 20.988 20.187 19.567 17.714 15.460 15.249 12.286 13.596 12.053 13.927 14.958 16.296 18.872 20.801
 17.934 16.439 15.480 15.146 13.638 15.797 15.484 18.874 19.708 17.184 15.384 14.854 11.545 12.358 10.765 12.576 13.546 16.764 19.281 19.289 15.624 15.488 14.377 12.575 10.572  9.957  8.786  6.341  5.070  5.435  3.842  0.000  3.846  6.035  5.837  7.970  9.322 10.234 13.835 13.989 13.038 15.876 15.941 19.405 21.233 24.945 25.602 24.331 21.446 19.511 19.645 16.841 18.840 20.079 19.094 18.958 22.392 23.785 23.408 24.626 21.775 22.623 20.921 20.176 20.279 18.847 17.221 17.569 15.047 16.836 15.513 17.608 18.442 19.656 22.080 23.855
 17.063 14.872 13.838 12.825 11.432 13.196 13.038 16.503 16.977 14.123 11.969 11.542  8.360  9.610  9.087 11.693 13.496 17.115 19.578 20.311 16.828 16.942 15.397 14.423 12.506 10.720  9.894  8.751  6.267  5.077  5.568  3.846  0.000  3.829  6.097  8.285 10.927 11.959 15.408 14.685 13.250 15.831 15.508 18.595 20.219 23.775 24.554 23.831 21.334 19.763 20.615 18.348 20.668 21.361 20.085 19.227 22.736 24.362 23.465 24.374 21.149 21.627 19.592 18.220 18.475 16.752 15.629 15.857 13.622 15.705 14.732 17.431 18.276 19.846 22.190 23.917
 19.832 17.303 15.609 13.824 11.550 12.317 11.119 14.193 14.362 11.750 10.412 11.054  8.838 11.347 11.603 14.718 16.287 19.895 21.911 22.649 19.073 18.533 16.325 15.250 14.231 12.213 10.345 10.011  8.598  5.771  5.567  6.035  3.829  0.000  3.852  5.697  9.182 10.997 13.877 12.391 11.436 14.365 14.728 17.797 19.950 23.417 23.658 23.101 20.540 19.589 20.584 18.621 21.455 22.338 21.579 20.749 24.457 25.648 24.385 25.663 22.458 23.284 21.557 19.828 19.508 17.128 15.633 14.937 12.155 13.495 11.957 14.564 15.014 16.586 18.870 20.602
 22.265 20.136 18.386 16.940 14.395 15.239 13.575 16.304 16.615 14.485 13.776 14.610 12.407 14.734 14.347 17.074 18.091 21.435 23.404 23.546 19.791 18.791 16.686 14.786 14.164 13.027 10.390  9.388  9.364  7.078  4.550  5.837  6.097  3.852  0.000  3.824  6.555  9.309 11.928 10.878 11.012 14.506 15.666 19.092 21.667 25.238 25.123 24.121 21.142 20.151 20.504 18.165 20.955 22.467 22.205 22.014 25.736 26.565 25.623 27.311 24.415 25.643 24.223 22.864 22.312 19.977 17.958 17.044 13.783 14.399 12.066 13.778 13.767 14.788 17.113 18.873
 22.397 20.262 17.907 16.317 13.210 13.800 11.736 14.148 15.016 13.566 13.507 14.286 12.534 15.163 14.757 17.650 18.088 21.230 22.612 22.686 18.963 17.335 14.706 12.910 13.230 11.903  8.603  8.810  9.667  6.724  4.773  7.970  8.285  5.697  3.824  0.000  3.897  6.496  8.627  7.144  7.399 11.029 12.705 16.156 19.087 22.600 22.114 20.974 17.884 17.224 17.586 15.579 18.731 20.286 20.503 20.430 24.227 24.587 23.443 25.507 22.825 24.516 23.613 22.329 21.157 18.589 16.038 14.677 11.106 11.177  8.638 10.151 10.575 11.939 14.561 16.584
 23.578 21.943 19.545 18.482 15.382 16.346 14.408 16.591 17.924 16.899 17.003 17.448 15.515 17.730 16.655 19.063 18.787 21.469 22.606 22.065 18.337 16.182 13.755 11.228 12.222 11.884  8.183  8.096 10.409  8.472  5.838  9.322 10.927  9.182  6.555  3.897  0.000  3.894  5.614  5.660  6.992 10.643 12.876 16.529 19.643 23.185 22.486 20.759 17.300 16.423 15.979 13.620 16.605 18.751 19.528 20.156 23.827 23.752 23.017 25.471 23.244 25.359 24.885 24.114 22.710 20.414 17.428 16.206 12.617 12.288  9.660 10.002 10.610 11.452 14.163 16.263
 21.571 20.283 17.713 17.118 14.137 15.599 14.237 16.509 18.532 17.731 17.660 17.389 15.349 17.092 15.550 17.619 16.665 18.940 19.634 18.904 15.301 12.749 10.214  7.672  9.405  9.282  5.538  6.449  9.399  8.073  6.656 10.234 11.959 10.997  9.309  6.496  3.894  0.000  3.843  5.506  5.403  8.295 10.240 13.973 16.945 20.517 19.958 17.839 14.256 12.967 12.233  9.770 12.817 14.949 15.946 16.828 20.412 20.092 19.503 22.136 20.213 22.632 22.580 22.234 20.571 18.603 15.342 14.533 11.302 11.376  9.719 10.183 11.935 13.165 15.911 18.056
 24.727 23.425 20.570 19.763 16.504 17.405 15.561 17.102 19.222 19.072 19.659 19.731 18.213 20.250 18.949 21.097 19.932 21.953 22.180 21.292 17.924 14.869 12.137  9.788 12.404 12.408  8.797 10.130 13.153 11.570 10.177 13.835 15.408 13.877 11.928  8.627  5.614  3.843  0.000  3.842  5.573  7.953 10.950 14.292 17.655 20.917 19.710 17.415 13.724 13.160 12.093 10.257 13.457 15.863 17.620 18.765 22.205 21.266 20.558 23.601 22.042 24.824 25.194 24.838 22.742 20.565 17.024 15.629 12.334 11.280  9.286  8.347 10.080 10.966 13.649 15.861
 25.087 23.246 20.168 18.684 15.103 15.247 12.823 13.984 15.861 15.945 16.987 17.573 16.628 19.230 18.637 21.331 20.694 23.131 23.400 23.091 19.700 16.904 13.689 12.068 14.329 13.350  9.671 11.528 13.727 11.160 10.184 13.989 14.685 12.391 10.878  7.144  5.660  5.506  3.842  0.000  3.833  6.843 10.208 13.308 16.914 20.054 18.605 16.934 13.549 13.759 13.687 12.548 16.122 17.954 19.398 19.868 23.495 22.739 21.433 24.305 22.370 24.960 25.134 24.221 22.021 19.341 15.922 13.840 10.237  8.507  5.799  4.919  6.739  8.373 11.336 13.703
 21.727 19.828 16.597 15.153 11.607 12.035 10.176 11.789 14.210 14.135 14.770 14.735 13.784 16.169 15.596 18.315 17.614 20.057 20.155 20.219 16.950 14.339 10.825 10.053 12.177 10.474  7.195 10.034 11.650  8.997  9.334 13.038 13.250 11.436 11.012  7.399  6.992  5.403  5.573  3.833  0.000  3.818  6.588  9.918 13.371 16.686 15.645 14.085 10.813 10.770 11.399 10.570 14.309 15.483 16.523 16.539 20.234 19.697 18.133 20.815 18.711 21.238 21.445 20.528 18.244 15.627 12.160 10.319  6.848  6.090  4.958  6.227  9.095 11.364 14.170 16.408
 21.258 19.475 15.947 14.624 11.235 11.547 10.269 11.349 14.421 14.908 15.655 15.121 14.638 16.704 16.193 18.721 17.611 19.635 19.035 19.301 16.504 13.700  9.929 10.323 12.903 10.922  8.597 12.120 13.488 11.185 12.395 15.876 15.831 14.365 14.506 11.029 10.643  8.295  7.953  6.843  3.818  0.000  3.827  6.572 10.208 13.307 12.054 10.340  7.107  7.673  9.006  9.419 13.209 13.721 14.989 14.782 18.276 17.345 15.389 18.258 16.460 19.309 20.085 19.327 16.524 14.008 10.288  8.374  5.855  5.148  6.290  7.491 11.031 13.522 16.074 18.181
 18.049 16.296 12.663 11.591  8.634  9.539  9.540 11.098 14.447 14.631 14.743 13.360 12.854 14.337 13.804 16.137 14.923 16.812 15.960 16.735 14.262 11.929  8.162  9.886 11.886  9.247  8.259 12.082 12.636 10.751 13.000 15.941 15.508 14.728 15.666 12.705 12.876 10.240 10.950 10.208  6.588  3.827  0.000  3.821  6.883 10.386 10.061  8.564  5.941  5.712  8.290  9.142 12.556 12.071 12.614 11.682 15.180 14.623 12.316 14.838 12.791 15.560 16.424 15.752 12.828 10.572  6.776  5.790  4.790  6.372  8.817 10.925 14.379 16.984 19.459 21.469
 18.871 17.079 13.328 12.131  9.697  9.891 10.403 11.069 14.642 15.413 15.768 14.203 14.488 15.781 15.708 17.910 16.673 18.196 16.721 17.947 16.139 14.034 10.561 13.007 14.966 12.219 11.885 15.699 15.916 14.077 16.628 19.405 18.595 17.797 19.092 16.156 16.529 13.973 14.292 13.308  9.918  6.572  3.821  0.000  3.823  6.823  6.319  5.474  4.488  5.801  9.368 11.429 14.427 13.144 13.638 12.139 15.117 14.300 11.264 13.629 11.855 14.687 16.089 15.313 11.841  9.618  6.175  5.037  6.284  7.564 10.922 12.927 16.449 19.186 21.424 23.292
 17.177 15.611 12.036 11.354 10.067 10.639 12.287 13.054 16.495 17.080 16.943 14.719 15.105 15.632 15.586 17.308 15.950 17.013 15.064 16.832 15.734 14.261 11.405 14.598 16.037 13.191 13.903 17.555 17.246 15.919 18.926 21.233 20.219 19.950 21.667 19.087 19.643 16.945 17.655 16.914 13.371 10.208  6.883  3.823  0.000  3.848  5.518  5.522  6.510  6.937 10.731 13.050 15.333 13.146 12.943 10.678 13.083 12.569  9.039 10.717  8.976 11.678 13.525 12.989  9.263  7.880  5.449  6.225  8.952 10.961 14.456 16.682 20.151 22.905 25.085 26.884
 19.456 17.997 14.655 13.962 13.129 13.119 14.806 14.853 18.161 19.195 19.306 17.156 18.067 18.499 18.755 20.311 18.974 19.676 17.316 19.263 18.721 17.376 14.809 18.102 19.620 16.875 17.669 21.319 20.964 19.616 22.651 24.945 23.775 23.417 25.238 22.600 23.185 20.517 20.917 20.054 16.686 13.307 10.386  6.823  3.848  0.000  3.849  5.595  8.404  9.619 13.238 16.079 18.044 15.534 15.433 13.082 14.664 13.856 10.079 11.278 10.306 12.693 15.005 14.480 10.687  9.758  8.481  8.944 12.041 13.552 17.224 19.234 22.665 25.440 27.427 29.104
 22.508 20.872 17.302 16.151 14.506 13.887 14.627 13.994 17.369 18.973 19.756 18.242 19.369 20.442 20.791 22.720 21.399 22.333 20.100 21.623 20.702 18.765 15.779 18.593 20.677 18.073 18.092 21.890 22.012 20.233 22.872 25.602 24.554 23.658 25.123 22.114 22.486 19.958 19.710 18.605 15.645 12.054 10.061  6.319  5.518  3.849  0.000  3.819  6.967  9.585 12.994 16.100 18.476 16.536 17.207 15.457 17.327 15.954 12.393 14.338 13.567 16.235 18.420 17.693 13.880 12.223 10.222  9.273 11.655 12.080 15.663 17.141 20.531 23.241 25.074 26.690
 22.000 20.790 17.249 16.633 14.792 14.915 15.478 15.407 18.946 20.262 20.882 19.278 19.728 20.664 20.360 22.027 20.210 20.880 18.530 19.467 18.488 16.119 13.220 15.886 18.352 16.265 16.188 19.920 20.561 19.137 21.465 24.331 23.831 23.101 24.121 20.974 20.759 17.839 17.415 16.934 14.085 10.340  8.564  5.474  5.522  5.595  3.819  0.000  3.825  6.450  9.507 12.861 15.099 13.352 14.582 13.521 15.446 13.538 10.385 13.146 12.825 16.089 18.498 18.363 14.636 13.305 10.577 10.008 11.580 11.930 15.125 16.185 19.744 22.263 24.233 25.950
 21.387 20.207 16.635 16.069 13.724 14.227 14.316 14.726 18.270 19.290 19.874 18.466 18.398 19.542 18.870 20.638 18.731 19.643 17.704 18.144 16.588 13.768 10.551 12.678 15.485 13.691 13.086 16.768 17.866 16.456 18.386 21.446 21.334 20.540 21.142 17.884 17.300 14.256 13.724 13.549 10.813  7.107  5.941  4.488  6.510  8.404  6.967  3.825  0.000  3.826  6.569  9.622 12.365 11.373 13.035 12.619 15.142 13.248 10.713 13.953 13.316 16.757 18.788 18.724 15.245 13.660 10.245  9.452  9.823  9.959 12.619 13.441 17.062 19.455 21.604 23.448
 18.637 17.930 14.637 14.837 12.913 14.422 15.040 16.304 19.786 20.161 20.113 18.246 17.456 18.025 16.703 17.977 15.654 16.267 14.326 14.460 12.902 10.038  7.063  9.609 12.262 10.829 10.870 14.326 15.458 14.780 16.774 19.511 19.763 19.589 20.151 17.224 16.423 12.967 13.160 13.759 10.770  7.673  5.712  5.801  6.937  9.619  9.585  6.450  3.826  0.000  3.839  6.628  9.059  7.782  9.305  9.246 11.939 10.193  8.237 11.649 11.052 14.638 16.641 17.146 14.035 13.109  9.714 10.143 10.383 11.492 13.786 14.901 18.463 20.725 23.056 24.982
 20.156 19.937 16.979 17.589 15.648 17.465 17.771 19.208 22.576 22.817 22.745 21.013 19.744 20.215 18.344 19.247 16.524 16.765 14.929 14.060 12.430  8.921  6.645  8.116 11.388 11.191 10.928 13.804 15.733 15.590 16.875 19.645 20.615 20.584 20.504 17.586 15.979 12.233 12.093 13.687 11.399  9.006  8.290  9.368 10.731 13.238 12.994  9.507  6.569  3.839  0.000  3.839  5.923  5.837  8.680 10.152 12.519 10.269  9.681 13.341 13.330 16.967 18.965 19.915 17.141 16.475 13.069 13.512 13.023 13.723 15.217 15.657 19.024 20.867 23.187 25.117
 19.266 19.211 16.598 17.443 15.505 17.775 17.967 19.944 23.053 22.804 22.424 20.752 18.882 19.244 16.919 17.645 14.905 15.328 14.233 12.809 10.483  6.693  4.784  4.679  8.240  8.978  8.497 10.695 13.099 13.488 14.262 16.841 18.348 18.621 18.165 15.579 13.620  9.770 10.257 12.548 10.570  9.419  9.142 11.429 13.050 16.079 16.100 12.861  9.622  6.628  3.839  0.000  3.853  5.684  8.148 10.279 12.985 11.463 11.657 14.911 14.471 17.765 19.184 20.213 17.976 17.349 13.990 14.622 13.442 14.372 15.126 15.605 18.650 20.240 22.688 24.673
 19.420 20.103 18.000 19.531 18.171 20.806 21.380 23.489 26.616 26.223 25.567 23.588 21.457 21.248 18.485 18.443 15.196 14.712 13.326 11.064  9.501  5.905  6.351  6.349  8.968 10.709 11.159 12.546 14.869 16.076 16.782 18.840 20.668 21.455 20.955 18.731 16.605 12.817 13.457 16.122 14.309 13.209 12.556 14.427 15.333 18.044 18.476 15.099 12.365  9.059  5.923  3.853  0.000  3.811  6.762 10.019 11.787 10.037 11.469 14.511 14.810 18.026 19.685 21.375 19.440 19.503 16.501 17.719 16.925 18.110 18.930 19.362 22.320 23.742 26.111 28.025
 17.313 18.167 16.083 17.913 17.065 19.785 20.937 22.996 26.261 25.913 25.078 22.698 20.797 20.206 17.575 17.300 13.874 12.938 10.747  9.013  8.365  5.430  6.064  8.081  9.959 10.764 12.162 14.058 15.550 16.730 18.222 20.079 21.361 22.338 22.467 20.286 18.751 14.949 15.863 17.954 15.483 13.721 12.071 13.144 13.146 15.534 16.536 13.352 11.373  7.782  5.837  5.684  3.811  0.000  3.834  6.941  8.284  6.277  7.824 10.793 11.473 14.789 16.870 18.840 16.815 17.370 14.734 16.505 16.537 18.205 19.729 20.652 23.880 25.647 28.031 29.942
 13.693 14.911 13.297 15.705 15.593 18.726 20.462 22.875 25.998 25.262 23.936 21.163 19.053 17.849 15.034 14.231 10.640  9.293  6.930  5.534  5.381  4.111  5.910  8.679  9.074  9.469 11.979 13.608 14.218 15.846 17.839 19.094 20.085 21.579 22.205 20.503 19.528 15.946 17.620 19.398 16.523 14.989 12.614 13.638 12.943 15.433 17.207 14.582 13.035  9.305  8.680  8.148  6.762  3.834  0.000  3.826  5.265  5.149  6.939  8.733  8.953 11.763 13.573 15.893 14.401 15.564 13.566 16.082 16.531 18.894 20.623 22.152 25.349 27.293 29.756 31.682
 11.023 11.912 10.141 12.667 13.102 16.236 18.495 20.912 23.977 23.177 21.654 18.588 16.770 15.308 12.903 12.232  8.986  7.998  5.208  6.227  6.262  6.368  6.835 10.378 10.227  9.204 12.182 14.238 13.928 15.186 17.869 18.958 19.227 20.749 22.014 20.430 20.156 16.828 18.765 19.868 16.539 14.782 11.682 12.139 10.678 13.082 15.457 13.521 12.619  9.246 10.152 10.279 10.019  6.941  3.826  0.000  3.855  5.488  5.475  6.206  5.331  8.081  9.964 12.227 10.697 12.233 10.812 13.860 15.003 17.844 20.043 22.106 25.372 27.604 30.071 31.989
 12.005 13.730 12.673 15.564 16.502 19.554 22.027 24.294 27.389 26.659 25.063 21.833 20.113 18.270 15.855 14.532 11.170  8.944  5.174  5.986  8.089  8.863 10.251 13.539 13.299 12.809 15.884 17.667 17.348 18.895 21.522 22.392 22.736 24.457 25.736 24.227 23.827 20.412 22.205 23.495 20.234 18.276 15.180 15.117 13.083 14.664 17.327 15.446 15.142 11.939 12.519 12.985 11.787  8.284  5.265  3.855  0.000  3.859  5.426  4.672  5.929  8.068 10.641 13.674 12.491 14.772 13.909 17.097 18.598 21.380 23.724 25.678 29.003 31.206 33.620 35.500
 15.607 16.944 15.287 17.643 17.883 20.581 22.617 24.513 27.829 27.526 26.395 23.449 21.963 20.671 18.374 17.544 14.127 12.252  8.713  8.404  9.938  9.221 10.138 13.307 14.111 13.914 16.315 18.442 18.831 20.034 22.366 23.785 24.362 25.648 26.565 24.587 23.752 20.092 21.266 22.739 19.697 17.345 14.623 14.300 12.569 13.856 15.954 13.538 13.248 10.193 10.269 11.463 10.037  6.277  5.149  5.488  3.859  0.000  3.836  5.453  7.800 10.860 13.844 16.471 14.561 16.253 14.710 17.325 18.665 20.904 23.256 24.738 28.170 30.283 32.619 34.479
 15.337 15.889 13.639 15.423 15.519 17.794 19.903 21.499 24.861 24.804 23.873 20.978 20.009 19.036 17.343 17.155 14.232 13.163  9.781 10.657 11.410 10.472 10.040 13.669 14.709 13.542 15.695 18.422 18.518 19.046 21.732 23.408 23.465 24.385 25.623 23.443 23.017 19.503 20.558 21.433 18.133 15.389 12.316 11.264  9.039 10.079 12.393 10.385 10.713  8.237  9.681 11.657 11.469  7.824  6.939  5.475  5.426  3.836  0.000  3.855  5.599  9.219 12.447 14.442 11.898 13.278 11.760 14.265 16.086 18.340 21.094 22.795 26.317 28.654 30.952 32.798
 13.471 14.399 12.805 15.067 16.081 18.496 21.165 22.903 26.073 25.760 24.433 21.189 20.257 18.682 17.112 16.424 13.711 12.213  8.619 10.491 12.048 12.307 12.431 16.149 16.392 15.001 17.739 20.201 19.646 20.427 23.439 24.626 24.374 25.663 27.311 25.507 25.471 22.136 23.601 24.305 20.815 18.258 14.838 13.629 10.717 11.278 14.338 13.146 13.953 11.649 13.341 14.911 14.511 10.793  8.733  6.206  4.672  5.453  3.855  0.000  3.841  6.403 10.016 12.534 10.587 12.963 12.545 15.644 17.947 20.646 23.552 25.640 29.107 31.548 33.857 35.684
 10.720 10.975  9.074 11.270 12.533 15.081 17.986 19.978 22.976 22.393 20.846 17.500 16.563 14.940 13.625 13.281 11.060 10.445  7.604 10.351 10.986 11.553 11.110 14.877 14.693 12.610 15.460 17.969 16.905 17.462 20.746 21.775 21.149 22.458 24.415 22.825 23.244 20.213 22.042 22.370 18.711 16.460 12.791 11.855  8.976 10.306 13.567 12.825 13.316 11.052 13.330 14.471 14.810 11.473  8.953  5.331  5.929  7.800  5.599  3.841  0.000  3.830  6.952  9.011  6.989  9.438  9.362 12.823 15.207 18.287 21.181 23.665 27.012 29.554 31.911 33.756
  8.637  9.071  8.250 10.862 13.186 15.760 19.113 21.257 23.904 22.979 20.988 17.373 16.473 14.197 13.183 12.366 10.821 10.162  7.975 11.512 12.473 13.989 13.912 17.486 16.588 14.342 17.522 19.652 17.917 18.655 22.152 22.623 21.627 23.284 25.643 24.516 25.359 22.632 24.824 24.960 21.238 19.309 15.560 14.687 11.678 12.693 16.235 16.089 16.757 14.638 16.967 17.765 18.026 14.789 11.763  8.081  8.068 10.860  9.219  6.403  3.830  0.000  3.838  6.593  6.036  9.558 10.841 14.556 17.154 20.542 23.421 26.237 29.432 32.028 34.374 36.184
  5.761  5.695  5.997  8.954 12.052 14.814 18.364 20.867 23.103 21.675 19.213 15.466 14.315 11.490 10.692  9.681  9.152  9.280  8.589 12.372 12.782 14.871 14.813 18.001 16.422 13.932 17.235 18.932 16.554 17.391 20.988 20.921 19.592 21.557 24.223 23.613 24.885 22.580 25.194 25.134 21.445 20.085 16.424 16.089 13.525 15.005 18.420 18.498 18.788 16.641 18.965 19.184 19.685 16.870 13.573  9.964 10.641 13.844 12.447 10.016  6.952  3.838  0.000  3.844  5.577  9.091 11.086 14.837 17.176 20.835 23.441 26.562 29.502 32.080 34.444 36.238
  7.635  5.402  4.876  6.368  9.860 12.072 15.792 18.186 20.107 18.600 16.068 12.317 11.766  9.220  9.693  9.883 10.531 11.856 11.732 15.364 15.013 16.682 15.852 18.872 17.403 14.304 17.108 19.007 16.308 16.413 20.187 20.176 18.220 19.828 22.864 22.329 24.114 22.234 24.838 24.221 20.528 19.327 15.752 15.313 12.989 14.480 17.693 18.363 18.724 17.146 19.915 20.213 21.375 18.840 15.893 12.227 13.674 16.471 14.442 12.534  9.011  6.593  3.844  0.000  3.843  6.646  9.562 12.972 15.463 19.154 21.797 25.176 27.936 30.611 32.894 34.636
 10.090  8.032  5.567  6.051  8.405 10.271 13.861 15.881 18.267 17.340 15.430 11.880 11.817 10.309 10.760 11.666 11.535 12.810 11.857 15.206 14.678 15.510 14.063 17.362 16.657 13.377 15.777 18.324 16.197 15.793 19.567 20.279 18.475 19.508 22.312 21.157 22.710 20.571 22.742 22.021 18.244 16.524 12.828 11.841  9.263 10.687 13.880 14.636 15.245 14.035 17.141 17.976 19.440 16.815 14.401 10.697 12.491 14.561 11.898 10.587  6.989  6.036  5.577  3.843  0.000  3.828  6.490  9.957 12.890 16.399 19.391 22.606 25.584 28.343 30.606 32.368
 12.598  9.821  6.506  4.680  5.626  6.647 10.196 12.090 14.515 13.765 12.217  8.965  9.596  9.332 10.547 12.602 12.870 14.895 14.278 17.200 15.917 16.065 13.801 16.753 16.455 12.804 14.364 17.236 15.253 13.981 17.714 18.847 16.752 17.128 19.977 18.589 20.414 18.603 20.565 19.341 15.627 14.008 10.572  9.618  7.880  9.758 12.223 13.305 13.660 13.109 16.475 17.349 19.503 17.370 15.564 12.233 14.772 16.253 13.278 12.963  9.438  9.558  9.091  6.646  3.828  0.000  3.819  6.588  9.633 13.071 16.112 19.454 22.320 25.149 27.360 29.108
 13.876 11.483  7.700  6.136  4.760  6.093  8.722 10.714 13.713 13.295 12.329  9.638  9.770 10.303 10.751 13.058 12.661 14.723 13.935 16.183 14.429 13.756 10.921 13.742 14.091 10.508 11.489 14.785 13.513 11.977 15.460 17.221 15.629 15.633 17.958 16.038 17.428 15.342 17.024 15.922 12.160 10.288  6.776  6.175  5.449  8.481 10.222 10.577 10.245  9.714 13.069 13.990 16.501 14.734 13.566 10.812 13.909 14.710 11.760 12.545  9.362 10.841 11.086  9.562  6.490  3.819  0.000  3.830  6.576  9.994 13.074 16.186 19.263 22.067 24.377 26.219
 17.431 14.794 11.034  8.619  5.828  4.959  6.095  7.343 10.685 10.957 10.994  9.380 10.332 12.105 13.056 15.916 15.760 18.082 17.409 19.294 17.181 15.891 12.506 14.708 15.663 12.156 11.924 15.442 14.627 12.201 15.249 17.569 15.857 14.937 17.044 14.677 16.206 14.533 15.629 13.840 10.319  8.374  5.790  5.037  6.225  8.944  9.273 10.008  9.452 10.143 13.512 14.622 17.719 16.505 16.082 13.860 17.097 17.325 14.265 15.644 12.823 14.556 14.837 12.972  9.957  6.588  3.830  0.000  3.822  6.661 10.064 13.193 16.212 19.127 21.342 23.162
 18.735 16.137 12.509 10.120  6.457  5.779  4.817  6.677  9.854  9.905 10.304  9.575  9.900 12.383 13.025 16.173 16.081 18.730 18.533 19.860 17.158 15.464 11.834 13.085 14.263 11.006  9.662 13.090 12.766  9.804 12.286 15.047 13.622 12.155 13.783 11.106 12.617 11.302 12.334 10.237  6.848  5.855  4.790  6.284  8.952 12.041 11.655 11.580  9.823 10.383 13.023 13.442 16.925 16.537 16.531 15.003 18.598 18.665 16.086 17.947 15.207 17.154 17.176 15.463 12.890  9.633  6.576  3.822  0.000  3.819  6.554  9.879 12.802 15.676 18.060 20.010
 22.453 19.917 16.294 13.862 10.174  8.796  6.400  6.510  9.529 10.554 12.081 12.366 13.039 15.895 16.563 19.744 19.534 22.092 21.759 22.738 19.955 17.745 13.959 14.640 16.466 13.704 11.533 14.852 15.244 12.026 13.596 16.836 15.705 13.495 14.399 11.177 12.288 11.376 11.280  8.507  6.090  5.148  6.372  7.564 10.961 13.552 12.080 11.930  9.959 11.492 13.723 14.372 18.110 18.205 18.894 17.844 21.380 20.904 18.340 20.646 18.287 20.542 20.835 19.154 16.399 13.071  9.994  6.661  3.819  0.000  3.820  6.665  9.718 12.716 15.036 17.020
 24.308 21.806 18.421 16.045 12.248 11.106  8.044  8.435 10.384 11.045 12.759 13.764 13.987 17.140 17.635 20.893 20.843 23.606 23.704 24.300 21.150 18.809 15.149 14.863 16.678 14.396 11.433 14.120 14.956 11.527 12.053 15.513 14.732 11.957 12.066  8.638  9.660  9.719  9.286  5.799  4.958  6.290  8.817 10.922 14.456 17.224 15.663 15.125 12.619 13.786 15.217 15.126 18.930 19.729 20.623 20.043 23.724 23.256 21.094 23.552 21.181 23.421 23.441 21.797 19.391 16.112 13.074 10.064  6.554  3.820  0.000  3.821  6.358  9.340 11.931 14.114
 27.381 25.121 21.725 19.593 15.813 14.804 11.758 11.613 13.335 14.397 16.382 17.533 17.640 20.707 20.896 23.967 23.589 26.117 26.048 26.216 23.063 20.289 16.710 15.930 18.289 16.633 13.319 15.750 17.320 14.183 13.927 17.608 17.431 14.564 13.778 10.151 10.002 10.183  8.347  4.919  6.227  7.491 10.925 12.927 16.682 19.234 17.141 16.185 13.441 14.901 15.657 15.605 19.362 20.652 22.152 22.106 25.678 24.738 22.795 25.640 23.665 26.237 26.562 25.176 22.606 19.454 16.186 13.193  9.879  6.665  3.821  0.000  3.831  6.667  9.389 11.730
 30.001 27.615 24.383 22.079 18.308 17.081 13.696 13.386 14.257 15.222 17.443 19.197 19.349 22.648 23.010 26.196 26.120 28.844 29.074 29.180 25.865 23.189 19.753 18.565 20.678 19.197 15.686 17.528 19.087 15.849 14.958 18.442 18.276 15.014 13.767 10.575 10.610 11.935 10.080  6.739  9.095 11.031 14.379 16.449 20.151 22.665 20.531 19.744 17.062 18.463 19.024 18.650 22.320 23.880 25.349 25.372 29.003 28.170 26.317 29.107 27.012 29.432 29.502 27.936 25.584 22.320 19.263 16.212 12.802  9.718  6.358  3.831  0.000  3.833  6.515  8.951
 32.301 30.025 26.906 24.720 20.990 19.901 16.524 16.248 16.844 17.703 19.902 21.785 21.760 25.020 25.229 28.313 28.200 30.885 31.223 31.075 27.693 24.936 21.692 20.097 22.238 21.158 17.510 18.907 20.753 17.736 16.296 19.656 19.846 16.586 14.788 11.939 11.452 13.165 10.966  8.373 11.364 13.522 16.984 19.186 22.905 25.440 23.241 22.263 19.455 20.725 20.867 20.240 23.742 25.647 27.293 27.604 31.206 30.283 28.654 31.548 29.554 32.028 32.080 30.611 28.343 25.149 22.067 19.127 15.676 12.716  9.340  6.667  3.833  0.000  3.846  6.777
 34.751 32.423 29.309 27.030 23.338 22.037 18.598 17.996 18.272 19.301 21.717 23.820 24.002 27.322 27.671 30.782 30.731 33.411 33.720 33.576 30.239 27.472 24.260 22.688 24.841 23.789 20.205 21.534 23.335 20.328 18.872 22.080 22.190 18.870 17.113 14.561 14.163 15.911 13.649 11.336 14.170 16.074 19.459 21.424 25.085 27.427 25.074 24.233 21.604 23.056 23.187 22.688 26.111 28.031 29.756 30.071 33.620 32.619 30.952 33.857 31.911 34.374 34.444 32.894 30.606 27.360 24.377 21.342 18.060 15.036 11.931  9.389  6.515  3.846  0.000  3.811
