  0.000  3.835  6.667 10.354 13.291 16.725 19.728 22.891 25.114 23.034 20.116 16.509 14.145 10.675  8.532  5.625  5.458  5.765  7.509 10.627 10.686 13.804 14.643 17.004 14.410 12.579 16.175 16.622 13.727 15.584 18.711 17.552 16.490 19.391 21.896 22.047 23.430 21.547 24.828 25.147 21.635 21.356 18.098 18.872 17.260 19.651 22.614 22.097 21.392 18.659 20.165 19.288 19.442 17.312 13.644 10.994 11.832 15.475 15.263 13.372 10.687  8.634  5.741  7.617 10.151 12.653 13.870 17.420 18.781 22.526 24.450 27.521 30.317 33.136 36.162 38.233
  3.835  0.000  3.826  6.994 10.260 13.466 16.561 19.789 21.730 19.529 16.496 12.856 10.677  7.132  5.903  4.646  6.230  8.342  9.920 13.086 12.260 14.718 14.600 16.909 14.536 11.884 15.011 15.799 12.551 13.578 16.997 16.008 14.240 16.791 19.691 19.838 21.719 20.220 23.513 23.324 19.792 19.638 16.446 17.206 15.821 18.269 21.051 20.997 20.319 18.062 20.044 19.302 20.192 18.261 14.927 11.951 13.662 16.939 15.947 14.427 11.048  9.123  5.720  5.410  8.173  9.970 11.593 14.891 16.259 20.053 22.022 25.342 28.081 31.064 34.043 36.053
  6.667  3.826  0.000  3.825  6.808 10.102 13.255 16.308 18.531 16.668 14.034 10.369  8.599  6.002  5.595  6.213  6.850  9.341 10.005 13.074 11.742 13.284 12.283 14.854 13.182  9.920 12.682 14.283 11.412 11.637 15.353 15.209 13.341 15.233 18.078 17.593 19.441 17.779 20.801 20.291 16.633 16.165 12.876 13.488 12.257 14.883 17.446 17.479 16.802 14.856 17.197 16.813 18.230 16.319 13.431 10.263 12.705 15.400 13.778 12.881  9.165  8.237  5.913  4.687  5.619  6.553  7.798 11.101 12.631 16.435 18.646 21.941 24.835 27.892 30.841 32.888
 10.354  6.994  3.825  0.000  3.817  6.516  9.858 12.896 14.852 12.987 10.422  6.719  5.800  4.631  6.392  8.764  9.973 12.868 13.412 16.248 14.450 15.241 13.348 15.656 14.509 10.791 12.532 14.579 11.815 10.776 14.584 14.928 12.447 13.482 16.601 15.889 18.209 16.999 19.803 18.637 15.062 14.657 11.646 12.140 11.402 13.952 16.052 16.653 16.034 14.858 17.606 17.463 19.571 17.966 15.658 12.606 15.467 17.607 15.397 15.012 11.216 10.758  8.902  6.289  6.024  4.640  6.124  8.583 10.120 13.857 16.171 19.688 22.513 25.734 28.584 30.552
 13.291 10.260  6.808  3.817  0.000  3.832  6.497  9.669 12.082 10.407  8.548  5.616  5.058  6.308  7.864 10.808 11.506 14.537 14.899 17.139 14.770 14.634 11.971 13.870 13.419  9.577 10.235 12.826 10.740  8.716 12.398 13.623 11.335 11.487 14.255 12.912 15.172 14.037 16.544 15.048 11.526 11.225  8.640  9.633 10.018 12.976 14.249 14.717 13.619 12.878 15.616 15.488 18.170 17.072 15.492 12.976 16.361 17.802 15.429 15.965 12.420 13.034 11.971  9.780  8.369  5.535  4.710  5.724  6.427 10.138 12.371 15.903 18.737 21.984 24.821 26.813
 16.725 13.466 10.102  6.516  3.832  0.000  3.829  6.446  8.495  7.287  6.240  4.304  6.275  8.738 11.187 14.384 15.312 18.304 18.443 20.730 18.402 17.909 14.865 16.605 16.663 12.892 12.754 15.547 13.795 11.031 14.287 15.902 13.290 12.424 15.202 13.560 16.134 15.491 17.433 15.152 11.996 11.489  9.538  9.815 10.528 12.811 13.479 14.745 14.064 14.346 17.397 17.731 20.779 19.772 18.607 16.094 19.408 20.486 17.681 18.360 14.945 15.584 14.743 12.025 10.208  6.554  6.064  4.874  5.755  8.719 11.255 14.870 17.612 21.010 23.625 25.485
 19.728 16.561 13.255  9.858  6.497  3.829  0.000  3.839  6.109  4.938  5.538  6.015  7.722 11.082 13.244 16.670 17.522 20.655 20.937 22.748 20.006 18.971 15.607 16.610 17.101 13.634 12.386 15.142 14.038 10.612 13.109 15.322 12.956 11.078 13.301 11.222 13.852 13.777 15.264 12.476  9.932 10.050  9.425 10.373 12.261 14.634 14.342 15.400 14.173 14.912 17.595 17.729 21.152 20.769 20.177 18.224 21.785 22.456 19.770 21.022 17.832 18.921 18.228 15.701 13.836 10.171  8.723  6.124  4.678  6.256  8.076 11.769 14.203 17.625 20.160 21.967
 22.891 19.789 16.308 12.896  9.669  6.446  3.839  0.000  3.864  5.455  7.917  9.084 11.426 14.687 16.928 20.245 20.842 23.742 23.590 25.367 22.778 21.352 17.748 18.822 19.904 16.588 15.067 18.111 17.472 14.010 16.163 18.736 16.568 14.326 16.093 13.576 15.791 15.695 16.339 13.047 11.043 10.444 10.422 10.470 12.566 14.202 13.112 14.684 13.912 15.589 18.428 19.158 22.746 22.351 22.212 20.331 23.766 23.965 20.974 22.470 19.592 20.951 20.735 18.203 15.828 12.030 10.472  6.983  6.022  5.559  7.794 10.851 13.284 16.691 18.892 20.586
 25.114 21.730 18.531 14.852 12.082  8.495  6.109  3.864  0.000  3.840  7.299  9.634 12.573 16.021 18.766 22.298 23.412 26.525 26.635 28.598 25.980 24.794 21.280 22.216 23.020 19.649 18.101 20.790 19.858 16.239 18.160 20.419 17.851 15.271 17.231 15.225 17.899 18.465 19.136 15.671 14.177 14.060 14.191 14.193 15.977 17.245 16.227 18.189 17.656 19.387 22.226 22.838 26.430 26.062 25.756 23.714 27.112 27.528 24.483 25.713 22.668 23.614 23.033 20.091 18.103 14.321 13.533 10.380  9.640  9.059 10.380 13.211 14.899 18.173 20.032 21.414
 23.034 19.529 16.668 12.987 10.407  7.287  4.938  5.455  3.840  0.000  3.809  6.929  9.571 13.201 16.033 19.715 21.250 24.627 25.243 27.218 24.432 23.622 20.359 21.079 21.315 17.920 16.495 18.707 17.354 13.742 15.659 17.464 14.599 12.074 14.450 13.080 16.276 17.193 18.518 15.383 13.720 14.359 14.250 14.976 16.682 18.530 18.077 19.660 18.709 19.749 22.403 22.448 25.917 25.652 24.973 22.906 26.407 27.257 24.496 25.504 22.172 22.797 21.674 18.638 17.263 13.632 13.113 10.613  9.467  9.874 10.682 14.053 15.581 18.874 20.994 22.425
 20.116 16.496 14.034 10.422  8.548  6.240  5.538  7.917  7.299  3.809  0.000  3.828  6.384  9.876 12.969 16.682 18.648 22.157 23.134 25.300 22.589 22.325 19.435 20.292 19.884 16.373 15.547 17.380 15.358 12.081 14.413 15.511 12.219 10.376 13.484 12.852 16.351 17.160 19.194 16.584 14.439 15.283 14.492 15.466 16.673 18.812 19.074 20.476 19.473 19.853 22.490 22.209 25.396 24.942 23.750 21.470 24.885 26.225 23.672 24.259 20.690 20.847 19.216 16.068 15.342 12.070 12.181 10.716  9.974 11.603 12.571 16.252 17.938 21.232 23.589 25.114
 16.509 12.856 10.369  6.719  5.616  4.304  6.015  9.084  9.634  6.929  3.828  0.000  3.827  6.678  9.997 13.543 15.490 18.883 19.782 22.216 19.791 19.914 17.300 18.672 17.955 14.244 14.266 16.213 13.744 11.052 14.143 14.894 11.587 10.881 14.304 13.712 16.946 17.034 19.461 17.313 14.491 14.875 13.186 13.959 14.493 16.743 17.687 18.963 18.150 18.052 20.836 20.618 23.493 22.622 21.021 18.434 21.670 23.306 20.805 21.025 17.346 17.217 15.444 12.280 11.758  8.778  9.475  9.116  9.323 12.038 13.708 17.495 19.704 23.048 25.622 27.326
 14.145 10.677  8.599  5.800  5.058  6.275  7.722 11.426 12.573  9.571  6.384  3.827  0.000  3.848  6.611 10.334 12.470 16.091 17.524 19.691 17.040 17.458 15.252 16.303 15.019 11.486 11.807 13.167 10.302  8.060 11.295 11.515  8.235  8.464 12.008 11.941 15.066 15.071 18.027 16.537 13.640 14.571 12.824 14.398 15.050 17.882 19.041 19.629 18.281 17.444 19.748 18.914 21.518 20.865 19.039 16.731 20.046 21.947 19.970 20.202 16.513 16.390 14.293 11.670 11.755  9.477  9.717 10.195  9.788 12.882 14.046 17.790 19.925 23.103 25.873 27.669
 10.675  7.132  6.002  4.631  6.308  8.738 11.082 14.687 16.021 13.201  9.876  6.678  3.848  0.000  3.809  7.146  9.821 13.363 15.111 17.584 15.350 16.568 15.084 16.512 14.578 11.203 12.687 13.627 10.191  9.351 12.770 12.137  9.160 10.777 14.232 14.567 17.327 16.871 20.136 19.188 16.033 16.694 14.339 15.721 15.620 18.411 20.229 20.633 19.476 18.053 20.264 19.321 21.360 20.318 17.886 15.319 18.234 20.684 19.032 18.656 14.918 14.140 11.468  9.073 10.225  9.202 10.237 11.980 12.301 15.791 17.214 20.863 23.172 26.281 29.140 30.996
  8.532  5.903  5.595  6.392  7.864 11.187 13.244 16.928 18.766 16.033 12.969  9.997  6.611  3.809  0.000  3.812  6.478 10.200 12.489 14.561 12.194 13.810 12.990 14.202 11.692  8.797 10.973 11.289  7.657  8.240 11.487 10.393  8.384 11.017 13.884 14.376 16.524 15.656 19.182 18.959 15.809 16.641 14.260 16.116 16.064 19.201 21.115 20.863 19.323 17.238 18.881 17.444 19.013 18.115 15.477 13.331 16.174 18.796 17.784 17.479 14.003 13.442 10.835  9.680 11.021 10.786 11.114 13.341 13.341 16.871 18.022 21.402 23.716 26.604 29.582 31.527
  5.625  4.646  6.213  8.764 10.808 14.384 16.670 20.245 22.298 19.715 16.682 13.543 10.334  7.146  3.812  0.000  3.830  7.160 10.075 12.120 10.329 12.862 13.093 14.473 11.454  9.395 12.434 12.267  8.852 10.753 13.631 12.109 10.998 14.129 16.572 17.165 18.783 17.478 21.056 21.374 18.181 18.792 16.163 17.894 17.382 20.438 22.722 22.125 20.659 18.051 19.327 17.736 18.552 17.398 14.274 12.268 14.474 17.542 17.167 16.415 13.301 12.376  9.638  9.739 11.680 12.576 13.033 15.851 16.157 19.749 20.985 24.152 26.558 29.304 32.329 34.326
  5.458  6.230  6.850  9.973 11.506 15.312 17.522 20.842 23.412 21.250 18.648 15.490 12.470  9.821  6.478  3.830  0.000  3.821  6.655  8.360  6.619  9.449 10.303 11.998  9.086  7.602 11.253 11.342  8.793 11.231 13.994 13.085 12.838 15.782 17.661 17.670 18.572 16.554 19.916 20.663 17.390 17.607 14.848 16.559 15.952 19.089 21.384 20.258 18.687 15.654 16.538 14.932 15.260 13.926 10.657  8.996 11.099 14.098 14.203 13.682 11.061 10.845  9.107 10.401 11.550 12.793 12.544 15.595 15.969 19.465 20.814 23.623 26.223 28.814 31.874 33.974
  5.765  8.342  9.341 12.868 14.537 18.304 20.655 23.742 26.525 24.627 22.157 18.883 16.091 13.363 10.200  7.160  3.821  0.000  3.875  5.382  5.386  9.013 10.991 12.973 10.310  9.818 13.630 13.714 11.858 14.569 17.092 16.277 16.456 19.413 21.027 20.856 21.300 18.857 21.968 23.064 19.796 19.603 16.701 18.056 17.004 19.849 22.383 20.928 19.575 16.218 16.717 15.282 14.703 12.917  9.268  7.997  8.855 12.178 13.108 12.184 10.461 10.251  9.284 11.793 12.863 14.843 14.591 17.906 18.603 22.013 23.530 26.065 28.794 31.248 34.300 36.451
  7.509  9.920 10.005 13.412 14.899 18.443 20.937 23.590 26.635 25.243 23.134 19.782 17.524 15.111 12.489 10.075  6.655  3.875  0.000  3.836  5.535  8.341 10.231 13.009 11.348 10.731 14.452 15.356 14.045 16.265 18.994 18.847 18.957 21.490 23.059 22.296 22.504 19.618 22.286 23.276 19.863 18.951 15.786 16.508 14.978 17.462 20.143 18.527 17.581 14.208 14.830 14.144 13.301 10.706  6.882  5.158  5.071  8.616  9.679  8.557  7.565  8.033  8.548 11.649 11.858 14.156 13.712 17.152 18.336 21.627 23.553 25.861 28.861 31.311 34.318 36.532
 10.627 13.086 13.074 16.248 17.139 20.730 22.748 25.367 28.598 27.218 25.300 22.216 19.691 17.584 14.561 12.120  8.360  5.382  3.836  0.000  3.833  6.535  9.610 11.673 10.119 10.827 14.273 14.703 14.199 16.863 18.976 18.916 19.776 22.336 23.312 22.502 22.090 18.980 21.463 23.044 19.976 19.281 16.602 17.782 16.802 19.475 21.729 19.537 18.095 14.408 14.018 12.771 11.074  8.993  5.542  6.244  5.936  8.351 10.605 10.472 10.369 11.593 12.339 15.298 15.263 17.132 16.030 19.092 19.718 22.670 24.179 26.081 28.908 31.041 34.022 36.248
 10.686 12.260 11.742 14.450 14.770 18.402 20.006 22.778 25.980 24.432 22.589 19.791 17.040 15.350 12.194 10.329  6.619  5.386  5.535  3.833  0.000  3.844  6.795  8.348  6.352  7.245 10.619 10.886 10.569 13.286 15.211 15.304 16.372 18.818 19.588 18.784 18.334 15.330 18.014 19.646 16.688 16.470 14.119 15.973 15.714 18.893 20.738 18.541 16.526 12.856 12.383 10.433  9.493  8.344  5.377  6.283  8.053  9.909 11.373 12.046 11.032 12.572 12.798 14.983 14.784 15.884 14.315 16.995 17.021 19.880 21.023 22.962 25.621 27.741 30.754 32.963
 13.804 14.718 13.284 15.241 14.634 17.909 18.971 21.352 24.794 23.622 22.325 19.914 17.458 16.568 13.810 12.862  9.449  9.013  8.341  6.535  3.844  0.000  3.836  5.268  5.091  6.481  8.871  9.827 10.695 12.777 14.370 15.372 16.715 18.520 18.806 17.365 16.354 12.925 15.080 16.889 14.132 13.707 11.818 13.902 14.278 17.572 18.818 16.199 13.742 10.026  8.888  6.645  5.880  5.414  4.122  6.419  8.873  9.238 10.472 12.342 11.645 14.115 14.934 16.725 15.695 16.105 13.720 15.763 15.381 17.726 18.696 20.176 22.845 24.778 27.737 29.991
 14.643 14.600 12.283 13.348 11.971 14.865 15.607 17.748 21.280 20.359 19.435 17.300 15.252 15.084 12.990 13.093 10.303 10.991 10.231  9.610  6.795  3.836  0.000  3.846  5.365  4.953  6.423  8.757  9.788 10.737 12.616 14.391 15.307 16.447 16.808 14.813 13.974 10.450 12.418 13.666 10.639  9.933  8.041 10.413 11.400 14.931 15.753 13.262 10.501  7.046  6.612  4.742  6.348  6.082  5.876  6.826 10.235 10.152 10.026 12.437 11.166 13.982 14.855 15.888 14.238 13.835 10.895 12.373 11.750 13.939 15.039 16.581 19.431 21.566 24.541 26.835
 17.004 16.909 14.854 15.656 13.870 16.605 16.610 18.822 22.216 21.079 20.292 18.672 16.303 16.512 14.202 14.473 11.998 12.973 13.009 11.673  8.348  5.268  3.846  0.000  3.840  5.436  5.155  6.452  8.863 10.027 10.726 12.716 14.473 15.464 14.994 13.082 11.476  7.864  9.890 12.006  9.779 10.240  9.698 12.814 14.557 18.156 18.466 15.866 12.577  9.565  8.056  4.612  6.334  8.091  8.693 10.401 13.556 13.344 13.659 16.169 14.944 17.577 18.068 18.911 17.534 16.777 13.716 14.551 12.955 14.547 14.660 15.786 18.113 19.869 22.834 25.094
 14.410 14.536 13.182 14.509 13.419 16.663 17.101 19.904 23.020 21.315 19.884 17.955 15.019 14.578 11.692 11.454  9.086 10.310 11.348 10.119  6.352  5.091  5.365  3.840  0.000  3.861  5.349  4.900  6.295  8.768  9.657 10.525 12.396 14.242 14.148 13.167 12.221  9.338 12.294 14.268 11.886 12.843 11.746 14.824 16.051 19.735 20.606 18.374 15.410 12.235 11.324  8.152  8.893  9.923  9.063 10.264 13.297 14.117 14.704 16.427 14.791 16.727 16.534 17.474 16.866 16.526 14.102 15.553 14.171 16.399 16.540 18.247 20.428 22.347 25.362 27.532
 12.579 11.884  9.920 10.791  9.577 12.892 13.634 16.588 19.649 17.920 16.373 14.244 11.486 11.203  8.797  9.395  7.602  9.818 10.731 10.827  7.245  6.481  4.953  5.436  3.861  0.000  3.851  5.367  5.010  6.415  8.723  9.855 10.540 12.174 12.947 11.756 11.814  9.211 12.382 13.321 10.246 10.921  9.169 12.128 13.232 16.980 18.011 16.316 13.656 10.843 11.176  8.944 10.681 10.760  9.411  9.177 12.748 13.898 13.529 15.001 12.662 14.407 13.979 14.327 13.551 12.863 10.530 12.072 10.951 13.684 14.353 16.669 19.169 21.560 24.625 26.807
 16.175 15.011 12.682 12.532 10.235 12.754 12.386 15.067 18.101 16.495 15.547 14.266 11.807 12.687 10.973 12.434 11.253 13.630 14.452 14.273 10.619  8.871  6.423  5.155  5.349  3.851  0.000  3.841  5.402  5.086  6.339  8.824  9.891 10.463 10.421  8.547  8.133  5.442  8.729  9.667  6.986  8.651  8.250 11.873 14.003 17.782 18.030 16.315 13.161 11.019 11.066  8.617 11.263 12.292 12.025 12.225 15.913 16.421 15.788 17.817 15.558 17.595 17.273 17.107 15.946 14.421 11.562 11.878  9.621 11.526 11.368 13.416 15.637 17.919 20.985 23.176
 16.622 15.799 14.283 14.579 12.826 15.547 15.142 18.111 20.790 18.707 17.380 16.213 13.167 13.627 11.289 12.267 11.342 13.714 15.356 14.703 10.886  9.827  8.757  6.452  4.900  5.367  3.841  0.000  3.847  5.419  4.923  6.350  8.723 10.059  9.386  8.749  8.052  6.313  9.974 11.672  9.911 12.215 12.077 15.680 17.630 21.420 21.827 20.047 16.849 14.461 13.949 10.838 12.656 14.154 13.621 14.236 17.627 18.490 18.460 20.216 18.006 19.664 18.889 18.914 18.420 17.242 14.819 15.394 13.074 14.883 14.134 16.015 17.629 19.554 22.551 24.607
 13.727 12.551 11.412 11.815 10.740 13.795 14.038 17.472 19.858 17.354 15.358 13.744 10.302 10.191  7.657  8.852  8.793 11.858 14.045 14.199 10.569 10.695  9.788  8.863  6.295  5.010  5.402  3.847  0.000  3.858  5.311  5.028  6.167  8.567  9.306  9.516 10.309  9.258 13.046 13.931 11.586 13.581 12.609 15.845 17.230 20.958 21.871 20.588 17.851 15.469 15.743 13.112 14.830 15.473 14.033 13.729 17.084 18.662 18.367 19.459 16.754 17.742 16.345 16.075 16.150 15.175 13.470 14.561 12.782 15.317 15.120 17.703 19.512 21.827 24.839 26.835
 15.584 13.578 11.637 10.776  8.716 11.031 10.612 14.010 16.239 13.742 12.081 11.052  8.060  9.351  8.240 10.753 11.231 14.569 16.265 16.863 13.286 12.777 10.737 10.027  8.768  6.415  5.086  5.419  3.858  0.000  3.847  5.446  5.047  5.792  7.007  6.513  8.313  7.939 11.527 11.438  9.063 11.377 10.836 14.113 15.974 19.624 20.119 19.251 16.554 14.914 15.733 13.622 16.161 16.786 15.756 15.055 18.721 19.984 19.002 20.321 17.358 18.483 17.173 16.150 15.731 13.889 11.980 12.190  9.877 12.164 11.799 14.703 16.489 19.073 22.059 24.037
 18.711 16.997 15.353 14.584 12.398 14.287 13.109 16.163 18.160 15.659 14.413 14.143 11.295 12.770 11.487 13.631 13.994 17.092 18.994 18.976 15.211 14.370 12.616 10.726  9.657  8.723  6.339  4.923  5.311  3.847  0.000  3.848  5.576  5.611  4.513  4.703  5.766  6.596 10.160 10.690  9.555 12.725 13.186 16.776 19.081 22.762 22.865 21.725 18.651 17.069 17.204 14.576 17.027 18.420 17.868 17.839 21.447 22.447 21.813 23.435 20.726 22.035 20.781 19.915 19.535 17.650 15.524 15.303 12.416 13.821 12.391 14.666 15.709 17.810 20.697 22.575
 17.552 16.008 15.209 14.928 13.623 15.902 15.322 18.736 20.419 17.464 15.511 14.894 11.515 12.137 10.393 12.109 13.085 16.277 18.847 18.916 15.304 15.372 14.391 12.716 10.525  9.855  8.824  6.350  5.028  5.446  3.848  0.000  3.849  6.025  5.863  7.942  9.308 10.167 13.800 14.520 13.234 16.153 16.047 19.458 21.270 24.948 25.511 24.472 21.588 19.655 19.817 17.011 18.921 20.081 18.926 18.734 22.081 23.632 23.279 24.402 21.558 22.311 20.523 19.735 20.091 18.685 17.187 17.579 15.175 17.074 15.937 18.416 19.388 21.440 24.258 26.013
 16.490 14.240 13.341 12.447 11.335 13.290 12.956 16.568 17.851 14.599 12.219 11.587  8.235  9.160  8.384 10.998 12.838 16.456 18.957 19.776 16.372 16.715 15.307 14.473 12.396 10.540  9.891  8.723  6.167  5.047  5.576  3.849  0.000  3.827  6.141  8.213 10.878 11.884 15.428 15.240 13.498 16.101 15.592 18.608 20.164 23.649 24.374 23.886 21.404 19.816 20.695 18.428 20.651 21.250 19.771 18.838 22.250 24.051 23.187 23.975 20.749 21.103 18.986 17.577 18.093 16.453 15.499 15.840 13.771 15.987 15.304 18.341 19.525 21.987 24.790 26.508
 19.391 16.791 15.233 13.482 11.487 12.424 11.078 14.326 15.271 12.074 10.376 10.881  8.464 10.777 11.017 14.129 15.782 19.413 21.490 22.336 18.818 18.520 16.447 15.464 14.242 12.174 10.463 10.059  8.567  5.792  5.611  6.025  3.827  0.000  3.850  5.686  9.183 11.052 14.063 13.158 11.946 14.862 15.041 18.049 20.107 23.463 23.661 23.402 20.879 19.911 20.944 18.954 21.695 22.500 21.509 20.586 24.224 25.620 24.376 25.512 22.270 22.930 21.093 19.291 19.253 16.931 15.667 15.084 12.464 13.963 12.757 15.763 16.608 19.107 21.781 23.409
 21.896 19.691 18.078 16.601 14.255 15.202 13.301 16.093 17.231 14.450 13.484 14.304 12.008 14.232 13.884 16.572 17.661 21.027 23.059 23.312 19.588 18.806 16.808 14.994 14.148 12.947 10.421  9.386  9.306  7.007  4.513  5.863  6.141  3.850  0.000  3.823  6.513  9.290 11.988 11.615 11.409 14.903 15.877 19.262 21.779 25.258 25.067 24.389 21.451 20.464 20.881 18.520 21.236 22.671 22.189 21.901 25.576 26.603 25.655 27.217 24.276 25.357 23.826 22.380 22.094 19.762 17.941 17.075 13.921 14.691 12.615 14.883 15.136 17.134 19.725 21.311
 22.047 19.838 17.593 15.889 12.912 13.560 11.222 13.576 15.225 13.080 12.852 13.712 11.941 14.567 14.376 17.165 17.670 20.856 22.296 22.502 18.784 17.365 14.813 13.082 13.167 11.756  8.547  8.749  9.516  6.513  4.703  7.942  8.213  5.686  3.823  0.000  3.895  6.511  8.784  7.898  7.781 11.386 12.855 16.272 19.149 22.570 22.003 21.221 18.187 17.542 17.994 15.960 19.056 20.536 20.518 20.328 24.115 24.679 23.504 25.442 22.691 24.233 23.220 21.839 20.915 18.300 15.939 14.586 11.089 11.344  9.027 11.171 11.733 13.963 16.739 18.566
 23.430 21.719 19.441 18.209 15.172 16.134 13.852 15.791 17.899 16.276 16.351 16.946 15.066 17.327 16.524 18.783 18.572 21.300 22.504 22.090 18.334 16.354 13.974 11.476 12.221 11.814  8.133  8.052 10.309  8.313  5.766  9.308 10.878  9.183  6.513  3.895  0.000  3.892  5.628  6.196  7.155 10.921 13.004 16.655 19.785 23.273 22.448 21.072 17.655 16.829 16.494 14.112 17.067 19.152 19.724 20.240 23.928 24.043 23.251 25.606 23.306 25.299 24.707 23.831 22.661 20.262 17.417 16.123 12.534 12.312  9.648 10.628 10.944 12.549 15.365 17.327
 21.547 20.220 17.779 16.999 14.037 15.491 13.777 15.695 18.465 17.193 17.160 17.034 15.071 16.871 15.656 17.478 16.554 18.857 19.618 18.980 15.330 12.925 10.450  7.864  9.338  9.211  5.442  6.313  9.258  7.939  6.596 10.167 11.884 11.052  9.290  6.511  3.892  0.000  3.847  5.680  5.366  8.550 10.378 14.130 17.166 20.730 20.025 18.203 14.631 13.406 12.749 10.248 13.243 15.357 16.178 16.985 20.594 20.438 19.807 22.367 20.391 22.716 22.557 22.132 20.691 18.599 15.426 14.514 11.251 11.403  9.575 10.445 11.741 13.458 16.447 18.636
 24.828 23.513 20.801 19.803 16.544 17.433 15.264 16.339 19.136 18.518 19.194 19.461 18.027 20.136 19.182 21.056 19.916 21.968 22.286 21.463 18.014 15.080 12.418  9.890 12.294 12.382  8.729  9.974 13.046 11.527 10.160 13.800 15.428 14.063 11.988  8.784  5.628  3.847  0.000  3.846  5.653  8.346 11.251 14.662 18.086 21.348 20.002 18.008 14.333 13.786 12.763 10.785 13.924 16.376 17.959 19.063 22.554 21.789 21.062 24.034 22.410 25.097 25.348 24.930 23.064 20.759 17.301 15.804 12.434 11.447  9.108  8.514  9.402 10.543 13.453 15.759
 25.147 23.324 20.291 18.637 15.048 15.152 12.476 13.047 15.671 15.383 16.584 17.313 16.537 19.188 18.959 21.374 20.663 23.064 23.276 23.044 19.646 16.889 13.666 12.006 14.268 13.321  9.667 11.672 13.931 11.438 10.690 14.520 15.240 13.158 11.615  7.898  6.196  5.680  3.846  0.000  3.838  6.706 10.084 13.166 16.817 19.850 18.204 16.823 13.465 13.769 13.723 12.591 16.168 18.007 19.361 19.797 23.450 22.771 21.410 24.264 22.331 24.889 25.074 24.142 22.058 19.274 15.902 13.703 10.095  8.342  5.466  4.966  6.305  8.450 11.528 13.925
 21.635 19.792 16.633 15.062 11.526 11.996  9.932 11.043 14.177 13.720 14.439 14.491 13.640 16.033 15.809 18.181 17.390 19.796 19.863 19.976 16.688 14.132 10.639  9.779 11.886 10.246  6.986  9.911 11.586  9.063  9.555 13.234 13.498 11.946 11.409  7.781  7.155  5.366  5.653  3.838  0.000  3.826  6.507  9.878 13.353 16.608 15.430 14.110 10.825 10.782 11.382 10.477 14.199 15.410 16.329 16.341 20.063 19.626 18.057 20.712 18.608 21.095 21.300 20.400 18.264 15.581 12.159 10.272  6.807  6.183  4.976  6.477  9.119 11.763 14.816 17.147
 21.356 19.638 16.165 14.657 11.225 11.489 10.050 10.444 14.060 14.359 15.283 14.875 14.571 16.694 16.641 18.792 17.607 19.603 18.951 19.281 16.470 13.707  9.933 10.240 12.843 10.921  8.651 12.215 13.581 11.377 12.725 16.153 16.101 14.862 14.903 11.386 10.921  8.550  8.346  6.706  3.826  0.000  3.830  6.548 10.232 13.251 11.823 10.352  7.123  7.771  9.080  9.460 13.257 13.819 14.983 14.766 18.300 17.442 15.456 18.307 16.510 19.323 20.114 19.371 16.680 14.060 10.368  8.330  5.799  5.129  6.101  7.223 10.664 13.318 16.165 18.513
 18.098 16.446 12.876 11.646  8.640  9.538  9.425 10.422 14.191 14.250 14.492 13.186 12.824 14.339 14.260 16.163 14.848 16.701 15.786 16.602 14.119 11.818  8.041  9.698 11.746  9.169  8.250 12.077 12.609 10.836 13.186 16.047 15.592 15.041 15.877 12.855 13.004 10.378 11.251 10.084  6.507  3.830  0.000  3.815  6.945 10.409  9.945  8.601  5.906  5.701  8.220  9.027 12.465 12.038 12.481 11.566 15.104 14.607 12.302 14.820 12.791 15.539 16.433 15.812 13.006 10.670  6.882  5.796  4.804  6.449  8.783 10.748 14.216 17.015 19.851 22.126
 18.872 17.206 13.488 12.140  9.633  9.815 10.373 10.470 14.193 14.976 15.466 13.959 14.398 15.721 16.116 17.894 16.559 18.056 16.508 17.782 15.973 13.902 10.413 12.814 14.824 12.128 11.873 15.680 15.845 14.113 16.776 19.458 18.608 18.049 19.262 16.272 16.655 14.130 14.662 13.166  9.878  6.548  3.815  0.000  3.823  6.788  6.211  5.456  4.371  5.692  9.244 11.285 14.312 13.077 13.462 11.970 15.005 14.240 11.201 13.564 11.792 14.604 16.060 15.367 11.975  9.687  6.218  5.025  6.278  7.635 10.901 12.655 16.279 19.108 21.701 23.899
 17.260 15.821 12.257 11.402 10.018 10.528 12.261 12.566 15.977 16.682 16.673 14.493 15.050 15.620 16.064 17.382 15.952 17.004 14.978 16.802 15.714 14.278 11.400 14.557 16.051 13.232 14.003 17.630 17.230 15.974 19.081 21.270 20.164 20.107 21.779 19.149 19.785 17.166 18.086 16.817 13.353 10.232  6.945  3.823  0.000  3.848  5.501  5.490  6.431  6.902 10.695 13.021 15.344 13.198 12.897 10.631 13.080 12.597  9.058 10.727  8.988 11.661 13.576 13.122  9.445  7.970  5.473  6.168  8.942 10.990 14.448 16.414 20.022 22.881 25.443 27.600
 19.651 18.269 14.883 13.952 12.976 12.811 14.634 14.202 17.245 18.530 18.812 16.743 17.882 18.411 19.201 20.438 19.089 19.849 17.462 19.475 18.893 17.572 14.931 18.156 19.735 16.980 17.782 21.420 20.958 19.624 22.762 24.948 23.649 23.463 25.258 22.570 23.273 20.730 21.348 19.850 16.608 13.251 10.409  6.788  3.848  0.000  3.849  5.567  8.368  9.700 13.342 16.174 18.239 15.813 15.629 13.271 14.958 14.193 10.413 11.599 10.543 12.856 15.188 14.683 10.877  9.777  8.432  8.751 11.887 13.394 17.046 18.752 22.346 25.150 27.479 29.551
 22.614 21.051 17.446 16.052 14.249 13.479 14.342 13.112 16.227 18.077 19.074 17.687 19.041 20.229 21.115 22.722 21.384 22.383 20.143 21.729 20.738 18.818 15.753 18.466 20.606 18.011 18.030 21.827 21.871 20.119 22.865 25.511 24.374 23.661 25.067 22.003 22.448 20.025 20.002 18.204 15.430 11.823  9.945  6.211  5.501  3.849  0.000  3.824  6.879  9.594 13.013 16.068 18.555 16.726 17.302 15.546 17.560 16.260 12.691 14.630 13.748 16.357 18.541 17.832 14.032 12.202 10.131  9.011 11.358 11.762 15.281 16.411 19.933 22.572 24.689 26.719
 22.097 20.997 17.479 16.653 14.717 14.745 15.400 14.684 18.189 19.660 20.476 18.963 19.629 20.633 20.863 22.125 20.258 20.928 18.527 19.537 18.541 16.199 13.262 15.866 18.374 16.316 16.315 20.047 20.588 19.251 21.725 24.472 23.886 23.402 24.389 21.221 21.072 18.203 18.008 16.823 14.110 10.352  8.601  5.456  5.490  5.567  3.824  0.000  3.826  6.498  9.560 12.902 15.198 13.511 14.644 13.569 15.575 13.719 10.538 13.266 12.913 16.133 18.573 18.492 14.805 13.354 10.587  9.923 11.528 11.921 15.005 15.726 19.281 21.646 23.887 26.043
 21.392 20.319 16.802 16.034 13.619 14.064 14.173 13.912 17.656 18.709 19.473 18.150 18.281 19.476 19.323 20.659 18.687 19.575 17.581 18.095 16.526 13.742 10.501 12.577 15.410 13.656 13.161 16.849 17.851 16.554 18.651 21.588 21.404 20.879 21.451 18.187 17.655 14.631 14.333 13.465 10.825  7.123  5.906  4.371  6.431  8.368  6.879  3.826  0.000  3.827  6.581  9.607 12.388 11.438 12.985 12.550 15.143 13.315 10.741 13.956 13.304 16.713 18.764 18.751 15.352 13.655 10.212  9.331  9.748  9.974 12.492 13.041 16.569 18.834 21.271 23.527
 18.659 18.062 14.856 14.858 12.878 14.346 14.912 15.589 19.387 19.749 19.853 18.052 17.444 18.053 17.238 18.051 15.654 16.218 14.208 14.408 12.856 10.026  7.046  9.565 12.235 10.843 11.019 14.461 15.469 14.914 17.069 19.655 19.816 19.911 20.464 17.542 16.829 13.406 13.786 13.769 10.782  7.771  5.701  5.692  6.902  9.700  9.594  6.498  3.827  0.000  3.837  6.628  9.079  7.826  9.242  9.178 11.913 10.212  8.215 11.621 11.049 14.623 16.638 17.194 14.186 13.144  9.706 10.054 10.366 11.566 13.733 14.652 18.063 20.281 22.951 25.264
 20.165 20.044 17.197 17.606 15.616 17.397 17.595 18.428 22.226 22.403 22.490 20.836 19.748 20.264 18.881 19.327 16.538 16.717 14.830 14.018 12.383  8.888  6.612  8.056 11.324 11.176 11.066 13.949 15.743 15.733 17.204 19.817 20.695 20.944 20.881 17.994 16.494 12.749 12.763 13.723 11.382  9.080  8.220  9.244 10.695 13.342 13.013  9.560  6.581  3.837  0.000  3.836  5.935  5.861  8.628 10.104 12.509 10.301  9.663 13.326 13.346 16.980 18.964 19.950 17.294 16.503 13.053 13.410 12.983 13.778 15.109 15.399 18.446 20.154 22.793 25.123
 19.288 19.302 16.813 17.463 15.488 17.731 17.729 19.158 22.838 22.448 22.209 20.618 18.914 19.321 17.444 17.736 14.932 15.282 14.144 12.771 10.433  6.645  4.742  4.612  8.152  8.944  8.617 10.838 13.112 13.622 14.576 17.011 18.428 18.954 18.520 15.960 14.112 10.248 10.785 12.591 10.477  9.460  9.027 11.285 13.021 16.174 16.068 12.902  9.607  6.628  3.836  0.000  3.852  5.686  8.104 10.244 12.966 11.485 11.634 14.898 14.498 17.797 19.187 20.227 18.128 17.371 13.971 14.504 13.378 14.390 14.992 15.426 18.091 19.665 22.452 24.776
 19.442 20.192 18.230 19.571 18.170 20.779 21.152 22.746 26.430 25.917 25.396 23.493 21.518 21.360 19.013 18.552 15.260 14.703 13.301 11.074  9.493  5.880  6.348  6.334  8.893 10.681 11.263 12.656 14.830 16.161 17.027 18.921 20.651 21.695 21.236 19.056 17.067 13.243 13.924 16.168 14.199 13.257 12.465 14.312 15.344 18.239 18.555 15.198 12.388  9.079  5.935  3.852  0.000  3.813  6.786 10.053 11.828 10.102 11.490 14.551 14.892 18.126 19.729 21.424 19.630 19.554 16.493 17.618 16.875 18.139 18.799 19.181 21.719 23.071 25.786 28.059
 17.312 18.261 16.319 17.966 17.072 19.772 20.769 22.351 26.062 25.652 24.942 22.622 20.865 20.318 18.115 17.398 13.926 12.917 10.706  8.993  8.344  5.414  6.082  8.091  9.923 10.760 12.292 14.154 15.473 16.786 18.420 20.081 21.250 22.500 22.671 20.536 19.152 15.357 16.376 18.007 15.410 13.819 12.038 13.077 13.198 15.813 16.726 13.511 11.438  7.826  5.861  5.686  3.813  0.000  3.839  6.985  8.323  6.335  7.859 10.841 11.571 14.902 16.922 18.915 17.025 17.447 14.737 16.436 16.526 18.280 19.663 20.484 23.403 25.125 27.886 30.181
 13.644 14.927 13.431 15.658 15.492 18.607 20.177 22.212 25.756 24.973 23.750 21.021 19.039 17.886 15.477 14.274 10.657  9.268  6.882  5.542  5.377  4.122  5.876  8.693  9.063  9.411 12.025 13.621 14.033 15.756 17.868 18.926 19.771 21.509 22.189 20.518 19.724 16.178 17.959 19.361 16.329 14.983 12.481 13.462 12.897 15.629 17.302 14.644 12.985  9.242  8.628  8.104  6.786  3.839  0.000  3.828  5.268  5.149  6.892  8.725  8.984 11.832 13.566 15.883 14.510 15.528 13.437 15.890 16.404 18.849 20.490 21.949 24.952 26.998 29.889 32.170
 10.994 11.951 10.263 12.606 12.976 16.094 18.224 20.331 23.714 22.906 21.470 18.434 16.731 15.319 13.331 12.268  8.996  7.997  5.158  6.244  6.283  6.419  6.826 10.401 10.264  9.177 12.225 14.236 13.729 15.055 17.839 18.734 18.838 20.586 21.901 20.328 20.240 16.985 19.063 19.797 16.341 14.766 11.566 11.970 10.631 13.271 15.546 13.569 12.550  9.178 10.104 10.244 10.053  6.985  3.828  0.000  3.856  5.487  5.431  6.200  5.360  8.149  9.964 12.224 10.795 12.180 10.652 13.655 14.869 17.785 19.934 21.907 25.107 27.526 30.453 32.717
 11.832 13.662 12.705 15.467 16.361 19.408 21.785 23.766 27.112 26.407 24.885 21.670 20.046 18.234 16.174 14.474 11.099  8.855  5.071  5.936  8.053  8.873 10.235 13.556 13.297 12.748 15.913 17.627 17.084 18.721 21.447 22.081 22.250 24.224 25.576 24.115 23.928 20.594 22.554 23.450 20.063 18.300 15.104 15.005 13.080 14.958 17.560 15.575 15.143 11.913 12.509 12.966 11.828  8.323  5.268  3.856  0.000  3.856  5.423  4.687  5.946  8.125 10.581 13.636 12.550 14.713 13.755 16.922 18.489 21.359 23.640 25.485 28.724 31.057 33.938 36.201
 15.475 16.939 15.400 17.607 17.802 20.486 22.456 23.965 27.528 27.257 26.225 23.306 21.947 20.684 18.796 17.542 14.098 12.178  8.616  8.351  9.909  9.238 10.152 13.344 14.117 13.898 16.421 18.490 18.662 19.984 22.447 23.632 24.051 25.620 26.603 24.679 24.043 20.438 21.789 22.771 19.626 17.442 14.607 14.240 12.597 14.193 16.260 13.719 13.315 10.212 10.301 11.485 10.102  6.335  5.149  5.487  3.856  0.000  3.836  5.439  7.821 10.899 13.804 16.480 14.671 16.252 14.623 17.215 18.628 20.966 23.220 24.553 27.823 29.927 32.680 34.960
 15.263 15.947 13.778 15.397 15.429 17.681 19.770 20.974 24.483 24.496 23.672 20.805 19.970 19.032 17.784 17.167 14.203 13.108  9.679 10.605 11.373 10.472 10.026 13.659 14.704 13.529 15.788 18.460 18.367 19.002 21.813 23.279 23.187 24.376 25.655 23.504 23.251 19.807 21.062 21.410 18.057 15.456 12.302 11.201  9.058 10.413 12.691 10.538 10.741  8.215  9.663 11.634 11.490  7.859  6.892  5.431  5.423  3.836  0.000  3.852  5.619  9.248 12.438 14.497 12.030 13.291 11.672 14.154 16.042 18.384 21.051 22.560 26.003 28.347 31.061 33.327
 13.372 14.427 12.881 15.012 15.965 18.360 21.022 22.470 25.713 25.504 24.259 21.025 20.202 18.656 17.479 16.415 13.682 12.184  8.557 10.472 12.046 12.342 12.437 16.169 16.427 15.001 17.817 20.216 19.459 20.321 23.435 24.402 23.975 25.512 27.217 25.442 25.606 22.367 24.034 24.264 20.712 18.307 14.820 13.564 10.727 11.599 14.630 13.266 13.956 11.621 13.326 14.898 14.551 10.841  8.725  6.200  4.687  5.439  3.852  0.000  3.842  6.435  9.996 12.576 10.668 12.940 12.418 15.513 17.884 20.661 23.517 25.424 28.888 31.417 34.184 36.424
 10.687 11.048  9.165 11.216 12.420 14.945 17.832 19.592 22.668 22.172 20.690 17.346 16.513 14.918 14.003 13.301 11.061 10.461  7.565 10.369 11.032 11.645 11.166 14.944 14.791 12.662 15.558 18.006 16.754 17.358 20.726 21.558 20.749 22.270 24.276 22.691 23.306 20.391 22.410 22.331 18.608 16.510 12.791 11.792  8.988 10.543 13.748 12.913 13.304 11.049 13.346 14.498 14.892 11.571  8.984  5.360  5.946  7.821  5.619  3.842  0.000  3.833  6.939  9.044  7.062  9.395  9.222 12.683 15.145 18.289 21.173 23.507 26.930 29.683 32.523 34.733
  8.634  9.123  8.237 10.758 13.034 15.584 18.921 20.951 23.614 22.797 20.847 17.217 16.390 14.140 13.442 12.376 10.845 10.251  8.033 11.593 12.572 14.115 13.982 17.577 16.727 14.407 17.595 19.664 17.742 18.483 22.035 22.311 21.103 22.930 25.357 24.233 25.299 22.716 25.097 24.889 21.095 19.323 15.539 14.604 11.661 12.856 16.357 16.133 16.713 14.623 16.980 17.797 18.126 14.902 11.832  8.149  8.125 10.899  9.248  6.435  3.833  0.000  3.838  6.590  5.981  9.442 10.656 14.379 17.052 20.489 23.398 26.088 29.441 32.341 35.210 37.373
  5.741  5.720  5.913  8.902 11.971 14.743 18.228 20.735 23.033 21.674 19.216 15.444 14.293 11.468 10.835  9.638  9.107  9.284  8.548 12.339 12.798 14.934 14.855 18.068 16.534 13.979 17.273 18.889 16.345 17.173 20.781 20.523 18.986 21.093 23.826 23.220 24.707 22.557 25.348 25.074 21.300 20.114 16.433 16.060 13.576 15.188 18.541 18.573 18.764 16.638 18.964 19.187 19.729 16.922 13.566  9.964 10.581 13.804 12.438  9.996  6.939  3.838  0.000  3.844  5.563  9.055 10.981 14.740 17.127 20.820 23.481 26.519 29.673 32.675 35.601 37.699
  7.617  5.410  4.687  6.289  9.780 12.025 15.701 18.203 20.091 18.638 16.068 12.280 11.670  9.073  9.680  9.739 10.401 11.793 11.649 15.298 14.983 16.725 15.888 18.911 17.474 14.327 17.107 18.914 16.075 16.150 19.915 19.735 17.577 19.291 22.380 21.839 23.831 22.132 24.930 24.142 20.400 19.371 15.812 15.367 13.122 14.683 17.832 18.492 18.751 17.194 19.950 20.227 21.424 18.915 15.883 12.224 13.636 16.480 14.497 12.576  9.044  6.590  3.844  0.000  3.845  6.662  9.528 12.946 15.449 19.158 21.879 25.183 28.241 31.409 34.266 36.274
 10.151  8.173  5.619  6.024  8.369 10.208 13.836 15.828 18.103 17.263 15.342 11.758 11.755 10.225 11.021 11.680 11.550 12.863 11.858 15.263 14.784 15.695 14.238 17.534 16.866 13.551 15.946 18.420 16.150 15.731 19.535 20.091 18.093 19.253 22.094 20.915 22.661 20.691 23.064 22.058 18.264 16.680 13.006 11.975  9.445 10.877 14.032 14.805 15.352 14.186 17.294 18.128 19.630 17.025 14.510 10.795 12.550 14.671 12.030 10.668  7.062  5.981  5.563  3.845  0.000  3.834  6.510  9.975 12.957 16.488 19.553 22.648 25.901 29.067 31.856 33.905
 12.653  9.970  6.553  4.640  5.535  6.554 10.171 12.030 14.321 13.632 12.070  8.778  9.477  9.202 10.786 12.576 12.793 14.843 14.156 17.132 15.884 16.105 13.835 16.777 16.526 12.863 14.421 17.242 15.175 13.889 17.650 18.685 16.453 16.931 19.762 18.300 20.262 18.599 20.759 19.274 15.581 14.060 10.670  9.687  7.970  9.777 12.202 13.354 13.655 13.144 16.503 17.371 19.554 17.447 15.528 12.180 14.713 16.252 13.291 12.940  9.395  9.442  9.055  6.662  3.834  0.000  3.815  6.580  9.651 13.095 16.227 19.438 22.631 25.894 28.611 30.610
 13.870 11.593  7.798  6.124  4.710  6.064  8.723 10.472 13.533 13.113 12.181  9.475  9.717 10.237 11.114 13.033 12.544 14.591 13.712 16.030 14.315 13.720 10.895 13.716 14.102 10.530 11.562 14.819 13.470 11.980 15.524 17.187 15.499 15.667 17.941 15.939 17.417 15.426 17.301 15.902 12.159 10.368  6.882  6.218  5.473  8.432 10.131 10.587 10.212  9.706 13.053 13.971 16.493 14.737 13.437 10.652 13.755 14.623 11.672 12.418  9.222 10.656 10.981  9.528  6.510  3.815  0.000  3.832  6.647 10.089 13.222 16.188 19.515 22.677 25.445 27.539
 17.420 14.891 11.101  8.583  5.724  4.874  6.124  6.983 10.380 10.613 10.716  9.116 10.195 11.980 13.341 15.851 15.595 17.906 17.152 19.092 16.995 15.763 12.373 14.551 15.553 12.072 11.878 15.394 14.561 12.190 15.303 17.579 15.840 15.084 17.075 14.586 16.123 14.514 15.804 13.703 10.272  8.330  5.796  5.025  6.168  8.751  9.011  9.923  9.331 10.054 13.410 14.504 17.618 16.436 15.890 13.655 16.922 17.215 14.154 15.513 12.683 14.379 14.740 12.946  9.975  6.580  3.832  0.000  3.828  6.695 10.159 13.110 16.438 19.695 22.328 24.371
 18.781 16.259 12.631 10.120  6.427  5.755  4.678  6.022  9.640  9.467  9.974  9.323  9.788 12.301 13.341 16.157 15.969 18.603 18.336 19.718 17.021 15.381 11.750 12.955 14.171 10.951  9.621 13.074 12.782  9.877 12.416 15.175 13.771 12.464 13.921 11.089 12.534 11.251 12.434 10.095  6.807  5.799  4.804  6.278  8.942 11.887 11.358 11.528  9.748 10.366 12.983 13.378 16.875 16.526 16.404 14.869 18.489 18.628 16.042 17.884 15.145 17.052 17.127 15.449 12.957  9.651  6.647  3.828  0.000  3.820  6.632  9.861 13.047 16.326 19.079 21.171
 22.526 20.053 16.435 13.857 10.138  8.719  6.256  5.559  9.059  9.874 11.603 12.038 12.882 15.791 16.871 19.749 19.465 22.013 21.627 22.670 19.880 17.726 13.939 14.547 16.399 13.684 11.526 14.883 15.317 12.164 13.821 17.074 15.987 13.963 14.691 11.344 12.312 11.403 11.447  8.342  6.183  5.129  6.449  7.635 10.990 13.394 11.762 11.921  9.974 11.566 13.778 14.390 18.139 18.280 18.849 17.785 21.359 20.966 18.384 20.661 18.289 20.489 20.820 19.158 16.488 13.095 10.089  6.695  3.820  0.000  3.822  6.563  9.858 13.171 15.759 17.851
 24.450 22.022 18.646 16.171 12.371 11.255  8.076  7.794 10.380 10.682 12.571 13.708 14.046 17.214 18.022 20.985 20.814 23.530 23.553 24.179 21.023 18.696 15.039 14.660 16.540 14.353 11.368 14.134 15.120 11.799 12.391 15.937 15.304 12.757 12.615  9.027  9.648  9.575  9.108  5.466  4.976  6.101  8.783 10.901 14.448 17.046 15.281 15.005 12.492 13.733 15.109 14.992 18.799 19.663 20.490 19.934 23.640 23.220 21.051 23.517 21.173 23.398 23.481 21.879 19.553 16.227 13.222 10.159  6.632  3.822  0.000  3.827  6.563  9.946 12.703 14.856
 27.521 25.342 21.941 19.688 15.903 14.870 11.769 10.851 13.211 14.053 16.252 17.495 17.790 20.863 21.402 24.152 23.623 26.065 25.861 26.081 22.962 20.176 16.581 15.786 18.247 16.669 13.416 16.015 17.703 14.703 14.666 18.416 18.341 15.763 14.883 11.171 10.628 10.445  8.514  4.966  6.477  7.223 10.748 12.655 16.414 18.752 16.411 15.726 13.041 14.652 15.399 15.426 19.181 20.484 21.949 21.907 25.485 24.553 22.560 25.424 23.507 26.088 26.519 25.183 22.648 19.438 16.188 13.110  9.861  6.563  3.827  0.000  3.825  6.840  9.564 11.933
 30.317 28.081 24.835 22.513 18.737 17.612 14.203 13.284 14.899 15.581 17.938 19.704 19.925 23.172 23.716 26.558 26.223 28.794 28.861 28.908 25.621 22.845 19.431 18.113 20.428 19.169 15.637 17.629 19.512 16.489 15.709 19.388 19.525 16.608 15.136 11.733 10.944 11.741  9.402  6.305  9.119 10.664 14.216 16.279 20.022 22.346 19.933 19.281 16.569 18.063 18.446 18.091 21.719 23.403 24.952 25.107 28.724 27.823 26.003 28.888 26.930 29.441 29.673 28.241 25.901 22.631 19.515 16.438 13.047  9.858  6.563  3.825  0.000  3.830  6.666  9.042
 33.136 31.064 27.892 25.734 21.984 21.010 17.625 16.691 18.173 18.874 21.232 23.048 23.103 26.281 26.604 29.304 28.814 31.248 31.311 31.041 27.741 24.778 21.566 19.869 22.347 21.560 17.919 19.554 21.827 19.073 17.810 21.440 21.987 19.107 17.134 13.963 12.549 13.458 10.543  8.450 11.763 13.318 17.015 19.108 22.881 25.150 22.572 21.646 18.834 20.281 20.154 19.665 23.071 25.125 26.998 27.526 31.057 29.927 28.347 31.417 29.683 32.341 32.675 31.409 29.067 25.894 22.677 19.695 16.326 13.171  9.946  6.840  3.830  0.000  3.844  6.607
 36.162 34.043 30.841 28.584 24.821 23.625 20.160 18.892 20.032 20.994 23.589 25.622 25.873 29.140 29.582 32.329 31.874 34.300 34.318 34.022 30.754 27.737 24.541 22.834 25.362 24.625 20.985 22.551 24.839 22.059 20.697 24.258 24.790 21.781 19.725 16.739 15.365 16.447 13.453 11.528 14.816 16.165 19.851 21.701 25.443 27.479 24.689 23.887 21.271 22.951 22.793 22.452 25.786 27.886 29.889 30.453 33.938 32.680 31.061 34.184 32.523 35.210 35.601 34.266 31.856 28.611 25.445 22.328 19.079 15.759 12.703  9.564  6.666  3.844  0.000  3.812
