  0.000  3.832  6.642 10.241 13.204 16.649 19.731 23.056 24.620 22.459 19.794 16.149 13.875 10.392  8.308  5.507  5.443  5.804  7.610 10.745 10.680 13.699 14.508 16.786 14.129 12.408 16.036 16.584 13.878 15.739 18.910 18.014 17.144 19.862 22.297 22.418 23.574 21.506 24.639 25.065 21.660 21.193 17.996 18.786 17.058 19.316 22.384 21.846 21.297 18.544 20.099 19.216 19.369 17.259 13.651 10.978 11.971 15.570 15.298 13.434 10.686  8.588  5.749  7.645 10.062 12.583 13.870 17.414 18.774 22.477 24.494 27.405 30.361 31.456 33.608 35.015
  3.832  0.000  3.827  6.830 10.121 13.329 16.513 19.838 21.170 18.878 16.158 12.468 10.447  6.931  5.857  4.766  6.361  8.442 10.028 13.197 12.291 14.605 14.438 16.702 14.291 11.709 14.890 15.808 12.730 13.775 17.260 16.518 14.954 17.336 20.173 20.300 21.961 20.251 23.392 23.280 19.812 19.463 16.273 17.009 15.490 17.828 20.742 20.650 20.145 17.860 19.899 19.177 20.069 18.135 14.898 11.898 13.720 16.932 15.875 14.380 10.959  9.040  5.672  5.399  7.999  9.803 11.477 14.781 16.204 19.985 22.072 25.247 28.071 29.135 31.247 32.617
  6.642  3.827  0.000  3.820  6.741 10.082 13.295 16.525 18.220 16.192 13.868 10.243  8.533  6.039  5.346  6.262  6.872  9.338 10.052 13.061 11.646 13.022 11.986 14.520 12.809  9.605 12.426 14.135 11.448 11.712 15.433 15.504 13.863 15.582 18.368 17.898 19.522 17.658 20.523 20.174 16.566 15.928 12.632 13.258 11.922 14.501 17.185 17.121 16.575 14.564 16.927 16.537 17.944 16.042 13.282 10.136 12.679 15.288 13.643 12.812  9.083  8.259  6.012  4.905  5.549  6.503  7.696 11.022 12.567 16.344 18.643 21.796 24.733 25.887 27.977 29.360
 10.241  6.830  3.820  0.000  3.822  6.552  9.958 13.139 14.607 12.477 10.247  6.620  5.783  4.721  6.188  8.771 10.041 12.923 13.569 16.357 14.508 15.171 13.266 15.532 14.312 10.629 12.435 14.531 11.836 10.873 14.695 15.127 12.805 13.757 16.887 16.292 18.454 17.077 19.760 18.732 15.169 14.661 11.592 12.083 11.253 13.794 16.039 16.534 16.044 14.791 17.551 17.387 19.481 17.886 15.708 12.684 15.586 17.666 15.452 15.096 11.300 10.892  8.966  6.387  6.049  4.684  6.126  8.608 10.203 13.957 16.343 19.766 22.503 23.612 25.621 26.948
 13.204 10.121  6.741  3.822  0.000  3.824  6.617  9.972 11.816 10.185  8.450  5.708  5.066  6.387  7.547 10.798 11.587 14.640 15.128 17.312 14.897 14.642 11.970 13.820 13.298  9.460 10.151 12.745 10.666  8.676 12.352 13.594 11.376 11.439 14.310 13.164 15.347 14.114 16.532 15.166 11.647 11.308  8.667  9.679 10.007 13.000 14.426 14.752 13.753 12.913 15.639 15.470 18.143 17.069 15.631 13.156 16.559 17.940 15.584 16.141 12.589 13.237 12.081  9.882  8.404  5.631  4.748  5.795  6.542 10.279 12.551 16.015 18.727 19.885 21.959 23.376
 16.649 13.329 10.082  6.552  3.824  0.000  3.834  6.709  8.430  6.860  6.073  4.572  6.315  8.846 10.932 14.360 15.381 18.407 18.696 20.914 18.526 17.921 14.874 16.558 16.531 12.754 12.624 15.385 13.593 10.829 14.069 15.644 13.027 12.072 15.022 13.633 16.211 15.513 17.399 15.264 12.052 11.630  9.575  9.907 10.642 13.041 13.852 14.921 14.278 14.435 17.444 17.708 20.756 19.790 18.775 16.315 19.647 20.673 17.905 18.615 15.195 15.884 14.903 12.162 10.361  6.745  6.129  4.955  5.844  8.897 11.394 15.016 17.425 18.509 20.351 21.622
 19.731 16.513 13.295  9.958  6.617  3.834  0.000  3.839  5.716  5.379  5.686  6.462  7.947 11.305 13.145 16.776 17.722 20.885 21.292 23.058 20.292 19.168 15.812 16.797 17.214 13.722 12.507 15.190 13.979 10.542 13.010 15.097 12.624 10.631 13.135 11.396 14.143 14.068 15.539 12.848 10.218 10.448  9.661 10.580 12.440 14.918 14.815 15.693 14.534 15.144 17.796 17.889 21.302 20.933 20.480 18.553 22.103 22.720 20.054 21.310 18.110 19.225 18.411 15.847 13.951 10.318  8.809  6.227  4.968  6.693  8.470 12.167 14.186 15.195 17.070 18.432
 23.056 19.838 16.525 13.139  9.972  6.709  3.839  0.000  3.852  5.561  7.692  9.379 11.496 14.834 16.793 20.375 21.182 24.190 24.284 26.018 23.350 21.901 18.344 19.318 20.223 16.873 15.320 18.162 17.361 13.808 15.810 18.198 15.847 13.347 15.403 13.311 15.853 15.993 16.713 13.560 11.502 11.362 11.205 11.407 13.500 15.343 14.511 15.851 15.035 16.476 19.209 19.765 23.344 23.022 22.971 21.119 24.561 24.789 21.870 23.327 20.378 21.688 21.212 18.561 16.316 12.550 11.041  7.690  6.705  6.543  8.302 11.546 13.171 14.105 15.595 16.772
 24.620 21.170 18.220 14.607 11.816  8.430  5.716  3.852  0.000  3.840  6.543  9.414 11.908 15.466 17.911 21.623 22.963 26.220 26.687 28.538 25.767 24.585 21.159 21.893 22.431 19.079 17.501 19.877 18.734 15.093 16.845 18.787 16.033 13.308 15.579 14.164 17.206 18.013 18.927 15.617 14.014 14.494 14.478 14.875 16.763 18.497 17.831 19.345 18.559 19.873 22.523 22.802 26.367 26.147 25.891 23.945 27.411 27.912 25.044 26.264 23.113 24.031 23.103 20.127 18.387 14.658 13.768 10.810  9.817  9.722 10.587 13.707 14.595 15.201 16.501 17.522
 22.459 18.878 16.192 12.477 10.185  6.860  5.379  5.561  3.840  0.000  3.812  6.767  9.651 13.064 15.860 19.543 21.212 24.545 25.213 27.314 24.647 23.890 20.691 21.637 21.705 18.182 17.112 19.329 17.651 14.235 16.428 17.887 14.777 12.569 15.423 14.497 17.784 18.442 19.886 16.866 14.828 15.316 14.654 15.071 16.444 18.262 18.216 19.781 19.120 20.008 22.797 22.928 26.311 25.849 25.160 22.935 26.329 27.224 24.400 25.233 21.859 22.363 21.071 17.905 16.581 12.985 12.722 10.436  9.986 10.964 12.162 15.602 16.746 17.353 18.749 19.746
 19.794 16.158 13.868 10.247  8.450  6.073  5.686  7.692  6.543  3.812  0.000  3.834  6.475  9.890 12.896 16.579 18.634 22.131 23.215 25.384 22.683 22.372 19.512 20.405 19.885 16.349 15.706 17.503 15.286 12.181 14.658 15.499 12.088 10.530 13.908 13.645 17.128 17.745 19.820 17.220 14.910 15.730 14.665 15.553 16.628 18.843 19.379 20.620 19.745 19.965 22.618 22.324 25.468 24.969 23.859 21.557 24.952 26.275 23.728 24.270 20.683 20.826 19.056 15.892 15.194 11.948 12.063 10.699 10.247 12.183 13.297 16.967 18.329 18.965 20.654 21.803
 16.149 12.468 10.243  6.620  5.708  4.572  6.462  9.379  9.414  6.767  3.834  0.000  3.825  6.579  9.796 13.334 15.421 18.816 19.878 22.299 19.858 19.955 17.403 18.750 17.871 14.182 14.379 16.245 13.618 11.135 14.314 14.852 11.528 11.071 14.657 14.415 17.578 17.509 19.949 17.880 14.987 15.378 13.500 14.263 14.669 16.989 18.189 19.288 18.580 18.300 21.064 20.779 23.596 22.712 21.177 18.593 21.820 23.466 21.007 21.178 17.477 17.310 15.349 12.187 11.782  8.900  9.620  9.421  9.810 12.715 14.431 18.168 20.103 20.928 22.771 23.990
 13.875 10.447  8.533  5.783  5.066  6.315  7.947 11.496 11.908  9.651  6.475  3.825  0.000  3.842  6.485 10.193 12.409 16.031 17.589 19.713 17.028 17.370 15.189 16.186 14.797 11.306 11.776 13.094 10.116  8.121 11.452 11.526  8.341  8.836 12.417 12.604 15.575 15.388 18.323 16.826 13.923 14.786 12.930 14.501 15.044 17.922 19.301 19.713 18.471 17.478 19.761 18.876 21.437 20.794 19.066 16.788 20.125 21.986 20.043 20.272 16.574 16.462 14.278 11.735 11.779  9.578  9.754 10.317 10.038 13.268 14.527 18.156 20.209 21.053 23.160 24.563
 10.392  6.931  6.039  4.721  6.387  8.846 11.305 14.834 15.466 13.064  9.890  6.579  3.842  0.000  3.818  6.991  9.737 13.263 15.130 17.560 15.281 16.420 14.966 16.321 14.277 10.989 12.625 13.558 10.109  9.530 13.026 12.384  9.656 11.391 14.776 15.244 17.790 17.114 20.319 19.389 16.268 16.816 14.403 15.793 15.575 18.367 20.380 20.630 19.594 18.035 20.229 19.239 21.229 20.200 17.857 15.325 18.281 20.692 19.070 18.700 14.960 14.194 11.467  9.219 10.302  9.353 10.327 12.126 12.527 16.096 17.615 21.124 23.426 24.316 26.444 27.834
  8.308  5.857  5.346  6.188  7.547 10.932 13.145 16.793 17.911 15.860 12.896  9.796  6.485  3.818  0.000  3.813  6.246  9.965 12.237 14.262 11.815 13.259 12.390 13.573 11.046  8.186 10.533 11.004  7.520  8.280 11.653 10.825  9.171 11.659 14.395 14.815 16.683 15.521 18.937 18.710 15.603 16.209 13.802 15.664 15.493 18.616 20.696 20.284 18.869 16.665 18.317 16.881 18.433 17.533 15.011 12.889 15.843 18.360 17.337 17.100 13.616 13.159 10.676  9.701 10.727 10.536 10.736 13.025 13.090 16.669 17.976 21.167 23.667 24.624 26.895 28.404
  5.507  4.766  6.262  8.771 10.798 14.360 16.776 20.375 21.623 19.543 16.579 13.334 10.193  6.991  3.813  0.000  3.829  7.137 10.095 12.124 10.265 12.703 12.931 14.223 11.138  9.225 12.360 12.276  9.036 11.033 13.979 12.689 11.819 14.806 17.157 17.727 19.109 17.594 21.064 21.382 18.300 18.711 16.127 17.864 17.218 20.188 22.628 21.940 20.621 17.935 19.228 17.625 18.406 17.264 14.206 12.212 14.511 17.522 17.140 16.402 13.264 12.326  9.663  9.892 11.635 12.596 13.059 15.899 16.236 19.828 21.184 24.166 26.792 27.761 30.039 31.547
  5.443  6.361  6.872 10.041 11.587 15.381 17.722 21.182 22.963 21.212 18.634 15.421 12.409  9.737  6.246  3.829  0.000  3.823  6.698  8.376  6.562  9.312 10.186 11.783  8.811  7.523 11.213 11.379  9.082 11.524 14.286 13.632 13.582 16.324 18.130 18.113 18.783 16.595 19.830 20.659 17.528 17.533 14.876 16.609 15.867 18.887 21.317 20.116 18.688 15.592 16.488 14.867 15.148 13.828 10.610  8.966 11.164 14.109 14.216 13.701 11.054 10.801  9.170 10.559 11.510 12.866 12.661 15.735 16.101 19.547 20.995 23.610 26.496 27.582 29.877 31.430
  5.804  8.442  9.338 12.923 14.640 18.407 20.885 24.190 26.220 24.545 22.131 18.816 16.031 13.263  9.965  7.137  3.823  0.000  3.878  5.437  5.385  8.970 10.968 12.863 10.168  9.854 13.653 13.826 12.220 14.883 17.399 16.866 17.209 19.938 21.486 21.262 21.476 18.882 21.843 23.077 19.964 19.546 16.773 18.148 16.956 19.633 22.277 20.794 19.596 16.215 16.748 15.318 14.693 12.912  9.271  7.979  8.939 12.238 13.150 12.204 10.439 10.134  9.297 11.877 12.792 14.901 14.746 18.084 18.760 22.092 23.702 26.043 29.097 30.241 32.485 34.013
  7.610 10.028 10.052 13.569 15.128 18.696 21.292 24.284 26.687 25.213 23.215 19.878 17.589 15.130 12.237 10.095  6.698  3.878  0.000  3.840  5.542  8.322 10.276 12.971 11.279 10.835 14.508 15.476 14.429 16.590 19.254 19.382 19.670 21.945 23.449 22.641 22.611 19.589 22.074 23.331 20.068 18.948 15.933 16.694 15.043 17.326 20.077 18.451 17.650 14.277 14.914 14.225 13.309 10.724  6.907  5.194  5.168  8.698  9.773  8.618  7.614  7.964  8.625 11.768 11.865 14.314 13.996 17.455 18.583 21.753 23.742 25.865 29.150 30.419 32.559 34.033
 10.745 13.197 13.061 16.357 17.312 20.914 23.058 26.018 28.538 27.314 25.384 22.299 19.713 17.560 14.262 12.124  8.376  5.437  3.840  0.000  3.837  6.533  9.645 11.620 10.088 10.952 14.308 14.802 14.566 17.134 19.171 19.399 20.408 22.694 23.605 22.724 22.079 18.865 21.171 23.005 20.119 19.203 16.719 17.946 16.850 19.330 21.645 19.443 18.129 14.451 14.083 12.840 11.080  9.022  5.540  6.244  6.012  8.414 10.672 10.512 10.375 11.509 12.408 15.400 15.214 17.240 16.250 19.343 19.902 22.721 24.290 25.989 29.215 30.458 32.632 34.170
 10.680 12.291 11.646 14.508 14.897 18.526 20.292 23.350 25.767 24.647 22.683 19.858 17.028 15.281 11.815 10.265  6.562  5.385  5.542  3.837  0.000  3.840  6.832  8.286  6.313  7.381 10.669 10.986 10.913 13.537 15.392 15.732 16.924 19.124 19.854 19.009 18.358 15.264 17.811 19.628 16.854 16.413 14.251 16.141 15.747 18.769 20.719 18.485 16.602 12.907 12.459 10.513  9.503  8.365  5.387  6.285  8.112  9.948 11.428 12.066 11.006 12.468 12.811 15.046 14.674 15.949 14.483 17.213 17.193 19.947 21.166 22.906 26.000 27.199 29.471 31.087
 13.699 14.605 13.022 15.171 14.642 17.921 19.168 21.901 24.585 23.890 22.372 19.955 17.370 16.420 13.259 12.703  9.312  8.970  8.322  6.533  3.840  0.000  3.832  5.230  5.118  6.552  8.830  9.825 10.885 12.848 14.341 15.560 16.992 18.534 18.816 17.342 16.178 12.703 14.736 16.782 14.196 13.556 11.875 14.003 14.250 17.413 18.764 16.115 13.770 10.031  8.944  6.723  5.911  5.426  4.109  6.358  8.865  9.220 10.462 12.295 11.528 13.944 14.852 16.660 15.447 16.039 13.753 15.872 15.435 17.669 18.708 20.014 23.163 24.438 26.691 28.348
 14.508 14.438 11.986 13.266 11.970 14.874 15.812 18.344 21.159 20.691 19.512 17.403 15.189 14.966 12.390 12.931 10.186 10.968 10.276  9.645  6.832  3.832  0.000  3.846  5.380  4.975  6.322  8.678  9.870 10.710 12.460 14.415 15.414 16.292 16.681 14.694 13.742 10.180 12.041 13.582 10.694  9.797  8.110 10.534 11.396 14.838 15.779 13.234 10.579  7.073  6.673  4.796  6.339  6.063  5.923  6.838 10.261 10.151 10.045 12.426 11.086 13.871 14.784 15.816 13.986 13.763 10.903 12.477 11.796 13.880 15.039 16.440 19.702 21.078 23.352 25.040
 16.786 16.702 14.520 15.532 13.820 16.558 16.797 19.318 21.893 21.637 20.405 18.750 16.186 16.321 13.573 14.223 11.783 12.863 12.971 11.620  8.286  5.230  3.846  0.000  3.848  5.428  5.068  6.277  8.798  9.908 10.471 12.571 14.398 15.198 14.766 12.886 11.208  7.620  9.671 11.949  9.893 10.187  9.838 12.991 14.593 18.133 18.609 15.947 12.760  9.659  8.188  4.749  6.365  8.097  8.688 10.374 13.545 13.324 13.678 16.144 14.849 17.432 17.954 18.818 17.269 16.694 13.697 14.644 13.009 14.552 14.736 15.723 18.618 19.850 22.239 24.045
 14.129 14.291 12.809 14.312 13.298 16.531 17.214 20.223 22.431 21.705 19.885 17.871 14.797 14.277 11.046 11.138  8.811 10.168 11.279 10.088  6.313  5.118  5.380  3.848  0.000  3.860  5.382  4.923  6.340  8.781  9.660 10.622 12.522 14.227 14.198 13.260 12.256  9.383 12.329 14.282 12.064 12.805 11.843 14.930 15.993 19.597 20.652 18.366 15.538 12.285 11.445  8.308  9.003  9.974  9.077 10.208 13.290 14.113 14.701 16.367 14.646 16.508 16.353 17.331 16.545 16.379 14.034 15.587 14.208 16.423 16.687 18.243 20.969 22.067 24.505 26.277
 12.408 11.709  9.605 10.629  9.460 12.754 13.722 16.873 19.079 18.182 16.349 14.182 11.306 10.989  8.186  9.225  7.523  9.854 10.835 10.952  7.381  6.552  4.975  5.428  3.860  0.000  3.849  5.406  5.127  6.464  8.750  9.996 10.729 12.184 13.031 11.912 11.897  9.260 12.362 13.327 10.387 10.853  9.210 12.174 13.134 16.821 18.024 16.254 13.732 10.844 11.229  9.012 10.729 10.789  9.510  9.231 12.840 13.948 13.564 15.010 12.598 14.302 13.897 14.256 13.284 12.735 10.451 12.074 10.962 13.678 14.467 16.637 19.521 20.708 23.142 24.877
 16.036 14.890 12.426 12.435 10.151 12.624 12.507 15.320 17.501 17.112 15.706 14.379 11.776 12.625 10.533 12.360 11.213 13.653 14.508 14.308 10.669  8.830  6.322  5.068  5.382  3.849  0.000  3.841  5.403  5.048  6.246  8.790  9.881 10.307 10.381  8.605  8.191  5.521  8.770  9.657  7.104  8.538  8.234 11.857 13.864 17.628 18.059 16.216 13.165 10.901 10.956  8.506 11.143 12.162 11.998 12.199 15.903 16.334 15.710 17.744 15.450 17.493 17.211 17.076 15.698 14.308 11.430 11.831  9.591 11.502 11.485 13.377 16.063 17.249 19.804 21.670
 16.584 15.808 14.135 14.531 12.745 15.385 15.190 18.162 19.877 19.329 17.503 16.245 13.094 13.558 11.004 12.276 11.379 13.826 15.476 14.802 10.986  9.825  8.678  6.277  4.923  5.406  3.841  0.000  3.844  5.415  4.906  6.362  8.755 10.014  9.414  8.837  8.119  6.404 10.068 11.514  9.935 12.053 12.056 15.670 17.515 21.277 21.857 19.949 16.846 14.358 13.842 10.723 12.545 14.066 13.631 14.259 17.693 18.465 18.439 20.212 17.966 19.628 18.918 18.988 18.256 17.186 14.732 15.346 13.019 14.829 14.207 15.893 18.071 18.995 21.568 23.434
 13.878 12.730 11.448 11.836 10.666 13.593 13.979 17.361 18.734 17.651 15.286 13.618 10.116 10.109  7.520  9.036  9.082 12.220 14.429 14.566 10.913 10.885  9.870  8.798  6.340  5.127  5.403  3.844  0.000  3.854  5.336  5.095  6.273  8.595  9.376  9.693 10.427  9.366 13.122 13.757 11.597 13.465 12.633 15.893 17.204 20.903 21.968 20.575 17.941 15.497 15.783 13.139 14.894 15.589 14.280 13.990 17.416 18.893 18.573 19.695 16.942 17.930 16.574 16.318 16.159 15.222 13.477 14.541 12.733 15.268 15.164 17.564 19.754 20.641 23.165 24.930
 15.739 13.775 11.712 10.873  8.676 10.829 10.542 13.808 15.093 14.235 12.181 11.135  8.121  9.530  8.280 11.033 11.524 14.883 16.590 17.134 13.537 12.848 10.710  9.908  8.781  6.464  5.048  5.415  3.854  0.000  3.849  5.433  5.065  5.743  7.070  6.747  8.491  8.063 11.589 11.236  8.986 11.194 10.746 14.038 15.855 19.515 20.159 19.134 16.521 14.800 15.606 13.489 16.065 16.739 15.884 15.229 18.940 20.072 19.079 20.455 17.481 18.660 17.401 16.415 15.744 13.936 11.914 12.084  9.752 12.062 11.801 14.527 16.598 17.520 20.073 21.867
 18.910 17.260 15.433 14.695 12.352 14.069 13.010 15.810 16.845 16.428 14.658 14.314 11.452 13.026 11.653 13.979 14.286 17.399 19.254 19.171 15.392 14.341 12.460 10.471  9.660  8.750  6.246  4.906  5.336  3.849  0.000  3.841  5.571  5.578  4.565  4.790  5.839  6.608 10.155 10.221  9.267 12.354 12.964 16.571 18.854 22.550 22.788 21.461 18.442 16.781 16.872 14.247 16.752 18.212 17.862 17.898 21.556 22.386 21.745 23.453 20.753 22.150 20.999 20.193 19.512 17.663 15.384 15.109 12.183 13.580 12.244 14.288 15.785 16.510 19.140 21.029
 18.014 16.518 15.504 15.127 13.594 15.644 15.097 18.198 18.787 17.887 15.499 14.852 11.526 12.384 10.825 12.689 13.632 16.866 19.382 19.399 15.732 15.560 14.415 12.571 10.622  9.996  8.790  6.362  5.095  5.433  3.841  0.000  3.846  6.046  5.828  7.971  9.313 10.183 13.799 14.023 12.979 15.848 15.925 19.365 21.176 24.854 25.528 24.335 21.515 19.543 19.680 16.869 18.861 20.121 19.171 19.038 22.483 23.859 23.470 24.693 21.832 22.669 20.981 20.223 20.263 18.820 17.171 17.444 14.970 16.840 15.751 17.998 19.337 19.888 22.400 24.161
 17.144 14.954 13.863 12.805 11.376 13.027 12.624 15.847 16.033 14.777 12.088 11.528  8.341  9.656  9.171 11.819 13.582 17.209 19.670 20.408 16.924 16.992 15.414 14.398 12.522 10.729  9.881  8.755  6.273  5.065  5.571  3.846  0.000  3.833  6.078  8.292 10.926 11.925 15.409 14.764 13.232 15.831 15.489 18.535 20.131 23.632 24.441 23.797 21.375 19.769 20.622 18.347 20.665 21.381 20.144 19.292 22.810 24.419 23.511 24.425 21.193 21.666 19.643 18.262 18.453 16.714 15.561 15.715 13.556 15.739 15.072 17.907 19.250 19.810 22.233 23.896
 19.862 17.336 15.582 13.757 11.439 12.072 10.631 13.347 13.308 12.569 10.530 11.071  8.836 11.391 11.659 14.806 16.324 19.938 21.945 22.694 19.124 18.534 16.292 15.198 14.227 12.184 10.307 10.014  8.595  5.743  5.578  6.046  3.833  0.000  3.853  5.700  9.186 10.969 13.903 12.484 11.414 14.338 14.654 17.671 19.794 23.196 23.470 23.008 20.526 19.536 20.527 18.562 21.396 22.297 21.580 20.752 24.466 25.639 24.360 25.643 22.432 23.260 21.548 19.809 19.420 17.023 15.490 14.715 12.009 13.477 12.293 15.108 16.064 16.570 18.993 20.698
 22.297 20.173 18.368 16.887 14.310 15.022 13.135 15.403 15.579 15.423 13.908 14.657 12.417 14.776 14.395 17.157 18.130 21.486 23.449 23.605 19.854 18.816 16.681 14.766 14.198 13.031 10.381  9.414  9.376  7.070  4.565  5.828  6.078  3.853  0.000  3.824  6.566  9.295 11.959 10.963 10.979 14.477 15.613 19.001 21.556 25.075 24.984 24.083 21.174 20.136 20.481 18.138 20.922 22.452 22.227 22.039 25.766 26.577 25.621 27.312 24.409 25.634 24.227 22.858 22.239 19.895 17.842 16.850 13.636 14.364 12.310 14.319 14.852 15.239 17.763 19.592
 22.418 20.300 17.898 16.292 13.164 13.633 11.396 13.311 14.164 14.497 13.645 14.415 12.604 15.244 14.815 17.727 18.113 21.262 22.641 22.724 19.009 17.342 14.694 12.886 13.260 11.912  8.605  8.837  9.693  6.747  4.790  7.971  8.292  5.700  3.824  0.000  3.898  6.499  8.679  7.235  7.375 11.007 12.661 16.083 19.000 22.471 22.002 20.959 17.928 17.213 17.549 15.530 18.671 20.251 20.510 20.445 24.243 24.584 23.433 25.501 22.816 24.508 23.620 22.331 21.096 18.530 15.943 14.511 10.966 11.137  8.827 10.651 11.544 12.262 15.005 17.025
 23.574 21.961 19.522 18.454 15.347 16.211 14.143 15.853 17.206 17.784 17.128 17.578 15.575 17.790 16.683 19.109 18.783 21.476 22.611 22.079 18.358 16.178 13.742 11.208 12.256 11.897  8.191  8.119 10.427  8.491  5.839  9.313 10.926  9.186  6.566  3.898  0.000  3.893  5.624  5.669  6.911 10.586 12.836 16.481 19.590 23.113 22.424 20.789 17.372 16.430 15.955 13.576 16.539 18.710 19.522 20.160 23.830 23.740 23.002 25.458 23.228 25.340 24.880 24.109 22.645 20.363 17.351 16.072 12.484 12.221  9.662 10.308 11.320 12.085 14.850 16.959
 21.506 20.251 17.658 17.077 14.114 15.513 14.068 15.993 18.013 18.442 17.745 17.509 15.388 17.114 15.521 17.594 16.595 18.882 19.589 18.865 15.264 12.703 10.180  7.620  9.383  9.260  5.521  6.404  9.366  8.063  6.608 10.183 11.925 10.969  9.295  6.499  3.893  0.000  3.843  5.503  5.321  8.257 10.233 13.976 16.938 20.513 19.969 17.926 14.379 13.009 12.237  9.729 12.734 14.895 15.911 16.807 20.389 20.068 19.487 22.113 20.183 22.589 22.545 22.204 20.498 18.562 15.292 14.456 11.222 11.349  9.685 10.301 12.352 13.448 16.130 18.193
 24.639 23.392 20.523 19.760 16.532 17.399 15.539 16.713 18.927 19.886 19.820 19.949 18.323 20.319 18.937 21.064 19.830 21.843 22.074 21.171 17.811 14.736 12.041  9.671 12.329 12.362  8.770 10.068 13.122 11.589 10.155 13.799 15.409 13.903 11.959  8.679  5.624  3.843  0.000  3.841  5.554  7.935 10.960 14.327 17.679 20.958 19.769 17.534 13.854 13.173 12.015 10.104 13.248 15.708 17.500 18.685 22.112 21.161 20.485 23.529 21.978 24.760 25.147 24.816 22.680 20.558 17.005 15.614 12.307 11.295  9.165  8.365 10.263 11.436 14.019 16.161
 25.065 23.280 20.174 18.732 15.166 15.264 12.848 13.560 15.617 16.866 17.220 17.880 16.826 19.389 18.710 21.382 20.659 23.077 23.331 23.005 19.628 16.782 13.582 11.949 14.282 13.327  9.657 11.514 13.757 11.236 10.221 14.023 14.764 12.484 10.963  7.235  5.669  5.503  3.841  0.000  3.835  6.791 10.172 13.276 16.880 20.009 18.565 16.950 13.573 13.686 13.511 12.332 15.880 17.766 19.276 19.792 23.403 22.613 21.330 24.220 22.309 24.919 25.125 24.241 21.984 19.350 15.892 13.799 10.191  8.499  5.685  5.102  7.053  8.594 11.483 13.785
 21.660 19.812 16.566 15.169 11.647 12.052 10.218 11.502 14.014 14.828 14.910 14.987 13.923 16.268 15.603 18.300 17.528 19.964 20.068 20.119 16.854 14.196 10.694  9.893 12.064 10.387  7.104  9.935 11.597  8.986  9.267 12.979 13.232 11.414 10.979  7.375  6.911  5.321  5.554  3.835  0.000  3.820  6.573  9.922 13.362 16.672 15.652 14.142 10.886 10.724 11.257 10.359 14.085 15.314 16.404 16.461 20.148 19.596 18.059 20.749 18.655 21.192 21.413 20.522 18.196 15.630 12.134 10.301  6.828  6.142  4.969  6.353  9.348 10.958 13.633 15.707
 21.193 19.463 15.928 14.661 11.308 11.630 10.448 11.362 14.494 15.316 15.730 15.378 14.786 16.816 16.209 18.711 17.533 19.546 18.948 19.203 16.413 13.556  9.797 10.187 12.805 10.853  8.538 12.053 13.465 11.194 12.354 15.848 15.831 14.338 14.477 11.007 10.586  8.257  7.935  6.791  3.820  0.000  3.829  6.608 10.232 13.336 12.093 10.405  7.170  7.602  8.818  9.180 12.973 13.537 14.863 14.699 18.184 17.234 15.306 18.187 16.403 19.269 20.058 19.328 16.489 14.034 10.296  8.423  5.893  5.178  6.140  7.238 10.838 12.611 14.872 16.699
 17.996 16.273 12.632 11.592  8.667  9.575  9.661 11.205 14.478 14.654 14.665 13.500 12.930 14.403 13.802 16.127 14.876 16.773 15.933 16.719 14.251 11.875  8.110  9.838 11.843  9.210  8.234 12.056 12.633 10.746 12.964 15.925 15.489 14.654 15.613 12.661 12.836 10.233 10.960 10.172  6.573  3.829  0.000  3.823  6.883 10.380 10.054  8.587  5.990  5.683  8.211  9.029 12.452 11.998 12.580 11.664 15.158 14.599 12.301 14.819 12.767 15.539 16.401 15.732 12.774 10.560  6.762  5.803  4.799  6.333  8.732 10.690 14.224 15.851 17.957 19.571
 18.786 17.009 13.258 12.083  9.679  9.907 10.580 11.407 14.875 15.071 15.553 14.263 14.501 15.793 15.664 17.864 16.609 18.148 16.694 17.946 16.141 14.003 10.534 12.991 14.930 12.174 11.857 15.670 15.893 14.038 16.571 19.365 18.535 17.671 19.001 16.083 16.481 13.976 14.327 13.276  9.922  6.608  3.823  0.000  3.824  6.812  6.310  5.488  4.514  5.787  9.329 11.363 14.375 13.117 13.631 12.128 15.107 14.306 11.271 13.618 11.820 14.650 16.030 15.240 11.746  9.555  6.125  5.055  6.282  7.496 10.794 12.601 16.101 17.739 19.474 20.814
 17.058 15.490 11.922 11.253 10.007 10.642 12.440 13.500 16.763 16.444 16.628 14.669 15.044 15.575 15.493 17.218 15.867 16.956 15.043 16.850 15.747 14.250 11.396 14.593 15.993 13.134 13.864 17.515 17.204 15.855 18.854 21.176 20.131 19.794 21.556 19.000 19.590 16.938 17.679 16.880 13.362 10.232  6.883  3.824  0.000  3.848  5.524  5.502  6.509  6.947 10.744 13.030 15.334 13.171 12.970 10.686 13.099 12.627  9.102 10.738  8.945 11.626 13.429 12.859  9.121  7.762  5.384  6.252  8.961 10.908 14.370 16.370 19.826 21.392 23.023 24.220
 19.316 17.828 14.501 13.794 13.000 13.041 14.918 15.343 18.497 18.262 18.843 16.989 17.922 18.367 18.616 20.188 18.887 19.633 17.326 19.330 18.769 17.413 14.838 18.133 19.597 16.821 17.628 21.277 20.903 19.515 22.550 24.854 23.632 23.196 25.075 22.471 23.113 20.513 20.958 20.009 16.672 13.336 10.380  6.812  3.848  0.000  3.849  5.592  8.413  9.676 13.317 16.114 18.122 15.642 15.524 13.133 14.740 14.004 10.224 11.360 10.299 12.642 14.877 14.282 10.496  9.561  8.372  8.908 12.000 13.447 17.072 18.847 22.186 23.747 25.100 26.089
 22.384 20.742 17.185 16.039 14.426 13.852 14.815 14.511 17.831 18.216 19.379 18.189 19.301 20.380 20.696 22.628 21.317 22.277 20.077 21.645 20.719 18.764 15.779 18.609 20.652 18.024 18.059 21.857 21.968 20.159 22.788 25.528 24.441 23.470 24.984 22.002 22.424 19.969 19.769 18.565 15.652 12.093 10.054  6.310  5.524  3.849  0.000  3.820  6.952  9.602 13.011 16.085 18.491 16.572 17.238 15.460 17.339 16.010 12.438 14.343 13.521 16.173 18.311 17.544 13.733 12.090 10.138  9.262 11.618 11.967 15.450 16.689 19.902 21.509 22.678 23.602
 21.846 20.650 17.121 16.534 14.752 14.921 15.693 15.851 19.345 19.781 20.620 19.288 19.713 20.630 20.284 21.940 20.116 20.794 18.451 19.443 18.485 16.115 13.234 15.947 18.366 16.254 16.216 19.949 20.575 19.134 21.461 24.335 23.797 23.008 24.083 20.959 20.789 17.926 17.534 16.950 14.142 10.405  8.587  5.488  5.502  5.592  3.820  0.000  3.826  6.471  9.539 12.877 15.121 13.362 14.572 13.468 15.377 13.506 10.321 13.036 12.689 15.943 18.340 18.187 14.447 13.167 10.502 10.028 11.589 11.864 14.924 15.720 19.142 20.827 22.183 23.286
 21.297 20.145 16.575 16.044 13.753 14.278 14.534 15.035 18.559 19.120 19.745 18.580 18.471 19.594 18.869 20.621 18.688 19.596 17.650 18.129 16.602 13.770 10.579 12.760 15.538 13.732 13.165 16.846 17.941 16.521 18.442 21.515 21.375 20.526 21.174 17.928 17.372 14.379 13.854 13.573 10.886  7.170  5.990  4.514  6.509  8.413  6.952  3.826  0.000  3.826  6.551  9.618 12.348 11.340 13.013 12.575 15.075 13.183 10.625 13.849 13.211 16.655 18.697 18.630 15.121 13.593 10.219  9.495  9.855  9.904 12.406 12.965 16.512 18.250 19.869 21.213
 18.544 17.860 14.564 14.791 12.913 14.435 15.144 16.476 19.873 20.008 19.965 18.300 17.478 18.035 16.665 17.935 15.592 16.215 14.277 14.451 12.907 10.031  7.073  9.659 12.285 10.844 10.901 14.358 15.497 14.800 16.781 19.543 19.769 19.536 20.136 17.213 16.430 13.009 13.173 13.686 10.724  7.602  5.683  5.787  6.947  9.676  9.602  6.471  3.826  0.000  3.837  6.616  9.043  7.761  9.292  9.212 11.898 10.163  8.186 11.586 10.971 14.556 16.565 17.063 13.919 13.043  9.684 10.151 10.363 11.386 13.555 14.419 18.016 19.664 21.539 23.016
 20.099 19.899 16.927 17.551 15.639 17.444 17.796 19.209 22.523 22.797 22.618 21.064 19.761 20.229 18.317 19.228 16.488 16.748 14.914 14.083 12.459  8.944  6.673  8.188 11.445 11.229 10.956 13.842 15.783 15.606 16.872 19.680 20.622 20.527 20.481 17.549 15.955 12.237 12.015 13.511 11.257  8.818  8.211  9.329 10.744 13.317 13.011  9.539  6.551  3.837  0.000  3.838  5.926  5.842  8.695 10.148 12.517 10.267  9.653 13.312 13.285 16.917 18.927 19.864 17.050 16.421 13.038 13.482 12.943 13.543 14.860 15.039 18.457 20.030 21.952 23.514
 19.216 19.177 16.537 17.387 15.470 17.708 17.889 19.765 22.802 22.928 22.324 20.779 18.876 19.239 16.881 17.625 14.867 15.318 14.225 12.840 10.513  6.723  4.796  4.749  8.308  9.012  8.506 10.723 13.139 13.489 14.247 16.869 18.347 18.562 18.138 15.530 13.576  9.729 10.104 12.332 10.359  9.180  9.029 11.363 13.030 16.114 16.085 12.877  9.618  6.616  3.838  0.000  3.853  5.686  8.166 10.277 12.994 11.467 11.635 14.890 14.431 17.716 19.151 20.165 17.879 17.281 13.933 14.545 13.322 14.179 14.792 15.082 18.270 19.694 21.843 23.553
 19.369 20.069 17.944 19.481 18.143 20.756 21.302 23.344 26.367 26.311 25.468 23.596 21.437 21.229 18.433 18.406 15.148 14.693 13.309 11.080  9.503  5.911  6.339  6.365  9.003 10.729 11.143 12.545 14.894 16.065 16.752 18.861 20.665 21.396 20.922 18.671 16.539 12.734 13.248 15.880 14.085 12.973 12.452 14.375 15.334 18.122 18.491 15.121 12.348  9.043  5.926  3.853  0.000  3.812  6.768 10.010 11.799 10.043 11.451 14.500 14.779 17.983 19.663 21.339 19.360 19.453 16.468 17.666 16.822 17.926 18.599 18.814 21.914 23.246 25.309 26.946
 17.259 18.135 16.042 17.886 17.069 19.790 20.933 23.022 26.147 25.849 24.969 22.712 20.794 20.200 17.533 17.264 13.828 12.912 10.724  9.022  8.365  5.426  6.063  8.097  9.974 10.789 12.162 14.066 15.589 16.739 18.212 20.121 21.381 22.297 22.452 20.251 18.710 14.895 15.708 17.766 15.314 13.537 11.998 13.117 13.171 15.642 16.572 13.362 11.340  7.761  5.842  5.686  3.812  0.000  3.834  6.930  8.290  6.282  7.810 10.784 11.446 14.751 16.853 18.813 16.754 17.347 14.739 16.505 16.490 18.067 19.470 20.136 23.491 24.915 26.920 28.464
 13.651 14.898 13.282 15.708 15.631 18.775 20.480 22.971 25.891 25.160 23.859 21.177 19.066 17.857 15.011 14.206 10.610  9.271  6.907  5.540  5.387  4.109  5.923  8.688  9.077  9.510 11.998 13.631 14.280 15.884 17.862 19.171 20.144 21.580 22.227 20.510 19.522 15.911 17.500 19.276 16.404 14.863 12.580 13.631 12.970 15.524 17.238 14.572 13.013  9.292  8.695  8.166  6.768  3.834  0.000  3.825  5.273  5.151  6.938  8.733  8.945 11.737 13.574 15.891 14.370 15.575 13.610 16.119 16.541 18.827 20.500 21.788 25.168 26.548 28.638 30.174
 10.978 11.898 10.136 12.684 13.156 16.315 18.553 21.119 23.945 22.935 21.557 18.593 16.788 15.325 12.889 12.212  8.966  7.979  5.194  6.244  6.285  6.358  6.838 10.374 10.208  9.231 12.199 14.259 13.990 15.229 17.898 19.038 19.292 20.752 22.039 20.445 20.160 16.807 18.685 19.792 16.461 14.699 11.664 12.128 10.686 13.133 15.460 13.468 12.575  9.212 10.148 10.277 10.010  6.930  3.825  0.000  3.854  5.488  5.477  6.201  5.322  8.052  9.963 12.226 10.673 12.256 10.875 13.919 15.050 17.817 20.005 21.824 25.274 26.678 28.738 30.206
 11.971 13.720 12.679 15.586 16.559 19.647 22.103 24.561 27.411 26.329 24.952 21.820 20.125 18.281 15.843 14.511 11.164  8.939  5.168  6.012  8.112  8.865 10.261 13.545 13.290 12.840 15.903 17.693 17.416 18.940 21.556 22.483 22.810 24.466 25.766 24.243 23.830 20.389 22.112 23.403 20.148 18.184 15.158 15.107 13.099 14.740 17.339 15.377 15.075 11.898 12.517 12.994 11.799  8.290  5.273  3.854  0.000  3.859  5.422  4.666  5.926  8.044 10.649 13.679 12.484 14.803 13.981 17.168 18.646 21.342 23.658 25.336 28.825 30.232 32.203 33.601
 15.570 16.932 15.288 17.666 17.940 20.673 22.720 24.789 27.912 27.224 26.275 23.466 21.986 20.692 18.360 17.522 14.109 12.238  8.698  8.414  9.948  9.220 10.151 13.324 14.113 13.948 16.334 18.465 18.893 20.072 22.386 23.859 24.419 25.639 26.577 24.584 23.740 20.068 21.161 22.613 19.596 17.234 14.599 14.306 12.627 14.004 16.010 13.506 13.183 10.163 10.267 11.467 10.043  6.282  5.151  5.488  3.859  0.000  3.835  5.457  7.800 10.848 13.852 16.474 14.553 16.285 14.783 17.404 18.699 20.834 23.095 24.272 27.804 29.278 31.140 32.513
 15.298 15.875 13.643 15.452 15.584 17.905 20.054 21.870 25.044 24.400 23.728 21.007 20.043 19.070 17.337 17.140 14.216 13.150  9.773 10.672 11.428 10.462 10.045 13.678 14.701 13.564 15.710 18.439 18.573 19.079 21.745 23.470 23.511 24.360 25.621 23.433 23.002 19.487 20.485 21.330 18.059 15.306 12.301 11.271  9.102 10.224 12.438 10.321 10.625  8.186  9.653 11.635 11.451  7.810  6.938  5.477  5.422  3.835  0.000  3.855  5.596  9.212 12.451 14.441 11.891 13.316 11.843 14.362 16.136 18.282 20.953 22.346 25.933 27.464 29.246 30.551
 13.434 14.380 12.812 15.096 16.141 18.615 21.310 23.327 26.264 25.233 24.270 21.178 20.272 18.700 17.100 16.402 13.701 12.204  8.618 10.512 12.066 12.295 12.426 16.144 16.367 15.010 17.744 20.212 19.695 20.455 23.453 24.693 24.425 25.643 27.312 25.501 25.458 22.113 23.529 24.220 20.749 18.187 14.819 13.618 10.738 11.360 14.343 13.036 13.849 11.586 13.312 14.890 14.500 10.784  8.733  6.201  4.666  5.457  3.855  0.000  3.841  6.397 10.020 12.533 10.592 13.004 12.628 15.740 18.009 20.610 23.479 25.264 28.825 30.305 32.092 33.349
 10.686 10.959  9.083 11.300 12.589 15.195 18.110 20.378 23.113 21.859 20.683 17.477 16.574 14.960 13.616 13.264 11.054 10.439  7.614 10.375 11.006 11.528 11.086 14.849 14.646 12.598 15.450 17.966 16.942 17.481 20.753 21.832 21.193 22.432 24.409 22.816 23.228 20.183 21.978 22.309 18.655 16.403 12.767 11.820  8.945 10.299 13.521 12.689 13.211 10.971 13.285 14.431 14.779 11.446  8.945  5.322  5.926  7.800  5.596  3.841  0.000  3.830  6.958  9.013  6.990  9.476  9.438 12.903 15.274 18.272 21.180 23.396 26.879 28.310 30.182 31.472
  8.588  9.040  8.259 10.892 13.237 15.884 19.225 21.688 24.031 22.363 20.826 17.310 16.462 14.194 13.159 12.326 10.801 10.134  7.964 11.509 12.468 13.944 13.871 17.432 16.508 14.302 17.493 19.628 17.930 18.660 22.150 22.669 21.666 23.260 25.634 24.508 25.340 22.589 24.760 24.919 21.192 19.269 15.539 14.650 11.626 12.642 16.173 15.943 16.655 14.556 16.917 17.716 17.983 14.751 11.737  8.052  8.044 10.848  9.212  6.397  3.830  0.000  3.838  6.605  6.070  9.608 10.913 14.634 17.235 20.560 23.500 26.063 29.433 30.780 32.658 33.907
  5.749  5.672  6.012  8.966 12.081 14.903 18.411 21.212 23.103 21.071 19.056 15.349 14.278 11.467 10.676  9.663  9.170  9.297  8.625 12.408 12.811 14.852 14.784 17.954 16.353 13.897 17.211 18.918 16.574 17.401 20.999 20.981 19.643 21.548 24.227 23.620 24.880 22.545 25.147 25.125 21.413 20.058 16.401 16.030 13.429 14.877 18.311 18.340 18.697 16.565 18.927 19.151 19.663 16.853 13.574  9.963 10.649 13.852 12.451 10.020  6.958  3.838  0.000  3.843  5.582  9.104 11.121 14.872 17.250 20.871 23.601 26.511 29.685 30.920 32.874 34.146
  7.645  5.399  4.905  6.387  9.882 12.162 15.847 18.561 20.127 17.905 15.892 12.187 11.735  9.219  9.701  9.892 10.559 11.877 11.768 15.400 15.046 16.660 15.816 18.818 17.331 14.256 17.076 18.988 16.318 16.415 20.193 20.223 18.262 19.809 22.858 22.331 24.109 22.204 24.816 24.241 20.522 19.328 15.732 15.240 12.859 14.282 17.544 18.187 18.630 17.063 19.864 20.165 21.339 18.813 15.891 12.226 13.679 16.474 14.441 12.533  9.013  6.605  3.843  0.000  3.842  6.643  9.574 12.990 15.545 19.212 22.021 25.215 28.205 29.377 31.262 32.471
 10.062  7.999  5.549  6.049  8.404 10.361 13.951 16.316 18.387 16.581 15.194 11.782 11.779 10.302 10.727 11.635 11.510 12.792 11.865 15.214 14.674 15.447 13.986 17.269 16.545 13.284 15.698 18.256 16.159 15.744 19.512 20.263 18.453 19.420 22.239 21.096 22.645 20.498 22.680 21.984 18.196 16.489 12.774 11.746  9.121 10.496 13.733 14.447 15.121 13.919 17.050 17.879 19.360 16.754 14.370 10.673 12.484 14.553 11.891 10.592  6.990  6.070  5.582  3.842  0.000  3.828  6.489  9.974 12.939 16.408 19.516 22.523 25.664 26.946 28.758 29.951
 12.583  9.803  6.503  4.684  5.631  6.745 10.318 12.550 14.658 12.985 11.948  8.900  9.578  9.353 10.536 12.596 12.866 14.901 14.314 17.240 15.949 16.039 13.763 16.694 16.379 12.735 14.308 17.186 15.222 13.936 17.663 18.820 16.714 17.023 19.895 18.530 20.363 18.562 20.558 19.350 15.630 14.034 10.560  9.555  7.762  9.561 12.090 13.167 13.593 13.043 16.421 17.281 19.453 17.347 15.575 12.256 14.803 16.285 13.316 13.004  9.476  9.608  9.104  6.643  3.828  0.000  3.819  6.612  9.708 13.118 16.290 19.455 22.455 23.717 25.493 26.677
 13.870 11.477  7.696  6.126  4.748  6.129  8.809 11.041 13.768 12.722 12.063  9.620  9.754 10.327 10.736 13.059 12.661 14.746 13.996 16.250 14.483 13.753 10.903 13.697 14.034 10.451 11.430 14.732 13.477 11.914 15.384 17.171 15.561 15.490 17.842 15.943 17.351 15.292 17.005 15.892 12.134 10.296  6.762  6.125  5.384  8.372 10.138 10.502 10.219  9.684 13.038 13.933 16.468 14.739 13.610 10.875 13.981 14.783 11.843 12.628  9.438 10.913 11.121  9.574  6.489  3.819  0.000  3.830  6.609  9.987 13.152 16.094 19.280 20.661 22.550 23.869
 17.414 14.781 11.022  8.608  5.795  4.955  6.227  7.690 10.810 10.436 10.699  9.421 10.317 12.126 13.025 15.899 15.735 18.084 17.455 19.343 17.213 15.872 12.477 14.644 15.587 12.074 11.831 15.346 14.541 12.084 15.109 17.444 15.715 14.715 16.850 14.511 16.072 14.456 15.614 13.799 10.301  8.423  5.803  5.055  6.252  8.908  9.262 10.028  9.495 10.151 13.482 14.545 17.666 16.505 16.119 13.919 17.168 17.404 14.362 15.740 12.903 14.634 14.872 12.990  9.974  6.612  3.830  0.000  3.820  6.648 10.114 13.116 16.163 17.561 19.351 20.652
 18.774 16.204 12.567 10.203  6.542  5.844  4.968  6.705  9.817  9.986 10.247  9.810 10.038 12.527 13.090 16.236 16.101 18.760 18.583 19.902 17.193 15.435 11.796 13.009 14.208 10.962  9.591 13.019 12.733  9.752 12.183 14.970 13.556 12.009 13.636 10.966 12.484 11.222 12.307 10.191  6.828  5.893  4.799  6.282  8.961 12.000 11.618 11.589  9.855 10.363 12.943 13.322 16.822 16.490 16.541 15.050 18.646 18.699 16.136 18.009 15.274 17.235 17.250 15.545 12.939  9.708  6.609  3.820  0.000  3.821  6.638  9.888 12.872 14.297 16.392 17.963
 22.477 19.985 16.344 13.957 10.279  8.897  6.693  6.543  9.722 10.964 12.183 12.715 13.268 16.096 16.669 19.828 19.547 22.092 21.753 22.721 19.947 17.669 13.880 14.552 16.423 13.678 11.502 14.829 15.268 12.062 13.580 16.840 15.739 13.477 14.364 11.137 12.221 11.349 11.295  8.499  6.142  5.178  6.333  7.496 10.908 13.447 11.967 11.864  9.904 11.386 13.543 14.179 17.926 18.067 18.827 17.817 21.342 20.834 18.282 20.610 18.272 20.560 20.871 19.212 16.408 13.118  9.987  6.648  3.821  0.000  3.822  6.652  9.635 11.235 13.269 14.950
 24.494 22.072 18.643 16.343 12.551 11.394  8.470  8.302 10.587 12.162 13.297 14.431 14.527 17.615 17.976 21.184 20.995 23.702 23.742 24.290 21.166 18.708 15.039 14.736 16.687 14.467 11.485 14.207 15.164 11.801 12.244 15.751 15.072 12.293 12.310  8.827  9.662  9.685  9.165  5.685  4.969  6.140  8.732 10.794 14.370 17.072 15.450 14.924 12.406 13.555 14.860 14.792 18.599 19.470 20.500 20.005 23.658 23.095 20.953 23.479 21.180 23.500 23.601 22.021 19.516 16.290 13.152 10.114  6.638  3.822  0.000  3.823  6.375  8.111 10.695 12.799
 27.405 25.247 21.796 19.766 16.015 15.016 12.167 11.546 13.707 15.602 16.967 18.168 18.156 21.124 21.167 24.166 23.610 26.043 25.865 25.989 22.906 20.014 16.440 15.723 18.243 16.637 13.377 15.893 17.564 14.527 14.288 17.998 17.907 15.108 14.319 10.651 10.308 10.301  8.365  5.102  6.353  7.238 10.690 12.601 16.370 18.847 16.689 15.720 12.965 14.419 15.039 15.082 18.814 20.136 21.788 21.824 25.336 24.272 22.346 25.264 23.396 26.063 26.511 25.215 22.523 19.455 16.094 13.116  9.888  6.652  3.823  0.000  3.835  6.285  8.861 11.132
 30.361 28.071 24.733 22.503 18.727 17.425 14.186 13.171 14.595 16.746 18.329 20.103 20.209 23.426 23.667 26.792 26.496 29.097 29.150 29.215 26.000 23.163 19.702 18.618 20.969 19.521 16.063 18.071 19.754 16.598 15.785 19.337 19.250 16.064 14.852 11.544 11.320 12.352 10.263  7.053  9.348 10.838 14.224 16.101 19.826 22.186 19.902 19.142 16.512 18.016 18.457 18.270 21.914 23.491 25.168 25.274 28.825 27.804 25.933 28.825 26.879 29.433 29.685 28.205 25.664 22.455 19.280 16.163 12.872  9.635  6.375  3.835  0.000  3.833  6.540  9.044
 31.456 29.135 25.887 23.612 19.885 18.509 15.195 14.105 15.201 17.353 18.965 20.928 21.053 24.316 24.624 27.761 27.582 30.241 30.419 30.458 27.199 24.438 21.078 19.850 22.067 20.708 17.249 18.995 20.641 17.520 16.510 19.888 19.810 16.570 15.239 12.262 12.085 13.448 11.436  8.594 10.958 12.611 15.851 17.739 21.392 23.747 21.509 20.827 18.250 19.664 20.030 19.694 23.246 24.915 26.548 26.678 30.232 29.278 27.464 30.305 28.310 30.780 30.920 29.377 26.946 23.717 20.661 17.561 14.297 11.235  8.111  6.285  3.833  0.000  3.845  6.771
 33.608 31.247 27.977 25.621 21.959 20.351 17.070 15.595 16.501 18.749 20.654 22.771 23.160 26.444 26.895 30.039 29.877 32.485 32.559 32.632 29.471 26.691 23.352 22.239 24.505 23.142 19.804 21.568 23.165 20.073 19.140 22.400 22.233 18.993 17.763 15.005 14.850 16.130 14.019 11.483 13.633 14.872 17.957 19.474 23.023 25.100 22.678 22.183 19.869 21.539 21.952 21.843 25.309 26.920 28.638 28.738 32.203 31.140 29.246 32.092 30.182 32.658 32.874 31.262 28.758 25.493 22.550 19.351 16.392 13.269 10.695  8.861  6.540  3.845  0.000  3.810
