  0.000  3.832  6.642 10.251 13.170 16.558 19.615 22.686 24.963 22.882 19.916 16.316 13.949 10.473  8.353  5.536  5.439  5.815  7.612 10.749 10.695 13.754 14.604 16.893 14.234 12.521 16.152 16.671 13.937 15.822 18.971 18.007 17.146 19.934 22.352 22.487 23.681 21.699 24.851 25.188 21.802 21.384 18.150 18.908 17.217 19.497 22.543 22.018 21.471 18.693 20.187 19.296 19.427 17.328 13.708 11.029 12.010 15.611 15.334 13.465 10.702  8.649  5.767  7.644 10.104 12.602 13.858 17.412 18.741 22.480 24.328 27.421 29.937 32.500 35.017 36.895
  3.832  0.000  3.827  6.847 10.105 13.246 16.408 19.509 21.529 19.357 16.307 12.658 10.526  7.001  5.874  4.749  6.339  8.437 10.011 13.183 12.280 14.644 14.521 16.803 14.381 11.812 15.002 15.889 12.784 13.858 17.321 16.519 14.961 17.417 20.239 20.369 22.060 20.422 23.554 23.356 19.915 19.599 16.412 17.139 15.668 18.053 20.923 20.834 20.316 18.000 19.984 19.264 20.131 18.198 14.941 11.931 13.744 16.956 15.892 14.393 10.962  9.070  5.693  5.402  8.051  9.836 11.489 14.797 16.158 19.939 21.829 25.161 27.561 30.268 32.715 34.557
  6.642  3.827  0.000  3.819  6.711  9.980 13.168 16.106 18.442 16.611 13.976 10.334  8.578  6.053  5.361  6.242  6.862  9.328 10.014 13.029 11.622 13.058 12.071 14.631 12.902  9.712 12.551 14.229 11.510 11.811 15.522 15.536 13.900 15.706 18.474 18.003 19.648 17.832 20.680 20.265 16.677 16.060 12.775 13.387 12.089 14.708 17.349 17.293 16.742 14.699 17.018 16.645 18.021 16.103 13.312 10.146 12.673 15.283 13.627 12.783  9.048  8.229  5.986  4.871  5.590  6.520  7.706 11.033 12.527 16.320 18.447 21.759 24.339 27.139 29.607 31.500
 10.251  6.847  3.819  0.000  3.818  6.442  9.827 12.738 14.799 12.955 10.389  6.701  5.833  4.698  6.186  8.750 10.027 12.904 13.510 16.301 14.453 15.166 13.300 15.606 14.369 10.691 12.528 14.606 11.891 10.966 14.787 15.185 12.874 13.914 17.021 16.400 18.562 17.201 19.832 18.745 15.200 14.678 11.663 12.169 11.379 13.991 16.172 16.660 16.150 14.860 17.594 17.464 19.528 17.903 15.693 12.646 15.541 17.609 15.377 15.017 11.222 10.819  8.939  6.360  6.054  4.682  6.139  8.612 10.117 13.840 16.037 19.585 22.015 24.964 27.324 29.168
 13.170 10.105  6.711  3.818  0.000  3.823  6.508  9.621 12.105 10.421  8.504  5.621  5.065  6.323  7.504 10.730 11.514 14.549 14.991 17.166 14.749 14.538 11.898 13.805 13.258  9.415 10.166 12.754 10.657  8.730 12.426 13.643 11.455 11.630 14.464 13.280 15.433 14.169 16.526 15.137 11.623 11.239  8.648  9.697 10.049 13.126 14.496 14.789 13.763 12.871 15.589 15.466 18.109 16.990 15.516 13.018 16.421 17.787 15.414 15.979 12.440 13.110 12.014  9.845  8.397  5.623  4.749  5.817  6.446 10.144 12.240 15.796 18.249 21.231 23.626 25.528
 16.558 13.246  9.980  6.442  3.823  0.000  3.827  6.356  8.529  7.307  6.238  4.334  6.308  8.737 10.882 14.280 15.303 18.298 18.521 20.753 18.388 17.836 14.821 16.594 16.540 12.747 12.705 15.479 13.662 10.970 14.265 15.821 13.227 12.413 15.340 13.899 16.421 15.637 17.429 15.286 12.054 11.508  9.520  9.867 10.574 13.064 13.836 14.893 14.248 14.362 17.407 17.750 20.755 19.710 18.644 16.140 19.453 20.465 17.662 18.359 14.955 15.635 14.730 11.999 10.195  6.567  6.046  4.926  5.759  8.730 11.106 14.782 17.067 20.209 22.391 24.193
 19.615 16.408 13.168  9.827  6.508  3.827  0.000  3.834  6.123  4.953  5.486  6.025  7.797 11.130 13.021 16.638 17.582 20.719 21.069 22.829 20.067 18.974 15.624 16.687 17.085 13.569 12.412 15.135 13.915 10.520 13.067 15.170 12.725 10.868 13.350 11.528 14.197 13.998 15.357 12.655  9.981 10.077  9.399 10.399 12.279 14.870 14.709 15.538 14.339 14.920 17.618 17.791 21.185 20.749 20.261 18.308 21.856 22.448 19.755 21.024 17.848 18.980 18.242 15.701 13.810 10.161  8.682  6.119  4.683  6.251  7.907 11.629 13.582 16.740 18.854 20.665
 22.686 19.509 16.106 12.738  9.621  6.356  3.834  0.000  3.860  5.447  7.853  9.010 11.444 14.648 16.630 20.153 20.867 23.771 23.686 25.448 22.866 21.425 17.852 19.045 19.998 16.590 15.194 18.202 17.407 13.959 16.171 18.614 16.319 14.069 16.141 13.882 16.221 16.010 16.553 13.478 11.226 10.626 10.458 10.502 12.549 14.422 13.514 14.894 14.166 15.679 18.577 19.364 22.904 22.404 22.331 20.408 23.799 23.949 20.935 22.405 19.534 20.892 20.607 18.009 15.638 11.845 10.340  6.892  6.092  5.762  7.918 11.074 13.049 16.251 18.110 19.820
 24.963 21.529 18.442 14.799 12.105  8.529  6.123  3.860  0.000  3.840  7.331  9.663 12.652 16.055 18.581 22.240 23.455 26.571 26.759 28.680 26.045 24.817 21.325 22.337 23.027 19.593 18.143 20.786 19.706 16.117 18.089 20.194 17.498 14.957 17.207 15.462 18.250 18.689 19.256 15.896 14.181 14.107 14.172 14.230 16.036 17.596 16.715 18.430 17.874 19.444 22.305 22.949 26.509 26.074 25.860 23.811 27.184 27.534 24.487 25.722 22.695 23.670 23.013 20.034 18.075 14.296 13.501 10.370  9.657  9.085 10.245 13.126 14.242 17.244 18.683 20.111
 22.882 19.357 16.611 12.955 10.421  7.307  4.953  5.447  3.840  0.000  3.809  6.941  9.651 13.245 15.915 19.662 21.285 24.662 25.352 27.280 24.469 23.605 20.360 21.133 21.266 17.829 16.518 18.684 17.170 13.627 15.633 17.252 14.250 11.857 14.540 13.460 16.718 17.475 18.708 15.545 13.724 14.375 14.220 15.007 16.724 18.838 18.516 19.845 18.889 19.763 22.427 22.498 25.941 25.625 25.045 22.980 26.473 27.249 24.487 25.509 22.193 22.861 21.677 18.636 17.271 13.645 13.091 10.618  9.473  9.861 10.454 13.805 14.697 17.638 19.234 20.701
 19.916 16.307 13.976 10.389  8.504  6.238  5.486  7.853  7.331  3.809  0.000  3.829  6.381  9.868 12.827 16.544 18.582 22.095 23.162 25.258 22.493 22.159 19.290 20.149 19.636 16.124 15.405 17.187 15.024 11.863 14.299 15.219 11.844 10.245 13.581 13.216 16.685 17.317 19.258 16.564 14.340 15.190 14.388 15.465 16.698 19.099 19.474 20.603 19.586 19.781 22.392 22.105 25.264 24.797 23.711 21.460 24.898 26.160 23.621 24.248 20.690 20.913 19.231 16.127 15.407 12.143 12.157 10.722  9.902 11.505 12.210 15.850 16.903 19.800 21.590 23.112
 16.316 12.658 10.334  6.701  5.621  4.334  6.025  9.010  9.663  6.941  3.829  0.000  3.829  6.661  9.836 13.412 15.448 18.844 19.839 22.214 19.734 19.796 17.215 18.583 17.746 14.049 14.193 16.104 13.533 10.991 14.169 14.802 11.516 11.036 14.574 14.198 17.338 17.254 19.557 17.388 14.529 14.878 13.177 14.033 14.569 17.030 18.074 19.123 18.333 18.060 20.817 20.588 23.425 22.539 21.034 18.468 21.730 23.300 20.808 21.056 17.383 17.307 15.471 12.347 11.852  8.896  9.517  9.199  9.335 12.029 13.475 17.254 18.897 21.880 23.912 25.563
 13.949 10.526  8.578  5.833  5.065  6.308  7.797 11.444 12.652  9.651  6.381  3.829  0.000  3.844  6.483 10.204 12.413 16.035 17.550 19.657 16.953 17.307 15.132 16.165 14.771 11.274 11.744 13.071 10.104  8.092 11.428 11.531  8.357  8.879 12.439 12.554 15.527 15.355 18.201 16.612 13.743 14.592 12.838 14.471 15.089 18.066 19.344 19.717 18.423 17.413 19.683 18.840 21.405 20.746 19.011 16.724 20.076 21.906 19.938 20.198 16.509 16.444 14.322 11.783 11.831  9.598  9.763 10.299  9.838 12.905 13.872 17.550 19.182 21.973 24.188 25.923
 10.473  7.001  6.053  4.698  6.323  8.737 11.130 14.648 16.055 13.245  9.868  6.661  3.844  0.000  3.820  7.024  9.767 13.302 15.125 17.553 15.261 16.420 14.975 16.370 14.327 11.031 12.666 13.604 10.154  9.558 13.045 12.405  9.665 11.429 14.809 15.232 17.805 17.177 20.316 19.280 16.193 16.737 14.385 15.799 15.645 18.518 20.444 20.680 19.611 18.039 20.214 19.261 21.253 20.210 17.858 15.305 18.272 20.660 19.006 18.655 14.909 14.184 11.500  9.223 10.316  9.324 10.299 12.080 12.354 15.820 17.079 20.673 22.521 25.254 27.546 29.298
  8.353  5.874  5.361  6.186  7.504 10.882 13.021 16.630 18.581 15.915 12.827  9.836  6.483  3.820  0.000  3.812  6.272  9.996 12.242 14.271 11.820 13.300 12.456 13.676 11.140  8.282 10.633 11.089  7.587  8.343 11.698 10.827  9.153 11.693 14.430 14.843 16.754 15.670 19.056 18.727 15.653 16.280 13.878 15.737 15.611 18.784 20.806 20.384 18.953 16.736 18.359 16.949 18.501 17.591 15.051 12.904 15.859 18.372 17.324 17.091 13.596 13.175 10.694  9.688 10.774 10.544 10.747 13.036 13.018 16.542 17.615 20.912 22.908 25.449 27.893 29.730
  5.536  4.749  6.242  8.750 10.730 14.280 16.638 20.153 22.240 19.662 16.544 13.412 10.204  7.024  3.812  0.000  3.828  7.163 10.100 12.136 10.275 12.742 12.994 14.313 11.229  9.311 12.444 12.344  9.078 11.074 13.998 12.652 11.772 14.810 17.158 17.736 19.168 17.751 21.220 21.431 18.378 18.827 16.214 17.931 17.326 20.332 22.730 22.038 20.712 18.012 19.262 17.670 18.454 17.315 14.247 12.229 14.532 17.543 17.137 16.403 13.245 12.357  9.671  9.866 11.666 12.587 13.035 15.884 16.162 19.738 20.884 23.997 26.099 28.514 31.004 32.848
  5.439  6.339  6.862 10.027 11.514 15.303 17.582 20.867 23.455 21.285 18.582 15.448 12.413  9.767  6.272  3.828  0.000  3.821  6.687  8.373  6.573  9.363 10.270 11.889  8.917  7.626 11.316 11.456  9.118 11.579 14.326 13.598 13.550 16.357 18.151 18.156 18.876 16.788 20.054 20.792 17.679 17.737 15.004 16.689 15.971 18.998 21.412 20.217 18.802 15.693 16.541 14.926 15.202 13.889 10.658  8.987 11.174 14.132 14.223 13.701 11.037 10.834  9.160 10.534 11.552 12.862 12.631 15.721 16.071 19.558 20.853 23.632 26.034 28.355 30.944 32.871
  5.815  8.437  9.328 12.904 14.549 18.298 20.719 23.771 26.571 24.662 22.095 18.844 16.035 13.302  9.996  7.163  3.821  0.000  3.877  5.432  5.394  9.002 11.026 12.927 10.238  9.918 13.720 13.869 12.227 14.915 17.414 16.809 17.165 19.959 21.485 21.288 21.548 19.052 22.073 23.225 20.120 19.769 16.893 18.207 17.033 19.700 22.348 20.877 19.703 16.309 16.782 15.339 14.707 12.948  9.306  7.999  8.952 12.263 13.165 12.215 10.432 10.193  9.297 11.867 12.830 14.887 14.685 18.037 18.719 22.134 23.628 26.168 28.768 31.010 33.625 35.572
  7.612 10.011 10.014 13.510 14.991 18.521 21.069 23.686 26.759 25.352 23.162 19.839 17.550 15.125 12.242 10.100  6.687  3.877  0.000  3.840  5.539  8.349 10.318 13.015 11.326 10.867 14.548 15.496 14.409 16.598 19.258 19.316 19.616 21.965 23.445 22.662 22.674 19.732 22.287 23.483 20.215 19.169 16.036 16.722 15.074 17.330 20.110 18.516 17.754 14.370 14.953 14.248 13.324 10.759  6.942  5.209  5.183  8.726  9.786  8.623  7.592  8.004  8.598 11.736 11.866 14.257 13.879 17.351 18.514 21.814 23.736 26.096 29.018 31.326 33.953 35.940
 10.749 13.183 13.029 16.301 17.166 20.753 22.829 25.448 28.680 27.280 25.258 22.214 19.657 17.553 14.271 12.136  8.373  5.432  3.840  0.000  3.837  6.534  9.652 11.629 10.107 10.950 14.317 14.800 14.526 17.120 19.154 19.315 20.338 22.689 23.574 22.723 22.124 18.996 21.403 23.177 20.276 19.442 16.797 17.934 16.831 19.266 21.620 19.441 18.176 14.492 14.073 12.810 11.051  9.019  5.540  6.219  5.986  8.419 10.662 10.496 10.341 11.541 12.382 15.369 15.219 17.179 16.126 19.230 19.838 22.804 24.338 26.278 29.121 31.139 33.776 35.766
 10.695 12.280 11.622 14.453 14.749 18.388 20.067 22.866 26.045 24.469 22.493 19.734 16.953 15.261 11.820 10.275  6.573  5.394  5.539  3.837  0.000  3.841  6.830  8.302  6.334  7.366 10.670 10.980 10.863 13.510 15.369 15.646 16.848 19.105 19.814 18.997 18.396 15.395 18.036 19.784 17.001 16.637 14.311 16.117 15.723 18.715 20.684 18.459 16.616 12.918 12.428 10.477  9.489  8.367  5.386  6.245  8.083  9.939 11.396 12.036 10.962 12.491 12.789 15.015 14.691 15.892 14.372 17.111 17.130 20.006 21.175 23.121 25.789 27.755 30.412 32.410
 13.754 14.644 13.058 15.166 14.538 17.836 18.974 21.425 24.817 23.605 22.159 19.796 17.307 16.420 13.300 12.742  9.363  9.002  8.349  6.534  3.841  0.000  3.833  5.230  5.113  6.530  8.828  9.812 10.838 12.833 14.333 15.494 16.943 18.547 18.799 17.354 16.228 12.825 14.973 16.981 14.382 13.830 11.956 13.993 14.232 17.355 18.730 16.078 13.777 10.036  8.909  6.683  5.902  5.433  4.113  6.347  8.852  9.217 10.449 12.288 11.528 13.999 14.877 16.682 15.522 16.035 13.694 15.811 15.428 17.808 18.843 20.352 23.123 24.962 27.631 29.669
 14.604 14.521 12.071 13.300 11.898 14.821 15.624 17.852 21.325 20.360 19.290 17.215 15.132 14.975 12.456 12.994 10.270 11.026 10.318  9.652  6.830  3.833  0.000  3.844  5.374  4.957  6.320  8.667  9.836 10.707 12.469 14.379 15.396 16.338 16.692 14.721 13.790 10.269 12.215 13.749 10.863 10.054  8.189 10.527 11.389 14.802 15.751 13.193 10.569  7.059  6.628  4.784  6.357  6.073  5.932  6.847 10.264 10.141 10.028 12.427 11.111 13.942 14.849 15.882 14.105 13.797 10.886 12.441 11.806 14.027 15.184 16.759 19.686 21.717 24.417 26.510
 16.893 16.803 14.631 15.606 13.805 16.594 16.687 19.045 22.337 21.133 20.149 18.583 16.165 16.370 13.676 14.313 11.889 12.927 13.015 11.629  8.302  5.230  3.844  0.000  3.846  5.433  5.087  6.292  8.799  9.934 10.507 12.569 14.415 15.257 14.789 12.929 11.273  7.749  9.905 12.164 10.113 10.469  9.913 12.993 14.596 18.108 18.577 15.880 12.708  9.607  8.099  4.671  6.351  8.084  8.686 10.377 13.538 13.306 13.657 16.140 14.873 17.510 18.029 18.900 17.408 16.762 13.732 14.671 13.084 14.729 14.919 16.024 18.507 20.117 22.815 24.889
 14.234 14.381 12.902 14.369 13.258 16.540 17.085 19.998 23.027 21.266 19.636 17.746 14.771 14.327 11.140 11.229  8.917 10.238 11.326 10.107  6.334  5.113  5.374  3.846  0.000  3.862  5.379  4.908  6.316  8.775  9.644 10.566 12.489 14.228 14.162 13.243 12.274  9.501 12.523 14.415 12.213 13.016 11.901 14.933 16.014 19.606 20.642 18.328 15.507 12.254 11.370  8.234  8.976  9.968  9.084 10.213 13.294 14.110 14.686 16.371 14.663 16.591 16.425 17.397 16.669 16.428 14.044 15.592 14.225 16.496 16.683 18.347 20.573 22.284 24.957 26.965
 12.521 11.812  9.712 10.691  9.415 12.747 13.569 16.590 19.593 17.829 16.124 14.049 11.274 11.031  8.282  9.311  7.626  9.918 10.867 10.950  7.366  6.530  4.957  5.433  3.862  0.000  3.849  5.398  5.105  6.463  8.745  9.959 10.710 12.211 13.023 11.903 11.913  9.345 12.474 13.389 10.475 10.991  9.250 12.177 13.168 16.862 18.032 16.236 13.710 10.814 11.166  8.974 10.718 10.780  9.504  9.222 12.836 13.927 13.528 14.999 12.604 14.372 13.974 14.330 13.412 12.787 10.463 12.072 10.941 13.687 14.356 16.629 19.053 21.212 23.903 25.942
 16.152 15.002 12.551 12.528 10.166 12.705 12.412 15.194 18.143 16.518 15.405 14.193 11.744 12.666 10.633 12.444 11.316 13.720 14.548 14.317 10.670  8.828  6.320  5.087  5.379  3.849  0.000  3.840  5.402  5.061  6.266  8.793  9.897 10.356 10.395  8.611  8.211  5.592  8.852  9.717  7.205  8.667  8.263 11.869 13.904 17.678 18.066 16.183 13.114 10.852 10.893  8.487 11.161 12.169 12.006 12.205 15.909 16.323 15.686 17.743 15.473 17.566 17.298 17.167 15.848 14.395 11.505 11.893  9.643 11.545 11.417 13.337 15.549 17.557 20.289 22.378
 16.671 15.889 14.229 14.606 12.754 15.479 15.135 18.202 20.786 18.684 17.187 16.104 13.071 13.604 11.089 12.344 11.456 13.869 15.496 14.800 10.980  9.812  8.667  6.292  4.908  5.398  3.840  0.000  3.844  5.415  4.901  6.343  8.747 10.012  9.383  8.813  8.132  6.527 10.210 11.590 10.044 12.190 12.085 15.681 17.551 21.324 21.862 19.911 16.793 14.308 13.768 10.674 12.541 14.062 13.627 14.248 17.682 18.447 18.408 20.199 17.967 19.687 18.980 19.049 18.379 17.254 14.789 15.409 13.069 14.851 14.092 15.780 17.370 18.952 21.574 23.540
 13.937 12.784 11.510 11.891 10.657 13.662 13.915 17.407 19.706 17.170 15.024 13.533 10.104 10.154  7.587  9.078  9.118 12.227 14.409 14.526 10.863 10.838  9.836  8.799  6.316  5.105  5.402  3.844  0.000  3.855  5.325  5.068  6.257  8.593  9.355  9.662 10.435  9.462 13.211 13.763 11.641 13.533 12.643 15.898 17.245 20.973 21.988 20.554 17.899 15.447 15.705 13.086 14.867 15.560 14.246 13.945 17.376 18.845 18.509 19.650 16.906 17.956 16.608 16.351 16.249 15.264 13.507 14.581 12.722 15.195 14.883 17.304 18.897 20.834 23.391 25.295
 15.822 13.858 11.811 10.966  8.730 10.970 10.520 13.959 16.117 13.627 11.863 10.991  8.092  9.558  8.343 11.074 11.579 14.915 16.598 17.120 13.510 12.833 10.707  9.934  8.775  6.463  5.061  5.415  3.855  0.000  3.847  5.438  5.073  5.771  7.076  6.719  8.489  8.113 11.596 11.175  8.974 11.201 10.758 14.077 15.935 19.640 20.219 19.149 16.501 14.774 15.568 13.489 16.086 16.748 15.883 15.220 18.935 20.054 19.046 20.442 17.482 18.708 17.468 16.483 15.873 14.024 12.012 12.186  9.775 11.957 11.434 14.141 15.647 17.836 20.383 22.322
 18.971 17.321 15.522 14.787 12.426 14.265 13.067 16.171 18.089 15.633 14.299 14.169 11.428 13.045 11.698 13.998 14.326 17.414 19.258 19.154 15.369 14.333 12.469 10.507  9.644  8.745  6.266  4.901  5.325  3.847  0.000  3.843  5.566  5.564  4.544  4.771  5.864  6.701 10.215 10.222  9.325 12.422 13.004 16.633 18.944 22.677 22.860 21.481 18.428 16.765 16.848 14.256 16.787 18.235 17.868 17.894 21.551 22.380 21.729 23.449 20.761 22.200 21.056 20.253 19.644 17.762 15.505 15.254 12.287 13.559 11.988 13.925 14.757 16.378 18.858 20.741
 18.007 16.519 15.536 15.185 13.643 15.821 15.170 18.614 20.194 17.252 15.219 14.802 11.531 12.405 10.827 12.652 13.598 16.809 19.316 19.315 15.646 15.494 14.379 12.569 10.566  9.959  8.793  6.343  5.068  5.438  3.843  0.000  3.846  6.030  5.829  7.967  9.348 10.286 13.883 14.026 13.028 15.904 15.949 19.407 21.246 24.969 25.589 24.341 21.488 19.501 19.616 16.828 18.836 20.087 19.118 18.975 22.416 23.796 23.401 24.632 21.780 22.665 20.980 20.230 20.343 18.882 17.249 17.561 15.032 16.777 15.430 17.595 18.228 19.754 22.060 23.773
 17.146 14.961 13.900 12.874 11.455 13.227 12.725 16.319 17.498 14.250 11.844 11.516  8.357  9.665  9.153 11.772 13.550 17.165 19.616 20.338 16.848 16.943 15.396 14.415 12.489 10.710  9.897  8.747  6.257  5.073  5.566  3.846  0.000  3.829  6.098  8.281 10.942 11.995 15.429 14.696 13.223 15.829 15.513 18.600 20.236 23.803 24.545 23.846 21.381 19.754 20.587 18.339 20.666 21.369 20.110 19.247 22.764 24.373 23.457 24.380 21.155 21.668 19.657 18.280 18.541 16.791 15.663 15.852 13.597 15.605 14.613 17.375 18.047 19.982 22.202 23.878
 19.934 17.417 15.706 13.914 11.630 12.413 10.868 14.069 14.957 11.857 10.245 11.036  8.879 11.429 11.693 14.810 16.357 19.959 21.965 22.689 19.105 18.547 16.338 15.257 14.228 12.211 10.356 10.012  8.593  5.771  5.564  6.030  3.829  0.000  3.852  5.692  9.186 11.013 13.876 12.388 11.410 14.349 14.742 17.828 19.991 23.469 23.670 23.144 20.604 19.594 20.570 18.629 21.468 22.359 21.619 20.789 24.502 25.674 24.394 25.688 22.489 23.345 21.646 19.918 19.606 17.205 15.712 14.978 12.168 13.401 11.837 14.500 14.778 16.739 18.866 20.538
 22.352 20.239 18.474 17.021 14.464 15.340 13.350 16.141 17.207 14.540 13.581 14.574 12.439 14.809 14.430 17.158 18.151 21.485 23.445 23.574 19.814 18.799 16.692 14.789 14.162 13.023 10.395  9.383  9.355  7.076  4.544  5.829  6.098  3.852  0.000  3.824  6.559  9.317 11.931 10.895 10.997 14.503 15.673 19.119 21.702 25.283 25.129 24.159 21.196 20.146 20.479 18.162 20.959 22.479 22.234 22.043 25.768 26.580 25.624 27.326 24.438 25.696 24.302 22.945 22.405 20.050 18.034 17.089 13.813 14.347 11.987 13.761 13.546 14.912 17.041 18.716
 22.487 20.369 18.003 16.400 13.280 13.899 11.528 13.882 15.462 13.460 13.216 14.198 12.554 15.232 14.843 17.736 18.156 21.288 22.662 22.723 18.997 17.354 14.721 12.929 13.243 11.903  8.611  8.813  9.662  6.719  4.771  7.967  8.281  5.692  3.824  0.000  3.896  6.490  8.617  7.157  7.385 11.023 12.708 16.185 19.123 22.644 22.117 21.017 17.939 17.222 17.570 15.591 18.751 20.309 20.542 20.469 24.266 24.608 23.450 25.526 22.857 24.573 23.696 22.413 21.256 18.664 16.122 14.726 11.147 11.148  8.578 10.141 10.363 12.039 14.513 16.483
 23.681 22.060 19.648 18.562 15.433 16.421 14.197 16.221 18.250 16.718 16.685 17.338 15.527 17.805 16.754 19.168 18.876 21.548 22.674 22.124 18.396 16.228 13.790 11.273 12.274 11.913  8.211  8.132 10.435  8.489  5.864  9.348 10.942  9.186  6.559  3.896  0.000  3.892  5.624  5.701  6.994 10.662 12.875 16.545 19.671 23.217 22.475 20.787 17.339 16.420 15.966 13.641 16.643 18.788 19.583 20.208 23.878 23.786 23.034 25.501 23.286 25.428 24.976 24.204 22.812 20.484 17.503 16.240 12.654 12.299  9.642 10.035 10.420 11.445 14.068 16.120
 21.699 20.422 17.832 17.201 14.169 15.637 13.998 16.010 18.689 17.475 17.317 17.254 15.355 17.177 15.670 17.751 16.788 19.052 19.732 18.996 15.395 12.825 10.269  7.749  9.501  9.345  5.592  6.527  9.462  8.113  6.701 10.286 11.995 11.013  9.317  6.490  3.892  0.000  3.842  5.517  5.386  8.324 10.226 13.963 16.959 20.532 19.924 17.840 14.269 12.954 12.213  9.796 12.869 15.000 16.022 16.900 20.483 20.141 19.529 22.179 20.270 22.719 22.691 22.337 20.681 18.670 15.403 14.537 11.313 11.392  9.697 10.191 11.751 13.095 15.861 18.011
 24.851 23.554 20.680 19.832 16.526 17.429 15.357 16.553 19.256 18.708 19.258 19.557 18.201 20.316 19.056 21.220 20.054 22.073 22.287 21.403 18.036 14.973 12.215  9.905 12.523 12.474  8.852 10.210 13.211 11.596 10.215 13.883 15.429 13.876 11.931  8.617  5.624  3.842  0.000  3.843  5.564  7.967 10.922 14.274 17.660 20.919 19.659 17.414 13.727 13.156 12.104 10.332 13.562 15.947 17.719 18.850 22.289 21.332 20.597 23.651 22.104 24.907 25.298 24.930 22.841 20.618 17.078 15.626 12.343 11.313  9.288  8.372  9.925 10.797 13.559 15.801
 25.188 23.356 20.265 18.745 15.137 15.286 12.655 13.478 15.896 15.545 16.564 17.388 16.612 19.280 18.727 21.431 20.792 23.225 23.483 23.177 19.784 16.981 13.749 12.164 14.415 13.389  9.717 11.590 13.763 11.175 10.222 14.026 14.696 12.388 10.895  7.157  5.701  5.517  3.843  0.000  3.833  6.814 10.179 13.305 16.922 20.058 18.561 16.953 13.574 13.760 13.705 12.625 16.216 18.025 19.479 19.936 23.562 22.788 21.458 24.337 22.416 25.020 25.217 24.295 22.107 19.389 15.984 13.853 10.259  8.522  5.799  4.927  6.565  8.281 11.254 13.660
 21.802 19.915 16.677 15.200 11.623 12.054  9.981 11.226 14.181 13.724 14.340 14.529 13.743 16.193 15.653 18.378 17.679 20.120 20.215 20.276 17.001 14.382 10.863 10.113 12.213 10.475  7.205 10.044 11.641  8.974  9.325 13.028 13.223 11.410 10.997  7.385  6.994  5.386  5.564  3.833  0.000  3.819  6.571  9.932 13.393 16.711 15.631 14.127 10.871 10.782 11.420 10.635 14.378 15.539 16.585 16.594 20.287 19.736 18.155 20.842 18.751 21.288 21.514 20.592 18.325 15.673 12.220 10.332  6.866  6.128  4.969  6.231  8.979 11.379 14.226 16.523
 21.384 19.599 16.060 14.678 11.239 11.508 10.077 10.626 14.107 14.375 15.190 14.878 14.592 16.737 16.280 18.827 17.737 19.769 19.169 19.442 16.637 13.830 10.054 10.469 13.016 10.991  8.667 12.190 13.533 11.201 12.422 15.904 15.829 14.349 14.503 11.023 10.662  8.324  7.967  6.814  3.819  0.000  3.828  6.578 10.237 13.326 12.015 10.384  7.189  7.752  9.117  9.588 13.373 13.866 15.137 14.914 18.404 17.458 15.475 18.343 16.557 19.405 20.196 19.417 16.625 14.055 10.349  8.347  5.823  5.156  6.262  7.414 10.917 13.473 16.145 18.370
 18.150 16.412 12.775 11.663  8.648  9.520  9.399 10.458 14.172 14.220 14.388 13.177 12.838 14.385 13.878 16.214 15.004 16.893 16.036 16.797 14.311 11.956  8.189  9.913 11.901  9.250  8.263 12.085 12.643 10.758 13.004 15.949 15.513 14.742 15.673 12.708 12.875 10.226 10.922 10.179  6.571  3.828  0.000  3.820  6.917 10.418 10.042  8.582  5.988  5.718  8.291  9.180 12.592 12.107 12.672 11.752 15.245 14.659 12.342 14.879 12.860 15.638 16.527 15.854 12.945 10.646  6.853  5.780  4.774  6.419  8.823 10.875 14.298 17.010 19.617 21.750
 18.908 17.139 13.387 12.169  9.697  9.867 10.399 10.502 14.230 15.007 15.465 14.033 14.471 15.799 15.737 17.931 16.689 18.207 16.722 17.934 16.117 13.993 10.527 12.993 14.933 12.177 11.869 15.681 15.898 14.077 16.633 19.407 18.600 17.828 19.119 16.185 16.545 13.963 14.274 13.305  9.932  6.578  3.820  0.000  3.823  6.831  6.303  5.483  4.521  5.765  9.340 11.431 14.412 13.114 13.619 12.133 15.105 14.258 11.218 13.598 11.860 14.697 16.131 15.370 11.909  9.665  6.217  5.039  6.299  7.673 10.993 12.920 16.463 19.276 21.683 23.712
 17.217 15.668 12.089 11.379 10.049 10.574 12.279 12.549 16.036 16.724 16.698 14.569 15.089 15.645 15.611 17.326 15.971 17.033 15.074 16.831 15.723 14.232 11.389 14.596 16.014 13.168 13.904 17.551 17.245 15.935 18.944 21.246 20.236 19.991 21.702 19.123 19.671 16.959 17.660 16.922 13.393 10.237  6.917  3.823  0.000  3.849  5.510  5.514  6.547  6.940 10.730 13.068 15.330 13.130 12.935 10.684 13.081 12.536  8.999 10.691  8.992 11.690 13.569 13.045  9.326  7.911  5.453  6.191  8.944 11.032 14.507 16.667 20.156 23.006 25.366 27.332
 19.497 18.053 14.708 13.991 13.126 13.064 14.870 14.422 17.596 18.838 19.099 17.030 18.066 18.518 18.784 20.332 18.998 19.700 17.330 19.266 18.715 17.355 14.802 18.108 19.606 16.862 17.678 21.324 20.973 19.640 22.677 24.969 23.803 23.469 25.283 22.644 23.217 20.532 20.919 20.058 16.711 13.326 10.418  6.831  3.849  0.000  3.849  5.575  8.424  9.631 13.249 16.104 18.048 15.523 15.428 13.092 14.664 13.824 10.047 11.254 10.329 12.702 15.048 14.536 10.739  9.789  8.489  8.930 12.044 13.627 17.285 19.215 22.699 25.542 27.729 29.598
 22.543 20.923 17.349 16.172 14.496 13.836 14.709 13.514 16.715 18.516 19.474 18.074 19.344 20.444 20.806 22.730 21.412 22.348 20.110 21.620 20.684 18.730 15.751 18.577 20.642 18.032 18.066 21.862 21.988 20.219 22.860 25.589 24.545 23.670 25.129 22.117 22.475 19.924 19.659 18.561 15.631 12.015 10.042  6.303  5.510  3.849  0.000  3.820  6.952  9.567 12.985 16.106 18.468 16.515 17.195 15.462 17.329 15.925 12.369 14.327 13.594 16.250 18.463 17.747 13.935 12.253 10.235  9.259 11.642 12.146 15.709 17.088 20.561 23.289 25.339 27.167
 22.018 20.834 17.293 16.660 14.789 14.893 15.538 14.894 18.430 19.845 20.603 19.123 19.717 20.680 20.384 22.038 20.217 20.877 18.516 19.441 18.459 16.078 13.193 15.880 18.328 16.236 16.183 19.911 20.554 19.149 21.481 24.341 23.846 23.144 24.159 21.017 20.787 17.840 17.414 16.953 14.127 10.384  8.582  5.483  5.514  5.575  3.820  0.000  3.825  6.432  9.499 12.872 15.084 13.312 14.548 13.504 15.413 13.473 10.327 13.098 12.826 16.082 18.521 18.404 14.685 13.336 10.596 10.018 11.615 12.092 15.251 16.228 19.840 22.332 24.531 26.456
 21.471 20.316 16.742 16.150 13.763 14.248 14.339 14.166 17.874 18.889 19.586 18.333 18.423 19.611 18.953 20.712 18.802 19.703 17.754 18.176 16.616 13.777 10.569 12.708 15.507 13.710 13.114 16.793 17.899 16.501 18.428 21.488 21.381 20.604 21.196 17.939 17.339 14.269 13.727 13.574 10.871  7.189  5.988  4.521  6.547  8.424  6.952  3.825  0.000  3.827  6.568  9.656 12.379 11.373 13.056 12.663 15.169 13.239 10.712 13.966 13.375 16.817 18.877 18.825 15.357 13.744 10.320  9.492  9.888 10.148 12.754 13.492 17.129 19.481 21.844 23.874
 18.693 18.000 14.699 14.860 12.871 14.362 14.920 15.679 19.444 19.763 19.781 18.060 17.413 18.039 16.736 18.012 15.693 16.309 14.370 14.492 12.918 10.036  7.059  9.607 12.254 10.814 10.852 14.308 15.447 14.774 16.765 19.501 19.754 19.594 20.146 17.222 16.420 12.954 13.156 13.760 10.782  7.752  5.718  5.765  6.940  9.631  9.567  6.432  3.827  0.000  3.838  6.646  9.073  7.796  9.333  9.291 11.978 10.213  8.259 11.679 11.107 14.695 16.709 17.213 14.114 13.140  9.716 10.100 10.368 11.601 13.847 14.919 18.448 20.707 23.240 25.325
 20.187 19.984 17.018 17.594 15.589 17.407 17.618 18.577 22.305 22.427 22.392 20.817 19.683 20.214 18.359 19.262 16.541 16.782 14.953 14.073 12.428  8.909  6.628  8.099 11.370 11.166 10.893 13.768 15.705 15.568 16.848 19.616 20.587 20.570 20.479 17.570 15.966 12.213 12.104 13.705 11.420  9.117  8.291  9.340 10.730 13.249 12.985  9.499  6.568  3.838  0.000  3.839  5.933  5.848  8.693 10.175 12.541 10.287  9.703 13.364 13.366 17.010 19.011 19.960 17.201 16.492 13.060 13.470 13.013 13.852 15.296 15.719 19.021 20.810 23.344 25.422
 19.296 19.264 16.645 17.464 15.466 17.750 17.791 19.364 22.949 22.498 22.105 20.588 18.840 19.261 16.949 17.670 14.926 15.339 14.248 12.810 10.477  6.683  4.784  4.671  8.234  8.974  8.487 10.674 13.086 13.489 14.256 16.828 18.339 18.629 18.162 15.591 13.641  9.796 10.332 12.625 10.635  9.588  9.180 11.431 13.068 16.104 16.106 12.872  9.656  6.646  3.839  0.000  3.852  5.687  8.155 10.295 12.993 11.469 11.668 14.922 14.497 17.807 19.230 20.262 18.045 17.381 14.001 14.607 13.464 14.519 15.229 15.719 18.649 20.218 22.842 24.932
 19.427 20.131 18.021 19.528 18.109 20.755 21.185 22.904 26.509 25.941 25.264 23.425 21.405 21.253 18.501 18.454 15.202 14.707 13.324 11.051  9.489  5.902  6.357  6.351  8.976 10.718 11.161 12.541 14.867 16.086 16.787 18.836 20.666 21.468 20.959 18.751 16.643 12.869 13.562 16.216 14.378 13.373 12.592 14.412 15.330 18.048 18.468 15.084 12.379  9.073  5.933  3.852  0.000  3.810  6.754 10.015 11.776 10.034 11.470 14.508 14.815 18.050 19.707 21.400 19.482 19.509 16.482 17.682 16.934 18.249 19.030 19.486 22.327 23.721 26.279 28.301
 17.328 18.198 16.103 17.903 16.990 19.710 20.749 22.404 26.074 25.625 24.797 22.539 20.746 20.210 17.591 17.315 13.889 12.948 10.759  9.019  8.367  5.433  6.073  8.084  9.968 10.780 12.169 14.062 15.560 16.748 18.235 20.087 21.369 22.359 22.479 20.309 18.788 15.000 15.947 18.025 15.539 13.866 12.107 13.114 13.130 15.523 16.515 13.312 11.373  7.796  5.848  5.687  3.810  0.000  3.833  6.944  8.281  6.276  7.824 10.792 11.481 14.817 16.895 18.865 16.850 17.365 14.694 16.448 16.528 18.322 19.809 20.738 23.873 25.640 28.221 30.260
 13.708 14.941 13.312 15.693 15.516 18.644 20.261 22.331 25.860 25.045 23.711 21.034 19.011 17.858 15.051 14.247 10.658  9.306  6.942  5.540  5.386  4.113  5.932  8.686  9.084  9.504 12.006 13.627 14.246 15.883 17.868 19.118 20.110 21.619 22.234 20.542 19.583 16.022 17.719 19.479 16.585 15.137 12.672 13.619 12.935 15.428 17.195 14.548 13.056  9.333  8.693  8.155  6.754  3.833  0.000  3.825  5.257  5.144  6.933  8.728  8.954 11.794 13.598 15.917 14.433 15.556 13.520 16.023 16.519 18.992 20.688 22.226 25.324 27.334 29.965 32.005
 11.029 11.931 10.146 12.646 13.018 16.140 18.308 20.408 23.811 22.980 21.460 18.468 16.724 15.305 12.904 12.229  8.987  7.999  5.209  6.219  6.245  6.347  6.847 10.377 10.213  9.222 12.205 14.248 13.945 15.220 17.894 18.975 19.247 20.789 22.043 20.469 20.208 16.900 18.850 19.936 16.594 14.914 11.752 12.133 10.684 13.092 15.462 13.504 12.663  9.291 10.175 10.295 10.015  6.944  3.825  0.000  3.855  5.486  5.472  6.202  5.332  8.110  9.986 12.246 10.725 12.220 10.757 13.799 14.986 17.922 20.091 22.154 25.338 27.682 30.307 32.343
 12.010 13.744 12.673 15.541 16.421 19.453 21.856 23.799 27.184 26.473 24.898 21.730 20.076 18.272 15.859 14.532 11.174  8.952  5.183  5.986  8.083  8.852 10.264 13.538 13.294 12.836 15.909 17.682 17.376 18.935 21.551 22.416 22.764 24.502 25.768 24.266 23.878 20.483 22.289 23.562 20.287 18.404 15.245 15.105 13.081 14.664 17.329 15.413 15.169 11.978 12.541 12.993 11.776  8.281  5.257  3.855  0.000  3.858  5.435  4.683  5.938  8.105 10.661 13.692 12.509 14.754 13.849 17.033 18.578 21.460 23.775 25.725 28.976 31.272 33.864 35.876
 15.611 16.956 15.283 17.609 17.787 20.465 22.448 23.949 27.534 27.249 26.160 23.300 21.906 20.660 18.372 17.543 14.132 12.263  8.726  8.419  9.939  9.217 10.141 13.306 14.110 13.927 16.323 18.447 18.845 20.054 22.380 23.796 24.373 25.674 26.580 24.608 23.786 20.141 21.332 22.788 19.736 17.458 14.659 14.258 12.536 13.824 15.925 13.473 13.239 10.213 10.287 11.469 10.034  6.276  5.144  5.486  3.858  0.000  3.836  5.452  7.804 10.880 13.854 16.478 14.566 16.219 14.635 17.241 18.631 20.989 23.310 24.782 28.154 30.301 32.845 34.858
 15.334 15.892 13.627 15.377 15.414 17.662 19.755 20.935 24.487 24.487 23.621 20.808 19.938 19.006 17.324 17.137 14.223 13.165  9.786 10.662 11.396 10.449 10.028 13.657 14.686 13.528 15.686 18.408 18.509 19.046 21.729 23.401 23.457 24.394 25.624 23.450 23.034 19.529 20.597 21.458 18.155 15.475 12.342 11.218  8.999 10.047 12.369 10.327 10.712  8.259  9.703 11.668 11.470  7.824  6.933  5.472  5.435  3.836  0.000  3.854  5.606  9.228 12.453 14.444 11.896 13.234 11.672 14.170 16.038 18.408 21.133 22.811 26.296 28.681 31.187 33.198
 13.465 14.393 12.783 15.017 15.979 18.359 21.024 22.405 25.722 25.509 24.248 21.056 20.198 18.655 17.091 16.403 13.701 12.215  8.623 10.496 12.036 12.288 12.427 16.140 16.371 14.999 17.743 20.199 19.650 20.442 23.449 24.632 24.380 25.688 27.326 25.526 25.501 22.179 23.651 24.337 20.842 18.343 14.879 13.598 10.691 11.254 14.327 13.098 13.966 11.679 13.364 14.922 14.508 10.792  8.728  6.202  4.683  5.452  3.854  0.000  3.841  6.409 10.015 12.529 10.570 12.912 12.454 15.553 17.900 20.698 23.582 25.648 29.077 31.608 34.113 36.098
 10.702 10.962  9.048 11.222 12.440 14.955 17.848 19.534 22.695 22.193 20.690 17.383 16.509 14.909 13.596 13.245 11.037 10.432  7.592 10.341 10.962 11.528 11.111 14.873 14.663 12.604 15.473 17.967 16.906 17.482 20.761 21.780 21.155 22.489 24.438 22.857 23.286 20.270 22.104 22.416 18.751 16.557 12.860 11.860  8.992 10.329 13.594 12.826 13.375 11.107 13.366 14.497 14.815 11.481  8.954  5.332  5.938  7.804  5.606  3.841  0.000  3.831  6.947  9.006  6.983  9.399  9.286 12.754 15.176 18.338 21.212 23.678 26.980 29.662 32.185 34.169
  8.649  9.070  8.229 10.819 13.110 15.635 18.980 20.892 23.670 22.861 20.913 17.307 16.444 14.184 13.175 12.357 10.834 10.193  8.004 11.541 12.491 13.999 13.942 17.510 16.591 14.372 17.566 19.687 17.956 18.708 22.200 22.665 21.668 23.345 25.696 24.573 25.428 22.719 24.907 25.020 21.288 19.405 15.638 14.697 11.690 12.702 16.250 16.082 16.817 14.695 17.010 17.807 18.050 14.817 11.794  8.110  8.105 10.880  9.228  6.409  3.831  0.000  3.837  6.580  6.001  9.509 10.771 14.490 17.125 20.569 23.439 26.243 29.390 32.172 34.660 36.596
  5.767  5.693  5.986  8.939 12.014 14.730 18.242 20.607 23.013 21.677 19.231 15.471 14.322 11.500 10.694  9.671  9.160  9.297  8.598 12.382 12.789 14.877 14.849 18.029 16.425 13.974 17.298 18.980 16.608 17.468 21.056 20.980 19.657 21.646 24.302 23.696 24.976 22.691 25.298 25.217 21.514 20.196 16.527 16.131 13.569 15.048 18.463 18.521 18.877 16.709 19.011 19.230 19.707 16.895 13.598  9.986 10.661 13.854 12.453 10.015  6.947  3.837  0.000  3.844  5.574  9.082 11.057 14.811 17.175 20.866 23.467 26.584 29.461 32.277 34.748 36.644
  7.644  5.402  4.871  6.360  9.845 11.999 15.701 18.009 20.034 18.636 16.127 12.347 11.783  9.223  9.688  9.866 10.534 11.867 11.736 15.369 15.015 16.682 15.882 18.900 17.397 14.330 17.167 19.049 16.351 16.483 20.253 20.230 18.280 19.918 22.945 22.413 24.204 22.337 24.930 24.295 20.592 19.417 15.854 15.370 13.045 14.536 17.747 18.404 18.825 17.213 19.960 20.262 21.400 18.865 15.917 12.246 13.692 16.478 14.444 12.529  9.006  6.580  3.844  0.000  3.843  6.649  9.555 12.964 15.467 19.163 21.810 25.182 27.891 30.840 33.211 35.046
 10.104  8.051  5.590  6.054  8.397 10.195 13.810 15.638 18.075 17.271 15.407 11.852 11.831 10.316 10.774 11.666 11.552 12.830 11.866 15.219 14.691 15.522 14.105 17.408 16.669 13.412 15.848 18.379 16.249 15.873 19.644 20.343 18.541 19.606 22.405 21.256 22.812 20.681 22.841 22.107 18.325 16.625 12.945 11.909  9.326 10.739 13.935 14.685 15.357 14.114 17.201 18.045 19.482 16.850 14.433 10.725 12.509 14.566 11.896 10.570  6.983  6.001  5.574  3.843  0.000  3.829  6.490  9.956 12.909 16.439 19.435 22.629 25.578 28.572 30.946 32.823
 12.602  9.836  6.520  4.682  5.623  6.567 10.161 11.845 14.296 13.645 12.143  8.896  9.598  9.324 10.544 12.587 12.862 14.887 14.257 17.179 15.892 16.035 13.797 16.762 16.428 12.787 14.395 17.254 15.264 14.024 17.762 18.882 16.791 17.205 20.050 18.664 20.484 18.670 20.618 19.389 15.673 14.055 10.646  9.665  7.911  9.789 12.253 13.336 13.744 13.140 16.492 17.381 19.509 17.365 15.556 12.220 14.754 16.219 13.234 12.912  9.399  9.509  9.082  6.649  3.829  0.000  3.819  6.580  9.634 13.074 16.129 19.441 22.295 25.373 27.686 29.545
 13.858 11.489  7.706  6.139  4.749  6.046  8.682 10.340 13.501 13.091 12.157  9.517  9.763 10.299 10.747 13.035 12.631 14.685 13.879 16.126 14.372 13.694 10.886 13.732 14.044 10.463 11.505 14.789 13.507 12.012 15.505 17.249 15.663 15.712 18.034 16.122 17.503 15.403 17.078 15.984 12.220 10.349  6.853  6.217  5.453  8.489 10.235 10.596 10.320  9.716 13.060 14.001 16.482 14.694 13.520 10.757 13.849 14.635 11.672 12.454  9.286 10.771 11.057  9.555  6.490  3.819  0.000  3.832  6.604 10.052 13.134 16.208 19.271 22.285 24.707 26.665
 17.412 14.797 11.033  8.612  5.817  4.926  6.119  6.892 10.370 10.618 10.722  9.199 10.299 12.080 13.036 15.884 15.721 18.037 17.351 19.230 17.111 15.811 12.441 14.671 15.592 12.072 11.893 15.409 14.581 12.186 15.254 17.561 15.852 14.978 17.089 14.726 16.240 14.537 15.626 13.853 10.332  8.347  5.780  5.039  6.191  8.930  9.259 10.018  9.492 10.100 13.470 14.607 17.682 16.448 16.023 13.799 17.033 17.241 14.170 15.553 12.754 14.490 14.811 12.964  9.956  6.580  3.832  0.000  3.822  6.683 10.102 13.174 16.216 19.336 21.661 23.604
 18.741 16.158 12.527 10.117  6.446  5.759  4.683  6.092  9.657  9.473  9.902  9.335  9.838 12.354 13.018 16.162 16.071 18.719 18.514 19.838 17.130 15.428 11.806 13.084 14.225 10.941  9.643 13.069 12.722  9.775 12.287 15.032 13.597 12.168 13.813 11.147 12.654 11.313 12.343 10.259  6.866  5.823  4.774  6.299  8.944 12.044 11.642 11.615  9.888 10.368 13.013 13.464 16.934 16.528 16.519 14.986 18.578 18.631 16.038 17.900 15.176 17.125 17.175 15.467 12.909  9.634  6.604  3.822  0.000  3.817  6.579  9.864 12.779 15.879 18.331 20.370
 22.480 19.939 16.320 13.840 10.144  8.730  6.251  5.762  9.085  9.861 11.505 12.029 12.905 15.820 16.542 19.738 19.558 22.134 21.814 22.804 20.006 17.808 14.027 14.729 16.496 13.687 11.545 14.851 15.195 11.957 13.559 16.777 15.605 13.401 14.347 11.148 12.299 11.392 11.313  8.522  6.128  5.156  6.419  7.673 11.032 13.627 12.146 12.092 10.148 11.601 13.852 14.519 18.249 18.322 18.992 17.922 21.460 20.989 18.408 20.698 18.338 20.569 20.866 19.163 16.439 13.074 10.052  6.683  3.817  0.000  3.821  6.634  9.694 12.863 15.242 17.322
 24.328 21.829 18.447 16.037 12.240 11.106  7.907  7.918 10.245 10.454 12.210 13.475 13.872 17.079 17.615 20.884 20.853 23.628 23.736 24.338 21.175 18.843 15.184 14.919 16.683 14.356 11.417 14.092 14.883 11.434 11.988 15.430 14.613 11.837 11.987  8.578  9.642  9.697  9.288  5.799  4.969  6.262  8.823 10.993 14.507 17.285 15.709 15.251 12.754 13.847 15.296 15.229 19.030 19.809 20.688 20.091 23.775 23.310 21.133 23.582 21.212 23.439 23.467 21.810 19.435 16.129 13.134 10.102  6.579  3.821  0.000  3.823  6.309  9.503 12.065 14.297
 27.421 25.161 21.759 19.585 15.796 14.782 11.629 11.074 13.126 13.805 15.850 17.254 17.550 20.673 20.912 23.997 23.632 26.168 26.096 26.278 23.121 20.352 16.759 16.024 18.347 16.629 13.337 15.780 17.304 14.141 13.925 17.595 17.375 14.500 13.761 10.141 10.035 10.191  8.372  4.927  6.231  7.414 10.875 12.920 16.667 19.215 17.088 16.228 13.492 14.919 15.719 15.719 19.486 20.738 22.226 22.154 25.725 24.782 22.811 25.648 23.678 26.243 26.584 25.182 22.629 19.441 16.208 13.174  9.864  6.634  3.823  0.000  3.831  6.698  9.420 11.847
 29.937 27.561 24.339 22.015 18.249 17.067 13.582 13.049 14.242 14.697 16.903 18.897 19.182 22.521 22.908 26.099 26.034 28.768 29.018 29.121 25.789 23.123 19.686 18.507 20.573 19.053 15.549 17.370 18.897 15.647 14.757 18.228 18.047 14.778 13.546 10.363 10.420 11.751  9.925  6.565  8.979 10.917 14.298 16.463 20.156 22.699 20.561 19.840 17.129 18.448 19.021 18.649 22.327 23.873 25.324 25.338 28.976 28.154 26.296 29.077 26.980 29.390 29.461 27.891 25.578 22.295 19.271 16.216 12.779  9.694  6.309  3.831  0.000  3.833  6.398  8.921
 32.500 30.268 27.139 24.964 21.231 20.209 16.740 16.251 17.244 17.638 19.800 21.880 21.973 25.254 25.449 28.514 28.355 31.010 31.326 31.139 27.755 24.962 21.717 20.117 22.284 21.212 17.557 18.952 20.834 17.836 16.378 19.754 19.982 16.739 14.912 12.039 11.445 13.095 10.797  8.281 11.379 13.473 17.010 19.276 23.006 25.542 23.289 22.332 19.481 20.707 20.810 20.218 23.721 25.640 27.334 27.682 31.272 30.301 28.681 31.608 29.662 32.172 32.277 30.840 28.572 25.373 22.285 19.336 15.879 12.863  9.503  6.698  3.833  0.000  3.847  6.778
 35.017 32.715 29.607 27.324 23.626 22.391 18.854 18.110 18.683 19.234 21.590 23.912 24.188 27.546 27.893 31.004 30.944 33.625 33.953 33.776 30.412 27.631 24.417 22.815 24.957 23.903 20.289 21.574 23.391 20.383 18.858 22.060 22.202 18.866 17.041 14.513 14.068 15.861 13.559 11.254 14.226 16.145 19.617 21.683 25.366 27.729 25.339 24.531 21.844 23.240 23.344 22.842 26.279 28.221 29.965 30.307 33.864 32.845 31.187 34.113 32.185 34.660 34.748 33.211 30.946 27.686 24.707 21.661 18.331 15.242 12.065  9.420  6.398  3.847  0.000  3.810
