  0.000  3.830  6.623 10.241 13.196 16.595 19.628 22.755 24.937 22.878 19.934 16.325 13.976 10.495  8.328  5.527  5.426  5.840  7.546 10.682 10.692 13.779 14.594 16.940 14.334 12.507 16.104 16.612 13.845 15.715 18.864 17.857 16.849 19.625 22.100 22.242 23.861 22.052 25.129 25.295 21.775 21.429 18.126 18.801 17.094 19.393 22.426 21.914 21.355 18.634 20.139 19.273 19.407 17.288 13.638 10.983 11.897 15.521 15.282 13.429 10.693  8.606  5.736  7.593 10.065 12.561 13.832 17.379 18.739 22.495 24.459 27.570 30.489 33.015 36.000 38.512
  3.830  0.000  3.825  6.855 10.150 13.300 16.440 19.608 21.515 19.362 16.335 12.678 10.568  7.033  5.860  4.764  6.342  8.464  9.944 13.136 12.296 14.701 14.547 16.875 14.511 11.853 14.982 15.855 12.724 13.771 17.225 16.398 14.697 17.106 19.974 20.084 22.160 20.731 23.792 23.443 19.910 19.661 16.422 17.070 15.581 17.965 20.821 20.763 20.229 17.981 19.978 19.279 20.150 18.197 14.892 11.901 13.664 16.911 15.885 14.396 10.983  9.066  5.689  5.354  8.025  9.808 11.488 14.790 16.180 19.974 21.991 25.338 28.187 30.910 33.919 36.408
  6.623  3.825  0.000  3.820  6.741 10.032 13.191 16.195 18.422 16.601 13.984 10.333  8.572  6.022  5.403  6.283  6.865  9.328  9.922 12.973 11.617 13.104 12.088 14.676 13.003  9.748 12.522 14.185 11.443 11.721 15.430 15.428 13.684 15.449 18.225 17.714 19.712 18.123 20.901 20.301 16.650 16.104 12.782 13.325 12.021 14.638 17.260 17.235 16.657 14.684 17.013 16.652 18.033 16.103 13.252 10.103 12.606 15.260 13.642 12.813  9.092  8.264  6.023  4.867  5.600  6.516  7.716 11.030 12.543 16.343 18.578 21.881 24.871 27.666 30.633 33.174
 10.241  6.855  3.820  0.000  3.817  6.483  9.842 12.830 14.769 12.939 10.396  6.698  5.821  4.662  6.265  8.805 10.029 12.896 13.403 16.234 14.435 15.196 13.302 15.629 14.454 10.746 12.500 14.572 11.856 10.899 14.710 15.129 12.750 13.695 16.774 16.059 18.500 17.390 19.959 18.705 15.154 14.683 11.653 12.100 11.304 13.884 16.044 16.582 16.040 14.830 17.576 17.459 19.528 17.889 15.612 12.575 15.462 17.578 15.377 15.029 11.236 10.842  8.965  6.367  6.049  4.653  6.126  8.592 10.113 13.835 16.157 19.682 22.569 25.572 28.526 31.022
 13.196 10.150  6.741  3.817  0.000  3.826  6.495  9.639 12.047 10.385  8.498  5.597  5.056  6.314  7.698 10.869 11.583 14.579 14.913 17.145 14.778 14.610 11.942 13.868 13.392  9.552 10.213 12.812 10.738  8.779 12.457 13.721 11.518 11.591 14.336 13.015 15.383 14.362 16.649 15.090 11.595 11.241  8.637  9.615  9.959 12.983 14.319 14.693 13.642 12.850 15.594 15.497 18.149 17.007 15.465 12.970 16.370 17.782 15.423 15.996 12.457 13.132 12.046  9.847  8.378  5.569  4.718  5.752  6.424 10.129 12.357 15.895 18.790 21.821 24.772 27.297
 16.595 13.300 10.032  6.483  3.826  0.000  3.830  6.411  8.449  7.248  6.224  4.317  6.305  8.740 11.054 14.411 15.375 18.339 18.459 20.746 18.426 17.919 14.881 16.657 16.668 12.893 12.770 15.549 13.758 11.049 14.317 15.932 13.370 12.445 15.234 13.615 16.244 15.736 17.472 15.150 12.032 11.491  9.545  9.849 10.551 12.948 13.679 14.833 14.159 14.378 17.439 17.800 20.813 19.750 18.613 16.111 19.430 20.493 17.704 18.404 14.993 15.688 14.786 12.038 10.217  6.573  6.067  4.915  5.760  8.697 11.204 14.823 17.570 20.837 23.655 26.091
 19.628 16.440 13.191  9.842  6.495  3.830  0.000  3.838  6.114  4.930  5.478  6.016  7.757 11.102 13.160 16.738 17.616 20.718 20.978 22.792 20.062 19.009 15.644 16.696 17.150 13.673 12.443 15.174 13.992 10.596 13.114 15.293 12.941 11.006 13.275 11.228 13.878 13.939 15.262 12.436  9.932 10.027  9.404 10.405 12.285 14.789 14.578 15.504 14.261 14.927 17.634 17.811 21.210 20.761 20.201 18.256 21.817 22.464 19.789 21.062 17.879 19.025 18.286 15.730 13.833 10.178  8.707  6.127  4.664  6.221  7.997 11.690 14.129 17.445 20.255 22.645
 22.755 19.608 16.195 12.830  9.639  6.411  3.838  0.000  3.863  5.443  7.900  9.081 11.453 14.682 16.809 20.293 20.931 23.795 23.619 25.415 22.852 21.430 17.834 18.983 20.011 16.663 15.178 18.196 17.461 14.011 16.184 18.714 16.544 14.236 16.060 13.569 15.768 15.825 16.304 13.026 11.053 10.431 10.414 10.514 12.605 14.390 13.397 14.849 14.047 15.650 18.534 19.315 22.870 22.382 22.258 20.363 23.784 23.973 20.983 22.478 19.602 21.008 20.729 18.140 15.755 11.964 10.409  6.936  6.022  5.542  7.747 10.800 13.167 16.586 19.074 21.380
 24.937 21.515 18.422 14.769 12.047  8.449  6.114  3.863  0.000  3.840  7.330  9.631 12.618 16.015 18.688 22.315 23.470 26.551 26.635 28.623 26.034 24.855 21.351 22.366 23.109 19.709 18.213 20.875 19.821 16.240 18.211 20.396 17.806 15.202 17.248 15.269 17.891 18.599 19.132 15.653 14.195 14.052 14.183 14.234 16.011 17.445 16.529 18.366 17.793 19.446 22.329 22.989 26.547 26.083 25.785 23.725 27.109 27.521 24.477 25.701 22.658 23.649 22.993 20.000 18.024 14.240 13.463 10.337  9.639  9.042 10.328 13.144 14.739 18.088 20.376 22.380
 22.878 19.362 16.601 12.939 10.385  7.248  4.930  5.443  3.840  0.000  3.808  6.917  9.625 13.215 16.011 19.737 21.301 24.652 25.245 27.233 24.463 23.644 20.382 21.160 21.348 17.942 16.562 18.747 17.272 13.720 15.702 17.423 14.535 12.016 14.485 13.147 16.300 17.334 18.541 15.339 13.723 14.335 14.224 15.002 16.699 18.705 18.345 19.788 18.806 19.764 22.446 22.531 25.975 25.636 24.977 22.910 26.409 27.244 24.493 25.513 22.184 22.864 21.681 18.622 17.241 13.604 13.071 10.591  9.448  9.836 10.591 13.948 15.439 18.712 21.293 23.327
 19.934 16.335 13.984 10.396  8.498  6.224  5.478  7.900  7.330  3.808  0.000  3.831  6.374  9.858 12.910 16.619 18.599 22.099 23.072 25.220 22.494 22.201 19.312 20.177 19.722 16.231 15.419 17.211 15.094 11.902 14.287 15.319 12.030 10.213 13.385 12.787 16.280 17.195 19.113 16.409 14.323 15.170 14.393 15.454 16.676 18.986 19.325 20.553 19.502 19.782 22.407 22.130 25.294 24.809 23.651 21.408 24.845 26.162 23.643 24.274 20.711 20.943 19.262 16.139 15.402 12.123 12.160 10.712  9.886 11.497 12.375 16.048 17.741 20.921 23.703 25.811
 16.325 12.678 10.333  6.698  5.597  4.317  6.016  9.081  9.631  6.917  3.831  0.000  3.827  6.651  9.916 13.480 15.455 18.840 19.735 22.157 19.721 19.825 17.219 18.602 17.828 14.135 14.183 16.101 13.566 10.985 14.124 14.846 11.584 10.896 14.337 13.773 17.048 17.238 19.503 17.265 14.489 14.850 13.161 13.982 14.507 16.890 17.905 19.040 18.217 18.033 20.805 20.590 23.432 22.528 20.954 18.396 21.653 23.275 20.805 21.061 17.384 17.321 15.490 12.349 11.831  8.852  9.494  9.164  9.305 12.005 13.619 17.405 19.638 22.826 25.713 27.990
 13.976 10.568  8.572  5.821  5.056  6.305  7.757 11.453 12.618  9.625  6.374  3.827  0.000  3.847  6.567 10.286 12.415 16.026 17.447 19.595 16.926 17.311 15.104 16.159 14.833 11.326 11.679 13.023 10.102  8.014 11.313 11.519  8.331  8.607 12.127 12.083 15.278 15.335 18.143 16.537 13.672 14.559 12.781 14.377 14.994 17.921 19.161 19.610 18.279 17.352 19.638 18.808 21.384 20.709 18.915 16.647 19.989 21.861 19.919 20.197 16.516 16.459 14.351 11.787 11.811  9.546  9.728 10.235  9.777 12.876 14.011 17.749 19.972 22.914 25.939 28.267
 10.495  7.033  6.022  4.662  6.314  8.740 11.102 14.682 16.015 13.215  9.858  6.651  3.847  0.000  3.816  7.069  9.740 13.287 15.018 17.478 15.226 16.416 14.938 16.367 14.389 11.048 12.577 13.520 10.087  9.420 12.885 12.299  9.452 11.052 14.457 14.789 17.659 17.247 20.336 19.254 16.123 16.720 14.327 15.690 15.531 18.372 20.270 20.565 19.463 17.969 20.158 19.219 21.220 20.162 17.754 15.223 18.171 20.597 18.974 18.644 14.908 14.186 11.517  9.207 10.279  9.257 10.252 12.016 12.303 15.796 17.215 20.864 23.273 26.122 29.171 31.540
  8.328  5.860  5.403  6.265  7.698 11.054 13.160 16.809 18.688 16.011 12.910  9.916  6.567  3.816  0.000  3.816  6.276 10.001 12.209 14.278 11.888 13.442 12.601 13.857 11.349  8.454 10.719 11.132  7.607  8.334 11.650 10.737  8.902 11.409 14.197 14.617 16.900 16.005 19.338 18.969 15.797 16.508 14.038 15.830 15.682 18.832 20.838 20.478 19.028 16.872 18.503 17.099 18.639 17.710 15.099 12.976 15.872 18.447 17.447 17.204 13.729 13.245 10.734  9.683 10.834 10.620 10.895 13.169 13.180 16.741 17.947 21.327 23.808 26.391 29.461 31.880
  5.527  4.764  6.283  8.805 10.869 14.411 16.738 20.293 22.315 19.737 16.619 13.480 10.286  7.069  3.816  0.000  3.832  7.176 10.076 12.132 10.336 12.856 13.097 14.466 11.419  9.414 12.485 12.353  9.051 11.029 13.934 12.531 11.487 14.523 16.939 17.543 19.388 18.121 21.530 21.672 18.475 19.009 16.314 17.958 17.336 20.341 22.721 22.073 20.732 18.088 19.349 17.770 18.548 17.390 14.273 12.285 14.515 17.569 17.211 16.477 13.350 12.399  9.700  9.855 11.706 12.630 13.129 15.962 16.272 19.886 21.160 24.357 26.912 29.335 32.392 34.820
  5.426  6.342  6.865 10.029 11.583 15.375 17.616 20.931 23.470 21.301 18.599 15.455 12.415  9.740  6.276  3.832  0.000  3.821  6.672  8.369  6.619  9.447 10.324 11.989  9.049  7.631 11.292 11.405  9.012 11.475 14.227 13.431 13.245 16.092 17.937 17.985 19.147 17.189 20.385 20.990 17.705 17.864 15.042 16.659 15.939 18.994 21.381 20.215 18.780 15.721 16.579 14.974 15.257 13.934 10.670  9.044 11.163 14.149 14.280 13.775 11.141 10.878  9.196 10.520 11.579 12.877 12.679 15.743 16.117 19.644 21.032 23.880 26.636 28.881 31.866 34.363
  5.840  8.464  9.328 12.896 14.579 18.339 20.718 23.795 26.551 24.652 22.099 18.840 16.026 13.287 10.001  7.176  3.821  0.000  3.877  5.372  5.364  8.991 10.988 12.938 10.273  9.826 13.634 13.765 12.084 14.782 17.290 16.616 16.851 19.697 21.269 21.124 21.840 19.452 22.398 23.370 20.075 19.825 16.859 18.107 16.940 19.661 22.277 20.806 19.611 16.250 16.723 15.290 14.664 12.902  9.254  8.010  8.897 12.204 13.151 12.243 10.497 10.221  9.340 11.869 12.847 14.885 14.684 18.010 18.713 22.157 23.724 26.307 29.197 31.301 34.196 36.715
  7.546  9.944  9.922 13.403 14.913 18.459 20.978 23.619 26.635 25.245 23.072 19.735 17.447 15.018 12.209 10.076  6.672  3.877  0.000  3.837  5.536  8.348 10.252 13.006 11.348 10.741 14.445 15.398 14.256 16.440 19.136 19.130 19.306 21.710 23.231 22.492 22.960 20.154 22.635 23.551 20.106 19.150 15.932 16.540 14.896 17.221 19.976 18.375 17.603 14.254 14.859 14.179 13.287 10.711  6.889  5.170  5.116  8.656  9.721  8.603  7.570  7.946  8.546 11.645 11.783 14.159 13.778 17.232 18.425 21.748 23.726 26.087 29.225 31.350 34.131 36.712
 10.682 13.136 12.973 16.234 17.145 20.746 22.792 25.415 28.623 27.233 25.220 22.157 19.595 17.478 14.278 12.132  8.369  5.372  3.837  0.000  3.835  6.539  9.620 11.657 10.130 10.843 14.263 14.745 14.415 17.019 19.094 19.172 20.085 22.525 23.454 22.681 22.554 19.505 21.846 23.352 20.232 19.497 16.746 17.811 16.712 19.220 21.548 19.361 18.094 14.424 14.020 12.779 11.041  8.994  5.534  6.240  5.948  8.360 10.621 10.484 10.349 11.494 12.340 15.300 15.174 17.130 16.084 19.168 19.809 22.811 24.383 26.350 29.345 31.122 33.809 36.341
 10.692 12.296 11.617 14.435 14.778 18.426 20.062 22.852 26.034 24.463 22.494 19.721 16.926 15.226 11.888 10.336  6.619  5.364  5.536  3.835  0.000  3.842  6.802  8.329  6.359  7.265 10.618 10.927 10.773 13.432 15.321 15.527 16.640 18.984 19.718 18.974 18.824 15.886 18.448 19.983 16.975 16.718 14.281 16.028 15.646 18.699 20.631 18.411 16.552 12.871 12.385 10.444  9.470  8.343  5.368  6.293  8.071  9.915 11.400 12.074 11.032 12.511 12.817 15.005 14.703 15.893 14.379 17.087 17.130 20.049 21.255 23.257 26.098 27.844 30.601 33.117
 13.779 14.701 13.104 15.196 14.610 17.919 19.009 21.430 24.855 23.644 22.201 19.825 17.311 16.416 13.442 12.856  9.447  8.991  8.348  6.539  3.842  0.000  3.836  5.246  5.107  6.474  8.827  9.809 10.815 12.827 14.360 15.453 16.851 18.559 18.803 17.439 16.725 13.376 15.441 17.201 14.382 13.947 11.965 13.957 14.221 17.403 18.732 16.082 13.763 10.028  8.885  6.653  5.872  5.423  4.123  6.433  8.886  9.241 10.501 12.369 11.642 14.066 14.948 16.724 15.590 16.096 13.759 15.838 15.473 17.893 18.926 20.479 23.325 24.881 27.520 30.052
 14.594 14.547 12.088 13.302 11.942 14.881 15.644 17.834 21.351 20.382 19.312 17.219 15.104 14.938 12.601 13.097 10.324 10.988 10.252  9.620  6.802  3.836  0.000  3.845  5.371  4.926  6.341  8.691  9.837 10.723 12.527 14.381 15.367 16.407 16.721 14.807 14.232 10.820 12.674 13.926 10.856 10.168  8.193 10.489 11.375 14.832 15.734 13.195 10.549  7.054  6.620  4.774  6.358  6.074  5.886  6.858 10.260 10.161 10.070 12.484 11.190 13.983 14.890 15.896 14.147 13.837 10.936 12.455 11.841 14.105 15.250 16.857 19.855 21.623 24.313 26.927
 16.940 16.875 14.676 15.629 13.868 16.657 16.696 18.983 22.366 21.160 20.177 18.602 16.159 16.367 13.857 14.466 11.989 12.938 13.006 11.657  8.329  5.246  3.845  0.000  3.843  5.436  5.121  6.373  8.871  9.992 10.610 12.632 14.458 15.398 14.890 13.106 11.812  8.304 10.333 12.397 10.100 10.569  9.887 12.941 14.573 18.117 18.529 15.862 12.668  9.581  8.066  4.635  6.349  8.088  8.686 10.421 13.563 13.336 13.697 16.207 14.965 17.572 18.102 18.938 17.462 16.804 13.782 14.673 13.101 14.800 14.978 16.183 18.707 20.046 22.709 25.222
 14.334 14.511 13.003 14.454 13.392 16.668 17.150 20.011 23.109 21.348 19.722 17.828 14.833 14.389 11.349 11.419  9.049 10.273 11.348 10.130  6.359  5.107  5.371  3.843  0.000  3.863  5.355  4.891  6.360  8.803  9.668 10.560 12.457 14.269 14.171 13.319 12.737  9.943 12.847 14.667 12.223 13.143 11.915 14.914 16.022 19.646 20.626 18.334 15.482 12.248 11.341  8.189  8.934  9.951  9.078 10.287 13.323 14.133 14.746 16.468 14.805 16.700 16.551 17.491 16.778 16.524 14.148 15.645 14.288 16.609 16.820 18.601 20.997 22.506 25.313 27.762
 12.507 11.853  9.748 10.746  9.552 12.893 13.673 16.663 19.709 17.942 16.231 14.135 11.326 11.048  8.454  9.414  7.631  9.826 10.741 10.843  7.265  6.474  4.926  5.436  3.863  0.000  3.850  5.384  5.116  6.502  8.785  9.961 10.684 12.249 13.013 11.922 12.285  9.793 12.812 13.633 10.536 11.159  9.304 12.179 13.172 16.882 18.015 16.248 13.694 10.819 11.157  8.955 10.680 10.734  9.399  9.183 12.762 13.887 13.541 15.028 12.672 14.404 14.015 14.358 13.471 12.860 10.564 12.147 11.046 13.847 14.569 16.930 19.606 21.619 24.561 27.108
 16.104 14.982 12.522 12.500 10.213 12.770 12.443 15.178 18.213 16.562 15.419 14.183 11.679 12.577 10.719 12.485 11.292 13.634 14.445 14.263 10.618  8.827  6.341  5.121  5.355  3.850  0.000  3.839  5.404  5.075  6.311  8.804  9.912 10.450 10.409  8.670  8.575  6.019  9.163  9.994  7.287  8.868  8.321 11.896 13.929 17.707 18.061 16.240 13.151 10.916 10.968  8.556 11.215 12.205 11.968 12.195 15.884 16.353 15.746 17.801 15.540 17.589 17.308 17.144 15.863 14.414 11.566 11.933  9.709 11.704 11.617 13.695 16.118 17.991 20.950 23.492
 16.612 15.855 14.185 14.572 12.812 15.549 15.174 18.196 20.875 18.747 17.211 16.101 13.023 13.520 11.132 12.353 11.405 13.765 15.398 14.745 10.927  9.809  8.691  6.373  4.891  5.384  3.839  0.000  3.844  5.416  4.934  6.330  8.719 10.066  9.413  8.929  8.615  6.903 10.505 11.988 10.170 12.404 12.141 15.703 17.563 21.343 21.853 19.968 16.836 14.368 13.848 10.756 12.609 14.101 13.601 14.248 17.649 18.465 18.457 20.244 18.028 19.691 18.972 19.005 18.378 17.258 14.842 15.445 13.138 15.029 14.348 16.267 18.128 19.620 22.536 24.886
 13.845 12.724 11.443 11.856 10.738 13.758 13.992 17.461 19.821 17.272 15.094 13.566 10.102 10.087  7.607  9.051  9.012 12.084 14.256 14.415 10.773 10.815  9.837  8.871  6.360  5.116  5.404  3.844  0.000  3.856  5.335  5.056  6.173  8.548  9.307  9.642 10.760  9.764 13.457 14.112 11.770 13.730 12.694 15.898 17.221 20.948 21.942 20.568 17.898 15.472 15.745 13.133 14.895 15.552 14.166 13.892 17.278 18.802 18.508 19.644 16.923 17.918 16.562 16.278 16.219 15.250 13.548 14.618 12.808 15.379 15.196 17.807 19.810 21.728 24.763 27.116
 15.715 13.771 11.721 10.899  8.779 11.049 10.596 14.011 16.240 13.720 11.902 10.985  8.014  9.420  8.334 11.029 11.475 14.782 16.440 17.019 13.432 12.827 10.723  9.992  8.803  6.502  5.075  5.416  3.856  0.000  3.848  5.458  5.095  5.780  6.991  6.600  8.622  8.286 11.757 11.478  9.133 11.413 10.836 14.115 15.943 19.628 20.190 19.197 16.530 14.834 15.644 13.563 16.139 16.768 15.813 15.164 18.852 20.042 19.071 20.454 17.501 18.676 17.416 16.399 15.835 14.001 12.055 12.235  9.876 12.171 11.794 14.688 16.652 18.856 21.952 24.338
 18.864 17.225 15.430 14.710 12.457 14.317 13.114 16.184 18.211 15.702 14.287 14.124 11.313 12.885 11.650 13.934 14.227 17.290 19.136 19.094 15.321 14.360 12.527 10.610  9.668  8.785  6.311  4.934  5.335  3.848  0.000  3.845  5.601  5.640  4.532  4.823  6.101  6.792 10.366 10.681  9.557 12.691 13.112 16.715 18.992 22.707 22.877 21.590 18.527 16.882 16.994 14.398 16.908 18.314 17.855 17.887 21.516 22.422 21.801 23.500 20.812 22.185 21.010 20.163 19.612 17.741 15.558 15.311 12.388 13.807 12.382 14.624 15.907 17.573 20.574 22.799
 17.857 16.398 15.428 15.129 13.721 15.932 15.293 18.714 20.396 17.423 15.319 14.846 11.519 12.299 10.737 12.531 13.431 16.616 19.130 19.172 15.527 15.453 14.381 12.632 10.560  9.961  8.804  6.330  5.056  5.458  3.845  0.000  3.845  6.035  5.838  8.005  9.588 10.382 14.028 14.488 13.249 16.157 16.039 19.460 21.256 24.963 25.578 24.405 21.540 19.563 19.694 16.902 18.878 20.086 19.032 18.908 22.299 23.750 23.402 24.614 21.779 22.597 20.891 20.117 20.290 18.858 17.299 17.632 15.160 17.044 15.874 18.325 19.496 21.122 24.091 26.173
 16.849 14.697 13.684 12.750 11.518 13.370 12.941 16.544 17.806 14.535 12.030 11.584  8.331  9.452  8.902 11.487 13.245 16.851 19.306 20.085 16.640 16.851 15.367 14.458 12.457 10.684  9.912  8.719  6.173  5.095  5.601  3.845  0.000  3.826  6.104  8.264 11.087 12.116 15.609 15.169 13.517 16.125 15.639 18.679 20.239 23.776 24.542 23.917 21.444 19.815 20.662 18.405 20.678 21.325 19.947 19.090 22.549 24.255 23.401 24.282 21.069 21.501 19.450 18.063 18.409 16.722 15.693 15.954 13.789 15.956 15.196 18.199 19.518 21.609 24.655 26.765
 19.625 17.106 15.449 13.695 11.591 12.445 11.006 14.236 15.202 12.016 10.213 10.896  8.607 11.052 11.409 14.523 16.092 19.697 21.710 22.525 18.984 18.559 16.407 15.398 14.269 12.249 10.450 10.066  8.548  5.780  5.640  6.035  3.826  0.000  3.851  5.686  9.242 11.108 14.089 12.940 11.817 14.731 14.938 17.983 20.053 23.485 23.725 23.311 20.777 19.767 20.783 18.833 21.625 22.445 21.557 20.700 24.372 25.667 24.429 25.658 22.439 23.195 21.425 19.649 19.441 17.086 15.729 15.075 12.368 13.810 12.521 15.476 16.459 18.629 21.641 23.699
 22.100 19.974 18.225 16.774 14.336 15.234 13.275 16.060 17.248 14.485 13.385 14.337 12.127 14.457 14.197 16.939 17.937 21.269 23.231 23.454 19.718 18.803 16.721 14.890 14.171 13.013 10.409  9.413  9.307  6.991  4.532  5.838  6.104  3.851  0.000  3.824  6.533  9.212 11.994 11.386 11.256 14.748 15.736 19.158 21.678 25.221 25.080 24.236 21.281 20.243 20.638 18.325 21.105 22.552 22.179 21.958 25.657 26.575 25.635 27.289 24.378 25.552 24.103 22.685 22.217 19.874 17.964 17.046 13.831 14.566 12.436 14.627 15.079 16.686 19.591 21.548
 22.242 20.084 17.714 16.059 13.015 13.615 11.228 13.569 15.269 13.147 12.787 13.773 12.083 14.789 14.617 17.543 17.985 21.124 22.492 22.681 18.974 17.439 14.807 13.106 13.319 11.922  8.670  8.929  9.642  6.600  4.823  8.005  8.264  5.686  3.824  0.000  3.897  6.452  8.771  7.669  7.635 11.239 12.729 16.179 19.061 22.540 22.020 21.080 18.028 17.347 17.799 15.846 19.006 20.469 20.557 20.417 24.212 24.670 23.495 25.512 22.795 24.422 23.481 22.106 21.012 18.401 15.966 14.564 11.026 11.240  8.879 10.932 11.713 13.547 16.582 18.806
 23.861 22.160 19.712 18.500 15.383 16.244 13.878 15.768 17.891 16.300 16.280 17.048 15.278 17.659 16.900 19.388 19.147 21.840 22.960 22.554 18.824 16.725 14.232 11.812 12.737 12.285  8.575  8.615 10.760  8.622  6.101  9.588 11.087  9.242  6.533  3.897  0.000  3.884  5.694  5.980  7.105 10.861 13.001 16.648 19.796 23.296 22.481 20.983 17.559 16.761 16.448 14.205 17.263 19.321 20.018 20.561 24.252 24.241 23.420 25.857 23.586 25.655 25.146 24.235 22.874 20.461 17.556 16.169 12.548 12.237  9.527 10.373 10.917 12.023 14.920 17.171
 22.052 20.731 18.123 17.390 14.362 15.736 13.939 15.825 18.599 17.334 17.195 17.238 15.335 17.247 16.005 18.121 17.189 19.452 20.154 19.505 15.886 13.376 10.820  8.304  9.943  9.793  6.019  6.903  9.764  8.286  6.792 10.382 12.116 11.108  9.212  6.452  3.884  0.000  3.842  5.606  5.455  8.637 10.524 14.264 17.314 20.866 20.162 18.217 14.637 13.439 12.769 10.397 13.484 15.599 16.558 17.411 21.008 20.726 20.086 22.728 20.785 23.173 23.092 22.630 21.013 18.928 15.710 14.714 11.420 11.496  9.633 10.379 11.876 13.052 15.908 18.366
 25.129 23.792 20.901 19.959 16.649 17.472 15.262 16.304 19.132 18.541 19.113 19.503 18.143 20.336 19.338 21.530 20.385 22.398 22.635 21.846 18.448 15.441 12.674 10.333 12.847 12.812  9.163 10.505 13.457 11.757 10.366 14.028 15.609 14.089 11.994  8.771  5.694  3.842  0.000  3.842  5.618  8.240 11.173 14.548 17.979 21.219 19.875 17.781 14.104 13.619 12.663 10.912 14.156 16.510 18.195 19.287 22.759 21.877 21.104 24.138 22.543 25.291 25.626 25.156 23.105 20.816 17.319 15.752 12.403 11.375  9.106  8.422  9.605 10.257 12.887 15.441
 25.295 23.443 20.301 18.705 15.090 15.150 12.436 13.026 15.653 15.339 16.409 17.265 16.537 19.254 18.969 21.672 20.990 23.370 23.551 23.352 19.983 17.201 13.926 12.397 14.667 13.633  9.994 11.988 14.112 11.478 10.681 14.488 15.169 12.940 11.386  7.669  5.980  5.606  3.842  0.000  3.836  6.733 10.098 13.192 16.835 19.901 18.307 16.844 13.481 13.789 13.834 12.847 16.472 18.209 19.605 20.020 23.660 22.923 21.535 24.414 22.482 25.074 25.279 24.285 22.077 19.310 15.926 13.685 10.088  8.336  5.490  4.952  6.528  8.244 11.264 14.031
 21.775 19.910 16.650 15.154 11.595 12.032  9.932 11.053 14.195 13.723 14.323 14.489 13.672 16.123 15.797 18.475 17.705 20.075 20.106 20.232 16.975 14.382 10.856 10.100 12.223 10.536  7.287 10.170 11.770  9.133  9.557 13.249 13.517 11.817 11.256  7.635  7.105  5.455  5.618  3.836  0.000  3.821  6.505  9.884 13.354 16.635 15.502 14.086 10.802 10.758 11.425 10.656 14.405 15.537 16.519 16.532 20.237 19.732 18.150 20.840 18.749 21.278 21.508 20.556 18.296 15.640 12.200 10.275  6.818  6.187  5.011  6.468  9.273 11.557 14.538 17.294
 21.429 19.661 16.104 14.683 11.241 11.491 10.027 10.431 14.052 14.335 15.170 14.850 14.559 16.720 16.508 19.009 17.864 19.825 19.150 19.497 16.718 13.947 10.168 10.569 13.143 11.159  8.868 12.404 13.730 11.413 12.691 16.157 16.125 14.731 14.748 11.239 10.861  8.637  8.240  6.733  3.821  0.000  3.829  6.547 10.229 13.263 11.872 10.341  7.130  7.799  9.207  9.714 13.499 13.962 15.167 14.934 18.443 17.540 15.537 18.404 16.612 19.458 20.253 19.439 16.646 14.061 10.363  8.296  5.793  5.133  6.152  7.278 10.787 13.186 15.853 18.656
 18.126 16.422 12.782 11.653  8.637  9.545  9.404 10.414 14.183 14.224 14.393 13.161 12.781 14.327 14.038 16.314 15.042 16.859 15.932 16.746 14.281 11.965  8.193  9.887 11.915  9.304  8.321 12.141 12.694 10.836 13.112 16.039 15.639 14.938 15.736 12.729 13.001 10.524 11.173 10.098  6.505  3.829  0.000  3.817  6.942 10.417  9.985  8.580  5.928  5.726  8.298  9.184 12.600 12.107 12.602 11.694 15.213 14.677 12.375 14.914 12.890 15.669 16.554 15.866 12.972 10.680  6.889  5.790  4.796  6.456  8.807 10.789 14.312 16.867 19.550 22.292
 18.801 17.070 13.325 12.100  9.615  9.849 10.405 10.514 14.234 15.002 15.454 13.982 14.377 15.690 15.830 17.958 16.659 18.107 16.540 17.811 16.028 13.957 10.489 12.941 14.914 12.179 11.896 15.703 15.898 14.115 16.715 19.460 18.679 17.983 19.158 16.179 16.648 14.264 14.548 13.192  9.884  6.547  3.817  0.000  3.822  6.805  6.256  5.470  4.446  5.742  9.325 11.411 14.387 13.070 13.488 11.991 15.002 14.217 11.183 13.555 11.791 14.646 16.074 15.314 11.865  9.644  6.172  5.029  6.314  7.687 10.960 12.734 16.353 19.020 21.444 24.134
 17.094 15.581 12.021 11.304  9.959 10.551 12.285 12.605 16.011 16.699 16.676 14.507 14.994 15.531 15.682 17.336 15.939 16.940 14.896 16.712 15.646 14.221 11.375 14.573 16.022 13.172 13.929 17.563 17.221 15.943 18.992 21.256 20.239 20.053 21.678 19.061 19.796 17.314 17.979 16.835 13.354 10.229  6.942  3.822  0.000  3.848  5.510  5.509  6.505  6.946 10.737 13.069 15.325 13.108 12.821 10.542 12.981 12.504  8.975 10.647  8.901 11.628 13.496 12.978  9.269  7.886  5.396  6.189  8.963 11.029 14.489 16.484 20.082 22.788 25.185 27.833
 19.393 17.965 14.638 13.884 12.983 12.948 14.789 14.390 17.445 18.705 18.986 16.890 17.921 18.372 18.832 20.341 18.994 19.661 17.221 19.220 18.699 17.403 14.832 18.117 19.646 16.882 17.707 21.343 20.948 19.628 22.707 24.963 23.776 23.485 25.221 22.540 23.296 20.866 21.219 19.901 16.635 13.263 10.417  6.805  3.848  0.000  3.849  5.569  8.403  9.675 13.304 16.148 18.105 15.578 15.397 13.024 14.653 13.888 10.105 11.278 10.273 12.671 14.986 14.460 10.664  9.715  8.388  8.851 11.992 13.524 17.170 18.892 22.443 25.143 27.294 29.862
 22.426 20.821 17.260 16.044 14.319 13.679 14.578 13.397 16.529 18.345 19.325 17.905 19.161 20.270 20.838 22.721 21.381 22.277 19.976 21.548 20.631 18.732 15.734 18.529 20.626 18.015 18.061 21.853 21.942 20.190 22.877 25.578 24.542 23.725 25.080 22.020 22.481 20.162 19.875 18.307 15.502 11.872  9.985  6.256  5.510  3.849  0.000  3.823  6.910  9.576 13.007 16.110 18.489 16.536 17.131 15.366 17.300 15.971 12.401 14.335 13.530 16.213 18.396 17.666 13.857 12.170 10.113  9.137 11.534 11.976 15.493 16.630 20.086 22.661 24.569 27.089
 21.914 20.763 17.235 16.582 14.693 14.833 15.504 14.849 18.366 19.788 20.553 19.040 19.610 20.565 20.478 22.073 20.215 20.806 18.375 19.361 18.411 16.082 13.195 15.862 18.334 16.248 16.240 19.968 20.568 19.197 21.590 24.405 23.917 23.311 24.236 21.080 20.983 18.217 17.781 16.844 14.086 10.341  8.580  5.470  5.509  5.569  3.823  0.000  3.826  6.444  9.525 12.893 15.106 13.316 14.474 13.400 15.356 13.475 10.306 13.053 12.743 16.024 18.456 18.338 14.625 13.296 10.532  9.972 11.600 12.049 15.134 15.890 19.411 21.652 23.582 26.173
 21.355 20.229 16.657 16.040 13.642 14.159 14.261 14.047 17.793 18.806 19.502 18.217 18.279 19.463 19.028 20.732 18.780 19.611 17.603 18.094 16.552 13.763 10.549 12.668 15.482 13.694 13.151 16.836 17.898 16.530 18.527 21.540 21.444 20.777 21.281 18.028 17.559 14.637 14.104 13.481 10.802  7.130  5.928  4.446  6.505  8.403  6.910  3.826  0.000  3.826  6.606  9.677 12.408 11.380 12.976 12.556 15.113 13.248 10.698 13.933 13.306 16.755 18.803 18.737 15.280 13.675 10.233  9.402  9.828 10.095 12.612 13.188 16.715 18.789 20.880 23.552
 18.634 17.981 14.684 14.830 12.850 14.378 14.927 15.650 19.446 19.764 19.782 18.033 17.352 17.969 16.872 18.088 15.721 16.250 14.254 14.424 12.871 10.028  7.054  9.581 12.248 10.819 10.916 14.368 15.472 14.834 16.882 19.563 19.815 19.767 20.243 17.347 16.761 13.439 13.619 13.789 10.758  7.799  5.726  5.742  6.946  9.675  9.576  6.444  3.826  0.000  3.840  6.647  9.074  7.783  9.255  9.217 11.940 10.217  8.263 11.681 11.101 14.688 16.700 17.196 14.117 13.158  9.725 10.101 10.393 11.638 13.811 14.774 18.237 20.188 22.505 25.193
 20.139 19.978 17.013 17.576 15.594 17.439 17.634 18.534 22.329 22.446 22.407 20.805 19.638 20.158 18.503 19.349 16.579 16.723 14.859 14.020 12.385  8.885  6.620  8.066 11.341 11.157 10.968 13.848 15.745 15.644 16.994 19.694 20.662 20.783 20.638 17.799 16.448 12.769 12.663 13.834 11.425  9.207  8.298  9.325 10.737 13.304 13.007  9.525  6.606  3.840  0.000  3.838  5.928  5.829  8.636 10.135 12.522 10.295  9.705 13.369 13.377 17.008 19.011 19.950 17.214 16.517 13.084 13.479 13.048 13.920 15.276 15.637 18.775 20.167 22.347 24.957
 19.273 19.279 16.652 17.459 15.497 17.800 17.811 19.315 22.989 22.531 22.130 20.590 18.808 19.219 17.099 17.770 14.974 15.290 14.179 12.779 10.444  6.653  4.774  4.635  8.189  8.955  8.556 10.756 13.133 13.563 14.398 16.902 18.405 18.833 18.325 15.846 14.205 10.397 10.912 12.847 10.656  9.714  9.184 11.411 13.069 16.148 16.110 12.893  9.677  6.647  3.838  0.000  3.851  5.679  8.122 10.292 12.991 11.487 11.689 14.953 14.542 17.825 19.251 20.264 18.072 17.414 14.041 14.620 13.502 14.611 15.256 15.772 18.583 19.776 22.130 24.688
 19.407 20.150 18.033 19.528 18.149 20.813 21.210 22.870 26.547 25.975 25.294 23.432 21.384 21.220 18.639 18.548 15.257 14.664 13.287 11.041  9.470  5.872  6.358  6.349  8.934 10.680 11.215 12.609 14.895 16.139 16.908 18.878 20.678 21.625 21.105 19.006 17.263 13.484 14.156 16.472 14.405 13.499 12.600 14.387 15.325 18.105 18.489 15.106 12.408  9.074  5.928  3.851  0.000  3.810  6.765 10.047 11.798 10.057 11.492 14.543 14.869 18.069 19.730 21.404 19.513 19.546 16.524 17.698 16.976 18.340 19.067 19.546 22.259 23.243 25.475 27.933
 17.288 18.197 16.103 17.889 17.007 19.750 20.761 22.382 26.083 25.636 24.809 22.528 20.709 20.162 17.710 17.390 13.934 12.902 10.711  8.994  8.343  5.423  6.074  8.088  9.951 10.734 12.205 14.101 15.552 16.768 18.314 20.086 21.325 22.445 22.552 20.469 19.321 15.599 16.510 18.209 15.537 13.962 12.107 13.070 13.108 15.578 16.536 13.316 11.380  7.783  5.829  5.679  3.810  0.000  3.837  6.969  8.302  6.300  7.843 10.823 11.524 14.825 16.904 18.857 16.871 17.391 14.718 16.450 16.556 18.382 19.825 20.727 23.789 25.178 27.493 30.041
 13.638 14.892 13.252 15.612 15.465 18.613 20.201 22.258 25.785 24.977 23.651 20.954 18.915 17.754 15.099 14.273 10.670  9.254  6.889  5.534  5.368  4.123  5.886  8.686  9.078  9.399 11.968 13.601 14.166 15.813 17.855 19.032 19.947 21.557 22.179 20.557 20.018 16.558 18.195 19.605 16.519 15.167 12.602 13.488 12.821 15.397 17.131 14.474 12.976  9.255  8.636  8.122  6.765  3.837  0.000  3.827  5.268  5.150  6.914  8.740  8.961 11.761 13.564 15.852 14.388 15.506 13.465 15.946 16.472 18.975 20.670 22.199 25.342 27.051 29.583 32.165
 10.983 11.901 10.103 12.575 12.970 16.111 18.256 20.363 23.725 22.910 21.408 18.396 16.647 15.223 12.976 12.285  9.044  8.010  5.170  6.240  6.293  6.433  6.858 10.421 10.287  9.183 12.195 14.248 13.892 15.164 17.887 18.908 19.090 20.700 21.958 20.417 20.561 17.411 19.287 20.020 16.532 14.934 11.694 11.991 10.542 13.024 15.366 13.400 12.556  9.217 10.135 10.292 10.047  6.969  3.827  0.000  3.856  5.488  5.451  6.217  5.339  8.084  9.963 12.190 10.677 12.165 10.694 13.720 14.943 17.894 20.089 22.115 25.426 27.539 30.190 32.824
 11.897 13.664 12.606 15.462 16.370 19.430 21.817 23.784 27.109 26.409 24.845 21.653 19.989 18.171 15.872 14.515 11.163  8.897  5.116  5.948  8.071  8.886 10.260 13.563 13.323 12.762 15.884 17.649 17.278 18.852 21.516 22.299 22.549 24.372 25.657 24.212 24.252 21.008 22.759 23.660 20.237 18.443 15.213 15.002 12.981 14.653 17.300 15.356 15.113 11.940 12.522 12.991 11.798  8.302  5.268  3.856  0.000  3.858  5.423  4.688  5.917  8.040 10.590 13.611 12.456 14.706 13.799 16.978 18.555 21.449 23.780 25.677 29.024 31.058 33.617 36.230
 15.521 16.911 15.260 17.578 17.782 20.493 22.464 23.973 27.521 27.244 26.162 23.275 21.861 20.597 18.447 17.569 14.149 12.204  8.656  8.360  9.915  9.241 10.161 13.336 14.133 13.887 16.353 18.465 18.802 20.042 22.422 23.750 24.255 25.667 26.575 24.670 24.241 20.726 21.877 22.923 19.732 17.540 14.677 14.217 12.504 13.888 15.971 13.475 13.248 10.217 10.295 11.487 10.057  6.300  5.150  5.488  3.858  0.000  3.836  5.445  7.798 10.843 13.816 16.441 14.561 16.229 14.639 17.244 18.662 21.031 23.332 24.721 28.088 29.903 32.252 34.848
 15.282 15.885 13.642 15.377 15.423 17.704 19.789 20.983 24.477 24.493 23.643 20.805 19.919 18.974 17.447 17.211 14.280 13.151  9.721 10.621 11.400 10.501 10.070 13.697 14.746 13.541 15.746 18.457 18.508 19.071 21.801 23.402 23.401 24.429 25.635 23.495 23.420 20.086 21.104 21.535 18.150 15.537 12.375 11.183  8.975 10.105 12.401 10.306 10.698  8.263  9.705 11.689 11.492  7.843  6.914  5.451  5.423  3.836  0.000  3.853  5.603  9.224 12.449 14.444 11.920 13.272 11.692 14.188 16.083 18.442 21.147 22.701 26.206 28.301 30.661 33.297
 13.429 14.396 12.813 15.029 15.996 18.404 21.062 22.478 25.701 25.513 24.274 21.061 20.197 18.644 17.204 16.477 13.775 12.243  8.603 10.484 12.074 12.369 12.484 16.207 16.468 15.028 17.801 20.244 19.644 20.454 23.500 24.614 24.282 25.658 27.289 25.512 25.857 22.728 24.138 24.414 20.840 18.404 14.914 13.555 10.647 11.278 14.335 13.053 13.933 11.681 13.369 14.953 14.543 10.823  8.740  6.217  4.688  5.445  3.853  0.000  3.840  6.408 10.016 12.538 10.596 12.949 12.471 15.570 17.945 20.723 23.617 25.561 29.083 31.371 33.835 36.470
 10.693 10.983  9.092 11.236 12.457 14.993 17.879 19.602 22.658 22.184 20.711 17.384 16.516 14.908 13.729 13.350 11.141 10.497  7.570 10.349 11.032 11.642 11.190 14.965 14.805 12.672 15.540 18.028 16.923 17.501 20.812 21.779 21.069 22.439 24.378 22.795 23.586 20.785 22.543 22.482 18.749 16.612 12.890 11.791  8.901 10.273 13.530 12.743 13.306 11.101 13.377 14.542 14.869 11.524  8.961  5.339  5.917  7.798  5.603  3.840  0.000  3.832  6.959  9.010  6.991  9.414  9.289 12.753 15.212 18.353 21.268 23.632 27.114 29.624 32.252 34.898
  8.606  9.066  8.264 10.842 13.132 15.688 19.025 21.008 23.649 22.864 20.943 17.321 16.459 14.186 13.245 12.399 10.878 10.221  7.946 11.494 12.511 14.066 13.983 17.572 16.700 14.404 17.589 19.691 17.918 18.676 22.185 22.597 21.501 23.195 25.552 24.422 25.655 23.173 25.291 25.074 21.278 19.458 15.669 14.646 11.628 12.671 16.213 16.024 16.755 14.688 17.008 17.825 18.069 14.825 11.761  8.084  8.040 10.843  9.224  6.408  3.832  0.000  3.839  6.598  6.032  9.541 10.785 14.507 17.166 20.592 23.524 26.237 29.643 32.304 35.028 37.647
  5.736  5.689  6.023  8.965 12.046 14.786 18.286 20.729 22.993 21.681 19.262 15.490 14.351 11.517 10.734  9.700  9.196  9.340  8.546 12.340 12.817 14.948 14.890 18.102 16.551 14.015 17.308 18.972 16.562 17.416 21.010 20.891 19.450 21.425 24.103 23.481 25.146 23.092 25.626 25.279 21.508 20.253 16.554 16.074 13.496 14.986 18.396 18.456 18.803 16.700 19.011 19.251 19.730 16.904 13.564  9.963 10.590 13.816 12.449 10.016  6.959  3.839  0.000  3.844  5.581  9.090 11.066 14.821 17.212 20.891 23.585 26.647 29.872 32.633 35.494 38.071
  7.593  5.354  4.867  6.367  9.847 12.038 15.730 18.140 20.000 18.622 16.139 12.349 11.787  9.207  9.683  9.855 10.520 11.869 11.645 15.300 15.005 16.724 15.896 18.938 17.491 14.358 17.144 19.005 16.278 16.399 20.163 20.117 18.063 19.649 22.685 22.106 24.235 22.630 25.156 24.285 20.556 19.439 15.866 15.314 12.978 14.460 17.666 18.338 18.737 17.196 19.950 20.264 21.404 18.857 15.852 12.190 13.611 16.441 14.444 12.538  9.010  6.598  3.844  0.000  3.843  6.644  9.550 12.966 15.484 19.163 21.916 25.228 28.342 31.303 34.179 36.707
 10.065  8.025  5.600  6.049  8.378 10.217 13.833 15.755 18.024 17.241 15.402 11.831 11.811 10.279 10.834 11.706 11.579 12.847 11.783 15.174 14.703 15.590 14.147 17.462 16.778 13.471 15.863 18.378 16.219 15.835 19.612 20.290 18.409 19.441 22.217 21.012 22.874 21.013 23.105 22.077 18.296 16.646 12.972 11.865  9.269 10.664 13.857 14.625 15.280 14.117 17.214 18.072 19.513 16.871 14.388 10.677 12.456 14.561 11.920 10.596  6.991  6.032  5.581  3.843  0.000  3.830  6.483  9.960 12.931 16.432 19.513 22.612 25.899 28.872 31.641 34.212
 12.561  9.808  6.516  4.653  5.569  6.573 10.178 11.964 14.240 13.604 12.123  8.852  9.546  9.257 10.620 12.630 12.877 14.885 14.159 17.130 15.893 16.096 13.837 16.804 16.524 12.860 14.414 17.258 15.250 14.001 17.741 18.858 16.722 17.086 19.874 18.401 20.461 18.928 20.816 19.310 15.640 14.061 10.680  9.644  7.886  9.715 12.170 13.296 13.675 13.158 16.517 17.414 19.546 17.391 15.506 12.165 14.706 16.229 13.272 12.949  9.414  9.541  9.090  6.644  3.830  0.000  3.817  6.593  9.654 13.061 16.201 19.417 22.625 25.725 28.482 31.027
 13.832 11.488  7.716  6.126  4.718  6.067  8.707 10.409 13.463 13.071 12.160  9.494  9.728 10.252 10.895 13.129 12.679 14.684 13.778 16.084 14.379 13.759 10.936 13.782 14.148 10.564 11.566 14.842 13.548 12.055 15.558 17.299 15.693 15.729 17.964 15.966 17.556 15.710 17.319 15.926 12.200 10.363  6.889  6.172  5.396  8.388 10.113 10.532 10.233  9.725 13.084 14.041 16.524 14.718 13.465 10.694 13.799 14.639 11.692 12.471  9.289 10.785 11.066  9.550  6.483  3.817  0.000  3.831  6.637 10.054 13.199 16.175 19.528 22.506 25.254 27.873
 17.379 14.790 11.030  8.592  5.752  4.915  6.127  6.936 10.337 10.591 10.712  9.164 10.235 12.016 13.169 15.962 15.743 18.010 17.232 19.168 17.087 15.838 12.455 14.673 15.645 12.147 11.933 15.445 14.618 12.235 15.311 17.632 15.954 15.075 17.046 14.564 16.169 14.714 15.752 13.685 10.275  8.296  5.790  5.029  6.189  8.851  9.137  9.972  9.402 10.101 13.479 14.620 17.698 16.450 15.946 13.720 16.978 17.244 14.188 15.570 12.753 14.507 14.821 12.966  9.960  6.593  3.831  0.000  3.826  6.646 10.114 13.066 16.389 19.516 22.180 24.777
 18.739 16.180 12.543 10.113  6.424  5.760  4.664  6.022  9.639  9.448  9.886  9.305  9.777 12.303 13.180 16.272 16.117 18.713 18.425 19.809 17.130 15.473 11.841 13.101 14.288 11.046  9.709 13.138 12.808  9.876 12.388 15.160 13.789 12.368 13.831 11.026 12.548 11.420 12.403 10.088  6.818  5.793  4.796  6.314  8.963 11.992 11.534 11.600  9.828 10.393 13.048 13.502 16.976 16.556 16.472 14.943 18.555 18.662 16.083 17.945 15.212 17.166 17.212 15.484 12.931  9.654  6.637  3.826  0.000  3.818  6.616  9.849 13.065 16.171 18.996 21.631
 22.495 19.974 16.343 13.835 10.129  8.697  6.221  5.542  9.042  9.836 11.497 12.005 12.876 15.796 16.741 19.886 19.644 22.157 21.748 22.811 20.049 17.893 14.105 14.800 16.609 13.847 11.704 15.029 15.379 12.171 13.807 17.044 15.956 13.810 14.566 11.240 12.237 11.496 11.375  8.336  6.187  5.133  6.456  7.687 11.029 13.524 11.976 12.049 10.095 11.638 13.920 14.611 18.340 18.382 18.975 17.894 21.449 21.031 18.442 20.723 18.353 20.592 20.891 19.163 16.432 13.061 10.054  6.646  3.818  0.000  3.823  6.561  9.843 13.065 15.736 18.385
 24.459 21.991 18.578 16.157 12.357 11.204  7.997  7.747 10.328 10.591 12.375 13.619 14.011 17.215 17.947 21.160 21.032 23.724 23.726 24.383 21.255 18.926 15.250 14.978 16.820 14.569 11.617 14.348 15.196 11.794 12.382 15.874 15.196 12.521 12.436  8.879  9.527  9.633  9.106  5.490  5.011  6.152  8.807 10.960 14.489 17.170 15.493 15.134 12.612 13.811 15.276 15.256 19.067 19.825 20.670 20.089 23.780 23.332 21.147 23.617 21.268 23.524 23.585 21.916 19.513 16.201 13.199 10.114  6.616  3.823  0.000  3.827  6.601  9.849 12.768 15.442
 27.570 25.338 21.881 19.682 15.895 14.823 11.690 10.800 13.144 13.948 16.048 17.405 17.749 20.864 21.327 24.357 23.880 26.307 26.087 26.350 23.257 20.479 16.857 16.183 18.601 16.930 13.695 16.267 17.807 14.688 14.624 18.325 18.199 15.476 14.627 10.932 10.373 10.379  8.422  4.952  6.468  7.278 10.789 12.734 16.484 18.892 16.630 15.890 13.188 14.774 15.637 15.772 19.546 20.727 22.199 22.115 25.677 24.721 22.701 25.561 23.632 26.237 26.647 25.228 22.612 19.417 16.175 13.066  9.849  6.561  3.827  0.000  3.827  6.766  9.517 12.371
 30.489 28.187 24.871 22.569 18.790 17.570 14.129 13.167 14.739 15.439 17.741 19.638 19.972 23.273 23.808 26.912 26.636 29.197 29.225 29.345 26.098 23.325 19.855 18.707 20.997 19.606 16.118 18.128 19.810 16.652 15.907 19.496 19.518 16.459 15.079 11.713 10.917 11.876  9.605  6.528  9.273 10.787 14.312 16.353 20.082 22.443 20.086 19.411 16.715 18.237 18.775 18.583 22.259 23.789 25.342 25.426 29.024 28.088 26.206 29.083 27.114 29.643 29.872 28.342 25.899 22.625 19.528 16.389 13.065  9.843  6.601  3.827  0.000  3.835  6.733  9.438
 33.015 30.910 27.666 25.572 21.821 20.837 17.445 16.586 18.088 18.712 20.921 22.826 22.914 26.122 26.391 29.335 28.881 31.301 31.350 31.122 27.844 24.881 21.623 20.046 22.506 21.619 17.991 19.620 21.728 18.856 17.573 21.122 21.609 18.629 16.686 13.547 12.023 13.052 10.257  8.244 11.557 13.186 16.867 19.020 22.788 25.143 22.661 21.652 18.789 20.188 20.167 19.776 23.243 25.178 27.051 27.539 31.058 29.903 28.301 31.371 29.624 32.304 32.633 31.303 28.872 25.725 22.506 19.516 16.171 13.065  9.849  6.766  3.835  0.000  3.843  6.758
 36.000 33.919 30.633 28.526 24.772 23.655 20.255 19.074 20.376 21.293 23.703 25.713 25.939 29.171 29.461 32.392 31.866 34.196 34.131 33.809 30.601 27.520 24.313 22.709 25.313 24.561 20.950 22.536 24.763 21.952 20.574 24.091 24.655 21.641 19.591 16.582 14.920 15.908 12.887 11.264 14.538 15.853 19.550 21.444 25.185 27.294 24.569 23.582 20.880 22.505 22.347 22.130 25.475 27.493 29.583 30.190 33.617 32.252 30.661 33.835 32.252 35.028 35.494 34.179 31.641 28.482 25.254 22.180 18.996 15.736 12.768  9.517  6.733  3.843  0.000  3.811
