  0.000  3.829  6.617 10.229 13.184 16.583 19.610 22.743 24.937 22.863 19.917 16.308 13.958 10.468  8.312  5.521  5.423  5.842  7.555 10.688 10.689 13.776 14.598 16.940 14.328 12.515 16.118 16.615 13.854 15.740 18.879 17.866 16.872 19.653 22.112 22.274 23.888 22.077 25.139 25.302 21.781 21.435 18.130 18.799 17.079 19.364 22.407 21.868 21.361 18.624 20.132 19.269 19.412 17.288 13.639 10.985 11.904 15.526 15.286 13.435 10.691  8.601  5.733  7.592 10.056 12.548 13.826 17.373 18.730 22.488 24.449 27.568 30.495 32.970 35.963 38.533
  3.829  0.000  3.826  6.841 10.137 13.286 16.422 19.595 21.516 19.349 16.318 12.662 10.551  7.013  5.859  4.777  6.353  8.472  9.953 13.144 12.298 14.702 14.554 16.882 14.512 11.865 15.004 15.866 12.736 13.804 17.250 16.409 14.721 17.140 19.994 20.125 22.196 20.764 23.807 23.455 19.918 19.664 16.422 17.064 15.562 17.936 20.807 20.723 20.237 17.969 19.969 19.278 20.157 18.195 14.893 11.900 13.664 16.910 15.880 14.394 10.976  9.060  5.685  5.351  8.011  9.788 11.478 14.780 16.171 19.964 21.978 25.332 28.190 30.866 33.890 36.438
  6.617  3.826  0.000  3.819  6.733 10.026 13.179 16.189 18.432 16.600 13.980 10.331  8.572  6.017  5.391  6.290  6.866  9.324  9.921 12.967 11.606 13.093 12.084 14.674 12.992  9.748 12.534 14.185 11.439 11.740 15.445 15.426 13.687 15.463 18.228 17.741 19.734 18.141 20.901 20.304 16.651 16.101 12.777 13.317 12.001 14.614 17.251 17.197 16.663 14.665 16.994 16.642 18.028 16.089 13.241 10.091 12.594 15.247 13.629 12.805  9.081  8.263  6.028  4.884  5.595  6.505  7.708 11.023 12.534 16.333 18.565 21.873 24.873 27.624 30.603 33.203
 10.229  6.841  3.819  0.000  3.817  6.482  9.838 12.831 14.786 12.942 10.392  6.694  5.820  4.657  6.254  8.806 10.032 12.896 13.409 16.237 14.434 15.199 13.314 15.644 14.455 10.753 12.525 14.580 11.850 10.920 14.729 15.119 12.735 13.702 16.778 16.093 18.534 17.422 19.973 18.721 15.167 14.690 11.660 12.107 11.301 13.885 16.065 16.576 16.070 14.828 17.573 17.466 19.539 17.890 15.614 12.576 15.460 17.577 15.376 15.030 11.237 10.849  8.968  6.376  6.051  4.650  6.128  8.595 10.115 13.835 16.150 19.681 22.575 25.543 28.515 31.071
 13.184 10.137  6.733  3.817  0.000  3.826  6.490  9.638 12.056 10.385  8.497  5.596  5.065  6.313  7.680 10.867 11.586 14.581 14.920 17.149 14.779 14.614 11.953 13.885 13.394  9.554 10.235 12.817 10.722  8.784 12.469 13.700 11.478 11.572 14.324 13.037 15.410 14.390 16.661 15.105 11.607 11.249  8.643  9.626  9.961 12.993 14.353 14.702 13.680 12.848 15.590 15.507 18.161 17.009 15.468 12.970 16.369 17.780 15.422 15.997 12.459 13.141 12.050  9.855  8.379  5.568  4.720  5.757  6.428 10.130 12.350 15.893 18.794 21.791 24.760 27.344
 16.583 13.286 10.026  6.482  3.826  0.000  3.829  6.414  8.465  7.255  6.222  4.314  6.310  8.743 11.040 14.409 15.378 18.340 18.466 20.750 18.427 17.924 14.893 16.675 16.670 12.892 12.789 15.551 13.736 11.044 14.323 15.900 13.312 12.406 15.213 13.627 16.267 15.759 17.480 15.162 12.039 11.492  9.546  9.860 10.559 12.973 13.732 14.862 14.204 14.379 17.438 17.813 20.826 19.753 18.617 16.112 19.429 20.491 17.703 18.406 14.997 15.700 14.790 12.044 10.221  6.577  6.068  4.917  5.764  8.695 11.190 14.814 17.566 20.814 23.655 26.151
 19.610 16.422 13.179  9.838  6.490  3.829  0.000  3.838  6.115  4.931  5.482  6.016  7.762 11.101 13.140 16.729 17.612 20.714 20.979 22.790 20.058 19.009 15.649 16.710 17.145 13.661 12.452 15.167 13.956 10.569 13.104 15.244 12.858 10.935 13.234 11.224 13.892 13.956 15.271 12.447  9.935 10.025  9.402 10.417 12.295 14.822 14.644 15.548 14.311 14.925 17.628 17.819 21.220 20.760 20.201 18.253 21.812 22.459 19.786 21.061 17.880 19.033 18.286 15.734 13.834 10.180  8.705  6.130  4.669  6.224  7.981 11.677 14.120 17.419 20.258 22.704
 22.743 19.595 16.189 12.831  9.638  6.414  3.838  0.000  3.863  5.444  7.899  9.081 11.458 14.683 16.789 20.287 20.930 23.795 23.626 25.418 22.851 21.432 17.840 18.995 20.006 16.649 15.179 18.182 17.420 13.972 16.160 18.656 16.450 14.143 15.995 13.532 15.755 15.819 16.289 13.017 11.038 10.415 10.406 10.529 12.626 14.443 13.485 14.915 14.101 15.653 18.532 19.325 22.880 22.385 22.262 20.365 23.786 23.974 20.987 22.485 19.612 21.026 20.738 18.151 15.765 11.975 10.413  6.941  6.021  5.531  7.710 10.770 13.139 16.565 19.077 21.442
 24.937 21.516 18.432 14.786 12.056  8.465  6.115  3.863  0.000  3.840  7.330  9.643 12.624 16.028 18.680 22.315 23.475 26.558 26.652 28.631 26.034 24.855 21.354 22.369 23.096 19.692 18.205 20.850 19.773 16.195 18.172 20.319 17.699 15.097 17.169 15.219 17.862 18.580 19.103 15.624 14.166 14.027 14.174 14.252 16.044 17.517 16.633 18.442 17.849 19.451 22.322 22.991 26.552 26.085 25.793 23.735 27.121 27.530 24.492 25.724 22.683 23.687 23.021 20.033 18.057 14.273 13.481 10.351  9.637  9.022 10.269 13.082 14.666 18.031 20.359 22.417
 22.863 19.349 16.600 12.942 10.385  7.255  4.931  5.444  3.840  0.000  3.808  6.923  9.624 13.220 15.999 19.729 21.298 24.650 25.249 27.232 24.457 23.640 20.384 21.167 21.336 17.927 16.565 18.730 17.230 13.690 15.680 17.356 14.437 11.936 14.438 13.138 16.308 17.345 18.547 15.341 13.717 14.326 14.220 15.017 16.717 18.753 18.428 19.845 18.859 19.763 22.438 22.534 25.981 25.634 24.977 22.910 26.409 27.242 24.496 25.519 22.193 22.882 21.691 18.636 17.255 13.617 13.077 10.598  9.452  9.832 10.560 13.913 15.398 18.666 21.296 23.383
 19.917 16.318 13.980 10.392  8.497  6.222  5.482  7.899  7.330  3.808  0.000  3.831  6.373  9.864 12.908 16.615 18.601 22.100 23.078 25.223 22.496 22.207 19.325 20.200 19.726 16.233 15.447 17.220 15.077 11.909 14.304 15.285 11.971 10.194 13.392 12.832 16.332 17.242 19.153 16.441 14.345 15.180 14.400 15.468 16.683 19.014 19.388 20.592 19.553 19.785 22.407 22.145 25.312 24.814 23.656 21.409 24.843 26.160 23.643 24.274 20.712 20.951 19.262 16.142 15.403 12.122 12.160 10.715  9.899 11.505 12.368 16.039 17.730 20.891 23.721 25.882
 16.308 12.662 10.331  6.694  5.596  4.314  6.016  9.081  9.643  6.923  3.831  0.000  3.828  6.659  9.915 13.479 15.458 18.840 19.740 22.160 19.722 19.830 17.232 18.622 17.833 14.141 14.213 16.113 13.555 11.003 14.146 14.823 11.544 10.895 14.350 13.820 17.097 17.282 19.535 17.292 14.508 14.859 13.167 13.992 14.509 16.907 17.953 19.063 18.262 18.033 20.803 20.602 23.448 22.531 20.957 18.395 21.650 23.272 20.803 21.059 17.384 17.327 15.489 12.351 11.831  8.849  9.493  9.164  9.314 12.008 13.612 17.398 19.633 22.796 25.720 28.054
 13.958 10.551  8.572  5.820  5.065  6.310  7.762 11.458 12.624  9.624  6.373  3.828  0.000  3.847  6.568 10.282 12.420 16.030 17.457 19.603 16.934 17.324 15.127 16.189 14.845 11.344 11.724 13.045 10.103  8.055 11.349 11.508  8.310  8.636 12.158 12.154 15.346 15.401 18.197 16.581 13.710 14.588 12.806 14.402 15.005 17.940 19.210 19.634 18.333 17.362 19.646 18.830 21.410 20.722 18.926 16.655 19.994 21.868 19.926 20.203 16.521 16.465 14.350 11.791 11.813  9.547  9.738 10.250  9.799 12.895 14.021 17.759 19.984 22.884 25.945 28.326
 10.468  7.013  6.017  4.657  6.313  8.743 11.101 14.683 16.028 13.220  9.864  6.659  3.847  0.000  3.817  7.058  9.732 13.276 15.012 17.468 15.213 16.407 14.939 16.373 14.381 11.051 12.603 13.527 10.084  9.457 12.914 12.294  9.461 11.097 14.489 14.849 17.712 17.293 20.369 19.281 16.144 16.732 14.335 15.697 15.524 18.369 20.292 20.557 19.491 17.958 20.145 19.217 21.223 20.153 17.745 15.212 18.158 20.585 18.965 18.635 14.898 14.179 11.508  9.211 10.275  9.251 10.251 12.019 12.310 15.802 17.214 20.864 23.278 26.080 29.160 31.583
  8.312  5.859  5.391  6.254  7.680 11.040 13.140 16.789 18.680 15.999 12.908  9.915  6.568  3.817  0.000  3.816  6.264  9.989 12.195 14.258 11.862 13.413 12.578 13.838 11.323  8.439 10.722 11.124  7.601  8.361 11.668 10.741  8.929 11.451 14.219 14.659 16.932 16.030 19.349 18.971 15.794 16.499 14.024 15.813 15.652 18.801 20.826 20.434 19.024 16.834 18.464 17.070 18.620 17.680 15.070 12.947 15.847 18.418 17.419 17.181 13.704 13.228 10.726  9.689 10.819 10.600 10.875 13.152 13.163 16.726 17.929 21.309 23.798 26.324 29.416 31.889
  5.521  4.777  6.290  8.806 10.867 14.409 16.729 20.287 22.315 19.729 16.615 13.479 10.282  7.058  3.816  0.000  3.831  7.177 10.081 12.131 10.329 12.848 13.098 14.465 11.410  9.424 12.504 12.359  9.065 11.067 13.958 12.546 11.526 14.570 16.965 17.591 19.428 18.159 21.557 21.690 18.491 19.024 16.325 17.965 17.328 20.326 22.721 22.043 20.748 18.077 19.337 17.763 18.551 17.385 14.268 12.283 14.515 17.568 17.211 16.479 13.348 12.397  9.704  9.870 11.706 12.627 13.131 15.965 16.273 19.889 21.159 24.359 26.921 29.282 32.356 34.836
  5.423  6.353  6.866 10.032 11.586 15.378 17.612 20.930 23.475 21.298 18.601 15.458 12.420  9.732  6.264  3.831  0.000  3.822  6.675  8.367  6.613  9.442 10.329 11.990  9.045  7.647 11.311 11.415  9.032 11.509 14.251 13.455 13.282 16.130 17.956 18.025 19.181 17.223 20.408 21.009 17.724 17.885 15.058 16.670 15.933 18.974 21.372 20.177 18.792 15.713 16.571 14.969 15.261 13.931 10.667  9.042 11.162 14.148 14.281 13.777 11.138 10.872  9.197 10.531 11.577 12.876 12.685 15.751 16.122 19.652 21.039 23.893 26.659 28.841 31.831 34.380
  5.842  8.472  9.324 12.896 14.581 18.340 20.714 23.795 26.558 24.650 22.100 18.840 16.030 13.276  9.989  7.177  3.822  0.000  3.877  5.372  5.362  8.989 10.994 12.941 10.276  9.844 13.652 13.779 12.109 14.814 17.315 16.647 16.892 19.732 21.286 21.159 21.869 19.481 22.416 23.388 20.094 19.846 16.875 18.114 16.930 19.630 22.252 20.755 19.614 16.243 16.720 15.287 14.670 12.901  9.252  8.009  8.896 12.205 13.152 12.242 10.490 10.205  9.335 11.871 12.838 14.880 14.688 18.017 18.716 22.165 23.734 26.324 29.227 31.271 34.161 36.733
  7.555  9.953  9.921 13.409 14.920 18.466 20.979 23.626 26.652 25.249 23.078 19.740 17.457 15.012 12.195 10.081  6.675  3.877  0.000  3.837  5.536  8.350 10.261 13.010 11.352 10.758 14.459 15.409 14.275 16.465 19.157 19.157 19.335 21.733 23.237 22.515 22.978 20.171 22.638 23.564 20.122 19.170 15.949 16.548 14.888 17.188 19.943 18.317 17.601 14.252 14.860 14.180 13.292 10.711  6.889  5.173  5.116  8.656  9.724  8.603  7.567  7.932  8.546 11.649 11.779 14.159 13.786 17.242 18.431 21.757 23.738 26.109 29.261 31.333 34.100 36.738
 10.688 13.144 12.967 16.237 17.149 20.750 22.790 25.418 28.631 27.232 25.223 22.160 19.603 17.468 14.258 12.131  8.367  5.372  3.837  0.000  3.834  6.538  9.622 11.653 10.132 10.854 14.268 14.751 14.431 17.035 19.108 19.198 20.111 22.541 23.452 22.695 22.563 19.514 21.845 23.361 20.246 19.518 16.763 17.820 16.706 19.188 21.512 19.301 18.087 14.421 14.019 12.774 11.043  8.994  5.533  6.242  5.952  8.365 10.628 10.489 10.347 11.483 12.340 15.304 15.169 17.128 16.090 19.177 19.813 22.820 24.397 26.373 29.383 31.102 33.768 36.352
 10.689 12.298 11.606 14.434 14.779 18.427 20.058 22.851 26.034 24.457 22.496 19.722 16.934 15.213 11.862 10.329  6.613  5.362  5.536  3.834  0.000  3.842  6.805  8.328  6.362  7.276 10.623 10.933 10.787 13.446 15.333 15.551 16.662 18.997 19.715 18.989 18.837 15.902 18.457 19.997 16.991 16.743 14.301 16.039 15.641 18.674 20.607 18.363 16.553 12.866 12.383 10.441  9.479  8.346  5.368  6.292  8.072  9.918 11.405 12.076 11.027 12.498 12.813 15.007 14.695 15.889 14.384 17.096 17.134 20.060 21.270 23.281 26.135 27.819 30.559 33.125
 13.776 14.702 13.093 15.199 14.614 17.924 19.009 21.432 24.855 23.640 22.207 19.830 17.324 16.407 13.413 12.848  9.442  8.989  8.350  6.538  3.842  0.000  3.836  5.243  5.106  6.475  8.822  9.807 10.817 12.825 14.362 15.466 16.856 18.553 18.782 17.436 16.721 13.377 15.439 17.210 14.397 13.975 11.988 13.973 14.222 17.386 18.713 16.043 13.766 10.026  8.883  6.650  5.882  5.427  4.124  6.432  8.888  9.243 10.509 12.373 11.642 14.060 14.949 16.729 15.585 16.097 13.767 15.851 15.479 17.908 18.945 20.507 23.368 24.862 27.475 30.056
 14.598 14.554 12.084 13.314 11.953 14.893 15.649 17.840 21.354 20.384 19.325 17.232 15.127 14.939 12.578 13.098 10.329 10.994 10.261  9.622  6.805  3.836  0.000  3.845  5.370  4.922  6.332  8.686  9.830 10.713 12.525 14.385 15.357 16.387 16.689 14.794 14.219 10.809 12.659 13.929 10.866 10.193  8.218 10.509 11.382 14.826 15.728 13.168 10.558  7.049  6.608  4.766  6.359  6.070  5.886  6.861 10.262 10.161 10.077 12.491 11.197 13.989 14.901 15.911 14.151 13.847 10.950 12.473 11.850 14.120 15.268 16.882 19.894 21.603 24.266 26.932
 16.940 16.882 14.674 15.644 13.885 16.675 16.710 18.995 22.369 21.167 20.200 18.622 16.189 16.373 13.838 14.465 11.990 12.941 13.010 11.653  8.328  5.243  3.845  0.000  3.843  5.435  5.115  6.369  8.868  9.985 10.609 12.643 14.456 15.386 14.864 13.100 11.806  8.306 10.343 12.417 10.129 10.614  9.924 12.971 14.587 18.121 18.537 15.851 12.688  9.582  8.057  4.628  6.353  8.085  8.683 10.421 13.563 13.334 13.704 16.212 14.971 17.575 18.111 18.954 17.468 16.817 13.801 14.699 13.121 14.831 15.014 16.224 18.760 20.027 22.664 25.220
 14.328 14.512 12.992 14.455 13.394 16.670 17.145 20.006 23.096 21.336 19.726 17.833 14.845 14.381 11.323 11.410  9.045 10.276 11.352 10.132  6.362  5.106  5.370  3.843  0.000  3.863  5.355  4.892  6.362  8.803  9.672 10.575 12.466 14.270 14.157 13.329 12.749  9.966 12.873 14.685 12.245 13.175 11.939 14.931 16.022 19.636 20.623 18.309 15.496 12.241 11.332  8.183  8.946  9.954  9.077 10.285 13.324 14.134 14.750 16.471 14.803 16.695 16.551 17.497 16.773 16.522 14.153 15.655 14.293 16.625 16.839 18.625 21.033 22.466 25.262 27.754
 12.515 11.865  9.748 10.753  9.554 12.892 13.661 16.649 19.692 17.927 16.233 14.141 11.344 11.051  8.439  9.424  7.647  9.844 10.758 10.854  7.276  6.475  4.922  5.435  3.863  0.000  3.850  5.382  5.112  6.500  8.787  9.966 10.682 12.242 12.992 11.926 12.290  9.805 12.816 13.635 10.540 11.170  9.312 12.184 13.165 16.869 18.010 16.219 13.701 10.799 11.134  8.941 10.684 10.729  9.399  9.184 12.766 13.886 13.541 15.032 12.675 14.410 14.028 14.376 13.472 12.860 10.566 12.150 11.041 13.846 14.569 16.931 19.618 21.564 24.503 27.099
 16.118 15.004 12.534 12.525 10.235 12.789 12.452 15.179 18.205 16.565 15.447 14.213 11.724 12.603 10.722 12.504 11.311 13.652 14.459 14.268 10.623  8.822  6.332  5.115  5.355  3.850  0.000  3.840  5.404  5.073  6.317  8.814  9.910 10.441 10.386  8.671  8.577  6.029  9.169  9.999  7.299  8.886  8.337 11.910 13.932 17.708 18.071 16.227 13.163 10.893 10.933  8.531 11.206 12.191 11.962 12.194 15.883 16.344 15.742 17.803 15.546 17.601 17.328 17.173 15.876 14.430 11.581 11.950  9.721 11.719 11.631 13.703 16.137 17.932 20.887 23.475
 16.615 15.866 14.185 14.580 12.817 15.551 15.167 18.182 20.850 18.730 17.220 16.113 13.045 13.527 11.124 12.359 11.415 13.779 15.409 14.751 10.933  9.807  8.686  6.369  4.892  5.382  3.840  0.000  3.844  5.414  4.936  6.345  8.726 10.068  9.400  8.945  8.637  6.938 10.543 12.004 10.188 12.426 12.155 15.715 17.561 21.339 21.861 19.953 16.850 14.351 13.824 10.741 12.613 14.096 13.599 14.247 17.650 18.462 18.456 20.246 18.029 19.694 18.981 19.022 18.379 17.260 14.846 15.452 13.141 15.039 14.359 16.273 18.144 19.548 22.470 24.859
 13.854 12.736 11.439 11.850 10.722 13.736 13.956 17.420 19.773 17.230 15.077 13.555 10.103 10.084  7.601  9.065  9.032 12.109 14.275 14.431 10.787 10.817  9.830  8.868  6.362  5.112  5.404  3.844  0.000  3.856  5.335  5.063  6.180  8.552  9.297  9.659 10.780  9.791 13.479 14.108 11.765 13.726 12.687 15.890 17.202 20.928 21.935 20.538 17.901 15.443 15.715 13.115 14.900 15.548 14.166 13.891 17.282 18.800 18.503 19.645 16.920 17.920 16.571 16.292 16.212 15.237 13.534 14.602 12.785 15.359 15.173 17.783 19.793 21.634 24.687 27.082
 15.740 13.804 11.740 10.920  8.784 11.044 10.569 13.972 16.195 13.690 11.909 11.003  8.055  9.457  8.361 11.067 11.509 14.814 16.465 17.035 13.446 12.825 10.713  9.985  8.803  6.500  5.073  5.414  3.856  0.000  3.848  5.457  5.090  5.774  6.970  6.608  8.630  8.296 11.758 11.457  9.111 11.393 10.820 14.104 15.928 19.618 20.193 19.174 16.530 14.797 15.601 13.535 16.131 16.754 15.811 15.165 18.857 20.035 19.063 20.456 17.506 18.693 17.442 16.433 15.846 14.006 12.050 12.224  9.853 12.145 11.758 14.643 16.613 18.744 21.863 24.295
 18.879 17.250 15.445 14.729 12.469 14.323 13.104 16.160 18.172 15.680 14.304 14.146 11.349 12.914 11.668 13.958 14.251 17.315 19.157 19.108 15.333 14.362 12.525 10.609  9.672  8.787  6.317  4.936  5.335  3.848  0.000  3.845  5.599  5.642  4.517  4.853  6.132  6.828 10.402 10.685  9.561 12.697 13.117 16.722 18.991 22.711 22.897 21.587 18.544 16.861 16.963 14.381 16.909 18.309 17.856 17.891 21.522 22.420 21.801 23.506 20.819 22.200 21.031 20.194 19.624 17.751 15.564 15.316 12.387 13.806 12.375 14.602 15.886 17.461 20.492 22.750
 17.866 16.409 15.426 15.119 13.700 15.900 15.244 18.656 20.319 17.356 15.285 14.823 11.508 12.294 10.741 12.546 13.455 16.647 19.157 19.198 15.551 15.466 14.385 12.643 10.575  9.966  8.814  6.345  5.063  5.457  3.845  0.000  3.845  6.040  5.840  8.034  9.628 10.429 14.074 14.489 13.245 16.154 16.033 19.453 21.240 24.949 25.582 24.388 21.551 19.541 19.672 16.896 18.896 20.094 19.043 18.915 22.311 23.757 23.404 24.620 21.781 22.603 20.901 20.129 20.283 18.842 17.283 17.611 15.133 17.019 15.842 18.286 19.457 21.000 24.005 26.118
 16.872 14.721 13.687 12.735 11.478 13.312 12.858 16.450 17.699 14.437 11.971 11.544  8.310  9.461  8.929 11.526 13.282 16.892 19.335 20.111 16.662 16.856 15.357 14.456 12.466 10.682  9.910  8.726  6.180  5.090  5.599  3.845  0.000  3.826  6.102  8.276 11.104 12.135 15.618 15.135 13.477 16.082 15.599 18.640 20.198 23.740 24.522 23.875 21.428 19.768 20.616 18.380 20.679 21.316 19.948 19.088 22.554 24.249 23.386 24.277 21.061 21.506 19.464 18.078 18.396 16.692 15.656 15.902 13.729 15.890 15.118 18.114 19.433 21.455 24.545 26.694
 19.653 17.140 15.463 13.702 11.572 12.406 10.935 14.143 15.097 11.936 10.194 10.895  8.636 11.097 11.451 14.570 16.130 19.732 21.733 22.541 18.997 18.553 16.387 15.386 14.270 12.242 10.441 10.068  8.552  5.774  5.642  6.040  3.826  0.000  3.852  5.689  9.247 11.110 14.079 12.887 11.760 14.670 14.887 17.937 20.010 23.451 23.706 23.270 20.751 19.706 20.719 18.793 21.608 22.420 21.546 20.690 24.367 25.647 24.402 25.645 22.430 23.203 21.447 19.677 19.439 17.069 15.697 15.026 12.308 13.734 12.427 15.368 16.348 18.454 21.517 23.614
 22.112 19.994 18.228 16.778 14.324 15.213 13.234 15.995 17.169 14.438 13.392 14.350 12.158 14.489 14.219 16.965 17.956 21.286 23.237 23.452 19.715 18.782 16.689 14.864 14.157 12.992 10.386  9.400  9.297  6.970  4.517  5.840  6.102  3.852  0.000  3.824  6.536  9.208 11.992 11.340 11.208 14.699 15.694 19.121 21.640 25.192 25.067 24.199 21.256 20.181 20.567 18.275 21.075 22.515 22.154 21.936 25.639 26.542 25.601 27.266 24.361 25.549 24.112 22.704 22.210 19.860 17.938 17.012 13.789 14.515 12.371 14.539 14.988 16.509 19.466 21.453
 22.274 20.125 17.741 16.093 13.037 13.627 11.224 13.532 15.219 13.138 12.832 13.820 12.154 14.849 14.659 17.591 18.025 21.159 22.515 22.695 18.989 17.436 14.794 13.100 13.329 11.926  8.671  8.945  9.659  6.608  4.853  8.034  8.276  5.689  3.824  0.000  3.897  6.449  8.761  7.620  7.593 11.200 12.703 16.159 19.043 22.530 22.023 21.062 18.015 17.298 17.738 15.809 18.986 20.444 20.548 20.412 24.208 24.650 23.475 25.506 22.796 24.440 23.512 22.147 21.028 18.414 15.965 14.555 11.010 11.209  8.833 10.851 11.633 13.379 16.456 18.716
 23.888 22.196 19.734 18.534 15.410 16.267 13.892 15.755 17.862 16.308 16.332 17.097 15.346 17.712 16.932 19.428 19.181 21.869 22.978 22.563 18.837 16.721 14.219 11.806 12.749 12.290  8.577  8.637 10.780  8.630  6.132  9.628 11.104  9.247  6.536  3.897  0.000  3.883  5.700  5.956  7.091 10.847 12.991 16.641 19.786 23.291 22.487 20.969 17.548 16.718 16.389 14.168 17.241 19.295 20.006 20.555 24.246 24.219 23.400 25.849 23.587 25.668 25.172 24.273 22.889 20.477 17.563 16.174 12.551 12.236  9.528 10.338 10.890 11.882 14.798 17.081
 22.077 20.764 18.141 17.422 14.390 15.759 13.956 15.819 18.580 17.345 17.242 17.282 15.401 17.293 16.030 18.159 17.223 19.481 20.171 19.514 15.902 13.377 10.809  8.306  9.966  9.805  6.029  6.938  9.791  8.296  6.828 10.429 12.135 11.110  9.208  6.449  3.883  0.000  3.842  5.597  5.456  8.633 10.520 14.258 17.303 20.855 20.158 18.195 14.622 13.395 12.709 10.360 13.464 15.574 16.547 17.405 21.001 20.704 20.066 22.717 20.783 23.183 23.115 22.662 21.024 18.942 15.717 14.722 11.427 11.503  9.650 10.373 11.888 12.966 15.808 18.305
 25.139 23.807 20.901 19.973 16.661 17.480 15.271 16.289 19.103 18.547 19.153 19.535 18.197 20.369 19.349 21.557 20.408 22.416 22.638 21.845 18.457 15.439 12.659 10.343 12.873 12.816  9.169 10.543 13.479 11.758 10.402 14.074 15.618 14.079 11.992  8.761  5.700  3.842  0.000  3.842  5.614  8.220 11.151 14.521 17.948 21.186 19.846 17.743 14.065 13.560 12.593 10.879 14.135 16.476 18.175 19.266 22.735 21.837 21.063 24.106 22.522 25.280 25.629 25.167 23.094 20.811 17.307 15.742 12.398 11.372  9.129  8.428  9.645 10.212 12.799 15.395
 25.302 23.455 20.304 18.721 15.105 15.162 12.447 13.017 15.624 15.341 16.441 17.292 16.581 19.281 18.971 21.690 21.009 23.388 23.564 23.361 19.997 17.210 13.929 12.417 14.685 13.635  9.999 12.004 14.108 11.457 10.685 14.489 15.135 12.887 11.340  7.620  5.956  5.597  3.842  0.000  3.836  6.732 10.095 13.193 16.833 19.906 18.326 16.858 13.491 13.767 13.805 12.846 16.476 18.203 19.605 20.018 23.656 22.910 21.523 24.407 22.481 25.081 25.291 24.302 22.079 19.317 15.928 13.690 10.094  8.346  5.518  4.955  6.553  8.186 11.189 14.001
 21.781 19.918 16.651 15.167 11.607 12.039  9.935 11.038 14.166 13.717 14.345 14.508 13.710 16.144 15.794 18.491 17.724 20.094 20.122 20.246 16.991 14.397 10.866 10.129 12.245 10.540  7.299 10.188 11.765  9.111  9.561 13.245 13.477 11.760 11.208  7.593  7.091  5.456  5.614  3.836  0.000  3.821  6.503  9.886 13.351 16.639 15.520 14.097 10.819 10.740 11.404 10.665 14.418 15.537 16.525 16.534 20.236 19.725 18.143 20.837 18.750 21.287 21.520 20.571 18.297 15.643 12.200 10.277  6.819  6.190  5.023  6.468  9.289 11.515 14.483 17.290
 21.435 19.664 16.101 14.690 11.249 11.492 10.025 10.415 14.027 14.326 15.180 14.859 14.588 16.732 16.499 19.024 17.885 19.846 19.170 19.518 16.743 13.975 10.193 10.614 13.175 11.170  8.886 12.426 13.726 11.393 12.697 16.154 16.082 14.670 14.699 11.200 10.847  8.633  8.220  6.732  3.821  0.000  3.829  6.546 10.226 13.266 11.885 10.358  7.156  7.796  9.208  9.748 13.529 13.978 15.185 14.944 18.449 17.541 15.536 18.405 16.616 19.467 20.262 19.447 16.642 14.060 10.361  8.293  5.787  5.128  6.160  7.291 10.815 13.185 15.821 18.679
 18.130 16.422 12.777 11.660  8.643  9.546  9.402 10.406 14.174 14.220 14.400 13.167 12.806 14.335 14.024 16.325 15.058 16.875 15.949 16.763 14.301 11.988  8.218  9.924 11.939  9.312  8.337 12.155 12.687 10.820 13.117 16.033 15.599 14.887 15.694 12.703 12.991 10.520 11.151 10.095  6.503  3.829  0.000  3.818  6.939 10.416  9.992  8.583  5.957  5.723  8.300  9.212 12.624 12.120 12.618 11.703 15.218 14.678 12.373 14.915 12.894 15.679 16.563 15.873 12.968 10.679  6.887  5.789  4.789  6.451  8.808 10.799 14.336 16.862 19.523 22.324
 18.799 17.064 13.317 12.107  9.626  9.860 10.417 10.529 14.252 15.017 15.468 13.992 14.402 15.697 15.813 17.965 16.670 18.114 16.548 17.820 16.039 13.973 10.509 12.971 14.931 12.184 11.910 15.715 15.890 14.104 16.722 19.453 18.640 17.937 19.121 16.159 16.641 14.258 14.521 13.193  9.886  6.546  3.818  0.000  3.822  6.808  6.264  5.483  4.482  5.750  9.334 11.438 14.405 13.077 13.497 11.993 14.999 14.211 11.175 13.548 11.790 14.652 16.078 15.315 11.859  9.646  6.174  5.037  6.320  7.692 10.969 12.755 16.387 19.043 21.440 24.193
 17.079 15.562 12.001 11.301  9.961 10.559 12.295 12.626 16.044 16.717 16.683 14.509 15.005 15.524 15.652 17.328 15.933 16.930 14.888 16.706 15.641 14.222 11.382 14.587 16.022 13.165 13.932 17.561 17.202 15.928 18.991 21.240 20.198 20.010 21.640 19.043 19.786 17.303 17.948 16.833 13.351 10.226  6.939  3.822  0.000  3.848  5.511  5.503  6.529  6.953 10.743 13.084 15.331 13.104 12.818 10.533 12.965 12.489  8.960 10.633  8.891 11.625 13.489 12.967  9.255  7.883  5.394  6.197  8.965 11.033 14.494 16.504 20.114 22.810 25.186 27.899
 19.364 17.936 14.614 13.885 12.993 12.973 14.822 14.443 17.517 18.753 19.014 16.907 17.940 18.369 18.801 20.326 18.974 19.630 17.188 19.188 18.674 17.386 14.826 18.121 19.636 16.869 17.708 21.339 20.928 19.618 22.711 24.949 23.740 23.451 25.192 22.530 23.291 20.855 21.186 19.906 16.639 13.266 10.416  6.808  3.848  0.000  3.849  5.563  8.414  9.675 13.302 16.152 18.092 15.552 15.371 12.992 14.607 13.842 10.058 11.229 10.238 12.647 14.961 14.439 10.645  9.718  8.392  8.874 12.009 13.546 17.191 18.929 22.494 25.194 27.321 29.956
 22.407 20.807 17.251 16.065 14.353 13.732 14.644 13.485 16.633 18.428 19.388 17.953 19.210 20.292 20.826 22.721 21.372 22.252 19.943 21.512 20.607 18.713 15.728 18.537 20.623 18.010 18.071 21.861 21.935 20.193 22.897 25.582 24.522 23.706 25.067 22.023 22.487 20.158 19.846 18.326 15.520 11.885  9.992  6.264  5.511  3.849  0.000  3.823  6.908  9.564 12.992 16.110 18.465 16.496 17.096 15.329 17.244 15.906 12.337 14.274 13.493 16.191 18.380 17.659 13.849 12.189 10.132  9.182 11.576 12.026 15.543 16.693 20.165 22.746 24.621 27.206
 21.868 20.723 17.197 16.576 14.702 14.862 15.548 14.915 18.442 19.845 20.592 19.063 19.634 20.557 20.434 22.043 20.177 20.755 18.317 19.301 18.363 16.043 13.168 15.851 18.309 16.219 16.227 19.953 20.538 19.174 21.587 24.388 23.875 23.270 24.199 21.062 20.969 18.195 17.743 16.858 14.097 10.358  8.583  5.483  5.503  5.563  3.823  0.000  3.826  6.425  9.504 12.882 15.068 13.260 14.417 13.339 15.280 13.392 10.225 12.978 12.687 15.978 18.416 18.307 14.594 13.292 10.531 10.002 11.627 12.096 15.184 15.962 19.499 21.738 23.627 26.282
 21.361 20.237 16.663 16.070 13.680 14.204 14.311 14.101 17.849 18.859 19.553 18.262 18.333 19.491 19.024 20.748 18.792 19.614 17.601 18.087 16.553 13.766 10.558 12.688 15.496 13.701 13.163 16.850 17.901 16.530 18.544 21.551 21.428 20.751 21.256 18.015 17.548 14.622 14.065 13.491 10.819  7.156  5.957  4.482  6.529  8.414  6.908  3.826  0.000  3.826  6.595  9.688 12.398 11.360 12.966 12.547 15.092 13.215 10.671 13.913 13.303 16.760 18.814 18.753 15.290 13.703 10.262  9.447  9.868 10.141 12.661 13.247 16.788 18.848 20.888 23.619
 18.624 17.969 14.665 14.828 12.848 14.379 14.925 15.653 19.451 19.763 19.785 18.033 17.362 17.958 16.834 18.077 15.713 16.243 14.252 14.421 12.866 10.026  7.049  9.582 12.241 10.799 10.893 14.351 15.443 14.797 16.861 19.541 19.768 19.706 20.181 17.298 16.718 13.395 13.560 13.767 10.740  7.796  5.723  5.750  6.953  9.675  9.564  6.425  3.826  0.000  3.840  6.654  9.074  7.779  9.253  9.211 11.934 10.211  8.262 11.681 11.101 14.690 16.700 17.195 14.110 13.157  9.725 10.107 10.386 11.640 13.816 14.795 18.272 20.196 22.472 25.218
 20.132 19.969 16.994 17.573 15.590 17.438 17.628 18.532 22.322 22.438 22.407 20.803 19.646 20.145 18.464 19.337 16.571 16.720 14.860 14.019 12.383  8.883  6.608  8.057 11.332 11.134 10.933 13.824 15.715 15.601 16.963 19.672 20.616 20.719 20.567 17.738 16.389 12.709 12.593 13.805 11.404  9.208  8.300  9.334 10.743 13.302 12.992  9.504  6.595  3.840  0.000  3.838  5.927  5.832  8.638 10.134 12.522 10.298  9.714 13.376 13.382 17.011 19.013 19.951 17.208 16.517 13.084 13.485 13.040 13.921 15.282 15.658 18.812 20.167 22.296 24.959
 19.269 19.278 16.642 17.466 15.507 17.813 17.819 19.325 22.991 22.534 22.145 20.602 18.830 19.217 17.070 17.763 14.969 15.287 14.180 12.774 10.441  6.650  4.766  4.628  8.183  8.941  8.531 10.741 13.115 13.535 14.381 16.896 18.380 18.793 18.275 15.809 14.168 10.360 10.879 12.846 10.665  9.748  9.212 11.438 13.084 16.152 16.110 12.882  9.688  6.654  3.838  0.000  3.852  5.679  8.120 10.291 12.989 11.485 11.697 14.958 14.547 17.827 19.256 20.273 18.072 17.423 14.055 14.642 13.514 14.634 15.285 15.813 18.639 19.777 22.086 24.690
 19.412 20.157 18.028 19.539 18.161 20.826 21.220 22.880 26.552 25.981 25.312 23.448 21.410 21.223 18.620 18.551 15.261 14.670 13.292 11.043  9.479  5.882  6.359  6.353  8.946 10.684 11.206 12.613 14.900 16.131 16.909 18.896 20.679 21.608 21.075 18.986 17.241 13.464 14.135 16.476 14.418 13.529 12.624 14.405 15.331 18.092 18.465 15.068 12.398  9.074  5.927  3.852  0.000  3.810  6.766 10.048 11.796 10.053 11.496 14.544 14.871 18.067 19.736 21.413 19.513 19.553 16.536 17.716 16.987 18.361 19.097 19.588 22.319 23.248 25.431 27.933
 17.288 18.195 16.089 17.890 17.009 19.753 20.760 22.385 26.085 25.634 24.814 22.531 20.722 20.153 17.680 17.385 13.931 12.901 10.711  8.994  8.346  5.427  6.070  8.085  9.954 10.729 12.191 14.096 15.548 16.754 18.309 20.094 21.316 22.420 22.515 20.444 19.295 15.574 16.476 18.203 15.537 13.978 12.120 13.077 13.104 15.552 16.496 13.260 11.360  7.779  5.832  5.679  3.810  0.000  3.837  6.965  8.299  6.297  7.845 10.823 11.521 14.819 16.904 18.858 16.862 17.389 14.721 16.459 16.555 18.390 19.840 20.756 23.835 25.179 27.450 30.049
 13.639 14.893 13.241 15.614 15.468 18.617 20.201 22.262 25.793 24.977 23.656 20.957 18.926 17.745 15.070 14.268 10.667  9.252  6.889  5.533  5.368  4.124  5.886  8.683  9.077  9.399 11.962 13.599 14.166 15.811 17.856 19.043 19.948 21.546 22.154 20.548 20.006 16.547 18.175 19.605 16.525 15.185 12.618 13.497 12.818 15.371 17.096 14.417 12.966  9.253  8.638  8.120  6.766  3.837  0.000  3.827  5.268  5.153  6.923  8.744  8.961 11.755 13.565 15.855 14.382 15.506 13.471 15.957 16.474 18.984 20.684 22.225 25.383 27.043 29.543 32.179
 10.985 11.900 10.091 12.576 12.970 16.112 18.253 20.365 23.735 22.910 21.409 18.395 16.655 15.212 12.947 12.283  9.042  8.009  5.173  6.242  6.292  6.432  6.861 10.421 10.285  9.184 12.194 14.247 13.891 15.165 17.891 18.915 19.088 20.690 21.936 20.412 20.555 17.405 19.266 20.018 16.534 14.944 11.703 11.993 10.533 12.992 15.329 13.339 12.547  9.211 10.134 10.291 10.048  6.965  3.827  0.000  3.855  5.488  5.455  6.221  5.338  8.080  9.966 12.191 10.670 12.163 10.697 13.725 14.940 17.895 20.094 22.131 25.457 27.526 30.154 32.845
 11.904 13.664 12.594 15.460 16.369 19.429 21.812 23.786 27.121 26.409 24.843 21.650 19.994 18.158 15.847 14.515 11.162  8.896  5.116  5.952  8.072  8.888 10.262 13.563 13.324 12.766 15.883 17.650 17.282 18.857 21.522 22.311 22.554 24.367 25.639 24.208 24.246 21.001 22.735 23.656 20.236 18.449 15.218 14.999 12.965 14.607 17.244 15.280 15.092 11.934 12.522 12.989 11.796  8.299  5.268  3.855  0.000  3.859  5.424  4.687  5.910  8.027 10.589 13.607 12.444 14.700 13.798 16.979 18.549 21.447 23.782 25.693 29.056 31.050 33.580 36.252
 15.526 16.910 15.247 17.577 17.780 20.491 22.459 23.974 27.530 27.242 26.160 23.272 21.868 20.585 18.418 17.568 14.148 12.205  8.656  8.365  9.918  9.243 10.161 13.334 14.134 13.886 16.344 18.462 18.800 20.035 22.420 23.757 24.249 25.647 26.542 24.650 24.219 20.704 21.837 22.910 19.725 17.541 14.678 14.211 12.489 13.842 15.906 13.392 13.215 10.211 10.298 11.485 10.053  6.297  5.153  5.488  3.859  0.000  3.836  5.445  7.794 10.836 13.816 16.438 14.550 16.224 14.638 17.244 18.654 21.028 23.334 24.738 28.122 29.903 32.212 34.866
 15.286 15.880 13.629 15.376 15.422 17.703 19.786 20.987 24.492 24.496 23.643 20.803 19.926 18.965 17.419 17.211 14.281 13.152  9.724 10.628 11.405 10.509 10.077 13.704 14.750 13.541 15.742 18.456 18.503 19.063 21.801 23.404 23.386 24.402 25.601 23.475 23.400 20.066 21.063 21.523 18.143 15.536 12.373 11.175  8.960 10.058 12.337 10.225 10.671  8.262  9.714 11.697 11.496  7.845  6.923  5.455  5.424  3.836  0.000  3.853  5.603  9.222 12.450 14.439 11.908 13.267 11.691 14.188 16.076 18.437 21.147 22.717 26.239 28.307 30.632 33.329
 13.435 14.394 12.805 15.030 15.997 18.406 21.061 22.485 25.724 25.519 24.274 21.059 20.203 18.635 17.181 16.479 13.777 12.242  8.603 10.489 12.076 12.373 12.491 16.212 16.471 15.032 17.803 20.246 19.645 20.456 23.506 24.620 24.277 25.645 27.266 25.506 25.849 22.717 24.106 24.407 20.837 18.405 14.915 13.548 10.633 11.229 14.274 12.978 13.913 11.681 13.376 14.958 14.544 10.823  8.744  6.221  4.687  5.445  3.853  0.000  3.840  6.406 10.018 12.533 10.588 12.946 12.473 15.572 17.941 20.720 23.617 25.576 29.114 31.374 33.810 36.508
 10.691 10.976  9.081 11.237 12.459 14.997 17.880 19.612 22.683 22.193 20.712 17.384 16.521 14.898 13.704 13.348 11.138 10.490  7.567 10.347 11.027 11.642 11.197 14.971 14.803 12.675 15.546 18.029 16.920 17.506 20.819 21.781 21.061 22.430 24.361 22.796 23.587 20.783 22.522 22.481 18.750 16.616 12.894 11.790  8.891 10.238 13.493 12.687 13.303 11.101 13.382 14.547 14.871 11.521  8.961  5.338  5.910  7.794  5.603  3.840  0.000  3.832  6.959  9.006  6.984  9.414  9.294 12.758 15.211 18.353 21.268 23.646 27.141 29.621 32.231 34.941
  8.601  9.060  8.263 10.849 13.141 15.700 19.033 21.026 23.687 22.882 20.951 17.327 16.465 14.179 13.228 12.397 10.872 10.205  7.932 11.483 12.498 14.060 13.989 17.575 16.695 14.410 17.601 19.694 17.920 18.693 22.200 22.603 21.506 23.203 25.549 24.440 25.668 23.183 25.280 25.081 21.287 19.467 15.679 14.652 11.625 12.647 16.191 15.978 16.760 14.690 17.011 17.827 18.067 14.819 11.755  8.080  8.027 10.836  9.222  6.406  3.832  0.000  3.839  6.599  6.038  9.550 10.798 14.520 17.172 20.598 23.528 26.252 29.671 32.300 35.014 37.698
  5.733  5.685  6.028  8.968 12.050 14.790 18.286 20.738 23.021 21.691 19.262 15.489 14.350 11.508 10.726  9.704  9.197  9.335  8.546 12.340 12.813 14.949 14.901 18.111 16.551 14.028 17.328 18.981 16.571 17.442 21.031 20.901 19.464 21.447 24.112 23.512 25.172 23.115 25.629 25.291 21.520 20.262 16.563 16.078 13.489 14.961 18.380 18.416 18.814 16.700 19.013 19.256 19.736 16.904 13.565  9.966 10.589 13.816 12.450 10.018  6.959  3.839  0.000  3.843  5.582  9.090 11.073 14.827 17.215 20.893 23.585 26.656 29.892 32.617 35.479 38.119
  7.592  5.351  4.884  6.376  9.855 12.044 15.734 18.151 20.033 18.636 16.142 12.351 11.791  9.211  9.689  9.870 10.531 11.871 11.649 15.304 15.007 16.729 15.911 18.954 17.497 14.376 17.173 19.022 16.292 16.433 20.194 20.129 18.078 19.677 22.704 22.147 24.273 22.662 25.167 24.302 20.571 19.447 15.873 15.315 12.967 14.439 17.659 18.307 18.753 17.195 19.951 20.273 21.413 18.858 15.855 12.191 13.607 16.438 14.439 12.533  9.006  6.599  3.843  0.000  3.843  6.642  9.554 12.969 15.488 19.164 21.914 25.235 28.358 31.288 34.174 36.766
 10.056  8.011  5.595  6.051  8.379 10.221 13.834 15.765 18.057 17.255 15.403 11.831 11.813 10.275 10.819 11.706 11.577 12.838 11.779 15.169 14.695 15.585 14.151 17.468 16.773 13.472 15.876 18.379 16.212 15.846 19.624 20.283 18.396 19.439 22.210 21.028 22.889 21.024 23.094 22.079 18.297 16.642 12.968 11.859  9.255 10.645 13.849 14.594 15.290 14.110 17.208 18.072 19.513 16.862 14.382 10.670 12.444 14.550 11.908 10.588  6.984  6.038  5.582  3.843  0.000  3.829  6.482  9.959 12.927 16.426 19.503 22.612 25.909 28.857 31.629 34.266
 12.548  9.788  6.505  4.650  5.568  6.577 10.180 11.975 14.273 13.617 12.122  8.849  9.547  9.251 10.600 12.627 12.876 14.880 14.159 17.128 15.889 16.097 13.847 16.817 16.522 12.860 14.430 17.260 15.237 14.006 17.751 18.842 16.692 17.069 19.860 18.414 20.477 18.942 20.811 19.317 15.643 14.060 10.679  9.646  7.883  9.718 12.189 13.292 13.703 13.157 16.517 17.423 19.553 17.389 15.506 12.163 14.700 16.224 13.267 12.946  9.414  9.550  9.090  6.642  3.829  0.000  3.818  6.594  9.653 13.057 16.192 19.417 22.634 25.714 28.478 31.088
 13.826 11.478  7.708  6.128  4.720  6.068  8.705 10.413 13.481 13.077 12.160  9.493  9.738 10.251 10.875 13.131 12.685 14.688 13.786 16.090 14.384 13.767 10.950 13.801 14.153 10.566 11.581 14.846 13.534 12.050 15.564 17.283 15.656 15.697 17.938 15.965 17.563 15.717 17.307 15.928 12.200 10.361  6.887  6.174  5.394  8.392 10.132 10.531 10.262  9.725 13.084 14.055 16.536 14.721 13.471 10.697 13.798 14.638 11.691 12.473  9.294 10.798 11.073  9.554  6.482  3.818  0.000  3.830  6.632 10.048 13.190 16.176 19.539 22.495 25.242 27.924
 17.373 14.780 11.023  8.595  5.757  4.917  6.130  6.941 10.351 10.598 10.715  9.164 10.250 12.019 13.152 15.965 15.751 18.017 17.242 19.177 17.096 15.851 12.473 14.699 15.655 12.150 11.950 15.452 14.602 12.224 15.316 17.611 15.902 15.026 17.012 14.555 16.174 14.722 15.742 13.690 10.277  8.293  5.789  5.037  6.197  8.874  9.182 10.002  9.447 10.107 13.485 14.642 17.716 16.459 15.957 13.725 16.979 17.244 14.188 15.572 12.758 14.520 14.827 12.969  9.959  6.594  3.830  0.000  3.826  6.641 10.105 13.068 16.399 19.514 22.178 24.838
 18.730 16.171 12.534 10.115  6.428  5.764  4.669  6.021  9.637  9.452  9.899  9.314  9.799 12.310 13.163 16.273 16.122 18.716 18.431 19.813 17.134 15.479 11.850 13.121 14.293 11.041  9.721 13.141 12.785  9.853 12.387 15.133 13.729 12.308 13.789 11.010 12.551 11.427 12.398 10.094  6.819  5.787  4.789  6.320  8.965 12.009 11.576 11.627  9.868 10.386 13.040 13.514 16.987 16.555 16.474 14.940 18.549 18.654 16.076 17.941 15.211 17.172 17.215 15.488 12.927  9.653  6.632  3.826  0.000  3.817  6.611  9.848 13.074 16.156 18.985 21.678
 22.488 19.964 16.333 13.835 10.130  8.695  6.224  5.531  9.022  9.832 11.505 12.008 12.895 15.802 16.726 19.889 19.652 22.165 21.757 22.820 20.060 17.908 14.120 14.831 16.625 13.846 11.719 15.039 15.359 12.145 13.806 17.019 15.890 13.734 14.515 11.209 12.236 11.503 11.372  8.346  6.190  5.128  6.451  7.692 11.033 13.546 12.026 12.096 10.141 11.640 13.921 14.634 18.361 18.390 18.984 17.895 21.447 21.028 18.437 20.720 18.353 20.598 20.893 19.164 16.426 13.057 10.048  6.641  3.817  0.000  3.822  6.564  9.857 13.070 15.737 18.443
 24.449 21.978 18.565 16.150 12.350 11.190  7.981  7.710 10.269 10.560 12.368 13.612 14.021 17.214 17.929 21.159 21.039 23.734 23.738 24.397 21.270 18.945 15.268 15.014 16.839 14.569 11.631 14.359 15.173 11.758 12.375 15.842 15.118 12.427 12.371  8.833  9.528  9.650  9.129  5.518  5.023  6.160  8.808 10.969 14.494 17.191 15.543 15.184 12.661 13.816 15.282 15.285 19.097 19.840 20.684 20.094 23.782 23.334 21.147 23.617 21.268 23.528 23.585 21.914 19.503 16.192 13.190 10.105  6.611  3.822  0.000  3.827  6.610  9.838 12.763 15.485
 27.568 25.332 21.873 19.681 15.893 14.814 11.677 10.770 13.082 13.913 16.039 17.398 17.759 20.864 21.309 24.359 23.893 26.324 26.109 26.373 23.281 20.507 16.882 16.224 18.625 16.931 13.703 16.273 17.783 14.643 14.602 18.286 18.114 15.368 14.539 10.851 10.338 10.373  8.428  4.955  6.468  7.291 10.799 12.755 16.504 18.929 16.693 15.962 13.247 14.795 15.658 15.813 19.588 20.756 22.225 22.131 25.693 24.738 22.717 25.576 23.646 26.252 26.656 25.235 22.612 19.417 16.176 13.068  9.848  6.564  3.827  0.000  3.828  6.762  9.495 12.393
 30.495 28.190 24.873 22.575 18.794 17.566 14.120 13.139 14.666 15.398 17.730 19.633 19.984 23.278 23.798 26.921 26.659 29.227 29.261 29.383 26.135 23.368 19.894 18.760 21.033 19.618 16.137 18.144 19.793 16.613 15.886 19.457 19.433 16.348 14.988 11.633 10.890 11.888  9.645  6.553  9.289 10.815 14.336 16.387 20.114 22.494 20.165 19.499 16.788 18.272 18.812 18.639 22.319 23.835 25.383 25.457 29.056 28.122 26.239 29.114 27.141 29.671 29.892 28.358 25.909 22.634 19.539 16.399 13.074  9.857  6.610  3.828  0.000  3.836  6.726  9.459
 32.970 30.866 27.624 25.543 21.791 20.814 17.419 16.565 18.031 18.666 20.891 22.796 22.884 26.080 26.324 29.282 28.841 31.271 31.333 31.102 27.819 24.862 21.603 20.027 22.466 21.564 17.932 19.548 21.634 18.744 17.461 21.000 21.455 18.454 16.509 13.379 11.882 12.966 10.212  8.186 11.515 13.185 16.862 19.043 22.810 25.194 22.746 21.738 18.848 20.196 20.167 19.777 23.248 25.179 27.043 27.526 31.050 29.903 28.307 31.374 29.621 32.300 32.617 31.288 28.857 25.714 22.495 19.514 16.156 13.070  9.838  6.762  3.836  0.000  3.843  6.764
 35.963 33.890 30.603 28.515 24.760 23.655 20.258 19.077 20.359 21.296 23.721 25.720 25.945 29.160 29.416 32.356 31.831 34.161 34.100 33.768 30.559 27.475 24.266 22.664 25.262 24.503 20.887 22.470 24.687 21.863 20.492 24.005 24.545 21.517 19.466 16.456 14.798 15.808 12.799 11.189 14.483 15.821 19.523 21.440 25.186 27.321 24.621 23.627 20.888 22.472 22.296 22.086 25.431 27.450 29.543 30.154 33.580 32.212 30.632 33.810 32.231 35.014 35.479 34.174 31.629 28.478 25.242 22.178 18.985 15.737 12.763  9.495  6.726  3.843  0.000  3.810
