  0.000  3.832  6.661 10.260 13.201 16.637 19.729 23.002 24.692 22.548 19.821 16.181 13.889 10.404  8.317  5.511  5.449  5.814  7.613 10.756 10.695 13.708 14.519 16.799 14.142 12.423 16.051 16.602 13.897 15.758 18.928 18.031 17.178 19.909 22.339 22.468 23.572 21.514 24.662 25.072 21.683 21.213 18.011 18.784 17.046 19.292 22.366 21.850 21.308 18.559 20.108 19.229 19.377 17.263 13.654 10.969 11.957 15.556 15.271 13.397 10.636  8.534  5.734  7.664 10.051 12.585 13.867 17.409 18.762 22.468 24.460 27.397 30.297 31.725 33.941 35.410
  3.832  0.000  3.827  6.840 10.106 13.309 16.499 19.776 21.232 18.966 16.181 12.498 10.450  6.931  5.838  4.733  6.341  8.432 10.019 13.190 12.283 14.590 14.425 16.688 14.276 11.697 14.880 15.798 12.720 13.771 17.254 16.510 14.965 17.366 20.197 20.333 21.943 20.235 23.385 23.257 19.806 19.455 16.267 16.995 15.473 17.811 20.723 20.644 20.140 17.857 19.890 19.168 20.055 18.118 14.883 11.873 13.694 16.902 15.832 14.334 10.903  8.995  5.660  5.431  7.994  9.805 11.466 14.767 16.173 19.953 22.006 25.202 27.974 29.402 31.602 33.048
  6.661  3.827  0.000  3.819  6.730 10.052 13.277 16.446 18.250 16.269 13.883 10.247  8.539  6.039  5.360  6.279  6.920  9.383 10.085 13.103 11.699 13.066 12.027 14.567 12.860  9.655 12.471 14.186 11.497 11.756 15.478 15.547 13.911 15.645 18.436 17.976 19.557 17.689 20.558 20.193 16.596 15.947 12.650 13.253 11.904 14.473 17.159 17.120 16.587 14.588 16.957 16.579 17.983 16.070 13.313 10.150 12.678 15.281 13.612 12.769  9.031  8.212  5.996  4.891  5.511  6.478  7.682 11.006 12.550 16.329 18.606 21.787 24.666 26.193 28.378 29.836
 10.260  6.840  3.819  0.000  3.821  6.524  9.938 13.061 14.627 12.562 10.265  6.621  5.787  4.714  6.190  8.775 10.074 12.956 13.598 16.391 14.549 15.205 13.300 15.569 14.350 10.668 12.472 14.569 11.872 10.909 14.730 15.158 12.839 13.814 16.951 16.369 18.490 17.102 19.780 18.737 15.183 14.666 11.605 12.085 11.252 13.793 16.030 16.540 16.057 14.815 17.580 17.423 19.514 17.910 15.735 12.698 15.588 17.658 15.425 15.062 11.268 10.875  8.969  6.392  6.047  4.682  6.127  8.600 10.183 13.932 16.287 19.732 22.415 23.934 26.066 27.484
 13.201 10.106  6.730  3.821  0.000  3.824  6.611  9.925 11.890 10.244  8.468  5.689  5.064  6.371  7.525 10.779 11.589 14.643 15.126 17.313 14.905 14.644 11.975 13.831 13.306  9.468 10.165 12.760 10.676  8.694 12.373 13.609 11.393 11.486 14.368 13.236 15.378 14.121 16.534 15.162 11.648 11.296  8.661  9.670  9.995 12.997 14.417 14.744 13.749 12.913 15.645 15.481 18.150 17.064 15.627 13.140 16.533 17.906 15.535 16.089 12.543 13.209 12.077  9.886  8.402  5.640  4.751  5.794  6.521 10.252 12.495 15.975 18.645 20.206 22.394 23.893
 16.637 13.309 10.052  6.524  3.824  0.000  3.832  6.651  8.450  6.960  6.111  4.528  6.313  8.825 10.911 14.339 15.382 18.406 18.689 20.913 18.536 17.928 14.885 16.580 16.549 12.769 12.652 15.413 13.616 10.862 14.110 15.677 13.056 12.140 15.106 13.735 16.278 15.541 17.411 15.275 12.060 11.616  9.569  9.898 10.627 13.037 13.840 14.908 14.273 14.435 17.456 17.729 20.769 19.787 18.770 16.297 19.614 20.632 17.848 18.552 15.144 15.847 14.881 12.139 10.340  6.728  6.118  4.950  5.830  8.874 11.345 14.979 17.347 18.885 20.889 22.266
 19.729 16.499 13.277  9.938  6.611  3.832  0.000  3.838  5.833  5.327  5.679  6.396  7.946 11.294 13.136 16.767 17.730 20.889 21.286 23.058 20.301 19.171 15.814 16.815 17.232 13.735 12.531 15.222 14.008 10.579 13.059 15.142 12.661 10.702 13.229 11.503 14.222 14.096 15.539 12.841 10.200 10.399  9.623 10.541 12.403 14.893 14.777 15.646 14.495 15.119 17.789 17.897 21.307 20.920 20.470 18.528 22.067 22.671 19.988 21.242 18.055 19.189 18.396 15.830 13.930 10.298  8.788  6.196  4.923  6.622  8.382 12.080 14.089 15.562 17.597 19.057
 23.002 19.776 16.446 13.061  9.925  6.651  3.838  0.000  3.854  5.546  7.714  9.299 11.491 14.801 16.766 20.343 21.161 24.157 24.225 25.975 23.333 21.883 18.326 19.342 20.248 16.882 15.366 18.230 17.416 13.882 15.924 18.304 15.939 13.495 15.594 13.513 16.026 16.076 16.766 13.634 11.530 11.312 11.133 11.294 13.370 15.208 14.367 15.714 14.934 16.398 19.172 19.763 23.333 22.972 22.917 21.039 24.457 24.671 21.724 23.171 20.245 21.570 21.119 18.460 16.204 12.434 10.938  7.577  6.656  6.491  8.310 11.544 13.163 14.598 16.292 17.574
 24.692 21.232 18.250 14.627 11.890  8.450  5.833  3.854  0.000  3.840  6.709  9.460 12.082 15.596 18.064 21.763 23.104 26.333 26.746 28.630 25.904 24.712 21.276 22.080 22.642 19.263 17.731 20.161 19.012 15.389 17.199 19.151 16.382 13.723 16.034 14.592 17.592 18.284 19.132 15.818 14.168 14.526 14.488 14.788 16.638 18.316 17.618 19.182 18.475 19.853 22.564 22.919 26.479 26.198 25.948 23.960 27.388 27.861 24.940 26.144 23.026 23.958 23.072 20.076 18.307 14.570 13.721 10.741  9.856  9.708 10.652 13.729 14.625 15.751 17.265 18.400
 22.548 18.966 16.269 12.562 10.244  6.960  5.327  5.546  3.840  0.000  3.811  6.802  9.660 13.104 15.873 19.568 21.251 24.596 25.277 27.353 24.667 23.884 20.677 21.589 21.665 18.156 17.046 19.246 17.588 14.153 16.311 17.779 14.671 12.452 15.304 14.390 17.674 18.323 19.727 16.674 14.670 15.195 14.615 15.097 16.529 18.399 18.306 19.822 19.118 20.010 22.783 22.895 26.287 25.848 25.181 22.976 26.378 27.250 24.428 25.287 21.929 22.472 21.192 18.044 16.726 13.131 12.815 10.500  9.931 10.820 11.901 15.318 16.435 17.531 19.160 20.303
 19.821 16.181 13.883 10.265  8.468  6.111  5.679  7.714  6.709  3.811  0.000  3.833  6.465  9.890 12.885 16.572 18.643 22.145 23.232 25.394 22.689 22.366 19.504 20.388 19.868 16.336 15.683 17.473 15.259 12.150 14.620 15.458 12.042 10.509 13.899 13.651 17.117 17.713 19.759 17.129 14.836 15.662 14.635 15.552 16.650 18.895 19.405 20.625 19.734 19.960 22.614 22.315 25.460 24.962 23.860 21.557 24.950 26.259 23.703 24.252 20.674 20.842 19.085 15.934 15.241 11.998 12.092 10.716 10.205 12.095 13.133 16.783 18.137 19.242 21.115 22.385
 16.181 12.498 10.247  6.621  5.689  4.528  6.396  9.299  9.460  6.802  3.833  0.000  3.826  6.593  9.797 13.341 15.436 18.834 19.889 22.305 19.864 19.942 17.383 18.730 17.859 14.169 14.356 16.230 13.610 11.120 14.298 14.845 11.524 11.089 14.679 14.439 17.570 17.476 19.890 17.795 14.911 15.293 13.442 14.215 14.641 16.982 18.156 19.247 18.533 18.265 21.034 20.755 23.575 22.687 21.164 18.574 21.799 23.427 20.950 21.129 17.438 17.302 15.365 12.215 11.798  8.908  9.601  9.378  9.724 12.600 14.266 18.002 19.913 21.197 23.203 24.534
 13.889 10.450  8.539  5.787  5.064  6.313  7.946 11.491 12.082  9.660  6.465  3.826  0.000  3.843  6.480 10.189 12.417 16.040 17.593 19.720 17.038 17.370 15.187 16.187 14.799 11.307 11.778 13.099 10.121  8.128 11.460 11.533  8.353  8.879 12.461 12.657 15.591 15.392 18.310 16.782 13.894 14.749 12.908 14.483 15.031 17.922 19.289 19.698 18.455 17.469 19.758 18.877 21.438 20.787 19.063 16.773 20.107 21.959 19.999 20.227 16.529 16.436 14.276 11.747 11.783  9.589  9.756 10.308  9.997 13.205 14.414 18.038 20.079 21.329 23.547 25.035
 10.404  6.931  6.039  4.714  6.371  8.825 11.294 14.801 15.596 13.104  9.890  6.593  3.843  0.000  3.819  6.989  9.748 13.274 15.135 17.571 15.296 16.425 14.969 16.329 14.287 10.998 12.635 13.573 10.125  9.547 13.043 12.402  9.685 11.442 14.825 15.299 17.805 17.125 20.320 19.360 16.255 16.793 14.388 15.772 15.554 18.353 20.358 20.615 19.581 18.030 20.230 19.246 21.235 20.197 17.857 15.309 18.262 20.665 19.024 18.651 14.904 14.153 11.451  9.219 10.289  9.347 10.316 12.108 12.488 16.043 17.520 21.031 23.309 24.591 26.820 28.292
  8.317  5.838  5.360  6.190  7.525 10.911 13.136 16.766 18.064 15.873 12.885  9.797  6.480  3.819  0.000  3.814  6.251  9.971 12.233 14.267 11.823 13.257 12.383 13.574 11.051  8.186 10.536 11.016  7.535  8.290 11.666 10.842  9.201 11.700 14.434 14.858 16.682 15.525 18.940 18.683 15.594 16.191 13.783 15.636 15.459 18.584 20.664 20.260 18.848 16.652 18.308 16.879 18.431 17.523 15.002 12.862 15.817 18.330 17.287 17.046 13.549 13.106 10.661  9.706 10.707 10.526 10.720 13.002 13.052 16.622 17.896 21.092 23.570 24.864 27.196 28.765
  5.511  4.733  6.279  8.775 10.779 14.339 16.767 20.343 21.763 19.568 16.572 13.341 10.189  6.989  3.814  0.000  3.828  7.142 10.091 12.133 10.276 12.706 12.930 14.227 11.146  9.228 12.366 12.289  9.049 11.042 13.989 12.701 11.845 14.840 17.188 17.763 19.099 17.600 21.078 21.366 18.305 18.709 16.121 17.844 17.188 20.154 22.599 21.923 20.611 17.931 19.225 17.628 18.410 17.261 14.203 12.189 14.492 17.502 17.100 16.356 13.199 12.267  9.643  9.896 11.613 12.587 13.045 15.880 16.207 19.794 21.121 24.113 26.709 27.991 30.315 31.875
  5.449  6.341  6.920 10.074 11.589 15.382 17.730 21.161 23.104 21.251 18.643 15.436 12.417  9.748  6.251  3.828  0.000  3.824  6.697  8.384  6.575  9.320 10.196 11.794  8.820  7.535 11.226 11.391  9.092 11.536 14.296 13.638 13.604 16.355 18.158 18.150 18.770 16.601 19.856 20.667 17.557 17.560 14.894 16.612 15.858 18.870 21.308 20.122 18.700 15.607 16.499 14.880 15.158 13.835 10.616  8.956 11.157 14.104 14.198 13.678 11.012 10.765  9.185 10.593 11.515 12.883 12.672 15.740 16.098 19.545 20.971 23.605 26.450 27.811 30.130 31.721
  5.814  8.432  9.383 12.956 14.643 18.406 20.889 24.157 26.333 24.596 22.145 18.834 16.040 13.274  9.971  7.142  3.824  0.000  3.878  5.445  5.393  8.975 10.975 12.868 10.171  9.862 13.661 13.833 12.226 14.891 17.404 16.869 17.229 19.965 21.507 21.291 21.453 18.878 21.867 23.091 19.997 19.580 16.795 18.153 16.948 19.612 22.268 20.804 19.612 16.233 16.757 15.327 14.697 12.918  9.277  7.975  8.940 12.241 13.145 12.195 10.412 10.108  9.327 11.919 12.801 14.919 14.757 18.089 18.760 22.098 23.692 26.062 29.063 30.460 32.718 34.277
  7.613 10.019 10.085 13.598 15.126 18.689 21.286 24.225 26.746 25.277 23.232 19.889 17.593 15.135 12.233 10.091  6.697  3.878  0.000  3.840  5.542  8.321 10.279 12.972 11.277 10.838 14.509 15.477 14.429 16.593 19.254 19.381 19.684 21.967 23.468 22.669 22.585 19.574 22.090 23.351 20.101 18.984 15.957 16.698 15.034 17.298 20.065 18.462 17.667 14.295 14.920 14.229 13.308 10.725  6.908  5.193  5.168  8.698  9.772  8.616  7.599  7.954  8.669 11.810 11.874 14.329 14.001 17.455 18.583 21.765 23.746 25.911 29.124 30.645 32.805 34.311
 10.756 13.190 13.103 16.391 17.313 20.913 23.058 25.975 28.630 27.353 25.394 22.305 19.720 17.571 14.267 12.133  8.384  5.445  3.840  0.000  3.837  6.533  9.647 11.621 10.090 10.957 14.311 14.806 14.571 17.139 19.173 19.402 20.425 22.713 23.620 22.744 22.046 18.850 21.193 23.031 20.158 19.245 16.743 17.947 16.835 19.294 21.628 19.446 18.141 14.463 14.084 12.841 11.077  9.022  5.540  6.242  6.019  8.423 10.678 10.517 10.366 11.502 12.452 15.443 15.224 17.257 16.259 19.345 19.907 22.740 24.308 26.048 29.209 30.646 32.805 34.352
 10.695 12.283 11.699 14.549 14.905 18.536 20.301 23.333 25.904 24.667 22.689 19.864 17.038 15.296 11.823 10.276  6.575  5.393  5.542  3.837  0.000  3.840  6.836  8.288  6.315  7.389 10.674 10.990 10.918 13.543 15.395 15.735 16.941 19.141 19.868 19.028 18.325 15.253 17.836 19.652 16.895 16.457 14.277 16.146 15.737 18.744 20.710 18.490 16.614 12.920 12.463 10.517  9.503  8.367  5.389  6.279  8.115  9.953 11.429 12.066 10.992 12.459 12.855 15.095 14.692 15.975 14.503 17.224 17.204 19.967 21.183 22.953 25.997 27.379 29.625 31.246
 13.708 14.590 13.066 15.205 14.644 17.928 19.171 21.883 24.712 23.884 22.366 19.942 17.370 16.425 13.257 12.706  9.320  8.975  8.321  6.533  3.840  0.000  3.832  5.231  5.118  6.552  8.829  9.824 10.883 12.846 14.338 15.558 16.998 18.540 18.824 17.354 16.141 12.682 14.758 16.812 14.239 13.603 11.898 14.004 14.235 17.382 18.752 16.112 13.776 10.037  8.945  6.725  5.913  5.429  4.110  6.350  8.866  9.223 10.462 12.295 11.517 13.938 14.894 16.701 15.460 16.062 13.770 15.879 15.447 17.694 18.739 20.079 23.176 24.595 26.804 28.453
 14.519 14.425 12.027 13.300 11.975 14.885 15.814 18.326 21.276 20.677 19.504 17.383 15.187 14.969 12.383 12.930 10.196 10.975 10.279  9.647  6.836  3.832  0.000  3.846  5.378  4.974  6.318  8.673  9.865 10.706 12.456 14.410 15.416 16.296 16.691 14.710 13.711 10.152 12.051 13.610 10.734  9.841  8.132 10.536 11.384 14.815 15.772 13.230 10.582  7.077  6.676  4.800  6.341  6.062  5.924  6.833 10.258 10.145 10.037 12.420 11.078 13.872 14.829 15.858 14.005 13.790 10.927 12.488 11.811 13.906 15.072 16.505 19.710 21.251 23.497 25.182
 16.799 16.688 14.567 15.569 13.831 16.580 16.815 19.342 22.080 21.589 20.388 18.730 16.187 16.329 13.574 14.227 11.794 12.868 12.972 11.621  8.288  5.231  3.846  0.000  3.848  5.427  5.067  6.273  8.794  9.904 10.467 12.568 14.399 15.194 14.768 12.890 11.168  7.599  9.696 11.979  9.942 10.234  9.858 12.995 14.583 18.115 18.606 15.941 12.759  9.658  8.190  4.752  6.371  8.099  8.689 10.367 13.544 13.323 13.674 16.139 14.838 17.429 17.995 18.861 17.289 16.725 13.726 14.662 13.032 14.581 14.777 15.778 18.648 19.973 22.288 24.069
 14.142 14.276 12.860 14.350 13.306 16.549 17.232 20.248 22.642 21.665 19.868 17.859 14.799 14.287 11.051 11.146  8.820 10.171 11.277 10.090  6.315  5.118  5.378  3.848  0.000  3.860  5.383  4.923  6.337  8.779  9.658 10.619 12.527 14.229 14.202 13.266 12.217  9.377 12.357 14.295 12.101 12.840 11.858 14.930 15.979 19.576 20.645 18.360 15.537 12.285 11.447  8.311  9.008  9.977  9.078 10.196 13.287 14.112 14.692 16.356 14.623 16.493 16.386 17.371 16.560 16.406 14.058 15.599 14.220 16.436 16.696 18.259 20.970 22.203 24.583 26.344
 12.423 11.697  9.655 10.668  9.468 12.769 13.735 16.882 19.263 18.156 16.336 14.169 11.307 10.998  8.186  9.228  7.535  9.862 10.838 10.957  7.389  6.552  4.974  5.427  3.860  0.000  3.848  5.405  5.124  6.463  8.748  9.994 10.735 12.194 13.045 11.932 11.871  9.249 12.374 13.328 10.411 10.873  9.219 12.170 13.121 16.804 18.016 16.247 13.728 10.842 11.229  9.015 10.732 10.787  9.510  9.217 12.833 13.938 13.544 14.990 12.570 14.288 13.930 14.296 13.301 12.763 10.475 12.085 10.967 13.679 14.455 16.633 19.492 20.890 23.310 25.057
 16.051 14.880 12.471 12.472 10.165 12.652 12.531 15.366 17.731 17.046 15.683 14.356 11.778 12.635 10.536 12.366 11.226 13.661 14.509 14.311 10.674  8.829  6.318  5.067  5.383  3.848  0.000  3.841  5.402  5.047  6.247  8.791  9.883 10.308 10.395  8.622  8.168  5.511  8.780  9.655  7.128  8.552  8.235 11.852 13.852 17.616 18.055 16.202 13.152 10.891 10.953  8.505 11.145 12.157 11.996 12.186 15.895 16.321 15.689 17.724 15.426 17.482 17.243 17.115 15.717 14.340 11.460 11.849  9.606 11.507 11.481 13.363 16.047 17.402 19.918 21.782
 16.602 15.798 14.186 14.569 12.760 15.413 15.222 18.230 20.161 19.246 17.473 16.230 13.099 13.573 11.016 12.289 11.391 13.833 15.477 14.806 10.990  9.824  8.673  6.273  4.923  5.405  3.841  0.000  3.844  5.413  4.904  6.362  8.758 10.008  9.414  8.834  8.078  6.412 10.090 11.501  9.955 12.066 12.057 15.665 17.502 21.264 21.851 19.936 16.834 14.349 13.838 10.721 12.547 14.064 13.630 14.246 17.688 18.458 18.422 20.194 17.938 19.611 18.947 19.027 18.272 17.216 14.759 15.362 13.030 14.827 14.191 15.854 18.055 19.100 21.606 23.459
 13.897 12.720 11.497 11.872 10.676 13.616 14.008 17.416 19.012 17.588 15.259 13.610 10.121 10.125  7.535  9.049  9.092 12.226 14.429 14.571 10.918 10.883  9.865  8.794  6.337  5.124  5.402  3.844  0.000  3.854  5.335  5.095  6.282  8.603  9.387  9.705 10.401  9.374 13.135 13.732 11.603 13.466 12.629 15.885 17.191 20.891 21.961 20.562 17.929 15.489 15.780 13.138 14.895 15.586 14.279 13.974 17.407 18.882 18.549 19.670 16.906 17.906 16.594 16.353 16.172 15.248 13.499 14.552 12.730 15.248 15.115 17.494 19.699 20.790 23.289 25.066
 15.758 13.771 11.756 10.909  8.694 10.862 10.579 13.882 15.389 14.153 12.150 11.120  8.128  9.547  8.290 11.042 11.536 14.891 16.593 17.139 13.543 12.846 10.706  9.904  8.779  6.463  5.047  5.413  3.854  0.000  3.848  5.433  5.066  5.753  7.093  6.774  8.483  8.069 11.587 11.196  8.974 11.178 10.735 14.030 15.845 19.512 20.156 19.119 16.505 14.789 15.602 13.487 16.065 16.734 15.882 15.215 18.930 20.056 19.050 20.427 17.448 18.643 17.423 16.450 15.762 13.968 11.942 12.100  9.750 12.034 11.734 14.430 16.523 17.690 20.239 22.056
 18.928 17.254 15.478 14.730 12.373 14.110 13.059 15.924 17.199 16.311 14.620 14.298 11.460 13.043 11.666 13.989 14.296 17.404 19.254 19.173 15.395 14.338 12.456 10.467  9.658  8.748  6.247  4.904  5.335  3.848  0.000  3.841  5.564  5.564  4.572  4.791  5.824  6.633 10.163 10.179  9.262 12.345 12.956 16.567 18.847 22.548 22.790 21.448 18.427 16.770 16.869 14.245 16.753 18.208 17.860 17.884 21.546 22.374 21.721 23.429 20.722 22.132 21.021 20.228 19.530 17.696 15.415 15.130 12.193 13.562 12.194 14.183 15.736 16.609 19.188 21.075
 18.031 16.510 15.547 15.158 13.609 15.677 15.142 18.304 19.151 17.779 15.458 14.845 11.533 12.402 10.842 12.701 13.638 16.869 19.381 19.402 15.735 15.558 14.410 12.568 10.619  9.994  8.791  6.362  5.095  5.433  3.841  0.000  3.846  6.040  5.828  7.968  9.297 10.210 13.813 13.979 12.973 15.839 15.917 19.358 21.166 24.849 25.526 24.322 21.501 19.534 19.678 16.869 18.864 20.118 19.169 19.022 22.474 23.849 23.445 24.666 21.794 22.643 20.994 20.253 20.276 18.848 17.196 17.460 14.970 16.813 15.684 17.879 19.271 19.987 22.456 24.221
 17.178 14.965 13.911 12.839 11.393 13.056 12.661 15.939 16.382 14.671 12.042 11.524  8.353  9.685  9.201 11.845 13.604 17.229 19.684 20.425 16.941 16.998 15.416 14.399 12.527 10.735  9.883  8.758  6.282  5.066  5.564  3.846  0.000  3.832  6.083  8.296 10.914 11.938 15.402 14.698 13.203 15.802 15.473 18.525 20.124 23.634 24.438 23.783 21.359 19.761 20.620 18.348 20.671 21.383 20.151 19.286 22.809 24.412 23.488 24.403 21.163 21.651 19.665 18.299 18.474 16.745 15.586 15.726 13.541 15.688 14.963 17.750 19.134 19.944 22.372 24.065
 19.909 17.366 15.645 13.814 11.486 12.140 10.702 13.495 13.723 12.452 10.509 11.089  8.879 11.442 11.700 14.840 16.355 19.965 21.967 22.713 19.141 18.540 16.296 15.194 14.229 12.194 10.308 10.008  8.603  5.753  5.564  6.040  3.832  0.000  3.853  5.699  9.176 10.972 13.874 12.398 11.372 14.303 14.644 17.675 19.806 23.221 23.486 23.004 20.514 19.531 20.526 18.560 21.397 22.298 21.589 20.755 24.472 25.635 24.345 25.632 22.420 23.267 21.590 19.869 19.467 17.082 15.539 14.751 12.015 13.433 12.177 14.922 15.932 16.695 19.131 20.866
 22.339 20.197 18.436 16.951 14.368 15.106 13.229 15.594 16.034 15.304 13.899 14.679 12.461 14.825 14.434 17.188 18.158 21.507 23.468 23.620 19.868 18.824 16.691 14.768 14.202 13.045 10.395  9.414  9.387  7.093  4.572  5.828  6.083  3.853  0.000  3.824  6.574  9.324 11.954 10.903 10.970 14.472 15.624 19.024 21.581 25.112 25.018 24.093 21.177 20.143 20.491 18.145 20.929 22.459 22.239 22.044 25.775 26.580 25.616 27.309 24.403 25.644 24.273 22.920 22.291 19.962 17.906 16.907 13.676 14.361 12.254 14.168 14.781 15.309 17.790 19.617
 22.468 20.333 17.976 16.369 13.236 13.735 11.503 13.513 14.592 14.390 13.651 14.439 12.657 15.299 14.858 17.763 18.150 21.291 22.669 22.744 19.028 17.354 14.710 12.890 13.266 11.932  8.622  8.834  9.705  6.774  4.791  7.968  8.296  5.699  3.824  0.000  3.898  6.514  8.655  7.168  7.371 11.009 12.684 16.120 19.039 22.521 22.050 20.979 17.938 17.226 17.562 15.538 18.678 20.261 20.527 20.461 24.259 24.593 23.438 25.509 22.827 24.535 23.683 22.408 21.163 18.614 16.023 14.586 11.031 11.158  8.802 10.519 11.495 12.344 15.036 17.052
 23.572 21.943 19.557 18.490 15.378 16.278 14.222 16.026 17.592 17.674 17.117 17.570 15.591 17.805 16.682 19.099 18.770 21.453 22.585 22.046 18.325 16.141 13.711 11.168 12.217 11.871  8.168  8.078 10.401  8.483  5.824  9.297 10.914  9.176  6.574  3.898  0.000  3.894  5.616  5.652  6.927 10.589 12.833 16.488 19.589 23.121 22.442 20.776 17.354 16.406 15.932 13.546 16.505 18.676 19.490 20.126 23.797 23.704 22.966 25.423 23.194 25.319 24.898 24.141 22.666 20.405 17.392 16.116 12.532 12.255  9.702 10.264 11.374 12.141 14.800 16.881
 21.514 20.235 17.689 17.102 14.121 15.541 14.096 16.076 18.284 18.323 17.713 17.476 15.392 17.125 15.525 17.600 16.601 18.878 19.574 18.850 15.253 12.682 10.152  7.599  9.377  9.249  5.511  6.412  9.374  8.069  6.633 10.210 11.938 10.972  9.324  6.514  3.894  0.000  3.843  5.495  5.328  8.238 10.202 13.944 16.900 20.476 19.939 17.875 14.325 12.958 12.197  9.696 12.709 14.862 15.885 16.773 20.357 20.028 19.440 22.070 20.141 22.562 22.562 22.227 20.501 18.578 15.304 14.460 11.233 11.348  9.706 10.279 12.383 13.511 16.094 18.127
 24.662 23.385 20.558 19.780 16.534 17.411 15.539 16.766 19.132 19.727 19.759 19.890 18.310 20.320 18.940 21.078 19.856 21.867 22.090 21.193 17.836 14.758 12.051  9.696 12.357 12.374  8.780 10.090 13.135 11.587 10.163 13.813 15.402 13.874 11.954  8.655  5.616  3.843  0.000  3.841  5.556  7.921 10.938 14.304 17.654 20.931 19.746 17.493 13.814 13.147 12.013 10.118 13.275 15.721 17.515 18.686 22.116 21.160 20.473 23.517 21.967 24.758 25.182 24.846 22.692 20.574 17.020 15.613 12.314 11.291  9.202  8.370 10.325 11.421 13.875 15.971
 25.072 23.257 20.193 18.737 15.162 15.275 12.841 13.634 15.818 16.674 17.129 17.795 16.782 19.360 18.683 21.366 20.667 23.091 23.351 23.031 19.652 16.812 13.610 11.979 14.295 13.328  9.655 11.501 13.732 11.196 10.179 13.979 14.698 12.398 10.903  7.168  5.652  5.495  3.841  0.000  3.835  6.808 10.181 13.299 16.899 20.036 18.601 16.970 13.595 13.714 13.565 12.384 15.936 17.810 19.311 19.811 23.425 22.639 21.348 24.232 22.316 24.930 25.155 24.264 22.003 19.373 15.923 13.820 10.213  8.516  5.732  5.092  7.123  8.650 11.454 13.724
 21.683 19.806 16.596 15.183 11.648 12.060 10.200 11.530 14.168 14.670 14.836 14.911 13.894 16.255 15.594 18.305 17.557 19.997 20.101 20.158 16.895 14.239 10.734  9.942 12.101 10.411  7.128  9.955 11.603  8.974  9.262 12.973 13.203 11.372 10.970  7.371  6.927  5.328  5.556  3.835  0.000  3.820  6.575  9.928 13.368 16.680 15.662 14.140 10.889 10.743 11.303 10.414 14.142 15.358 16.444 16.485 20.172 19.617 18.069 20.756 18.662 21.207 21.452 20.552 18.218 15.653 12.162 10.311  6.839  6.132  4.972  6.329  9.339 11.107 13.754 15.817
 21.213 19.455 15.947 14.666 11.296 11.616 10.399 11.312 14.526 15.195 15.662 15.293 14.749 16.793 16.191 18.709 17.560 19.580 18.984 19.245 16.457 13.603  9.841 10.234 12.840 10.873  8.552 12.066 13.466 11.178 12.345 15.839 15.802 14.303 14.472 11.009 10.589  8.238  7.921  6.808  3.820  0.000  3.828  6.610 10.236 13.340 12.098 10.405  7.179  7.631  8.878  9.243 13.036 13.588 14.909 14.731 18.212 17.260 15.322 18.200 16.420 19.291 20.101 19.353 16.507 14.048 10.314  8.417  5.888  5.172  6.165  7.293 10.824 12.798 15.076 16.903
 18.011 16.267 12.650 11.605  8.661  9.569  9.623 11.133 14.488 14.615 14.635 13.442 12.908 14.388 13.783 16.121 14.894 16.795 15.957 16.743 14.277 11.898  8.132  9.858 11.858  9.219  8.235 12.057 12.629 10.735 12.956 15.917 15.473 14.644 15.624 12.684 12.833 10.202 10.938 10.181  6.575  3.828  0.000  3.822  6.886 10.382 10.056  8.585  5.991  5.698  8.239  9.058 12.479 12.019 12.603 11.681 15.168 14.600 12.296 14.816 12.775 15.558 16.444 15.763 12.797 10.583  6.786  5.803  4.797  6.339  8.745 10.738 14.189 16.090 18.250 19.894
 18.784 16.995 13.253 12.085  9.670  9.898 10.541 11.294 14.788 15.097 15.552 14.215 14.483 15.772 15.636 17.844 16.612 18.153 16.698 17.947 16.146 14.004 10.536 12.995 14.930 12.170 11.852 15.665 15.885 14.030 16.567 19.358 18.525 17.675 19.024 16.120 16.488 13.944 14.304 13.299  9.928  6.610  3.822  0.000  3.824  6.815  6.312  5.485  4.517  5.789  9.338 11.372 14.380 13.112 13.629 12.127 15.093 14.279 11.241 13.594 11.820 14.662 16.059 15.258 11.760  9.568  6.131  5.051  6.285  7.525 10.827 12.688 16.072 18.022 19.861 21.258
 17.046 15.473 11.904 11.252  9.995 10.627 12.403 13.370 16.638 16.529 16.650 14.641 15.031 15.554 15.459 17.188 15.858 16.948 15.034 16.835 15.737 14.235 11.384 14.583 15.979 13.121 13.852 17.502 17.191 15.845 18.847 21.166 20.124 19.806 21.581 19.039 19.589 16.900 17.654 16.899 13.368 10.236  6.886  3.824  0.000  3.848  5.523  5.509  6.517  6.944 10.738 13.023 15.320 13.148 12.951 10.671 13.067 12.579  9.050 10.697  8.939 11.638 13.453 12.873  9.133  7.772  5.375  6.244  8.958 10.931 14.392 16.452 19.786 21.687 23.439 24.711
 19.292 17.811 14.473 13.793 12.997 13.037 14.893 15.208 18.316 18.399 18.895 16.982 17.922 18.353 18.584 20.154 18.870 19.612 17.298 19.294 18.744 17.382 14.815 18.115 19.576 16.804 17.616 21.264 20.891 19.512 22.548 24.849 23.634 23.221 25.112 22.521 23.121 20.476 20.931 20.036 16.680 13.340 10.382  6.815  3.848  0.000  3.849  5.594  8.415  9.660 13.294 16.094 18.088 15.596 15.483 13.101 14.682 13.924 10.145 11.292 10.283 12.646 14.889 14.287 10.502  9.568  8.361  8.910 12.007 13.485 17.111 18.953 22.156 24.058 25.558 26.638
 22.366 20.723 17.159 16.030 14.417 13.840 14.777 14.367 17.618 18.306 19.405 18.156 19.289 20.358 20.664 22.599 21.308 22.268 20.065 21.628 20.710 18.752 15.772 18.606 20.645 18.016 18.055 21.851 21.961 20.156 22.790 25.526 24.438 23.486 25.018 22.050 22.442 19.939 19.746 18.601 15.662 12.098 10.056  6.312  5.523  3.849  0.000  3.819  6.958  9.596 13.007 16.083 18.480 16.549 17.218 15.446 17.303 15.957 12.389 14.300 13.519 16.182 18.324 17.543 13.734 12.086 10.126  9.255 11.626 12.010 15.506 16.818 19.886 21.808 23.130 24.141
 21.850 20.644 17.120 16.540 14.744 14.908 15.646 15.714 19.182 19.822 20.625 19.247 19.698 20.615 20.260 21.923 20.122 20.804 18.462 19.446 18.490 16.112 13.230 15.941 18.360 16.247 16.202 19.936 20.562 19.119 21.448 24.322 23.783 23.004 24.093 20.979 20.776 17.875 17.493 16.970 14.140 10.405  8.585  5.485  5.509  5.594  3.819  0.000  3.826  6.466  9.534 12.872 15.114 13.352 14.570 13.476 15.373 13.484 10.311 13.037 12.720 15.982 18.386 18.214 14.470 13.180 10.502 10.019 11.589 11.894 14.972 15.844 19.119 21.053 22.505 23.658
 21.308 20.140 16.587 16.057 13.749 14.273 14.495 14.934 18.475 19.118 19.734 18.533 18.455 19.581 18.848 20.611 18.700 19.612 17.667 18.141 16.614 13.776 10.582 12.759 15.537 13.728 13.152 16.834 17.929 16.505 18.427 21.501 21.359 20.514 21.177 17.938 17.354 14.325 13.814 13.595 10.889  7.179  5.991  4.517  6.517  8.415  6.958  3.826  0.000  3.826  6.557  9.620 12.352 11.343 13.022 12.591 15.082 13.177 10.628 13.859 13.241 16.692 18.748 18.665 15.148 13.615 10.233  9.494  9.863  9.939 12.464 13.092 16.504 18.444 20.115 21.478
 18.559 17.857 14.588 14.815 12.913 14.435 15.119 16.398 19.853 20.010 19.960 18.265 17.469 18.030 16.652 17.931 15.607 16.233 14.295 14.463 12.920 10.037  7.077  9.658 12.285 10.842 10.891 14.349 15.489 14.789 16.770 19.534 19.761 19.531 20.143 17.226 16.406 12.958 13.147 13.714 10.743  7.631  5.698  5.789  6.944  9.660  9.596  6.466  3.826  0.000  3.837  6.616  9.044  7.763  9.302  9.228 11.907 10.159  8.192 11.597 10.999 14.589 16.622 17.106 13.949 13.070  9.703 10.154 10.374 11.420 13.608 14.532 18.017 19.852 21.745 23.230
 20.108 19.890 16.957 17.580 15.645 17.456 17.789 19.172 22.564 22.783 22.614 21.034 19.758 20.230 18.308 19.225 16.499 16.757 14.920 14.084 12.463  8.945  6.676  8.190 11.447 11.229 10.953 13.838 15.780 15.602 16.869 19.678 20.620 20.526 20.491 17.562 15.932 12.197 12.013 13.565 11.303  8.878  8.239  9.338 10.738 13.294 13.007  9.534  6.557  3.837  0.000  3.838  5.924  5.838  8.697 10.154 12.518 10.261  9.660 13.320 13.301 16.937 18.978 19.904 17.072 16.447 13.060 13.495 12.971 13.598 14.946 15.186 18.509 20.178 22.059 23.596
 19.229 19.168 16.579 17.423 15.481 17.729 17.897 19.763 22.919 22.895 22.315 20.755 18.877 19.246 16.879 17.628 14.880 15.327 14.229 12.841 10.517  6.725  4.800  4.752  8.311  9.015  8.505 10.721 13.138 13.487 14.245 16.869 18.348 18.560 18.145 15.538 13.546  9.696 10.118 12.384 10.414  9.243  9.058 11.372 13.023 16.094 16.083 12.872  9.620  6.616  3.838  0.000  3.853  5.686  8.168 10.279 12.995 11.466 11.640 14.895 14.437 17.727 19.200 20.209 17.902 17.312 13.962 14.564 13.354 14.229 14.870 15.200 18.327 19.816 21.891 23.564
 19.377 20.055 17.983 19.514 18.150 20.769 21.307 23.333 26.479 26.287 25.460 23.575 21.438 21.235 18.431 18.410 15.158 14.697 13.308 11.077  9.503  5.913  6.341  6.371  9.008 10.732 11.145 12.547 14.895 16.065 16.753 18.864 20.671 21.397 20.929 18.678 16.505 12.709 13.275 15.936 14.142 13.036 12.479 14.380 15.320 18.088 18.480 15.114 12.352  9.044  5.924  3.853  0.000  3.812  6.766 10.008 11.801 10.048 11.463 14.509 14.783 17.988 19.709 21.379 19.375 19.476 16.488 17.678 16.848 17.973 18.675 18.938 21.978 23.358 25.336 26.931
 17.263 18.118 16.070 17.910 17.064 19.787 20.920 22.972 26.198 25.848 24.962 22.687 20.787 20.197 17.523 17.261 13.835 12.918 10.725  9.022  8.367  5.429  6.062  8.099  9.977 10.787 12.157 14.064 15.586 16.734 18.208 20.118 21.383 22.298 22.459 20.261 18.676 14.862 15.721 17.810 15.358 13.588 12.019 13.112 13.148 15.596 16.549 13.352 11.343  7.763  5.838  5.686  3.812  0.000  3.834  6.930  8.292  6.286  7.821 10.793 11.453 14.758 16.897 18.846 16.763 17.360 14.745 16.502 16.502 18.103 19.527 20.251 23.524 25.065 27.026 28.551
 13.654 14.883 13.313 15.735 15.627 18.770 20.470 22.917 25.948 25.181 23.860 21.164 19.063 17.857 15.002 14.203 10.616  9.277  6.908  5.540  5.389  4.110  5.924  8.689  9.078  9.510 11.996 13.630 14.279 15.882 17.860 19.169 20.151 21.589 22.239 20.527 19.490 15.885 17.515 19.311 16.444 14.909 12.603 13.629 12.951 15.483 17.218 14.570 13.022  9.302  8.697  8.168  6.766  3.834  0.000  3.825  5.275  5.155  6.946  8.739  8.945 11.740 13.620 15.928 14.379 15.589 13.617 16.118 16.548 18.854 20.537 21.876 25.177 26.730 28.801 30.338
 10.969 11.873 10.150 12.698 13.140 16.297 18.528 21.039 23.960 22.976 21.557 18.574 16.773 15.309 12.862 12.189  8.956  7.975  5.193  6.242  6.279  6.350  6.833 10.367 10.196  9.217 12.186 14.246 13.974 15.215 17.884 19.022 19.286 20.755 22.044 20.461 20.126 16.773 18.686 19.811 16.485 14.731 11.681 12.127 10.671 13.101 15.446 13.476 12.591  9.228 10.154 10.279 10.008  6.930  3.825  0.000  3.854  5.487  5.479  6.205  5.322  8.057 10.006 12.258 10.679 12.263 10.872 13.910 15.043 17.830 20.017 21.889 25.252 26.895 28.980 30.476
 11.957 13.694 12.678 15.588 16.533 19.614 22.067 24.457 27.388 26.378 24.950 21.799 20.107 18.262 15.817 14.492 11.157  8.940  5.168  6.019  8.115  8.866 10.258 13.544 13.287 12.833 15.895 17.688 17.407 18.930 21.546 22.474 22.809 24.472 25.775 24.259 23.797 20.357 22.116 23.425 20.172 18.212 15.168 15.093 13.067 14.682 17.303 15.373 15.082 11.907 12.518 12.995 11.801  8.292  5.275  3.854  0.000  3.859  5.421  4.667  5.920  8.040 10.680 13.695 12.470 14.790 13.959 17.143 18.631 21.349 23.671 25.409 28.802 30.445 32.440 33.866
 15.556 16.902 15.281 17.658 17.906 20.632 22.671 24.671 27.861 27.250 26.259 23.427 21.959 20.665 18.330 17.502 14.104 12.241  8.698  8.423  9.953  9.223 10.145 13.323 14.112 13.938 16.321 18.458 18.882 20.056 22.374 23.849 24.412 25.635 26.580 24.593 23.704 20.028 21.160 22.639 19.617 17.260 14.600 14.279 12.579 13.924 15.957 13.484 13.177 10.159 10.261 11.466 10.048  6.286  5.155  5.487  3.859  0.000  3.836  5.460  7.800 10.845 13.878 16.481 14.530 16.261 14.752 17.369 18.678 20.842 23.120 24.367 27.795 29.466 31.338 32.724
 15.271 15.832 13.612 15.425 15.535 17.848 19.988 21.724 24.940 24.428 23.703 20.950 19.999 19.024 17.287 17.100 14.198 13.145  9.772 10.678 11.429 10.462 10.037 13.674 14.692 13.544 15.689 18.422 18.549 19.050 21.721 23.445 23.488 24.345 25.616 23.438 22.966 19.440 20.473 21.348 18.069 15.322 12.296 11.241  9.050 10.145 12.389 10.311 10.628  8.192  9.660 11.640 11.463  7.821  6.946  5.479  5.421  3.836  0.000  3.855  5.599  9.212 12.467 14.432 11.859 13.279 11.796 14.315 16.105 18.282 20.967 22.434 25.906 27.677 29.505 30.842
 13.397 14.334 12.769 15.062 16.089 18.552 21.242 23.171 26.144 25.287 24.252 21.129 20.227 18.651 17.046 16.356 13.678 12.195  8.616 10.517 12.066 12.295 12.420 16.139 16.356 14.990 17.724 20.194 19.670 20.427 23.429 24.666 24.403 25.632 27.309 25.509 25.423 22.070 23.517 24.232 20.756 18.200 14.816 13.594 10.697 11.292 14.300 13.037 13.859 11.597 13.320 14.895 14.509 10.793  8.739  6.205  4.667  5.460  3.855  0.000  3.841  6.394 10.026 12.514 10.549 12.958 12.577 15.692 17.973 20.602 23.477 25.334 28.781 30.540 32.393 33.700
 10.636 10.903  9.031 11.268 12.543 15.144 18.055 20.245 23.026 21.929 20.674 17.438 16.529 14.904 13.549 13.199 11.012 10.412  7.599 10.366 10.992 11.517 11.078 14.838 14.623 12.570 15.426 17.938 16.906 17.448 20.722 21.794 21.163 22.420 24.403 22.827 23.194 20.141 21.967 22.316 18.662 16.420 12.775 11.820  8.939 10.283 13.519 12.720 13.241 10.999 13.301 14.437 14.783 11.453  8.945  5.322  5.920  7.800  5.599  3.841  0.000  3.830  6.965  9.002  6.962  9.449  9.403 12.875 15.246 18.270 21.171 23.449 26.826 28.571 30.525 31.878
  8.534  8.995  8.212 10.875 13.209 15.847 19.189 21.570 23.958 22.472 20.842 17.302 16.436 14.153 13.106 12.267 10.765 10.108  7.954 11.502 12.459 13.938 13.872 17.429 16.493 14.288 17.482 19.611 17.906 18.643 22.132 22.643 21.651 23.267 25.644 24.535 25.319 22.562 24.758 24.930 21.207 19.291 15.558 14.662 11.638 12.646 16.182 15.982 16.692 14.589 16.937 17.727 17.988 14.758 11.740  8.057  8.040 10.845  9.212  6.394  3.830  0.000  3.838  6.600  6.058  9.597 10.898 14.623 17.219 20.563 23.486 26.105 29.374 31.068 33.045 34.371
  5.734  5.660  5.996  8.969 12.077 14.881 18.396 21.119 23.072 21.192 19.085 15.365 14.276 11.451 10.661  9.643  9.185  9.327  8.669 12.452 12.855 14.894 14.829 17.995 16.386 13.930 17.243 18.947 16.594 17.423 21.021 20.994 19.665 21.590 24.273 23.683 24.898 22.562 25.182 25.155 21.452 20.101 16.444 16.059 13.453 14.889 18.324 18.386 18.748 16.622 18.978 19.200 19.709 16.897 13.620 10.006 10.680 13.878 12.467 10.026  6.965  3.838  0.000  3.843  5.582  9.106 11.127 14.878 17.251 20.882 23.589 26.544 29.633 31.238 33.297 34.651
  7.664  5.431  4.891  6.392  9.886 12.139 15.830 18.460 20.076 18.044 15.934 12.215 11.747  9.219  9.706  9.896 10.593 11.919 11.810 15.443 15.095 16.701 15.858 18.861 17.371 14.296 17.115 19.027 16.353 16.450 20.228 20.253 18.299 19.869 22.920 22.408 24.141 22.227 24.846 24.264 20.552 19.353 15.763 15.258 12.873 14.287 17.543 18.214 18.665 17.106 19.904 20.209 21.379 18.846 15.928 12.258 13.695 16.481 14.432 12.514  9.002  6.600  3.843  0.000  3.843  6.641  9.576 12.989 15.538 19.209 21.990 25.221 28.132 29.714 31.731 33.038
 10.051  7.994  5.511  6.047  8.402 10.340 13.930 16.204 18.307 16.726 15.241 11.798 11.783 10.289 10.707 11.613 11.515 12.801 11.874 15.224 14.692 15.460 14.005 17.289 16.560 13.301 15.717 18.272 16.172 15.762 19.530 20.276 18.474 19.467 22.291 21.163 22.666 20.501 22.692 22.003 18.218 16.507 12.797 11.760  9.133 10.502 13.734 14.470 15.148 13.949 17.072 17.902 19.375 16.763 14.379 10.679 12.470 14.530 11.859 10.549  6.962  6.058  5.582  3.843  0.000  3.828  6.484  9.974 12.933 16.411 19.498 22.548 25.599 27.283 29.233 30.523
 12.585  9.805  6.478  4.682  5.640  6.728 10.298 12.434 14.570 13.131 11.998  8.908  9.589  9.347 10.526 12.587 12.883 14.919 14.329 17.257 15.975 16.062 13.790 16.725 16.406 12.763 14.340 17.216 15.248 13.968 17.696 18.848 16.745 17.082 19.962 18.614 20.405 18.578 20.574 19.373 15.653 14.048 10.583  9.568  7.772  9.568 12.086 13.180 13.615 13.070 16.447 17.312 19.476 17.360 15.589 12.263 14.790 16.261 13.279 12.958  9.449  9.597  9.106  6.641  3.828  0.000  3.819  6.614  9.705 13.119 16.269 19.472 22.388 24.073 26.002 27.291
 13.867 11.466  7.682  6.127  4.751  6.118  8.788 10.938 13.721 12.815 12.092  9.601  9.756 10.316 10.720 13.045 12.672 14.757 14.001 16.259 14.503 13.770 10.927 13.726 14.058 10.475 11.460 14.759 13.499 11.942 15.415 17.196 15.586 15.539 17.906 16.023 17.392 15.304 17.020 15.923 12.162 10.314  6.786  6.131  5.375  8.361 10.126 10.502 10.233  9.703 13.060 13.962 16.488 14.745 13.617 10.872 13.959 14.752 11.796 12.577  9.403 10.898 11.127  9.576  6.484  3.819  0.000  3.830  6.613  9.999 13.151 16.130 19.233 21.001 23.014 24.417
 17.409 14.767 11.006  8.600  5.794  4.950  6.196  7.577 10.741 10.500 10.716  9.378 10.308 12.108 13.002 15.880 15.740 18.089 17.455 19.345 17.224 15.879 12.488 14.662 15.599 12.085 11.849 15.362 14.552 12.100 15.130 17.460 15.726 14.751 16.907 14.586 16.116 14.460 15.613 13.820 10.311  8.417  5.803  5.051  6.244  8.910  9.255 10.019  9.494 10.154 13.495 14.564 17.678 16.502 16.118 13.910 17.143 17.369 14.315 15.692 12.875 14.623 14.878 12.989  9.974  6.614  3.830  0.000  3.821  6.654 10.109 13.142 16.111 17.917 19.855 21.247
 18.762 16.173 12.550 10.183  6.521  5.830  4.923  6.656  9.856  9.931 10.205  9.724  9.997 12.488 13.052 16.207 16.098 18.760 18.583 19.907 17.204 15.447 11.811 13.032 14.220 10.967  9.606 13.030 12.730  9.750 12.193 14.970 13.541 12.015 13.676 11.031 12.532 11.233 12.314 10.213  6.839  5.888  4.797  6.285  8.958 12.007 11.626 11.589  9.863 10.374 12.971 13.354 16.848 16.502 16.548 15.043 18.631 18.678 16.105 17.973 15.246 17.219 17.251 15.538 12.933  9.705  6.613  3.821  0.000  3.820  6.628  9.896 12.834 14.641 16.844 18.476
 22.468 19.953 16.329 13.932 10.252  8.874  6.622  6.491  9.708 10.820 12.095 12.600 13.205 16.043 16.622 19.794 19.545 22.098 21.765 22.740 19.967 17.694 13.906 14.581 16.436 13.679 11.507 14.827 15.248 12.034 13.562 16.813 15.688 13.433 14.361 11.158 12.255 11.348 11.291  8.516  6.132  5.172  6.339  7.525 10.931 13.485 12.010 11.894  9.939 11.420 13.598 14.229 17.973 18.103 18.854 17.830 21.349 20.842 18.282 20.602 18.270 20.563 20.882 19.209 16.411 13.119  9.999  6.654  3.820  0.000  3.822  6.670  9.605 11.571 13.723 15.446
 24.460 22.006 18.606 16.287 12.495 11.345  8.382  8.310 10.652 11.901 13.133 14.266 14.414 17.520 17.896 21.121 20.971 23.692 23.746 24.308 21.183 18.739 15.072 14.777 16.696 14.455 11.481 14.191 15.115 11.734 12.194 15.684 14.963 12.177 12.254  8.802  9.702  9.706  9.202  5.732  4.972  6.165  8.745 10.827 14.392 17.111 15.506 14.972 12.464 13.608 14.946 14.870 18.675 19.527 20.537 20.017 23.671 23.120 20.967 23.477 21.171 23.486 23.589 21.990 19.498 16.269 13.151 10.109  6.628  3.822  0.000  3.824  6.395  8.427 11.050 13.148
 27.397 25.202 21.787 19.732 15.975 14.979 12.080 11.544 13.729 15.318 16.783 18.002 18.038 21.031 21.092 24.113 23.605 26.062 25.911 26.048 22.953 20.079 16.505 15.778 18.259 16.633 13.363 15.854 17.494 14.430 14.183 17.879 17.750 14.922 14.168 10.519 10.264 10.279  8.370  5.092  6.329  7.293 10.738 12.688 16.452 18.953 16.818 15.844 13.092 14.532 15.186 15.200 18.938 20.251 21.876 21.889 25.409 24.367 22.434 25.334 23.449 26.105 26.544 25.221 22.548 19.472 16.130 13.142  9.896  6.670  3.824  0.000  3.835  6.350  8.950 11.204
 30.297 27.974 24.666 22.415 18.645 17.347 14.089 13.163 14.625 16.435 18.137 19.913 20.079 23.309 23.570 26.709 26.450 29.063 29.124 29.209 25.997 23.176 19.710 18.648 20.970 19.492 16.047 18.055 19.699 16.523 15.736 19.271 19.134 15.932 14.781 11.495 11.374 12.383 10.325  7.123  9.339 10.824 14.189 16.072 19.786 22.156 19.886 19.119 16.504 18.017 18.509 18.327 21.978 23.524 25.177 25.252 28.802 27.795 25.906 28.781 26.826 29.374 29.633 28.132 25.599 22.388 19.233 16.111 12.834  9.605  6.395  3.835  0.000  3.833  6.551  9.026
 31.725 29.402 26.193 23.934 20.206 18.885 15.562 14.598 15.751 17.531 19.242 21.197 21.329 24.591 24.864 27.991 27.811 30.460 30.645 30.646 27.379 24.595 21.251 19.973 22.203 20.890 17.402 19.100 20.790 17.690 16.609 19.987 19.944 16.695 15.309 12.344 12.141 13.511 11.421  8.650 11.107 12.798 16.090 18.022 21.687 24.058 21.808 21.053 18.444 19.852 20.178 19.816 23.358 25.065 26.730 26.895 30.445 29.466 27.677 30.540 28.571 31.068 31.238 29.714 27.283 24.073 21.001 17.917 14.641 11.571  8.427  6.350  3.833  0.000  3.845  6.766
 33.941 31.602 28.378 26.066 22.394 20.889 17.597 16.292 17.265 19.160 21.115 23.203 23.547 26.820 27.196 30.315 30.130 32.718 32.805 32.805 29.625 26.804 23.497 22.288 24.583 23.310 19.918 21.606 23.289 20.239 19.188 22.456 22.372 19.131 17.790 15.036 14.800 16.094 13.875 11.454 13.754 15.076 18.250 19.861 23.439 25.558 23.130 22.505 20.115 21.745 22.059 21.891 25.336 27.026 28.801 28.980 32.440 31.338 29.505 32.393 30.525 33.045 33.297 31.731 29.233 26.002 23.014 19.855 16.844 13.723 11.050  8.950  6.551  3.845  0.000  3.811
