  0.000  3.836  6.664 10.351 13.290 16.732 19.735 22.907 25.116 23.035 20.115 16.519 14.145 10.690  8.538  5.617  5.461  5.765  7.530 10.647 10.699 13.820 14.650 17.000 14.402 12.545 16.132 16.592 13.686 15.515 18.652 17.490 16.375 19.267 21.792 21.950 23.346 21.479 24.768 25.087 21.578 21.329 18.076 18.873 17.288 19.709 22.654 22.121 21.383 18.629 20.151 19.272 19.471 17.353 13.682 11.023 11.834 15.481 15.265 13.379 10.680  8.685  5.759  7.625 10.170 12.653 13.867 17.412 18.784 22.528 24.443 27.481 30.175 33.114 36.136 37.972
  3.836  0.000  3.826  6.995 10.266 13.478 16.577 19.814 21.737 19.537 16.503 12.871 10.684  7.149  5.908  4.644  6.238  8.346  9.944 13.111 12.280 14.742 14.615 16.908 14.540 11.866 14.975 15.780 12.527 13.518 16.942 15.955 14.136 16.665 19.581 19.735 21.630 20.157 23.460 23.272 19.746 19.623 16.434 17.214 15.853 18.320 21.089 21.024 20.320 18.041 20.032 19.288 20.222 18.314 14.972 11.984 13.664 16.949 15.950 14.430 11.040  9.151  5.729  5.415  8.187  9.971 11.596 14.889 16.271 20.065 22.027 25.322 27.993 31.117 34.050 35.826
  6.664  3.826  0.000  3.822  6.809 10.111 13.263 16.327 18.532 16.667 14.031 10.377  8.594  6.013  5.617  6.203  6.848  9.337 10.023 13.094 11.757 13.305 12.299 14.850 13.185  9.906 12.647 14.266 11.397 11.584 15.306 15.169 13.255 15.123 17.975 17.491 19.357 17.724 20.755 20.241 16.589 16.151 12.865 13.497 12.289 14.929 17.481 17.506 16.805 14.837 17.184 16.795 18.256 16.376 13.473 10.291 12.704 15.409 13.779 12.878  9.155  8.248  5.903  4.699  5.644  6.557  7.803 11.099 12.639 16.445 18.650 21.919 24.768 27.940 30.838 32.648
 10.351  6.995  3.822  0.000  3.818  6.527  9.870 12.919 14.854 12.990 10.427  6.730  5.798  4.641  6.412  8.760  9.970 12.861 13.422 16.261 14.460 15.256 13.357 15.645 14.513 10.788 12.500 14.567 11.816 10.737 14.544 14.902 12.388 13.382 16.497 15.780 18.119 16.945 19.760 18.589 15.023 14.647 11.636 12.145 11.422 13.972 16.070 16.668 16.035 14.835 17.584 17.436 19.583 18.017 15.689 12.619 15.457 17.606 15.385 14.994 11.196 10.742  8.884  6.295  6.031  4.637  6.127  8.579 10.129 13.871 16.183 19.681 22.508 25.854 28.604 30.340
 13.290 10.266  6.809  3.818  0.000  3.837  6.502  9.683 12.078 10.400  8.533  5.618  5.055  6.324  7.905 10.813 11.505 14.531 14.903 17.148 14.777 14.644 11.976 13.856 13.431  9.591 10.215 12.830 10.769  8.711 12.386 13.633 11.329 11.439 14.183 12.822 15.098 13.996 16.509 15.005 11.491 11.211  8.624  9.621 10.015 12.962 14.233 14.708 13.606 12.849 15.583 15.452 18.167 17.111 15.511 12.971 16.339 17.790 15.400 15.930 12.386 13.008 11.945  9.785  8.373  5.523  4.706  5.710  6.432 10.147 12.381 15.896 18.736 22.108 24.843 26.604
 16.732 13.478 10.111  6.527  3.837  0.000  3.831  6.460  8.484  7.276  6.234  4.305  6.276  8.749 11.221 14.393 15.317 18.304 18.454 20.744 18.413 17.922 14.873 16.592 16.677 12.914 12.742 15.555 13.831 11.040 14.281 15.919 13.305 12.390 15.132 13.466 16.058 15.459 17.407 15.115 11.976 11.486  9.534  9.807 10.524 12.779 13.454 14.734 14.058 14.326 17.367 17.697 20.776 19.817 18.630 16.097 19.394 20.480 17.660 18.331 14.924 15.555 14.726 12.037 10.212  6.552  6.069  4.866  5.757  8.731 11.274 14.880 17.711 21.214 23.663 25.298
 19.735 16.577 13.263  9.870  6.502  3.831  0.000  3.840  6.104  4.934  5.529  6.027  7.736 11.103 13.285 16.685 17.523 20.649 20.935 22.746 20.002 18.964 15.592 16.573 17.103 13.652 12.368 15.148 14.084 10.644 13.118 15.365 13.023 11.106 13.261 11.140 13.772 13.735 15.218 12.421  9.897 10.021  9.395 10.331 12.225 14.565 14.268 15.349 14.135 14.868 17.532 17.665 21.112 20.781 20.173 18.200 21.752 22.426 19.722 20.973 17.795 18.887 18.208 15.715 13.839 10.165  8.717  6.100  4.654  6.238  8.078 11.770 14.314 17.868 20.206 21.793
 22.907 19.814 16.327 12.919  9.683  6.460  3.840  0.000  3.864  5.459  7.928  9.103 11.443 14.713 16.976 20.266 20.850 23.743 23.596 25.372 22.781 21.352 17.742 18.795 19.916 16.618 15.068 18.128 17.527 14.059 16.190 18.792 16.648 14.380 16.077 13.525 15.739 15.683 16.322 13.017 11.038 10.435 10.414 10.440 12.534 14.124 13.031 14.632 13.885 15.559 18.375 19.104 22.712 22.372 22.215 20.317 23.743 23.944 20.937 22.429 19.569 20.920 20.724 18.228 15.842 12.041 10.481  6.981  6.011  5.551  7.807 10.866 13.513 16.962 18.928 20.409
 25.116 21.737 18.532 14.854 12.078  8.484  6.104  3.864  0.000  3.839  7.303  9.627 12.573 16.020 18.787 22.304 23.409 26.517 26.635 28.600 25.980 24.793 21.274 22.188 23.026 19.670 18.094 20.798 19.899 16.270 18.169 20.456 17.915 15.299 17.192 15.155 17.832 18.445 19.119 15.650 14.178 14.063 14.187 14.171 15.948 17.167 16.156 18.148 17.641 19.365 22.182 22.790 26.401 26.088 25.761 23.700 27.087 27.508 24.448 25.671 22.640 23.572 23.011 20.096 18.096 14.313 13.530 10.371  9.629  9.062 10.411 13.265 15.223 18.582 20.131 21.320
 23.035 19.537 16.667 12.990 10.400  7.276  4.934  5.459  3.839  0.000  3.809  6.923  9.569 13.198 16.041 19.716 21.240 24.613 25.238 27.211 24.420 23.605 20.333 21.024 21.298 17.918 16.454 18.685 17.371 13.738 15.624 17.468 14.638 12.054 14.357 12.948 16.148 17.115 18.441 15.308 13.674 14.327 14.221 14.942 16.653 18.466 18.012 19.615 18.676 19.707 22.338 22.374 25.866 25.659 24.966 22.883 26.374 27.229 24.455 25.461 22.140 22.764 21.658 18.651 17.262 13.626 13.107 10.594  9.442  9.852 10.677 14.069 15.779 19.254 21.079 22.316
 20.115 16.503 14.031 10.427  8.533  6.234  5.529  7.928  7.303  3.809  0.000  3.829  6.366  9.863 12.951 16.668 18.622 22.131 23.124 25.281 22.559 22.287 19.387 20.205 19.832 16.335 15.458 17.308 15.325 12.012 14.305 15.446 12.182 10.247 13.299 12.639 16.153 17.018 19.060 16.458 14.344 15.221 14.442 15.430 16.657 18.778 19.036 20.443 19.433 19.796 22.408 22.112 25.326 24.934 23.733 21.443 24.850 26.194 23.632 24.225 20.663 20.829 19.213 16.095 15.354 12.077 12.175 10.695  9.935 11.567 12.533 16.228 18.024 21.535 23.635 24.963
 16.519 12.871 10.377  6.730  5.618  4.305  6.027  9.103  9.627  6.923  3.829  0.000  3.825  6.677 10.003 13.548 15.491 18.882 19.796 22.229 19.797 19.918 17.295 18.638 17.949 14.243 14.222 16.190 13.748 11.016 14.083 14.866 11.558 10.772 14.168 13.557 16.811 16.949 19.386 17.240 14.439 14.852 13.168 13.950 14.497 16.728 17.672 18.956 18.139 18.024 20.795 20.568 23.477 22.657 21.042 18.439 21.660 23.302 20.789 21.007 17.332 17.206 15.444 12.301 11.768  8.782  9.481  9.107  9.317 12.037 13.710 17.498 19.779 23.307 25.680 27.169
 14.145 10.684  8.594  5.798  5.055  6.276  7.736 11.443 12.573  9.569  6.366  3.825  0.000  3.848  6.611 10.335 12.461 16.081 17.526 19.692 17.036 17.452 15.235 16.258 15.003 11.470 11.748 13.134 10.296  8.002 11.223 11.479  8.190  8.335 11.867 11.785 14.924 14.967 17.933 16.451 13.572 14.532 12.789 14.374 15.044 17.865 19.017 19.611 18.255 17.402 19.695 18.853 21.489 20.882 19.046 16.719 20.020 21.928 19.937 20.171 16.481 16.378 14.283 11.680 11.759  9.467  9.712 10.177  9.780 12.873 14.039 17.779 19.903 23.306 25.926 27.505
 10.690  7.149  6.013  4.641  6.324  8.749 11.103 14.713 16.020 13.198  9.863  6.677  3.848  0.000  3.807  7.160  9.836 13.379 15.143 17.618 15.379 16.598 15.103 16.504 14.590 11.207 12.652 13.612 10.188  9.292 12.703 12.088  9.067 10.627 14.094 14.431 17.208 16.790 20.066 19.124 15.986 16.681 14.332 15.729 15.649 18.437 20.246 20.652 19.482 18.042 20.250 19.301 21.376 20.373 17.932 15.347 18.242 20.701 19.036 18.660 14.915 14.159 11.479  9.093 10.245  9.208 10.253 11.982 12.316 15.803 17.223 20.860 23.128 26.446 29.190 30.823
  8.538  5.908  5.617  6.412  7.905 11.221 13.285 16.976 18.787 16.041 12.951 10.003  6.611  3.807  0.000  3.812  6.505 10.227 12.538 14.615 12.250 13.873 13.047 14.232 11.732  8.827 10.970 11.296  7.660  8.194 11.439 10.343  8.274 10.888 13.774 14.281 16.442 15.605 19.142 18.928 15.792 16.661 14.288 16.160 16.130 19.270 21.171 20.921 19.366 17.266 18.909 17.465 19.067 18.200 15.554 13.386 16.206 18.844 17.819 17.511 14.023 13.491 10.851  9.699 11.064 10.813 11.162 13.376 13.390 16.913 18.055 21.419 23.623 26.719 29.643 31.360
  5.617  4.644  6.203  8.760 10.813 14.393 16.685 20.266 22.304 19.716 16.668 13.548 10.335  7.160  3.812  0.000  3.830  7.161 10.087 12.137 10.344 12.877 13.097 14.461 11.449  9.365 12.388 12.239  8.813 10.681 13.567 12.048 10.885 14.006 16.467 17.065 18.687 17.395 20.979 21.307 18.121 18.763 16.139 17.889 17.403 20.475 22.740 22.137 20.646 18.022 19.304 17.711 18.563 17.427 14.303 12.276 14.462 17.540 17.154 16.407 13.278 12.407  9.636  9.741 11.695 12.571 13.034 15.845 16.166 19.751 20.980 24.122 26.394 29.327 32.338 34.107
  5.461  6.238  6.848  9.970 11.505 15.317 17.523 20.850 23.409 21.240 18.622 15.491 12.461  9.836  6.505  3.830  0.000  3.823  6.667  8.377  6.632  9.460 10.301 11.985  9.074  7.559 11.205 11.309  8.749 11.164 13.941 13.034 12.739 15.683 17.576 17.588 18.493 16.480 19.844 20.594 17.324 17.569 14.817 16.551 15.973 19.133 21.404 20.269 18.668 15.621 16.514 14.906 15.273 13.950 10.683  9.000 11.087 14.097 14.190 13.677 11.040 10.891  9.106 10.412 11.577 12.793 12.543 15.586 15.970 19.458 20.794 23.570 26.011 28.742 31.836 33.705
  5.765  8.346  9.337 12.861 14.531 18.304 20.649 23.743 26.517 24.613 22.131 18.882 16.081 13.379 10.227  7.161  3.823  0.000  3.876  5.396  5.395  9.021 10.987 12.970 10.298  9.775 13.590 13.687 11.817 14.512 17.051 16.234 16.364 19.326 20.957 20.790 21.241 18.799 21.907 23.000 19.732 19.562 16.667 18.043 17.019 19.897 22.405 20.936 19.550 16.179 16.695 15.264 14.725 12.934  9.289  7.997  8.839 12.171 13.092 12.178 10.436 10.301  9.279 11.798 12.885 14.838 14.582 17.890 18.597 22.001 23.505 25.999 28.560 31.112 34.233 36.151
  7.530  9.944 10.023 13.422 14.903 18.454 20.935 23.596 26.635 25.238 23.124 19.796 17.526 15.143 12.538 10.087  6.667  3.876  0.000  3.835  5.530  8.342 10.229 13.011 11.338 10.699 14.424 15.337 14.020 16.225 18.970 18.820 18.886 21.424 23.006 22.245 22.463 19.581 22.245 23.225 19.808 18.917 15.759 16.504 15.003 17.528 20.181 18.545 17.560 14.171 14.810 14.129 13.328 10.727  6.900  5.170  5.054  8.605  9.668  8.559  7.556  8.103  8.558 11.676 11.901 14.169 13.712 17.147 18.336 21.620 23.532 25.791 28.647 31.135 34.223 36.202
 10.647 13.111 13.094 16.261 17.148 20.744 22.746 25.372 28.600 27.211 25.281 22.229 19.692 17.618 14.615 12.137  8.377  5.396  3.835  0.000  3.834  6.538  9.611 11.685 10.114 10.803 14.257 14.692 14.181 16.837 18.968 18.903 19.720 22.295 23.284 22.477 22.071 18.956 21.427 22.998 19.926 19.247 16.579 17.779 16.827 19.540 21.763 19.554 18.074 14.378 14.005 12.766 11.104  8.995  5.551  6.240  5.924  8.344 10.595 10.478 10.364 11.660 12.348 15.325 15.310 17.149 16.036 19.092 19.721 22.663 24.154 26.004 28.636 30.799 33.909 35.906
 10.699 12.280 11.757 14.460 14.777 18.413 20.002 22.781 25.980 24.420 22.559 19.797 17.036 15.379 12.250 10.344  6.632  5.395  5.530  3.834  0.000  3.844  6.788  8.350  6.346  7.218 10.599 10.874 10.554 13.261 15.204 15.297 16.326 18.786 19.564 18.760 18.310 15.296 17.966 19.592 16.631 16.430 14.091 15.964 15.733 18.943 20.756 18.549 16.501 12.823 12.360 10.415  9.503  8.337  5.378  6.259  8.031  9.898 11.351 12.039 11.014 12.625 12.797 15.006 14.828 15.897 14.322 16.993 17.023 19.869 20.995 22.885 25.331 27.515 30.655 32.638
 13.820 14.742 13.305 15.256 14.644 17.922 18.964 21.352 24.793 23.605 22.287 19.918 17.452 16.598 13.873 12.877  9.460  9.021  8.342  6.538  3.844  0.000  3.835  5.281  5.096  6.477  8.870  9.827 10.697 12.775 14.385 15.386 16.696 18.520 18.807 17.365 16.356 12.915 15.048 16.844 14.083 13.670 11.797 13.897 14.301 17.622 18.835 16.210 13.721 10.006  8.870  6.630  5.883  5.403  4.116  6.390  8.859  9.236 10.456 12.339 11.637 14.165 14.934 16.755 15.749 16.126 13.736 15.768 15.385 17.715 18.665 20.090 22.532 24.493 27.613 29.644
 14.650 14.615 12.299 13.357 11.976 14.873 15.592 17.742 21.274 20.333 19.387 17.295 15.235 15.103 13.047 13.097 10.301 10.987 10.229  9.611  6.788  3.835  0.000  3.847  5.369  4.960  6.423  8.756  9.797 10.741 12.633 14.409 15.298 16.453 16.805 14.808 13.972 10.447 12.394 13.623 10.591  9.898  8.021 10.411 11.424 14.973 15.766 13.275 10.488  7.034  6.591  4.713  6.342  6.099  5.878  6.796 10.221 10.154 10.010 12.429 11.155 14.014 14.845 15.915 14.289 13.856 10.913 12.380 11.752 13.927 15.006 16.498 19.150 21.308 24.424 26.492
 17.000 16.908 14.850 15.645 13.856 16.592 16.573 18.795 22.188 21.024 20.205 18.638 16.258 16.504 14.232 14.461 11.985 12.970 13.011 11.685  8.350  5.281  3.847  0.000  3.841  5.435  5.145  6.437  8.855 10.017 10.732 12.724 14.457 15.469 14.991 13.079 11.470  7.843  9.839 11.943  9.712 10.191  9.671 12.803 14.573 18.185 18.464 15.875 12.566  9.570  8.054  4.607  6.332  8.105  8.704 10.376 13.553 13.363 13.653 16.169 14.932 17.609 18.051 18.922 17.571 16.780 13.723 14.544 12.941 14.516 14.603 15.685 17.738 19.558 22.709 24.754
 14.402 14.540 13.185 14.513 13.431 16.677 17.103 19.916 23.026 21.298 19.832 17.949 15.003 14.590 11.732 11.449  9.074 10.298 11.338 10.114  6.346  5.096  5.369  3.841  0.000  3.860  5.348  4.897  6.293  8.765  9.669 10.538 12.381 14.248 14.152 13.171 12.212  9.306 12.242 14.222 11.842 12.819 11.735 14.827 16.078 19.775 20.617 18.390 15.405 12.232 11.315  8.140  8.882  9.920  9.064 10.234 13.277 14.117 14.687 16.418 14.772 16.762 16.520 17.489 16.908 16.540 14.123 15.565 14.189 16.401 16.523 18.191 20.101 22.143 25.303 27.255
 12.545 11.866  9.906 10.788  9.591 12.914 13.652 16.618 19.670 17.918 16.335 14.243 11.470 11.207  8.827  9.365  7.559  9.775 10.699 10.803  7.218  6.477  4.960  5.435  3.860  0.000  3.853  5.373  5.017  6.417  8.738  9.869 10.525 12.173 12.939 11.748 11.801  9.193 12.357 13.299 10.223 10.921  9.173 12.142 13.262 17.016 18.029 16.340 13.665 10.842 11.168  8.929 10.676 10.774  9.408  9.136 12.708 13.883 13.501 14.971 12.623 14.413 13.941 14.325 13.579 12.871 10.552 12.093 10.986 13.710 14.367 16.650 18.945 21.469 24.615 26.569
 16.132 14.975 12.647 12.500 10.215 12.742 12.368 15.068 18.094 16.454 15.458 14.222 11.748 12.652 10.970 12.388 11.205 13.590 14.424 14.257 10.599  8.870  6.423  5.145  5.348  3.853  0.000  3.842  5.400  5.084  6.356  8.839  9.885 10.476 10.418  8.545  8.122  5.424  8.703  9.641  6.957  8.646  8.246 11.873 14.015 17.794 18.026 16.329 13.170 11.029 11.065  8.608 11.255 12.309 12.023 12.183 15.879 16.415 15.761 17.786 15.516 17.586 17.222 17.087 15.954 14.406 11.565 11.880  9.634 11.533 11.364 13.392 15.372 17.823 20.983 22.950
 16.592 15.780 14.266 14.567 12.830 15.555 15.148 18.128 20.798 18.685 17.308 16.190 13.134 13.612 11.296 12.239 11.309 13.687 15.337 14.692 10.874  9.827  8.756  6.437  4.897  5.373  3.842  0.000  3.849  5.424  4.941  6.375  8.729 10.084  9.401  8.763  8.032  6.258  9.910 11.632  9.879 12.203 12.074 15.683 17.649 21.441 21.826 20.059 16.853 14.466 13.941 10.823 12.635 14.154 13.620 14.201 17.598 18.485 18.437 20.194 17.973 19.676 18.857 18.910 18.442 17.242 14.835 15.406 13.098 14.894 14.133 15.994 17.313 19.460 22.566 24.411
 13.686 12.527 11.397 11.816 10.769 13.831 14.084 17.527 19.899 17.371 15.325 13.748 10.296 10.188  7.660  8.813  8.749 11.817 14.020 14.181 10.554 10.697  9.797  8.855  6.293  5.017  5.400  3.849  0.000  3.858  5.308  5.030  6.152  8.563  9.291  9.504 10.269  9.207 12.997 13.910 11.575 13.593 12.624 15.867 17.266 20.995 21.893 20.617 17.869 15.477 15.739 13.099 14.820 15.484 14.037 13.701 17.051 18.654 18.347 19.436 16.721 17.752 16.313 16.071 16.175 15.186 13.502 14.594 12.837 15.361 15.158 17.722 19.300 21.855 24.906 26.685
 15.515 13.518 11.584 10.737  8.711 11.040 10.644 14.059 16.270 13.738 12.012 11.016  8.002  9.292  8.194 10.681 11.164 14.512 16.225 16.837 13.261 12.775 10.741 10.017  8.765  6.417  5.084  5.424  3.858  0.000  3.848  5.453  5.042  5.791  6.981  6.490  8.273  7.906 11.504 11.438  9.073 11.405 10.854 14.130 15.994 19.635 20.124 19.273 16.577 14.924 15.732 13.611 16.152 16.804 15.754 15.015 18.676 19.968 18.970 20.279 17.305 18.456 17.108 16.112 15.722 13.870 11.991 12.210  9.929 12.217 11.857 14.755 16.351 19.202 22.174 23.933
 18.652 16.942 15.306 14.544 12.386 14.281 13.118 16.190 18.169 15.624 14.305 14.083 11.223 12.703 11.439 13.567 13.941 17.051 18.970 18.968 15.204 14.385 12.633 10.732  9.669  8.738  6.356  4.941  5.308  3.848  0.000  3.849  5.577  5.630  4.506  4.709  5.732  6.563 10.133 10.691  9.569 12.754 13.207 16.794 19.106 22.776 22.868 21.753 18.684 17.098 17.222 14.587 17.031 18.448 17.882 17.811 21.421 22.453 21.798 23.412 20.688 22.024 20.727 19.881 19.532 17.631 15.536 15.319 12.455 13.859 12.433 14.718 15.492 17.920 20.828 22.502
 17.490 15.955 15.169 14.902 13.633 15.919 15.365 18.792 20.456 17.468 15.446 14.866 11.479 12.088 10.343 12.048 13.034 16.234 18.820 18.903 15.297 15.386 14.409 12.724 10.538  9.869  8.839  6.375  5.030  5.453  3.849  0.000  3.847  6.033  5.866  7.953  9.279 10.129 13.766 14.523 13.248 16.183 16.070 19.481 21.301 24.971 25.524 24.503 21.618 19.677 19.830 17.018 18.922 20.102 18.938 18.708 22.049 23.630 23.261 24.376 21.518 22.305 20.473 19.703 20.091 18.674 17.208 17.605 15.230 17.127 15.997 18.480 19.199 21.592 24.415 25.977
 16.375 14.136 13.255 12.388 11.329 13.305 13.023 16.648 17.915 14.638 12.182 11.558  8.190  9.067  8.274 10.885 12.739 16.364 18.886 19.720 16.326 16.696 15.298 14.457 12.381 10.525  9.885  8.729  6.152  5.042  5.577  3.847  0.000  3.828  6.138  8.215 10.850 11.853 15.412 15.263 13.525 16.136 15.607 18.620 20.172 23.645 24.373 23.899 21.422 19.813 20.683 18.409 20.630 21.249 19.749 18.777 22.175 24.008 23.132 23.905 20.667 21.042 18.888 17.500 18.049 16.412 15.496 15.857 13.831 16.059 15.399 18.444 19.463 22.270 25.006 26.528
 19.267 16.665 15.123 13.382 11.439 12.390 11.106 14.380 15.299 12.054 10.247 10.772  8.335 10.627 10.888 14.006 15.683 19.326 21.424 22.295 18.786 18.520 16.453 15.469 14.248 12.173 10.476 10.084  8.563  5.791  5.630  6.033  3.828  0.000  3.850  5.702  9.183 11.059 14.091 13.220 12.005 14.919 15.065 18.060 20.104 23.440 23.648 23.418 20.912 19.928 20.956 18.960 21.698 22.524 21.503 20.531 24.159 25.592 24.329 25.443 22.184 22.850 20.975 19.184 19.182 16.859 15.644 15.083 12.512 14.037 12.873 15.910 16.617 19.502 22.062 23.496
 21.792 19.581 17.975 16.497 14.183 15.132 13.261 16.077 17.192 14.357 13.299 14.168 11.867 14.094 13.774 16.467 17.576 20.957 23.006 23.284 19.564 18.807 16.805 14.991 14.152 12.939 10.418  9.401  9.291  6.981  4.506  5.866  6.138  3.850  0.000  3.823  6.494  9.272 11.984 11.634 11.424 14.918 15.868 19.242 21.755 25.214 25.021 24.380 21.459 20.469 20.883 18.521 21.233 22.686 22.182 21.843 25.519 26.581 25.606 27.152 24.193 25.289 23.718 22.283 22.026 19.680 17.899 17.040 13.916 14.702 12.655 14.971 15.000 17.430 19.965 21.367
 21.950 19.735 17.491 15.780 12.822 13.466 11.140 13.525 15.155 12.948 12.639 13.557 11.785 14.431 14.281 17.065 17.588 20.790 22.245 22.477 18.760 17.365 14.808 13.079 13.171 11.748  8.545  8.763  9.504  6.490  4.709  7.953  8.215  5.702  3.823  0.000  3.895  6.518  8.802  7.924  7.797 11.397 12.839 16.242 19.116 22.515 21.947 21.205 18.193 17.549 17.997 15.962 19.053 20.556 20.511 20.269 24.061 24.661 23.456 25.377 22.609 24.163 23.112 21.745 20.847 18.212 15.887 14.537 11.061 11.333  9.044 11.245 11.569 14.202 16.940 18.560
 23.346 21.630 19.357 18.119 15.098 16.058 13.772 15.739 17.832 16.148 16.153 16.811 14.924 17.208 16.442 18.687 18.493 21.241 22.463 22.071 18.310 16.356 13.972 11.470 12.212 11.801  8.122  8.032 10.269  8.273  5.732  9.279 10.850  9.183  6.494  3.895  0.000  3.892  5.638  6.204  7.156 10.931 12.998 16.643 19.775 23.250 22.417 21.081 17.680 16.860 16.519 14.128 17.069 19.177 19.724 20.192 23.894 24.046 23.227 25.568 23.249 25.258 24.619 23.760 22.623 20.200 17.386 16.092 12.509 12.293  9.627 10.657 10.615 12.577 15.489 17.250
 21.479 20.157 17.724 16.945 13.996 15.459 13.735 15.683 18.445 17.115 17.018 16.949 14.967 16.790 15.605 17.395 16.480 18.799 19.581 18.956 15.296 12.915 10.447  7.843  9.306  9.193  5.424  6.258  9.207  7.906  6.563 10.129 11.853 11.059  9.272  6.518  3.892  0.000  3.849  5.685  5.373  8.580 10.398 14.151 17.192 20.751 20.037 18.246 14.682 13.459 12.786 10.265 13.237 15.380 16.176 16.944 20.568 20.451 19.801 22.350 20.357 22.703 22.495 22.096 20.692 18.578 15.430 14.521 11.259 11.415  9.569 10.450 11.395 13.329 16.479 18.456
 24.768 23.460 20.755 19.760 16.509 17.407 15.218 16.322 19.119 18.441 19.060 19.386 17.933 20.066 19.142 20.979 19.844 21.907 22.245 21.427 17.966 15.048 12.394  9.839 12.242 12.357  8.703  9.910 12.997 11.504 10.133 13.766 15.412 14.091 11.984  8.802  5.638  3.849  0.000  3.846  5.655  8.369 11.269 14.683 18.111 21.370 20.015 18.052 14.386 13.839 12.788 10.777 13.884 16.377 17.940 19.015 22.526 21.796 21.054 24.018 22.382 25.086 25.293 24.907 23.075 20.749 17.309 15.818 12.436 11.450  9.079  8.493  8.972 10.260 13.430 15.535
 25.087 23.272 20.241 18.589 15.005 15.115 12.421 13.017 15.650 15.308 16.458 17.240 16.451 19.124 18.928 21.307 20.594 23.000 23.225 22.998 19.592 16.844 13.623 11.943 14.222 13.299  9.641 11.632 13.910 11.438 10.691 14.523 15.263 13.220 11.634  7.924  6.204  5.685  3.846  0.000  3.837  6.703 10.074 13.152 16.805 19.823 18.169 16.817 13.474 13.777 13.696 12.541 16.101 17.987 19.321 19.731 23.397 22.743 21.366 24.214 22.279 24.850 25.006 24.109 22.049 19.248 15.890 13.696 10.076  8.326  5.427  4.961  5.958  8.327 11.554 13.732
 21.578 19.746 16.589 15.023 11.491 11.976  9.897 11.038 14.178 13.674 14.344 14.439 13.572 15.986 15.792 18.121 17.324 19.732 19.808 19.926 16.631 14.083 10.591  9.712 11.842 10.223  6.957  9.879 11.575  9.073  9.569 13.248 13.525 12.005 11.424  7.797  7.156  5.373  5.655  3.837  0.000  3.827  6.495  9.864 13.341 16.584 15.400 14.103 10.828 10.777 11.340 10.413 14.132 15.389 16.285 16.270 20.002 19.587 18.003 20.653 18.550 21.052 21.233 20.372 18.258 15.561 12.151 10.272  6.803  6.192  4.977  6.477  8.921 11.703 14.830 16.932
 21.329 19.623 16.151 14.647 11.211 11.486 10.021 10.435 14.063 14.327 15.221 14.852 14.532 16.681 16.661 18.763 17.569 19.562 18.917 19.247 16.430 13.670  9.898 10.191 12.819 10.921  8.646 12.203 13.593 11.405 12.754 16.183 16.136 14.919 14.918 11.397 10.931  8.580  8.369  6.703  3.827  0.000  3.829  6.542 10.228 13.235 11.798 10.344  7.123  7.765  9.031  9.396 13.198 13.810 14.949 14.712 18.254 17.411 15.411 18.260 16.473 19.296 20.071 19.372 16.699 14.066 10.377  8.345  5.796  5.130  6.081  7.168 10.531 13.170 16.093 18.214
 18.076 16.434 12.865 11.636  8.624  9.534  9.395 10.414 14.187 14.221 14.442 13.168 12.789 14.332 14.288 16.139 14.817 16.667 15.759 16.579 14.091 11.797  8.021  9.671 11.735  9.173  8.246 12.074 12.624 10.854 13.207 16.070 15.607 15.065 15.868 12.839 12.998 10.398 11.269 10.074  6.495  3.829  0.000  3.815  6.947 10.405  9.936  8.606  5.911  5.691  8.184  8.982 12.438 12.056 12.464 11.524 15.066 14.584 12.262 14.776 12.755 15.511 16.391 15.814 13.026 10.675  6.890  5.807  4.799  6.452  8.773 10.701 14.124 16.907 19.782 21.825
 18.873 17.214 13.497 12.145  9.621  9.807 10.331 10.440 14.171 14.942 15.430 13.950 14.374 15.729 16.160 17.889 16.551 18.043 16.504 17.779 15.964 13.897 10.411 12.803 14.827 12.142 11.873 15.683 15.867 14.130 16.794 19.481 18.620 18.060 19.242 16.242 16.643 14.151 14.683 13.152  9.864  6.542  3.815  0.000  3.824  6.782  6.204  5.458  4.371  5.680  9.216 11.255 14.306 13.118 13.466 11.956 14.990 14.232 11.181 13.536 11.781 14.584 16.037 15.387 12.008  9.707  6.228  5.026  6.252  7.618 10.877 12.592 16.257 18.994 21.592 23.562
 17.288 15.853 12.289 11.422 10.015 10.524 12.225 12.534 15.948 16.653 16.657 14.497 15.044 15.649 16.130 17.403 15.973 17.019 15.003 16.827 15.733 14.301 11.424 14.573 16.078 13.262 14.015 17.649 17.266 15.994 19.106 21.301 20.172 20.104 21.755 19.116 19.775 17.192 18.111 16.805 13.341 10.228  6.947  3.824  0.000  3.850  5.505  5.489  6.423  6.888 10.685 13.014 15.373 13.271 12.932 10.655 13.092 12.609  9.059 10.716  9.003 11.651 13.574 13.159  9.491  7.999  5.482  6.159  8.922 10.975 14.430 16.353 20.017 22.778 25.331 27.258
 19.709 18.320 14.929 13.972 12.962 12.779 14.565 14.124 17.167 18.466 18.778 16.728 17.865 18.437 19.270 20.475 19.133 19.897 17.528 19.540 18.943 17.622 14.973 18.185 19.775 17.016 17.794 21.441 20.995 19.635 22.776 24.971 23.645 23.440 25.214 22.515 23.250 20.751 21.370 19.823 16.584 13.235 10.405  6.782  3.850  0.000  3.850  5.572  8.367  9.707 13.354 16.187 18.299 15.922 15.702 13.341 15.025 14.259 10.477 11.650 10.616 12.881 15.223 14.739 10.934  9.804  8.432  8.716 11.839 13.347 16.998 18.662 22.363 25.022 27.318 29.167
 22.654 21.089 17.481 16.070 14.233 13.454 14.268 13.031 16.156 18.012 19.036 17.672 19.017 20.246 21.171 22.740 21.404 22.405 20.181 21.763 20.756 18.835 15.766 18.464 20.617 18.029 18.026 21.826 21.893 20.124 22.868 25.524 24.373 23.648 25.021 21.947 22.417 20.037 20.015 18.169 15.400 11.798  9.936  6.204  5.505  3.850  0.000  3.824  6.875  9.596 13.003 16.053 18.575 16.798 17.338 15.581 17.598 16.298 12.728 14.659 13.798 16.370 18.563 17.885 14.089 12.239 10.140  8.991 11.304 11.703 15.218 16.305 19.965 22.410 24.498 26.313
 22.121 21.024 17.506 16.668 14.708 14.734 15.349 14.632 18.148 19.615 20.443 18.956 19.611 20.652 20.921 22.137 20.269 20.936 18.545 19.554 18.549 16.210 13.275 15.875 18.390 16.340 16.329 20.059 20.617 19.273 21.753 24.503 23.899 23.418 24.380 21.205 21.081 18.246 18.052 16.817 14.103 10.344  8.606  5.458  5.489  5.572  3.824  0.000  3.826  6.509  9.557 12.897 15.218 13.573 14.663 13.581 15.590 13.738 10.551 13.268 12.937 16.131 18.572 18.528 14.851 13.382 10.596  9.918 11.497 11.888 14.963 15.631 19.253 21.414 23.698 25.639
 21.383 20.320 16.805 16.035 13.606 14.058 14.135 13.885 17.641 18.676 19.433 18.139 18.255 19.482 19.366 20.646 18.668 19.550 17.560 18.074 16.501 13.721 10.488 12.566 15.405 13.665 13.170 16.853 17.869 16.577 18.684 21.618 21.422 20.912 21.459 18.193 17.680 14.682 14.386 13.474 10.828  7.123  5.911  4.371  6.423  8.367  6.875  3.826  0.000  3.827  6.552  9.579 12.371 11.457 12.964 12.515 15.115 13.294 10.708 13.918 13.286 16.688 18.732 18.763 15.381 13.670 10.217  9.336  9.730  9.960 12.465 12.962 16.491 18.585 21.110 23.149
 18.629 18.041 14.837 14.835 12.849 14.326 14.868 15.559 19.365 19.707 19.796 18.024 17.402 18.042 17.266 18.022 15.621 16.179 14.171 14.378 12.823 10.006  7.034  9.570 12.232 10.842 11.029 14.466 15.477 14.924 17.098 19.677 19.813 19.928 20.469 17.549 16.860 13.459 13.839 13.777 10.777  7.765  5.691  5.680  6.888  9.707  9.596  6.509  3.827  0.000  3.836  6.624  9.087  7.856  9.215  9.122 11.869 10.185  8.166 11.567 11.005 14.586 16.582 17.181 14.194 13.134  9.689 10.040 10.345 11.552 13.708 14.578 17.913 20.020 22.812 24.904
 20.151 20.032 17.184 17.584 15.583 17.367 17.532 18.375 22.182 22.338 22.408 20.795 19.695 20.250 18.909 19.304 16.514 16.695 14.810 14.005 12.360  8.870  6.591  8.054 11.315 11.168 11.065 13.941 15.739 15.732 17.222 19.830 20.683 20.956 20.883 17.997 16.519 12.786 12.788 13.696 11.340  9.031  8.184  9.216 10.685 13.354 13.003  9.557  6.552  3.836  0.000  3.834  5.939  5.880  8.607 10.060 12.491 10.302  9.641 13.305 13.326 16.977 18.928 19.949 17.316 16.495 13.037 13.386 12.943 13.730 15.041 15.273 18.165 19.752 22.585 24.705
 19.272 19.288 16.795 17.436 15.452 17.697 17.665 19.104 22.790 22.374 22.112 20.568 18.853 19.301 17.465 17.711 14.906 15.264 14.129 12.766 10.415  6.630  4.713  4.607  8.140  8.929  8.608 10.823 13.099 13.611 14.587 17.018 18.409 18.960 18.521 15.962 14.128 10.265 10.777 12.541 10.413  9.396  8.982 11.255 13.014 16.187 16.053 12.897  9.579  6.624  3.834  0.000  3.851  5.692  8.090 10.200 12.953 11.495 11.618 14.885 14.476 17.806 19.152 20.225 18.150 17.358 13.955 14.477 13.338 14.337 14.915 15.295 17.729 19.254 22.261 24.375
 19.471 20.222 18.256 19.583 18.167 20.776 21.112 22.712 26.401 25.866 25.326 23.477 21.489 21.376 19.067 18.563 15.273 14.725 13.328 11.104  9.503  5.883  6.342  6.332  8.882 10.676 11.255 12.635 14.820 16.152 17.031 18.922 20.630 21.698 21.233 19.053 17.069 13.237 13.884 16.101 14.132 13.198 12.438 14.306 15.373 18.299 18.575 15.218 12.371  9.087  5.939  3.851  0.000  3.814  6.802 10.054 11.865 10.157 11.520 14.592 14.923 18.197 19.747 21.469 19.699 19.583 16.511 17.618 16.855 18.097 18.723 19.038 21.320 22.602 25.554 27.619
 17.353 18.314 16.376 18.017 17.111 19.817 20.781 22.372 26.088 25.659 24.934 22.657 20.882 20.373 18.200 17.427 13.950 12.934 10.727  8.995  8.337  5.403  6.099  8.105  9.920 10.774 12.309 14.154 15.484 16.804 18.448 20.102 21.249 22.524 22.686 20.556 19.177 15.380 16.377 17.987 15.389 13.810 12.056 13.118 13.271 15.922 16.798 13.573 11.457  7.856  5.880  5.692  3.814  0.000  3.840  7.001  8.354  6.378  7.904 10.892 11.625 14.989 16.959 18.989 17.127 17.517 14.795 16.482 16.554 18.292 19.644 20.397 23.118 24.756 27.708 29.785
 13.682 14.972 13.473 15.689 15.511 18.630 20.173 22.215 25.761 24.966 23.733 21.042 19.046 17.932 15.554 14.303 10.683  9.289  6.900  5.551  5.378  4.116  5.878  8.704  9.064  9.408 12.023 13.620 14.037 15.754 17.882 18.938 19.749 21.503 22.182 20.511 19.724 16.176 17.940 19.321 16.285 14.949 12.464 13.466 12.932 15.702 17.338 14.663 12.964  9.215  8.607  8.090  6.802  3.840  0.000  3.827  5.274  5.150  6.888  8.742  9.004 11.904 13.589 15.936 14.584 15.567 13.461 15.902 16.409 18.841 20.459 21.858 24.683 26.697 29.737 31.791
 11.023 11.984 10.291 12.619 12.971 16.097 18.200 20.317 23.700 22.883 21.443 18.439 16.719 15.347 13.386 12.276  9.000  7.997  5.170  6.240  6.259  6.390  6.796 10.376 10.234  9.136 12.183 14.201 13.701 15.015 17.811 18.708 18.777 20.531 21.843 20.269 20.192 16.944 19.015 19.731 16.270 14.712 11.524 11.956 10.655 13.341 15.581 13.581 12.515  9.122 10.060 10.200 10.054  7.001  3.827  0.000  3.856  5.481  5.422  6.218  5.381  8.222  9.985 12.272 10.862 12.206 10.653 13.644 14.849 17.758 19.888 21.806 24.884 27.285 30.307 32.337
 11.834 13.664 12.704 15.457 16.339 19.394 21.752 23.743 27.087 26.374 24.850 21.660 20.020 18.242 16.206 14.462 11.087  8.839  5.054  5.924  8.031  8.859 10.221 13.553 13.277 12.708 15.879 17.598 17.051 18.676 21.421 22.049 22.175 24.159 25.519 24.061 23.894 20.568 22.526 23.397 20.002 18.254 15.066 14.990 13.092 15.025 17.598 15.590 15.115 11.869 12.491 12.953 11.865  8.354  5.274  3.856  0.000  3.856  5.422  4.703  5.944  8.169 10.570 13.648 12.580 14.712 13.735 16.899 18.464 21.331 23.596 25.387 28.507 30.799 33.786 35.815
 15.481 16.949 15.409 17.606 17.790 20.480 22.426 23.944 27.508 27.229 26.194 23.302 21.928 20.701 18.844 17.540 14.097 12.171  8.605  8.344  9.898  9.236 10.154 13.363 14.117 13.883 16.415 18.485 18.654 19.968 22.453 23.630 24.008 25.592 26.581 24.661 24.046 20.451 21.796 22.743 19.587 17.411 14.584 14.232 12.609 14.259 16.298 13.738 13.294 10.185 10.302 11.495 10.157  6.378  5.150  5.481  3.856  0.000  3.836  5.441  7.824 10.925 13.790 16.496 14.706 16.259 14.613 17.201 18.610 20.946 23.184 24.458 27.608 29.617 32.507 34.559
 15.265 15.950 13.779 15.385 15.400 17.660 19.722 20.937 24.448 24.455 23.632 20.789 19.937 19.036 17.819 17.154 14.190 13.092  9.668 10.595 11.351 10.456 10.010 13.653 14.687 13.501 15.761 18.437 18.347 18.970 21.798 23.261 23.132 24.329 25.606 23.456 23.227 19.801 21.054 21.366 18.003 15.411 12.262 11.181  9.059 10.477 12.728 10.551 10.708  8.166  9.641 11.618 11.520  7.904  6.888  5.422  5.422  3.836  0.000  3.851  5.625  9.259 12.421 14.511 12.061 13.292 11.648 14.125 16.006 18.349 21.001 22.454 25.832 28.071 30.881 32.917
 13.379 14.430 12.878 14.994 15.930 18.331 20.973 22.429 25.671 25.461 24.225 21.007 20.171 18.660 17.511 16.407 13.677 12.178  8.559 10.478 12.039 12.339 12.429 16.169 16.418 14.971 17.786 20.194 19.436 20.279 23.412 24.376 23.905 25.443 27.152 25.377 25.568 22.350 24.018 24.214 20.653 18.260 14.776 13.536 10.716 11.650 14.659 13.268 13.918 11.567 13.305 14.885 14.592 10.892  8.742  6.218  4.703  5.441  3.851  0.000  3.843  6.440  9.978 12.581 10.679 12.926 12.378 15.472 17.843 20.623 23.469 25.323 28.739 31.189 34.023 36.027
 10.680 11.040  9.155 11.196 12.386 14.924 17.795 19.569 22.640 22.140 20.663 17.332 16.481 14.915 14.023 13.278 11.040 10.436  7.556 10.364 11.014 11.637 11.155 14.932 14.772 12.623 15.516 17.973 16.721 17.305 20.688 21.518 20.667 22.184 24.193 22.609 23.249 20.357 22.382 22.279 18.550 16.473 12.755 11.781  9.003 10.616 13.798 12.937 13.286 11.005 13.326 14.476 14.923 11.625  9.004  5.381  5.944  7.824  5.625  3.843  0.000  3.836  6.913  9.050  7.084  9.388  9.191 12.653 15.114 18.265 21.138 23.428 26.813 29.532 32.405 34.376
  8.685  9.151  8.248 10.742 13.008 15.555 18.887 20.920 23.572 22.764 20.829 17.206 16.378 14.159 13.491 12.407 10.891 10.301  8.103 11.660 12.625 14.165 14.014 17.609 16.762 14.413 17.586 19.676 17.752 18.456 22.024 22.305 21.042 22.850 25.289 24.163 25.258 22.703 25.086 24.850 21.052 19.296 15.511 14.584 11.651 12.881 16.370 16.131 16.688 14.586 16.977 17.806 18.197 14.989 11.904  8.222  8.169 10.925  9.259  6.440  3.836  0.000  3.838  6.584  5.958  9.405 10.614 14.335 17.025 20.467 23.374 26.025 29.353 32.258 35.127 37.052
  5.759  5.729  5.903  8.884 11.945 14.726 18.208 20.724 23.011 21.658 19.213 15.444 14.283 11.479 10.851  9.636  9.106  9.279  8.558 12.348 12.797 14.934 14.845 18.051 16.520 13.941 17.222 18.857 16.313 17.108 20.727 20.473 18.888 20.975 23.718 23.112 24.619 22.495 25.293 25.006 21.233 20.071 16.391 16.037 13.574 15.223 18.563 18.572 18.732 16.582 18.928 19.152 19.747 16.959 13.589  9.985 10.570 13.790 12.421  9.978  6.913  3.838  0.000  3.844  5.549  9.030 10.944 14.704 17.101 20.799 23.456 26.458 29.582 32.641 35.539 37.398
  7.625  5.415  4.699  6.295  9.785 12.037 15.715 18.228 20.096 18.651 16.095 12.301 11.680  9.093  9.699  9.741 10.412 11.798 11.676 15.325 15.006 16.755 15.915 18.922 17.489 14.325 17.087 18.910 16.071 16.112 19.881 19.703 17.500 19.184 22.283 21.745 23.760 22.096 24.907 24.109 20.372 19.372 15.814 15.387 13.159 14.739 17.885 18.528 18.763 17.181 19.949 20.225 21.469 18.989 15.936 12.272 13.648 16.496 14.511 12.581  9.050  6.584  3.844  0.000  3.844  6.666  9.531 12.947 15.462 19.179 21.896 25.174 28.240 31.486 34.267 36.039
 10.170  8.187  5.644  6.031  8.373 10.212 13.839 15.842 18.096 17.262 15.354 11.768 11.759 10.245 11.064 11.695 11.577 12.885 11.901 15.310 14.828 15.749 14.289 17.571 16.908 13.579 15.954 18.442 16.175 15.722 19.532 20.091 18.049 19.182 22.026 20.847 22.623 20.692 23.075 22.049 18.258 16.699 13.026 12.008  9.491 10.934 14.089 14.851 15.381 14.194 17.316 18.150 19.699 17.127 14.584 10.862 12.580 14.706 12.061 10.679  7.084  5.958  5.549  3.844  0.000  3.835  6.518  9.979 12.973 16.514 19.576 22.644 25.927 29.126 31.847 33.658
 12.653  9.971  6.557  4.637  5.523  6.552 10.165 12.041 14.313 13.626 12.077  8.782  9.467  9.208 10.813 12.571 12.793 14.838 14.169 17.149 15.897 16.126 13.856 16.780 16.540 12.871 14.406 17.242 15.186 13.870 17.631 18.674 16.412 16.859 19.680 18.212 20.200 18.578 20.749 19.248 15.561 14.066 10.675  9.707  7.999  9.804 12.239 13.382 13.670 13.134 16.495 17.358 19.583 17.517 15.567 12.206 14.712 16.259 13.292 12.926  9.388  9.405  9.030  6.666  3.835  0.000  3.814  6.577  9.655 13.113 16.242 19.431 22.685 25.985 28.604 30.368
 13.867 11.596  7.803  6.127  4.706  6.069  8.717 10.481 13.530 13.107 12.175  9.481  9.712 10.253 11.162 13.034 12.543 14.582 13.712 16.036 14.322 13.736 10.913 13.723 14.123 10.552 11.565 14.835 13.502 11.991 15.536 17.208 15.496 15.644 17.899 15.887 17.386 15.430 17.309 15.890 12.151 10.377  6.890  6.228  5.482  8.432 10.140 10.596 10.217  9.689 13.037 13.955 16.511 14.795 13.461 10.653 13.735 14.613 11.648 12.378  9.191 10.614 10.944  9.531  6.518  3.814  0.000  3.832  6.657 10.109 13.240 16.177 19.537 22.717 25.425 27.283
 17.412 14.889 11.099  8.579  5.710  4.866  6.100  6.981 10.371 10.594 10.695  9.107 10.177 11.982 13.376 15.845 15.586 17.890 17.147 19.092 16.993 15.768 12.380 14.544 15.565 12.093 11.880 15.406 14.594 12.210 15.319 17.605 15.857 15.083 17.040 14.537 16.092 14.521 15.818 13.696 10.272  8.345  5.807  5.026  6.159  8.716  8.991  9.918  9.336 10.040 13.386 14.477 17.618 16.482 15.902 13.644 16.899 17.201 14.125 15.472 12.653 14.335 14.704 12.947  9.979  6.577  3.832  0.000  3.827  6.716 10.179 13.107 16.518 19.776 22.317 24.127
 18.784 16.271 12.639 10.129  6.432  5.757  4.654  6.011  9.629  9.442  9.935  9.317  9.780 12.316 13.390 16.166 15.970 18.597 18.336 19.721 17.023 15.385 11.752 12.941 14.189 10.986  9.634 13.098 12.837  9.929 12.455 15.230 13.831 12.512 13.916 11.061 12.509 11.259 12.436 10.076  6.803  5.796  4.799  6.252  8.922 11.839 11.304 11.497  9.730 10.345 12.943 13.338 16.855 16.554 16.409 14.849 18.464 18.610 16.006 17.843 15.114 17.025 17.101 15.462 12.973  9.655  6.657  3.827  0.000  3.822  6.641  9.848 13.072 16.408 19.076 20.934
 22.528 20.065 16.445 13.871 10.147  8.731  6.238  5.551  9.062  9.852 11.567 12.037 12.873 15.803 16.913 19.751 19.458 22.001 21.620 22.663 19.869 17.715 13.927 14.516 16.401 13.710 11.533 14.894 15.361 12.217 13.859 17.127 16.059 14.037 14.702 11.333 12.293 11.415 11.450  8.326  6.192  5.130  6.452  7.618 10.975 13.347 11.703 11.888  9.960 11.552 13.730 14.337 18.097 18.292 18.841 17.758 21.331 20.946 18.349 20.623 18.265 20.467 20.799 19.179 16.514 13.113 10.109  6.716  3.822  0.000  3.822  6.548  9.937 13.253 15.741 17.602
 24.443 22.027 18.650 16.183 12.381 11.274  8.078  7.807 10.411 10.677 12.533 13.710 14.039 17.223 18.055 20.980 20.794 23.505 23.532 24.154 20.995 18.665 15.006 14.603 16.523 14.367 11.364 14.133 15.158 11.857 12.433 15.997 15.399 12.873 12.655  9.044  9.627  9.569  9.079  5.427  4.977  6.081  8.773 10.877 14.430 16.998 15.218 14.963 12.465 13.708 15.041 14.915 18.723 19.644 20.459 19.888 23.596 23.184 21.001 23.469 21.138 23.374 23.456 21.896 19.576 16.242 13.240 10.179  6.641  3.822  0.000  3.827  6.572 10.066 12.720 14.644
 27.481 25.322 21.919 19.681 15.896 14.880 11.770 10.866 13.265 14.069 16.228 17.498 17.779 20.860 21.419 24.122 23.570 25.999 25.791 26.004 22.885 20.090 16.498 15.685 18.191 16.650 13.392 15.994 17.722 14.755 14.718 18.480 18.444 15.910 14.971 11.245 10.657 10.450  8.493  4.961  6.477  7.168 10.701 12.592 16.353 18.662 16.305 15.631 12.962 14.578 15.273 15.295 19.038 20.397 21.858 21.806 25.387 24.458 22.454 25.323 23.428 26.025 26.458 25.174 22.644 19.431 16.177 13.107  9.848  6.548  3.827  0.000  3.822  6.857  9.576 11.727
 30.175 27.993 24.768 22.508 18.736 17.711 14.314 13.513 15.223 15.779 18.024 19.779 19.903 23.128 23.623 26.394 26.011 28.560 28.647 28.636 25.331 22.532 19.150 17.738 20.101 18.945 15.372 17.313 19.300 16.351 15.492 19.199 19.463 16.617 15.000 11.569 10.615 11.395  8.972  5.958  8.921 10.531 14.124 16.257 20.017 22.363 19.965 19.253 16.491 17.913 18.165 17.729 21.320 23.118 24.683 24.884 28.507 27.608 25.832 28.739 26.813 29.353 29.582 28.240 25.927 22.685 19.537 16.518 13.072  9.937  6.572  3.822  0.000  3.830  6.645  8.878
 33.114 31.117 27.940 25.854 22.108 21.214 17.868 16.962 18.582 19.254 21.535 23.307 23.306 26.446 26.719 29.327 28.742 31.112 31.135 30.799 27.515 24.493 21.308 19.558 22.143 21.469 17.823 19.460 21.855 19.202 17.920 21.592 22.270 19.502 17.430 14.202 12.577 13.329 10.260  8.327 11.703 13.170 16.907 18.994 22.778 25.022 22.410 21.414 18.585 20.020 19.752 19.254 22.602 24.756 26.697 27.285 30.799 29.617 28.071 31.189 29.532 32.258 32.641 31.486 29.126 25.985 22.717 19.776 16.408 13.253 10.066  6.857  3.830  0.000  3.842  6.539
 36.136 34.050 30.838 28.604 24.843 23.663 20.206 18.928 20.131 21.079 23.635 25.680 25.926 29.190 29.643 32.338 31.836 34.233 34.223 33.909 30.655 27.613 24.424 22.709 25.303 24.615 20.983 22.566 24.906 22.174 20.828 24.415 25.006 22.062 19.965 16.940 15.489 16.479 13.430 11.554 14.830 16.093 19.782 21.592 25.331 27.318 24.498 23.698 21.110 22.812 22.585 22.261 25.554 27.708 29.737 30.307 33.786 32.507 30.881 34.023 32.405 35.127 35.539 34.267 31.847 28.604 25.425 22.317 19.076 15.741 12.720  9.576  6.645  3.842  0.000  3.814
