  0.000  3.832  6.700 10.295 13.213 16.656 19.726 23.034 24.677 22.547 19.826 16.201 13.890 10.397  8.326  5.522  5.453  5.838  7.611 10.767 10.715 13.726 14.526 16.819 14.176 12.433 16.056 16.618 13.905 15.750 18.929 18.040 17.157 19.878 22.325 22.454 23.566 21.510 24.661 25.074 21.692 21.186 17.988 18.761 17.011 19.256 22.333 21.834 21.287 18.553 20.107 19.237 19.389 17.266 13.659 10.950 11.924 15.523 15.218 13.324 10.554  8.477  5.720  7.694 10.052 12.601 13.875 17.403 18.749 22.451 24.459 27.367 30.257 31.872 34.055 35.531
  3.832  0.000  3.827  6.853 10.084 13.306 16.466 19.779 21.202 18.953 16.168 12.503 10.422  6.898  5.794  4.684  6.300  8.422  9.996 13.168 12.256 14.560 14.385 16.655 14.257 11.660 14.833 15.761 12.680 13.717 17.205 16.473 14.905 17.294 20.135 20.270 21.882 20.177 23.332 23.213 19.770 19.388 16.203 16.938 15.416 17.761 20.668 20.598 20.082 17.813 19.847 19.128 20.020 18.081 14.852 11.825 13.642 16.843 15.753 14.245 10.804  8.930  5.642  5.474  7.991  9.816 11.445 14.732 16.124 19.901 21.970 25.138 27.920 29.589 31.795 33.268
  6.700  3.827  0.000  3.818  6.723 10.039 13.259 16.461 18.233 16.268 13.887 10.245  8.540  6.033  5.391  6.332  7.013  9.479 10.147 13.177 11.787 13.147 12.089 14.645 12.966  9.743 12.533 14.268 11.579 11.801 15.531 15.616 13.941 15.648 18.460 17.996 19.593 17.732 20.600 20.225 16.629 15.939 12.634 13.213 11.842 14.395 17.086 17.078 16.559 14.595 16.984 16.630 18.043 16.117 13.371 10.176 12.680 15.273 13.562 12.690  8.940  8.127  5.958  4.857  5.449  6.438  7.655 10.970 12.532 16.308 18.615 21.776 24.665 26.442 28.641 30.127
 10.295  6.853  3.818  0.000  3.821  6.518  9.922 13.079 14.625 12.578 10.272  6.619  5.783  4.708  6.200  8.798 10.142 13.035 13.661 16.460 14.624 15.281 13.366 15.641 14.441 10.752 12.531 14.637 11.941 10.952 14.771 15.208 12.860 13.807 16.959 16.379 18.515 17.137 19.821 18.770 15.222 14.674 11.609 12.068 11.228 13.752 15.983 16.522 16.048 14.842 17.620 17.479 19.576 17.965 15.799 12.740 15.609 17.670 15.404 15.018 11.225 10.833  8.963  6.391  6.038  4.686  6.129  8.583 10.178 13.924 16.307 19.737 22.451 24.282 26.474 27.942
 13.213 10.084  6.723  3.821  0.000  3.823  6.603  9.943 11.863 10.258  8.515  5.703  5.069  6.363  7.501 10.772 11.629 14.691 15.163 17.356 14.951 14.698 12.026 13.885 13.374  9.536 10.214 12.811 10.729  8.731 12.404 13.644 11.407 11.478 14.371 13.243 15.396 14.149 16.568 15.192 11.684 11.305  8.663  9.652  9.973 12.962 14.375 14.722 13.733 12.933 15.677 15.524 18.195 17.104 15.672 13.162 16.538 17.906 15.504 16.039 12.492 13.164 12.073  9.889  8.405  5.656  4.757  5.771  6.513 10.245 12.517 15.983 18.689 20.562 22.811 24.355
 16.656 13.306 10.039  6.518  3.823  0.000  3.832  6.678  8.484  7.043  6.201  4.564  6.333  8.834 10.897 14.337 15.422 18.456 18.729 20.955 18.577 17.974 14.928 16.623 16.605 12.829 12.693 15.456 13.664 10.899 14.137 15.710 13.079 12.138 15.106 13.738 16.289 15.561 17.441 15.301 12.090 11.629  9.575  9.882 10.618 13.011 13.797 14.881 14.253 14.451 17.481 17.762 20.804 19.821 18.811 16.323 19.622 20.630 17.821 18.509 15.111 15.815 14.883 12.147 10.351  6.750  6.122  4.933  5.831  8.872 11.371 14.997 17.430 19.362 21.493 22.947
 19.726 16.466 13.259  9.922  6.603  3.832  0.000  3.838  5.787  5.381  5.768  6.396  7.933 11.275 13.090 16.733 17.743 20.914 21.312 23.085 20.325 19.207 15.853 16.847 17.267 13.774 12.558 15.240 14.024 10.590 13.058 15.136 12.646 10.671 13.201 11.490 14.219 14.109 15.572 12.875 10.242 10.438  9.654 10.561 12.428 14.908 14.781 15.656 14.507 15.156 17.833 17.938 21.346 20.961 20.509 18.551 22.077 22.682 19.978 21.213 18.030 19.160 18.392 15.831 13.947 10.328  8.810  6.210  4.945  6.657  8.438 12.134 14.232 16.134 18.308 19.843
 23.034 19.779 16.461 13.079  9.943  6.678  3.838  0.000  3.853  5.601  7.765  9.294 11.470 14.787 16.723 20.318 21.193 24.212 24.298 26.040 23.379 21.940 18.387 19.372 20.274 16.921 15.374 18.212 17.401 13.851 15.861 18.235 15.864 13.385 15.477 13.420 15.960 16.051 16.767 13.620 11.540 11.375 11.211 11.397 13.495 15.340 14.483 15.817 15.018 16.494 19.257 19.822 23.394 23.053 23.000 21.118 24.532 24.749 21.796 23.229 20.306 21.620 21.179 18.520 16.296 12.532 11.024  7.671  6.710  6.553  8.335 11.584 13.309 15.222 17.134 18.523
 24.677 21.202 18.233 14.625 11.863  8.484  5.787  3.853  0.000  3.840  6.706  9.435 11.980 15.525 17.939 21.653 23.042 26.300 26.748 28.601 25.839 24.651 21.222 21.965 22.521 19.171 17.586 19.969 18.837 15.198 16.944 18.891 16.136 13.426 15.704 14.297 17.321 18.077 18.957 15.641 14.035 14.479 14.480 14.856 16.761 18.486 17.771 19.280 18.511 19.879 22.555 22.856 26.419 26.184 25.941 23.971 27.409 27.885 24.978 26.184 23.066 24.004 23.123 20.149 18.417 14.699 13.794 10.817  9.828  9.688 10.556 13.657 14.673 16.317 18.086 19.353
 22.547 18.953 16.268 12.578 10.258  7.043  5.381  5.601  3.840  0.000  3.811  6.805  9.597 13.062 15.790 19.490 21.223 24.592 25.299 27.355 24.645 23.873 20.675 21.546 21.613 18.126 16.982 19.140 17.489 14.047 16.156 17.608 14.505 12.248 15.083 14.213 17.516 18.213 19.651 16.612 14.638 15.215 14.650 15.175 16.640 18.533 18.428 19.913 19.172 20.065 22.815 22.891 26.282 25.871 25.207 23.008 26.410 27.284 24.465 25.317 21.961 22.503 21.232 18.105 16.820 13.256 12.900 10.592  9.967 10.870 11.915 15.339 16.553 18.137 20.006 21.275
 19.826 16.168 13.887 10.272  8.515  6.201  5.768  7.765  6.706  3.811  0.000  3.835  6.464  9.880 12.867 16.546 18.670 22.184 23.280 25.447 22.742 22.442 19.589 20.469 19.942 16.415 15.759 17.529 15.307 12.206 14.657 15.474 12.049 10.506 13.894 13.681 17.157 17.773 19.843 17.229 14.945 15.769 14.727 15.636 16.731 18.963 19.472 20.700 19.811 20.056 22.715 22.410 25.549 25.050 23.939 21.615 24.992 26.309 23.736 24.256 20.677 20.828 19.080 15.935 15.277 12.073 12.169 10.800 10.298 12.208 13.268 16.921 18.371 19.944 21.990 23.356
 16.201 12.503 10.245  6.619  5.703  4.564  6.396  9.294  9.435  6.805  3.835  0.000  3.826  6.602  9.795 13.338 15.473 18.881 19.931 22.351 19.911 19.997 17.437 18.784 17.923 14.233 14.404 16.276 13.661 11.161 14.326 14.874 11.544 11.081 14.671 14.440 17.580 17.499 19.925 17.834 14.959 15.324 13.466 14.226 14.655 16.982 18.144 19.251 18.539 18.302 21.079 20.806 23.626 22.736 21.216 18.607 21.815 23.439 20.939 21.097 17.409 17.270 15.355 12.215 11.811  8.951  9.629  9.393  9.741 12.623 14.316 18.048 20.035 21.742 23.880 25.294
 13.890 10.422  8.540  5.783  5.069  6.333  7.933 11.470 11.980  9.597  6.464  3.826  0.000  3.843  6.470 10.173 12.438 16.065 17.609 19.744 17.068 17.411 15.226 16.234 14.857 11.360 11.822 13.147 10.174  8.172 11.496 11.573  8.381  8.880 12.467 12.667 15.607 15.413 18.341 16.821 13.937 14.763 12.911 14.471 15.014 17.893 19.256 19.682 18.443 17.487 19.788 18.917 21.478 20.819 19.093 16.776 20.097 21.949 19.960 20.165 16.461 16.374 14.244 11.729 11.773  9.610  9.766 10.297  9.993 13.212 14.457 18.073 20.174 21.781 24.065 25.601
 10.397  6.898  6.033  4.708  6.363  8.834 11.275 14.787 15.525 13.062  9.880  6.602  3.843  0.000  3.819  6.973  9.757 13.288 15.132 17.577 15.311 16.446 14.983 16.357 14.331 11.029 12.656 13.608 10.165  9.569 13.066 12.438  9.702 11.433 14.824 15.296 17.806 17.128 20.329 19.377 16.276 16.778 14.364 15.736 15.510 18.301 20.303 20.577 19.545 18.022 20.233 19.261 21.252 20.204 17.865 15.288 18.228 20.630 18.959 18.563 14.808 14.069 11.397  9.189 10.258  9.351 10.305 12.081 12.465 16.029 17.539 21.035 23.358 24.958 27.229 28.743
  8.326  5.794  5.391  6.200  7.501 10.897 13.090 16.723 17.939 15.790 12.867  9.795  6.470  3.819  0.000  3.814  6.260  9.982 12.219 14.263 11.824 13.256 12.365 13.573 11.074  8.183 10.520 11.025  7.549  8.271 11.659 10.859  9.188 11.662 14.410 14.824 16.652 15.494 18.911 18.660 15.574 16.131 13.719 15.567 15.384 18.507 20.584 20.195 18.781 16.610 18.279 16.864 18.423 17.505 14.987 12.814 15.768 18.278 17.201 16.946 13.432 13.022 10.627  9.702 10.680 10.519 10.689 12.943 12.991 16.566 17.869 21.044 23.544 25.076 27.392 28.973
  5.522  4.684  6.332  8.798 10.772 14.337 16.733 20.318 21.653 19.490 16.546 13.338 10.173  6.973  3.814  0.000  3.827  7.153 10.083 12.139 10.288 12.716 12.925 14.237 11.173  9.223 12.354 12.293  9.046 11.014 13.974 12.699 11.807 14.791 17.156 17.729 19.072 17.575 21.055 21.349 18.295 18.662 16.076 17.798 17.135 20.101 22.545 21.887 20.569 17.911 19.215 17.628 18.418 17.259 14.203 12.154 14.458 17.470 17.037 16.277 13.100 12.202  9.623  9.908 11.603 12.594 13.037 15.845 16.163 19.752 21.101 24.069 26.668 28.144 30.424 31.984
  5.453  6.300  7.013 10.142 11.629 15.422 17.743 21.193 23.042 21.223 18.670 15.473 12.438  9.757  6.260  3.827  0.000  3.823  6.686  8.386  6.589  9.340 10.210 11.819  8.853  7.545 11.234 11.405  9.094 11.527 14.296 13.641 13.578 16.330 18.148 18.142 18.768 16.602 19.858 20.676 17.575 17.545 14.887 16.609 15.845 18.858 21.299 20.127 18.697 15.619 16.514 14.901 15.179 13.849 10.627  8.936 11.134 14.089 14.163 13.625 10.943 10.735  9.211 10.648 11.551 12.930 12.711 15.750 16.098 19.541 20.979 23.582 26.406 27.891 30.129 31.700
  5.838  8.422  9.479 13.035 14.691 18.456 20.914 24.212 26.300 24.592 22.184 18.881 16.065 13.288  9.982  7.153  3.823  0.000  3.878  5.446  5.401  8.987 10.986 12.882 10.185  9.860 13.660 13.831 12.212 14.875 17.394 16.858 17.196 19.935 21.491 21.280 21.445 18.874 21.864 23.094 20.012 19.566 16.797 18.166 16.954 19.624 22.282 20.829 19.626 16.254 16.774 15.342 14.713 12.932  9.289  7.971  8.936 12.242 13.134 12.176 10.382 10.128  9.399 12.005 12.865 14.981 14.810 18.115 18.771 22.100 23.698 26.031 28.990 30.465 32.620 34.147
  7.611  9.996 10.147 13.661 15.163 18.729 21.312 24.298 26.748 25.299 23.280 19.931 17.609 15.132 12.219 10.083  6.686  3.878  0.000  3.840  5.542  8.325 10.282 12.978 11.282 10.830 14.503 15.470 14.411 16.571 19.241 19.367 19.648 21.934 23.450 22.655 22.577 19.570 22.089 23.350 20.109 18.967 15.955 16.710 15.038 17.311 20.080 18.489 17.682 14.311 14.930 14.235 13.314 10.732  6.915  5.193  5.163  8.695  9.765  8.605  7.586  7.990  8.751 11.892 11.936 14.378 14.046 17.481 18.594 21.764 23.743 25.869 29.029 30.606 32.666 34.140
 10.767 13.168 13.177 16.460 17.356 20.955 23.085 26.040 28.601 27.355 25.447 22.351 19.744 17.577 14.263 12.139  8.386  5.446  3.840  0.000  3.837  6.535  9.649 11.625 10.089 10.944 14.304 14.800 14.553 17.119 19.162 19.390 20.392 22.686 23.609 22.735 22.043 18.848 21.190 23.027 20.165 19.226 16.742 17.961 16.840 19.306 21.645 19.475 18.157 14.480 14.094 12.848 11.085  9.031  5.546  6.238  6.028  8.436 10.682 10.523 10.360 11.541 12.533 15.525 15.287 17.307 16.307 19.369 19.917 22.736 24.300 25.997 29.087 30.507 32.516 34.004
 10.715 12.256 11.787 14.624 14.951 18.577 20.325 23.379 25.839 24.645 22.742 19.911 17.068 15.311 11.824 10.288  6.589  5.401  5.542  3.837  0.000  3.841  6.833  8.291  6.314  7.373 10.664 10.983 10.901 13.523 15.383 15.726 16.912 19.117 19.859 19.018 18.318 15.246 17.825 19.644 16.898 16.431 14.270 16.151 15.733 18.745 20.714 18.504 16.617 12.928 12.468 10.521  9.509  8.372  5.392  6.260  8.111  9.955 11.415 12.050 10.963 12.478 12.928 15.175 14.753 16.028 14.551 17.240 17.207 19.957 21.171 22.899 25.879 27.248 29.341 30.902
 13.726 14.560 13.147 15.281 14.698 17.974 19.207 21.940 24.651 23.873 22.442 19.997 17.411 16.446 13.256 12.716  9.340  8.987  8.325  6.535  3.841  0.000  3.832  5.235  5.118  6.546  8.828  9.827 10.878 12.838 14.339 15.561 16.984 18.531 18.829 17.357 16.148 12.688 14.756 16.810 14.246 13.582 11.899 14.016 14.236 17.387 18.760 16.128 13.782 10.047  8.952  6.730  5.916  5.432  4.110  6.334  8.864  9.225 10.450 12.282 11.496 13.958 14.967 16.780 15.526 16.117 13.825 15.901 15.460 17.689 18.728 20.024 23.043 24.397 26.431 28.007
 14.526 14.385 12.089 13.366 12.026 14.928 15.853 18.387 21.222 20.675 19.589 17.437 15.226 14.983 12.365 12.925 10.210 10.986 10.282  9.649  6.833  3.832  0.000  3.846  5.379  4.973  6.318  8.675  9.862 10.699 12.456 14.413 15.403 16.287 16.695 14.713 13.719 10.160 12.055 13.610 10.741  9.821  8.135 10.547 11.383 14.817 15.776 13.239 10.582  7.085  6.681  4.802  6.341  6.064  5.925  6.817 10.250 10.137 10.013 12.394 11.049 13.876 14.886 15.925 14.064 13.841 10.979 12.510 11.825 13.902 15.062 16.452 19.590 21.099 23.198 24.824
 16.819 16.655 14.645 15.641 13.885 16.623 16.847 19.372 21.965 21.546 20.469 18.784 16.234 16.357 13.573 14.237 11.819 12.882 12.978 11.625  8.291  5.235  3.846  0.000  3.848  5.427  5.069  6.280  8.798  9.903 10.473 12.576 14.395 15.195 14.781 12.898 11.179  7.604  9.686 11.971  9.944 10.208  9.857 12.999 14.579 18.112 18.603 15.941 12.751  9.661  8.195  4.757  6.375  8.104  8.693 10.352 13.541 13.324 13.655 16.118 14.806 17.433 18.053 18.929 17.347 16.777 13.777 14.675 13.037 14.569 14.759 15.718 18.513 19.739 21.861 23.563
 14.176 14.257 12.966 14.441 13.374 16.605 17.267 20.274 22.521 21.613 19.942 17.923 14.857 14.331 11.074 11.173  8.853 10.185 11.282 10.089  6.314  5.118  5.379  3.848  0.000  3.860  5.383  4.924  6.341  8.779  9.659 10.626 12.522 14.229 14.209 13.268 12.213  9.367 12.337 14.287 12.109 12.817 11.858 14.937 15.980 19.579 20.647 18.366 15.533 12.293 11.452  8.314  9.009  9.979  9.080 10.179 13.282 14.111 14.671 16.332 14.587 16.500 16.452 17.452 16.628 16.475 14.120 15.619 14.228 16.430 16.689 18.211 20.866 22.060 24.266 25.959
 12.433 11.660  9.743 10.752  9.536 12.829 13.774 16.921 19.171 18.126 16.415 14.233 11.360 11.029  8.183  9.223  7.545  9.860 10.830 10.944  7.373  6.546  4.973  5.427  3.860  0.000  3.848  5.402  5.120  6.459  8.746  9.994 10.723 12.187 13.046 11.932 11.868  9.242 12.368 13.332 10.428 10.859  9.220 12.178 13.120 16.805 18.017 16.252 13.723 10.851 11.236  9.020 10.731 10.786  9.506  9.191 12.812 13.921 13.508 14.947 12.517 14.273 13.973 14.363 13.360 12.831 10.537 12.108 10.979 13.681 14.463 16.605 19.431 20.887 23.194 24.901
 16.056 14.833 12.533 12.531 10.214 12.693 12.558 15.374 17.586 16.982 15.759 14.404 11.822 12.656 10.520 12.354 11.234 13.660 14.503 14.304 10.664  8.828  6.318  5.069  5.383  3.848  0.000  3.841  5.402  5.043  6.247  8.793  9.875 10.305 10.400  8.625  8.169  5.505  8.773  9.658  7.142  8.533  8.230 11.850 13.843 17.607 18.044 16.195 13.137 10.893 10.961  8.514 11.151 12.161 11.996 12.162 15.877 16.309 15.653 17.679 15.371 17.458 17.272 17.161 15.759 14.389 11.504 11.854  9.603 11.498 11.480 13.333 15.985 17.372 19.760 21.577
 16.618 15.761 14.268 14.637 12.811 15.456 15.240 18.212 19.969 19.140 17.529 16.276 13.147 13.608 11.025 12.293 11.405 13.831 15.470 14.800 10.983  9.827  8.675  6.280  4.924  5.402  3.841  0.000  3.845  5.411  4.904  6.365  8.753 10.009  9.421  8.836  8.071  6.396 10.069 11.498  9.966 12.048 12.052 15.663 17.493 21.256 21.842 19.931 16.822 14.354 13.850 10.734 12.559 14.072 13.632 14.222 17.674 18.452 18.391 20.155 17.883 19.591 18.980 19.079 18.317 17.271 14.805 15.365 13.023 14.817 14.190 15.825 17.993 19.037 21.382 23.175
 13.905 12.680 11.579 11.941 10.729 13.664 14.024 17.401 18.837 17.489 15.307 13.661 10.174 10.165  7.549  9.046  9.094 12.212 14.411 14.553 10.901 10.878  9.862  8.798  6.341  5.120  5.402  3.845  0.000  3.854  5.336  5.100  6.274  8.601  9.388  9.704 10.391  9.359 13.120 13.737 11.620 13.450 12.620 15.877 17.176 20.877 21.945 20.553 17.912 15.490 15.785 13.146 14.900 15.585 14.272 13.940 17.380 18.862 18.504 19.613 16.833 17.869 16.610 16.396 16.207 15.303 13.542 14.554 12.723 15.243 15.128 17.483 19.682 20.873 23.263 25.003
 15.750 13.717 11.801 10.952  8.731 10.899 10.590 13.851 15.198 14.047 12.206 11.161  8.172  9.569  8.271 11.014 11.527 14.875 16.571 17.119 13.523 12.838 10.699  9.903  8.779  6.459  5.043  5.411  3.854  0.000  3.849  5.437  5.062  5.750  7.092  6.771  8.472  8.052 11.577 11.206  8.992 11.163 10.719 14.013 15.823 19.489 20.130 19.098 16.479 14.783 15.604 13.491 16.065 16.729 15.872 15.178 18.895 20.027 18.996 20.359 17.368 18.590 17.419 16.470 15.780 14.007 11.969 12.090  9.733 12.026 11.751 14.431 16.542 17.873 20.354 22.149
 18.929 17.205 15.531 14.771 12.404 14.137 13.058 15.861 16.944 16.156 14.657 14.326 11.496 13.066 11.659 13.974 14.296 17.394 19.241 19.162 15.383 14.339 12.456 10.473  9.659  8.746  6.247  4.904  5.336  3.849  0.000  3.841  5.564  5.570  4.578  4.789  5.809  6.614 10.147 10.184  9.276 12.332 12.946 16.554 18.829 22.530 22.768 21.431 18.406 16.770 16.880 14.259 16.765 18.214 17.859 17.855 21.524 22.359 21.679 23.374 20.652 22.090 21.026 20.252 19.553 17.735 15.443 15.117 12.172 13.549 12.203 14.181 15.742 16.708 19.172 21.015
 18.040 16.473 15.616 15.208 13.644 15.710 15.136 18.235 18.891 17.608 15.474 14.874 11.573 12.438 10.859 12.699 13.641 16.858 19.367 19.390 15.726 15.561 14.413 12.576 10.626  9.994  8.793  6.365  5.100  5.437  3.841  0.000  3.845  6.041  5.824  7.961  9.278 10.190 13.794 13.984 12.988 15.826 15.907 19.346 21.149 24.831 25.504 24.308 21.481 19.536 19.689 16.884 18.878 20.126 19.170 18.993 22.452 23.835 23.404 24.611 21.722 22.600 20.998 20.281 20.300 18.893 17.228 17.450 14.950 16.802 15.697 17.882 19.289 20.126 22.489 24.214
 17.157 14.905 13.941 12.860 11.407 13.079 12.646 15.864 16.136 14.505 12.049 11.544  8.381  9.702  9.188 11.807 13.578 17.196 19.648 20.392 16.912 16.984 15.403 14.395 12.522 10.723  9.875  8.753  6.274  5.062  5.564  3.845  0.000  3.833  6.079  8.291 10.900 11.918 15.390 14.711 13.220 15.788 15.452 18.498 20.091 23.598 24.400 23.753 21.325 19.749 20.617 18.349 20.668 21.372 20.132 19.237 22.761 24.372 23.422 24.319 21.064 21.576 19.632 18.294 18.470 16.770 15.596 15.703 13.513 15.679 14.989 17.770 19.201 20.240 22.625 24.308
 19.878 17.294 15.648 13.807 11.478 12.138 10.671 13.385 13.426 12.248 10.506 11.081  8.880 11.433 11.662 14.791 16.330 19.935 21.934 22.686 19.117 18.531 16.287 15.195 14.229 12.187 10.305 10.009  8.601  5.750  5.570  6.041  3.833  0.000  3.853  5.699  9.172 10.961 13.874 12.421 11.390 14.295 14.622 17.643 19.769 23.179 23.441 22.967 20.478 19.519 20.527 18.566 21.401 22.292 21.575 20.710 24.426 25.597 24.279 25.546 22.322 23.185 21.547 19.845 19.448 17.088 15.534 14.714 11.977 13.419 12.206 14.957 16.034 17.067 19.484 21.212
 22.325 20.135 18.460 16.959 14.371 15.106 13.201 15.477 15.704 15.083 13.894 14.671 12.467 14.824 14.410 17.156 18.148 21.491 23.450 23.609 19.859 18.829 16.695 14.781 14.209 13.046 10.400  9.421  9.388  7.092  4.578  5.824  6.079  3.853  0.000  3.824  6.572  9.320 11.955 10.923 10.988 14.469 15.612 19.004 21.556 25.083 24.986 24.069 21.153 20.144 20.507 18.166 20.950 22.470 22.241 22.014 25.748 26.564 25.570 27.246 24.324 25.582 24.252 22.915 22.289 19.979 17.913 16.876 13.641 14.344 12.270 14.196 14.855 15.552 17.956 19.746
 22.454 20.270 17.996 16.379 13.243 13.738 11.490 13.420 14.297 14.213 13.681 14.440 12.667 15.296 14.824 17.729 18.142 21.280 22.655 22.735 19.018 17.357 14.713 12.898 13.268 11.932  8.625  8.836  9.704  6.771  4.789  7.961  8.291  5.699  3.824  0.000  3.898  6.510  8.660  7.190  7.388 11.010 12.677 16.105 19.021 22.500 22.025 20.959 17.918 17.228 17.580 15.557 18.695 20.272 20.529 20.435 24.236 24.579 23.397 25.453 22.758 24.483 23.672 22.410 21.169 18.632 16.034 14.561 11.002 11.143  8.813 10.542 11.547 12.532 15.135 17.110
 23.566 21.882 19.593 18.515 15.396 16.289 14.219 15.960 17.321 17.516 17.157 17.580 15.607 17.806 16.652 19.072 18.768 21.445 22.577 22.043 18.318 16.148 13.719 11.179 12.213 11.868  8.169  8.071 10.391  8.472  5.809  9.278 10.900  9.172  6.572  3.898  0.000  3.894  5.619  5.667  6.941 10.593 12.837 16.488 19.584 23.116 22.435 20.773 17.350 16.421 15.962 13.576 16.532 18.697 19.500 20.109 23.788 23.707 22.942 25.385 23.141 25.285 24.907 24.160 22.688 20.434 17.416 16.103 12.515 12.244  9.699 10.262 11.351 12.075 14.576 16.597
 21.510 20.177 17.732 17.137 14.149 15.561 14.109 16.051 18.077 18.213 17.773 17.499 15.413 17.128 15.494 17.575 16.602 18.874 19.570 18.848 15.246 12.688 10.160  7.604  9.367  9.242  5.505  6.396  9.359  8.052  6.614 10.190 11.918 10.961  9.320  6.510  3.894  0.000  3.842  5.496  5.338  8.237 10.210 13.951 16.901 20.478 19.942 17.879 14.327 12.976 12.229  9.726 12.734 14.884 15.896 16.758 20.352 20.035 19.423 22.041 20.098 22.540 22.585 22.260 20.534 18.614 15.338 14.457 11.225 11.338  9.693 10.249 12.302 13.337 15.744 17.715
 24.661 23.332 20.600 19.821 16.568 17.441 15.572 16.767 18.957 19.651 19.843 19.925 18.341 20.329 18.911 21.055 19.858 21.864 22.089 21.190 17.825 14.756 12.055  9.686 12.337 12.368  8.773 10.069 13.120 11.577 10.147 13.794 15.390 13.874 11.955  8.660  5.619  3.842  0.000  3.841  5.564  7.941 10.963 14.330 17.672 20.951 19.769 17.512 13.831 13.172 12.046 10.137 13.287 15.738 17.524 18.679 22.117 21.172 20.468 23.502 21.941 24.750 25.216 24.887 22.737 20.618 17.063 15.627 12.325 11.299  9.193  8.339 10.206 11.073 13.328 15.364
 25.074 23.213 20.225 18.770 15.192 15.301 12.875 13.620 15.641 16.612 17.229 17.834 16.821 19.377 18.660 21.349 20.676 23.094 23.350 23.027 19.644 16.810 13.610 11.971 14.287 13.332  9.658 11.498 13.737 11.206 10.184 13.984 14.711 12.421 10.923  7.190  5.667  5.496  3.841  0.000  3.835  6.819 10.193 13.305 16.902 20.037 18.598 16.959 13.581 13.716 13.573 12.387 15.934 17.813 19.312 19.798 23.415 22.632 21.323 24.198 22.279 24.909 25.180 24.297 22.039 19.410 15.954 13.823 10.219  8.517  5.723  5.076  7.072  8.502 11.186 13.417
 21.692 19.770 16.629 15.222 11.684 12.090 10.242 11.540 14.035 14.638 14.945 14.959 13.937 16.276 15.574 18.295 17.575 20.012 20.109 20.165 16.898 14.246 10.741  9.944 12.109 10.428  7.142  9.966 11.620  8.992  9.276 12.988 13.220 11.390 10.988  7.388  6.941  5.338  5.564  3.835  0.000  3.819  6.582  9.926 13.365 16.673 15.647 14.119 10.863 10.741 11.307 10.418 14.144 15.364 16.452 16.478 20.165 19.609 18.040 20.721 18.627 21.189 21.482 20.591 18.257 15.692 12.195 10.314  6.845  6.122  4.949  6.287  9.284 11.094 13.658 15.685
 21.186 19.388 15.939 14.674 11.305 11.629 10.438 11.375 14.479 15.215 15.769 15.324 14.763 16.778 16.131 18.662 17.545 19.566 18.967 19.226 16.431 13.582  9.821 10.208 12.817 10.859  8.533 12.048 13.450 11.163 12.332 15.826 15.788 14.295 14.469 11.010 10.593  8.237  7.941  6.819  3.819  0.000  3.828  6.611 10.230 13.335 12.094 10.389  7.157  7.618  8.870  9.225 13.017 13.574 14.893 14.705 18.184 17.232 15.280 18.150 16.374 19.256 20.108 19.368 16.526 14.063 10.326  8.419  5.900  5.178  6.161  7.263 10.765 12.784 15.017 16.817
 17.988 16.203 12.634 11.609  8.663  9.575  9.654 11.211 14.480 14.650 14.727 13.466 12.911 14.364 13.719 16.076 14.887 16.797 15.955 16.742 14.270 11.899  8.135  9.857 11.858  9.220  8.230 12.052 12.620 10.719 12.946 15.907 15.452 14.622 15.612 12.677 12.837 10.210 10.963 10.193  6.582  3.828  0.000  3.822  6.878 10.374 10.047  8.575  5.978  5.703  8.250  9.064 12.484 12.025 12.608 11.671 15.152 14.583 12.260 14.772 12.736 15.527 16.454 15.778 12.817 10.594  6.797  5.805  4.806  6.335  8.739 10.710 14.137 16.155 18.300 19.937
 18.761 16.938 13.213 12.068  9.652  9.882 10.561 11.397 14.856 15.175 15.636 14.226 14.471 15.736 15.567 17.798 16.609 18.166 16.710 17.961 16.151 14.016 10.547 12.999 14.937 12.178 11.850 15.663 15.877 14.013 16.554 19.346 18.498 17.643 19.004 16.105 16.488 13.951 14.330 13.305  9.926  6.611  3.822  0.000  3.824  6.809  6.303  5.479  4.513  5.801  9.353 11.380 14.390 13.128 13.647 12.138 15.091 14.272 11.221 13.564 11.805 14.641 16.070 15.266 11.773  9.558  6.116  5.047  6.291  7.512 10.810 12.656 16.016 18.124 20.008 21.428
 17.011 15.416 11.842 11.228  9.973 10.618 12.428 13.495 16.761 16.640 16.731 14.655 15.014 15.510 15.384 17.135 15.845 16.954 15.038 16.840 15.733 14.236 11.383 14.579 15.980 13.120 13.843 17.493 17.176 15.823 18.829 21.149 20.091 19.769 21.556 19.021 19.584 16.901 17.672 16.902 13.365 10.230  6.878  3.824  0.000  3.848  5.524  5.513  6.516  6.944 10.738 13.018 15.316 13.149 12.957 10.677 13.054 12.556  9.018 10.656  8.926 11.613 13.459 12.877  9.141  7.751  5.351  6.256  8.969 10.927 14.383 16.423 19.734 21.808 23.613 24.922
 19.256 17.761 14.395 13.752 12.962 13.011 14.908 15.340 18.486 18.533 18.963 16.982 17.893 18.301 18.507 20.101 18.858 19.624 17.311 19.306 18.745 17.387 14.817 18.112 19.579 16.805 17.607 21.256 20.877 19.489 22.530 24.831 23.598 23.179 25.083 22.500 23.116 20.478 20.951 20.037 16.673 13.335 10.374  6.809  3.848  0.000  3.849  5.600  8.417  9.660 13.292 16.089 18.086 15.600 15.493 13.118 14.679 13.907 10.128 11.269 10.297 12.631 14.890 14.278 10.494  9.522  8.320  8.912 12.012 13.476 17.096 18.924 22.104 24.189 25.779 26.916
 22.333 20.668 17.086 15.983 14.375 13.797 14.781 14.483 17.771 18.428 19.472 18.144 19.256 20.303 20.584 22.545 21.299 22.282 20.080 21.645 20.714 18.760 15.776 18.603 20.647 18.017 18.044 21.842 21.945 20.130 22.768 25.504 24.400 23.441 24.986 22.025 22.435 19.942 19.769 18.598 15.647 12.094 10.047  6.303  5.524  3.849  0.000  3.820  6.961  9.598 13.012 16.082 18.484 16.561 17.235 15.466 17.308 15.954 12.385 14.288 13.533 16.169 18.326 17.531 13.724 12.037 10.079  9.240 11.623 11.992 15.477 16.782 19.822 21.908 23.336 24.407
 21.834 20.598 17.078 16.522 14.722 14.881 15.656 15.817 19.280 19.913 20.700 19.251 19.682 20.577 20.195 21.887 20.127 20.829 18.489 19.475 18.504 16.128 13.239 15.941 18.366 16.252 16.195 19.931 20.553 19.098 21.431 24.308 23.753 22.967 24.069 20.959 20.773 17.879 17.512 16.959 14.119 10.389  8.575  5.479  5.513  5.600  3.820  0.000  3.826  6.467  9.538 12.871 15.122 13.371 14.596 13.507 15.393 13.497 10.324 13.045 12.749 15.991 18.416 18.230 14.487 13.158 10.480 10.010 11.586 11.865 14.929 15.780 18.995 20.998 22.477 23.641
 21.287 20.082 16.559 16.048 13.733 14.253 14.507 15.018 18.511 19.172 19.811 18.539 18.443 19.545 18.781 20.569 18.697 19.626 17.682 18.157 16.617 13.782 10.582 12.751 15.533 13.723 13.137 16.822 17.912 16.479 18.406 21.481 21.325 20.478 21.153 17.918 17.350 14.327 13.831 13.581 10.863  7.157  5.978  4.513  6.516  8.417  6.961  3.826  0.000  3.826  6.564  9.616 12.357 11.358 13.039 12.605 15.091 13.184 10.628 13.853 13.246 16.689 18.775 18.683 15.168 13.604 10.221  9.483  9.856  9.908 12.415 13.019 16.359 18.313 19.958 21.300
 18.553 17.813 14.595 14.842 12.933 14.451 15.156 16.494 19.879 20.065 20.056 18.302 17.487 18.022 16.610 17.911 15.619 16.254 14.311 14.480 12.928 10.047  7.085  9.661 12.293 10.851 10.893 14.354 15.490 14.783 16.770 19.536 19.749 19.519 20.144 17.228 16.421 12.976 13.172 13.716 10.741  7.618  5.703  5.801  6.944  9.660  9.598  6.467  3.826  0.000  3.838  6.614  9.046  7.772  9.316  9.240 11.910 10.156  8.178 11.583 10.999 14.595 16.668 17.149 13.990 13.088  9.726 10.170 10.391 11.412 13.584 14.470 17.878 19.695 21.503 22.945
 20.107 19.847 16.984 17.620 15.677 17.481 17.833 19.257 22.555 22.815 22.715 21.079 19.788 20.233 18.279 19.215 16.514 16.774 14.930 14.094 12.468  8.952  6.681  8.195 11.452 11.236 10.961 13.850 15.785 15.604 16.880 19.689 20.617 20.527 20.507 17.580 15.962 12.229 12.046 13.573 11.307  8.870  8.250  9.353 10.738 13.292 13.012  9.538  6.564  3.838  0.000  3.838  5.924  5.842  8.702 10.155 12.519 10.260  9.650 13.310 13.298 16.946 19.030 19.954 17.118 16.472 13.091 13.513 12.991 13.595 14.925 15.121 18.337 19.873 21.589 23.043
 19.237 19.128 16.630 17.479 15.524 17.762 17.938 19.822 22.856 22.891 22.410 20.806 18.917 19.261 16.864 17.628 14.901 15.342 14.235 12.848 10.521  6.730  4.802  4.757  8.314  9.020  8.514 10.734 13.146 13.491 14.259 16.884 18.349 18.566 18.166 15.557 13.576  9.726 10.137 12.387 10.418  9.225  9.064 11.380 13.018 16.089 16.082 12.871  9.616  6.614  3.838  0.000  3.853  5.687  8.170 10.270 12.994 11.466 11.625 14.880 14.420 17.734 19.257 20.268 17.954 17.349 14.002 14.578 13.367 14.221 14.847 15.131 18.157 19.487 21.358 22.939
 19.389 20.020 18.043 19.576 18.195 20.804 21.346 23.394 26.419 26.282 25.549 23.626 21.478 21.252 18.423 18.418 15.179 14.713 13.314 11.085  9.509  5.916  6.341  6.375  9.009 10.731 11.151 12.559 14.900 16.065 16.765 18.878 20.668 21.401 20.950 18.695 16.532 12.734 13.287 15.934 14.144 13.017 12.484 14.390 15.316 18.086 18.484 15.122 12.357  9.046  5.924  3.853  0.000  3.812  6.766 10.001 11.806 10.058 11.459 14.507 14.776 18.009 19.775 21.446 19.431 19.515 16.529 17.694 16.861 17.965 18.653 18.867 21.795 22.981 24.726 26.214
 17.266 18.081 16.117 17.965 17.104 19.821 20.961 23.053 26.184 25.871 25.050 22.736 20.819 20.204 17.505 17.259 13.849 12.932 10.732  9.031  8.372  5.432  6.064  8.104  9.979 10.786 12.161 14.072 15.585 16.729 18.214 20.126 21.372 22.292 22.470 20.272 18.697 14.884 15.738 17.813 15.364 13.574 12.025 13.128 13.149 15.600 16.561 13.371 11.358  7.772  5.842  5.687  3.812  0.000  3.834  6.930  8.298  6.294  7.823 10.796 11.456 14.784 16.965 18.912 16.818 17.395 14.785 16.524 16.519 18.099 19.511 20.188 23.359 24.777 26.553 27.992
 13.659 14.852 13.371 15.799 15.672 18.811 20.509 23.000 25.941 25.207 23.939 21.216 19.093 17.865 14.987 14.203 10.627  9.289  6.915  5.546  5.392  4.110  5.925  8.693  9.080  9.506 11.996 13.632 14.272 15.872 17.859 19.170 20.132 21.575 22.241 20.529 19.500 15.896 17.524 19.312 16.452 14.893 12.608 13.647 12.957 15.493 17.235 14.596 13.039  9.316  8.702  8.170  6.766  3.834  0.000  3.825  5.278  5.157  6.945  8.740  8.947 11.773 13.696 16.004 14.443 15.634 13.665 16.145 16.566 18.853 20.527 21.821 25.040 26.540 28.458 29.930
 10.950 11.825 10.176 12.740 13.162 16.323 18.551 21.118 23.971 23.008 21.615 18.607 16.776 15.288 12.814 12.154  8.936  7.971  5.193  6.238  6.260  6.334  6.817 10.352 10.179  9.191 12.162 14.222 13.940 15.178 17.855 18.993 19.237 20.710 22.014 20.435 20.109 16.758 18.679 19.798 16.478 14.705 11.671 12.138 10.677 13.118 15.466 13.507 12.605  9.240 10.155 10.270 10.001  6.930  3.825  0.000  3.854  5.486  5.476  6.201  5.322  8.090 10.076 12.325 10.739 12.300 10.908 13.930 15.048 17.819 19.999 21.832 25.133 26.810 28.799 30.262
 11.924 13.642 12.680 15.609 16.538 19.622 22.077 24.532 27.409 26.410 24.992 21.815 20.097 18.228 15.768 14.458 11.134  8.936  5.163  6.028  8.111  8.864 10.250 13.541 13.282 12.812 15.877 17.674 17.380 18.895 21.524 22.452 22.761 24.426 25.748 24.236 23.788 20.352 22.117 23.415 20.165 18.184 15.152 15.091 13.054 14.679 17.308 15.393 15.091 11.910 12.519 12.994 11.806  8.298  5.278  3.854  0.000  3.858  5.421  4.668  5.922  8.067 10.731 13.737 12.498 14.796 13.970 17.148 18.627 21.331 23.647 25.347 28.669 30.329 32.221 33.609
 15.523 16.843 15.273 17.670 17.906 20.630 22.682 24.749 27.885 27.284 26.309 23.439 21.949 20.630 18.278 17.470 14.089 12.242  8.695  8.436  9.955  9.225 10.137 13.324 14.111 13.921 16.309 18.452 18.862 20.027 22.359 23.835 24.372 25.597 26.564 24.579 23.707 20.035 21.172 22.632 19.609 17.232 14.583 14.272 12.556 13.907 15.954 13.497 13.184 10.156 10.260 11.466 10.058  6.294  5.157  5.486  3.858  0.000  3.836  5.462  7.804 10.861 13.918 16.510 14.547 16.252 14.751 17.367 18.673 20.820 23.090 24.299 27.638 29.272 31.021 32.353
 15.218 15.753 13.562 15.404 15.504 17.821 19.978 21.796 24.978 24.465 23.736 20.939 19.960 18.959 17.201 17.037 14.163 13.134  9.765 10.682 11.415 10.450 10.013 13.655 14.671 13.508 15.653 18.391 18.504 18.996 21.679 23.404 23.422 24.279 25.570 23.397 22.942 19.423 20.468 21.323 18.040 15.280 12.260 11.221  9.018 10.128 12.385 10.324 10.628  8.178  9.650 11.625 11.459  7.823  6.945  5.476  5.421  3.836  0.000  3.854  5.605  9.215 12.488 14.440 11.858 13.245 11.769 14.296 16.081 18.244 20.921 22.356 25.754 27.546 29.302 30.612
 13.324 14.245 12.690 15.018 16.039 18.509 21.213 23.229 26.184 25.317 24.256 21.097 20.165 18.563 16.946 16.277 13.625 12.176  8.605 10.523 12.050 12.282 12.394 16.118 16.332 14.947 17.679 20.155 19.613 20.359 23.374 24.611 24.319 25.546 27.246 25.453 25.385 22.041 23.502 24.198 20.721 18.150 14.772 13.564 10.656 11.269 14.288 13.045 13.853 11.583 13.310 14.880 14.507 10.796  8.740  6.201  4.668  5.462  3.854  0.000  3.842  6.387 10.026 12.500 10.523 12.904 12.534 15.661 17.937 20.555 23.426 25.253 28.639 30.469 32.275 33.571
 10.554 10.804  8.940 11.225 12.492 15.111 18.030 20.306 23.066 21.961 20.677 17.409 16.461 14.808 13.432 13.100 10.943 10.382  7.586 10.360 10.963 11.496 11.049 14.806 14.587 12.517 15.371 17.883 16.833 17.368 20.652 21.722 21.064 22.322 24.324 22.758 23.141 20.098 21.941 22.279 18.627 16.374 12.736 11.805  8.926 10.297 13.533 12.749 13.246 10.999 13.298 14.420 14.776 11.456  8.947  5.322  5.922  7.804  5.605  3.842  0.000  3.830  6.971  9.001  6.960  9.418  9.375 12.857 15.214 18.231 21.127 23.378 26.715 28.585 30.521 31.881
  8.477  8.930  8.127 10.833 13.164 15.815 19.160 21.620 24.004 22.503 20.828 17.270 16.374 14.069 13.022 12.202 10.735 10.128  7.990 11.541 12.478 13.958 13.876 17.433 16.500 14.273 17.458 19.591 17.869 18.590 22.090 22.600 21.576 23.185 25.582 24.483 25.285 22.540 24.750 24.909 21.189 19.256 15.527 14.641 11.613 12.631 16.169 15.991 16.689 14.595 16.946 17.734 18.009 14.784 11.773  8.090  8.067 10.861  9.215  6.387  3.830  0.000  3.837  6.588  6.032  9.558 10.868 14.602 17.190 20.527 23.453 26.047 29.290 31.159 33.139 34.486
  5.720  5.642  5.958  8.963 12.073 14.883 18.392 21.179 23.123 21.232 19.080 15.355 14.244 11.397 10.627  9.623  9.211  9.399  8.751 12.533 12.928 14.967 14.886 18.053 16.452 13.973 17.272 18.980 16.610 17.419 21.026 20.998 19.632 21.547 24.252 23.672 24.907 22.585 25.216 25.180 21.482 20.108 16.454 16.070 13.459 14.890 18.326 18.416 18.775 16.668 19.030 19.257 19.775 16.965 13.696 10.076 10.731 13.918 12.488 10.026  6.971  3.837  0.000  3.843  5.582  9.106 11.140 14.889 17.257 20.883 23.602 26.534 29.613 31.438 33.512 34.896
  7.694  5.474  4.857  6.391  9.889 12.147 15.831 18.520 20.149 18.105 15.935 12.215 11.729  9.189  9.702  9.908 10.648 12.005 11.892 15.525 15.175 16.780 15.925 18.929 17.452 14.363 17.161 19.079 16.396 16.470 20.252 20.281 18.294 19.845 22.915 22.410 24.160 22.260 24.887 24.297 20.591 19.368 15.778 15.266 12.877 14.278 17.531 18.230 18.683 17.149 19.954 20.268 21.446 18.912 16.004 12.325 13.737 16.510 14.440 12.500  9.001  6.588  3.843  0.000  3.842  6.649  9.591 13.003 15.550 19.216 22.014 25.226 28.148 30.014 32.089 33.450
 10.052  7.991  5.449  6.038  8.405 10.351 13.947 16.296 18.417 16.820 15.277 11.811 11.773 10.258 10.680 11.603 11.551 12.865 11.936 15.287 14.753 15.526 14.064 17.347 16.628 13.360 15.759 18.317 16.207 15.780 19.553 20.300 18.470 19.448 22.289 21.169 22.688 20.534 22.737 22.039 18.257 16.526 12.817 11.773  9.141 10.494 13.724 14.487 15.168 13.990 17.118 17.954 19.431 16.818 14.443 10.739 12.498 14.547 11.858 10.523  6.960  6.032  5.582  3.842  0.000  3.828  6.499  9.997 12.955 16.425 19.523 22.554 25.609 27.562 29.576 30.922
 12.601  9.816  6.438  4.686  5.656  6.750 10.328 12.532 14.699 13.256 12.073  8.951  9.610  9.351 10.519 12.594 12.930 14.981 14.378 17.307 16.028 16.117 13.841 16.777 16.475 12.831 14.389 17.271 15.303 14.007 17.735 18.893 16.770 17.088 19.979 18.632 20.434 18.614 20.618 19.410 15.692 14.063 10.594  9.558  7.751  9.522 12.037 13.158 13.604 13.088 16.472 17.349 19.515 17.395 15.634 12.300 14.796 16.252 13.245 12.904  9.418  9.558  9.106  6.649  3.828  0.000  3.819  6.629  9.729 13.129 16.298 19.481 22.420 24.415 26.436 27.792
 13.875 11.445  7.655  6.129  4.757  6.122  8.810 11.024 13.794 12.900 12.169  9.629  9.766 10.305 10.689 13.037 12.711 14.810 14.046 16.307 14.551 13.825 10.979 13.777 14.120 10.537 11.504 14.805 13.542 11.969 15.443 17.228 15.596 15.534 17.913 16.034 17.416 15.338 17.063 15.954 12.195 10.326  6.797  6.116  5.351  8.320 10.079 10.480 10.221  9.726 13.091 14.002 16.529 14.785 13.665 10.908 13.970 14.751 11.769 12.534  9.375 10.868 11.140  9.591  6.499  3.819  0.000  3.830  6.629  9.998 13.166 16.126 19.238 21.266 23.340 24.787
 17.403 14.732 10.970  8.583  5.771  4.933  6.210  7.671 10.817 10.592 10.800  9.393 10.297 12.081 12.943 15.845 15.750 18.115 17.481 19.369 17.240 15.901 12.510 14.675 15.619 12.108 11.854 15.365 14.554 12.090 15.117 17.450 15.703 14.714 16.876 14.561 16.103 14.457 15.627 13.823 10.314  8.419  5.805  5.047  6.256  8.912  9.240 10.010  9.483 10.170 13.513 14.578 17.694 16.524 16.145 13.930 17.148 17.367 14.296 15.661 12.857 14.602 14.889 13.003  9.997  6.629  3.830  0.000  3.821  6.643 10.107 13.132 16.129 18.237 20.282 21.735
 18.749 16.124 12.532 10.178  6.513  5.831  4.945  6.710  9.828  9.967 10.298  9.741  9.993 12.465 12.991 16.163 16.098 18.771 18.594 19.917 17.207 15.460 11.825 13.037 14.228 10.979  9.603 13.023 12.723  9.733 12.172 14.950 13.513 11.977 13.641 11.002 12.515 11.225 12.325 10.219  6.845  5.900  4.806  6.291  8.969 12.012 11.623 11.586  9.856 10.391 12.991 13.367 16.861 16.519 16.566 15.048 18.627 18.673 16.081 17.937 15.214 17.190 17.257 15.550 12.955  9.729  6.629  3.821  0.000  3.821  6.636  9.898 12.872 14.964 17.233 18.896
 22.451 19.901 16.308 13.924 10.245  8.872  6.657  6.553  9.688 10.870 12.208 12.623 13.212 16.029 16.566 19.752 19.541 22.100 21.764 22.736 19.957 17.689 13.902 14.569 16.430 13.681 11.498 14.817 15.243 12.026 13.549 16.802 15.679 13.419 14.344 11.143 12.244 11.338 11.299  8.517  6.122  5.178  6.335  7.512 10.927 13.476 11.992 11.865  9.908 11.412 13.595 14.221 17.965 18.099 18.853 17.819 21.331 20.820 18.244 20.555 18.231 20.527 20.883 19.216 16.425 13.129  9.998  6.643  3.821  0.000  3.822  6.674  9.653 11.904 14.142 15.882
 24.459 21.970 18.615 16.307 12.517 11.371  8.438  8.335 10.556 11.915 13.268 14.316 14.457 17.539 17.869 21.101 20.979 23.698 23.743 24.300 21.171 18.728 15.062 14.759 16.689 14.463 11.480 14.190 15.128 11.751 12.203 15.697 14.989 12.206 12.270  8.813  9.699  9.693  9.193  5.723  4.949  6.161  8.739 10.810 14.383 17.096 15.477 14.929 12.415 13.584 14.925 14.847 18.653 19.511 20.527 19.999 23.647 23.090 20.921 23.426 21.127 23.453 23.602 22.014 19.523 16.298 13.166 10.107  6.636  3.822  0.000  3.824  6.452  8.731 11.368 13.437
 27.367 25.138 21.776 19.737 15.983 14.997 12.134 11.584 13.657 15.339 16.921 18.048 18.073 21.035 21.044 24.069 23.582 26.031 25.869 25.997 22.899 20.024 16.452 15.718 18.211 16.605 13.333 15.825 17.483 14.431 14.181 17.882 17.770 14.957 14.196 10.542 10.262 10.249  8.339  5.076  6.287  7.263 10.710 12.656 16.423 18.924 16.782 15.780 13.019 14.470 15.121 15.131 18.867 20.188 21.821 21.832 25.347 24.299 22.356 25.253 23.378 26.047 26.534 25.226 22.554 19.481 16.126 13.132  9.898  6.674  3.824  0.000  3.833  6.381  8.991 11.215
 30.257 27.920 24.665 22.451 18.689 17.430 14.232 13.309 14.673 16.553 18.371 20.035 20.174 23.358 23.544 26.668 26.406 28.990 29.029 29.087 25.879 23.043 19.590 18.513 20.866 19.431 15.985 17.993 19.682 16.542 15.742 19.289 19.201 16.034 14.855 11.547 11.351 12.302 10.206  7.072  9.284 10.765 14.137 16.016 19.734 22.104 19.822 18.995 16.359 17.878 18.337 18.157 21.795 23.359 25.040 25.133 28.669 27.638 25.754 28.639 26.715 29.290 29.613 28.148 25.609 22.420 19.238 16.129 12.872  9.653  6.452  3.833  0.000  3.833  6.579  9.029
 31.872 29.589 26.442 24.282 20.562 19.362 16.134 15.222 16.317 18.137 19.944 21.742 21.781 24.958 25.076 28.144 27.891 30.465 30.606 30.507 27.248 24.397 21.099 19.739 22.060 20.887 17.372 19.037 20.873 17.873 16.708 20.126 20.240 17.067 15.552 12.532 12.075 13.337 11.073  8.502 11.094 12.784 16.155 18.124 21.808 24.189 21.908 20.998 18.313 19.695 19.873 19.487 22.981 24.777 26.540 26.810 30.329 29.272 27.546 30.469 28.585 31.159 31.438 30.014 27.562 24.415 21.266 18.237 14.964 11.904  8.731  6.381  3.833  0.000  3.845  6.759
 34.055 31.795 28.641 26.474 22.811 21.493 18.308 17.134 18.086 20.006 21.990 23.880 24.065 27.229 27.392 30.424 30.129 32.620 32.666 32.516 29.341 26.431 23.198 21.861 24.266 23.194 19.760 21.382 23.263 20.354 19.172 22.489 22.625 19.484 17.956 15.135 14.576 15.744 13.328 11.186 13.658 15.017 18.300 20.008 23.613 25.779 23.336 22.477 19.958 21.503 21.589 21.358 24.726 26.553 28.458 28.799 32.221 31.021 29.302 32.275 30.521 33.139 33.512 32.089 29.576 26.436 23.340 20.282 17.233 14.142 11.368  8.991  6.579  3.845  0.000  3.811
