  0.000  3.834  6.660 10.332 13.294 16.719 19.739 22.892 25.097 23.023 20.095 16.487 14.122 10.630  8.488  5.614  5.446  5.791  7.545 10.663 10.702 13.817 14.653 17.009 14.407 12.587 16.189 16.647 13.768 15.603 18.749 17.615 16.568 19.437 21.948 22.089 23.493 21.630 24.915 25.189 21.680 21.405 18.142 18.883 17.218 19.560 22.555 22.003 21.414 18.681 20.187 19.311 19.459 17.333 13.672 11.030 11.895 15.533 15.318 13.428 10.733  8.634  5.748  7.589 10.135 12.636 13.883 17.442 18.814 22.562 24.489 27.551 30.312 33.040 36.058 38.074
  3.834  0.000  3.824  6.963 10.246 13.443 16.554 19.769 21.695 19.506 16.471 12.828 10.655  7.098  5.888  4.679  6.241  8.366  9.929 13.101 12.264 14.710 14.585 16.899 14.521 11.876 15.012 15.815 12.582 13.589 17.024 16.069 14.323 16.836 19.738 19.870 21.766 20.279 23.567 23.333 19.806 19.652 16.459 17.191 15.752 18.169 20.989 20.896 20.319 18.051 20.034 19.302 20.186 18.247 14.924 11.954 13.687 16.955 15.963 14.448 11.063  9.125  5.745  5.390  8.149  9.935 11.581 14.889 16.266 20.060 22.032 25.342 28.069 30.992 33.994 36.011
  6.660  3.824  0.000  3.823  6.811 10.106 13.266 16.307 18.525 16.673 14.040 10.381  8.610  5.993  5.542  6.241  6.845  9.330  9.970 13.040 11.706 13.237 12.237 14.818 13.139  9.885 12.662 14.272 11.421 11.630 15.352 15.240 13.417 15.272 18.110 17.610 19.462 17.802 20.819 20.281 16.629 16.162 12.873 13.466 12.184 14.795 17.396 17.379 16.789 14.822 17.157 16.784 18.188 16.259 13.383 10.224 12.683 15.368 13.758 12.872  9.156  8.238  5.961  4.701  5.609  6.540  7.790 11.107 12.639 16.443 18.653 21.931 24.821 27.802 30.788 32.863
 10.332  6.963  3.823  0.000  3.817  6.522  9.869 12.899 14.847 12.991 10.432  6.734  5.815  4.625  6.354  8.786  9.981 12.866 13.387 16.226 14.433 15.214 13.321 15.644 14.484 10.769 12.527 14.576 11.816 10.766 14.575 14.945 12.508 13.511 16.627 15.905 18.229 17.018 19.812 18.620 15.055 14.652 11.646 12.134 11.351 13.908 16.054 16.603 16.047 14.838 17.584 17.457 19.552 17.920 15.625 12.579 15.451 17.581 15.382 15.007 11.211 10.775  8.942  6.298  6.025  4.632  6.120  8.596 10.128 13.865 16.175 19.679 22.527 25.704 28.629 30.696
 13.294 10.246  6.811  3.817  0.000  3.832  6.504  9.671 12.076 10.402  8.528  5.610  5.070  6.294  7.825 10.851 11.551 14.568 14.903 17.149 14.789 14.639 11.973 13.893 13.432  9.587 10.255 12.845 10.758  8.713 12.388 13.633 11.389 11.505 14.274 12.926 15.194 14.056 16.553 15.033 11.522 11.222  8.645  9.638  9.983 12.961 14.283 14.702 13.649 12.868 15.610 15.508 18.181 17.048 15.485 12.973 16.362 17.789 15.428 15.972 12.425 13.061 12.024  9.787  8.364  5.523  4.701  5.740  6.436 10.147 12.375 15.896 18.753 21.962 24.881 26.985
 16.719 13.443 10.106  6.522  3.832  0.000  3.830  6.444  8.482  7.272  6.233  4.312  6.300  8.740 11.167 14.423 15.355 18.333 18.444 20.740 18.426 17.925 14.881 16.647 16.687 12.910 12.788 15.575 13.810 11.032 14.274 15.906 13.330 12.434 15.218 13.574 16.153 15.502 17.428 15.127 11.987 11.480  9.544  9.835 10.520 12.840 13.567 14.783 14.116 14.352 17.408 17.770 20.806 19.755 18.607 16.094 19.406 20.472 17.678 18.363 14.948 15.616 14.788 12.029 10.210  6.552  6.063  4.892  5.756  8.720 11.250 14.859 17.669 21.059 23.806 25.873
 19.739 16.554 13.266  9.869  6.504  3.830  0.000  3.839  6.108  4.931  5.513  6.020  7.760 11.097 13.245 16.728 17.588 20.705 20.953 22.775 20.050 19.003 15.635 16.671 17.149 13.671 12.439 15.191 14.070 10.631 13.107 15.335 13.000 11.094 13.326 11.246 13.877 13.788 15.251 12.443  9.916 10.028  9.420 10.388 12.252 14.671 14.443 15.456 14.224 14.907 17.600 17.775 21.191 20.758 20.185 18.230 21.788 22.440 19.763 21.022 17.833 18.952 18.280 15.711 13.834 10.164  8.711  6.124  4.666  6.241  8.060 11.752 14.271 17.720 20.405 22.452
 22.892 19.769 16.307 12.899  9.671  6.444  3.839  0.000  3.863  5.450  7.916  9.095 11.463 14.699 16.920 20.298 20.903 23.785 23.598 25.389 22.824 21.395 17.792 18.907 19.971 16.637 15.138 18.176 17.514 14.039 16.173 18.757 16.616 14.349 16.129 13.615 15.831 15.713 16.333 13.038 11.047 10.432 10.423 10.490 12.569 14.259 13.241 14.778 13.977 15.600 18.455 19.228 22.802 22.347 22.223 20.333 23.757 23.941 20.955 22.454 19.578 20.969 20.770 18.193 15.811 12.013 10.457  6.972  6.013  5.552  7.798 10.851 13.419 16.843 19.238 21.251
 25.097 21.695 18.525 14.847 12.076  8.482  6.108  3.863  0.000  3.840  7.313  9.638 12.608 16.035 18.772 22.342 23.464 26.559 26.632 28.613 26.021 24.832 21.318 22.298 23.081 19.693 18.173 20.857 19.896 16.273 18.182 20.447 17.898 15.305 17.284 15.283 17.956 18.497 19.140 15.665 14.185 14.051 14.192 14.212 15.976 17.301 16.363 18.288 17.722 19.398 22.252 22.907 26.486 26.056 25.762 23.708 27.095 27.498 24.457 25.687 22.645 23.624 23.052 20.070 18.079 14.295 13.513 10.367  9.631  9.052 10.386 13.226 15.087 18.445 20.542 22.323
 23.023 19.506 16.673 12.991 10.402  7.272  4.931  5.450  3.840  0.000  3.808  6.926  9.604 13.224 16.055 19.760 21.302 24.665 25.245 27.235 24.466 23.644 20.376 21.132 21.353 17.944 16.544 18.751 17.373 13.761 15.665 17.479 14.631 12.095 14.486 13.117 16.311 17.208 18.503 15.340 13.699 14.330 14.239 14.987 16.670 18.573 18.194 19.728 18.759 19.739 22.404 22.487 25.951 25.634 24.972 22.901 26.397 27.231 24.477 25.490 22.160 22.818 21.710 18.639 17.257 13.618 13.095 10.604  9.448  9.849 10.657 14.041 15.703 19.111 21.436 23.213
 20.095 16.471 14.040 10.432  8.528  6.233  5.513  7.916  7.313  3.808  0.000  3.828  6.384  9.887 12.974 16.695 18.663 22.165 23.118 25.286 22.577 22.292 19.396 20.269 19.846 16.333 15.517 17.338 15.301 12.023 14.335 15.448 12.177 10.317 13.432 12.802 16.303 17.107 19.117 16.472 14.356 15.215 14.452 15.465 16.656 18.855 19.183 20.516 19.499 19.813 22.446 22.187 25.372 24.885 23.714 21.445 24.868 26.190 23.653 24.256 20.689 20.882 19.267 16.099 15.366 12.082 12.167 10.715  9.931 11.554 12.497 16.190 17.967 21.364 23.889 25.694
 16.487 12.828 10.381  6.734  5.610  4.312  6.020  9.095  9.638  6.926  3.828  0.000  3.827  6.685  9.998 13.558 15.509 18.896 19.774 22.212 19.791 19.899 17.283 18.670 17.933 14.223 14.260 16.196 13.712 11.018 14.099 14.865 11.584 10.862 14.291 13.700 16.939 17.025 19.434 17.254 14.454 14.849 13.181 13.979 14.486 16.779 17.784 18.997 18.196 18.041 20.822 20.622 23.491 22.588 21.004 18.425 21.669 23.293 20.806 21.037 17.359 17.260 15.497 12.309 11.789  8.798  9.481  9.139  9.317 12.028 13.681 17.472 19.746 23.139 25.850 27.773
 14.122 10.655  8.610  5.815  5.070  6.300  7.760 11.463 12.608  9.604  6.384  3.827  0.000  3.846  6.620 10.348 12.489 16.105 17.516 19.688 17.037 17.437 15.226 16.291 14.991 11.459 11.801 13.152 10.272  8.039 11.273 11.504  8.257  8.478 12.023 11.956 15.086 15.091 18.034 16.506 13.628 14.567 12.831 14.416 15.029 17.888 19.108 19.634 18.320 17.424 19.724 18.907 21.508 20.829 19.017 16.721 20.045 21.932 19.971 20.212 16.523 16.416 14.343 11.694 11.772  9.487  9.723 10.229  9.808 12.901 14.053 17.796 19.955 23.171 26.030 27.959
 10.630  7.098  5.993  4.625  6.294  8.740 11.097 14.699 16.035 13.224  9.887  6.685  3.846  0.000  3.813  7.135  9.797 13.341 15.068 17.542 15.300 16.499 15.011 16.449 14.501 11.131 12.640 13.579 10.142  9.315 12.745 12.136  9.202 10.805 14.251 14.573 17.333 16.875 20.128 19.143 16.002 16.665 14.316 15.700 15.555 18.360 20.232 20.570 19.468 17.995 20.198 19.267 21.300 20.240 17.821 15.269 18.201 20.637 19.000 18.638 14.900 14.139 11.498  9.092 10.225  9.190 10.215 11.984 12.296 15.787 17.204 20.846 23.164 26.281 29.206 31.149
  8.488  5.888  5.542  6.354  7.825 11.167 13.245 16.920 18.772 16.055 12.974  9.998  6.620  3.813  0.000  3.814  6.420 10.147 12.402 14.474 12.092 13.677 12.849 14.078 11.563  8.669 10.884 11.222  7.610  8.208 11.482 10.436  8.488 11.083 13.934 14.390 16.531 15.651 19.167 18.907 15.758 16.579 14.189 16.032 15.928 19.066 21.029 20.708 19.242 17.107 18.742 17.319 18.887 17.973 15.347 13.219 16.085 18.687 17.690 17.401 13.924 13.375 10.830  9.664 10.963 10.725 11.039 13.301 13.308 16.843 18.000 21.366 23.660 26.523 29.520 31.467
  5.614  4.679  6.241  8.786 10.851 14.423 16.728 20.298 22.342 19.760 16.695 13.558 10.348  7.135  3.814  0.000  3.830  7.174 10.085 12.129 10.322 12.844 13.080 14.456 11.423  9.389 12.448 12.282  8.886 10.792 13.684 12.180 11.095 14.202 16.644 17.229 18.861 17.572 21.149 21.424 18.238 18.852 16.218 17.927 17.359 20.391 22.718 22.067 20.696 18.056 19.322 17.734 18.544 17.389 14.269 12.283 14.504 17.562 17.204 16.453 13.336 12.383  9.683  9.761 11.695 12.594 13.066 15.908 16.221 19.815 21.051 24.209 26.568 29.263 32.279 34.219
  5.446  6.241  6.845  9.981 11.551 15.355 17.588 20.903 23.464 21.302 18.663 15.509 12.489  9.797  6.420  3.830  0.000  3.821  6.653  8.363  6.619  9.446 10.310 12.004  9.088  7.630 11.292 11.392  8.871 11.292 14.070 13.176 12.952 15.868 17.751 17.754 18.674 16.674 20.044 20.752 17.479 17.695 14.922 16.596 15.926 19.021 21.355 20.182 18.723 15.670 16.548 14.947 15.265 13.928 10.657  9.011 11.120 14.116 14.238 13.706 11.079 10.813  9.119 10.385 11.533 12.798 12.577 15.655 16.049 19.552 20.906 23.704 26.240 28.733 31.752 33.740
  5.791  8.366  9.330 12.866 14.568 18.333 20.705 23.785 26.559 24.665 22.165 18.896 16.105 13.341 10.147  7.174  3.821  0.000  3.876  5.385  5.386  9.013 10.998 12.978 10.322  9.849 13.663 13.768 11.941 14.625 17.168 16.373 16.571 19.496 21.115 20.932 21.397 18.971 22.095 23.154 19.879 19.682 16.762 18.070 16.958 19.742 22.302 20.807 19.584 16.225 16.722 15.291 14.701 12.920  9.268  8.009  8.874 12.195 13.135 12.197 10.465 10.190  9.273 11.763 12.828 14.833 14.609 17.946 18.667 22.086 23.613 26.134 28.791 31.109 34.096 36.089
  7.545  9.929  9.970 13.387 14.903 18.444 20.953 23.598 26.632 25.245 23.118 19.774 17.516 15.068 12.402 10.085  6.653  3.876  0.000  3.837  5.534  8.345 10.235 13.011 11.361 10.750 14.464 15.391 14.107 16.288 19.032 18.909 19.045 21.538 23.112 22.336 22.563 19.692 22.377 23.341 19.917 19.005 15.821 16.494 14.910 17.320 20.015 18.369 17.559 14.206 14.832 14.151 13.296 10.707  6.884  5.161  5.091  8.635  9.698  8.563  7.553  7.952  8.524 11.598 11.797 14.123 13.706 17.161 18.370 21.669 23.606 25.895 28.829 31.105 34.047 36.105
 10.663 13.101 13.040 16.226 17.149 20.740 22.775 25.389 28.613 27.235 25.286 22.212 19.688 17.542 14.474 12.129  8.363  5.385  3.837  0.000  3.835  6.539  9.611 11.672 10.141 10.852 14.288 14.747 14.270 16.896 19.027 18.984 19.867 22.391 23.373 22.551 22.160 19.068 21.576 23.131 20.046 19.347 16.641 17.769 16.735 19.334 21.596 19.370 18.065 14.394 14.009 12.766 11.060  8.993  5.535  6.239  5.933  8.353 10.613 10.462 10.345 11.508 12.318 15.251 15.202 17.101 16.023 19.106 19.761 22.725 24.248 26.132 28.866 30.802 33.678 35.671
 10.702 12.264 11.706 14.433 14.789 18.426 20.050 22.824 26.021 24.466 22.577 19.791 17.037 15.300 12.092 10.322  6.619  5.386  5.534  3.835  0.000  3.843  6.798  8.349  6.373  7.272 10.640 10.928 10.634 13.319 15.260 15.359 16.451 18.869 19.646 18.839 18.412 15.431 18.143 19.747 16.775 16.557 14.179 15.987 15.673 18.796 20.659 18.423 16.530 12.853 12.381 10.435  9.490  8.349  5.372  6.289  8.059  9.916 11.399 12.054 11.024 12.510 12.795 14.945 14.735 15.866 14.322 17.031 17.084 19.958 21.112 23.036 25.593 27.538 30.448 32.427
 13.817 14.710 13.237 15.214 14.639 17.925 19.003 21.395 24.832 23.644 22.292 19.899 17.437 16.499 13.677 12.844  9.446  9.013  8.345  6.539  3.843  0.000  3.836  5.259  5.100  6.486  8.864  9.834 10.718 12.772 14.370 15.369 16.748 18.527 18.818 17.380 16.392 12.985 15.184 16.980 14.206 13.791 11.872 13.919 14.252 17.501 18.759 16.104 13.752 10.023  8.887  6.646  5.886  5.428  4.125  6.430  8.882  9.248 10.510 12.362 11.644 14.071 14.944 16.688 15.647 16.086 13.721 15.793 15.435 17.799 18.776 20.241 22.791 24.520 27.363 29.360
 14.653 14.585 12.237 13.321 11.973 14.881 15.635 17.792 21.318 20.376 19.396 17.283 15.226 15.011 12.849 13.080 10.310 10.998 10.235  9.611  6.798  3.836  0.000  3.846  5.366  4.945  6.399  8.740  9.786 10.706 12.578 14.354 15.317 16.428 16.790 14.802 13.980 10.471 12.485 13.736 10.699 10.014  8.097 10.442 11.391 14.894 15.732 13.205 10.531  7.047  6.613  4.755  6.360  6.078  5.875  6.836 10.242 10.155 10.065 12.462 11.172 13.962 14.881 15.861 14.199 13.823 10.898 12.407 11.802 14.010 15.110 16.635 19.374 21.309 24.204 26.300
 17.009 16.899 14.818 15.644 13.893 16.647 16.671 18.907 22.298 21.132 20.269 18.670 16.291 16.449 14.078 14.456 12.004 12.978 13.011 11.672  8.349  5.259  3.846  0.000  3.840  5.439  5.149  6.436  8.857 10.015 10.703 12.672 14.478 15.457 14.989 13.095 11.511  7.929 10.018 12.129  9.888 10.361  9.779 12.870 14.570 18.149 18.487 15.848 12.632  9.568  8.052  4.615  6.348  8.089  8.687 10.410 13.558 13.340 13.694 16.191 14.951 17.556 18.096 18.892 17.507 16.780 13.735 14.611 13.040 14.659 14.777 15.894 18.073 19.637 22.480 24.468
 14.407 14.521 13.139 14.484 13.432 16.687 17.149 19.971 23.081 21.353 19.846 17.933 14.991 14.501 11.563 11.423  9.088 10.322 11.361 10.141  6.373  5.100  5.366  3.840  0.000  3.863  5.355  4.906  6.300  8.767  9.665 10.506 12.409 14.246 14.163 13.198 12.287  9.447 12.440 14.377 11.985 12.946 11.816 14.865 16.041 19.701 20.606 18.333 15.455 12.235 11.324  8.161  8.920  9.942  9.074 10.282 13.318 14.134 14.746 16.455 14.801 16.698 16.553 17.446 16.829 16.513 14.110 15.601 14.243 16.493 16.642 18.345 20.394 22.172 25.076 26.998
 12.587 11.876  9.885 10.769  9.587 12.910 13.671 16.637 19.693 17.944 16.333 14.223 11.459 11.131  8.669  9.389  7.630  9.849 10.750 10.852  7.272  6.486  4.945  5.439  3.863  0.000  3.852  5.372  5.021  6.405  8.716  9.841 10.566 12.177 12.957 11.774 11.858  9.284 12.476 13.387 10.312 10.994  9.224 12.158 13.212 16.944 18.012 16.271 13.692 10.833 11.165  8.948 10.695 10.758  9.415  9.193 12.768 13.907 13.562 15.029 12.675 14.395 14.015 14.310 13.522 12.851 10.534 12.113 11.010 13.756 14.426 16.731 19.133 21.408 24.419 26.457
 16.189 15.012 12.662 12.527 10.255 12.788 12.439 15.138 18.173 16.544 15.517 14.260 11.801 12.640 10.884 12.448 11.292 13.663 14.464 14.288 10.640  8.864  6.399  5.149  5.355  3.852  0.000  3.840  5.402  5.078  6.316  8.790  9.907 10.464 10.426  8.567  8.171  5.507  8.814  9.736  7.059  8.718  8.292 11.902 13.988 17.768 18.058 16.294 13.192 10.981 11.023  8.596 11.259 12.264 12.010 12.225 15.914 16.404 15.798 17.828 15.561 17.588 17.317 17.104 15.925 14.418 11.564 11.922  9.688 11.608 11.454 13.488 15.592 17.770 20.780 22.823
 16.647 15.815 14.272 14.576 12.845 15.575 15.191 18.176 20.857 18.751 17.338 16.196 13.152 13.579 11.222 12.282 11.392 13.768 15.391 14.747 10.928  9.834  8.740  6.436  4.906  5.372  3.840  0.000  3.847  5.427  4.931  6.318  8.728 10.060  9.397  8.778  8.113  6.419 10.088 11.741  9.978 12.276 12.118 15.708 17.614 21.401 21.850 20.020 16.881 14.430 13.910 10.814 12.662 14.149 13.627 14.256 17.653 18.497 18.489 20.245 18.023 19.663 18.941 18.919 18.406 17.240 14.823 15.435 13.132 14.956 14.213 16.090 17.569 19.426 22.330 24.179
 13.768 12.582 11.421 11.816 10.758 13.810 14.070 17.514 19.896 17.373 15.301 13.712 10.272 10.142  7.610  8.886  8.871 11.941 14.107 14.270 10.634 10.718  9.786  8.857  6.300  5.021  5.402  3.847  0.000  3.857  5.315  5.010  6.174  8.561  9.309  9.529 10.351  9.339 13.127 13.960 11.625 13.625 12.647 15.873 17.214 20.939 21.896 20.560 17.888 15.453 15.723 13.106 14.851 15.486 14.061 13.772 17.139 18.698 18.418 19.513 16.796 17.767 16.418 16.098 16.154 15.178 13.480 14.599 12.827 15.366 15.166 17.747 19.456 21.739 24.700 26.571
 15.603 13.589 11.630 10.766  8.713 11.032 10.631 14.039 16.273 13.761 12.023 11.018  8.039  9.315  8.208 10.792 11.292 14.625 16.288 16.896 13.319 12.772 10.706 10.015  8.767  6.405  5.078  5.427  3.857  0.000  3.846  5.446  5.084  5.805  7.032  6.537  8.352  7.988 11.566 11.431  9.065 11.377 10.831 14.108 15.928 19.590 20.136 19.213 16.562 14.858 15.678 13.594 16.155 16.756 15.744 15.055 18.730 19.969 19.002 20.329 17.360 18.485 17.226 16.157 15.712 13.869 11.957 12.198  9.892 12.186 11.821 14.722 16.439 19.026 22.008 23.943
 18.749 17.024 15.352 14.575 12.388 14.274 13.107 16.173 18.182 15.665 14.335 14.099 11.273 12.745 11.482 13.684 14.070 17.168 19.032 19.027 15.260 14.370 12.578 10.703  9.665  8.716  6.316  4.931  5.315  3.846  0.000  3.846  5.585  5.602  4.521  4.695  5.783  6.623 10.177 10.648  9.524 12.693 13.155 16.749 19.023 22.718 22.868 21.675 18.634 16.988 17.122 14.525 17.014 18.387 17.858 17.841 21.461 22.429 21.808 23.441 20.726 22.037 20.840 19.927 19.514 17.624 15.488 15.291 12.405 13.812 12.382 14.659 15.598 17.735 20.582 22.362
 17.615 16.069 15.240 14.945 13.633 15.906 15.335 18.757 20.447 17.479 15.448 14.865 11.504 12.136 10.436 12.180 13.176 16.373 18.909 18.984 15.359 15.369 14.354 12.672 10.506  9.841  8.790  6.318  5.010  5.446  3.846  0.000  3.847  6.021  5.854  7.928  9.309 10.194 13.816 14.475 13.209 16.135 16.035 19.449 21.229 24.915 25.524 24.425 21.584 19.591 19.744 16.955 18.901 20.059 18.929 18.757 22.123 23.640 23.301 24.438 21.589 22.342 20.610 19.781 20.103 18.686 17.177 17.590 15.181 17.075 15.929 18.409 19.278 21.380 24.150 25.797
 16.568 14.323 13.417 12.508 11.389 13.330 13.000 16.616 17.898 14.631 12.177 11.584  8.257  9.202  8.488 11.095 12.952 16.571 19.045 19.867 16.451 16.748 15.317 14.478 12.409 10.566  9.907  8.728  6.174  5.084  5.585  3.847  0.000  3.827  6.134  8.221 10.899 11.936 15.461 15.212 13.503 16.119 15.627 18.651 20.173 23.673 24.449 23.900 21.458 19.809 20.678 18.428 20.675 21.268 19.812 18.901 22.329 24.102 23.253 24.055 20.824 21.182 19.111 17.664 18.155 16.500 15.538 15.896 13.815 16.019 15.318 18.357 19.475 22.013 24.819 26.526
 19.437 16.836 15.272 13.511 11.505 12.434 11.094 14.349 15.305 12.095 10.317 10.862  8.478 10.805 11.083 14.202 15.868 19.496 21.538 22.391 18.869 18.527 16.428 15.457 14.246 12.177 10.464 10.060  8.561  5.805  5.602  6.021  3.827  0.000  3.851  5.681  9.185 11.064 14.052 13.086 11.907 14.832 15.029 18.051 20.080 23.464 23.718 23.399 20.896 19.862 20.890 18.928 21.693 22.479 21.512 20.605 24.255 25.621 24.391 25.542 22.297 22.971 21.182 19.342 19.276 16.941 15.663 15.098 12.465 13.954 12.731 15.745 16.547 19.172 21.885 23.569
 21.948 19.738 18.110 16.627 14.274 15.218 13.326 16.129 17.284 14.486 13.432 14.291 12.023 14.251 13.934 16.644 17.751 21.115 23.112 23.373 19.646 18.818 16.790 14.989 14.163 12.957 10.426  9.397  9.309  7.032  4.521  5.854  6.134  3.851  0.000  3.823  6.517  9.302 11.978 11.547 11.374 14.875 15.864 19.264 21.754 25.259 25.123 24.387 21.463 20.406 20.817 18.488 21.236 22.650 22.193 21.920 25.606 26.600 25.667 27.243 24.299 25.390 23.911 22.425 22.110 19.769 17.934 17.089 13.927 14.691 12.601 14.877 15.044 17.179 19.773 21.348
 22.089 19.870 17.610 15.905 12.926 13.574 11.246 13.615 15.283 13.117 12.802 13.700 11.956 14.573 14.390 17.229 17.754 20.932 22.336 22.551 18.839 17.380 14.802 13.095 13.198 11.774  8.567  8.778  9.529  6.537  4.695  7.928  8.221  5.681  3.823  0.000  3.895  6.505  8.761  7.828  7.741 11.352 12.834 16.268 19.122 22.571 22.060 21.224 18.196 17.479 17.930 15.936 19.060 20.510 20.517 20.338 24.129 24.662 23.502 25.453 22.699 24.255 23.294 21.868 20.915 18.298 15.924 14.594 11.093 11.346  9.020 11.167 11.638 13.973 16.761 18.581
 23.493 21.766 19.462 18.229 15.194 16.153 13.877 15.831 17.956 16.311 16.303 16.939 15.086 17.333 16.531 18.861 18.674 21.397 22.563 22.160 18.412 16.392 13.980 11.511 12.287 11.858  8.171  8.113 10.351  8.352  5.783  9.309 10.899  9.185  6.517  3.895  0.000  3.891  5.618  6.153  7.137 10.899 12.989 16.652 19.762 23.272 22.490 21.069 17.656 16.764 16.428 14.092 17.085 19.141 19.739 20.265 23.955 24.034 23.258 25.626 23.322 25.323 24.789 23.862 22.661 20.263 17.406 16.134 12.546 12.323  9.658 10.631 10.789 12.426 15.187 17.014
 21.630 20.279 17.802 17.018 14.056 15.502 13.788 15.713 18.497 17.208 17.107 17.025 15.091 16.875 15.651 17.572 16.674 18.971 19.692 19.068 15.431 12.985 10.471  7.929  9.447  9.284  5.507  6.419  9.339  7.988  6.623 10.194 11.936 11.064  9.302  6.505  3.891  0.000  3.846  5.657  5.347  8.519 10.353 14.108 17.130 20.702 20.026 18.164 14.606 13.327 12.673 10.230 13.272 15.353 16.206 17.019 20.628 20.434 19.815 22.388 20.407 22.740 22.644 22.161 20.685 18.594 15.410 14.511 11.254 11.402  9.576 10.423 11.557 13.185 16.097 18.094
 24.915 23.567 20.819 19.812 16.553 17.428 15.251 16.333 19.140 18.503 19.117 19.434 18.034 20.128 19.167 21.149 20.044 22.095 22.377 21.576 18.143 15.184 12.485 10.018 12.440 12.476  8.814 10.088 13.127 11.566 10.177 13.816 15.461 14.052 11.978  8.761  5.618  3.846  0.000  3.845  5.646  8.321 11.233 14.645 18.064 21.336 20.014 18.000 14.324 13.736 12.734 10.835 14.018 16.418 18.023 19.118 22.606 21.808 21.087 24.067 22.434 25.126 25.435 24.952 23.052 20.747 17.281 15.789 12.425 11.431  9.094  8.476  9.160 10.156 12.971 15.054
 25.189 23.333 20.281 18.620 15.033 15.127 12.443 13.038 15.665 15.340 16.472 17.254 16.506 19.143 18.907 21.424 20.752 23.154 23.341 23.131 19.747 16.980 13.736 12.129 14.377 13.387  9.736 11.741 13.960 11.431 10.648 14.475 15.212 13.086 11.547  7.828  6.153  5.657  3.845  0.000  3.837  6.710 10.086 13.185 16.825 19.884 18.286 16.893 13.523 13.767 13.750 12.680 16.279 18.060 19.422 19.846 23.495 22.797 21.445 24.299 22.352 24.913 25.137 24.139 22.035 19.251 15.879 13.691 10.082  8.336  5.455  4.970  6.135  8.243 11.340 13.692
 21.680 19.806 16.629 15.055 11.522 11.987  9.916 11.047 14.185 13.699 14.356 14.454 13.628 16.002 15.758 18.238 17.479 19.879 19.917 20.046 16.775 14.206 10.699  9.888 11.985 10.312  7.059  9.978 11.625  9.065  9.524 13.209 13.503 11.907 11.374  7.741  7.137  5.347  5.646  3.837  0.000  3.824  6.506  9.890 13.350 16.626 15.490 14.150 10.869 10.766 11.389 10.546 14.281 15.438 16.373 16.379 20.096 19.636 18.079 20.737 18.625 21.119 21.365 20.403 18.245 15.564 12.140 10.266  6.804  6.190  4.985  6.471  9.018 11.575 14.652 16.963
 21.405 19.652 16.162 14.652 11.222 11.480 10.028 10.432 14.051 14.330 15.215 14.849 14.567 16.665 16.579 18.852 17.695 19.682 19.005 19.347 16.557 13.791 10.014 10.361 12.946 10.994  8.718 12.276 13.625 11.377 12.693 16.135 16.119 14.832 14.875 11.352 10.899  8.519  8.321  6.710  3.824  0.000  3.830  6.562 10.242 13.277 11.878 10.405  7.178  7.778  9.119  9.560 13.350 13.854 15.035 14.808 18.332 17.455 15.480 18.334 16.528 19.353 20.180 19.373 16.661 14.047 10.354  8.318  5.790  5.128  6.100  7.191 10.585 13.073 15.962 18.325
 18.142 16.459 12.873 11.646  8.645  9.544  9.420 10.423 14.192 14.239 14.452 13.181 12.831 14.316 14.189 16.218 14.922 16.762 15.821 16.641 14.179 11.872  8.097  9.779 11.816  9.224  8.292 12.118 12.647 10.831 13.155 16.035 15.627 15.029 15.864 12.834 12.989 10.353 11.233 10.086  6.506  3.830  0.000  3.817  6.940 10.412  9.966  8.604  5.938  5.695  8.235  9.091 12.516 12.040 12.508 11.592 15.119 14.601 12.312 14.837 12.804 15.567 16.497 15.816 12.990 10.664  6.875  5.796  4.812  6.463  8.794 10.725 14.167 16.799 19.671 21.961
 18.883 17.191 13.466 12.134  9.638  9.835 10.388 10.490 14.212 14.987 15.465 13.979 14.416 15.700 16.032 17.927 16.596 18.070 16.494 17.769 15.987 13.919 10.442 12.870 14.865 12.158 11.902 15.708 15.873 14.108 16.749 19.449 18.651 18.051 19.264 16.268 16.652 14.108 14.645 13.185  9.890  6.562  3.817  0.000  3.824  6.796  6.230  5.467  4.403  5.697  9.261 11.336 14.333 13.042 13.448 11.950 14.968 14.187 11.161 13.533 11.763 14.604 16.088 15.346 11.939  9.677  6.209  5.031  6.300  7.673 10.935 12.653 16.288 18.928 21.586 23.854
 17.218 15.752 12.184 11.351  9.983 10.520 12.252 12.569 15.976 16.670 16.656 14.486 15.029 15.555 15.928 17.359 15.926 16.958 14.910 16.735 15.673 14.252 11.391 14.570 16.041 13.212 13.988 17.614 17.214 15.928 19.023 21.229 20.173 20.080 21.754 19.122 19.762 17.130 18.064 16.825 13.350 10.242  6.940  3.824  0.000  3.848  5.503  5.483  6.467  6.928 10.719 13.050 15.338 13.143 12.848 10.567 13.005 12.525  8.997 10.668  8.919 11.626 13.553 13.054  9.368  7.927  5.437  6.158  8.943 11.015 14.469 16.409 20.035 22.707 25.336 27.560
 19.560 18.169 14.795 13.908 12.961 12.840 14.671 14.259 17.301 18.573 18.855 16.779 17.888 18.360 19.066 20.391 19.021 19.742 17.320 19.334 18.796 17.501 14.894 18.149 19.701 16.944 17.768 21.401 20.939 19.590 22.718 24.915 23.673 23.464 25.259 22.571 23.272 20.702 21.336 19.884 16.626 13.277 10.412  6.796  3.848  0.000  3.848  5.560  8.385  9.704 13.343 16.179 18.189 15.702 15.517 13.140 14.792 14.032 10.251 11.432 10.393 12.755 15.103 14.583 10.778  9.741  8.411  8.769 11.918 13.459 17.106 18.784 22.419 25.022 27.438 29.611
 22.555 20.989 17.396 16.054 14.283 13.567 14.443 13.241 16.363 18.194 19.183 17.784 19.108 20.232 21.029 22.718 21.355 22.302 20.015 21.596 20.659 18.759 15.732 18.487 20.606 18.012 18.058 21.850 21.896 20.136 22.868 25.524 24.449 23.718 25.123 22.060 22.490 20.026 20.014 18.286 15.490 11.878  9.966  6.230  5.503  3.848  0.000  3.825  6.871  9.574 12.994 16.078 18.500 16.594 17.183 15.418 17.381 16.060 12.496 14.443 13.602 16.263 18.482 17.765 13.960 12.200 10.137  9.067 11.438 11.884 15.402 16.495 20.071 22.489 24.704 26.861
 22.003 20.896 17.379 16.603 14.702 14.783 15.456 14.778 18.288 19.728 20.516 18.997 19.634 20.570 20.708 22.067 20.182 20.807 18.369 19.370 18.423 16.104 13.205 15.848 18.333 16.271 16.294 20.020 20.560 19.213 21.675 24.425 23.900 23.399 24.387 21.224 21.069 18.164 18.000 16.893 14.150 10.405  8.604  5.467  5.483  5.560  3.825  0.000  3.825  6.458  9.528 12.886 15.119 13.353 14.492 13.408 15.372 13.499 10.328 13.074 12.747 16.009 18.485 18.387 14.697 13.312 10.554  9.947 11.578 12.027 15.108 15.803 19.366 21.475 23.768 25.958
 21.414 20.319 16.789 16.047 13.649 14.116 14.224 13.977 17.722 18.759 19.499 18.196 18.320 19.468 19.242 20.696 18.723 19.584 17.559 18.065 16.530 13.752 10.531 12.632 15.455 13.692 13.192 16.881 17.888 16.562 18.634 21.584 21.458 20.896 21.463 18.196 17.656 14.606 14.324 13.523 10.869  7.178  5.938  4.403  6.467  8.385  6.871  3.825  0.000  3.826  6.588  9.651 12.391 11.380 12.954 12.520 15.084 13.229 10.678 13.907 13.269 16.703 18.793 18.739 15.327 13.668 10.229  9.369  9.805 10.056 12.568 13.074 16.574 18.572 21.022 23.262
 18.681 18.051 14.822 14.838 12.868 14.352 14.907 15.600 19.398 19.739 19.813 18.041 17.424 17.995 17.107 18.056 15.670 16.225 14.206 14.394 12.853 10.023  7.047  9.568 12.235 10.833 10.981 14.430 15.453 14.858 16.988 19.591 19.809 19.862 20.406 17.479 16.764 13.327 13.736 13.767 10.766  7.778  5.695  5.697  6.928  9.704  9.574  6.458  3.826  0.000  3.837  6.639  9.072  7.787  9.230  9.173 11.901 10.189  8.231 11.640 11.055 14.633 16.680 17.180 14.160 13.142  9.704 10.061 10.372 11.590 13.745 14.629 17.974 19.934 22.577 24.791
 20.187 20.034 17.157 17.584 15.610 17.408 17.600 18.455 22.252 22.404 22.446 20.822 19.724 20.198 18.742 19.322 16.548 16.722 14.832 14.009 12.381  8.887  6.613  8.052 11.324 11.165 11.023 13.910 15.723 15.678 17.122 19.744 20.678 20.890 20.817 17.930 16.428 12.673 12.734 13.750 11.389  9.119  8.235  9.261 10.719 13.343 12.994  9.528  6.588  3.837  0.000  3.836  5.930  5.837  8.624 10.107 12.504 10.288  9.693 13.350 13.353 16.978 19.000 19.931 17.264 16.499 13.053 13.426 13.005 13.822 15.145 15.406 18.340 19.755 22.302 24.419
 19.311 19.302 16.784 17.457 15.508 17.770 17.775 19.228 22.907 22.487 22.187 20.622 18.907 19.267 17.319 17.734 14.947 15.291 14.151 12.766 10.435  6.646  4.755  4.615  8.161  8.948  8.596 10.814 13.106 13.594 14.525 16.955 18.428 18.928 18.488 15.936 14.092 10.230 10.835 12.680 10.546  9.560  9.091 11.336 13.050 16.179 16.078 12.886  9.651  6.639  3.836  0.000  3.852  5.675  8.101 10.256 12.966 11.477 11.672 14.925 14.510 17.789 19.226 20.217 18.108 17.381 13.992 14.556 13.445 14.484 15.083 15.498 18.017 19.324 21.984 24.024
 19.459 20.186 18.188 19.552 18.181 20.806 21.191 22.802 26.486 25.951 25.372 23.491 21.508 21.300 18.887 18.544 15.265 14.701 13.296 11.060  9.490  5.886  6.360  6.348  8.920 10.695 11.259 12.662 14.851 16.155 17.014 18.901 20.675 21.693 21.236 19.060 17.085 13.272 14.018 16.279 14.281 13.350 12.516 14.333 15.338 18.189 18.500 15.119 12.391  9.072  5.930  3.852  0.000  3.812  6.774 10.049 11.809 10.077 11.506 14.551 14.879 18.082 19.740 21.391 19.583 19.542 16.496 17.651 16.932 18.224 18.893 19.259 21.653 22.729 25.279 27.210
 17.333 18.247 16.259 17.920 17.048 19.755 20.758 22.347 26.056 25.634 24.885 22.588 20.829 20.240 17.973 17.389 13.928 12.920 10.707  8.993  8.349  5.428  6.078  8.089  9.942 10.758 12.264 14.149 15.486 16.756 18.387 20.059 21.268 22.479 22.650 20.510 19.141 15.353 16.418 18.060 15.438 13.854 12.040 13.042 13.143 15.702 16.594 13.353 11.380  7.787  5.837  5.675  3.812  0.000  3.838  6.973  8.308  6.315  7.863 10.834 11.542 14.847 16.920 18.862 16.953 17.402 14.704 16.420 16.532 18.306 19.698 20.496 23.304 24.757 27.394 29.421
 13.672 14.924 13.383 15.625 15.485 18.607 20.185 22.223 25.762 24.972 23.714 21.004 19.017 17.821 15.347 14.269 10.657  9.268  6.884  5.535  5.372  4.125  5.875  8.687  9.074  9.415 12.010 13.627 14.061 15.744 17.858 18.929 19.812 21.512 22.193 20.517 19.739 16.206 18.023 19.422 16.373 15.035 12.508 13.448 12.848 15.517 17.183 14.492 12.954  9.230  8.624  8.101  6.774  3.838  0.000  3.828  5.269  5.156  6.920  8.737  8.971 11.780 13.569 15.840 14.451 15.498 13.425 15.895 16.431 18.892 20.538 21.976 24.882 26.695 29.486 31.541
 11.030 11.954 10.224 12.579 12.973 16.094 18.230 20.333 23.708 22.901 21.445 18.425 16.721 15.269 13.219 12.283  9.011  8.009  5.161  6.239  6.289  6.430  6.836 10.410 10.282  9.193 12.225 14.256 13.772 15.055 17.841 18.757 18.901 20.605 21.920 20.338 20.265 17.019 19.118 19.846 16.379 14.808 11.592 11.950 10.567 13.140 15.418 13.408 12.520  9.173 10.107 10.256 10.049  6.973  3.828  0.000  3.856  5.488  5.450  6.208  5.345  8.100  9.974 12.184 10.736 12.151 10.643 13.658 14.892 17.818 19.974 21.922 25.058 27.271 30.144 32.266
 11.895 13.687 12.683 15.451 16.362 19.406 21.788 23.757 27.095 26.397 24.868 21.669 20.045 18.201 16.085 14.504 11.120  8.874  5.091  5.933  8.059  8.882 10.242 13.558 13.318 12.768 15.914 17.653 17.139 18.730 21.461 22.123 22.329 24.255 25.606 24.129 23.955 20.628 22.606 23.495 20.096 18.332 15.119 14.968 13.005 14.792 17.381 15.372 15.084 11.901 12.504 12.966 11.809  8.308  5.269  3.856  0.000  3.858  5.422  4.681  5.927  8.068 10.586 13.604 12.497 14.686 13.745 16.916 18.505 21.381 23.671 25.488 28.664 30.770 33.583 35.682
 15.533 16.955 15.368 17.581 17.789 20.472 22.440 23.941 27.498 27.231 26.190 23.293 21.932 20.637 18.687 17.562 14.116 12.195  8.635  8.353  9.916  9.248 10.155 13.340 14.134 13.907 16.404 18.497 18.698 19.969 22.429 23.640 24.102 25.621 26.600 24.662 24.034 20.434 21.808 22.797 19.636 17.455 14.601 14.187 12.525 14.032 16.060 13.499 13.229 10.189 10.288 11.477 10.077  6.315  5.156  5.488  3.858  0.000  3.835  5.444  7.807 10.862 13.817 16.448 14.617 16.220 14.602 17.192 18.625 20.970 23.232 24.533 27.730 29.570 32.239 34.328
 15.318 15.963 13.758 15.382 15.428 17.678 19.763 20.955 24.457 24.477 23.653 20.806 19.971 19.000 17.690 17.204 14.238 13.135  9.698 10.613 11.399 10.510 10.065 13.694 14.746 13.562 15.798 18.489 18.418 19.002 21.808 23.301 23.253 24.391 25.667 23.502 23.258 19.815 21.087 21.445 18.079 15.480 12.312 11.161  8.997 10.251 12.496 10.328 10.678  8.231  9.693 11.672 11.506  7.863  6.920  5.450  5.422  3.835  0.000  3.852  5.608  9.231 12.460 14.469 11.983 13.269 11.665 14.140 16.049 18.398 21.072 22.548 25.947 28.041 30.713 32.867
 13.428 14.448 12.872 15.007 15.972 18.363 21.022 22.454 25.687 25.490 24.256 21.037 20.212 18.638 17.401 16.453 13.706 12.197  8.563 10.462 12.054 12.362 12.462 16.191 16.455 15.029 17.828 20.245 19.513 20.329 23.441 24.438 24.055 25.542 27.243 25.453 25.626 22.388 24.067 24.299 20.737 18.334 14.837 13.533 10.668 11.432 14.443 13.074 13.907 11.640 13.350 14.925 14.551 10.834  8.737  6.208  4.681  5.444  3.852  0.000  3.840  6.417 10.010 12.553 10.631 12.928 12.423 15.509 17.898 20.678 23.541 25.416 28.849 31.150 33.890 36.043
 10.733 11.063  9.156 11.211 12.425 14.948 17.833 19.578 22.645 22.160 20.689 17.359 16.523 14.900 13.924 13.336 11.079 10.465  7.553 10.345 11.024 11.644 11.172 14.951 14.801 12.675 15.561 18.023 16.796 17.360 20.726 21.589 20.824 22.297 24.299 22.699 23.322 20.407 22.434 22.352 18.625 16.528 12.804 11.763  8.919 10.393 13.602 12.747 13.269 11.055 13.353 14.510 14.879 11.542  8.971  5.345  5.927  7.807  5.608  3.840  0.000  3.831  6.969  9.026  7.027  9.384  9.228 12.682 15.157 18.303 21.191 23.495 26.899 29.461 32.300 34.468
  8.634  9.125  8.238 10.775 13.061 15.616 18.952 20.969 23.624 22.818 20.882 17.260 16.416 14.139 13.375 12.383 10.813 10.190  7.952 11.508 12.510 14.071 13.962 17.556 16.698 14.395 17.588 19.663 17.767 18.485 22.037 22.342 21.182 22.971 25.390 24.255 25.323 22.740 25.126 24.913 21.119 19.353 15.567 14.604 11.626 12.755 16.263 16.009 16.703 14.633 16.978 17.789 18.082 14.847 11.780  8.100  8.068 10.862  9.231  6.417  3.831  0.000  3.840  6.589  5.995  9.471 10.693 14.411 17.087 20.526 23.433 26.096 29.437 32.175 35.059 37.204
  5.748  5.745  5.961  8.942 12.024 14.788 18.280 20.770 23.052 21.710 19.267 15.497 14.343 11.498 10.830  9.683  9.119  9.273  8.524 12.318 12.795 14.944 14.881 18.096 16.553 14.015 17.317 18.941 16.418 17.226 20.840 20.610 19.111 21.182 23.911 23.294 24.789 22.644 25.435 25.137 21.365 20.180 16.497 16.088 13.553 15.103 18.482 18.485 18.793 16.680 19.000 19.226 19.740 16.920 13.569  9.974 10.586 13.817 12.460 10.010  6.969  3.840  0.000  3.844  5.585  9.086 11.035 14.793 17.190 20.883 23.548 26.566 29.717 32.600 35.550 37.654
  7.589  5.390  4.701  6.298  9.787 12.029 15.711 18.193 20.070 18.639 16.099 12.309 11.694  9.092  9.664  9.761 10.385 11.763 11.598 15.251 14.945 16.688 15.861 18.892 17.446 14.310 17.104 18.919 16.098 16.157 19.927 19.781 17.664 19.342 22.425 21.868 23.862 22.161 24.952 24.139 20.403 19.373 15.816 15.346 13.054 14.583 17.765 18.387 18.739 17.180 19.931 20.217 21.391 18.862 15.840 12.184 13.604 16.448 14.469 12.553  9.026  6.589  3.844  0.000  3.846  6.656  9.531 12.951 15.457 19.165 21.887 25.172 28.252 31.336 34.255 36.337
 10.135  8.149  5.609  6.025  8.364 10.210 13.834 15.811 18.079 17.257 15.366 11.789 11.772 10.225 10.963 11.695 11.533 12.828 11.797 15.202 14.735 15.647 14.199 17.507 16.829 13.522 15.925 18.406 16.154 15.712 19.514 20.103 18.155 19.276 22.110 20.915 22.661 20.685 23.052 22.035 18.245 16.661 12.990 11.939  9.368 10.778 13.960 14.697 15.327 14.160 17.264 18.108 19.583 16.953 14.451 10.736 12.497 14.617 11.983 10.631  7.027  5.995  5.585  3.846  0.000  3.833  6.504  9.968 12.949 16.481 19.544 22.615 25.895 28.951 31.808 33.941
 12.636  9.935  6.540  4.632  5.523  6.552 10.164 12.013 14.295 13.618 12.082  8.798  9.487  9.190 10.725 12.594 12.798 14.833 14.123 17.101 15.866 16.086 13.823 16.780 16.513 12.851 14.418 17.240 15.178 13.869 17.624 18.686 16.500 16.941 19.769 18.298 20.263 18.594 20.747 19.251 15.564 14.047 10.664  9.677  7.927  9.741 12.200 13.312 13.668 13.142 16.499 17.381 19.542 17.402 15.498 12.151 14.686 16.220 13.269 12.928  9.384  9.471  9.086  6.656  3.833  0.000  3.816  6.581  9.645 13.091 16.219 19.412 22.649 25.825 28.637 30.768
 13.883 11.581  7.790  6.120  4.701  6.063  8.711 10.457 13.513 13.095 12.167  9.481  9.723 10.215 11.039 13.066 12.577 14.609 13.706 16.023 14.322 13.721 10.898 13.735 14.110 10.534 11.564 14.823 13.480 11.957 15.488 17.177 15.538 15.663 17.934 15.924 17.406 15.410 17.281 15.879 12.140 10.354  6.875  6.209  5.437  8.411 10.137 10.554 10.229  9.704 13.053 13.992 16.496 14.704 13.425 10.643 13.745 14.602 11.665 12.423  9.228 10.693 11.035  9.531  6.504  3.816  0.000  3.833  6.640 10.086 13.214 16.158 19.509 22.558 25.402 27.593
 17.442 14.889 11.107  8.596  5.740  4.892  6.124  6.972 10.367 10.604 10.715  9.139 10.229 11.984 13.301 15.908 15.655 17.946 17.161 19.106 17.031 15.793 12.407 14.611 15.601 12.113 11.922 15.435 14.599 12.198 15.291 17.590 15.896 15.098 17.089 14.594 16.134 14.511 15.789 13.691 10.266  8.318  5.796  5.031  6.158  8.769  9.067  9.947  9.369 10.061 13.426 14.556 17.651 16.420 15.895 13.658 16.916 17.192 14.140 15.509 12.682 14.411 14.793 12.951  9.968  6.581  3.833  0.000  3.828  6.695 10.159 13.085 16.466 19.627 22.371 24.573
 18.814 16.266 12.639 10.128  6.436  5.756  4.666  6.013  9.631  9.448  9.931  9.317  9.808 12.296 13.308 16.221 16.049 18.667 18.370 19.761 17.084 15.435 11.802 13.040 14.243 11.010  9.688 13.132 12.827  9.892 12.405 15.181 13.815 12.465 13.927 11.093 12.546 11.254 12.425 10.082  6.804  5.790  4.812  6.300  8.943 11.918 11.438 11.578  9.805 10.372 13.005 13.445 16.932 16.532 16.431 14.892 18.505 18.625 16.049 17.898 15.157 17.087 17.190 15.457 12.949  9.645  6.640  3.828  0.000  3.819  6.631  9.841 13.061 16.273 19.129 21.362
 22.562 20.060 16.443 13.865 10.147  8.720  6.241  5.552  9.052  9.849 11.554 12.028 12.901 15.787 16.843 19.815 19.552 22.086 21.669 22.725 19.958 17.799 14.010 14.659 16.493 13.756 11.608 14.956 15.366 12.186 13.812 17.075 16.019 13.954 14.691 11.346 12.323 11.402 11.431  8.336  6.190  5.128  6.463  7.673 11.015 13.459 11.884 12.027 10.056 11.590 13.822 14.484 18.224 18.306 18.892 17.818 21.381 20.970 18.398 20.678 18.303 20.526 20.883 19.165 16.481 13.091 10.086  6.695  3.819  0.000  3.823  6.545  9.899 13.148 15.867 18.153
 24.489 22.032 18.653 16.175 12.375 11.250  8.060  7.798 10.386 10.657 12.497 13.681 14.053 17.204 18.000 21.051 20.906 23.613 23.606 24.248 21.112 18.776 15.110 14.777 16.642 14.426 11.454 14.213 15.166 11.821 12.382 15.929 15.318 12.731 12.601  9.020  9.658  9.576  9.094  5.455  4.985  6.100  8.794 10.935 14.469 17.106 15.402 15.108 12.568 13.745 15.145 15.083 18.893 19.698 20.538 19.974 23.671 23.232 21.072 23.541 21.191 23.433 23.548 21.887 19.544 16.219 13.214 10.159  6.631  3.823  0.000  3.829  6.587  9.974 12.844 15.172
 27.551 25.342 21.931 19.679 15.896 14.859 11.752 10.851 13.226 14.041 16.190 17.472 17.796 20.846 21.366 24.209 23.704 26.134 25.895 26.132 23.036 20.241 16.635 15.894 18.345 16.731 13.488 16.090 17.747 14.722 14.659 18.409 18.357 15.745 14.877 11.167 10.631 10.423  8.476  4.970  6.471  7.191 10.725 12.653 16.409 18.784 16.495 15.803 13.074 14.629 15.406 15.498 19.259 20.496 21.976 21.922 25.488 24.533 22.548 25.416 23.495 26.096 26.566 25.172 22.615 19.412 16.158 13.085  9.841  6.545  3.829  0.000  3.825  6.799  9.636 12.166
 30.312 28.069 24.821 22.527 18.753 17.669 14.271 13.419 15.087 15.703 17.967 19.746 19.955 23.164 23.660 26.568 26.240 28.791 28.829 28.866 25.593 22.791 19.374 18.073 20.394 19.133 15.592 17.569 19.456 16.439 15.598 19.278 19.475 16.547 15.044 11.638 10.789 11.557  9.160  6.135  9.018 10.585 14.167 16.288 20.035 22.419 20.071 19.366 16.574 17.974 18.340 18.017 21.653 23.304 24.882 25.058 28.664 27.730 25.947 28.849 26.899 29.437 29.717 28.252 25.895 22.649 19.509 16.466 13.061  9.899  6.587  3.825  0.000  3.829  6.754  9.292
 33.040 30.992 27.802 25.704 21.962 21.059 17.720 16.843 18.445 19.111 21.364 23.139 23.171 26.281 26.523 29.263 28.733 31.109 31.105 30.802 27.538 24.520 21.309 19.637 22.172 21.408 17.770 19.426 21.739 19.026 17.735 21.380 22.013 19.172 17.179 13.973 12.426 13.185 10.156  8.243 11.575 13.073 16.799 18.928 22.707 25.022 22.489 21.475 18.572 19.934 19.755 19.324 22.729 24.757 26.695 27.271 30.770 29.570 28.041 31.150 29.461 32.175 32.600 31.336 28.951 25.825 22.558 19.627 16.273 13.148  9.974  6.799  3.829  0.000  3.842  6.684
 36.058 33.994 30.788 28.629 24.881 23.806 20.405 19.238 20.542 21.436 23.889 25.850 26.030 29.206 29.520 32.279 31.752 34.096 34.047 33.678 30.448 27.363 24.204 22.480 25.076 24.419 20.780 22.330 24.700 22.008 20.582 24.150 24.819 21.885 19.773 16.761 15.187 16.097 12.971 11.340 14.652 15.962 19.671 21.586 25.336 27.438 24.704 23.768 21.022 22.577 22.302 21.984 25.279 27.394 29.486 30.144 33.583 32.239 30.713 33.890 32.300 35.059 35.550 34.255 31.808 28.637 25.402 22.371 19.129 15.867 12.844  9.636  6.754  3.842  0.000  3.812
