  0.000  3.832  6.649 10.304 13.263 16.681 19.702 22.853 25.054 22.978 20.045 16.435 14.081 10.592  8.445  5.594  5.437  5.802  7.547 10.666 10.698 13.805 14.639 16.992 14.386 12.578 16.183 16.650 13.793 15.626 18.779 17.675 16.645 19.490 21.997 22.145 23.569 21.708 24.962 25.201 21.691 21.385 18.112 18.844 17.174 19.515 22.513 21.997 21.397 18.684 20.180 19.306 19.441 17.318 13.661 11.021 11.902 15.535 15.319 13.438 10.734  8.634  5.742  7.578 10.112 12.614 13.859 17.407 18.783 22.531 24.473 27.550 30.332 33.067 36.067 38.189
  3.832  0.000  3.824  6.929 10.214 13.399 16.515 19.725 21.647 19.460 16.426 12.778 10.627  7.078  5.879  4.703  6.261  8.388  9.930 13.105 12.267 14.701 14.571 16.893 14.514 11.876 15.019 15.837 12.625 13.629 17.074 16.152 14.425 16.912 19.811 19.943 21.854 20.365 23.615 23.344 19.818 19.629 16.425 17.140 15.696 18.111 20.930 20.869 20.287 18.047 20.024 19.299 20.170 18.226 14.910 11.940 13.684 16.946 15.951 14.444 11.053  9.117  5.738  5.375  8.115  9.901 11.546 14.843 16.231 20.024 22.013 25.336 28.070 30.996 33.985 36.094
  6.649  3.824  0.000  3.822  6.787 10.083 13.240 16.277 18.498 16.649 14.020 10.362  8.600  6.005  5.504  6.255  6.843  9.322  9.948 13.014 11.675 13.192 12.192 14.782 13.100  9.855 12.643 14.265 11.438 11.652 15.374 15.291 13.498 15.329 18.158 17.661 19.520 17.857 20.833 20.274 16.624 16.124 12.827 13.409 12.128 14.745 17.341 17.343 16.743 14.798 17.123 16.752 18.140 16.206 13.338 10.187 12.661 15.338 13.733 12.863  9.146  8.249  5.983  4.743  5.608  6.536  7.760 11.068 12.604 16.405 18.627 21.915 24.808 27.791 30.752 32.915
 10.304  6.929  3.822  0.000  3.817  6.511  9.861 12.886 14.831 12.975 10.418  6.719  5.820  4.640  6.331  8.793  9.990 12.869 13.383 16.223 14.430 15.205 13.314 15.651 14.481 10.773 12.546 14.598 11.847 10.810 14.620 15.005 12.590 13.581 16.694 15.982 18.312 17.100 19.855 18.640 15.081 14.651 11.640 12.111 11.331 13.891 16.025 16.594 16.034 14.854 17.595 17.468 19.546 17.904 15.616 12.575 15.453 17.580 15.389 15.019 11.224 10.793  8.952  6.314  6.032  4.643  6.117  8.580 10.122 13.856 16.175 19.689 22.519 25.695 28.599 30.736
 13.263 10.214  6.787  3.817  0.000  3.830  6.499  9.664 12.069 10.394  8.517  5.601  5.067  6.299  7.785 10.853 11.554 14.565 14.897 17.142 14.781 14.625 11.959 13.897 13.425  9.581 10.268 12.859 10.772  8.740 12.415 13.667 11.440 11.547 14.321 12.989 15.260 14.124 16.584 15.048 11.542 11.220  8.638  9.616  9.968 12.951 14.260 14.686 13.630 12.879 15.619 15.515 18.173 17.028 15.473 12.968 16.363 17.786 15.435 15.985 12.438 13.080 12.033  9.801  8.370  5.542  4.705  5.723  6.430 10.140 12.376 15.905 18.745 21.951 24.850 27.023
 16.681 13.399 10.083  6.511  3.830  0.000  3.830  6.441  8.476  7.265  6.228  4.312  6.304  8.743 11.133 14.418 15.355 18.328 18.438 20.733 18.419 17.915 14.873 16.659 16.686 12.906 12.803 15.589 13.816 11.049 14.296 15.928 13.362 12.462 15.258 13.629 16.208 15.559 17.449 15.138 12.005 11.485  9.549  9.824 10.520 12.847 13.552 14.768 14.103 14.369 17.427 17.785 20.807 19.741 18.599 16.090 19.407 20.472 17.687 18.377 14.960 15.632 14.791 12.033 10.213  6.561  6.065  4.884  5.761  8.719 11.250 14.865 17.628 21.015 23.738 25.848
 19.702 16.515 13.240  9.861  6.499  3.830  0.000  3.839  6.108  4.930  5.508  6.020  7.757 11.097 13.214 16.724 17.586 20.698 20.946 22.768 20.042 18.991 15.622 16.681 17.147 13.662 12.449 15.199 14.062 10.629 13.113 15.334 13.000 11.091 13.345 11.281 13.913 13.825 15.261 12.443  9.923 10.030  9.421 10.375 12.250 14.677 14.429 15.428 14.199 14.915 17.615 17.786 21.191 20.742 20.176 18.226 21.787 22.438 19.771 21.034 17.844 18.967 18.283 15.716 13.835 10.172  8.711  6.110  4.661  6.240  8.056 11.749 14.214 17.658 20.336 22.420
 22.853 19.725 16.277 12.886  9.664  6.441  3.839  0.000  3.863  5.450  7.917  9.099 11.461 14.698 16.884 20.293 20.902 23.778 23.590 25.383 22.817 21.385 17.782 18.922 19.973 16.629 15.148 18.184 17.506 14.033 16.170 18.748 16.606 14.331 16.132 13.630 15.844 15.731 16.322 13.029 11.045 10.435 10.430 10.483 12.574 14.272 13.230 14.746 13.954 15.607 18.473 19.243 22.808 22.333 22.215 20.328 23.755 23.938 20.961 22.464 19.585 20.981 20.768 18.190 15.806 12.011 10.451  6.963  6.016  5.551  7.785 10.841 13.326 16.753 19.113 21.139
 25.054 21.647 18.498 14.831 12.069  8.476  6.108  3.863  0.000  3.840  7.319  9.644 12.612 16.034 18.746 22.333 23.459 26.550 26.622 28.605 26.013 24.822 21.309 22.314 23.083 19.684 18.184 20.866 19.885 16.268 18.185 20.440 17.884 15.292 17.297 15.306 17.975 18.519 19.136 15.657 14.185 14.057 14.200 14.206 15.981 17.317 16.354 18.258 17.701 19.407 22.273 22.924 26.493 26.043 25.754 23.702 27.092 27.495 24.462 25.695 22.650 23.633 23.047 20.064 18.074 14.291 13.505 10.359  9.632  9.055 10.377 13.210 14.965 18.315 20.399 22.159
 22.978 19.460 16.649 12.975 10.394  7.265  4.930  5.450  3.840  0.000  3.808  6.927  9.606 13.219 16.037 19.748 21.294 24.653 25.232 27.223 24.455 23.631 20.361 21.141 21.348 17.932 16.553 18.759 17.358 13.756 15.676 17.476 14.619 12.094 14.515 13.159 16.349 17.244 18.517 15.337 13.705 14.335 14.240 14.975 16.668 18.583 18.182 19.699 18.734 19.746 22.419 22.499 25.953 25.617 24.960 22.893 26.393 27.226 24.482 25.497 22.165 22.827 21.705 18.636 17.254 13.617 13.088 10.590  9.444  9.853 10.655 14.028 15.607 18.996 21.347 23.123
 20.045 16.426 14.020 10.418  8.517  6.228  5.508  7.917  7.319  3.808  0.000  3.828  6.381  9.877 12.954 16.671 18.642 22.143 23.097 25.262 22.551 22.263 19.365 20.256 19.819 16.304 15.508 17.327 15.269 12.007 14.339 15.438 12.164 10.325 13.462 12.844 16.341 17.141 19.129 16.460 14.354 15.207 14.442 15.446 16.652 18.866 19.172 20.491 19.471 19.814 22.448 22.181 25.354 24.856 23.690 21.430 24.858 26.178 23.654 24.263 20.694 20.894 19.266 16.106 15.372 12.093 12.163 10.699  9.917 11.549 12.486 16.170 17.887 21.261 23.822 25.646
 16.435 12.778 10.362  6.719  5.601  4.312  6.020  9.099  9.644  6.927  3.828  0.000  3.827  6.674  9.971 13.532 15.487 18.873 19.752 22.188 19.764 19.869 17.254 18.658 17.906 14.196 14.256 16.189 13.691 11.019 14.114 14.875 11.604 10.898 14.337 13.759 16.995 17.076 19.457 17.255 14.463 14.845 13.173 13.962 14.481 16.788 17.772 18.981 18.175 18.048 20.826 20.618 23.472 22.558 20.979 18.408 21.658 23.281 20.808 21.044 17.364 17.271 15.495 12.317 11.797  8.814  9.480  9.128  9.309 12.026 13.678 17.466 19.695 23.071 25.798 27.759
 14.081 10.627  8.600  5.820  5.067  6.304  7.757 11.461 12.612  9.606  6.381  3.827  0.000  3.846  6.605 10.330 12.468 16.082 17.494 19.660 17.005 17.398 15.185 16.262 14.950 11.422 11.784 13.135 10.245  8.038 11.288 11.518  8.292  8.530 12.074 12.019 15.147 15.142 18.060 16.501 13.630 14.550 12.807 14.387 15.010 17.882 19.087 19.609 18.286 17.417 19.711 18.887 21.475 20.789 18.985 16.701 20.032 21.914 19.968 20.218 16.529 16.432 14.352 11.721 11.787  9.512  9.723 10.211  9.789 12.890 14.045 17.786 19.927 23.125 26.012 28.005
 10.592  7.078  6.005  4.640  6.299  8.743 11.097 14.698 16.034 13.219  9.877  6.674  3.846  0.000  3.815  7.116  9.780 13.325 15.052 17.522 15.278 16.473 14.985 16.432 14.470 11.111 12.640 13.579 10.141  9.342 12.783 12.183  9.277 10.882 14.322 14.653 17.417 16.953 20.178 19.158 16.023 16.662 14.304 15.680 15.542 18.356 20.216 20.563 19.452 18.004 20.198 19.261 21.278 20.213 17.800 15.259 18.197 20.630 19.006 18.651 14.914 14.159 11.512  9.126 10.245  9.219 10.223 11.975 12.288 15.784 17.208 20.851 23.161 26.263 29.210 31.227
  8.445  5.879  5.504  6.331  7.785 11.133 13.214 16.884 18.746 16.037 12.954  9.971  6.605  3.815  0.000  3.814  6.379 10.106 12.347 14.415 12.031 13.605 12.769 14.015 11.499  8.608 10.848 11.207  7.615  8.232 11.523 10.514  8.604 11.174 14.013 14.463 16.609 15.711 19.196 18.898 15.745 16.527 14.118 15.951 15.845 18.990 20.950 20.638 19.163 17.051 18.679 17.259 18.812 17.891 15.273 13.152 16.028 18.621 17.633 17.355 13.880 13.345 10.809  9.666 10.929 10.701 10.990 13.238 13.253 16.798 17.974 21.343 23.661 26.515 29.529 31.576
  5.594  4.703  6.255  8.793 10.853 14.418 16.724 20.293 22.333 19.748 16.671 13.532 10.330  7.116  3.814  0.000  3.831  7.176 10.085 12.128 10.323 12.842 13.077 14.456 11.415  9.399 12.467 12.308  8.930 10.844 13.745 12.265 11.197 14.285 16.725 17.320 18.973 17.682 21.234 21.465 18.280 18.862 16.214 17.913 17.340 20.372 22.703 22.074 20.694 18.077 19.333 17.745 18.539 17.384 14.268 12.288 14.513 17.569 17.219 16.472 13.355 12.398  9.693  9.783 11.700 12.609 13.076 15.900 16.219 19.818 21.069 24.237 26.624 29.316 32.345 34.395
  5.437  6.261  6.843  9.990 11.554 15.355 17.586 20.902 23.459 21.294 18.642 15.487 12.468  9.780  6.379  3.831  0.000  3.821  6.656  8.361  6.618  9.444 10.310 12.001  9.077  7.642 11.307 11.410  8.914 11.334 14.113 13.242 13.035 15.929 17.810 17.827 18.772 16.776 20.121 20.796 17.520 17.705 14.919 16.587 15.909 19.002 21.345 20.196 18.728 15.692 16.557 14.957 15.257 13.924 10.657  9.021 11.132 14.125 14.257 13.729 11.101 10.829  9.130 10.406 11.537 12.815 12.590 15.653 16.050 19.557 20.926 23.739 26.315 28.813 31.826 33.936
  5.802  8.388  9.322 12.869 14.565 18.328 20.698 23.778 26.550 24.653 22.143 18.873 16.082 13.325 10.106  7.176  3.821  0.000  3.876  5.377  5.379  9.006 10.996 12.966 10.308  9.856 13.668 13.779 11.981 14.659 17.201 16.434 16.649 19.549 21.163 20.994 21.483 19.061 22.161 23.192 19.913 19.684 16.752 18.056 16.932 19.711 22.285 20.820 19.586 16.238 16.720 15.292 14.683 12.910  9.260  8.010  8.880 12.197 13.144 12.211 10.476 10.195  9.278 11.774 12.823 14.840 14.614 17.939 18.662 22.084 23.627 26.166 28.872 31.202 34.167 36.292
  7.547  9.930  9.948 13.383 14.897 18.438 20.946 23.590 26.622 25.232 23.097 19.752 17.494 15.052 12.347 10.085  6.656  3.876  0.000  3.837  5.535  8.345 10.244 13.011 11.360 10.763 14.474 15.406 14.150 16.322 19.060 18.963 19.119 21.584 23.153 22.390 22.641 19.776 22.433 23.381 19.952 19.009 15.815 16.482 14.883 17.284 19.999 18.388 17.570 14.224 14.836 14.160 13.286 10.704  6.882  5.162  5.098  8.641  9.706  8.572  7.555  7.943  8.514 11.592 11.780 14.120 13.707 17.156 18.368 21.666 23.619 25.932 28.910 31.207 34.101 36.286
 10.666 13.105 13.014 16.223 17.142 20.733 22.768 25.383 28.605 27.223 25.262 22.188 19.660 17.522 14.415 12.128  8.361  5.377  3.837  0.000  3.835  6.541  9.620 11.667 10.140 10.863 14.292 14.756 14.307 16.921 19.044 19.027 19.926 22.423 23.400 22.594 22.230 19.144 21.634 23.174 20.079 19.351 16.633 17.758 16.708 19.296 21.582 19.389 18.075 14.406 14.008 12.770 11.048  8.994  5.535  6.241  5.937  8.356 10.620 10.468 10.346 11.498 12.309 15.247 15.184 17.100 16.025 19.101 19.757 22.724 24.264 26.174 28.971 30.932 33.762 35.899
 10.698 12.267 11.675 14.430 14.781 18.419 20.042 22.817 26.013 24.455 22.551 19.764 17.005 15.278 12.031 10.323  6.618  5.379  5.535  3.835  0.000  3.843  6.800  8.340  6.370  7.281 10.642 10.937 10.668 13.341 15.275 15.396 16.502 18.894 19.670 18.881 18.484 15.510 18.207 19.790 16.808 16.560 14.166 15.972 15.643 18.758 20.643 18.431 16.530 12.860 12.377 10.436  9.477  8.344  5.369  6.294  8.063  9.915 11.407 12.063 11.029 12.507 12.790 14.947 14.719 15.868 14.323 17.022 17.077 19.956 21.129 23.077 25.701 27.665 30.544 32.670
 13.805 14.701 13.192 15.205 14.625 17.915 18.991 21.385 24.822 23.631 22.263 19.869 17.398 16.473 13.605 12.842  9.444  9.006  8.345  6.541  3.843  0.000  3.836  5.254  5.106  6.489  8.858  9.834 10.740 12.777 14.365 15.383 16.775 18.528 18.818 17.399 16.443 13.047 15.236 17.020 14.233 13.790 11.855 13.902 14.219 17.459 18.741 16.104 13.746 10.021  8.879  6.645  5.877  5.424  4.124  6.433  8.884  9.246 10.517 12.368 11.645 14.066 14.936 16.684 15.625 16.082 13.717 15.781 15.424 17.794 18.790 20.283 22.908 24.661 27.460 29.607
 14.639 14.571 12.192 13.314 11.959 14.873 15.622 17.782 21.309 20.361 19.365 17.254 15.185 14.985 12.769 13.077 10.310 10.996 10.244  9.620  6.800  3.836  0.000  3.845  5.365  4.936  6.381  8.726  9.788 10.694 12.551 14.343 15.321 16.407 16.769 14.802 14.008 10.513 12.515 13.765 10.717 10.012  8.084 10.434 11.373 14.872 15.727 13.212 10.531  7.059  6.624  4.767  6.366  6.084  5.889  6.857 10.260 10.172 10.094 12.491 11.193 13.976 14.885 15.866 14.189 13.828 10.903 12.400 11.791 14.004 15.117 16.670 19.474 21.428 24.273 26.507
 16.992 16.893 14.782 15.651 13.897 16.659 16.681 18.922 22.314 21.141 20.256 18.658 16.262 16.432 14.015 14.456 12.001 12.966 13.011 11.667  8.340  5.254  3.845  0.000  3.841  5.437  5.143  6.422  8.856 10.007 10.677 12.653 14.474 15.436 14.969 13.104 11.555  7.990 10.089 12.188  9.933 10.386  9.786 12.879 14.565 18.139 18.497 15.861 12.639  9.582  8.063  4.626  6.349  8.090  8.690 10.424 13.566 13.345 13.717 16.212 14.970 17.569 18.101 18.905 17.505 16.799 13.755 14.621 13.050 14.682 14.816 15.957 18.226 19.804 22.621 24.762
 14.386 14.514 13.100 14.481 13.425 16.686 17.147 19.973 23.083 21.348 19.819 17.906 14.950 14.470 11.499 11.415  9.077 10.308 11.360 10.140  6.370  5.106  5.365  3.841  0.000  3.862  5.356  4.906  6.306  8.768  9.663 10.508 12.418 14.242 14.166 13.231 12.364  9.541 12.532 14.435 12.030 12.964 11.813 14.861 16.024 19.681 20.604 18.340 15.455 12.249 11.335  8.175  8.927  9.948  9.080 10.295 13.326 14.141 14.767 16.474 14.815 16.704 16.551 17.452 16.820 16.524 14.120 15.596 14.242 16.505 16.673 18.398 20.530 22.317 25.220 27.292
 12.578 11.876  9.855 10.773  9.581 12.906 13.662 16.629 19.684 17.932 16.304 14.196 11.422 11.111  8.608  9.399  7.642  9.856 10.763 10.863  7.281  6.489  4.936  5.437  3.862  0.000  3.852  5.376  5.038  6.411  8.718  9.855 10.588 12.180 12.966 11.809 11.927  9.367 12.539 13.420 10.342 10.996  9.211 12.143 13.194 16.925 18.001 16.268 13.680 10.843 11.171  8.955 10.694 10.756  9.423  9.211 12.786 13.919 13.586 15.056 12.700 14.418 14.030 14.330 13.523 12.867 10.545 12.102 10.999 13.753 14.438 16.759 19.219 21.497 24.501 26.670
 16.183 15.019 12.643 12.546 10.268 12.803 12.449 15.148 18.184 16.553 15.508 14.256 11.784 12.640 10.848 12.467 11.307 13.668 14.474 14.292 10.642  8.858  6.381  5.143  5.356  3.852  0.000  3.839  5.404  5.076  6.302  8.782  9.909 10.451 10.421  8.592  8.234  5.589  8.879  9.774  7.095  8.726  8.285 11.895 13.978 17.758 18.054 16.282 13.172 10.982 11.021  8.590 11.250 12.252 12.010 12.240 15.925 16.406 15.817 17.853 15.587 17.614 17.338 17.134 15.936 14.447 11.587 11.925  9.690 11.621 11.480 13.523 15.698 17.870 20.884 23.060
 16.650 15.837 14.265 14.598 12.859 15.589 15.199 18.184 20.866 18.759 17.327 16.189 13.135 13.579 11.207 12.308 11.410 13.779 15.406 14.756 10.937  9.834  8.726  6.422  4.906  5.376  3.839  0.000  3.847  5.427  4.929  6.311  8.727 10.054  9.399  8.813  8.197  6.513 10.178 11.780 10.011 12.284 12.110 15.700 17.603 21.389 21.845 20.010 16.861 14.430 13.905 10.805 12.652 14.142 13.631 14.274 17.668 18.502 18.511 20.271 18.052 19.691 18.966 18.955 18.421 17.272 14.846 15.435 13.131 14.968 14.241 16.123 17.689 19.535 22.476 24.469
 13.793 12.625 11.438 11.847 10.772 13.816 14.062 17.506 19.885 17.358 15.269 13.691 10.245 10.141  7.615  8.930  8.914 11.981 14.150 14.307 10.668 10.740  9.788  8.856  6.306  5.038  5.404  3.847  0.000  3.857  5.317  5.012  6.179  8.557  9.312  9.564 10.425  9.422 13.197 13.976 11.646 13.626 12.642 15.868 17.213 20.940 21.896 20.562 17.878 15.472 15.736 13.115 14.858 15.500 14.088 13.814 17.183 18.731 18.463 19.566 16.850 17.821 16.467 16.154 16.188 15.221 13.511 14.597 12.817 15.365 15.172 17.755 19.521 21.789 24.794 26.791
 15.626 13.629 11.652 10.810  8.740 11.049 10.629 14.033 16.268 13.756 12.007 11.019  8.038  9.342  8.232 10.844 11.334 14.659 16.322 16.921 13.341 12.777 10.694 10.007  8.768  6.411  5.076  5.427  3.857  0.000  3.846  5.448  5.091  5.800  7.038  6.572  8.411  8.049 11.608 11.425  9.068 11.364 10.816 14.093 15.924 19.590 20.127 19.196 16.532 14.862 15.676 13.588 16.148 16.750 15.756 15.085 18.762 19.988 19.035 20.373 17.407 18.540 17.278 16.220 15.752 13.919 11.989 12.194  9.877 12.177 11.814 14.709 16.468 19.033 22.061 24.106
 18.779 17.074 15.374 14.620 12.415 14.296 13.113 16.170 18.185 15.676 14.339 14.114 11.288 12.783 11.523 13.745 14.113 17.201 19.060 19.044 15.275 14.365 12.551 10.677  9.663  8.718  6.302  4.929  5.317  3.846  0.000  3.846  5.587  5.599  4.526  4.721  5.838  6.657 10.212 10.628  9.510 12.666 13.127 16.722 19.006 22.703 22.845 21.634 18.581 16.966 17.094 14.493 16.987 18.364 17.857 17.859 21.480 22.430 21.823 23.471 20.762 22.084 20.890 19.991 19.549 17.669 15.513 15.282 12.386 13.800 12.373 14.635 15.644 17.748 20.672 22.575
 17.675 16.152 15.291 15.005 13.667 15.928 15.334 18.748 20.440 17.476 15.438 14.875 11.518 12.183 10.514 12.265 13.242 16.434 18.963 19.027 15.396 15.383 14.343 12.653 10.508  9.855  8.782  6.311  5.012  5.448  3.846  0.000  3.847  6.021  5.850  7.943  9.353 10.233 13.856 14.451 13.199 16.115 16.018 19.434 21.226 24.917 25.514 24.406 21.549 19.590 19.733 16.938 18.889 20.057 18.950 18.799 22.169 23.667 23.341 24.495 21.650 22.414 20.687 19.870 20.160 18.747 17.215 17.587 15.164 17.062 15.914 18.377 19.304 21.370 24.233 26.002
 16.645 14.425 13.498 12.590 11.440 13.362 13.000 16.606 17.884 14.619 12.164 11.604  8.292  9.277  8.604 11.197 13.035 16.649 19.119 19.926 16.502 16.775 15.321 14.474 12.418 10.588  9.909  8.727  6.179  5.091  5.587  3.847  0.000  3.827  6.128  8.236 10.935 11.976 15.490 15.178 13.493 16.105 15.623 18.649 20.191 23.698 24.454 23.897 21.438 19.828 20.687 18.428 20.678 21.282 19.850 18.961 22.396 24.151 23.315 24.135 20.910 21.281 19.213 17.780 18.239 16.583 15.593 15.905 13.804 16.005 15.292 18.312 19.453 21.953 24.848 26.653
 19.490 16.912 15.329 13.581 11.547 12.462 11.091 14.331 15.292 12.094 10.325 10.898  8.530 10.882 11.174 14.285 15.929 19.549 21.584 22.423 18.894 18.528 16.407 15.436 14.242 12.180 10.451 10.054  8.557  5.800  5.599  6.021  3.827  0.000  3.851  5.681  9.193 11.067 14.046 13.019 11.866 14.790 15.000 18.023 20.074 23.465 23.696 23.358 20.841 19.847 20.869 18.902 21.671 22.462 21.521 20.636 24.292 25.637 24.420 25.591 22.353 23.045 21.262 19.438 19.339 17.007 15.697 15.088 12.436 13.919 12.683 15.669 16.484 19.064 21.880 23.648
 21.997 19.811 18.158 16.694 14.321 15.258 13.345 16.132 17.297 14.515 13.462 14.337 12.074 14.322 14.013 16.725 17.810 21.163 23.153 23.400 19.670 18.818 16.769 14.969 14.166 12.966 10.421  9.399  9.312  7.038  4.526  5.850  6.128  3.851  0.000  3.823  6.524  9.295 11.980 11.491 11.343 14.843 15.841 19.241 21.748 25.258 25.104 24.343 21.406 20.386 20.790 18.456 21.210 22.630 22.198 21.948 25.635 26.608 25.691 27.285 24.349 25.456 23.984 22.515 22.167 19.834 17.972 17.089 13.914 14.676 12.578 14.817 15.027 17.107 19.826 21.504
 22.145 19.943 17.661 15.982 12.989 13.629 11.281 13.630 15.306 13.159 12.844 13.759 12.019 14.653 14.463 17.320 17.827 20.994 22.390 22.594 18.881 17.399 14.802 13.104 13.231 11.809  8.592  8.813  9.564  6.572  4.721  7.943  8.236  5.681  3.823  0.000  3.897  6.500  8.755  7.769  7.717 11.331 12.827 16.259 19.129 22.580 22.049 21.185 18.146 17.469 17.918 15.923 19.055 20.505 20.539 20.380 24.171 24.683 23.538 25.505 22.760 24.330 23.373 21.960 20.979 18.370 15.974 14.609 11.097 11.342  9.004 11.109 11.631 13.917 16.803 18.727
 23.569 21.854 19.520 18.312 15.260 16.208 13.913 15.844 17.975 16.349 16.341 16.995 15.147 17.417 16.609 18.973 18.772 21.483 22.641 22.230 18.484 16.443 14.008 11.555 12.364 11.927  8.234  8.197 10.425  8.411  5.838  9.353 10.935  9.193  6.524  3.897  0.000  3.891  5.626  6.108  7.130 10.888 12.994 16.650 19.772 23.276 22.478 21.030 17.610 16.760 16.425 14.098 17.105 19.159 19.785 20.327 24.014 24.070 23.305 25.688 23.393 25.406 24.878 23.960 22.727 20.337 17.462 16.152 12.559 12.324  9.653 10.586 10.841 12.432 15.276 17.233
 21.708 20.365 17.857 17.100 14.124 15.559 13.825 15.731 18.519 17.244 17.141 17.076 15.142 16.953 15.711 17.682 16.776 19.061 19.776 19.144 15.510 13.047 10.513  7.990  9.541  9.367  5.589  6.513  9.422  8.049  6.657 10.233 11.976 11.067  9.295  6.500  3.891  0.000  3.845  5.636  5.351  8.513 10.365 14.115 17.146 20.709 20.021 18.136 14.569 13.329 12.674 10.242 13.299 15.379 16.260 17.091 20.694 20.477 19.869 22.457 20.484 22.827 22.734 22.258 20.752 18.670 15.472 14.537 11.275 11.409  9.581 10.405 11.639 13.240 16.176 18.312
 24.962 23.615 20.833 19.855 16.584 17.449 15.261 16.322 19.136 18.517 19.129 19.457 18.060 20.178 19.196 21.234 20.121 22.161 22.433 21.634 18.207 15.236 12.515 10.089 12.532 12.539  8.879 10.178 13.197 11.608 10.212 13.856 15.490 14.046 11.980  8.755  5.626  3.845  0.000  3.844  5.638  8.295 11.219 14.617 18.040 21.298 19.967 17.925 14.248 13.704 12.719 10.847 14.050 16.431 18.059 19.159 22.642 21.822 21.104 24.096 22.468 25.170 25.483 25.004 23.073 20.777 17.301 15.779 12.418 11.413  9.088  8.454  9.278 10.261 13.069 15.298
 25.201 23.344 20.274 18.640 15.048 15.138 12.443 13.029 15.657 15.337 16.460 17.255 16.501 19.158 18.898 21.465 20.796 23.192 23.381 23.174 19.790 17.020 13.765 12.188 14.435 13.420  9.774 11.780 13.976 11.425 10.628 14.451 15.178 13.019 11.491  7.769  6.108  5.636  3.844  0.000  3.837  6.725 10.099 13.188 16.830 19.885 18.280 16.861 13.495 13.776 13.782 12.721 16.328 18.089 19.459 19.886 23.534 22.828 21.484 24.341 22.392 24.955 25.172 24.173 22.051 19.276 15.901 13.690 10.081  8.339  5.458  4.969  6.241  8.322 11.419 13.882
 21.691 19.818 16.624 15.081 11.542 12.005  9.923 11.045 14.185 13.705 14.354 14.463 13.630 16.023 15.745 18.280 17.520 19.913 19.952 20.079 16.808 14.233 10.717  9.933 12.030 10.342  7.095 10.011 11.646  9.068  9.510 13.199 13.493 11.866 11.343  7.717  7.130  5.351  5.638  3.837  0.000  3.824  6.512  9.886 13.351 16.623 15.480 14.115 10.831 10.768 11.407 10.571 14.308 15.449 16.398 16.412 20.126 19.657 18.111 20.774 18.662 21.161 21.401 20.440 18.264 15.595 12.165 10.268  6.806  6.189  4.985  6.476  9.080 11.627 14.678 17.099
 21.385 19.629 16.124 14.651 11.220 11.485 10.030 10.435 14.057 14.335 15.207 14.845 14.550 16.662 16.527 18.862 17.705 19.684 19.009 19.351 16.560 13.790 10.012 10.386 12.964 10.996  8.726 12.284 13.626 11.364 12.666 16.115 16.105 14.790 14.843 11.331 10.888  8.513  8.295  6.725  3.824  0.000  3.830  6.553 10.233 13.264 11.866 10.364  7.137  7.769  9.131  9.575 13.362 13.845 15.035 14.814 18.336 17.454 15.490 18.347 16.539 19.367 20.185 19.378 16.654 14.053 10.357  8.314  5.791  5.131  6.110  7.230 10.650 13.152 15.961 18.426
 18.112 16.425 12.827 11.640  8.638  9.549  9.421 10.430 14.200 14.240 14.442 13.173 12.807 14.304 14.118 16.214 14.919 16.752 15.815 16.633 14.166 11.855  8.084  9.786 11.813  9.211  8.285 12.110 12.642 10.816 13.127 16.018 15.623 15.000 15.841 12.827 12.994 10.365 11.219 10.099  6.512  3.830  0.000  3.817  6.937 10.408  9.967  8.590  5.920  5.700  8.248  9.098 12.514 12.022 12.497 11.589 15.118 14.599 12.323 14.852 12.815 15.580 16.498 15.818 12.983 10.671  6.881  5.801  4.818  6.467  8.800 10.759 14.213 16.861 19.656 22.043
 18.844 17.140 13.409 12.111  9.616  9.824 10.375 10.483 14.206 14.975 15.446 13.962 14.387 15.680 15.951 17.913 16.587 18.056 16.482 17.758 15.972 13.902 10.434 12.879 14.861 12.143 11.895 15.700 15.868 14.093 16.722 19.434 18.649 18.023 19.241 16.259 16.650 14.115 14.617 13.188  9.886  6.553  3.817  0.000  3.823  6.795  6.232  5.461  4.404  5.710  9.283 11.350 14.335 13.026 13.436 11.940 14.964 14.185 11.169 13.543 11.764 14.608 16.078 15.330 11.917  9.662  6.192  5.027  6.297  7.659 10.925 12.675 16.298 18.967 21.517 23.864
 17.174 15.696 12.128 11.331  9.968 10.520 12.250 12.574 15.981 16.668 16.652 14.481 15.010 15.542 15.845 17.340 15.909 16.932 14.883 16.708 15.643 14.219 11.373 14.565 16.024 13.194 13.978 17.603 17.213 15.924 19.006 21.226 20.191 20.074 21.748 19.129 19.772 17.146 18.040 16.830 13.351 10.233  6.937  3.823  0.000  3.848  5.506  5.499  6.477  6.934 10.724 13.049 15.320 13.108 12.818 10.538 12.983 12.506  8.985 10.663  8.905 11.620 13.535 13.031  9.343  7.911  5.420  6.169  8.949 11.007 14.463 16.432 20.041 22.741 25.258 27.556
 19.515 18.111 14.745 13.891 12.951 12.847 14.677 14.272 17.317 18.583 18.866 16.788 17.882 18.356 18.990 20.372 19.002 19.711 17.284 19.296 18.758 17.459 14.872 18.139 19.681 16.925 17.758 21.389 20.940 19.590 22.703 24.917 23.698 23.465 25.258 22.580 23.276 20.709 21.298 19.885 16.623 13.264 10.408  6.795  3.848  0.000  3.849  5.570  8.390  9.696 13.334 16.169 18.159 15.653 15.474 13.098 14.753 13.993 10.214 11.403 10.359 12.736 15.078 14.553 10.749  9.720  8.393  8.785 11.929 13.452 17.100 18.804 22.408 25.044 27.326 29.558
 22.513 20.930 17.341 16.025 14.260 13.552 14.429 13.230 16.354 18.182 19.172 17.772 19.087 20.216 20.950 22.703 21.345 22.285 19.999 21.582 20.643 18.741 15.727 18.497 20.604 18.001 18.054 21.845 21.896 20.127 22.845 25.514 24.454 23.696 25.104 22.049 22.478 20.021 19.967 18.280 15.480 11.866  9.967  6.232  5.506  3.849  0.000  3.825  6.884  9.578 13.011 16.090 18.502 16.576 17.168 15.401 17.368 16.052 12.488 14.437 13.586 16.253 18.460 17.732 13.926 12.166 10.109  9.064 11.437 11.865 15.383 16.507 20.047 22.504 24.570 26.776
 21.997 20.869 17.343 16.594 14.686 14.768 15.428 14.746 18.258 19.699 20.491 18.981 19.609 20.563 20.638 22.074 20.196 20.820 18.388 19.389 18.431 16.104 13.212 15.861 18.340 16.268 16.282 20.010 20.562 19.196 21.634 24.406 23.897 23.358 24.343 21.185 21.030 18.136 17.925 16.861 14.115 10.364  8.590  5.461  5.499  5.570  3.825  0.000  3.826  6.460  9.544 12.897 15.130 13.356 14.506 13.425 15.399 13.528 10.364 13.115 12.774 16.040 18.501 18.388 14.694 13.304 10.544  9.939 11.559 11.979 15.061 15.786 19.338 21.488 23.626 25.891
 21.397 20.287 16.743 16.034 13.630 14.103 14.199 13.954 17.701 18.734 19.471 18.175 18.286 19.452 19.163 20.694 18.728 19.586 17.570 18.075 16.530 13.746 10.531 12.639 15.455 13.680 13.172 16.861 17.878 16.532 18.581 21.549 21.438 20.841 21.406 18.146 17.610 14.569 14.248 13.495 10.831  7.137  5.920  4.404  6.477  8.390  6.884  3.826  0.000  3.827  6.608  9.659 12.401 11.380 12.962 12.533 15.104 13.252 10.711 13.942 13.291 16.727 18.802 18.738 15.319 13.663 10.223  9.363  9.786 10.017 12.530 13.070 16.582 18.619 20.932 23.269
 18.684 18.047 14.798 14.854 12.879 14.369 14.915 15.607 19.407 19.746 19.814 18.048 17.417 18.004 17.051 18.077 15.692 16.238 14.224 14.406 12.860 10.021  7.059  9.582 12.249 10.843 10.982 14.430 15.472 14.862 16.966 19.590 19.828 19.847 20.386 17.469 16.760 13.329 13.704 13.776 10.768  7.769  5.700  5.710  6.934  9.696  9.578  6.460  3.827  0.000  3.838  6.642  9.069  7.774  9.236  9.193 11.918 10.199  8.258 11.671 11.083 14.664 16.702 17.200 14.170 13.163  9.726 10.080 10.384 11.587 13.745 14.658 18.036 20.027 22.555 24.884
 20.180 20.024 17.123 17.595 15.619 17.427 17.615 18.473 22.273 22.419 22.448 20.826 19.711 20.198 18.679 19.333 16.557 16.720 14.836 14.008 12.377  8.879  6.624  8.063 11.335 11.171 11.021 13.905 15.736 15.676 17.094 19.733 20.687 20.869 20.790 17.918 16.425 12.674 12.719 13.782 11.407  9.131  8.248  9.283 10.724 13.334 13.011  9.544  6.608  3.838  0.000  3.837  5.923  5.821  8.622 10.117 12.507 10.287  9.710 13.367 13.368 16.992 19.009 19.942 17.264 16.516 13.073 13.448 13.023 13.838 15.168 15.463 18.458 19.911 22.349 24.602
 19.306 19.299 16.752 17.468 15.515 17.785 17.786 19.243 22.924 22.499 22.181 20.618 18.887 19.261 17.259 17.745 14.957 15.292 14.160 12.770 10.436  6.645  4.767  4.626  8.175  8.955  8.590 10.805 13.115 13.588 14.493 16.938 18.428 18.902 18.456 15.923 14.098 10.242 10.847 12.721 10.571  9.575  9.098 11.350 13.049 16.169 16.090 12.897  9.659  6.642  3.837  0.000  3.852  5.673  8.109 10.274 12.977 11.483 11.696 14.948 14.531 17.807 19.237 20.233 18.109 17.400 14.012 14.570 13.457 14.500 15.110 15.556 18.159 19.494 22.081 24.273
 19.441 20.170 18.140 19.546 18.173 20.807 21.191 22.808 26.493 25.953 25.354 23.472 21.475 21.278 18.812 18.539 15.257 14.683 13.286 11.048  9.477  5.877  6.366  6.349  8.927 10.694 11.250 12.652 14.858 16.148 16.987 18.889 20.678 21.671 21.210 19.055 17.105 13.299 14.050 16.328 14.308 13.362 12.514 14.335 15.320 18.159 18.502 15.130 12.401  9.069  5.923  3.852  0.000  3.811  6.768 10.048 11.800 10.067 11.511 14.552 14.876 18.074 19.728 21.384 19.563 19.542 16.500 17.652 16.935 18.234 18.920 19.322 21.808 22.922 25.402 27.493
 17.318 18.226 16.206 17.904 17.028 19.741 20.742 22.333 26.043 25.617 24.856 22.558 20.789 20.213 17.891 17.384 13.924 12.910 10.704  8.994  8.344  5.424  6.084  8.090  9.948 10.756 12.252 14.142 15.500 16.750 18.364 20.057 21.282 22.462 22.630 20.505 19.159 15.379 16.431 18.089 15.449 13.845 12.022 13.026 13.108 15.653 16.576 13.356 11.380  7.774  5.821  5.673  3.811  0.000  3.836  6.969  8.304  6.309  7.862 10.833 11.532 14.835 16.905 18.847 16.922 17.387 14.693 16.407 16.520 18.293 19.702 20.536 23.416 24.908 27.458 29.632
 13.661 14.910 13.338 15.616 15.473 18.599 20.176 22.215 25.754 24.960 23.690 20.979 18.985 17.800 15.273 14.268 10.657  9.260  6.882  5.535  5.369  4.124  5.889  8.690  9.080  9.423 12.010 13.631 14.088 15.756 17.857 18.950 19.850 21.521 22.198 20.539 19.785 16.260 18.059 19.459 16.398 15.035 12.497 13.436 12.818 15.474 17.168 14.506 12.962  9.236  8.622  8.109  6.768  3.836  0.000  3.827  5.267  5.155  6.925  8.740  8.965 11.769 13.557 15.829 14.426 15.490 13.421 15.889 16.426 18.887 20.550 22.019 24.986 26.831 29.550 31.746
 11.021 11.940 10.187 12.575 12.968 16.090 18.226 20.328 23.702 22.893 21.430 18.408 16.701 15.259 13.152 12.288  9.021  8.010  5.162  6.241  6.294  6.433  6.857 10.424 10.295  9.211 12.240 14.274 13.814 15.085 17.859 18.799 18.961 20.636 21.948 20.380 20.327 17.091 19.159 19.886 16.412 14.814 11.589 11.940 10.538 13.098 15.401 13.425 12.533  9.193 10.117 10.274 10.048  6.969  3.827  0.000  3.856  5.488  5.455  6.213  5.341  8.091  9.963 12.174 10.712 12.145 10.642 13.656 14.895 17.817 19.988 21.964 25.140 27.380 30.180 32.425
 11.902 13.684 12.661 15.453 16.363 19.407 21.787 23.755 27.092 26.393 24.858 21.658 20.032 18.197 16.028 14.513 11.132  8.880  5.098  5.937  8.063  8.884 10.260 13.566 13.326 12.786 15.925 17.668 17.183 18.762 21.480 22.169 22.396 24.292 25.635 24.171 24.014 20.694 22.642 23.534 20.126 18.336 15.118 14.964 12.983 14.753 17.368 15.399 15.104 11.918 12.507 12.977 11.800  8.304  5.267  3.856  0.000  3.858  5.423  4.682  5.923  8.057 10.580 13.598 12.481 14.685 13.749 16.920 18.511 21.380 23.684 25.530 28.746 30.884 33.612 35.837
 15.535 16.946 15.338 17.580 17.786 20.472 22.438 23.938 27.495 27.226 26.178 23.281 21.914 20.630 18.621 17.569 14.125 12.197  8.641  8.356  9.915  9.246 10.172 13.345 14.141 13.919 16.406 18.502 18.731 19.988 22.430 23.667 24.151 25.637 26.608 24.683 24.070 20.477 21.822 22.828 19.657 17.454 14.599 14.185 12.506 13.993 16.052 13.528 13.252 10.199 10.287 11.483 10.067  6.309  5.155  5.488  3.858  0.000  3.835  5.447  7.802 10.856 13.813 16.441 14.600 16.217 14.604 17.197 18.628 20.966 23.240 24.573 27.816 29.694 32.259 34.477
 15.319 15.951 13.733 15.389 15.435 17.687 19.771 20.961 24.462 24.482 23.654 20.808 19.968 19.006 17.633 17.219 14.257 13.144  9.706 10.620 11.407 10.517 10.094 13.717 14.767 13.586 15.817 18.511 18.463 19.035 21.823 23.341 23.315 24.420 25.691 23.538 23.305 19.869 21.104 21.484 18.111 15.490 12.323 11.169  8.985 10.214 12.488 10.364 10.711  8.258  9.710 11.696 11.511  7.862  6.925  5.455  5.423  3.835  0.000  3.853  5.605  9.228 12.458 14.462 11.968 13.269 11.673 14.156 16.066 18.402 21.088 22.594 26.020 28.152 30.709 32.973
 13.438 14.444 12.863 15.019 15.985 18.377 21.034 22.464 25.695 25.497 24.263 21.044 20.218 18.651 17.355 16.472 13.729 12.211  8.572 10.468 12.063 12.368 12.491 16.212 16.474 15.056 17.853 20.271 19.566 20.373 23.471 24.495 24.135 25.591 27.285 25.505 25.688 22.457 24.096 24.341 20.774 18.347 14.852 13.543 10.663 11.403 14.437 13.115 13.942 11.671 13.367 14.948 14.552 10.833  8.740  6.213  4.682  5.447  3.853  0.000  3.840  6.414 10.012 12.549 10.624 12.933 12.436 15.529 17.919 20.686 23.560 25.462 28.913 31.248 33.881 36.138
 10.734 11.053  9.146 11.224 12.438 14.960 17.844 19.585 22.650 22.165 20.694 17.364 16.529 14.914 13.880 13.355 11.101 10.476  7.555 10.346 11.029 11.645 11.193 14.970 14.815 12.700 15.587 18.052 16.850 17.407 20.762 21.650 20.910 22.353 24.349 22.760 23.393 20.484 22.468 22.392 18.662 16.539 12.815 11.764  8.905 10.359 13.586 12.774 13.291 11.083 13.368 14.531 14.876 11.532  8.965  5.341  5.923  7.802  5.605  3.840  0.000  3.832  6.970  9.023  7.018  9.389  9.240 12.697 15.174 18.308 21.207 23.536 26.949 29.538 32.287 34.552
  8.634  9.117  8.249 10.793 13.080 15.632 18.967 20.981 23.633 22.827 20.894 17.271 16.432 14.159 13.345 12.398 10.829 10.195  7.943 11.498 12.507 14.066 13.976 17.569 16.704 14.418 17.614 19.691 17.821 18.540 22.084 22.414 21.281 23.045 25.456 24.330 25.406 22.827 25.170 24.955 21.161 19.367 15.580 14.608 11.620 12.736 16.253 16.040 16.727 14.664 16.992 17.807 18.074 14.835 11.769  8.091  8.057 10.856  9.228  6.414  3.832  0.000  3.840  6.588  6.000  9.484 10.710 14.430 17.108 20.535 23.453 26.136 29.480 32.239 35.046 37.283
  5.742  5.738  5.983  8.952 12.033 14.791 18.283 20.768 23.047 21.705 19.266 15.495 14.352 11.512 10.809  9.693  9.130  9.278  8.514 12.309 12.790 14.936 14.885 18.101 16.551 14.030 17.338 18.966 16.467 17.278 20.890 20.687 19.213 21.262 23.984 23.373 24.878 22.734 25.483 25.172 21.401 20.185 16.498 16.078 13.535 15.078 18.460 18.501 18.802 16.702 19.009 19.237 19.728 16.905 13.557  9.963 10.580 13.813 12.458 10.012  6.970  3.840  0.000  3.844  5.585  9.090 11.040 14.796 17.198 20.882 23.559 26.593 29.745 32.641 35.539 37.732
  7.578  5.375  4.743  6.314  9.801 12.033 15.716 18.190 20.064 18.636 16.106 12.317 11.721  9.126  9.666  9.783 10.406 11.774 11.592 15.247 14.947 16.684 15.866 18.905 17.452 14.330 17.134 18.955 16.154 16.220 19.991 19.870 17.780 19.438 22.515 21.960 23.960 22.258 25.004 24.173 20.440 19.378 15.818 15.330 13.031 14.553 17.732 18.388 18.738 17.200 19.942 20.233 21.384 18.847 15.829 12.174 13.598 16.441 14.462 12.549  9.023  6.588  3.844  0.000  3.845  6.655  9.531 12.949 15.465 19.163 21.897 25.194 28.260 31.352 34.225 36.381
 10.112  8.115  5.608  6.032  8.370 10.213 13.835 15.806 18.074 17.254 15.372 11.797 11.787 10.245 10.929 11.700 11.537 12.823 11.780 15.184 14.719 15.625 14.189 17.505 16.820 13.523 15.936 18.421 16.188 15.752 19.549 20.160 18.239 19.339 22.167 20.979 22.727 20.752 23.073 22.051 18.264 16.654 12.983 11.917  9.343 10.749 13.926 14.694 15.319 14.170 17.264 18.109 19.563 16.922 14.426 10.712 12.481 14.600 11.968 10.624  7.018  6.000  5.585  3.845  0.000  3.832  6.497  9.966 12.952 16.470 19.541 22.627 25.889 28.956 31.749 33.951
 12.614  9.901  6.536  4.643  5.542  6.561 10.172 12.011 14.291 13.617 12.093  8.814  9.512  9.219 10.701 12.609 12.815 14.840 14.120 17.100 15.868 16.082 13.828 16.799 16.524 12.867 14.447 17.272 15.221 13.919 17.669 18.747 16.583 17.007 19.834 18.370 20.337 18.670 20.777 19.276 15.595 14.053 10.671  9.662  7.911  9.720 12.166 13.304 13.663 13.163 16.516 17.400 19.542 17.387 15.490 12.145 14.685 16.217 13.269 12.933  9.389  9.484  9.090  6.655  3.832  0.000  3.816  6.584  9.658 13.088 16.224 19.429 22.636 25.822 28.573 30.762
 13.859 11.546  7.760  6.117  4.705  6.065  8.711 10.451 13.505 13.088 12.163  9.480  9.723 10.223 10.990 13.076 12.590 14.614 13.707 16.025 14.323 13.717 10.903 13.755 14.120 10.545 11.587 14.846 13.511 11.989 15.513 17.215 15.593 15.697 17.972 15.974 17.462 15.472 17.301 15.901 12.165 10.357  6.881  6.192  5.420  8.393 10.109 10.544 10.223  9.726 13.073 14.012 16.500 14.693 13.421 10.642 13.749 14.604 11.673 12.436  9.240 10.710 11.040  9.531  6.497  3.816  0.000  3.831  6.649 10.079 13.216 16.177 19.509 22.572 25.349 27.610
 17.407 14.843 11.068  8.580  5.723  4.884  6.110  6.963 10.359 10.590 10.699  9.128 10.211 11.975 13.238 15.900 15.653 17.939 17.156 19.101 17.022 15.781 12.400 14.621 15.596 12.102 11.925 15.435 14.597 12.194 15.282 17.587 15.905 15.088 17.089 14.609 16.152 14.537 15.779 13.690 10.268  8.314  5.801  5.027  6.169  8.785  9.064  9.939  9.363 10.080 13.448 14.570 17.652 16.407 15.889 13.656 16.920 17.197 14.156 15.529 12.697 14.430 14.796 12.949  9.966  6.584  3.831  0.000  3.828  6.681 10.146 13.091 16.436 19.610 22.286 24.545
 18.783 16.231 12.604 10.122  6.430  5.761  4.661  6.016  9.632  9.444  9.917  9.309  9.789 12.288 13.253 16.219 16.050 18.662 18.368 19.757 17.077 15.424 11.791 13.050 14.242 10.999  9.690 13.131 12.817  9.877 12.386 15.164 13.804 12.436 13.914 11.097 12.559 11.275 12.418 10.081  6.806  5.791  4.818  6.297  8.949 11.929 11.437 11.559  9.786 10.384 13.023 13.457 16.935 16.520 16.426 14.895 18.511 18.628 16.066 17.919 15.174 17.108 17.198 15.465 12.952  9.658  6.649  3.828  0.000  3.818  6.625  9.852 13.047 16.265 19.077 21.377
 22.531 20.024 16.405 13.856 10.140  8.719  6.240  5.551  9.055  9.853 11.549 12.026 12.890 15.784 16.798 19.818 19.557 22.084 21.666 22.724 19.956 17.794 14.004 14.682 16.505 13.753 11.621 14.968 15.365 12.177 13.800 17.062 16.005 13.919 14.676 11.342 12.324 11.409 11.413  8.339  6.189  5.131  6.467  7.659 11.007 13.452 11.865 11.979 10.017 11.587 13.838 14.500 18.234 18.293 18.887 17.817 21.380 20.966 18.402 20.686 18.308 20.535 20.882 19.163 16.470 13.088 10.079  6.681  3.818  0.000  3.824  6.561  9.879 13.140 15.801 18.146
 24.473 22.013 18.627 16.175 12.376 11.250  8.056  7.785 10.377 10.655 12.486 13.678 14.045 17.208 17.974 21.069 20.926 23.627 23.619 24.264 21.129 18.790 15.117 14.816 16.673 14.438 11.480 14.241 15.172 11.814 12.373 15.914 15.292 12.683 12.578  9.004  9.653  9.581  9.088  5.458  4.985  6.110  8.800 10.925 14.463 17.100 15.383 15.061 12.530 13.745 15.168 15.110 18.920 19.702 20.550 19.988 23.684 23.240 21.088 23.560 21.207 23.453 23.559 21.897 19.541 16.224 13.216 10.146  6.625  3.824  0.000  3.829  6.574  9.962 12.817 15.211
 27.550 25.336 21.915 19.689 15.905 14.865 11.749 10.841 13.210 14.028 16.170 17.466 17.786 20.851 21.343 24.237 23.739 26.166 25.932 26.174 23.077 20.283 16.670 15.957 18.398 16.759 13.523 16.123 17.755 14.709 14.635 18.377 18.312 15.669 14.817 11.109 10.586 10.405  8.454  4.969  6.476  7.230 10.759 12.675 16.432 18.804 16.507 15.786 13.070 14.658 15.463 15.556 19.322 20.536 22.019 21.964 25.530 24.573 22.594 25.462 23.536 26.136 26.593 25.194 22.627 19.429 16.177 13.091  9.852  6.561  3.829  0.000  3.825  6.809  9.602 12.211
 30.332 28.070 24.808 22.519 18.745 17.628 14.214 13.326 14.965 15.607 17.887 19.695 19.927 23.161 23.661 26.624 26.315 28.872 28.910 28.971 25.701 22.908 19.474 18.226 20.530 19.219 15.698 17.689 19.521 16.468 15.644 19.304 19.453 16.484 15.027 11.631 10.841 11.639  9.278  6.241  9.080 10.650 14.213 16.298 20.041 22.408 20.047 19.338 16.582 18.036 18.458 18.159 21.808 23.416 24.986 25.140 28.746 27.816 26.020 28.913 26.949 29.480 29.745 28.260 25.889 22.636 19.509 16.436 13.047  9.879  6.574  3.825  0.000  3.831  6.753  9.330
 33.067 30.996 27.791 25.695 21.951 21.015 17.658 16.753 18.315 18.996 21.261 23.071 23.125 26.263 26.515 29.316 28.813 31.202 31.207 30.932 27.665 24.661 21.428 19.804 22.317 21.497 17.870 19.535 21.789 19.033 17.748 21.370 21.953 19.064 17.107 13.917 12.432 13.240 10.261  8.322 11.627 13.152 16.861 18.967 22.741 25.044 22.504 21.488 18.619 20.027 19.911 19.494 22.922 24.908 26.831 27.380 30.884 29.694 28.152 31.248 29.538 32.239 32.641 31.352 28.956 25.822 22.572 19.610 16.265 13.140  9.962  6.809  3.831  0.000  3.843  6.706
 36.067 33.985 30.752 28.599 24.850 23.738 20.336 19.113 20.399 21.347 23.822 25.798 26.012 29.210 29.529 32.345 31.826 34.167 34.101 33.762 30.544 27.460 24.273 22.621 25.220 24.501 20.884 22.476 24.794 22.061 20.672 24.233 24.848 21.880 19.826 16.803 15.276 16.176 13.069 11.419 14.678 15.961 19.656 21.517 25.258 27.326 24.570 23.626 20.932 22.555 22.349 22.081 25.402 27.458 29.550 30.180 33.612 32.259 30.709 33.881 32.287 35.046 35.539 34.225 31.749 28.573 25.349 22.286 19.077 15.801 12.817  9.602  6.753  3.843  0.000  3.812
