  0.000  3.831  6.656 10.259 13.203 16.614 19.784 22.912 24.878 22.837 19.876 16.296 13.940 10.452  8.349  5.539  5.434  5.814  7.624 10.763 10.703 13.765 14.580 16.882 14.243 12.471 16.085 16.624 13.874 15.737 18.899 17.942 17.083 19.854 22.281 22.414 23.580 21.579 24.734 25.100 21.749 21.271 18.061 18.881 17.186 19.459 22.516 22.015 21.403 18.652 20.170 19.281 19.432 17.327 13.706 11.034 12.018 15.620 15.344 13.478 10.722  8.636  5.760  7.632 10.092 12.603 13.876 17.430 18.734 22.454 24.301 27.376 29.950 32.407 34.911 36.718
  3.831  0.000  3.826  6.842 10.110 13.285 16.553 19.674 21.417 19.288 16.243 12.620 10.500  6.972  5.858  4.747  6.323  8.427 10.013 13.184 12.276 14.641 14.483 16.769 14.378 11.759 14.916 15.826 12.714 13.758 17.231 16.442 14.886 17.322 20.150 20.278 21.945 20.290 23.427 23.255 19.844 19.483 16.306 17.089 15.622 18.005 20.885 20.806 20.223 17.942 19.950 19.223 20.112 18.179 14.921 11.921 13.742 16.954 15.895 14.405 10.979  9.073  5.701  5.406  8.039  9.830 11.484 14.793 16.135 19.914 21.791 25.107 27.555 30.139 32.600 34.378
  6.656  3.826  0.000  3.821  6.729 10.028 13.308 16.325 18.402 16.638 14.001 10.350  8.576  6.047  5.367  6.261  6.875  9.343 10.038 13.052 11.647 13.083 12.058 14.617 12.927  9.697 12.490 14.195 11.476 11.738 15.457 15.489 13.854 15.629 18.404 17.928 19.555 17.726 20.577 20.184 16.618 15.959 12.676 13.339 12.046 14.660 17.313 17.264 16.654 14.654 16.999 16.618 18.018 16.103 13.312 10.154 12.687 15.298 13.645 12.809  9.076  8.247  5.998  4.869  5.569  6.510  7.700 11.031 12.508 16.293 18.411 21.718 24.334 27.030 29.501 31.326
 10.259  6.842  3.821  0.000  3.819  6.491  9.954 12.907 14.764 12.999 10.424  6.727  5.828  4.705  6.199  8.768 10.049 12.927 13.545 16.337 14.497 15.217 13.321 15.616 14.420 10.724 12.501 14.599 11.892 10.924 14.744 15.158 12.844 13.849 16.963 16.343 18.499 17.134 19.769 18.698 15.169 14.631 11.601 12.139 11.362 13.966 16.161 16.644 16.084 14.849 17.606 17.461 19.546 17.928 15.716 12.676 15.573 17.647 15.422 15.065 11.269 10.857  8.957  6.366  6.054  4.685  6.135  8.615 10.117 13.856 16.029 19.579 22.024 24.856 27.246 29.029
 13.203 10.110  6.729  3.819  0.000  3.824  6.641  9.847 12.046 10.520  8.645  5.702  5.067  6.331  7.531 10.766 11.572 14.615 15.071 17.253 14.846 14.647 11.985 13.867 13.362  9.522 10.196 12.796 10.711  8.732 12.412 13.645 11.444 11.569 14.415 13.235 15.398 14.150 16.506 15.115 11.618 11.237  8.637  9.698 10.067 13.128 14.515 14.795 13.732 12.918 15.659 15.515 18.179 17.072 15.594 13.101 16.502 17.878 15.510 16.072 12.525 13.176 12.051  9.858  8.407  5.632  4.759  5.823  6.453 10.168 12.233 15.797 18.255 21.127 23.551 25.394
 16.614 13.285 10.028  6.491  3.824  0.000  3.827  6.490  8.551  7.511  6.445  4.489  6.323  8.777 10.918 14.326 15.364 18.369 18.612 20.842 18.479 17.936 14.902 16.637 16.625 12.846 12.726 15.502 13.707 10.973 14.234 15.807 13.208 12.340 15.266 13.833 16.373 15.615 17.408 15.261 12.041 11.545  9.539  9.888 10.636 13.117 13.895 14.914 14.232 14.423 17.474 17.785 20.812 19.790 18.724 16.232 19.550 20.571 17.780 18.482 15.069 15.747 14.810 12.068 10.268  6.646  6.089  4.954  5.777  8.787 11.089 14.786 17.033 20.061 22.296 24.048
 19.784 16.553 13.308  9.954  6.641  3.827  0.000  3.836  5.995  5.342  5.977  6.318  8.036 11.343 13.250 16.861 17.810 20.935 21.263 23.045 20.316 19.225 15.855 16.919 17.382 13.885 12.682 15.428 14.241 10.835 13.343 15.466 13.018 11.111 13.575 11.745 14.415 14.230 15.544 12.817 10.154 10.246  9.520 10.390 12.278 14.805 14.639 15.470 14.310 15.026 17.764 17.956 21.366 20.923 20.442 18.475 22.009 22.594 19.879 21.143 17.966 19.094 18.354 15.783 13.856 10.194  8.714  6.088  4.800  6.378  8.009 11.724 13.635 16.679 18.857 20.620
 22.912 19.674 16.325 12.907  9.847  6.490  3.836  0.000  3.854  5.726  8.021  9.100 11.530 14.759 16.830 20.374 21.183 24.123 24.090 25.899 23.332 21.958 18.400 19.559 20.487 17.085 15.664 18.615 17.772 14.298 16.473 18.854 16.483 14.183 16.303 14.152 16.593 16.491 17.070 13.968 11.751 11.306 11.059 11.035 13.028 14.836 13.986 15.378 14.699 16.272 19.184 19.918 23.461 22.967 22.842 20.880 24.263 24.474 21.459 22.868 19.948 21.230 20.850 18.172 15.867 12.076 10.691  7.317  6.644  6.468  8.394 11.570 13.334 16.409 18.287 19.923
 24.878 21.417 18.402 14.764 12.046  8.551  5.995  3.854  0.000  3.839  7.236  9.549 12.365 15.827 18.355 22.035 23.338 26.515 26.819 28.725 26.047 24.879 21.417 22.313 22.951 19.562 18.038 20.567 19.464 15.854 17.728 19.765 17.034 14.433 16.693 15.091 17.992 18.572 19.236 15.880 14.208 14.399 14.429 14.607 16.461 18.119 17.328 18.898 18.238 19.764 22.570 23.058 26.619 26.258 25.994 23.970 27.378 27.804 24.827 26.043 22.956 23.887 23.106 20.110 18.260 14.507 13.703 10.667  9.850  9.498 10.359 13.296 14.205 17.025 18.580 19.965
 22.837 19.288 16.638 12.999 10.520  7.511  5.342  5.726  3.839  0.000  3.809  6.930  9.514 13.113 15.812 19.555 21.278 24.694 25.481 27.421 24.602 23.818 20.616 21.322 21.395 17.992 16.661 18.722 17.156 13.632 15.575 17.083 14.024 11.635 14.364 13.462 16.803 17.652 18.977 15.843 14.050 14.863 14.631 15.457 17.163 19.306 19.077 20.323 19.323 20.184 22.826 22.789 26.212 25.928 25.283 23.218 26.715 27.570 24.859 25.834 22.471 23.067 21.767 18.703 17.452 13.881 13.374 11.023  9.900 10.504 10.920 14.261 15.028 17.734 19.453 20.860
 19.876 16.243 14.001 10.424  8.645  6.445  5.977  8.021  7.236  3.809  0.000  3.833  6.401  9.826 12.843 16.533 18.650 22.170 23.286 25.422 22.688 22.430 19.593 20.445 19.906 16.403 15.697 17.433 15.225 12.102 14.520 15.354 11.936 10.389 13.759 13.504 17.000 17.656 19.644 16.971 14.752 15.647 14.751 15.789 16.976 19.348 19.804 20.910 19.897 20.129 22.762 22.432 25.573 25.092 23.946 21.669 25.082 26.408 23.888 24.453 20.868 21.010 19.240 16.098 15.467 12.260 12.360 11.023 10.311 12.068 12.710 16.329 17.339 20.031 21.944 23.411
 16.296 12.620 10.350  6.727  5.702  4.489  6.318  9.100  9.549  6.930  3.833  0.000  3.830  6.641  9.848 13.410 15.491 18.890 19.917 22.311 19.851 19.955 17.379 18.730 17.902 14.213 14.325 16.216 13.635 11.091 14.245 14.846 11.539 11.056 14.611 14.287 17.442 17.378 19.704 17.545 14.704 15.087 13.338 14.185 14.714 17.155 18.242 19.266 18.454 18.233 21.006 20.744 23.580 22.696 21.162 18.589 21.839 23.444 20.969 21.188 17.502 17.381 15.487 12.341 11.898  8.979  9.632  9.361  9.542 12.318 13.696 17.465 19.083 21.894 24.020 25.621
 13.940 10.500  8.576  5.828  5.067  6.323  8.036 11.530 12.365  9.514  6.401  3.830  0.000  3.844  6.497 10.213 12.443 16.063 17.591 19.709 17.017 17.387 15.199 16.221 14.862 11.362 11.780 13.117 10.165  8.122 11.439 11.548  8.367  8.855 12.423 12.553 15.525 15.359 18.211 16.623 13.779 14.626 12.850 14.485 15.107 18.070 19.379 19.729 18.401 17.457 19.751 18.889 21.462 20.804 19.058 16.774 20.120 21.963 20.005 20.255 16.563 16.473 14.324 11.774 11.827  9.609  9.772 10.326  9.888 13.016 13.946 17.597 19.256 21.873 24.183 25.873
 10.452  6.972  6.047  4.705  6.331  8.777 11.343 14.759 15.827 13.113  9.826  6.641  3.844  0.000  3.819  7.017  9.765 13.298 15.134 17.565 15.280 16.447 14.984 16.371 14.363 11.046 12.632 13.585 10.142  9.511 12.997 12.366  9.627 11.368 14.753 15.184 17.741 17.106 20.254 19.231 16.174 16.700 14.338 15.781 15.634 18.500 20.449 20.668 19.549 18.030 20.227 19.256 21.259 20.219 17.859 15.317 18.282 20.677 19.036 18.684 14.940 14.197 11.497  9.222 10.313  9.337 10.301 12.096 12.372 15.876 17.107 20.673 22.563 25.131 27.496 29.200
  8.349  5.858  5.367  6.199  7.531 10.918 13.250 16.830 18.355 15.812 12.843  9.848  6.497  3.819  0.000  3.813  6.278 10.002 12.255 14.286 11.836 13.316 12.445 13.662 11.160  8.265 10.570 11.047  7.543  8.261 11.625 10.770  9.099 11.617 14.358 14.770 16.657 15.560 18.953 18.639 15.604 16.192 13.805 15.707 15.587 18.753 20.797 20.364 18.876 16.709 18.356 16.932 18.496 17.589 15.046 12.912 15.867 18.383 17.345 17.115 13.625 13.181 10.697  9.692 10.764 10.551 10.748 13.046 13.013 16.548 17.607 20.868 22.931 25.321 27.809 29.594
  5.539  4.747  6.261  8.768 10.766 14.326 16.861 20.374 22.035 19.555 16.533 13.410 10.213  7.017  3.813  0.000  3.828  7.164 10.109 12.145 10.278 12.742 12.967 14.291 11.231  9.260 12.369 12.285  9.006 10.982 13.917 12.580 11.707 14.731 17.082 17.657 19.058 17.622 21.097 21.328 18.321 18.716 16.131 17.903 17.300 20.299 22.715 22.024 20.636 17.975 19.249 17.649 18.445 17.304 14.235 12.232 14.536 17.546 17.150 16.420 13.271 12.355  9.676  9.873 11.659 12.598 13.046 15.900 16.157 19.726 20.865 23.939 26.118 28.394 30.904 32.689
  5.434  6.323  6.875 10.049 11.572 15.364 17.810 21.183 23.338 21.278 18.650 15.491 12.443  9.765  6.278  3.828  0.000  3.822  6.690  8.381  6.580  9.368 10.245 11.879  8.929  7.572 11.255 11.418  9.065 11.508 14.270 13.555 13.514 16.302 18.101 18.097 18.783 16.670 19.936 20.701 17.632 17.616 14.925 16.670 15.944 18.961 21.395 20.210 18.734 15.655 16.530 14.914 15.202 13.880 10.645  8.986 11.171 14.129 14.228 13.705 11.049 10.809  9.145 10.522 11.530 12.869 12.654 15.749 16.072 19.527 20.831 23.578 26.064 28.281 30.846 32.705
  5.814  8.427  9.343 12.927 14.615 18.369 20.935 24.123 26.515 24.694 22.170 18.890 16.063 13.298 10.002  7.164  3.822  0.000  3.877  5.445  5.400  9.008 11.003 12.928 10.249  9.863 13.669 13.838 12.178 14.852 17.367 16.770 17.131 19.908 21.442 21.236 21.461 18.941 21.957 23.141 20.078 19.645 16.819 18.198 17.011 19.667 22.331 20.885 19.649 16.273 16.772 15.338 14.719 12.946  9.302  8.001  8.949 12.260 13.166 12.213 10.439 10.154  9.276 11.850 12.808 14.896 14.719 18.074 18.725 22.091 23.602 26.116 28.801 30.963 33.522 35.392
  7.624 10.013 10.038 13.545 15.071 18.612 21.263 24.090 26.819 25.481 23.286 19.917 17.591 15.134 12.255 10.109  6.690  3.877  0.000  3.839  5.542  8.355 10.295 13.013 11.334 10.823 14.505 15.471 14.371 16.546 19.218 19.285 19.592 21.921 23.408 22.616 22.594 19.629 22.177 23.411 20.177 19.047 15.968 16.724 15.062 17.305 20.096 18.537 17.712 14.333 14.935 14.240 13.332 10.755  6.937  5.212  5.180  8.721  9.785  8.620  7.600  7.970  8.588 11.729 11.856 14.278 13.931 17.402 18.528 21.761 23.706 26.054 29.045 31.308 33.845 35.744
 10.763 13.184 13.052 16.337 17.253 20.842 23.045 25.899 28.725 27.421 25.422 22.311 19.709 17.565 14.286 12.145  8.381  5.445  3.839  0.000  3.837  6.531  9.630 11.634 10.111 10.906 14.285 14.783 14.496 17.080 19.127 19.296 20.327 22.659 23.549 22.686 22.050 18.897 21.290 23.102 20.242 19.312 16.739 17.944 16.822 19.244 21.611 19.464 18.143 14.460 14.058 12.812 11.065  9.013  5.534  6.222  5.979  8.405 10.654 10.486 10.343 11.505 12.371 15.362 15.205 17.199 16.178 19.284 19.855 22.740 24.305 26.224 29.156 31.140 33.665 35.565
 10.703 12.276 11.647 14.497 14.846 18.479 20.316 23.332 26.047 24.602 22.688 19.851 17.017 15.280 11.836 10.278  6.580  5.400  5.542  3.837  0.000  3.841  6.816  8.309  6.340  7.325 10.643 10.965 10.839 13.478 15.344 15.630 16.843 19.083 19.794 18.964 18.323 15.296 17.925 19.710 16.975 16.516 14.268 16.139 15.727 18.706 20.696 18.487 16.588 12.903 12.431 10.487  9.502  8.365  5.381  6.259  8.085  9.938 11.409 12.044 10.980 12.469 12.784 15.015 14.683 15.922 14.429 17.176 17.157 19.959 21.155 23.070 25.837 27.752 30.315 32.235
 13.765 14.641 13.083 15.217 14.647 17.936 19.225 21.958 24.879 23.818 22.430 19.955 17.387 16.447 13.316 12.742  9.368  9.008  8.355  6.531  3.841  0.000  3.833  5.236  5.109  6.514  8.819  9.806 10.831 12.820 14.321 15.489 16.952 18.537 18.789 17.330 16.164 12.738 14.866 16.916 14.365 13.716 11.938 14.037 14.257 17.366 18.764 16.121 13.771 10.041  8.924  6.697  5.905  5.432  4.113  6.370  8.862  9.224 10.476 12.310 11.555 13.992 14.880 16.690 15.522 16.077 13.763 15.891 15.467 17.755 18.823 20.303 23.174 24.987 27.533 29.490
 14.580 14.483 12.058 13.321 11.985 14.902 15.855 18.400 21.417 20.616 19.593 17.379 15.199 14.984 12.445 12.967 10.245 11.003 10.295  9.630  6.816  3.833  0.000  3.844  5.377  4.957  6.317  8.669  9.836 10.699 12.462 14.378 15.405 16.328 16.685 14.703 13.742 10.203 12.132 13.703 10.852  9.944  8.170 10.562 11.398 14.797 15.778 13.218 10.551  7.062  6.649  4.789  6.351  6.064  5.905  6.832 10.246 10.132 10.037 12.428 11.108 13.911 14.821 15.858 14.073 13.812 10.929 12.506 11.838 13.970 15.164 16.725 19.741 21.753 24.339 26.350
 16.882 16.769 14.617 15.616 13.867 16.637 16.919 19.559 22.313 21.322 20.445 18.730 16.221 16.371 13.662 14.291 11.879 12.928 13.013 11.634  8.309  5.236  3.844  0.000  3.846  5.433  5.085  6.299  8.807  9.926 10.499 12.573 14.424 15.244 14.777 12.897 11.205  7.656  9.785 12.075 10.075 10.331  9.885 13.002 14.587 18.088 18.589 15.877 12.671  9.603  8.118  4.681  6.350  8.081  8.679 10.377 13.537 13.306 13.667 16.147 14.875 17.485 18.008 18.877 17.371 16.762 13.747 14.704 13.084 14.644 14.873 15.938 18.544 20.125 22.711 24.716
 14.243 14.378 12.927 14.420 13.362 16.625 17.382 20.487 22.951 21.395 19.906 17.902 14.862 14.363 11.160 11.231  8.929 10.249 11.334 10.111  6.340  5.109  5.377  3.846  0.000  3.862  5.374  4.903  6.328  8.777  9.638 10.572 12.513 14.231 14.158 13.222 12.201  9.398 12.406 14.334 12.197 12.910 11.887 14.965 16.031 19.610 20.677 18.348 15.482 12.260 11.390  8.243  8.967  9.960  9.077 10.229 13.301 14.113 14.710 16.393 14.693 16.588 16.431 17.409 16.668 16.468 14.098 15.662 14.263 16.468 16.680 18.287 20.638 22.273 24.875 26.820
 12.471 11.759  9.697 10.724  9.522 12.846 13.885 17.085 19.562 17.992 16.403 14.213 11.362 11.046  8.265  9.260  7.572  9.863 10.823 10.906  7.325  6.514  4.957  5.433  3.862  0.000  3.849  5.393  5.102  6.466  8.744  9.957 10.728 12.219 13.029 11.906 11.876  9.283 12.412 13.360 10.497 10.931  9.251 12.220 13.188 16.868 18.077 16.265 13.693 10.830 11.197  8.984 10.710 10.766  9.468  9.202 12.807 13.912 13.539 14.998 12.606 14.338 13.937 14.307 13.387 12.816 10.515 12.156 11.007 13.707 14.397 16.631 19.155 21.224 23.874 25.850
 16.085 14.916 12.490 12.501 10.196 12.726 12.682 15.664 18.038 16.661 15.697 14.325 11.780 12.632 10.570 12.369 11.255 13.669 14.505 14.285 10.643  8.819  6.317  5.085  5.374  3.849  0.000  3.841  5.398  5.050  6.260  8.787  9.896 10.343 10.389  8.602  8.176  5.542  8.803  9.678  7.213  8.596  8.251 11.876 13.890 17.654 18.089 16.177 13.078 10.861 10.930  8.500 11.159 12.161 11.975 12.176 15.879 16.307 15.686 17.731 15.452 17.514 17.237 17.107 15.781 14.371 11.491 11.918  9.658 11.530 11.432 13.312 15.640 17.561 20.260 22.296
 16.624 15.826 14.195 14.599 12.796 15.502 15.428 18.615 20.567 18.722 17.433 16.216 13.117 13.585 11.047 12.285 11.418 13.838 15.471 14.783 10.965  9.806  8.669  6.299  4.903  5.393  3.841  0.000  3.845  5.410  4.896  6.341  8.753 10.006  9.380  8.799  8.077  6.451 10.136 11.522 10.044 12.116 12.075 15.691 17.545 21.307 21.888 19.910 16.759 14.317 13.805 10.696 12.544 14.058 13.608 14.237 17.666 18.440 18.418 20.198 17.965 19.649 18.938 19.011 18.333 17.247 14.789 15.437 13.084 14.844 14.109 15.730 17.463 18.925 21.541 23.467
 13.874 12.714 11.476 11.892 10.711 13.707 14.241 17.772 19.464 17.156 15.225 13.635 10.165 10.142  7.543  9.006  9.065 12.178 14.371 14.496 10.839 10.831  9.836  8.807  6.328  5.102  5.398  3.845  0.000  3.855  5.328  5.071  6.275  8.603  9.367  9.669 10.401  9.407 13.159 13.724 11.658 13.484 12.631 15.911 17.241 20.957 22.015 20.556 17.863 15.454 15.736 13.102 14.868 15.551 14.219 13.927 17.349 18.831 18.515 19.644 16.902 17.913 16.560 16.312 16.206 15.266 13.517 14.623 12.761 15.234 14.937 17.294 19.010 20.800 23.387 25.249
 15.737 13.758 11.738 10.924  8.732 10.973 10.835 14.298 15.854 13.632 12.102 11.091  8.122  9.511  8.261 10.982 11.508 14.852 16.546 17.080 13.478 12.820 10.699  9.926  8.777  6.466  5.050  5.410  3.855  0.000  3.847  5.436  5.080  5.776  7.085  6.733  8.474  8.084 11.574 11.155  8.998 11.175 10.743 14.069 15.912 19.609 20.236 19.129 16.450 14.773 15.593 13.490 16.074 16.730 15.844 15.184 18.894 20.030 19.039 20.422 17.457 18.651 17.397 16.417 15.802 13.994 11.981 12.197  9.797 12.011 11.501 14.150 15.765 17.796 20.402 22.302
 18.899 17.231 15.457 14.744 12.412 14.234 13.343 16.473 17.728 15.575 14.520 14.245 11.439 12.997 11.625 13.917 14.270 17.367 19.218 19.127 15.344 14.321 12.462 10.499  9.638  8.744  6.260  4.896  5.328  3.847  0.000  3.842  5.564  5.560  4.547  4.770  5.836  6.672 10.186 10.172  9.332 12.384 12.990 16.618 18.917 22.642 22.873 21.453 18.376 16.765 16.875 14.262 16.779 18.220 17.837 17.867 21.520 22.361 21.725 23.434 20.741 22.148 20.993 20.191 19.575 17.727 15.465 15.246 12.281 13.583 12.029 13.890 14.867 16.316 18.877 20.738
 17.942 16.442 15.489 15.158 13.645 15.807 15.466 18.854 19.765 17.083 15.354 14.846 11.548 12.366 10.770 12.580 13.555 16.770 19.285 19.296 15.630 15.489 14.378 12.573 10.572  9.957  8.787  6.341  5.071  5.436  3.842  0.000  3.846  6.034  5.837  7.970  9.318 10.248 13.846 13.976 13.037 15.866 15.933 19.398 21.227 24.938 25.605 24.323 21.439 19.504 19.647 16.842 18.837 20.079 19.095 18.958 22.393 23.784 23.404 24.624 21.772 22.620 20.927 20.181 20.289 18.860 17.226 17.566 15.040 16.820 15.484 17.567 18.341 19.675 22.086 23.779
 17.083 14.886 13.854 12.844 11.444 13.208 13.018 16.483 17.034 14.024 11.936 11.539  8.367  9.627  9.099 11.707 13.514 17.131 19.592 20.327 16.843 16.952 15.405 14.424 12.513 10.728  9.896  8.753  6.275  5.080  5.564  3.846  0.000  3.829  6.097  8.288 10.925 11.971 15.410 14.667 13.241 15.817 15.501 18.591 20.220 23.776 24.563 23.828 21.331 19.762 20.621 18.353 20.672 21.369 20.095 19.236 22.748 24.369 23.468 24.380 21.154 21.634 19.609 18.235 18.493 16.772 15.638 15.855 13.614 15.682 14.687 17.377 18.158 19.885 22.238 23.890
 19.854 17.322 15.629 13.849 11.569 12.340 11.111 14.183 14.433 11.635 10.389 11.056  8.855 11.368 11.617 14.731 16.302 19.908 21.921 22.659 19.083 18.537 16.328 15.244 14.231 12.219 10.343 10.006  8.603  5.776  5.560  6.034  3.829  0.000  3.852  5.699  9.181 11.003 13.870 12.362 11.415 14.343 14.718 17.790 19.950 23.419 23.668 23.094 20.532 19.583 20.584 18.618 21.450 22.339 21.582 20.754 24.464 25.649 24.383 25.667 22.463 23.292 21.577 19.848 19.530 17.154 15.647 14.941 12.150 13.470 11.905 14.498 14.882 16.621 18.914 20.568
 22.281 20.150 18.404 16.963 14.415 15.266 13.575 16.303 16.693 14.364 13.759 14.611 12.423 14.753 14.358 17.082 18.101 21.442 23.408 23.549 19.794 18.789 16.685 14.777 14.158 13.029 10.389  9.380  9.367  7.085  4.547  5.837  6.097  3.852  0.000  3.825  6.556  9.317 11.927 10.851 10.997 14.488 15.657 19.087 21.665 25.238 25.132 24.111 21.132 20.141 20.501 18.159 20.945 22.462 22.202 22.015 25.737 26.560 25.617 27.310 24.416 25.647 24.238 22.881 22.331 20.002 17.973 17.052 13.785 14.385 12.032 13.723 13.647 14.790 17.091 18.761
 22.414 20.278 17.928 16.343 13.235 13.833 11.745 14.152 15.091 13.462 13.504 14.287 12.553 15.184 14.770 17.657 18.097 21.236 22.616 22.686 18.964 17.330 14.703 12.897 13.222 11.906  8.602  8.799  9.669  6.733  4.770  7.970  8.288  5.699  3.825  0.000  3.897  6.498  8.617  7.115  7.381 11.012 12.697 16.152 19.086 22.601 22.124 20.964 17.873 17.213 17.581 15.570 18.718 20.278 20.497 20.429 24.225 24.578 23.436 25.504 22.826 24.520 23.630 22.348 21.180 18.617 16.057 14.690 11.117 11.172  8.616 10.101 10.468 11.949 14.552 16.508
 23.580 21.945 19.555 18.499 15.398 16.373 14.415 16.593 17.992 16.803 17.000 17.442 15.525 17.741 16.657 19.058 18.783 21.461 22.594 22.050 18.323 16.164 13.742 11.205 12.201 11.876  8.176  8.077 10.401  8.474  5.836  9.318 10.925  9.181  6.556  3.897  0.000  3.894  5.617  5.652  6.992 10.633 12.866 16.521 19.634 23.177 22.491 20.743 17.285 16.404 15.966 13.601 16.581 18.731 19.509 20.141 23.810 23.731 22.999 25.457 23.234 25.351 24.888 24.121 22.722 20.432 17.441 16.216 12.629 12.296  9.671  9.988 10.558 11.443 14.113 16.156
 21.579 20.290 17.726 17.134 14.150 15.615 14.230 16.491 18.572 17.652 17.656 17.378 15.359 17.106 15.560 17.622 16.670 18.941 19.629 18.897 15.296 12.738 10.203  7.656  9.398  9.283  5.542  6.451  9.407  8.084  6.672 10.248 11.971 11.003  9.317  6.498  3.894  0.000  3.843  5.506  5.411  8.282 10.224 13.956 16.926 20.497 19.949 17.813 14.230 12.942 12.216  9.752 12.797 14.930 15.930 16.815 20.397 20.072 19.483 22.120 20.201 22.623 22.584 22.239 20.579 18.614 15.348 14.532 11.305 11.376  9.730 10.176 11.900 13.171 15.889 18.001
 24.734 23.427 20.577 19.769 16.506 17.408 15.544 17.070 19.236 18.977 19.644 19.704 18.211 20.254 18.953 21.097 19.936 21.957 22.177 21.290 17.925 14.866 12.132  9.785 12.406 12.412  8.803 10.136 13.159 11.574 10.186 13.846 15.410 13.870 11.927  8.617  5.617  3.843  0.000  3.842  5.570  7.932 10.927 14.265 17.628 20.887 19.690 17.379 13.690 13.132 12.078 10.246 13.448 15.851 17.609 18.753 22.191 21.247 20.538 23.584 22.027 24.812 25.194 24.836 22.742 20.566 17.022 15.618 12.328 11.273  9.299  8.346 10.072 10.940 13.583 15.783
 25.100 23.255 20.184 18.698 15.115 15.261 12.817 13.968 15.880 15.843 16.971 17.545 16.623 19.231 18.639 21.328 20.701 23.141 23.411 23.102 19.710 16.916 13.703 12.075 14.334 13.360  9.678 11.522 13.724 11.155 10.172 13.976 14.667 12.362 10.851  7.115  5.652  5.506  3.842  0.000  3.833  6.848 10.212 13.313 16.919 20.060 18.624 16.937 13.555 13.767 13.707 12.564 16.136 17.968 19.408 19.878 23.505 22.747 21.441 24.314 22.380 24.969 25.149 24.233 22.040 19.360 15.942 13.852 10.250  8.519  5.823  4.917  6.713  8.366 11.306 13.670
 21.749 19.844 16.618 15.169 11.618 12.041 10.154 11.751 14.208 14.050 14.752 14.704 13.779 16.174 15.604 18.321 17.632 20.078 20.177 20.242 16.975 14.365 10.852 10.075 12.197 10.497  7.213 10.044 11.658  8.998  9.332 13.037 13.241 11.415 10.997  7.381  6.992  5.411  5.570  3.833  0.000  3.818  6.592  9.919 13.373 16.687 15.656 14.084 10.818 10.783 11.427 10.598 14.336 15.509 16.545 16.558 20.252 19.712 18.146 20.829 18.725 21.251 21.465 20.542 18.264 15.644 12.177 10.324  6.851  6.082  4.952  6.203  9.049 11.403 14.216 16.459
 21.271 19.483 15.959 14.631 11.237 11.545 10.246 11.306 14.399 14.863 15.647 15.087 14.626 16.700 16.192 18.716 17.616 19.645 19.047 19.312 16.516 13.716  9.944 10.331 12.910 10.931  8.596 12.116 13.484 11.175 12.384 15.866 15.817 14.343 14.488 11.012 10.633  8.282  7.932  6.848  3.818  0.000  3.827  6.572 10.207 13.307 12.064 10.340  7.114  7.684  9.031  9.439 13.228 13.740 15.001 14.793 18.287 17.353 15.397 18.266 16.469 19.317 20.098 19.336 16.538 14.019 10.300  8.374  5.853  5.148  6.301  7.495 11.023 13.592 16.175 18.320
 18.061 16.306 12.676 11.601  8.637  9.539  9.520 11.059 14.429 14.631 14.751 13.338 12.850 14.338 13.805 16.131 14.925 16.819 15.968 16.739 14.268 11.938  8.170  9.885 11.887  9.251  8.251 12.075 12.631 10.743 12.990 15.933 15.501 14.718 15.657 12.697 12.866 10.224 10.927 10.212  6.592  3.827  0.000  3.820  6.883 10.386 10.070  8.565  5.946  5.718  8.303  9.150 12.564 12.081 12.620 11.689 15.187 14.624 12.318 14.842 12.798 15.567 16.438 15.763 12.845 10.585  6.790  5.791  4.787  6.373  8.822 10.926 14.363 17.078 19.605 21.656
 18.881 17.089 13.339 12.139  9.698  9.888 10.390 11.035 14.607 15.457 15.789 14.185 14.485 15.781 15.707 17.903 16.670 18.198 16.724 17.944 16.139 14.037 10.562 13.002 14.965 12.220 11.876 15.691 15.911 14.069 16.618 19.398 18.591 17.790 19.087 16.152 16.521 13.956 14.265 13.313  9.919  6.572  3.820  0.000  3.824  6.824  6.330  5.477  4.495  5.802  9.373 11.430 14.430 13.148 13.637 12.140 15.119 14.294 11.260 13.629 11.860 14.693 16.102 15.325 11.856  9.628  6.185  5.037  6.281  7.570 10.931 12.936 16.449 19.299 21.612 23.551
 17.186 15.622 12.046 11.362 10.067 10.636 12.278 13.028 16.461 17.163 16.976 14.714 15.107 15.634 15.587 17.300 15.944 17.011 15.062 16.822 15.727 14.257 11.398 14.587 16.031 13.188 13.890 17.545 17.241 15.912 18.917 21.227 20.220 19.950 21.665 19.086 19.634 16.926 17.628 16.919 13.373 10.207  6.883  3.824  0.000  3.848  5.522  5.526  6.514  6.932 10.726 13.043 15.327 13.141 12.934 10.673 13.078 12.554  9.025 10.711  8.978 11.683 13.538 13.003  9.279  7.888  5.453  6.224  8.948 10.966 14.462 16.690 20.148 23.026 25.291 27.165
 19.459 18.005 14.660 13.966 13.128 13.117 14.805 14.836 18.119 19.306 19.348 17.155 18.070 18.500 18.753 20.299 18.961 19.667 17.305 19.244 18.706 17.366 14.797 18.088 19.610 16.868 17.654 21.307 20.957 19.609 22.642 24.938 23.776 23.419 25.238 22.601 23.177 20.497 20.887 20.060 16.687 13.307 10.386  6.824  3.848  0.000  3.849  5.600  8.406  9.610 13.226 16.066 18.032 15.521 15.415 13.068 14.649 13.830 10.054 11.260 10.300 12.693 15.012 14.490 10.697  9.760  8.481  8.945 12.041 13.561 17.235 19.248 22.676 25.570 27.656 29.429
 22.516 20.885 17.313 16.161 14.515 13.895 14.639 13.986 17.328 19.077 19.804 18.242 19.379 20.449 20.797 22.715 21.395 22.331 20.096 21.611 20.696 18.764 15.778 18.589 20.677 18.077 18.089 21.888 22.015 20.236 22.873 25.605 24.563 23.668 25.132 22.124 22.491 19.949 19.690 18.624 15.656 12.064 10.070  6.330  5.522  3.849  0.000  3.819  6.974  9.584 12.991 16.097 18.473 16.531 17.196 15.450 17.317 15.932 12.374 14.324 13.565 16.236 18.430 17.706 13.893 12.232 10.233  9.287 11.668 12.104 15.692 17.173 20.569 23.380 25.310 27.038
 22.015 20.806 17.264 16.644 14.795 14.914 15.470 15.378 18.898 20.323 20.910 19.266 19.729 20.668 20.364 22.024 20.210 20.885 18.537 19.464 18.487 16.121 13.218 15.877 18.348 16.265 16.177 19.910 20.556 19.129 21.453 24.323 23.828 23.094 24.111 20.964 20.743 17.813 17.379 16.937 14.084 10.340  8.565  5.477  5.526  5.600  3.819  0.000  3.825  6.448  9.503 12.854 15.097 13.353 14.580 13.524 15.450 13.532 10.385 13.152 12.838 16.104 18.517 18.381 14.657 13.315 10.586 10.011 11.580 11.939 15.142 16.204 19.768 22.361 24.405 26.220
 21.403 20.223 16.654 16.084 13.732 14.232 14.310 14.699 18.238 19.323 19.897 18.454 18.401 19.549 18.876 20.636 18.734 19.649 17.712 18.143 16.588 13.771 10.551 12.671 15.482 13.693 13.078 16.759 17.863 16.450 18.376 21.439 21.331 20.532 21.132 17.873 17.285 14.230 13.690 13.555 10.818  7.114  5.946  4.495  6.514  8.406  6.974  3.825  0.000  3.826  6.568  9.617 12.364 11.374 13.034 12.623 15.146 13.243 10.715 13.959 13.328 16.770 18.807 18.742 15.267 13.676 10.261  9.460  9.829  9.976 12.643 13.466 17.088 19.540 21.744 23.667
 18.652 17.942 14.654 14.849 12.918 14.423 15.026 16.272 19.764 20.184 20.129 18.233 17.457 18.030 16.709 17.975 15.655 16.273 14.333 14.460 12.903 10.041  7.062  9.603 12.260 10.830 10.861 14.317 15.454 14.773 16.765 19.504 19.762 19.583 20.141 17.213 16.404 12.942 13.132 13.767 10.783  7.684  5.718  5.802  6.932  9.610  9.584  6.448  3.826  0.000  3.839  6.625  9.060  7.785  9.305  9.250 11.941 10.190  8.239 11.654 11.061 14.648 16.657 17.159 14.052 13.120  9.724 10.144 10.385 11.504 13.807 14.923 18.477 20.799 23.173 25.153
 20.170 19.950 16.999 17.606 15.659 17.474 17.764 19.184 22.570 22.826 22.762 21.006 19.751 20.227 18.356 19.249 16.530 16.772 14.935 14.058 12.431  8.924  6.649  8.118 11.390 11.197 10.930 13.805 15.736 15.593 16.875 19.647 20.621 20.584 20.501 17.581 15.966 12.216 12.078 13.707 11.427  9.031  8.303  9.373 10.726 13.226 12.991  9.503  6.568  3.839  0.000  3.839  5.924  5.835  8.676 10.152 12.515 10.260  9.680 13.341 13.335 16.972 18.978 19.927 17.157 16.488 13.083 13.519 13.034 13.746 15.253 15.697 19.057 20.924 23.262 25.234
 19.281 19.223 16.618 17.461 15.515 17.785 17.956 19.918 23.058 22.789 22.432 20.744 18.889 19.256 16.932 17.649 14.914 15.338 14.240 12.812 10.487  6.697  4.789  4.681  8.243  8.984  8.500 10.696 13.102 13.490 14.262 16.842 18.353 18.618 18.159 15.570 13.601  9.752 10.246 12.564 10.598  9.439  9.150 11.430 13.043 16.066 16.097 12.854  9.617  6.625  3.839  0.000  3.853  5.684  8.147 10.282 12.983 11.459 11.659 14.912 14.475 17.770 19.196 20.224 17.991 17.363 14.002 14.626 13.450 14.388 15.154 15.634 18.664 20.275 22.723 24.724
 19.432 20.112 18.018 19.546 18.179 20.812 21.366 23.461 26.619 26.212 25.573 23.580 21.462 21.259 18.496 18.445 15.202 14.719 13.332 11.065  9.502  5.905  6.351  6.350  8.967 10.710 11.159 12.544 14.868 16.074 16.779 18.837 20.672 21.450 20.945 18.718 16.581 12.797 13.448 16.136 14.336 13.228 12.564 14.430 15.327 18.032 18.473 15.097 12.364  9.060  5.924  3.853  0.000  3.811  6.763 10.021 11.785 10.039 11.476 14.515 14.814 18.030 19.695 21.384 19.453 19.514 16.510 17.720 16.931 18.126 18.957 19.393 22.335 23.771 26.137 28.062
 17.327 18.179 16.103 17.928 17.072 19.790 20.923 22.967 26.258 25.928 25.092 22.696 20.804 20.219 17.589 17.304 13.880 12.946 10.755  9.013  8.365  5.432  6.064  8.081  9.960 10.766 12.161 14.058 15.551 16.730 18.220 20.079 21.369 22.339 22.462 20.278 18.731 14.930 15.851 17.968 15.509 13.740 12.081 13.148 13.141 15.521 16.531 13.353 11.374  7.785  5.835  5.684  3.811  0.000  3.834  6.945  8.282  6.278  7.832 10.798 11.479 14.795 16.882 18.850 16.829 17.381 14.742 16.507 16.542 18.220 19.753 20.680 23.892 25.699 28.099 30.034
 13.706 14.921 13.312 15.716 15.594 18.724 20.442 22.842 25.994 25.283 23.946 21.162 19.058 17.859 15.046 14.235 10.645  9.302  6.937  5.534  5.381  4.113  5.905  8.679  9.077  9.468 11.975 13.608 14.219 15.844 17.837 19.095 20.095 21.582 22.202 20.497 19.509 15.930 17.609 19.408 16.545 15.001 12.620 13.637 12.934 15.415 17.196 14.580 13.034  9.305  8.676  8.147  6.763  3.834  0.000  3.826  5.262  5.149  6.941  8.734  8.953 11.765 13.582 15.899 14.408 15.568 13.566 16.076 16.528 18.900 20.635 22.168 25.341 27.356 29.844 31.787
 11.034 11.921 10.154 12.676 13.101 16.232 18.475 20.880 23.970 23.218 21.669 18.589 16.774 15.317 12.912 12.232  8.986  8.001  5.212  6.222  6.259  6.370  6.832 10.377 10.229  9.202 12.176 14.237 13.927 15.184 17.867 18.958 19.236 20.754 22.015 20.429 20.141 16.815 18.753 19.878 16.558 14.793 11.689 12.140 10.673 13.068 15.450 13.524 12.623  9.250 10.152 10.282 10.021  6.945  3.826  0.000  3.855  5.488  5.475  6.205  5.330  8.082  9.973 12.232 10.703 12.236 10.809 13.853 14.999 17.848 20.049 22.116 25.356 27.688 30.199 32.140
 12.018 13.742 12.687 15.573 16.502 19.550 22.009 24.263 27.378 26.715 25.082 21.839 20.120 18.282 15.867 14.536 11.171  8.949  5.180  5.979  8.085  8.862 10.246 13.537 13.301 12.807 15.879 17.666 17.349 18.894 21.520 22.393 22.748 24.464 25.737 24.225 23.810 20.397 22.191 23.505 20.252 18.287 15.187 15.119 13.078 14.649 17.317 15.450 15.146 11.941 12.515 12.983 11.785  8.282  5.262  3.855  0.000  3.858  5.429  4.676  5.933  8.075 10.651 13.681 12.498 14.774 13.907 17.091 18.594 21.384 23.732 25.690 28.992 31.290 33.750 35.659
 15.620 16.954 15.298 17.647 17.878 20.571 22.594 24.474 27.804 27.570 26.408 23.444 21.963 20.677 18.383 17.546 14.129 12.260  8.721  8.405  9.938  9.224 10.132 13.306 14.113 13.912 16.307 18.440 18.831 20.030 22.361 23.784 24.369 25.649 26.560 24.578 23.731 20.072 21.247 22.747 19.712 17.353 14.624 14.294 12.554 13.830 15.932 13.532 13.243 10.190 10.260 11.459 10.039  6.278  5.149  5.488  3.858  0.000  3.835  5.454  7.801 10.864 13.851 16.474 14.562 16.248 14.702 17.312 18.656 20.906 23.266 24.754 28.171 30.355 32.731 34.633
 15.344 15.895 13.645 15.422 15.510 17.780 19.879 21.459 24.827 24.859 23.888 20.969 20.005 19.036 17.345 17.150 14.228 13.166  9.785 10.654 11.409 10.476 10.037 13.667 14.710 13.539 15.686 18.418 18.515 19.039 21.725 23.404 23.468 24.383 25.617 23.436 22.999 19.483 20.538 21.441 18.146 15.397 12.318 11.260  9.025 10.054 12.374 10.385 10.715  8.239  9.680 11.659 11.476  7.832  6.941  5.475  5.429  3.835  0.000  3.854  5.599  9.220 12.452 14.443 11.897 13.269 11.749 14.250 16.077 18.342 21.103 22.811 26.319 28.742 31.096 32.995
 13.478 14.405 12.809 15.065 16.072 18.482 21.143 22.868 26.043 25.834 24.453 21.188 20.255 18.684 17.115 16.420 13.705 12.213  8.620 10.486 12.044 12.310 12.428 16.147 16.393 14.998 17.731 20.198 19.644 20.422 23.434 24.624 24.380 25.667 27.310 25.504 25.457 22.120 23.584 24.314 20.829 18.266 14.842 13.629 10.711 11.260 14.324 13.152 13.959 11.654 13.341 14.912 14.515 10.798  8.734  6.205  4.676  5.454  3.854  0.000  3.841  6.405 10.020 12.534 10.584 12.953 12.534 15.631 17.938 20.647 23.557 25.652 29.100 31.648 34.021 35.900
 10.722 10.979  9.076 11.269 12.525 15.069 17.966 19.948 22.956 22.471 20.868 17.502 16.563 14.940 13.625 13.271 11.049 10.439  7.600 10.343 10.980 11.555 11.108 14.875 14.693 12.606 15.452 17.965 16.902 17.457 20.741 21.772 21.154 22.463 24.416 22.826 23.234 20.201 22.027 22.380 18.725 16.469 12.798 11.860  8.978 10.300 13.565 12.838 13.328 11.061 13.335 14.475 14.814 11.479  8.953  5.330  5.933  7.801  5.599  3.841  0.000  3.830  6.955  9.012  6.989  9.432  9.353 12.814 15.201 18.289 21.183 23.672 26.995 29.664 32.091 33.978
  8.636  9.073  8.247 10.857 13.176 15.747 19.094 21.230 23.887 23.067 21.010 17.381 16.473 14.197 13.181 12.355 10.809 10.154  7.970 11.505 12.469 13.992 13.911 17.485 16.588 14.338 17.514 19.649 17.913 18.651 22.148 22.620 21.634 23.292 25.647 24.520 25.351 22.623 24.812 24.969 21.251 19.317 15.567 14.693 11.683 12.693 16.236 16.104 16.770 14.648 16.972 17.770 18.030 14.795 11.765  8.082  8.075 10.864  9.220  6.405  3.830  0.000  3.838  6.591  6.030  9.550 10.831 14.546 17.146 20.541 23.416 26.238 29.403 32.145 34.567 36.413
  5.760  5.701  5.998  8.957 12.051 14.810 18.354 20.850 23.106 21.767 19.240 15.487 14.324 11.497 10.697  9.676  9.145  9.276  8.588 12.371 12.784 14.880 14.821 18.008 16.431 13.937 17.237 18.938 16.560 17.397 20.993 20.927 19.609 21.577 24.238 23.630 24.888 22.584 25.194 25.149 21.465 20.098 16.438 16.102 13.538 15.012 18.430 18.517 18.807 16.657 18.978 19.196 19.695 16.882 13.582  9.973 10.651 13.851 12.452 10.020  6.955  3.838  0.000  3.844  5.579  9.093 11.085 14.836 17.176 20.839 23.438 26.562 29.465 32.207 34.645 36.461
  7.632  5.406  4.869  6.366  9.858 12.068 15.783 18.172 20.110 18.703 16.098 12.341 11.774  9.222  9.692  9.873 10.522 11.850 11.729 15.362 15.015 16.690 15.858 18.877 17.409 14.307 17.107 19.011 16.312 16.417 20.191 20.181 18.235 19.848 22.881 22.348 24.121 22.239 24.836 24.233 20.542 19.336 15.763 15.325 13.003 14.490 17.706 18.381 18.742 17.159 19.927 20.224 21.384 18.850 15.899 12.232 13.681 16.474 14.443 12.534  9.012  6.591  3.844  0.000  3.843  6.648  9.560 12.971 15.462 19.153 21.787 25.169 27.890 30.748 33.117 34.881
 10.092  8.039  5.569  6.054  8.407 10.268 13.856 15.867 18.260 17.452 15.467 11.898 11.827 10.313 10.764 11.659 11.530 12.808 11.856 15.205 14.683 15.522 14.073 17.371 16.668 13.387 15.781 18.333 16.206 15.802 19.575 20.289 18.493 19.530 22.331 21.180 22.722 20.579 22.742 22.040 18.264 16.538 12.845 11.856  9.279 10.697 13.893 14.657 15.267 14.052 17.157 17.991 19.453 16.829 14.408 10.703 12.498 14.562 11.897 10.584  6.989  6.030  5.579  3.843  0.000  3.828  6.491  9.960 12.893 16.405 19.391 22.610 25.557 28.489 30.841 32.641
 12.603  9.830  6.510  4.685  5.632  6.646 10.194 12.076 14.507 13.881 12.260  8.979  9.609  9.337 10.551 12.598 12.869 14.896 14.278 17.199 15.922 16.077 13.812 16.762 16.468 12.816 14.371 17.247 15.266 13.994 17.727 18.860 16.772 17.154 20.002 18.617 20.432 18.614 20.566 19.360 15.644 14.019 10.585  9.628  7.888  9.760 12.232 13.315 13.676 13.120 16.488 17.363 19.514 17.381 15.568 12.236 14.774 16.248 13.269 12.953  9.432  9.550  9.093  6.648  3.828  0.000  3.819  6.589  9.637 13.074 16.109 19.454 22.290 25.302 27.609 29.398
 13.876 11.484  7.700  6.135  4.759  6.089  8.714 10.691 13.703 13.374 12.360  9.632  9.772 10.301 10.748 13.046 12.654 14.719 13.931 16.178 14.429 13.763 10.929 13.747 14.098 10.515 11.491 14.789 13.517 11.981 15.465 17.226 15.638 15.647 17.973 16.057 17.441 15.348 17.022 15.942 12.177 10.300  6.790  6.185  5.453  8.481 10.233 10.586 10.261  9.724 13.083 14.002 16.510 14.742 13.566 10.809 13.907 14.702 11.749 12.534  9.353 10.831 11.085  9.560  6.491  3.819  0.000  3.830  6.580 10.002 13.078 16.191 19.243 22.210 24.605 26.489
 17.430 14.793 11.031  8.615  5.823  4.954  6.088  7.317 10.667 11.023 11.023  9.361 10.326 12.096 13.046 15.900 15.749 18.074 17.402 19.284 17.176 15.891 12.506 14.704 15.662 12.156 11.918 15.437 14.623 12.197 15.246 17.566 15.855 14.941 17.052 14.690 16.216 14.532 15.618 13.852 10.324  8.374  5.791  5.037  6.224  8.945  9.287 10.011  9.460 10.144 13.519 14.626 17.720 16.507 16.076 13.853 17.091 17.312 14.250 15.631 12.814 14.546 14.836 12.971  9.960  6.589  3.830  0.000  3.822  6.664 10.063 13.192 16.192 19.276 21.585 23.458
 18.734 16.135 12.508 10.117  6.453  5.777  4.800  6.644  9.850  9.900 10.311  9.542  9.888 12.372 13.013 16.157 16.072 18.725 18.528 19.855 17.157 15.467 11.838 13.084 14.263 11.007  9.658 13.084 12.761  9.797 12.281 15.040 13.614 12.150 13.785 11.117 12.629 11.305 12.328 10.250  6.851  5.853  4.787  6.281  8.948 12.041 11.668 11.580  9.829 10.385 13.034 13.450 16.931 16.542 16.528 14.999 18.594 18.656 16.077 17.938 15.201 17.146 17.176 15.462 12.893  9.637  6.580  3.822  0.000  3.818  6.550  9.873 12.774 15.814 18.273 20.253
 22.454 19.914 16.293 13.856 10.168  8.787  6.378  6.468  9.498 10.504 12.068 12.318 13.016 15.876 16.548 19.726 19.527 22.091 21.761 22.740 19.959 17.755 13.970 14.644 16.468 13.707 11.530 14.844 15.234 12.011 13.583 16.820 15.682 13.470 14.385 11.172 12.296 11.376 11.273  8.519  6.082  5.148  6.373  7.570 10.966 13.561 12.104 11.939  9.976 11.504 13.746 14.388 18.126 18.220 18.900 17.848 21.384 20.906 18.342 20.647 18.289 20.541 20.839 19.153 16.405 13.074 10.002  6.664  3.818  0.000  3.820  6.661  9.703 12.849 15.240 17.272
 24.301 21.791 18.411 16.029 12.233 11.089  8.009  8.394 10.359 10.920 12.710 13.696 13.946 17.107 17.607 20.865 20.831 23.602 23.706 24.305 21.155 18.823 15.164 14.873 16.680 14.397 11.432 14.109 14.937 11.501 12.029 15.484 14.687 11.905 12.032  8.616  9.671  9.730  9.299  5.823  4.952  6.301  8.822 10.931 14.462 17.235 15.692 15.142 12.643 13.807 15.253 15.154 18.957 19.753 20.635 20.049 23.732 23.266 21.103 23.557 21.183 23.416 23.438 21.787 19.391 16.109 13.078 10.063  6.550  3.820  0.000  3.822  6.334  9.464 12.087 14.285
 27.376 25.107 21.718 19.579 15.797 14.786 11.724 11.570 13.296 14.261 16.329 17.465 17.597 20.673 20.868 23.939 23.578 26.116 26.054 26.224 23.070 20.303 16.725 15.938 18.287 16.631 13.312 15.730 17.294 14.150 13.890 17.567 17.377 14.498 13.723 10.101  9.988 10.176  8.346  4.917  6.203  7.495 10.926 12.936 16.690 19.248 17.173 16.204 13.466 14.923 15.697 15.634 19.393 20.680 22.168 22.116 25.690 24.754 22.811 25.652 23.672 26.238 26.562 25.169 22.610 19.454 16.191 13.192  9.873  6.661  3.822  0.000  3.831  6.707  9.432 11.813
 29.950 27.555 24.334 22.024 18.255 17.033 13.635 13.334 14.205 15.028 17.339 19.083 19.256 22.563 22.931 26.118 26.064 28.801 29.045 29.156 25.837 23.174 19.741 18.544 20.638 19.155 15.640 17.463 19.010 15.765 14.867 18.341 18.158 14.882 13.647 10.468 10.558 11.900 10.072  6.713  9.049 11.023 14.363 16.449 20.148 22.676 20.569 19.768 17.088 18.477 19.057 18.664 22.335 23.892 25.341 25.356 28.992 28.171 26.319 29.100 26.995 29.403 29.465 27.890 25.557 22.290 19.243 16.192 12.774  9.703  6.334  3.831  0.000  3.834  6.483  8.959
 32.407 30.139 27.030 24.856 21.127 20.061 16.679 16.409 17.025 17.734 20.031 21.894 21.873 25.131 25.321 28.394 28.281 30.963 31.308 31.140 27.752 24.987 21.753 20.125 22.273 21.224 17.561 18.925 20.800 17.796 16.316 19.675 19.885 16.621 14.790 11.949 11.443 13.171 10.940  8.366 11.403 13.592 17.078 19.299 23.026 25.570 23.380 22.361 19.540 20.799 20.924 20.275 23.771 25.699 27.356 27.688 31.290 30.355 28.742 31.648 29.664 32.145 32.207 30.748 28.489 25.302 22.210 19.276 15.814 12.849  9.464  6.707  3.834  0.000  3.846  6.778
 34.911 32.600 29.501 27.246 23.551 22.296 18.857 18.287 18.580 19.453 21.944 24.020 24.183 27.496 27.809 30.904 30.846 33.522 33.845 33.665 30.315 27.533 24.339 22.711 24.875 23.874 20.260 21.541 23.387 20.402 18.877 22.086 22.238 18.914 17.091 14.552 14.113 15.889 13.583 11.306 14.216 16.175 19.605 21.612 25.291 27.656 25.310 24.405 21.744 23.173 23.262 22.723 26.137 28.099 29.844 30.199 33.750 32.731 31.096 34.021 32.091 34.567 34.645 33.117 30.841 27.609 24.605 21.585 18.273 15.240 12.087  9.432  6.483  3.846  0.000  3.811
