  0.000  3.832  6.643 10.241 13.199 16.644 19.736 23.050 24.632 22.474 19.795 16.151 13.875 10.392  8.305  5.505  5.445  5.802  7.608 10.747 10.682 13.693 14.500 16.776 14.117 12.400 16.028 16.575 13.874 15.743 18.909 18.009 17.151 19.873 22.301 22.420 23.562 21.495 24.630 25.056 21.659 21.181 17.985 18.774 17.044 19.297 22.368 21.841 21.288 18.536 20.092 19.209 19.361 17.253 13.646 10.968 11.967 15.563 15.284 13.418 10.664  8.567  5.741  7.646 10.049 12.574 13.862 17.406 18.761 22.462 24.469 27.393 30.292 31.537 33.722 35.165
  3.832  0.000  3.828  6.829 10.116 13.324 16.518 19.829 21.177 18.893 16.159 12.471 10.447  6.932  5.853  4.763  6.363  8.441 10.029 13.201 12.295 14.600 14.430 16.691 14.279 11.700 14.882 15.799 12.723 13.779 17.260 16.513 14.959 17.348 20.179 20.304 21.953 20.243 23.383 23.271 19.811 19.451 16.263 16.999 15.478 17.815 20.730 20.645 20.138 17.854 19.893 19.170 20.062 18.130 14.896 11.892 13.720 16.927 15.863 14.367 10.941  9.025  5.667  5.403  7.989  9.795 11.470 14.774 16.191 19.971 22.043 25.231 27.997 29.223 31.368 32.773
  6.643  3.828  0.000  3.820  6.736 10.076 13.297 16.517 18.225 16.210 13.871 10.242  8.532  6.040  5.345  6.265  6.883  9.346 10.064 13.073 11.660 13.025 11.985 14.517 12.805  9.603 12.424 14.133 11.447 11.720 15.438 15.504 13.871 15.596 18.377 17.906 19.522 17.655 20.519 20.170 16.568 15.919 12.625 13.249 11.911 14.489 17.173 17.118 16.570 14.562 16.927 16.537 17.944 16.044 13.288 10.140 12.685 15.288 13.634 12.803  9.071  8.252  6.016  4.912  5.539  6.494  7.689 11.014 12.556 16.331 18.617 21.786 24.670 25.988 28.116 29.536
 10.241  6.829  3.820  0.000  3.822  6.548  9.961 13.129 14.605 12.497 10.252  6.620  5.784  4.721  6.188  8.772 10.051 12.931 13.583 16.372 14.525 15.179 13.271 15.533 14.313 10.631 12.438 14.533 11.837 10.883 14.705 15.130 12.811 13.774 16.902 16.308 18.463 17.082 19.762 18.733 15.174 14.659 11.592 12.083 11.253 13.793 16.036 16.537 16.046 14.797 17.557 17.392 19.486 17.893 15.720 12.694 15.597 17.670 15.450 15.093 11.297 10.894  8.972  6.394  6.051  4.684  6.127  8.606 10.197 13.951 16.318 19.755 22.440 23.727 25.772 27.135
 13.199 10.116  6.736  3.822  0.000  3.824  6.625  9.976 11.844 10.208  8.460  5.705  5.064  6.384  7.543 10.796 11.589 14.642 15.135 17.319 14.907 14.644 11.971 13.817 13.295  9.457 10.150 12.745 10.662  8.682 12.361 13.595 11.379 11.453 14.324 13.180 15.356 14.117 16.531 15.166 11.651 11.305  8.665  9.678 10.005 13.000 14.426 14.751 13.752 12.915 15.642 15.469 18.143 17.070 15.637 13.161 16.564 17.938 15.577 16.134 12.584 13.236 12.086  9.889  8.406  5.634  4.750  5.795  6.536 10.273 12.526 16.002 18.665 19.999 22.106 23.555
 16.644 13.324 10.076  6.548  3.824  0.000  3.833  6.704  8.434  6.895  6.091  4.569  6.314  8.843 10.929 14.358 15.383 18.408 18.702 20.922 18.537 17.923 14.876 16.557 16.529 12.752 12.626 15.386 13.591 10.834 14.081 15.648 13.029 12.087 15.040 13.655 16.230 15.522 17.401 15.268 12.055 11.629  9.576  9.909 10.644 13.046 13.855 14.920 14.279 14.438 17.448 17.709 20.756 19.791 18.780 16.321 19.651 20.670 17.899 18.609 15.193 15.886 14.906 12.166 10.363  6.749  6.131  4.957  5.841  8.897 11.370 15.002 17.369 18.646 20.526 21.831
 19.736 16.518 13.297  9.961  6.625  3.833  0.000  3.839  5.773  5.393  5.706  6.460  7.961 11.316 13.159 16.790 17.737 20.898 21.306 23.075 20.314 19.181 15.823 16.810 17.230 13.736 12.526 15.213 13.999 10.568 13.046 15.128 12.650 10.668 13.177 11.441 14.185 14.096 15.554 12.861 10.228 10.449  9.662 10.573 12.432 14.910 14.803 15.676 14.526 15.145 17.801 17.896 21.309 20.939 20.491 18.562 22.110 22.718 20.046 21.302 18.106 19.227 18.418 15.852 13.951 10.317  8.807  6.219  4.965  6.688  8.443 12.143 14.124 15.331 17.234 18.620
 23.050 19.829 16.517 13.129  9.976  6.704  3.839  0.000  3.853  5.564  7.684  9.351 11.491 14.825 16.796 20.379 21.196 24.205 24.305 26.047 23.386 21.937 18.383 19.362 20.261 16.904 15.366 18.207 17.391 13.845 15.865 18.237 15.870 13.387 15.462 13.386 15.937 16.062 16.777 13.630 11.560 11.416 11.246 11.435 13.515 15.355 14.527 15.866 15.068 16.513 19.254 19.810 23.387 23.058 23.005 21.144 24.582 24.807 21.881 23.330 20.384 21.689 21.209 18.549 16.309 12.542 11.048  7.704  6.746  6.605  8.346 11.588 13.186 14.319 15.840 17.039
 24.632 21.177 18.225 14.605 11.844  8.434  5.773  3.853  0.000  3.840  6.587  9.419 11.963 15.502 17.966 21.672 23.017 26.265 26.722 28.592 25.841 24.659 21.232 21.991 22.531 19.165 17.615 20.007 18.847 15.219 17.006 18.937 16.166 13.474 15.770 14.357 17.396 18.166 19.066 15.760 14.131 14.576 14.532 14.886 16.744 18.452 17.788 19.322 18.577 19.909 22.582 22.882 26.443 26.200 25.942 23.976 27.430 27.925 25.038 26.243 23.099 24.010 23.086 20.096 18.353 14.623 13.764 10.811  9.877  9.800 10.679 13.792 14.663 15.478 16.798 17.830
 22.474 18.893 16.210 12.497 10.208  6.895  5.393  5.564  3.840  0.000  3.812  6.774  9.654 13.070 15.865 19.550 21.226 24.562 25.242 27.340 24.672 23.907 20.708 21.643 21.709 18.187 17.114 19.324 17.641 14.226 16.421 17.869 14.753 12.553 15.414 14.502 17.794 18.449 19.886 16.861 14.827 15.329 14.679 15.110 16.489 18.319 18.267 19.816 19.151 20.039 22.822 22.943 26.326 25.872 25.187 22.966 26.363 27.251 24.428 25.263 21.892 22.399 21.103 17.939 16.621 13.028 12.761 10.478 10.007 10.984 12.130 15.567 16.661 17.476 18.901 19.919
 19.795 16.159 13.871 10.252  8.460  6.091  5.706  7.684  6.587  3.812  0.000  3.834  6.474  9.887 12.894 16.577 18.637 22.135 23.227 25.397 22.696 22.378 19.518 20.404 19.883 16.348 15.706 17.499 15.276 12.177 14.659 15.489 12.073 10.531 13.916 13.662 17.144 17.756 19.824 17.217 14.912 15.736 14.676 15.570 16.648 18.870 19.403 20.634 19.758 19.980 22.631 22.330 25.473 24.978 23.872 21.571 24.967 26.284 23.735 24.277 20.692 20.838 19.067 15.906 15.212 11.968 12.080 10.719 10.256 12.194 13.266 16.932 18.236 19.076 20.783 21.946
 16.151 12.471 10.242  6.620  5.705  4.569  6.460  9.351  9.419  6.774  3.834  0.000  3.825  6.579  9.795 13.334 15.423 18.818 19.886 22.306 19.867 19.953 17.399 18.740 17.862 14.174 14.370 16.236 13.606 11.129 14.312 14.844 11.520 11.076 14.664 14.424 17.583 17.507 19.940 17.867 14.977 15.366 13.494 14.260 14.670 16.996 18.191 19.285 18.576 18.299 21.062 20.773 23.590 22.709 21.181 18.597 21.827 23.464 21.001 21.174 17.475 17.315 15.357 12.199 11.791  8.908  9.622  9.420  9.797 12.704 14.387 18.128 20.005 21.030 22.898 24.139
 13.875 10.447  8.532  5.784  5.064  6.314  7.961 11.491 11.963  9.654  6.474  3.825  0.000  3.843  6.483 10.192 12.408 16.030 17.592 19.717 17.033 17.366 15.183 16.174 14.786 11.296 11.766 13.083 10.104  8.116 11.450 11.518  8.337  8.845 12.424 12.613 15.576 15.386 18.315 16.812 13.915 14.774 12.922 14.496 15.041 17.922 19.300 19.708 18.465 17.474 19.757 18.868 21.429 20.789 19.066 16.787 20.127 21.982 20.034 20.264 16.566 16.460 14.283 11.745 11.782  9.582  9.754 10.316 10.026 13.256 14.485 18.116 20.103 21.131 23.253 24.672
 10.392  6.932  6.040  4.721  6.384  8.843 11.316 14.825 15.502 13.070  9.887  6.579  3.843  0.000  3.818  6.991  9.739 13.264 15.135 17.567 15.289 16.419 14.963 16.313 14.269 10.983 12.619 13.551 10.101  9.533 13.027 12.379  9.659 11.405 14.785 15.253 17.791 17.114 20.315 19.379 16.267 16.807 14.397 15.788 15.570 18.364 20.376 20.628 19.590 18.034 20.229 19.236 21.225 20.199 17.861 15.326 18.285 20.690 19.063 18.692 14.950 14.189 11.469  9.226 10.301  9.354 10.325 12.124 12.517 16.086 17.580 21.093 23.329 24.396 26.543 27.954
  8.305  5.853  5.345  6.188  7.543 10.929 13.159 16.796 17.966 15.865 12.894  9.795  6.483  3.818  0.000  3.813  6.245  9.963 12.237 14.266 11.820 13.256 12.383 13.563 11.037  8.178 10.527 10.998  7.515  8.286 11.655 10.824  9.180 11.674 14.404 14.822 16.680 15.517 18.932 18.700 15.602 16.198 13.792 15.654 15.481 18.604 20.687 20.278 18.861 16.660 18.313 16.875 18.426 17.528 15.009 12.884 15.841 18.354 17.324 17.087 13.598 13.145 10.674  9.705 10.719 10.531 10.731 13.019 13.079 16.655 17.944 21.141 23.575 24.689 26.977 28.507
  5.505  4.763  6.265  8.772 10.796 14.358 16.790 20.379 21.672 19.550 16.577 13.334 10.192  6.991  3.813  0.000  3.828  7.135 10.095 12.129 10.271 12.702 12.927 14.215 11.130  9.220 12.356 12.270  9.034 11.040 13.980 12.686 11.828 14.819 17.164 17.731 19.101 17.589 21.060 21.373 18.303 18.702 16.120 17.856 17.207 20.175 22.619 21.937 20.616 17.932 19.226 17.622 18.402 17.262 14.207 12.207 14.511 17.520 17.130 16.390 13.246 12.310  9.659  9.896 11.626 12.591 13.055 15.895 16.227 19.816 21.158 24.146 26.707 27.821 30.119 31.649
  5.445  6.363  6.883 10.051 11.589 15.383 17.737 21.196 23.017 21.226 18.637 15.423 12.408  9.739  6.245  3.828  0.000  3.824  6.702  8.382  6.567  9.309 10.182 11.775  8.799  7.518 11.208 11.369  9.078 11.529 14.283 13.625 13.587 16.332 18.129 18.111 18.768 16.584 19.823 20.651 17.532 17.526 14.871 16.605 15.862 18.879 21.313 20.119 18.687 15.592 16.487 14.865 15.144 13.828 10.612  8.965 11.168 14.111 14.213 13.697 11.044 10.794  9.180 10.574 11.510 12.868 12.663 15.735 16.096 19.536 20.975 23.600 26.427 27.642 29.962 31.544
  5.802  8.441  9.346 12.931 14.642 18.408 20.898 24.205 26.265 24.562 22.135 18.818 16.030 13.264  9.963  7.135  3.824  0.000  3.878  5.443  5.388  8.969 10.966 12.857 10.160  9.852 13.651 13.820 12.220 14.889 17.397 16.862 17.216 19.947 21.486 21.260 21.460 18.870 21.837 23.073 19.970 19.541 16.769 18.144 16.949 19.622 22.272 20.799 19.596 16.216 16.749 15.318 14.691 12.914  9.273  7.976  8.942 12.242 13.148 12.200 10.428 10.123  9.304 11.887 12.789 14.901 14.747 18.083 18.755 22.082 23.688 26.043 29.043 30.306 32.581 34.142
  7.608 10.029 10.064 13.583 15.135 18.702 21.306 24.305 26.722 25.242 23.227 19.886 17.592 15.135 12.237 10.095  6.702  3.878  0.000  3.840  5.542  8.321 10.275 12.968 11.272 10.836 14.508 15.473 14.431 16.599 19.256 19.381 19.679 21.957 23.452 22.643 22.599 19.579 22.069 23.333 20.078 18.947 15.935 16.695 15.041 17.318 20.075 18.461 17.655 14.281 14.916 14.226 13.308 10.726  6.909  5.193  5.171  8.702  9.775  8.618  7.610  7.960  8.640 11.782 11.867 14.320 14.002 17.459 18.584 21.748 23.738 25.880 29.122 30.504 32.685 34.202
 10.747 13.201 13.073 16.372 17.319 20.922 23.075 26.047 28.592 27.340 25.397 22.306 19.717 17.567 14.266 12.129  8.382  5.443  3.840  0.000  3.837  6.534  9.647 11.620 10.087 10.958 14.311 14.803 14.574 17.145 19.175 19.401 20.420 22.707 23.607 22.723 22.065 18.854 21.167 23.007 20.130 19.203 16.721 17.945 16.847 19.318 21.641 19.451 18.132 14.453 14.084 12.842 11.080  9.024  5.541  6.242  6.012  8.418 10.674 10.512 10.372 11.506 12.422 15.415 15.216 17.245 16.257 19.347 19.904 22.715 24.290 26.007 29.191 30.525 32.736 34.313
 10.682 12.295 11.660 14.525 14.907 18.537 20.314 23.386 25.841 24.672 22.696 19.867 17.033 15.289 11.820 10.271  6.567  5.388  5.542  3.837  0.000  3.840  6.835  8.286  6.312  7.390 10.673 10.987 10.922 13.549 15.396 15.736 16.937 19.136 19.857 19.009 18.343 15.254 17.808 19.630 16.867 16.414 14.255 16.143 15.746 18.762 20.720 18.494 16.606 12.912 12.461 10.516  9.501  8.365  5.389  6.285  8.113  9.951 11.430 12.066 11.003 12.466 12.826 15.064 14.679 15.958 14.493 17.220 17.197 19.944 21.166 22.919 25.966 27.255 29.556 31.206
 13.693 14.600 13.025 15.179 14.644 17.923 19.181 21.937 24.659 23.907 22.378 19.953 17.366 16.419 13.256 12.702  9.309  8.969  8.321  6.534  3.840  0.000  3.832  5.230  5.117  6.556  8.831  9.825 10.889 12.853 14.342 15.561 16.998 18.539 18.814 17.336 16.161 12.688 14.730 16.783 14.205 13.553 11.873 13.999 14.243 17.400 18.760 16.118 13.769 10.031  8.944  6.725  5.910  5.426  4.109  6.354  8.863  9.220 10.460 12.292 11.521 13.938 14.862 16.669 15.444 16.041 13.756 15.871 15.433 17.659 18.708 20.029 23.139 24.487 26.771 28.463
 14.500 14.430 11.985 13.271 11.971 14.876 15.823 18.383 21.232 20.708 19.518 17.399 15.183 14.963 12.383 12.927 10.182 10.966 10.275  9.647  6.835  3.832  0.000  3.846  5.379  4.976  6.324  8.677  9.872 10.714 12.463 14.416 15.418 16.296 16.680 14.690 13.730 10.168 12.036 13.585 10.703  9.794  8.107 10.530 11.388 14.826 15.776 13.235 10.577  7.074  6.676  4.798  6.338  6.062  5.924  6.836 10.259 10.148 10.041 12.421 11.080 13.866 14.793 15.824 13.982 13.763 10.905 12.476 11.794 13.870 15.040 16.457 19.683 21.140 23.447 25.170
 16.776 16.691 14.517 15.533 13.817 16.557 16.810 19.362 21.991 21.643 20.404 18.740 16.174 16.313 13.563 14.215 11.775 12.857 12.968 11.620  8.286  5.230  3.846  0.000  3.848  5.426  5.066  6.275  8.797  9.905 10.468 12.569 14.397 15.194 14.757 12.873 11.188  7.604  9.667 11.947  9.901 10.182  9.834 12.986 14.585 18.122 18.607 15.947 12.758  9.660  8.192  4.753  6.366  8.098  8.688 10.370 13.542 13.323 13.676 16.139 14.841 17.425 17.959 18.824 17.264 16.693 13.698 14.642 13.005 14.540 14.735 15.730 18.585 19.875 22.283 24.114
 14.117 14.279 12.805 14.313 13.295 16.529 17.230 20.261 22.531 21.709 19.883 17.862 14.786 14.269 11.037 11.130  8.799 10.160 11.272 10.087  6.312  5.117  5.379  3.848  0.000  3.860  5.382  4.923  6.342  8.783  9.659 10.621 12.525 14.228 14.193 13.252 12.239  9.375 12.329 14.279 12.073 12.800 11.839 14.924 15.983 19.584 20.648 18.365 15.536 12.285 11.448  8.312  9.003  9.975  9.077 10.202 13.286 14.111 14.696 16.358 14.633 16.495 16.354 17.334 16.537 16.375 14.033 15.584 14.203 16.411 16.679 18.240 20.915 22.090 24.543 26.335
 12.400 11.700  9.603 10.631  9.457 12.752 13.736 16.904 19.165 18.187 16.348 14.174 11.296 10.983  8.178  9.220  7.518  9.852 10.836 10.958  7.390  6.556  4.976  5.426  3.860  0.000  3.848  5.406  5.129  6.468  8.753  9.997 10.733 12.188 13.031 11.909 11.887  9.254 12.360 13.322 10.394 10.846  9.204 12.168 13.125 16.810 18.020 16.253 13.729 10.844 11.232  9.015 10.730 10.791  9.514  9.229 12.840 13.947 13.559 15.002 12.587 14.293 13.901 14.262 13.278 12.733 10.450 12.071 10.956 13.665 14.452 16.630 19.460 20.754 23.208 24.966
 16.028 14.882 12.424 12.438 10.150 12.626 12.526 15.366 17.615 17.114 15.706 14.370 11.766 12.619 10.527 12.356 11.208 13.651 14.508 14.311 10.673  8.831  6.324  5.066  5.382  3.848  0.000  3.841  5.402  5.048  6.248  8.791  9.881 10.306 10.379  8.600  8.182  5.517  8.770  9.653  7.112  8.533  8.231 11.854 13.860 17.622 18.061 16.215 13.163 10.903 10.959  8.506 11.142 12.162 12.000 12.199 15.904 16.333 15.706 17.739 15.443 17.488 17.217 17.084 15.696 14.310 11.433 11.832  9.589 11.492 11.474 13.365 15.997 17.277 19.844 21.726
 16.575 15.799 14.133 14.533 12.745 15.386 15.213 18.207 20.007 19.324 17.499 16.236 13.083 13.551 10.998 12.270 11.369 13.820 15.473 14.803 10.987  9.825  8.677  6.275  4.923  5.406  3.841  0.000  3.844  5.413  4.904  6.362  8.756 10.011  9.408  8.828  8.104  6.404 10.072 11.506  9.943 12.049 12.053 15.667 17.509 21.270 21.857 19.948 16.845 14.359 13.845 10.724 12.543 14.065 13.631 14.256 17.691 18.463 18.434 20.204 17.955 19.618 18.921 18.994 18.250 17.187 14.734 15.347 13.017 14.820 14.194 15.873 17.988 18.990 21.561 23.434
 13.874 12.723 11.447 11.837 10.662 13.591 13.999 17.391 18.847 17.641 15.276 13.606 10.104 10.101  7.515  9.034  9.078 12.220 14.431 14.574 10.922 10.889  9.872  8.797  6.342  5.129  5.402  3.844  0.000  3.854  5.335  5.093  6.274  8.595  9.373  9.688 10.417  9.367 13.123 13.746 11.600 13.457 12.628 15.888 17.198 20.896 21.966 20.572 17.938 15.498 15.786 13.142 14.895 15.592 14.286 13.990 17.419 18.895 18.569 19.689 16.932 17.921 16.577 16.324 16.153 15.220 13.477 14.539 12.726 15.255 15.139 17.533 19.654 20.652 23.175 24.947
 15.743 13.779 11.720 10.883  8.682 10.834 10.568 13.845 15.219 14.226 12.177 11.129  8.116  9.533  8.286 11.040 11.529 14.889 16.599 17.145 13.549 12.853 10.714  9.905  8.783  6.468  5.048  5.413  3.854  0.000  3.848  5.432  5.065  5.743  7.067  6.744  8.485  8.064 11.586 11.220  8.984 11.186 10.744 14.038 15.855 19.516 20.163 19.134 16.520 14.804 15.610 13.489 16.064 16.741 15.892 15.236 18.948 20.076 19.079 20.455 17.480 18.662 17.414 16.431 15.750 13.945 11.923 12.089  9.749 12.051 11.769 14.486 16.486 17.536 20.087 21.887
 18.909 17.260 15.438 14.705 12.361 14.081 13.046 15.865 17.006 16.421 14.659 14.312 11.450 13.027 11.655 13.980 14.283 17.397 19.256 19.175 15.396 14.342 12.463 10.468  9.659  8.753  6.248  4.904  5.335  3.848  0.000  3.841  5.570  5.576  4.562  4.787  5.836  6.619 10.161 10.210  9.275 12.354 12.968 16.576 18.858 22.555 22.799 21.465 18.446 16.787 16.878 14.248 16.749 18.212 17.865 17.900 21.559 22.387 21.744 23.451 20.749 22.149 21.009 20.207 19.517 17.674 15.395 15.119 12.190 13.580 12.228 14.250 15.672 16.490 19.102 20.984
 18.009 16.513 15.504 15.130 13.595 15.648 15.128 18.237 18.937 17.869 15.489 14.844 11.518 12.379 10.824 12.686 13.625 16.862 19.381 19.401 15.736 15.561 14.416 12.569 10.621  9.997  8.791  6.362  5.093  5.432  3.841  0.000  3.846  6.046  5.830  7.971  9.312 10.195 13.808 14.012 12.985 15.845 15.925 19.365 21.174 24.852 25.532 24.336 21.515 19.546 19.685 16.871 18.860 20.121 19.174 19.037 22.483 23.859 23.466 24.686 21.821 22.660 20.982 20.230 20.261 18.823 17.176 17.448 14.970 16.836 15.727 17.956 19.214 19.864 22.354 24.103
 17.151 14.959 13.871 12.811 11.379 13.029 12.650 15.870 16.166 14.753 12.073 11.520  8.337  9.659  9.180 11.828 13.587 17.216 19.679 20.420 16.937 16.998 15.418 14.397 12.525 10.733  9.881  8.756  6.274  5.065  5.570  3.846  0.000  3.832  6.079  8.293 10.924 11.932 15.410 14.745 13.230 15.823 15.487 18.534 20.131 23.633 24.444 23.795 21.374 19.772 20.626 18.348 20.666 21.385 20.153 19.298 22.819 24.424 23.510 24.424 21.190 21.666 19.653 18.276 18.458 16.720 15.567 15.718 13.551 15.729 15.032 17.851 19.111 19.803 22.206 23.860
 19.873 17.348 15.596 13.774 11.453 12.087 10.668 13.387 13.474 12.553 10.531 11.076  8.845 11.405 11.674 14.819 16.332 19.947 21.957 22.707 19.136 18.539 16.296 15.194 14.228 12.188 10.306 10.011  8.595  5.743  5.576  6.046  3.832  0.000  3.853  5.701  9.186 10.974 13.899 12.460 11.408 14.332 14.656 17.676 19.802 23.206 23.481 23.009 20.527 19.541 20.530 18.560 21.393 22.299 21.589 20.762 24.477 25.644 24.363 25.646 22.436 23.268 21.566 19.833 19.435 17.042 15.506 14.727 12.013 13.473 12.253 15.042 15.913 16.555 18.953 20.642
 22.301 20.179 18.377 16.902 14.324 15.040 13.177 15.462 15.770 15.414 13.916 14.664 12.424 14.785 14.404 17.164 18.129 21.486 23.452 23.607 19.857 18.814 16.680 14.757 14.193 13.031 10.379  9.408  9.373  7.067  4.562  5.830  6.079  3.853  0.000  3.824  6.566  9.301 11.957 10.941 10.977 14.474 15.615 19.007 21.562 25.084 24.997 24.084 21.174 20.139 20.481 18.132 20.912 22.447 22.228 22.041 25.769 26.576 25.619 27.310 24.407 25.636 24.240 22.877 22.250 19.911 17.857 16.864 13.645 14.366 12.286 14.258 14.705 15.186 17.674 19.478
 22.420 20.304 17.906 16.308 13.180 13.655 11.441 13.386 14.357 14.502 13.662 14.424 12.613 15.253 14.822 17.731 18.111 21.260 22.643 22.723 19.009 17.336 14.690 12.873 13.252 11.909  8.600  8.828  9.688  6.744  4.787  7.971  8.293  5.701  3.824  0.000  3.898  6.501  8.671  7.211  7.372 11.005 12.666 16.090 19.008 22.482 22.017 20.961 17.928 17.214 17.546 15.519 18.657 20.243 20.508 20.446 24.243 24.580 23.430 25.498 22.815 24.512 23.634 22.352 21.108 18.549 15.960 14.528 10.980 11.143  8.812 10.596 11.412 12.224 14.943 16.951
 23.562 21.953 19.522 18.463 15.356 16.230 14.185 15.937 17.396 17.794 17.144 17.583 15.576 17.791 16.680 19.101 18.768 21.460 22.599 22.065 18.343 16.161 13.730 11.188 12.239 11.887  8.182  8.104 10.417  8.485  5.836  9.312 10.924  9.186  6.566  3.898  0.000  3.893  5.624  5.662  6.920 10.588 12.839 16.487 19.593 23.119 22.438 20.788 17.371 16.428 15.947 13.560 16.516 18.692 19.509 20.150 23.818 23.726 22.991 25.447 23.218 25.333 24.885 24.120 22.648 20.375 17.362 16.087 12.500 12.232  9.674 10.283 11.236 12.039 14.784 16.886
 21.495 20.243 17.655 17.082 14.117 15.522 14.096 16.062 18.166 18.449 17.756 17.507 15.386 17.114 15.517 17.589 16.584 18.870 19.579 18.854 15.254 12.688 10.168  7.604  9.375  9.254  5.517  6.404  9.367  8.064  6.619 10.195 11.932 10.974  9.301  6.501  3.893  0.000  3.843  5.501  5.329  8.250 10.228 13.970 16.930 20.505 19.969 17.916 14.368 12.999 12.225  9.712 12.713 14.877 15.898 16.795 20.375 20.051 19.472 22.098 20.169 22.578 22.547 22.211 20.494 18.566 15.295 14.460 11.228 11.346  9.692 10.290 12.298 13.436 16.116 18.187
 24.630 23.383 20.519 19.762 16.531 17.401 15.554 16.777 19.066 19.886 19.824 19.940 18.315 20.315 18.932 21.060 19.823 21.837 22.069 21.167 17.808 14.730 12.036  9.667 12.329 12.360  8.770 10.072 13.123 11.586 10.161 13.808 15.410 13.899 11.957  8.671  5.624  3.843  0.000  3.841  5.554  7.928 10.954 14.320 17.671 20.950 19.769 17.523 13.844 13.166 12.008 10.094 13.236 15.697 17.494 18.679 22.104 21.150 20.475 23.518 21.969 24.753 25.152 24.822 22.677 20.559 17.006 15.613 12.308 11.287  9.179  8.362 10.242 11.409 13.996 16.148
 25.056 23.271 20.170 18.733 15.166 15.268 12.861 13.630 15.760 16.861 17.217 17.867 16.812 19.379 18.700 21.373 20.651 23.073 23.333 23.007 19.630 16.783 13.585 11.947 14.279 13.322  9.653 11.506 13.746 11.220 10.210 14.012 14.745 12.460 10.941  7.211  5.662  5.501  3.841  0.000  3.835  6.802 10.181 13.288 16.890 20.022 18.587 16.959 13.584 13.699 13.523 12.336 15.881 17.770 19.281 19.797 23.408 22.616 21.335 24.223 22.312 24.923 25.134 24.250 21.988 19.358 15.902 13.808 10.200  8.503  5.703  5.088  7.012  8.582 11.473 13.780
 21.659 19.811 16.568 15.174 11.651 12.055 10.228 11.560 14.131 14.827 14.912 14.977 13.915 16.267 15.602 18.303 17.532 19.970 20.078 20.130 16.867 14.205 10.703  9.901 12.073 10.394  7.112  9.943 11.600  8.984  9.275 12.985 13.230 11.408 10.977  7.372  6.920  5.329  5.554  3.835  0.000  3.820  6.578  9.926 13.366 16.676 15.661 14.141 10.888 10.733 11.266 10.365 14.090 15.320 16.414 16.470 20.156 19.600 18.063 20.752 18.659 21.199 21.427 20.535 18.202 15.638 12.142 10.305  6.832  6.130  4.964  6.335  9.301 11.000 13.689 15.776
 21.181 19.451 15.919 14.659 11.305 11.629 10.449 11.416 14.576 15.329 15.736 15.366 14.774 16.807 16.198 18.702 17.526 19.541 18.947 19.203 16.414 13.553  9.794 10.182 12.800 10.846  8.533 12.049 13.457 11.186 12.354 15.845 15.823 14.332 14.474 11.005 10.588  8.250  7.928  6.802  3.820  0.000  3.829  6.609 10.232 13.338 12.103 10.404  7.172  7.605  8.822  9.176 12.969 13.534 14.863 14.700 18.183 17.229 15.302 18.183 16.401 19.269 20.064 19.332 16.488 14.036 10.298  8.424  5.895  5.170  6.155  7.267 10.850 12.710 15.008 16.863
 17.985 16.263 12.625 11.592  8.665  9.576  9.662 11.246 14.532 14.679 14.676 13.494 12.922 14.397 13.792 16.120 14.871 16.769 15.935 16.721 14.255 11.873  8.107  9.834 11.839  9.204  8.231 12.053 12.628 10.744 12.968 15.925 15.487 14.656 15.615 12.666 12.839 10.228 10.954 10.181  6.578  3.829  0.000  3.823  6.883 10.380 10.059  8.587  5.990  5.685  8.213  9.026 12.449 11.995 12.581 11.665 15.158 14.593 12.295 14.814 12.765 15.540 16.408 15.737 12.773 10.562  6.765  5.804  4.800  6.327  8.738 10.714 14.225 15.968 18.119 19.773
 18.774 16.999 13.249 12.083  9.678  9.909 10.573 11.435 14.886 15.110 15.570 14.260 14.496 15.788 15.654 17.856 16.605 18.144 16.695 17.945 16.143 13.999 10.530 12.986 14.924 12.168 11.854 15.667 15.888 14.038 16.576 19.365 18.534 17.676 19.007 16.090 16.487 13.970 14.320 13.288  9.926  6.609  3.823  0.000  3.824  6.813  6.315  5.486  4.513  5.785  9.327 11.357 14.370 13.111 13.629 12.129 15.105 14.297 11.262 13.611 11.820 14.653 16.036 15.244 11.746  9.557  6.125  5.055  6.284  7.494 10.804 12.638 16.126 17.887 19.685 21.080
 17.044 15.478 11.911 11.253 10.005 10.644 12.432 13.515 16.744 16.489 16.648 14.670 15.041 15.570 15.481 17.207 15.862 16.949 15.041 16.847 15.746 14.243 11.388 14.585 15.983 13.125 13.860 17.509 17.198 15.855 18.858 21.174 20.131 19.802 21.562 19.008 19.593 16.930 17.671 16.890 13.366 10.232  6.883  3.824  0.000  3.848  5.525  5.506  6.510  6.944 10.741 13.023 15.327 13.163 12.966 10.684 13.095 12.615  9.089 10.728  8.944 11.630 13.434 12.861  9.120  7.763  5.382  6.252  8.961 10.907 14.376 16.405 19.848 21.546 23.245 24.506
 19.297 17.815 14.489 13.793 13.000 13.046 14.910 15.355 18.452 18.319 18.870 16.996 17.922 18.364 18.604 20.175 18.879 19.622 17.318 19.318 18.762 17.400 14.826 18.122 19.584 16.810 17.622 21.270 20.896 19.516 22.555 24.852 23.633 23.206 25.084 22.482 23.119 20.505 20.950 20.022 16.676 13.338 10.380  6.813  3.848  0.000  3.849  5.595  8.413  9.668 13.307 16.102 18.109 15.626 15.511 13.124 14.727 13.981 10.202 11.342 10.294 12.643 14.877 14.279 10.495  9.562  8.369  8.911 12.003 13.453 17.085 18.893 22.228 23.918 25.350 26.412
 22.368 20.730 17.173 16.036 14.426 13.855 14.803 14.527 17.788 18.267 19.403 18.191 19.300 20.376 20.687 22.619 21.313 22.272 20.075 21.641 20.720 18.760 15.776 18.607 20.648 18.020 18.061 21.857 21.966 20.163 22.799 25.532 24.444 23.481 24.997 22.017 22.438 19.969 19.769 18.587 15.661 12.103 10.059  6.315  5.525  3.849  0.000  3.820  6.957  9.602 13.011 16.083 18.488 16.566 17.234 15.458 17.332 15.995 12.425 14.331 13.521 16.175 18.312 17.540 13.730 12.087 10.135  9.262 11.625 11.976 15.473 16.748 19.969 21.691 22.944 23.943
 21.841 20.645 17.118 16.537 14.751 14.920 15.676 15.866 19.322 19.816 20.634 19.285 19.708 20.628 20.278 21.937 20.119 20.799 18.461 19.451 18.494 16.118 13.235 15.947 18.365 16.253 16.215 19.948 20.572 19.134 21.465 24.336 23.795 23.009 24.084 20.961 20.788 17.916 17.523 16.959 14.141 10.404  8.587  5.486  5.506  5.595  3.820  0.000  3.826  6.473  9.540 12.876 15.123 13.364 14.579 13.478 15.385 13.506 10.326 13.044 12.704 15.959 18.356 18.195 14.452 13.170 10.502 10.023 11.587 11.856 14.936 15.768 19.197 20.972 22.404 23.577
 21.288 20.138 16.570 16.046 13.752 14.279 14.526 15.068 18.577 19.151 19.758 18.576 18.465 19.590 18.861 20.616 18.687 19.596 17.655 18.132 16.606 13.769 10.577 12.758 15.536 13.729 13.163 16.845 17.938 16.520 18.446 21.515 21.374 20.527 21.174 17.928 17.371 14.368 13.844 13.584 10.888  7.172  5.990  4.513  6.510  8.413  6.957  3.826  0.000  3.826  6.550  9.614 12.346 11.338 13.014 12.580 15.077 13.178 10.624 13.850 13.218 16.664 18.709 18.637 15.123 13.596 10.220  9.493  9.856  9.898 12.424 13.016 16.566 18.378 20.062 21.463
 18.536 17.854 14.562 14.797 12.915 14.438 15.145 16.513 19.909 20.039 19.980 18.299 17.474 18.034 16.660 17.932 15.592 16.216 14.281 14.453 12.912 10.031  7.074  9.660 12.285 10.844 10.903 14.359 15.498 14.804 16.787 19.546 19.772 19.541 20.139 17.214 16.428 12.999 13.166 13.699 10.733  7.605  5.685  5.785  6.944  9.668  9.602  6.473  3.826  0.000  3.837  6.615  9.042  7.759  9.293  9.215 11.898 10.157  8.184 11.585 10.975 14.561 16.578 17.071 13.921 13.047  9.688 10.152 10.366 11.381 13.571 14.463 18.050 19.774 21.705 23.233
 20.092 19.893 16.927 17.557 15.642 17.448 17.801 19.254 22.582 22.822 22.631 21.062 19.757 20.229 18.313 19.226 16.487 16.749 14.916 14.084 12.461  8.944  6.676  8.192 11.448 11.232 10.959 13.845 15.786 15.610 16.878 19.685 20.626 20.530 20.481 17.546 15.947 12.225 12.008 13.523 11.266  8.822  8.213  9.327 10.741 13.307 13.011  9.540  6.550  3.837  0.000  3.838  5.925  5.839  8.696 10.150 12.516 10.262  9.654 13.312 13.287 16.920 18.940 19.873 17.050 16.424 13.042 13.483 12.946 13.537 14.880 15.085 18.496 20.111 22.080 23.688
 19.209 19.170 16.537 17.392 15.469 17.709 17.896 19.810 22.882 22.943 22.330 20.773 18.868 19.236 16.875 17.622 14.865 15.318 14.226 12.842 10.516  6.725  4.798  4.753  8.312  9.015  8.506 10.724 13.142 13.489 14.248 16.871 18.348 18.560 18.132 15.519 13.560  9.712 10.094 12.336 10.365  9.176  9.026 11.357 13.023 16.102 16.083 12.876  9.614  6.615  3.838  0.000  3.853  5.686  8.168 10.278 12.993 11.466 11.635 14.889 14.430 17.716 19.162 20.173 17.877 17.282 13.934 14.543 13.320 14.167 14.802 15.109 18.278 19.738 21.921 23.667
 19.361 20.062 17.944 19.486 18.143 20.756 21.309 23.387 26.443 26.326 25.473 23.590 21.429 21.225 18.426 18.402 15.144 14.691 13.308 11.080  9.501  5.910  6.338  6.366  9.003 10.730 11.142 12.543 14.895 16.064 16.749 18.860 20.666 21.393 20.912 18.657 16.516 12.713 13.236 15.881 14.090 12.969 12.449 14.370 15.327 18.109 18.488 15.123 12.346  9.042  5.925  3.853  0.000  3.812  6.767 10.009 11.798 10.045 11.455 14.502 14.778 17.982 19.674 21.347 19.357 19.454 16.469 17.664 16.820 17.914 18.609 18.842 21.922 23.284 25.382 27.056
 17.253 18.130 16.044 17.893 17.070 19.791 20.939 23.058 26.200 25.872 24.978 22.709 20.789 20.199 17.528 17.262 13.828 12.914 10.726  9.024  8.365  5.426  6.062  8.098  9.975 10.791 12.162 14.065 15.592 16.741 18.212 20.121 21.385 22.299 22.447 20.243 18.692 14.877 15.697 17.770 15.320 13.534 11.995 13.111 13.163 15.626 16.566 13.364 11.338  7.759  5.839  5.686  3.812  0.000  3.834  6.930  8.289  6.283  7.813 10.786 11.447 14.752 16.866 18.822 16.753 17.348 14.740 16.502 16.488 18.056 19.478 20.168 23.503 24.981 27.031 28.620
 13.646 14.896 13.288 15.720 15.637 18.780 20.491 23.005 25.942 25.187 23.872 21.181 19.066 17.861 15.009 14.207 10.612  9.273  6.909  5.541  5.389  4.109  5.924  8.688  9.077  9.514 12.000 13.631 14.286 15.892 17.865 19.174 20.153 21.589 22.228 20.508 19.509 15.898 17.494 19.281 16.414 14.863 12.581 13.629 12.966 15.511 17.234 14.579 13.014  9.293  8.696  8.168  6.767  3.834  0.000  3.825  5.271  5.152  6.940  8.733  8.944 11.737 13.588 15.903 14.370 15.579 13.615 16.121 16.542 18.821 20.506 21.815 25.165 26.624 28.757 30.338
 10.968 11.892 10.140 12.694 13.161 16.321 18.562 21.144 23.976 22.966 21.571 18.597 16.787 15.326 12.884 12.207  8.965  7.976  5.193  6.242  6.285  6.354  6.836 10.370 10.202  9.229 12.199 14.256 13.990 15.236 17.900 19.037 19.298 20.762 22.041 20.446 20.150 16.795 18.679 19.797 16.470 14.700 11.665 12.129 10.684 13.124 15.458 13.478 12.580  9.215 10.150 10.278 10.009  6.930  3.825  0.000  3.854  5.488  5.478  6.200  5.321  8.052  9.976 12.237 10.674 12.260 10.880 13.922 15.051 17.811 20.007 21.849 25.266 26.774 28.883 30.400
 11.967 13.720 12.685 15.597 16.564 19.651 22.110 24.582 27.430 26.363 24.967 21.827 20.127 18.285 15.841 14.511 11.168  8.942  5.171  6.012  8.113  8.863 10.259 13.542 13.286 12.840 15.904 17.691 17.419 18.948 21.559 22.483 22.819 24.477 25.769 24.243 23.818 20.375 22.104 23.408 20.156 18.183 15.158 15.105 13.095 14.727 17.332 15.385 15.077 11.898 12.516 12.993 11.798  8.289  5.271  3.854  0.000  3.859  5.424  4.668  5.929  8.048 10.665 13.691 12.486 14.806 13.984 17.169 18.646 21.335 23.660 25.364 28.823 30.331 32.355 33.806
 15.563 16.927 15.288 17.670 17.938 20.670 22.718 24.807 27.925 27.251 26.284 23.464 21.982 20.690 18.354 17.520 14.111 12.242  8.702  8.418  9.951  9.220 10.148 13.323 14.111 13.947 16.333 18.463 18.895 20.076 22.387 23.859 24.424 25.644 26.576 24.580 23.726 20.051 21.150 22.616 19.600 17.229 14.593 14.297 12.615 13.981 15.995 13.506 13.178 10.157 10.262 11.466 10.045  6.283  5.152  5.488  3.859  0.000  3.835  5.459  7.802 10.850 13.863 16.480 14.548 16.281 14.779 17.398 18.693 20.821 23.099 24.305 27.817 29.374 31.294 32.723
 15.284 15.863 13.634 15.450 15.577 17.899 20.046 21.881 25.038 24.428 23.735 21.001 20.034 19.063 17.324 17.130 14.213 13.148  9.775 10.674 11.430 10.460 10.041 13.676 14.696 13.559 15.706 18.434 18.569 19.079 21.744 23.466 23.510 24.363 25.619 23.430 22.991 19.472 20.475 21.335 18.063 15.302 12.295 11.262  9.089 10.202 12.425 10.326 10.624  8.184  9.654 11.635 11.455  7.813  6.940  5.478  5.424  3.835  0.000  3.855  5.597  9.213 12.457 14.440 11.882 13.308 11.834 14.353 16.129 18.270 20.956 22.381 25.951 27.580 29.426 30.791
 13.418 14.367 12.803 15.093 16.134 18.609 21.302 23.330 26.243 25.263 24.277 21.174 20.264 18.692 17.087 16.390 13.697 12.200  8.618 10.512 12.066 12.292 12.421 16.139 16.358 15.002 17.739 20.204 19.689 20.455 23.451 24.686 24.424 25.646 27.310 25.498 25.447 22.098 23.518 24.223 20.752 18.183 14.814 13.611 10.728 11.342 14.331 13.044 13.850 11.585 13.312 14.889 14.502 10.786  8.733  6.200  4.668  5.459  3.855  0.000  3.841  6.397 10.023 12.529 10.582 12.995 12.620 15.732 18.001 20.599 23.477 25.293 28.832 30.427 32.278 33.597
 10.664 10.941  9.071 11.297 12.584 15.193 18.106 20.384 23.099 21.892 20.692 17.475 16.566 14.950 13.598 13.246 11.044 10.428  7.610 10.372 11.003 11.521 11.080 14.841 14.633 12.587 15.443 17.955 16.932 17.480 20.749 21.821 21.190 22.436 24.407 22.815 23.218 20.169 21.969 22.312 18.659 16.401 12.765 11.820  8.944 10.294 13.521 12.704 13.218 10.975 13.287 14.430 14.778 11.447  8.944  5.321  5.929  7.802  5.597  3.841  0.000  3.830  6.961  9.011  6.983  9.472  9.434 12.901 15.269 18.265 21.176 23.420 26.872 28.435 30.366 31.714
  8.567  9.025  8.252 10.894 13.236 15.886 19.227 21.689 24.010 22.399 20.838 17.315 16.460 14.189 13.145 12.310 10.794 10.123  7.960 11.506 12.466 13.938 13.866 17.425 16.495 14.293 17.488 19.618 17.921 18.662 22.149 22.660 21.666 23.268 25.636 24.512 25.333 22.578 24.753 24.923 21.199 19.269 15.540 14.653 11.630 12.643 16.175 15.959 16.664 14.561 16.920 17.716 17.982 14.752 11.737  8.052  8.048 10.850  9.213  6.397  3.830  0.000  3.838  6.605  6.069  9.608 10.915 14.636 17.234 20.557 23.493 26.083 29.415 30.909 32.844 34.150
  5.741  5.667  6.016  8.972 12.086 14.906 18.418 21.209 23.086 21.103 19.067 15.357 14.283 11.469 10.674  9.659  9.180  9.304  8.640 12.422 12.826 14.862 14.793 17.959 16.354 13.901 17.217 18.921 16.577 17.414 21.009 20.982 19.653 21.566 24.240 23.634 24.885 22.547 25.152 25.134 21.427 20.064 16.408 16.036 13.434 14.877 18.312 18.356 18.709 16.578 18.940 19.162 19.674 16.866 13.588  9.976 10.665 13.863 12.457 10.023  6.961  3.838  0.000  3.843  5.581  9.105 11.126 14.877 17.252 20.872 23.593 26.525 29.653 31.047 33.050 34.371
  7.646  5.403  4.912  6.394  9.889 12.166 15.852 18.549 20.096 17.939 15.906 12.199 11.745  9.226  9.705  9.896 10.574 11.887 11.782 15.415 15.064 16.669 15.824 18.824 17.334 14.262 17.084 18.994 16.324 16.431 20.207 20.230 18.276 19.833 22.877 22.352 24.120 22.211 24.822 24.250 20.535 19.332 15.737 15.244 12.861 14.279 17.540 18.195 18.637 17.071 19.873 20.173 21.347 18.822 15.903 12.237 13.691 16.480 14.440 12.529  9.011  6.605  3.843  0.000  3.842  6.643  9.577 12.993 15.545 19.213 22.008 25.222 28.165 29.511 31.445 32.701
 10.049  7.989  5.539  6.051  8.406 10.363 13.951 16.309 18.353 16.621 15.212 11.791 11.782 10.301 10.719 11.626 11.510 12.789 11.867 15.216 14.679 15.444 13.982 17.264 16.537 13.278 15.696 18.250 16.153 15.750 19.517 20.261 18.458 19.435 22.250 21.108 22.648 20.494 22.677 21.988 18.202 16.488 12.773 11.746  9.120 10.495 13.730 14.452 15.123 13.921 17.050 17.877 19.357 16.753 14.370 10.674 12.486 14.548 11.882 10.582  6.983  6.069  5.581  3.842  0.000  3.828  6.488  9.975 12.937 16.406 19.504 22.533 25.636 27.086 28.955 30.201
 12.574  9.795  6.494  4.684  5.634  6.749 10.317 12.542 14.623 13.028 11.968  8.908  9.582  9.354 10.531 12.591 12.868 14.901 14.320 17.245 15.958 16.041 13.763 16.693 16.375 12.733 14.310 17.187 15.220 13.945 17.674 18.823 16.720 17.042 19.911 18.549 20.375 18.566 20.559 19.358 15.638 14.036 10.562  9.557  7.763  9.562 12.087 13.170 13.596 13.047 16.424 17.282 19.454 17.348 15.579 12.260 14.806 16.281 13.308 12.995  9.472  9.608  9.105  6.643  3.828  0.000  3.819  6.614  9.708 13.118 16.278 19.464 22.427 23.866 25.696 26.931
 13.862 11.470  7.689  6.127  4.750  6.131  8.807 11.048 13.764 12.761 12.080  9.622  9.754 10.325 10.731 13.055 12.663 14.747 14.002 16.257 14.493 13.756 10.905 13.698 14.033 10.450 11.433 14.734 13.477 11.923 15.395 17.176 15.567 15.506 17.857 15.960 17.362 15.295 17.006 15.902 12.142 10.298  6.765  6.125  5.382  8.369 10.135 10.502 10.220  9.688 13.042 13.934 16.469 14.740 13.615 10.880 13.984 14.779 11.834 12.620  9.434 10.915 11.126  9.577  6.488  3.819  0.000  3.830  6.608  9.985 13.145 16.107 19.260 20.803 22.744 24.111
 17.406 14.774 11.014  8.606  5.795  4.957  6.219  7.704 10.811 10.478 10.719  9.420 10.316 12.124 13.019 15.895 15.735 18.083 17.459 19.347 17.220 15.871 12.476 14.642 15.584 12.071 11.832 15.347 14.539 12.089 15.119 17.448 15.718 14.727 16.864 14.528 16.087 14.460 15.613 13.808 10.305  8.424  5.804  5.055  6.252  8.911  9.262 10.023  9.493 10.152 13.483 14.543 17.664 16.502 16.121 13.922 17.169 17.398 14.353 15.732 12.901 14.636 14.877 12.993  9.975  6.614  3.830  0.000  3.820  6.649 10.107 13.128 16.150 17.715 19.559 20.907
 18.761 16.191 12.556 10.197  6.536  5.841  4.965  6.746  9.877 10.007 10.256  9.797 10.026 12.517 13.079 16.227 16.096 18.755 18.584 19.904 17.197 15.433 11.794 13.005 14.203 10.956  9.589 13.017 12.726  9.749 12.190 14.970 13.551 12.013 13.645 10.980 12.500 11.228 12.308 10.200  6.832  5.895  4.800  6.284  8.961 12.003 11.625 11.587  9.856 10.366 12.946 13.320 16.820 16.488 16.542 15.051 18.646 18.693 16.129 18.001 15.269 17.234 17.252 15.545 12.937  9.708  6.608  3.820  0.000  3.821  6.628  9.890 12.845 14.434 16.566 18.169
 22.462 19.971 16.331 13.951 10.273  8.897  6.688  6.605  9.800 10.984 12.194 12.704 13.256 16.086 16.655 19.816 19.536 22.082 21.748 22.715 19.944 17.659 13.870 14.540 16.411 13.665 11.492 14.820 15.255 12.051 13.580 16.836 15.729 13.473 14.366 11.143 12.232 11.346 11.287  8.503  6.130  5.170  6.327  7.494 10.907 13.453 11.976 11.856  9.898 11.381 13.537 14.167 17.914 18.056 18.821 17.811 21.335 20.821 18.270 20.599 18.265 20.557 20.872 19.213 16.406 13.118  9.985  6.649  3.821  0.000  3.822  6.656  9.632 11.383 13.459 15.167
 24.469 22.043 18.617 16.318 12.526 11.370  8.443  8.346 10.679 12.130 13.266 14.387 14.485 17.580 17.944 21.158 20.975 23.688 23.738 24.290 21.166 18.708 15.040 14.735 16.679 14.452 11.474 14.194 15.139 11.769 12.228 15.727 15.032 12.253 12.286  8.812  9.674  9.692  9.179  5.703  4.964  6.155  8.738 10.804 14.376 17.085 15.473 14.936 12.424 13.571 14.880 14.802 18.609 19.478 20.506 20.007 23.660 23.099 20.956 23.477 21.176 23.493 23.593 22.008 19.504 16.278 13.145 10.107  6.628  3.822  0.000  3.823  6.355  8.232 10.823 12.927
 27.393 25.231 21.786 19.755 16.002 15.002 12.143 11.588 13.792 15.567 16.932 18.128 18.116 21.093 21.141 24.146 23.600 26.043 25.880 26.007 22.919 20.029 16.457 15.730 18.240 16.630 13.365 15.873 17.533 14.486 14.250 17.956 17.851 15.042 14.258 10.596 10.283 10.290  8.362  5.088  6.335  7.267 10.714 12.638 16.405 18.893 16.748 15.768 13.016 14.463 15.085 15.109 18.842 20.168 21.815 21.849 25.364 24.305 22.381 25.293 23.420 26.083 26.525 25.222 22.533 19.464 16.107 13.128  9.890  6.656  3.823  0.000  3.835  6.322  8.918 11.191
 30.292 27.997 24.670 22.440 18.665 17.369 14.124 13.186 14.663 16.661 18.236 20.005 20.103 23.329 23.575 26.707 26.427 29.043 29.122 29.191 25.966 23.139 19.683 18.585 20.915 19.460 15.997 17.988 19.654 16.486 15.672 19.214 19.111 15.913 14.705 11.412 11.236 12.298 10.242  7.012  9.301 10.850 14.225 16.126 19.848 22.228 19.969 19.197 16.566 18.050 18.496 18.278 21.922 23.503 25.165 25.266 28.823 27.817 25.951 28.832 26.872 29.415 29.653 28.165 25.636 22.427 19.260 16.150 12.845  9.632  6.355  3.835  0.000  3.833  6.541  9.029
 31.537 29.223 25.988 23.727 19.999 18.646 15.331 14.319 15.478 17.476 19.076 21.030 21.131 24.396 24.689 27.821 27.642 30.306 30.504 30.525 27.255 24.487 21.140 19.875 22.090 20.754 17.277 18.990 20.652 17.536 16.490 19.864 19.803 16.555 15.186 12.224 12.039 13.436 11.409  8.582 11.000 12.710 15.968 17.887 21.546 23.918 21.691 20.972 18.378 19.774 20.111 19.738 23.284 24.981 26.624 26.774 30.331 29.374 27.580 30.427 28.435 30.909 31.047 29.511 27.086 23.866 20.803 17.715 14.434 11.383  8.232  6.322  3.833  0.000  3.845  6.767
 33.722 31.368 28.116 25.772 22.106 20.526 17.234 15.840 16.798 18.901 20.783 22.898 23.253 26.543 26.977 30.119 29.962 32.581 32.685 32.736 29.556 26.771 23.447 22.283 24.543 23.208 19.844 21.561 23.175 20.087 19.102 22.354 22.206 18.953 17.674 14.943 14.784 16.116 13.996 11.473 13.689 15.008 18.119 19.685 23.245 25.350 22.944 22.404 20.062 21.705 22.080 21.921 25.382 27.031 28.757 28.883 32.355 31.294 29.426 32.278 30.366 32.844 33.050 31.445 28.955 25.696 22.744 19.559 16.566 13.459 10.823  8.918  6.541  3.845  0.000  3.810
