  0.000  3.839  6.717 10.353 13.324 16.736 19.801 22.961 25.107 23.045 20.083 16.515 14.061 10.589  8.442  5.604  5.461  5.865  7.700 10.808 10.782 13.874 14.733 17.085 14.475 12.701 16.322 16.855 14.043 15.851 19.024 17.975 16.757 19.429 22.062 22.216 23.675 21.764 24.966 25.292 21.750 21.429 18.169 18.942 17.226 19.523 22.573 22.032 21.381 18.681 20.217 19.346 19.557 17.438 13.765 11.121 11.991 15.617 15.412 13.575 10.867  8.707  5.799  7.679 10.220 12.706 13.935 17.523 18.907 22.655 24.630 27.660 30.223 33.306 36.207 37.237
  3.839  0.000  3.827  6.925 10.204 13.389 16.554 19.758 21.637 19.484 16.451 12.828 10.583  7.057  5.850  4.658  6.185  8.365  9.998 13.131 12.215 14.612 14.508 16.824 14.436 11.826 15.001 15.907 12.759 13.743 17.211 16.392 14.526 16.779 19.760 19.876 21.807 20.277 23.505 23.335 19.773 19.569 16.366 17.129 15.628 18.006 20.891 20.795 20.146 17.916 19.906 19.174 20.125 18.222 14.883 11.924 13.685 16.932 15.955 14.514 11.122  9.163  5.725  5.463  8.165  9.918 11.525 14.867 16.261 20.061 22.095 25.372 27.910 31.167 33.936 34.738
  6.717  3.827  0.000  3.816  6.804 10.080 13.285 16.313 18.495 16.681 14.056 10.442  8.611  6.077  5.402  6.259  6.815  9.336 10.042 13.052 11.647 13.116 12.134 14.724 13.037  9.812 12.635 14.343 11.598 11.818 15.550 15.572 13.709 15.289 18.148 17.625 19.505 17.822 20.771 20.281 16.600 16.078 12.773 13.392 12.040 14.618 17.290 17.262 16.596 14.668 17.002 16.632 18.103 16.228 13.325 10.183 12.674 15.334 13.741 12.928  9.217  8.290  5.871  4.721  5.567  6.506  7.723 11.087 12.642 16.446 18.715 21.953 24.681 27.952 30.773 31.549
 10.353  6.925  3.816  0.000  3.812  6.503  9.888 12.911 14.819 12.989 10.454  6.798  5.808  4.685  6.147  8.721  9.912 12.851 13.473 16.227 14.343 15.055 13.180 15.482 14.286 10.581 12.381 14.514 11.832 10.807 14.630 15.137 12.725 13.425 16.508 15.767 18.121 16.930 19.709 18.578 14.992 14.577 11.559 12.105 11.269 13.813 16.026 16.552 15.890 14.724 17.428 17.269 19.434 17.904 15.579 12.580 15.495 17.607 15.451 15.153 11.365 10.927  8.912  6.352  6.070  4.662  6.098  8.603 10.125 13.877 16.231 19.708 22.396 25.826 28.472 28.976
 13.324 10.204  6.804  3.812  0.000  3.839  6.527  9.720 12.089 10.399  8.459  5.635  5.046  6.351  7.548 10.775 11.483 14.546 14.983 17.123 14.677 14.452 11.804 13.683 13.177  9.331 10.029 12.687 10.666  8.671 12.356 13.721 11.573 11.423 14.096 12.727 15.017 13.921 16.424 14.967 11.442 11.163  8.587  9.666  9.977 12.961 14.347 14.722 13.541 12.794 15.448 15.291 18.024 17.023 15.431 12.987 16.415 17.827 15.526 16.141 12.610 13.231 11.982  9.825  8.389  5.568  4.707  5.809  6.458 10.185 12.432 15.933 18.617 22.066 24.720 25.239
 16.736 13.389 10.080  6.503  3.839  0.000  3.833  6.471  8.471  7.253  6.225  4.359  6.330  8.790 10.947 14.346 15.292 18.316 18.532 20.726 18.327 17.752 14.719 16.438 16.438 12.658 12.535 15.384 13.680 10.919 14.173 15.939 13.497 12.319 14.948 13.262 15.877 15.327 17.293 15.036 11.892 11.435  9.489  9.859 10.511 12.844 13.640 14.806 14.011 14.291 17.252 17.557 20.656 19.755 18.570 16.119 19.477 20.536 17.800 18.544 15.128 15.787 14.741 12.030 10.214  6.557  6.068  4.931  5.736  8.743 11.290 14.896 17.581 21.123 23.512 23.637
 19.801 16.554 13.285  9.888  6.527  3.833  0.000  3.844  6.128  4.943  5.446  6.060  7.880 11.227 13.113 16.722 17.579 20.719 21.042 22.749 19.957 18.818 15.458 16.443 16.903 13.432 12.174 14.987 13.934 10.512 12.990 15.364 13.230 11.099 13.081 10.910 13.546 13.568 15.087 12.323  9.799  9.964  9.355 10.369 12.210 14.641 14.476 15.436 14.085 14.824 17.392 17.518 20.984 20.710 20.122 18.240 21.830 22.459 19.836 21.159 17.985 19.106 18.239 15.734 13.817 10.144  8.672  6.110  4.605  6.238  8.088 11.787 14.169 17.767 19.986 20.003
 22.961 19.758 16.313 12.911  9.720  6.471  3.844  0.000  3.868  5.438  7.905  9.138 11.578 14.816 16.779 20.301 20.919 23.830 23.722 25.417 22.793 21.289 17.693 18.766 19.807 16.472 14.951 18.029 17.428 13.975 16.096 18.805 16.864 14.400 15.921 13.333 15.557 15.599 16.277 12.975 11.014 10.469 10.440 10.529 12.576 14.271 13.320 14.813 13.917 15.599 18.337 19.067 22.688 22.390 22.230 20.395 23.854 24.029 21.088 22.625 19.746 21.129 20.720 18.175 15.772 11.979 10.458  6.979  6.009  5.592  7.844 10.923 13.458 16.873 18.883 18.568
 25.107 21.637 18.495 14.819 12.089  8.471  6.128  3.868  0.000  3.839  7.359  9.631 12.697 16.096 18.642 22.296 23.438 26.567 26.730 28.619 25.963 24.709 21.211 22.150 22.891 19.497 17.969 20.692 19.765 16.145 18.056 20.447 18.085 15.277 16.997 14.932 17.627 18.344 19.094 15.648 14.179 14.118 14.215 14.255 15.969 17.302 16.448 18.338 17.683 19.407 22.150 22.753 26.373 26.098 25.758 23.753 27.176 27.581 24.588 25.850 22.795 23.758 22.974 20.016 18.025 14.235 13.498 10.361  9.629  9.135 10.506 13.400 15.243 18.568 20.005 19.190
 23.045 19.484 16.681 12.989 10.399  7.253  4.943  5.438  3.839  0.000  3.807  6.900  9.700 13.298 15.973 19.719 21.269 24.659 25.328 27.203 24.359 23.453 20.203 20.897 21.081 17.684 16.260 18.514 17.171 13.542 15.449 17.414 14.757 11.963 14.087 12.641 15.857 16.910 18.320 15.236 13.602 14.308 14.201 14.994 16.644 18.563 18.260 19.744 18.660 19.686 22.220 22.241 25.745 25.595 24.912 22.915 26.449 27.267 24.575 25.649 22.323 22.980 21.676 18.661 17.262 13.603 13.071 10.597  9.408  9.882 10.728 14.152 15.684 19.201 20.704 20.105
 20.083 16.451 14.056 10.454  8.459  6.225  5.446  7.905  7.359  3.807  0.000  3.826  6.368  9.903 12.820 16.550 18.509 22.053 23.122 25.131 22.304 21.912 19.038 19.795 19.328 15.854 14.979 16.832 14.841 11.511 13.812 15.104 12.002  9.776 12.683 12.001 15.547 16.494 18.629 16.114 14.012 14.995 14.269 15.415 16.627 18.890 19.272 20.502 19.303 19.634 22.102 21.735 24.968 24.684 23.519 21.370 24.852 26.145 23.703 24.414 20.863 21.092 19.297 16.241 15.486 12.174 12.142 10.706  9.778 11.457 12.376 16.094 17.668 21.263 22.979 22.652
 16.515 12.828 10.442  6.798  5.635  4.359  6.060  9.138  9.631  6.900  3.826  0.000  3.822  6.708  9.878 13.468 15.440 18.880 19.883 22.198 19.667 19.696 17.105 18.411 17.614 13.922 13.948 15.931 13.475 10.758 13.859 14.773 11.587 10.509 13.828 13.224 16.513 16.702 19.199 17.126 14.325 14.797 13.142 14.042 14.533 16.850 17.918 19.072 18.123 18.000 20.663 20.379 23.304 22.567 20.965 18.472 21.767 23.378 20.968 21.283 17.611 17.517 15.557 12.456 11.948  8.938  9.551  9.228  9.318 12.073 13.734 17.529 19.606 23.218 25.302 25.254
 14.061 10.583  8.611  5.808  5.046  6.330  7.880 11.578 12.697  9.700  6.368  3.822  0.000  3.847  6.480 10.205 12.357 16.003 17.518 19.571 16.835 17.170 15.011 16.020 14.644 11.137 11.531 12.938 10.055  7.852 11.156 11.514  8.347  8.269 11.760 11.692 14.826 14.837 17.860 16.486 13.575 14.537 12.789 14.447 15.006 17.875 19.182 19.655 18.218 17.336 19.525 18.637 21.266 20.716 18.886 16.667 20.017 21.890 20.008 20.324 16.657 16.539 14.290 11.765 11.820  9.534  9.708 10.303  9.864 13.011 14.213 17.946 19.869 23.402 25.668 25.978
 10.589  7.057  6.077  4.685  6.351  8.790 11.227 14.816 16.096 13.298  9.903  6.708  3.847  0.000  3.824  7.034  9.732 13.309 15.142 17.525 15.207 16.362 14.932 16.334 14.315 10.985 12.564 13.568 10.148  9.361 12.833 12.343  9.386 10.694 14.165 14.497 17.270 16.796 20.082 19.226 16.053 16.710 14.351 15.786 15.574 18.360 20.319 20.632 19.429 17.983 20.116 19.137 21.202 20.236 17.795 15.298 18.244 20.673 19.100 18.803 15.083 14.290 11.491  9.208 10.329  9.284 10.268 12.101 12.415 15.939 17.413 21.041 23.126 26.584 29.003 29.476
  8.442  5.850  5.402  6.147  7.548 10.947 13.113 16.779 18.642 15.973 12.820  9.878  6.480  3.824  0.000  3.799  6.232  9.981 12.239 14.223 11.760 13.251 12.443 13.694 11.171  8.277 10.605 11.110  7.591  8.203 11.568 10.748  8.764 11.065 13.950 14.316 16.418 15.400 18.883 18.743 15.522 16.265 13.847 15.728 15.566 18.700 20.734 20.375 18.815 16.700 18.290 16.860 18.467 17.604 14.988 12.901 15.804 18.357 17.394 17.213 13.765 13.249 10.643  9.637 10.780 10.510 10.709 13.068 13.102 16.673 17.924 21.259 23.333 26.594 29.224 30.056
  5.604  4.658  6.259  8.721 10.775 14.346 16.722 20.301 22.296 19.719 16.550 13.468 10.205  7.034  3.799  0.000  3.823  7.178 10.132 12.127 10.270 12.753 13.034 14.414 11.361  9.380 12.495 12.433  9.103 10.975 13.918 12.529 11.256 14.173 16.742 17.321 18.973 17.588 21.110 21.480 18.247 18.806 16.170 17.906 17.278 20.280 22.679 22.026 20.582 17.972 19.224 17.633 18.475 17.342 14.224 12.258 14.477 17.517 17.189 16.506 13.405 12.411  9.629  9.815 11.683 12.567 12.998 15.907 16.243 19.854 21.156 24.295 26.408 29.523 32.258 33.270
  5.461  6.185  6.815  9.912 11.483 15.292 17.579 20.919 23.438 21.269 18.509 15.440 12.357  9.732  6.232  3.823  0.000  3.822  6.672  8.358  6.592  9.397 10.309 12.024  9.115  7.724 11.417 11.599  9.160 11.549 14.360 13.535 13.139 15.915 17.924 17.931 18.886 16.792 20.054 20.822 17.506 17.654 14.885 16.581 15.858 18.924 21.320 20.147 18.627 15.595 16.480 14.894 15.241 13.891 10.616  8.970 11.063 14.046 14.192 13.717 11.104 10.784  9.003 10.383 11.471 12.759 12.507 15.661 16.081 19.589 20.996 23.766 26.076 28.973 31.920 33.188
  5.865  8.365  9.336 12.851 14.546 18.316 20.719 23.830 26.567 24.659 22.053 18.880 16.003 13.309  9.981  7.178  3.822  0.000  3.875  5.408  5.406  9.024 11.044 13.034 10.404  9.994 13.812 13.968 12.213 14.884 17.447 16.692 16.728 19.548 21.296 21.130 21.641 19.126 22.112 23.211 19.906 19.645 16.745 18.084 16.942 19.700 22.300 20.802 19.521 16.172 16.696 15.286 14.730 12.905  9.257  7.990  8.823 12.135 13.097 12.212 10.493 10.168  9.224 11.805 12.823 14.853 14.596 17.989 18.720 22.129 23.688 26.167 28.613 31.312 34.383 35.819
  7.700  9.998 10.042 13.473 14.983 18.532 21.042 23.722 26.730 25.328 23.122 19.883 17.518 15.142 12.239 10.132  6.672  3.875  0.000  3.841  5.554  8.371 10.307 13.074 11.450 10.923 14.629 15.566 14.384 16.592 19.323 19.228 19.272 21.655 23.314 22.560 22.830 19.901 22.422 23.401 19.968 18.997 15.848 16.562 14.973 17.362 20.071 18.405 17.535 14.176 14.830 14.166 13.345 10.714  6.884  5.177  5.041  8.579  9.681  8.599  7.620  7.989  8.552 11.702 11.874 14.244 13.794 17.283 18.484 21.751 23.696 25.920 28.688 31.275 34.476 35.961
 10.808 13.131 13.052 16.227 17.123 20.726 22.749 25.417 28.619 27.203 25.131 22.198 19.571 17.525 14.223 12.127  8.358  5.408  3.841  0.000  3.834  6.547  9.641 11.684 10.192 10.972 14.384 14.827 14.437 17.092 19.209 19.162 19.951 22.424 23.504 22.714 22.369 19.200 21.521 23.085 19.995 19.246 16.597 17.780 16.775 19.377 21.634 19.393 18.020 14.337 13.979 12.748 11.071  8.933  5.510  6.239  5.915  8.293 10.582 10.507 10.404 11.554 12.336 15.326 15.224 17.151 16.026 19.147 19.779 22.708 24.219 26.041 28.585 30.860 34.096 35.844
 10.782 12.215 11.647 14.343 14.677 18.327 19.957 22.793 25.963 24.359 22.304 19.667 16.835 15.207 11.760 10.270  6.592  5.406  5.554  3.834  0.000  3.845  6.827  8.372  6.428  7.380 10.732 11.008 10.767 13.479 15.425 15.505 16.491 18.877 19.764 18.993 18.620 15.554 18.092 19.710 16.716 16.448 14.117 15.972 15.667 18.792 20.676 18.438 16.480 12.805 12.349 10.417  9.497  8.302  5.354  6.280  8.041  9.871 11.369 12.090 11.068 12.516 12.713 14.938 14.664 15.823 14.240 17.013 17.058 19.914 21.070 22.957 25.298 27.629 30.812 32.550
 13.874 14.612 13.116 15.055 14.452 17.752 18.818 21.289 24.709 23.453 21.912 19.696 17.170 16.362 13.251 12.753  9.397  9.024  8.371  6.547  3.845  0.000  3.828  5.248  5.107  6.514  8.882  9.801 10.735 12.844 14.441 15.401 16.731 18.503 18.873 17.479 16.556 13.091 15.096 16.866 14.073 13.617 11.758 13.860 14.228 17.496 18.764 16.117 13.699  9.974  8.851  6.621  5.904  5.401  4.135  6.426  8.894  9.239 10.489 12.399 11.672 14.064 14.811 16.614 15.501 15.970 13.568 15.707 15.331 17.675 18.635 20.069 22.423 24.516 27.776 29.658
 14.733 14.508 12.134 13.180 11.804 14.719 15.458 17.693 21.211 20.203 19.038 17.105 15.011 14.932 12.443 13.034 10.309 11.044 10.307  9.641  6.827  3.828  0.000  3.847  5.374  4.970  6.425  8.717  9.827 10.817 12.681 14.437 15.399 16.473 16.864 14.913 14.150 10.628 12.444 13.645 10.587  9.852  7.990 10.385 11.365 14.884 15.738 13.216 10.475  7.014  6.555  4.703  6.356  6.110  5.907  6.869 10.280 10.173 10.073 12.520 11.228 13.981 14.742 15.780 14.037 13.696 10.737 12.318 11.702 13.892 14.980 16.480 19.049 21.313 24.610 26.360
 17.085 16.824 14.724 15.482 13.683 16.438 16.443 18.766 22.150 20.897 19.795 18.411 16.020 16.334 13.694 14.414 12.024 13.034 13.074 11.684  8.372  5.248  3.847  0.000  3.841  5.442  5.157  6.344  8.805 10.044 10.739 12.647 14.463 15.481 15.062 13.220 11.693  8.050  9.923 12.012  9.741 10.189  9.686 12.817 14.548 18.148 18.508 15.883 12.611  9.575  8.003  4.558  6.276  8.060  8.698 10.436 13.583 13.339 13.695 16.245 15.013 17.582 17.966 18.824 17.349 16.639 13.554 14.502 12.910 14.518 14.612 15.724 17.670 19.644 22.860 24.840
 14.475 14.436 13.037 14.286 13.177 16.438 16.903 19.807 22.891 21.081 19.328 17.614 14.644 14.315 11.171 11.361  9.115 10.404 11.450 10.192  6.428  5.107  5.374  3.841  0.000  3.863  5.365  4.868  6.238  8.763  9.700 10.481 12.306 14.178 14.202 13.284 12.429  9.471 12.314 14.281 11.845 12.782 11.711 14.803 15.993 19.664 20.604 18.349 15.406 12.220 11.279  8.115  8.884  9.923  9.104 10.319 13.357 14.147 14.759 16.530 14.878 16.728 16.435 17.388 16.683 16.362 13.913 15.478 14.105 16.359 16.509 18.218 19.991 22.238 25.294 27.107
 12.701 11.826  9.812 10.581  9.331 12.658 13.432 16.472 19.497 17.684 15.854 13.922 11.137 10.985  8.277  9.380  7.724  9.994 10.923 10.972  7.380  6.514  4.970  5.442  3.863  0.000  3.856  5.410  5.074  6.471  8.813  9.947 10.596 12.128 12.973 11.816 11.949  9.312 12.382 13.311 10.192 10.846  9.119 12.097 13.154 16.887 17.994 16.272 13.618 10.814 11.112  8.891 10.687 10.810  9.497  9.290 12.869 13.976 13.629 15.159 12.808 14.478 13.925 14.270 13.391 12.702 10.338 11.988 10.874 13.631 14.322 16.635 18.784 21.486 24.535 26.023
 16.322 15.001 12.635 12.381 10.029 12.535 12.174 14.951 17.969 16.260 14.979 13.948 11.531 12.564 10.605 12.495 11.417 13.812 14.629 14.384 10.732  8.882  6.425  5.157  5.365  3.856  0.000  3.843  5.395  5.121  6.401  8.861  9.980 10.506 10.478  8.644  8.275  5.533  8.713  9.655  6.924  8.576  8.216 11.851 13.943 17.725 18.056 16.308 13.140 10.996 10.958  8.524 11.208 12.297 12.076 12.319 16.006 16.462 15.863 17.953 15.700 17.686 17.240 17.082 15.803 14.277 11.378 11.794  9.537 11.468 11.325 13.390 15.206 17.850 20.861 22.426
 16.855 15.907 14.343 14.514 12.687 15.384 14.987 18.029 20.692 18.514 16.832 15.931 12.938 13.568 11.110 12.433 11.599 13.968 15.566 14.827 11.008  9.801  8.717  6.344  4.868  5.410  3.843  0.000  3.844  5.459  5.012  6.370  8.746 10.120  9.513  8.896  8.184  6.244  9.840 11.615  9.821 12.114 12.041 15.660 17.581 21.369 21.849 20.018 16.801 14.399 13.775 10.653 12.492 14.074 13.640 14.332 17.722 18.503 18.520 20.365 18.182 19.804 18.949 19.006 18.372 17.177 14.691 15.355 13.024 14.837 14.095 15.980 17.106 19.492 22.267 23.933
 14.043 12.759 11.598 11.832 10.666 13.680 13.934 17.428 19.765 17.171 14.841 13.475 10.055 10.148  7.591  9.103  9.160 12.213 14.384 14.437 10.767 10.735  9.827  8.805  6.238  5.074  5.395  3.844  0.000  3.857  5.321  5.055  6.110  8.451  9.256  9.504 10.292  9.146 12.915 13.881 11.531 13.547 12.651 15.922 17.271 20.992 21.984 20.647 17.880 15.500 15.672 13.013 14.770 15.514 14.164 13.951 17.318 18.818 18.573 19.764 17.082 18.027 16.541 16.297 16.246 15.221 13.454 14.612 12.801 15.332 15.136 17.720 19.071 21.856 24.517 25.842
 15.851 13.743 11.818 10.807  8.671 10.919 10.512 13.975 16.145 13.542 11.511 10.758  7.852  9.361  8.203 10.975 11.549 14.884 16.592 17.092 13.479 12.844 10.817 10.044  8.763  6.471  5.121  5.459  3.857  0.000  3.848  5.507  5.154  5.711  6.896  6.440  8.243  7.844 11.457 11.444  9.079 11.421 10.945 14.242 16.048 19.698 20.294 19.377 16.639 15.004 15.712 13.584 16.156 16.883 15.911 15.291 18.964 20.165 19.238 20.637 17.697 18.780 17.341 16.341 15.817 13.932 11.985 12.267  9.935 12.230 11.877 14.802 16.145 19.218 21.767 22.835
 19.024 17.211 15.550 14.630 12.356 14.173 12.990 16.096 18.056 15.449 13.812 13.859 11.156 12.833 11.568 13.918 14.360 17.447 19.323 19.209 15.425 14.441 12.681 10.739  9.700  8.813  6.401  5.012  5.321  3.848  0.000  3.848  5.635  5.681  4.531  4.731  5.674  6.397 10.020 10.657  9.533 12.722 13.254 16.856 19.123 22.809 23.005 21.816 18.699 17.118 17.127 14.497 16.969 18.463 18.000 18.052 21.665 22.585 22.000 23.715 21.035 22.317 20.962 20.127 19.612 17.679 15.496 15.340 12.431 13.837 12.415 14.727 15.228 17.926 20.252 21.502
 17.975 16.392 15.572 15.137 13.721 15.939 15.364 18.805 20.447 17.414 15.104 14.773 11.514 12.343 10.748 12.529 13.535 16.692 19.228 19.162 15.505 15.401 14.437 12.647 10.481  9.947  8.861  6.370  5.055  5.507  3.848  0.000  3.839  6.061  5.866  7.963  9.185  9.931 13.600 14.483 13.227 16.176 16.160 19.610 21.390 25.073 25.722 24.604 21.664 19.717 19.728 16.882 18.798 20.090 19.052 18.986 22.343 23.794 23.517 24.760 21.964 22.708 20.859 20.137 20.344 18.878 17.289 17.742 15.297 17.180 16.037 18.516 18.944 21.598 23.756 24.913
 16.757 14.526 13.709 12.725 11.573 13.497 13.230 16.864 18.085 14.757 12.002 11.587  8.347  9.386  8.764 11.256 13.139 16.728 19.272 19.951 16.491 16.731 15.399 14.463 12.306 10.596  9.980  8.746  6.110  5.154  5.635  3.839  0.000  3.830  6.094  8.292 10.854 11.811 15.433 15.428 13.708 16.339 15.878 18.939 20.417 23.911 24.768 24.190 21.648 20.015 20.738 18.408 20.613 21.335 19.912 19.102 22.513 24.261 23.502 24.379 21.196 21.515 19.291 17.977 18.413 16.750 15.741 16.186 14.105 16.341 15.680 18.722 19.441 22.479 24.549 25.332
 19.429 16.779 15.289 13.425 11.423 12.319 11.099 14.400 15.277 11.963  9.776 10.509  8.269 10.694 11.065 14.173 15.915 19.548 21.655 22.424 18.877 18.503 16.473 15.481 14.178 12.128 10.506 10.120  8.451  5.711  5.681  6.061  3.830  0.000  3.848  5.776  9.216 11.037 14.178 13.414 12.155 15.048 15.198 18.208 20.148 23.514 23.883 23.574 21.013 20.011 20.937 18.933 21.669 22.547 21.568 20.700 24.340 25.708 24.531 25.718 22.488 23.093 21.107 19.347 19.246 16.897 15.635 15.177 12.604 14.198 13.107 16.189 16.628 19.769 21.602 22.137
 22.062 19.760 18.148 16.508 14.096 14.948 13.081 15.921 16.997 14.087 12.683 13.828 11.760 14.165 13.950 16.742 17.924 21.296 23.314 23.504 19.764 18.873 16.864 15.062 14.202 12.973 10.478  9.513  9.256  6.896  4.531  5.866  6.094  3.848  0.000  3.824  6.469  9.194 12.012 11.720 11.465 14.943 15.924 19.296 21.737 25.221 25.164 24.462 21.493 20.508 20.833 18.497 21.233 22.732 22.298 22.052 25.736 26.708 25.793 27.422 24.492 25.533 23.875 22.443 22.042 19.649 17.807 17.012 13.870 14.694 12.698 15.087 14.835 17.580 19.281 20.070
 22.216 19.876 17.625 15.767 12.727 13.262 10.910 13.333 14.932 12.641 12.001 13.224 11.692 14.497 14.316 17.321 17.931 21.130 22.560 22.714 18.993 17.479 14.913 13.220 13.284 11.816  8.644  8.896  9.504  6.440  4.731  7.963  8.292  5.776  3.824  0.000  3.897  6.506  8.884  8.030  7.860 11.439 12.907 16.296 19.107 22.537 22.096 21.306 18.246 17.614 17.984 15.995 19.112 20.647 20.661 20.496 24.289 24.805 23.652 25.642 22.895 24.396 23.237 21.848 20.810 18.143 15.775 14.480 10.990 11.295  9.049 11.343 11.378 14.313 16.370 17.326
 23.675 21.807 19.505 18.121 15.017 15.877 13.546 15.557 17.627 15.857 15.547 16.513 14.826 17.270 16.418 18.973 18.886 21.641 22.830 22.369 18.620 16.556 14.150 11.693 12.429 11.949  8.275  8.184 10.292  8.243  5.674  9.185 10.854  9.216  6.469  3.897  0.000  3.889  5.704  6.236  7.180 10.963 13.085 16.712 19.811 23.315 22.585 21.212 17.773 16.964 16.546 14.217 17.186 19.325 19.940 20.477 24.169 24.232 23.457 25.865 23.565 25.512 24.778 23.885 22.594 20.151 17.290 16.045 12.437 12.222  9.537 10.654 10.316 12.593 14.909 16.461
 21.764 20.277 17.822 16.930 13.921 15.327 13.568 15.599 18.344 16.910 16.494 16.702 14.837 16.796 15.400 17.588 16.792 19.126 19.901 19.200 15.554 13.091 10.628  8.050  9.471  9.312  5.533  6.244  9.146  7.844  6.397  9.931 11.811 11.037  9.194  6.506  3.889  0.000  3.853  5.692  5.400  8.648 10.528 14.276 17.291 20.878 20.261 18.432 14.841 13.606 12.845 10.363 13.344 15.528 16.381 17.223 20.827 20.636 20.045 22.646 20.667 22.936 22.625 22.192 20.652 18.550 15.364 14.528 11.239 11.405  9.515 10.460 11.165 13.332 16.217 18.072
 24.966 23.505 20.771 19.709 16.424 17.293 15.087 16.277 19.094 18.320 18.629 19.199 17.860 20.082 18.883 21.110 20.054 22.112 22.422 21.521 18.092 15.096 12.444  9.923 12.314 12.382  8.713  9.840 12.915 11.457 10.020 13.600 15.433 14.178 12.012  8.884  5.704  3.853  0.000  3.852  5.647  8.379 11.313 14.722 18.138 21.442 20.183 18.168 14.460 13.867 12.711 10.750 13.853 16.374 17.996 19.147 22.625 21.814 21.138 24.152 22.542 25.197 25.314 24.908 22.934 20.654 17.178 15.771 12.392 11.425  9.020  8.493  8.819 10.299 13.394 15.611
 25.292 23.335 20.281 18.578 14.967 15.036 12.323 12.975 15.648 15.236 16.114 17.126 16.486 19.226 18.743 21.480 20.822 23.211 23.401 23.085 19.710 16.866 13.645 12.012 14.281 13.311  9.655 11.615 13.881 11.444 10.657 14.483 15.428 13.414 11.720  8.030  6.236  5.692  3.852  0.000  3.839  6.693 10.095 13.157 16.797 19.870 18.315 16.897 13.482 13.757 13.569 12.482 16.045 17.957 19.351 19.841 23.479 22.738 21.422 24.328 22.425 24.977 25.031 24.115 21.914 19.154 15.761 13.633 10.031  8.284  5.359  4.949  5.778  8.316 11.516 13.266
 21.750 19.773 16.600 14.992 11.442 11.892  9.799 11.014 14.179 13.602 14.012 14.325 13.575 16.053 15.522 18.247 17.506 19.906 19.968 19.995 16.716 14.073 10.587  9.741 11.845 10.192  6.924  9.821 11.531  9.079  9.533 13.227 13.708 12.155 11.465  7.860  7.180  5.400  5.647  3.839  0.000  3.824  6.527  9.891 13.341 16.633 15.554 14.187 10.843 10.766 11.221 10.342 14.072 15.362 16.306 16.374 20.087 19.598 18.081 20.785 18.705 21.180 21.242 20.358 18.117 15.464 12.021 10.224  6.767  6.177  4.955  6.499  8.790 11.687 14.868 16.305
 21.429 19.569 16.078 14.577 11.163 11.435  9.964 10.469 14.118 14.308 14.995 14.797 14.537 16.710 16.265 18.806 17.654 19.645 18.997 19.246 16.448 13.617  9.852 10.189 12.782 10.846  8.576 12.114 13.547 11.421 12.722 16.176 16.339 15.048 14.943 11.439 10.963  8.648  8.379  6.693  3.824  0.000  3.831  6.552 10.228 13.292 11.953 10.431  7.130  7.733  8.905  9.328 13.133 13.762 14.923 14.752 18.278 17.381 15.443 18.330 16.549 19.361 20.003 19.268 16.487 13.930 10.233  8.287  5.779  5.136  6.069  7.166 10.479 13.120 16.423 17.757
 18.169 16.366 12.773 11.559  8.587  9.489  9.355 10.440 14.215 14.201 14.269 13.142 12.789 14.351 13.847 16.170 14.885 16.745 15.848 16.597 14.117 11.758  7.990  9.686 11.711  9.119  8.216 12.041 12.651 10.945 13.254 16.160 15.878 15.198 15.924 12.907 13.085 10.528 11.313 10.095  6.527  3.831  0.000  3.813  6.911 10.398 10.010  8.618  5.864  5.662  8.101  8.954 12.416 12.044 12.458 11.573 15.112 14.588 12.322 14.869 12.842 15.579 16.316 15.690 12.797 10.529  6.739  5.756  4.813  6.463  8.789 10.705 14.073 16.864 20.073 21.232
 18.942 17.129 13.392 12.105  9.666  9.859 10.369 10.529 14.255 14.994 15.415 14.042 14.447 15.786 15.728 17.906 16.581 18.084 16.562 17.780 15.972 13.860 10.385 12.817 14.803 12.097 11.851 15.660 15.922 14.242 16.856 19.610 18.939 18.208 19.296 16.296 16.712 14.276 14.722 13.157  9.891  6.552  3.813  0.000  3.827  6.803  6.264  5.450  4.270  5.662  9.173 11.253 14.305 13.123 13.455 11.978 15.020 14.241 11.231 13.606 11.823 14.649 15.942 15.228 11.771  9.583  6.167  5.027  6.318  7.646 10.894 12.571 16.229 18.903 21.998 22.905
 17.226 15.628 12.040 11.269  9.977 10.511 12.210 12.576 15.969 16.644 16.627 14.533 15.006 15.574 15.566 17.278 15.858 16.942 14.973 16.775 15.667 14.228 11.365 14.548 15.993 13.154 13.943 17.581 17.271 16.048 19.123 21.390 20.417 20.148 21.737 19.107 19.811 17.291 18.138 16.797 13.341 10.228  6.911  3.827  0.000  3.849  5.521  5.493  6.392  6.919 10.720 13.037 15.403 13.309 12.905 10.613 13.097 12.656  9.143 10.778  8.962 11.636 13.361 12.851  9.133  7.783  5.397  6.125  8.933 10.979 14.430 16.334 19.982 22.695 25.744 26.561
 19.523 18.006 14.618 13.813 12.961 12.844 14.641 14.271 17.302 18.563 18.890 16.850 17.875 18.360 18.700 20.280 18.924 19.700 17.362 19.377 18.792 17.496 14.884 18.148 19.664 16.887 17.725 21.369 20.992 19.698 22.809 25.073 23.911 23.514 25.221 22.537 23.315 20.878 21.442 19.870 16.633 13.292 10.398  6.803  3.849  0.000  3.850  5.586  8.356  9.720 13.393 16.208 18.305 15.908 15.589 13.177 14.888 14.193 10.412 11.521 10.377 12.712 14.880 14.315 10.512  9.584  8.397  8.733 11.910 13.430 17.073 18.718 22.435 25.001 27.915 28.539
 22.573 20.891 17.290 16.026 14.347 13.640 14.476 13.320 16.448 18.260 19.272 17.918 19.182 20.319 20.734 22.679 21.320 22.300 20.071 21.634 20.676 18.764 15.738 18.508 20.604 17.994 18.056 21.849 21.984 20.294 23.005 25.722 24.768 23.883 25.164 22.096 22.585 20.261 20.183 18.315 15.554 11.953 10.010  6.264  5.521  3.850  0.000  3.826  6.868  9.605 13.027 16.108 18.590 16.770 17.239 15.455 17.451 16.168 12.594 14.484 13.592 16.244 18.297 17.565 13.750 12.095 10.154  9.079 11.486 11.900 15.401 16.453 20.173 22.465 25.286 25.868
 22.032 20.795 17.262 16.552 14.722 14.806 15.436 14.813 18.338 19.744 20.502 19.072 19.655 20.632 20.375 22.026 20.147 20.802 18.405 19.393 18.438 16.117 13.216 15.883 18.349 16.272 16.308 20.018 20.647 19.377 21.816 24.604 24.190 23.574 24.462 21.306 21.212 18.432 18.168 16.897 14.187 10.431  8.618  5.450  5.493  5.586  3.826  0.000  3.829  6.487  9.572 12.934 15.215 13.521 14.539 13.428 15.417 13.578 10.380 13.072 12.708 15.967 18.289 18.194 14.471 13.192 10.521  9.921 11.588 11.992 15.052 15.695 19.382 21.415 24.477 25.479
 21.381 20.146 16.596 15.890 13.541 14.011 14.085 13.917 17.683 18.660 19.303 18.123 18.218 19.429 18.815 20.582 18.627 19.521 17.535 18.020 16.480 13.699 10.475 12.611 15.406 13.618 13.140 16.801 17.880 16.639 18.699 21.664 21.648 21.013 21.493 18.246 17.773 14.841 14.460 13.482 10.843  7.130  5.864  4.270  6.392  8.356  6.868  3.829  0.000  3.828  6.588  9.651 12.424 11.479 12.934 12.473 15.063 13.241 10.660 13.863 13.190 16.612 18.529 18.494 15.028 13.452 10.059  9.236  9.711  9.935 12.434 12.915 16.499 18.507 21.740 23.017
 18.681 17.916 14.668 14.724 12.794 14.291 14.824 15.599 19.407 19.686 19.634 18.000 17.336 17.983 16.700 17.972 15.595 16.172 14.176 14.337 12.805  9.974  7.014  9.575 12.220 10.814 10.996 14.399 15.500 15.004 17.118 19.717 20.015 20.011 20.508 17.614 16.964 13.606 13.867 13.757 10.766  7.733  5.662  5.662  6.919  9.720  9.605  6.487  3.828  0.000  3.836  6.654  9.102  7.863  9.192  9.116 11.856 10.157  8.174 11.583 10.985 14.555 16.445 16.992 13.914 12.993  9.581 10.011 10.347 11.537 13.671 14.514 17.850 19.926 23.279 24.809
 20.217 19.906 17.002 17.428 15.448 17.252 17.392 18.337 22.150 22.220 22.102 20.663 19.525 20.116 18.290 19.224 16.480 16.696 14.830 13.979 12.349  8.851  6.555  8.003 11.279 11.112 10.958 13.775 15.672 15.712 17.127 19.728 20.738 20.937 20.833 17.984 16.546 12.845 12.711 13.569 11.221  8.905  8.101  9.173 10.720 13.393 13.027  9.572  6.588  3.836  0.000  3.833  5.958  5.911  8.618 10.089 12.513 10.311  9.683 13.354 13.335 16.947 18.811 19.778 17.047 16.340 12.889 13.306 12.861 13.631 14.897 15.107 17.999 19.581 22.985 24.899
 19.346 19.174 16.632 17.269 15.291 17.557 17.518 19.067 22.753 22.241 21.735 20.379 18.637 19.137 16.860 17.633 14.894 15.286 14.166 12.748 10.417  6.621  4.703  4.558  8.115  8.891  8.524 10.653 13.013 13.584 14.497 16.882 18.408 18.933 18.497 15.995 14.217 10.363 10.750 12.482 10.342  9.328  8.954 11.253 13.037 16.208 16.108 12.934  9.651  6.654  3.833  0.000  3.852  5.700  8.106 10.253 12.983 11.494 11.669 14.952 14.523 17.774 19.049 20.084 17.899 17.208 13.795 14.415 13.274 14.281 14.824 15.211 17.596 19.188 22.559 24.639
 19.557 20.125 18.103 19.434 18.024 20.656 20.984 22.688 26.373 25.745 24.968 23.304 21.266 21.202 18.467 18.475 15.241 14.730 13.345 11.071  9.497  5.904  6.356  6.276  8.884 10.687 11.208 12.492 14.770 16.156 16.969 18.798 20.613 21.669 21.233 19.112 17.186 13.344 13.853 16.045 14.072 13.133 12.416 14.305 15.403 18.305 18.590 15.215 12.424  9.102  5.958  3.852  0.000  3.816  6.827 10.102 11.886 10.148 11.556 14.643 14.956 18.139 19.658 21.351 19.475 19.465 16.385 17.580 16.810 18.049 18.640 18.948 21.184 22.538 25.855 28.071
 17.438 18.222 16.228 17.904 17.023 19.755 20.710 22.390 26.098 25.595 24.684 22.567 20.716 20.236 17.604 17.342 13.891 12.905 10.714  8.933  8.302  5.401  6.110  8.060  9.923 10.810 12.297 14.074 15.514 16.883 18.463 20.090 21.335 22.547 22.732 20.647 19.325 15.528 16.374 17.957 15.362 13.762 12.044 13.123 13.309 15.908 16.770 13.521 11.479  7.863  5.911  5.700  3.816  0.000  3.843  7.026  8.358  6.364  7.934 10.931 11.637 14.919 16.870 18.872 16.923 17.437 14.721 16.484 16.551 18.273 19.597 20.324 23.010 24.690 28.055 30.050
 13.765 14.883 13.325 15.579 15.431 18.570 20.122 22.230 25.758 24.912 23.519 20.965 18.886 17.795 14.988 14.224 10.616  9.257  6.884  5.510  5.354  4.135  5.907  8.698  9.104  9.497 12.076 13.640 14.164 15.911 18.000 19.052 19.912 21.568 22.298 20.661 19.940 16.381 17.996 19.351 16.306 14.923 12.458 13.455 12.905 15.589 17.239 14.539 12.934  9.192  8.618  8.106  6.827  3.843  0.000  3.833  5.278  5.135  6.902  8.775  9.005 11.794 13.489 15.819 14.383 15.490 13.395 15.911 16.424 18.844 20.461 21.837 24.605 26.690 30.023 31.824
 11.121 11.924 10.183 12.580 12.987 16.119 18.240 20.395 23.753 22.915 21.370 18.472 16.667 15.298 12.901 12.258  8.970  7.990  5.177  6.239  6.280  6.426  6.869 10.436 10.319  9.290 12.319 14.332 13.951 15.291 18.052 18.986 19.102 20.700 22.052 20.496 20.477 17.223 19.147 19.841 16.374 14.752 11.573 11.978 10.613 13.177 15.455 13.428 12.473  9.116 10.089 10.253 10.102  7.026  3.833  0.000  3.855  5.470  5.437  6.248  5.382  8.103  9.878 12.161 10.682 12.180 10.664 13.718 14.942 17.830 19.977 21.863 24.880 27.339 30.624 32.130
 11.991 13.685 12.674 15.495 16.415 19.477 21.830 23.854 27.176 26.449 24.852 21.767 20.017 18.244 15.804 14.477 11.063  8.823  5.041  5.915  8.041  8.894 10.280 13.583 13.357 12.869 16.006 17.722 17.318 18.964 21.665 22.343 22.513 24.340 25.736 24.289 24.169 20.827 22.625 23.479 20.087 18.278 15.112 15.020 13.097 14.888 17.451 15.417 15.063 11.856 12.513 12.983 11.886  8.358  5.278  3.855  0.000  3.850  5.421  4.730  5.950  8.081 10.564 13.629 12.522 14.781 13.824 17.012 18.575 21.405 23.674 25.414 28.483 30.813 34.122 35.685
 15.617 16.932 15.334 17.607 17.827 20.536 22.459 24.029 27.581 27.267 26.145 23.378 21.890 20.673 18.357 17.517 14.046 12.135  8.579  8.293  9.871  9.239 10.173 13.339 14.147 13.976 16.462 18.503 18.818 20.165 22.585 23.794 24.261 25.708 26.708 24.805 24.232 20.636 21.814 22.738 19.598 17.381 14.588 14.241 12.656 14.193 16.168 13.578 13.241 10.157 10.311 11.494 10.148  6.364  5.135  5.470  3.850  0.000  3.831  5.463  7.807 10.872 13.769 16.444 14.607 16.295 14.671 17.279 18.675 20.966 23.182 24.398 27.522 29.531 32.884 34.579
 15.412 15.955 13.741 15.451 15.526 17.800 19.836 21.088 24.588 24.575 23.703 20.968 20.008 19.100 17.394 17.189 14.192 13.097  9.681 10.582 11.369 10.489 10.073 13.695 14.759 13.629 15.863 18.520 18.573 19.238 22.000 23.517 23.502 24.531 25.793 23.652 23.457 20.045 21.138 21.422 18.081 15.443 12.322 11.231  9.143 10.412 12.594 10.380 10.660  8.174  9.683 11.669 11.556  7.934  6.902  5.437  5.421  3.831  0.000  3.855  5.600  9.245 12.397 14.454 11.970 13.369 11.780 14.262 16.140 18.429 21.066 22.453 25.816 28.025 31.336 32.790
 13.575 14.514 12.928 15.153 16.141 18.544 21.159 22.625 25.850 25.649 24.414 21.283 20.324 18.803 17.213 16.506 13.717 12.212  8.599 10.507 12.090 12.399 12.520 16.245 16.530 15.159 17.953 20.365 19.764 20.637 23.715 24.760 24.379 25.718 27.422 25.642 25.865 22.646 24.152 24.328 20.785 18.330 14.869 13.606 10.778 11.521 14.484 13.072 13.863 11.583 13.354 14.952 14.643 10.931  8.775  6.248  4.730  5.463  3.855  0.000  3.840  6.455 10.032 12.604 10.710 13.102 12.600 15.667 18.032 20.752 23.597 25.378 28.767 31.200 34.461 35.771
 10.867 11.122  9.217 11.365 12.610 15.128 17.985 19.746 22.795 22.323 20.863 17.611 16.657 15.083 13.765 13.405 11.104 10.493  7.620 10.404 11.068 11.672 11.228 15.013 14.878 12.808 15.700 18.182 17.082 17.697 21.035 21.964 21.196 22.488 24.492 22.895 23.565 20.667 22.542 22.425 18.705 16.549 12.842 11.823  8.962 10.377 13.592 12.708 13.190 10.985 13.335 14.523 14.956 11.637  9.005  5.382  5.950  7.807  5.600  3.840  0.000  3.837  6.926  9.046  7.073  9.545  9.402 12.835 15.305 18.400 21.293 23.518 26.858 29.582 32.762 33.896
  8.707  9.163  8.290 10.927 13.231 15.787 19.106 21.129 23.758 22.980 21.092 17.517 16.539 14.290 13.249 12.411 10.784 10.168  7.989 11.554 12.516 14.064 13.981 17.582 16.728 14.478 17.686 19.804 18.027 18.780 22.317 22.708 21.515 23.093 25.533 24.396 25.512 22.936 25.197 24.977 21.180 19.361 15.579 14.649 11.636 12.712 16.244 15.967 16.612 14.555 16.947 17.774 18.139 14.919 11.794  8.103  8.081 10.872  9.245  6.455  3.837  0.000  3.831  6.631  6.125  9.651 10.855 14.550 17.219 20.621 23.547 26.138 29.394 32.320 35.401 36.379
  5.799  5.725  5.871  8.912 11.982 14.741 18.239 20.720 22.974 21.676 19.297 15.557 14.290 11.491 10.643  9.629  9.003  9.224  8.552 12.336 12.713 14.811 14.742 17.966 16.435 13.925 17.240 18.949 16.541 17.341 20.962 20.859 19.291 21.107 23.875 23.237 24.778 22.625 25.314 25.031 21.242 20.003 16.316 15.942 13.361 14.880 18.297 18.289 18.529 16.445 18.811 19.049 19.658 16.870 13.489  9.878 10.564 13.769 12.397 10.032  6.926  3.831  0.000  3.842  5.573  9.062 10.965 14.719 17.118 20.792 23.495 26.457 29.487 32.613 35.569 36.424
  7.679  5.463  4.721  6.352  9.825 12.030 15.734 18.175 20.016 18.661 16.241 12.456 11.765  9.208  9.637  9.815 10.383 11.805 11.702 15.326 14.938 16.614 15.780 18.824 17.388 14.270 17.082 19.006 16.297 16.341 20.127 20.137 17.977 19.347 22.443 21.848 23.885 22.192 24.908 24.115 20.358 19.268 15.690 15.228 12.851 14.315 17.565 18.194 18.494 16.992 19.778 20.084 21.351 18.872 15.819 12.161 13.629 16.444 14.454 12.604  9.046  6.631  3.842  0.000  3.842  6.633  9.493 12.901 15.436 19.133 21.918 25.153 28.125 31.433 34.214 34.794
 10.220  8.165  5.567  6.070  8.389 10.214 13.817 15.772 18.025 17.262 15.486 11.948 11.820 10.329 10.780 11.683 11.471 12.823 11.874 15.224 14.664 15.501 14.037 17.349 16.683 13.391 15.803 18.372 16.246 15.817 19.612 20.344 18.413 19.246 22.042 20.810 22.594 20.652 22.934 21.914 18.117 16.487 12.797 11.771  9.133 10.512 13.750 14.471 15.028 13.914 17.047 17.899 19.475 16.923 14.383 10.682 12.522 14.607 11.970 10.710  7.073  6.125  5.573  3.842  0.000  3.830  6.452  9.885 12.873 16.383 19.485 22.499 25.707 28.924 31.780 32.376
 12.706  9.918  6.506  4.662  5.568  6.557 10.144 11.979 14.235 13.603 12.174  8.938  9.534  9.284 10.510 12.567 12.759 14.853 14.244 17.151 15.823 15.970 13.696 16.639 16.362 12.702 14.277 17.177 15.221 13.932 17.679 18.878 16.750 16.897 19.649 18.143 20.151 18.550 20.654 19.154 15.464 13.930 10.529  9.583  7.783  9.584 12.095 13.192 13.452 12.993 16.340 17.208 19.465 17.437 15.490 12.180 14.781 16.295 13.369 13.102  9.545  9.651  9.062  6.633  3.830  0.000  3.811  6.524  9.587 13.025 16.188 19.342 22.509 25.824 28.559 28.987
 13.935 11.525  7.723  6.098  4.707  6.068  8.672 10.458 13.498 13.071 12.142  9.551  9.708 10.268 10.709 12.998 12.507 14.596 13.794 16.026 14.240 13.568 10.737 13.554 13.913 10.338 11.378 14.691 13.454 11.985 15.496 17.289 15.741 15.635 17.807 15.775 17.290 15.364 17.178 15.761 12.021 10.233  6.739  6.167  5.397  8.397 10.154 10.521 10.059  9.581 12.889 13.795 16.385 14.721 13.395 10.664 13.824 14.671 11.780 12.600  9.402 10.855 10.965  9.493  6.452  3.811  0.000  3.830  6.588 10.027 13.162 16.072 19.344 22.538 25.435 26.092
 17.523 14.867 11.087  8.603  5.809  4.931  6.110  6.979 10.361 10.597 10.706  9.228 10.303 12.101 13.068 15.907 15.661 17.989 17.283 19.147 17.013 15.707 12.318 14.502 15.478 11.988 11.794 15.355 14.612 12.267 15.340 17.742 16.186 15.177 17.012 14.480 16.045 14.528 15.771 13.633 10.224  8.287  5.756  5.027  6.125  8.733  9.079  9.921  9.236 10.011 13.306 14.415 17.580 16.484 15.911 13.718 17.012 17.279 14.262 15.667 12.835 14.550 14.719 12.901  9.885  6.524  3.830  0.000  3.823  6.671 10.151 13.054 16.393 19.636 22.400 22.852
 18.907 16.261 12.642 10.125  6.458  5.736  4.605  6.009  9.629  9.408  9.778  9.318  9.864 12.415 13.102 16.243 16.081 18.720 18.484 19.779 17.058 15.331 11.702 12.910 14.105 10.874  9.537 13.024 12.801  9.935 12.431 15.297 14.105 12.604 13.870 10.990 12.437 11.239 12.392 10.031  6.767  5.779  4.813  6.318  8.933 11.910 11.486 11.588  9.711 10.347 12.861 13.274 16.810 16.551 16.424 14.942 18.575 18.675 16.140 18.032 15.305 17.219 17.118 15.436 12.873  9.587  6.588  3.823  0.000  3.821  6.642  9.848 12.955 16.318 19.105 19.689
 22.655 20.061 16.446 13.877 10.185  8.743  6.238  5.592  9.135  9.882 11.457 12.073 13.011 15.939 16.673 19.854 19.589 22.129 21.751 22.708 19.914 17.675 13.892 14.518 16.359 13.631 11.468 14.837 15.332 12.230 13.837 17.180 16.341 14.198 14.694 11.295 12.222 11.405 11.425  8.284  6.177  5.136  6.463  7.646 10.979 13.430 11.900 11.992  9.935 11.537 13.631 14.281 18.049 18.273 18.844 17.830 21.405 20.966 18.429 20.752 18.400 20.621 20.792 19.133 16.383 13.025 10.027  6.671  3.821  0.000  3.821  6.545  9.858 13.144 15.869 16.358
 24.630 22.095 18.715 16.231 12.432 11.290  8.088  7.844 10.506 10.728 12.376 13.734 14.213 17.413 17.924 21.156 20.996 23.688 23.696 24.219 21.070 18.635 14.980 14.612 16.509 14.322 11.325 14.095 15.136 11.877 12.415 16.037 15.680 13.107 12.698  9.049  9.537  9.515  9.020  5.359  4.955  6.069  8.789 10.894 14.430 17.073 15.401 15.052 12.434 13.671 14.897 14.824 18.640 19.597 20.461 19.977 23.674 23.182 21.066 23.597 21.293 23.547 23.495 21.918 19.485 16.188 13.162 10.151  6.642  3.821  0.000  3.828  6.418  9.956 12.657 13.337
 27.660 25.372 21.953 19.708 15.933 14.896 11.787 10.923 13.400 14.152 16.094 17.529 17.946 21.041 21.259 24.295 23.766 26.167 25.920 26.041 22.957 20.069 16.480 15.724 18.218 16.635 13.390 15.980 17.720 14.802 14.727 18.516 18.722 16.189 15.087 11.343 10.654 10.460  8.493  4.949  6.499  7.166 10.705 12.571 16.334 18.718 16.453 15.695 12.915 14.514 15.107 15.211 18.948 20.324 21.837 21.863 25.414 24.398 22.453 25.378 23.518 26.138 26.457 25.153 22.499 19.342 16.072 13.054  9.848  6.545  3.828  0.000  3.820  6.765  9.834 10.932
 30.223 27.910 24.681 22.396 18.617 17.581 14.169 13.458 15.243 15.684 17.668 19.606 19.869 23.126 23.333 26.408 26.076 28.613 28.688 28.585 25.298 22.423 19.049 17.670 19.991 18.784 15.206 17.106 19.071 16.145 15.228 18.944 19.441 16.628 14.835 11.378 10.316 11.165  8.819  5.778  8.790 10.479 14.073 16.229 19.982 22.435 20.173 19.382 16.499 17.850 17.999 17.596 21.184 23.010 24.605 24.880 28.483 27.522 25.816 28.767 26.858 29.394 29.487 28.125 25.707 22.509 19.344 16.393 12.955  9.858  6.418  3.820  0.000  3.827  6.626  8.054
 33.306 31.167 27.952 25.826 22.066 21.123 17.767 16.873 18.568 19.201 21.263 23.218 23.402 26.584 26.594 29.523 28.973 31.312 31.275 30.860 27.629 24.516 21.313 19.644 22.238 21.486 17.850 19.492 21.856 19.218 17.926 21.598 22.479 19.769 17.580 14.313 12.593 13.332 10.299  8.316 11.687 13.120 16.864 18.903 22.695 25.001 22.465 21.415 18.507 19.926 19.581 19.188 22.538 24.690 26.690 27.339 30.813 29.531 28.025 31.200 29.582 32.320 32.613 31.433 28.924 25.824 22.538 19.636 16.318 13.144  9.956  6.765  3.827  0.000  3.845  6.430
 36.207 33.936 30.773 28.472 24.720 23.512 19.986 18.883 20.005 20.704 22.979 25.302 25.668 29.003 29.224 32.258 31.920 34.383 34.476 34.096 30.812 27.776 24.610 22.860 25.294 24.535 20.861 22.267 24.517 21.767 20.252 23.756 24.549 21.602 19.281 16.370 14.909 16.217 13.394 11.516 14.868 16.423 20.073 21.998 25.744 27.915 25.286 24.477 21.740 23.279 22.985 22.559 25.855 28.055 30.023 30.624 34.122 32.884 31.336 34.461 32.762 35.401 35.569 34.214 31.780 28.559 25.435 22.400 19.105 15.869 12.657  9.834  6.626  3.845  0.000  3.815
