  0.000  3.830  6.611 10.205 13.157 16.558 19.591 22.737 24.913 22.816 19.845 16.239 13.899 10.408  8.255  5.480  5.425  5.843  7.575 10.704 10.678 13.748 14.580 16.913 14.293 12.502 16.112 16.610 13.861 15.765 18.899 17.898 16.936 19.720 22.170 22.332 23.805 21.972 25.093 25.278 21.755 21.396 18.107 18.800 17.074 19.354 22.397 21.829 21.356 18.599 20.111 19.243 19.397 17.268 13.627 10.969 11.910 15.527 15.283 13.429 10.690  8.596  5.743  7.620 10.056 12.536 13.826 17.373 18.712 22.466 24.425 27.553 30.518 32.909 35.939 38.575
  3.830  0.000  3.827  6.809 10.108 13.254 16.403 19.572 21.480 19.301 16.250 12.595 10.509  6.976  5.846  4.803  6.388  8.484  9.970 13.158 12.296 14.675 14.534 16.865 14.490 11.857 15.009 15.881 12.764 13.848 17.296 16.466 14.806 17.233 20.083 20.217 22.159 20.688 23.785 23.454 19.905 19.627 16.389 17.044 15.527 17.890 20.772 20.664 20.219 17.926 19.934 19.248 20.137 18.164 14.874 11.874 13.653 16.890 15.853 14.362 10.945  9.024  5.652  5.349  7.977  9.751 11.457 14.763 16.149 19.942 21.965 25.325 28.218 30.820 33.888 36.499
  6.611  3.827  0.000  3.818  6.715 10.015 13.172 16.191 18.432 16.587 13.952 10.302  8.555  6.020  5.359  6.305  6.870  9.309  9.921 12.953 11.570 13.028 12.029 14.619 12.929  9.697 12.502 14.157 11.425 11.754 15.454 15.441 13.730 15.518 18.286 17.809 19.676 18.033 20.855 20.280 16.618 16.048 12.728 13.293 11.970 14.583 17.226 17.141 16.637 14.602 16.930 16.578 17.972 16.026 13.196 10.050 12.572 15.211 13.595 12.777  9.057  8.251  6.029  4.936  5.592  6.493  7.691 11.013 12.509 16.307 18.542 21.855 24.885 27.571 30.588 33.245
 10.205  6.809  3.818  0.000  3.818  6.483  9.847 12.836 14.789 12.934 10.365  6.666  5.809  4.666  6.232  8.814 10.040 12.890 13.427 16.244 14.423 15.165 13.291 15.621 14.416 10.720 12.513 14.565 11.833 10.933 14.745 15.121 12.749 13.746 16.840 16.190 18.531 17.359 19.973 18.744 15.173 14.679 11.645 12.112 11.296 13.880 16.076 16.565 16.088 14.803 17.545 17.437 19.517 17.863 15.605 12.572 15.466 17.573 15.378 15.034 11.240 10.851  8.957  6.391  6.051  4.647  6.131  8.604 10.118 13.842 16.164 19.699 22.611 25.526 28.546 31.151
 13.157 10.108  6.715  3.818  0.000  3.825  6.499  9.661 12.078 10.397  8.497  5.596  5.061  6.325  7.645 10.869 11.581 14.571 14.940 17.153 14.765 14.579 11.929 13.857 13.345  9.504 10.204 12.777 10.671  8.759 12.452 13.661 11.434 11.559 14.351 13.112 15.406 14.325 16.662 15.128 11.613 11.247  8.642  9.652  9.982 13.020 14.395 14.725 13.722 12.837 15.567 15.477 18.138 16.988 15.465 12.978 16.384 17.787 15.441 16.018 12.477 13.156 12.048  9.873  8.387  5.578  4.731  5.781  6.437 10.141 12.363 15.912 18.827 21.771 24.788 27.415
 16.558 13.254 10.015  6.483  3.825  0.000  3.828  6.414  8.484  7.270  6.225  4.330  6.309  8.757 11.012 14.409 15.373 18.331 18.489 20.757 18.413 17.889 14.866 16.643 16.617 12.835 12.743 15.496 13.668 10.990 14.280 15.829 13.222 12.345 15.206 13.685 16.283 15.702 17.486 15.189 12.043 11.493  9.536  9.877 10.579 13.008 13.788 14.900 14.251 14.368 17.412 17.780 20.801 19.732 18.618 16.125 19.451 20.504 17.730 18.438 15.022 15.725 14.792 12.057 10.234  6.591  6.071  4.928  5.764  8.708 11.206 14.833 17.581 20.802 23.698 26.224
 19.591 16.403 13.172  9.847  6.499  3.828  0.000  3.837  6.149  4.992  5.551  6.074  7.792 11.135 13.130 16.742 17.613 20.711 21.006 22.799 20.051 18.982 15.630 16.687 17.103 13.614 12.412 15.116 13.891 10.509 13.056 15.163 12.746 10.840 13.212 11.279 13.943 13.931 15.297 12.497  9.956 10.047  9.411 10.443 12.320 14.861 14.707 15.603 14.371 14.923 17.607 17.792 21.199 20.746 20.207 18.272 21.836 22.473 19.814 21.094 17.905 19.057 18.291 15.751 13.844 10.191  8.705  6.138  4.681  6.250  8.012 11.705 14.135 17.407 20.307 22.777
 22.737 19.572 16.191 12.836  9.661  6.414  3.837  0.000  3.863  5.447  7.895  9.084 11.458 14.695 16.778 20.305 20.957 23.828 23.700 25.485 22.901 21.475 17.894 19.046 20.022 16.653 15.191 18.173 17.382 13.932 16.129 18.580 16.322 14.018 15.960 13.592 15.864 15.862 16.396 13.137 11.135 10.537 10.499 10.636 12.721 14.553 13.637 15.076 14.263 15.747 18.608 19.388 22.946 22.456 22.343 20.449 23.874 24.067 21.092 22.584 19.690 21.086 20.758 18.162 15.790 11.999 10.455  7.002  6.103  5.658  7.817 10.880 13.199 16.644 19.208 21.572
 24.913 21.480 18.432 14.789 12.078  8.484  6.149  3.863  0.000  3.840  7.322  9.650 12.618 16.028 18.662 22.314 23.485 26.572 26.710 28.680 26.065 24.882 21.396 22.406 23.094 19.681 18.209 20.826 19.716 16.145 18.131 20.219 17.548 14.967 17.123 15.285 17.989 18.635 19.218 15.767 14.269 14.149 14.260 14.356 16.138 17.632 16.797 18.607 18.009 19.538 22.392 23.044 26.607 26.145 25.859 23.806 27.198 27.614 24.592 25.816 22.755 23.741 23.031 20.037 18.085 14.304 13.525 10.415  9.718  9.154 10.403 13.218 14.749 18.133 20.539 22.595
 22.816 19.301 16.587 12.934 10.397  7.270  4.992  5.447  3.840  0.000  3.807  6.934  9.613 13.211 15.975 19.711 21.286 24.640 25.281 27.253 24.463 23.644 20.407 21.188 21.318 17.903 16.566 18.703 17.165 13.643 15.650 17.257 14.288 11.834 14.421 13.240 16.444 17.407 18.661 15.499 13.826 14.439 14.298 15.105 16.788 18.839 18.561 19.975 18.997 19.827 22.485 22.568 26.014 25.667 25.015 22.952 26.454 27.294 24.563 25.578 22.237 22.908 21.678 18.628 17.265 13.634 13.107 10.655  9.534  9.961 10.707 14.054 15.508 18.750 21.474 23.573
 19.845 16.250 13.952 10.365  8.497  6.225  5.551  7.895  7.322  3.807  0.000  3.829  6.363  9.845 12.884 16.586 18.575 22.070 23.083 25.221 22.484 22.194 19.335 20.215 19.705 16.209 15.461 17.213 15.032 11.898 14.321 15.232 11.880 10.192 13.453 12.995 16.479 17.311 19.266 16.603 14.455 15.273 14.459 15.528 16.718 19.053 19.473 20.672 19.656 19.819 22.431 22.163 25.328 24.823 23.668 21.420 24.856 26.177 23.672 24.290 20.718 20.938 19.216 16.106 15.382 12.109 12.167 10.751  9.969 11.614 12.507 16.171 17.854 20.968 23.893 26.082
 16.239 12.595 10.302  6.666  5.596  4.330  6.074  9.084  9.650  6.934  3.829  0.000  3.828  6.648  9.890 13.452 15.433 18.806 19.736 22.148 19.699 19.798 17.220 18.615 17.796 14.105 14.213 16.099 13.515 11.002 14.167 14.793 11.501 10.931 14.422 13.967 17.189 17.299 19.603 17.401 14.579 14.910 13.194 14.026 14.522 16.923 18.005 19.102 18.327 18.036 20.798 20.594 23.439 22.515 20.949 18.389 21.647 23.268 20.810 21.058 17.376 17.306 15.441 12.317 11.806  8.832  9.492  9.190  9.361 12.079 13.703 17.486 19.722 22.835 25.839 28.209
 13.899 10.509  8.555  5.809  5.061  6.309  7.792 11.458 12.618  9.613  6.363  3.828  0.000  3.847  6.552 10.263 12.395 16.001 17.455 19.589 16.907 17.288 15.113 16.175 14.804 11.308 11.725 13.030 10.063  8.066 11.375 11.486  8.292  8.704 12.239 12.292 15.400 15.400 18.239 16.666 13.762 14.621 12.831 14.438 15.022 17.958 19.255 19.664 18.391 17.362 19.634 18.814 21.395 20.701 18.914 16.647 19.991 21.861 19.932 20.202 16.518 16.452 14.320 11.789 11.804  9.543  9.742 10.275  9.833 12.941 14.082 17.819 20.058 22.876 26.018 28.447
 10.408  6.976  6.020  4.666  6.325  8.757 11.135 14.695 16.028 13.211  9.845  6.648  3.847  0.000  3.818  7.039  9.712 13.247 15.008 17.454 15.187 16.374 14.929 16.362 14.346 11.031 12.619 13.532 10.079  9.505 12.965 12.317  9.517 11.211 14.595 14.989 17.742 17.278 20.399 19.351 16.188 16.757 14.357 15.732 15.540 18.382 20.327 20.572 19.539 17.955 20.134 19.203 21.210 20.131 17.730 15.200 18.151 20.575 18.966 18.627 14.893 14.163 11.478  9.220 10.274  9.258 10.268 12.052 12.344 15.843 17.267 20.917 23.354 26.070 29.222 31.701
  8.255  5.846  5.359  6.232  7.645 11.012 13.130 16.778 18.662 15.975 12.884  9.890  6.552  3.818  0.000  3.816  6.225  9.944 12.161 14.214 11.804 13.341 12.524 13.787 11.259  8.390 10.709 11.115  7.601  8.405 11.715 10.793  9.030 11.569 14.322 14.761 16.900 15.962 19.324 18.981 15.784 16.464 13.994 15.798 15.620 18.767 20.805 20.389 19.012 16.777 18.402 17.009 18.562 17.612 15.010 12.889 15.799 18.361 17.369 17.127 13.656 13.180 10.686  9.697 10.787 10.568 10.844 13.138 13.145 16.710 17.924 21.307 23.836 26.261 29.413 31.953
  5.480  4.803  6.305  8.814 10.869 14.409 16.742 20.305 22.314 19.711 16.586 13.452 10.263  7.039  3.816  0.000  3.833  7.165 10.084 12.127 10.316 12.831 13.103 14.465 11.397  9.441 12.540 12.392  9.113 11.141 14.027 12.622 11.643 14.694 17.074 17.697 19.395 18.113 21.555 21.720 18.512 19.028 16.343 17.999 17.348 20.337 22.742 22.041 20.782 18.077 19.335 17.758 18.549 17.373 14.259 12.273 14.512 17.561 17.211 16.467 13.346 12.383  9.698  9.906 11.713 12.633 13.151 15.994 16.292 19.905 21.179 24.385 26.989 29.243 32.370 34.921
  5.425  6.388  6.870 10.040 11.581 15.373 17.613 20.957 23.485 21.286 18.575 15.433 12.395  9.712  6.225  3.833  0.000  3.823  6.692  8.367  6.594  9.413 10.322 11.968  9.011  7.652 11.322 11.418  9.054 11.552 14.281 13.499 13.360 16.203 18.020 18.081 19.089 17.126 20.365 20.992 17.711 17.863 15.064 16.701 15.959 18.996 21.392 20.170 18.814 15.707 16.561 14.951 15.247 13.914 10.655  9.037 11.171 14.148 14.290 13.779 11.152 10.881  9.223 10.586 11.596 12.888 12.706 15.777 16.125 19.647 21.026 23.889 26.701 28.778 31.801 34.425
  5.843  8.484  9.309 12.890 14.571 18.331 20.711 23.828 26.572 24.640 22.070 18.806 16.001 13.247  9.944  7.165  3.823  0.000  3.877  5.378  5.356  8.976 10.996 12.931 10.265  9.863 13.670 13.797 12.145 14.861 17.352 16.707 16.977 19.804 21.354 21.210 21.768 19.377 22.369 23.359 20.075 19.818 16.875 18.137 16.947 19.639 22.256 20.731 19.622 16.237 16.716 15.279 14.666 12.890  9.240  7.993  8.894 12.199 13.149 12.227 10.486 10.193  9.344 11.901 12.839 14.878 14.701 18.037 18.715 22.154 23.715 26.318 29.272 31.219 34.126 36.774
  7.575  9.970  9.921 13.427 14.940 18.489 21.006 23.700 26.710 25.281 23.083 19.736 17.455 15.008 12.161 10.084  6.692  3.877  0.000  3.837  5.534  8.336 10.268 13.003 11.344 10.784 14.479 15.426 14.313 16.517 19.194 19.214 19.417 21.800 23.307 22.571 22.884 20.062 22.595 23.535 20.111 19.152 15.960 16.588 14.927 17.219 19.962 18.302 17.614 14.256 14.863 14.174 13.283 10.697  6.876  5.166  5.114  8.652  9.729  8.598  7.582  7.942  8.578 11.695 11.803 14.185 13.826 17.288 18.452 21.766 23.734 26.116 29.317 31.313 34.079 36.786
 10.704 13.158 12.953 16.244 17.153 20.757 22.799 25.485 28.680 27.253 25.221 22.148 19.589 17.454 14.214 12.127  8.367  5.378  3.837  0.000  3.835  6.531  9.630 11.640 10.122 10.877 14.278 14.756 14.459 17.071 19.126 19.243 20.177 22.584 23.497 22.715 22.430 19.385 21.778 23.305 20.215 19.488 16.771 17.858 16.746 19.224 21.532 19.291 18.097 14.429 14.026 12.769 11.037  8.990  5.527  6.245  5.966  8.372 10.641 10.494 10.365 11.495 12.370 15.346 15.185 17.143 16.118 19.212 19.819 22.811 24.370 26.360 29.425 31.057 33.711 36.371
 10.678 12.296 11.570 14.423 14.765 18.413 20.051 22.901 26.065 24.463 22.484 19.699 16.907 15.187 11.804 10.316  6.594  5.356  5.534  3.835  0.000  3.841  6.818  8.321  6.354  7.298 10.635 10.938 10.807 13.474 15.348 15.589 16.714 19.028 19.754 19.004 18.705 15.780 18.397 19.946 16.962 16.714 14.310 16.075 15.673 18.702 20.625 18.360 16.574 12.876 12.393 10.444  9.486  8.350  5.371  6.294  8.083  9.925 11.417 12.075 11.033 12.493 12.820 15.032 14.690 15.884 14.394 17.117 17.130 20.043 21.238 23.266 26.177 27.762 30.502 33.146
 13.748 14.675 13.028 15.165 14.579 17.889 18.982 21.475 24.882 23.644 22.194 19.798 17.288 16.374 13.341 12.831  9.413  8.976  8.336  6.531  3.841  0.000  3.835  5.235  5.101  6.477  8.816  9.800 10.818 12.830 14.358 15.486 16.876 18.546 18.799 17.425 16.578 13.240 15.369 17.137 14.348 13.928 11.980 13.989 14.234 17.396 18.713 16.028 13.772 10.024  8.887  6.651  5.894  5.429  4.120  6.420  8.883  9.235 10.502 12.355 11.623 14.034 14.932 16.726 15.551 16.063 13.747 15.848 15.454 17.869 18.891 20.475 23.399 24.806 27.403 30.061
 14.580 14.534 12.029 13.291 11.929 14.866 15.630 17.894 21.396 20.407 19.335 17.220 15.113 14.929 12.524 13.103 10.322 10.996 10.268  9.630  6.818  3.835  0.000  3.845  5.371  4.924  6.325  8.679  9.830 10.717 12.521 14.399 15.366 16.370 16.708 14.793 14.103 10.677 12.603 13.862 10.820 10.147  8.212 10.527 11.396 14.838 15.730 13.161 10.569  7.043  6.600  4.757  6.358  6.063  5.894  6.866 10.268 10.155 10.076 12.484 11.187 13.975 14.891 15.915 14.121 13.818 10.931 12.471 11.828 14.084 15.218 16.854 19.925 21.560 24.207 26.941
 16.913 16.865 14.619 15.621 13.857 16.643 16.687 19.046 22.406 21.188 20.215 18.615 16.175 16.362 13.787 14.465 11.968 12.931 13.003 11.640  8.321  5.235  3.845  0.000  3.844  5.434  5.110  6.356  8.860  9.982 10.599 12.651 14.456 15.360 14.873 13.076 11.664  8.175 10.280 12.349 10.085 10.581  9.937 12.998 14.606 18.141 18.551 15.862 12.716  9.589  8.057  4.625  6.350  8.077  8.677 10.418 13.558 13.321 13.701 16.200 14.959 17.557 18.098 18.960 17.440 16.790 13.782 14.698 13.102 14.797 14.962 16.195 18.801 19.962 22.588 25.224
 14.293 14.490 12.929 14.416 13.345 16.617 17.103 20.022 23.094 21.318 19.705 17.796 14.804 14.346 11.259 11.397  9.011 10.265 11.344 10.122  6.354  5.101  5.371  3.844  0.000  3.863  5.360  4.893  6.359  8.805  9.673 10.596 12.483 14.266 14.178 13.318 12.607  9.854 12.815 14.633 12.205 13.137 11.939 14.947 16.029 19.641 20.626 18.306 15.516 12.238 11.330  8.183  8.956  9.951  9.072 10.275 13.320 14.124 14.744 16.453 14.785 16.668 16.530 17.497 16.736 16.482 14.123 15.642 14.261 16.581 16.785 18.593 21.067 22.379 25.189 27.765
 12.502 11.857  9.697 10.720  9.504 12.835 13.614 16.653 19.681 17.903 16.209 14.105 11.308 11.031  8.390  9.441  7.652  9.863 10.784 10.877  7.298  6.477  4.924  5.434  3.863  0.000  3.850  5.384  5.114  6.506  8.792  9.984 10.697 12.240 13.021 11.940 12.182  9.695 12.769 13.591 10.499 11.125  9.301 12.192 13.166 16.868 18.007 16.209 13.716 10.786 11.120  8.930 10.688 10.727  9.411  9.194 12.782 13.890 13.545 15.031 12.671 14.401 14.022 14.386 13.444 12.822 10.534 12.129 11.001 13.796 14.513 16.896 19.638 21.480 24.443 27.112
 16.112 15.009 12.502 12.513 10.204 12.743 12.412 15.191 18.209 16.566 15.461 14.213 11.725 12.619 10.709 12.540 11.322 13.670 14.479 14.278 10.635  8.816  6.325  5.110  5.360  3.850  0.000  3.840  5.405  5.076  6.321  8.827  9.911 10.421 10.411  8.676  8.474  5.923  9.122  9.954  7.252  8.840  8.333 11.917 13.933 17.709 18.071 16.226 13.181 10.874 10.903  8.505 11.192 12.175 11.964 12.201 15.892 16.335 15.739 17.799 15.543 17.597 17.329 17.193 15.856 14.402 11.551 11.931  9.682 11.664 11.568 13.660 16.155 17.833 20.815 23.476
 16.610 15.881 14.157 14.565 12.777 15.496 15.116 18.173 20.826 18.703 17.213 16.099 13.030 13.532 11.115 12.392 11.418 13.797 15.426 14.756 10.938  9.800  8.679  6.356  4.893  5.384  3.840  0.000  3.845  5.411  4.934  6.366  8.739 10.059  9.415  8.918  8.486  6.847 10.476 11.953 10.139 12.383 12.153 15.723 17.564 21.341 21.862 19.951 16.867 14.335 13.798 10.715 12.599 14.082 13.597 14.249 17.657 18.453 18.453 20.240 18.026 19.689 18.984 19.048 18.362 17.233 14.817 15.431 13.100 14.982 14.289 16.219 18.152 19.406 22.371 24.844
 13.861 12.764 11.425 11.833 10.671 13.668 13.891 17.382 19.716 17.165 15.032 13.515 10.063 10.079  7.601  9.113  9.054 12.145 14.313 14.459 10.807 10.818  9.830  8.860  6.359  5.114  5.405  3.845  0.000  3.855  5.337  5.080  6.203  8.565  9.321  9.662 10.668  9.716 13.427 14.076 11.724 13.685 12.680 15.897 17.205 20.929 21.937 20.535 17.921 15.429 15.695 13.097 14.898 15.545 14.178 13.906 17.307 18.808 18.514 19.653 16.930 17.928 16.585 16.327 16.204 15.211 13.508 14.577 12.739 15.302 15.109 17.732 19.792 21.492 24.604 27.077
 15.765 13.848 11.754 10.933  8.759 10.990 10.509 13.932 16.145 13.643 11.898 11.002  8.066  9.505  8.405 11.141 11.552 14.861 16.517 17.071 13.474 12.830 10.717  9.982  8.805  6.506  5.076  5.411  3.855  0.000  3.848  5.451  5.079  5.764  6.995  6.635  8.566  8.247 11.722 11.441  9.079 11.360 10.820 14.114 15.937 19.627 20.204 19.183 16.558 14.785 15.577 13.514 16.125 16.751 15.830 15.194 18.892 20.050 19.084 20.479 17.531 18.720 17.474 16.487 15.857 13.999 12.036 12.205  9.812 12.088 11.695 14.592 16.602 18.601 21.790 24.289
 18.899 17.296 15.454 14.745 12.452 14.280 13.056 16.129 18.131 15.650 14.321 14.167 11.375 12.965 11.715 14.027 14.281 17.352 19.194 19.126 15.348 14.358 12.521 10.599  9.673  8.792  6.321  4.934  5.337  3.848  0.000  3.844  5.594  5.629  4.534  4.832  6.040  6.810 10.355 10.663  9.527 12.666 13.123 16.733 19.000 22.720 22.908 21.597 18.569 16.845 16.931 14.351 16.890 18.294 17.862 17.908 21.543 22.420 21.810 23.517 20.836 22.219 21.058 20.247 19.633 17.746 15.550 15.301 12.354 13.751 12.307 14.540 15.870 17.278 20.389 22.723
 17.898 16.466 15.441 15.121 13.661 15.829 15.163 18.580 20.219 17.257 15.232 14.793 11.486 12.317 10.793 12.622 13.499 16.707 19.214 19.243 15.589 15.486 14.399 12.651 10.596  9.984  8.827  6.366  5.080  5.451  3.844  0.000  3.845  6.038  5.831  8.007  9.536 10.415 14.030 14.466 13.210 16.120 16.034 19.461 21.247 24.955 25.589 24.396 21.579 19.535 19.659 16.887 18.906 20.104 19.070 18.946 22.353 23.779 23.428 24.644 21.807 22.630 20.935 20.184 20.292 18.828 17.263 17.583 15.085 16.952 15.766 18.216 19.425 20.798 23.892 26.083
 16.936 14.806 13.730 12.749 11.434 13.222 12.746 16.322 17.548 14.288 11.880 11.501  8.292  9.517  9.030 11.643 13.360 16.977 19.417 20.177 16.714 16.876 15.366 14.456 12.483 10.697  9.911  8.739  6.203  5.079  5.594  3.845  0.000  3.828  6.095  8.270 11.043 12.106 15.567 15.103 13.425 16.027 15.577 18.626 20.189 23.730 24.510 23.864 21.437 19.745 20.587 18.359 20.682 21.322 19.981 19.128 22.609 24.278 23.412 24.312 21.098 21.551 19.518 18.150 18.416 16.679 15.629 15.854 13.656 15.797 15.020 18.019 19.361 21.240 24.427 26.642
 19.720 17.233 15.518 13.746 11.559 12.345 10.840 14.018 14.967 11.834 10.192 10.931  8.704 11.211 11.569 14.694 16.203 19.804 21.800 22.584 19.028 18.546 16.370 15.360 14.266 12.240 10.421 10.059  8.565  5.764  5.629  6.038  3.828  0.000  3.851  5.683  9.220 11.084 14.011 12.843 11.692 14.599 14.851 17.906 19.990 23.432 23.682 23.245 20.738 19.657 20.654 18.736 21.572 22.392 21.554 20.714 24.402 25.649 24.408 25.665 22.458 23.247 21.505 19.761 19.467 17.072 15.672 14.975 12.233 13.628 12.311 15.246 16.240 18.206 21.378 23.535
 22.170 20.083 18.286 16.840 14.351 15.206 13.212 15.960 17.123 14.421 13.453 14.422 12.239 14.595 14.322 17.074 18.020 21.354 23.307 23.497 19.754 18.799 16.708 14.873 14.178 13.021 10.411  9.415  9.321  6.995  4.534  5.831  6.095  3.851  0.000  3.823  6.551  9.262 11.974 11.355 11.208 14.699 15.726 19.154 21.675 25.229 25.105 24.238 21.304 20.187 20.550 18.260 21.070 22.520 22.185 21.983 25.690 26.569 25.638 27.311 24.412 25.607 24.178 22.798 22.260 19.896 17.957 17.023 13.786 14.484 12.325 14.480 14.944 16.282 19.352 21.403
 22.332 20.217 17.809 16.190 13.112 13.685 11.279 13.592 15.285 13.240 12.995 13.967 12.292 14.989 14.761 17.697 18.081 21.210 22.571 22.715 19.004 17.425 14.793 13.076 13.318 11.940  8.676  8.918  9.662  6.635  4.832  8.007  8.270  5.683  3.823  0.000  3.896  6.470  8.713  7.624  7.602 11.215 12.756 16.216 19.102 22.594 22.088 21.118 18.071 17.302 17.701 15.763 18.942 20.421 20.558 20.452 24.247 24.661 23.508 25.550 22.853 24.507 23.589 22.261 21.102 18.486 16.017 14.611 11.055 11.220  8.820 10.809 11.612 13.169 16.343 18.666
 23.805 22.159 19.676 18.531 15.406 16.283 13.943 15.864 17.989 16.444 16.479 17.189 15.400 17.742 16.900 19.395 19.089 21.768 22.884 22.430 18.705 16.578 14.103 11.664 12.607 12.182  8.474  8.486 10.668  8.566  6.040  9.536 11.043  9.220  6.551  3.896  0.000  3.885  5.664  6.021  7.107 10.856 13.003 16.658 19.785 23.302 22.517 20.984 17.563 16.656 16.277 14.029 17.086 19.158 19.885 20.466 24.148 24.105 23.322 25.772 23.524 25.609 25.122 24.272 22.857 20.465 17.540 16.193 12.575 12.273  9.582 10.399 11.036 11.824 14.805 17.168
 21.972 20.688 18.033 17.359 14.325 15.702 13.931 15.862 18.635 17.407 17.311 17.299 15.400 17.278 15.962 18.113 17.126 19.377 20.062 19.385 15.780 13.240 10.677  8.175  9.854  9.695  5.923  6.847  9.716  8.247  6.810 10.415 12.106 11.084  9.262  6.470  3.885  0.000  3.843  5.611  5.418  8.578 10.471 14.209 17.234 20.793 20.110 18.142 14.578 13.289 12.572 10.214 13.318 15.428 16.415 17.289 20.878 20.564 19.947 22.597 20.672 23.075 23.020 22.604 20.927 18.858 15.626 14.667 11.379 11.461  9.628 10.382 12.000 12.935 15.801 18.381
 25.093 23.785 20.855 19.973 16.662 17.486 15.297 16.396 19.218 18.661 19.266 19.603 18.239 20.399 19.324 21.555 20.365 22.369 22.595 21.778 18.397 15.369 12.603 10.280 12.815 12.769  9.122 10.476 13.427 11.722 10.355 14.030 15.567 14.011 11.974  8.713  5.664  3.843  0.000  3.842  5.626  8.244 11.184 14.553 17.965 21.213 19.884 17.783 14.102 13.540 12.529 10.800 14.043 16.401 18.116 19.229 22.688 21.774 21.027 24.070 22.492 25.251 25.605 25.174 23.072 20.801 17.293 15.759 12.416 11.387  9.137  8.463  9.772 10.185 12.760 15.429
 25.278 23.454 20.280 18.744 15.128 15.189 12.497 13.137 15.767 15.499 16.603 17.401 16.666 19.351 18.981 21.720 20.992 23.359 23.535 23.305 19.946 17.137 13.862 12.349 14.633 13.591  9.954 11.953 14.076 11.441 10.663 14.466 15.103 12.843 11.355  7.624  6.021  5.611  3.842  0.000  3.837  6.723 10.100 13.193 16.827 19.910 18.336 16.864 13.487 13.707 13.698 12.739 16.365 18.107 19.541 19.980 23.608 22.836 21.472 24.365 22.451 25.060 25.280 24.324 22.066 19.316 15.912 13.700 10.113  8.355  5.533  4.963  6.648  8.135 11.135 14.001
 21.755 19.905 16.618 15.173 11.613 12.043  9.956 11.135 14.269 13.826 14.455 14.579 13.762 16.188 15.784 18.512 17.711 20.075 20.111 20.215 16.962 14.348 10.820 10.085 12.205 10.499  7.252 10.139 11.724  9.079  9.527 13.210 13.425 11.692 11.208  7.602  7.107  5.418  5.626  3.837  0.000  3.821  6.518  9.900 13.357 16.654 15.543 14.122 10.846 10.707 11.337 10.597 14.353 15.480 16.491 16.517 20.215 19.685 18.120 20.818 18.734 21.274 21.508 20.584 18.280 15.633 12.181 10.281  6.826  6.184  5.012  6.476  9.352 11.487 14.459 17.315
 21.396 19.627 16.048 14.679 11.247 11.493 10.047 10.537 14.149 14.439 15.273 14.910 14.621 16.757 16.464 19.028 17.863 19.818 19.152 19.488 16.714 13.928 10.147 10.581 13.137 11.125  8.840 12.383 13.685 11.360 12.666 16.120 16.027 14.599 14.699 11.215 10.856  8.578  8.244  6.723  3.821  0.000  3.828  6.551 10.222 13.275 11.904 10.383  7.182  7.757  9.144  9.691 13.473 13.923 15.153 14.923 18.422 17.500 15.508 18.380 16.589 19.442 20.234 19.436 16.606 14.034 10.329  8.290  5.792  5.130  6.159  7.322 10.883 13.227 15.834 18.724
 18.107 16.389 12.728 11.645  8.642  9.536  9.411 10.499 14.260 14.298 14.459 13.194 12.831 14.357 13.994 16.343 15.064 16.875 15.960 16.771 14.310 11.980  8.212  9.937 11.939  9.301  8.333 12.153 12.680 10.820 13.123 16.034 15.577 14.851 15.726 12.756 13.003 10.471 11.184 10.100  6.518  3.828  0.000  3.818  6.926 10.409  9.990  8.589  5.986  5.703  8.277  9.203 12.615 12.104 12.622 11.709 15.218 14.666 12.365 14.906 12.878 15.661 16.540 15.858 12.926 10.641  6.848  5.776  4.788  6.442  8.805 10.821 14.391 16.900 19.543 22.380
 18.800 17.044 13.293 12.112  9.652  9.877 10.443 10.636 14.356 15.105 15.528 14.026 14.438 15.732 15.798 17.999 16.701 18.137 16.588 17.858 16.075 13.989 10.527 12.998 14.947 12.192 11.917 15.723 15.897 14.114 16.733 19.461 18.626 17.906 19.154 16.216 16.658 14.209 14.553 13.193  9.900  6.551  3.818  0.000  3.822  6.808  6.259  5.492  4.514  5.755  9.334 11.449 14.417 13.087 13.531 12.031 15.029 14.230 11.197 13.571 11.802 14.662 16.076 15.310 11.836  9.629  6.167  5.046  6.337  7.696 10.972 12.775 16.425 19.104 21.474 24.248
 17.074 15.527 11.970 11.296  9.982 10.579 12.320 12.721 16.138 16.788 16.718 14.522 15.022 15.540 15.620 17.348 15.959 16.947 14.927 16.746 15.673 14.234 11.396 14.606 16.029 13.166 13.933 17.564 17.205 15.937 19.000 21.247 20.189 19.990 21.675 19.102 19.785 17.234 17.965 16.827 13.357 10.222  6.926  3.822  0.000  3.848  5.506  5.492  6.543  6.958 10.750 13.095 15.345 13.117 12.853 10.570 12.999 12.518  8.991 10.663  8.905 11.633 13.479 12.947  9.225  7.864  5.396  6.214  8.979 11.041 14.499 16.525 20.152 22.872 25.226 27.964
 19.354 17.890 14.583 13.880 13.020 13.008 14.861 14.553 17.632 18.839 19.053 16.923 17.958 18.382 18.767 20.337 18.996 19.639 17.219 19.224 18.702 17.396 14.838 18.141 19.641 16.868 17.709 21.341 20.929 19.627 22.720 24.955 23.730 23.432 25.229 22.594 23.302 20.793 21.213 19.910 16.654 13.275 10.409  6.808  3.848  0.000  3.850  5.556  8.424  9.686 13.316 16.168 18.107 15.566 15.403 13.023 14.635 13.871 10.088 11.259 10.247 12.650 14.944 14.404 10.614  9.707  8.404  8.899 12.034 13.572 17.213 18.967 22.539 25.290 27.391 30.041
 22.397 20.772 17.226 16.076 14.395 13.788 14.707 13.637 16.797 18.561 19.473 18.005 19.255 20.327 20.805 22.742 21.392 22.256 19.962 21.532 20.625 18.713 15.730 18.551 20.626 18.007 18.071 21.862 21.937 20.204 22.908 25.589 24.510 23.682 25.105 22.088 22.517 20.110 19.884 18.336 15.543 11.904  9.990  6.259  5.506  3.850  0.000  3.822  6.904  9.561 12.986 16.112 18.461 16.489 17.110 15.347 17.253 15.908 12.339 14.283 13.490 16.189 18.366 17.637 13.827 12.191 10.145  9.217 11.617 12.070 15.580 16.743 20.218 22.872 24.704 27.292
 21.829 20.664 17.141 16.565 14.725 14.900 15.603 15.076 18.607 19.975 20.672 19.102 19.664 20.572 20.389 22.041 20.170 20.731 18.302 19.291 18.360 16.028 13.161 15.862 18.306 16.209 16.226 19.951 20.535 19.183 21.597 24.396 23.864 23.245 24.238 21.118 20.984 18.142 17.783 16.864 14.122 10.383  8.589  5.492  5.492  5.556  3.822  0.000  3.826  6.422  9.500 12.885 15.056 13.238 14.408 13.328 15.253 13.360 10.189 12.944 12.645 15.937 18.370 18.262 14.541 13.268 10.524 10.032 11.667 12.142 15.222 16.023 19.580 21.876 23.710 26.378
 21.356 20.219 16.637 16.088 13.722 14.251 14.371 14.263 18.009 18.997 19.656 18.327 18.391 19.539 19.012 20.782 18.814 19.622 17.614 18.097 16.574 13.772 10.569 12.716 15.516 13.716 13.181 16.867 17.921 16.558 18.569 21.579 21.437 20.738 21.304 18.071 17.563 14.578 14.102 13.487 10.846  7.182  5.986  4.514  6.543  8.424  6.904  3.826  0.000  3.827  6.581  9.695 12.389 11.344 12.974 12.560 15.088 13.194 10.653 13.901 13.290 16.751 18.805 18.751 15.269 13.702 10.273  9.488  9.915 10.177 12.687 13.291 16.861 18.954 20.929 23.680
 18.599 17.926 14.602 14.803 12.837 14.368 14.923 15.747 19.538 19.827 19.819 18.036 17.362 17.955 16.777 18.077 15.707 16.237 14.256 14.429 12.876 10.024  7.043  9.589 12.238 10.786 10.874 14.335 15.429 14.785 16.845 19.535 19.745 19.657 20.187 17.302 16.656 13.289 13.540 13.707 10.707  7.757  5.703  5.755  6.958  9.686  9.561  6.422  3.827  0.000  3.840  6.658  9.074  7.777  9.265  9.221 11.937 10.209  8.261 11.677 11.084 14.671 16.677 17.173 14.066 13.122  9.700 10.104 10.373 11.615 13.780 14.784 18.306 20.228 22.455 25.242
 20.111 19.934 16.930 17.545 15.567 17.412 17.607 18.608 22.392 22.485 22.431 20.798 19.634 20.134 18.402 19.335 16.561 16.716 14.863 14.026 12.393  8.887  6.600  8.057 11.330 11.120 10.903 13.798 15.695 15.577 16.931 19.659 20.587 20.654 20.550 17.701 16.277 12.572 12.529 13.698 11.337  9.144  8.277  9.334 10.750 13.316 12.986  9.500  6.581  3.840  0.000  3.838  5.929  5.838  8.653 10.144 12.529 10.298  9.715 13.375 13.369 16.996 18.997 19.938 17.168 16.481 13.056 13.472 13.009 13.871 15.212 15.612 18.824 20.160 22.225 24.940
 19.243 19.248 16.578 17.437 15.477 17.780 17.792 19.388 23.044 22.568 22.163 20.594 18.814 19.203 17.009 17.758 14.951 15.279 14.174 12.769 10.444  6.651  4.757  4.625  8.183  8.930  8.505 10.715 13.097 13.514 14.351 16.887 18.359 18.736 18.260 15.763 14.029 10.214 10.800 12.739 10.597  9.691  9.203 11.449 13.095 16.168 16.112 12.885  9.695  6.658  3.838  0.000  3.852  5.677  8.123 10.291 12.987 11.476 11.693 14.948 14.532 17.808 19.239 20.266 18.035 17.387 14.026 14.631 13.484 14.584 15.214 15.766 18.660 19.736 21.998 24.672
 19.397 20.137 17.972 19.517 18.138 20.801 21.199 22.946 26.607 26.014 25.328 23.439 21.395 21.210 18.562 18.549 15.247 14.666 13.283 11.037  9.486  5.894  6.358  6.350  8.956 10.688 11.192 12.599 14.898 16.125 16.890 18.906 20.682 21.572 21.070 18.942 17.086 13.318 14.043 16.365 14.353 13.473 12.615 14.417 15.345 18.107 18.461 15.056 12.389  9.074  5.929  3.852  0.000  3.810  6.766 10.046 11.791 10.038 11.486 14.529 14.856 18.050 19.728 21.415 19.482 19.526 16.518 17.713 16.962 18.315 19.028 19.539 22.338 23.200 25.327 27.903
 17.268 18.164 16.026 17.863 16.988 19.732 20.746 22.456 26.145 25.667 24.823 22.515 20.701 20.131 17.612 17.373 13.914 12.890 10.697  8.990  8.350  5.429  6.063  8.077  9.951 10.727 12.175 14.082 15.545 16.751 18.294 20.104 21.322 22.392 22.520 20.421 19.158 15.428 16.401 18.107 15.480 13.923 12.104 13.087 13.117 15.566 16.489 13.238 11.344  7.777  5.838  5.677  3.810  0.000  3.836  6.958  8.291  6.282  7.833 10.805 11.501 14.796 16.890 18.850 16.828 17.361 14.706 16.459 16.535 18.352 19.783 20.720 23.860 25.155 27.375 30.039
 13.627 14.874 13.196 15.605 15.465 18.618 20.207 22.343 25.859 25.015 23.668 20.949 18.914 17.730 15.010 14.259 10.655  9.240  6.876  5.527  5.371  4.120  5.894  8.677  9.072  9.411 11.964 13.597 14.178 15.830 17.862 19.070 19.981 21.554 22.185 20.558 19.885 16.415 18.116 19.541 16.491 15.153 12.622 13.531 12.853 15.403 17.110 14.408 12.974  9.265  8.653  8.123  6.766  3.836  0.000  3.827  5.267  5.150  6.929  8.737  8.958 11.745 13.565 15.866 14.370 15.501 13.483 15.983 16.476 18.971 20.653 22.212 25.427 27.024 29.494 32.197
 10.969 11.874 10.050 12.572 12.978 16.125 18.272 20.449 23.806 22.952 21.420 18.389 16.647 15.200 12.889 12.273  9.037  7.993  5.166  6.245  6.294  6.420  6.866 10.418 10.275  9.194 12.201 14.249 13.906 15.194 17.908 18.946 19.128 20.714 21.983 20.452 20.466 17.289 19.229 19.980 16.517 14.923 11.709 12.031 10.570 13.023 15.347 13.328 12.560  9.221 10.144 10.291 10.046  6.958  3.827  0.000  3.856  5.489  5.465  6.215  5.336  8.068  9.961 12.200 10.661 12.165 10.722 13.762 14.954 17.898 20.083 22.137 25.510 27.527 30.138 32.890
 11.910 13.653 12.572 15.466 16.384 19.451 21.836 23.874 27.198 26.454 24.856 21.647 19.991 18.151 15.799 14.512 11.171  8.894  5.114  5.966  8.083  8.883 10.268 13.558 13.320 12.782 15.892 17.657 17.307 18.892 21.543 22.353 22.609 24.402 25.690 24.247 24.148 20.878 22.688 23.608 20.215 18.422 15.218 15.029 12.999 14.635 17.253 15.253 15.088 11.937 12.529 12.987 11.791  8.291  5.267  3.856  0.000  3.860  5.427  4.679  5.917  8.028 10.603 13.626 12.450 14.714 13.830 17.019 18.564 21.449 23.768 25.693 29.104 31.052 33.556 36.289
 15.527 16.890 15.211 17.573 17.787 20.504 22.473 24.067 27.614 27.294 26.177 23.268 21.861 20.575 18.361 17.561 14.148 12.199  8.652  8.372  9.925  9.235 10.155 13.321 14.124 13.890 16.335 18.453 18.808 20.050 22.420 23.779 24.278 25.649 26.569 24.661 24.105 20.564 21.774 22.836 19.685 17.500 14.666 14.230 12.518 13.871 15.908 13.360 13.194 10.209 10.298 11.476 10.038  6.282  5.150  5.489  3.860  0.000  3.836  5.444  7.795 10.835 13.823 16.446 14.544 16.227 14.656 17.272 18.657 21.015 23.302 24.722 28.155 29.905 32.169 34.878
 15.283 15.853 13.595 15.378 15.441 17.730 19.814 21.092 24.592 24.563 23.672 20.810 19.932 18.966 17.369 17.211 14.290 13.149  9.729 10.641 11.417 10.502 10.076 13.701 14.744 13.545 15.739 18.453 18.514 19.084 21.810 23.428 23.412 24.408 25.638 23.508 23.322 19.947 21.027 21.472 18.120 15.508 12.365 11.197  8.991 10.088 12.339 10.189 10.653  8.261  9.715 11.693 11.486  7.833  6.929  5.465  5.427  3.836  0.000  3.854  5.600  9.219 12.451 14.439 11.900 13.274 11.716 14.224 16.090 18.440 21.134 22.719 26.282 28.338 30.621 33.364
 13.429 14.362 12.777 15.034 16.018 18.438 21.094 22.584 25.816 25.578 24.290 21.058 20.202 18.627 17.127 16.467 13.779 12.227  8.598 10.494 12.075 12.355 12.484 16.200 16.453 15.031 17.799 20.240 19.653 20.479 23.517 24.644 24.312 25.665 27.311 25.550 25.772 22.597 24.070 24.365 20.818 18.380 14.906 13.571 10.663 11.259 14.283 12.944 13.901 11.677 13.375 14.948 14.529 10.805  8.737  6.215  4.679  5.444  3.854  0.000  3.841  6.404 10.018 12.532 10.590 12.963 12.507 15.613 17.959 20.729 23.612 25.585 29.160 31.404 33.811 36.557
 10.690 10.945  9.057 11.240 12.477 15.022 17.905 19.690 22.755 22.237 20.718 17.376 16.518 14.893 13.656 13.346 11.152 10.486  7.582 10.365 11.033 11.623 11.187 14.959 14.785 12.671 15.543 18.026 16.930 17.531 20.836 21.807 21.098 22.458 24.412 22.853 23.524 20.672 22.492 22.451 18.734 16.589 12.878 11.802  8.905 10.247 13.490 12.645 13.290 11.084 13.369 14.532 14.856 11.501  8.958  5.336  5.917  7.795  5.600  3.841  0.000  3.831  6.960  9.007  6.982  9.425  9.323 12.791 15.222 18.357 21.263 23.653 27.183 29.637 32.236 34.994
  8.596  9.024  8.251 10.851 13.156 15.725 19.057 21.086 23.741 22.908 20.938 17.306 16.452 14.163 13.180 12.383 10.881 10.193  7.942 11.495 12.493 14.034 13.975 17.557 16.668 14.401 17.597 19.689 17.928 18.720 22.219 22.630 21.551 23.247 25.607 24.507 25.609 23.075 25.251 25.060 21.274 19.442 15.661 14.662 11.633 12.650 16.189 15.937 16.751 14.671 16.996 17.808 18.050 14.796 11.745  8.068  8.028 10.835  9.219  6.404  3.831  0.000  3.839  6.600  6.050  9.567 10.828 14.551 17.183 20.604 23.528 26.262 29.712 32.308 35.027 37.761
  5.743  5.652  6.029  8.957 12.048 14.792 18.291 20.758 23.031 21.678 19.216 15.441 14.320 11.478 10.686  9.698  9.223  9.344  8.578 12.370 12.820 14.932 14.891 18.098 16.530 14.022 17.329 18.984 16.585 17.474 21.058 20.935 19.518 21.505 24.178 23.589 25.122 23.020 25.605 25.280 21.508 20.234 16.540 16.076 13.479 14.944 18.366 18.370 18.805 16.677 18.997 19.239 19.728 16.890 13.565  9.961 10.603 13.823 12.451 10.018  6.960  3.839  0.000  3.843  5.581  9.087 11.085 14.838 17.212 20.888 23.580 26.660 29.926 32.604 35.488 38.183
  7.620  5.349  4.936  6.391  9.873 12.057 15.751 18.162 20.037 18.628 16.106 12.317 11.789  9.220  9.697  9.906 10.586 11.901 11.695 15.346 15.032 16.726 15.915 18.960 17.497 14.386 17.193 19.048 16.327 16.487 20.247 20.184 18.150 19.761 22.798 22.261 24.272 22.604 25.174 24.324 20.584 19.436 15.858 15.310 12.947 14.404 17.637 18.262 18.751 17.173 19.938 20.266 21.415 18.850 15.866 12.200 13.626 16.446 14.439 12.532  9.007  6.600  3.843  0.000  3.843  6.640  9.569 12.980 15.497 19.173 21.931 25.257 28.402 31.294 34.213 36.855
 10.056  7.977  5.592  6.051  8.387 10.234 13.844 15.790 18.085 17.265 15.382 11.806 11.804 10.274 10.787 11.713 11.596 12.839 11.803 15.185 14.690 15.551 14.121 17.440 16.736 13.444 15.856 18.362 16.204 15.857 19.633 20.292 18.416 19.467 22.260 21.102 22.857 20.927 23.072 22.066 18.280 16.606 12.926 11.836  9.225 10.614 13.827 14.541 15.269 14.066 17.168 18.035 19.482 16.828 14.370 10.661 12.450 14.544 11.900 10.590  6.982  6.050  5.581  3.843  0.000  3.829  6.486  9.961 12.919 16.418 19.497 22.612 25.929 28.854 31.647 34.327
 12.536  9.751  6.493  4.647  5.578  6.591 10.191 11.999 14.304 13.634 12.109  8.832  9.543  9.258 10.568 12.633 12.888 14.878 14.185 17.143 15.884 16.063 13.818 16.790 16.482 12.822 14.402 17.233 15.211 13.999 17.746 18.828 16.679 17.072 19.896 18.486 20.465 18.858 20.801 19.316 15.633 14.034 10.641  9.629  7.864  9.707 12.191 13.268 13.702 13.122 16.481 17.387 19.526 17.361 15.501 12.165 14.714 16.227 13.274 12.963  9.425  9.567  9.087  6.640  3.829  0.000  3.817  6.594  9.646 13.054 16.192 19.424 22.653 25.717 28.509 31.155
 13.826 11.457  7.691  6.131  4.731  6.071  8.705 10.455 13.525 13.107 12.167  9.492  9.742 10.268 10.844 13.151 12.706 14.701 13.826 16.118 14.394 13.747 10.931 13.782 14.123 10.534 11.551 14.817 13.508 12.036 15.550 17.263 15.629 15.672 17.957 16.017 17.540 15.626 17.293 15.912 12.181 10.329  6.848  6.167  5.396  8.404 10.145 10.524 10.273  9.700 13.056 14.026 16.518 14.706 13.483 10.722 13.830 14.656 11.716 12.507  9.323 10.828 11.085  9.569  6.486  3.817  0.000  3.831  6.616 10.030 13.173 16.171 19.550 22.489 25.251 27.970
 17.373 14.763 11.013  8.604  5.781  4.928  6.138  7.002 10.415 10.655 10.751  9.190 10.275 12.052 13.138 15.994 15.777 18.037 17.288 19.212 17.117 15.848 12.471 14.698 15.642 12.129 11.931 15.431 14.577 12.205 15.301 17.583 15.854 14.975 17.023 14.611 16.193 14.667 15.759 13.700 10.281  8.290  5.776  5.046  6.214  8.899  9.217 10.032  9.488 10.104 13.472 14.631 17.713 16.459 15.983 13.762 17.019 17.272 14.224 15.613 12.791 14.551 14.838 12.980  9.961  6.594  3.831  0.000  3.825  6.637 10.105 13.078 16.413 19.531 22.210 24.893
 18.712 16.149 12.509 10.118  6.437  5.764  4.681  6.103  9.718  9.534  9.969  9.361  9.833 12.344 13.145 16.292 16.125 18.715 18.452 19.819 17.130 15.454 11.828 13.102 14.261 11.001  9.682 13.100 12.739  9.812 12.354 15.085 13.656 12.233 13.786 11.055 12.575 11.379 12.416 10.113  6.826  5.792  4.788  6.337  8.979 12.034 11.617 11.667  9.915 10.373 13.009 13.484 16.962 16.535 16.476 14.954 18.564 18.657 16.090 17.959 15.222 17.183 17.212 15.497 12.919  9.646  6.616  3.825  0.000  3.818  6.614  9.863 13.098 16.157 19.009 21.731
 22.466 19.942 16.307 13.842 10.141  8.708  6.250  5.658  9.154  9.961 11.614 12.079 12.941 15.843 16.710 19.905 19.647 22.154 21.766 22.811 20.043 17.869 14.084 14.797 16.581 13.796 11.664 14.982 15.302 12.088 13.751 16.952 15.797 13.628 14.484 11.220 12.273 11.461 11.387  8.355  6.184  5.130  6.442  7.696 11.041 13.572 12.070 12.142 10.177 11.615 13.871 14.584 18.315 18.352 18.971 17.898 21.449 21.015 18.440 20.729 18.357 20.604 20.888 19.173 16.418 13.054 10.030  6.637  3.818  0.000  3.822  6.576  9.866 13.082 15.760 18.480
 24.425 21.965 18.542 16.164 12.363 11.206  8.012  7.817 10.403 10.707 12.507 13.703 14.082 17.267 17.924 21.179 21.026 23.715 23.734 24.370 21.238 18.891 15.218 14.962 16.785 14.513 11.568 14.289 15.109 11.695 12.307 15.766 15.020 12.311 12.325  8.820  9.582  9.628  9.137  5.533  5.012  6.159  8.805 10.972 14.499 17.213 15.580 15.222 12.687 13.780 15.212 15.214 19.028 19.783 20.653 20.083 23.768 23.302 21.134 23.612 21.263 23.528 23.580 21.931 19.497 16.192 13.173 10.105  6.614  3.822  0.000  3.826  6.621  9.808 12.759 15.503
 27.553 25.325 21.855 19.699 15.912 14.833 11.705 10.880 13.218 14.054 16.171 17.486 17.819 20.917 21.307 24.385 23.889 26.318 26.116 26.360 23.266 20.475 16.854 16.195 18.593 16.896 13.660 16.219 17.732 14.592 14.540 18.216 18.019 15.246 14.480 10.809 10.399 10.382  8.463  4.963  6.476  7.322 10.821 12.775 16.525 18.967 16.743 16.023 13.291 14.784 15.612 15.766 19.539 20.720 22.212 22.137 25.693 24.722 22.719 25.585 23.653 26.262 26.660 25.257 22.612 19.424 16.171 13.078  9.863  6.576  3.826  0.000  3.828  6.760  9.470 12.373
 30.518 28.218 24.885 22.611 18.827 17.581 14.135 13.199 14.749 15.508 17.854 19.722 20.058 23.354 23.836 26.989 26.701 29.272 29.317 29.425 26.177 23.399 19.925 18.801 21.067 19.638 16.155 18.152 19.792 16.602 15.870 19.425 19.361 16.240 14.944 11.612 11.036 12.000  9.772  6.648  9.352 10.883 14.391 16.425 20.152 22.539 20.218 19.580 16.861 18.306 18.824 18.660 22.338 23.860 25.427 25.510 29.104 28.155 26.282 29.160 27.183 29.712 29.926 28.402 25.929 22.653 19.550 16.413 13.098  9.866  6.621  3.828  0.000  3.836  6.700  9.426
 32.909 30.820 27.571 25.526 21.771 20.802 17.407 16.644 18.133 18.750 20.968 22.835 22.876 26.070 26.261 29.243 28.778 31.219 31.313 31.057 27.762 24.806 21.560 19.962 22.379 21.480 17.833 19.406 21.492 18.601 17.278 20.798 21.240 18.206 16.282 13.169 11.824 12.935 10.185  8.135 11.487 13.227 16.900 19.104 22.872 25.290 22.872 21.876 18.954 20.228 20.160 19.736 23.200 25.155 27.024 27.527 31.052 29.905 28.338 31.404 29.637 32.308 32.604 31.294 28.854 25.717 22.489 19.531 16.157 13.082  9.808  6.760  3.836  0.000  3.845  6.769
 35.939 33.888 30.588 28.546 24.788 23.698 20.307 19.208 20.539 21.474 23.893 25.839 26.018 29.222 29.413 32.370 31.801 34.126 34.079 33.711 30.502 27.403 24.207 22.588 25.189 24.443 20.815 22.371 24.604 21.790 20.389 23.892 24.427 21.378 19.352 16.343 14.805 15.801 12.760 11.135 14.459 15.834 19.543 21.474 25.226 27.391 24.704 23.710 20.929 22.455 22.225 21.998 25.327 27.375 29.494 30.138 33.556 32.169 30.621 33.811 32.236 35.027 35.488 34.213 31.647 28.509 25.251 22.210 19.009 15.760 12.759  9.470  6.700  3.845  0.000  3.811
