  0.000  3.831  6.649 10.252 13.208 16.627 19.838 23.033 24.791 22.677 19.841 16.237 13.915 10.424  8.338  5.535  5.435  5.809  7.611 10.737 10.678 13.740 14.571 16.872 14.227 12.479 16.100 16.630 13.885 15.745 18.909 17.954 17.048 19.794 22.254 22.405 23.589 21.584 24.760 25.106 21.721 21.272 18.053 18.867 17.167 19.442 22.491 21.984 21.385 18.628 20.148 19.260 19.413 17.299 13.677 11.017 11.994 15.599 15.339 13.474 10.731  8.636  5.764  7.646 10.099 12.604 13.880 17.441 18.749 22.466 24.346 27.432 30.240 31.587 34.048 35.734
  3.831  0.000  3.826  6.840 10.120 13.301 16.609 19.788 21.333 19.110 16.201 12.557 10.476  6.949  5.861  4.760  6.335  8.430 10.002 13.166 12.258 14.624 14.481 16.770 14.368 11.768 14.938 15.839 12.729 13.771 17.246 16.458 14.858 17.259 20.118 20.265 21.949 20.294 23.459 23.271 19.833 19.497 16.307 17.081 15.606 17.991 20.862 20.782 20.217 17.929 19.937 19.214 20.104 18.160 14.901 11.909 13.723 16.942 15.897 14.405 10.988  9.071  5.690  5.408  8.039  9.827 11.490 14.807 16.157 19.939 21.856 25.182 27.867 29.177 31.558 33.197
  6.649  3.826  0.000  3.820  6.741 10.050 13.366 16.457 18.351 16.469 13.958 10.311  8.564  6.043  5.371  6.271  6.876  9.337 10.018 13.030 11.619 13.056 12.045 14.609 12.905  9.690 12.500 14.195 11.478 11.740 15.460 15.491 13.823 15.562 18.366 17.908 19.550 17.723 20.607 20.187 16.601 15.966 12.673 13.329 12.032 14.650 17.292 17.242 16.646 14.638 16.979 16.602 18.003 16.078 13.287 10.135 12.665 15.285 13.648 12.810  9.083  8.246  5.982  4.871  5.567  6.508  7.706 11.047 12.528 16.313 18.464 21.780 24.608 26.019 28.392 30.048
 10.252  6.840  3.820  0.000  3.820  6.510 10.002 13.027 14.720 12.799 10.363  6.688  5.808  4.710  6.197  8.771 10.041 12.916 13.523 16.312 14.463 15.183 13.298 15.598 14.383 10.694 12.492 14.580 11.871 10.904 14.724 15.138 12.801 13.759 16.896 16.295 18.462 17.104 19.783 18.689 15.152 14.635 11.594 12.127 11.350 13.962 16.140 16.627 16.078 14.833 17.582 17.439 19.526 17.901 15.688 12.655 15.552 17.637 15.427 15.070 11.274 10.860  8.943  6.365  6.047  4.677  6.133  8.626 10.131 13.878 16.086 19.642 22.295 23.656 25.901 27.489
 13.208 10.120  6.741  3.820  0.000  3.825  6.690  9.962 11.957 10.421  8.609  5.719  5.077  6.358  7.543 10.783 11.581 14.621 15.068 17.250 14.833 14.632 11.978 13.865 13.340  9.499 10.192 12.783 10.693  8.711 12.391 13.624 11.409 11.484 14.349 13.185 15.359 14.121 16.525 15.108 11.611 11.251  8.645  9.702 10.075 13.141 14.504 14.798 13.746 12.923 15.652 15.511 18.178 17.066 15.589 13.102 16.504 17.889 15.536 16.095 12.545 13.191 12.046  9.860  8.403  5.619  4.757  5.838  6.470 10.193 12.289 15.863 18.519 19.927 22.231 23.896
 16.627 13.301 10.050  6.510  3.825  0.000  3.830  6.594  8.521  7.307  6.343  4.529  6.323  8.804 10.927 14.341 15.374 18.380 18.618 20.846 18.469 17.924 14.896 16.631 16.596 12.814 12.705 15.471 13.671 10.927 14.184 15.758 13.155 12.225 15.159 13.740 16.294 15.560 17.408 15.230 12.032 11.556  9.551  9.907 10.668 13.158 13.906 14.940 14.262 14.441 17.474 17.783 20.814 19.792 18.729 16.244 19.566 20.600 17.824 18.525 15.106 15.782 14.822 12.085 10.286  6.662  6.107  4.978  5.785  8.812 11.135 14.838 17.249 18.583 20.601 22.111
 19.838 16.609 13.366 10.002  6.690  3.830  0.000  3.837  5.811  5.416  5.983  6.447  8.125 11.433 13.325 16.936 17.877 20.997 21.310 23.097 20.363 19.270 15.902 16.977 17.425 13.921 12.731 15.475 14.286 10.875 13.372 15.498 13.061 11.093 13.547 11.719 14.394 14.234 15.590 12.835 10.215 10.299  9.571 10.420 12.308 14.827 14.626 15.495 14.354 15.072 17.798 18.004 21.419 20.968 20.490 18.523 22.055 22.648 19.938 21.196 18.015 19.139 18.383 15.812 13.874 10.203  8.736  6.105  4.843  6.434  8.100 11.811 13.882 15.141 17.115 18.669
 23.033 19.788 16.457 13.027  9.962  6.594  3.837  0.000  3.851  5.699  7.954  9.226 11.604 14.860 16.924 20.480 21.302 24.254 24.232 26.042 23.452 22.081 18.529 19.668 20.568 17.163 15.734 18.659 17.808 14.314 16.454 18.832 16.467 14.088 16.187 14.055 16.523 16.490 17.121 13.967 11.840 11.439 11.225 11.229 13.233 15.047 14.163 15.580 14.895 16.454 19.333 20.051 23.601 23.121 22.997 21.042 24.433 24.664 21.665 23.068 20.130 21.401 20.982 18.296 16.008 12.218 10.853  7.496  6.782  6.602  8.456 11.630 13.431 14.597 16.103 17.413
 24.791 21.333 18.351 14.720 11.957  8.521  5.811  3.851  0.000  3.839  6.962  9.492 12.157 15.675 18.162 21.861 23.186 26.398 26.758 28.633 25.901 24.744 21.300 22.131 22.710 19.338 17.783 20.243 19.129 15.497 17.308 19.325 16.614 13.922 16.144 14.597 17.547 18.232 18.993 15.635 14.051 14.365 14.436 14.744 16.651 18.405 17.613 19.129 18.384 19.825 22.559 22.966 26.533 26.220 25.947 23.959 27.400 27.866 24.946 26.170 23.049 23.976 23.124 20.145 18.347 14.601 13.765 10.770  9.809  9.526 10.265 13.244 14.226 14.998 16.213 17.365
 22.677 19.110 16.469 12.799 10.421  7.307  5.416  5.699  3.839  0.000  3.810  6.858  9.545 13.067 15.813 19.532 21.255 24.639 25.371 27.380 24.617 23.881 20.699 21.515 21.549 18.096 16.888 18.992 17.363 13.888 15.928 17.405 14.333 11.986 14.750 13.854 17.181 17.969 19.359 16.268 14.416 15.097 14.719 15.404 16.985 19.052 18.864 20.226 19.345 20.209 22.906 22.940 26.339 25.961 25.268 23.130 26.584 27.479 24.734 25.638 22.259 22.798 21.479 18.371 17.115 13.544 13.179 10.893 10.011 10.771 11.409 14.773 15.781 16.500 17.861 19.021
 19.841 16.201 13.958 10.363  8.609  6.343  5.983  7.954  6.962  3.810  0.000  3.834  6.440  9.848 12.874 16.557 18.665 22.171 23.258 25.415 22.696 22.451 19.622 20.517 19.957 16.437 15.780 17.533 15.306 12.199 14.643 15.474 12.063 10.476 13.837 13.584 17.078 17.728 19.759 17.108 14.882 15.733 14.783 15.768 16.917 19.267 19.716 20.875 19.909 20.139 22.781 22.482 25.619 25.102 23.943 21.645 25.044 26.387 23.863 24.404 20.812 20.933 19.147 15.990 15.350 12.135 12.287 10.973 10.346 12.170 12.922 16.551 17.812 18.602 20.284 21.598
 16.237 12.557 10.311  6.688  5.719  4.529  6.447  9.226  9.492  6.858  3.834  0.000  3.828  6.619  9.833 13.384 15.470 18.863 19.883 22.289 19.834 19.959 17.407 18.779 17.914 14.223 14.382 16.259 13.655 11.134 14.296 14.875 11.558 11.038 14.603 14.312 17.477 17.421 19.805 17.660 14.821 15.201 13.417 14.241 14.739 17.175 18.262 19.312 18.528 18.286 21.051 20.795 23.622 22.715 21.163 18.581 21.818 23.451 20.990 21.184 17.489 17.341 15.412 12.259 11.837  8.933  9.642  9.419  9.648 12.470 13.909 17.682 19.536 20.567 22.500 23.929
 13.915 10.476  8.564  5.808  5.077  6.323  8.125 11.604 12.157  9.545  6.440  3.828  0.000  3.843  6.498 10.208 12.438 16.055 17.576 19.696 17.004 17.387 15.217 16.252 14.864 11.368 11.820 13.144 10.177  8.151 11.468 11.563  8.366  8.806 12.388 12.545 15.527 15.368 18.265 16.698 13.845 14.702 12.900 14.518 15.124 18.086 19.383 19.754 18.448 17.489 19.774 18.917 21.488 20.814 19.058 16.775 20.113 21.973 20.029 20.267 16.571 16.463 14.288 11.740 11.800  9.582  9.776 10.361  9.953 13.114 14.102 17.765 19.694 20.741 22.971 24.581
 10.424  6.949  6.043  4.710  6.358  8.804 11.433 14.860 15.675 13.067  9.848  6.619  3.843  0.000  3.819  7.005  9.752 13.279 15.109 17.536 15.250 16.429 14.985 16.381 14.347 11.045 12.660 13.598 10.149  9.533 13.018 12.378  9.612 11.314 14.717 15.173 17.739 17.105 20.291 19.286 16.209 16.754 14.372 15.803 15.644 18.512 20.450 20.679 19.577 18.044 20.231 19.262 21.262 20.209 17.842 15.306 18.262 20.672 19.050 18.688 14.948 14.188 11.467  9.205 10.302  9.332 10.315 12.135 12.428 15.955 17.236 20.814 22.974 24.078 26.371 27.987
  8.338  5.861  5.371  6.197  7.543 10.927 13.325 16.924 18.162 15.813 12.874  9.833  6.498  3.819  0.000  3.813  6.269  9.990 12.237 14.257 11.803 13.290 12.437 13.657 11.136  8.261 10.587 11.051  7.547  8.274 11.637 10.777  9.070 11.562 14.326 14.758 16.653 15.551 18.971 18.671 15.606 16.222 13.820 15.716 15.588 18.758 20.786 20.360 18.887 16.708 18.344 16.922 18.487 17.570 15.023 12.902 15.851 18.373 17.354 17.121 13.638 13.183 10.685  9.696 10.763 10.546 10.752 13.071 13.047 16.596 17.697 20.974 23.311 24.485 26.975 28.715
  5.535  4.760  6.271  8.771 10.783 14.341 16.936 20.480 21.861 19.532 16.557 13.384 10.208  7.005  3.813  0.000  3.828  7.157 10.099 12.118 10.251 12.723 12.967 14.291 11.217  9.275 12.395 12.299  9.025 11.004 13.938 12.598 11.681 14.687 17.066 17.660 19.071 17.628 21.121 21.363 18.317 18.744 16.147 17.913 17.303 20.305 22.708 22.018 20.645 17.974 19.241 17.641 18.438 17.289 14.216 12.228 14.524 17.537 17.161 16.429 13.293 12.363  9.676  9.889 11.670 12.602 13.058 15.928 16.191 19.768 20.946 24.038 26.487 27.678 30.210 31.959
  5.435  6.335  6.876 10.041 11.581 15.374 17.877 21.302 23.186 21.255 18.665 15.470 12.438  9.752  6.269  3.828  0.000  3.821  6.685  8.358  6.553  9.347 10.241 11.872  8.914  7.587 11.274 11.426  9.079 11.521 14.283 13.566 13.482 16.259 18.093 18.105 18.804 16.682 19.961 20.716 17.605 17.627 14.928 16.671 15.941 18.963 21.383 20.196 18.731 15.645 16.515 14.898 15.190 13.860 10.624  8.984 11.163 14.119 14.236 13.715 11.072 10.818  9.149 10.537 11.539 12.869 12.660 15.768 16.093 19.546 20.876 23.641 26.368 27.694 30.304 32.114
  5.809  8.430  9.337 12.916 14.621 18.380 20.997 24.254 26.398 24.639 22.171 18.863 16.055 13.279  9.990  7.157  3.821  0.000  3.877  5.420  5.383  8.992 11.002 12.921 10.244  9.884 13.689 13.850 12.195 14.866 17.384 16.786 17.102 19.870 21.445 21.253 21.495 18.965 21.991 23.149 20.042 19.646 16.815 18.193 17.002 19.662 22.317 20.863 19.637 16.256 16.756 15.321 14.705 12.925  9.280  7.999  8.940 12.245 13.166 12.217 10.457 10.158  9.279 11.861 12.816 14.896 14.724 18.090 18.741 22.097 23.629 26.159 29.063 30.458 33.064 34.866
  7.611 10.002 10.018 13.523 15.068 18.618 21.310 24.232 26.758 25.371 23.258 19.883 17.576 15.109 12.237 10.099  6.685  3.877  0.000  3.839  5.541  8.343 10.292 13.006 11.331 10.837 14.518 15.480 14.381 16.551 19.227 19.294 19.557 21.875 23.407 22.629 22.628 19.658 22.219 23.400 20.127 19.031 15.950 16.706 15.042 17.289 20.073 18.501 17.686 14.305 14.915 14.222 13.318 10.734  6.916  5.202  5.168  8.704  9.777  8.617  7.606  7.961  8.579 11.726 11.852 14.270 13.927 17.406 18.530 21.746 23.703 26.064 29.233 30.770 33.318 35.089
 10.737 13.166 13.030 16.312 17.250 20.846 23.097 26.042 28.633 27.380 25.415 22.289 19.696 17.536 14.257 12.118  8.358  5.420  3.839  0.000  3.838  6.529  9.635 11.628 10.107 10.920 14.297 14.786 14.497 17.081 19.132 19.295 20.285 22.619 23.557 22.710 22.096 18.936 21.335 23.096 20.192 19.305 16.732 17.944 16.822 19.249 21.610 19.453 18.135 14.450 14.055 12.804 11.061  9.009  5.533  6.235  5.996  8.409 10.666 10.501 10.362 11.504 12.362 15.358 15.205 17.194 16.179 19.297 19.862 22.729 24.298 26.233 29.337 30.838 33.442 35.265
 10.678 12.258 11.619 14.463 14.833 18.469 20.363 23.452 25.901 24.617 22.696 19.834 17.004 15.250 11.803 10.251  6.553  5.383  5.541  3.838  0.000  3.840  6.819  8.305  6.337  7.337 10.653 10.967 10.837 13.476 15.349 15.628 16.802 19.046 19.804 18.989 18.367 15.331 17.964 19.708 16.924 16.510 14.259 16.136 15.723 18.707 20.686 18.475 16.581 12.893 12.426 10.479  9.505  8.364  5.381  6.269  8.097  9.942 11.419 12.056 10.994 12.463 12.767 15.004 14.671 15.904 14.417 17.180 17.157 19.948 21.151 23.088 26.046 27.492 30.162 32.042
 13.740 14.624 13.056 15.183 14.632 17.924 19.270 22.081 24.744 23.881 22.451 19.959 17.387 16.429 13.290 12.723  9.347  8.992  8.343  6.529  3.840  0.000  3.833  5.233  5.109  6.519  8.825  9.808 10.828 12.818 14.326 15.488 16.921 18.514 18.813 17.367 16.220 12.786 14.915 16.907 14.308 13.704 11.926 14.034 14.254 17.367 18.753 16.110 13.763 10.031  8.918  6.689  5.911  5.432  4.113  6.373  8.868  9.225 10.480 12.314 11.558 13.979 14.857 16.674 15.503 16.054 13.745 15.892 15.463 17.735 18.799 20.304 23.336 24.853 27.523 29.434
 14.571 14.481 12.045 13.298 11.978 14.896 15.902 18.529 21.300 20.699 19.622 17.407 15.217 14.985 12.437 12.967 10.241 11.002 10.292  9.635  6.819  3.833  0.000  3.845  5.375  4.956  6.322  8.669  9.834 10.698 12.465 14.377 15.384 16.308 16.706 14.737 13.788 10.246 12.183 13.685 10.793  9.931  8.161 10.564 11.403 14.806 15.769 13.213 10.548  7.058  6.640  4.780  6.355  6.065  5.912  6.842 10.258 10.142 10.051 12.441 11.119 13.910 14.806 15.851 14.060 13.795 10.914 12.511 11.835 13.948 15.135 16.720 19.883 21.507 24.181 26.114
 16.872 16.770 14.609 15.598 13.865 16.631 16.977 19.668 22.131 21.515 20.517 18.779 16.252 16.381 13.657 14.291 11.872 12.921 13.006 11.628  8.305  5.233  3.845  0.000  3.846  5.434  5.093  6.301  8.806  9.935 10.512 12.576 14.417 15.253 14.826 12.957 11.275  7.716  9.831 12.080 10.029 10.339  9.893 13.018 14.602 18.105 18.589 15.886 12.683  9.612  8.115  4.678  6.354  8.081  8.679 10.385 13.544 13.309 13.679 16.157 14.886 17.484 17.994 18.873 17.362 16.748 13.736 14.717 13.092 14.641 14.859 15.957 18.731 20.183 22.943 24.956
 14.227 14.368 12.905 14.383 13.340 16.596 17.425 20.568 22.710 21.549 19.957 17.914 14.864 14.347 11.136 11.217  8.914 10.244 11.331 10.107  6.337  5.109  5.375  3.846  0.000  3.862  5.378  4.905  6.320  8.774  9.643 10.569 12.484 14.216 14.185 13.259 12.251  9.429 12.428 14.343 12.148 12.912 11.882 14.964 16.029 19.611 20.661 18.343 15.483 12.258 11.384  8.239  8.978  9.962  9.077 10.235 13.308 14.117 14.719 16.402 14.702 16.582 16.411 17.396 16.648 16.437 14.072 15.658 14.257 16.461 16.679 18.322 20.893 22.201 24.981 26.968
 12.479 11.768  9.690 10.694  9.499 12.814 13.921 17.163 19.338 18.096 16.437 14.223 11.368 11.045  8.261  9.275  7.587  9.884 10.837 10.920  7.337  6.519  4.956  5.434  3.862  0.000  3.849  5.394  5.101  6.457  8.740  9.954 10.698 12.181 13.026 11.912 11.891  9.286 12.424 13.351 10.440 10.922  9.237 12.209 13.180 16.865 18.052 16.250 13.686 10.822 11.183  8.975 10.717 10.767  9.475  9.217 12.823 13.923 13.557 15.017 12.627 14.346 13.931 14.305 13.373 12.787 10.487 12.146 10.994 13.692 14.395 16.660 19.407 20.824 23.580 25.541
 16.100 14.938 12.500 12.492 10.192 12.705 12.731 15.734 17.783 16.888 15.780 14.382 11.820 12.660 10.587 12.395 11.274 13.689 14.518 14.297 10.653  8.825  6.322  5.093  5.378  3.849  0.000  3.841  5.401  5.055  6.259  8.786  9.892 10.339 10.408  8.625  8.192  5.535  8.803  9.675  7.164  8.604  8.259 11.886 13.902 17.669 18.079 16.182 13.090 10.870 10.922  8.498 11.168 12.166 11.986 12.196 15.898 16.324 15.710 17.756 15.478 17.530 17.239 17.117 15.779 14.356 11.476 11.922  9.657 11.529 11.435 13.353 15.907 17.306 20.155 22.214
 16.630 15.839 14.195 14.580 12.783 15.471 15.475 18.659 20.243 18.992 17.533 16.259 13.144 13.598 11.051 12.299 11.426 13.850 15.480 14.786 10.967  9.808  8.669  6.301  4.905  5.394  3.841  0.000  3.845  5.417  4.904  6.342  8.747 10.017  9.416  8.835  8.106  6.442 10.119 11.547 10.010 12.131 12.082 15.699 17.552 21.317 21.875 19.913 16.771 14.324 13.798 10.692 12.552 14.060 13.612 14.251 17.679 18.449 18.435 20.216 17.986 19.658 18.934 19.014 18.324 17.225 14.769 15.439 13.085 14.854 14.133 15.797 17.797 18.893 21.725 23.763
 13.885 12.729 11.478 11.871 10.693 13.671 14.286 17.808 19.129 17.363 15.306 13.655 10.177 10.149  7.547  9.025  9.079 12.195 14.381 14.497 10.837 10.828  9.834  8.806  6.320  5.101  5.401  3.845  0.000  3.855  5.328  5.069  6.248  8.577  9.360  9.668 10.398  9.382 13.143 13.746 11.632 13.499 12.635 15.912 17.240 20.960 21.995 20.552 17.869 15.455 15.726 13.095 14.872 15.549 14.219 13.938 17.359 18.837 18.532 19.662 16.924 17.924 16.558 16.316 16.198 15.241 13.496 14.622 12.762 15.250 14.983 17.376 19.383 20.453 23.202 25.153
 15.745 13.771 11.740 10.904  8.711 10.927 10.875 14.314 15.497 13.888 12.199 11.134  8.151  9.533  8.274 11.004 11.521 14.866 16.551 17.081 13.476 12.818 10.698  9.935  8.774  6.457  5.055  5.417  3.855  0.000  3.848  5.436  5.075  5.749  7.067  6.718  8.453  8.048 11.562 11.185  8.991 11.200 10.752 14.072 15.912 19.611 20.214 19.129 16.463 14.780 15.586 13.491 16.084 16.731 15.846 15.192 18.901 20.038 19.056 20.437 17.473 18.657 17.388 16.414 15.787 13.962 11.954 12.191  9.797 12.036 11.565 14.250 16.161 17.266 20.007 21.980
 18.909 17.246 15.460 14.724 12.391 14.184 13.372 16.454 17.308 15.928 14.643 14.296 11.468 13.018 11.637 13.938 14.283 17.384 19.227 19.132 15.349 14.326 12.465 10.512  9.643  8.740  6.259  4.904  5.328  3.848  0.000  3.842  5.579  5.585  4.569  4.775  5.810  6.619 10.146 10.215  9.327 12.410 13.001 16.625 18.921 22.648 22.854 21.458 18.393 16.777 16.873 14.268 16.795 18.227 17.844 17.879 21.533 22.373 21.745 23.453 20.760 22.156 20.987 20.190 19.561 17.696 15.438 15.238 12.276 13.604 12.084 13.995 15.293 16.143 18.926 20.952
 17.954 16.458 15.491 15.138 13.624 15.758 15.498 18.832 19.325 17.405 15.474 14.875 11.563 12.378 10.777 12.598 13.566 16.786 19.294 19.295 15.628 15.488 14.377 12.576 10.569  9.954  8.786  6.342  5.069  5.436  3.842  0.000  3.846  6.041  5.830  7.958  9.290 10.199 13.801 14.019 13.031 15.891 15.942 19.402 21.227 24.941 25.584 24.323 21.451 19.510 19.640 16.840 18.846 20.080 19.096 18.968 22.402 23.791 23.421 24.641 21.792 22.629 20.923 20.183 20.277 18.831 17.201 17.560 15.039 16.848 15.552 17.680 18.795 19.460 22.091 23.985
 17.048 14.858 13.823 12.801 11.409 13.155 13.061 16.467 16.614 14.333 12.063 11.558  8.366  9.612  9.070 11.681 13.482 17.102 19.557 20.285 16.802 16.921 15.384 14.417 12.484 10.698  9.892  8.747  6.248  5.075  5.579  3.846  0.000  3.830  6.083  8.283 10.909 11.936 15.398 14.738 13.267 15.856 15.511 18.589 20.206 23.764 24.534 23.821 21.342 19.758 20.605 18.343 20.664 21.347 20.064 19.211 22.718 24.346 23.459 24.365 21.141 21.606 19.564 18.199 18.451 16.722 15.599 15.847 13.623 15.738 14.808 17.536 18.671 19.358 21.856 23.658
 19.794 17.259 15.562 13.759 11.484 12.225 11.093 14.088 13.922 11.986 10.476 11.038  8.806 11.314 11.562 14.687 16.259 19.870 21.875 22.619 19.046 18.514 16.308 15.253 14.216 12.181 10.339 10.017  8.577  5.749  5.585  6.041  3.830  0.000  3.852  5.697  9.178 10.981 13.880 12.456 11.461 14.381 14.713 17.767 19.910 23.378 23.612 23.074 20.536 19.575 20.573 18.623 21.460 22.323 21.553 20.718 24.424 25.621 24.360 25.631 22.422 23.232 21.496 19.766 19.443 17.054 15.566 14.889 12.124 13.509 12.030 14.677 15.429 16.024 18.462 20.283
 22.254 20.118 18.366 16.896 14.349 15.159 13.547 16.187 16.144 14.750 13.837 14.603 12.388 14.717 14.326 17.066 18.093 21.445 23.407 23.557 19.804 18.813 16.706 14.826 14.185 13.026 10.408  9.416  9.360  7.067  4.569  5.830  6.083  3.852  0.000  3.824  6.561  9.312 11.938 10.960 11.049 14.542 15.676 19.090 21.656 25.228 25.103 24.123 21.167 20.171 20.530 18.205 21.002 22.495 22.221 22.024 25.746 26.580 25.637 27.318 24.415 25.625 24.192 22.828 22.274 19.926 17.915 17.015 13.763 14.417 12.126 13.891 14.186 14.599 17.134 19.047
 22.405 20.265 17.908 16.295 13.185 13.740 11.719 14.055 14.597 13.854 13.584 14.312 12.545 15.173 14.758 17.660 18.105 21.253 22.629 22.710 18.989 17.367 14.737 12.957 13.259 11.912  8.625  8.835  9.668  6.718  4.775  7.958  8.283  5.697  3.824  0.000  3.896  6.499  8.641  7.224  7.443 11.073 12.726 16.168 19.094 22.608 22.109 20.991 17.921 17.258 17.623 15.629 18.786 20.325 20.533 20.454 24.251 24.615 23.472 25.529 22.841 24.517 23.602 22.314 21.139 18.558 16.013 14.662 11.096 11.197  8.687 10.255 10.960 11.749 14.577 16.704
 23.589 21.949 19.550 18.462 15.359 16.294 14.394 16.523 17.547 17.181 17.078 17.477 15.527 17.739 16.653 19.071 18.804 21.495 22.628 22.096 18.367 16.220 13.788 11.275 12.251 11.891  8.192  8.106 10.398  8.453  5.810  9.290 10.909  9.178  6.561  3.896  0.000  3.893  5.610  5.721  7.007 10.679 12.895 16.545 19.656 23.200 22.489 20.782 17.338 16.460 16.021 13.673 16.666 18.797 19.565 20.187 23.860 23.789 23.053 25.503 23.268 25.368 24.880 24.107 22.700 20.390 17.408 16.195 12.602 12.292  9.664 10.071 10.911 11.739 14.666 16.875
 21.584 20.294 17.723 17.104 14.121 15.560 14.234 16.490 18.232 17.969 17.728 17.421 15.368 17.105 15.551 17.628 16.682 18.965 19.658 18.936 15.331 12.786 10.246  7.716  9.429  9.286  5.535  6.442  9.382  8.048  6.619 10.199 11.936 10.981  9.312  6.499  3.893  0.000  3.843  5.517  5.377  8.320 10.255 13.990 16.960 20.535 19.964 17.862 14.289 13.003 12.272  9.820 12.873 14.994 15.984 16.861 20.447 20.131 19.542 22.171 20.241 22.646 22.582 22.234 20.569 18.587 15.328 14.526 11.287 11.366  9.693 10.211 12.137 13.383 16.326 18.523
 24.760 23.459 20.607 19.783 16.525 17.408 15.590 17.121 18.993 19.359 19.759 19.805 18.265 20.291 18.971 21.121 19.961 21.991 22.219 21.335 17.964 14.915 12.183  9.831 12.428 12.424  8.803 10.119 13.143 11.562 10.146 13.801 15.398 13.880 11.938  8.641  5.610  3.843  0.000  3.842  5.581  8.013 11.003 14.352 17.713 20.978 19.761 17.481 13.797 13.232 12.159 10.322 13.522 15.925 17.675 18.819 22.262 21.326 20.625 23.663 22.097 24.867 25.223 24.869 22.773 20.588 17.049 15.664 12.358 11.303  9.263  8.368 10.190 11.505 14.363 16.603
 25.106 23.271 20.187 18.689 15.108 15.230 12.835 13.967 15.635 16.268 17.108 17.660 16.698 19.286 18.671 21.363 20.716 23.149 23.400 23.096 19.708 16.907 13.685 12.080 14.343 13.351  9.675 11.547 13.746 11.185 10.215 14.019 14.738 12.456 10.960  7.224  5.721  5.517  3.842  0.000  3.834  6.828 10.193 13.288 16.896 20.033 18.565 16.904 13.527 13.743 13.664 12.545 16.124 17.945 19.393 19.863 23.489 22.725 21.420 24.295 22.363 24.952 25.126 24.220 22.008 19.322 15.898 13.823 10.221  8.488  5.759  4.929  6.898  8.586 11.672 14.040
 21.721 19.833 16.601 15.152 11.611 12.032 10.215 11.840 14.051 14.416 14.882 14.821 13.845 16.209 15.606 18.317 17.605 20.042 20.127 20.192 16.924 14.308 10.793 10.029 12.148 10.440  7.164 10.010 11.632  8.991  9.327 13.031 13.267 11.461 11.049  7.443  7.007  5.377  5.581  3.834  0.000  3.819  6.576  9.912 13.362 16.680 15.628 14.072 10.806 10.751 11.367 10.544 14.285 15.452 16.493 16.513 20.207 19.668 18.113 20.796 18.693 21.218 21.423 20.518 18.227 15.611 12.139 10.319  6.851  6.107  4.971  6.286  9.283 11.114 14.037 16.238
 21.272 19.497 15.966 14.635 11.251 11.556 10.299 11.439 14.365 15.097 15.733 15.201 14.702 16.754 16.222 18.744 17.627 19.646 19.031 19.305 16.510 13.704  9.931 10.339 12.912 10.922  8.604 12.131 13.499 11.200 12.410 15.891 15.856 14.381 14.542 11.073 10.679  8.320  8.013  6.828  3.819  0.000  3.827  6.568 10.203 13.300 12.029 10.323  7.101  7.669  8.996  9.428 13.216 13.719 14.988 14.780 18.272 17.338 15.384 18.254 16.456 19.305 20.078 19.329 16.517 14.001 10.279  8.375  5.859  5.132  6.257  7.488 11.080 13.088 15.672 17.659
 18.053 16.307 12.673 11.594  8.645  9.551  9.571 11.225 14.436 14.719 14.783 13.417 12.900 14.372 13.820 16.147 14.928 16.815 15.950 16.732 14.259 11.926  8.161  9.893 11.882  9.237  8.259 12.082 12.635 10.752 13.001 15.942 15.511 14.713 15.676 12.726 12.895 10.255 11.003 10.193  6.576  3.827  0.000  3.820  6.881 10.385 10.045  8.555  5.948  5.713  8.286  9.149 12.561 12.068 12.609 11.676 15.174 14.618 12.316 14.836 12.786 15.553 16.412 15.748 12.819 10.563  6.767  5.796  4.796  6.358  8.800 10.928 14.451 16.342 18.807 20.651
 18.867 17.081 13.329 12.127  9.702  9.907 10.420 11.229 14.744 15.404 15.768 14.241 14.518 15.803 15.716 17.913 16.671 18.193 16.706 17.944 16.136 14.034 10.564 13.018 14.964 12.209 11.886 15.699 15.912 14.072 16.625 19.402 18.589 17.767 19.090 16.168 16.545 13.990 14.352 13.288  9.912  6.568  3.820  0.000  3.823  6.822  6.306  5.475  4.511  5.813  9.378 11.444 14.439 13.148 13.636 12.130 15.110 14.299 11.265 13.625 11.842 14.675 16.069 15.299 11.823  9.605  6.168  5.038  6.285  7.543 10.898 12.915 16.455 18.370 20.497 22.110
 17.167 15.606 12.032 11.350 10.075 10.668 12.308 13.233 16.651 16.985 16.917 14.739 15.124 15.644 15.588 17.303 15.941 17.002 15.042 16.822 15.723 14.254 11.403 14.602 16.029 13.180 13.902 17.552 17.240 15.912 18.921 21.227 20.206 19.910 21.656 19.094 19.656 16.960 17.713 16.896 13.362 10.203  6.881  3.823  0.000  3.848  5.512  5.521  6.523  6.941 10.736 13.058 15.337 13.143 12.934 10.661 13.067 12.562  9.036 10.708  8.956 11.661 13.501 12.972  9.246  7.874  5.455  6.236  8.958 10.947 14.441 16.673 20.167 22.022 24.059 25.567
 19.442 17.991 14.650 13.962 13.141 13.158 14.827 15.047 18.405 19.052 19.267 17.175 18.086 18.512 18.758 20.305 18.963 19.662 17.289 19.249 18.707 17.367 14.806 18.105 19.611 16.865 17.669 21.317 20.960 19.611 22.648 24.941 23.764 23.378 25.228 22.608 23.200 20.535 20.978 20.033 16.680 13.300 10.385  6.822  3.848  0.000  3.849  5.589  8.410  9.619 13.240 16.084 18.043 15.527 15.419 13.060 14.640 13.843 10.065 11.257 10.276 12.672 14.980 14.462 10.671  9.761  8.495  8.958 12.051 13.539 17.207 19.216 22.636 24.488 26.260 27.582
 22.491 20.862 17.292 16.140 14.504 13.906 14.626 14.163 17.613 18.864 19.716 18.262 19.383 20.450 20.786 22.708 21.383 22.317 20.073 21.610 20.686 18.753 15.769 18.589 20.661 18.052 18.079 21.875 21.995 20.214 22.854 25.584 24.534 23.612 25.103 22.109 22.489 19.964 19.761 18.565 15.628 12.029 10.045  6.306  5.512  3.849  0.000  3.819  6.969  9.583 12.995 16.102 18.475 16.530 17.194 15.435 17.308 15.944 12.382 14.322 13.540 16.214 18.392 17.670 13.857 12.211 10.217  9.267 11.645 12.044 15.618 17.093 20.430 22.312 23.904 25.151
 21.984 20.782 17.242 16.627 14.798 14.940 15.495 15.580 19.129 20.226 20.875 19.312 19.754 20.679 20.360 22.018 20.196 20.863 18.501 19.453 18.475 16.110 13.213 15.886 18.343 16.250 16.182 19.913 20.552 19.129 21.458 24.323 23.821 23.074 24.123 20.991 20.782 17.862 17.481 16.904 14.072 10.323  8.555  5.475  5.521  5.589  3.819  0.000  3.825  6.448  9.509 12.865 15.098 13.345 14.569 13.498 15.423 13.521 10.366 13.124 12.796 16.064 18.470 18.343 14.617 13.297 10.576 10.014 11.581 11.904 15.084 16.145 19.656 21.606 23.422 24.838
 21.385 20.217 16.646 16.078 13.746 14.262 14.354 14.895 18.384 19.345 19.909 18.528 18.448 19.577 18.887 20.645 18.731 19.637 17.686 18.135 16.581 13.763 10.548 12.683 15.483 13.686 13.090 16.771 17.869 16.463 18.393 21.451 21.342 20.536 21.167 17.921 17.338 14.289 13.797 13.527 10.806  7.101  5.948  4.511  6.523  8.410  6.969  3.825  0.000  3.826  6.564  9.626 12.362 11.363 13.025 12.605 15.126 13.231 10.699 13.939 13.301 16.745 18.774 18.721 15.241 13.666 10.256  9.474  9.840  9.947 12.585 13.412 17.005 18.990 21.062 22.677
 18.628 17.929 14.638 14.833 12.923 14.441 15.072 16.454 19.825 20.209 20.139 18.286 17.489 18.044 16.708 17.974 15.645 16.256 14.305 14.450 12.893 10.031  7.058  9.612 12.258 10.822 10.870 14.324 15.455 14.780 16.777 19.510 19.758 19.575 20.171 17.258 16.460 13.003 13.232 13.743 10.751  7.669  5.713  5.813  6.941  9.619  9.583  6.448  3.826  0.000  3.839  6.633  9.059  7.774  9.295  9.232 11.924 10.180  8.228 11.639 11.038 14.623 16.622 17.137 14.026 13.105  9.715 10.156 10.391 11.477 13.757 14.885 18.471 20.376 22.703 24.451
 20.148 19.937 16.979 17.582 15.652 17.474 17.798 19.333 22.559 22.906 22.781 21.051 19.774 20.231 18.344 19.241 16.515 16.756 14.915 14.055 12.426  8.918  6.640  8.115 11.384 11.183 10.922 13.798 15.726 15.586 16.873 19.640 20.605 20.573 20.530 17.623 16.021 12.272 12.159 13.664 11.367  8.996  8.286  9.378 10.736 13.240 12.995  9.509  6.564  3.839  0.000  3.840  5.924  5.836  8.677 10.146 12.514 10.264  9.680 13.339 13.325 16.956 18.950 19.908 17.134 16.470 13.067 13.520 13.023 13.702 15.174 15.630 19.021 20.830 23.217 25.030
 19.260 19.214 16.602 17.439 15.511 17.783 18.004 20.051 22.966 22.940 22.482 20.795 18.917 19.262 16.922 17.641 14.898 15.321 14.222 12.804 10.479  6.689  4.780  4.678  8.239  8.975  8.498 10.692 13.095 13.491 14.268 16.840 18.343 18.623 18.205 15.629 13.673  9.820 10.322 12.545 10.544  9.428  9.149 11.444 13.058 16.084 16.102 12.865  9.626  6.633  3.840  0.000  3.853  5.681  8.145 10.279 12.983 11.459 11.661 14.913 14.473 17.758 19.172 20.211 17.974 17.347 13.989 14.635 13.450 14.366 15.102 15.605 18.720 20.367 22.948 24.879
 19.413 20.104 18.003 19.526 18.178 20.814 21.419 23.601 26.533 26.339 25.619 23.622 21.488 21.262 18.487 18.438 15.190 14.705 13.318 11.061  9.505  5.911  6.355  6.354  8.978 10.717 11.168 12.552 14.872 16.084 16.795 18.846 20.664 21.460 21.002 18.786 16.666 12.873 13.522 16.124 14.285 13.216 12.561 14.439 15.337 18.043 18.475 15.098 12.362  9.059  5.924  3.853  0.000  3.811  6.764 10.022 11.787 10.032 11.471 14.512 14.812 18.017 19.675 21.374 19.439 19.502 16.502 17.731 16.934 18.103 18.908 19.362 22.392 23.954 26.480 28.356
 17.299 18.160 16.078 17.901 17.066 19.792 20.968 23.121 26.220 25.961 25.102 22.715 20.814 20.209 17.570 17.289 13.860 12.925 10.734  9.009  8.364  5.432  6.065  8.081  9.962 10.767 12.166 14.060 15.549 16.731 18.227 20.080 21.347 22.323 22.495 20.325 18.797 14.994 15.925 17.945 15.452 13.719 12.068 13.148 13.143 15.527 16.530 13.345 11.363  7.774  5.836  5.681  3.811  0.000  3.834  6.938  8.281  6.273  7.825 10.791 11.469 14.776 16.854 18.832 16.810 17.365 14.731 16.512 16.539 18.188 19.702 20.643 23.937 25.616 28.100 29.918
 13.677 14.901 13.287 15.688 15.589 18.729 20.490 22.997 25.947 25.268 23.943 21.163 19.058 17.842 15.023 14.216 10.624  9.280  6.916  5.533  5.381  4.113  5.912  8.679  9.077  9.475 11.986 13.612 14.219 15.846 17.844 19.096 20.064 21.553 22.221 20.533 19.565 15.984 17.675 19.393 16.493 14.988 12.609 13.636 12.934 15.419 17.194 14.569 13.025  9.295  8.677  8.145  6.764  3.834  0.000  3.826  5.266  5.151  6.944  8.736  8.953 11.750 13.557 15.883 14.394 15.557 13.560 16.085 16.531 18.878 20.606 22.154 25.450 27.095 29.641 31.463
 11.017 11.909 10.135 12.655 13.102 16.244 18.523 21.042 23.959 23.130 21.645 18.581 16.775 15.306 12.902 12.228  8.984  7.999  5.202  6.235  6.269  6.373  6.842 10.385 10.235  9.217 12.196 14.251 13.938 15.192 17.879 18.968 19.211 20.718 22.024 20.454 20.187 16.861 18.819 19.863 16.513 14.780 11.676 12.130 10.661 13.060 15.435 13.498 12.605  9.232 10.146 10.279 10.022  6.938  3.826  0.000  3.855  5.488  5.478  6.207  5.330  8.068  9.951 12.220 10.691 12.227 10.808 13.862 15.004 17.829 20.033 22.111 25.482 27.163 29.659 31.427
 11.994 13.723 12.665 15.552 16.504 19.566 22.055 24.433 27.400 26.584 25.044 21.818 20.113 18.262 15.851 14.524 11.163  8.940  5.168  5.996  8.097  8.868 10.258 13.544 13.308 12.823 15.898 17.679 17.359 18.901 21.533 22.402 22.718 24.424 25.746 24.251 23.860 20.447 22.262 23.489 20.207 18.272 15.174 15.110 13.067 14.640 17.308 15.423 15.126 11.924 12.514 12.983 11.787  8.281  5.266  3.855  0.000  3.859  5.425  4.670  5.926  8.054 10.629 13.667 12.489 14.770 13.910 17.100 18.599 21.363 23.711 25.677 29.095 30.785 33.219 34.935
 15.599 16.942 15.285 17.637 17.889 20.600 22.648 24.664 27.866 27.479 26.387 23.451 21.973 20.672 18.373 17.537 14.119 12.245  8.704  8.409  9.942  9.225 10.142 13.309 14.117 13.923 16.324 18.449 18.837 20.038 22.373 23.791 24.346 25.621 26.580 24.615 23.789 20.131 21.326 22.725 19.668 17.338 14.618 14.299 12.562 13.843 15.944 13.521 13.231 10.180 10.264 11.459 10.032  6.273  5.151  5.488  3.859  0.000  3.835  5.454  7.799 10.853 13.836 16.469 14.564 16.258 14.717 17.334 18.668 20.885 23.232 24.723 28.214 29.970 32.328 34.021
 15.339 15.897 13.648 15.427 15.536 17.824 19.938 21.665 24.946 24.734 23.863 20.990 20.029 19.050 17.354 17.161 14.236 13.166  9.777 10.666 11.419 10.480 10.051 13.679 14.719 13.557 15.710 18.435 18.532 19.056 21.745 23.421 23.459 24.360 25.637 23.472 23.053 19.542 20.625 21.420 18.113 15.384 12.316 11.265  9.036 10.065 12.382 10.366 10.699  8.228  9.680 11.661 11.471  7.825  6.944  5.478  5.425  3.835  0.000  3.855  5.598  9.217 12.446 14.447 11.907 13.291 11.776 14.279 16.096 18.324 21.074 22.781 26.349 28.168 30.432 32.063
 13.474 14.405 12.810 15.070 16.095 18.525 21.196 23.068 26.170 25.638 24.404 21.184 20.267 18.688 17.121 16.429 13.715 12.217  8.617 10.501 12.056 12.314 12.441 16.157 16.402 15.017 17.756 20.216 19.662 20.437 23.453 24.641 24.365 25.631 27.318 25.529 25.503 22.171 23.663 24.295 20.796 18.254 14.836 13.625 10.708 11.257 14.322 13.124 13.939 11.639 13.339 14.913 14.512 10.791  8.736  6.207  4.670  5.454  3.855  0.000  3.841  6.403 10.017 12.539 10.598 12.977 12.562 15.656 17.955 20.631 23.540 25.634 29.164 30.939 33.192 34.785
 10.731 10.988  9.083 11.274 12.545 15.106 18.015 20.130 23.049 22.259 20.812 17.489 16.571 14.948 13.638 13.293 11.072 10.457  7.606 10.362 10.994 11.558 11.119 14.886 14.702 12.627 15.478 17.986 16.924 17.473 20.760 21.792 21.141 22.422 24.415 22.841 23.268 20.241 22.097 22.363 18.693 16.456 12.786 11.842  8.956 10.276 13.540 12.796 13.301 11.038 13.325 14.473 14.812 11.469  8.953  5.330  5.926  7.799  5.598  3.841  0.000  3.830  6.954  9.016  6.996  9.447  9.373 12.829 15.213 18.273 21.176 23.667 27.103 28.826 31.120 32.734
  8.636  9.071  8.246 10.860 13.191 15.782 19.139 21.401 23.976 22.798 20.933 17.341 16.463 14.188 13.183 12.363 10.818 10.158  7.961 11.504 12.463 13.979 13.910 17.484 16.582 14.346 17.530 19.658 17.924 18.657 22.156 22.629 21.606 23.232 25.625 24.517 25.368 22.646 24.867 24.952 21.218 19.305 15.553 14.675 11.661 12.672 16.214 16.064 16.745 14.623 16.956 17.758 18.017 14.776 11.750  8.068  8.054 10.853  9.217  6.403  3.830  0.000  3.838  6.598  6.047  9.569 10.850 14.560 17.158 20.532 23.425 26.247 29.552 31.191 33.458 35.030
  5.764  5.690  5.982  8.943 12.046 14.822 18.383 20.982 23.124 21.479 19.147 15.412 14.288 11.467 10.685  9.676  9.149  9.279  8.579 12.362 12.767 14.857 14.806 17.994 16.411 13.931 17.239 18.934 16.558 17.388 20.987 20.923 19.564 21.496 24.192 23.602 24.880 22.582 25.223 25.126 21.423 20.078 16.412 16.069 13.501 14.980 18.392 18.470 18.774 16.622 18.950 19.172 19.675 16.854 13.557  9.951 10.629 13.836 12.446 10.017  6.954  3.838  0.000  3.843  5.578  9.089 11.082 14.831 17.173 20.825 23.451 26.580 29.662 31.175 33.469 35.048
  7.646  5.408  4.871  6.365  9.860 12.085 15.812 18.296 20.145 18.371 15.990 12.259 11.740  9.205  9.696  9.889 10.537 11.861 11.726 15.358 15.004 16.674 15.851 18.873 17.396 14.305 17.117 19.014 16.316 16.414 20.190 20.183 18.199 19.766 22.828 22.314 24.107 22.234 24.869 24.220 20.518 19.329 15.748 15.299 12.972 14.462 17.670 18.343 18.721 17.137 19.908 20.211 21.374 18.832 15.883 12.220 13.667 16.469 14.447 12.539  9.016  6.598  3.843  0.000  3.843  6.645  9.563 12.969 15.467 19.154 21.821 25.207 28.112 29.555 31.731 33.236
 10.099  8.039  5.567  6.047  8.403 10.286 13.874 16.008 18.347 17.115 15.350 11.837 11.800 10.302 10.763 11.670 11.539 12.816 11.852 15.205 14.671 15.503 14.060 17.362 16.648 13.373 15.779 18.324 16.198 15.787 19.561 20.277 18.451 19.443 22.274 21.139 22.700 20.569 22.773 22.008 18.227 16.517 12.819 11.823  9.246 10.671 13.857 14.617 15.241 14.026 17.134 17.974 19.439 16.810 14.394 10.691 12.489 14.564 11.907 10.598  6.996  6.047  5.578  3.843  0.000  3.828  6.491  9.952 12.887 16.388 19.399 22.619 25.712 27.276 29.411 30.909
 12.604  9.827  6.508  4.677  5.619  6.662 10.203 12.218 14.601 13.544 12.135  8.933  9.582  9.332 10.546 12.602 12.869 14.896 14.270 17.194 15.904 16.054 13.795 16.748 16.437 12.787 14.356 17.225 15.241 13.962 17.696 18.831 16.722 17.054 19.926 18.558 20.390 18.587 20.588 19.322 15.611 14.001 10.563  9.605  7.874  9.761 12.211 13.297 13.666 13.105 16.470 17.347 19.502 17.365 15.557 12.227 14.770 16.258 13.291 12.977  9.447  9.569  9.089  6.645  3.828  0.000  3.819  6.582  9.627 13.061 16.119 19.467 22.441 23.981 26.047 27.524
 13.880 11.490  7.706  6.133  4.757  6.107  8.736 10.853 13.765 13.179 12.287  9.642  9.776 10.315 10.752 13.058 12.660 14.724 13.927 16.179 14.417 13.745 10.914 13.736 14.072 10.487 11.476 14.769 13.496 11.954 15.438 17.201 15.599 15.566 17.915 16.013 17.408 15.328 17.049 15.898 12.139 10.279  6.767  6.168  5.455  8.495 10.217 10.576 10.256  9.715 13.067 13.989 16.502 14.731 13.560 10.808 13.910 14.717 11.776 12.562  9.373 10.850 11.082  9.563  6.491  3.819  0.000  3.830  6.569  9.980 13.070 16.192 19.367 21.028 23.238 24.841
 17.441 14.807 11.047  8.626  5.838  4.978  6.105  7.496 10.770 10.893 10.973  9.419 10.361 12.135 13.071 15.928 15.768 18.090 17.406 19.297 17.180 15.892 12.511 14.717 15.658 12.146 11.922 15.439 14.622 12.191 15.238 17.560 15.847 14.889 17.015 14.662 16.195 14.526 15.664 13.823 10.319  8.375  5.796  5.038  6.236  8.958  9.267 10.014  9.474 10.156 13.520 14.635 17.731 16.512 16.085 13.862 17.100 17.334 14.279 15.656 12.829 14.560 14.831 12.969  9.952  6.582  3.830  0.000  3.821  6.653 10.066 13.203 16.295 17.977 20.058 21.619
 18.749 16.157 12.528 10.131  6.470  5.785  4.843  6.782  9.809 10.011 10.346  9.648  9.953 12.428 13.047 16.191 16.093 18.741 18.530 19.862 17.157 15.463 11.835 13.092 14.257 10.994  9.657 13.085 12.762  9.797 12.276 15.039 13.623 12.124 13.763 11.096 12.602 11.287 12.358 10.221  6.851  5.859  4.796  6.285  8.958 12.051 11.645 11.581  9.840 10.391 13.023 13.450 16.934 16.539 16.531 15.004 18.599 18.668 16.096 17.955 15.213 17.158 17.173 15.467 12.887  9.627  6.569  3.821  0.000  3.819  6.562  9.902 12.927 14.624 16.971 18.751
 22.466 19.939 16.313 13.878 10.193  8.812  6.434  6.602  9.526 10.771 12.170 12.470 13.114 15.955 16.596 19.768 19.546 22.097 21.746 22.729 19.948 17.735 13.948 14.641 16.461 13.692 11.529 14.854 15.250 12.036 13.604 16.848 15.738 13.509 14.417 11.197 12.292 11.366 11.303  8.488  6.107  5.132  6.358  7.543 10.947 13.539 12.044 11.904  9.947 11.477 13.702 14.366 18.103 18.188 18.878 17.829 21.363 20.885 18.324 20.631 18.273 20.532 20.825 19.154 16.388 13.061  9.980  6.653  3.819  0.000  3.820  6.677  9.782 11.650 13.921 15.747
 24.346 21.856 18.464 16.086 12.289 11.135  8.100  8.456 10.265 11.409 12.922 13.909 14.102 17.236 17.697 20.946 20.876 23.629 23.703 24.298 21.151 18.799 15.135 14.859 16.679 14.395 11.435 14.133 14.983 11.565 12.084 15.552 14.808 12.030 12.126  8.687  9.664  9.693  9.263  5.759  4.971  6.257  8.800 10.898 14.441 17.207 15.618 15.084 12.585 13.757 15.174 15.102 18.908 19.702 20.606 20.033 23.711 23.232 21.074 23.540 21.176 23.425 23.451 21.821 19.399 16.119 13.070 10.066  6.562  3.820  0.000  3.821  6.484  8.411 11.117 13.273
 27.432 25.182 21.780 19.642 15.863 14.838 11.811 11.630 13.244 14.773 16.551 17.682 17.765 20.814 20.974 24.038 23.641 26.159 26.064 26.233 23.088 20.304 16.720 15.957 18.322 16.660 13.353 15.797 17.376 14.250 13.995 17.680 17.536 14.677 13.891 10.255 10.071 10.211  8.368  4.929  6.286  7.488 10.928 12.915 16.673 19.216 17.093 16.145 13.412 14.885 15.630 15.605 19.362 20.643 22.154 22.111 25.677 24.723 22.781 25.634 23.667 26.247 26.580 25.207 22.619 19.467 16.192 13.203  9.902  6.677  3.821  0.000  3.835  6.348  9.125 11.438
 30.240 27.867 24.608 22.295 18.519 17.249 13.882 13.431 14.226 15.781 17.812 19.536 19.694 22.974 23.311 26.487 26.368 29.063 29.233 29.337 26.046 23.336 19.883 18.731 20.893 19.407 15.907 17.797 19.383 16.161 15.293 18.795 18.671 15.429 14.186 10.960 10.911 12.137 10.190  6.898  9.283 11.080 14.451 16.455 20.167 22.636 20.430 19.656 17.005 18.471 19.021 18.720 22.392 23.937 25.450 25.482 29.095 28.214 26.349 29.164 27.103 29.552 29.662 28.112 25.712 22.441 19.367 16.295 12.927  9.782  6.484  3.835  0.000  3.834  6.477  8.945
 31.587 29.177 26.019 23.656 19.927 18.583 15.141 14.597 14.998 16.500 18.602 20.567 20.741 24.078 24.485 27.678 27.694 30.458 30.770 30.838 27.492 24.853 21.507 20.183 22.201 20.824 17.306 18.893 20.453 17.266 16.143 19.460 19.358 16.024 14.599 11.749 11.739 13.383 11.505  8.586 11.114 13.088 16.342 18.370 22.022 24.488 22.312 21.606 18.990 20.376 20.830 20.367 23.954 25.616 27.095 27.163 30.785 29.970 28.168 30.939 28.826 31.191 31.175 29.555 27.276 23.981 21.028 17.977 14.624 11.650  8.411  6.348  3.834  0.000  3.846  6.772
 34.048 31.558 28.392 25.901 22.231 20.601 17.115 16.103 16.213 17.861 20.284 22.500 22.971 26.371 26.975 30.210 30.304 33.064 33.318 33.442 30.162 27.523 24.181 22.943 24.981 23.580 20.155 21.725 23.202 20.007 18.926 22.091 21.856 18.462 17.134 14.577 14.666 16.326 14.363 11.672 14.037 15.672 18.807 20.497 24.059 26.260 23.904 23.422 21.062 22.703 23.217 22.948 26.480 28.100 29.641 29.659 33.219 32.328 30.432 33.192 31.120 33.458 33.469 31.731 29.411 26.047 23.238 20.058 16.971 13.921 11.117  9.125  6.477  3.846  0.000  3.810
