  0.000  3.831  6.612 10.199 13.146 16.542 19.620 22.728 24.866 22.800 19.826 16.208 13.882 10.388  8.259  5.489  5.434  5.846  7.596 10.729 10.682 13.725 14.552 16.880 14.257 12.493 16.113 16.634 13.915 15.822 18.957 17.981 17.050 19.820 22.256 22.391 23.790 21.901 25.039 25.252 21.735 21.350 18.068 18.775 17.040 19.317 22.362 21.761 21.326 18.553 20.080 19.212 19.379 17.249 13.622 10.944 11.900 15.510 15.250 13.369 10.637  8.579  5.729  7.606 10.031 12.521 13.815 17.368 18.706 22.450 24.432 27.552 30.542 32.840 35.850 38.585
  3.831  0.000  3.828  6.797 10.087 13.232 16.421 19.546 21.418 19.268 16.218 12.553 10.478  6.943  5.834  4.790  6.384  8.483 10.005 13.181 12.288 14.636 14.490 16.809 14.424 11.813 14.982 15.872 12.779 13.875 17.325 16.514 14.891 17.311 20.147 20.261 22.135 20.605 23.726 23.421 19.875 19.577 16.343 17.019 15.495 17.861 20.747 20.607 20.195 17.878 19.892 19.199 20.103 18.138 14.872 11.863 13.660 16.884 15.835 14.328 10.915  9.028  5.664  5.354  7.965  9.738 11.441 14.751 16.132 19.924 21.968 25.321 28.236 30.751 33.818 36.526
  6.612  3.828  0.000  3.819  6.701  9.999 13.191 16.177 18.389 16.572 13.936 10.280  8.545  6.014  5.345  6.302  6.875  9.316  9.966 12.979 11.566 12.985 11.977 14.557 12.857  9.641 12.464 14.135 11.431 11.774 15.472 15.475 13.801 15.581 18.335 17.841 19.643 17.940 20.789 20.243 16.581 15.993 12.675 13.264 11.938 14.559 17.203 17.087 16.611 14.550 16.881 16.519 17.928 15.995 13.196 10.048 12.586 15.206 13.580 12.753  9.035  8.263  6.052  4.956  5.584  6.486  7.674 11.001 12.490 16.283 18.535 21.845 24.896 27.505 30.516 33.271
 10.199  6.797  3.819  0.000  3.819  6.474  9.870 12.816 14.740 12.911 10.345  6.644  5.802  4.664  6.221  8.809 10.051 12.904 13.485 16.283 14.436 15.144 13.264 15.579 14.359 10.671 12.483 14.546 11.829 10.947 14.762 15.143 12.798 13.802 16.889 16.235 18.526 17.296 19.944 18.738 15.163 14.657 11.619 12.112 11.288 13.877 16.083 16.549 16.098 14.783 17.520 17.399 19.494 17.855 15.632 12.601 15.503 17.595 15.395 15.040 11.247 10.868  8.972  6.397  6.051  4.648  6.129  8.605 10.116 13.847 16.183 19.720 22.650 25.499 28.534 31.232
 13.146 10.087  6.701  3.819  0.000  3.825  6.535  9.690 12.089 10.416  8.500  5.601  5.061  6.325  7.611 10.850 11.581 14.579 14.992 17.184 14.770 14.552 11.900 13.806 13.276  9.436 10.152 12.729 10.630  8.735 12.433 13.640 11.432 11.568 14.361 13.130 15.385 14.253 16.632 15.120 11.600 11.235  8.632  9.679 10.007 13.052 14.436 14.746 13.759 12.835 15.546 15.436 18.109 16.980 15.493 13.012 16.424 17.814 15.471 16.037 12.497 13.182 12.067  9.884  8.397  5.599  4.747  5.805  6.442 10.157 12.382 15.935 18.863 21.742 24.776 27.493
 16.542 13.232  9.999  6.474  3.825  0.000  3.828  6.403  8.474  7.267  6.224  4.349  6.317  8.762 10.986 14.392 15.373 18.337 18.539 20.786 18.418 17.861 14.836 16.595 16.552 12.769 12.688 15.444 13.620 10.951 14.250 15.796 13.198 12.333 15.205 13.700 16.275 15.645 17.473 15.195 12.036 11.492  9.525  9.898 10.593 13.031 13.831 14.928 14.289 14.365 17.387 17.736 20.769 19.722 18.645 16.159 19.489 20.531 17.759 18.461 15.041 15.739 14.800 12.057 10.235  6.595  6.067  4.933  5.760  8.734 11.229 14.869 17.626 20.807 23.738 26.351
 19.620 16.421 13.191  9.870  6.535  3.828  0.000  3.835  6.180  5.047  5.613  6.143  7.872 11.201 13.170 16.788 17.671 20.770 21.092 22.870 20.108 19.008 15.651 16.700 17.111 13.616 12.424 15.135 13.914 10.537 13.094 15.198 12.777 10.876 13.268 11.354 14.013 13.956 15.353 12.558 10.003 10.086  9.435 10.463 12.324 14.856 14.718 15.626 14.415 14.941 17.606 17.789 21.206 20.768 20.269 18.334 21.896 22.516 19.851 21.122 17.933 19.080 18.318 15.763 13.842 10.185  8.702  6.122  4.697  6.297  8.068 11.767 14.201 17.445 20.387 22.933
 22.728 19.546 16.177 12.816  9.690  6.403  3.835  0.000  3.862  5.449  7.897  9.088 11.497 14.713 16.794 20.327 21.011 23.886 23.792 25.582 22.992 21.556 17.982 19.142 20.090 16.702 15.274 18.254 17.438 13.999 16.222 18.647 16.361 14.073 16.063 13.741 16.040 16.000 16.589 13.346 11.311 10.714 10.614 10.727 12.756 14.562 13.696 15.174 14.399 15.848 18.701 19.480 23.039 22.547 22.454 20.541 23.957 24.150 21.165 22.629 19.721 21.079 20.740 18.113 15.746 11.953 10.458  7.024  6.214  5.863  8.017 11.107 13.419 16.870 19.478 21.911
 24.866 21.418 18.389 14.740 12.089  8.474  6.180  3.862  0.000  3.840  7.319  9.635 12.640 16.020 18.658 22.306 23.509 26.597 26.772 28.751 26.133 24.947 21.470 22.497 23.150 19.715 18.291 20.909 19.764 16.211 18.240 20.293 17.587 15.047 17.265 15.481 18.217 18.806 19.454 16.024 14.468 14.337 14.370 14.440 16.157 17.627 16.857 18.703 18.146 19.632 22.484 23.134 26.694 26.224 25.950 23.873 27.253 27.675 24.643 25.833 22.755 23.695 22.970 19.946 18.008 14.232 13.512 10.432  9.823  9.374 10.658 13.514 15.060 18.456 20.940 23.066
 22.800 19.268 16.572 12.911 10.416  7.267  5.047  5.449  3.840  0.000  3.807  6.933  9.647 13.225 15.991 19.722 21.324 24.679 25.356 27.327 24.530 23.700 20.469 21.255 21.358 17.929 16.632 18.770 17.203 13.700 15.745 17.320 14.321 11.914 14.552 13.420 16.641 17.547 18.850 15.699 13.984 14.583 14.388 15.182 16.817 18.850 18.621 20.057 19.114 19.904 22.553 22.631 26.079 25.733 25.101 23.023 26.518 27.357 24.619 25.606 22.255 22.897 21.655 18.579 17.226 13.596 13.109 10.677  9.619 10.136 10.916 14.277 15.743 18.968 21.774 23.941
 19.826 16.218 13.936 10.345  8.500  6.224  5.613  7.897  7.319  3.807  0.000  3.829  6.379  9.851 12.882 16.578 18.588 22.084 23.137 25.262 22.510 22.203 19.348 20.219 19.685 16.186 15.470 17.222 15.021 11.908 14.362 15.247 11.881 10.245 13.538 13.117 16.594 17.369 19.367 16.714 14.538 15.350 14.505 15.580 16.738 19.069 19.525 20.726 19.736 19.855 22.451 22.170 25.339 24.845 23.716 21.463 24.897 26.213 23.707 24.305 20.727 20.934 19.202 16.076 15.361 12.089 12.166 10.768 10.017 11.728 12.643 16.311 18.006 21.073 24.078 26.341
 16.208 12.553 10.280  6.644  5.601  4.349  6.143  9.088  9.635  6.933  3.829  0.000  3.829  6.638  9.870 13.425 15.426 18.802 19.776 22.172 19.703 19.782 17.209 18.589 17.744 14.056 14.194 16.080 13.486 10.998 14.184 14.792 11.506 10.981 14.486 14.054 17.249 17.302 19.648 17.465 14.624 14.952 13.216 14.067 14.539 16.941 18.054 19.139 18.387 18.051 20.796 20.575 23.426 22.517 20.978 18.417 21.677 23.292 20.835 21.065 17.380 17.302 15.426 12.292 11.791  8.823  9.496  9.215  9.400 12.163 13.800 17.585 19.834 22.889 25.952 28.405
 13.882 10.478  8.545  5.802  5.061  6.317  7.872 11.497 12.640  9.647  6.379  3.829  0.000  3.846  6.536 10.242 12.393 16.002 17.497 19.611 16.911 17.272 15.102 16.145 14.750 11.262 11.712 13.015 10.036  8.073 11.402 11.494  8.316  8.777 12.314 12.382 15.450 15.395 18.270 16.712 13.800 14.652 12.854 14.480 15.045 17.982 19.301 19.696 18.447 17.376 19.632 18.794 21.380 20.702 18.940 16.672 20.019 21.882 19.954 20.203 16.522 16.462 14.321 11.782 11.800  9.548  9.754 10.305  9.868 13.011 14.169 17.898 20.151 22.887 26.076 28.588
 10.388  6.943  6.014  4.664  6.325  8.762 11.201 14.713 16.020 13.225  9.851  6.638  3.846  0.000  3.818  7.018  9.707 13.240 15.039 17.468 15.183 16.347 14.907 16.324 14.287 10.988 12.611 13.530 10.079  9.542 13.014 12.363  9.601 11.320 14.692 15.082 17.780 17.255 20.408 19.378 16.210 16.763 14.358 15.752 15.543 18.385 20.348 20.571 19.568 17.947 20.118 19.173 21.187 20.120 17.742 15.207 18.164 20.580 18.968 18.608 14.878 14.162 11.473  9.210 10.265  9.258 10.273 12.071 12.367 15.889 17.334 20.977 23.432 26.059 29.244 31.813
  8.259  5.834  5.345  6.221  7.611 10.986 13.170 16.794 18.658 15.991 12.882  9.870  6.536  3.818  0.000  3.815  6.217  9.938 12.178 14.211 11.780 13.288 12.470 13.717 11.174  8.324 10.675 11.095  7.599  8.433 11.748 10.842  9.126 11.661 14.397 14.816 16.889 15.893 19.279 18.955 15.758 16.419 13.956 15.781 15.597 18.746 20.789 20.348 19.000 16.732 18.351 16.946 18.509 17.570 14.993 12.866 15.788 18.339 17.341 17.081 13.618 13.179 10.692  9.699 10.768 10.553 10.822 13.127 13.130 16.705 17.941 21.311 23.861 26.182 29.348 31.977
  5.489  4.790  6.302  8.809 10.850 14.392 16.788 20.327 22.306 19.722 16.578 13.425 10.242  7.018  3.815  0.000  3.832  7.164 10.103 12.135 10.307 12.802 13.075 14.424 11.344  9.420 12.541 12.408  9.153 11.195 14.084 12.697 11.754 14.796 17.161 17.763 19.392 18.058 21.518 21.704 18.502 18.996 16.323 17.996 17.337 20.325 22.734 22.005 20.780 18.049 19.309 17.725 18.524 17.354 14.255 12.257 14.507 17.551 17.192 16.423 13.312 12.389  9.705  9.906 11.699 12.627 13.146 15.998 16.292 19.909 21.205 24.398 27.024 29.169 32.295 34.937
  5.434  6.384  6.875 10.051 11.581 15.373 17.671 21.011 23.509 21.324 18.588 15.426 12.393  9.707  6.217  3.832  0.000  3.824  6.708  8.374  6.586  9.390 10.305 11.937  8.970  7.657 11.336 11.442  9.112 11.617 14.337 13.571 13.466 16.294 18.096 18.135 19.068 17.060 20.315 20.970 17.702 17.835 15.055 16.710 15.967 19.004 21.395 20.144 18.819 15.690 16.546 14.928 15.230 13.901 10.653  9.021 11.166 14.140 14.276 13.737 11.125 10.901  9.244 10.599 11.596 12.900 12.720 15.800 16.140 19.650 21.048 23.896 26.729 28.698 31.694 34.410
  5.846  8.483  9.316 12.904 14.579 18.337 20.770 23.886 26.597 24.679 22.084 18.802 16.002 13.240  9.938  7.164  3.824  0.000  3.878  5.395  5.365  8.972 10.996 12.921 10.254  9.895 13.698 13.835 12.215 14.932 17.413 16.786 17.086 19.895 21.429 21.261 21.742 19.311 22.313 23.337 20.069 19.791 16.870 18.149 16.960 19.652 22.258 20.702 19.624 16.226 16.716 15.276 14.669 12.891  9.242  7.974  8.884 12.195 13.135 12.180 10.459 10.215  9.364 11.913 12.842 14.895 14.723 18.065 18.735 22.154 23.733 26.321 29.297 31.138 33.999 36.741
  7.596 10.005  9.966 13.485 14.992 18.539 21.092 23.792 26.772 25.356 23.137 19.776 17.497 15.039 12.178 10.103  6.708  3.878  0.000  3.837  5.533  8.322 10.273 12.993 11.334 10.826 14.513 15.459 14.386 16.600 19.254 19.292 19.532 21.897 23.381 22.623 22.851 19.986 22.530 23.517 20.114 19.137 15.973 16.623 14.973 17.267 19.990 18.288 17.624 14.256 14.867 14.170 13.274 10.690  6.871  5.162  5.104  8.644  9.728  8.568  7.593  8.007  8.641 11.752 11.854 14.250 13.891 17.354 18.501 21.781 23.759 26.127 29.349 31.249 33.949 36.753
 10.729 13.181 12.979 16.283 17.184 20.786 22.870 25.582 28.751 27.327 25.262 22.172 19.611 17.468 14.211 12.135  8.374  5.395  3.837  0.000  3.835  6.529  9.642 11.630 10.120 10.922 14.304 14.777 14.515 17.133 19.163 19.296 20.264 22.649 23.540 22.734 22.365 19.291 21.688 23.260 20.200 19.459 16.780 17.890 16.796 19.280 21.561 19.285 18.108 14.436 14.038 12.771 11.036  8.996  5.526  6.245  5.974  8.383 10.654 10.483 10.384 11.563 12.429 15.393 15.224 17.195 16.170 19.266 19.854 22.808 24.372 26.344 29.427 30.954 33.528 36.278
 10.682 12.288 11.566 14.436 14.770 18.418 20.108 22.992 26.133 24.530 22.510 19.703 16.911 15.183 11.780 10.307  6.586  5.365  5.533  3.835  0.000  3.840  6.829  8.311  6.350  7.342 10.661 10.959 10.857 13.527 15.381 15.634 16.786 19.079 19.789 19.018 18.643 15.691 18.315 19.902 16.944 16.682 14.315 16.098 15.708 18.739 20.643 18.351 16.587 12.881 12.403 10.445  9.487  8.356  5.375  6.282  8.080  9.928 11.416 12.045 11.024 12.530 12.850 15.048 14.696 15.906 14.420 17.151 17.150 20.032 21.237 23.248 26.179 27.654 30.325 33.059
 13.725 14.636 12.985 15.144 14.552 17.861 19.008 21.556 24.947 23.700 22.203 19.782 17.272 16.347 13.288 12.802  9.390  8.972  8.322  6.529  3.840  0.000  3.834  5.229  5.110  6.503  8.824  9.804 10.844 12.855 14.366 15.505 16.913 18.559 18.803 17.408 16.493 13.133 15.271 17.073 14.309 13.873 11.963 13.987 14.244 17.410 18.707 16.005 13.767 10.014  8.889  6.652  5.900  5.431  4.115  6.387  8.865  9.224 10.481 12.308 11.587 14.036 14.928 16.707 15.517 16.049 13.738 15.850 15.444 17.825 18.858 20.430 23.375 24.682 27.199 29.947
 14.552 14.490 11.977 13.264 11.900 14.836 15.651 17.982 21.470 20.469 19.348 17.209 15.102 14.907 12.470 13.075 10.305 10.996 10.273  9.642  6.829  3.834  0.000  3.844  5.373  4.937  6.327  8.675  9.846 10.737 12.525 14.411 15.392 16.375 16.709 14.777 14.028 10.574 12.519 13.809 10.784 10.095  8.196 10.525 11.405 14.850 15.726 13.146 10.573  7.038  6.599  4.752  6.358  6.064  5.910  6.855 10.263 10.151 10.060 12.445 11.154 13.968 14.880 15.888 14.079 13.796 10.913 12.469 11.817 14.039 15.185 16.816 19.909 21.458 24.033 26.860
 16.880 16.809 14.557 15.579 13.806 16.595 16.700 19.142 22.497 21.255 20.219 18.589 16.145 16.324 13.717 14.424 11.937 12.921 12.993 11.630  8.311  5.229  3.844  0.000  3.845  5.433  5.102  6.330  8.844  9.973 10.577 12.632 14.446 15.332 14.844 13.033 11.566  8.067 10.192 12.284 10.043 10.532  9.929 13.001 14.617 18.154 18.553 15.863 12.734  9.596  8.064  4.631  6.351  8.077  8.677 10.397 13.544 13.312 13.684 16.158 14.922 17.548 18.081 18.924 17.389 16.756 13.753 14.686 13.080 14.750 14.925 16.148 18.774 19.830 22.386 25.108
 14.257 14.424 12.857 14.359 13.276 16.552 17.111 20.090 23.150 21.358 19.685 17.744 14.750 14.287 11.174 11.344  8.970 10.254 11.334 10.120  6.350  5.110  5.373  3.845  0.000  3.862  5.365  4.895  6.351  8.803  9.671 10.593 12.485 14.254 14.170 13.296 12.534  9.772 12.752 14.580 12.169 13.091 11.923 14.943 16.026 19.640 20.618 18.293 15.528 12.237 11.337  8.192  8.972  9.962  9.079 10.249 13.307 14.120 14.726 16.403 14.739 16.654 16.507 17.451 16.677 16.437 14.084 15.619 14.231 16.539 16.760 18.557 21.052 22.247 25.009 27.670
 12.493 11.813  9.641 10.671  9.436 12.769 13.616 16.702 19.715 17.929 16.186 14.056 11.262 10.988  8.324  9.420  7.657  9.895 10.826 10.922  7.342  6.503  4.937  5.433  3.862  0.000  3.849  5.392  5.127  6.514  8.799  9.997 10.714 12.240 13.027 11.932 12.125  9.612 12.712 13.542 10.461 11.074  9.277 12.184 13.162 16.866 17.998 16.194 13.728 10.783 11.121  8.929 10.702 10.748  9.453  9.209 12.806 13.910 13.548 15.007 12.648 14.406 14.020 14.357 13.396 12.781 10.496 12.102 10.965 13.751 14.486 16.863 19.625 21.364 24.297 27.054
 16.113 14.982 12.464 12.483 10.152 12.688 12.424 15.274 18.291 16.632 15.470 14.194 11.712 12.611 10.675 12.541 11.336 13.698 14.513 14.304 10.661  8.824  6.327  5.102  5.365  3.849  0.000  3.840  5.406  5.079  6.322  8.832  9.915 10.408 10.408  8.658  8.416  5.845  9.073  9.901  7.211  8.792  8.320 11.913 13.933 17.708 18.063 16.219 13.195 10.869 10.886  8.483 11.180 12.173 11.986 12.209 15.903 16.339 15.733 17.772 15.522 17.602 17.333 17.176 15.818 14.371 11.517 11.906  9.648 11.620 11.539 13.621 16.135 17.704 20.662 23.408
 16.634 15.872 14.135 14.546 12.729 15.444 15.135 18.254 20.909 18.770 17.222 16.080 13.015 13.530 11.095 12.408 11.442 13.835 15.459 14.777 10.959  9.804  8.675  6.330  4.895  5.392  3.840  0.000  3.844  5.409  4.930  6.369  8.743 10.046  9.405  8.889  8.407  6.771 10.411 11.881 10.091 12.331 12.141 15.721 17.566 21.343 21.855 19.942 16.877 14.325 13.774 10.686 12.576 14.073 13.608 14.250 17.666 18.452 18.444 20.212 18.009 19.709 19.005 19.047 18.338 17.212 14.792 15.411 13.068 14.943 14.263 16.168 18.118 19.234 22.183 24.731
 13.915 12.779 11.431 11.829 10.630 13.620 13.914 17.438 19.764 17.203 15.021 13.486 10.036 10.079  7.599  9.153  9.112 12.215 14.386 14.515 10.857 10.844  9.846  8.844  6.351  5.127  5.406  3.844  0.000  3.854  5.335  5.080  6.213  8.562  9.320  9.652 10.614  9.655 13.380 14.021 11.690 13.650 12.680 15.913 17.226 20.950 21.952 20.543 17.951 15.440 15.693 13.086 14.899 15.565 14.224 13.943 17.353 18.844 18.540 19.660 16.945 17.979 16.635 16.351 16.206 15.210 13.503 14.571 12.717 15.280 15.099 17.701 19.772 21.341 24.458 27.006
 15.822 13.875 11.774 10.947  8.735 10.951 10.537 13.999 16.211 13.700 11.908 10.998  8.073  9.542  8.433 11.195 11.617 14.932 16.600 17.133 13.527 12.855 10.737  9.973  8.803  6.514  5.079  5.409  3.854  0.000  3.847  5.448  5.078  5.754  6.997  6.638  8.540  8.211 11.701 11.403  9.057 11.340 10.832 14.138 15.964 19.652 20.225 19.203 16.597 14.801 15.573 13.500 16.123 16.770 15.882 15.243 18.946 20.090 19.117 20.497 17.557 18.774 17.529 16.520 15.868 14.007 12.038 12.203  9.794 12.077 11.694 14.571 16.589 18.469 21.682 24.255
 18.957 17.325 15.472 14.762 12.433 14.250 13.094 16.222 18.240 15.745 14.362 14.184 11.402 13.014 11.748 14.084 14.337 17.413 19.254 19.163 15.381 14.366 12.525 10.577  9.671  8.799  6.322  4.930  5.335  3.847  0.000  3.844  5.591  5.615  4.528  4.817  6.005  6.794 10.329 10.607  9.497 12.639 13.129 16.746 19.017 22.736 22.917 21.606 18.594 16.846 16.905 14.317 16.862 18.288 17.888 17.933 21.573 22.434 21.820 23.514 20.845 22.263 21.109 20.280 19.640 17.752 15.545 15.295 12.336 13.738 12.302 14.502 15.838 17.101 20.242 22.639
 17.981 16.514 15.475 15.143 13.640 15.796 15.198 18.647 20.293 17.320 15.247 14.792 11.494 12.363 10.842 12.697 13.571 16.786 19.292 19.296 15.634 15.505 14.411 12.632 10.593  9.997  8.832  6.369  5.080  5.448  3.844  0.000  3.844  6.035  5.830  8.000  9.504 10.395 14.001 14.413 13.182 16.094 16.042 19.480 21.271 24.978 25.606 24.409 21.610 19.543 19.644 16.864 18.891 20.112 19.108 18.983 22.399 23.810 23.452 24.655 21.830 22.694 21.005 20.233 20.313 18.843 17.267 17.582 15.068 16.944 15.767 18.184 19.397 20.619 23.749 25.998
 17.050 14.891 13.801 12.798 11.432 13.198 12.777 16.361 17.587 14.321 11.881 11.506  8.316  9.601  9.126 11.754 13.466 17.086 19.532 20.264 16.786 16.913 15.392 14.446 12.485 10.714  9.915  8.743  6.213  5.078  5.591  3.844  0.000  3.828  6.096  8.275 11.028 12.087 15.548 15.060 13.403 16.011 15.593 18.657 20.226 23.765 24.541 23.891 21.481 19.766 20.584 18.345 20.683 21.351 20.048 19.198 22.689 24.338 23.465 24.356 21.153 21.643 19.619 18.230 18.467 16.716 15.651 15.861 13.644 15.798 15.025 17.996 19.337 21.083 24.324 26.600
 19.820 17.311 15.581 13.802 11.568 12.333 10.876 14.073 15.047 11.914 10.245 10.981  8.777 11.320 11.661 14.796 16.294 19.895 21.897 22.649 19.079 18.559 16.375 15.332 14.254 12.240 10.408 10.046  8.562  5.754  5.615  6.035  3.828  0.000  3.852  5.688  9.217 11.072 13.994 12.795 11.661 14.575 14.856 17.923 20.013 23.453 23.700 23.260 20.765 19.659 20.623 18.695 21.542 22.393 21.598 20.767 24.462 25.685 24.440 25.694 22.499 23.324 21.594 19.837 19.512 17.106 15.685 14.975 12.214 13.625 12.310 15.212 16.202 18.044 21.288 23.501
 22.256 20.147 18.335 16.889 14.361 15.205 13.268 16.063 17.265 14.552 13.538 14.486 12.314 14.692 14.397 17.161 18.096 21.429 23.381 23.540 19.789 18.803 16.709 14.844 14.170 13.027 10.408  9.405  9.320  6.997  4.528  5.830  6.096  3.852  0.000  3.823  6.556  9.276 11.963 11.305 11.184 14.681 15.739 19.173 21.700 25.252 25.123 24.254 21.329 20.186 20.512 18.212 21.026 22.505 22.211 22.018 25.729 26.585 25.654 27.321 24.438 25.670 24.255 22.863 22.294 19.927 17.969 17.029 13.779 14.488 12.332 14.442 14.900 16.088 19.228 21.323
 22.391 20.261 17.841 16.235 13.130 13.700 11.354 13.741 15.481 13.420 13.117 14.054 12.382 15.082 14.816 17.763 18.135 21.261 22.623 22.734 19.018 17.408 14.777 13.033 13.296 11.932  8.658  8.889  9.652  6.638  4.817  8.000  8.275  5.688  3.823  0.000  3.896  6.474  8.697  7.571  7.578 11.198 12.770 16.233 19.123 22.614 22.103 21.132 18.090 17.291 17.645 15.696 18.876 20.385 20.563 20.470 24.264 24.655 23.507 25.544 22.864 24.551 23.646 22.312 21.124 18.514 16.026 14.622 11.057 11.230  8.831 10.773 11.574 12.989 16.218 18.595
 23.790 22.135 19.643 18.526 15.385 16.275 14.013 16.040 18.217 16.641 16.594 17.249 15.450 17.780 16.889 19.392 19.068 21.742 22.851 22.365 18.643 16.493 14.028 11.566 12.534 12.125  8.416  8.407 10.614  8.540  6.005  9.504 11.028  9.217  6.556  3.896  0.000  3.887  5.639  5.978  7.078 10.821 12.989 16.645 19.769 23.288 22.505 20.967 17.548 16.602 16.173 13.908 16.954 19.053 19.813 20.408 24.085 24.024 23.252 25.693 23.466 25.585 25.112 24.261 22.821 20.448 17.508 16.182 12.566 12.278  9.607 10.382 11.043 11.669 14.666 17.089
 21.901 20.605 17.940 17.296 14.253 15.645 13.956 16.000 18.806 17.547 17.369 17.302 15.395 17.255 15.893 18.058 17.060 19.311 19.986 19.291 15.691 13.133 10.574  8.067  9.772  9.612  5.845  6.771  9.655  8.211  6.794 10.395 12.087 11.072  9.276  6.474  3.887  0.000  3.843  5.591  5.380  8.517 10.424 14.159 17.178 20.738 20.059 18.091 14.538 13.209 12.457 10.085 13.184 15.306 16.316 17.191 20.777 20.452 19.838 22.474 20.564 22.996 22.950 22.531 20.830 18.785 15.546 14.615 11.335 11.427  9.627 10.368 12.025 12.838 15.673 18.334
 25.039 23.726 20.789 19.944 16.632 17.473 15.353 16.589 19.454 18.850 19.367 19.648 18.270 20.408 19.279 21.518 20.315 22.313 22.530 21.688 18.315 15.271 12.519 10.192 12.752 12.712  9.073 10.411 13.380 11.701 10.329 14.001 15.548 13.994 11.963  8.697  5.639  3.843  0.000  3.842  5.622  8.221 11.172 14.535 17.942 21.193 19.866 17.765 14.082 13.481 12.416 10.672 13.898 16.278 18.022 19.148 22.597 21.668 20.933 23.967 22.409 25.193 25.559 25.129 23.006 20.764 17.248 15.745 12.412 11.385  9.154  8.462  9.809 10.101 12.608 15.355
 25.252 23.421 20.243 18.738 15.120 15.195 12.558 13.346 16.024 15.699 16.714 17.465 16.712 19.378 18.955 21.704 20.970 23.337 23.517 23.260 19.902 17.073 13.809 12.284 14.580 13.542  9.901 11.881 14.021 11.403 10.607 14.413 15.060 12.795 11.305  7.571  5.978  5.591  3.842  0.000  3.836  6.732 10.114 13.205 16.836 19.924 18.355 16.888 13.506 13.684 13.621 12.647 16.262 18.030 19.496 19.947 23.568 22.781 21.429 24.316 22.414 25.040 25.268 24.310 22.034 19.306 15.893 13.705 10.123  8.375  5.557  4.973  6.677  8.053 11.029 13.968
 21.735 19.875 16.581 15.163 11.600 12.036 10.003 11.311 14.468 13.984 14.538 14.624 13.800 16.210 15.758 18.502 17.702 20.069 20.114 20.200 16.944 14.309 10.784 10.043 12.169 10.461  7.211 10.091 11.690  9.057  9.497 13.182 13.403 11.661 11.184  7.578  7.078  5.380  5.622  3.836  0.000  3.821  6.531  9.910 13.363 16.663 15.556 14.141 10.870 10.693 11.281 10.529 14.285 15.431 16.474 16.505 20.198 19.655 18.094 20.782 18.706 21.260 21.499 20.567 18.246 15.617 12.158 10.279  6.827  6.181  5.013  6.476  9.371 11.428 14.373 17.310
 21.350 19.577 15.993 14.657 11.235 11.492 10.086 10.714 14.337 14.583 15.350 14.952 14.652 16.763 16.419 18.996 17.835 19.791 19.137 19.459 16.682 13.873 10.095 10.532 13.091 11.074  8.792 12.331 13.650 11.340 12.639 16.094 16.011 14.575 14.681 11.198 10.821  8.517  8.221  6.732  3.821  0.000  3.827  6.554 10.221 13.281 11.916 10.401  7.201  7.728  9.074  9.613 13.397 13.861 15.123 14.897 18.390 17.456 15.469 18.333 16.547 19.406 20.203 19.400 16.556 14.008 10.298  8.290  5.803  5.119  6.152  7.339 10.918 13.225 15.774 18.753
 18.068 16.343 12.675 11.619  8.632  9.525  9.435 10.614 14.370 14.388 14.505 13.216 12.854 14.358 13.956 16.323 15.055 16.870 15.973 16.780 14.315 11.963  8.196  9.929 11.923  9.277  8.320 12.141 12.680 10.832 13.129 16.042 15.593 14.856 15.739 12.770 12.989 10.424 11.172 10.114  6.531  3.827  0.000  3.818  6.918 10.404  9.989  8.593  6.015  5.695  8.253  9.177 12.592 12.086 12.633 11.713 15.216 14.656 12.349 14.876 12.846 15.630 16.511 15.818 12.870 10.606  6.811  5.769  4.798  6.417  8.798 10.837 14.424 16.899 19.493 22.423
 18.775 17.019 13.264 12.112  9.679  9.898 10.463 10.727 14.440 15.182 15.580 14.067 14.480 15.752 15.781 17.996 16.710 18.149 16.623 17.890 16.098 13.987 10.525 13.001 14.943 12.184 11.913 15.721 15.913 14.138 16.746 19.480 18.657 17.923 19.173 16.233 16.645 14.159 14.535 13.205  9.910  6.554  3.818  0.000  3.822  6.807  6.255  5.492  4.532  5.752  9.319 11.435 14.406 13.083 13.562 12.061 15.050 14.239 11.202 13.569 11.797 14.643 16.061 15.287 11.801  9.617  6.162  5.067  6.365  7.671 10.957 12.788 16.453 19.126 21.441 24.310
 17.040 15.495 11.938 11.288 10.007 10.593 12.324 12.756 16.157 16.817 16.738 14.539 15.045 15.543 15.597 17.337 15.967 16.960 14.973 16.796 15.708 14.244 11.405 14.617 16.026 13.162 13.933 17.566 17.226 15.964 19.017 21.271 20.226 20.013 21.700 19.123 19.769 17.178 17.942 16.836 13.363 10.221  6.918  3.822  0.000  3.848  5.504  5.482  6.559  6.969 10.762 13.100 15.359 13.139 12.905 10.622 13.043 12.556  9.026 10.685  8.915 11.611 13.456 12.912  9.183  7.845  5.400  6.233  8.998 11.018 14.485 16.539 20.181 22.895 25.199 28.034
 19.317 17.861 14.559 13.877 13.052 13.031 14.856 14.562 17.627 18.850 19.069 16.941 17.982 18.385 18.746 20.325 19.004 19.652 17.267 19.280 18.739 17.410 14.850 18.154 19.640 16.866 17.708 21.343 20.950 19.652 22.736 24.978 23.765 23.453 25.252 22.614 23.288 20.738 21.193 19.924 16.663 13.281 10.404  6.807  3.848  0.000  3.850  5.551  8.435  9.700 13.336 16.179 18.129 15.595 15.459 13.079 14.688 13.919 10.136 11.303 10.272 12.625 14.918 14.370 10.583  9.698  8.416  8.918 12.055 13.553 17.198 18.985 22.570 25.337 27.386 30.134
 22.362 20.747 17.203 16.083 14.436 13.831 14.718 13.696 16.857 18.621 19.525 18.054 19.301 20.348 20.789 22.734 21.395 22.258 19.990 21.561 20.643 18.707 15.726 18.553 20.618 17.998 18.063 21.855 21.952 20.225 22.917 25.606 24.541 23.700 25.123 22.103 22.505 20.059 19.866 18.355 15.556 11.916  9.989  6.255  5.504  3.850  0.000  3.822  6.899  9.557 12.976 16.100 18.451 16.485 17.137 15.378 17.274 15.917 12.350 14.296 13.495 16.159 18.342 17.613 13.802 12.192 10.157  9.247 11.649 12.058 15.565 16.765 20.252 22.940 24.712 27.394
 21.761 20.607 17.087 16.549 14.746 14.928 15.626 15.174 18.703 20.057 20.726 19.139 19.696 20.571 20.348 22.005 20.144 20.702 18.288 19.285 18.351 16.005 13.146 15.863 18.293 16.194 16.219 19.942 20.543 19.203 21.606 24.409 23.891 23.260 24.254 21.132 20.967 18.091 17.765 16.888 14.141 10.401  8.593  5.492  5.482  5.551  3.822  0.000  3.826  6.414  9.492 12.876 15.039 13.214 14.404 13.320 15.230 13.330 10.155 12.907 12.603 15.871 18.313 18.207 14.482 13.246 10.518 10.058 11.702 12.134 15.216 16.053 19.626 21.944 23.696 26.457
 21.326 20.195 16.611 16.098 13.759 14.289 14.415 14.399 18.146 19.114 19.736 18.387 18.447 19.568 19.000 20.780 18.819 19.624 17.624 18.108 16.587 13.767 10.573 12.734 15.528 13.728 13.195 16.877 17.951 16.597 18.594 21.610 21.481 20.765 21.329 18.090 17.548 14.538 14.082 13.506 10.870  7.201  6.015  4.532  6.559  8.435  6.899  3.826  0.000  3.827  6.561  9.688 12.370 11.322 12.983 12.569 15.080 13.171 10.628 13.875 13.270 16.722 18.786 18.730 15.238 13.704 10.285  9.526  9.962 10.166 12.677 13.304 16.889 18.986 20.863 23.707
 18.553 17.878 14.550 14.783 12.835 14.365 14.941 15.848 19.632 19.904 19.855 18.051 17.376 17.947 16.732 18.049 15.690 16.226 14.256 14.436 12.881 10.014  7.038  9.596 12.237 10.783 10.869 14.325 15.440 14.801 16.846 19.543 19.766 19.659 20.186 17.291 16.602 13.209 13.481 13.684 10.693  7.728  5.695  5.752  6.969  9.700  9.557  6.414  3.827  0.000  3.839  6.655  9.067  7.767  9.276  9.220 11.929 10.197  8.240 11.646 11.052 14.640 16.647 17.135 14.016 13.101  9.687 10.113 10.381 11.571 13.743 14.763 18.305 20.201 22.333 25.217
 20.080 19.892 16.881 17.520 15.546 17.387 17.606 18.701 22.484 22.553 22.451 20.796 19.632 20.118 18.351 19.309 16.546 16.716 14.867 14.038 12.403  8.889  6.599  8.064 11.337 11.121 10.886 13.774 15.693 15.573 16.905 19.644 20.584 20.623 20.512 17.645 16.173 12.457 12.416 13.621 11.281  9.074  8.253  9.319 10.762 13.336 12.976  9.492  6.561  3.839  0.000  3.838  5.928  5.840  8.668 10.145 12.530 10.299  9.706 13.357 13.350 16.986 18.984 19.910 17.127 16.460 13.036 13.463 12.989 13.793 15.133 15.535 18.767 20.062 22.009 24.818
 19.212 19.199 16.519 17.399 15.436 17.736 17.789 19.480 23.134 22.631 22.170 20.575 18.794 19.173 16.946 17.725 14.928 15.276 14.170 12.771 10.445  6.652  4.752  4.631  8.192  8.929  8.483 10.686 13.086 13.500 14.317 16.864 18.345 18.695 18.212 15.696 13.908 10.085 10.672 12.647 10.529  9.613  9.177 11.435 13.100 16.179 16.100 12.876  9.688  6.655  3.838  0.000  3.852  5.678  8.128 10.278 12.979 11.469 11.676 14.916 14.501 17.798 19.224 20.232 17.986 17.355 13.995 14.611 13.451 14.506 15.137 15.683 18.597 19.600 21.756 24.521
 19.379 20.103 17.928 19.494 18.109 20.769 21.206 23.039 26.694 26.079 25.339 23.426 21.380 21.187 18.509 18.524 15.230 14.669 13.274 11.036  9.487  5.900  6.358  6.351  8.972 10.702 11.180 12.576 14.899 16.123 16.862 18.891 20.683 21.542 21.026 18.876 16.954 13.184 13.898 16.262 14.285 13.397 12.592 14.406 15.359 18.129 18.451 15.039 12.370  9.067  5.928  3.852  0.000  3.810  6.760 10.029 11.781 10.030 11.469 14.501 14.835 18.056 19.728 21.398 19.451 19.510 16.503 17.706 16.939 18.241 18.952 19.448 22.265 23.042 25.046 27.708
 17.249 18.138 15.995 17.855 16.980 19.722 20.768 22.547 26.224 25.733 24.845 22.517 20.702 20.120 17.570 17.354 13.901 12.891 10.690  8.996  8.356  5.431  6.064  8.077  9.962 10.748 12.173 14.073 15.565 16.770 18.288 20.112 21.351 22.393 22.505 20.385 19.053 15.306 16.278 18.030 15.431 13.861 12.086 13.083 13.139 15.595 16.485 13.214 11.322  7.767  5.840  5.678  3.810  0.000  3.834  6.944  8.282  6.275  7.817 10.778 11.486 14.806 16.894 18.842 16.808 17.361 14.709 16.471 16.530 18.295 19.727 20.655 23.814 25.037 27.140 29.895
 13.622 14.872 13.196 15.632 15.493 18.645 20.269 22.454 25.950 25.101 23.716 20.978 18.940 17.742 14.993 14.255 10.653  9.242  6.871  5.526  5.375  4.115  5.910  8.677  9.079  9.453 11.986 13.608 14.224 15.882 17.888 19.108 20.048 21.598 22.211 20.563 19.813 16.316 18.022 19.496 16.474 15.123 12.633 13.562 12.905 15.459 17.137 14.404 12.983  9.276  8.668  8.128  6.760  3.834  0.000  3.827  5.261  5.147  6.932  8.717  8.963 11.781 13.595 15.888 14.386 15.539 13.527 16.034 16.509 18.957 20.642 22.190 25.423 26.936 29.310 32.106
 10.944 11.863 10.048 12.601 13.012 16.159 18.334 20.541 23.873 23.023 21.463 18.417 16.672 15.207 12.866 12.257  9.021  7.974  5.162  6.245  6.282  6.387  6.855 10.397 10.249  9.209 12.209 14.250 13.943 15.243 17.933 18.983 19.198 20.767 22.018 20.470 20.408 17.191 19.148 19.947 16.505 14.897 11.713 12.061 10.622 13.079 15.378 13.320 12.569  9.220 10.145 10.278 10.029  6.944  3.827  0.000  3.855  5.489  5.473  6.193  5.342  8.101  9.984 12.220 10.682 12.210 10.773 13.818 14.990 17.893 20.082 22.131 25.523 27.464 29.999 32.849
 11.900 13.660 12.586 15.503 16.424 19.489 21.896 23.957 27.253 26.518 24.897 21.677 20.019 18.164 15.788 14.507 11.166  8.884  5.104  5.974  8.080  8.865 10.263 13.544 13.307 12.806 15.903 17.666 17.353 18.946 21.573 22.399 22.689 24.462 25.729 24.264 24.085 20.777 22.597 23.568 20.198 18.390 15.216 15.050 13.043 14.688 17.274 15.230 15.080 11.929 12.530 12.979 11.781  8.282  5.261  3.855  0.000  3.860  5.433  4.665  5.939  8.077 10.640 13.660 12.485 14.766 13.883 17.073 18.598 21.437 23.761 25.678 29.109 30.983 33.399 36.229
 15.510 16.884 15.206 17.595 17.814 20.531 22.516 24.150 27.675 27.357 26.213 23.292 21.882 20.580 18.339 17.551 14.140 12.195  8.644  8.383  9.928  9.224 10.151 13.312 14.120 13.910 16.339 18.452 18.844 20.090 22.434 23.810 24.338 25.685 26.585 24.655 24.024 20.452 21.668 22.781 19.655 17.456 14.656 14.239 12.556 13.919 15.917 13.330 13.171 10.197 10.299 11.469 10.030  6.275  5.147  5.489  3.860  0.000  3.836  5.440  7.807 10.863 13.844 16.462 14.559 16.262 14.694 17.314 18.679 20.983 23.271 24.686 28.137 29.827 31.983 34.789
 15.250 15.835 13.580 15.395 15.471 17.759 19.851 21.165 24.643 24.619 23.707 20.835 19.954 18.968 17.341 17.192 14.276 13.135  9.728 10.654 11.416 10.481 10.060 13.684 14.726 13.548 15.733 18.444 18.540 19.117 21.820 23.452 23.465 24.440 25.654 23.507 23.252 19.838 20.933 21.429 18.094 15.469 12.349 11.202  9.026 10.136 12.350 10.155 10.628  8.240  9.706 11.676 11.469  7.817  6.932  5.473  5.433  3.836  0.000  3.853  5.608  9.225 12.453 14.443 11.905 13.305 11.752 14.266 16.112 18.409 21.105 22.694 26.276 28.289 30.477 33.319
 13.369 14.328 12.753 15.040 16.037 18.461 21.122 22.629 25.833 25.606 24.305 21.065 20.203 18.608 17.081 16.423 13.737 12.180  8.568 10.483 12.045 12.308 12.445 16.158 16.403 15.007 17.772 20.212 19.660 20.497 23.514 24.655 24.356 25.694 27.321 25.544 25.693 22.474 23.967 24.316 20.782 18.333 14.876 13.569 10.685 11.303 14.296 12.907 13.875 11.646 13.357 14.916 14.501 10.778  8.717  6.193  4.665  5.440  3.853  0.000  3.840  6.402 10.006 12.530 10.599 12.993 12.538 15.648 17.972 20.699 23.584 25.561 29.155 31.350 33.677 36.524
 10.637 10.915  9.035 11.247 12.497 15.041 17.933 19.721 22.755 22.255 20.727 17.380 16.522 14.878 13.618 13.312 11.125 10.459  7.593 10.384 11.024 11.587 11.154 14.922 14.739 12.648 15.522 18.009 16.945 17.557 20.845 21.830 21.153 22.499 24.438 22.864 23.466 20.564 22.409 22.414 18.706 16.547 12.846 11.797  8.915 10.272 13.495 12.603 13.270 11.052 13.350 14.501 14.835 11.486  8.963  5.342  5.939  7.807  5.608  3.840  0.000  3.832  6.949  9.003  6.987  9.451  9.352 12.821 15.234 18.333 21.246 23.641 27.191 29.592 32.133 34.993
  8.579  9.028  8.263 10.868 13.182 15.739 19.080 21.079 23.695 22.897 20.934 17.302 16.462 14.162 13.179 12.389 10.901 10.215  8.007 11.563 12.530 14.036 13.968 17.548 16.654 14.406 17.602 19.709 17.979 18.774 22.263 22.694 21.643 23.324 25.670 24.551 25.585 22.996 25.193 25.040 21.260 19.406 15.630 14.643 11.611 12.625 16.159 15.871 16.722 14.640 16.986 17.798 18.056 14.806 11.781  8.101  8.077 10.863  9.225  6.402  3.832  0.000  3.838  6.599  6.053  9.580 10.846 14.566 17.192 20.584 23.523 26.261 29.732 32.275 34.950 37.788
  5.729  5.664  6.052  8.972 12.067 14.800 18.318 20.740 22.970 21.655 19.202 15.426 14.321 11.473 10.692  9.705  9.244  9.364  8.641 12.429 12.850 14.928 14.880 18.081 16.507 14.020 17.333 19.005 16.635 17.529 21.109 21.005 19.619 21.594 24.255 23.646 25.112 22.950 25.559 25.268 21.499 20.203 16.511 16.061 13.456 14.918 18.342 18.313 18.786 16.647 18.984 19.224 19.728 16.894 13.595  9.984 10.640 13.844 12.453 10.006  6.949  3.838  0.000  3.843  5.583  9.094 11.098 14.849 17.220 20.879 23.589 26.670 29.958 32.572 35.432 38.229
  7.606  5.354  4.956  6.397  9.884 12.057 15.763 18.113 19.946 18.579 16.076 12.292 11.782  9.210  9.699  9.906 10.599 11.913 11.752 15.393 15.048 16.707 15.888 18.924 17.451 14.357 17.176 19.047 16.351 16.520 20.280 20.233 18.230 19.837 22.863 22.312 24.261 22.531 25.129 24.310 20.567 19.400 15.818 15.287 12.912 14.370 17.613 18.207 18.730 17.135 19.910 20.232 21.398 18.842 15.888 12.220 13.660 16.462 14.443 12.530  9.003  6.599  3.843  0.000  3.843  6.637  9.567 12.977 15.492 19.161 21.938 25.267 28.434 31.267 34.182 36.926
 10.031  7.965  5.584  6.051  8.397 10.235 13.842 15.746 18.008 17.226 15.361 11.791 11.800 10.265 10.768 11.699 11.596 12.842 11.854 15.224 14.696 15.517 14.079 17.389 16.677 13.396 15.818 18.338 16.206 15.868 19.640 20.313 18.467 19.512 22.294 21.124 22.821 20.830 23.006 22.034 18.246 16.556 12.870 11.801  9.183 10.583 13.802 14.482 15.238 14.016 17.127 17.986 19.451 16.808 14.386 10.682 12.485 14.559 11.905 10.599  6.987  6.053  5.583  3.843  0.000  3.829  6.478  9.952 12.904 16.388 19.480 22.604 25.941 28.820 31.599 34.380
 12.521  9.738  6.486  4.648  5.599  6.595 10.185 11.953 14.232 13.596 12.089  8.823  9.548  9.258 10.553 12.627 12.900 14.895 14.250 17.195 15.906 16.049 13.796 16.756 16.437 12.781 14.371 17.212 15.210 14.007 17.752 18.843 16.716 17.106 19.927 18.514 20.448 18.785 20.764 19.306 15.617 14.008 10.606  9.617  7.845  9.698 12.192 13.246 13.704 13.101 16.460 17.355 19.510 17.361 15.539 12.210 14.766 16.262 13.305 12.993  9.451  9.580  9.094  6.637  3.829  0.000  3.817  6.591  9.639 13.041 16.189 19.435 22.681 25.708 28.499 31.244
 13.815 11.441  7.674  6.129  4.747  6.067  8.702 10.458 13.512 13.109 12.166  9.496  9.754 10.273 10.822 13.146 12.720 14.723 13.891 16.170 14.420 13.738 10.913 13.753 14.084 10.496 11.517 14.792 13.503 12.038 15.545 17.267 15.651 15.685 17.969 16.026 17.508 15.546 17.248 15.893 12.158 10.298  6.811  6.162  5.400  8.416 10.157 10.518 10.285  9.687 13.036 13.995 16.503 14.709 13.527 10.773 13.883 14.694 11.752 12.538  9.352 10.846 11.098  9.567  6.478  3.817  0.000  3.830  6.605 10.002 13.154 16.169 19.564 22.466 25.213 28.028
 17.368 14.751 11.001  8.605  5.805  4.933  6.122  7.024 10.432 10.677 10.768  9.215 10.305 12.071 13.127 15.998 15.800 18.065 17.354 19.266 17.151 15.850 12.469 14.686 15.619 12.102 11.906 15.411 14.571 12.203 15.295 17.582 15.861 14.975 17.029 14.622 16.182 14.615 15.745 13.705 10.279  8.290  5.769  5.067  6.233  8.918  9.247 10.058  9.526 10.113 13.463 14.611 17.706 16.471 16.034 13.818 17.073 17.314 14.266 15.648 12.821 14.566 14.849 12.977  9.952  6.591  3.830  0.000  3.824  6.621 10.093 13.093 16.439 19.539 22.212 24.987
 18.706 16.132 12.490 10.116  6.442  5.760  4.697  6.214  9.823  9.619 10.017  9.400  9.868 12.367 13.130 16.292 16.140 18.735 18.501 19.854 17.150 15.444 11.817 13.080 14.231 10.965  9.648 13.068 12.717  9.794 12.336 15.068 13.644 12.214 13.779 11.057 12.566 11.335 12.412 10.123  6.827  5.803  4.798  6.365  8.998 12.055 11.649 11.702  9.962 10.381 12.989 13.451 16.939 16.530 16.509 14.990 18.598 18.679 16.112 17.972 15.234 17.192 17.220 15.492 12.904  9.639  6.605  3.824  0.000  3.818  6.613  9.885 13.126 16.153 19.006 21.813
 22.450 19.924 16.283 13.847 10.157  8.734  6.297  5.863  9.374 10.136 11.728 12.163 13.011 15.889 16.705 19.909 19.650 22.154 21.781 22.808 20.032 17.825 14.039 14.750 16.539 13.751 11.620 14.943 15.280 12.077 13.738 16.944 15.798 13.625 14.488 11.230 12.278 11.427 11.385  8.375  6.181  5.119  6.417  7.671 11.018 13.553 12.058 12.134 10.166 11.571 13.793 14.506 18.241 18.295 18.957 17.893 21.437 20.983 18.409 20.699 18.333 20.584 20.879 19.161 16.388 13.041 10.002  6.621  3.818  0.000  3.822  6.603  9.904 13.111 15.780 18.580
 24.432 21.968 18.535 16.183 12.382 11.229  8.068  8.017 10.658 10.916 12.643 13.800 14.169 17.334 17.941 21.205 21.048 23.733 23.759 24.372 21.237 18.858 15.185 14.925 16.760 14.486 11.539 14.263 15.099 11.694 12.302 15.767 15.025 12.310 12.332  8.831  9.607  9.627  9.154  5.557  5.013  6.152  8.798 10.957 14.485 17.198 15.565 15.216 12.677 13.743 15.133 15.137 18.952 19.727 20.642 20.082 23.761 23.271 21.105 23.584 21.246 23.523 23.589 21.938 19.480 16.189 13.154 10.093  6.613  3.822  0.000  3.825  6.637  9.800 12.755 15.568
 27.552 25.321 21.845 19.720 15.935 14.869 11.767 11.107 13.514 14.277 16.311 17.585 17.898 20.977 21.311 24.398 23.896 26.321 26.127 26.344 23.248 20.430 16.816 16.148 18.557 16.863 13.621 16.168 17.701 14.571 14.502 18.184 17.996 15.212 14.442 10.773 10.382 10.368  8.462  4.973  6.476  7.339 10.837 12.788 16.539 18.985 16.765 16.053 13.304 14.763 15.535 15.683 19.448 20.655 22.190 22.131 25.678 24.686 22.694 25.561 23.641 26.261 26.670 25.267 22.604 19.435 16.169 13.093  9.885  6.603  3.825  0.000  3.828  6.761  9.436 12.403
 30.542 28.236 24.896 22.650 18.863 17.626 14.201 13.419 15.060 15.743 18.006 19.834 20.151 23.432 23.861 27.024 26.729 29.297 29.349 29.427 26.179 23.375 19.909 18.774 21.052 19.625 16.135 18.118 19.772 16.589 15.838 19.397 19.337 16.202 14.900 11.574 11.043 12.025  9.809  6.677  9.371 10.918 14.424 16.453 20.181 22.570 20.252 19.626 16.889 18.305 18.767 18.597 22.265 23.814 25.423 25.523 29.109 28.137 26.276 29.155 27.191 29.732 29.958 28.434 25.941 22.681 19.564 16.439 13.126  9.904  6.637  3.828  0.000  3.837  6.692  9.450
 32.840 30.751 27.505 25.499 21.742 20.807 17.445 16.870 18.456 18.968 21.073 22.889 22.887 26.059 26.182 29.169 28.698 31.138 31.249 30.954 27.654 24.682 21.458 19.830 22.247 21.364 17.704 19.234 21.341 18.469 17.101 20.619 21.083 18.044 16.088 12.989 11.669 12.838 10.101  8.053 11.428 13.225 16.899 19.126 22.895 25.337 22.940 21.944 18.986 20.201 20.062 19.600 23.042 25.037 26.936 27.464 30.983 29.827 28.289 31.350 29.592 32.275 32.572 31.267 28.820 25.708 22.466 19.539 16.153 13.111  9.800  6.761  3.837  0.000  3.845  6.770
 35.850 33.818 30.516 28.534 24.776 23.738 20.387 19.478 20.940 21.774 24.078 25.952 26.076 29.244 29.348 32.295 31.694 33.999 33.949 33.528 30.325 27.199 24.033 22.386 25.009 24.297 20.662 22.183 24.458 21.682 20.242 23.749 24.324 21.288 19.228 16.218 14.666 15.673 12.608 11.029 14.373 15.774 19.493 21.441 25.199 27.386 24.712 23.696 20.863 22.333 22.009 21.756 25.046 27.140 29.310 29.999 33.399 31.983 30.477 33.677 32.133 34.950 35.432 34.182 31.599 28.499 25.213 22.212 19.006 15.780 12.755  9.436  6.692  3.845  0.000  3.810
