  0.000  3.831  6.647 10.255 13.218 16.662 19.774 23.063 24.706 22.541 19.829 16.205 13.903 10.420  8.332  5.527  5.435  5.803  7.618 10.754 10.695 13.730 14.528 16.814 14.170 12.413 16.030 16.570 13.840 15.707 18.873 17.951 17.080 19.820 22.260 22.406 23.553 21.492 24.637 25.058 21.665 21.180 18.009 18.816 17.103 19.367 22.430 21.871 21.329 18.576 20.131 19.233 19.397 17.295 13.681 11.011 11.998 15.600 15.333 13.463 10.724  8.629  5.767  7.656 10.102 12.613 13.885 17.432 18.779 22.480 24.426 27.440 30.342 31.716 34.198 35.874
  3.831  0.000  3.826  6.846 10.136 13.345 16.559 19.850 21.267 18.970 16.194 12.525 10.469  6.950  5.862  4.764  6.342  8.432 10.023 13.196 12.294 14.628 14.451 16.719 14.327 11.715 14.878 15.790 12.692 13.740 17.219 16.453 14.885 17.290 20.132 20.284 21.936 20.231 23.387 23.272 19.817 19.454 16.290 17.046 15.536 17.879 20.792 20.679 20.176 17.890 19.926 19.186 20.088 18.164 14.917 11.920 13.741 16.956 15.905 14.405 10.990  9.067  5.682  5.409  8.038  9.834 11.497 14.805 16.211 19.990 21.992 25.258 28.046 29.442 31.875 33.514
  6.647  3.826  0.000  3.820  6.753 10.088 13.328 16.516 18.292 16.277 13.904 10.278  8.550  6.045  5.367  6.266  6.870  9.338 10.046 13.064 11.660 13.061 12.014 14.553 12.864  9.639 12.439 14.147 11.442 11.705 15.427 15.479 13.828 15.569 18.365 17.916 19.536 17.670 20.551 20.190 16.591 15.936 12.660 13.298 11.963 14.540 17.227 17.151 16.611 14.601 16.964 16.561 17.977 16.081 13.307 10.158 12.695 15.310 13.667 12.824  9.097  8.251  5.976  4.865  5.561  6.515  7.714 11.043 12.579 16.358 18.585 21.842 24.756 26.260 28.701 30.372
 10.255  6.846  3.820  0.000  3.821  6.550  9.978 13.120 14.680 12.577 10.289  6.653  5.790  4.718  6.189  8.768 10.030 12.913 13.549 16.341 14.497 15.179 13.261 15.529 14.339 10.644 12.422 14.524 11.827 10.857 14.678 15.103 12.775 13.743 16.878 16.297 18.450 17.064 19.762 18.725 15.171 14.650 11.597 12.104 11.267 13.806 16.058 16.543 16.048 14.795 17.553 17.374 19.479 17.891 15.701 12.676 15.581 17.661 15.448 15.088 11.292 10.872  8.942  6.366  6.044  4.679  6.128  8.616 10.197 13.953 16.254 19.763 22.503 24.029 26.380 27.997
 13.218 10.136  6.753  3.821  0.000  3.824  6.638  9.964 11.849 10.225  8.488  5.713  5.075  6.385  7.554 10.793 11.580 14.630 15.102 17.290 14.880 14.642 11.960 13.809 13.318  9.480 10.142 12.749 10.676  8.681 12.357 13.599 11.379 11.455 14.330 13.189 15.360 14.108 16.539 15.164 11.653 11.298  8.671  9.694 10.008 12.997 14.433 14.756 13.749 12.908 15.632 15.449 18.132 17.064 15.613 13.136 16.542 17.923 15.566 16.122 12.570 13.208 12.050  9.860  8.395  5.615  4.746  5.803  6.537 10.270 12.461 16.001 18.730 20.311 22.716 24.406
 16.662 13.345 10.088  6.550  3.824  0.000  3.833  6.672  8.467  6.962  6.146  4.560  6.322  8.842 10.937 14.358 15.375 18.395 18.664 20.886 18.506 17.914 14.858 16.540 16.548 12.777 12.622 15.398 13.620 10.855 14.096 15.676 13.061 12.122 15.071 13.681 16.245 15.518 17.416 15.274 12.066 11.630  9.576  9.912 10.617 13.008 13.836 14.910 14.255 14.414 17.423 17.678 20.734 19.773 18.746 16.285 19.620 20.642 17.871 18.581 15.161 15.840 14.868 12.136 10.332  6.710  6.116  4.954  5.841  8.896 11.311 14.990 17.461 19.061 21.246 22.809
 19.774 16.559 13.328  9.978  6.638  3.833  0.000  3.838  5.672  5.337  5.763  6.462  8.006 11.348 13.198 16.816 17.755 20.904 21.278 23.049 20.295 19.175 15.805 16.795 17.259 13.778 12.539 15.254 14.073 10.640 13.110 15.218 12.757 10.780 13.270 11.506 14.223 14.100 15.565 12.863 10.233 10.427  9.639 10.535 12.370 14.828 14.728 15.629 14.465 15.096 17.753 17.856 21.278 20.909 20.453 18.523 22.073 22.677 19.999 21.260 18.067 19.181 18.386 15.830 13.921 10.276  8.781  6.181  4.941  6.637  8.350 12.061 14.176 15.728 17.873 19.469
 23.063 19.850 16.516 13.120  9.964  6.672  3.838  0.000  3.851  5.599  7.820  9.373 11.564 14.872 16.843 20.408 21.198 24.181 24.225 25.973 23.333 21.890 18.321 19.323 20.279 16.935 15.387 18.277 17.498 13.964 16.001 18.407 16.064 13.611 15.673 13.550 16.049 16.103 16.817 13.665 11.576 11.363 11.160 11.294 13.337 15.135 14.308 15.700 14.902 16.376 19.132 19.720 23.301 22.959 22.902 21.036 24.468 24.679 21.735 23.191 20.255 21.562 21.120 18.480 16.205 12.431 10.950  7.582  6.683  6.519  8.305 11.533 13.332 14.896 16.676 18.096
 24.706 21.267 18.292 14.680 11.849  8.467  5.672  3.851  0.000  3.839  6.671  9.466 11.965 15.536 17.960 21.674 22.993 26.242 26.682 28.515 25.739 24.539 21.093 21.800 22.401 19.074 17.436 19.841 18.757 15.098 16.828 18.821 16.099 13.360 15.589 14.117 17.127 17.899 18.792 15.470 13.892 14.378 14.403 14.815 16.714 18.444 17.755 19.270 18.442 19.778 22.409 22.681 26.263 26.070 25.833 23.911 27.390 27.862 24.994 26.245 23.108 24.047 23.151 20.201 18.433 14.694 13.779 10.791  9.745  9.576 10.324 13.380 14.395 15.616 17.113 18.340
 22.541 18.970 16.277 12.577 10.225  6.962  5.337  5.599  3.839  0.000  3.811  6.793  9.601 13.062 15.825 19.527 21.197 24.548 25.229 27.294 24.595 23.828 20.616 21.497 21.600 18.111 16.955 19.155 17.523 14.074 16.207 17.690 14.598 12.343 15.163 14.240 17.532 18.213 19.670 16.637 14.654 15.219 14.627 15.129 16.537 18.393 18.335 19.858 19.113 19.991 22.733 22.811 26.213 25.808 25.131 22.950 26.374 27.254 24.456 25.326 21.954 22.476 21.189 18.056 16.733 13.135 12.825 10.526  9.946 10.870 11.860 15.265 16.468 17.656 19.278 20.506
 19.829 16.194 13.904 10.289  8.488  6.146  5.763  7.820  6.671  3.811  0.000  3.835  6.457  9.880 12.882 16.573 18.637 22.138 23.217 25.383 22.678 22.378 19.510 20.384 19.893 16.366 15.679 17.479 15.284 12.161 14.617 15.469 12.060 10.490 13.860 13.600 17.081 17.691 19.782 17.183 14.897 15.735 14.695 15.610 16.674 18.889 19.435 20.673 19.767 19.984 22.622 22.304 25.457 24.978 23.861 21.569 24.973 26.293 23.752 24.300 20.713 20.848 19.079 15.923 15.234 11.989 12.117 10.763 10.276 12.187 13.151 16.795 18.205 19.373 21.241 22.579
 16.205 12.525 10.278  6.653  5.713  4.560  6.462  9.373  9.466  6.793  3.835  0.000  3.826  6.601  9.814 13.365 15.445 18.841 19.886 22.306 19.866 19.966 17.395 18.735 17.898 14.206 14.354 16.240 13.636 11.125 14.291 14.849 11.524 11.049 14.631 14.383 17.540 17.460 19.907 17.830 14.953 15.341 13.487 14.263 14.661 16.975 18.177 19.278 18.554 18.284 21.044 20.748 23.581 22.710 21.174 18.594 21.831 23.467 21.003 21.183 17.484 17.317 15.368 12.210 11.794  8.895  9.622  9.415  9.779 12.665 14.259 18.017 19.987 21.314 23.400 24.848
 13.903 10.469  8.550  5.790  5.075  6.322  8.006 11.564 11.965  9.601  6.457  3.826  0.000  3.843  6.490 10.203 12.426 16.047 17.590 19.722 17.042 17.394 15.201 16.199 14.842 11.342 11.773 13.107 10.146  8.122 11.443 11.528  8.336  8.817 12.400 12.589 15.555 15.360 18.303 16.806 13.917 14.770 12.940 14.520 15.053 17.924 19.309 19.723 18.475 17.487 19.768 18.872 21.446 20.810 19.074 16.794 20.134 21.994 20.046 20.274 16.577 16.457 14.269 11.720 11.778  9.565  9.761 10.329 10.037 13.244 14.384 18.032 20.085 21.344 23.653 25.242
 10.420  6.950  6.045  4.718  6.385  8.842 11.348 14.872 15.536 13.062  9.880  6.601  3.843  0.000  3.818  7.007  9.754 13.282 15.137 17.575 15.300 16.450 14.979 16.339 14.327 11.017 12.614 13.560 10.113  9.506 12.994 12.352  9.609 11.343 14.735 15.214 17.757 17.081 20.295 19.364 16.258 16.793 14.408 15.809 15.588 18.377 20.392 20.639 19.600 18.047 20.242 19.240 21.244 20.223 17.873 15.339 18.296 20.706 19.081 18.709 14.970 14.197 11.463  9.202 10.303  9.341 10.327 12.131 12.518 16.071 17.481 21.030 23.313 24.583 26.941 28.536
  8.332  5.862  5.367  6.189  7.554 10.937 13.198 16.843 17.960 15.825 12.882  9.814  6.490  3.818  0.000  3.813  6.269  9.990 12.257 14.292 11.848 13.305 12.422 13.609 11.107  8.219 10.529 11.002  7.504  8.241 11.609 10.766  9.095 11.596 14.342 14.782 16.647 15.492 18.917 18.690 15.599 16.192 13.820 15.696 15.532 18.653 20.732 20.316 18.901 16.702 18.353 16.903 18.467 17.577 15.047 12.924 15.875 18.396 17.371 17.129 13.647 13.182 10.677  9.690 10.752 10.545 10.752 13.042 13.092 16.653 17.862 21.105 23.558 24.812 27.311 29.012
  5.527  4.764  6.266  8.768 10.793 14.358 16.816 20.408 21.674 19.527 16.573 13.365 10.203  7.007  3.813  0.000  3.828  7.149 10.105 12.139 10.278 12.723 12.936 14.234 11.169  9.214 12.327 12.239  8.978 10.970 13.908 12.599 11.727 14.730 17.083 17.673 19.045 17.539 21.017 21.338 18.272 18.666 16.118 17.873 17.242 20.217 22.651 21.949 20.632 17.948 19.240 17.622 18.417 17.284 14.225 12.231 14.531 17.542 17.159 16.420 13.287 12.353  9.668  9.888 11.660 12.604 13.057 15.899 16.219 19.795 21.063 24.107 26.671 27.894 30.415 32.121
  5.435  6.342  6.870 10.030 11.580 15.375 17.755 21.198 22.993 21.197 18.637 15.445 12.426  9.754  6.269  3.828  0.000  3.823  6.693  8.384  6.579  9.340 10.199 11.812  8.856  7.518 11.202 11.366  9.042 11.487 14.249 13.577 13.525 16.283 18.095 18.095 18.756 16.573 19.812 20.637 17.516 17.495 14.867 16.611 15.886 18.910 21.333 20.119 18.701 15.607 16.507 14.877 15.169 13.852 10.629  8.979 11.168 14.120 14.226 13.701 11.060 10.807  9.144 10.535 11.523 12.865 12.651 15.728 16.086 19.521 20.909 23.613 26.432 27.724 30.300 32.073
  5.803  8.432  9.338 12.913 14.630 18.395 20.904 24.181 26.242 24.548 22.138 18.841 16.047 13.282  9.990  7.149  3.823  0.000  3.878  5.445  5.397  8.988 10.971 12.881 10.194  9.833 13.636 13.804 12.172 14.842 17.359 16.808 17.151 19.897 21.450 21.243 21.447 18.859 21.824 23.049 19.945 19.499 16.753 18.138 16.970 19.656 22.288 20.786 19.603 16.222 16.760 15.322 14.709 12.931  9.289  7.992  8.943 12.247 13.159 12.204 10.447 10.150  9.280 11.864 12.810 14.904 14.730 18.069 18.736 22.061 23.626 26.079 29.057 30.373 32.934 34.707
  7.618 10.023 10.046 13.549 15.102 18.664 21.278 24.225 26.682 25.229 23.217 19.886 17.590 15.137 12.257 10.105  6.693  3.878  0.000  3.840  5.540  8.332 10.266 12.976 11.290 10.807 14.486 15.451 14.378 16.547 19.217 19.328 19.613 21.906 23.419 22.629 22.592 19.575 22.064 23.303 20.043 18.894 15.898 16.668 15.044 17.339 20.076 18.428 17.644 14.272 14.917 14.221 13.322 10.739  6.921  5.200  5.171  8.706  9.777  8.614  7.614  7.974  8.604 11.752 11.874 14.308 13.964 17.421 18.543 21.714 23.679 25.945 29.165 30.608 33.130 34.901
 10.754 13.196 13.064 16.341 17.290 20.886 23.049 25.973 28.515 27.294 25.383 22.306 19.722 17.575 14.292 12.139  8.384  5.445  3.840  0.000  3.837  6.534  9.632 11.627 10.093 10.921 14.292 14.783 14.524 17.100 19.144 19.358 20.365 22.666 23.585 22.716 22.063 18.854 21.157 22.972 20.088 19.138 16.676 17.907 16.843 19.333 21.631 19.409 18.115 14.436 14.076 12.833 11.088  9.023  5.542  6.235  5.989  8.402 10.658 10.490 10.365 11.513 12.386 15.385 15.224 17.232 16.218 19.306 19.860 22.674 24.233 26.070 29.214 30.549 33.078 34.880
 10.695 12.294 11.660 14.497 14.880 18.506 20.295 23.333 25.739 24.595 22.678 19.866 17.042 15.300 11.848 10.278  6.579  5.397  5.540  3.837  0.000  3.840  6.819  8.294  6.320  7.349 10.651 10.967 10.875 13.505 15.366 15.698 16.889 19.099 19.836 18.998 18.336 15.245 17.786 19.591 16.820 16.345 14.212 16.108 15.745 18.776 20.710 18.460 16.592 12.896 12.452 10.504  9.504  8.363  5.384  6.277  8.095  9.937 11.417 12.050 11.001 12.474 12.791 15.033 14.690 15.946 14.458 17.183 17.155 19.898 21.100 22.955 25.962 27.244 29.825 31.667
 13.730 14.628 13.061 15.179 14.642 17.914 19.175 21.890 24.539 23.828 22.378 19.966 17.394 16.450 13.305 12.723  9.340  8.988  8.332  6.534  3.840  0.000  3.833  5.234  5.112  6.538  8.830  9.819 10.867 12.837 14.336 15.549 16.980 18.533 18.822 17.353 16.178 12.704 14.725 16.754 14.171 13.496 11.846 13.981 14.265 17.436 18.767 16.105 13.773 10.032  8.943  6.716  5.906  5.424  4.108  6.364  8.860  9.218 10.463 12.294 11.540 13.963 14.847 16.665 15.482 16.056 13.749 15.856 15.410 17.630 18.670 20.098 23.160 24.475 27.048 28.931
 14.528 14.451 12.014 13.261 11.960 14.858 15.805 18.321 21.093 20.616 19.510 17.395 15.201 14.979 12.422 12.936 10.199 10.971 10.266  9.632  6.819  3.833  0.000  3.845  5.381  4.975  6.334  8.687  9.866 10.710 12.475 14.422 15.415 16.305 16.707 14.725 13.768 10.205 12.056 13.569 10.678  9.740  8.078 10.506 11.400 14.847 15.775 13.224 10.579  7.073  6.676  4.791  6.339  6.061  5.906  6.823 10.243 10.138 10.033 12.410 11.078 13.865 14.760 15.804 14.004 13.765 10.890 12.454 11.766 13.840 15.010 16.540 19.731 21.195 23.810 25.737
 16.814 16.719 14.553 15.529 13.809 16.540 16.795 19.323 21.800 21.497 20.384 18.735 16.199 16.339 13.609 14.234 11.812 12.881 12.976 11.627  8.294  5.234  3.845  0.000  3.847  5.428  5.075  6.297  8.809  9.910 10.488 12.594 14.412 15.209 14.788 12.899 11.211  7.618  9.637 11.901  9.845 10.098  9.793 12.949 14.586 18.131 18.587 15.925 12.743  9.644  8.171  4.726  6.351  8.087  8.679 10.367 13.534 13.314 13.664 16.130 14.844 17.434 17.937 18.809 17.287 16.691 13.682 14.615 12.970 14.485 14.677 15.745 18.552 19.780 22.420 24.390
 14.170 14.327 12.864 14.339 13.318 16.548 17.259 20.279 22.401 21.600 19.893 17.898 14.842 14.327 11.107 11.169  8.856 10.194 11.290 10.093  6.320  5.112  5.381  3.847  0.000  3.861  5.375  4.914  6.344  8.780  9.653 10.623 12.529 14.231 14.198 13.253 12.223  9.343 12.270 14.232 12.027 12.737 11.825 14.920 16.014 19.622 20.659 18.365 15.541 12.286 11.436  8.285  8.977  9.962  9.071 10.214 13.287 14.108 14.702 16.368 14.663 16.534 16.359 17.346 16.591 16.406 14.047 15.590 14.198 16.381 16.615 18.228 20.860 21.992 24.645 26.561
 12.413 11.715  9.639 10.644  9.480 12.777 13.778 16.935 19.074 18.111 16.366 14.206 11.342 11.017  8.219  9.214  7.518  9.833 10.807 10.921  7.349  6.538  4.975  5.428  3.861  0.000  3.849  5.399  5.116  6.464  8.751  9.991 10.728 12.195 13.045 11.930 11.898  9.251 12.350 13.316 10.386 10.821  9.217 12.188 13.165 16.853 18.050 16.274 13.756 10.862 11.239  9.005 10.718 10.783  9.489  9.216 12.818 13.935 13.559 14.998 12.597 14.300 13.873 14.247 13.314 12.756 10.468 12.093 10.972 13.666 14.414 16.654 19.470 20.804 23.493 25.409
 16.030 14.878 12.439 12.422 10.142 12.622 12.539 15.387 17.436 16.955 15.679 14.354 11.773 12.614 10.529 12.327 11.202 13.636 14.486 14.292 10.651  8.830  6.334  5.075  5.375  3.849  0.000  3.841  5.398  5.040  6.252  8.794  9.879 10.310 10.397  8.620  8.199  5.517  8.759  9.642  7.094  8.502  8.239 11.865 13.885 17.649 18.078 16.242 13.193 10.927 10.980  8.515 11.149 12.170 11.989 12.189 15.890 16.332 15.710 17.736 15.445 17.481 17.175 17.049 15.707 14.305 11.433 11.835  9.587 11.471 11.420 13.356 15.976 17.272 20.033 22.036
 16.570 15.790 14.147 14.524 12.749 15.398 15.254 18.277 19.841 19.155 17.479 16.240 13.107 13.560 11.002 12.239 11.366 13.804 15.451 14.783 10.967  9.819  8.687  6.297  4.914  5.399  3.841  0.000  3.844  5.410  4.903  6.368  8.759 10.013  9.418  8.832  8.093  6.370 10.025 11.491  9.924 12.018 12.062 15.679 17.536 21.299 21.874 19.971 16.872 14.379 13.860 10.731 12.544 14.067 13.619 14.247 17.673 18.456 18.435 20.198 17.959 19.617 18.882 18.960 18.266 17.187 14.738 15.358 13.027 14.804 14.134 15.820 17.906 18.865 21.549 23.481
 13.840 12.692 11.442 11.827 10.676 13.620 14.073 17.498 18.757 17.523 15.284 13.636 10.146 10.113  7.504  8.978  9.042 12.172 14.378 14.524 10.875 10.867  9.866  8.809  6.344  5.116  5.398  3.844  0.000  3.855  5.335  5.096  6.280  8.604  9.385  9.699 10.411  9.339 13.093 13.751 11.603 13.441 12.643 15.907 17.221 20.917 21.985 20.591 17.961 15.509 15.791 13.136 14.883 15.577 14.252 13.960 17.377 18.866 18.552 19.663 16.918 17.901 16.520 16.275 16.156 15.216 13.481 14.561 12.753 15.259 15.084 17.486 19.603 20.627 23.272 25.124
 15.707 13.740 11.705 10.857  8.681 10.855 10.640 13.964 15.098 14.074 12.161 11.125  8.122  9.506  8.241 10.970 11.487 14.842 16.547 17.100 13.505 12.837 10.710  9.910  8.780  6.464  5.040  5.410  3.855  0.000  3.849  5.435  5.067  5.754  7.086  6.761  8.487  8.040 11.574 11.241  9.003 11.189 10.772 14.067 15.878 19.536 20.187 19.168 16.553 14.823 15.624 13.489 16.060 16.736 15.863 15.205 18.913 20.057 19.069 20.434 17.463 18.632 17.349 16.371 15.739 13.928 11.925 12.114  9.784 12.063 11.715 14.428 16.451 17.579 20.250 22.134
 18.873 17.219 15.427 14.678 12.357 14.096 13.110 16.001 16.828 16.207 14.617 14.291 11.443 12.994 11.609 13.908 14.249 17.359 19.217 19.144 15.366 14.336 12.475 10.488  9.653  8.751  6.252  4.903  5.335  3.849  0.000  3.841  5.567  5.575  4.573  4.791  5.827  6.588 10.138 10.238  9.296 12.365 13.004 16.611 18.890 22.584 22.830 21.515 18.494 16.822 16.910 14.268 16.761 18.223 17.852 17.885 21.536 22.383 21.748 23.443 20.744 22.129 20.949 20.149 19.512 17.659 15.402 15.146 12.224 13.589 12.176 14.156 15.577 16.390 19.032 20.924
 17.951 16.453 15.479 15.103 13.599 15.676 15.218 18.407 18.821 17.690 15.469 14.849 11.528 12.352 10.766 12.599 13.577 16.808 19.328 19.358 15.698 15.549 14.422 12.594 10.623  9.991  8.794  6.368  5.096  5.435  3.841  0.000  3.846  6.045  5.831  7.969  9.297 10.161 13.779 14.041 13.007 15.853 15.956 19.397 21.201 24.875 25.560 24.374 21.556 19.572 19.709 16.885 18.866 20.122 19.151 19.012 22.447 23.841 23.457 24.664 21.807 22.631 20.913 20.162 20.248 18.806 17.180 17.478 15.010 16.851 15.675 17.856 19.111 19.761 22.251 23.992
 17.080 14.885 13.828 12.775 11.379 13.061 12.757 16.064 16.099 14.598 12.060 11.524  8.336  9.609  9.095 11.727 13.525 17.151 19.613 20.365 16.889 16.980 15.415 14.412 12.529 10.728  9.879  8.759  6.280  5.067  5.567  3.846  0.000  3.832  6.081  8.292 10.914 11.901 15.393 14.781 13.260 15.839 15.519 18.568 20.150 23.645 24.468 23.830 21.408 19.790 20.641 18.352 20.664 21.378 20.120 19.262 22.772 24.396 23.493 24.392 21.163 21.620 19.572 18.194 18.428 16.692 15.567 15.750 13.598 15.754 14.978 17.750 19.039 19.814 22.239 23.917
 19.820 17.290 15.569 13.743 11.455 12.122 10.780 13.611 13.360 12.343 10.490 11.049  8.817 11.343 11.596 14.730 16.283 19.897 21.906 22.666 19.099 18.533 16.305 15.209 14.231 12.195 10.310 10.013  8.604  5.754  5.575  6.045  3.832  0.000  3.853  5.700  9.179 10.950 13.897 12.513 11.458 14.373 14.709 17.730 19.835 23.232 23.522 23.071 20.581 19.578 20.562 18.577 21.404 22.309 21.570 20.740 24.449 25.637 24.365 25.634 22.424 23.234 21.498 19.763 19.416 17.020 15.519 14.774 12.076 13.515 12.211 14.927 15.844 16.587 18.970 20.666
 22.260 20.132 18.365 16.878 14.330 15.071 13.270 15.673 15.589 15.163 13.860 14.631 12.400 14.735 14.342 17.083 18.095 21.450 23.419 23.585 19.836 18.822 16.707 14.788 14.198 13.045 10.397  9.418  9.385  7.086  4.573  5.831  6.081  3.853  0.000  3.824  6.564  9.287 11.959 11.009 11.037 14.526 15.681 19.071 21.612 25.129 25.053 24.167 21.250 20.198 20.536 18.173 20.943 22.477 22.229 22.038 25.760 26.589 25.640 27.317 24.413 25.620 24.185 22.820 22.246 19.902 17.881 16.916 13.711 14.410 12.261 14.132 14.593 15.077 17.478 19.224
 22.406 20.284 17.916 16.297 13.189 13.681 11.506 13.550 14.117 14.240 13.600 14.383 12.589 15.214 14.782 17.673 18.095 21.243 22.629 22.716 18.998 17.353 14.725 12.899 13.253 11.930  8.620  8.832  9.699  6.761  4.791  7.969  8.292  5.700  3.824  0.000  3.897  6.493  8.680  7.278  7.440 11.068 12.741 16.164 19.071 22.541 22.084 21.059 18.016 17.285 17.611 15.566 18.694 20.283 20.521 20.458 24.253 24.611 23.468 25.524 22.838 24.513 23.598 22.315 21.123 18.554 15.995 14.584 11.045 11.185  8.793 10.479 11.314 12.137 14.829 16.821
 23.553 21.936 19.536 18.450 15.360 16.245 14.223 16.049 17.127 17.532 17.081 17.540 15.555 17.757 16.647 19.045 18.756 21.447 22.592 22.063 18.336 16.178 13.768 11.211 12.223 11.898  8.199  8.093 10.411  8.487  5.827  9.297 10.914  9.179  6.564  3.897  0.000  3.893  5.630  5.723  6.971 10.641 12.907 16.554 19.659 23.186 22.507 20.891 17.468 16.507 16.023 13.618 16.560 18.739 19.528 20.167 23.835 23.765 23.036 25.479 23.246 25.342 24.851 24.088 22.671 20.383 17.395 16.133 12.547 12.257  9.666 10.198 11.121 11.820 14.547 16.617
 21.492 20.231 17.670 17.064 14.108 15.518 14.100 16.103 17.899 18.213 17.691 17.460 15.360 17.081 15.492 17.539 16.573 18.859 19.575 18.854 15.245 12.704 10.205  7.618  9.343  9.251  5.517  6.370  9.339  8.040  6.588 10.161 11.901 10.950  9.287  6.493  3.893  0.000  3.843  5.508  5.337  8.274 10.279 14.022 16.992 20.571 20.031 18.008 14.460 13.078 12.304  9.774 12.759 14.927 15.919 16.813 20.394 20.093 19.519 22.132 20.198 22.591 22.515 22.180 20.518 18.572 15.317 14.486 11.246 11.345  9.670 10.267 12.232 13.275 16.061 18.176
 24.637 23.387 20.551 19.762 16.539 17.416 15.565 16.817 18.792 19.670 19.782 19.907 18.303 20.295 18.917 21.017 19.812 21.824 22.064 21.157 17.786 14.725 12.056  9.637 12.270 12.350  8.759 10.025 13.093 11.574 10.138 13.779 15.393 13.897 11.959  8.680  5.630  3.843  0.000  3.841  5.567  7.973 11.016 14.390 17.752 21.041 19.856 17.645 13.956 13.253 12.085 10.136 13.256 15.734 17.505 18.696 22.124 21.193 20.528 23.561 22.008 24.776 25.132 24.812 22.720 20.588 17.048 15.660 12.342 11.308  9.212  8.394 10.208 11.207 13.912 16.115
 25.058 23.272 20.190 18.725 15.164 15.274 12.863 13.665 15.470 16.637 17.183 17.830 16.806 19.364 18.690 21.338 20.637 23.049 23.303 22.972 19.591 16.754 13.569 11.901 14.232 13.316  9.642 11.491 13.751 11.241 10.238 14.041 14.781 12.513 11.009  7.278  5.723  5.508  3.841  0.000  3.835  6.808 10.200 13.308 16.913 20.047 18.609 17.015 13.620 13.714 13.523 12.316 15.852 17.754 19.250 19.773 23.386 22.605 21.330 24.216 22.305 24.907 25.093 24.223 21.998 19.357 15.914 13.826 10.213  8.494  5.714  5.011  6.971  8.479 11.475 13.833
 21.665 19.817 16.591 15.171 11.653 12.066 10.233 11.576 13.892 14.654 14.897 14.953 13.917 16.258 15.599 18.272 17.516 19.945 20.043 20.088 16.820 14.171 10.678  9.845 12.027 10.386  7.094  9.924 11.603  9.003  9.296 13.007 13.260 11.458 11.037  7.440  6.971  5.337  5.567  3.835  0.000  3.820  6.599  9.948 13.391 16.702 15.685 14.190 10.919 10.742 11.256 10.331 14.054 15.297 16.375 16.441 20.130 19.583 18.054 20.742 18.650 21.181 21.387 20.511 18.215 15.642 12.157 10.327  6.850  6.130  4.967  6.350  9.349 11.105 14.000 16.204
 21.180 19.454 15.936 14.650 11.298 11.630 10.427 11.363 14.378 15.219 15.735 15.341 14.770 16.793 16.192 18.666 17.495 19.499 18.894 19.138 16.345 13.496  9.740 10.098 12.737 10.821  8.502 12.018 13.441 11.189 12.365 15.853 15.839 14.373 14.526 11.068 10.641  8.274  7.973  6.808  3.820  0.000  3.829  6.626 10.251 13.365 12.132 10.455  7.197  7.591  8.783  9.110 12.906 13.486 14.799 14.648 18.138 17.193 15.275 18.158 16.376 19.237 20.015 19.306 16.495 14.039 10.305  8.437  5.896  5.187  6.211  7.437 11.019 12.972 15.610 17.667
 18.009 16.290 12.660 11.597  8.671  9.576  9.639 11.160 14.403 14.627 14.695 13.487 12.940 14.408 13.820 16.118 14.867 16.753 15.898 16.676 14.212 11.846  8.078  9.793 11.825  9.217  8.239 12.062 12.643 10.772 13.004 15.956 15.519 14.709 15.681 12.741 12.907 10.279 11.016 10.200  6.599  3.829  0.000  3.823  6.889 10.388 10.064  8.601  5.988  5.663  8.181  8.985 12.413 11.965 12.534 11.624 15.122 14.562 12.266 14.788 12.740 15.510 16.370 15.722 12.784 10.569  6.772  5.807  4.797  6.337  8.762 10.862 14.390 16.290 18.828 20.739
 18.816 17.046 13.298 12.104  9.694  9.912 10.535 11.294 14.815 15.129 15.610 14.263 14.520 15.809 15.696 17.873 16.611 18.138 16.668 17.907 16.108 13.981 10.506 12.949 14.920 12.188 11.865 15.679 15.907 14.067 16.611 19.397 18.568 17.730 19.071 16.164 16.554 14.022 14.390 13.308  9.948  6.626  3.823  0.000  3.824  6.818  6.317  5.487  4.480  5.751  9.289 11.318 14.335 13.082 13.587 12.094 15.077 14.268 11.234 13.590 11.798 14.628 16.015 15.251 11.769  9.583  6.147  5.060  6.280  7.518 10.848 12.829 16.351 18.334 20.602 22.333
 17.103 15.536 11.963 11.267 10.008 10.617 12.370 13.337 16.714 16.537 16.674 14.661 15.053 15.588 15.532 17.242 15.886 16.970 15.044 16.843 15.745 14.265 11.400 14.586 16.014 13.165 13.885 17.536 17.221 15.878 18.890 21.201 20.150 19.835 21.612 19.071 19.659 16.992 17.752 16.913 13.391 10.251  6.889  3.824  0.000  3.848  5.523  5.494  6.502  6.948 10.746 13.024 15.338 13.180 12.967 10.685 13.103 12.625  9.098 10.736  8.943 11.616 13.426 12.874  9.143  7.781  5.389  6.225  8.942 10.917 14.400 16.589 20.067 22.001 24.191 25.821
 19.367 17.879 14.540 13.806 12.997 13.008 14.828 15.135 18.444 18.393 18.889 16.975 17.924 18.377 18.653 20.217 18.910 19.656 17.339 19.333 18.776 17.436 14.847 18.131 19.622 16.853 17.649 21.299 20.917 19.536 22.584 24.875 23.645 23.232 25.129 22.541 23.186 20.571 21.041 20.047 16.702 13.365 10.388  6.818  3.848  0.000  3.849  5.587  8.410  9.685 13.327 16.116 18.137 15.663 15.533 13.146 14.762 14.020 10.239 11.379 10.311 12.642 14.887 14.306 10.518  9.580  8.376  8.881 11.979 13.462 17.117 19.097 22.478 24.441 26.410 27.891
 22.430 20.792 17.227 16.058 14.433 13.836 14.728 14.308 17.755 18.335 19.435 18.177 19.309 20.392 20.732 22.651 21.333 22.288 20.076 21.631 20.710 18.767 15.775 18.587 20.659 18.050 18.078 21.874 21.985 20.187 22.830 25.560 24.468 23.522 25.053 22.084 22.507 20.031 19.856 18.609 15.685 12.132 10.064  6.317  5.523  3.849  0.000  3.820  6.935  9.594 12.999 16.068 18.480 16.567 17.225 15.454 17.340 16.002 12.431 14.344 13.522 16.167 18.316 17.570 13.759 12.117 10.154  9.250 11.609 11.994 15.531 16.977 20.253 22.249 24.060 25.494
 21.871 20.679 17.151 16.543 14.756 14.910 15.629 15.700 19.270 19.858 20.673 19.278 19.723 20.639 20.316 21.949 20.119 20.786 18.428 19.409 18.460 16.105 13.224 15.925 18.365 16.274 16.242 19.971 20.591 19.168 21.515 24.374 23.830 23.071 24.167 21.059 20.891 18.008 17.645 17.015 14.190 10.455  8.601  5.487  5.494  5.587  3.820  0.000  3.826  6.460  9.527 12.863 15.105 13.343 14.540 13.440 15.350 13.472 10.286 13.005 12.663 15.913 18.319 18.190 14.458 13.182 10.508 10.019 11.589 11.902 15.038 16.061 19.512 21.476 23.450 25.022
 21.329 20.176 16.611 16.048 13.749 14.255 14.465 14.902 18.442 19.113 19.767 18.554 18.475 19.600 18.901 20.632 18.701 19.603 17.644 18.115 16.592 13.773 10.579 12.743 15.541 13.756 13.193 16.872 17.961 16.553 18.494 21.556 21.408 20.581 21.250 18.016 17.468 14.460 13.956 13.620 10.919  7.197  5.988  4.480  6.502  8.410  6.935  3.826  0.000  3.826  6.549  9.612 12.344 11.338 12.998 12.564 15.067 13.172 10.611 13.837 13.201 16.641 18.682 18.632 15.136 13.602 10.219  9.470  9.836  9.904 12.494 13.274 16.816 18.757 20.931 22.668
 18.576 17.890 14.601 14.795 12.908 14.414 15.096 16.376 19.778 19.991 19.984 18.284 17.487 18.047 16.702 17.948 15.607 16.222 14.272 14.436 12.896 10.032  7.073  9.644 12.286 10.862 10.927 14.379 15.509 14.823 16.822 19.572 19.790 19.578 20.198 17.285 16.507 13.078 13.253 13.714 10.742  7.591  5.663  5.751  6.948  9.685  9.594  6.460  3.826  0.000  3.837  6.610  9.039  7.759  9.275  9.199 11.887 10.150  8.171 11.573 10.964 14.547 16.550 17.065 13.941 13.055  9.681 10.125 10.338 11.371 13.604 14.668 18.231 20.028 22.396 24.222
 20.131 19.926 16.964 17.553 15.632 17.423 17.753 19.132 22.409 22.733 22.622 21.044 19.768 20.242 18.353 19.240 16.507 16.760 14.917 14.076 12.452  8.943  6.676  8.171 11.436 11.239 10.980 13.860 15.791 15.624 16.910 19.709 20.641 20.562 20.536 17.611 16.023 12.304 12.085 13.523 11.256  8.783  8.181  9.289 10.746 13.327 12.999  9.527  6.549  3.837  0.000  3.837  5.923  5.840  8.684 10.143 12.511 10.261  9.647 13.306 13.284 16.918 18.915 19.865 17.074 16.431 13.032 13.454 12.912 13.510 14.902 15.269 18.628 20.218 22.576 24.440
 19.233 19.186 16.561 17.374 15.449 17.678 17.856 19.720 22.681 22.811 22.304 20.748 18.872 19.240 16.903 17.622 14.877 15.322 14.221 12.833 10.504  6.716  4.791  4.726  8.285  9.005  8.515 10.731 13.136 13.489 14.268 16.885 18.352 18.577 18.173 15.566 13.618  9.774 10.136 12.316 10.331  9.110  8.985 11.318 13.024 16.116 16.068 12.863  9.612  6.610  3.837  0.000  3.853  5.683  8.153 10.265 12.981 11.460 11.625 14.878 14.423 17.710 19.126 20.150 17.891 17.276 13.914 14.509 13.280 14.123 14.790 15.223 18.333 19.722 22.215 24.154
 19.397 20.088 17.977 19.479 18.132 20.734 21.278 23.301 26.263 26.213 25.457 23.581 21.446 21.244 18.467 18.417 15.169 14.709 13.322 11.088  9.504  5.906  6.339  6.351  8.977 10.718 11.149 12.544 14.883 16.060 16.761 18.866 20.664 21.404 20.943 18.694 16.560 12.759 13.256 15.852 14.054 12.906 12.413 14.335 15.338 18.137 18.480 15.105 12.344  9.039  5.923  3.853  0.000  3.812  6.769 10.014 11.799 10.048 11.455 14.502 14.787 17.998 19.654 21.340 19.388 19.461 16.456 17.636 16.785 17.874 18.594 18.953 21.962 23.217 25.619 27.486
 17.295 18.164 16.081 17.891 17.064 19.773 20.909 22.959 26.070 25.808 24.978 22.710 20.810 20.223 17.577 17.284 13.852 12.931 10.739  9.023  8.363  5.424  6.061  8.087  9.962 10.783 12.170 14.067 15.577 16.736 18.223 20.122 21.378 22.309 22.477 20.283 18.739 14.927 15.734 17.754 15.297 13.486 11.965 13.082 13.180 15.663 16.567 13.343 11.338  7.759  5.840  5.683  3.812  0.000  3.835  6.938  8.291  6.285  7.815 10.787 11.459 14.770 16.851 18.823 16.790 17.364 14.731 16.479 16.458 18.031 19.475 20.311 23.590 25.026 27.436 29.269
 13.681 14.917 13.307 15.701 15.613 18.746 20.453 22.902 25.833 25.131 23.861 21.174 19.074 17.873 15.047 14.225 10.629  9.289  6.921  5.542  5.384  4.108  5.906  8.679  9.071  9.489 11.989 13.619 14.252 15.863 17.852 19.151 20.120 21.570 22.229 20.521 19.528 15.919 17.505 19.250 16.375 14.799 12.534 13.587 12.967 15.533 17.225 14.540 12.998  9.275  8.684  8.153  6.769  3.835  0.000  3.826  5.268  5.148  6.932  8.725  8.947 11.750 13.564 15.891 14.393 15.578 13.585 16.080 16.497 18.781 20.470 21.918 25.225 26.683 29.172 31.001
 11.011 11.920 10.158 12.676 13.136 16.285 18.523 21.036 23.911 22.950 21.569 18.594 16.794 15.339 12.924 12.231  8.979  7.992  5.200  6.235  6.277  6.364  6.823 10.367 10.214  9.216 12.189 14.247 13.960 15.205 17.885 19.012 19.262 20.740 22.038 20.458 20.167 16.813 18.696 19.773 16.441 14.648 11.624 12.094 10.685 13.146 15.454 13.440 12.564  9.199 10.143 10.265 10.014  6.938  3.826  0.000  3.855  5.489  5.474  6.195  5.325  8.063  9.952 12.226 10.696 12.259 10.847 13.882 15.007 17.779 19.968 21.953 25.349 26.926 29.416 31.210
 11.998 13.741 12.695 15.581 16.542 19.620 22.073 24.468 27.390 26.374 24.973 21.831 20.134 18.296 15.875 14.531 11.168  8.943  5.171  5.989  8.095  8.860 10.243 13.534 13.287 12.818 15.890 17.673 17.377 18.913 21.536 22.447 22.772 24.449 25.760 24.253 23.835 20.394 22.124 23.386 20.130 18.138 15.122 15.077 13.103 14.762 17.340 15.350 15.067 11.887 12.511 12.981 11.799  8.291  5.268  3.855  0.000  3.859  5.426  4.667  5.937  8.067 10.648 13.688 12.512 14.814 13.958 17.135 18.608 21.312 23.633 25.489 28.923 30.490 32.917 34.666
 15.600 16.956 15.310 17.661 17.923 20.642 22.677 24.679 27.862 27.254 26.293 23.467 21.994 20.706 18.396 17.542 14.120 12.247  8.706  8.402  9.937  9.218 10.138 13.314 14.108 13.935 16.332 18.456 18.866 20.057 22.383 23.841 24.396 25.637 26.589 24.611 23.765 20.093 21.193 22.605 19.583 17.193 14.562 14.268 12.625 14.020 16.002 13.472 13.172 10.150 10.261 11.460 10.048  6.285  5.148  5.489  3.859  0.000  3.835  5.454  7.804 10.861 13.848 16.482 14.578 16.295 14.761 17.367 18.659 20.804 23.097 24.470 27.948 29.539 31.883 33.623
 15.333 15.905 13.667 15.448 15.566 17.871 19.999 21.735 24.994 24.456 23.752 21.003 20.046 19.081 17.371 17.159 14.226 13.159  9.777 10.658 11.417 10.463 10.033 13.664 14.702 13.559 15.710 18.435 18.552 19.069 21.748 23.457 23.493 24.365 25.640 23.468 23.036 19.519 20.528 21.330 18.054 15.275 12.266 11.234  9.098 10.239 12.431 10.286 10.611  8.171  9.647 11.625 11.455  7.815  6.932  5.474  5.426  3.835  0.000  3.855  5.598  9.218 12.447 14.452 11.915 13.326 11.819 14.322 16.096 18.258 20.961 22.558 26.113 27.831 30.134 31.839
 13.463 14.405 12.824 15.088 16.122 18.581 21.260 23.191 26.245 25.326 24.300 21.183 20.274 18.709 17.129 16.420 13.701 12.204  8.614 10.490 12.050 12.294 12.410 16.130 16.368 14.998 17.736 20.198 19.663 20.434 23.443 24.664 24.392 25.634 27.317 25.524 25.479 22.132 23.561 24.216 20.742 18.158 14.788 13.590 10.736 11.379 14.344 13.005 13.837 11.573 13.306 14.878 14.502 10.787  8.725  6.195  4.667  5.454  3.855  0.000  3.840  6.404 10.018 12.544 10.612 13.012 12.602 15.703 17.971 20.590 23.471 25.454 28.987 30.701 33.011 34.680
 10.724 10.990  9.097 11.292 12.570 15.161 18.067 20.255 23.108 21.954 20.713 17.484 16.577 14.970 13.647 13.287 11.060 10.447  7.614 10.365 11.001 11.540 11.078 14.844 14.663 12.597 15.445 17.959 16.918 17.463 20.744 21.807 21.163 22.424 24.413 22.838 23.246 20.198 22.008 22.305 18.650 16.376 12.740 11.798  8.943 10.311 13.522 12.663 13.201 10.964 13.284 14.423 14.787 11.459  8.947  5.325  5.937  7.804  5.598  3.840  0.000  3.830  6.954  9.021  7.008  9.480  9.408 12.867 15.237 18.252 21.153 23.548 27.008 28.723 31.089 32.770
  8.629  9.067  8.251 10.872 13.208 15.840 19.181 21.562 24.047 22.476 20.848 17.317 16.457 14.197 13.182 12.353 10.807 10.150  7.974 11.513 12.474 13.963 13.865 17.434 16.534 14.300 17.481 19.617 17.901 18.632 22.129 22.631 21.620 23.234 25.620 24.513 25.342 22.591 24.776 24.907 21.181 19.237 15.510 14.628 11.616 12.642 16.167 15.913 16.641 14.547 16.918 17.710 17.998 14.770 11.750  8.063  8.067 10.861  9.218  6.404  3.830  0.000  3.838  6.603  6.063  9.593 10.874 14.592 17.193 20.534 23.447 26.176 29.525 31.197 33.550 35.185
  5.767  5.682  5.976  8.942 12.050 14.868 18.386 21.120 23.151 21.189 19.079 15.368 14.269 11.463 10.677  9.668  9.144  9.280  8.604 12.386 12.791 14.847 14.760 17.937 16.359 13.873 17.175 18.882 16.520 17.349 20.949 20.913 19.572 21.498 24.185 23.598 24.851 22.515 25.132 25.093 21.387 20.015 16.370 16.015 13.426 14.887 18.316 18.319 18.682 16.550 18.915 19.126 19.654 16.851 13.564  9.952 10.648 13.848 12.447 10.018  6.954  3.838  0.000  3.843  5.580  9.094 11.086 14.840 17.209 20.841 23.517 26.564 29.716 31.298 33.676 35.298
  7.656  5.409  4.865  6.366  9.860 12.136 15.830 18.480 20.201 18.056 15.923 12.210 11.720  9.202  9.690  9.888 10.535 11.864 11.752 15.385 15.033 16.665 15.804 18.809 17.346 14.247 17.049 18.960 16.275 16.371 20.149 20.162 18.194 19.763 22.820 22.315 24.088 22.180 24.812 24.223 20.511 19.306 15.722 15.251 12.874 14.306 17.570 18.190 18.632 17.065 19.865 20.150 21.340 18.823 15.891 12.226 13.688 16.482 14.452 12.544  9.021  6.603  3.843  0.000  3.843  6.643  9.559 12.978 15.520 19.200 21.939 25.255 28.240 29.820 32.116 33.673
 10.102  8.038  5.561  6.044  8.395 10.332 13.921 16.205 18.433 16.733 15.234 11.794 11.778 10.303 10.752 11.660 11.523 12.810 11.874 15.224 14.690 15.482 14.004 17.287 16.591 13.314 15.707 18.266 16.156 15.739 19.512 20.248 18.428 19.416 22.246 21.123 22.671 20.518 22.720 21.998 18.215 16.495 12.784 11.769  9.143 10.518 13.759 14.458 15.136 13.941 17.074 17.891 19.388 16.790 14.393 10.696 12.512 14.578 11.915 10.612  7.008  6.063  5.580  3.843  0.000  3.828  6.483  9.965 12.926 16.413 19.473 22.622 25.770 27.466 29.738 31.311
 12.613  9.834  6.515  4.679  5.615  6.710 10.276 12.431 14.694 13.135 11.989  8.895  9.565  9.341 10.545 12.604 12.865 14.904 14.308 17.232 15.946 16.056 13.765 16.691 16.406 12.756 14.305 17.187 15.216 13.928 17.659 18.806 16.692 17.020 19.902 18.554 20.383 18.572 20.588 19.357 15.642 14.039 10.569  9.583  7.781  9.580 12.117 13.182 13.602 13.055 16.431 17.276 19.461 17.364 15.578 12.259 14.814 16.295 13.326 13.012  9.480  9.593  9.094  6.643  3.828  0.000  3.819  6.605  9.693 13.121 16.237 19.530 22.555 24.275 26.500 28.058
 13.885 11.497  7.714  6.128  4.746  6.116  8.781 10.950 13.779 12.825 12.117  9.622  9.761 10.327 10.752 13.057 12.651 14.730 13.964 16.218 14.458 13.749 10.890 13.682 14.047 10.468 11.433 14.738 13.481 11.925 15.402 17.180 15.567 15.519 17.881 15.995 17.395 15.317 17.048 15.914 12.157 10.305  6.772  6.147  5.389  8.376 10.154 10.508 10.219  9.681 13.032 13.914 16.456 14.731 13.585 10.847 13.958 14.761 11.819 12.602  9.408 10.874 11.086  9.559  6.483  3.819  0.000  3.830  6.604 10.001 13.130 16.205 19.412 21.208 23.550 25.229
 17.432 14.805 11.043  8.616  5.803  4.954  6.181  7.582 10.791 10.526 10.763  9.415 10.329 12.131 13.042 15.899 15.728 18.069 17.421 19.306 17.183 15.856 12.454 14.615 15.590 12.093 11.835 15.358 14.561 12.114 15.146 17.478 15.750 14.774 16.916 14.584 16.133 14.486 15.660 13.826 10.327  8.437  5.807  5.060  6.225  8.881  9.250 10.019  9.470 10.125 13.454 14.509 17.636 16.479 16.080 13.882 17.135 17.367 14.322 15.703 12.867 14.592 14.840 12.978  9.965  6.605  3.830  0.000  3.821  6.669 10.104 13.222 16.326 18.199 20.450 22.109
 18.779 16.211 12.579 10.197  6.537  5.841  4.941  6.683  9.745  9.946 10.276  9.779 10.037 12.518 13.092 16.219 16.086 18.736 18.543 19.860 17.155 15.410 11.766 12.970 14.198 10.972  9.587 13.027 12.753  9.784 12.224 15.010 13.598 12.076 13.711 11.045 12.547 11.246 12.342 10.213  6.850  5.896  4.797  6.280  8.942 11.979 11.609 11.589  9.836 10.338 12.912 13.280 16.785 16.458 16.497 15.007 18.608 18.659 16.096 17.971 15.237 17.193 17.209 15.520 12.926  9.693  6.604  3.821  0.000  3.821  6.605  9.934 12.979 14.846 17.313 19.153
 22.480 19.990 16.358 13.953 10.270  8.896  6.637  6.519  9.576 10.870 12.187 12.665 13.244 16.071 16.653 19.795 19.521 22.061 21.714 22.674 19.898 17.630 13.840 14.485 16.381 13.666 11.471 14.804 15.259 12.063 13.589 16.851 15.754 13.515 14.410 11.185 12.257 11.345 11.308  8.494  6.130  5.187  6.337  7.518 10.917 13.462 11.994 11.902  9.904 11.371 13.510 14.123 17.874 18.031 18.781 17.779 21.312 20.804 18.258 20.590 18.252 20.534 20.841 19.200 16.413 13.121 10.001  6.669  3.821  0.000  3.820  6.704  9.796 11.865 14.285 16.198
 24.426 21.992 18.585 16.254 12.461 11.311  8.350  8.305 10.324 11.860 13.151 14.259 14.384 17.481 17.862 21.063 20.909 23.626 23.679 24.233 21.100 18.670 15.010 14.677 16.615 14.414 11.420 14.134 15.084 11.715 12.176 15.675 14.978 12.211 12.261  8.793  9.666  9.670  9.212  5.714  4.967  6.211  8.762 10.848 14.400 17.117 15.531 15.038 12.494 13.604 14.902 14.790 18.594 19.475 20.470 19.968 23.633 23.097 20.961 23.471 21.153 23.447 23.517 21.939 19.473 16.237 13.130 10.104  6.605  3.820  0.000  3.821  6.508  8.607 11.382 13.571
 27.440 25.258 21.842 19.763 16.001 14.990 12.061 11.533 13.380 15.265 16.795 18.017 18.032 21.030 21.105 24.107 23.613 26.079 25.945 26.070 22.955 20.098 16.540 15.745 18.228 16.654 13.356 15.820 17.486 14.428 14.156 17.856 17.750 14.927 14.132 10.479 10.198 10.267  8.394  5.011  6.350  7.437 10.862 12.829 16.589 19.097 16.977 16.061 13.274 14.668 15.269 15.223 18.953 20.311 21.918 21.953 25.489 24.470 22.558 25.454 23.548 26.176 26.564 25.255 22.622 19.530 16.205 13.222  9.934  6.704  3.821  0.000  3.834  6.354  9.197 11.584
 30.342 28.046 24.756 22.503 18.730 17.461 14.176 13.332 14.395 16.468 18.205 19.987 20.085 23.313 23.558 26.671 26.432 29.057 29.165 29.214 25.962 23.160 19.731 18.552 20.860 19.470 15.976 17.906 19.603 16.451 15.577 19.111 19.039 15.844 14.593 11.314 11.121 12.232 10.208  6.971  9.349 11.019 14.390 16.351 20.067 22.478 20.253 19.512 16.816 18.231 18.628 18.333 21.962 23.590 25.225 25.349 28.923 27.948 26.113 28.987 27.008 29.525 29.716 28.240 25.770 22.555 19.412 16.326 12.979  9.796  6.508  3.834  0.000  3.833  6.538  9.062
 31.716 29.442 26.260 24.029 20.311 19.061 15.728 14.896 15.616 17.656 19.373 21.314 21.344 24.583 24.812 27.894 27.724 30.373 30.608 30.549 27.244 24.475 21.195 19.780 21.992 20.804 17.272 18.865 20.627 17.579 16.390 19.761 19.814 16.587 15.077 12.137 11.820 13.275 11.207  8.479 11.105 12.972 16.290 18.334 22.001 24.441 22.249 21.476 18.757 20.028 20.218 19.722 23.217 25.026 26.683 26.926 30.490 29.539 27.831 30.701 28.723 31.197 31.298 29.820 27.466 24.275 21.208 18.199 14.846 11.865  8.607  6.354  3.833  0.000  3.845  6.770
 34.198 31.875 28.701 26.380 22.716 21.246 17.873 16.676 17.113 19.278 21.241 23.400 23.653 26.941 27.311 30.415 30.300 32.934 33.130 33.078 29.825 27.048 23.810 22.420 24.645 23.493 20.033 21.549 23.272 20.250 19.032 22.251 22.239 18.970 17.478 14.829 14.547 16.061 13.912 11.475 14.000 15.610 18.828 20.602 24.191 26.410 24.060 23.450 20.931 22.396 22.576 22.215 25.619 27.436 29.172 29.416 32.917 31.883 30.134 33.011 31.089 33.550 33.676 32.116 29.738 26.500 23.550 20.450 17.313 14.285 11.382  9.197  6.538  3.845  0.000  3.811
