  0.000  3.832  6.641 10.241 13.211 16.659 19.723 23.077 24.632 22.442 19.792 16.151 13.879 10.396  8.313  5.511  5.441  5.801  7.621 10.758 10.688 13.704 14.502 16.781 14.128 12.397 16.023 16.567 13.862 15.730 18.897 17.997 17.144 19.871 22.298 22.427 23.567 21.487 24.617 25.060 21.658 21.182 17.993 18.790 17.063 19.319 22.387 21.851 21.300 18.545 20.104 19.213 19.372 17.267 13.658 10.984 11.977 15.576 15.305 13.439 10.695  8.596  5.752  7.645 10.071 12.590 13.877 17.421 18.789 22.487 24.489 27.405 30.382 31.560 33.795 35.325
  3.832  0.000  3.827  6.830 10.126 13.338 16.505 19.867 21.192 18.863 16.156 12.469 10.448  6.933  5.859  4.768  6.359  8.439 10.038 13.209 12.300 14.609 14.431 16.692 14.288 11.697 14.875 15.788 12.707 13.762 17.242 16.491 14.941 17.338 20.169 20.309 21.956 20.235 23.377 23.281 19.816 19.458 16.273 17.014 15.494 17.828 20.744 20.654 20.149 17.862 19.902 19.171 20.068 18.142 14.904 11.904 13.727 16.940 15.884 14.387 10.969  9.046  5.674  5.399  8.008  9.809 11.484 14.788 16.220 19.999 22.072 25.253 28.104 29.262 31.459 32.950
  6.641  3.827  0.000  3.820  6.746 10.091 13.290 16.546 18.241 16.167 13.863 10.246  8.535  6.042  5.350  6.260  6.867  9.333 10.059 13.067 11.652 13.024 11.977 14.507 12.803  9.593 12.410 14.116 11.424 11.695 15.415 15.476 13.844 15.578 18.362 17.906 19.521 17.645 20.513 20.177 16.571 15.924 12.631 13.262 11.924 14.499 17.185 17.124 16.578 14.563 16.927 16.527 17.939 16.046 13.285 10.140 12.683 15.294 13.650 12.815  9.088  8.258  6.005  4.898  5.555  6.509  7.703 11.029 12.583 16.358 18.643 21.808 24.769 26.020 28.206 29.719
 10.241  6.830  3.820  0.000  3.821  6.560  9.953 13.169 14.641 12.453 10.241  6.623  5.782  4.722  6.189  8.769 10.038 12.918 13.574 16.362 14.514 15.171 13.256 15.515 14.305 10.619 12.417 14.510 11.810 10.852 14.674 15.093 12.772 13.745 16.877 16.300 18.457 17.068 19.759 18.743 15.179 14.664 11.592 12.084 11.250 13.783 16.031 16.531 16.045 14.788 17.547 17.372 19.472 17.887 15.708 12.685 15.589 17.669 15.456 15.097 11.300 10.887  8.959  6.379  6.047  4.684  6.128  8.612 10.218 13.975 16.349 19.785 22.553 23.773 25.880 27.334
 13.211 10.126  6.746  3.821  0.000  3.824  6.606  9.974 11.790 10.135  8.433  5.710  5.068  6.392  7.558 10.804 11.594 14.646 15.139 17.324 14.912 14.652 11.971 13.812 13.302  9.464 10.145 12.738 10.654  8.663 12.341 13.571 11.347 11.424 14.305 13.177 15.360 14.117 16.544 15.186 11.665 11.318  8.672  9.679 10.000 12.985 14.414 14.749 13.758 12.915 15.640 15.460 18.140 17.076 15.638 13.163 16.567 17.948 15.590 16.144 12.590 13.232 12.074  9.873  8.399  5.621  4.744  5.792  6.557 10.295 12.558 16.035 18.779 20.049 22.217 23.759
 16.659 13.338 10.091  6.560  3.824  0.000  3.834  6.722  8.442  6.802  6.057  4.584  6.323  8.856 10.945 14.369 15.389 18.412 18.706 20.924 18.540 17.927 14.873 16.546 16.533 12.758 12.618 15.378 13.583 10.817 14.058 15.621 12.993 12.052 15.015 13.647 16.230 15.522 17.420 15.294 12.076 11.647  9.581  9.904 10.630 13.017 13.831 14.910 14.278 14.432 17.439 17.693 20.747 19.793 18.778 16.320 19.653 20.678 17.909 18.616 15.195 15.879 14.899 12.159 10.356  6.738  6.124  4.949  5.857  8.921 11.411 15.049 17.496 18.711 20.660 22.057
 19.723 16.505 13.290  9.953  6.606  3.834  0.000  3.838  5.613  5.323  5.659  6.463  7.927 11.288 13.129 16.758 17.709 20.873 21.290 23.054 20.288 19.160 15.801 16.769 17.193 13.707 12.482 15.158 13.940 10.500 12.968 15.039 12.550 10.568 13.092 11.383 14.144 14.063 15.558 12.878 10.240 10.474  9.675 10.594 12.446 14.920 14.823 15.705 14.553 15.151 17.793 17.867 21.282 20.930 20.474 18.551 22.104 22.725 20.062 21.315 18.111 19.219 18.402 15.839 13.950 10.318  8.811  6.236  4.984  6.734  8.498 12.207 14.272 15.420 17.391 18.868
 23.077 19.867 16.546 13.169  9.974  6.722  3.838  0.000  3.851  5.548  7.738  9.441 11.521 14.864 16.803 20.383 21.178 24.183 24.279 25.997 23.326 21.857 18.291 19.238 20.169 16.834 15.253 18.097 17.312 13.750 15.739 18.132 15.781 13.278 15.333 13.243 15.792 15.923 16.654 13.500 11.436 11.304 11.155 11.366 13.477 15.323 14.476 15.807 14.985 16.422 19.137 19.676 23.264 22.968 22.932 21.098 24.547 24.764 21.849 23.320 20.376 21.696 21.231 18.593 16.340 12.573 11.036  7.672  6.649  6.481  8.233 11.503 13.180 14.271 15.888 17.191
 24.632 21.192 18.241 14.641 11.790  8.442  5.613  3.851  0.000  3.839  6.499  9.431 11.836 15.435 17.845 21.569 22.905 26.177 26.676 28.491 25.691 24.485 21.052 21.719 22.274 18.949 17.312 19.658 18.537 14.873 16.574 18.516 15.764 13.006 15.265 13.875 16.944 17.784 18.723 15.413 13.834 14.385 14.413 14.881 16.820 18.598 17.914 19.382 18.546 19.831 22.434 22.657 26.235 26.073 25.835 23.929 27.421 27.915 25.074 26.322 23.168 24.105 23.172 20.220 18.486 14.756 13.807 10.836  9.729  9.626 10.405 13.547 14.467 15.218 16.636 17.763
 22.442 18.863 16.167 12.453 10.135  6.802  5.323  5.548  3.839  0.000  3.812  6.762  9.631 13.052 15.838 19.524 21.183 24.513 25.181 27.277 24.612 23.840 20.631 21.567 21.654 18.134 17.052 19.273 17.599 14.180 16.373 17.826 14.708 12.513 15.379 14.468 17.759 18.399 19.861 16.852 14.796 15.274 14.596 15.002 16.372 18.181 18.132 19.703 19.053 19.941 22.725 22.848 26.237 25.789 25.105 22.886 26.285 27.173 24.348 25.185 21.812 22.322 21.041 17.881 16.543 12.939 12.664 10.366  9.924 10.926 12.131 15.577 16.779 17.539 19.016 20.095
 19.792 16.156 13.863 10.241  8.433  6.057  5.659  7.738  6.499  3.812  0.000  3.834  6.467  9.887 12.891 16.577 18.630 22.125 23.213 25.382 22.683 22.363 19.495 20.378 19.873 16.338 15.684 17.480 15.262 12.157 14.632 15.458 12.037 10.500 13.891 13.651 17.136 17.739 19.832 17.244 14.922 15.734 14.655 15.535 16.603 18.807 19.345 20.596 19.731 19.949 22.598 22.293 25.442 24.955 23.846 21.547 24.944 26.266 23.718 24.259 20.670 20.811 19.044 15.880 15.180 11.929 12.044 10.678 10.240 12.195 13.306 16.976 18.394 19.171 20.924 22.151
 16.151 12.469 10.246  6.623  5.710  4.584  6.463  9.441  9.431  6.762  3.834  0.000  3.824  6.578  9.799 13.338 15.426 18.820 19.889 22.312 19.875 19.966 17.407 18.745 17.877 14.188 14.376 16.239 13.605 11.127 14.303 14.823 11.489 11.059 14.656 14.439 17.603 17.521 19.977 17.922 15.021 15.404 13.516 14.270 14.666 16.973 18.178 19.288 18.592 18.308 21.069 20.774 23.594 22.721 21.185 18.600 21.828 23.476 21.016 21.182 17.479 17.305 15.343 12.178 11.777  8.893  9.622  9.428  9.834 12.752 14.460 18.203 20.185 21.142 23.062 24.380
 13.879 10.448  8.535  5.782  5.068  6.323  7.927 11.521 11.836  9.631  6.467  3.824  0.000  3.842  6.488 10.197 12.416 16.037 17.601 19.728 17.044 17.379 15.191 16.179 14.801 11.309 11.769 13.083 10.101  8.111 11.437 11.494  8.306  8.830 12.413 12.623 15.588 15.388 18.335 16.853 13.944 14.799 12.938 14.503 15.040 17.908 19.290 19.712 18.480 17.483 19.764 18.868 21.434 20.800 19.072 16.794 20.132 21.994 20.050 20.275 16.577 16.459 14.273 11.726 11.775  9.571  9.754 10.316 10.054 13.290 14.538 18.165 20.263 21.223 23.385 24.877
 10.396  6.933  6.042  4.722  6.392  8.856 11.288 14.864 15.435 13.052  9.887  6.578  3.842  0.000  3.818  6.995  9.743 13.268 15.143 17.575 15.296 16.428 14.965 16.313 14.278 10.986 12.612 13.540 10.086  9.516 13.006 12.348  9.629 11.390 14.771 15.257 17.793 17.105 20.317 19.404 16.281 16.821 14.408 15.796 15.575 18.359 20.374 20.633 19.601 18.040 20.233 19.232 21.226 20.207 17.865 15.333 18.289 20.701 19.079 18.706 14.966 14.196 11.466  9.214 10.304  9.353 10.330 12.129 12.543 16.115 17.621 21.128 23.470 24.469 26.657 28.144
  8.313  5.859  5.350  6.189  7.558 10.945 13.129 16.803 17.845 15.838 12.891  9.799  6.488  3.818  0.000  3.813  6.254  9.974 12.254 14.282 11.833 13.271 12.393 13.569 11.049  8.184 10.522 10.986  7.496  8.268 11.634 10.794  9.156 11.662 14.390 14.825 16.680 15.507 18.926 18.716 15.610 16.210 13.808 15.673 15.501 18.618 20.700 20.296 18.883 16.676 18.328 16.881 18.435 17.546 15.023 12.902 15.855 18.374 17.351 17.111 13.628 13.166 10.677  9.698 10.735 10.541 10.745 13.031 13.108 16.683 17.975 21.162 23.695 24.741 27.066 28.672
  5.511  4.768  6.260  8.769 10.804 14.369 16.758 20.383 21.569 19.524 16.577 13.338 10.197  6.995  3.813  0.000  3.828  7.139 10.104 12.136 10.272 12.703 12.922 14.210 11.131  9.209 12.340 12.250  9.011 11.021 13.959 12.663 11.818 14.815 17.153 17.731 19.094 17.567 21.035 21.372 18.294 18.696 16.121 17.864 17.218 20.186 22.627 21.943 20.624 17.935 19.228 17.615 18.400 17.265 14.209 12.215 14.515 17.526 17.143 16.404 13.270 12.331  9.663  9.891 11.641 12.599 13.061 15.900 16.246 19.832 21.173 24.149 26.804 27.852 30.185 31.793
  5.441  6.359  6.867 10.038 11.594 15.389 17.709 21.178 22.905 21.183 18.630 15.426 12.416  9.743  6.254  3.828  0.000  3.824  6.702  8.386  6.570  9.313 10.178 11.778  8.810  7.512 11.202 11.365  9.073 11.521 14.279 13.627 13.595 16.338 18.135 18.122 18.774 16.574 19.802 20.647 17.521 17.515 14.868 16.608 15.868 18.886 21.316 20.120 18.690 15.591 16.490 14.863 15.146 13.830 10.612  8.965 11.161 14.108 14.214 13.697 11.053 10.798  9.162 10.551 11.512 12.866 12.662 15.735 16.111 19.548 20.982 23.595 26.502 27.656 30.016 31.681
  5.801  8.439  9.333 12.918 14.646 18.412 20.873 24.183 26.177 24.513 22.125 18.820 16.037 13.268  9.974  7.139  3.824  0.000  3.878  5.450  5.392  8.974 10.962 12.863 10.172  9.846 13.646 13.820 12.218 14.883 17.397 16.869 17.227 19.954 21.494 21.271 21.467 18.862 21.811 23.060 19.953 19.524 16.763 18.145 16.956 19.634 22.278 20.798 19.595 16.213 16.751 15.318 14.697 12.916  9.275  7.977  8.934 12.235 13.146 12.195 10.435 10.129  9.286 11.868 12.792 14.900 14.746 18.083 18.768 22.089 23.686 26.028 29.096 30.298 32.617 34.266
  7.621 10.038 10.059 13.574 15.139 18.706 21.290 24.279 26.676 25.181 23.213 19.889 17.601 15.143 12.254 10.104  6.702  3.878  0.000  3.840  5.541  8.323 10.267 12.968 11.279 10.830 14.502 15.471 14.428 16.589 19.253 19.386 19.684 21.957 23.455 22.648 22.604 19.572 22.042 23.312 20.057 18.926 15.925 16.695 15.050 17.336 20.084 18.458 17.648 14.274 14.915 14.222 13.310 10.726  6.908  5.194  5.162  8.693  9.770  8.613  7.617  7.968  8.626 11.771 11.875 14.324 14.003 17.461 18.594 21.751 23.728 25.859 29.151 30.474 32.711 34.325
 10.758 13.209 13.067 16.362 17.324 20.924 23.054 25.997 28.491 27.277 25.382 22.312 19.728 17.575 14.282 12.136  8.386  5.450  3.840  0.000  3.837  6.533  9.639 11.622 10.094 10.952 14.308 14.806 14.577 17.140 19.177 19.416 20.434 22.712 23.616 22.730 22.070 18.846 21.131 22.976 20.101 19.173 16.707 17.942 16.854 19.337 21.649 19.448 18.124 14.445 14.081 12.839 11.081  9.018  5.537  6.240  5.999  8.400 10.661 10.500 10.373 11.511 12.408 15.402 15.222 17.246 16.255 19.345 19.908 22.711 24.268 25.970 29.198 30.477 32.736 34.406
 10.688 12.300 11.652 14.514 14.912 18.540 20.288 23.326 25.691 24.612 22.683 19.875 17.044 15.296 11.833 10.272  6.570  5.392  5.541  3.837  0.000  3.840  6.830  8.290  6.319  7.384 10.671 10.990 10.926 13.546 15.400 15.751 16.952 19.143 19.866 19.017 18.349 15.246 17.773 19.604 16.840 16.388 14.244 16.143 15.755 18.780 20.728 18.498 16.606 12.910 12.463 10.516  9.502  8.363  5.385  6.284  8.105  9.941 11.423 12.059 11.007 12.469 12.808 15.047 14.683 15.957 14.491 17.218 17.203 19.941 21.148 22.885 25.985 27.220 29.562 31.299
 13.704 14.609 13.024 15.171 14.652 17.927 19.160 21.857 24.485 23.840 22.363 19.966 17.379 16.428 13.271 12.703  9.313  8.974  8.323  6.533  3.840  0.000  3.832  5.231  5.118  6.554  8.831  9.829 10.894 12.850 14.344 15.574 17.008 18.540 18.819 17.340 16.165 12.683 14.694 16.748 14.173 13.525 11.864 14.002 14.258 17.425 18.775 16.130 13.776 10.036  8.950  6.725  5.909  5.426  4.108  6.358  8.863  9.219 10.459 12.291 11.527 13.943 14.846 16.656 15.452 16.043 13.757 15.871 15.437 17.653 18.681 19.987 23.136 24.435 26.763 28.545
 14.502 14.431 11.977 13.256 11.971 14.873 15.801 18.291 21.052 20.631 19.495 17.407 15.191 14.965 12.393 12.922 10.178 10.962 10.267  9.639  6.830  3.832  0.000  3.846  5.381  4.978  6.328  8.686  9.876 10.709 12.466 14.426 15.420 16.291 16.684 14.696 13.741 10.174 12.018 13.559 10.677  9.769  8.096 10.528 11.394 14.839 15.782 13.244 10.584  7.077  6.681  4.798  6.337  6.062  5.915  6.827 10.251 10.145 10.034 12.412 11.071 13.854 14.764 15.799 13.976 13.754 10.896 12.468 11.793 13.863 15.015 16.423 19.689 21.100 23.457 25.276
 16.781 16.692 14.507 15.515 13.812 16.546 16.769 19.238 21.719 21.567 20.378 18.745 16.179 16.313 13.569 14.210 11.778 12.863 12.968 11.622  8.290  5.231  3.846  0.000  3.848  5.426  5.065  6.285  8.805  9.902 10.472 12.585 14.405 15.190 14.760 12.872 11.189  7.595  9.623 11.904  9.854 10.140  9.813 12.974 14.583 18.127 18.602 15.950 12.759  9.658  8.190  4.749  6.361  8.095  8.684 10.366 13.538 13.320 13.668 16.131 14.835 17.418 17.935 18.798 17.256 16.677 13.681 14.622 12.989 14.515 14.691 15.671 18.573 19.823 22.265 24.178
 14.128 14.288 12.803 14.305 13.302 16.533 17.193 20.169 22.274 21.654 19.873 17.877 14.801 14.278 11.049 11.131  8.810 10.172 11.279 10.094  6.319  5.118  5.381  3.848  0.000  3.860  5.379  4.924  6.352  8.784  9.663 10.638 12.542 14.235 14.201 13.256 12.237  9.355 12.284 14.249 12.040 12.774 11.830 14.925 15.993 19.598 20.653 18.376 15.544 12.289 11.450  8.308  8.997  9.973  9.076 10.206 13.286 14.111 14.696 16.360 14.641 16.502 16.341 17.319 16.543 16.374 14.029 15.577 14.205 16.404 16.656 18.199 20.939 22.067 24.545 26.413
 12.397 11.697  9.593 10.619  9.464 12.758 13.707 16.834 18.949 18.134 16.338 14.188 11.309 10.986  8.184  9.209  7.512  9.846 10.830 10.952  7.384  6.554  4.978  5.426  3.860  0.000  3.849  5.405  5.128  6.466  8.753 10.001 10.738 12.191 13.037 11.921 11.898  9.251 12.345 13.319 10.384 10.840  9.208 12.175 13.135 16.820 18.027 16.266 13.745 10.853 11.239  9.013 10.726 10.791  9.507  9.225 12.833 13.946 13.560 15.000 12.589 14.288 13.877 14.237 13.276 12.727 10.447 12.070 10.969 13.674 14.454 16.620 19.524 20.765 23.255 25.096
 16.023 14.875 12.410 12.417 10.145 12.618 12.482 15.253 17.312 17.052 15.684 14.376 11.769 12.612 10.522 12.340 11.202 13.646 14.502 14.308 10.671  8.831  6.328  5.065  5.379  3.849  0.000  3.841  5.400  5.041  6.245  8.791  9.877 10.299 10.379  8.605  8.192  5.516  8.759  9.648  7.095  8.523  8.229 11.853 13.861 17.623 18.058 16.228 13.180 10.912 10.968  8.507 11.139 12.164 11.995 12.194 15.898 16.334 15.706 17.735 15.439 17.476 17.188 17.053 15.684 14.293 11.418 11.817  9.585 11.488 11.463 13.346 16.056 17.289 19.883 21.843
 16.567 15.788 14.116 14.510 12.738 15.378 15.158 18.097 19.658 19.273 17.480 16.239 13.083 13.540 10.986 12.250 11.365 13.820 15.471 14.806 10.990  9.829  8.686  6.285  4.924  5.405  3.841  0.000  3.844  5.412  4.906  6.370  8.762 10.013  9.414  8.835  8.109  6.388 10.047 11.500  9.924 12.037 12.051 15.667 17.512 21.273 21.856 19.962 16.862 14.371 13.857 10.732 12.547 14.071 13.631 14.255 17.688 18.466 18.436 20.203 17.956 19.612 18.895 18.962 18.241 17.170 14.720 15.331 13.013 14.815 14.182 15.847 18.050 19.008 21.587 23.518
 13.862 12.707 11.424 11.810 10.654 13.583 13.940 17.312 18.537 17.599 15.262 13.605 10.101 10.086  7.496  9.011  9.073 12.218 14.428 14.577 10.926 10.894  9.876  8.805  6.352  5.128  5.400  3.844  0.000  3.855  5.336  5.098  6.285  8.605  9.383  9.703 10.426  9.355 13.109 13.755 11.594 13.452 12.626 15.885 17.195 20.890 21.958 20.579 17.950 15.504 15.794 13.145 14.898 15.596 14.284 13.987 17.412 18.894 18.569 19.685 16.931 17.913 16.549 16.288 16.140 15.200 13.461 14.522 12.728 15.258 15.145 17.527 19.751 20.696 23.231 25.065
 15.730 13.762 11.695 10.852  8.663 10.817 10.500 13.750 14.873 14.180 12.157 11.127  8.111  9.516  8.268 11.021 11.521 14.883 16.589 17.140 13.546 12.850 10.709  9.902  8.784  6.466  5.041  5.412  3.855  0.000  3.849  5.432  5.064  5.748  7.078  6.763  8.500  8.058 11.587 11.242  8.986 11.183 10.737 14.024 15.839 19.493 20.140 19.129 16.523 14.799 15.606 13.481 16.056 16.737 15.881 15.223 18.934 20.068 19.071 20.442 17.467 18.642 17.379 16.389 15.725 13.913 11.894 12.060  9.741 12.051 11.783 14.491 16.604 17.600 20.164 22.027
 18.897 17.242 15.415 14.674 12.341 14.058 12.968 15.739 16.574 16.373 14.632 14.303 11.437 13.006 11.634 13.959 14.279 17.397 19.253 19.177 15.400 14.344 12.466 10.472  9.663  8.753  6.245  4.906  5.336  3.849  0.000  3.841  5.566  5.572  4.566  4.796  5.844  6.605 10.155 10.226  9.266 12.347 12.960 16.563 18.845 22.536 22.778 21.466 18.455 16.789 16.881 14.248 16.748 18.214 17.861 17.894 21.551 22.386 21.740 23.444 20.742 22.134 20.977 20.167 19.495 17.642 15.367 15.088 12.172 13.566 12.222 14.236 15.775 16.548 19.151 21.077
 17.997 16.491 15.476 15.093 13.571 15.621 15.039 18.132 18.516 17.826 15.458 14.823 11.494 12.348 10.794 12.663 13.627 16.869 19.386 19.416 15.751 15.574 14.426 12.585 10.638 10.001  8.791  6.370  5.098  5.432  3.841  0.000  3.846  6.046  5.832  7.977  9.316 10.180 13.798 14.028 12.978 15.839 15.918 19.353 21.162 24.834 25.512 24.337 21.525 19.552 19.695 16.881 18.871 20.133 19.180 19.039 22.483 23.864 23.468 24.684 21.820 22.650 20.953 20.187 20.238 18.789 17.148 17.416 14.955 16.824 15.726 17.945 19.325 19.929 22.406 24.192
 17.144 14.941 13.844 12.772 11.347 12.993 12.550 15.781 15.764 14.708 12.037 11.489  8.306  9.629  9.156 11.818 13.595 17.227 19.684 20.434 16.952 17.008 15.420 14.405 12.542 10.738  9.877  8.762  6.285  5.064  5.566  3.846  0.000  3.833  6.080  8.297 10.928 11.917 15.405 14.765 13.225 15.814 15.472 18.510 20.105 23.596 24.406 23.780 21.370 19.765 20.623 18.346 20.668 21.389 20.153 19.294 22.814 24.423 23.506 24.417 21.183 21.651 19.624 18.232 18.428 16.678 15.530 15.675 13.530 15.714 15.038 17.850 19.241 19.880 22.280 23.976
 19.871 17.338 15.578 13.745 11.424 12.052 10.568 13.278 13.006 12.513 10.500 11.059  8.830 11.390 11.662 14.815 16.338 19.954 21.957 22.712 19.143 18.540 16.291 15.190 14.235 12.191 10.299 10.013  8.605  5.748  5.572  6.046  3.833  0.000  3.853  5.702  9.185 10.958 13.898 12.484 11.405 14.321 14.637 17.646 19.769 23.161 23.434 22.988 20.516 19.526 20.517 18.546 21.383 22.293 21.580 20.752 24.466 25.637 24.352 25.634 22.424 23.250 21.538 19.795 19.406 17.000 15.467 14.680 11.983 13.451 12.258 15.043 16.054 16.641 19.029 20.757
 22.298 20.169 18.362 16.877 14.305 15.015 13.092 15.333 15.265 15.379 13.891 14.656 12.413 14.771 14.390 17.153 18.135 21.494 23.455 23.616 19.866 18.819 16.684 14.760 14.201 13.037 10.379  9.414  9.383  7.078  4.566  5.832  6.080  3.853  0.000  3.824  6.567  9.289 11.960 10.968 10.976 14.470 15.607 18.990 21.543 25.056 24.966 24.080 21.179 20.138 20.480 18.129 20.910 22.449 22.227 22.038 25.765 26.577 25.616 27.306 24.402 25.624 24.216 22.843 22.229 19.879 17.829 16.829 13.622 14.348 12.285 14.252 14.835 15.271 17.726 19.553
 22.427 20.309 17.906 16.300 13.177 13.647 11.383 13.243 13.875 14.468 13.651 14.439 12.623 15.257 14.825 17.731 18.122 21.271 22.648 22.730 19.017 17.340 14.696 12.872 13.256 11.921  8.605  8.835  9.703  6.763  4.796  7.977  8.297  5.702  3.824  0.000  3.898  6.493  8.679  7.239  7.376 11.006 12.665 16.081 19.000 22.466 21.996 20.964 17.938 17.217 17.545 15.513 18.649 20.244 20.506 20.447 24.243 24.584 23.432 25.499 22.816 24.507 23.618 22.331 21.100 18.532 15.944 14.506 10.965 11.129  8.809 10.587 11.529 12.296 14.991 17.035
 23.567 21.956 19.521 18.457 15.360 16.230 14.144 15.792 16.944 17.759 17.136 17.603 15.588 17.793 16.680 19.094 18.774 21.467 22.604 22.070 18.349 16.165 13.741 11.189 12.237 11.898  8.192  8.109 10.426  8.500  5.844  9.316 10.928  9.185  6.567  3.898  0.000  3.893  5.630  5.681  6.922 10.596 12.849 16.492 19.600 23.122 22.437 20.811 17.398 16.445 15.958 13.563 16.513 18.697 19.510 20.154 23.822 23.735 22.998 25.452 23.223 25.332 24.869 24.101 22.647 20.367 17.356 16.078 12.494 12.226  9.661 10.260 11.308 12.084 14.800 16.935
 21.487 20.235 17.645 17.068 14.117 15.522 14.063 15.923 17.784 18.399 17.739 17.521 15.388 17.105 15.507 17.567 16.574 18.862 19.572 18.846 15.246 12.683 10.174  7.595  9.355  9.251  5.516  6.388  9.355  8.058  6.605 10.180 11.917 10.958  9.289  6.493  3.893  0.000  3.843  5.502  5.322  8.260 10.242 13.984 16.944 20.521 19.984 17.950 14.407 13.024 12.243  9.718 12.708 14.880 15.893 16.793 20.373 20.058 19.479 22.101 20.170 22.572 22.522 22.185 20.490 18.557 15.290 14.455 11.227 11.348  9.677 10.267 12.342 13.448 16.132 18.262
 24.617 23.377 20.513 19.759 16.544 17.420 15.558 16.654 18.723 19.861 19.832 19.977 18.335 20.317 18.926 21.035 19.802 21.811 22.042 21.131 17.773 14.694 12.018  9.623 12.284 12.345  8.759 10.047 13.109 11.587 10.155 13.798 15.405 13.898 11.960  8.679  5.630  3.843  0.000  3.841  5.557  7.942 10.970 14.340 17.689 20.973 19.792 17.561 13.881 13.179 12.001 10.065 13.190 15.668 17.462 18.658 22.081 21.133 20.465 23.506 21.959 24.738 25.122 24.801 22.676 20.561 17.009 15.625 12.320 11.305  9.175  8.347 10.260 11.416 14.011 16.228
 25.060 23.281 20.177 18.743 15.186 15.294 12.878 13.500 15.413 16.852 17.244 17.922 16.853 19.404 18.716 21.372 20.647 23.060 23.312 22.976 19.604 16.748 13.559 11.904 14.249 13.319  9.648 11.500 13.755 11.242 10.226 14.028 14.765 12.484 10.968  7.239  5.681  5.502  3.841  0.000  3.835  6.792 10.176 13.280 16.884 20.015 18.574 16.959 13.581 13.678 13.479 12.281 15.819 17.725 19.241 19.770 23.378 22.586 21.308 24.200 22.293 24.905 25.113 24.239 21.986 19.358 15.899 13.809 10.201  8.504  5.692  5.056  7.052  8.607 11.505 13.880
 21.658 19.816 16.571 15.179 11.665 12.076 10.240 11.436 13.834 14.796 14.922 15.021 13.944 16.281 15.610 18.294 17.521 19.953 20.057 20.101 16.840 14.173 10.677  9.854 12.040 10.384  7.095  9.924 11.594  8.986  9.266 12.978 13.225 11.405 10.976  7.376  6.922  5.322  5.557  3.835  0.000  3.820  6.578  9.926 13.366 16.676 15.659 14.151 10.897 10.721 11.234 10.317 14.040 15.286 16.380 16.446 20.132 19.579 18.046 20.737 18.644 21.182 21.403 20.520 18.199 15.637 12.140 10.308  6.838  6.143  4.965  6.334  9.361 11.022 13.746 15.920
 21.182 19.458 15.924 14.664 11.318 11.647 10.474 11.304 14.385 15.274 15.734 15.404 14.799 16.821 16.210 18.696 17.515 19.524 18.926 19.173 16.388 13.525  9.769 10.140 12.774 10.840  8.523 12.037 13.452 11.183 12.347 15.839 15.814 14.321 14.470 11.006 10.596  8.260  7.942  6.792  3.820  0.000  3.829  6.612 10.234 13.342 12.105 10.415  7.180  7.588  8.784  9.126 12.921 13.501 14.829 14.675 18.160 17.210 15.285 18.166 16.384 19.249 20.040 19.318 16.485 14.037 10.297  8.432  5.902  5.183  6.144  7.267 10.869 12.689 15.053 17.018
 17.993 16.273 12.631 11.592  8.672  9.581  9.675 11.155 14.413 14.596 14.655 13.516 12.938 14.408 13.808 16.121 14.868 16.763 15.925 16.707 14.244 11.864  8.096  9.813 11.830  9.208  8.229 12.051 12.626 10.737 12.960 15.918 15.472 14.637 15.607 12.665 12.849 10.242 10.970 10.176  6.578  3.829  0.000  3.823  6.882 10.380 10.057  8.593  5.997  5.676  8.195  9.000 12.426 11.983 12.564 11.652 15.148 14.589 12.290 14.807 12.753 15.523 16.386 15.721 12.768 10.558  6.760  5.804  4.805  6.332  8.730 10.717 14.255 15.953 18.181 19.946
 18.790 17.014 13.262 12.084  9.679  9.904 10.594 11.366 14.881 15.002 15.535 14.270 14.503 15.796 15.673 17.864 16.608 18.145 16.695 17.942 16.143 14.002 10.528 12.974 14.925 12.175 11.853 15.667 15.885 14.024 16.563 19.353 18.510 17.646 18.990 16.081 16.492 13.984 14.340 13.280  9.926  6.612  3.823  0.000  3.824  6.813  6.312  5.490  4.513  5.782  9.319 11.343 14.362 13.114 13.626 12.127 15.108 14.309 11.272 13.616 11.814 14.641 16.021 15.235 11.743  9.555  6.123  5.055  6.280  7.492 10.792 12.645 16.139 17.859 19.750 21.264
 17.063 15.494 11.924 11.250 10.000 10.630 12.446 13.477 16.820 16.372 16.603 14.666 15.040 15.575 15.501 17.218 15.868 16.956 15.050 16.854 15.755 14.258 11.394 14.583 15.993 13.135 13.861 17.512 17.195 15.839 18.845 21.162 20.105 19.769 21.543 19.000 19.600 16.944 17.689 16.884 13.366 10.234  6.882  3.824  0.000  3.848  5.523  5.500  6.506  6.946 10.744 13.020 15.334 13.181 12.977 10.693 13.110 12.641  9.115 10.745  8.944 11.620 13.421 12.852  9.115  7.757  5.379  6.250  8.960 10.907 14.368 16.414 19.866 21.520 23.315 24.694
 19.319 17.828 14.499 13.783 12.985 13.017 14.920 15.323 18.598 18.181 18.807 16.973 17.908 18.359 18.618 20.186 18.886 19.634 17.336 19.337 18.780 17.425 14.839 18.127 19.598 16.820 17.623 21.273 20.890 19.493 22.536 24.834 23.596 23.161 25.056 22.466 23.122 20.521 20.973 20.015 16.676 13.342 10.380  6.813  3.848  0.000  3.849  5.592  8.412  9.679 13.322 16.110 18.131 15.660 15.537 13.145 14.759 14.029 10.248 11.377 10.302 12.637 14.868 14.270 10.485  9.549  8.363  8.902 11.993 13.445 17.072 18.903 22.233 23.886 25.424 26.605
 22.387 20.744 17.185 16.031 14.414 13.831 14.823 14.476 17.914 18.132 19.345 18.178 19.290 20.374 20.700 22.627 21.316 22.278 20.084 21.649 20.728 18.775 15.782 18.602 20.653 18.027 18.058 21.856 21.958 20.140 22.778 25.512 24.406 23.434 24.966 21.996 22.437 19.984 19.792 18.574 15.659 12.105 10.057  6.312  5.523  3.849  0.000  3.820  6.952  9.606 13.015 16.080 18.496 16.586 17.247 15.469 17.353 16.030 12.455 14.354 13.521 16.167 18.302 17.534 13.724 12.080 10.131  9.255 11.609 11.962 15.452 16.754 19.951 21.642 23.004 24.124
 21.851 20.654 17.124 16.531 14.749 14.910 15.705 15.807 19.382 19.703 20.596 19.288 19.712 20.633 20.296 21.943 20.120 20.798 18.458 19.448 18.498 16.130 13.244 15.950 18.376 16.266 16.228 19.962 20.579 19.129 21.466 24.337 23.780 22.988 24.080 20.964 20.811 17.950 17.561 16.959 14.151 10.415  8.593  5.490  5.500  5.592  3.820  0.000  3.826  6.479  9.548 12.880 15.132 13.378 14.583 13.476 15.388 13.521 10.331 13.038 12.683 15.932 18.330 18.177 14.438 13.160 10.497 10.024 11.585 11.857 14.925 15.779 19.178 20.924 22.460 23.757
 21.300 20.149 16.578 16.045 13.758 14.278 14.553 14.985 18.546 19.053 19.731 18.592 18.480 19.601 18.883 20.624 18.690 19.595 17.648 18.124 16.606 13.776 10.584 12.759 15.544 13.745 13.180 16.862 17.950 16.523 18.455 21.525 21.370 20.516 21.179 17.938 17.398 14.407 13.881 13.581 10.897  7.180  5.997  4.513  6.506  8.412  6.952  3.826  0.000  3.826  6.548  9.611 12.344 11.340 13.009 12.572 15.071 13.179 10.615 13.836 13.196 16.640 18.683 18.620 15.113 13.590 10.217  9.495  9.857  9.897 12.408 13.015 16.540 18.324 20.103 21.626
 18.545 17.862 14.563 14.788 12.915 14.432 15.151 16.422 19.831 19.941 19.949 18.308 17.483 18.040 16.676 17.935 15.591 16.213 14.274 14.445 12.910 10.036  7.077  9.658 12.289 10.853 10.912 14.371 15.504 14.799 16.789 19.552 19.765 19.526 20.138 17.217 16.445 13.024 13.179 13.678 10.721  7.588  5.676  5.782  6.946  9.679  9.606  6.479  3.826  0.000  3.837  6.611  9.041  7.762  9.288  9.207 11.894 10.160  8.176 11.573 10.956 14.540 16.550 17.051 13.911 13.038  9.680 10.147 10.361 11.371 13.542 14.440 18.024 19.710 21.722 23.367
 20.104 19.902 16.927 17.547 15.640 17.439 17.793 19.137 22.434 22.725 22.598 21.069 19.764 20.233 18.328 19.228 16.490 16.751 14.915 14.081 12.463  8.950  6.681  8.190 11.450 11.239 10.968 13.857 15.794 15.606 16.881 19.695 20.623 20.517 20.480 17.545 15.958 12.243 12.001 13.479 11.234  8.784  8.195  9.319 10.744 13.322 13.015  9.548  6.548  3.837  0.000  3.838  5.926  5.844  8.694 10.146 12.516 10.267  9.645 13.303 13.275 16.907 18.916 19.854 17.045 16.416 13.032 13.472 12.931 13.512 14.829 15.029 18.429 20.011 22.050 23.768
 19.213 19.171 16.527 17.372 15.460 17.693 17.867 19.676 22.657 22.848 22.293 20.774 18.868 19.232 16.881 17.615 14.863 15.318 14.222 12.839 10.516  6.725  4.798  4.749  8.308  9.013  8.507 10.732 13.145 13.481 14.248 16.881 18.346 18.546 18.129 15.513 13.563  9.718 10.065 12.281 10.317  9.126  9.000 11.343 13.020 16.110 16.080 12.880  9.611  6.611  3.838  0.000  3.853  5.687  8.163 10.271 12.990 11.465 11.624 14.878 14.417 17.702 19.133 20.146 17.866 17.265 13.916 14.521 13.297 14.134 14.743 15.039 18.220 19.646 21.881 23.724
 19.372 20.068 17.939 19.472 18.140 20.747 21.282 23.264 26.235 26.237 25.442 23.594 21.434 21.226 18.435 18.400 15.146 14.697 13.310 11.081  9.502  5.909  6.337  6.361  8.997 10.726 11.139 12.547 14.898 16.056 16.748 18.871 20.668 21.383 20.910 18.649 16.513 12.708 13.190 15.819 14.040 12.921 12.426 14.362 15.334 18.131 18.496 15.132 12.344  9.041  5.926  3.853  0.000  3.812  6.768 10.009 11.802 10.047 11.447 14.497 14.774 17.980 19.654 21.329 19.357 19.447 16.459 17.650 16.803 17.885 18.549 18.766 21.852 23.175 25.320 27.088
 17.267 18.142 16.046 17.887 17.076 19.793 20.930 22.968 26.073 25.789 24.955 22.721 20.800 20.207 17.546 17.265 13.830 12.916 10.726  9.018  8.363  5.426  6.062  8.095  9.973 10.791 12.164 14.071 15.596 16.737 18.214 20.133 21.389 22.293 22.449 20.244 18.697 14.880 15.668 17.725 15.286 13.501 11.983 13.114 13.181 15.660 16.586 13.378 11.340  7.762  5.844  5.687  3.812  0.000  3.835  6.933  8.293  6.285  7.808 10.783 11.447 14.752 16.850 18.812 16.760 17.352 14.741 16.502 16.486 18.044 19.438 20.115 23.456 24.891 26.999 28.690
 13.658 14.904 13.285 15.708 15.638 18.778 20.474 22.932 25.835 25.105 23.846 21.185 19.072 17.865 15.023 14.209 10.612  9.275  6.908  5.537  5.385  4.108  5.915  8.684  9.076  9.507 11.995 13.631 14.284 15.881 17.861 19.180 20.153 21.580 22.227 20.506 19.510 15.893 17.462 19.241 16.380 14.829 12.564 13.626 12.977 15.537 17.247 14.583 13.009  9.288  8.694  8.163  6.768  3.835  0.000  3.826  5.272  5.150  6.933  8.728  8.944 11.737 13.570 15.889 14.375 15.579 13.612 16.117 16.540 18.809 20.473 21.770 25.145 26.554 28.744 30.425
 10.984 11.904 10.140 12.685 13.163 16.320 18.551 21.098 23.929 22.886 21.547 18.600 16.794 15.333 12.902 12.215  8.965  7.977  5.194  6.240  6.284  6.358  6.827 10.366 10.206  9.225 12.194 14.255 13.987 15.223 17.894 19.039 19.294 20.752 22.038 20.447 20.154 16.793 18.658 19.770 16.446 14.675 11.652 12.127 10.693 13.145 15.469 13.476 12.572  9.207 10.146 10.271 10.009  6.933  3.826  0.000  3.854  5.489  5.475  6.197  5.321  8.051  9.958 12.224 10.679 12.262 10.879 13.921 15.055 17.809 19.987 21.823 25.273 26.727 28.901 30.522
 11.977 13.727 12.683 15.589 16.567 19.653 22.104 24.547 27.421 26.285 24.944 21.828 20.132 18.289 15.855 14.515 11.161  8.934  5.162  5.999  8.105  8.863 10.251 13.538 13.286 12.833 15.898 17.688 17.412 18.934 21.551 22.483 22.814 24.466 25.765 24.243 23.822 20.373 22.081 23.378 20.132 18.160 15.148 15.108 13.110 14.759 17.353 15.388 15.071 11.894 12.516 12.990 11.802  8.293  5.272  3.854  0.000  3.859  5.424  4.666  5.931  8.050 10.649 13.682 12.494 14.813 13.988 17.173 18.653 21.335 23.641 25.337 28.821 30.275 32.367 33.924
 15.576 16.940 15.294 17.669 17.948 20.678 22.725 24.764 27.915 27.173 26.266 23.476 21.994 20.701 18.374 17.526 14.108 12.235  8.693  8.400  9.941  9.219 10.145 13.320 14.111 13.946 16.334 18.466 18.894 20.068 22.386 23.864 24.423 25.637 26.577 24.584 23.735 20.058 21.133 22.586 19.579 17.210 14.589 14.309 12.641 14.029 16.030 13.521 13.179 10.160 10.267 11.465 10.047  6.285  5.150  5.489  3.859  0.000  3.835  5.456  7.802 10.850 13.851 16.477 14.562 16.295 14.791 17.411 18.704 20.824 23.077 24.276 27.795 29.301 31.292 32.832
 15.305 15.884 13.650 15.456 15.590 17.909 20.062 21.849 25.074 24.348 23.718 21.016 20.050 19.079 17.351 17.143 14.214 13.146  9.770 10.661 11.423 10.459 10.034 13.668 14.696 13.560 15.706 18.436 18.569 19.071 21.740 23.468 23.506 24.352 25.616 23.432 22.998 19.479 20.465 21.308 18.046 15.285 12.290 11.272  9.115 10.248 12.455 10.331 10.615  8.176  9.645 11.624 11.447  7.808  6.933  5.475  5.424  3.835  0.000  3.855  5.596  9.213 12.450 14.445 11.900 13.327 11.850 14.369 16.140 18.274 20.939 22.361 25.936 27.515 29.440 30.921
 13.439 14.387 12.815 15.097 16.144 18.616 21.315 23.320 26.322 25.185 24.259 21.182 20.275 18.706 17.111 16.404 13.697 12.195  8.613 10.500 12.059 12.291 12.412 16.131 16.360 15.000 17.735 20.203 19.685 20.442 23.444 24.684 24.417 25.634 27.306 25.499 25.452 22.101 23.506 24.200 20.737 18.166 14.807 13.616 10.745 11.377 14.354 13.038 13.836 11.573 13.303 14.878 14.497 10.783  8.728  6.197  4.666  5.456  3.855  0.000  3.841  6.398 10.019 12.536 10.600 13.013 12.633 15.745 18.014 20.604 23.466 25.280 28.835 30.374 32.306 33.739
 10.695 10.969  9.088 11.300 12.590 15.195 18.111 20.376 23.168 21.812 20.670 17.479 16.577 14.966 13.628 13.270 11.053 10.435  7.617 10.373 11.007 11.527 11.071 14.835 14.641 12.589 15.439 17.956 16.931 17.467 20.742 21.820 21.183 22.424 24.402 22.816 23.223 20.170 21.959 22.293 18.644 16.384 12.753 11.814  8.944 10.302 13.521 12.683 13.196 10.956 13.275 14.417 14.774 11.447  8.944  5.321  5.931  7.802  5.596  3.841  0.000  3.830  6.958  9.016  6.996  9.482  9.439 12.905 15.277 18.268 21.168 23.411 26.896 28.400 30.410 31.868
  8.596  9.046  8.258 10.887 13.232 15.879 19.219 21.696 24.105 22.322 20.811 17.305 16.459 14.196 13.166 12.331 10.798 10.129  7.968 11.511 12.469 13.943 13.854 17.418 16.502 14.288 17.476 19.612 17.913 18.642 22.134 22.650 21.651 23.250 25.624 24.507 25.332 22.572 24.738 24.905 21.182 19.249 15.523 14.641 11.620 12.637 16.167 15.932 16.640 14.540 16.907 17.702 17.980 14.752 11.737  8.051  8.050 10.850  9.213  6.398  3.830  0.000  3.838  6.605  6.070  9.607 10.910 14.632 17.238 20.557 23.487 26.076 29.453 30.886 32.897 34.308
  5.752  5.674  6.005  8.959 12.074 14.899 18.402 21.231 23.172 21.041 19.044 15.343 14.273 11.466 10.677  9.663  9.162  9.286  8.626 12.408 12.808 14.846 14.764 17.935 16.341 13.877 17.188 18.895 16.549 17.379 20.977 20.953 19.624 21.538 24.216 23.618 24.869 22.522 25.122 25.113 21.403 20.040 16.386 16.021 13.421 14.868 18.302 18.330 18.683 16.550 18.916 19.133 19.654 16.850 13.570  9.958 10.649 13.851 12.450 10.019  6.958  3.838  0.000  3.843  5.582  9.102 11.117 14.870 17.254 20.872 23.590 26.518 29.709 31.037 33.109 34.529
  7.645  5.399  4.898  6.379  9.873 12.159 15.839 18.593 20.220 17.881 15.880 12.178 11.726  9.214  9.698  9.891 10.551 11.868 11.771 15.402 15.047 16.656 15.799 18.798 17.319 14.237 17.053 18.962 16.288 16.389 20.167 20.187 18.232 19.795 22.843 22.331 24.101 22.185 24.801 24.239 20.520 19.318 15.721 15.235 12.852 14.270 17.534 18.177 18.620 17.051 19.854 20.146 21.329 18.812 15.889 12.224 13.682 16.477 14.445 12.536  9.016  6.605  3.843  0.000  3.842  6.642  9.571 12.990 15.551 19.220 22.017 25.230 28.242 29.523 31.526 32.879
 10.071  8.008  5.555  6.047  8.399 10.356 13.950 16.340 18.486 16.543 15.180 11.777 11.775 10.304 10.735 11.641 11.512 12.792 11.875 15.222 14.683 15.452 13.976 17.256 16.543 13.276 15.684 18.241 16.140 15.725 19.495 20.238 18.428 19.406 22.229 21.100 22.647 20.490 22.676 21.986 18.199 16.485 12.768 11.743  9.115 10.485 13.724 14.438 15.113 13.911 17.045 17.866 19.357 16.760 14.375 10.679 12.494 14.562 11.900 10.600  6.996  6.070  5.582  3.842  0.000  3.828  6.489  9.977 12.948 16.418 19.516 22.549 25.707 27.095 29.042 30.392
 12.590  9.809  6.509  4.684  5.621  6.738 10.318 12.573 14.756 12.939 11.929  8.893  9.571  9.353 10.541 12.599 12.866 14.900 14.324 17.246 15.957 16.043 13.754 16.677 16.374 12.727 14.293 17.170 15.200 13.913 17.642 18.789 16.678 17.000 19.879 18.532 20.367 18.557 20.561 19.358 15.637 14.037 10.558  9.555  7.757  9.549 12.080 13.160 13.590 13.038 16.416 17.265 19.447 17.352 15.579 12.262 14.813 16.295 13.327 13.013  9.482  9.607  9.102  6.642  3.828  0.000  3.819  6.615  9.717 13.131 16.293 19.487 22.507 23.885 25.795 27.134
 13.877 11.484  7.703  6.128  4.744  6.124  8.811 11.036 13.807 12.664 12.044  9.622  9.754 10.330 10.745 13.061 12.662 14.746 14.003 16.255 14.491 13.757 10.896 13.681 14.029 10.447 11.418 14.720 13.461 11.894 15.367 17.148 15.530 15.467 17.829 15.944 17.356 15.290 17.009 15.899 12.140 10.297  6.760  6.123  5.379  8.363 10.131 10.497 10.217  9.680 13.032 13.916 16.459 14.741 13.612 10.879 13.988 14.791 11.850 12.633  9.439 10.910 11.117  9.571  6.489  3.819  0.000  3.830  6.616  9.995 13.152 16.123 19.324 20.811 22.832 24.308
 17.421 14.788 11.029  8.612  5.792  4.949  6.236  7.672 10.836 10.366 10.678  9.428 10.316 12.129 13.031 15.900 15.735 18.083 17.461 19.345 17.218 15.871 12.468 14.622 15.577 12.070 11.817 15.331 14.522 12.060 15.088 17.416 15.675 14.680 16.829 14.506 16.078 14.455 15.625 13.809 10.308  8.432  5.804  5.055  6.250  8.902  9.255 10.024  9.495 10.147 13.472 14.521 17.650 16.502 16.117 13.921 17.173 17.411 14.369 15.745 12.905 14.632 14.870 12.990  9.977  6.615  3.830  0.000  3.820  6.658 10.117 13.154 16.218 17.732 19.664 21.122
 18.789 16.220 12.583 10.218  6.557  5.857  4.984  6.649  9.729  9.924 10.240  9.834 10.054 12.543 13.108 16.246 16.111 18.768 18.594 19.908 17.203 15.437 11.793 12.989 14.205 10.969  9.585 13.013 12.728  9.741 12.172 14.955 13.530 11.983 13.622 10.965 12.494 11.227 12.320 10.201  6.838  5.902  4.805  6.280  8.960 11.993 11.609 11.585  9.857 10.361 12.931 13.297 16.803 16.486 16.540 15.055 18.653 18.704 16.140 18.014 15.277 17.238 17.254 15.551 12.948  9.717  6.616  3.820  0.000  3.821  6.633  9.906 12.916 14.453 16.659 18.366
 22.487 19.999 16.358 13.975 10.295  8.921  6.734  6.481  9.626 10.926 12.195 12.752 13.290 16.115 16.683 19.832 19.548 22.089 21.751 22.711 19.941 17.653 13.863 14.515 16.404 13.674 11.488 14.815 15.258 12.051 13.566 16.824 15.714 13.451 14.348 11.129 12.226 11.348 11.305  8.504  6.143  5.183  6.332  7.492 10.907 13.445 11.962 11.857  9.897 11.371 13.512 14.134 17.885 18.044 18.809 17.809 21.335 20.824 18.274 20.604 18.268 20.557 20.872 19.220 16.418 13.131  9.995  6.658  3.821  0.000  3.822  6.679  9.685 11.400 13.554 15.364
 24.489 22.072 18.643 16.349 12.558 11.411  8.498  8.233 10.405 12.131 13.306 14.460 14.538 17.621 17.975 21.173 20.982 23.686 23.728 24.268 21.148 18.681 15.015 14.691 16.656 14.454 11.463 14.182 15.145 11.783 12.222 15.726 15.038 12.258 12.285  8.809  9.661  9.677  9.175  5.692  4.965  6.144  8.730 10.792 14.368 17.072 15.452 14.925 12.408 13.542 14.829 14.743 18.549 19.438 20.473 19.987 23.641 23.077 20.939 23.466 21.168 23.487 23.590 22.017 19.516 16.293 13.152 10.117  6.633  3.822  0.000  3.823  6.427  8.256 10.893 13.077
 27.405 25.253 21.808 19.785 16.035 15.049 12.207 11.503 13.547 15.577 16.976 18.203 18.165 21.128 21.162 24.149 23.595 26.028 25.859 25.970 22.885 19.987 16.423 15.671 18.199 16.620 13.346 15.847 17.527 14.491 14.236 17.945 17.850 15.043 14.252 10.587 10.260 10.267  8.347  5.056  6.334  7.267 10.717 12.645 16.414 18.903 16.754 15.779 13.015 14.440 15.029 15.039 18.766 20.115 21.770 21.823 25.337 24.276 22.361 25.280 23.411 26.076 26.518 25.230 22.549 19.487 16.123 13.154  9.906  6.679  3.823  0.000  3.835  6.292  8.947 11.318
 30.382 28.104 24.769 22.553 18.779 17.496 14.272 13.180 14.467 16.779 18.394 20.185 20.263 23.470 23.695 26.804 26.502 29.096 29.151 29.198 25.985 23.136 19.689 18.573 20.939 19.524 16.056 18.050 19.751 16.604 15.775 19.325 19.241 16.054 14.835 11.529 11.308 12.342 10.260  7.052  9.361 10.869 14.255 16.139 19.866 22.233 19.951 19.178 16.540 18.024 18.429 18.220 21.852 23.456 25.145 25.273 28.821 27.795 25.936 28.835 26.896 29.453 29.709 28.242 25.707 22.507 19.324 16.218 12.916  9.685  6.427  3.835  0.000  3.833  6.532  9.081
 31.560 29.262 26.020 23.773 20.049 18.711 15.420 14.271 15.218 17.539 19.171 21.142 21.223 24.469 24.741 27.852 27.656 30.298 30.474 30.477 27.220 24.435 21.100 19.823 22.067 20.765 17.289 19.008 20.696 17.600 16.548 19.929 19.880 16.641 15.271 12.296 12.084 13.448 11.416  8.607 11.022 12.689 15.953 17.859 21.520 23.886 21.642 20.924 18.324 19.710 20.011 19.646 23.175 24.891 26.554 26.727 30.275 29.301 27.515 30.374 28.400 30.886 31.037 29.523 27.095 23.885 20.811 17.732 14.453 11.400  8.256  6.292  3.833  0.000  3.845  6.784
 33.795 31.459 28.206 25.880 22.217 20.660 17.391 15.888 16.636 19.016 20.924 23.062 23.385 26.657 27.066 30.185 30.016 32.617 32.711 32.736 29.562 26.763 23.457 22.265 24.545 23.255 19.883 21.587 23.231 20.164 19.151 22.406 22.280 19.029 17.726 14.991 14.800 16.132 14.011 11.505 13.746 15.053 18.181 19.750 23.315 25.424 23.004 22.460 20.103 21.722 22.050 21.881 25.320 26.999 28.744 28.901 32.367 31.292 29.440 32.306 30.410 32.897 33.109 31.526 29.042 25.795 22.832 19.664 16.659 13.554 10.893  8.947  6.532  3.845  0.000  3.811
