  0.000  3.832  6.705 10.301 13.216 16.659 19.729 23.029 24.686 22.567 19.831 16.209 13.894 10.400  8.330  5.525  5.454  5.841  7.610 10.767 10.717 13.727 14.527 16.821 14.179 12.438 16.062 16.625 13.914 15.762 18.941 18.054 17.167 19.886 22.332 22.458 23.573 21.517 24.667 25.080 21.700 21.184 17.987 18.760 17.009 19.252 22.330 21.834 21.288 18.555 20.109 19.239 19.390 17.267 13.660 10.950 11.923 15.522 15.214 13.319 10.548  8.471  5.717  7.694 10.047 12.603 13.877 17.405 18.751 22.453 24.463 27.366 30.253 31.844 34.132 35.697
  3.832  0.000  3.827  6.857 10.084 13.306 16.467 19.771 21.208 18.973 16.171 12.510 10.422  6.898  5.791  4.677  6.293  8.421  9.992 13.164 12.252 14.554 14.379 16.649 14.251 11.655 14.831 15.759 12.681 13.723 17.209 16.479 14.911 17.296 20.136 20.267 21.882 20.177 23.331 23.212 19.771 19.381 16.198 16.934 15.412 17.757 20.664 20.596 20.079 17.811 19.843 19.123 20.014 18.077 14.848 11.821 13.639 16.839 15.747 14.240 10.798  8.927  5.643  5.478  7.989  9.818 11.446 14.731 16.122 19.900 21.969 25.134 27.911 29.545 31.841 33.394
  6.705  3.827  0.000  3.818  6.723 10.038 13.259 16.453 18.237 16.290 13.891 10.247  8.541  6.032  5.395  6.335  7.019  9.487 10.151 13.182 11.794 13.151 12.092 14.649 12.971  9.749 12.540 14.277 11.590 11.814 15.544 15.631 13.955 15.657 18.468 18.000 19.600 17.741 20.607 20.231 16.637 15.938 12.634 13.210 11.838 14.389 17.081 17.077 16.560 14.598 16.987 16.633 18.047 16.121 13.376 10.179 12.684 15.274 13.560 12.687  8.936  8.124  5.958  4.849  5.438  6.434  7.655 10.970 12.533 16.308 18.617 21.776 24.660 26.408 28.691 30.255
 10.301  6.857  3.818  0.000  3.821  6.516  9.921 13.068 14.627 12.603 10.278  6.621  5.783  4.707  6.201  8.799 10.145 13.041 13.664 16.463 14.626 15.281 13.365 15.639 14.441 10.752 12.532 14.640 11.946 10.961 14.781 15.220 12.872 13.813 16.963 16.378 18.517 17.142 19.823 18.772 15.225 14.672 11.607 12.065 11.225 13.747 15.979 16.520 16.047 14.842 17.620 17.477 19.574 17.966 15.801 12.742 15.611 17.670 15.401 15.016 11.223 10.835  8.968  6.390  6.038  4.687  6.128  8.581 10.177 13.923 16.307 19.735 22.443 24.232 26.491 28.022
 13.216 10.084  6.723  3.821  0.000  3.823  6.604  9.939 11.872 10.277  8.527  5.704  5.070  6.362  7.499 10.770 11.629 14.693 15.162 17.355 14.950 14.694 12.021 13.879 13.369  9.531 10.211 12.810 10.729  8.736 12.410 13.652 11.417 11.483 14.372 13.240 15.395 14.150 16.568 15.192 11.685 11.302  8.660  9.649  9.971 12.960 14.373 14.721 13.732 12.932 15.676 15.519 18.190 17.101 15.671 13.161 16.539 17.904 15.500 16.036 12.491 13.167 12.077  9.889  8.404  5.660  4.759  5.771  6.513 10.245 12.517 15.981 18.682 20.513 22.825 24.430
 16.659 13.306 10.038  6.516  3.823  0.000  3.832  6.671  8.490  7.077  6.221  4.562  6.333  8.833 10.895 14.335 15.422 18.458 18.728 20.954 18.575 17.969 14.922 16.616 16.600 12.823 12.689 15.454 13.663 10.902 14.142 15.716 13.088 12.143 15.107 13.734 16.287 15.562 17.439 15.300 12.089 11.628  9.573  9.880 10.616 13.009 13.794 14.879 14.250 14.449 17.478 17.756 20.799 19.817 18.810 16.322 19.622 20.628 17.817 18.507 15.110 15.818 14.888 12.147 10.353  6.753  6.121  4.932  5.830  8.871 11.370 14.996 17.423 19.299 21.466 22.963
 19.729 16.467 13.259  9.921  6.604  3.832  0.000  3.838  5.805  5.388  5.788  6.392  7.936 11.276 13.090 16.733 17.745 20.917 21.311 23.085 20.324 19.204 15.849 16.842 17.263 13.770 12.556 15.239 14.024 10.592 13.065 15.144 12.658 10.680 13.205 11.489 14.219 14.111 15.571 12.875 10.242 10.440  9.653 10.560 12.426 14.905 14.778 15.653 14.504 15.155 17.831 17.933 21.340 20.957 20.508 18.550 22.076 22.679 19.974 21.210 18.029 19.162 18.396 15.829 13.948 10.330  8.810  6.209  4.946  6.658  8.441 12.136 14.229 16.065 18.265 19.830
 23.029 19.771 16.453 13.068  9.939  6.671  3.838  0.000  3.853  5.611  7.776  9.278 11.464 14.779 16.718 20.311 21.191 24.211 24.294 26.039 23.379 21.940 18.388 19.374 20.274 16.919 15.377 18.217 17.402 13.856 15.873 18.245 15.875 13.397 15.486 13.429 15.971 16.064 16.781 13.637 11.553 11.392 11.218 11.401 13.493 15.336 14.483 15.819 15.023 16.499 19.263 19.825 23.396 23.054 23.000 21.117 24.530 24.747 21.792 23.223 20.301 21.616 21.174 18.508 16.287 12.525 11.019  7.668  6.718  6.571  8.358 11.608 13.329 15.173 17.074 18.474
 24.686 21.208 18.237 14.627 11.872  8.490  5.805  3.853  0.000  3.840  6.737  9.439 11.996 15.536 17.952 21.664 23.055 26.312 26.753 28.609 25.850 24.660 21.230 21.977 22.534 19.183 17.602 19.991 18.857 15.221 16.976 18.925 16.172 13.462 15.737 14.325 17.347 18.101 18.978 15.663 14.053 14.495 14.488 14.855 16.754 18.474 17.758 19.272 18.510 19.882 22.561 22.863 26.426 26.188 25.947 23.975 27.412 27.884 24.973 26.178 23.064 24.003 23.125 20.145 18.415 14.696 13.793 10.816  9.840  9.702 10.580 13.679 14.694 16.245 17.990 19.252
 22.567 18.973 16.290 12.603 10.277  7.077  5.388  5.611  3.840  0.000  3.811  6.813  9.590 13.063 15.785 19.489 21.227 24.602 25.316 27.364 24.645 23.868 20.671 21.526 21.592 18.111 16.956 19.107 17.459 14.014 16.114 17.567 14.467 12.195 15.021 14.154 17.464 18.178 19.615 16.574 14.612 15.212 14.660 15.204 16.681 18.585 18.474 19.947 19.193 20.081 22.821 22.882 26.275 25.877 25.218 23.028 26.435 27.308 24.494 25.353 21.998 22.546 21.271 18.146 16.870 13.307 12.936 10.626  9.974 10.870 11.890 15.313 16.511 18.002 19.863 21.142
 19.831 16.171 13.891 10.278  8.527  6.221  5.788  7.776  6.737  3.811  0.000  3.835  6.460  9.876 12.862 16.541 18.671 22.188 23.285 25.451 22.744 22.443 19.592 20.467 19.938 16.412 15.757 17.525 15.300 12.202 14.655 15.470 12.046 10.498 13.886 13.673 17.153 17.774 19.846 17.232 14.951 15.781 14.740 15.653 16.748 18.982 19.492 20.718 19.827 20.070 22.725 22.413 25.552 25.056 23.946 21.624 25.002 26.319 23.746 24.267 20.688 20.841 19.090 15.943 15.293 12.091 12.185 10.819 10.314 12.224 13.280 16.931 18.374 19.855 21.918 23.304
 16.209 12.510 10.247  6.621  5.704  4.562  6.392  9.278  9.439  6.813  3.835  0.000  3.826  6.604  9.796 13.339 15.477 18.887 19.934 22.353 19.912 19.994 17.432 18.777 17.918 14.228 14.399 16.274 13.660 11.162 14.329 14.882 11.554 11.083 14.670 14.433 17.575 17.497 19.920 17.828 14.955 15.319 13.462 14.222 14.652 16.979 18.140 19.247 18.536 18.300 21.076 20.799 23.620 22.733 21.216 18.608 21.818 23.439 20.936 21.097 17.410 17.275 15.363 12.220 11.818  8.956  9.629  9.390  9.737 12.619 14.312 18.042 20.024 21.656 23.831 25.283
 13.894 10.422  8.541  5.783  5.070  6.333  7.936 11.464 11.996  9.590  6.460  3.826  0.000  3.843  6.469 10.172 12.440 16.068 17.610 19.745 17.068 17.409 15.224 16.232 14.855 11.357 11.821 13.149 10.176  8.177 11.505 11.585  8.394  8.887 12.472 12.667 15.609 15.418 18.343 16.822 13.941 14.763 12.910 14.470 15.013 17.891 19.254 19.681 18.443 17.488 19.789 18.915 21.475 20.818 19.094 16.776 20.097 21.948 19.957 20.163 16.459 16.375 14.247 11.728 11.772  9.612  9.768 10.298  9.995 13.214 14.461 18.074 20.173 21.710 24.058 25.646
 10.400  6.898  6.032  4.707  6.362  8.833 11.276 14.779 15.536 13.063  9.876  6.604  3.843  0.000  3.819  6.973  9.759 13.291 15.132 17.578 15.312 16.445 14.981 16.356 14.331 11.028 12.658 13.613 10.171  9.578 13.077 12.453  9.716 11.440 14.831 15.298 17.811 17.133 20.332 19.379 16.280 16.776 14.361 15.733 15.506 18.295 20.298 20.575 19.544 18.022 20.233 19.260 21.250 20.203 17.865 15.287 18.227 20.628 18.955 18.558 14.803 14.066 11.397  9.186 10.255  9.350 10.304 12.079 12.465 16.029 17.542 21.035 23.355 24.896 27.243 28.818
  8.330  5.791  5.395  6.201  7.499 10.895 13.090 16.718 17.952 15.785 12.862  9.796  6.469  3.819  0.000  3.814  6.262  9.985 12.220 14.265 11.826 13.256 12.365 13.573 11.074  8.183 10.522 11.030  7.555  8.280 11.668 10.871  9.196 11.666 14.415 14.824 16.656 15.499 18.914 18.662 15.579 16.128 13.716 15.564 15.381 18.503 20.581 20.194 18.781 16.611 18.280 16.864 18.422 17.505 14.989 12.814 15.769 18.277 17.198 16.943 13.428 13.020 10.629  9.700 10.675 10.519 10.690 12.943 12.990 16.566 17.871 21.043 23.540 25.027 27.442 29.100
  5.525  4.677  6.335  8.799 10.770 14.335 16.733 20.311 21.664 19.489 16.541 13.339 10.172  6.973  3.814  0.000  3.827  7.155 10.082 12.139 10.289 12.715 12.923 14.237 11.173  9.223 12.355 12.297  9.052 11.022 13.982 12.709 11.813 14.793 17.161 17.729 19.076 17.580 21.058 21.350 18.299 18.656 16.071 17.794 17.130 20.095 22.540 21.885 20.568 17.911 19.215 17.628 18.417 17.259 14.203 12.152 14.457 17.468 17.033 16.272 13.094 12.197  9.621  9.905 11.595 12.592 13.036 15.843 16.162 19.751 21.102 24.066 26.664 28.103 30.492 32.138
  5.454  6.293  7.019 10.145 11.629 15.422 17.745 21.191 23.055 21.227 18.671 15.477 12.440  9.759  6.262  3.827  0.000  3.823  6.684  8.386  6.590  9.341 10.212 11.822  8.857  7.550 11.240 11.411  9.102 11.538 14.306 13.651 13.585 16.334 18.154 18.145 18.775 16.609 19.864 20.681 17.583 17.541 14.886 16.608 15.843 18.855 21.298 20.128 18.700 15.622 16.517 14.903 15.180 13.850 10.628  8.935 11.133 14.088 14.160 13.621 10.938 10.731  9.211 10.646 11.542 12.931 12.714 15.751 16.100 19.542 20.983 23.581 26.403 27.871 30.229 31.897
  5.841  8.421  9.487 13.041 14.693 18.458 20.917 24.211 26.312 24.602 22.188 18.887 16.068 13.291  9.985  7.155  3.823  0.000  3.878  5.445  5.402  8.988 10.987 12.883 10.187  9.865 13.665 13.835 12.219 14.884 17.400 16.865 17.200 19.939 21.495 21.281 21.450 18.879 21.868 23.098 20.019 19.562 16.796 18.166 16.955 19.623 22.283 20.832 19.629 16.257 16.776 15.344 14.713 12.933  9.291  7.972  8.936 12.242 13.134 12.175 10.380 10.127  9.403 12.007 12.860 14.985 14.815 18.119 18.773 22.101 23.700 26.029 28.986 30.456 32.737 34.369
  7.610  9.992 10.151 13.664 15.162 18.728 21.311 24.294 26.753 25.316 23.285 19.934 17.610 15.132 12.220 10.082  6.684  3.878  0.000  3.840  5.542  8.325 10.281 12.977 11.281 10.832 14.505 15.471 14.415 16.579 19.245 19.372 19.651 21.936 23.451 22.653 22.579 19.573 22.090 23.353 20.113 18.960 15.951 16.708 15.037 17.308 20.079 18.490 17.682 14.312 14.930 14.235 13.314 10.732  6.916  5.192  5.162  8.696  9.764  8.604  7.584  7.989  8.754 11.892 11.927 14.379 14.048 17.481 18.592 21.762 23.742 25.863 29.019 30.607 32.788 34.370
 10.767 13.164 13.182 16.463 17.355 20.954 23.085 26.039 28.609 27.364 25.451 22.353 19.745 17.578 14.265 12.139  8.386  5.445  3.840  0.000  3.837  6.536  9.649 11.626 10.090 10.948 14.307 14.801 14.557 17.125 19.165 19.393 20.394 22.688 23.609 22.733 22.045 18.851 21.191 23.030 20.169 19.219 16.739 17.958 16.839 19.304 21.644 19.477 18.158 14.481 14.095 12.849 11.086  9.032  5.547  6.238  6.027  8.437 10.682 10.523 10.359 11.541 12.537 15.525 15.278 17.308 16.309 19.370 19.916 22.734 24.298 25.991 29.079 30.520 32.664 34.269
 10.717 12.252 11.794 14.626 14.950 18.575 20.324 23.379 25.850 24.645 22.744 19.912 17.068 15.312 11.826 10.289  6.590  5.402  5.542  3.837  0.000  3.841  6.834  8.291  6.315  7.377 10.667 10.984 10.905 13.529 15.386 15.729 16.913 19.119 19.859 19.016 18.320 15.248 17.826 19.646 16.902 16.423 14.266 16.148 15.731 18.743 20.713 18.505 16.618 12.930 12.469 10.522  9.508  8.372  5.392  6.259  8.110  9.955 11.413 12.048 10.961 12.478 12.932 15.174 14.743 16.029 14.553 17.240 17.205 19.954 21.169 22.893 25.871 27.256 29.487 31.163
 13.727 14.554 13.151 15.281 14.694 17.969 19.204 21.940 24.660 23.868 22.443 19.994 17.409 16.445 13.256 12.715  9.341  8.988  8.325  6.536  3.841  0.000  3.832  5.235  5.118  6.548  8.830  9.826 10.880 12.841 14.339 15.561 16.983 18.531 18.827 17.353 16.149 12.689 14.756 16.811 14.248 13.572 11.894 14.011 14.232 17.383 18.758 16.127 13.782 10.048  8.952  6.730  5.916  5.432  4.111  6.333  8.862  9.225 10.447 12.280 11.494 13.957 14.970 16.776 15.513 16.115 13.824 15.899 15.455 17.684 18.724 20.017 23.034 24.418 26.593 28.288
 14.527 14.379 12.092 13.365 12.021 14.922 15.849 18.388 21.230 20.671 19.592 17.432 15.224 14.981 12.365 12.923 10.212 10.987 10.281  9.649  6.834  3.832  0.000  3.846  5.379  4.974  6.320  8.676  9.864 10.703 12.458 14.414 15.404 16.289 16.695 14.711 13.722 10.163 12.057 13.612 10.744  9.812  8.129 10.541 11.379 14.812 15.774 13.238 10.582  7.086  6.683  4.803  6.341  6.064  5.926  6.816 10.248 10.137 10.010 12.391 11.046 13.875 14.889 15.920 14.052 13.839 10.978 12.506 11.820 13.897 15.058 16.446 19.582 21.119 23.350 25.088
 16.821 16.649 14.649 15.639 13.879 16.616 16.842 19.374 21.977 21.526 20.467 18.777 16.232 16.356 13.573 14.237 11.822 12.883 12.977 11.626  8.291  5.235  3.846  0.000  3.848  5.427  5.068  6.279  8.798  9.903 10.471 12.575 14.393 15.194 14.778 12.894 11.179  7.604  9.686 11.971  9.944 10.196  9.850 12.993 14.574 18.108 18.600 15.940 12.750  9.661  8.195  4.756  6.373  8.103  8.693 10.350 13.539 13.324 13.652 16.115 14.804 17.432 18.056 18.924 17.335 16.775 13.775 14.671 13.031 14.562 14.753 15.710 18.506 19.761 22.031 23.850
 14.179 14.251 12.971 14.441 13.369 16.600 17.263 20.274 22.534 21.592 19.938 17.918 14.855 14.331 11.074 11.173  8.857 10.187 11.281 10.090  6.315  5.118  5.379  3.848  0.000  3.860  5.383  4.923  6.341  8.780  9.658 10.625 12.519 14.227 14.207 13.264 12.214  9.367 12.336 14.286 12.110 12.806 11.852 14.932 15.976 19.575 20.645 18.365 15.532 12.293 11.452  8.314  9.007  9.979  9.081 10.177 13.281 14.111 14.669 16.330 14.585 16.499 16.455 17.449 16.617 16.474 14.120 15.616 14.223 16.424 16.686 18.205 20.860 22.062 24.415 26.220
 12.438 11.655  9.749 10.752  9.531 12.823 13.770 16.919 19.183 18.111 16.412 14.228 11.357 11.028  8.183  9.223  7.550  9.865 10.832 10.948  7.377  6.548  4.974  5.427  3.860  0.000  3.848  5.401  5.120  6.461  8.747  9.995 10.721 12.185 13.043 11.927 11.868  9.244 12.368 13.332 10.430 10.850  9.215 12.174 13.118 16.803 18.016 16.253 13.725 10.854 11.239  9.021 10.732 10.789  9.510  9.194 12.815 13.924 13.508 14.947 12.517 14.275 13.978 14.361 13.351 12.831 10.538 12.106 10.974 13.677 14.460 16.600 19.425 20.876 23.311 25.119
 16.062 14.831 12.540 12.532 10.211 12.689 12.556 15.377 17.602 16.956 15.757 14.399 11.821 12.658 10.522 12.355 11.240 13.665 14.505 14.307 10.667  8.830  6.320  5.068  5.383  3.848  0.000  3.841  5.402  5.044  6.247  8.793  9.875 10.305 10.397  8.621  8.169  5.507  8.774  9.657  7.144  8.525  8.226 11.847 13.842 17.606 18.045 16.196 13.139 10.897 10.964  8.514 11.150 12.162 11.998 12.164 15.879 16.310 15.652 17.680 15.372 17.460 17.278 17.160 15.752 14.391 11.506 11.853  9.600 11.494 11.478 13.328 15.981 17.364 19.884 21.799
 16.625 15.759 14.277 14.640 12.810 15.454 15.239 18.217 19.991 19.107 17.525 16.274 13.149 13.613 11.030 12.297 11.411 13.835 15.471 14.801 10.984  9.826  8.676  6.279  4.923  5.401  3.841  0.000  3.845  5.410  4.903  6.365  8.750 10.009  9.420  8.834  8.072  6.396 10.069 11.497  9.968 12.040 12.049 15.660 17.492 21.254 21.842 19.932 16.823 14.356 13.851 10.733 12.555 14.071 13.633 14.222 17.674 18.452 18.390 20.154 17.883 19.593 18.986 19.079 18.311 17.274 14.809 15.365 13.022 14.814 14.189 15.821 17.992 19.022 21.512 23.405
 13.914 12.681 11.590 11.946 10.729 13.663 14.024 17.402 18.857 17.459 15.300 13.660 10.176 10.171  7.555  9.052  9.102 12.219 14.415 14.557 10.905 10.880  9.864  8.798  6.341  5.120  5.402  3.845  0.000  3.854  5.336  5.100  6.270  8.597  9.385  9.699 10.391  9.359 13.120 13.735 11.622 13.444 12.618 15.877 17.177 20.877 21.946 20.555 17.915 15.494 15.788 13.146 14.899 15.587 14.276 13.944 17.383 18.865 18.505 19.615 16.836 17.874 16.619 16.400 16.205 15.308 13.547 14.555 12.722 15.242 15.128 17.479 19.679 20.838 23.356 25.186
 15.762 13.723 11.814 10.961  8.736 10.902 10.592 13.856 15.221 14.014 12.202 11.162  8.177  9.578  8.280 11.022 11.538 14.884 16.579 17.125 13.529 12.841 10.703  9.903  8.780  6.461  5.044  5.410  3.854  0.000  3.849  5.437  5.061  5.747  7.086  6.763  8.469  8.052 11.576 11.203  8.994 11.161 10.722 14.016 15.828 19.494 20.135 19.104 16.484 14.790 15.609 13.492 16.065 16.732 15.879 15.185 18.902 20.033 19.001 20.365 17.375 18.599 17.431 16.477 15.783 14.017 11.979 12.095  9.736 12.027 11.752 14.428 16.539 17.826 20.420 22.293
 18.941 17.209 15.544 14.781 12.410 14.142 13.065 15.873 16.976 16.114 14.655 14.329 11.505 13.077 11.668 13.982 14.306 17.400 19.245 19.165 15.386 14.339 12.458 10.471  9.658  8.747  6.247  4.903  5.336  3.849  0.000  3.841  5.565  5.573  4.576  4.787  5.807  6.613 10.146 10.181  9.279 12.330 12.948 16.557 18.834 22.534 22.773 21.436 18.410 16.775 16.883 14.258 16.761 18.214 17.862 17.859 21.527 22.362 21.681 23.377 20.657 22.097 21.037 20.259 19.555 17.745 15.452 15.123 12.178 13.552 12.207 14.182 15.745 16.665 19.256 21.178
 18.054 16.479 15.631 15.220 13.652 15.716 15.144 18.245 18.925 17.567 15.470 14.882 11.585 12.453 10.871 12.709 13.651 16.865 19.372 19.393 15.729 15.561 14.414 12.575 10.625  9.995  8.793  6.365  5.100  5.437  3.841  0.000  3.845  6.042  5.824  7.960  9.276 10.188 13.792 13.980 12.991 15.824 15.909 19.349 21.154 24.835 25.509 24.313 21.486 19.541 19.692 16.882 18.874 20.126 19.173 18.997 22.456 23.838 23.406 24.615 21.726 22.608 21.010 20.290 20.304 18.905 17.238 17.457 14.956 16.806 15.702 17.882 19.293 20.073 22.560 24.361
 17.167 14.911 13.955 12.872 11.417 13.088 12.658 15.875 16.172 14.467 12.046 11.554  8.394  9.716  9.196 11.813 13.585 17.200 19.651 20.394 16.913 16.983 15.404 14.393 12.519 10.721  9.875  8.750  6.270  5.061  5.565  3.845  0.000  3.833  6.078  8.290 10.899 11.919 15.390 14.711 13.225 15.790 15.456 18.504 20.098 23.605 24.407 23.761 21.332 19.755 20.621 18.348 20.665 21.372 20.135 19.241 22.765 24.375 23.424 24.322 21.069 21.584 19.643 18.303 18.476 16.783 15.608 15.713 13.522 15.686 14.998 17.775 19.207 20.172 22.659 24.405
 19.886 17.296 15.657 13.813 11.483 12.143 10.680 13.397 13.462 12.195 10.498 11.083  8.887 11.440 11.666 14.793 16.334 19.939 21.936 22.688 19.119 18.531 16.289 15.194 14.227 12.185 10.305 10.009  8.597  5.747  5.573  6.042  3.833  0.000  3.853  5.700  9.173 10.965 13.878 12.423 11.396 14.299 14.626 17.648 19.774 23.185 23.448 22.974 20.484 19.525 20.532 18.566 21.399 22.294 21.578 20.713 24.429 25.600 24.280 25.549 22.325 23.191 21.554 19.849 19.451 17.097 15.542 14.721 11.985 13.427 12.216 14.964 16.043 16.992 19.497 21.276
 22.332 20.136 18.468 16.963 14.372 15.107 13.205 15.486 15.737 15.021 13.886 14.670 12.472 14.831 14.415 17.161 18.154 21.495 23.451 23.609 19.859 18.827 16.695 14.778 14.207 13.043 10.397  9.420  9.385  7.086  4.576  5.824  6.078  3.853  0.000  3.824  6.570  9.318 11.955 10.919 10.988 14.467 15.612 19.004 21.557 25.084 24.988 24.071 21.155 20.147 20.508 18.163 20.945 22.469 22.241 22.015 25.749 26.564 25.569 27.245 24.324 25.586 24.259 22.917 22.288 19.984 17.918 16.879 13.644 14.346 12.274 14.198 14.861 15.483 17.992 19.839
 22.458 20.267 18.000 16.378 13.240 13.734 11.489 13.429 14.325 14.154 13.673 14.433 12.667 15.298 14.824 17.729 18.145 21.281 22.653 22.733 19.016 17.353 14.711 12.894 13.264 11.927  8.621  8.834  9.699  6.763  4.787  7.960  8.290  5.700  3.824  0.000  3.898  6.510  8.660  7.186  7.386 11.006 12.675 16.102 19.018 22.497 22.024 20.958 17.917 17.228 17.579 15.553 18.690 20.269 20.527 20.433 24.235 24.577 23.393 25.449 22.755 24.483 23.675 22.407 21.163 18.633 16.035 14.559 11.000 11.141  8.815 10.543 11.553 12.479 15.193 17.230
 23.573 21.882 19.600 18.517 15.395 16.287 14.219 15.971 17.347 17.464 17.153 17.575 15.609 17.811 16.656 19.076 18.775 21.450 22.579 22.045 18.320 16.149 13.722 11.179 12.214 11.868  8.169  8.072 10.391  8.469  5.807  9.276 10.899  9.173  6.570  3.898  0.000  3.894  5.620  5.662  6.941 10.590 12.837 16.488 19.585 23.116 22.437 20.775 17.352 16.424 15.965 13.576 16.531 18.697 19.502 20.111 23.790 23.708 22.942 25.386 23.142 25.288 24.914 24.160 22.684 20.438 17.420 16.104 12.515 12.242  9.699 10.261 11.357 12.056 14.698 16.800
 21.517 20.177 17.741 17.142 14.150 15.562 14.111 16.064 18.101 18.178 17.774 17.497 15.418 17.133 15.499 17.580 16.609 18.879 19.573 18.851 15.248 12.689 10.163  7.604  9.367  9.244  5.507  6.396  9.359  8.052  6.613 10.188 11.919 10.965  9.318  6.510  3.894  0.000  3.842  5.496  5.341  8.234 10.211 13.953 16.904 20.481 19.946 17.883 14.332 12.981 12.232  9.726 12.732 14.884 15.898 16.761 20.354 20.037 19.424 22.043 20.101 22.545 22.594 22.262 20.531 18.620 15.344 14.460 11.227 11.338  9.694 10.248 12.304 13.346 15.901 17.968
 24.667 23.331 20.607 19.823 16.568 17.439 15.571 16.781 18.978 19.615 19.846 19.920 18.343 20.332 18.914 21.058 19.864 21.868 22.090 21.191 17.826 14.756 12.057  9.686 12.336 12.368  8.774 10.069 13.120 11.576 10.146 13.792 15.390 13.878 11.955  8.660  5.620  3.842  0.000  3.841  5.564  7.937 10.963 14.329 17.673 20.953 19.772 17.515 13.833 13.175 12.047 10.137 13.284 15.737 17.525 18.680 22.118 21.172 20.467 23.502 21.943 24.753 25.222 24.887 22.731 20.621 17.066 15.628 12.325 11.297  9.191  8.336 10.209 11.114 13.522 15.654
 25.080 23.212 20.231 18.772 15.192 15.300 12.875 13.637 15.663 16.574 17.232 17.828 16.822 19.379 18.662 21.350 20.681 23.098 23.353 23.030 19.646 16.811 13.612 11.971 14.286 13.332  9.657 11.497 13.735 11.203 10.181 13.980 14.711 12.423 10.919  7.186  5.662  5.496  3.841  0.000  3.835  6.823 10.198 13.309 16.907 20.042 18.605 16.966 13.589 13.722 13.578 12.388 15.934 17.815 19.315 19.802 23.418 22.635 21.326 24.201 22.284 24.915 25.188 24.298 22.036 19.415 15.959 13.826 10.221  8.518  5.724  5.079  7.079  8.526 11.330 13.630
 21.700 19.771 16.637 15.225 11.685 12.089 10.242 11.553 14.053 14.612 14.951 14.955 13.941 16.280 15.579 18.299 17.583 20.019 20.113 20.169 16.902 14.248 10.744  9.944 12.110 10.430  7.144  9.968 11.622  8.994  9.279 12.991 13.225 11.396 10.988  7.386  6.941  5.341  5.564  3.835  0.000  3.819  6.586  9.928 13.368 16.676 15.650 14.122 10.867 10.745 11.310 10.417 14.143 15.365 16.456 16.483 20.169 19.611 18.042 20.723 18.631 21.195 21.491 20.593 18.255 15.697 12.200 10.316  6.846  6.119  4.946  6.282  9.280 11.097 13.766 15.870
 21.184 19.381 15.938 14.672 11.302 11.628 10.440 11.392 14.495 15.212 15.781 15.319 14.763 16.776 16.128 18.656 17.541 19.562 18.960 19.219 16.423 13.572  9.812 10.196 12.806 10.850  8.525 12.040 13.444 11.161 12.330 15.824 15.790 14.299 14.467 11.006 10.590  8.234  7.937  6.823  3.819  0.000  3.828  6.612 10.231 13.337 12.100 10.393  7.160  7.615  8.865  9.213 13.006 13.565 14.886 14.699 18.178 17.225 15.274 18.145 16.372 19.256 20.110 19.364 16.519 14.065 10.327  8.421  5.901  5.181  6.163  7.264 10.762 12.813 15.129 17.010
 17.987 16.198 12.634 11.607  8.660  9.573  9.653 11.218 14.488 14.660 14.740 13.462 12.910 14.361 13.716 16.071 14.886 16.796 15.951 16.739 14.266 11.894  8.129  9.850 11.852  9.215  8.226 12.049 12.618 10.722 12.948 15.909 15.456 14.626 15.612 12.675 12.837 10.211 10.963 10.198  6.586  3.828  0.000  3.822  6.878 10.375 10.050  8.578  5.981  5.703  8.249  9.058 12.478 12.021 12.605 11.669 15.150 14.580 12.256 14.769 12.735 15.528 16.457 15.774 12.809 10.594  6.797  5.805  4.805  6.335  8.739 10.709 14.130 16.167 18.391 20.111
 18.760 16.934 13.210 12.065  9.649  9.880 10.560 11.401 14.855 15.204 15.653 14.222 14.470 15.733 15.564 17.794 16.608 18.166 16.708 17.958 16.148 14.011 10.541 12.993 14.932 12.174 11.847 15.660 15.877 14.016 16.557 19.349 18.504 17.648 19.004 16.102 16.488 13.953 14.329 13.309  9.928  6.612  3.822  0.000  3.824  6.810  6.306  5.479  4.512  5.798  9.349 11.374 14.384 13.124 13.644 12.135 15.089 14.269 11.217 13.561 11.805 14.643 16.073 15.262 11.766  9.557  6.115  5.047  6.289  7.511 10.809 12.653 16.005 18.136 20.073 21.568
 17.009 15.412 11.838 11.225  9.971 10.616 12.426 13.493 16.754 16.681 16.748 14.652 15.013 15.506 15.381 17.130 15.843 16.955 15.037 16.839 15.731 14.232 11.379 14.574 15.976 13.118 13.842 17.492 17.177 15.828 18.834 21.154 20.098 19.774 21.557 19.018 19.585 16.904 17.673 16.907 13.368 10.231  6.878  3.824  0.000  3.848  5.524  5.514  6.515  6.944 10.737 13.015 15.314 13.147 12.955 10.676 13.054 12.553  9.015 10.654  8.927 11.615 13.461 12.872  9.134  7.749  5.348  6.256  8.967 10.926 14.381 16.420 19.722 21.816 23.673 25.057
 19.252 17.757 14.389 13.747 12.960 13.009 14.905 15.336 18.474 18.585 18.982 16.979 17.891 18.295 18.503 20.095 18.855 19.623 17.308 19.304 18.743 17.383 14.812 18.108 19.575 16.803 17.606 21.254 20.877 19.494 22.534 24.835 23.605 23.185 25.084 22.497 23.116 20.481 20.953 20.042 16.676 13.337 10.375  6.810  3.848  0.000  3.849  5.600  8.416  9.658 13.291 16.085 18.084 15.598 15.491 13.117 14.678 13.904 10.126 11.266 10.297 12.632 14.890 14.272 10.487  9.517  8.316  8.911 12.011 13.476 17.095 18.922 22.092 24.201 25.825 27.029
 22.330 20.664 17.081 15.979 14.373 13.794 14.778 14.483 17.758 18.474 19.492 18.140 19.254 20.298 20.581 22.540 21.298 22.283 20.079 21.644 20.713 18.758 15.774 18.600 20.645 18.016 18.045 21.842 21.946 20.135 22.773 25.509 24.407 23.448 24.988 22.024 22.437 19.946 19.772 18.605 15.650 12.100 10.050  6.306  5.524  3.849  0.000  3.820  6.961  9.597 13.012 16.080 18.483 16.560 17.234 15.465 17.308 15.951 12.383 14.286 13.534 16.170 18.327 17.525 13.718 12.033 10.075  9.239 11.622 11.992 15.476 16.782 19.810 21.933 23.381 24.511
 21.834 20.596 17.077 16.520 14.721 14.879 15.653 15.819 19.272 19.947 20.718 19.247 19.681 20.575 20.194 21.885 20.128 20.832 18.490 19.477 18.505 16.127 13.238 15.940 18.365 16.253 16.196 19.932 20.555 19.104 21.436 24.313 23.761 22.974 24.071 20.958 20.775 17.883 17.515 16.966 14.122 10.393  8.578  5.479  5.514  5.600  3.820  0.000  3.826  6.467  9.539 12.870 15.122 13.372 14.597 13.508 15.395 13.496 10.324 13.045 12.752 15.994 18.420 18.226 14.480 13.155 10.478 10.009 11.584 11.863 14.926 15.777 18.981 21.038 22.562 23.805
 21.288 20.079 16.560 16.047 13.732 14.250 14.504 15.023 18.510 19.193 19.827 18.536 18.443 19.544 18.781 20.568 18.700 19.629 17.682 18.158 16.618 13.782 10.582 12.750 15.532 13.725 13.139 16.823 17.915 16.484 18.410 21.486 21.332 20.484 21.155 17.917 17.352 14.332 13.833 13.589 10.867  7.160  5.981  4.512  6.515  8.416  6.961  3.826  0.000  3.825  6.565  9.615 12.356 11.358 13.039 12.606 15.092 13.183 10.626 13.852 13.248 16.692 18.780 18.679 15.160 13.603 10.221  9.483  9.854  9.905 12.412 13.015 16.347 18.361 20.072 21.504
 18.555 17.811 14.598 14.842 12.932 14.449 15.155 16.499 19.882 20.081 20.070 18.300 17.488 18.022 16.611 17.911 15.622 16.257 14.312 14.481 12.930 10.048  7.086  9.661 12.293 10.854 10.897 14.356 15.494 14.790 16.775 19.541 19.755 19.525 20.147 17.228 16.424 12.981 13.175 13.722 10.745  7.615  5.703  5.798  6.944  9.658  9.597  6.467  3.825  0.000  3.838  6.613  9.045  7.771  9.316  9.241 11.911 10.154  8.176 11.582 11.001 14.598 16.673 17.146 13.982 13.089  9.727 10.170 10.389 11.409 13.582 14.465 17.866 19.737 21.639 23.185
 20.109 19.843 16.987 17.620 15.676 17.478 17.831 19.263 22.561 22.821 22.725 21.076 19.789 20.233 18.280 19.215 16.517 16.776 14.930 14.095 12.469  8.952  6.683  8.195 11.452 11.239 10.964 13.851 15.788 15.609 16.883 19.692 20.621 20.532 20.508 17.579 15.965 12.232 12.047 13.578 11.310  8.865  8.249  9.349 10.737 13.291 13.012  9.539  6.565  3.838  0.000  3.838  5.923  5.841  8.702 10.156 12.519 10.259  9.649 13.309 13.300 16.948 19.035 19.951 17.108 16.472 13.091 13.512 12.989 13.591 14.921 15.114 18.325 19.932 21.765 23.336
 19.239 19.123 16.633 17.477 15.519 17.756 17.933 19.825 22.863 22.882 22.413 20.799 18.915 19.260 16.864 17.628 14.903 15.344 14.235 12.849 10.522  6.730  4.803  4.756  8.314  9.021  8.514 10.733 13.146 13.492 14.258 16.882 18.348 18.566 18.163 15.553 13.576  9.726 10.137 12.388 10.417  9.213  9.058 11.374 13.015 16.085 16.080 12.870  9.615  6.613  3.838  0.000  3.853  5.687  8.170 10.270 12.993 11.466 11.623 14.879 14.420 17.735 19.261 20.264 17.942 17.347 14.000 14.574 13.361 14.214 14.841 15.122 18.146 19.535 21.546 23.249
 19.390 20.014 18.047 19.574 18.190 20.799 21.340 23.396 26.426 26.275 25.552 23.620 21.475 21.250 18.422 18.417 15.180 14.713 13.314 11.086  9.508  5.916  6.341  6.373  9.007 10.732 11.150 12.555 14.899 16.065 16.761 18.874 20.665 21.399 20.945 18.690 16.531 12.732 13.284 15.934 14.143 13.006 12.478 14.384 15.314 18.084 18.483 15.122 12.356  9.045  5.923  3.853  0.000  3.812  6.765 10.001 11.805 10.059 11.459 14.508 14.776 18.009 19.779 21.442 19.419 19.513 16.528 17.690 16.855 17.958 18.645 18.857 21.783 23.032 24.923 26.539
 17.267 18.077 16.121 17.966 17.101 19.817 20.957 23.054 26.188 25.877 25.056 22.733 20.818 20.203 17.505 17.259 13.850 12.933 10.732  9.032  8.372  5.432  6.064  8.103  9.979 10.789 12.162 14.071 15.587 16.732 18.214 20.126 21.372 22.294 22.469 20.269 18.697 14.884 15.737 17.815 15.365 13.565 12.021 13.124 13.147 15.598 16.560 13.372 11.358  7.771  5.841  5.687  3.812  0.000  3.834  6.930  8.297  6.295  7.823 10.797 11.457 14.786 16.970 18.910 16.807 17.394 14.785 16.523 16.515 18.094 19.506 20.179 23.347 24.821 26.729 28.291
 13.660 14.848 13.376 15.801 15.671 18.810 20.508 23.000 25.947 25.218 23.946 21.216 19.094 17.865 14.989 14.203 10.628  9.291  6.916  5.547  5.392  4.111  5.926  8.693  9.081  9.510 11.998 13.633 14.276 15.879 17.862 19.173 20.135 21.578 22.241 20.527 19.502 15.898 17.525 19.315 16.456 14.886 12.605 13.644 12.955 15.491 17.234 14.597 13.039  9.316  8.702  8.170  6.765  3.834  0.000  3.824  5.277  5.157  6.944  8.739  8.947 11.774 13.701 16.003 14.433 15.635 13.666 16.145 16.564 18.850 20.525 21.815 25.029 26.569 28.615 30.206
 10.950 11.821 10.179 12.742 13.161 16.322 18.550 21.117 23.975 23.028 21.624 18.608 16.776 15.287 12.814 12.152  8.935  7.972  5.192  6.238  6.259  6.333  6.816 10.350 10.177  9.194 12.164 14.222 13.944 15.185 17.859 18.997 19.241 20.713 22.015 20.433 20.111 16.761 18.680 19.802 16.483 14.699 11.669 12.135 10.676 13.117 15.465 13.508 12.606  9.241 10.156 10.270 10.001  6.930  3.824  0.000  3.854  5.485  5.475  6.200  5.322  8.092 10.081 12.323 10.729 12.301 10.910 13.930 15.047 17.817 19.997 21.826 25.122 26.824 28.927 30.497
 11.923 13.639 12.684 15.611 16.539 19.622 22.076 24.530 27.412 26.435 25.002 21.818 20.097 18.227 15.769 14.457 11.133  8.936  5.162  6.027  8.110  8.862 10.248 13.539 13.281 12.815 15.879 17.674 17.383 18.902 21.527 22.456 22.765 24.429 25.749 24.235 23.790 20.354 22.118 23.418 20.169 18.178 15.150 15.089 13.054 14.678 17.308 15.395 15.092 11.911 12.519 12.993 11.805  8.297  5.277  3.854  0.000  3.858  5.422  4.670  5.924  8.069 10.736 13.737 12.490 14.798 13.973 17.150 18.626 21.329 23.645 25.341 28.658 30.349 32.354 33.853
 15.522 16.839 15.274 17.670 17.904 20.628 22.679 24.747 27.884 27.308 26.319 23.439 21.948 20.628 18.277 17.468 14.088 12.242  8.696  8.437  9.955  9.225 10.137 13.324 14.111 13.924 16.310 18.452 18.865 20.033 22.362 23.838 24.375 25.600 26.564 24.577 23.708 20.037 21.172 22.635 19.611 17.225 14.580 14.269 12.553 13.904 15.951 13.496 13.183 10.154 10.259 11.466 10.059  6.295  5.157  5.485  3.858  0.000  3.836  5.462  7.805 10.861 13.922 16.507 14.536 16.251 14.751 17.365 18.670 20.816 23.086 24.291 27.624 29.307 31.168 32.615
 15.214 15.747 13.560 15.401 15.500 17.817 19.974 21.792 24.973 24.494 23.746 20.936 19.957 18.955 17.198 17.033 14.160 13.134  9.764 10.682 11.413 10.447 10.010 13.652 14.669 13.508 15.652 18.390 18.505 19.001 21.681 23.406 23.424 24.280 25.569 23.393 22.942 19.424 20.467 21.326 18.042 15.274 12.256 11.217  9.015 10.126 12.383 10.324 10.626  8.176  9.649 11.623 11.459  7.823  6.944  5.475  5.422  3.836  0.000  3.854  5.606  9.215 12.489 14.435 11.846 13.242 11.767 14.294 16.077 18.239 20.916 22.348 25.738 27.574 29.425 30.840
 13.319 14.240 12.687 15.016 16.036 18.507 21.210 23.223 26.178 25.353 24.267 21.097 20.163 18.558 16.943 16.272 13.621 12.175  8.604 10.523 12.048 12.280 12.391 16.115 16.330 14.947 17.680 20.154 19.615 20.365 23.377 24.615 24.322 25.549 27.245 25.449 25.386 22.043 23.502 24.201 20.723 18.145 14.769 13.561 10.654 11.266 14.286 13.045 13.852 11.582 13.309 14.879 14.508 10.797  8.739  6.200  4.670  5.462  3.854  0.000  3.842  6.387 10.027 12.495 10.513 12.901 12.532 15.659 17.934 20.552 23.422 25.246 28.625 30.485 32.383 33.780
 10.548 10.798  8.936 11.223 12.491 15.110 18.029 20.301 23.064 21.998 20.688 17.410 16.459 14.803 13.428 13.094 10.938 10.380  7.584 10.359 10.961 11.494 11.046 14.804 14.585 12.517 15.372 17.883 16.836 17.375 20.657 21.726 21.069 22.325 24.324 22.755 23.142 20.101 21.943 22.284 18.631 16.372 12.735 11.805  8.927 10.297 13.534 12.752 13.248 11.001 13.300 14.420 14.776 11.457  8.947  5.322  5.924  7.805  5.606  3.842  0.000  3.830  6.972  8.996  6.949  9.417  9.375 12.858 15.214 18.230 21.126 23.375 26.704 28.589 30.612 32.066
  8.471  8.927  8.124 10.835 13.167 15.818 19.162 21.616 24.003 22.546 20.841 17.275 16.375 14.066 13.020 12.197 10.731 10.127  7.989 11.541 12.478 13.957 13.875 17.432 16.499 14.275 17.460 19.593 17.874 18.599 22.097 22.608 21.584 23.191 25.586 24.483 25.288 22.545 24.753 24.915 21.195 19.256 15.528 14.643 11.615 12.632 16.170 15.994 16.692 14.598 16.948 17.735 18.009 14.786 11.774  8.092  8.069 10.861  9.215  6.387  3.830  0.000  3.837  6.586  6.028  9.560 10.872 14.606 17.193 20.529 23.455 26.046 29.281 31.151 33.215 34.651
  5.717  5.643  5.958  8.968 12.077 14.888 18.396 21.174 23.125 21.271 19.090 15.363 14.247 11.397 10.629  9.621  9.211  9.403  8.754 12.537 12.932 14.970 14.889 18.056 16.455 13.978 17.278 18.986 16.619 17.431 21.037 21.010 19.643 21.554 24.259 23.675 24.914 22.594 25.222 25.188 21.491 20.110 16.457 16.073 13.461 14.890 18.327 18.420 18.780 16.673 19.035 19.261 19.779 16.970 13.701 10.081 10.736 13.922 12.489 10.027  6.972  3.837  0.000  3.843  5.582  9.109 11.146 14.893 17.261 20.887 23.607 26.536 29.608 31.417 33.575 35.042
  7.694  5.478  4.849  6.390  9.889 12.147 15.829 18.508 20.145 18.146 15.943 12.220 11.728  9.186  9.700  9.905 10.646 12.007 11.892 15.525 15.174 16.776 15.920 18.924 17.449 14.361 17.160 19.079 16.400 16.477 20.259 20.290 18.303 19.849 22.917 22.407 24.160 22.262 24.887 24.298 20.593 19.364 15.774 15.262 12.872 14.272 17.525 18.226 18.679 17.146 19.951 20.264 21.442 18.910 16.003 12.323 13.737 16.507 14.435 12.495  8.996  6.586  3.843  0.000  3.843  6.646  9.589 13.001 15.548 19.213 22.013 25.221 28.137 29.973 32.116 33.549
 10.047  7.989  5.438  6.038  8.404 10.353 13.948 16.287 18.415 16.870 15.293 11.818 11.772 10.255 10.675 11.595 11.542 12.860 11.927 15.278 14.743 15.513 14.052 17.335 16.617 13.351 15.752 18.311 16.205 15.783 19.555 20.304 18.476 19.451 22.288 21.163 22.684 20.531 22.731 22.036 18.255 16.519 12.809 11.766  9.134 10.487 13.718 14.480 15.160 13.982 17.108 17.942 19.419 16.807 14.433 10.729 12.490 14.536 11.846 10.513  6.949  6.028  5.582  3.843  0.000  3.828  6.495  9.995 12.952 16.421 19.520 22.547 25.595 27.528 29.605 31.021
 12.603  9.818  6.434  4.687  5.660  6.753 10.330 12.525 14.696 13.307 12.091  8.956  9.612  9.350 10.519 12.592 12.931 14.985 14.379 17.308 16.029 16.115 13.839 16.775 16.474 12.831 14.391 17.274 15.308 14.017 17.745 18.905 16.783 17.097 19.984 18.633 20.438 18.620 20.621 19.415 15.697 14.065 10.594  9.557  7.749  9.517 12.033 13.155 13.603 13.089 16.472 17.347 19.513 17.394 15.635 12.301 14.798 16.251 13.242 12.901  9.417  9.560  9.109  6.646  3.828  0.000  3.819  6.630  9.731 13.131 16.300 19.481 22.412 24.380 26.452 27.869
 13.877 11.446  7.655  6.128  4.759  6.121  8.810 11.019 13.793 12.936 12.185  9.629  9.768 10.304 10.690 13.036 12.714 14.815 14.048 16.309 14.553 13.824 10.978 13.775 14.120 10.538 11.506 14.809 13.547 11.979 15.452 17.238 15.608 15.542 17.918 16.035 17.420 15.344 17.066 15.959 12.200 10.327  6.797  6.115  5.348  8.316 10.075 10.478 10.221  9.727 13.091 14.000 16.528 14.785 13.666 10.910 13.973 14.751 11.767 12.532  9.375 10.872 11.146  9.589  6.495  3.819  0.000  3.830  6.629  9.998 13.167 16.125 19.230 21.244 23.377 24.892
 17.405 14.731 10.970  8.581  5.771  4.932  6.209  7.668 10.816 10.626 10.819  9.390 10.298 12.079 12.943 15.843 15.751 18.119 17.481 19.370 17.240 15.899 12.506 14.671 15.616 12.106 11.853 15.365 14.555 12.095 15.123 17.457 15.713 14.721 16.879 14.559 16.104 14.460 15.628 13.826 10.316  8.421  5.805  5.047  6.256  8.911  9.239 10.009  9.483 10.170 13.512 14.574 17.690 16.523 16.145 13.930 17.150 17.365 14.294 15.659 12.858 14.606 14.893 13.001  9.995  6.630  3.830  0.000  3.821  6.643 10.107 13.131 16.120 18.210 20.293 21.802
 18.751 16.122 12.533 10.177  6.513  5.830  4.946  6.718  9.840  9.974 10.314  9.737  9.995 12.465 12.990 16.162 16.100 18.773 18.592 19.916 17.205 15.455 11.820 13.031 14.223 10.974  9.600 13.022 12.722  9.736 12.178 14.956 13.522 11.985 13.644 11.000 12.515 11.227 12.325 10.221  6.846  5.901  4.805  6.289  8.967 12.011 11.622 11.584  9.854 10.389 12.989 13.361 16.855 16.515 16.564 15.047 18.626 18.670 16.077 17.934 15.214 17.193 17.261 15.548 12.952  9.731  6.629  3.821  0.000  3.821  6.637  9.898 12.866 14.934 17.254 18.974
 22.453 19.900 16.308 13.923 10.245  8.871  6.658  6.571  9.702 10.870 12.224 12.619 13.214 16.029 16.566 19.751 19.542 22.101 21.762 22.734 19.954 17.684 13.897 14.562 16.424 13.677 11.494 14.814 15.242 12.027 13.552 16.806 15.686 13.427 14.346 11.141 12.242 11.338 11.297  8.518  6.119  5.181  6.335  7.511 10.926 13.476 11.992 11.863  9.905 11.409 13.591 14.214 17.958 18.094 18.850 17.817 21.329 20.816 18.239 20.552 18.230 20.529 20.887 19.213 16.421 13.131  9.998  6.643  3.821  0.000  3.822  6.675  9.648 11.882 14.151 15.937
 24.463 21.969 18.617 16.307 12.517 11.370  8.441  8.358 10.580 11.890 13.280 14.312 14.461 17.542 17.871 21.102 20.983 23.700 23.742 24.298 21.169 18.724 15.058 14.753 16.686 14.460 11.478 14.189 15.128 11.752 12.207 15.702 14.998 12.216 12.274  8.815  9.699  9.694  9.191  5.724  4.946  6.163  8.739 10.809 14.381 17.095 15.476 14.926 12.412 13.582 14.921 14.841 18.645 19.506 20.525 19.997 23.645 23.086 20.916 23.422 21.126 23.455 23.607 22.013 19.520 16.300 13.167 10.107  6.637  3.822  0.000  3.824  6.450  8.700 11.381 13.493
 27.366 25.134 21.776 19.735 15.981 14.996 12.136 11.608 13.679 15.313 16.931 18.042 18.074 21.035 21.043 24.066 23.581 26.029 25.863 25.991 22.893 20.017 16.446 15.710 18.205 16.600 13.328 15.821 17.479 14.428 14.182 17.882 17.775 14.964 14.198 10.543 10.261 10.248  8.336  5.079  6.282  7.264 10.709 12.653 16.420 18.922 16.782 15.777 13.015 14.465 15.114 15.122 18.857 20.179 21.815 21.826 25.341 24.291 22.348 25.246 23.375 26.046 26.536 25.221 22.547 19.481 16.125 13.131  9.898  6.675  3.824  0.000  3.834  6.410  9.050 11.309
 30.253 27.911 24.660 22.443 18.682 17.423 14.229 13.329 14.694 16.511 18.374 20.024 20.173 23.355 23.540 26.664 26.403 28.986 29.019 29.079 25.871 23.034 19.582 18.506 20.860 19.425 15.981 17.992 19.679 16.539 15.745 19.293 19.207 16.043 14.861 11.553 11.357 12.304 10.209  7.079  9.280 10.762 14.130 16.005 19.722 22.092 19.810 18.981 16.347 17.866 18.325 18.146 21.783 23.347 25.029 25.122 28.658 27.624 25.738 28.625 26.704 29.281 29.608 28.137 25.595 22.412 19.230 16.120 12.866  9.648  6.450  3.834  0.000  3.834  6.566  9.017
 31.844 29.545 26.408 24.232 20.513 19.299 16.065 15.173 16.245 18.002 19.855 21.656 21.710 24.896 25.027 28.103 27.871 30.456 30.607 30.520 27.256 24.418 21.119 19.761 22.062 20.876 17.364 19.022 20.838 17.826 16.665 20.073 20.172 16.992 15.483 12.479 12.056 13.346 11.114  8.526 11.097 12.813 16.167 18.136 21.816 24.201 21.933 21.038 18.361 19.737 19.932 19.535 23.032 24.821 26.569 26.824 30.349 29.307 27.574 30.485 28.589 31.151 31.417 29.973 27.528 24.380 21.244 18.210 14.934 11.882  8.700  6.410  3.834  0.000  3.845  6.759
 34.132 31.841 28.691 26.491 22.825 21.466 18.265 17.074 17.990 19.863 21.918 23.831 24.058 27.243 27.442 30.492 30.229 32.737 32.788 32.664 29.487 26.593 23.350 22.031 24.415 23.311 19.884 21.512 23.356 20.420 19.256 22.560 22.659 19.497 17.992 15.193 14.698 15.901 13.522 11.330 13.766 15.129 18.391 20.073 23.673 25.825 23.381 22.562 20.072 21.639 21.765 21.546 24.923 26.729 28.615 28.927 32.354 31.168 29.425 32.383 30.612 33.215 33.575 32.116 29.605 26.452 23.377 20.293 17.254 14.151 11.381  9.050  6.566  3.845  0.000  3.811
