node,label,x,y,z,size
0,GLN41,25.014,31.789,26.772,1.963869
1,ARG42,28.331,31.372,24.805,2.402098
2,GLN40,21.747,31.723,24.851,2.099068
3,LEU50,34.317,26.873,24.924,1.614219
4,GLU51,32.251,23.599,24.666,1.597902
5,VAL5,32.827,36.501,33.493,1.420746
6,LYS6,33.12,39.716,31.372,1.527972
7,LEU69,30.264,36.006,27.718,1.467366
8,LEU43,31.668,31.701,26.711,1.252914
9,GLY53,30.759,19.101,28.356,1.283217
10,ARG54,34.433,20.2,28.764,1.138695
11,ILE13,30.281,38.566,37.209,1.143357
12,THR14,32.376,36.422,39.627,1.082751
13,THR55,35.863,20.933,32.153,1.343823
14,PRO37,19.084,30.958,29.622,1.117716
15,LEU15,31.77,32.735,39.914,0.933566
16,ASP58,40.411,20.58,29.612,0.835664
17,ARG72,23.376,34.647,21.227,0.749417
18,GLN49,33.575,29.179,22.049,0.723776
19,LEU73,20.446,36.903,20.042,0.590909
20,ILE44,34.567,32.971,24.457,0.928904
21,HSD68,34.084,36.52,27.862,0.791375
22,ILE3,36.538,33.115,37.815,0.68648
23,ILE36,20.112,34.102,31.598,0.518648
24,SER57,40.867,21.661,33.411,0.562937
25,PRO19,38.947,23.087,38.449,0.472028
26,ARG74,16.796,35.766,20.259,0.427739
27,GLN31,21.332,31.507,35.566,0.602564
28,MET1,38.426,28.839,42.716,0.486014
29,GLU18,36.211,23.927,41.131,0.728438
30,THR7,29.913,40.925,29.659,0.481352
31,LEU8,29.403,43.245,26.654,0.318182
32,ASP52,29.523,22.535,27.325,0.43007
33,GLU64,41.113,34.803,38.316,0.353147
34,GLY75,15.317,34.521,16.948,0.259907
35,GLY47,40.017,32.798,20.713,0.259907
36,LYS48,36.916,30.538,20.547,0.409091
37,ASP21,33.473,21.852,37.062,0.467366
38,THR22,32.175,21.935,33.472,0.602564
39,ASN25,27.834,23.943,35.218,0.343823
40,THR12,31.76,41.479,35.155,0.357809
41,GLN2,37.126,32.193,41.483,0.285548
42,ALA28,23.884,26.988,34.939,0.446387
43,GLU16,33.199,30.364,42.538,0.297203
44,LEU56,37.829,23.993,33.264,0.280886
45,GLU24,27.721,23.651,31.388,0.38345
46,LYS11,29.58,44.397,33.651,0.192308
47,VAL17,33.654,26.824,40.876,0.285548
48,GLU34,21.903,36.952,36.474,0.194639
49,LYS27,26.489,28.362,32.56,0.315851
50,LYS63,42.157,31.117,38.822,0.397436
51,THR9,28.183,46.584,28.469,0.152681
52,PRO38,22.022,28.54,29.241,0.222611
53,ASP32,21.662,31.778,39.42,0.152681
54,ILE61,41.971,27.72,32.659,0.171329
55,LEU67,36.129,34.523,30.224,0.182984
56,ILE30,25.11,32.245,35.343,0.168998
57,ALA46,41.431,32.204,24.163,0.087413
58,GLY76,11.537,34.812,16.482,0.087413
59,GLY35,18.804,34.842,35.118,0.087413
60,VAL70,28.655,36.885,24.491,0.208625
61,TYR59,41.54,24.101,28.354,0.087413
62,PHE45,38.042,32.374,25.766,0.101399
63,GLN62,43.588,29.049,35.884,0.141026
64,ASP39,20.714,28.139,25.667,0.087413
65,LEU71,25.047,35.897,24.294,0.099068
66,SER65,41.005,34.337,34.518,0.155012
67,ASN60,43.759,24.627,31.378,0.087413
68,SER20,36.763,20.033,37.606,0.089744
69,ILE23,31.374,24.939,31.185,0.143357
70,LYS33,23.718,34.993,39.268,0.092075
71,THR66,38.459,36.46,32.614,0.120047
72,GLY10,31.168,46.221,30.77,0.087413
73,PHE4,35.554,36.366,36.123,0.106061
74,VAL26,29.425,27.5,34.884,0.087413
75,LYS29,25.564,29.124,37.613,0.092075
